[name]
unknown

[dist]
# distance from previous block
# <min> <max>
4	53

[block]
# block no. 0 follows, 26 sequences, length 330
# corresponding to MSA columns:
# 53-382
name=unknown_A
#
# <colnr> <probs for GDERKNQSTAVLIFYWHMCP>
#	G	D	E	R	K	N	Q	S	T	A	V	L	I	F	Y	W	H	M	C	P
0	0.02084	0.01470	0.01580	0.01330	0.01722	0.01610	0.01055	0.29166	0.14425	0.03621	0.04414	0.05304	0.02000	0.01075	0.00800	0.03404	0.00617	0.00802	0.22497	0.01024
1	0.01548	0.00944	0.01170	0.01077	0.01360	0.00868	0.00822	0.01947	0.06604	0.15103	0.23008	0.15493	0.15584	0.03796	0.00956	0.00268	0.00482	0.03969	0.00773	0.04228
2	0.04158	0.00698	0.00886	0.01043	0.01112	0.00662	0.00704	0.01106	0.01456	0.02002	0.04186	0.67333	0.07291	0.02289	0.00945	0.00303	0.00444	0.02062	0.00694	0.00626
3	0.03850	0.00755	0.00961	0.00989	0.01074	0.00764	0.00685	0.03462	0.01337	0.01964	0.02424	0.22741	0.02561	0.05728	0.04727	0.30309	0.00611	0.01117	0.13394	0.00546
4	0.01585	0.00978	0.01270	0.01197	0.01427	0.01023	0.00925	0.07867	0.03738	0.10344	0.02765	0.13135	0.05061	0.03048	0.25519	0.07088	0.01089	0.03771	0.07379	0.00791
5	0.17399	0.01013	0.01086	0.00999	0.01236	0.01032	0.00718	0.04370	0.01547	0.11618	0.07364	0.11432	0.04795	0.26628	0.01820	0.00417	0.00607	0.01033	0.04151	0.00736
6	0.01834	0.01121	0.01302	0.01124	0.01506	0.01053	0.00881	0.08123	0.08188	0.18950	0.10269	0.09061	0.27521	0.01445	0.00830	0.00244	0.00519	0.01209	0.00774	0.04045
7	0.05543	0.01187	0.01462	0.01184	0.01663	0.01030	0.00934	0.04552	0.01843	0.26813	0.04697	0.14882	0.02322	0.01089	0.00720	0.00208	0.00564	0.00917	0.04246	0.24141
8	0.00984	0.00708	0.00916	0.00996	0.01090	0.00658	0.00686	0.01184	0.01669	0.02274	0.25325	0.43483	0.08146	0.06830	0.01134	0.00312	0.00430	0.01805	0.00731	0.00639
9	0.03628	0.00802	0.01079	0.01074	0.01227	0.00898	0.00828	0.01474	0.01333	0.02097	0.04140	0.02952	0.02020	0.04154	0.47172	0.03123	0.01489	0.00787	0.19043	0.00680
10	0.01142	0.00734	0.00968	0.01048	0.01168	0.00674	0.00733	0.01330	0.01644	0.07354	0.15695	0.52591	0.07842	0.02098	0.00936	0.00288	0.00439	0.01884	0.00746	0.00687
11	0.01071	0.00785	0.00985	0.01079	0.01185	0.00763	0.00747	0.03993	0.04639	0.02213	0.10437	0.55288	0.07397	0.04326	0.01029	0.00306	0.00463	0.01902	0.00715	0.00678
12	0.01193	0.00816	0.00990	0.00968	0.01164	0.00751	0.00706	0.01503	0.04347	0.07004	0.28408	0.19039	0.21257	0.07035	0.01114	0.00294	0.00438	0.01504	0.00753	0.00716
13	0.01684	0.01717	0.02921	0.02305	0.02595	0.02028	0.23435	0.04519	0.01499	0.02159	0.01508	0.08413	0.01434	0.01174	0.01736	0.00300	0.38396	0.00882	0.00401	0.00894
14	0.01008	0.00710	0.00877	0.00946	0.01008	0.00674	0.00615	0.01134	0.01458	0.01958	0.13923	0.35305	0.08030	0.26582	0.01946	0.00441	0.00525	0.01640	0.00641	0.00580
15	0.04775	0.00759	0.00912	0.00959	0.01103	0.00710	0.00680	0.01241	0.01700	0.02360	0.24964	0.33229	0.16713	0.05090	0.01036	0.00292	0.00424	0.01675	0.00724	0.00655
16	0.03686	0.00983	0.01354	0.25557	0.02504	0.01101	0.01148	0.01856	0.01584	0.05271	0.05024	0.06042	0.01961	0.01131	0.03435	0.00258	0.00674	0.00794	0.34861	0.00777
17	0.01134	0.00771	0.00863	0.00856	0.00873	0.00781	0.00489	0.01220	0.03737	0.01539	0.02418	0.04879	0.02740	0.70464	0.03738	0.00716	0.00730	0.01093	0.00472	0.00489
18	0.00933	0.00759	0.00815	0.00821	0.01038	0.00653	0.00602	0.01136	0.01740	0.02158	0.15881	0.12227	0.51650	0.04936	0.01028	0.00278	0.00400	0.01591	0.00713	0.00642
19	0.01165	0.00809	0.00953	0.04323	0.01129	0.00832	0.00604	0.01340	0.04295	0.01790	0.09219	0.04708	0.03077	0.56073	0.03124	0.00616	0.00688	0.01083	0.03624	0.00549
20	0.07814	0.01317	0.01679	0.01318	0.01867	0.01208	0.01081	0.06198	0.04921	0.54786	0.04885	0.02757	0.04676	0.00985	0.00754	0.00236	0.00629	0.00793	0.00882	0.01215
21	0.02028	0.73799	0.03975	0.01298	0.01947	0.03001	0.01298	0.02271	0.01541	0.01785	0.01055	0.01217	0.00973	0.00649	0.00487	0.00162	0.00811	0.00406	0.00324	0.00973
22	0.07323	0.01274	0.01696	0.04391	0.02004	0.01152	0.01114	0.03445	0.02066	0.59353	0.02789	0.02496	0.01785	0.00915	0.00735	0.00233	0.00644	0.00737	0.04630	0.01217
23	0.02028	0.73799	0.03975	0.01298	0.01947	0.03001	0.01298	0.02271	0.01541	0.01785	0.01055	0.01217	0.00973	0.00649	0.00487	0.00162	0.00811	0.00406	0.00324	0.00973
24	0.01052	0.00717	0.00860	0.00921	0.00942	0.00704	0.00566	0.01107	0.01238	0.01648	0.03014	0.26317	0.03527	0.48333	0.02845	0.00586	0.00642	0.03917	0.00546	0.00518
25	0.01854	0.01743	0.05399	0.01560	0.02037	0.01844	0.01276	0.03856	0.60993	0.03102	0.02922	0.02712	0.02193	0.00993	0.00760	0.00250	0.00627	0.00825	0.00734	0.04319
26	0.00937	0.00670	0.00895	0.01071	0.01121	0.00627	0.00727	0.01079	0.01465	0.01951	0.04173	0.70004	0.04988	0.02364	0.00972	0.00310	0.00451	0.04870	0.00704	0.00620
27	0.01047	0.00822	0.01223	0.01266	0.01390	0.00785	0.06090	0.01312	0.04186	0.02041	0.03912	0.61558	0.04562	0.02167	0.00957	0.00303	0.00526	0.04495	0.00680	0.00677
28	0.01352	0.00800	0.01193	0.10362	0.01606	0.00849	0.00881	0.03341	0.01187	0.01572	0.01590	0.08436	0.01600	0.02305	0.02422	0.58185	0.00692	0.00793	0.00378	0.00455
29	0.03238	0.01314	0.01749	0.01361	0.01920	0.01172	0.01115	0.07779	0.02228	0.61251	0.02976	0.06223	0.02003	0.01012	0.00773	0.00238	0.00647	0.00831	0.00914	0.01255
30	0.02659	0.01866	0.04960	0.01715	0.05371	0.04575	0.01368	0.29703	0.09277	0.20631	0.05695	0.02329	0.01843	0.00937	0.00755	0.00230	0.00759	0.00744	0.03378	0.01202
31	0.01638	0.01013	0.01366	0.06947	0.04641	0.01004	0.01003	0.04730	0.04949	0.14610	0.09686	0.29388	0.05413	0.05559	0.01114	0.03453	0.00585	0.01374	0.00694	0.00833
32	0.01405	0.00948	0.01168	0.01205	0.04846	0.00933	0.00790	0.04220	0.05484	0.07106	0.10312	0.10393	0.11492	0.28653	0.02085	0.03861	0.00619	0.03160	0.00615	0.00705
33	0.78701	0.01467	0.01115	0.00997	0.01467	0.01702	0.00821	0.02230	0.01291	0.03403	0.01056	0.01232	0.00821	0.00704	0.00469	0.00235	0.00587	0.00411	0.00469	0.00821
34	0.01854	0.01727	0.02370	0.15036	0.11891	0.04645	0.04269	0.09779	0.07811	0.02477	0.01500	0.01936	0.01228	0.00989	0.01354	0.00269	0.25620	0.00692	0.03576	0.00977
35	0.04210	0.01684	0.02628	0.24300	0.37096	0.01830	0.02067	0.09516	0.04584	0.02633	0.01505	0.01935	0.01189	0.00743	0.00746	0.00235	0.00905	0.00676	0.00427	0.01091
36	0.01628	0.01381	0.01603	0.01150	0.01821	0.01068	0.00922	0.04634	0.01657	0.02570	0.01368	0.01583	0.01131	0.00577	0.00570	0.00117	0.00573	0.00459	0.00463	0.74725
37	0.01562	0.07241	0.63195	0.02233	0.06192	0.01824	0.02707	0.02392	0.01604	0.02375	0.01349	0.01595	0.00972	0.00715	0.00711	0.00236	0.01096	0.00558	0.00323	0.01117
38	0.02104	0.04888	0.02058	0.07116	0.09567	0.01796	0.01379	0.21982	0.16941	0.07357	0.14102	0.02783	0.02572	0.01005	0.00773	0.00235	0.00704	0.00837	0.00692	0.01108
39	0.01950	0.01576	0.02528	0.11096	0.36578	0.01599	0.04678	0.02535	0.07952	0.11742	0.04838	0.02538	0.05274	0.00857	0.00776	0.00236	0.00816	0.00793	0.00524	0.01115
40	0.00932	0.00663	0.00878	0.01047	0.01089	0.00621	0.00694	0.01058	0.01438	0.01917	0.04106	0.70024	0.04923	0.05328	0.01088	0.00326	0.00452	0.02112	0.00694	0.00610
41	0.01750	0.01611	0.02658	0.27318	0.40698	0.01737	0.02129	0.05103	0.01733	0.02414	0.01466	0.01968	0.01174	0.00724	0.00744	0.00233	0.00911	0.00677	0.03894	0.01060
42	0.75161	0.01494	0.01270	0.01099	0.01582	0.01712	0.03815	0.02239	0.01314	0.03358	0.01078	0.01270	0.00837	0.00701	0.00489	0.00236	0.00619	0.00433	0.00465	0.00831
43	0.01368	0.01243	0.02133	0.05610	0.23099	0.01219	0.10232	0.01687	0.01589	0.02176	0.02818	0.37467	0.03098	0.01527	0.00880	0.00272	0.00727	0.01448	0.00540	0.00868
44	0.01074	0.00775	0.01014	0.00954	0.01133	0.00716	0.00716	0.01431	0.02147	0.03042	0.68211	0.05666	0.07157	0.01551	0.00895	0.00239	0.00358	0.01372	0.00835	0.00716
45	0.01074	0.00775	0.01014	0.00954	0.01133	0.00716	0.00716	0.01431	0.02147	0.03042	0.68211	0.05666	0.07157	0.01551	0.00895	0.00239	0.00358	0.01372	0.00835	0.00716
46	0.01318	0.00659	0.00988	0.00988	0.00988	0.00659	0.00659	0.00988	0.00988	0.01318	0.01318	0.02306	0.01318	0.02635	0.02964	0.77931	0.00659	0.00659	0.00329	0.00329
47	0.00972	0.00771	0.00873	0.00847	0.01071	0.00672	0.00636	0.01234	0.01907	0.02471	0.33411	0.06605	0.42314	0.01764	0.00896	0.00249	0.00373	0.01503	0.00760	0.00672
48	0.01887	0.01629	0.01715	0.01544	0.01972	0.01887	0.01201	0.04031	0.67241	0.03173	0.03087	0.02830	0.02315	0.01029	0.00772	0.00257	0.00600	0.00858	0.00772	0.01201
49	0.78701	0.01467	0.01115	0.00997	0.01467	0.01702	0.00821	0.02230	0.01291	0.03403	0.01056	0.01232	0.00821	0.00704	0.00469	0.00235	0.00587	0.00411	0.00469	0.00821
50	0.03403	0.01291	0.01760	0.01350	0.01936	0.01115	0.01115	0.03697	0.02171	0.69137	0.02992	0.02582	0.01878	0.00939	0.00763	0.00235	0.00645	0.00763	0.00939	0.01291
51	0.02883	0.02125	0.02276	0.01745	0.02352	0.02352	0.01442	0.66082	0.03566	0.04780	0.01821	0.01821	0.01290	0.00911	0.00759	0.00228	0.00835	0.00683	0.00759	0.01290
52	0.06588	0.02092	0.02220	0.01709	0.02309	0.02320	0.01411	0.62962	0.03455	0.04713	0.01784	0.01792	0.01267	0.00900	0.00745	0.00228	0.00823	0.00670	0.00745	0.01267
53	0.78701	0.01467	0.01115	0.00997	0.01467	0.01702	0.00821	0.02230	0.01291	0.03403	0.01056	0.01232	0.00821	0.00704	0.00469	0.00235	0.00587	0.00411	0.00469	0.00821
54	0.00896	0.00768	0.00768	0.00768	0.01025	0.00640	0.00576	0.01089	0.01729	0.02049	0.07684	0.07300	0.68304	0.01921	0.00896	0.00256	0.00384	0.01601	0.00704	0.00640
55	0.78701	0.01467	0.01115	0.00997	0.01467	0.01702	0.00821	0.02230	0.01291	0.03403	0.01056	0.01232	0.00821	0.00704	0.00469	0.00235	0.00587	0.00411	0.00469	0.00821
56	0.01521	0.03923	0.69413	0.02162	0.03283	0.01762	0.02802	0.02402	0.01601	0.02402	0.01361	0.01601	0.00961	0.00721	0.00721	0.00240	0.01121	0.00560	0.00320	0.01121
57	0.01521	0.03923	0.69413	0.02162	0.03283	0.01762	0.02802	0.02402	0.01601	0.02402	0.01361	0.01601	0.00961	0.00721	0.00721	0.00240	0.01121	0.00560	0.00320	0.01121
58	0.00924	0.00660	0.00880	0.01056	0.01100	0.00616	0.00704	0.01056	0.01452	0.01936	0.04181	0.72848	0.05017	0.02376	0.00968	0.00308	0.00440	0.02156	0.00704	0.00616
59	0.03361	0.01358	0.01802	0.01381	0.01970	0.01214	0.01141	0.08705	0.02283	0.63970	0.02898	0.02521	0.01830	0.00937	0.00762	0.00234	0.00661	0.00756	0.00924	0.01291
60	0.01078	0.00804	0.01193	0.01200	0.01327	0.00928	0.00923	0.01334	0.01225	0.01759	0.02132	0.05949	0.02053	0.07694	0.65346	0.01166	0.01924	0.00878	0.00420	0.00668
61	0.01790	0.02046	0.04476	0.03197	0.03964	0.01918	0.65857	0.02430	0.01790	0.02430	0.01535	0.02046	0.01151	0.00639	0.00895	0.00256	0.01279	0.00895	0.00384	0.01023
62	0.00924	0.00660	0.00880	0.01056	0.01100	0.00616	0.00704	0.01056	0.01452	0.01936	0.04181	0.72848	0.05017	0.02376	0.00968	0.00308	0.00440	0.02156	0.00704	0.00616
63	0.03403	0.01291	0.01760	0.01350	0.01936	0.01115	0.01115	0.03697	0.02171	0.69137	0.02992	0.02582	0.01878	0.00939	0.00763	0.00235	0.00645	0.00763	0.00939	0.01291
64	0.07808	0.01618	0.02380	0.17497	0.21237	0.01703	0.04556	0.11429	0.04178	0.17383	0.01841	0.02048	0.01328	0.00796	0.00743	0.00237	0.00844	0.00692	0.00564	0.01121
65	0.01452	0.00761	0.00855	0.00845	0.01043	0.00723	0.00628	0.01747	0.01658	0.08775	0.06297	0.15728	0.08418	0.01273	0.00678	0.00215	0.00399	0.01076	0.46688	0.00740
66	0.75296	0.01462	0.01166	0.04106	0.01632	0.01701	0.00878	0.02217	0.01301	0.03339	0.01069	0.01267	0.00830	0.00706	0.00482	0.00235	0.00605	0.00422	0.00464	0.00822
67	0.03053	0.01698	0.01984	0.01528	0.02108	0.01738	0.01260	0.35886	0.02869	0.33134	0.02365	0.02198	0.01576	0.00922	0.00751	0.00229	0.00731	0.00719	0.03983	0.01266
68	0.01449	0.01373	0.02310	0.60381	0.04740	0.01697	0.04820	0.01914	0.01485	0.01931	0.01379	0.02132	0.01096	0.04098	0.01028	0.00280	0.06008	0.00703	0.00344	0.00832
69	0.00924	0.00660	0.00880	0.01056	0.01100	0.00616	0.00704	0.01056	0.01452	0.01936	0.04181	0.72848	0.05017	0.02376	0.00968	0.00308	0.00440	0.02156	0.00704	0.00616
70	0.00954	0.00771	0.00848	0.00829	0.01060	0.00665	0.00622	0.01200	0.01865	0.02372	0.27389	0.06768	0.48397	0.01800	0.00896	0.00250	0.00376	0.01526	0.00747	0.00665
71	0.00923	0.00666	0.00874	0.01041	0.01096	0.00617	0.00697	0.01058	0.01467	0.01942	0.04365	0.69404	0.08342	0.02352	0.00964	0.00305	0.00437	0.02127	0.00704	0.00617
72	0.02883	0.02125	0.02276	0.01745	0.02352	0.02352	0.01442	0.66082	0.03566	0.04780	0.01821	0.01821	0.01290	0.00911	0.00759	0.00228	0.00835	0.00683	0.00759	0.01290
73	0.03382	0.01324	0.01781	0.01365	0.01953	0.01164	0.01128	0.06181	0.02227	0.66574	0.02946	0.02551	0.01854	0.00938	0.00763	0.00234	0.00653	0.00760	0.00932	0.01291
74	0.01440	0.01348	0.02238	0.67821	0.05044	0.01650	0.02043	0.01937	0.01520	0.01966	0.01348	0.01999	0.01017	0.00748	0.00748	0.00245	0.00988	0.00662	0.00343	0.04896
75	0.01432	0.01348	0.02275	0.71520	0.05224	0.01685	0.02107	0.01938	0.01517	0.01938	0.01348	0.02022	0.01011	0.00758	0.00758	0.00253	0.01011	0.00674	0.00337	0.00843
76	0.01541	0.03285	0.50584	0.02135	0.03070	0.03821	0.10421	0.02304	0.01711	0.02468	0.09725	0.02157	0.01759	0.00816	0.00763	0.00241	0.01053	0.00702	0.00395	0.01050
77	0.09845	0.37812	0.07294	0.01494	0.02086	0.19496	0.01374	0.02598	0.01732	0.08261	0.01284	0.01408	0.01043	0.00719	0.00575	0.00189	0.00934	0.00470	0.00412	0.00974
78	0.01737	0.03481	0.56472	0.02176	0.03210	0.01711	0.08536	0.02536	0.01677	0.09172	0.01543	0.01742	0.01072	0.00735	0.00741	0.00241	0.01088	0.00612	0.00389	0.01129
79	0.00924	0.00660	0.00880	0.01056	0.01100	0.00616	0.00704	0.01056	0.01452	0.01936	0.04181	0.72848	0.05017	0.02376	0.00968	0.00308	0.00440	0.02156	0.00704	0.00616
80	0.01986	0.08103	0.22949	0.05181	0.07103	0.19777	0.07884	0.02623	0.07201	0.02221	0.01424	0.01697	0.01117	0.00797	0.00861	0.00233	0.06835	0.00607	0.00388	0.01015
81	0.01456	0.01372	0.02317	0.68006	0.08555	0.01691	0.02118	0.01958	0.01528	0.01966	0.01352	0.02015	0.01021	0.00754	0.00758	0.00251	0.01005	0.00674	0.00339	0.00861
82	0.01074	0.00775	0.01014	0.00954	0.01133	0.00716	0.00716	0.01431	0.02147	0.03042	0.68211	0.05666	0.07157	0.01551	0.00895	0.00239	0.00358	0.01372	0.00835	0.00716
83	0.01857	0.01781	0.03042	0.07733	0.65694	0.01797	0.02318	0.02310	0.01717	0.02453	0.01423	0.01884	0.01193	0.00680	0.00751	0.00227	0.00906	0.00676	0.00374	0.01185
84	0.01565	0.01528	0.02461	0.47530	0.04344	0.05235	0.11957	0.03849	0.01650	0.02121	0.01632	0.07386	0.01372	0.00872	0.00785	0.00251	0.01003	0.00813	0.02782	0.00864
85	0.07498	0.01923	0.05222	0.09775	0.04746	0.11331	0.08740	0.05080	0.04165	0.02304	0.01628	0.08608	0.01487	0.01072	0.01225	0.00266	0.20281	0.00797	0.02957	0.00895
86	0.01414	0.00707	0.00707	0.00707	0.00884	0.00707	0.00530	0.01767	0.01591	0.02828	0.02474	0.02828	0.01944	0.00884	0.00530	0.00177	0.00353	0.00707	0.77554	0.00707
87	0.00932	0.00666	0.00887	0.01051	0.01102	0.00622	0.00705	0.01077	0.01490	0.01997	0.07670	0.69186	0.05133	0.02331	0.00964	0.00304	0.00436	0.02114	0.00711	0.00622
88	0.04961	0.05742	0.61931	0.02127	0.03191	0.01801	0.05183	0.02392	0.01593	0.02430	0.01346	0.01592	0.00963	0.00715	0.00710	0.00238	0.01095	0.00563	0.00330	0.01100
89	0.01726	0.01566	0.01976	0.30548	0.03261	0.08036	0.03643	0.10136	0.06186	0.02447	0.02000	0.06007	0.03713	0.01283	0.05571	0.00310	0.03142	0.00798	0.06764	0.00891
90	0.02698	0.01961	0.02129	0.01664	0.02216	0.02165	0.01360	0.55884	0.06123	0.06277	0.01943	0.02066	0.01438	0.03953	0.04279	0.00297	0.00874	0.00715	0.00736	0.01224
91	0.04748	0.12087	0.02412	0.07971	0.02509	0.19871	0.01459	0.30566	0.05789	0.03248	0.01548	0.01673	0.01178	0.00828	0.00695	0.00214	0.00966	0.00595	0.00560	0.01083
92	0.00924	0.00660	0.00880	0.01056	0.01100	0.00616	0.00704	0.01056	0.01452	0.01936	0.04181	0.72848	0.05017	0.02376	0.00968	0.00308	0.00440	0.02156	0.00704	0.00616
93	0.01784	0.02232	0.14636	0.03697	0.35185	0.01847	0.22585	0.02358	0.01710	0.02431	0.01438	0.01878	0.01139	0.00690	0.00841	0.00241	0.03093	0.00726	0.00368	0.01121
94	0.01926	0.48857	0.24417	0.01571	0.02366	0.02534	0.01762	0.02372	0.01586	0.04780	0.01231	0.01394	0.01007	0.00683	0.00572	0.00190	0.00901	0.00469	0.00349	0.01033
95	0.07998	0.02863	0.37174	0.02900	0.24537	0.01755	0.05011	0.02408	0.01644	0.04748	0.01420	0.01713	0.01067	0.00709	0.00719	0.00235	0.00996	0.00607	0.00374	0.01125
96	0.02063	0.70865	0.03905	0.01316	0.01963	0.02975	0.01304	0.04884	0.01624	0.01907	0.01086	0.01241	0.00986	0.00660	0.00498	0.00165	0.00812	0.00417	0.00342	0.00986
97	0.00930	0.00770	0.00815	0.00804	0.01045	0.00655	0.00603	0.01154	0.01809	0.02239	0.19260	0.06987	0.56610	0.01850	0.00896	0.00253	0.00379	0.01557	0.00729	0.00655
98	0.00947	0.00670	0.00873	0.01027	0.01065	0.00631	0.00673	0.01062	0.01407	0.01877	0.03951	0.64147	0.04727	0.11473	0.01339	0.00363	0.00478	0.02021	0.00673	0.00596
99	0.01074	0.00775	0.01014	0.00954	0.01133	0.00716	0.00716	0.01431	0.02147	0.03042	0.68211	0.05666	0.07157	0.01551	0.00895	0.00239	0.00358	0.01372	0.00835	0.00716
100	0.00924	0.00660	0.00880	0.01056	0.01100	0.00616	0.00704	0.01056	0.01452	0.01936	0.04181	0.72848	0.05017	0.02376	0.00968	0.00308	0.00440	0.02156	0.00704	0.00616
101	0.01573	0.01348	0.01573	0.01123	0.01798	0.01011	0.00899	0.01910	0.01573	0.02472	0.01348	0.01573	0.01123	0.00562	0.00562	0.00112	0.00562	0.00449	0.00449	0.77980
102	0.00924	0.00660	0.00880	0.01056	0.01100	0.00616	0.00704	0.01056	0.01452	0.01936	0.04181	0.72848	0.05017	0.02376	0.00968	0.00308	0.00440	0.02156	0.00704	0.00616
103	0.02028	0.73799	0.03975	0.01298	0.01947	0.03001	0.01298	0.02271	0.01541	0.01785	0.01055	0.01217	0.00973	0.00649	0.00487	0.00162	0.00811	0.00406	0.00324	0.00973
104	0.00924	0.00660	0.00880	0.01056	0.01100	0.00616	0.00704	0.01056	0.01452	0.01936	0.04181	0.72848	0.05017	0.02376	0.00968	0.00308	0.00440	0.02156	0.00704	0.00616
105	0.00950	0.00679	0.00910	0.01086	0.01141	0.00638	0.00749	0.01101	0.01478	0.01965	0.04166	0.67247	0.04960	0.02352	0.00975	0.00312	0.00463	0.07501	0.00704	0.00623
106	0.01712	0.26488	0.41950	0.01979	0.02913	0.02180	0.08299	0.02362	0.01600	0.02204	0.01278	0.01518	0.00983	0.00690	0.00661	0.00216	0.01035	0.00542	0.00328	0.01064
107	0.01465	0.01375	0.02290	0.66630	0.07702	0.01696	0.02087	0.02019	0.03564	0.01998	0.01405	0.02041	0.01059	0.00763	0.00758	0.00252	0.00994	0.00680	0.00352	0.00868
108	0.11833	0.05537	0.05761	0.01872	0.09164	0.01795	0.03944	0.08710	0.23944	0.16244	0.02266	0.02210	0.01644	0.00870	0.00716	0.00238	0.00726	0.00710	0.00661	0.01156
109	0.02657	0.02012	0.02149	0.01699	0.02266	0.02246	0.01387	0.51985	0.18033	0.04415	0.02109	0.02050	0.01523	0.00937	0.00762	0.00234	0.00781	0.00723	0.00762	0.01270
110	0.01659	0.01659	0.02323	0.01991	0.01991	0.02323	0.01659	0.01825	0.01162	0.01825	0.00996	0.01659	0.00996	0.01328	0.02489	0.00332	0.71955	0.00664	0.00332	0.00830
111	0.05302	0.03140	0.47516	0.02013	0.02977	0.01635	0.07577	0.02491	0.01661	0.09601	0.01535	0.01724	0.01083	0.00722	0.00714	0.00229	0.01008	0.00593	0.00410	0.08070
112	0.02142	0.02865	0.42411	0.01849	0.02722	0.01526	0.02133	0.02780	0.01775	0.24882	0.01986	0.04116	0.01395	0.00864	0.00797	0.00243	0.03137	0.00681	0.00541	0.01154
113	0.01833	0.01755	0.02974	0.04479	0.65534	0.01749	0.02248	0.02271	0.01727	0.02459	0.01712	0.02124	0.04257	0.00733	0.00758	0.00227	0.00878	0.00718	0.00390	0.01176
114	0.02019	0.01542	0.01689	0.01512	0.01942	0.01732	0.01192	0.03834	0.55523	0.10720	0.03136	0.03170	0.02397	0.01087	0.00789	0.00261	0.00612	0.04880	0.00786	0.01179
115	0.06005	0.02173	0.11689	0.08910	0.34916	0.07144	0.04791	0.05304	0.04529	0.05132	0.01524	0.01850	0.01190	0.00732	0.00735	0.00231	0.00950	0.00652	0.00427	0.01116
116	0.02615	0.01445	0.01726	0.01429	0.01929	0.01478	0.01145	0.06590	0.29785	0.34773	0.06406	0.02814	0.02313	0.01008	0.00773	0.00244	0.00620	0.00831	0.00854	0.01222
117	0.02470	0.01086	0.01453	0.01184	0.01612	0.00953	0.00950	0.02782	0.02143	0.42840	0.26230	0.03879	0.06669	0.01198	0.00815	0.00237	0.00532	0.01015	0.00892	0.01059
118	0.00918	0.00740	0.00818	0.00859	0.01053	0.00640	0.00621	0.01108	0.01690	0.02100	0.11670	0.24438	0.46669	0.02011	0.00915	0.00268	0.00397	0.01729	0.00715	0.00640
119	0.01687	0.02238	0.15997	0.14114	0.11888	0.01855	0.33190	0.02306	0.01676	0.02325	0.01435	0.01921	0.01092	0.00709	0.00893	0.00252	0.04275	0.00760	0.00361	0.01026
120	0.01476	0.01344	0.01890	0.01681	0.01755	0.01787	0.01374	0.03796	0.01265	0.01899	0.01428	0.02181	0.01357	0.03017	0.28931	0.00675	0.42260	0.00723	0.00375	0.00786
121	0.01103	0.00735	0.00827	0.00827	0.00827	0.00735	0.00460	0.01103	0.01103	0.01471	0.02390	0.04964	0.02758	0.73343	0.03861	0.00735	0.00735	0.01103	0.00460	0.00460
122	0.71721	0.04790	0.01298	0.01046	0.01529	0.01791	0.00872	0.05170	0.01407	0.03393	0.01091	0.01259	0.00850	0.00711	0.00484	0.00231	0.00608	0.00423	0.00476	0.00850
123	0.01897	0.04855	0.05214	0.06067	0.11009	0.14137	0.03732	0.04737	0.01594	0.02086	0.01335	0.04614	0.01229	0.01212	0.03764	0.00301	0.30220	0.00695	0.00384	0.00917
124	0.00912	0.00769	0.00790	0.00785	0.01034	0.00647	0.00588	0.01118	0.01765	0.02136	0.12964	0.07157	0.62970	0.01889	0.00896	0.00255	0.00382	0.01581	0.00716	0.00647
125	0.02028	0.73799	0.03975	0.01298	0.01947	0.03001	0.01298	0.02271	0.01541	0.01785	0.01055	0.01217	0.00973	0.00649	0.00487	0.00162	0.00811	0.00406	0.00324	0.00973
126	0.00992	0.00781	0.00902	0.00896	0.01116	0.00690	0.00688	0.01261	0.01886	0.02438	0.29806	0.06810	0.39669	0.01800	0.00910	0.00258	0.00404	0.07269	0.00752	0.00674
127	0.00924	0.00660	0.00880	0.01056	0.01100	0.00616	0.00704	0.01056	0.01452	0.01936	0.04181	0.72848	0.05017	0.02376	0.00968	0.00308	0.00440	0.02156	0.00704	0.00616
128	0.00934	0.00770	0.00821	0.00808	0.01048	0.00656	0.00606	0.01162	0.01819	0.02262	0.20667	0.06949	0.55187	0.01842	0.00896	0.00252	0.00379	0.01552	0.00732	0.00656
129	0.02833	0.03615	0.02149	0.01954	0.02345	0.70298	0.01466	0.03029	0.02149	0.01856	0.01172	0.01368	0.00977	0.00782	0.00684	0.00195	0.01368	0.00489	0.00391	0.00879
130	0.02833	0.03615	0.02149	0.01954	0.02345	0.70298	0.01466	0.03029	0.02149	0.01856	0.01172	0.01368	0.00977	0.00782	0.00684	0.00195	0.01368	0.00489	0.00391	0.00879
131	0.74569	0.01503	0.01178	0.01038	0.01515	0.01737	0.00855	0.05710	0.01415	0.03478	0.01098	0.01264	0.00847	0.00715	0.00485	0.00234	0.00600	0.00426	0.00485	0.00847
132	0.78701	0.01467	0.01115	0.00997	0.01467	0.01702	0.00821	0.02230	0.01291	0.03403	0.01056	0.01232	0.00821	0.00704	0.00469	0.00235	0.00587	0.00411	0.00469	0.00821
133	0.01432	0.01348	0.02275	0.71520	0.05224	0.01685	0.02107	0.01938	0.01517	0.01938	0.01348	0.02022	0.01011	0.00758	0.00758	0.00253	0.01011	0.00674	0.00337	0.00843
134	0.02764	0.02065	0.02209	0.01721	0.02307	0.02296	0.01413	0.58631	0.11212	0.04587	0.01973	0.01942	0.01413	0.00925	0.00760	0.00231	0.00807	0.00704	0.00760	0.01279
135	0.01790	0.02046	0.04476	0.03197	0.03964	0.01918	0.65857	0.02430	0.01790	0.02430	0.01535	0.02046	0.01151	0.00639	0.00895	0.00256	0.01279	0.00895	0.00384	0.01023
136	0.01432	0.01348	0.02275	0.71520	0.05224	0.01685	0.02107	0.01938	0.01517	0.01938	0.01348	0.02022	0.01011	0.00758	0.00758	0.00253	0.01011	0.00674	0.00337	0.00843
137	0.06550	0.02000	0.02134	0.01650	0.02232	0.02202	0.01361	0.57751	0.03317	0.07311	0.01859	0.01865	0.01318	0.00901	0.00736	0.00226	0.00795	0.00674	0.03876	0.01243
138	0.00924	0.00660	0.00880	0.01056	0.01100	0.00616	0.00704	0.01056	0.01452	0.01936	0.04181	0.72848	0.05017	0.02376	0.00968	0.00308	0.00440	0.02156	0.00704	0.00616
139	0.01276	0.00720	0.00760	0.00760	0.00859	0.00720	0.00499	0.01472	0.01374	0.02225	0.02437	0.03777	0.02306	0.33084	0.02010	0.00425	0.00523	0.00883	0.43294	0.00597
140	0.01058	0.00814	0.01150	0.01186	0.01327	0.00775	0.04188	0.01356	0.04177	0.02243	0.15690	0.46131	0.07631	0.02041	0.00947	0.00292	0.00495	0.07098	0.00713	0.00686
141	0.01753	0.35854	0.39510	0.01767	0.02672	0.02328	0.02115	0.02342	0.01574	0.02120	0.01221	0.01426	0.00967	0.00688	0.00614	0.00205	0.00979	0.00490	0.00322	0.01054
142	0.02008	0.01602	0.01719	0.01528	0.01969	0.01825	0.01194	0.04004	0.62017	0.08469	0.03080	0.02810	0.02280	0.01022	0.00771	0.00255	0.00604	0.00850	0.00785	0.01208
143	0.09052	0.20748	0.02538	0.03870	0.02211	0.11181	0.01343	0.30014	0.04488	0.03307	0.01515	0.01622	0.01168	0.00806	0.00648	0.00207	0.00861	0.00568	0.02773	0.01080
144	0.01062	0.00775	0.00998	0.00998	0.01166	0.00720	0.00758	0.01369	0.01954	0.02687	0.45646	0.12389	0.12595	0.04143	0.01021	0.00278	0.00425	0.09548	0.00779	0.00688
145	0.01804	0.42870	0.32940	0.01680	0.02538	0.02453	0.01964	0.02329	0.01568	0.02058	0.01190	0.01387	0.00968	0.00681	0.00590	0.00197	0.00948	0.00474	0.00323	0.01039
146	0.01074	0.00775	0.01014	0.00954	0.01133	0.00716	0.00716	0.01431	0.02147	0.03042	0.68211	0.05666	0.07157	0.01551	0.00895	0.00239	0.00358	0.01372	0.00835	0.00716
147	0.01085	0.00807	0.01178	0.01178	0.01321	0.00924	0.00914	0.01355	0.01259	0.01813	0.02344	0.03202	0.05388	0.05324	0.64264	0.01132	0.01887	0.00850	0.03101	0.00676
148	0.05283	0.02194	0.11494	0.05050	0.03733	0.01899	0.51216	0.02378	0.01712	0.02432	0.01466	0.01942	0.01104	0.00683	0.00915	0.00256	0.04035	0.00819	0.00377	0.01012
149	0.10776	0.01387	0.01746	0.01352	0.01929	0.01290	0.01117	0.09471	0.02217	0.56551	0.02690	0.02377	0.01718	0.00913	0.00733	0.00234	0.00658	0.00720	0.00875	0.01244
150	0.00924	0.00660	0.00880	0.01056	0.01100	0.00616	0.00704	0.01056	0.01452	0.01936	0.04181	0.72848	0.05017	0.02376	0.00968	0.00308	0.00440	0.02156	0.00704	0.00616
151	0.01222	0.00873	0.01222	0.01397	0.01572	0.00873	0.01222	0.01572	0.01746	0.02270	0.04016	0.08556	0.04365	0.02095	0.01048	0.00349	0.00698	0.63506	0.00698	0.00698
152	0.01592	0.13602	0.60349	0.02042	0.03098	0.01933	0.02594	0.02384	0.01593	0.02317	0.01319	0.01548	0.00963	0.00711	0.00688	0.00229	0.01078	0.00539	0.00321	0.01101
153	0.00923	0.00666	0.00874	0.01041	0.01096	0.00617	0.00697	0.01058	0.01467	0.01942	0.04365	0.69404	0.08342	0.02352	0.00964	0.00305	0.00437	0.02127	0.00704	0.00617
154	0.02833	0.03615	0.02149	0.01954	0.02345	0.70298	0.01466	0.03029	0.02149	0.01856	0.01172	0.01368	0.00977	0.00782	0.00684	0.00195	0.01368	0.00489	0.00391	0.00879
155	0.01096	0.00758	0.00942	0.00939	0.00985	0.00791	0.00605	0.01188	0.01191	0.01634	0.05881	0.04470	0.02766	0.51288	0.21525	0.00838	0.01062	0.01040	0.00466	0.00532
156	0.00922	0.00668	0.00871	0.01034	0.01094	0.00618	0.00694	0.01059	0.01474	0.01945	0.04451	0.67785	0.09905	0.02341	0.00963	0.00304	0.00436	0.02113	0.00704	0.00618
157	0.78701	0.01467	0.01115	0.00997	0.01467	0.01702	0.00821	0.02230	0.01291	0.03403	0.01056	0.01232	0.00821	0.00704	0.00469	0.00235	0.00587	0.00411	0.00469	0.00821
158	0.01887	0.01629	0.01715	0.01544	0.01972	0.01887	0.01201	0.04031	0.67241	0.03173	0.03087	0.02830	0.02315	0.01029	0.00772	0.00257	0.00600	0.00858	0.00772	0.01201
159	0.01056	0.00775	0.00989	0.00936	0.01122	0.00708	0.00702	0.01397	0.02105	0.02942	0.62157	0.05829	0.13274	0.01588	0.00895	0.00240	0.00360	0.01395	0.00822	0.00708
160	0.02883	0.02125	0.02276	0.01745	0.02352	0.02352	0.01442	0.66082	0.03566	0.04780	0.01821	0.01821	0.01290	0.00911	0.00759	0.00228	0.00835	0.00683	0.00759	0.01290
161	0.00941	0.00733	0.00857	0.00920	0.01085	0.00649	0.00664	0.01137	0.01681	0.02143	0.14086	0.31315	0.34873	0.02047	0.00928	0.00276	0.00412	0.03889	0.00721	0.00643
162	0.01887	0.01629	0.01715	0.01544	0.01972	0.01887	0.01201	0.04031	0.67241	0.03173	0.03087	0.02830	0.02315	0.01029	0.00772	0.00257	0.00600	0.00858	0.00772	0.01201
163	0.01854	0.01793	0.03108	0.07535	0.62843	0.01802	0.05242	0.02315	0.01721	0.02452	0.01428	0.01891	0.01191	0.00678	0.00758	0.00228	0.00923	0.00686	0.00374	0.01177
164	0.01749	0.01914	0.03910	0.02863	0.03462	0.01937	0.51119	0.02289	0.01666	0.02337	0.01479	0.02011	0.01159	0.00777	0.01171	0.00266	0.14188	0.00844	0.03888	0.00973
165	0.01074	0.00775	0.01014	0.00954	0.01133	0.00716	0.00716	0.01431	0.02147	0.03042	0.68211	0.05666	0.07157	0.01551	0.00895	0.00239	0.00358	0.01372	0.00835	0.00716
166	0.00924	0.00660	0.00880	0.01056	0.01100	0.00616	0.00704	0.01056	0.01452	0.01936	0.04181	0.72848	0.05017	0.02376	0.00968	0.00308	0.00440	0.02156	0.00704	0.00616
167	0.01566	0.01348	0.01605	0.04363	0.01955	0.01042	0.00954	0.01911	0.01570	0.02447	0.01348	0.01594	0.01118	0.00571	0.00571	0.00119	0.00582	0.00460	0.00444	0.74430
168	0.01652	0.01649	0.02322	0.04406	0.02104	0.02301	0.01675	0.01829	0.01174	0.01829	0.01008	0.01672	0.00996	0.01308	0.02429	0.00329	0.69491	0.00664	0.00332	0.00830
169	0.01222	0.00873	0.01222	0.01397	0.01572	0.00873	0.01222	0.01572	0.01746	0.02270	0.04016	0.08556	0.04365	0.02095	0.01048	0.00349	0.00698	0.63506	0.00698	0.00698
170	0.01562	0.01324	0.01419	0.01313	0.01668	0.01455	0.01021	0.03023	0.43593	0.02867	0.09990	0.04365	0.17325	0.01327	0.00825	0.00260	0.00536	0.04359	0.00759	0.01008
171	0.01800	0.02008	0.07514	0.12165	0.08701	0.01838	0.46802	0.02407	0.01755	0.05064	0.01552	0.02028	0.01155	0.00674	0.00852	0.00251	0.01182	0.00827	0.00396	0.01028
172	0.01460	0.01396	0.02385	0.65117	0.05020	0.01725	0.05202	0.01957	0.01514	0.01957	0.01342	0.02007	0.01017	0.00778	0.00841	0.00256	0.04151	0.00684	0.00339	0.00851
173	0.72119	0.01457	0.01214	0.07005	0.01787	0.01700	0.00931	0.02205	0.01310	0.03278	0.01081	0.01299	0.00838	0.00709	0.00494	0.00236	0.00623	0.00433	0.00458	0.00823
174	0.02129	0.05040	0.02056	0.15110	0.02669	0.04918	0.01437	0.21114	0.21781	0.05930	0.05211	0.02617	0.01940	0.00981	0.00766	0.00243	0.00786	0.03526	0.00653	0.01092
175	0.78701	0.01467	0.01115	0.00997	0.01467	0.01702	0.00821	0.02230	0.01291	0.03403	0.01056	0.01232	0.00821	0.00704	0.00469	0.00235	0.00587	0.00411	0.00469	0.00821
176	0.06509	0.01635	0.01762	0.01429	0.01922	0.01738	0.01167	0.36869	0.05644	0.09905	0.03330	0.03412	0.16197	0.01183	0.00787	0.00242	0.00688	0.03745	0.00746	0.01091
177	0.00945	0.00765	0.00840	0.00833	0.01057	0.00659	0.00620	0.01178	0.01826	0.02308	0.23644	0.10308	0.48669	0.01846	0.00900	0.00254	0.00380	0.01569	0.00739	0.00659
178	0.01615	0.00922	0.01204	0.01071	0.01345	0.00852	0.00824	0.02030	0.05008	0.17500	0.48808	0.07198	0.05711	0.01422	0.00863	0.00241	0.00434	0.01243	0.00850	0.00860
179	0.01966	0.01612	0.01717	0.01533	0.01970	0.01846	0.01196	0.04013	0.63822	0.06639	0.03082	0.02817	0.02292	0.01024	0.00771	0.00256	0.00603	0.00853	0.00781	0.01205
180	0.01059	0.00775	0.00994	0.00940	0.01125	0.00710	0.00705	0.01404	0.02114	0.02963	0.63407	0.05796	0.12010	0.01580	0.00895	0.00240	0.00360	0.01390	0.00825	0.00710
181	0.02883	0.02125	0.02276	0.01745	0.02352	0.02352	0.01442	0.66082	0.03566	0.04780	0.01821	0.01821	0.01290	0.00911	0.00759	0.00228	0.00835	0.00683	0.00759	0.01290
182	0.02883	0.02125	0.02276	0.01745	0.02352	0.02352	0.01442	0.66082	0.03566	0.04780	0.01821	0.01821	0.01290	0.00911	0.00759	0.00228	0.00835	0.00683	0.00759	0.01290
183	0.01187	0.00794	0.00998	0.00961	0.01165	0.00714	0.00715	0.01470	0.01953	0.07591	0.40761	0.16374	0.19036	0.01712	0.00897	0.00253	0.00398	0.01497	0.00795	0.00727
184	0.01575	0.00924	0.01206	0.01083	0.01349	0.00858	0.00841	0.04468	0.02161	0.15169	0.47893	0.07926	0.05731	0.01472	0.00875	0.00245	0.00449	0.04094	0.00839	0.00840
185	0.78701	0.01467	0.01115	0.00997	0.01467	0.01702	0.00821	0.02230	0.01291	0.03403	0.01056	0.01232	0.00821	0.00704	0.00469	0.00235	0.00587	0.00411	0.00469	0.00821
186	0.00943	0.00684	0.00858	0.00988	0.01055	0.00634	0.00656	0.01067	0.01446	0.01893	0.04436	0.55308	0.13422	0.11243	0.01322	0.00355	0.00470	0.01948	0.00673	0.00600
187	0.02887	0.01179	0.01578	0.01248	0.01754	0.01022	0.01017	0.03179	0.02129	0.54842	0.11646	0.03389	0.08432	0.01103	0.00791	0.00237	0.00586	0.00914	0.00905	0.01161
188	0.75618	0.01460	0.01141	0.01012	0.01486	0.01678	0.00833	0.02290	0.01327	0.06095	0.01135	0.01287	0.00865	0.00714	0.00481	0.00235	0.00589	0.00425	0.00489	0.00841
189	0.02846	0.01228	0.01621	0.01295	0.01794	0.01112	0.01050	0.03317	0.07993	0.51280	0.14793	0.03162	0.02871	0.01058	0.00787	0.00237	0.00589	0.00881	0.00905	0.01179
190	0.01573	0.01348	0.01573	0.01123	0.01798	0.01011	0.00899	0.01910	0.01573	0.02472	0.01348	0.01573	0.01123	0.00562	0.00562	0.00112	0.00562	0.00449	0.00449	0.77980
191	0.00924	0.00660	0.00880	0.01056	0.01100	0.00616	0.00704	0.01056	0.01452	0.01936	0.04181	0.72848	0.05017	0.02376	0.00968	0.00308	0.00440	0.02156	0.00704	0.00616
192	0.08686	0.01505	0.01815	0.01411	0.01973	0.01476	0.01162	0.20534	0.02487	0.43217	0.05957	0.02436	0.01916	0.00946	0.00747	0.00233	0.00678	0.00747	0.00850	0.01226
193	0.01887	0.01629	0.01715	0.01544	0.01972	0.01887	0.01201	0.04031	0.67241	0.03173	0.03087	0.02830	0.02315	0.01029	0.00772	0.00257	0.00600	0.00858	0.00772	0.01201
194	0.78701	0.01467	0.01115	0.00997	0.01467	0.01702	0.00821	0.02230	0.01291	0.03403	0.01056	0.01232	0.00821	0.00704	0.00469	0.00235	0.00587	0.00411	0.00469	0.00821
195	0.01084	0.00813	0.01219	0.01219	0.01354	0.00948	0.00948	0.01354	0.01219	0.01761	0.02032	0.02980	0.01896	0.05689	0.70337	0.01219	0.02032	0.00813	0.00406	0.00677
196	0.03044	0.01867	0.02117	0.01623	0.02224	0.01971	0.01341	0.46840	0.03136	0.24631	0.02182	0.02056	0.01471	0.00919	0.00760	0.00230	0.00776	0.00708	0.00814	0.01290
197	0.03403	0.01291	0.01760	0.01350	0.01936	0.01115	0.01115	0.03697	0.02171	0.69137	0.02992	0.02582	0.01878	0.00939	0.00763	0.00235	0.00645	0.00763	0.00939	0.01291
198	0.02808	0.02087	0.02234	0.01730	0.02323	0.02317	0.01423	0.61386	0.08385	0.04659	0.01917	0.01897	0.01368	0.00920	0.00760	0.00230	0.00817	0.00696	0.00760	0.01283
199	0.01877	0.01802	0.03079	0.04656	0.68612	0.01802	0.02328	0.02328	0.01727	0.02478	0.01427	0.01877	0.01201	0.00676	0.00751	0.00225	0.00901	0.00676	0.00375	0.01201
200	0.01659	0.01659	0.02323	0.01991	0.01991	0.02323	0.01659	0.01825	0.01162	0.01825	0.00996	0.01659	0.00996	0.01328	0.02489	0.00332	0.71955	0.00664	0.00332	0.00830
201	0.03403	0.01291	0.01760	0.01350	0.01936	0.01115	0.01115	0.03697	0.02171	0.69137	0.02992	0.02582	0.01878	0.00939	0.00763	0.00235	0.00645	0.00763	0.00939	0.01291
202	0.00975	0.00737	0.01074	0.01165	0.01252	0.00688	0.04128	0.01143	0.01497	0.02005	0.06519	0.66528	0.04896	0.02253	0.00961	0.00303	0.00481	0.02060	0.00692	0.00641
203	0.01771	0.02009	0.04360	0.06787	0.04030	0.01906	0.62507	0.02404	0.01776	0.02404	0.01525	0.02045	0.01144	0.00646	0.00888	0.00256	0.01265	0.00884	0.00381	0.01014
204	0.78701	0.01467	0.01115	0.00997	0.01467	0.01702	0.00821	0.02230	0.01291	0.03403	0.01056	0.01232	0.00821	0.00704	0.00469	0.00235	0.00587	0.00411	0.00469	0.00821
205	0.01103	0.00735	0.00827	0.00827	0.00827	0.00735	0.00460	0.01103	0.01103	0.01471	0.02390	0.04964	0.02758	0.73343	0.03861	0.00735	0.00735	0.01103	0.00460	0.00460
206	0.01103	0.00735	0.00827	0.00827	0.00827	0.00735	0.00460	0.01103	0.01103	0.01471	0.02390	0.04964	0.02758	0.73343	0.03861	0.00735	0.00735	0.01103	0.00460	0.00460
207	0.02781	0.03516	0.02200	0.02101	0.05957	0.66565	0.01513	0.02991	0.02126	0.01890	0.01186	0.01396	0.00989	0.00776	0.00688	0.00197	0.01342	0.00499	0.00390	0.00897
208	0.02842	0.02019	0.02180	0.01679	0.02265	0.02217	0.01384	0.60106	0.03408	0.07836	0.01908	0.01904	0.01348	0.00911	0.00749	0.00226	0.00804	0.00688	0.04264	0.01263
209	0.00924	0.00660	0.00880	0.01056	0.01100	0.00616	0.00704	0.01056	0.01452	0.01936	0.04181	0.72848	0.05017	0.02376	0.00968	0.00308	0.00440	0.02156	0.00704	0.00616
210	0.01452	0.01386	0.02395	0.67796	0.05155	0.01698	0.05581	0.01965	0.01532	0.01965	0.01358	0.02024	0.01019	0.00752	0.00766	0.00253	0.01026	0.00686	0.00340	0.00852
211	0.01887	0.01494	0.01616	0.01421	0.01851	0.01638	0.01101	0.03539	0.50397	0.07890	0.03100	0.03020	0.05127	0.04964	0.00927	0.00269	0.00598	0.00863	0.00737	0.07560
212	0.01521	0.03923	0.69413	0.02162	0.03283	0.01762	0.02802	0.02402	0.01601	0.02402	0.01361	0.01601	0.00961	0.00721	0.00721	0.00240	0.01121	0.00560	0.00320	0.01121
213	0.00924	0.00660	0.00880	0.01056	0.01100	0.00616	0.00704	0.01056	0.01452	0.01936	0.04181	0.72848	0.05017	0.02376	0.00968	0.00308	0.00440	0.02156	0.00704	0.00616
214	0.02125	0.01560	0.01719	0.01494	0.01932	0.01740	0.01172	0.09718	0.46757	0.12252	0.02880	0.02790	0.02157	0.04083	0.03845	0.00311	0.00695	0.00836	0.00766	0.01170
215	0.05653	0.51764	0.15425	0.01496	0.02166	0.02659	0.01574	0.02256	0.01508	0.01978	0.01105	0.01323	0.00966	0.00721	0.00694	0.00194	0.06752	0.00455	0.00331	0.00981
216	0.01376	0.01006	0.01290	0.01202	0.01362	0.01137	0.00902	0.10206	0.01523	0.02146	0.02069	0.03278	0.02001	0.22490	0.37256	0.00872	0.04639	0.00860	0.03674	0.00712
217	0.01573	0.01348	0.01573	0.01123	0.01798	0.01011	0.00899	0.01910	0.01573	0.02472	0.01348	0.01573	0.01123	0.00562	0.00562	0.00112	0.00562	0.00449	0.00449	0.77980
218	0.20350	0.04626	0.04299	0.09090	0.11166	0.31785	0.01530	0.04688	0.01840	0.02423	0.01221	0.01487	0.00983	0.00746	0.00648	0.00216	0.01045	0.00520	0.00410	0.00929
219	0.00898	0.00762	0.00775	0.00786	0.01029	0.00639	0.00584	0.01087	0.01712	0.02042	0.07469	0.11323	0.64420	0.01949	0.00901	0.00259	0.00388	0.01635	0.00704	0.00639
220	0.01311	0.01054	0.01237	0.01258	0.01436	0.01150	0.00909	0.02162	0.25132	0.02352	0.03559	0.40998	0.03755	0.05716	0.01117	0.00314	0.03442	0.01570	0.00700	0.00827
221	0.00896	0.00768	0.00768	0.00768	0.01025	0.00640	0.00576	0.01089	0.01729	0.02049	0.07684	0.07300	0.68304	0.01921	0.00896	0.00256	0.00384	0.01601	0.00704	0.00640
222	0.02883	0.02125	0.02276	0.01745	0.02352	0.02352	0.01442	0.66082	0.03566	0.04780	0.01821	0.01821	0.01290	0.00911	0.00759	0.00228	0.00835	0.00683	0.00759	0.01290
223	0.01829	0.01602	0.01661	0.01539	0.01930	0.04585	0.01215	0.03631	0.54999	0.02987	0.03143	0.03603	0.02558	0.01174	0.00808	0.00268	0.00647	0.09963	0.00745	0.01114
224	0.01108	0.00791	0.00975	0.00919	0.01132	0.00710	0.00693	0.01420	0.02038	0.05076	0.49998	0.05989	0.23085	0.01627	0.00891	0.00243	0.00375	0.01411	0.00804	0.00716
225	0.01361	0.00702	0.00726	0.00745	0.00907	0.00697	0.00549	0.01690	0.01576	0.02731	0.02659	0.10406	0.02277	0.01045	0.00578	0.00191	0.00363	0.00864	0.69236	0.00697
226	0.01573	0.01348	0.01573	0.01123	0.01798	0.01011	0.00899	0.01910	0.01573	0.02472	0.01348	0.01573	0.01123	0.00562	0.00562	0.00112	0.00562	0.00449	0.00449	0.77980
227	0.78701	0.01467	0.01115	0.00997	0.01467	0.01702	0.00821	0.02230	0.01291	0.03403	0.01056	0.01232	0.00821	0.00704	0.00469	0.00235	0.00587	0.00411	0.00469	0.00821
228	0.01573	0.01348	0.01573	0.01123	0.01798	0.01011	0.00899	0.01910	0.01573	0.02472	0.01348	0.01573	0.01123	0.00562	0.00562	0.00112	0.00562	0.00449	0.00449	0.77980
229	0.01074	0.00775	0.01014	0.00954	0.01133	0.00716	0.00716	0.01431	0.02147	0.03042	0.68211	0.05666	0.07157	0.01551	0.00895	0.00239	0.00358	0.01372	0.00835	0.00716
230	0.01519	0.01562	0.03096	0.04550	0.05628	0.01476	0.37872	0.02031	0.01852	0.02515	0.17185	0.03631	0.08069	0.01032	0.00893	0.00256	0.00944	0.04456	0.00527	0.00907
231	0.02883	0.02125	0.02276	0.01745	0.02352	0.02352	0.01442	0.66082	0.03566	0.04780	0.01821	0.01821	0.01290	0.00911	0.00759	0.00228	0.00835	0.00683	0.00759	0.01290
232	0.01919	0.04270	0.03749	0.02864	0.08652	0.01843	0.45011	0.07490	0.01899	0.06049	0.01736	0.04555	0.01399	0.03825	0.00980	0.00269	0.01112	0.00889	0.00454	0.01033
233	0.00905	0.00769	0.00780	0.00777	0.01030	0.00644	0.00583	0.01104	0.01748	0.02095	0.10470	0.07225	0.65490	0.01904	0.00896	0.00255	0.00383	0.01590	0.00710	0.00644
234	0.01166	0.00797	0.01037	0.00965	0.01163	0.00730	0.00728	0.01516	0.02134	0.05812	0.63341	0.05592	0.09057	0.01538	0.00889	0.00239	0.00371	0.01354	0.00835	0.00737
235	0.05437	0.09255	0.03622	0.02622	0.05792	0.06342	0.36519	0.06537	0.01790	0.02445	0.01380	0.01807	0.01097	0.00769	0.01032	0.00249	0.11163	0.00743	0.00399	0.00997
236	0.02833	0.03615	0.02149	0.01954	0.02345	0.70298	0.01466	0.03029	0.02149	0.01856	0.01172	0.01368	0.00977	0.00782	0.00684	0.00195	0.01368	0.00489	0.00391	0.00879
237	0.03305	0.01301	0.01751	0.01349	0.01922	0.01142	0.01112	0.05687	0.02216	0.64707	0.05219	0.02664	0.02041	0.00959	0.00767	0.00235	0.00642	0.00781	0.00929	0.01271
238	0.01094	0.00731	0.00830	0.00839	0.00842	0.00729	0.00472	0.01101	0.01121	0.01495	0.02484	0.08531	0.02876	0.69614	0.03709	0.00713	0.00720	0.01158	0.00472	0.00468
239	0.01909	0.01576	0.01683	0.01516	0.01936	0.01804	0.01177	0.03897	0.61934	0.05806	0.03128	0.05651	0.02407	0.01080	0.00779	0.00258	0.00596	0.00906	0.00776	0.01181
240	0.01497	0.03752	0.65685	0.02096	0.03166	0.01705	0.02689	0.02349	0.01631	0.02437	0.05005	0.01823	0.01299	0.00766	0.00730	0.00240	0.01079	0.00605	0.00348	0.01099
241	0.01659	0.17691	0.38458	0.02120	0.05752	0.02042	0.07734	0.02282	0.01592	0.02253	0.03944	0.01740	0.01240	0.00786	0.00860	0.00233	0.07614	0.00605	0.00351	0.01043
