[name]
unknown

[dist]
# distance from previous block
# <min> <max>
2	146

[block]
# block no. 0 follows, 22 sequences, length 7
# corresponding to MSA columns:
# 146-152
name=unknown_A
#
# <colnr> <probs for GDERKNQSTAVLIFYWHMCP>
#	G	D	E	R	K	N	Q	S	T	A	V	L	I	F	Y	W	H	M	C	P
0	0.30629	0.01321	0.01432	0.04952	0.01830	0.01431	0.01038	0.02349	0.01711	0.14956	0.07863	0.08663	0.05871	0.04811	0.03917	0.00346	0.04348	0.00936	0.00663	0.00933
1	0.09581	0.01143	0.01342	0.03612	0.01646	0.01205	0.00968	0.05421	0.07563	0.09883	0.07710	0.13310	0.02918	0.04731	0.08792	0.03725	0.00787	0.01086	0.13676	0.00900
2	0.05922	0.01795	0.07455	0.07312	0.02633	0.01751	0.09385	0.06823	0.10938	0.08408	0.02731	0.14839	0.04604	0.01331	0.01129	0.00295	0.09853	0.01114	0.00630	0.01052
3	0.01693	0.01024	0.01336	0.04637	0.01709	0.01007	0.01003	0.02177	0.08234	0.13793	0.13949	0.31496	0.04560	0.01845	0.00955	0.00297	0.00565	0.04407	0.04404	0.00909
4	0.06547	0.00913	0.01064	0.01066	0.01184	0.00938	0.00718	0.01541	0.04688	0.02296	0.14741	0.16069	0.04102	0.31879	0.08191	0.00603	0.00777	0.01366	0.00640	0.00676
5	0.01637	0.01425	0.04320	0.01485	0.01862	0.01359	0.05417	0.10489	0.13006	0.03122	0.14536	0.18076	0.12691	0.01602	0.00924	0.00280	0.00638	0.01403	0.04759	0.00970
6	0.07828	0.00975	0.01191	0.01129	0.01395	0.00913	0.00856	0.01804	0.02052	0.08930	0.33336	0.18128	0.09014	0.01732	0.00933	0.00275	0.00488	0.03925	0.00829	0.04267

[dist]
# distance from previous block
# <min> <max>
35	61

[block]
# block no. 1 follows, 22 sequences, length 24
# corresponding to MSA columns:
# 218-241
name=unknown_B
#
# <colnr> <probs for GDERKNQSTAVLIFYWHMCP>
#	G	D	E	R	K	N	Q	S	T	A	V	L	I	F	Y	W	H	M	C	P
0	0.02014	0.19033	0.41569	0.02299	0.03308	0.02291	0.08536	0.02680	0.01874	0.02667	0.01686	0.02045	0.01320	0.00907	0.00826	0.00279	0.01182	0.00684	0.03546	0.01253
1	0.01300	0.04933	0.01411	0.01226	0.01322	0.01182	0.00888	0.01447	0.01317	0.01820	0.02416	0.09477	0.02604	0.32196	0.25548	0.00873	0.07782	0.01104	0.00484	0.00671
2	0.01921	0.05207	0.05299	0.01754	0.03997	0.08423	0.01394	0.13328	0.02043	0.02670	0.02672	0.13530	0.07212	0.06475	0.08116	0.00425	0.12931	0.01082	0.00573	0.00949
3	0.01683	0.01603	0.02812	0.32873	0.04212	0.01757	0.17504	0.05343	0.05393	0.02498	0.02207	0.14160	0.02011	0.01132	0.00910	0.00287	0.01038	0.01097	0.00503	0.00978
4	0.01842	0.01562	0.02378	0.43358	0.09057	0.01864	0.02018	0.04881	0.08539	0.05634	0.01839	0.02342	0.01388	0.00916	0.00932	0.00274	0.05050	0.00767	0.04330	0.01030
5	0.01697	0.01483	0.02096	0.09510	0.04894	0.04905	0.07194	0.05429	0.01698	0.02243	0.02441	0.11349	0.05914	0.01764	0.01750	0.16286	0.13137	0.04894	0.00503	0.00813
6	0.01555	0.06428	0.01651	0.08180	0.01967	0.01395	0.01097	0.11961	0.02063	0.02650	0.04501	0.22200	0.21735	0.05107	0.01145	0.00311	0.03027	0.01480	0.00682	0.00864
7	0.02138	0.02295	0.01918	0.01756	0.02007	0.27719	0.01353	0.04600	0.01842	0.02149	0.01714	0.02391	0.01550	0.06019	0.22130	0.00617	0.11909	0.00728	0.04295	0.00870
8	0.01147	0.00805	0.00960	0.00994	0.01051	0.00799	0.00628	0.01230	0.01365	0.01807	0.03543	0.16854	0.10078	0.43676	0.10870	0.00730	0.00876	0.01432	0.00572	0.00583
9	0.01940	0.02447	0.12098	0.03613	0.13798	0.02060	0.46065	0.02640	0.01925	0.02666	0.01639	0.02153	0.01244	0.00717	0.00933	0.00273	0.01315	0.00899	0.00410	0.01164
10	0.02745	0.08186	0.09783	0.04696	0.08201	0.27947	0.01768	0.06331	0.02206	0.14063	0.01779	0.01948	0.01339	0.01130	0.04055	0.00287	0.01220	0.00647	0.00542	0.01127
11	0.03266	0.02052	0.02310	0.01783	0.02433	0.02181	0.01469	0.44086	0.06179	0.21902	0.02409	0.02273	0.01640	0.01012	0.00833	0.00253	0.00846	0.00781	0.00886	0.01409
12	0.01502	0.01155	0.01338	0.01315	0.01595	0.01197	0.01005	0.02443	0.22121	0.04945	0.14264	0.19712	0.14024	0.01817	0.00968	0.00301	0.00554	0.07978	0.00826	0.00938
13	0.01743	0.01848	0.07899	0.10724	0.33286	0.01686	0.05358	0.02322	0.04854	0.02622	0.06124	0.11064	0.04638	0.01111	0.00875	0.00268	0.00906	0.01038	0.00512	0.01120
14	0.01569	0.01477	0.02492	0.68808	0.05722	0.01846	0.02307	0.02123	0.01661	0.02123	0.01477	0.02215	0.01107	0.00831	0.00831	0.00277	0.01107	0.00738	0.00369	0.00923
15	0.01854	0.01926	0.03146	0.02518	0.02733	0.02431	0.17336	0.02168	0.01448	0.02168	0.01241	0.01926	0.01134	0.01262	0.02281	0.00342	0.51954	0.00792	0.00378	0.00963
16	0.02798	0.01637	0.04159	0.01820	0.05078	0.01519	0.05345	0.07949	0.13230	0.33612	0.03255	0.08902	0.04469	0.01179	0.00869	0.00270	0.00758	0.01013	0.00860	0.01276
17	0.01304	0.00936	0.01223	0.01200	0.01318	0.01022	0.00856	0.05108	0.01462	0.02025	0.02511	0.08382	0.02610	0.29583	0.35653	0.01007	0.01505	0.01096	0.00512	0.00690
18	0.01012	0.00723	0.00964	0.01157	0.01205	0.00675	0.00771	0.01157	0.01591	0.02121	0.04579	0.70262	0.05495	0.02603	0.01060	0.00337	0.00482	0.02362	0.00771	0.00675
19	0.03103	0.03959	0.02354	0.02140	0.02568	0.67469	0.01605	0.03317	0.02354	0.02033	0.01284	0.01498	0.01070	0.00856	0.00749	0.00214	0.01498	0.00535	0.00428	0.00963
20	0.02895	0.02186	0.02309	0.01932	0.04615	0.06241	0.01507	0.43395	0.08871	0.08556	0.02338	0.07223	0.01837	0.01113	0.00844	0.00257	0.00883	0.00878	0.00801	0.01318
21	0.01680	0.01284	0.01738	0.04764	0.01851	0.01396	0.04691	0.06307	0.01651	0.05701	0.04978	0.06556	0.02518	0.31995	0.02665	0.00514	0.12403	0.01049	0.00549	0.05706
22	0.02717	0.02006	0.02179	0.01722	0.02281	0.02170	0.01384	0.48584	0.03347	0.04509	0.02263	0.08917	0.01922	0.06350	0.01095	0.00292	0.00846	0.00925	0.00780	0.05712
23	0.06277	0.06960	0.02287	0.07360	0.05263	0.05733	0.04883	0.05262	0.19618	0.11363	0.06275	0.02956	0.02257	0.01038	0.00811	0.00256	0.00820	0.03845	0.00684	0.06052

[dist]
# distance from previous block
# <min> <max>
0	3

[block]
# block no. 2 follows, 22 sequences, length 30
# corresponding to MSA columns:
# 245-274
name=unknown_C
#
# <colnr> <probs for GDERKNQSTAVLIFYWHMCP>
#	G	D	E	R	K	N	Q	S	T	A	V	L	I	F	Y	W	H	M	C	P
0	0.04778	0.05188	0.13089	0.01798	0.02393	0.05649	0.06041	0.11535	0.10911	0.09502	0.02342	0.06389	0.01922	0.05667	0.05194	0.00359	0.00995	0.00873	0.04261	0.01115
1	0.02328	0.05075	0.02547	0.02328	0.12729	0.15089	0.05305	0.11589	0.06878	0.02969	0.01670	0.01891	0.01332	0.00788	0.00744	0.00204	0.00961	0.00641	0.00532	0.24401
2	0.02104	0.05185	0.03532	0.04808	0.03298	0.09211	0.29869	0.08940	0.02073	0.02690	0.01874	0.06589	0.01653	0.01050	0.01162	0.00285	0.10337	0.03796	0.00492	0.01053
3	0.02975	0.02034	0.02246	0.01719	0.02368	0.02140	0.01413	0.45104	0.03342	0.12415	0.02124	0.02116	0.01504	0.00952	0.00793	0.00232	0.00826	0.00728	0.04319	0.10649
4	0.03623	0.01437	0.01925	0.01491	0.02123	0.01274	0.01227	0.04071	0.06243	0.62271	0.03284	0.02845	0.02086	0.01034	0.00836	0.00259	0.00704	0.00842	0.01017	0.01408
5	0.01938	0.01903	0.03036	0.18239	0.34043	0.04908	0.08552	0.02606	0.07219	0.02648	0.05343	0.02412	0.01731	0.00849	0.00848	0.00259	0.01018	0.00816	0.00470	0.01162
6	0.01187	0.00890	0.01335	0.01335	0.01483	0.01038	0.01038	0.01483	0.01335	0.01928	0.02225	0.03264	0.02077	0.06231	0.67512	0.01335	0.02225	0.00890	0.00445	0.00742
7	0.76672	0.01607	0.01221	0.01092	0.01607	0.01864	0.00900	0.02442	0.01414	0.03727	0.01157	0.01350	0.00900	0.00771	0.00514	0.00257	0.00643	0.00450	0.00514	0.00900
8	0.01060	0.00871	0.00949	0.00928	0.01201	0.00736	0.00690	0.01301	0.01921	0.02423	0.16060	0.13534	0.46763	0.02000	0.00966	0.00273	0.00435	0.01698	0.00775	0.05417
9	0.03103	0.03959	0.02354	0.02140	0.02568	0.67469	0.01605	0.03317	0.02354	0.02033	0.01284	0.01498	0.01070	0.00856	0.00749	0.00214	0.01498	0.00535	0.00428	0.00963
10	0.01909	0.02118	0.04484	0.12998	0.07357	0.02058	0.51145	0.02578	0.01914	0.02586	0.01646	0.02229	0.01241	0.00721	0.00952	0.00278	0.01339	0.00934	0.00412	0.01101
11	0.01208	0.00805	0.00906	0.00906	0.00906	0.00805	0.00503	0.01208	0.01208	0.01611	0.02618	0.05436	0.03020	0.70804	0.04228	0.00805	0.00805	0.01208	0.00503	0.00503
12	0.03186	0.02282	0.02465	0.01890	0.02554	0.02509	0.01561	0.59947	0.03830	0.08248	0.02058	0.02036	0.01445	0.00999	0.00831	0.00250	0.00904	0.00752	0.00841	0.01413
13	0.02020	0.45453	0.03463	0.01524	0.02026	0.02744	0.01405	0.04529	0.01762	0.02245	0.08663	0.02091	0.01914	0.01204	0.03881	0.00272	0.12709	0.00647	0.00444	0.01005
14	0.01024	0.00728	0.00960	0.01141	0.01187	0.00683	0.00755	0.01160	0.01567	0.02089	0.04458	0.66267	0.05342	0.06805	0.01256	0.00366	0.00502	0.02291	0.00755	0.00664
15	0.03158	0.02327	0.02493	0.01911	0.02576	0.02576	0.01579	0.62852	0.03906	0.05236	0.01995	0.01995	0.01413	0.00997	0.00831	0.00249	0.00914	0.00748	0.00831	0.01413
16	0.01904	0.01766	0.03052	0.02230	0.02945	0.01570	0.27642	0.02530	0.05745	0.06380	0.05079	0.02577	0.04451	0.00822	0.00833	0.00222	0.00944	0.00853	0.00545	0.27912
17	0.06469	0.02120	0.11471	0.05621	0.20684	0.01916	0.10922	0.02582	0.08169	0.02708	0.02037	0.03011	0.01778	0.01058	0.01067	0.00289	0.08229	0.08254	0.00493	0.01122
18	0.01759	0.03652	0.47168	0.02724	0.03830	0.01983	0.21754	0.02640	0.01819	0.02640	0.01550	0.01907	0.01118	0.00761	0.00849	0.00268	0.01282	0.00729	0.00373	0.01194
19	0.01208	0.00805	0.00906	0.00906	0.00906	0.00805	0.00503	0.01208	0.01208	0.01611	0.02618	0.05436	0.03020	0.70804	0.04228	0.00805	0.00805	0.01208	0.00503	0.00503
20	0.01766	0.01660	0.02797	0.48254	0.19901	0.01916	0.04685	0.04728	0.01820	0.02413	0.01526	0.02169	0.01176	0.00811	0.00834	0.00269	0.01082	0.00749	0.00400	0.01045
21	0.02019	0.46956	0.26936	0.01765	0.02664	0.02794	0.02020	0.02540	0.01712	0.02200	0.01277	0.01486	0.01061	0.00739	0.00626	0.00209	0.01012	0.00506	0.00354	0.01125
22	0.01239	0.01065	0.01733	0.08184	0.02133	0.01032	0.10408	0.01559	0.01819	0.02428	0.14814	0.35456	0.10967	0.01925	0.01003	0.00303	0.00663	0.01776	0.00702	0.00790
23	0.01188	0.00885	0.01310	0.01310	0.01449	0.01025	0.01007	0.01467	0.01328	0.01910	0.02248	0.03392	0.02132	0.10037	0.63782	0.01304	0.02142	0.00909	0.00448	0.00728
24	0.01012	0.00723	0.00964	0.01157	0.01205	0.00675	0.00771	0.01157	0.01591	0.02121	0.04579	0.70262	0.05495	0.02603	0.01060	0.00337	0.00482	0.02362	0.00771	0.00675
25	0.08116	0.01652	0.02415	0.36222	0.07977	0.01933	0.05652	0.02854	0.19256	0.02709	0.02004	0.02383	0.01514	0.00895	0.00817	0.00275	0.00952	0.00786	0.00521	0.01068
26	0.07092	0.01463	0.01888	0.01482	0.02100	0.01343	0.01215	0.04010	0.08958	0.56431	0.03186	0.02785	0.02052	0.01026	0.00821	0.00260	0.00698	0.00828	0.00984	0.01378
27	0.01821	0.01870	0.10617	0.15744	0.05919	0.01709	0.01695	0.13900	0.04833	0.02928	0.07674	0.03345	0.10292	0.04125	0.01254	0.04966	0.04782	0.00944	0.00580	0.01003
28	0.05466	0.01555	0.01847	0.01434	0.02037	0.01453	0.01161	0.10395	0.06592	0.19134	0.05129	0.02392	0.01880	0.01108	0.03385	0.00251	0.03111	0.00712	0.00710	0.30247
29	0.05308	0.17610	0.34553	0.01947	0.02892	0.02203	0.02213	0.10385	0.02077	0.10896	0.01696	0.01815	0.01221	0.00829	0.00735	0.00242	0.01027	0.00617	0.00505	0.01227

[dist]
# distance from previous block
# <min> <max>
0	1

[block]
# block no. 3 follows, 22 sequences, length 10
# corresponding to MSA columns:
# 276-285
name=unknown_D
#
# <colnr> <probs for GDERKNQSTAVLIFYWHMCP>
#	G	D	E	R	K	N	Q	S	T	A	V	L	I	F	Y	W	H	M	C	P
0	0.01887	0.01588	0.02374	0.17254	0.17471	0.01692	0.05131	0.05554	0.12749	0.06419	0.11959	0.03342	0.06806	0.01088	0.00872	0.00266	0.00834	0.00975	0.00631	0.01107
1	0.02579	0.01211	0.01593	0.01317	0.01767	0.01102	0.01050	0.03069	0.06625	0.36411	0.28356	0.04214	0.04431	0.01306	0.00895	0.00260	0.00576	0.01113	0.00970	0.01152
2	0.01770	0.01463	0.01701	0.01286	0.01931	0.01193	0.01014	0.07746	0.01914	0.02874	0.01913	0.10312	0.01781	0.00900	0.00691	0.00162	0.00627	0.00750	0.00559	0.59412
3	0.08218	0.01765	0.06643	0.08986	0.16529	0.01657	0.04550	0.03791	0.01800	0.06653	0.04096	0.09953	0.01957	0.01073	0.00986	0.00257	0.07338	0.00898	0.00527	0.12322
4	0.01198	0.00847	0.01119	0.01119	0.01192	0.00921	0.00769	0.01345	0.01271	0.01768	0.02423	0.04360	0.02553	0.38800	0.35594	0.01068	0.01509	0.01050	0.00474	0.00622
5	0.02544	0.09144	0.02355	0.06395	0.02488	0.16247	0.01428	0.21533	0.05411	0.05548	0.04873	0.02283	0.01738	0.04832	0.00957	0.00256	0.00967	0.00716	0.00619	0.09667
6	0.36375	0.01868	0.01833	0.01523	0.02075	0.07828	0.04561	0.10262	0.02045	0.13722	0.01879	0.02290	0.01463	0.00941	0.00700	0.00256	0.00815	0.04601	0.00640	0.04323
7	0.04781	0.01582	0.02006	0.01680	0.02109	0.01646	0.07626	0.20249	0.09923	0.03337	0.02879	0.22736	0.02833	0.06315	0.01128	0.00314	0.00767	0.01281	0.00714	0.06093
8	0.09232	0.02208	0.07125	0.09790	0.27800	0.06431	0.06313	0.08129	0.09431	0.03011	0.01755	0.02078	0.01371	0.00829	0.00801	0.00256	0.01000	0.00731	0.00503	0.01203
9	0.04075	0.01581	0.04736	0.07258	0.02250	0.01646	0.01363	0.06076	0.16645	0.11610	0.04978	0.09695	0.08340	0.05155	0.01310	0.00319	0.10130	0.01082	0.00701	0.01051

[dist]
# distance from previous block
# <min> <max>
1	8

[block]
# block no. 4 follows, 22 sequences, length 205
# corresponding to MSA columns:
# 294-498
name=unknown_E
#
# <colnr> <probs for GDERKNQSTAVLIFYWHMCP>
#	G	D	E	R	K	N	Q	S	T	A	V	L	I	F	Y	W	H	M	C	P
0	0.30090	0.02339	0.13624	0.01819	0.05652	0.07868	0.03800	0.02556	0.01691	0.05580	0.01406	0.01655	0.01091	0.00800	0.00768	0.00238	0.04569	0.00560	0.00477	0.13416
1	0.01177	0.00904	0.01072	0.01196	0.01285	0.03803	0.00830	0.01359	0.01582	0.02131	0.03870	0.50032	0.04454	0.05381	0.11541	0.00495	0.00807	0.01905	0.05478	0.00699
2	0.01684	0.01436	0.01682	0.01226	0.01928	0.01084	0.00973	0.02041	0.01716	0.02675	0.01644	0.05414	0.01460	0.00722	0.00639	0.00135	0.00608	0.00593	0.00507	0.71833
3	0.03044	0.04063	0.02053	0.05375	0.05613	0.01332	0.01304	0.03384	0.02154	0.44613	0.02801	0.05600	0.01962	0.01001	0.00801	0.00239	0.00727	0.00829	0.00843	0.12260
4	0.01887	0.01802	0.03067	0.27145	0.44894	0.01930	0.02466	0.02402	0.01812	0.02509	0.01533	0.02111	0.01244	0.00771	0.00825	0.00257	0.01029	0.00740	0.00397	0.01180
5	0.01207	0.00809	0.00922	0.00922	0.00928	0.00814	0.00524	0.01219	0.01213	0.01623	0.02603	0.05354	0.02984	0.68354	0.06630	0.00825	0.00859	0.01196	0.00501	0.00512
6	0.02221	0.71304	0.04353	0.01421	0.02132	0.03287	0.01421	0.02488	0.01688	0.01955	0.01155	0.01333	0.01066	0.00711	0.00533	0.00178	0.00888	0.00444	0.00355	0.01066
7	0.01443	0.00722	0.01082	0.01082	0.01082	0.00722	0.00722	0.01082	0.01082	0.01443	0.01443	0.02525	0.01443	0.02886	0.03247	0.75830	0.00722	0.00722	0.00361	0.00361
8	0.01569	0.01477	0.02492	0.68808	0.05722	0.01846	0.02307	0.02123	0.01661	0.02123	0.01477	0.02215	0.01107	0.00831	0.00831	0.00277	0.01107	0.00738	0.00369	0.00923
9	0.02061	0.54434	0.17006	0.01600	0.02395	0.02898	0.01733	0.02477	0.01731	0.02154	0.04019	0.01632	0.01359	0.00770	0.00605	0.00199	0.00937	0.00525	0.00379	0.01087
10	0.01879	0.01950	0.06510	0.11076	0.39216	0.02008	0.02313	0.02333	0.01703	0.02456	0.01500	0.02088	0.01284	0.01243	0.05464	0.00343	0.14346	0.00740	0.00396	0.01152
11	0.37089	0.01837	0.01821	0.01775	0.08898	0.07868	0.01268	0.05245	0.01934	0.22175	0.01878	0.01906	0.01326	0.00861	0.00678	0.00252	0.00790	0.00616	0.00660	0.01124
12	0.01976	0.01082	0.01458	0.01383	0.05090	0.00974	0.01000	0.02336	0.02291	0.22162	0.37596	0.05124	0.11151	0.01481	0.00928	0.00261	0.00523	0.01282	0.00907	0.00996
13	0.01163	0.00849	0.01093	0.01032	0.01233	0.00779	0.00774	0.01544	0.02322	0.03262	0.61546	0.06320	0.11520	0.01724	0.00980	0.00263	0.00394	0.01518	0.00905	0.00779
14	0.36136	0.01588	0.01627	0.01352	0.01914	0.01680	0.01104	0.05718	0.10610	0.27063	0.02291	0.02171	0.01580	0.00926	0.00693	0.00260	0.00679	0.00674	0.00765	0.01170
15	0.02096	0.01789	0.04578	0.01481	0.02228	0.01349	0.01206	0.04992	0.01984	0.05408	0.01811	0.02119	0.01495	0.00827	0.00749	0.00189	0.00741	0.00605	0.00604	0.63751
16	0.01176	0.00849	0.01110	0.01045	0.01241	0.00784	0.00784	0.01568	0.02352	0.03331	0.65184	0.06206	0.07839	0.01698	0.00980	0.00261	0.00392	0.01502	0.00914	0.00784
17	0.01912	0.02271	0.07803	0.06379	0.04148	0.02125	0.50444	0.02567	0.01866	0.02567	0.01601	0.02171	0.01225	0.00788	0.01141	0.00288	0.08278	0.00924	0.00408	0.01095
18	0.02945	0.16054	0.02713	0.02011	0.02490	0.55943	0.01572	0.03168	0.02235	0.02019	0.01261	0.01468	0.01069	0.00830	0.00710	0.00207	0.01389	0.00519	0.00415	0.00982
19	0.01961	0.02241	0.04902	0.03501	0.04342	0.02101	0.62605	0.02661	0.01961	0.02661	0.01681	0.02241	0.01261	0.00700	0.00980	0.00280	0.01401	0.00980	0.00420	0.01120
20	0.14142	0.02008	0.09157	0.02708	0.09517	0.01757	0.28682	0.02320	0.01772	0.02736	0.02123	0.15152	0.02004	0.01092	0.00884	0.00282	0.01039	0.01100	0.00496	0.01028
21	0.03318	0.01747	0.02100	0.01637	0.02251	0.01747	0.01340	0.28201	0.02960	0.36861	0.02830	0.06804	0.02010	0.01116	0.00848	0.00259	0.00778	0.00897	0.00930	0.01366
22	0.01549	0.00774	0.00774	0.00774	0.00968	0.00774	0.00581	0.01936	0.01742	0.03097	0.02710	0.03097	0.02129	0.00968	0.00581	0.00194	0.00387	0.00774	0.75416	0.00774
23	0.76672	0.01607	0.01221	0.01092	0.01607	0.01864	0.00900	0.02442	0.01414	0.03727	0.01157	0.01350	0.00900	0.00771	0.00514	0.00257	0.00643	0.00450	0.00514	0.00900
24	0.39632	0.01970	0.01862	0.01505	0.02095	0.02223	0.01242	0.32879	0.02669	0.04487	0.01579	0.01675	0.01158	0.00885	0.00674	0.00253	0.00779	0.00600	0.00674	0.01158
25	0.01549	0.00774	0.00774	0.00774	0.00968	0.00774	0.00581	0.01936	0.01742	0.03097	0.02710	0.03097	0.02129	0.00968	0.00581	0.00194	0.00387	0.00774	0.75416	0.00774
26	0.01443	0.00722	0.01082	0.01082	0.01082	0.00722	0.00722	0.01082	0.01082	0.01443	0.01443	0.02525	0.01443	0.02886	0.03247	0.75830	0.00722	0.00722	0.00361	0.00361
27	0.03727	0.01414	0.01928	0.01478	0.02121	0.01221	0.01221	0.04049	0.02378	0.66198	0.03277	0.02828	0.02056	0.01028	0.00835	0.00257	0.00707	0.00835	0.01028	0.01414
28	0.01208	0.00805	0.00906	0.00906	0.00906	0.00805	0.00503	0.01208	0.01208	0.01611	0.02618	0.05436	0.03020	0.70804	0.04228	0.00805	0.00805	0.01208	0.00503	0.00503
29	0.03158	0.02327	0.02493	0.01911	0.02576	0.02576	0.01579	0.62852	0.03906	0.05236	0.01995	0.01995	0.01413	0.00997	0.00831	0.00249	0.00914	0.00748	0.00831	0.01413
30	0.01321	0.00936	0.01180	0.01109	0.01338	0.00891	0.00834	0.01843	0.07180	0.05509	0.52057	0.09496	0.09710	0.01698	0.00969	0.00268	0.00431	0.01493	0.00899	0.00839
31	0.01176	0.00849	0.01110	0.01045	0.01241	0.00784	0.00784	0.01568	0.02352	0.03331	0.65184	0.06206	0.07839	0.01698	0.00980	0.00261	0.00392	0.01502	0.00914	0.00784
32	0.57001	0.01874	0.07437	0.01302	0.01906	0.01834	0.01177	0.06021	0.01698	0.11077	0.01485	0.01597	0.01079	0.00816	0.00595	0.00257	0.00720	0.00527	0.00577	0.01019
33	0.06770	0.01366	0.01788	0.01397	0.01998	0.01199	0.01148	0.03692	0.02286	0.57002	0.03692	0.03274	0.08288	0.01123	0.00835	0.00259	0.00676	0.00909	0.00979	0.01320
34	0.01117	0.00890	0.01014	0.01028	0.01273	0.00807	0.00792	0.01473	0.04522	0.02559	0.19997	0.11055	0.38901	0.02027	0.01002	0.00293	0.00472	0.09224	0.00805	0.00751
35	0.01771	0.03183	0.35253	0.02802	0.03798	0.01942	0.29614	0.02585	0.01880	0.02684	0.05132	0.02221	0.01524	0.00800	0.00886	0.00271	0.01259	0.00828	0.00413	0.01155
36	0.03226	0.02111	0.02346	0.01810	0.02461	0.02269	0.01492	0.47817	0.06419	0.17890	0.02328	0.02221	0.01600	0.01010	0.00833	0.00252	0.00859	0.00775	0.00873	0.01408
37	0.01536	0.00929	0.01226	0.01106	0.01365	0.00846	0.00846	0.01918	0.02355	0.12218	0.56433	0.05728	0.07021	0.01604	0.00959	0.00261	0.00436	0.01408	0.00931	0.00873
38	0.01761	0.01739	0.06459	0.16039	0.09237	0.01888	0.04071	0.07680	0.01749	0.02492	0.01664	0.02320	0.01409	0.02163	0.15819	0.00519	0.17670	0.00772	0.03565	0.00985
39	0.06600	0.01324	0.01754	0.01385	0.01944	0.01174	0.01130	0.03544	0.02329	0.52434	0.13938	0.03347	0.03009	0.01133	0.00846	0.00258	0.00649	0.00934	0.00985	0.01281
40	0.01476	0.01335	0.01994	0.05810	0.27649	0.01291	0.01554	0.01828	0.01867	0.02442	0.04782	0.08706	0.28303	0.01531	0.00927	0.00278	0.00714	0.05940	0.00606	0.00965
41	0.31709	0.17255	0.08454	0.01492	0.02114	0.02113	0.04094	0.07906	0.01860	0.06530	0.04515	0.05425	0.01636	0.00930	0.00662	0.00245	0.00795	0.00685	0.00547	0.01034
42	0.73158	0.01571	0.01216	0.01090	0.01590	0.01813	0.00894	0.02401	0.01457	0.03709	0.04137	0.01576	0.01223	0.00814	0.00536	0.00257	0.00631	0.00499	0.00533	0.00894
43	0.18767	0.02012	0.05248	0.01896	0.02389	0.02176	0.07002	0.23661	0.02366	0.03645	0.01816	0.05035	0.01553	0.01135	0.01169	0.00287	0.14230	0.03905	0.00605	0.01101
44	0.01928	0.01823	0.02914	0.02424	0.08671	0.01712	0.20598	0.05426	0.11885	0.02919	0.02034	0.02561	0.01656	0.00843	0.00824	0.00229	0.00925	0.03958	0.00549	0.26121
45	0.01052	0.00731	0.00964	0.01128	0.01169	0.00690	0.00742	0.01158	0.01529	0.02038	0.04238	0.60660	0.05060	0.09400	0.01477	0.03898	0.00525	0.02171	0.00725	0.00643
46	0.01818	0.03217	0.38206	0.06200	0.06443	0.01889	0.18696	0.02616	0.01864	0.05246	0.04632	0.02176	0.01485	0.00818	0.00855	0.00267	0.01196	0.00775	0.00427	0.01173
47	0.01891	0.10706	0.16928	0.07928	0.03926	0.02140	0.35891	0.02567	0.01853	0.02533	0.01555	0.02009	0.01182	0.00725	0.00861	0.00257	0.01246	0.00802	0.00398	0.04601
48	0.01012	0.00723	0.00964	0.01157	0.01205	0.00675	0.00771	0.01157	0.01591	0.02121	0.04579	0.70262	0.05495	0.02603	0.01060	0.00337	0.00482	0.02362	0.00771	0.00675
49	0.03158	0.02327	0.02493	0.01911	0.02576	0.02576	0.01579	0.62852	0.03906	0.05236	0.01995	0.01995	0.01413	0.00997	0.00831	0.00249	0.00914	0.00748	0.00831	0.01413
50	0.01176	0.00849	0.01110	0.01045	0.01241	0.00784	0.00784	0.01568	0.02352	0.03331	0.65184	0.06206	0.07839	0.01698	0.00980	0.00261	0.00392	0.01502	0.00914	0.00784
51	0.01961	0.02241	0.04902	0.03501	0.04342	0.02101	0.62605	0.02661	0.01961	0.02661	0.01681	0.02241	0.01261	0.00700	0.00980	0.00280	0.01401	0.00980	0.00420	0.01120
52	0.01961	0.02241	0.04902	0.03501	0.04342	0.02101	0.62605	0.02661	0.01961	0.02661	0.01681	0.02241	0.01261	0.00700	0.00980	0.00280	0.01401	0.00980	0.00420	0.01120
53	0.01275	0.00872	0.01135	0.01056	0.01273	0.00799	0.00796	0.01657	0.02336	0.05916	0.60505	0.06131	0.09717	0.01685	0.00974	0.00262	0.00406	0.01484	0.00914	0.00807
54	0.01033	0.00817	0.00930	0.00958	0.01168	0.00714	0.00697	0.01271	0.01932	0.02467	0.20644	0.21312	0.38872	0.02120	0.00999	0.00289	0.00428	0.01830	0.00804	0.00714
55	0.02221	0.71304	0.04353	0.01421	0.02132	0.03287	0.01421	0.02488	0.01688	0.01955	0.01155	0.01333	0.01066	0.00711	0.00533	0.00178	0.00888	0.00444	0.00355	0.01066
56	0.01549	0.00774	0.00774	0.00774	0.00968	0.00774	0.00581	0.01936	0.01742	0.03097	0.02710	0.03097	0.02129	0.00968	0.00581	0.00194	0.00387	0.00774	0.75416	0.00774
57	0.02995	0.05851	0.02407	0.01759	0.02382	0.02377	0.01461	0.50839	0.03507	0.08270	0.02085	0.02105	0.01494	0.00981	0.00793	0.00241	0.00854	0.00739	0.07526	0.01337
58	0.01203	0.00862	0.01218	0.01218	0.01323	0.00967	0.00892	0.01398	0.01293	0.01829	0.02291	0.03775	0.02286	0.22209	0.49069	0.04274	0.01809	0.00962	0.00456	0.00667
59	0.01946	0.02400	0.12727	0.03825	0.31365	0.04658	0.20645	0.02540	0.01912	0.02627	0.02016	0.02426	0.05350	0.00827	0.00873	0.00260	0.01132	0.00851	0.00429	0.01190
60	0.03060	0.07541	0.02481	0.02075	0.02545	0.56768	0.01592	0.09801	0.02487	0.02380	0.01355	0.01543	0.01107	0.00863	0.00746	0.00216	0.01400	0.00553	0.00468	0.01018
61	0.08841	0.02478	0.16406	0.03030	0.13962	0.01960	0.25188	0.06118	0.02009	0.09373	0.01755	0.02077	0.01285	0.00781	0.00850	0.00265	0.01130	0.00790	0.00498	0.01202
62	0.76672	0.01607	0.01221	0.01092	0.01607	0.01864	0.00900	0.02442	0.01414	0.03727	0.01157	0.01350	0.00900	0.00771	0.00514	0.00257	0.00643	0.00450	0.00514	0.00900
63	0.01549	0.00774	0.00774	0.00774	0.00968	0.00774	0.00581	0.01936	0.01742	0.03097	0.02710	0.03097	0.02129	0.00968	0.00581	0.00194	0.00387	0.00774	0.75416	0.00774
64	0.02766	0.15123	0.06388	0.02333	0.09180	0.43390	0.01754	0.05490	0.02222	0.02256	0.01332	0.01563	0.01108	0.00821	0.00726	0.00215	0.01302	0.00554	0.00426	0.01051
65	0.76672	0.01607	0.01221	0.01092	0.01607	0.01864	0.00900	0.02442	0.01414	0.03727	0.01157	0.01350	0.00900	0.00771	0.00514	0.00257	0.00643	0.00450	0.00514	0.00900
66	0.76672	0.01607	0.01221	0.01092	0.01607	0.01864	0.00900	0.02442	0.01414	0.03727	0.01157	0.01350	0.00900	0.00771	0.00514	0.00257	0.00643	0.00450	0.00514	0.00900
67	0.03005	0.02232	0.02387	0.01851	0.02489	0.02465	0.01522	0.57215	0.06663	0.05013	0.02359	0.02326	0.04439	0.01055	0.00839	0.00252	0.00879	0.00804	0.00829	0.01375
68	0.01872	0.01612	0.01767	0.01457	0.02033	0.01598	0.01144	0.03283	0.34795	0.03094	0.02789	0.02726	0.04718	0.00951	0.00753	0.00214	0.00629	0.00784	0.00691	0.33088
69	0.01715	0.01331	0.01497	0.01326	0.01679	0.01391	0.01029	0.13903	0.16012	0.03517	0.28596	0.07535	0.14013	0.01536	0.00925	0.00269	0.00558	0.01307	0.00856	0.01004
70	0.05596	0.01857	0.05505	0.26296	0.09380	0.01948	0.06866	0.15043	0.02245	0.06098	0.06799	0.02430	0.01777	0.00945	0.00910	0.00268	0.03574	0.00807	0.00555	0.01102
71	0.03440	0.01478	0.01919	0.01515	0.02128	0.01367	0.01237	0.04112	0.13043	0.55363	0.03295	0.02875	0.02139	0.01045	0.00837	0.00261	0.00698	0.00853	0.00997	0.01397
72	0.01012	0.00723	0.00964	0.01157	0.01205	0.00675	0.00771	0.01157	0.01591	0.02121	0.04579	0.70262	0.05495	0.02603	0.01060	0.00337	0.00482	0.02362	0.00771	0.00675
73	0.05908	0.14997	0.06092	0.02183	0.11641	0.12651	0.01613	0.11164	0.07813	0.07858	0.01868	0.02167	0.01505	0.04820	0.03982	0.00314	0.01033	0.00691	0.00558	0.01141
74	0.01443	0.00722	0.01082	0.01082	0.01082	0.00722	0.00722	0.01082	0.01082	0.01443	0.01443	0.02525	0.01443	0.02886	0.03247	0.75830	0.00722	0.00722	0.00361	0.00361
75	0.01012	0.00723	0.00964	0.01157	0.01205	0.00675	0.00771	0.01157	0.01591	0.02121	0.04579	0.70262	0.05495	0.02603	0.01060	0.00337	0.00482	0.02362	0.00771	0.00675
76	0.02178	0.02192	0.05761	0.03935	0.40197	0.07941	0.07660	0.02844	0.07756	0.05691	0.01911	0.02442	0.01568	0.00863	0.00845	0.00257	0.01028	0.03194	0.00495	0.01244
77	0.01933	0.02143	0.04527	0.09789	0.10408	0.02065	0.51124	0.02600	0.01926	0.02616	0.01650	0.02221	0.01251	0.00716	0.00951	0.00277	0.01333	0.00934	0.00415	0.01121
78	0.02247	0.01874	0.01980	0.01727	0.02229	0.02151	0.01359	0.14099	0.54142	0.03767	0.03151	0.02916	0.02350	0.01106	0.00843	0.00276	0.00700	0.00908	0.00843	0.01331
79	0.06005	0.01787	0.03116	0.31063	0.28027	0.01934	0.11348	0.02383	0.01780	0.02517	0.01522	0.02110	0.01198	0.00773	0.00832	0.00265	0.01080	0.00759	0.00401	0.01100
80	0.01309	0.01893	0.21033	0.01502	0.01996	0.01131	0.01527	0.01830	0.01995	0.02806	0.28168	0.14194	0.08182	0.01629	0.00950	0.00286	0.00698	0.07275	0.00700	0.00898
81	0.02112	0.02079	0.03318	0.04942	0.62277	0.05449	0.02499	0.02590	0.01916	0.02678	0.01548	0.02026	0.01303	0.00746	0.00819	0.00245	0.01014	0.00729	0.00412	0.01297
82	0.01021	0.00730	0.00972	0.01151	0.01207	0.00681	0.00772	0.01179	0.01632	0.02186	0.07843	0.66812	0.05621	0.02554	0.01056	0.00333	0.00477	0.02315	0.00779	0.00681
83	0.01176	0.00849	0.01110	0.01045	0.01241	0.00784	0.00784	0.01568	0.02352	0.03331	0.65184	0.06206	0.07839	0.01698	0.00980	0.00261	0.00392	0.01502	0.00914	0.00784
84	0.02210	0.02108	0.02351	0.09429	0.14738	0.12139	0.01678	0.10986	0.11576	0.02951	0.01930	0.04778	0.01595	0.00943	0.00867	0.00237	0.03737	0.00759	0.00559	0.14431
85	0.01902	0.03092	0.32059	0.02952	0.07257	0.01998	0.27879	0.02673	0.01856	0.05245	0.01633	0.02022	0.01197	0.00784	0.00947	0.00273	0.03848	0.00788	0.00412	0.01183
86	0.02821	0.02036	0.02302	0.01996	0.06427	0.02222	0.01518	0.38839	0.15775	0.10236	0.02485	0.05404	0.01880	0.01083	0.00844	0.00260	0.00828	0.00868	0.00823	0.01353
87	0.01805	0.19299	0.45247	0.06538	0.06316	0.02236	0.02620	0.02562	0.01739	0.02448	0.01417	0.01702	0.01071	0.00772	0.00735	0.00244	0.01131	0.00589	0.00356	0.01175
88	0.01187	0.00890	0.01335	0.01335	0.01483	0.01038	0.01038	0.01483	0.01335	0.01928	0.02225	0.03264	0.02077	0.06231	0.67512	0.01335	0.02225	0.00890	0.00445	0.00742
89	0.01792	0.01522	0.01759	0.01274	0.02000	0.01201	0.01020	0.04592	0.04076	0.02835	0.01566	0.01783	0.01285	0.00649	0.00632	0.00134	0.00629	0.00519	0.00518	0.70214
90	0.01193	0.00866	0.01216	0.01216	0.01323	0.00973	0.00889	0.01407	0.01300	0.01840	0.02335	0.03869	0.02340	0.24230	0.49872	0.01187	0.01829	0.00979	0.00461	0.00675
91	0.02029	0.01946	0.03323	0.08656	0.62278	0.01967	0.02536	0.02526	0.01879	0.02681	0.01558	0.02065	0.01304	0.00745	0.00823	0.00248	0.00994	0.00740	0.00409	0.01294
92	0.10957	0.04882	0.05575	0.01486	0.02151	0.01423	0.01301	0.03733	0.02212	0.53276	0.02862	0.02547	0.01836	0.00974	0.00786	0.00254	0.00738	0.00765	0.00906	0.01335
93	0.01903	0.02468	0.22653	0.08127	0.20882	0.01723	0.07980	0.02526	0.01893	0.08149	0.05517	0.05735	0.01994	0.00995	0.00864	0.00270	0.01019	0.03637	0.00505	0.01163
94	0.02237	0.05064	0.02031	0.01698	0.02184	0.05535	0.01347	0.07401	0.49120	0.06336	0.03128	0.03121	0.02399	0.01130	0.00837	0.00275	0.00734	0.03346	0.00805	0.01272
95	0.65504	0.01726	0.03884	0.04603	0.05978	0.01872	0.01154	0.02441	0.01469	0.03545	0.01211	0.01451	0.00942	0.00773	0.00559	0.00258	0.00709	0.00488	0.00494	0.00940
96	0.01207	0.00883	0.01046	0.01064	0.01312	0.00789	0.00836	0.01489	0.01991	0.05136	0.18283	0.11064	0.35979	0.02046	0.01013	0.00299	0.00500	0.13496	0.00809	0.00758
97	0.01549	0.00774	0.00774	0.00774	0.00968	0.00774	0.00581	0.01936	0.01742	0.03097	0.02710	0.03097	0.02129	0.00968	0.00581	0.00194	0.00387	0.00774	0.75416	0.00774
98	0.01800	0.01829	0.02906	0.13216	0.03096	0.02361	0.11437	0.02123	0.01444	0.02123	0.01246	0.01949	0.01120	0.01234	0.02144	0.00336	0.47551	0.00769	0.00373	0.00944
99	0.01137	0.00814	0.00971	0.00994	0.01080	0.00799	0.00649	0.01254	0.01459	0.01927	0.07212	0.14742	0.14258	0.37091	0.11417	0.00690	0.00859	0.01438	0.00602	0.00608
100	0.01208	0.00805	0.00906	0.00906	0.00906	0.00805	0.00503	0.01208	0.01208	0.01611	0.02618	0.05436	0.03020	0.70804	0.04228	0.00805	0.00805	0.01208	0.00503	0.00503
101	0.02712	0.01936	0.02165	0.01628	0.02317	0.01923	0.01334	0.35556	0.02984	0.10523	0.01943	0.01983	0.01414	0.00866	0.00756	0.00206	0.00788	0.00667	0.00732	0.27568
102	0.05445	0.01936	0.03560	0.08965	0.09925	0.01912	0.31939	0.04934	0.01900	0.02724	0.01700	0.04870	0.01402	0.00839	0.00972	0.00261	0.04740	0.00880	0.00457	0.10640
103	0.02930	0.02073	0.02272	0.01779	0.02397	0.02237	0.01452	0.46540	0.08288	0.10133	0.02328	0.05817	0.01768	0.01076	0.00833	0.00251	0.00837	0.00844	0.00828	0.05317
104	0.01749	0.01842	0.05797	0.02218	0.05503	0.02289	0.01796	0.01983	0.01330	0.02042	0.01296	0.02137	0.01277	0.06082	0.06108	0.00433	0.54065	0.00761	0.00379	0.00912
105	0.36800	0.14430	0.07036	0.01297	0.01851	0.01951	0.01170	0.04964	0.01656	0.08886	0.01618	0.02112	0.01366	0.10553	0.01100	0.00319	0.00774	0.00616	0.00532	0.00970
106	0.71962	0.01653	0.01303	0.01145	0.01669	0.01909	0.00943	0.06313	0.01573	0.03824	0.01210	0.01391	0.00933	0.00786	0.00534	0.00257	0.00660	0.00469	0.00534	0.00933
107	0.01339	0.00885	0.01163	0.01073	0.01297	0.00812	0.00812	0.01727	0.02353	0.07360	0.61217	0.05989	0.07468	0.01655	0.00971	0.00261	0.00412	0.01460	0.00922	0.00824
108	0.06616	0.01730	0.02020	0.01608	0.02187	0.01767	0.01306	0.26913	0.05435	0.30183	0.02804	0.09148	0.02110	0.01165	0.00841	0.00263	0.00761	0.00939	0.00893	0.01311
109	0.01138	0.00832	0.01068	0.01043	0.01226	0.00762	0.00769	0.01481	0.02211	0.03078	0.52305	0.14974	0.12303	0.01854	0.00991	0.00273	0.00406	0.01639	0.00883	0.00762
110	0.02025	0.01993	0.03153	0.16648	0.51088	0.05607	0.02452	0.02514	0.01875	0.02567	0.01531	0.02054	0.01264	0.00763	0.00820	0.00250	0.01038	0.00728	0.00404	0.01224
111	0.02716	0.33483	0.03231	0.01825	0.02377	0.39332	0.01525	0.02954	0.02062	0.01999	0.01227	0.01426	0.01068	0.00792	0.00654	0.00198	0.01231	0.00495	0.00396	0.01008
112	0.01200	0.00836	0.01062	0.01062	0.01116	0.00890	0.00698	0.01308	0.01254	0.01727	0.02475	0.04645	0.02677	0.47286	0.27276	0.00998	0.01322	0.01092	0.00482	0.00590
113	0.02366	0.01608	0.01847	0.01591	0.02061	0.01738	0.01271	0.13416	0.29012	0.15144	0.09374	0.03541	0.02894	0.01537	0.05143	0.00343	0.00789	0.04242	0.00853	0.01228
114	0.03067	0.01366	0.01776	0.01454	0.01985	0.01264	0.01165	0.03668	0.11341	0.47052	0.06026	0.10715	0.02761	0.01251	0.00869	0.00270	0.00661	0.01053	0.00967	0.01289
115	0.01498	0.01340	0.01834	0.01626	0.01738	0.03884	0.05540	0.01685	0.01370	0.01913	0.02051	0.06564	0.02152	0.24752	0.17580	0.00712	0.21555	0.01007	0.00453	0.00747
116	0.02422	0.56137	0.03918	0.01564	0.02230	0.12481	0.01460	0.07387	0.01960	0.02226	0.01240	0.01409	0.01094	0.00754	0.00588	0.00189	0.00978	0.00481	0.00404	0.01079
117	0.01207	0.00809	0.00925	0.00925	0.00931	0.00816	0.00527	0.01220	0.01214	0.01625	0.02600	0.05342	0.02979	0.67986	0.06991	0.00829	0.00867	0.01194	0.00501	0.00514
118	0.11820	0.02242	0.02343	0.01815	0.02462	0.02492	0.01499	0.55734	0.03612	0.05058	0.01896	0.01919	0.01352	0.00971	0.00794	0.00250	0.00882	0.00713	0.00794	0.01352
119	0.67999	0.01795	0.04751	0.01212	0.01774	0.01913	0.01058	0.06323	0.01591	0.03766	0.01228	0.01412	0.00941	0.00787	0.00549	0.00257	0.00691	0.00478	0.00526	0.00950
120	0.01941	0.02330	0.07830	0.06252	0.04048	0.05494	0.48060	0.02578	0.01911	0.02550	0.01733	0.04946	0.01398	0.00831	0.01030	0.00282	0.04308	0.00971	0.00426	0.01081
121	0.01666	0.04297	0.66500	0.02368	0.03596	0.01929	0.03069	0.02631	0.01754	0.02631	0.01491	0.01754	0.01052	0.00789	0.00789	0.00263	0.01228	0.00614	0.00351	0.01228
122	0.01741	0.07443	0.48344	0.02731	0.14425	0.01953	0.02764	0.02552	0.01806	0.02645	0.04850	0.02019	0.01459	0.00824	0.00791	0.00255	0.01122	0.00674	0.00392	0.01211
123	0.02672	0.01360	0.05200	0.01367	0.01876	0.01085	0.01153	0.03007	0.02198	0.40196	0.12141	0.11696	0.09585	0.01399	0.00894	0.00270	0.00638	0.01185	0.00919	0.01160
124	0.01339	0.00956	0.01339	0.01530	0.01721	0.00956	0.01339	0.01721	0.01912	0.02486	0.04399	0.09371	0.04781	0.02295	0.01147	0.00382	0.00765	0.60031	0.00765	0.00765
125	0.01468	0.01151	0.01734	0.05867	0.12344	0.01171	0.01590	0.01878	0.01895	0.02503	0.03774	0.07781	0.04012	0.01960	0.01077	0.00354	0.00820	0.47071	0.00685	0.00863
126	0.38361	0.02059	0.08718	0.05611	0.02736	0.01952	0.14466	0.08185	0.01861	0.06755	0.01510	0.01767	0.01113	0.00796	0.00705	0.00263	0.00917	0.00644	0.00526	0.01056
127	0.01855	0.01854	0.06591	0.16157	0.12375	0.01776	0.23007	0.02328	0.01780	0.05325	0.04617	0.02412	0.01586	0.01096	0.01266	0.09335	0.04328	0.00854	0.00446	0.01010
128	0.01012	0.00723	0.00964	0.01157	0.01205	0.00675	0.00771	0.01157	0.01591	0.02121	0.04579	0.70262	0.05495	0.02603	0.01060	0.00337	0.00482	0.02362	0.00771	0.00675
129	0.01167	0.00843	0.01103	0.01051	0.01239	0.00778	0.00783	0.01546	0.02311	0.03267	0.61982	0.09590	0.07715	0.01746	0.00984	0.00265	0.00397	0.01548	0.00907	0.00778
130	0.02023	0.21103	0.24935	0.02274	0.05949	0.05211	0.11337	0.02691	0.04375	0.05383	0.01633	0.01922	0.01275	0.01129	0.05030	0.00309	0.01182	0.00669	0.00427	0.01142
131	0.01799	0.01241	0.01602	0.10120	0.02041	0.03604	0.01156	0.07135	0.01618	0.06217	0.01849	0.02817	0.01677	0.10866	0.08463	0.26069	0.06729	0.00806	0.03459	0.00732
132	0.73575	0.01572	0.01203	0.01079	0.01580	0.01819	0.00887	0.02421	0.01427	0.03701	0.01221	0.01422	0.00950	0.00779	0.00517	0.00254	0.00632	0.00463	0.03602	0.00895
133	0.01723	0.01477	0.01723	0.01230	0.01969	0.01107	0.00984	0.02092	0.01723	0.02707	0.01477	0.01723	0.01230	0.00615	0.00615	0.00123	0.00615	0.00492	0.00492	0.75883
134	0.01021	0.00730	0.00972	0.01151	0.01207	0.00681	0.00772	0.01178	0.01631	0.02185	0.07781	0.66878	0.05618	0.02555	0.01056	0.00333	0.00477	0.02316	0.00779	0.00681
135	0.02438	0.01233	0.01590	0.01313	0.01742	0.01146	0.01046	0.08755	0.02519	0.29728	0.33034	0.04375	0.04783	0.01349	0.00905	0.00258	0.00576	0.01149	0.00954	0.01110
136	0.02052	0.01043	0.01391	0.01194	0.01543	0.00934	0.00934	0.02419	0.02361	0.24916	0.43929	0.05046	0.05853	0.01468	0.00930	0.00260	0.00500	0.01273	0.00954	0.01000
137	0.01372	0.01147	0.01233	0.01168	0.01486	0.01161	0.00888	0.02312	0.22319	0.02835	0.16718	0.08551	0.32160	0.01732	0.00940	0.00280	0.00496	0.01467	0.00821	0.00916
138	0.01176	0.00849	0.01110	0.01045	0.01241	0.00784	0.00784	0.01568	0.02352	0.03331	0.65184	0.06206	0.07839	0.01698	0.00980	0.00261	0.00392	0.01502	0.00914	0.00784
139	0.02221	0.71304	0.04353	0.01421	0.02132	0.03287	0.01421	0.02488	0.01688	0.01955	0.01155	0.01333	0.01066	0.00711	0.00533	0.00178	0.00888	0.00444	0.00355	0.01066
140	0.03727	0.01414	0.01928	0.01478	0.02121	0.01221	0.01221	0.04049	0.02378	0.66198	0.03277	0.02828	0.02056	0.01028	0.00835	0.00257	0.00707	0.00835	0.01028	0.01414
141	0.01189	0.00891	0.01111	0.01082	0.01291	0.00838	0.00813	0.01637	0.05526	0.03042	0.45921	0.12427	0.15050	0.01832	0.00987	0.00277	0.00434	0.03989	0.00872	0.00790
142	0.03158	0.02327	0.02493	0.01911	0.02576	0.02576	0.01579	0.62852	0.03906	0.05236	0.01995	0.01995	0.01413	0.00997	0.00831	0.00249	0.00914	0.00748	0.00831	0.01413
143	0.01443	0.00722	0.01082	0.01082	0.01082	0.00722	0.00722	0.01082	0.01082	0.01443	0.01443	0.02525	0.01443	0.02886	0.03247	0.75830	0.00722	0.00722	0.00361	0.00361
144	0.01961	0.02241	0.04902	0.03501	0.04342	0.02101	0.62605	0.02661	0.01961	0.02661	0.01681	0.02241	0.01261	0.00700	0.00980	0.00280	0.01401	0.00980	0.00420	0.01120
145	0.02221	0.71304	0.04353	0.01421	0.02132	0.03287	0.01421	0.02488	0.01688	0.01955	0.01155	0.01333	0.01066	0.00711	0.00533	0.00178	0.00888	0.00444	0.00355	0.01066
146	0.01187	0.00890	0.01335	0.01335	0.01483	0.01038	0.01038	0.01483	0.01335	0.01928	0.02225	0.03264	0.02077	0.06231	0.67512	0.01335	0.02225	0.00890	0.00445	0.00742
147	0.01065	0.00808	0.01184	0.01288	0.01380	0.00754	0.04223	0.01241	0.01611	0.02151	0.04417	0.66465	0.05258	0.02496	0.01056	0.00334	0.00533	0.02285	0.00752	0.00700
148	0.76672	0.01607	0.01221	0.01092	0.01607	0.01864	0.00900	0.02442	0.01414	0.03727	0.01157	0.01350	0.00900	0.00771	0.00514	0.00257	0.00643	0.00450	0.00514	0.00900
149	0.76672	0.01607	0.01221	0.01092	0.01607	0.01864	0.00900	0.02442	0.01414	0.03727	0.01157	0.01350	0.00900	0.00771	0.00514	0.00257	0.00643	0.00450	0.00514	0.00900
150	0.01040	0.00844	0.00923	0.00903	0.01158	0.00726	0.00677	0.01305	0.02032	0.02572	0.25531	0.07455	0.47965	0.01982	0.00981	0.00275	0.00412	0.01678	0.00815	0.00726
151	0.00997	0.00847	0.00863	0.00872	0.01148	0.00712	0.00662	0.01215	0.01894	0.02255	0.08240	0.08055	0.62644	0.02112	0.00989	0.00285	0.00436	0.04297	0.00771	0.00704
152	0.01961	0.02241	0.04902	0.03501	0.04342	0.02101	0.62605	0.02661	0.01961	0.02661	0.01681	0.02241	0.01261	0.00700	0.00980	0.00280	0.01401	0.00980	0.00420	0.01120
153	0.01788	0.01774	0.02487	0.02141	0.02148	0.02473	0.01781	0.01975	0.01275	0.01996	0.01144	0.01886	0.01137	0.01680	0.05793	0.00409	0.66109	0.00735	0.00367	0.00901
154	0.01818	0.01818	0.02545	0.02181	0.02181	0.02545	0.01818	0.01999	0.01272	0.01999	0.01091	0.01818	0.01091	0.01454	0.02726	0.00364	0.69284	0.00727	0.00364	0.00909
155	0.01549	0.00774	0.00774	0.00774	0.00968	0.00774	0.00581	0.01936	0.01742	0.03097	0.02710	0.03097	0.02129	0.00968	0.00581	0.00194	0.00387	0.00774	0.75416	0.00774
156	0.03044	0.02263	0.02431	0.01868	0.02530	0.02481	0.01538	0.57591	0.05904	0.05040	0.02016	0.02019	0.01443	0.00982	0.00820	0.00244	0.00889	0.00741	0.00814	0.05344
157	0.02930	0.02157	0.02364	0.04628	0.02586	0.02396	0.01541	0.54801	0.03598	0.04858	0.02015	0.02111	0.01462	0.01233	0.03924	0.00299	0.00960	0.00755	0.04049	0.01333
158	0.01808	0.02030	0.07011	0.20388	0.06995	0.02135	0.24497	0.02337	0.01685	0.02345	0.01455	0.02086	0.01166	0.00940	0.01383	0.00299	0.19206	0.00818	0.00387	0.01028
159	0.01805	0.01742	0.05103	0.05157	0.05122	0.08364	0.07176	0.01889	0.01441	0.01909	0.01365	0.02135	0.01255	0.01803	0.02302	0.30563	0.19016	0.00725	0.00376	0.00748
160	0.03396	0.01778	0.02140	0.01636	0.02293	0.01750	0.01350	0.27169	0.02947	0.38752	0.02675	0.02440	0.01758	0.00994	0.00822	0.00247	0.00784	0.00783	0.00922	0.05365
161	0.03103	0.03959	0.02354	0.02140	0.02568	0.67469	0.01605	0.03317	0.02354	0.02033	0.01284	0.01498	0.01070	0.00856	0.00749	0.00214	0.01498	0.00535	0.00428	0.00963
162	0.01818	0.01818	0.02545	0.02181	0.02181	0.02545	0.01818	0.01999	0.01272	0.01999	0.01091	0.01818	0.01091	0.01454	0.02726	0.00364	0.69284	0.00727	0.00364	0.00909
163	0.03727	0.01414	0.01928	0.01478	0.02121	0.01221	0.01221	0.04049	0.02378	0.66198	0.03277	0.02828	0.02056	0.01028	0.00835	0.00257	0.00707	0.00835	0.01028	0.01414
164	0.01168	0.00849	0.01100	0.01037	0.01237	0.00781	0.00778	0.01554	0.02334	0.03290	0.63041	0.06273	0.10007	0.01714	0.00980	0.00262	0.00393	0.01512	0.00909	0.00781
165	0.01074	0.00821	0.01188	0.01266	0.01379	0.00763	0.04218	0.01269	0.01674	0.02234	0.08479	0.59461	0.08192	0.02415	0.01047	0.00327	0.00525	0.02201	0.00761	0.00708
