[name]
unknown

[dist]
# distance from previous block
# <min> <max>
0	42

[block]
# block no. 0 follows, 26 sequences, length 41
# corresponding to MSA columns:
# 43-83
name=unknown_A
#
# <colnr> <probs for GDERKNQSTAVLIFYWHMCP>
#	G	D	E	R	K	N	Q	S	T	A	V	L	I	F	Y	W	H	M	C	P
0	0.01556	0.01318	0.04504	0.04284	0.01779	0.03881	0.08102	0.05951	0.03642	0.06200	0.02527	0.05795	0.05129	0.36604	0.02319	0.00491	0.00821	0.03836	0.00524	0.00735
1	0.30590	0.01674	0.04738	0.06827	0.18927	0.04048	0.01439	0.02395	0.09470	0.02809	0.03314	0.02192	0.01492	0.04106	0.00799	0.00262	0.00752	0.02729	0.00481	0.00957
2	0.09138	0.01926	0.05532	0.03891	0.52439	0.04728	0.02096	0.02461	0.05917	0.02580	0.01485	0.01845	0.01218	0.00708	0.00722	0.00228	0.00881	0.00650	0.00408	0.01148
3	0.02144	0.02292	0.01743	0.01540	0.01953	0.30305	0.01175	0.07014	0.14403	0.02445	0.02476	0.05712	0.08619	0.01006	0.00720	0.00209	0.00895	0.00769	0.03129	0.11451
4	0.01859	0.01783	0.03045	0.07468	0.65945	0.01797	0.02319	0.02311	0.01718	0.02455	0.01423	0.01883	0.01193	0.00679	0.00751	0.00226	0.00906	0.00676	0.00374	0.01186
5	0.01566	0.01105	0.01337	0.01155	0.01544	0.00956	0.00872	0.06934	0.01750	0.08789	0.02936	0.30729	0.05405	0.01413	0.00774	0.00218	0.00536	0.01233	0.00634	0.30114
6	0.01081	0.00766	0.00970	0.00924	0.01061	0.00720	0.00655	0.01354	0.01900	0.02670	0.52626	0.05500	0.06115	0.18550	0.01597	0.00356	0.00447	0.01308	0.00746	0.00655
7	0.01877	0.01802	0.03079	0.04656	0.68612	0.01802	0.02328	0.02328	0.01727	0.02478	0.01427	0.01877	0.01201	0.00676	0.00751	0.00225	0.00901	0.00676	0.00375	0.01201
8	0.00946	0.00757	0.00846	0.00851	0.01062	0.00657	0.00628	0.01175	0.01806	0.02297	0.23187	0.14662	0.44699	0.01878	0.00904	0.00258	0.00384	0.01607	0.00739	0.00657
9	0.01432	0.01348	0.02275	0.71520	0.05224	0.01685	0.02107	0.01938	0.01517	0.01938	0.01348	0.02022	0.01011	0.00758	0.00758	0.00253	0.01011	0.00674	0.00337	0.00843
10	0.19875	0.01775	0.01937	0.18931	0.02814	0.05261	0.01452	0.28326	0.02350	0.03457	0.01632	0.02132	0.01288	0.00892	0.00706	0.00242	0.00839	0.04512	0.00565	0.01014
11	0.01729	0.01073	0.01319	0.05513	0.01644	0.02882	0.00944	0.05960	0.04560	0.14694	0.06450	0.17727	0.02849	0.10290	0.10962	0.00442	0.00815	0.01116	0.08196	0.00834
12	0.25262	0.05160	0.02059	0.01727	0.04438	0.23602	0.03992	0.17706	0.04358	0.03097	0.01375	0.01524	0.01065	0.00783	0.00644	0.00219	0.00942	0.00544	0.00511	0.00991
13	0.13804	0.15131	0.32665	0.06181	0.02860	0.02024	0.06764	0.07818	0.01721	0.02630	0.01312	0.01556	0.00987	0.00718	0.00660	0.00227	0.00964	0.00553	0.00388	0.01039
14	0.02743	0.06730	0.02137	0.01679	0.02183	0.30923	0.01329	0.14983	0.07579	0.14870	0.01786	0.01797	0.01318	0.00833	0.00700	0.00206	0.00989	0.00598	0.00591	0.06027
15	0.01680	0.01774	0.06568	0.32956	0.18164	0.05079	0.04363	0.02452	0.12658	0.02307	0.01732	0.03948	0.01379	0.00823	0.00764	0.00245	0.00937	0.00737	0.00432	0.01001
16	0.01877	0.01802	0.03079	0.04656	0.68612	0.01802	0.02328	0.02328	0.01727	0.02478	0.01427	0.01877	0.01201	0.00676	0.00751	0.00225	0.00901	0.00676	0.00375	0.01201
17	0.01112	0.00831	0.01180	0.01166	0.01267	0.00959	0.00872	0.01320	0.01192	0.01701	0.02066	0.03354	0.02045	0.20142	0.53153	0.01078	0.04642	0.00869	0.00415	0.00636
18	0.78701	0.01467	0.01115	0.00997	0.01467	0.01702	0.00821	0.02230	0.01291	0.03403	0.01056	0.01232	0.00821	0.00704	0.00469	0.00235	0.00587	0.00411	0.00469	0.00821
19	0.01050	0.00776	0.00984	0.00964	0.01148	0.00711	0.00732	0.01369	0.02016	0.02771	0.50584	0.09425	0.16530	0.01691	0.00910	0.00253	0.00392	0.06197	0.00797	0.00698
20	0.08251	0.01302	0.01719	0.01327	0.01906	0.01153	0.01096	0.03602	0.02114	0.64905	0.02868	0.02495	0.01810	0.00924	0.00744	0.00235	0.00642	0.00740	0.00909	0.01261
21	0.06688	0.01300	0.01711	0.01327	0.01889	0.01162	0.01092	0.05514	0.02174	0.60872	0.06051	0.02647	0.02069	0.00957	0.00756	0.00235	0.00635	0.00774	0.00907	0.01241
22	0.01958	0.01621	0.02270	0.09582	0.21792	0.01734	0.04097	0.13638	0.16259	0.05601	0.06942	0.02597	0.02004	0.05391	0.00968	0.00270	0.00789	0.00807	0.00586	0.01094
23	0.05560	0.20043	0.02456	0.01622	0.02115	0.25215	0.01326	0.10492	0.18997	0.02589	0.01711	0.01757	0.01353	0.00825	0.00658	0.00209	0.00937	0.00583	0.00520	0.01032
24	0.00974	0.00699	0.00925	0.01022	0.01111	0.00649	0.00708	0.01182	0.01685	0.02306	0.25621	0.50352	0.05733	0.02100	0.00944	0.00285	0.00413	0.01894	0.00748	0.00649
25	0.01925	0.01805	0.02996	0.07073	0.61877	0.01833	0.02262	0.06417	0.01837	0.02605	0.01449	0.01879	0.01200	0.00694	0.00752	0.00226	0.00901	0.00676	0.00399	0.01193
26	0.01550	0.07870	0.65717	0.02113	0.03207	0.01832	0.02717	0.02395	0.01598	0.02367	0.01344	0.01580	0.00962	0.00717	0.00707	0.00236	0.01103	0.00552	0.00321	0.01113
27	0.00924	0.00660	0.00880	0.01056	0.01100	0.00616	0.00704	0.01056	0.01452	0.01936	0.04181	0.72848	0.05017	0.02376	0.00968	0.00308	0.00440	0.02156	0.00704	0.00616
28	0.00990	0.00761	0.00913	0.00988	0.01132	0.00708	0.00697	0.01283	0.05339	0.02184	0.13550	0.41357	0.23190	0.02062	0.00927	0.00281	0.00422	0.01821	0.00725	0.00669
29	0.01867	0.05467	0.07466	0.07835	0.47989	0.01886	0.09088	0.04853	0.01778	0.02495	0.01427	0.01851	0.01162	0.00687	0.00752	0.00228	0.00955	0.00679	0.00383	0.01149
30	0.01877	0.01802	0.03079	0.04656	0.68612	0.01802	0.02328	0.02328	0.01727	0.02478	0.01427	0.01877	0.01201	0.00676	0.00751	0.00225	0.00901	0.00676	0.00375	0.01201
31	0.53118	0.01547	0.01420	0.01183	0.01695	0.01710	0.00975	0.13151	0.01822	0.14907	0.01516	0.01562	0.01081	0.00779	0.00568	0.00234	0.00638	0.00517	0.00598	0.00980
32	0.01566	0.00854	0.00869	0.00814	0.01036	0.00877	0.00625	0.08422	0.01795	0.03030	0.02407	0.02724	0.01876	0.00886	0.00554	0.00182	0.00403	0.00704	0.69608	0.00767
33	0.05521	0.08309	0.09729	0.06238	0.27128	0.08407	0.13452	0.04905	0.01769	0.02427	0.01360	0.01741	0.01096	0.00724	0.00807	0.00230	0.04056	0.00650	0.00385	0.01065
34	0.01029	0.00781	0.00972	0.01073	0.01191	0.00765	0.00751	0.01381	0.07877	0.02108	0.07151	0.51122	0.12488	0.02341	0.04855	0.00345	0.00535	0.01852	0.00700	0.00683
35	0.00958	0.00674	0.00870	0.01013	0.01048	0.00639	0.00658	0.01065	0.01386	0.01848	0.03841	0.59971	0.04588	0.15838	0.01517	0.00389	0.00496	0.01957	0.00658	0.00586
36	0.01828	0.01939	0.03862	0.03837	0.32344	0.01867	0.37968	0.02385	0.01763	0.02451	0.01487	0.01972	0.01173	0.00655	0.00832	0.00242	0.01113	0.00799	0.00380	0.01101
37	0.01011	0.00740	0.00953	0.00990	0.01131	0.00681	0.00721	0.01275	0.01849	0.02527	0.37176	0.28826	0.12622	0.01895	0.00927	0.00269	0.00404	0.04559	0.00771	0.00673
38	0.01920	0.01554	0.01759	0.01288	0.01945	0.01367	0.01043	0.18933	0.02102	0.03084	0.01474	0.01639	0.01168	0.00654	0.00614	0.00143	0.00634	0.00511	0.00531	0.57637
39	0.06376	0.01117	0.01330	0.01167	0.01503	0.01065	0.00894	0.07937	0.01837	0.08551	0.12634	0.24123	0.03324	0.01383	0.00839	0.00231	0.03193	0.01177	0.03347	0.17973
40	0.02409	0.01734	0.01974	0.01731	0.07405	0.01845	0.01286	0.41549	0.02844	0.06161	0.04649	0.02245	0.01675	0.03722	0.00844	0.00234	0.00733	0.00719	0.10421	0.05819

[dist]
# distance from previous block
# <min> <max>
0	2

[block]
# block no. 1 follows, 26 sequences, length 38
# corresponding to MSA columns:
# 86-123
name=unknown_B
#
# <colnr> <probs for GDERKNQSTAVLIFYWHMCP>
#	G	D	E	R	K	N	Q	S	T	A	V	L	I	F	Y	W	H	M	C	P
0	0.62286	0.01525	0.01467	0.05172	0.10398	0.01735	0.01104	0.04270	0.01432	0.03251	0.01144	0.01376	0.00896	0.00710	0.00530	0.00234	0.00658	0.00468	0.00460	0.00887
1	0.05422	0.01379	0.01711	0.01364	0.01870	0.01325	0.01106	0.16662	0.02378	0.41705	0.08326	0.08628	0.02432	0.01099	0.00781	0.00240	0.00642	0.00904	0.00855	0.01168
2	0.01570	0.01591	0.02800	0.30761	0.03789	0.01888	0.18359	0.01996	0.01481	0.02032	0.01409	0.04806	0.01206	0.00959	0.01307	0.00279	0.21740	0.00788	0.00363	0.00876
3	0.01217	0.00772	0.00951	0.00921	0.01101	0.00716	0.00678	0.01516	0.01887	0.05909	0.37984	0.13100	0.10286	0.04567	0.00956	0.00258	0.00399	0.01322	0.14746	0.00713
4	0.01414	0.00707	0.00707	0.00707	0.00884	0.00707	0.00530	0.01767	0.01591	0.02828	0.02474	0.02828	0.01944	0.00884	0.00530	0.00177	0.00353	0.00707	0.77554	0.00707
5	0.00924	0.00660	0.00880	0.01056	0.01100	0.00616	0.00704	0.01056	0.01452	0.01936	0.04181	0.72848	0.05017	0.02376	0.00968	0.00308	0.00440	0.02156	0.00704	0.00616
6	0.01195	0.00894	0.01285	0.01252	0.01416	0.01035	0.00979	0.05375	0.01365	0.01948	0.02019	0.02908	0.01859	0.05392	0.66015	0.01157	0.01957	0.00805	0.00428	0.00715
7	0.01859	0.06282	0.47870	0.02010	0.02958	0.01836	0.04575	0.12094	0.01955	0.06831	0.03666	0.01824	0.01272	0.00783	0.00731	0.00235	0.01017	0.00623	0.00443	0.01134
8	0.02028	0.73799	0.03975	0.01298	0.01947	0.03001	0.01298	0.02271	0.01541	0.01785	0.01055	0.01217	0.00973	0.00649	0.00487	0.00162	0.00811	0.00406	0.00324	0.00973
9	0.78701	0.01467	0.01115	0.00997	0.01467	0.01702	0.00821	0.02230	0.01291	0.03403	0.01056	0.01232	0.00821	0.00704	0.00469	0.00235	0.00587	0.00411	0.00469	0.00821
10	0.01887	0.01629	0.01715	0.01544	0.01972	0.01887	0.01201	0.04031	0.67241	0.03173	0.03087	0.02830	0.02315	0.01029	0.00772	0.00257	0.00600	0.00858	0.00772	0.01201
11	0.01412	0.01802	0.18373	0.07751	0.08700	0.01274	0.03430	0.02005	0.06176	0.04607	0.16074	0.11500	0.09693	0.01257	0.00826	0.00253	0.00728	0.02649	0.00575	0.00914
12	0.01031	0.00754	0.00969	0.00957	0.01118	0.00691	0.00702	0.01334	0.01986	0.02757	0.51472	0.17952	0.11986	0.01732	0.00908	0.00253	0.00375	0.01533	0.00800	0.00691
13	0.05939	0.01682	0.01753	0.01540	0.01993	0.01934	0.01211	0.11559	0.56047	0.03382	0.02828	0.02624	0.02113	0.00998	0.00755	0.00252	0.00628	0.00813	0.00755	0.01192
14	0.01602	0.11691	0.57095	0.02189	0.05283	0.01910	0.05286	0.02386	0.01607	0.02336	0.01336	0.01586	0.00978	0.00708	0.00703	0.00232	0.01085	0.00561	0.00325	0.01103
15	0.01801	0.32901	0.35288	0.01700	0.02550	0.02197	0.01985	0.02360	0.01631	0.05389	0.04696	0.01693	0.01324	0.00743	0.00634	0.00207	0.00930	0.00546	0.00378	0.01047
16	0.01197	0.00863	0.01119	0.01086	0.01202	0.00943	0.00778	0.05270	0.01336	0.01846	0.02339	0.03813	0.04327	0.31385	0.38122	0.00940	0.01404	0.00942	0.00458	0.00630
17	0.01103	0.00735	0.00827	0.00827	0.00827	0.00735	0.00460	0.01103	0.01103	0.01471	0.02390	0.04964	0.02758	0.73343	0.03861	0.00735	0.00735	0.01103	0.00460	0.00460
18	0.06399	0.01556	0.02670	0.17045	0.05532	0.01584	0.22684	0.04061	0.03774	0.02388	0.01728	0.08768	0.01515	0.00932	0.00900	0.02729	0.02970	0.00848	0.00440	0.11476
19	0.02008	0.01758	0.01905	0.05285	0.04508	0.06969	0.01348	0.14683	0.30425	0.03019	0.02248	0.02360	0.01743	0.01383	0.06851	0.00332	0.07731	0.00754	0.03615	0.01075
20	0.00945	0.00676	0.00899	0.01042	0.01105	0.00630	0.00706	0.01108	0.01548	0.02088	0.12980	0.63616	0.05311	0.02263	0.00958	0.00298	0.00429	0.02048	0.00722	0.00630
21	0.01768	0.01355	0.01598	0.01164	0.01819	0.01060	0.00934	0.02181	0.04546	0.09092	0.01588	0.01728	0.01251	0.00620	0.00591	0.00131	0.00572	0.00498	0.00512	0.66993
22	0.01906	0.48529	0.14964	0.01583	0.02261	0.05833	0.04913	0.02281	0.01612	0.01993	0.04536	0.01574	0.01294	0.00736	0.00646	0.00192	0.03293	0.00519	0.00356	0.00979
23	0.02574	0.06627	0.02270	0.01929	0.02259	0.54308	0.01494	0.02767	0.01935	0.01847	0.01134	0.01415	0.00980	0.00878	0.01013	0.00219	0.14581	0.00517	0.00377	0.00875
24	0.02106	0.01503	0.01645	0.01419	0.01853	0.01650	0.01120	0.12228	0.38820	0.11812	0.06324	0.02945	0.04446	0.01043	0.00758	0.00242	0.00598	0.00858	0.07490	0.01139
25	0.01573	0.11109	0.62684	0.02073	0.03145	0.01889	0.02648	0.02389	0.01595	0.02339	0.01330	0.01562	0.00962	0.00713	0.00697	0.00232	0.01089	0.00545	0.00321	0.01106
26	0.00945	0.00676	0.00899	0.01042	0.01105	0.00630	0.00706	0.01108	0.01548	0.02088	0.12980	0.63616	0.05311	0.02263	0.00958	0.00298	0.00429	0.02048	0.00722	0.00630
27	0.01049	0.00765	0.00986	0.00950	0.01123	0.00702	0.00705	0.01376	0.02060	0.02880	0.58656	0.11507	0.11110	0.01646	0.00901	0.00246	0.00367	0.01454	0.00815	0.00702
28	0.00924	0.00660	0.00880	0.01056	0.01100	0.00616	0.00704	0.01056	0.01452	0.01936	0.04181	0.72848	0.05017	0.02376	0.00968	0.00308	0.00440	0.02156	0.00704	0.00616
29	0.00960	0.00724	0.01004	0.01102	0.01196	0.00669	0.02980	0.01126	0.01523	0.02019	0.07628	0.61371	0.10388	0.02235	0.00956	0.00298	0.00461	0.02025	0.00700	0.00637
30	0.06394	0.01684	0.01862	0.01470	0.02014	0.01767	0.01197	0.32313	0.10012	0.14449	0.02103	0.02094	0.01515	0.01029	0.02947	0.00248	0.00743	0.00680	0.05161	0.10317
31	0.07517	0.05185	0.15932	0.16818	0.20626	0.01704	0.02001	0.02293	0.01635	0.08187	0.01675	0.02348	0.01373	0.00863	0.00809	0.00247	0.03796	0.05531	0.00434	0.01026
32	0.35526	0.26428	0.15334	0.01391	0.02056	0.02160	0.03375	0.02283	0.01451	0.02633	0.01129	0.01323	0.00910	0.00687	0.00537	0.00212	0.00787	0.00453	0.00389	0.00937
33	0.01769	0.02193	0.09544	0.03116	0.03911	0.01906	0.60936	0.02428	0.01776	0.02428	0.01521	0.02011	0.01136	0.00646	0.00882	0.00255	0.01266	0.00869	0.00379	0.01031
34	0.02268	0.01795	0.01952	0.01624	0.02080	0.02060	0.01307	0.30123	0.31343	0.03728	0.02345	0.02304	0.01751	0.00996	0.00896	0.00247	0.06582	0.00760	0.04658	0.01183
35	0.01327	0.00718	0.01098	0.07004	0.01349	0.00746	0.00782	0.01069	0.01033	0.01370	0.01320	0.02281	0.01291	0.02475	0.02776	0.71306	0.00689	0.00660	0.00330	0.00373
36	0.08787	0.05927	0.02208	0.01833	0.06311	0.16092	0.01395	0.31562	0.07189	0.06305	0.01684	0.01747	0.01257	0.00837	0.00700	0.00216	0.00893	0.00614	0.00612	0.03831
37	0.78701	0.01467	0.01115	0.00997	0.01467	0.01702	0.00821	0.02230	0.01291	0.03403	0.01056	0.01232	0.00821	0.00704	0.00469	0.00235	0.00587	0.00411	0.00469	0.00821

[dist]
# distance from previous block
# <min> <max>
1	2

[block]
# block no. 2 follows, 26 sequences, length 10
# corresponding to MSA columns:
# 126-135
name=unknown_C
#
# <colnr> <probs for GDERKNQSTAVLIFYWHMCP>
#	G	D	E	R	K	N	Q	S	T	A	V	L	I	F	Y	W	H	M	C	P
0	0.01386	0.00829	0.01088	0.01032	0.01230	0.00763	0.00766	0.01665	0.01927	0.12043	0.40076	0.16594	0.05561	0.07916	0.01154	0.00297	0.00458	0.03666	0.00790	0.00757
1	0.04298	0.06009	0.04953	0.01223	0.01527	0.01428	0.01037	0.12710	0.01785	0.02745	0.01942	0.02464	0.01624	0.05890	0.11660	0.00398	0.08119	0.00701	0.28646	0.00842
2	0.01938	0.61336	0.15647	0.01452	0.02185	0.02780	0.01566	0.02295	0.01552	0.01895	0.01109	0.01285	0.00971	0.00662	0.00528	0.00176	0.00866	0.00433	0.00324	0.01000
3	0.00939	0.00757	0.00840	0.00873	0.01081	0.00658	0.00650	0.01148	0.01728	0.02148	0.13302	0.18143	0.47505	0.01968	0.00917	0.00268	0.00409	0.05300	0.00718	0.00648
4	0.33973	0.02069	0.05930	0.04804	0.02230	0.09953	0.03970	0.20654	0.02124	0.05713	0.01408	0.01557	0.01041	0.00781	0.00634	0.00230	0.00833	0.00551	0.00540	0.01006
5	0.01545	0.01735	0.06553	0.20723	0.03804	0.01642	0.35618	0.02080	0.01655	0.02221	0.01899	0.13304	0.01721	0.00952	0.00862	0.00263	0.01067	0.01022	0.00419	0.00916
6	0.00953	0.00691	0.00901	0.01017	0.01102	0.00638	0.00698	0.01136	0.01614	0.02173	0.17710	0.54756	0.09447	0.02176	0.00948	0.00290	0.00419	0.01958	0.00731	0.00638
7	0.00924	0.00660	0.00880	0.01056	0.01100	0.00616	0.00704	0.01056	0.01452	0.01936	0.04181	0.72848	0.05017	0.02376	0.00968	0.00308	0.00440	0.02156	0.00704	0.00616
8	0.30672	0.08887	0.01868	0.01471	0.03986	0.16257	0.01151	0.15368	0.01999	0.03124	0.01375	0.01542	0.01076	0.00772	0.00589	0.00213	0.00812	0.00517	0.07376	0.00945
9	0.01956	0.01431	0.01606	0.01419	0.01807	0.01536	0.01097	0.15843	0.27922	0.08989	0.03029	0.21136	0.02729	0.01333	0.00811	0.00256	0.00608	0.01139	0.00751	0.04602

[dist]
# distance from previous block
# <min> <max>
3	5

[block]
# block no. 3 follows, 26 sequences, length 14
# corresponding to MSA columns:
# 141-154
name=unknown_D
#
# <colnr> <probs for GDERKNQSTAVLIFYWHMCP>
#	G	D	E	R	K	N	Q	S	T	A	V	L	I	F	Y	W	H	M	C	P
0	0.06969	0.36156	0.17450	0.01448	0.02114	0.02134	0.01507	0.02357	0.01613	0.11102	0.01721	0.09243	0.01520	0.00894	0.00626	0.00210	0.00802	0.00677	0.00457	0.01000
1	0.15602	0.04668	0.08252	0.01728	0.02255	0.01455	0.16274	0.03897	0.01707	0.14948	0.02338	0.19194	0.02150	0.01145	0.00776	0.00255	0.00788	0.01036	0.00582	0.00951
2	0.00920	0.00675	0.00865	0.01017	0.01090	0.00619	0.00687	0.01061	0.01489	0.01951	0.04652	0.64023	0.13537	0.02315	0.00958	0.00301	0.00433	0.02082	0.00704	0.00619
3	0.00931	0.00770	0.00817	0.00805	0.01046	0.00655	0.00604	0.01156	0.01812	0.02245	0.19644	0.06977	0.56221	0.01848	0.00896	0.00253	0.00379	0.01556	0.00730	0.00655
4	0.01876	0.17764	0.29049	0.05851	0.09665	0.02120	0.09302	0.11066	0.01887	0.02585	0.01385	0.01650	0.01057	0.00720	0.00701	0.00223	0.01007	0.00600	0.00395	0.01096
5	0.03193	0.01594	0.07681	0.01456	0.02090	0.01282	0.01291	0.09170	0.02246	0.57579	0.02746	0.02428	0.01745	0.00917	0.00759	0.00235	0.00704	0.00738	0.00869	0.01276
6	0.03151	0.01235	0.01679	0.01307	0.01849	0.01072	0.01072	0.03451	0.02168	0.61979	0.10056	0.02916	0.02449	0.01005	0.00777	0.00235	0.00614	0.00829	0.00928	0.01229
7	0.01789	0.01739	0.03044	0.16794	0.51797	0.01790	0.07393	0.02265	0.01694	0.02375	0.01421	0.01917	0.01163	0.00688	0.00764	0.00233	0.00952	0.00693	0.00369	0.01121
8	0.37320	0.11454	0.02144	0.06901	0.02239	0.02019	0.06574	0.16090	0.01901	0.05118	0.01338	0.01525	0.01015	0.00747	0.00601	0.00227	0.00764	0.00540	0.00508	0.00975
9	0.00940	0.00667	0.00876	0.01036	0.01076	0.00626	0.00683	0.01060	0.01422	0.01896	0.04025	0.66953	0.04821	0.08539	0.01219	0.00345	0.00466	0.02065	0.00683	0.00602
10	0.00942	0.00673	0.00901	0.01077	0.01129	0.00632	0.00735	0.01087	0.01470	0.01956	0.04171	0.68965	0.04977	0.02359	0.00973	0.00311	0.00456	0.05861	0.00704	0.00621
11	0.05729	0.01743	0.01999	0.01617	0.02118	0.01900	0.04542	0.32890	0.17835	0.05609	0.02248	0.06468	0.01798	0.02937	0.03777	0.00291	0.00800	0.00820	0.00697	0.04180
12	0.09099	0.62553	0.07966	0.01326	0.01989	0.02800	0.01352	0.02276	0.01522	0.01975	0.01075	0.01243	0.00958	0.00659	0.00500	0.00174	0.00811	0.00416	0.00338	0.00969
13	0.01572	0.09924	0.56186	0.01972	0.03002	0.01792	0.02461	0.02337	0.01593	0.02354	0.01332	0.01564	0.00980	0.00697	0.00682	0.00219	0.01033	0.00535	0.00335	0.09432

[dist]
# distance from previous block
# <min> <max>
0	15

[block]
# block no. 4 follows, 26 sequences, length 102
# corresponding to MSA columns:
# 170-271
name=unknown_E
#
# <colnr> <probs for GDERKNQSTAVLIFYWHMCP>
#	G	D	E	R	K	N	Q	S	T	A	V	L	I	F	Y	W	H	M	C	P
0	0.01705	0.01868	0.08873	0.09808	0.21562	0.03479	0.11906	0.05884	0.01726	0.02394	0.01777	0.11502	0.01647	0.00987	0.00956	0.00250	0.07660	0.00884	0.00435	0.04696
1	0.02751	0.01999	0.02168	0.01666	0.02269	0.02163	0.01370	0.54967	0.06394	0.07424	0.01896	0.01883	0.01352	0.00889	0.00743	0.00220	0.00792	0.00676	0.00742	0.07637
2	0.02050	0.01419	0.01771	0.01315	0.01916	0.01219	0.03962	0.10250	0.01907	0.15061	0.01804	0.02081	0.01415	0.06434	0.00900	0.00205	0.00658	0.00609	0.00577	0.44448
3	0.01854	0.01812	0.03190	0.06665	0.60210	0.01810	0.08572	0.02325	0.01727	0.02456	0.01435	0.01899	0.01190	0.00675	0.00765	0.00229	0.00942	0.00697	0.00375	0.01172
4	0.01492	0.01402	0.02281	0.60570	0.07775	0.01737	0.02039	0.02075	0.05420	0.02030	0.01437	0.02044	0.01097	0.00801	0.00851	0.00256	0.04764	0.00685	0.00364	0.00880
5	0.01401	0.01284	0.02135	0.64737	0.04820	0.01586	0.01965	0.01879	0.01516	0.01970	0.01558	0.06268	0.01284	0.00859	0.00762	0.00253	0.00953	0.00764	0.03180	0.00824
6	0.01847	0.01771	0.03024	0.09218	0.64286	0.01794	0.02313	0.02301	0.01713	0.02441	0.01421	0.01887	0.01188	0.00681	0.00751	0.00227	0.00909	0.00676	0.00373	0.01177
7	0.00915	0.00745	0.00811	0.00846	0.01049	0.00640	0.00615	0.01106	0.01698	0.02096	0.11298	0.21686	0.49866	0.01995	0.00912	0.00266	0.00395	0.01707	0.00714	0.00640
8	0.00938	0.00670	0.00897	0.01073	0.01123	0.00628	0.00729	0.01081	0.01466	0.01952	0.04173	0.69763	0.04985	0.02363	0.00972	0.00310	0.00452	0.05100	0.00704	0.00620
9	0.28547	0.01736	0.01906	0.01548	0.02076	0.01928	0.06713	0.20616	0.18800	0.06048	0.01899	0.01923	0.01400	0.00848	0.00675	0.00240	0.00721	0.00655	0.00637	0.01084
10	0.01963	0.64866	0.12340	0.01408	0.02118	0.02843	0.01490	0.02288	0.01549	0.01864	0.01094	0.01266	0.00972	0.00658	0.00517	0.00172	0.00851	0.00425	0.00324	0.00992
11	0.00924	0.00660	0.00880	0.01056	0.01100	0.00616	0.00704	0.01056	0.01452	0.01936	0.04181	0.72848	0.05017	0.02376	0.00968	0.00308	0.00440	0.02156	0.00704	0.00616
12	0.00924	0.00660	0.00880	0.01056	0.01100	0.00616	0.00704	0.01056	0.01452	0.01936	0.04181	0.72848	0.05017	0.02376	0.00968	0.00308	0.00440	0.02156	0.00704	0.00616
13	0.01587	0.01546	0.02578	0.11532	0.02831	0.04720	0.23794	0.04152	0.01645	0.02243	0.02049	0.15049	0.01968	0.04962	0.01181	0.00288	0.08909	0.01037	0.07080	0.00848
14	0.02706	0.03388	0.02147	0.01942	0.02303	0.62433	0.01471	0.02970	0.04450	0.01902	0.01228	0.01444	0.01027	0.00834	0.00830	0.00208	0.06911	0.00516	0.00400	0.00887
15	0.00923	0.00665	0.00875	0.01043	0.01097	0.00617	0.00698	0.01058	0.01465	0.01941	0.04342	0.69838	0.07923	0.02355	0.00965	0.00306	0.00437	0.02131	0.00704	0.00617
16	0.01658	0.05086	0.43713	0.07379	0.17503	0.03591	0.02501	0.02443	0.04685	0.02392	0.01441	0.01731	0.01080	0.00727	0.00725	0.00235	0.01039	0.00601	0.00356	0.01113
17	0.02005	0.70638	0.06936	0.01337	0.02007	0.02945	0.01366	0.02277	0.01544	0.01812	0.01068	0.01234	0.00973	0.00652	0.00497	0.00166	0.00825	0.00413	0.00324	0.00980
18	0.01944	0.01933	0.02176	0.37007	0.03731	0.15226	0.01760	0.09682	0.10857	0.02407	0.01588	0.01964	0.01214	0.00845	0.00832	0.00243	0.04523	0.00663	0.00455	0.00949
19	0.02973	0.01981	0.02188	0.01677	0.02281	0.02140	0.01386	0.55366	0.03327	0.15835	0.02022	0.01952	0.01391	0.00915	0.00759	0.00229	0.00802	0.00697	0.00790	0.01290
20	0.01626	0.20558	0.51228	0.01911	0.02884	0.02021	0.02366	0.02335	0.01607	0.02277	0.03730	0.01658	0.01190	0.00734	0.00671	0.00221	0.01019	0.00553	0.00340	0.01071
21	0.01264	0.00949	0.01315	0.04138	0.01596	0.00942	0.04723	0.04520	0.06831	0.04883	0.06001	0.48415	0.07560	0.01924	0.00916	0.00287	0.00547	0.01739	0.00691	0.00758
22	0.01521	0.03923	0.69413	0.02162	0.03283	0.01762	0.02802	0.02402	0.01601	0.02402	0.01361	0.01601	0.00961	0.00721	0.00721	0.00240	0.01121	0.00560	0.00320	0.01121
23	0.07317	0.06116	0.02225	0.01816	0.05267	0.16466	0.01403	0.33402	0.09727	0.06285	0.01764	0.01800	0.01309	0.00860	0.00712	0.00221	0.00900	0.00633	0.00632	0.01145
24	0.01432	0.01348	0.02275	0.71520	0.05224	0.01685	0.02107	0.01938	0.01517	0.01938	0.01348	0.02022	0.01011	0.00758	0.00758	0.00253	0.01011	0.00674	0.00337	0.00843
25	0.01825	0.13912	0.44883	0.01873	0.02782	0.01884	0.02215	0.05452	0.04778	0.08422	0.01660	0.04169	0.01264	0.00810	0.00702	0.00231	0.00971	0.00630	0.00431	0.01108
26	0.01695	0.22397	0.42731	0.02076	0.03020	0.02116	0.11269	0.02371	0.01612	0.02240	0.01303	0.01561	0.00991	0.00690	0.00682	0.00221	0.01060	0.00566	0.00330	0.01068
27	0.02014	0.70996	0.03911	0.01325	0.01949	0.02975	0.01312	0.02254	0.01526	0.01786	0.01052	0.01234	0.00974	0.00675	0.00565	0.00169	0.03576	0.00416	0.00325	0.00968
28	0.06817	0.03090	0.45340	0.02151	0.05164	0.01735	0.08208	0.05255	0.01683	0.04282	0.01578	0.05906	0.01259	0.00845	0.00800	0.00247	0.03482	0.00695	0.00398	0.01067
29	0.03879	0.58284	0.12754	0.01520	0.02235	0.02737	0.05332	0.02297	0.01558	0.01947	0.01124	0.01318	0.00978	0.00659	0.00542	0.00180	0.00875	0.00456	0.00331	0.00992
30	0.01318	0.00659	0.00988	0.00988	0.00988	0.00659	0.00659	0.00988	0.00988	0.01318	0.01318	0.02306	0.01318	0.02635	0.02964	0.77931	0.00659	0.00659	0.00329	0.00329
31	0.01103	0.00735	0.00827	0.00827	0.00827	0.00735	0.00460	0.01103	0.01103	0.01471	0.02390	0.04964	0.02758	0.73343	0.03861	0.00735	0.00735	0.01103	0.00460	0.00460
32	0.01900	0.02198	0.10989	0.04689	0.12647	0.04594	0.28154	0.07315	0.14366	0.02708	0.01796	0.02076	0.01357	0.00757	0.00809	0.00245	0.01041	0.00780	0.00475	0.01103
33	0.78701	0.01467	0.01115	0.00997	0.01467	0.01702	0.00821	0.02230	0.01291	0.03403	0.01056	0.01232	0.00821	0.00704	0.00469	0.00235	0.00587	0.00411	0.00469	0.00821
34	0.00987	0.00772	0.00894	0.00864	0.01080	0.00679	0.00648	0.01264	0.01943	0.02558	0.38732	0.06462	0.36938	0.01731	0.00896	0.00247	0.00371	0.01483	0.00771	0.00679
35	0.02058	0.65392	0.08484	0.01361	0.02041	0.02823	0.01395	0.02349	0.01576	0.05060	0.01169	0.01309	0.01016	0.00668	0.00516	0.00171	0.00825	0.00434	0.00354	0.00999
36	0.02509	0.01460	0.01737	0.01394	0.01899	0.01448	0.01122	0.18599	0.11414	0.27117	0.09930	0.06164	0.02469	0.01049	0.00769	0.00229	0.00636	0.00864	0.00802	0.08390
37	0.01432	0.01348	0.02275	0.71520	0.05224	0.01685	0.02107	0.01938	0.01517	0.01938	0.01348	0.02022	0.01011	0.00758	0.00758	0.00253	0.01011	0.00674	0.00337	0.00843
38	0.01103	0.00735	0.00827	0.00827	0.00827	0.00735	0.00460	0.01103	0.01103	0.01471	0.02390	0.04964	0.02758	0.73343	0.03861	0.00735	0.00735	0.01103	0.00460	0.00460
39	0.01877	0.01802	0.03079	0.04656	0.68612	0.01802	0.02328	0.02328	0.01727	0.02478	0.01427	0.01877	0.01201	0.00676	0.00751	0.00225	0.00901	0.00676	0.00375	0.01201
40	0.01915	0.01644	0.01731	0.01549	0.01983	0.01900	0.01207	0.05810	0.65415	0.03219	0.03051	0.02801	0.02286	0.01026	0.00771	0.00256	0.00607	0.00853	0.00771	0.01203
41	0.01877	0.01802	0.03079	0.04656	0.68612	0.01802	0.02328	0.02328	0.01727	0.02478	0.01427	0.01877	0.01201	0.00676	0.00751	0.00225	0.00901	0.00676	0.00375	0.01201
42	0.02883	0.02125	0.02276	0.01745	0.02352	0.02352	0.01442	0.66082	0.03566	0.04780	0.01821	0.01821	0.01290	0.00911	0.00759	0.00228	0.00835	0.00683	0.00759	0.01290
43	0.03283	0.04719	0.01918	0.01390	0.01982	0.01337	0.01159	0.10439	0.02294	0.59014	0.02775	0.02436	0.01772	0.00922	0.00750	0.00231	0.00674	0.00738	0.00891	0.01276
44	0.01084	0.00813	0.01219	0.01219	0.01354	0.00948	0.00948	0.01354	0.01219	0.01761	0.02032	0.02980	0.01896	0.05689	0.70337	0.01219	0.02032	0.00813	0.00406	0.00677
45	0.01197	0.00855	0.01193	0.01368	0.01532	0.00851	0.01179	0.01528	0.01721	0.02242	0.04030	0.13967	0.04420	0.02119	0.01041	0.00346	0.00677	0.58343	0.00699	0.00692
46	0.01788	0.01711	0.02918	0.18023	0.55940	0.01779	0.02284	0.02250	0.01685	0.02370	0.01411	0.01906	0.01163	0.00692	0.00752	0.00231	0.00923	0.00675	0.00368	0.01130
47	0.01140	0.00862	0.01186	0.01154	0.01237	0.00993	0.00849	0.01322	0.01223	0.01738	0.05226	0.03606	0.02336	0.26072	0.40364	0.00943	0.07770	0.00916	0.00437	0.00625
48	0.02835	0.03554	0.02155	0.01946	0.02345	0.67510	0.01465	0.05616	0.02208	0.01976	0.01199	0.01386	0.00990	0.00787	0.00687	0.00197	0.01346	0.00496	0.00406	0.00896
49	0.01414	0.00707	0.00707	0.00707	0.00884	0.00707	0.00530	0.01767	0.01591	0.02828	0.02474	0.02828	0.01944	0.00884	0.00530	0.00177	0.00353	0.00707	0.77554	0.00707
50	0.01608	0.03803	0.66306	0.02125	0.03221	0.01732	0.02725	0.02462	0.01628	0.05467	0.01436	0.01646	0.01003	0.00731	0.00723	0.00240	0.01099	0.00570	0.00349	0.01129
51	0.05711	0.02186	0.02479	0.01905	0.02506	0.08893	0.09930	0.45244	0.03020	0.07959	0.01759	0.01829	0.01257	0.00856	0.00758	0.00229	0.00925	0.00686	0.00672	0.01196
52	0.01432	0.01348	0.02275	0.71520	0.05224	0.01685	0.02107	0.01938	0.01517	0.01938	0.01348	0.02022	0.01011	0.00758	0.00758	0.00253	0.01011	0.00674	0.00337	0.00843
53	0.00933	0.00770	0.00819	0.00806	0.01047	0.00656	0.00605	0.01159	0.01814	0.02252	0.20039	0.06966	0.55822	0.01845	0.00896	0.00253	0.00379	0.01554	0.00731	0.00656
54	0.01432	0.01348	0.02275	0.71520	0.05224	0.01685	0.02107	0.01938	0.01517	0.01938	0.01348	0.02022	0.01011	0.00758	0.00758	0.00253	0.01011	0.00674	0.00337	0.00843
55	0.63675	0.01597	0.01345	0.01146	0.01642	0.01831	0.00944	0.14885	0.01742	0.03676	0.01208	0.01349	0.00914	0.00745	0.00527	0.00233	0.00636	0.00465	0.00527	0.00914
56	0.01084	0.00813	0.01219	0.01219	0.01354	0.00948	0.00948	0.01354	0.01219	0.01761	0.02032	0.02980	0.01896	0.05689	0.70337	0.01219	0.02032	0.00813	0.00406	0.00677
57	0.01110	0.00807	0.01081	0.01240	0.01364	0.00798	0.00971	0.01441	0.04747	0.02152	0.04051	0.39271	0.04581	0.02180	0.00996	0.00325	0.00569	0.30928	0.00705	0.00683
58	0.01860	0.01784	0.03047	0.07288	0.66116	0.01798	0.02319	0.02313	0.01719	0.02457	0.01424	0.01883	0.01194	0.00679	0.00751	0.00226	0.00905	0.00676	0.00374	0.01187
59	0.01521	0.03923	0.69413	0.02162	0.03283	0.01762	0.02802	0.02402	0.01601	0.02402	0.01361	0.01601	0.00961	0.00721	0.00721	0.00240	0.01121	0.00560	0.00320	0.01121
60	0.01044	0.00753	0.00988	0.00974	0.01127	0.00696	0.00713	0.01358	0.02011	0.02825	0.55665	0.18829	0.06738	0.01712	0.00909	0.00252	0.00374	0.01525	0.00809	0.00696
61	0.02043	0.60456	0.03589	0.01366	0.01948	0.05471	0.01299	0.06024	0.01667	0.01975	0.01253	0.04713	0.01187	0.00779	0.00612	0.00181	0.03581	0.00519	0.00371	0.00966
62	0.30836	0.21976	0.11623	0.01374	0.01980	0.04378	0.01326	0.10444	0.01732	0.02873	0.01344	0.04649	0.01141	0.00797	0.00577	0.00217	0.00775	0.00548	0.00454	0.00958
63	0.02341	0.01194	0.01653	0.01399	0.01751	0.01250	0.01135	0.02683	0.04282	0.35206	0.02412	0.02602	0.01784	0.02575	0.24145	0.00576	0.10547	0.00770	0.00675	0.01022
64	0.02227	0.01528	0.01706	0.01470	0.01924	0.01660	0.01159	0.10366	0.40741	0.17179	0.03157	0.06565	0.04668	0.01102	0.00784	0.00252	0.00619	0.00915	0.00800	0.01178
65	0.01763	0.01781	0.03076	0.18761	0.30893	0.04006	0.17478	0.02253	0.01696	0.02325	0.01420	0.01907	0.01133	0.00679	0.00769	0.00228	0.01003	0.00703	0.00376	0.07752
66	0.04977	0.01918	0.01987	0.01629	0.02125	0.05205	0.01314	0.34352	0.22862	0.06210	0.02376	0.02313	0.04033	0.00991	0.00833	0.00242	0.03973	0.00754	0.00722	0.01183
67	0.01047	0.00820	0.00856	0.00829	0.01101	0.00706	0.00628	0.01317	0.03942	0.05033	0.10556	0.06861	0.59991	0.01829	0.00886	0.00254	0.00401	0.01528	0.00724	0.00691
68	0.05441	0.02254	0.10869	0.02896	0.08708	0.05015	0.42406	0.05813	0.01846	0.02576	0.01477	0.01888	0.01118	0.00672	0.00817	0.00242	0.01156	0.00774	0.00403	0.03629
69	0.02174	0.02081	0.02646	0.06150	0.40455	0.12730	0.01939	0.14011	0.02115	0.02793	0.01502	0.01835	0.01208	0.00748	0.00732	0.00220	0.00943	0.00649	0.03938	0.01130
70	0.02761	0.01354	0.01711	0.01326	0.01886	0.01222	0.01080	0.08879	0.06068	0.42557	0.08013	0.02611	0.02159	0.00928	0.00740	0.00215	0.00622	0.00758	0.00821	0.14290
71	0.01797	0.01751	0.02775	0.22715	0.46282	0.04728	0.02194	0.02306	0.03797	0.02326	0.01448	0.01926	0.01176	0.00714	0.00751	0.00233	0.00942	0.00673	0.00378	0.01089
72	0.01484	0.01207	0.04602	0.01316	0.01624	0.01128	0.04207	0.02139	0.12682	0.08554	0.36845	0.09655	0.04824	0.01382	0.00946	0.00253	0.04327	0.01198	0.00750	0.00877
73	0.01626	0.01564	0.02708	0.41622	0.30047	0.01744	0.05592	0.02117	0.01614	0.02176	0.01389	0.01967	0.01093	0.00720	0.00763	0.00242	0.00982	0.00687	0.00355	0.00993
74	0.08722	0.05209	0.12955	0.01510	0.02130	0.01625	0.01410	0.14210	0.09290	0.25566	0.07769	0.02399	0.01987	0.00927	0.00731	0.00234	0.00731	0.00732	0.00712	0.01152
75	0.01565	0.03639	0.59886	0.02380	0.06386	0.01779	0.09038	0.02401	0.01626	0.02408	0.01381	0.01658	0.00991	0.00710	0.00739	0.00241	0.01126	0.00599	0.00329	0.01115
76	0.01106	0.00776	0.01035	0.01035	0.01116	0.00850	0.00728	0.01268	0.01187	0.01687	0.02199	0.03794	0.02255	0.33460	0.39835	0.00974	0.01423	0.00928	0.03756	0.00589
77	0.01483	0.01524	0.07766	0.05854	0.26630	0.01344	0.04810	0.04734	0.01683	0.02331	0.02556	0.30591	0.02718	0.01381	0.00844	0.00263	0.00754	0.01276	0.00520	0.00937
78	0.01847	0.01775	0.03009	0.07611	0.62827	0.01819	0.02289	0.02288	0.01693	0.02425	0.01405	0.01875	0.01184	0.00708	0.00826	0.00231	0.03971	0.00675	0.00372	0.01169
79	0.01861	0.01258	0.01460	0.01288	0.01652	0.01315	0.01002	0.05784	0.27978	0.14351	0.22457	0.07035	0.06776	0.01265	0.00821	0.00249	0.00530	0.01079	0.00812	0.01024
80	0.02169	0.01473	0.01806	0.01454	0.01888	0.01523	0.04538	0.29501	0.02673	0.11431	0.21673	0.07330	0.03332	0.01174	0.00809	0.00236	0.00650	0.00995	0.04306	0.01040
81	0.01929	0.09281	0.15575	0.02962	0.26077	0.03511	0.11994	0.02524	0.04778	0.08160	0.04702	0.02055	0.01506	0.00758	0.00749	0.00229	0.00943	0.00705	0.00450	0.01113
82	0.02130	0.01626	0.01616	0.07641	0.02026	0.10614	0.01146	0.18490	0.06105	0.08501	0.02354	0.02792	0.03956	0.04296	0.00851	0.00245	0.00743	0.03572	0.20340	0.00954
83	0.01012	0.00726	0.00966	0.01126	0.01212	0.00692	0.00828	0.01200	0.01528	0.02010	0.04205	0.49443	0.07466	0.05540	0.01119	0.00337	0.00521	0.18744	0.00691	0.00632
84	0.01955	0.01225	0.01469	0.01274	0.01627	0.01241	0.00993	0.13453	0.12053	0.16433	0.24783	0.13489	0.04052	0.01356	0.00837	0.00249	0.00546	0.01164	0.00814	0.00989
85	0.01627	0.05569	0.51555	0.05084	0.03157	0.01703	0.06263	0.02383	0.01649	0.05911	0.01658	0.02235	0.01292	0.00835	0.00753	0.00247	0.01057	0.05559	0.00388	0.01074
86	0.01548	0.01381	0.02318	0.09319	0.28869	0.01402	0.06847	0.01975	0.01721	0.02335	0.02540	0.04771	0.02538	0.01290	0.00890	0.00283	0.00854	0.27669	0.00511	0.00938
87	0.00924	0.00660	0.00880	0.01056	0.01100	0.00616	0.00704	0.01056	0.01452	0.01936	0.04181	0.72848	0.05017	0.02376	0.00968	0.00308	0.00440	0.02156	0.00704	0.00616
88	0.01877	0.01802	0.03079	0.04656	0.68612	0.01802	0.02328	0.02328	0.01727	0.02478	0.01427	0.01877	0.01201	0.00676	0.00751	0.00225	0.00901	0.00676	0.00375	0.01201
89	0.06147	0.06296	0.05294	0.01579	0.02139	0.08810	0.01339	0.25811	0.10713	0.17627	0.05117	0.02168	0.01726	0.00914	0.00729	0.00227	0.00798	0.00699	0.00705	0.01162
90	0.02411	0.28681	0.02467	0.01284	0.01820	0.01800	0.01138	0.02773	0.04884	0.29129	0.07573	0.02825	0.05093	0.00982	0.00689	0.00215	0.00675	0.03829	0.00668	0.01063
91	0.05887	0.01687	0.02772	0.21683	0.38174	0.01824	0.05898	0.05129	0.01709	0.02456	0.01389	0.01878	0.01122	0.00740	0.00833	0.00240	0.04457	0.00674	0.00386	0.01062
92	0.01152	0.00922	0.01255	0.01248	0.01393	0.03643	0.00968	0.01420	0.01255	0.01765	0.01998	0.02917	0.01861	0.05498	0.67630	0.01179	0.02006	0.00800	0.00406	0.00685
93	0.02775	0.03518	0.02158	0.01956	0.02327	0.66927	0.01475	0.02969	0.02100	0.01855	0.01164	0.01382	0.00978	0.00809	0.00773	0.00202	0.04869	0.00497	0.00388	0.00877
94	0.70203	0.01541	0.01245	0.01081	0.01566	0.01775	0.00891	0.09387	0.01546	0.03558	0.01142	0.01298	0.00874	0.00727	0.00502	0.00234	0.00615	0.00441	0.00502	0.00874
95	0.01947	0.01364	0.01401	0.04526	0.03867	0.06485	0.00994	0.12584	0.09721	0.07003	0.02287	0.02473	0.01738	0.00888	0.00639	0.00204	0.00603	0.00705	0.39642	0.00929
96	0.01084	0.00813	0.01219	0.01219	0.01354	0.00948	0.00948	0.01354	0.01219	0.01761	0.02032	0.02980	0.01896	0.05689	0.70337	0.01219	0.02032	0.00813	0.00406	0.00677
97	0.01103	0.00735	0.00827	0.00827	0.00827	0.00735	0.00460	0.01103	0.01103	0.01471	0.02390	0.04964	0.02758	0.73343	0.03861	0.00735	0.00735	0.01103	0.00460	0.00460
98	0.02137	0.64438	0.03740	0.01374	0.02000	0.08278	0.01319	0.05733	0.01697	0.01950	0.01105	0.01261	0.00991	0.00673	0.00517	0.00168	0.00856	0.00427	0.00353	0.00983
99	0.01432	0.01348	0.02275	0.71520	0.05224	0.01685	0.02107	0.01938	0.01517	0.01938	0.01348	0.02022	0.01011	0.00758	0.00758	0.00253	0.01011	0.00674	0.00337	0.00843
100	0.01910	0.01651	0.01925	0.08517	0.08059	0.01892	0.01401	0.07918	0.50959	0.03105	0.02691	0.02602	0.02025	0.00965	0.00768	0.00252	0.00682	0.00812	0.00695	0.01173
101	0.07638	0.03387	0.54474	0.02040	0.03041	0.01700	0.05385	0.02519	0.01643	0.09103	0.01508	0.01691	0.01050	0.00737	0.00714	0.00240	0.01040	0.00584	0.00396	0.01110

[dist]
# distance from previous block
# <min> <max>
1	3

[block]
# block no. 5 follows, 26 sequences, length 47
# corresponding to MSA columns:
# 275-321
name=unknown_F
#
# <colnr> <probs for GDERKNQSTAVLIFYWHMCP>
#	G	D	E	R	K	N	Q	S	T	A	V	L	I	F	Y	W	H	M	C	P
0	0.10657	0.18650	0.09883	0.01835	0.05178	0.12244	0.01591	0.02298	0.01516	0.04358	0.01169	0.01502	0.01004	0.00913	0.01208	0.00244	0.23898	0.00543	0.00376	0.00933
1	0.01431	0.01308	0.02178	0.67126	0.04955	0.01625	0.02009	0.01927	0.01521	0.01993	0.01418	0.02072	0.01069	0.00766	0.00744	0.00248	0.00970	0.00676	0.05128	0.00834
2	0.00943	0.00673	0.00901	0.01077	0.01129	0.00632	0.00736	0.01088	0.01470	0.01957	0.04170	0.68859	0.04976	0.02359	0.00973	0.00311	0.00456	0.05963	0.00704	0.00621
3	0.01414	0.00707	0.00707	0.00707	0.00884	0.00707	0.00530	0.01767	0.01591	0.02828	0.02474	0.02828	0.01944	0.00884	0.00530	0.00177	0.00353	0.00707	0.77554	0.00707
4	0.01997	0.01684	0.01777	0.01566	0.02014	0.01938	0.01227	0.10902	0.60190	0.03351	0.02947	0.02718	0.02202	0.01016	0.00770	0.00254	0.00626	0.00838	0.00770	0.01210
5	0.01670	0.04765	0.13179	0.24558	0.17639	0.01837	0.17448	0.02322	0.04840	0.02294	0.01485	0.01943	0.01139	0.00716	0.00774	0.00243	0.01041	0.00709	0.00374	0.01026
6	0.01613	0.11131	0.53250	0.02216	0.03236	0.01916	0.11540	0.02392	0.01622	0.02340	0.01353	0.01623	0.00989	0.00701	0.00720	0.00234	0.01110	0.00591	0.00330	0.01091
7	0.78701	0.01467	0.01115	0.00997	0.01467	0.01702	0.00821	0.02230	0.01291	0.03403	0.01056	0.01232	0.00821	0.00704	0.00469	0.00235	0.00587	0.00411	0.00469	0.00821
8	0.01318	0.00659	0.00988	0.00988	0.00988	0.00659	0.00659	0.00988	0.00988	0.01318	0.01318	0.02306	0.01318	0.02635	0.02964	0.77931	0.00659	0.00659	0.00329	0.00329
9	0.01103	0.00735	0.00827	0.00827	0.00827	0.00735	0.00460	0.01103	0.01103	0.01471	0.02390	0.04964	0.02758	0.73343	0.03861	0.00735	0.00735	0.01103	0.00460	0.00460
10	0.02216	0.01793	0.01901	0.01610	0.02098	0.02041	0.01280	0.24551	0.46184	0.03705	0.02669	0.02496	0.01976	0.00990	0.00767	0.00247	0.00678	0.00800	0.00767	0.01230
11	0.01414	0.00707	0.00707	0.00707	0.00884	0.00707	0.00530	0.01767	0.01591	0.02828	0.02474	0.02828	0.01944	0.00884	0.00530	0.00177	0.00353	0.00707	0.77554	0.00707
12	0.01795	0.02032	0.04395	0.03282	0.07718	0.01911	0.62167	0.02424	0.01787	0.02432	0.01528	0.02036	0.01154	0.00642	0.00887	0.00254	0.01257	0.00882	0.00383	0.01033
13	0.78701	0.01467	0.01115	0.00997	0.01467	0.01702	0.00821	0.02230	0.01291	0.03403	0.01056	0.01232	0.00821	0.00704	0.00469	0.00235	0.00587	0.00411	0.00469	0.00821
14	0.03153	0.01692	0.02008	0.01540	0.02136	0.01710	0.01272	0.33704	0.02842	0.38181	0.02429	0.02216	0.01595	0.00925	0.00761	0.00231	0.00736	0.00724	0.00852	0.01290
15	0.01101	0.00742	0.00861	0.00861	0.00873	0.00754	0.00502	0.01125	0.01113	0.01496	0.02359	0.04793	0.02683	0.67507	0.09595	0.00777	0.00847	0.01078	0.00455	0.00478
16	0.02025	0.66021	0.08521	0.01385	0.02057	0.05641	0.01411	0.02311	0.01570	0.01831	0.01081	0.01250	0.00973	0.00659	0.00511	0.00169	0.00856	0.00420	0.00327	0.00980
17	0.01615	0.02350	0.21504	0.02736	0.08934	0.01691	0.34201	0.02249	0.01736	0.02437	0.06456	0.06935	0.01796	0.00847	0.00840	0.00251	0.01081	0.00905	0.00420	0.01015
18	0.02018	0.28942	0.12831	0.02435	0.19573	0.07339	0.04232	0.02549	0.06111	0.05162	0.01446	0.01656	0.01168	0.00714	0.00651	0.00206	0.00917	0.00569	0.00402	0.01078
19	0.01693	0.02023	0.16063	0.01804	0.06326	0.06593	0.04118	0.11439	0.07238	0.02836	0.15769	0.12823	0.03114	0.01228	0.00820	0.00250	0.00780	0.03516	0.00606	0.00964
20	0.01414	0.00707	0.00707	0.00707	0.00884	0.00707	0.00530	0.01767	0.01591	0.02828	0.02474	0.02828	0.01944	0.00884	0.00530	0.00177	0.00353	0.00707	0.77554	0.00707
21	0.01779	0.05447	0.10113	0.07573	0.10050	0.04254	0.19103	0.06212	0.04231	0.04599	0.02050	0.09625	0.03860	0.00930	0.00787	0.00236	0.00934	0.00884	0.00475	0.06859
22	0.02618	0.01901	0.02155	0.01688	0.02227	0.02070	0.03720	0.50671	0.05408	0.07228	0.02058	0.02463	0.01607	0.06376	0.01010	0.00274	0.00820	0.03791	0.00728	0.01186
23	0.00954	0.00700	0.00961	0.05148	0.01340	0.00678	0.00786	0.01107	0.01456	0.01936	0.04016	0.68735	0.04784	0.02282	0.00956	0.00305	0.00473	0.02070	0.00683	0.00629
24	0.01659	0.01659	0.02323	0.01991	0.01991	0.02323	0.01659	0.01825	0.01162	0.01825	0.00996	0.01659	0.00996	0.01328	0.02489	0.00332	0.71955	0.00664	0.00332	0.00830
25	0.02883	0.02125	0.02276	0.01745	0.02352	0.02352	0.01442	0.66082	0.03566	0.04780	0.01821	0.01821	0.01290	0.00911	0.00759	0.00228	0.00835	0.00683	0.00759	0.01290
26	0.00896	0.00768	0.00768	0.00768	0.01025	0.00640	0.00576	0.01089	0.01729	0.02049	0.07684	0.07300	0.68304	0.01921	0.00896	0.00256	0.00384	0.01601	0.00704	0.00640
27	0.02833	0.03615	0.02149	0.01954	0.02345	0.70298	0.01466	0.03029	0.02149	0.01856	0.01172	0.01368	0.00977	0.00782	0.00684	0.00195	0.01368	0.00489	0.00391	0.00879
28	0.01573	0.01348	0.01573	0.01123	0.01798	0.01011	0.00899	0.01910	0.01573	0.02472	0.01348	0.01573	0.01123	0.00562	0.00562	0.00112	0.00562	0.00449	0.00449	0.77980
29	0.01084	0.00813	0.01219	0.01219	0.01354	0.00948	0.00948	0.01354	0.01219	0.01761	0.02032	0.02980	0.01896	0.05689	0.70337	0.01219	0.02032	0.00813	0.00406	0.00677
30	0.59365	0.01635	0.01411	0.01188	0.01693	0.01868	0.00980	0.18514	0.01871	0.03754	0.01251	0.01382	0.00941	0.00757	0.00543	0.00233	0.00650	0.00480	0.00543	0.00941
