[name]
unknown

[dist]
# distance from previous block
# <min> <max>
0	49

[block]
# block no. 0 follows, 26 sequences, length 10
# corresponding to MSA columns:
# 50-59
name=unknown_A
#
# <colnr> <probs for GDERKNQSTAVLIFYWHMCP>
#	G	D	E	R	K	N	Q	S	T	A	V	L	I	F	Y	W	H	M	C	P
0	0.01159	0.00839	0.01143	0.01304	0.01469	0.00823	0.01106	0.01470	0.01710	0.02212	0.04344	0.16096	0.09819	0.02114	0.01025	0.00336	0.00641	0.51004	0.00700	0.00684
1	0.02833	0.03615	0.02149	0.01954	0.02345	0.70298	0.01466	0.03029	0.02149	0.01856	0.01172	0.01368	0.00977	0.00782	0.00684	0.00195	0.01368	0.00489	0.00391	0.00879
2	0.01074	0.00775	0.01014	0.00954	0.01133	0.00716	0.00716	0.01431	0.02147	0.03042	0.68211	0.05666	0.07157	0.01551	0.00895	0.00239	0.00358	0.01372	0.00835	0.00716
3	0.02833	0.03615	0.02149	0.01954	0.02345	0.70298	0.01466	0.03029	0.02149	0.01856	0.01172	0.01368	0.00977	0.00782	0.00684	0.00195	0.01368	0.00489	0.00391	0.00879
4	0.78701	0.01467	0.01115	0.00997	0.01467	0.01702	0.00821	0.02230	0.01291	0.03403	0.01056	0.01232	0.00821	0.00704	0.00469	0.00235	0.00587	0.00411	0.00469	0.00821
5	0.01250	0.00887	0.01014	0.00945	0.01217	0.00810	0.00721	0.01670	0.07415	0.08115	0.27198	0.05980	0.36670	0.01639	0.00874	0.00249	0.00415	0.01391	0.00774	0.00767
6	0.02052	0.01711	0.01808	0.01577	0.02035	0.01964	0.01241	0.14316	0.56687	0.03439	0.02877	0.02663	0.02145	0.01009	0.00770	0.00252	0.00639	0.00829	0.00770	0.01215
7	0.01887	0.01629	0.01715	0.01544	0.01972	0.01887	0.01201	0.04031	0.67241	0.03173	0.03087	0.02830	0.02315	0.01029	0.00772	0.00257	0.00600	0.00858	0.00772	0.01201
8	0.01608	0.00893	0.01185	0.01045	0.01317	0.00807	0.00807	0.01951	0.02153	0.18192	0.53262	0.04959	0.05947	0.01410	0.00864	0.00238	0.00424	0.01232	0.00859	0.00848
9	0.10907	0.09423	0.01469	0.01150	0.01363	0.01294	0.00904	0.01492	0.01506	0.02190	0.08379	0.26842	0.16366	0.01658	0.01055	0.00270	0.11074	0.01344	0.00585	0.00727

[dist]
# distance from previous block
# <min> <max>
9	11

[block]
# block no. 1 follows, 26 sequences, length 7
# corresponding to MSA columns:
# 71-77
name=unknown_B
#
# <colnr> <probs for GDERKNQSTAVLIFYWHMCP>
#	G	D	E	R	K	N	Q	S	T	A	V	L	I	F	Y	W	H	M	C	P
0	0.02606	0.01895	0.02062	0.01623	0.02196	0.02053	0.01323	0.43101	0.16798	0.09094	0.02140	0.02072	0.01538	0.00910	0.00746	0.00225	0.00749	0.00707	0.00750	0.07411
1	0.02737	0.01606	0.01980	0.01590	0.02050	0.01744	0.01305	0.18201	0.11777	0.31851	0.02360	0.02267	0.01639	0.01017	0.01082	0.00254	0.13849	0.00739	0.00760	0.01192
2	0.02275	0.01549	0.01800	0.01336	0.01975	0.01397	0.01088	0.19765	0.02230	0.15656	0.01787	0.01831	0.01311	0.00728	0.00653	0.00167	0.00652	0.00572	0.00626	0.42602
3	0.01416	0.01055	0.01414	0.01316	0.01539	0.01207	0.01039	0.13304	0.01652	0.02318	0.01993	0.02766	0.01784	0.04807	0.57492	0.01036	0.01811	0.00789	0.00471	0.00790
4	0.01665	0.01350	0.01587	0.01260	0.01776	0.01241	0.01000	0.11257	0.06751	0.02703	0.01812	0.05418	0.01569	0.01682	0.13508	0.00354	0.00870	0.00664	0.00523	0.43010
5	0.01767	0.01584	0.02102	0.05422	0.02096	0.02047	0.01504	0.13582	0.01666	0.02393	0.01629	0.12059	0.01635	0.01374	0.01859	0.00305	0.44742	0.00885	0.00465	0.00884
6	0.01159	0.00896	0.01352	0.01385	0.01575	0.00863	0.06186	0.01464	0.01696	0.02235	0.08680	0.25701	0.07409	0.02010	0.00995	0.00318	0.00634	0.34057	0.00685	0.00700

[dist]
# distance from previous block
# <min> <max>
1	4

[block]
# block no. 2 follows, 26 sequences, length 6
# corresponding to MSA columns:
# 82-87
name=unknown_C
#
# <colnr> <probs for GDERKNQSTAVLIFYWHMCP>
#	G	D	E	R	K	N	Q	S	T	A	V	L	I	F	Y	W	H	M	C	P
0	0.01493	0.01448	0.02195	0.11204	0.02398	0.01866	0.06473	0.01734	0.01316	0.01909	0.01720	0.15934	0.01812	0.01408	0.01831	0.00311	0.42754	0.00981	0.00411	0.00804
1	0.01757	0.01940	0.04033	0.02881	0.03634	0.01780	0.55958	0.02350	0.01757	0.02436	0.01506	0.01974	0.01147	0.00628	0.00844	0.00234	0.01170	0.00827	0.00394	0.12750
2	0.30848	0.09078	0.01976	0.01420	0.01960	0.05170	0.01184	0.29508	0.06274	0.03744	0.01508	0.01583	0.01132	0.00809	0.00622	0.00224	0.00750	0.00556	0.00593	0.01061
3	0.14485	0.01864	0.01895	0.01504	0.02047	0.04996	0.01230	0.39585	0.02810	0.12768	0.02326	0.02275	0.06959	0.00962	0.00723	0.00231	0.00757	0.00721	0.00717	0.01144
4	0.06330	0.00911	0.01191	0.05783	0.01634	0.00912	0.01035	0.01613	0.01768	0.05567	0.16813	0.13636	0.10001	0.01768	0.00925	0.00295	0.00585	0.27799	0.00700	0.00733
5	0.55468	0.01774	0.07129	0.01239	0.01793	0.01782	0.01108	0.12892	0.01742	0.07167	0.01315	0.01435	0.00969	0.00753	0.00555	0.00234	0.00676	0.00488	0.00531	0.00950

[dist]
# distance from previous block
# <min> <max>
5	7

[block]
# block no. 3 follows, 26 sequences, length 9
# corresponding to MSA columns:
# 95-103
name=unknown_D
#
# <colnr> <probs for GDERKNQSTAVLIFYWHMCP>
#	G	D	E	R	K	N	Q	S	T	A	V	L	I	F	Y	W	H	M	C	P
0	0.01619	0.01944	0.10774	0.04695	0.02832	0.01852	0.23057	0.02053	0.01496	0.02169	0.01489	0.06797	0.01339	0.01006	0.01395	0.00270	0.25606	0.00813	0.00386	0.08408
1	0.02067	0.01730	0.01784	0.01357	0.01975	0.08049	0.01086	0.14877	0.04850	0.06541	0.01588	0.01711	0.01234	0.00692	0.00632	0.00156	0.00700	0.00534	0.00545	0.47890
2	0.01906	0.02018	0.04007	0.02909	0.03583	0.02009	0.52026	0.09876	0.01939	0.02648	0.01516	0.01982	0.01152	0.00738	0.01034	0.00260	0.08092	0.00848	0.00423	0.01036
3	0.01085	0.00807	0.01189	0.01189	0.01315	0.00932	0.00911	0.01335	0.01210	0.01739	0.02059	0.03130	0.01962	0.10817	0.65298	0.01182	0.01933	0.00835	0.00410	0.00661
4	0.41303	0.02071	0.01601	0.01378	0.01846	0.17491	0.01100	0.16335	0.02023	0.03334	0.04251	0.01590	0.01243	0.00805	0.00601	0.00224	0.00809	0.00531	0.00531	0.00932
5	0.01699	0.01511	0.02073	0.01489	0.02173	0.01246	0.11016	0.06508	0.01747	0.02628	0.01410	0.01664	0.01139	0.00598	0.00627	0.00143	0.00692	0.00535	0.00461	0.60640
6	0.17023	0.01382	0.01620	0.01316	0.01834	0.01366	0.01069	0.07372	0.09632	0.41369	0.02634	0.06194	0.01868	0.00983	0.00720	0.00241	0.00630	0.00780	0.00808	0.01156
7	0.05495	0.00942	0.01163	0.01234	0.01441	0.00961	0.01002	0.01770	0.09462	0.02498	0.14110	0.16375	0.08411	0.01837	0.00938	0.00303	0.00570	0.30019	0.00717	0.00751
8	0.44740	0.01613	0.01544	0.01262	0.01790	0.01772	0.01041	0.19703	0.02062	0.15583	0.01610	0.01633	0.01137	0.00802	0.00600	0.00233	0.00664	0.00547	0.00632	0.01032

[dist]
# distance from previous block
# <min> <max>
21	54

[block]
# block no. 4 follows, 26 sequences, length 11
# corresponding to MSA columns:
# 162-172
name=unknown_E
#
# <colnr> <probs for GDERKNQSTAVLIFYWHMCP>
#	G	D	E	R	K	N	Q	S	T	A	V	L	I	F	Y	W	H	M	C	P
0	0.01810	0.01929	0.03769	0.02747	0.03384	0.01917	0.46845	0.05764	0.01774	0.02473	0.01453	0.01933	0.01133	0.00748	0.01092	0.00252	0.11610	0.00808	0.00403	0.08155
1	0.01084	0.00813	0.01219	0.01219	0.01354	0.00948	0.00948	0.01354	0.01219	0.01761	0.02032	0.02980	0.01896	0.05689	0.70337	0.01219	0.02032	0.00813	0.00406	0.00677
2	0.01758	0.01943	0.04048	0.02891	0.03645	0.01784	0.56278	0.02353	0.01758	0.02436	0.01507	0.01976	0.01147	0.00628	0.00846	0.00235	0.01173	0.00829	0.00393	0.12371
3	0.00980	0.00703	0.00930	0.01018	0.01112	0.00653	0.00708	0.01196	0.01711	0.02347	0.27986	0.47871	0.05812	0.02069	0.00941	0.00282	0.00409	0.01865	0.00753	0.00653
4	0.02833	0.03615	0.02149	0.01954	0.02345	0.70298	0.01466	0.03029	0.02149	0.01856	0.01172	0.01368	0.00977	0.00782	0.00684	0.00195	0.01368	0.00489	0.00391	0.00879
5	0.67307	0.01449	0.01286	0.11397	0.02021	0.01699	0.01011	0.02187	0.01324	0.03187	0.01099	0.01349	0.00849	0.00712	0.00512	0.00237	0.00649	0.00450	0.00450	0.00825
6	0.28511	0.05891	0.04569	0.04186	0.02055	0.11889	0.01225	0.15084	0.02058	0.10914	0.05641	0.01847	0.01475	0.00836	0.00642	0.00225	0.00795	0.00593	0.00573	0.00992
7	0.01189	0.00830	0.01071	0.01132	0.01334	0.00777	0.00924	0.01483	0.01818	0.05284	0.17802	0.12606	0.19674	0.01917	0.00963	0.00297	0.00534	0.28918	0.00738	0.00708
8	0.37388	0.02599	0.32852	0.01547	0.02333	0.01680	0.01747	0.02287	0.01455	0.02872	0.01219	0.01428	0.00908	0.00702	0.00593	0.00229	0.00833	0.00483	0.00399	0.06448
9	0.29246	0.01687	0.01709	0.01363	0.01917	0.01811	0.01119	0.26461	0.05396	0.12732	0.01729	0.01743	0.01239	0.00816	0.00641	0.00222	0.00686	0.00585	0.00654	0.08244
10	0.02843	0.02011	0.02192	0.01676	0.02285	0.02172	0.01382	0.57198	0.03333	0.09695	0.01884	0.01865	0.01326	0.00891	0.00747	0.00221	0.00803	0.00675	0.00754	0.06047

[dist]
# distance from previous block
# <min> <max>
7	32

[block]
# block no. 5 follows, 26 sequences, length 8
# corresponding to MSA columns:
# 206-213
name=unknown_F
#
# <colnr> <probs for GDERKNQSTAVLIFYWHMCP>
#	G	D	E	R	K	N	Q	S	T	A	V	L	I	F	Y	W	H	M	C	P
0	0.27178	0.02047	0.08853	0.01478	0.02037	0.07824	0.01304	0.22029	0.02207	0.10799	0.01749	0.06204	0.01380	0.00909	0.00668	0.00234	0.00786	0.00668	0.00603	0.01041
1	0.01870	0.01994	0.04031	0.02890	0.03635	0.01880	0.54540	0.08101	0.01931	0.02644	0.01544	0.01986	0.01161	0.00657	0.00855	0.00241	0.01178	0.00838	0.00423	0.07601
2	0.01085	0.00805	0.01182	0.01182	0.01305	0.00928	0.00902	0.01331	0.01208	0.01734	0.02065	0.03166	0.01977	0.12025	0.64112	0.01174	0.01910	0.00840	0.00411	0.00657
3	0.01318	0.00659	0.00988	0.00988	0.00988	0.00659	0.00659	0.00988	0.00988	0.01318	0.01318	0.02306	0.01318	0.02635	0.02964	0.77931	0.00659	0.00659	0.00329	0.00329
4	0.26885	0.02745	0.01838	0.01624	0.02068	0.39934	0.01258	0.10778	0.02057	0.02718	0.01218	0.01382	0.00967	0.00773	0.00625	0.00212	0.01053	0.00489	0.00462	0.00913
5	0.01546	0.01450	0.02155	0.53958	0.07199	0.05035	0.01900	0.05383	0.01661	0.02110	0.01668	0.09474	0.01457	0.00936	0.00777	0.00253	0.00954	0.00822	0.00403	0.00860
6	0.35298	0.01997	0.07754	0.01430	0.02017	0.04461	0.01264	0.25641	0.02227	0.06285	0.01454	0.01551	0.01064	0.00787	0.00621	0.00226	0.00756	0.00542	0.00576	0.04048
7	0.02748	0.02953	0.02142	0.01847	0.02308	0.42443	0.01430	0.22260	0.09473	0.02883	0.01572	0.01660	0.01214	0.00847	0.00716	0.00212	0.01125	0.00587	0.00543	0.01038

[dist]
# distance from previous block
# <min> <max>
8	18

[block]
# block no. 6 follows, 26 sequences, length 9
# corresponding to MSA columns:
# 232-240
name=unknown_G
#
# <colnr> <probs for GDERKNQSTAVLIFYWHMCP>
#	G	D	E	R	K	N	Q	S	T	A	V	L	I	F	Y	W	H	M	C	P
0	0.29007	0.02198	0.01850	0.01530	0.02046	0.15811	0.01233	0.31376	0.02497	0.03717	0.01427	0.01527	0.01065	0.00813	0.00644	0.00224	0.00857	0.00550	0.00585	0.01046
1	0.01324	0.00932	0.01205	0.01262	0.01483	0.00927	0.01046	0.01829	0.08431	0.05643	0.15269	0.10483	0.09937	0.01839	0.00963	0.00305	0.00587	0.35022	0.00742	0.00771
2	0.01086	0.00801	0.01161	0.01161	0.01276	0.00917	0.00876	0.01317	0.01202	0.01718	0.02085	0.03273	0.02024	0.15701	0.60499	0.01147	0.01840	0.00856	0.00414	0.00645
3	0.71047	0.01533	0.01232	0.01073	0.01556	0.01767	0.00884	0.08676	0.01521	0.03542	0.01133	0.01292	0.00869	0.00725	0.00499	0.00234	0.00612	0.00438	0.00499	0.00869
4	0.07059	0.01730	0.01866	0.01516	0.02035	0.01880	0.01223	0.29952	0.22588	0.09196	0.06528	0.02390	0.01993	0.00956	0.00742	0.00231	0.00685	0.00756	0.00746	0.05927
5	0.01087	0.00801	0.01159	0.01159	0.01274	0.00916	0.00874	0.01316	0.01201	0.01717	0.02086	0.03282	0.02028	0.16001	0.60205	0.01145	0.01834	0.00857	0.00414	0.00644
6	0.01813	0.02050	0.07549	0.02726	0.03489	0.01798	0.48161	0.06471	0.01861	0.02587	0.01515	0.01934	0.01145	0.00650	0.00825	0.00231	0.01131	0.00794	0.00414	0.12856
7	0.07459	0.02532	0.02114	0.01750	0.02262	0.24628	0.01390	0.36040	0.08455	0.03595	0.01670	0.01723	0.01247	0.00866	0.00717	0.00220	0.00975	0.00617	0.00621	0.01118
8	0.01756	0.01935	0.04016	0.02868	0.03621	0.01774	0.55559	0.02347	0.01756	0.02436	0.01505	0.01971	0.01147	0.00627	0.00842	0.00233	0.01165	0.00824	0.00394	0.13223

[dist]
# distance from previous block
# <min> <max>
17	47

[block]
# block no. 7 follows, 26 sequences, length 19
# corresponding to MSA columns:
# 295-313
name=unknown_H
#
# <colnr> <probs for GDERKNQSTAVLIFYWHMCP>
#	G	D	E	R	K	N	Q	S	T	A	V	L	I	F	Y	W	H	M	C	P
0	0.01745	0.01904	0.03843	0.02771	0.03463	0.01804	0.50450	0.02299	0.01706	0.02389	0.01463	0.01940	0.01134	0.00681	0.00966	0.00239	0.06668	0.00806	0.00390	0.13338
1	0.01723	0.01938	0.04196	0.03030	0.03741	0.01817	0.60783	0.02323	0.01764	0.02391	0.01741	0.07560	0.01452	0.00775	0.00901	0.00260	0.01213	0.00993	0.00409	0.00991
2	0.01631	0.01631	0.02901	0.02102	0.02776	0.01414	0.31676	0.02097	0.01668	0.02415	0.01633	0.06733	0.01406	0.00724	0.00748	0.00194	0.00893	0.00779	0.00436	0.36144
3	0.01771	0.01984	0.04216	0.03011	0.03770	0.01837	0.60044	0.02383	0.01771	0.02433	0.01518	0.02004	0.01148	0.00632	0.00865	0.00243	0.01215	0.00855	0.00390	0.07909
4	0.01669	0.01686	0.02472	0.02075	0.02128	0.02295	0.06106	0.01867	0.01205	0.01867	0.01033	0.01686	0.01006	0.01280	0.02379	0.00327	0.67060	0.00680	0.00335	0.00843
5	0.01085	0.00805	0.01183	0.01183	0.01305	0.00928	0.00903	0.01331	0.01208	0.01734	0.02065	0.03164	0.01976	0.11975	0.64160	0.01174	0.01911	0.00840	0.00411	0.00657
6	0.60970	0.01590	0.01351	0.01159	0.01650	0.01825	0.00951	0.13336	0.05695	0.03626	0.01311	0.01431	0.00993	0.00759	0.00538	0.00235	0.00630	0.00485	0.00538	0.00925
7	0.01122	0.00811	0.01097	0.01226	0.01381	0.00786	0.01006	0.01422	0.01749	0.02310	0.14021	0.20412	0.08805	0.02056	0.01000	0.00319	0.00578	0.38497	0.00721	0.00682
8	0.01139	0.00822	0.01111	0.01204	0.01374	0.00794	0.00996	0.01468	0.01850	0.02477	0.24294	0.12157	0.08388	0.01936	0.00987	0.00307	0.00558	0.36702	0.00742	0.00695
9	0.01871	0.01537	0.01730	0.01299	0.01929	0.01385	0.01044	0.14850	0.10166	0.03015	0.01659	0.01779	0.01305	0.00689	0.00627	0.00153	0.00620	0.00546	0.00551	0.53246
10	0.02833	0.03615	0.02149	0.01954	0.02345	0.70298	0.01466	0.03029	0.02149	0.01856	0.01172	0.01368	0.00977	0.00782	0.00684	0.00195	0.01368	0.00489	0.00391	0.00879
11	0.78701	0.01467	0.01115	0.00997	0.01467	0.01702	0.00821	0.02230	0.01291	0.03403	0.01056	0.01232	0.00821	0.00704	0.00469	0.00235	0.00587	0.00411	0.00469	0.00821
12	0.01182	0.00855	0.01166	0.01304	0.01486	0.00839	0.01122	0.01519	0.01783	0.02326	0.10475	0.08178	0.09750	0.02029	0.01021	0.00331	0.00641	0.52585	0.00712	0.00695
13	0.01573	0.01348	0.01573	0.01123	0.01798	0.01011	0.00899	0.01910	0.01573	0.02472	0.01348	0.01573	0.01123	0.00562	0.00562	0.00112	0.00562	0.00449	0.00449	0.77980
14	0.01098	0.00781	0.01079	0.01087	0.01187	0.00867	0.00794	0.01300	0.01222	0.01755	0.02248	0.06851	0.02262	0.21945	0.46871	0.01000	0.01546	0.00944	0.04542	0.00622
15	0.01133	0.00898	0.01445	0.01356	0.01536	0.01016	0.05459	0.01429	0.01259	0.01807	0.01997	0.02915	0.01844	0.05338	0.65511	0.01152	0.01979	0.00818	0.00405	0.00701
16	0.01818	0.01983	0.04062	0.02930	0.03631	0.01914	0.54799	0.05232	0.01814	0.02496	0.01499	0.01982	0.01145	0.00695	0.00981	0.00252	0.06130	0.00844	0.00401	0.05390
17	0.01765	0.01666	0.02560	0.02054	0.02332	0.01985	0.13509	0.05410	0.01516	0.04158	0.01409	0.02149	0.01272	0.01123	0.01752	0.00286	0.40858	0.04254	0.00416	0.09527
18	0.01895	0.01832	0.03402	0.02482	0.03122	0.01776	0.38857	0.05954	0.01801	0.06559	0.01542	0.01934	0.01180	0.00739	0.01005	0.00236	0.09368	0.00766	0.00445	0.15105

[dist]
# distance from previous block
# <min> <max>
1	96

[block]
# block no. 8 follows, 26 sequences, length 7
# corresponding to MSA columns:
# 410-416
name=unknown_I
#
# <colnr> <probs for GDERKNQSTAVLIFYWHMCP>
#	G	D	E	R	K	N	Q	S	T	A	V	L	I	F	Y	W	H	M	C	P
0	0.12482	0.01725	0.02066	0.06230	0.02321	0.05823	0.06056	0.13303	0.03557	0.13818	0.01657	0.01831	0.01233	0.00852	0.00935	0.00227	0.10714	0.00626	0.00561	0.13982
1	0.01677	0.01798	0.03602	0.08737	0.03543	0.01717	0.45239	0.02217	0.01694	0.02343	0.01614	0.05775	0.01337	0.00759	0.00902	0.00241	0.03820	0.00873	0.00404	0.11710
2	0.02362	0.01432	0.02063	0.05662	0.11461	0.01381	0.06079	0.04628	0.10493	0.27936	0.05167	0.02486	0.01889	0.00871	0.00744	0.00224	0.00708	0.00761	0.05769	0.07884
3	0.01780	0.01870	0.03627	0.05474	0.03434	0.01775	0.44795	0.05333	0.01794	0.02502	0.01480	0.01926	0.01139	0.00674	0.00893	0.00230	0.04359	0.00780	0.00410	0.15723
4	0.01356	0.00986	0.01246	0.01279	0.01494	0.00993	0.01042	0.10419	0.01999	0.02651	0.13032	0.19601	0.08295	0.01897	0.00961	0.00303	0.00600	0.30354	0.00728	0.00764
5	0.01350	0.01050	0.01254	0.01244	0.01522	0.01044	0.01009	0.06044	0.10973	0.02536	0.07306	0.13023	0.16104	0.01724	0.00910	0.00283	0.00581	0.24827	0.00702	0.06514
6	0.12324	0.01434	0.01932	0.01463	0.02055	0.01269	0.11552	0.02079	0.05075	0.02585	0.01680	0.07920	0.01491	0.00778	0.00650	0.00178	0.00674	0.00689	0.00481	0.43690

[dist]
# distance from previous block
# <min> <max>
0	1

[block]
# block no. 9 follows, 26 sequences, length 13
# corresponding to MSA columns:
# 418-430
name=unknown_J
#
# <colnr> <probs for GDERKNQSTAVLIFYWHMCP>
#	G	D	E	R	K	N	Q	S	T	A	V	L	I	F	Y	W	H	M	C	P
0	0.02081	0.01453	0.01721	0.12140	0.02347	0.04546	0.01239	0.03048	0.24288	0.18545	0.11806	0.02883	0.02542	0.00992	0.00764	0.00234	0.00672	0.00831	0.00711	0.07158
1	0.11500	0.05806	0.01764	0.01337	0.01850	0.01379	0.01124	0.07412	0.05021	0.35862	0.02637	0.03160	0.02018	0.01053	0.00744	0.00242	0.00664	0.10312	0.00762	0.05354
2	0.01790	0.02046	0.04476	0.03197	0.03964	0.01918	0.65857	0.02430	0.01790	0.02430	0.01535	0.02046	0.01151	0.00639	0.00895	0.00256	0.01279	0.00895	0.00384	0.01023
3	0.02729	0.02854	0.02056	0.01807	0.02240	0.43652	0.01405	0.15380	0.04668	0.07831	0.01734	0.02168	0.01422	0.00931	0.00736	0.00219	0.01127	0.05507	0.00544	0.00990
4	0.01188	0.00766	0.00940	0.00939	0.00992	0.00776	0.00594	0.01260	0.01207	0.04702	0.02541	0.11398	0.02805	0.51759	0.14279	0.00748	0.00913	0.01146	0.00498	0.00550
5	0.02349	0.01624	0.01802	0.01529	0.02017	0.01784	0.01215	0.12438	0.44530	0.17595	0.02894	0.02639	0.02081	0.00993	0.00768	0.00248	0.00642	0.00813	0.00806	0.01232
6	0.01758	0.01458	0.01672	0.01211	0.01876	0.01200	0.00975	0.10953	0.01854	0.02797	0.01415	0.01608	0.01147	0.00611	0.00590	0.00129	0.00600	0.00482	0.00493	0.67173
7	0.01894	0.01339	0.01596	0.01196	0.01803	0.01089	0.00954	0.06581	0.01794	0.12823	0.01856	0.07339	0.01556	0.00786	0.00638	0.00155	0.00584	0.00648	0.00566	0.54803
8	0.01557	0.01504	0.02481	0.33623	0.03650	0.01866	0.10503	0.01955	0.01438	0.02028	0.01332	0.01958	0.01090	0.00945	0.01351	0.00275	0.25177	0.00703	0.05713	0.00853
9	0.52833	0.14501	0.01805	0.01181	0.01695	0.05126	0.01007	0.09675	0.01638	0.03205	0.01150	0.01304	0.00910	0.00722	0.00516	0.00219	0.00691	0.00445	0.00474	0.00905
10	0.02615	0.01937	0.02067	0.01633	0.02179	0.02152	0.01333	0.51510	0.13185	0.04380	0.02067	0.02055	0.01499	0.00927	0.00743	0.00228	0.00761	0.00712	0.06788	0.01230
11	0.01675	0.01809	0.12045	0.01335	0.02072	0.01239	0.01237	0.07388	0.01745	0.02655	0.01390	0.01598	0.01113	0.00615	0.00603	0.00142	0.00671	0.00486	0.00456	0.59727
12	0.13523	0.01840	0.03657	0.02679	0.03340	0.01775	0.50390	0.02283	0.01685	0.02538	0.01684	0.07881	0.01426	0.00796	0.00836	0.00257	0.01102	0.00927	0.00424	0.00958

[dist]
# distance from previous block
# <min> <max>
26	61

[block]
# block no. 10 follows, 26 sequences, length 6
# corresponding to MSA columns:
# 499-504
name=unknown_K
#
# <colnr> <probs for GDERKNQSTAVLIFYWHMCP>
#	G	D	E	R	K	N	Q	S	T	A	V	L	I	F	Y	W	H	M	C	P
0	0.02412	0.01845	0.02023	0.01522	0.02153	0.01870	0.01246	0.42999	0.02849	0.03950	0.01651	0.01732	0.01230	0.00785	0.00688	0.00186	0.00736	0.00599	0.00647	0.28876
1	0.02498	0.01790	0.02043	0.08445	0.02464	0.01958	0.01382	0.34068	0.18512	0.11762	0.02199	0.02164	0.01574	0.00910	0.00753	0.00232	0.00759	0.00722	0.00727	0.05039
2	0.09930	0.01368	0.07917	0.01167	0.01616	0.01080	0.01018	0.04909	0.01884	0.06071	0.26670	0.07247	0.07060	0.01163	0.00749	0.00215	0.00545	0.00976	0.00647	0.17768
3	0.01184	0.00899	0.01127	0.01177	0.01384	0.00888	0.00953	0.01690	0.08909	0.02506	0.20809	0.11317	0.15159	0.01833	0.00949	0.00293	0.00534	0.26905	0.00742	0.00742
4	0.01752	0.01927	0.03919	0.02836	0.03507	0.01866	0.51579	0.02305	0.01696	0.02366	0.01454	0.01951	0.01130	0.00709	0.01039	0.00249	0.09185	0.00821	0.00385	0.09325
5	0.54667	0.01253	0.01084	0.00984	0.01364	0.01396	0.00789	0.01983	0.01556	0.03291	0.21848	0.02605	0.02783	0.00966	0.00601	0.00236	0.00516	0.00708	0.00583	0.00789

[dist]
# distance from previous block
# <min> <max>
0	12

[block]
# block no. 11 follows, 26 sequences, length 13
# corresponding to MSA columns:
# 517-529
name=unknown_L
#
# <colnr> <probs for GDERKNQSTAVLIFYWHMCP>
#	G	D	E	R	K	N	Q	S	T	A	V	L	I	F	Y	W	H	M	C	P
0	0.01670	0.22414	0.45607	0.01915	0.02804	0.02146	0.02293	0.02313	0.01544	0.02183	0.01245	0.01504	0.00967	0.00758	0.00824	0.00228	0.07679	0.00529	0.00322	0.01054
1	0.09192	0.01050	0.03256	0.01103	0.01401	0.00959	0.00901	0.01922	0.05025	0.10557	0.40386	0.04946	0.07731	0.01412	0.00840	0.00250	0.00482	0.06991	0.00773	0.00823
2	0.05695	0.57421	0.03519	0.01385	0.01999	0.08963	0.01305	0.08321	0.01775	0.02146	0.01137	0.01288	0.00996	0.00688	0.00529	0.00175	0.00853	0.00439	0.00378	0.00988
3	0.02034	0.01626	0.03547	0.02097	0.12277	0.01652	0.07264	0.11755	0.23016	0.10640	0.05584	0.08427	0.04493	0.01070	0.00802	0.00248	0.00726	0.00946	0.00679	0.01117
4	0.26400	0.05994	0.01887	0.01440	0.01958	0.09519	0.01181	0.31009	0.02455	0.03667	0.01884	0.01943	0.05852	0.00889	0.00655	0.00225	0.00782	0.00626	0.00600	0.01035
5	0.01273	0.00960	0.01299	0.01242	0.01387	0.01103	0.00946	0.07176	0.01424	0.02003	0.02130	0.07101	0.02099	0.15072	0.46090	0.00953	0.05665	0.00913	0.00459	0.00705
6	0.02800	0.03162	0.02110	0.01845	0.02291	0.53718	0.01410	0.11009	0.02298	0.06139	0.01370	0.01507	0.01077	0.00794	0.00691	0.00197	0.01212	0.00527	0.00472	0.05370
7	0.59701	0.06674	0.04403	0.01075	0.01566	0.01733	0.00943	0.04805	0.01443	0.03247	0.01229	0.01416	0.00959	0.00726	0.00499	0.00224	0.00616	0.00455	0.07431	0.00855
8	0.01901	0.01545	0.01711	0.02959	0.01933	0.03365	0.01217	0.19300	0.23376	0.03258	0.11245	0.05999	0.05207	0.01269	0.00923	0.00262	0.04742	0.08041	0.00720	0.01028
9	0.01592	0.08610	0.58192	0.02351	0.09722	0.01853	0.02650	0.02386	0.01610	0.02366	0.01346	0.01602	0.00986	0.00711	0.00707	0.00233	0.01077	0.00561	0.00326	0.01119
10	0.04931	0.01701	0.08566	0.42758	0.14725	0.01695	0.07885	0.02069	0.01580	0.02179	0.01591	0.02116	0.03436	0.00770	0.00758	0.00247	0.00987	0.00706	0.00365	0.00933
11	0.05619	0.01470	0.01715	0.01377	0.01901	0.01464	0.01111	0.13578	0.16698	0.26419	0.08644	0.02615	0.02232	0.00953	0.00739	0.00223	0.00627	0.00773	0.00780	0.11064
12	0.02085	0.01521	0.01829	0.01392	0.01961	0.01432	0.03722	0.21188	0.03769	0.09503	0.09823	0.02322	0.02026	0.00844	0.00697	0.00184	0.00650	0.00695	0.02901	0.31455

[dist]
# distance from previous block
# <min> <max>
45	126

[block]
# block no. 12 follows, 26 sequences, length 6
# corresponding to MSA columns:
# 671-676
name=unknown_M
#
# <colnr> <probs for GDERKNQSTAVLIFYWHMCP>
#	G	D	E	R	K	N	Q	S	T	A	V	L	I	F	Y	W	H	M	C	P
0	0.07640	0.10453	0.08042	0.09473	0.02594	0.01848	0.07438	0.12070	0.07102	0.05761	0.01804	0.02379	0.01482	0.00895	0.00792	0.00231	0.03889	0.05942	0.00517	0.09647
1	0.04961	0.01532	0.02489	0.26092	0.03480	0.01638	0.16938	0.07576	0.07310	0.02516	0.01909	0.08773	0.01651	0.00938	0.00792	0.00248	0.00909	0.02722	0.00480	0.07047
2	0.10191	0.01288	0.01463	0.04147	0.01743	0.01343	0.01016	0.14741	0.01907	0.02778	0.03031	0.20186	0.12078	0.01373	0.00907	0.00243	0.06359	0.01115	0.00602	0.13488
3	0.17225	0.01745	0.01791	0.01442	0.01952	0.01911	0.01159	0.34189	0.11527	0.03816	0.01855	0.02090	0.01450	0.06983	0.00950	0.00266	0.00723	0.00670	0.00653	0.07603
4	0.02152	0.01707	0.02113	0.01679	0.02172	0.01805	0.08396	0.32690	0.11553	0.03526	0.02252	0.10730	0.01959	0.06427	0.01016	0.00273	0.00776	0.00920	0.00665	0.07189
5	0.01800	0.01311	0.01561	0.01181	0.01770	0.01061	0.00936	0.05913	0.01752	0.10559	0.01891	0.09667	0.01659	0.00831	0.00643	0.00156	0.00575	0.00692	0.00555	0.55490

[dist]
# distance from previous block
# <min> <max>
143	605

[block]
# block no. 13 follows, 26 sequences, length 10
# corresponding to MSA columns:
# 1402-1411
name=unknown_N
#
# <colnr> <probs for GDERKNQSTAVLIFYWHMCP>
#	G	D	E	R	K	N	Q	S	T	A	V	L	I	F	Y	W	H	M	C	P
0	0.03265	0.04323	0.37237	0.02259	0.12845	0.03547	0.02151	0.04849	0.01740	0.02520	0.05696	0.05684	0.01735	0.00900	0.00742	0.00234	0.00933	0.03241	0.00426	0.05672
1	0.01817	0.06671	0.23981	0.01622	0.02322	0.03848	0.03734	0.05054	0.05963	0.08998	0.01879	0.06529	0.01573	0.05696	0.00913	0.00245	0.00837	0.00719	0.00494	0.17105
2	0.01876	0.11715	0.17080	0.15813	0.11714	0.11977	0.01910	0.05645	0.06198	0.02371	0.05453	0.01973	0.01486	0.00802	0.00712	0.00224	0.00971	0.00642	0.00425	0.01012
3	0.53571	0.07463	0.05979	0.05498	0.01824	0.01698	0.01061	0.02135	0.01444	0.03071	0.08766	0.01811	0.01579	0.00801	0.00554	0.00231	0.00641	0.00547	0.00481	0.00843
4	0.01833	0.01653	0.02799	0.06429	0.02728	0.01878	0.20779	0.02192	0.01508	0.09159	0.01467	0.01959	0.01192	0.01226	0.05182	0.00327	0.30604	0.00738	0.00423	0.05924
5	0.09535	0.40927	0.13649	0.01625	0.02277	0.08079	0.05840	0.02333	0.01570	0.02092	0.01141	0.01373	0.00970	0.00716	0.00685	0.00201	0.05186	0.00485	0.00348	0.00968
6	0.02145	0.01299	0.01521	0.01312	0.01712	0.01342	0.01020	0.03211	0.30023	0.23529	0.11359	0.03490	0.05604	0.07662	0.01070	0.00291	0.00587	0.00946	0.00801	0.01077
7	0.01892	0.01537	0.01744	0.01275	0.01933	0.01338	0.01031	0.17549	0.02059	0.03034	0.01463	0.01633	0.01164	0.00647	0.00610	0.00140	0.00628	0.00506	0.00525	0.59290
8	0.14404	0.49713	0.08852	0.01327	0.01982	0.02517	0.01332	0.02405	0.01563	0.08205	0.01256	0.01376	0.01030	0.00690	0.00529	0.00187	0.00786	0.00452	0.00403	0.00990
9	0.06605	0.01578	0.01735	0.01440	0.01885	0.01693	0.01171	0.36955	0.02732	0.07770	0.06794	0.08959	0.04696	0.01208	0.00786	0.00245	0.00687	0.06573	0.05431	0.01057

[dist]
# distance from previous block
# <min> <max>
51	80

[block]
# block no. 14 follows, 26 sequences, length 9
# corresponding to MSA columns:
# 1498-1506
name=unknown_O
#
# <colnr> <probs for GDERKNQSTAVLIFYWHMCP>
#	G	D	E	R	K	N	Q	S	T	A	V	L	I	F	Y	W	H	M	C	P
0	0.02284	0.03749	0.10983	0.01448	0.02105	0.01482	0.01327	0.17755	0.02229	0.19221	0.04672	0.02324	0.05055	0.00869	0.00707	0.00201	0.00713	0.00690	0.00650	0.21536
1	0.15583	0.02078	0.15590	0.08687	0.18530	0.01718	0.01807	0.11001	0.01897	0.08443	0.03425	0.01867	0.01303	0.00771	0.00694	0.00229	0.00839	0.00624	0.00493	0.04420
2	0.14006	0.02319	0.23340	0.02540	0.20514	0.01661	0.05800	0.02491	0.05084	0.08698	0.01910	0.02096	0.04687	0.00800	0.00715	0.00237	0.00877	0.00677	0.00463	0.01084
3	0.05754	0.01631	0.01983	0.02148	0.17902	0.06890	0.01377	0.13027	0.03693	0.18981	0.06461	0.02351	0.01842	0.00981	0.00852	0.04549	0.00748	0.00724	0.07030	0.01073
4	0.05906	0.01969	0.12077	0.17919	0.11420	0.01746	0.24166	0.02182	0.01628	0.02327	0.01608	0.04686	0.01351	0.00839	0.00880	0.00257	0.04180	0.03497	0.00391	0.00970
5	0.01758	0.01744	0.02316	0.41214	0.09985	0.10976	0.04880	0.07404	0.01814	0.02241	0.01793	0.04237	0.04686	0.00869	0.00767	0.00242	0.00998	0.00752	0.00415	0.00909
6	0.12206	0.01677	0.02630	0.13891	0.44541	0.01814	0.02035	0.02215	0.01590	0.02469	0.01329	0.01793	0.01105	0.00746	0.00858	0.00240	0.06778	0.00639	0.00379	0.01066
7	0.12482	0.01554	0.01667	0.01322	0.01866	0.01553	0.01064	0.21433	0.08165	0.07016	0.02180	0.05793	0.04995	0.00915	0.00677	0.00201	0.00640	0.00718	0.00628	0.25130
8	0.01753	0.01762	0.11123	0.31735	0.03532	0.01631	0.01773	0.02683	0.17994	0.08578	0.01936	0.02177	0.01420	0.00820	0.00739	0.00238	0.00849	0.00692	0.00509	0.08055

[dist]
# distance from previous block
# <min> <max>
38	90

[block]
# block no. 15 follows, 26 sequences, length 6
# corresponding to MSA columns:
# 1615-1620
name=unknown_P
#
# <colnr> <probs for GDERKNQSTAVLIFYWHMCP>
#	G	D	E	R	K	N	Q	S	T	A	V	L	I	F	Y	W	H	M	C	P
0	0.02152	0.26290	0.27695	0.01718	0.02519	0.05028	0.01865	0.12016	0.01960	0.09873	0.01501	0.01606	0.01116	0.00752	0.00653	0.00210	0.00935	0.00547	0.00458	0.01106
1	0.01978	0.01328	0.01838	0.01454	0.01961	0.01187	0.08105	0.06757	0.05340	0.17724	0.02495	0.17718	0.02235	0.01107	0.00759	0.00215	0.00654	0.00986	0.00649	0.25510
2	0.01632	0.01426	0.01557	0.01694	0.11403	0.10341	0.01098	0.05930	0.01925	0.02648	0.24212	0.03541	0.03455	0.08542	0.01171	0.00277	0.04577	0.00935	0.12811	0.00825
3	0.01466	0.01162	0.01765	0.01529	0.01861	0.01109	0.12149	0.02019	0.11379	0.07172	0.03180	0.37649	0.03313	0.01582	0.00869	0.00266	0.00637	0.01466	0.00649	0.08779
4	0.02207	0.01826	0.11778	0.01488	0.02069	0.01518	0.01354	0.16036	0.13458	0.18274	0.09918	0.02922	0.06842	0.01027	0.00768	0.00232	0.00693	0.00837	0.00722	0.06029
5	0.13856	0.02499	0.02318	0.02001	0.04810	0.27372	0.08043	0.16044	0.02143	0.02785	0.01317	0.01570	0.01049	0.00849	0.00923	0.00233	0.10149	0.00589	0.00472	0.00978

[dist]
# distance from previous block
# <min> <max>
1	7

[block]
# block no. 16 follows, 26 sequences, length 13
# corresponding to MSA columns:
# 1628-1640
name=unknown_Q
#
# <colnr> <probs for GDERKNQSTAVLIFYWHMCP>
#	G	D	E	R	K	N	Q	S	T	A	V	L	I	F	Y	W	H	M	C	P
0	0.05403	0.07256	0.14753	0.01661	0.02268	0.06904	0.03907	0.20716	0.09326	0.06294	0.08891	0.02284	0.01949	0.00909	0.00726	0.00227	0.00827	0.00719	0.03900	0.01080
1	0.01895	0.01507	0.01775	0.06315	0.02111	0.01647	0.01228	0.13646	0.21845	0.06264	0.02548	0.09282	0.04753	0.01113	0.00943	0.00241	0.08254	0.00883	0.00641	0.13110
2	0.02242	0.04510	0.01768	0.01316	0.01850	0.01390	0.01065	0.15286	0.06272	0.19771	0.06017	0.08052	0.03662	0.00993	0.00721	0.00204	0.00626	0.00815	0.00698	0.22743
3	0.03361	0.00881	0.01063	0.00987	0.01239	0.00809	0.00741	0.01646	0.03310	0.10120	0.26932	0.11198	0.20778	0.06158	0.04250	0.00320	0.00524	0.01316	0.00734	0.03631
4	0.03851	0.06182	0.15992	0.01591	0.02208	0.01558	0.05935	0.09214	0.10056	0.08647	0.10180	0.05615	0.05192	0.00993	0.00748	0.00226	0.00747	0.00837	0.00595	0.09633
5	0.01775	0.01713	0.02987	0.08636	0.54603	0.01722	0.07325	0.02223	0.01699	0.02402	0.01621	0.06813	0.01449	0.00796	0.00778	0.00235	0.00907	0.00796	0.00396	0.01123
6	0.01715	0.01366	0.01600	0.01217	0.01770	0.01196	0.00975	0.08731	0.01782	0.04906	0.01893	0.04992	0.04463	0.00815	0.00746	0.00161	0.05213	0.00636	0.03787	0.52037
7	0.01773	0.01949	0.10004	0.04140	0.56968	0.01716	0.02266	0.02248	0.01695	0.02432	0.01610	0.06761	0.01440	0.00798	0.00763	0.00233	0.00893	0.00766	0.00392	0.01152
8	0.01939	0.01972	0.02992	0.09680	0.52869	0.09107	0.05716	0.02377	0.01759	0.02365	0.01399	0.01844	0.01159	0.00692	0.00752	0.00226	0.00981	0.00668	0.00374	0.01128
9	0.03683	0.00966	0.01241	0.02839	0.04327	0.00897	0.00945	0.01861	0.01826	0.15876	0.13719	0.08519	0.22260	0.04630	0.01005	0.00287	0.00552	0.13017	0.00730	0.00819
10	0.01703	0.01541	0.02606	0.18133	0.45478	0.01611	0.02038	0.02051	0.01575	0.02196	0.01394	0.01970	0.01178	0.00979	0.01075	0.11550	0.00889	0.00673	0.00361	0.00999
11	0.01778	0.01469	0.02414	0.31616	0.29358	0.01582	0.01959	0.02219	0.01706	0.09373	0.04810	0.02416	0.04361	0.00831	0.00768	0.00240	0.00873	0.00755	0.00454	0.01017
12	0.01502	0.01200	0.01803	0.24215	0.11412	0.01263	0.01446	0.01970	0.04544	0.06499	0.18440	0.09390	0.03125	0.01131	0.00803	0.00241	0.00700	0.02716	0.00572	0.07028

[dist]
# distance from previous block
# <min> <max>
6	40

[block]
# block no. 17 follows, 26 sequences, length 6
# corresponding to MSA columns:
# 1682-1687
name=unknown_R
#
# <colnr> <probs for GDERKNQSTAVLIFYWHMCP>
#	G	D	E	R	K	N	Q	S	T	A	V	L	I	F	Y	W	H	M	C	P
0	0.01909	0.29021	0.20489	0.02179	0.12407	0.09100	0.01906	0.02335	0.01599	0.02062	0.01195	0.01485	0.01008	0.00767	0.00850	0.00216	0.09587	0.00526	0.00339	0.01019
1	0.01997	0.17712	0.19901	0.07081	0.02572	0.14824	0.01726	0.02431	0.01728	0.07036	0.04585	0.01777	0.01353	0.00795	0.00760	0.00209	0.04775	0.00573	0.00418	0.07748
2	0.11385	0.22164	0.24843	0.01713	0.02443	0.15213	0.01784	0.08056	0.01825	0.02462	0.01246	0.01428	0.00979	0.00728	0.00624	0.00209	0.00995	0.00498	0.00391	0.01014
3	0.05671	0.36409	0.22548	0.01568	0.02267	0.06579	0.01683	0.02244	0.01546	0.02048	0.01270	0.01554	0.01074	0.01292	0.09036	0.00319	0.01074	0.00506	0.00345	0.00967
4	0.09551	0.36352	0.21677	0.01577	0.02304	0.07378	0.01676	0.02495	0.06654	0.02231	0.01306	0.01462	0.01059	0.00714	0.00587	0.00201	0.00900	0.00490	0.00377	0.01010
5	0.19758	0.25916	0.15745	0.01519	0.02198	0.05851	0.01520	0.14674	0.01919	0.02861	0.01270	0.01421	0.00997	0.00733	0.00592	0.00209	0.00854	0.00495	0.00444	0.01024

[dist]
# distance from previous block
# <min> <max>
0	2

[block]
# block no. 18 follows, 26 sequences, length 68
# corresponding to MSA columns:
# 1690-1757
name=unknown_S
#
# <colnr> <probs for GDERKNQSTAVLIFYWHMCP>
#	G	D	E	R	K	N	Q	S	T	A	V	L	I	F	Y	W	H	M	C	P
0	0.02701	0.05231	0.02191	0.01639	0.02203	0.02150	0.01349	0.48696	0.09517	0.09887	0.02120	0.05223	0.01598	0.00980	0.00758	0.00232	0.00776	0.00762	0.00753	0.01236
1	0.09011	0.01519	0.01614	0.01412	0.01869	0.01672	0.01110	0.03574	0.46789	0.11019	0.03006	0.02791	0.05094	0.01004	0.00737	0.00244	0.00592	0.00817	0.00743	0.05382
2	0.03048	0.01471	0.01880	0.01578	0.05012	0.01418	0.01225	0.11789	0.11721	0.48242	0.02783	0.02487	0.01834	0.00936	0.00763	0.00237	0.00675	0.00762	0.00866	0.01274
3	0.78701	0.01467	0.01115	0.00997	0.01467	0.01702	0.00821	0.02230	0.01291	0.03403	0.01056	0.01232	0.00821	0.00704	0.00469	0.00235	0.00587	0.00411	0.00469	0.00821
4	0.01771	0.26348	0.45190	0.01846	0.02790	0.02132	0.02239	0.02419	0.01608	0.05270	0.01337	0.01522	0.01007	0.00708	0.00647	0.00215	0.00999	0.00520	0.00350	0.01081
5	0.05327	0.01717	0.01832	0.01533	0.02001	0.01919	0.01223	0.29922	0.28966	0.03810	0.08908	0.04936	0.02385	0.01061	0.00773	0.00244	0.00670	0.00859	0.00758	0.01156
6	0.04494	0.02237	0.02411	0.06931	0.05406	0.22841	0.13083	0.05279	0.01875	0.02369	0.01343	0.01641	0.01076	0.00683	0.00688	0.00188	0.01002	0.00578	0.00423	0.25452
7	0.07383	0.01455	0.02396	0.53029	0.14962	0.01714	0.04390	0.02040	0.01543	0.02153	0.01345	0.01940	0.01032	0.00737	0.00740	0.00247	0.00971	0.00662	0.00355	0.00905
8	0.01432	0.01348	0.02275	0.71520	0.05224	0.01685	0.02107	0.01938	0.01517	0.01938	0.01348	0.02022	0.01011	0.00758	0.00758	0.00253	0.01011	0.00674	0.00337	0.00843
9	0.01432	0.01348	0.02275	0.71520	0.05224	0.01685	0.02107	0.01938	0.01517	0.01938	0.01348	0.02022	0.01011	0.00758	0.00758	0.00253	0.01011	0.00674	0.00337	0.00843
10	0.01006	0.00773	0.00920	0.00883	0.01092	0.00687	0.00662	0.01300	0.01987	0.02662	0.45051	0.06291	0.30554	0.01692	0.00895	0.00245	0.00368	0.01459	0.00785	0.00687
11	0.03403	0.01291	0.01760	0.01350	0.01936	0.01115	0.01115	0.03697	0.02171	0.69137	0.02992	0.02582	0.01878	0.00939	0.00763	0.00235	0.00645	0.00763	0.00939	0.01291
12	0.01978	0.01675	0.01766	0.01562	0.02007	0.01929	0.01223	0.09709	0.61414	0.03320	0.02971	0.02738	0.02222	0.01018	0.00771	0.00255	0.00622	0.00842	0.00771	0.01209
13	0.01521	0.03923	0.69413	0.02162	0.03283	0.01762	0.02802	0.02402	0.01601	0.02402	0.01361	0.01601	0.00961	0.00721	0.00721	0.00240	0.01121	0.00560	0.00320	0.01121
14	0.01550	0.06140	0.64321	0.02180	0.03270	0.01809	0.05605	0.02399	0.01608	0.02383	0.01359	0.01609	0.00970	0.00715	0.00721	0.00238	0.01118	0.00571	0.00323	0.01112
15	0.01790	0.02046	0.04476	0.03197	0.03964	0.01918	0.65857	0.02430	0.01790	0.02430	0.01535	0.02046	0.01151	0.00639	0.00895	0.00256	0.01279	0.00895	0.00384	0.01023
16	0.01074	0.00775	0.01014	0.00954	0.01133	0.00716	0.00716	0.01431	0.02147	0.03042	0.68211	0.05666	0.07157	0.01551	0.00895	0.00239	0.00358	0.01372	0.00835	0.00716
17	0.01874	0.02140	0.03498	0.08776	0.03462	0.13044	0.39766	0.02357	0.01754	0.02210	0.01683	0.02133	0.04180	0.00807	0.01021	0.00254	0.08890	0.00817	0.00390	0.00945
18	0.01103	0.00735	0.00827	0.00827	0.00827	0.00735	0.00460	0.01103	0.01103	0.01471	0.02390	0.04964	0.02758	0.73343	0.03861	0.00735	0.00735	0.01103	0.00460	0.00460
19	0.01657	0.01346	0.01581	0.01134	0.01804	0.01016	0.00909	0.01992	0.01600	0.05535	0.01424	0.01619	0.01158	0.00579	0.00571	0.00118	0.00566	0.00464	0.00472	0.74456
20	0.00945	0.00675	0.00904	0.01080	0.01134	0.00634	0.00741	0.01093	0.01473	0.01960	0.04169	0.68281	0.04970	0.02356	0.00974	0.00311	0.00458	0.06515	0.00704	0.00622
21	0.01410	0.01164	0.02120	0.01780	0.02105	0.01084	0.21749	0.01725	0.01628	0.07445	0.03228	0.42385	0.03501	0.01693	0.00931	0.00287	0.00735	0.03609	0.00619	0.00803
22	0.01650	0.01647	0.02321	0.04835	0.02124	0.02297	0.01678	0.01830	0.01176	0.01830	0.01010	0.01674	0.00996	0.01304	0.02418	0.00329	0.69053	0.00664	0.00332	0.00830
23	0.78701	0.01467	0.01115	0.00997	0.01467	0.01702	0.00821	0.02230	0.01291	0.03403	0.01056	0.01232	0.00821	0.00704	0.00469	0.00235	0.00587	0.00411	0.00469	0.00821
24	0.01318	0.00659	0.00988	0.00988	0.00988	0.00659	0.00659	0.00988	0.00988	0.01318	0.01318	0.02306	0.01318	0.02635	0.02964	0.77931	0.00659	0.00659	0.00329	0.00329
25	0.01669	0.01589	0.02702	0.36031	0.38868	0.01747	0.02224	0.02145	0.01628	0.02225	0.01390	0.01945	0.01112	0.00715	0.00754	0.00238	0.00953	0.00675	0.00357	0.01033
26	0.01432	0.01348	0.02275	0.71520	0.05224	0.01685	0.02107	0.01938	0.01517	0.01938	0.01348	0.02022	0.01011	0.00758	0.00758	0.00253	0.01011	0.00674	0.00337	0.00843
27	0.01521	0.03923	0.69413	0.02162	0.03283	0.01762	0.02802	0.02402	0.01601	0.02402	0.01361	0.01601	0.00961	0.00721	0.00721	0.00240	0.01121	0.00560	0.00320	0.01121
28	0.00912	0.00769	0.00790	0.00784	0.01034	0.00647	0.00588	0.01118	0.01765	0.02135	0.12917	0.07158	0.63017	0.01889	0.00896	0.00255	0.00382	0.01581	0.00716	0.00647
29	0.01441	0.01360	0.02277	0.68919	0.05103	0.01709	0.02090	0.01934	0.01503	0.01934	0.01335	0.02009	0.01011	0.00780	0.00823	0.00256	0.03665	0.00674	0.00337	0.00842
30	0.01064	0.00775	0.01000	0.00944	0.01127	0.00712	0.00708	0.01412	0.02124	0.02987	0.64876	0.05756	0.10526	0.01571	0.00895	0.00240	0.00359	0.01384	0.00828	0.00712
31	0.01722	0.01644	0.02799	0.27964	0.46515	0.01761	0.02251	0.02192	0.01654	0.02290	0.01399	0.01928	0.01135	0.00705	0.00754	0.00235	0.00939	0.00675	0.00362	0.01076
32	0.01791	0.01697	0.02841	0.13597	0.54600	0.01754	0.02209	0.02315	0.04379	0.02424	0.01583	0.02192	0.01342	0.00756	0.00764	0.00235	0.00896	0.03092	0.00399	0.01133
33	0.01487	0.01157	0.01460	0.01564	0.06846	0.01226	0.01115	0.10011	0.10323	0.02651	0.06315	0.25417	0.06198	0.01663	0.00954	0.00282	0.03676	0.12791	0.04005	0.00858
34	0.01637	0.11691	0.59083	0.02056	0.03092	0.05000	0.02574	0.02416	0.01619	0.02309	0.01319	0.01548	0.00963	0.00715	0.00693	0.00230	0.01098	0.00540	0.00324	0.01094
35	0.02444	0.33882	0.05193	0.01666	0.02205	0.35173	0.01436	0.06155	0.01946	0.02005	0.01164	0.01335	0.00992	0.00729	0.00604	0.00184	0.01090	0.00466	0.00380	0.00951
36	0.01432	0.01348	0.02275	0.71520	0.05224	0.01685	0.02107	0.01938	0.01517	0.01938	0.01348	0.02022	0.01011	0.00758	0.00758	0.00253	0.01011	0.00674	0.00337	0.00843
37	0.01085	0.00775	0.01065	0.01240	0.01355	0.00755	0.00984	0.01335	0.01611	0.02117	0.04092	0.38087	0.04665	0.02224	0.01011	0.00330	0.00580	0.35327	0.00701	0.00661
38	0.01857	0.01782	0.03042	0.07675	0.65750	0.01797	0.02318	0.02310	0.01718	0.02454	0.01423	0.01884	0.01193	0.00680	0.00751	0.00227	0.00906	0.00676	0.00374	0.01185
39	0.75562	0.01460	0.01142	0.01012	0.01486	0.01677	0.00834	0.02291	0.01328	0.06143	0.01137	0.01288	0.00865	0.00714	0.00482	0.00235	0.00589	0.00425	0.00489	0.00841
40	0.01521	0.03923	0.69413	0.02162	0.03283	0.01762	0.02802	0.02402	0.01601	0.02402	0.01361	0.01601	0.00961	0.00721	0.00721	0.00240	0.01121	0.00560	0.00320	0.01121
41	0.01887	0.01629	0.01715	0.01544	0.01972	0.01887	0.01201	0.04031	0.67241	0.03173	0.03087	0.02830	0.02315	0.01029	0.00772	0.00257	0.00600	0.00858	0.00772	0.01201
42	0.01318	0.00659	0.00988	0.00988	0.00988	0.00659	0.00659	0.00988	0.00988	0.01318	0.01318	0.02306	0.01318	0.02635	0.02964	0.77931	0.00659	0.00659	0.00329	0.00329
43	0.01084	0.00813	0.01219	0.01219	0.01354	0.00948	0.00948	0.01354	0.01219	0.01761	0.02032	0.02980	0.01896	0.05689	0.70337	0.01219	0.02032	0.00813	0.00406	0.00677
44	0.01084	0.00813	0.01219	0.01219	0.01354	0.00948	0.00948	0.01354	0.01219	0.01761	0.02032	0.02980	0.01896	0.05689	0.70337	0.01219	0.02032	0.00813	0.00406	0.00677
45	0.02294	0.01832	0.01945	0.01626	0.02128	0.02077	0.01299	0.29416	0.41191	0.03831	0.02569	0.02417	0.01896	0.00981	0.00766	0.00245	0.00696	0.00786	0.00766	0.01237
46	0.01573	0.01348	0.01573	0.01123	0.01798	0.01011	0.00899	0.01910	0.01573	0.02472	0.01348	0.01573	0.01123	0.00562	0.00562	0.00112	0.00562	0.00449	0.00449	0.77980
47	0.01414	0.00707	0.00707	0.00707	0.00884	0.00707	0.00530	0.01767	0.01591	0.02828	0.02474	0.02828	0.01944	0.00884	0.00530	0.00177	0.00353	0.00707	0.77554	0.00707
