[name]
unknown

[dist]
# distance from previous block
# <min> <max>
0	8

[block]
# block no. 0 follows, 25 sequences, length 6
# corresponding to MSA columns:
# 8-13
name=unknown_A
#
# <colnr> <probs for GDERKNQSTAVLIFYWHMCP>
#	G	D	E	R	K	N	Q	S	T	A	V	L	I	F	Y	W	H	M	C	P
0	0.02142	0.01678	0.04729	0.06904	0.07420	0.01719	0.01434	0.24096	0.11620	0.06429	0.02384	0.03035	0.01931	0.01051	0.00775	0.00246	0.00749	0.08135	0.12427	0.01093
1	0.01974	0.45585	0.24502	0.01662	0.02458	0.08026	0.01830	0.02427	0.01645	0.02031	0.01187	0.01381	0.00991	0.00698	0.00590	0.00194	0.00976	0.00472	0.00336	0.01035
2	0.01401	0.01204	0.01304	0.06656	0.01601	0.08692	0.00935	0.01595	0.01428	0.01898	0.06756	0.03623	0.02418	0.27936	0.19092	0.00671	0.05080	0.00914	0.06134	0.00663
3	0.01120	0.00783	0.01006	0.01006	0.01061	0.00839	0.00669	0.01230	0.01175	0.01622	0.02297	0.04263	0.02467	0.45987	0.30229	0.00949	0.01282	0.01009	0.00448	0.00559
4	0.01267	0.10710	0.01534	0.01175	0.01345	0.01185	0.00913	0.01377	0.01355	0.01794	0.02881	0.17568	0.10152	0.03054	0.20538	0.15183	0.05709	0.01117	0.00484	0.00659
5	0.08863	0.04529	0.22392	0.01897	0.07550	0.04009	0.05902	0.02259	0.01720	0.05887	0.06400	0.02375	0.06256	0.00850	0.00713	0.00216	0.00843	0.00703	0.00475	0.16162

[dist]
# distance from previous block
# <min> <max>
0	1

[block]
# block no. 1 follows, 25 sequences, length 41
# corresponding to MSA columns:
# 15-55
name=unknown_B
#
# <colnr> <probs for GDERKNQSTAVLIFYWHMCP>
#	G	D	E	R	K	N	Q	S	T	A	V	L	I	F	Y	W	H	M	C	P
0	0.01727	0.01363	0.01594	0.01209	0.01815	0.01117	0.00956	0.05321	0.05114	0.06052	0.01860	0.08495	0.01641	0.00815	0.00646	0.00154	0.00583	0.00677	0.00544	0.58318
1	0.00981	0.00690	0.00889	0.01033	0.01069	0.00654	0.00670	0.01089	0.01413	0.01884	0.03907	0.58795	0.04666	0.16510	0.01582	0.00402	0.00510	0.01989	0.00670	0.00598
2	0.01825	0.01617	0.02086	0.06667	0.19131	0.01789	0.01539	0.03307	0.40179	0.02970	0.08207	0.02843	0.02421	0.00988	0.00794	0.00253	0.00697	0.00863	0.00662	0.01162
3	0.02093	0.06037	0.39549	0.05542	0.03002	0.01867	0.02229	0.13568	0.04160	0.12017	0.01748	0.01862	0.01219	0.00810	0.00743	0.00240	0.00991	0.00633	0.00509	0.01181
4	0.02073	0.73217	0.04063	0.01327	0.01990	0.03068	0.01327	0.02322	0.01575	0.01824	0.01078	0.01244	0.00995	0.00663	0.00498	0.00166	0.00829	0.00415	0.00332	0.00995
5	0.01165	0.00769	0.00951	0.00924	0.01077	0.00735	0.00671	0.01473	0.01885	0.02776	0.41118	0.08416	0.05401	0.09768	0.03652	0.00328	0.00475	0.01252	0.16472	0.00693
6	0.01555	0.04011	0.68733	0.02210	0.03356	0.01801	0.02865	0.02455	0.01637	0.02455	0.01391	0.01637	0.00982	0.00737	0.00737	0.00246	0.01146	0.00573	0.00327	0.01146
7	0.06492	0.11397	0.49201	0.02078	0.05501	0.01926	0.02410	0.02550	0.04724	0.04703	0.01479	0.01673	0.01082	0.00748	0.00699	0.00236	0.01026	0.00571	0.00383	0.01123
8	0.00943	0.00680	0.00894	0.01065	0.01121	0.00631	0.00713	0.01081	0.01499	0.01985	0.04457	0.68930	0.08325	0.02405	0.00986	0.00312	0.00447	0.02175	0.00720	0.00631
9	0.00945	0.00675	0.00900	0.01080	0.01125	0.00630	0.00720	0.01080	0.01484	0.01979	0.04274	0.72245	0.05128	0.02429	0.00990	0.00315	0.00450	0.02204	0.00720	0.00630
10	0.38061	0.01519	0.01527	0.01258	0.01774	0.01623	0.01031	0.12754	0.04256	0.21704	0.05942	0.02076	0.01670	0.00885	0.00648	0.00240	0.00643	0.00641	0.00694	0.01056
11	0.01487	0.01407	0.02436	0.55873	0.04743	0.01684	0.08499	0.01984	0.01567	0.02064	0.01553	0.05063	0.01259	0.00858	0.00850	0.00261	0.03404	0.00778	0.03366	0.00865
12	0.01128	0.00752	0.00846	0.00846	0.00846	0.00752	0.00470	0.01128	0.01128	0.01503	0.02443	0.05074	0.02819	0.72751	0.03946	0.00752	0.00752	0.01128	0.00470	0.00470
13	0.01813	0.02210	0.08551	0.03202	0.04009	0.01951	0.61241	0.02482	0.01818	0.02482	0.01558	0.02063	0.01164	0.00659	0.00904	0.00260	0.01297	0.00894	0.00388	0.01052
14	0.05656	0.01718	0.03219	0.13834	0.03460	0.01809	0.33373	0.04011	0.01687	0.02383	0.01790	0.10785	0.01615	0.00997	0.01081	0.00276	0.09960	0.00977	0.00435	0.00936
15	0.02113	0.01626	0.01751	0.01523	0.01984	0.01814	0.01199	0.11203	0.48040	0.09300	0.03359	0.03103	0.07298	0.01100	0.00796	0.00257	0.00629	0.00906	0.00798	0.01202
16	0.13393	0.37116	0.27228	0.01603	0.02414	0.02405	0.01815	0.02364	0.01559	0.02305	0.01193	0.01390	0.00967	0.00699	0.00582	0.00206	0.00910	0.00473	0.00353	0.01027
17	0.02858	0.02127	0.02276	0.01766	0.02370	0.02363	0.01452	0.59946	0.09174	0.04742	0.01975	0.01952	0.01411	0.00941	0.00777	0.00235	0.00832	0.00714	0.00777	0.01311
18	0.01081	0.00792	0.01014	0.00958	0.01148	0.00725	0.00719	0.01432	0.02157	0.03019	0.62172	0.05941	0.12705	0.01619	0.00915	0.00245	0.00368	0.01423	0.00842	0.00725
19	0.01464	0.01378	0.02326	0.70887	0.05340	0.01723	0.02153	0.01981	0.01550	0.01981	0.01378	0.02067	0.01034	0.00775	0.00775	0.00258	0.01034	0.00689	0.00345	0.00861
20	0.01105	0.00803	0.01126	0.01135	0.01233	0.00897	0.00828	0.01304	0.01227	0.01732	0.02276	0.06866	0.02318	0.22975	0.49398	0.01074	0.01656	0.00973	0.00444	0.00632
21	0.10724	0.03308	0.47544	0.02237	0.06335	0.01842	0.07080	0.05753	0.03404	0.02729	0.01441	0.01684	0.01045	0.00745	0.00724	0.00245	0.01053	0.00600	0.00388	0.01118
22	0.04289	0.18536	0.10437	0.04744	0.02072	0.05293	0.01376	0.02258	0.07166	0.05434	0.17202	0.05719	0.02848	0.01270	0.03557	0.00274	0.05195	0.00848	0.00550	0.00933
23	0.01128	0.00752	0.00846	0.00846	0.00846	0.00752	0.00470	0.01128	0.01128	0.01503	0.02443	0.05074	0.02819	0.72751	0.03946	0.00752	0.00752	0.01128	0.00470	0.00470
24	0.02717	0.01764	0.01990	0.01589	0.02120	0.01878	0.01287	0.39263	0.08342	0.17475	0.04554	0.09091	0.02093	0.01114	0.00803	0.00245	0.00739	0.00899	0.00812	0.01225
25	0.06818	0.01391	0.01753	0.01362	0.01939	0.01263	0.01112	0.09777	0.02215	0.47573	0.02706	0.05998	0.01882	0.00977	0.00752	0.00229	0.00656	0.00791	0.00847	0.09960
26	0.01036	0.00795	0.00860	0.00858	0.01102	0.00677	0.00638	0.01244	0.01790	0.04780	0.12389	0.14365	0.52859	0.01944	0.00919	0.00265	0.00407	0.01646	0.00741	0.00685
27	0.01347	0.00673	0.01010	0.01010	0.01010	0.00673	0.00673	0.01010	0.01010	0.01347	0.01347	0.02357	0.01347	0.02694	0.03030	0.77441	0.00673	0.00673	0.00337	0.00337
28	0.01464	0.01378	0.02326	0.70887	0.05340	0.01723	0.02153	0.01981	0.01550	0.01981	0.01378	0.02067	0.01034	0.00775	0.00775	0.00258	0.01034	0.00689	0.00345	0.00861
29	0.02014	0.14925	0.30993	0.02091	0.06072	0.11416	0.04563	0.04576	0.01815	0.06437	0.03540	0.01776	0.01281	0.00806	0.00800	0.00230	0.04570	0.00604	0.00415	0.01075
30	0.01352	0.00928	0.01254	0.01383	0.01577	0.00929	0.01163	0.01787	0.05772	0.05475	0.04022	0.17626	0.04311	0.02061	0.01027	0.00339	0.00666	0.46835	0.00731	0.00762
31	0.21577	0.20163	0.02428	0.14566	0.06212	0.06354	0.01407	0.10477	0.01827	0.02774	0.01338	0.01613	0.01068	0.00756	0.00611	0.00217	0.00829	0.00541	0.04276	0.00966
32	0.01116	0.00747	0.00849	0.00860	0.00863	0.00744	0.00485	0.01125	0.01150	0.01533	0.02557	0.09263	0.02963	0.68366	0.03762	0.00724	0.00733	0.01195	0.00485	0.00480
33	0.06759	0.02052	0.02201	0.01691	0.02307	0.02233	0.01395	0.55607	0.03346	0.08005	0.01859	0.01858	0.01317	0.00903	0.00750	0.00227	0.00816	0.00676	0.00754	0.05245
34	0.04792	0.39918	0.07295	0.05069	0.02343	0.02638	0.01483	0.19491	0.05453	0.02830	0.01432	0.01563	0.01149	0.00768	0.00616	0.00201	0.00847	0.00539	0.00481	0.01092
35	0.01036	0.00781	0.00958	0.00933	0.01126	0.00703	0.00692	0.01338	0.02022	0.02745	0.46325	0.11715	0.23275	0.01756	0.00921	0.00255	0.00380	0.01531	0.00807	0.00703
36	0.01162	0.00814	0.00959	0.00938	0.00944	0.00863	0.00569	0.01185	0.01137	0.01540	0.02337	0.04771	0.02666	0.65249	0.06854	0.00749	0.05213	0.01086	0.00459	0.00504
37	0.01086	0.00826	0.01158	0.07322	0.01585	0.00881	0.00927	0.01302	0.01408	0.01886	0.03435	0.21338	0.11857	0.08046	0.27905	0.03281	0.01162	0.03396	0.00539	0.00661
38	0.78228	0.01499	0.01140	0.01020	0.01499	0.01739	0.00840	0.02279	0.01320	0.03479	0.01080	0.01260	0.00840	0.00720	0.00480	0.00240	0.00600	0.00420	0.00480	0.00840
39	0.01353	0.01099	0.01350	0.01502	0.08246	0.01085	0.01035	0.07197	0.07989	0.02545	0.07233	0.15047	0.28457	0.01735	0.00911	0.00277	0.00564	0.10841	0.00700	0.00834
40	0.06454	0.01434	0.01622	0.01437	0.03489	0.03700	0.03194	0.10025	0.10499	0.02845	0.02927	0.09152	0.09988	0.01181	0.00833	0.00232	0.03857	0.04078	0.07587	0.15465

[dist]
# distance from previous block
# <min> <max>
0	2

[block]
# block no. 2 follows, 25 sequences, length 105
# corresponding to MSA columns:
# 58-162
name=unknown_C
#
# <colnr> <probs for GDERKNQSTAVLIFYWHMCP>
#	G	D	E	R	K	N	Q	S	T	A	V	L	I	F	Y	W	H	M	C	P
0	0.15174	0.04910	0.02010	0.04172	0.02167	0.11074	0.05004	0.13764	0.11277	0.08684	0.04600	0.02143	0.01653	0.00902	0.00757	0.00234	0.03054	0.00687	0.06699	0.01034
1	0.08572	0.05140	0.04344	0.05200	0.05457	0.07296	0.01414	0.18941	0.03865	0.05087	0.04111	0.05070	0.01968	0.01094	0.00851	0.00246	0.04226	0.09254	0.00594	0.07271
2	0.18109	0.02106	0.01973	0.01650	0.02084	0.17136	0.04330	0.17322	0.02166	0.09443	0.01727	0.05398	0.01435	0.04351	0.01023	0.00267	0.07202	0.00709	0.00573	0.00995
3	0.01579	0.07136	0.65813	0.02170	0.03294	0.01858	0.02795	0.02449	0.01634	0.02427	0.01377	0.01619	0.00983	0.00733	0.00726	0.00242	0.01132	0.00566	0.00328	0.01139
4	0.01670	0.01261	0.01938	0.05655	0.18368	0.01265	0.03555	0.04844	0.01860	0.07729	0.03066	0.11884	0.03107	0.01546	0.00932	0.00299	0.00776	0.28693	0.00627	0.00927
5	0.01694	0.01584	0.02633	0.43336	0.28656	0.01795	0.02211	0.04684	0.01715	0.02305	0.01428	0.02003	0.01118	0.00750	0.00772	0.00247	0.00984	0.00690	0.00377	0.01017
6	0.01677	0.01602	0.07647	0.36130	0.03691	0.01605	0.01764	0.07699	0.07653	0.05625	0.02136	0.06530	0.04265	0.01191	0.03971	0.00298	0.00939	0.00827	0.00497	0.04255
7	0.01113	0.00749	0.00866	0.00880	0.00889	0.00751	0.00509	0.01134	0.01160	0.01552	0.02570	0.10210	0.02963	0.64590	0.06366	0.00738	0.00782	0.01199	0.00487	0.00491
8	0.01840	0.01261	0.01315	0.01172	0.01507	0.01385	0.00915	0.12484	0.23464	0.03319	0.02633	0.02731	0.02009	0.00957	0.00660	0.00216	0.00522	0.00770	0.39858	0.00983
9	0.04993	0.01450	0.02354	0.52356	0.08393	0.01743	0.04879	0.02120	0.04640	0.02198	0.03719	0.02175	0.01321	0.00826	0.00842	0.00259	0.03715	0.00720	0.00393	0.00903
10	0.01073	0.00847	0.01171	0.01149	0.01328	0.00789	0.04542	0.01390	0.04045	0.02412	0.23701	0.35403	0.15302	0.01948	0.00944	0.00280	0.00472	0.01750	0.00743	0.00710
11	0.02604	0.01465	0.01739	0.01430	0.01930	0.01487	0.01148	0.11465	0.22228	0.31346	0.08817	0.03118	0.05493	0.01086	0.00800	0.00247	0.00632	0.00893	0.00863	0.01209
12	0.01001	0.00705	0.00914	0.01060	0.01106	0.00671	0.00710	0.01126	0.01439	0.01914	0.03917	0.55083	0.04646	0.15636	0.01552	0.00400	0.00525	0.06314	0.00672	0.00606
13	0.05710	0.01532	0.01815	0.01451	0.02011	0.04047	0.01179	0.07416	0.13967	0.47993	0.02865	0.02543	0.01892	0.00960	0.00768	0.00242	0.00690	0.00769	0.00879	0.01270
14	0.01916	0.01625	0.01723	0.01548	0.01978	0.01858	0.01213	0.07516	0.57265	0.03252	0.03333	0.03271	0.05404	0.01129	0.00805	0.00265	0.00622	0.03309	0.00782	0.01186
15	0.03070	0.01261	0.01689	0.01331	0.01865	0.01118	0.01086	0.03466	0.05160	0.56197	0.12204	0.03098	0.02705	0.01053	0.00799	0.00242	0.00616	0.00872	0.00937	0.01232
16	0.01241	0.00847	0.01176	0.01175	0.01343	0.00873	0.00920	0.01538	0.01665	0.05272	0.21772	0.05133	0.04091	0.09300	0.27238	0.00689	0.01129	0.13249	0.00632	0.00718
17	0.02003	0.05412	0.05659	0.12368	0.32244	0.04531	0.04605	0.11484	0.02000	0.02737	0.01472	0.01841	0.01174	0.00729	0.00740	0.00221	0.00932	0.00652	0.00439	0.08757
18	0.01110	0.00821	0.01198	0.01198	0.01319	0.00943	0.00909	0.01353	0.01232	0.01764	0.02121	0.03291	0.02045	0.13908	0.61731	0.01186	0.01917	0.00867	0.00422	0.00665
19	0.01098	0.00745	0.00849	0.00868	0.00885	0.00734	0.00503	0.01122	0.01196	0.01583	0.02893	0.12499	0.06067	0.61818	0.03484	0.00681	0.00702	0.01268	0.00509	0.00496
20	0.00945	0.00675	0.00900	0.01080	0.01125	0.00630	0.00720	0.01080	0.01484	0.01979	0.04274	0.72245	0.05128	0.02429	0.00990	0.00315	0.00450	0.02204	0.00720	0.00630
21	0.01608	0.01378	0.01608	0.01148	0.01837	0.01034	0.00919	0.01952	0.01608	0.02527	0.01378	0.01608	0.01148	0.00574	0.00574	0.00115	0.00574	0.00459	0.00459	0.77491
22	0.01608	0.01378	0.01608	0.01148	0.01837	0.01034	0.00919	0.01952	0.01608	0.02527	0.01378	0.01608	0.01148	0.00574	0.00574	0.00115	0.00574	0.00459	0.00459	0.77491
23	0.01131	0.00861	0.01277	0.01264	0.01393	0.01016	0.00981	0.01395	0.01240	0.01793	0.02048	0.03058	0.01931	0.07758	0.65022	0.01196	0.04696	0.00834	0.00414	0.00691
24	0.02799	0.02237	0.02203	0.01748	0.02313	0.09544	0.01419	0.51116	0.08548	0.04352	0.01922	0.01936	0.01396	0.00925	0.00759	0.00230	0.00873	0.00692	0.03743	0.01242
25	0.01118	0.00791	0.01045	0.01045	0.01115	0.00860	0.00719	0.01256	0.01187	0.01651	0.02260	0.04062	0.02380	0.39349	0.36748	0.00998	0.01413	0.00979	0.00443	0.00581
26	0.01825	0.02076	0.04491	0.03221	0.03975	0.01977	0.62662	0.02460	0.01805	0.02460	0.01547	0.02076	0.01170	0.00681	0.00978	0.00264	0.03997	0.00906	0.00390	0.01038
27	0.00932	0.00786	0.00807	0.00802	0.01057	0.00661	0.00601	0.01142	0.01803	0.02180	0.12900	0.07321	0.62501	0.01932	0.00916	0.00260	0.00390	0.01617	0.00731	0.00661
28	0.01464	0.01378	0.02326	0.70887	0.05340	0.01723	0.02153	0.01981	0.01550	0.01981	0.01378	0.02067	0.01034	0.00775	0.00775	0.00258	0.01034	0.00689	0.00345	0.00861
29	0.01445	0.00899	0.01167	0.01054	0.01302	0.00836	0.00806	0.01879	0.04923	0.11685	0.56325	0.05255	0.06398	0.01480	0.00891	0.00244	0.00415	0.01298	0.00865	0.00830
30	0.78228	0.01499	0.01140	0.01020	0.01499	0.01739	0.00840	0.02279	0.01320	0.03479	0.01080	0.01260	0.00840	0.00720	0.00480	0.00240	0.00600	0.00420	0.00480	0.00840
31	0.60500	0.01457	0.01296	0.01105	0.01613	0.01597	0.00911	0.02635	0.01533	0.18888	0.01549	0.01587	0.01096	0.00777	0.00551	0.00240	0.00614	0.00505	0.00594	0.00954
32	0.00945	0.00675	0.00900	0.01080	0.01125	0.00630	0.00720	0.01080	0.01484	0.01979	0.04274	0.72245	0.05128	0.02429	0.00990	0.00315	0.00450	0.02204	0.00720	0.00630
33	0.01108	0.00831	0.01246	0.01246	0.01385	0.00969	0.00969	0.01385	0.01246	0.01800	0.02077	0.03046	0.01938	0.05815	0.69678	0.01246	0.02077	0.00831	0.00415	0.00692
34	0.01035	0.00753	0.00990	0.01152	0.01235	0.00729	0.00818	0.01300	0.04674	0.02088	0.04196	0.60017	0.04902	0.02322	0.00991	0.00318	0.00495	0.10591	0.00722	0.00670
35	0.01102	0.00795	0.01048	0.01193	0.01317	0.00767	0.00932	0.01334	0.01619	0.02106	0.04367	0.29993	0.10585	0.08821	0.01297	0.00370	0.00596	0.30409	0.00694	0.00657
36	0.01116	0.00797	0.01073	0.01073	0.01152	0.00875	0.00754	0.01274	0.01195	0.01672	0.02235	0.03921	0.02318	0.34684	0.41329	0.01033	0.01505	0.00959	0.00439	0.00596
37	0.55668	0.01445	0.01339	0.01128	0.01644	0.01558	0.00930	0.02732	0.01591	0.23088	0.01677	0.01676	0.01166	0.00792	0.00570	0.00240	0.00618	0.00528	0.00625	0.00985
38	0.01031	0.00711	0.00874	0.00969	0.00993	0.00687	0.00602	0.01102	0.01316	0.01755	0.03409	0.40521	0.04038	0.35641	0.02386	0.00521	0.00592	0.01696	0.00602	0.00554
39	0.01136	0.00868	0.01282	0.01266	0.01392	0.01026	0.00982	0.01396	0.01238	0.01790	0.02042	0.03068	0.01932	0.08441	0.63724	0.01182	0.05290	0.00836	0.00414	0.00690
40	0.01875	0.01914	0.02261	0.01940	0.02072	0.11883	0.03658	0.05760	0.01503	0.02049	0.01261	0.01933	0.01191	0.04672	0.07683	0.00402	0.45999	0.00694	0.00387	0.00861
41	0.02285	0.01608	0.01790	0.01551	0.02025	0.01770	0.01234	0.09550	0.45251	0.15808	0.03066	0.03040	0.02289	0.01077	0.00800	0.00260	0.00649	0.03904	0.00817	0.01228
42	0.01830	0.02092	0.04575	0.03268	0.04052	0.01961	0.65098	0.02484	0.01830	0.02484	0.01569	0.02092	0.01176	0.00654	0.00915	0.00261	0.01307	0.00915	0.00392	0.01046
43	0.01238	0.00998	0.01151	0.01141	0.01371	0.03163	0.00815	0.04107	0.01643	0.02224	0.03628	0.48499	0.07119	0.01891	0.00878	0.00262	0.00523	0.01681	0.00656	0.17011
44	0.06236	0.01298	0.01594	0.01287	0.01780	0.01224	0.01033	0.06140	0.09179	0.38402	0.08209	0.03108	0.05366	0.04275	0.00909	0.00258	0.00616	0.00857	0.03246	0.04984
45	0.01807	0.04601	0.03674	0.04319	0.01842	0.01407	0.01114	0.18623	0.04678	0.05169	0.07330	0.13139	0.08926	0.01563	0.01165	0.12225	0.00670	0.02613	0.00638	0.04498
46	0.01759	0.01419	0.01649	0.01207	0.01874	0.01139	0.00967	0.04197	0.05847	0.05759	0.01586	0.01747	0.01268	0.00634	0.00604	0.00134	0.00590	0.00509	0.00514	0.66597
47	0.01736	0.01575	0.02277	0.06761	0.28753	0.01431	0.01593	0.02199	0.03835	0.02521	0.01470	0.01804	0.01215	0.00649	0.00671	0.00175	0.00743	0.00580	0.00433	0.39579
48	0.01504	0.02181	0.29376	0.01533	0.02151	0.01212	0.01660	0.02077	0.01934	0.08865	0.31219	0.06579	0.04076	0.01208	0.00831	0.00247	0.00723	0.01032	0.00638	0.00955
49	0.01887	0.01817	0.02903	0.14329	0.47468	0.04336	0.04402	0.04355	0.01808	0.02493	0.01532	0.02124	0.01287	0.00755	0.00775	0.00235	0.00950	0.02574	0.00404	0.03567
50	0.00916	0.00785	0.00785	0.00785	0.01047	0.00655	0.00589	0.01113	0.01767	0.02095	0.07855	0.07462	0.67599	0.01964	0.00916	0.00262	0.00393	0.01636	0.00720	0.00655
51	0.01446	0.01267	0.02118	0.59842	0.04656	0.01557	0.01919	0.01828	0.01465	0.01881	0.01373	0.02113	0.01083	0.01078	0.01132	0.12458	0.00977	0.00687	0.00343	0.00778
52	0.00941	0.00730	0.00858	0.00945	0.01093	0.00647	0.00663	0.01117	0.01650	0.02097	0.09590	0.40019	0.32530	0.02176	0.00953	0.00288	0.00420	0.01909	0.00728	0.00647
53	0.03479	0.01320	0.01799	0.01380	0.01979	0.01140	0.01140	0.03779	0.02219	0.68451	0.03059	0.02639	0.01919	0.00960	0.00780	0.00240	0.00660	0.00780	0.00960	0.01320
54	0.00945	0.00675	0.00900	0.01080	0.01125	0.00630	0.00720	0.01080	0.01484	0.01979	0.04274	0.72245	0.05128	0.02429	0.00990	0.00315	0.00450	0.02204	0.00720	0.00630
55	0.07294	0.01744	0.02863	0.08675	0.56045	0.01784	0.02203	0.02311	0.01721	0.02555	0.01547	0.02194	0.01336	0.00765	0.00761	0.00239	0.00896	0.03511	0.00403	0.01153
56	0.02073	0.73217	0.04063	0.01327	0.01990	0.03068	0.01327	0.02322	0.01575	0.01824	0.01078	0.01244	0.00995	0.00663	0.00498	0.00166	0.00829	0.00415	0.00332	0.00995
57	0.01331	0.00678	0.01002	0.01002	0.01011	0.00673	0.00670	0.01014	0.01039	0.01375	0.01591	0.02548	0.03833	0.02666	0.02951	0.74545	0.00663	0.00710	0.00351	0.00349
58	0.02088	0.16307	0.12613	0.01682	0.05126	0.03978	0.01506	0.09932	0.06137	0.12320	0.08447	0.02668	0.02129	0.01428	0.07340	0.00327	0.00934	0.03394	0.00585	0.01059
59	0.01833	0.14483	0.08547	0.02009	0.04569	0.06098	0.09921	0.02176	0.01535	0.04549	0.01587	0.02020	0.03295	0.01386	0.06936	0.00341	0.24271	0.00692	0.02814	0.00937
60	0.01018	0.00784	0.00930	0.00905	0.01113	0.00696	0.00675	0.01305	0.01990	0.02651	0.40723	0.09746	0.31108	0.01777	0.00919	0.00255	0.00381	0.01535	0.00794	0.00696
61	0.01739	0.02202	0.11785	0.02931	0.03681	0.01863	0.50295	0.02381	0.01798	0.02477	0.04291	0.02449	0.01532	0.00787	0.00958	0.00266	0.03682	0.03445	0.00415	0.01024
62	0.02094	0.02168	0.06533	0.06025	0.37752	0.14201	0.02005	0.02559	0.03525	0.06632	0.04472	0.02369	0.01648	0.00849	0.00775	0.00235	0.00969	0.03616	0.00464	0.01109
63	0.01110	0.00744	0.00851	0.00868	0.00872	0.00740	0.00494	0.01123	0.01162	0.01549	0.02618	0.11509	0.03040	0.66014	0.03663	0.00710	0.00723	0.01231	0.00494	0.00485
64	0.01051	0.00848	0.01229	0.01192	0.01375	0.00790	0.05976	0.01294	0.01676	0.02226	0.15612	0.35302	0.18225	0.02325	0.06776	0.00366	0.00631	0.01722	0.00690	0.00692
65	0.02096	0.01863	0.05050	0.10931	0.18112	0.01836	0.18289	0.11539	0.07623	0.09184	0.04310	0.02262	0.01589	0.00817	0.00816	0.00247	0.00960	0.00797	0.00543	0.01138
66	0.02043	0.52203	0.17389	0.01574	0.02314	0.09090	0.01664	0.02423	0.01647	0.01963	0.01155	0.01340	0.00993	0.00691	0.00566	0.00186	0.00949	0.00456	0.00337	0.01017
67	0.03080	0.01783	0.02054	0.01582	0.02175	0.01848	0.01305	0.39110	0.03013	0.28868	0.02346	0.02203	0.01577	0.00940	0.00766	0.00233	0.00757	0.00730	0.04338	0.01292
68	0.01401	0.01126	0.04592	0.04560	0.10457	0.00984	0.01151	0.01713	0.01845	0.07319	0.26210	0.16009	0.09018	0.01606	0.01016	0.04843	0.00577	0.04069	0.00683	0.00819
69	0.02252	0.14358	0.14293	0.05001	0.07758	0.17746	0.03787	0.14818	0.04979	0.02743	0.04080	0.01834	0.01391	0.00819	0.00715	0.00220	0.01024	0.00625	0.00480	0.01076
70	0.09669	0.01335	0.01519	0.01230	0.01694	0.01338	0.00999	0.16237	0.02259	0.28553	0.02455	0.02422	0.01711	0.00914	0.00678	0.00220	0.00604	0.00711	0.24362	0.01091
71	0.24205	0.04189	0.08854	0.08178	0.03290	0.01896	0.33643	0.02374	0.01632	0.02711	0.01379	0.01781	0.01043	0.00691	0.00747	0.00251	0.01048	0.00706	0.00406	0.00977
72	0.01696	0.01696	0.02375	0.02036	0.02036	0.02375	0.01696	0.01866	0.01187	0.01866	0.01018	0.01696	0.01018	0.01357	0.02545	0.00339	0.71332	0.00679	0.00339	0.00848
73	0.01189	0.00982	0.01418	0.01378	0.01460	0.01140	0.03022	0.01378	0.01339	0.01885	0.02749	0.30653	0.03069	0.08411	0.21018	0.00615	0.15698	0.01375	0.00525	0.00694
74	0.02073	0.73217	0.04063	0.01327	0.01990	0.03068	0.01327	0.02322	0.01575	0.01824	0.01078	0.01244	0.00995	0.00663	0.00498	0.00166	0.00829	0.00415	0.00332	0.00995
75	0.01386	0.00859	0.01112	0.01011	0.01254	0.00777	0.00771	0.01729	0.02161	0.11376	0.54071	0.05534	0.11874	0.01538	0.00897	0.00245	0.00406	0.01343	0.00855	0.00800
76	0.01065	0.00783	0.00997	0.00960	0.01143	0.00715	0.00714	0.01395	0.02094	0.02909	0.55967	0.10661	0.14331	0.01689	0.00920	0.00251	0.00375	0.01486	0.00828	0.00715
77	0.01108	0.00831	0.01246	0.01246	0.01385	0.00969	0.00969	0.01385	0.01246	0.01800	0.02077	0.03046	0.01938	0.05815	0.69678	0.01246	0.02077	0.00831	0.00415	0.00692
78	0.00982	0.00788	0.00876	0.00854	0.01087	0.00682	0.00641	0.01240	0.01922	0.02462	0.29435	0.06858	0.45790	0.01827	0.00916	0.00255	0.00383	0.01552	0.00768	0.00682
79	0.01091	0.00799	0.01111	0.01126	0.01231	0.00881	0.00824	0.01292	0.01260	0.01760	0.02562	0.09322	0.04951	0.20198	0.46843	0.01022	0.01585	0.01040	0.00464	0.00636
80	0.01636	0.01758	0.07898	0.29008	0.18624	0.01829	0.06180	0.02064	0.01526	0.02120	0.01342	0.01949	0.01099	0.00966	0.01238	0.04847	0.13923	0.00692	0.00354	0.00947
81	0.01844	0.01782	0.03087	0.14949	0.55191	0.01829	0.05305	0.02323	0.01735	0.02445	0.01451	0.01950	0.01196	0.00702	0.00776	0.00236	0.00957	0.00701	0.00378	0.01163
82	0.00945	0.00675	0.00900	0.01080	0.01125	0.00630	0.00720	0.01080	0.01484	0.01979	0.04274	0.72245	0.05128	0.02429	0.00990	0.00315	0.00450	0.02204	0.00720	0.00630
83	0.01413	0.01221	0.07954	0.01272	0.01600	0.00932	0.04775	0.01757	0.01875	0.09938	0.28331	0.17015	0.10091	0.06926	0.01124	0.00297	0.00578	0.01367	0.00721	0.00812
84	0.02880	0.01703	0.04265	0.01544	0.02115	0.01651	0.01294	0.25871	0.08214	0.31997	0.04786	0.05897	0.02046	0.01043	0.00792	0.00243	0.00723	0.00843	0.00841	0.01251
85	0.06593	0.05762	0.22721	0.01758	0.04480	0.01730	0.01712	0.10555	0.12626	0.12554	0.04896	0.05195	0.04093	0.00983	0.00754	0.00245	0.00812	0.00791	0.00612	0.01129
86	0.05583	0.01977	0.03006	0.06763	0.53995	0.07584	0.05056	0.02425	0.01776	0.02501	0.01421	0.01857	0.01181	0.00703	0.00755	0.00231	0.00968	0.00672	0.00389	0.01160
87	0.03130	0.01283	0.01717	0.01341	0.01884	0.01136	0.01097	0.06011	0.02275	0.56858	0.11847	0.03039	0.02634	0.01044	0.00798	0.00240	0.00627	0.00862	0.00937	0.01239
88	0.01091	0.00772	0.00878	0.00886	0.00967	0.00740	0.00572	0.01187	0.01394	0.01817	0.09171	0.05880	0.16433	0.47354	0.02871	0.00581	0.00644	0.05643	0.00570	0.00547
89	0.01505	0.06412	0.02035	0.01615	0.01791	0.01667	0.06088	0.03918	0.01451	0.02087	0.04851	0.09433	0.02108	0.08677	0.14209	0.00505	0.25925	0.00932	0.03994	0.00795
90	0.01113	0.00808	0.01132	0.01132	0.01230	0.00907	0.00826	0.01311	0.01212	0.01715	0.02182	0.03626	0.02190	0.24964	0.50874	0.01105	0.01698	0.00916	0.00431	0.00629
91	0.02058	0.01668	0.01783	0.01568	0.02021	0.01898	0.01229	0.09634	0.55870	0.06091	0.05243	0.02887	0.02422	0.01055	0.00792	0.00259	0.00629	0.00874	0.00797	0.01222
92	0.03404	0.01336	0.01797	0.01389	0.01981	0.01178	0.01144	0.03795	0.05331	0.65295	0.03064	0.02651	0.01941	0.00964	0.00780	0.00241	0.00658	0.00784	0.00951	0.01315
93	0.01234	0.00882	0.01232	0.01411	0.01583	0.00879	0.01223	0.01580	0.01770	0.02303	0.04114	0.11892	0.04495	0.02156	0.01067	0.00355	0.00701	0.59699	0.00714	0.00710
94	0.01608	0.01378	0.01608	0.01148	0.01837	0.01034	0.00919	0.01952	0.01608	0.02527	0.01378	0.01608	0.01148	0.00574	0.00574	0.00115	0.00574	0.00459	0.00459	0.77491
95	0.01762	0.01739	0.02619	0.02771	0.20285	0.04207	0.07174	0.02074	0.01513	0.02222	0.05204	0.02076	0.01504	0.01089	0.01673	0.00286	0.36406	0.00741	0.03697	0.00959
96	0.01455	0.01289	0.01957	0.01836	0.08138	0.03523	0.12720	0.01761	0.01641	0.02269	0.12381	0.06715	0.03019	0.20345	0.01744	0.00385	0.03436	0.05915	0.04144	0.05327
97	0.00952	0.00681	0.00907	0.01074	0.01126	0.00635	0.00720	0.01099	0.01520	0.02036	0.07455	0.68901	0.05238	0.02387	0.00986	0.00311	0.00446	0.02164	0.00726	0.00635
98	0.01986	0.01505	0.01637	0.01465	0.01815	0.04392	0.01133	0.05167	0.34142	0.11114	0.05476	0.10490	0.02626	0.04103	0.01050	0.00283	0.05575	0.00999	0.03976	0.01065
99	0.01167	0.00810	0.00978	0.01059	0.04242	0.00816	0.00587	0.01201	0.01165	0.01567	0.02378	0.04831	0.02702	0.66353	0.06509	0.00746	0.00815	0.01093	0.00463	0.00517
100	0.01689	0.08618	0.12998	0.07329	0.03270	0.01887	0.29499	0.02231	0.01673	0.02299	0.01709	0.04639	0.01489	0.00910	0.00990	0.00259	0.07622	0.05651	0.00408	0.04831
101	0.05475	0.01559	0.02373	0.11879	0.33068	0.01609	0.01794	0.07997	0.01969	0.08797	0.10014	0.05991	0.02214	0.00949	0.00787	0.00241	0.00798	0.00852	0.00547	0.01087
102	0.01789	0.01803	0.03375	0.10312	0.17237	0.01785	0.31248	0.05460	0.04802	0.02555	0.01827	0.07820	0.01557	0.00849	0.00849	0.00252	0.01043	0.00919	0.00452	0.04066
103	0.01662	0.01853	0.09157	0.29454	0.25120	0.01788	0.09099	0.02190	0.01654	0.02271	0.01526	0.02247	0.01252	0.00814	0.00873	0.00256	0.04055	0.03330	0.00376	0.01022
104	0.01916	0.01747	0.02627	0.16085	0.33400	0.04782	0.04621	0.05388	0.05977	0.05060	0.01762	0.05538	0.01474	0.00835	0.00774	0.00235	0.00903	0.00769	0.00465	0.05641

[dist]
# distance from previous block
# <min> <max>
2	3

[block]
# block no. 3 follows, 25 sequences, length 23
# corresponding to MSA columns:
# 166-188
name=unknown_D
#
# <colnr> <probs for GDERKNQSTAVLIFYWHMCP>
#	G	D	E	R	K	N	Q	S	T	A	V	L	I	F	Y	W	H	M	C	P
0	0.03800	0.07688	0.21545	0.02146	0.07495	0.07587	0.08252	0.04387	0.01656	0.02317	0.01419	0.01959	0.01210	0.07093	0.01263	0.00283	0.11337	0.00653	0.00389	0.07521
1	0.05747	0.06610	0.09482	0.08825	0.08181	0.06792	0.07014	0.03983	0.03676	0.06049	0.05192	0.02133	0.01573	0.01283	0.06897	0.00321	0.07015	0.00691	0.00463	0.08073
2	0.07889	0.01295	0.03672	0.03627	0.01669	0.06958	0.04478	0.01742	0.01984	0.02820	0.41192	0.11614	0.05212	0.01425	0.00856	0.00249	0.00586	0.01246	0.00707	0.00780
3	0.01812	0.01511	0.01522	0.01347	0.01632	0.13477	0.06387	0.05319	0.01843	0.02681	0.02240	0.02956	0.01877	0.00994	0.00753	0.00216	0.03954	0.06104	0.42559	0.00818
4	0.02743	0.02764	0.27080	0.02351	0.06605	0.01800	0.07156	0.05200	0.02205	0.23775	0.02564	0.05132	0.01971	0.01207	0.00988	0.00337	0.01074	0.00896	0.00753	0.03400
5	0.09722	0.09964	0.40648	0.01894	0.02742	0.01796	0.05607	0.04349	0.01655	0.02523	0.01726	0.10733	0.01527	0.00949	0.00730	0.00247	0.00966	0.00775	0.00413	0.01032
6	0.04726	0.00847	0.00947	0.00912	0.01002	0.00829	0.00568	0.01277	0.01214	0.01727	0.02381	0.04805	0.02676	0.59380	0.03340	0.00652	0.00727	0.04433	0.00483	0.07074
7	0.01294	0.01104	0.01616	0.15834	0.02366	0.01186	0.05953	0.01900	0.12746	0.02225	0.03321	0.36505	0.05218	0.03822	0.00992	0.00302	0.00672	0.01514	0.00621	0.00808
8	0.29964	0.13679	0.11882	0.01563	0.04330	0.02055	0.01430	0.15753	0.01978	0.06879	0.01489	0.01727	0.01151	0.00806	0.00624	0.00230	0.00788	0.02099	0.00525	0.01048
9	0.01477	0.01335	0.02181	0.51611	0.09577	0.01613	0.01945	0.01939	0.01564	0.02091	0.01703	0.05525	0.01460	0.00946	0.00867	0.00263	0.04189	0.03916	0.04934	0.00864
10	0.02298	0.01600	0.01922	0.05717	0.05253	0.01611	0.01279	0.17684	0.14730	0.14977	0.05784	0.02371	0.01898	0.00892	0.00739	0.00215	0.00695	0.00730	0.00698	0.18906
11	0.02217	0.09497	0.11936	0.01710	0.02315	0.05049	0.04187	0.13268	0.21685	0.10855	0.05610	0.02554	0.01999	0.00965	0.00764	0.00241	0.00814	0.02523	0.00659	0.01154
12	0.02429	0.01406	0.02151	0.20322	0.03003	0.01442	0.06990	0.06245	0.02040	0.31408	0.09435	0.02704	0.02142	0.00966	0.00874	0.00251	0.03578	0.00827	0.00698	0.01088
13	0.01086	0.00786	0.01046	0.01023	0.01188	0.00746	0.00766	0.01420	0.02025	0.02852	0.53247	0.12689	0.06532	0.02060	0.06928	0.00342	0.00534	0.03215	0.00797	0.00717
14	0.06517	0.01754	0.03093	0.06377	0.15269	0.01783	0.25791	0.02624	0.07603	0.10354	0.01910	0.05180	0.01516	0.00868	0.00940	0.00259	0.05726	0.00853	0.00507	0.01076
15	0.01755	0.21777	0.40328	0.02147	0.08517	0.02148	0.02279	0.02556	0.07169	0.02364	0.01466	0.01666	0.01125	0.00740	0.00681	0.00225	0.00998	0.00568	0.00373	0.01120
16	0.00977	0.00692	0.00901	0.01043	0.01091	0.00652	0.00688	0.01109	0.01481	0.01985	0.07789	0.59639	0.04960	0.11448	0.01367	0.00367	0.00484	0.02018	0.00695	0.00615
17	0.01459	0.01065	0.01617	0.01606	0.07372	0.00990	0.07750	0.01765	0.01824	0.09347	0.17190	0.15074	0.15506	0.06727	0.01133	0.00305	0.00623	0.07135	0.00690	0.00821
18	0.02609	0.04855	0.02131	0.01636	0.02168	0.07253	0.01333	0.43170	0.11215	0.04105	0.02021	0.02050	0.01491	0.00923	0.00734	0.00226	0.00807	0.00697	0.09382	0.01195
19	0.02007	0.01315	0.05126	0.01311	0.01721	0.01161	0.01096	0.06328	0.10226	0.20169	0.07120	0.14809	0.05963	0.01364	0.00823	0.00256	0.00603	0.06650	0.07431	0.04522
20	0.09149	0.44384	0.16391	0.01450	0.02128	0.04254	0.01518	0.02261	0.01541	0.02082	0.01263	0.01662	0.01137	0.06978	0.00850	0.00241	0.00879	0.00511	0.00359	0.00962
21	0.01227	0.00992	0.01138	0.01161	0.01396	0.01012	0.00884	0.01928	0.17723	0.02363	0.05015	0.22202	0.24438	0.02087	0.04714	0.00341	0.00595	0.09265	0.00719	0.00800
22	0.01125	0.00942	0.01026	0.01173	0.01254	0.06531	0.00809	0.01275	0.01558	0.01987	0.04004	0.63428	0.04747	0.02277	0.00968	0.00307	0.00542	0.04698	0.00692	0.00656

[dist]
# distance from previous block
# <min> <max>
0	1

[block]
# block no. 4 follows, 25 sequences, length 17
# corresponding to MSA columns:
# 190-206
name=unknown_E
#
# <colnr> <probs for GDERKNQSTAVLIFYWHMCP>
#	G	D	E	R	K	N	Q	S	T	A	V	L	I	F	Y	W	H	M	C	P
0	0.01555	0.04011	0.68733	0.02210	0.03356	0.01801	0.02865	0.02455	0.01637	0.02455	0.01391	0.01637	0.00982	0.00737	0.00737	0.00246	0.01146	0.00573	0.00327	0.01146
1	0.01050	0.00787	0.00989	0.01060	0.01230	0.00726	0.00817	0.01313	0.01810	0.02375	0.20962	0.22906	0.22168	0.02024	0.00971	0.00293	0.00478	0.16607	0.00752	0.00682
2	0.05855	0.01491	0.01811	0.07650	0.02262	0.01542	0.01268	0.15645	0.12107	0.27988	0.02992	0.03158	0.06329	0.01091	0.00796	0.00253	0.00708	0.05108	0.00788	0.01157
3	0.06600	0.03129	0.04617	0.01947	0.02320	0.46962	0.01548	0.06890	0.02042	0.02192	0.01210	0.01484	0.01014	0.00902	0.01029	0.00231	0.14001	0.00543	0.00415	0.00923
4	0.01006	0.00791	0.00913	0.00910	0.01128	0.00698	0.00691	0.01273	0.01914	0.02479	0.29472	0.09622	0.38606	0.01855	0.00929	0.00264	0.00406	0.05588	0.00769	0.00686
5	0.01808	0.02108	0.06949	0.03172	0.08065	0.01997	0.50462	0.02400	0.01739	0.02410	0.01486	0.02012	0.01152	0.00746	0.01097	0.00268	0.09852	0.00856	0.00382	0.01038
6	0.15642	0.06987	0.05868	0.05269	0.02442	0.11932	0.05819	0.22291	0.04604	0.06053	0.01875	0.01987	0.04213	0.00872	0.00709	0.00231	0.00906	0.00662	0.00572	0.01067
7	0.01661	0.01697	0.02536	0.05849	0.02451	0.05149	0.12225	0.01934	0.01393	0.01985	0.01500	0.08485	0.01479	0.01512	0.05402	0.00360	0.42273	0.00862	0.00391	0.00856
8	0.01108	0.00831	0.01246	0.01246	0.01385	0.00969	0.00969	0.01385	0.01246	0.01800	0.02077	0.03046	0.01938	0.05815	0.69678	0.01246	0.02077	0.00831	0.00415	0.00692
9	0.01641	0.11010	0.55450	0.02147	0.03190	0.01947	0.06011	0.02519	0.04604	0.02427	0.01449	0.01678	0.01057	0.00739	0.00724	0.00239	0.01097	0.00589	0.00352	0.01128
10	0.01870	0.05633	0.03065	0.20844	0.38088	0.06443	0.08345	0.02335	0.01737	0.02310	0.01412	0.01903	0.01147	0.00714	0.00765	0.00235	0.01014	0.00685	0.00373	0.01084
11	0.00989	0.00725	0.00939	0.01094	0.01190	0.00675	0.00785	0.01168	0.01572	0.02049	0.04747	0.53130	0.13755	0.02319	0.00992	0.00314	0.00484	0.11708	0.00719	0.00647
12	0.01919	0.01842	0.03147	0.04759	0.67914	0.01842	0.02380	0.02380	0.01765	0.02533	0.01458	0.01919	0.01228	0.00691	0.00768	0.00230	0.00921	0.00691	0.00384	0.01228
13	0.04632	0.02622	0.29321	0.02323	0.12104	0.05266	0.06492	0.02618	0.01825	0.15236	0.05430	0.05149	0.01731	0.00889	0.00772	0.00244	0.00954	0.00760	0.00517	0.01116
14	0.07182	0.04172	0.02061	0.01576	0.02131	0.04535	0.04676	0.14556	0.11827	0.32271	0.02563	0.05093	0.01831	0.00979	0.00766	0.00242	0.00749	0.00798	0.00788	0.01207
15	0.01627	0.01306	0.01437	0.01351	0.01669	0.01432	0.01031	0.07600	0.34015	0.02953	0.07110	0.18901	0.07749	0.01472	0.00847	0.00271	0.00559	0.03378	0.04301	0.00994
16	0.01696	0.01362	0.03822	0.01594	0.06747	0.01245	0.03472	0.09735	0.02117	0.07398	0.26674	0.08117	0.03812	0.01201	0.00885	0.00228	0.03591	0.01031	0.00681	0.14591

[dist]
# distance from previous block
# <min> <max>
0	6

[block]
# block no. 5 follows, 25 sequences, length 35
# corresponding to MSA columns:
# 213-247
name=unknown_F
#
# <colnr> <probs for GDERKNQSTAVLIFYWHMCP>
#	G	D	E	R	K	N	Q	S	T	A	V	L	I	F	Y	W	H	M	C	P
0	0.07179	0.06862	0.02174	0.19243	0.02889	0.01949	0.01486	0.20958	0.08816	0.03108	0.01687	0.01965	0.01302	0.01114	0.04577	0.00284	0.03468	0.00654	0.00543	0.09740
1	0.09218	0.01813	0.01982	0.01575	0.02083	0.02002	0.01290	0.37605	0.06558	0.08192	0.04514	0.02104	0.01618	0.00961	0.00878	0.00236	0.06521	0.00704	0.04780	0.05364
2	0.06561	0.01979	0.04492	0.04211	0.09716	0.02039	0.15109	0.25301	0.08830	0.08247	0.01869	0.02035	0.01371	0.00856	0.00860	0.00248	0.03741	0.00747	0.00610	0.01180
3	0.01508	0.00965	0.01155	0.01046	0.01331	0.00897	0.00798	0.05265	0.04430	0.12122	0.29079	0.09391	0.23574	0.03730	0.00979	0.00268	0.00468	0.01363	0.00803	0.00829
4	0.11333	0.02267	0.01992	0.01665	0.02178	0.17973	0.01324	0.24846	0.15772	0.09982	0.02000	0.01972	0.01463	0.00903	0.00727	0.00233	0.00885	0.00664	0.00674	0.01147
5	0.01306	0.00857	0.01139	0.01164	0.01356	0.00814	0.00931	0.01618	0.01907	0.07094	0.28446	0.10373	0.07748	0.06996	0.01190	0.00328	0.00552	0.24677	0.00767	0.00738
6	0.01712	0.01455	0.01532	0.01386	0.01782	0.01616	0.01075	0.05861	0.46935	0.03049	0.06648	0.03986	0.17125	0.01272	0.00822	0.00261	0.00564	0.01060	0.00775	0.01084
7	0.01610	0.01603	0.02522	0.10974	0.05566	0.03904	0.14801	0.02012	0.03724	0.02149	0.01884	0.14521	0.01853	0.01221	0.01377	0.00282	0.22756	0.00991	0.00446	0.05803
8	0.01550	0.01357	0.02196	0.25363	0.11532	0.01385	0.08063	0.01980	0.01735	0.04912	0.10774	0.06672	0.06087	0.00998	0.00798	0.00235	0.00807	0.00916	0.00505	0.12134
9	0.02302	0.53898	0.03545	0.01513	0.02103	0.21567	0.01374	0.02537	0.01748	0.01845	0.01111	0.01287	0.00996	0.00701	0.00554	0.00175	0.00987	0.00438	0.00351	0.00968
10	0.01017	0.00709	0.00891	0.00994	0.01033	0.00678	0.00636	0.01122	0.01413	0.01897	0.08014	0.45029	0.04501	0.26070	0.01981	0.00457	0.00546	0.01786	0.00645	0.00583
11	0.02049	0.01523	0.01670	0.01425	0.01844	0.04454	0.01122	0.09378	0.25997	0.12064	0.18577	0.03272	0.03228	0.01122	0.00853	0.00241	0.02840	0.00922	0.00772	0.06647
12	0.05528	0.05929	0.02227	0.01805	0.06671	0.01889	0.03345	0.29975	0.04956	0.15258	0.02134	0.05924	0.01653	0.01228	0.04543	0.00288	0.00851	0.00778	0.00696	0.04323
13	0.06657	0.01605	0.02486	0.23687	0.07803	0.04159	0.13807	0.05756	0.01719	0.02418	0.01785	0.10641	0.01614	0.00996	0.00924	0.00257	0.06219	0.00887	0.02512	0.04067
14	0.00981	0.00709	0.00934	0.01090	0.01168	0.00662	0.00763	0.01153	0.01569	0.02081	0.07943	0.58710	0.08850	0.02328	0.00989	0.00312	0.00467	0.07921	0.00727	0.00645
15	0.06289	0.01845	0.05660	0.13806	0.27729	0.01863	0.13967	0.05029	0.03679	0.02546	0.01575	0.04350	0.01312	0.00830	0.00916	0.00254	0.06094	0.00769	0.00420	0.01067
16	0.07649	0.22355	0.13657	0.05028	0.08830	0.06959	0.04284	0.11590	0.03960	0.02647	0.01382	0.01622	0.01105	0.00788	0.00773	0.00224	0.05073	0.00576	0.00434	0.01066
17	0.01526	0.00880	0.00894	0.00865	0.01089	0.00924	0.00656	0.02192	0.12439	0.02949	0.02634	0.02891	0.02051	0.00928	0.00583	0.00194	0.00403	0.00748	0.64346	0.00807
18	0.01693	0.01049	0.03432	0.01291	0.01592	0.00917	0.01101	0.02043	0.01970	0.17213	0.20174	0.08819	0.06688	0.01697	0.00947	0.00294	0.00605	0.26823	0.00793	0.00862
19	0.04859	0.01525	0.01849	0.01688	0.04632	0.04232	0.05584	0.23180	0.02345	0.03173	0.06842	0.17385	0.02987	0.05364	0.01042	0.00298	0.00760	0.10635	0.00674	0.00946
20	0.01737	0.03908	0.62816	0.02453	0.07566	0.01875	0.02848	0.02539	0.01738	0.02594	0.01555	0.01878	0.01155	0.00842	0.00805	0.00274	0.01171	0.00632	0.00389	0.01225
21	0.01121	0.00776	0.00970	0.00970	0.01013	0.00819	0.00625	0.01207	0.01164	0.01595	0.02329	0.04444	0.02546	0.51969	0.24354	0.00905	0.01163	0.01035	0.00453	0.00539
22	0.01415	0.01480	0.06606	0.05749	0.02248	0.01392	0.13152	0.04516	0.04212	0.02312	0.06153	0.13627	0.17461	0.05687	0.01284	0.00305	0.09786	0.01221	0.00556	0.00838
23	0.02010	0.01712	0.02593	0.09989	0.16276	0.01847	0.11391	0.07065	0.19996	0.08204	0.04484	0.02416	0.01789	0.00911	0.00924	0.00256	0.05615	0.00810	0.00582	0.01130
24	0.01351	0.00771	0.01248	0.01171	0.01228	0.00759	0.05116	0.01117	0.01101	0.01471	0.01575	0.07426	0.01610	0.02534	0.02736	0.66508	0.00701	0.00801	0.00368	0.00407
25	0.01816	0.02215	0.09154	0.03287	0.08101	0.01942	0.56542	0.02475	0.01812	0.02485	0.01549	0.02047	0.01166	0.00662	0.00893	0.00258	0.01271	0.00876	0.00387	0.01065
26	0.04476	0.16799	0.25760	0.02374	0.03221	0.06374	0.25448	0.02474	0.01721	0.02342	0.01373	0.01700	0.01053	0.00695	0.00745	0.00233	0.01140	0.00659	0.00362	0.01053
27	0.02037	0.02221	0.08914	0.09433	0.33548	0.08051	0.09254	0.09306	0.04787	0.02700	0.01551	0.01915	0.01221	0.00750	0.00778	0.00237	0.01017	0.00697	0.00438	0.01148
28	0.01916	0.01631	0.02138	0.07178	0.11061	0.04027	0.06052	0.06884	0.21913	0.07397	0.06451	0.03100	0.09470	0.01087	0.00939	0.00257	0.05886	0.00910	0.00634	0.01068
29	0.04999	0.01534	0.03870	0.01637	0.08132	0.06029	0.01135	0.11227	0.05482	0.12324	0.04950	0.07947	0.02364	0.22954	0.01747	0.00398	0.00777	0.00953	0.00618	0.00921
30	0.02482	0.04666	0.06355	0.06760	0.06002	0.06523	0.01442	0.14065	0.05649	0.21480	0.02131	0.04865	0.01590	0.00898	0.00738	0.00221	0.00804	0.00723	0.00655	0.11951
31	0.02073	0.06899	0.06065	0.04272	0.07304	0.01661	0.11101	0.15486	0.02149	0.11228	0.02513	0.12107	0.05520	0.01089	0.00795	0.00241	0.00811	0.00966	0.03602	0.04116
32	0.16350	0.04029	0.10789	0.02820	0.27606	0.06434	0.03489	0.02616	0.08940	0.04483	0.04144	0.01987	0.01482	0.00790	0.00710	0.00235	0.00867	0.00661	0.00473	0.01094
33	0.01876	0.12733	0.13401	0.06509	0.11245	0.08235	0.04281	0.04809	0.05625	0.04433	0.08988	0.04098	0.01991	0.00950	0.00808	0.02676	0.00883	0.00741	0.00486	0.05229
34	0.02133	0.04645	0.02384	0.07083	0.26060	0.11585	0.01677	0.04245	0.06012	0.09012	0.01807	0.03848	0.01460	0.00840	0.00783	0.00222	0.03087	0.00698	0.05771	0.06648

[dist]
# distance from previous block
# <min> <max>
6	19

[block]
# block no. 6 follows, 25 sequences, length 40
# corresponding to MSA columns:
# 267-306
name=unknown_G
#
# <colnr> <probs for GDERKNQSTAVLIFYWHMCP>
#	G	D	E	R	K	N	Q	S	T	A	V	L	I	F	Y	W	H	M	C	P
0	0.06787	0.11975	0.12958	0.05482	0.02522	0.02027	0.04982	0.09667	0.24005	0.08640	0.02133	0.02146	0.01577	0.00870	0.00725	0.00240	0.00817	0.00701	0.00601	0.01146
1	0.04642	0.11119	0.23682	0.02102	0.05429	0.01936	0.12362	0.06067	0.10784	0.05742	0.01721	0.01893	0.01288	0.00763	0.00727	0.00228	0.00946	0.00659	0.00475	0.07434
2	0.01860	0.06453	0.14911	0.05579	0.17784	0.01750	0.19160	0.02408	0.01762	0.07955	0.04466	0.02157	0.01504	0.01026	0.04541	0.00291	0.01069	0.00751	0.00445	0.04129
3	0.01892	0.06939	0.25659	0.06835	0.08966	0.01821	0.03764	0.12302	0.03590	0.06285	0.03624	0.05009	0.03530	0.03274	0.00920	0.00261	0.02977	0.00770	0.00498	0.01084
4	0.01968	0.10835	0.46174	0.01994	0.02964	0.02008	0.02355	0.13956	0.02028	0.06428	0.01535	0.01691	0.01096	0.00776	0.00721	0.00234	0.01033	0.00590	0.00444	0.01171
5	0.02296	0.01628	0.01818	0.08239	0.02221	0.01777	0.01239	0.37426	0.02749	0.03904	0.01992	0.02178	0.01483	0.00892	0.00697	0.00215	0.00712	0.00694	0.23456	0.04384
6	0.02735	0.02087	0.02331	0.01905	0.04692	0.02357	0.01515	0.53661	0.06593	0.04420	0.01831	0.01901	0.01340	0.00970	0.00950	0.00245	0.07778	0.00705	0.00719	0.01264
