[name]
unknown

[dist]
# distance from previous block
# <min> <max>
0	13

[block]
# block no. 0 follows, 26 sequences, length 129
# corresponding to MSA columns:
# 13-141
name=unknown_A
#
# <colnr> <probs for GDERKNQSTAVLIFYWHMCP>
#	G	D	E	R	K	N	Q	S	T	A	V	L	I	F	Y	W	H	M	C	P
0	0.02066	0.08155	0.29614	0.01987	0.05968	0.13315	0.01963	0.04997	0.10117	0.09099	0.01811	0.02082	0.01384	0.00845	0.00724	0.00232	0.00989	0.03078	0.00484	0.01090
1	0.02171	0.09962	0.10839	0.04808	0.07119	0.28460	0.18269	0.02599	0.01860	0.02127	0.01305	0.01618	0.01041	0.00708	0.00725	0.00214	0.01187	0.00610	0.00374	0.04003
2	0.04412	0.05330	0.29509	0.02746	0.07861	0.01881	0.32454	0.02399	0.01686	0.02433	0.01426	0.01803	0.01062	0.00676	0.00788	0.00244	0.01151	0.00716	0.00359	0.01064
3	0.01840	0.05833	0.48634	0.02086	0.03039	0.05259	0.07189	0.02641	0.04689	0.09362	0.01603	0.01768	0.01134	0.00752	0.00730	0.00237	0.01061	0.00611	0.00414	0.01117
4	0.01214	0.00900	0.01318	0.01410	0.01594	0.00888	0.04070	0.01545	0.01714	0.02248	0.06462	0.12960	0.04313	0.05129	0.01151	0.00354	0.00693	0.50661	0.00680	0.00697
5	0.02688	0.02027	0.02166	0.01706	0.02278	0.02261	0.01394	0.53914	0.16053	0.04465	0.02069	0.02019	0.01491	0.00934	0.00761	0.00233	0.00789	0.00717	0.00761	0.01272
6	0.01669	0.01585	0.06480	0.01269	0.01932	0.01207	0.01089	0.07372	0.05192	0.02675	0.01592	0.04470	0.01342	0.00698	0.00617	0.00146	0.00622	0.00566	0.00493	0.58985
7	0.01014	0.00765	0.00946	0.01021	0.01152	0.00724	0.00719	0.01335	0.05932	0.02270	0.18299	0.43702	0.15213	0.02041	0.00928	0.00282	0.00424	0.01817	0.00736	0.00679
8	0.01521	0.03923	0.69413	0.02162	0.03283	0.01762	0.02802	0.02402	0.01601	0.02402	0.01361	0.01601	0.00961	0.00721	0.00721	0.00240	0.01121	0.00560	0.00320	0.01121
9	0.01584	0.01244	0.01937	0.02609	0.28452	0.01217	0.01542	0.01943	0.01771	0.07052	0.07843	0.10946	0.06452	0.01420	0.00882	0.00275	0.00712	0.20590	0.00596	0.00933
10	0.01854	0.01778	0.03036	0.08174	0.65276	0.01796	0.02316	0.02307	0.01716	0.02450	0.01423	0.01885	0.01191	0.00680	0.00751	0.00227	0.00907	0.00676	0.00373	0.01183
11	0.01074	0.00775	0.01014	0.00954	0.01133	0.00716	0.00716	0.01431	0.02147	0.03042	0.68211	0.05666	0.07157	0.01551	0.00895	0.00239	0.00358	0.01372	0.00835	0.00716
12	0.03016	0.01241	0.01662	0.01302	0.01825	0.01099	0.01064	0.05711	0.02220	0.56256	0.13244	0.03040	0.02689	0.01034	0.00783	0.00235	0.00607	0.00856	0.00916	0.01200
13	0.01477	0.02314	0.26911	0.43810	0.04471	0.01721	0.04542	0.02125	0.01557	0.02125	0.01359	0.01869	0.00998	0.00740	0.00749	0.00248	0.01060	0.00640	0.00333	0.00951
14	0.01790	0.02046	0.04476	0.03197	0.03964	0.01918	0.65857	0.02430	0.01790	0.02430	0.01535	0.02046	0.01151	0.00639	0.00895	0.00256	0.01279	0.00895	0.00384	0.01023
15	0.00937	0.00762	0.00829	0.00828	0.01053	0.00655	0.00615	0.01160	0.01800	0.02256	0.20533	0.11459	0.50722	0.01872	0.00901	0.00256	0.00382	0.01590	0.00733	0.00655
16	0.01521	0.03923	0.69413	0.02162	0.03283	0.01762	0.02802	0.02402	0.01601	0.02402	0.01361	0.01601	0.00961	0.00721	0.00721	0.00240	0.01121	0.00560	0.00320	0.01121
17	0.01084	0.00813	0.01219	0.01219	0.01354	0.00948	0.00948	0.01354	0.01219	0.01761	0.02032	0.02980	0.01896	0.05689	0.70337	0.01219	0.02032	0.00813	0.00406	0.00677
18	0.01084	0.00813	0.01219	0.01219	0.01354	0.00948	0.00948	0.01354	0.01219	0.01761	0.02032	0.02980	0.01896	0.05689	0.70337	0.01219	0.02032	0.00813	0.00406	0.00677
19	0.01103	0.00735	0.00827	0.00827	0.00827	0.00735	0.00460	0.01103	0.01103	0.01471	0.02390	0.04964	0.02758	0.73343	0.03861	0.00735	0.00735	0.01103	0.00460	0.00460
20	0.78701	0.01467	0.01115	0.00997	0.01467	0.01702	0.00821	0.02230	0.01291	0.03403	0.01056	0.01232	0.00821	0.00704	0.00469	0.00235	0.00587	0.00411	0.00469	0.00821
21	0.02028	0.73799	0.03975	0.01298	0.01947	0.03001	0.01298	0.02271	0.01541	0.01785	0.01055	0.01217	0.00973	0.00649	0.00487	0.00162	0.00811	0.00406	0.00324	0.00973
22	0.01659	0.01659	0.02323	0.01991	0.01991	0.02323	0.01659	0.01825	0.01162	0.01825	0.00996	0.01659	0.00996	0.01328	0.02489	0.00332	0.71955	0.00664	0.00332	0.00830
23	0.02833	0.03615	0.02149	0.01954	0.02345	0.70298	0.01466	0.03029	0.02149	0.01856	0.01172	0.01368	0.00977	0.00782	0.00684	0.00195	0.01368	0.00489	0.00391	0.00879
24	0.00924	0.00660	0.00880	0.01056	0.01100	0.00616	0.00704	0.01056	0.01452	0.01936	0.04181	0.72848	0.05017	0.02376	0.00968	0.00308	0.00440	0.02156	0.00704	0.00616
25	0.01527	0.01303	0.01519	0.01103	0.01741	0.00985	0.00879	0.01859	0.01602	0.02477	0.04228	0.01959	0.04000	0.00654	0.00588	0.00123	0.00547	0.00531	0.00475	0.71901
26	0.01475	0.01391	0.02352	0.65148	0.11264	0.01696	0.02128	0.01975	0.01537	0.01989	0.01356	0.02008	0.01029	0.00750	0.00758	0.00250	0.01001	0.00674	0.00341	0.00877
27	0.02028	0.73799	0.03975	0.01298	0.01947	0.03001	0.01298	0.02271	0.01541	0.01785	0.01055	0.01217	0.00973	0.00649	0.00487	0.00162	0.00811	0.00406	0.00324	0.00973
28	0.01828	0.01752	0.02989	0.12105	0.61549	0.01789	0.02303	0.02284	0.01704	0.02418	0.01418	0.01893	0.01180	0.00685	0.00752	0.00228	0.00913	0.00676	0.00371	0.01161
29	0.01103	0.00735	0.00827	0.00827	0.00827	0.00735	0.00460	0.01103	0.01103	0.01471	0.02390	0.04964	0.02758	0.73343	0.03861	0.00735	0.00735	0.01103	0.00460	0.00460
30	0.00924	0.00660	0.00880	0.01056	0.01100	0.00616	0.00704	0.01056	0.01452	0.01936	0.04181	0.72848	0.05017	0.02376	0.00968	0.00308	0.00440	0.02156	0.00704	0.00616
31	0.01877	0.01802	0.03079	0.04656	0.68612	0.01802	0.02328	0.02328	0.01727	0.02478	0.01427	0.01877	0.01201	0.00676	0.00751	0.00225	0.00901	0.00676	0.00375	0.01201
32	0.01521	0.03923	0.69413	0.02162	0.03283	0.01762	0.02802	0.02402	0.01601	0.02402	0.01361	0.01601	0.00961	0.00721	0.00721	0.00240	0.01121	0.00560	0.00320	0.01121
33	0.01790	0.02046	0.04476	0.03197	0.03964	0.01918	0.65857	0.02430	0.01790	0.02430	0.01535	0.02046	0.01151	0.00639	0.00895	0.00256	0.01279	0.00895	0.00384	0.01023
34	0.00961	0.00708	0.00906	0.01028	0.01131	0.00653	0.00729	0.01146	0.01597	0.02104	0.11756	0.49589	0.15300	0.02189	0.00955	0.00296	0.00444	0.07152	0.00718	0.00638
35	0.01729	0.01896	0.03965	0.03084	0.09058	0.01799	0.52908	0.02361	0.03996	0.02418	0.01799	0.07960	0.01517	0.00801	0.00885	0.00258	0.01154	0.00981	0.00423	0.01010
36	0.00958	0.00700	0.00935	0.01078	0.01131	0.00677	0.00735	0.01108	0.01493	0.02013	0.08727	0.65722	0.05045	0.02283	0.01011	0.00304	0.02695	0.02052	0.00702	0.00630
37	0.02028	0.73799	0.03975	0.01298	0.01947	0.03001	0.01298	0.02271	0.01541	0.01785	0.01055	0.01217	0.00973	0.00649	0.00487	0.00162	0.00811	0.00406	0.00324	0.00973
38	0.02002	0.70227	0.07320	0.01342	0.02015	0.02938	0.01375	0.02278	0.01544	0.01816	0.01070	0.01236	0.00973	0.00653	0.00499	0.00166	0.00827	0.00414	0.00324	0.00981
39	0.78701	0.01467	0.01115	0.00997	0.01467	0.01702	0.00821	0.02230	0.01291	0.03403	0.01056	0.01232	0.00821	0.00704	0.00469	0.00235	0.00587	0.00411	0.00469	0.00821
40	0.01318	0.00659	0.00988	0.00988	0.00988	0.00659	0.00659	0.00988	0.00988	0.01318	0.01318	0.02306	0.01318	0.02635	0.02964	0.77931	0.00659	0.00659	0.00329	0.00329
41	0.01066	0.00775	0.01004	0.00947	0.01129	0.00713	0.00710	0.01417	0.02130	0.03001	0.65744	0.05732	0.09649	0.01566	0.00895	0.00239	0.00359	0.01381	0.00830	0.00713
42	0.01935	0.01511	0.01671	0.01431	0.01917	0.01592	0.01129	0.03459	0.44881	0.09052	0.02739	0.02740	0.02092	0.00958	0.00736	0.00227	0.00600	0.02970	0.00715	0.17644
43	0.00924	0.00660	0.00880	0.01056	0.01100	0.00616	0.00704	0.01056	0.01452	0.01936	0.04181	0.72848	0.05017	0.02376	0.00968	0.00308	0.00440	0.02156	0.00704	0.00616
44	0.01521	0.03923	0.69413	0.02162	0.03283	0.01762	0.02802	0.02402	0.01601	0.02402	0.01361	0.01601	0.00961	0.00721	0.00721	0.00240	0.01121	0.00560	0.00320	0.01121
45	0.01887	0.01629	0.01715	0.01544	0.01972	0.01887	0.01201	0.04031	0.67241	0.03173	0.03087	0.02830	0.02315	0.01029	0.00772	0.00257	0.00600	0.00858	0.00772	0.01201
46	0.01195	0.00854	0.01191	0.01366	0.01529	0.00850	0.01175	0.01525	0.01720	0.02240	0.04031	0.14369	0.04424	0.02121	0.01040	0.00345	0.00675	0.57959	0.00699	0.00691
47	0.00919	0.00679	0.00861	0.01007	0.01087	0.00620	0.00682	0.01062	0.01499	0.01956	0.04778	0.61661	0.15818	0.02299	0.00956	0.00299	0.00431	0.02062	0.00704	0.00620
48	0.01860	0.01784	0.03047	0.07276	0.66128	0.01798	0.02319	0.02313	0.01719	0.02457	0.01424	0.01883	0.01194	0.00679	0.00751	0.00226	0.00905	0.00676	0.00374	0.01187
49	0.01103	0.00735	0.00827	0.00827	0.00827	0.00735	0.00460	0.01103	0.01103	0.01471	0.02390	0.04964	0.02758	0.73343	0.03861	0.00735	0.00735	0.01103	0.00460	0.00460
50	0.02833	0.03615	0.02149	0.01954	0.02345	0.70298	0.01466	0.03029	0.02149	0.01856	0.01172	0.01368	0.00977	0.00782	0.00684	0.00195	0.01368	0.00489	0.00391	0.00879
51	0.01432	0.01348	0.02275	0.71520	0.05224	0.01685	0.02107	0.01938	0.01517	0.01938	0.01348	0.02022	0.01011	0.00758	0.00758	0.00253	0.01011	0.00674	0.00337	0.00843
52	0.00924	0.00660	0.00880	0.01056	0.01100	0.00616	0.00704	0.01056	0.01452	0.01936	0.04181	0.72848	0.05017	0.02376	0.00968	0.00308	0.00440	0.02156	0.00704	0.00616
53	0.01981	0.01941	0.02907	0.08580	0.55509	0.07546	0.02195	0.05716	0.01846	0.02512	0.01421	0.01841	0.01175	0.00702	0.00746	0.00225	0.00944	0.00660	0.00394	0.01156
54	0.02478	0.01833	0.02028	0.11115	0.02544	0.04919	0.01402	0.35137	0.12384	0.09733	0.02069	0.02119	0.01490	0.00902	0.00741	0.00231	0.00795	0.00708	0.06214	0.01156
55	0.00923	0.00665	0.00875	0.01043	0.01097	0.00617	0.00698	0.01058	0.01464	0.01941	0.04335	0.69953	0.07812	0.02356	0.00965	0.00306	0.00438	0.02132	0.00704	0.00617
56	0.01887	0.01629	0.01715	0.01544	0.01972	0.01887	0.01201	0.04031	0.67241	0.03173	0.03087	0.02830	0.02315	0.01029	0.00772	0.00257	0.00600	0.00858	0.00772	0.01201
57	0.02149	0.01776	0.01989	0.01883	0.08201	0.02002	0.01368	0.20244	0.44418	0.03533	0.02600	0.02476	0.01942	0.00965	0.00766	0.00247	0.00690	0.00795	0.00732	0.01224
58	0.01842	0.48113	0.28030	0.01615	0.02438	0.02546	0.01851	0.02319	0.01563	0.02012	0.01167	0.01358	0.00969	0.00675	0.00573	0.00191	0.00925	0.00463	0.00323	0.01028
59	0.02244	0.01789	0.06823	0.01551	0.02071	0.01719	0.03551	0.27159	0.13432	0.10839	0.02483	0.02768	0.05120	0.10812	0.01186	0.00302	0.00764	0.00816	0.00681	0.03889
60	0.02863	0.07077	0.02238	0.01662	0.02221	0.13672	0.01359	0.35360	0.06453	0.16584	0.01958	0.01908	0.01387	0.00883	0.00729	0.00221	0.00874	0.00656	0.00703	0.01194
61	0.01159	0.00794	0.01026	0.00957	0.01149	0.00729	0.00716	0.01494	0.02093	0.05548	0.60703	0.05591	0.09456	0.04056	0.00993	0.00257	0.00384	0.01348	0.00820	0.00726
62	0.00926	0.00766	0.00812	0.00808	0.01045	0.00652	0.00603	0.01142	0.01786	0.02204	0.17258	0.09303	0.56323	0.01877	0.00899	0.00255	0.00382	0.01583	0.00725	0.00652
63	0.01193	0.00845	0.01030	0.00961	0.01192	0.00780	0.00728	0.01601	0.05473	0.06188	0.46822	0.05754	0.21409	0.01581	0.00882	0.00244	0.00392	0.01369	0.00805	0.00752
64	0.02363	0.06219	0.25845	0.04715	0.05521	0.01747	0.01873	0.14070	0.05012	0.22193	0.01979	0.01988	0.01358	0.00827	0.00732	0.00233	0.00879	0.00655	0.00601	0.01188
65	0.03196	0.01623	0.01966	0.01507	0.02102	0.01608	0.01245	0.28541	0.02727	0.43508	0.02526	0.02279	0.01644	0.00928	0.00761	0.00232	0.00721	0.00731	0.00867	0.01290
66	0.00931	0.00672	0.00882	0.01036	0.01098	0.00623	0.00698	0.01079	0.01505	0.02003	0.07918	0.65764	0.08371	0.02307	0.00960	0.00302	0.00433	0.02084	0.00711	0.00623
67	0.01691	0.01992	0.08192	0.14274	0.08666	0.01817	0.44544	0.02294	0.01717	0.02335	0.01575	0.04405	0.01251	0.00726	0.00853	0.00254	0.01169	0.00864	0.00382	0.00999
68	0.01877	0.01802	0.03079	0.04656	0.68612	0.01802	0.02328	0.02328	0.01727	0.02478	0.01427	0.01877	0.01201	0.00676	0.00751	0.00225	0.00901	0.00676	0.00375	0.01201
69	0.02883	0.02125	0.02276	0.01745	0.02352	0.02352	0.01442	0.66082	0.03566	0.04780	0.01821	0.01821	0.01290	0.00911	0.00759	0.00228	0.00835	0.00683	0.00759	0.01290
70	0.02024	0.01917	0.02891	0.04167	0.57653	0.07258	0.02159	0.02513	0.04355	0.05490	0.01543	0.01906	0.01258	0.00710	0.00747	0.00225	0.00915	0.00672	0.00418	0.01180
71	0.02100	0.01656	0.01787	0.01560	0.02014	0.01871	0.01239	0.14611	0.49260	0.06773	0.02915	0.02961	0.02230	0.01063	0.00784	0.00256	0.00649	0.04304	0.00774	0.01193
72	0.78701	0.01467	0.01115	0.00997	0.01467	0.01702	0.00821	0.02230	0.01291	0.03403	0.01056	0.01232	0.00821	0.00704	0.00469	0.00235	0.00587	0.00411	0.00469	0.00821
73	0.00924	0.00660	0.00880	0.01056	0.01100	0.00616	0.00704	0.01056	0.01452	0.01936	0.04181	0.72848	0.05017	0.02376	0.00968	0.00308	0.00440	0.02156	0.00704	0.00616
74	0.00943	0.00681	0.00896	0.01052	0.01119	0.00633	0.00721	0.01098	0.01511	0.02006	0.07185	0.63505	0.08412	0.02303	0.00965	0.00304	0.00445	0.04885	0.00710	0.00626
75	0.01521	0.03923	0.69413	0.02162	0.03283	0.01762	0.02802	0.02402	0.01601	0.02402	0.01361	0.01601	0.00961	0.00721	0.00721	0.00240	0.01121	0.00560	0.00320	0.01121
76	0.00940	0.00767	0.00833	0.00839	0.01067	0.00660	0.00630	0.01162	0.01785	0.02219	0.17614	0.10711	0.52105	0.01890	0.00906	0.00259	0.00394	0.03839	0.00726	0.00654
77	0.02815	0.02099	0.02279	0.01759	0.02332	0.02351	0.01454	0.62512	0.03433	0.04616	0.01775	0.01812	0.01274	0.00934	0.00855	0.00233	0.04787	0.00682	0.00735	0.01264
78	0.01549	0.07806	0.65777	0.02114	0.03209	0.01830	0.02719	0.02395	0.01598	0.02368	0.01344	0.01580	0.00962	0.00717	0.00708	0.00236	0.01104	0.00552	0.00321	0.01113
79	0.02028	0.73799	0.03975	0.01298	0.01947	0.03001	0.01298	0.02271	0.01541	0.01785	0.01055	0.01217	0.00973	0.00649	0.00487	0.00162	0.00811	0.00406	0.00324	0.00973
80	0.01867	0.01831	0.03242	0.04485	0.61051	0.01816	0.09758	0.02340	0.01735	0.02472	0.01439	0.01897	0.01196	0.00672	0.00768	0.00229	0.00945	0.00701	0.00376	0.01181
81	0.01939	0.01663	0.01807	0.01696	0.05025	0.01907	0.01265	0.07218	0.60909	0.03226	0.02945	0.02733	0.02211	0.01007	0.00770	0.00254	0.00626	0.00840	0.00753	0.01205
82	0.01877	0.01802	0.03079	0.04656	0.68612	0.01802	0.02328	0.02328	0.01727	0.02478	0.01427	0.01877	0.01201	0.00676	0.00751	0.00225	0.00901	0.00676	0.00375	0.01201
83	0.00921	0.00769	0.00802	0.00794	0.01039	0.00651	0.00595	0.01136	0.01786	0.02185	0.15972	0.07076	0.59931	0.01870	0.00896	0.00254	0.00381	0.01569	0.00722	0.00651
84	0.01432	0.01348	0.02275	0.71520	0.05224	0.01685	0.02107	0.01938	0.01517	0.01938	0.01348	0.02022	0.01011	0.00758	0.00758	0.00253	0.01011	0.00674	0.00337	0.00843
85	0.01432	0.01348	0.02275	0.71520	0.05224	0.01685	0.02107	0.01938	0.01517	0.01938	0.01348	0.02022	0.01011	0.00758	0.00758	0.00253	0.01011	0.00674	0.00337	0.00843
86	0.02488	0.04261	0.01947	0.01485	0.01989	0.04618	0.01216	0.44155	0.02940	0.06251	0.02337	0.02366	0.06202	0.00966	0.00719	0.00218	0.00738	0.00738	0.13243	0.01121
87	0.01553	0.01283	0.01502	0.01157	0.01715	0.01039	0.00904	0.06404	0.01696	0.02544	0.01882	0.14165	0.01822	0.00907	0.00648	0.00155	0.00560	0.00767	0.00517	0.58781
88	0.02338	0.30938	0.07673	0.01606	0.02188	0.19926	0.01446	0.15070	0.04961	0.02533	0.01396	0.01529	0.01128	0.00764	0.00622	0.00194	0.00956	0.00523	0.03186	0.01023
89	0.01857	0.01782	0.03042	0.07699	0.65726	0.01797	0.02318	0.02310	0.01718	0.02453	0.01423	0.01884	0.01193	0.00680	0.00751	0.00227	0.00906	0.00676	0.00374	0.01185
90	0.01573	0.01348	0.01573	0.01123	0.01798	0.01011	0.00899	0.01910	0.01573	0.02472	0.01348	0.01573	0.01123	0.00562	0.00562	0.00112	0.00562	0.00449	0.00449	0.77980
91	0.00924	0.00660	0.00880	0.01056	0.01100	0.00616	0.00704	0.01056	0.01452	0.01936	0.04181	0.72848	0.05017	0.02376	0.00968	0.00308	0.00440	0.02156	0.00704	0.00616
92	0.01573	0.01348	0.01573	0.01123	0.01798	0.01011	0.00899	0.01910	0.01573	0.02472	0.01348	0.01573	0.01123	0.00562	0.00562	0.00112	0.00562	0.00449	0.00449	0.77980
93	0.01544	0.07009	0.66523	0.02124	0.03224	0.01816	0.02736	0.02396	0.01599	0.02375	0.01348	0.01584	0.00961	0.00717	0.00710	0.00237	0.01107	0.00554	0.00320	0.01114
94	0.01370	0.03950	0.01615	0.01380	0.01608	0.03430	0.07269	0.01630	0.01670	0.05704	0.14602	0.23344	0.09407	0.04958	0.03431	0.00327	0.06673	0.06251	0.00630	0.00753
95	0.02764	0.06598	0.02213	0.01911	0.02314	0.64900	0.01449	0.03032	0.04473	0.01901	0.01236	0.01414	0.01025	0.00785	0.00679	0.00196	0.01316	0.00498	0.00402	0.00895
96	0.01928	0.60046	0.16855	0.01468	0.02210	0.02757	0.01594	0.02297	0.01553	0.01906	0.01115	0.01292	0.00971	0.00663	0.00533	0.00178	0.00872	0.00436	0.00324	0.01002
97	0.01581	0.12151	0.61708	0.02060	0.03126	0.01908	0.02625	0.02387	0.01594	0.02329	0.01325	0.01556	0.00962	0.00712	0.00693	0.00231	0.01085	0.00542	0.00321	0.01104
98	0.01085	0.00807	0.01189	0.01189	0.01314	0.00932	0.00911	0.01335	0.01210	0.01739	0.02059	0.03131	0.01962	0.10849	0.65267	0.01182	0.01933	0.00835	0.00410	0.00661
99	0.01760	0.01682	0.02867	0.22313	0.51872	0.01771	0.02269	0.02225	0.01672	0.02335	0.01406	0.01916	0.01151	0.00698	0.00753	0.00233	0.00930	0.00675	0.00365	0.01107
100	0.02104	0.69770	0.03852	0.01301	0.01946	0.02896	0.01288	0.02350	0.01576	0.05527	0.01162	0.01293	0.01024	0.00665	0.00502	0.00166	0.00802	0.00425	0.00359	0.00991
101	0.06131	0.01386	0.01688	0.01331	0.01873	0.04948	0.01086	0.03410	0.02117	0.57579	0.05570	0.02769	0.04608	0.00984	0.00757	0.00234	0.00662	0.00791	0.00877	0.01201
102	0.00964	0.00698	0.00911	0.01012	0.01105	0.00645	0.00700	0.01162	0.01661	0.02250	0.22161	0.50544	0.09128	0.02122	0.00944	0.00286	0.00414	0.01908	0.00740	0.00645
103	0.01962	0.01774	0.03006	0.04472	0.64907	0.01764	0.02260	0.02404	0.01752	0.06182	0.01514	0.01916	0.01239	0.00690	0.00752	0.00226	0.00887	0.00681	0.00407	0.01206
104	0.01664	0.01673	0.02398	0.02033	0.02059	0.02309	0.03874	0.01846	0.01183	0.01846	0.01014	0.01673	0.01001	0.01304	0.02434	0.00329	0.69516	0.00672	0.00334	0.00836
105	0.01777	0.01700	0.02897	0.19772	0.54281	0.01776	0.02278	0.02240	0.01680	0.02356	0.01409	0.01910	0.01158	0.00694	0.00753	0.00231	0.00926	0.00675	0.00367	0.01120
106	0.02883	0.02125	0.02276	0.01745	0.02352	0.02352	0.01442	0.66082	0.03566	0.04780	0.01821	0.01821	0.01290	0.00911	0.00759	0.00228	0.00835	0.00683	0.00759	0.01290
107	0.01047	0.00774	0.00977	0.00926	0.01117	0.00704	0.00695	0.01380	0.02084	0.02892	0.59077	0.05912	0.16385	0.01607	0.00895	0.00241	0.00362	0.01406	0.00815	0.00704
108	0.01084	0.00813	0.01219	0.01219	0.01354	0.00948	0.00948	0.01354	0.01219	0.01761	0.02032	0.02980	0.01896	0.05689	0.70337	0.01219	0.02032	0.00813	0.00406	0.00677
109	0.01033	0.00808	0.00961	0.01040	0.01254	0.00736	0.00849	0.01288	0.01726	0.02136	0.06028	0.10314	0.39362	0.02011	0.00962	0.00297	0.00517	0.27314	0.00702	0.00664
110	0.01877	0.01802	0.03079	0.04656	0.68612	0.01802	0.02328	0.02328	0.01727	0.02478	0.01427	0.01877	0.01201	0.00676	0.00751	0.00225	0.00901	0.00676	0.00375	0.01201
111	0.78701	0.01467	0.01115	0.00997	0.01467	0.01702	0.00821	0.02230	0.01291	0.03403	0.01056	0.01232	0.00821	0.00704	0.00469	0.00235	0.00587	0.00411	0.00469	0.00821
112	0.01103	0.00735	0.00827	0.00827	0.00827	0.00735	0.00460	0.01103	0.01103	0.01471	0.02390	0.04964	0.02758	0.73343	0.03861	0.00735	0.00735	0.01103	0.00460	0.00460
113	0.01573	0.01348	0.01573	0.01123	0.01798	0.01011	0.00899	0.01910	0.01573	0.02472	0.01348	0.01573	0.01123	0.00562	0.00562	0.00112	0.00562	0.00449	0.00449	0.77980
114	0.00974	0.00716	0.00919	0.01069	0.01143	0.00684	0.00724	0.01214	0.04927	0.02006	0.04283	0.66180	0.07755	0.02285	0.00955	0.00303	0.00446	0.02063	0.00708	0.00648
115	0.04692	0.15073	0.51254	0.02009	0.02989	0.04331	0.04905	0.02397	0.01606	0.02324	0.01300	0.01534	0.00965	0.00707	0.00678	0.00226	0.01064	0.00540	0.00332	0.01073
116	0.02013	0.01692	0.01786	0.01569	0.02021	0.01946	0.01231	0.11900	0.59166	0.03377	0.02927	0.02702	0.02185	0.01014	0.00770	0.00254	0.00630	0.00835	0.00770	0.01212
117	0.05090	0.01713	0.01794	0.01559	0.02022	0.01964	0.01230	0.15255	0.53055	0.03475	0.02777	0.02583	0.02070	0.00995	0.00758	0.00251	0.00642	0.00808	0.00758	0.01202
118	0.00924	0.00660	0.00880	0.01056	0.01100	0.00616	0.00704	0.01056	0.01452	0.01936	0.04181	0.72848	0.05017	0.02376	0.00968	0.00308	0.00440	0.02156	0.00704	0.00616
119	0.02028	0.73799	0.03975	0.01298	0.01947	0.03001	0.01298	0.02271	0.01541	0.01785	0.01055	0.01217	0.00973	0.00649	0.00487	0.00162	0.00811	0.00406	0.00324	0.00973
120	0.01615	0.14910	0.55715	0.02078	0.03106	0.01966	0.05788	0.02383	0.01602	0.02306	0.01321	0.01563	0.00973	0.00705	0.00692	0.00229	0.01080	0.00553	0.00324	0.01093
121	0.00938	0.00770	0.00826	0.00812	0.01050	0.00658	0.00609	0.01169	0.01827	0.02281	0.21820	0.06918	0.54023	0.01834	0.00896	0.00252	0.00378	0.01547	0.00735	0.00658
122	0.01765	0.02063	0.08614	0.03459	0.22063	0.01828	0.41102	0.02351	0.01747	0.02424	0.01585	0.04463	0.01288	0.00717	0.00844	0.00248	0.01131	0.00854	0.00388	0.01066
123	0.04443	0.11287	0.57469	0.01998	0.03025	0.01870	0.02508	0.02428	0.01604	0.04739	0.01375	0.01581	0.00990	0.00720	0.00688	0.00231	0.01051	0.00546	0.00348	0.01100
124	0.01318	0.00659	0.00988	0.00988	0.00988	0.00659	0.00659	0.00988	0.00988	0.01318	0.01318	0.02306	0.01318	0.02635	0.02964	0.77931	0.00659	0.00659	0.00329	0.00329
125	0.00931	0.00663	0.00878	0.01047	0.01089	0.00621	0.00694	0.01058	0.01438	0.01918	0.04110	0.70173	0.04928	0.05172	0.01082	0.00325	0.00452	0.02115	0.00694	0.00610
126	0.05824	0.02621	0.05644	0.01944	0.07020	0.31456	0.01486	0.13564	0.02297	0.18344	0.01733	0.01773	0.01251	0.00826	0.00713	0.00216	0.01032	0.00600	0.00580	0.01078
127	0.54094	0.15474	0.07610	0.01188	0.01754	0.01983	0.01111	0.05072	0.01466	0.03069	0.01116	0.01287	0.00883	0.00704	0.00507	0.00221	0.00687	0.00435	0.00442	0.00897
128	0.01877	0.01802	0.03079	0.04656	0.68612	0.01802	0.02328	0.02328	0.01727	0.02478	0.01427	0.01877	0.01201	0.00676	0.00751	0.00225	0.00901	0.00676	0.00375	0.01201

[dist]
# distance from previous block
# <min> <max>
0	1

[block]
# block no. 1 follows, 26 sequences, length 39
# corresponding to MSA columns:
# 143-181
name=unknown_B
#
# <colnr> <probs for GDERKNQSTAVLIFYWHMCP>
#	G	D	E	R	K	N	Q	S	T	A	V	L	I	F	Y	W	H	M	C	P
0	0.02398	0.09068	0.02245	0.01833	0.05490	0.24255	0.01392	0.13150	0.18151	0.05205	0.01815	0.01876	0.01407	0.00862	0.00773	0.00217	0.03828	0.00627	0.00557	0.04851
1	0.00959	0.00772	0.00845	0.00836	0.01059	0.00670	0.00625	0.01187	0.01799	0.02266	0.21768	0.06838	0.48498	0.05255	0.01043	0.00278	0.00405	0.03522	0.00724	0.00652
2	0.01521	0.03923	0.69413	0.02162	0.03283	0.01762	0.02802	0.02402	0.01601	0.02402	0.01361	0.01601	0.00961	0.00721	0.00721	0.00240	0.01121	0.00560	0.00320	0.01121
3	0.02836	0.03530	0.02157	0.01942	0.02345	0.66429	0.01464	0.06620	0.02230	0.02023	0.01209	0.01394	0.00995	0.00789	0.00688	0.00197	0.01337	0.00500	0.00412	0.00903
4	0.00912	0.00769	0.00790	0.00785	0.01034	0.00647	0.00588	0.01118	0.01765	0.02135	0.12933	0.07158	0.63001	0.01889	0.00896	0.00255	0.00382	0.01581	0.00716	0.00647
5	0.01677	0.01838	0.03828	0.02814	0.03423	0.01811	0.51267	0.02218	0.01665	0.02291	0.01634	0.04765	0.01355	0.01261	0.07837	0.00359	0.07693	0.00914	0.00393	0.00956
6	0.01196	0.00854	0.01192	0.01366	0.01529	0.00850	0.01176	0.01525	0.01720	0.02240	0.04031	0.14307	0.04424	0.02120	0.01041	0.00346	0.00675	0.58019	0.00699	0.00691
7	0.01432	0.01348	0.02275	0.71520	0.05224	0.01685	0.02107	0.01938	0.01517	0.01938	0.01348	0.02022	0.01011	0.00758	0.00758	0.00253	0.01011	0.00674	0.00337	0.00843
8	0.01628	0.01548	0.02628	0.42139	0.33078	0.01737	0.02204	0.02109	0.01609	0.02175	0.01383	0.01959	0.01095	0.00722	0.00755	0.00241	0.00963	0.00675	0.00354	0.01000
9	0.23789	0.05951	0.01900	0.01619	0.02046	0.41490	0.01253	0.02872	0.08300	0.02413	0.01324	0.01468	0.01066	0.00779	0.00624	0.00211	0.01050	0.00500	0.00447	0.00899
10	0.01389	0.00866	0.01129	0.01117	0.01343	0.00761	0.00814	0.01596	0.01623	0.11503	0.07235	0.45786	0.04095	0.01847	0.00879	0.00267	0.00494	0.04399	0.00707	0.12150
11	0.01688	0.02039	0.08702	0.02868	0.03555	0.01817	0.52028	0.02274	0.01712	0.02351	0.01721	0.08130	0.01464	0.00835	0.00980	0.00264	0.05220	0.00967	0.00404	0.00984
12	0.01661	0.01582	0.02689	0.37113	0.37842	0.01745	0.02220	0.02139	0.01625	0.02216	0.01389	0.01948	0.01109	0.00716	0.00755	0.00239	0.00955	0.00675	0.00357	0.01027
13	0.01842	0.01937	0.03034	0.02491	0.06929	0.08666	0.31081	0.02793	0.19979	0.02533	0.02184	0.09163	0.01841	0.00935	0.00838	0.00253	0.00993	0.00955	0.00523	0.01029
14	0.01103	0.00735	0.00827	0.00827	0.00827	0.00735	0.00460	0.01103	0.01103	0.01471	0.02390	0.04964	0.02758	0.73343	0.03861	0.00735	0.00735	0.01103	0.00460	0.00460
15	0.01877	0.01802	0.03079	0.04656	0.68612	0.01802	0.02328	0.02328	0.01727	0.02478	0.01427	0.01877	0.01201	0.00676	0.00751	0.00225	0.00901	0.00676	0.00375	0.01201
16	0.78701	0.01467	0.01115	0.00997	0.01467	0.01702	0.00821	0.02230	0.01291	0.03403	0.01056	0.01232	0.00821	0.00704	0.00469	0.00235	0.00587	0.00411	0.00469	0.00821
17	0.02883	0.02125	0.02276	0.01745	0.02352	0.02352	0.01442	0.66082	0.03566	0.04780	0.01821	0.01821	0.01290	0.00911	0.00759	0.00228	0.00835	0.00683	0.00759	0.01290
18	0.01010	0.00773	0.00926	0.00887	0.01094	0.00689	0.00666	0.01308	0.01997	0.02685	0.46437	0.06254	0.29154	0.01684	0.00895	0.00245	0.00367	0.01454	0.00788	0.00689
19	0.01103	0.00735	0.00827	0.00827	0.00827	0.00735	0.00460	0.01103	0.01103	0.01471	0.02390	0.04964	0.02758	0.73343	0.03861	0.00735	0.00735	0.01103	0.00460	0.00460
20	0.01368	0.00844	0.00992	0.00942	0.01212	0.00729	0.00710	0.01586	0.01806	0.14112	0.12904	0.17547	0.38841	0.01783	0.00885	0.00259	0.00438	0.01522	0.00761	0.00761
21	0.01401	0.00811	0.00933	0.00880	0.01091	0.00792	0.00668	0.01846	0.05232	0.06209	0.28697	0.03945	0.04035	0.01159	0.00699	0.00208	0.00382	0.00982	0.39264	0.00765
22	0.01047	0.00716	0.00865	0.00935	0.00959	0.00701	0.00583	0.01110	0.01257	0.01673	0.03095	0.28815	0.03625	0.45072	0.02713	0.00567	0.00631	0.04555	0.00557	0.00526
23	0.01854	0.46831	0.24241	0.01573	0.02342	0.04533	0.01749	0.02300	0.01603	0.02032	0.03948	0.01527	0.01227	0.00713	0.00583	0.00191	0.00906	0.00497	0.00346	0.01006
24	0.02244	0.01881	0.01912	0.01627	0.02109	0.05394	0.01289	0.23340	0.44178	0.03610	0.02598	0.02443	0.01930	0.00980	0.00763	0.00245	0.00711	0.00785	0.00749	0.01213
25	0.01569	0.10483	0.63271	0.02081	0.03157	0.01878	0.02661	0.02390	0.01596	0.02344	0.01332	0.01565	0.00962	0.00714	0.00699	0.00233	0.01092	0.00546	0.00321	0.01107
26	0.01567	0.10205	0.63530	0.02084	0.03163	0.01873	0.02667	0.02390	0.01596	0.02347	0.01334	0.01567	0.00962	0.00714	0.00700	0.00233	0.01093	0.00547	0.00321	0.01108
27	0.02954	0.01792	0.02048	0.01580	0.02158	0.01878	0.01301	0.43077	0.03053	0.24978	0.05620	0.02259	0.01778	0.00953	0.00767	0.00230	0.00750	0.00744	0.00819	0.01261
28	0.03077	0.01600	0.01930	0.01489	0.02063	0.01592	0.01226	0.28651	0.02730	0.39940	0.05813	0.02432	0.01908	0.00958	0.00768	0.00232	0.00707	0.00761	0.00861	0.01261
29	0.01877	0.01802	0.03079	0.04656	0.68612	0.01802	0.02328	0.02328	0.01727	0.02478	0.01427	0.01877	0.01201	0.00676	0.00751	0.00225	0.00901	0.00676	0.00375	0.01201
30	0.02076	0.01975	0.07865	0.02787	0.09259	0.01752	0.38743	0.02785	0.07605	0.14372	0.01910	0.02166	0.01375	0.00736	0.00836	0.00248	0.01062	0.00826	0.00512	0.01109
31	0.01094	0.00732	0.00830	0.00839	0.00841	0.00729	0.00472	0.01101	0.01121	0.01494	0.02479	0.08359	0.02871	0.69794	0.03716	0.00714	0.00721	0.01156	0.00472	0.00467
32	0.01015	0.00744	0.00956	0.01018	0.01139	0.00700	0.00719	0.01307	0.03970	0.02422	0.29720	0.40601	0.08885	0.01981	0.00929	0.00276	0.00410	0.01774	0.00758	0.00677
33	0.05991	0.03065	0.46473	0.01936	0.02876	0.01602	0.04626	0.02719	0.01735	0.19217	0.01762	0.01845	0.01191	0.00772	0.00725	0.00239	0.00980	0.00616	0.00486	0.01145
34	0.01431	0.01336	0.02225	0.65474	0.04924	0.01669	0.02046	0.01916	0.01515	0.01950	0.01467	0.02331	0.01176	0.00845	0.00837	0.00260	0.03638	0.03771	0.00355	0.00835
35	0.02146	0.18262	0.04917	0.01499	0.02098	0.02125	0.01303	0.21513	0.19883	0.03183	0.01891	0.01905	0.01454	0.00817	0.00665	0.00202	0.00731	0.00623	0.00594	0.14190
36	0.02028	0.73799	0.03975	0.01298	0.01947	0.03001	0.01298	0.02271	0.01541	0.01785	0.01055	0.01217	0.00973	0.00649	0.00487	0.00162	0.00811	0.00406	0.00324	0.00973
37	0.01070	0.00853	0.00970	0.00937	0.01168	0.00796	0.00703	0.01524	0.08490	0.02564	0.31887	0.09409	0.33439	0.01702	0.00887	0.00252	0.00398	0.01459	0.00765	0.00727
38	0.01877	0.01802	0.03079	0.04656	0.68612	0.01802	0.02328	0.02328	0.01727	0.02478	0.01427	0.01877	0.01201	0.00676	0.00751	0.00225	0.00901	0.00676	0.00375	0.01201

[dist]
# distance from previous block
# <min> <max>
0	1

[block]
# block no. 2 follows, 26 sequences, length 51
# corresponding to MSA columns:
# 183-233
name=unknown_C
#
# <colnr> <probs for GDERKNQSTAVLIFYWHMCP>
#	G	D	E	R	K	N	Q	S	T	A	V	L	I	F	Y	W	H	M	C	P
0	0.01099	0.00750	0.00900	0.00900	0.00925	0.00775	0.00550	0.01149	0.01124	0.01524	0.02324	0.04597	0.02599	0.60852	0.16134	0.00825	0.00975	0.01049	0.00450	0.00500
1	0.01877	0.01802	0.03079	0.04656	0.68612	0.01802	0.02328	0.02328	0.01727	0.02478	0.01427	0.01877	0.01201	0.00676	0.00751	0.00225	0.00901	0.00676	0.00375	0.01201
2	0.20852	0.49947	0.07038	0.01293	0.01918	0.04538	0.01273	0.02290	0.01501	0.02220	0.01076	0.01247	0.00935	0.00670	0.00502	0.00186	0.00790	0.00418	0.00362	0.00942
3	0.02833	0.03615	0.02149	0.01954	0.02345	0.70298	0.01466	0.03029	0.02149	0.01856	0.01172	0.01368	0.00977	0.00782	0.00684	0.00195	0.01368	0.00489	0.00391	0.00879
4	0.01642	0.20517	0.53873	0.01957	0.02966	0.02056	0.02445	0.02371	0.01587	0.02255	0.01288	0.01510	0.00964	0.00704	0.00665	0.00222	0.01047	0.00524	0.00321	0.01086
5	0.01200	0.00857	0.01196	0.01371	0.01536	0.00854	0.01183	0.01533	0.01724	0.02245	0.04029	0.13417	0.04415	0.02117	0.01042	0.00346	0.00679	0.58868	0.00699	0.00692
6	0.00911	0.00712	0.00827	0.00919	0.01064	0.00628	0.00643	0.01072	0.01584	0.01990	0.05847	0.41671	0.35118	0.02160	0.00934	0.00283	0.00413	0.01892	0.00704	0.00628
7	0.01074	0.00775	0.01014	0.00954	0.01133	0.00716	0.00716	0.01431	0.02147	0.03042	0.68211	0.05666	0.07157	0.01551	0.00895	0.00239	0.00358	0.01372	0.00835	0.00716
8	0.00956	0.00683	0.00917	0.01092	0.01150	0.00643	0.00759	0.01111	0.01484	0.01972	0.04163	0.66000	0.04947	0.02346	0.00977	0.00312	0.00468	0.08691	0.00703	0.00625
9	0.02130	0.01567	0.01759	0.01509	0.01920	0.01686	0.01227	0.39392	0.02765	0.03677	0.02957	0.15493	0.06220	0.01437	0.00856	0.00266	0.00717	0.12659	0.00735	0.01029
10	0.01621	0.01541	0.02616	0.43181	0.32089	0.01735	0.02200	0.02103	0.01606	0.02167	0.01381	0.01961	0.01092	0.00723	0.00755	0.00241	0.00964	0.00675	0.00353	0.00995
11	0.01633	0.19376	0.54942	0.01971	0.02987	0.02036	0.02470	0.02373	0.01588	0.02266	0.01293	0.01516	0.00964	0.00705	0.00669	0.00223	0.01052	0.00526	0.00321	0.01088
12	0.02456	0.46416	0.03110	0.01302	0.01911	0.02274	0.01213	0.02720	0.01778	0.24615	0.04339	0.01853	0.01521	0.00782	0.00596	0.00190	0.00737	0.00564	0.00552	0.01071
13	0.01084	0.00813	0.01219	0.01219	0.01354	0.00948	0.00948	0.01354	0.01219	0.01761	0.02032	0.02980	0.01896	0.05689	0.70337	0.01219	0.02032	0.00813	0.00406	0.00677
14	0.01406	0.01276	0.01712	0.01521	0.01550	0.01658	0.01194	0.01536	0.01194	0.01740	0.01973	0.03102	0.06777	0.21552	0.07504	0.00500	0.41834	0.00868	0.00401	0.00702
15	0.02842	0.01460	0.01776	0.01441	0.01974	0.01460	0.01165	0.07628	0.24950	0.42196	0.02954	0.02622	0.01994	0.00969	0.00766	0.00242	0.00641	0.00791	0.00870	0.01259
16	0.01877	0.01802	0.03079	0.04656	0.68612	0.01802	0.02328	0.02328	0.01727	0.02478	0.01427	0.01877	0.01201	0.00676	0.00751	0.00225	0.00901	0.00676	0.00375	0.01201
17	0.01877	0.01802	0.03079	0.04656	0.68612	0.01802	0.02328	0.02328	0.01727	0.02478	0.01427	0.01877	0.01201	0.00676	0.00751	0.00225	0.00901	0.00676	0.00375	0.01201
18	0.02736	0.01403	0.01705	0.01380	0.01861	0.06052	0.03418	0.03131	0.06587	0.44506	0.03234	0.06001	0.07734	0.05496	0.00972	0.00270	0.00691	0.00906	0.00808	0.01110
19	0.01814	0.08948	0.54475	0.02001	0.02999	0.04591	0.02453	0.02556	0.01680	0.09441	0.01504	0.01667	0.01060	0.00741	0.00706	0.00232	0.01057	0.00567	0.00389	0.01118
20	0.01649	0.13494	0.57518	0.02025	0.03059	0.01958	0.02537	0.05098	0.01677	0.02418	0.01338	0.01558	0.00977	0.00719	0.00690	0.00229	0.01066	0.00544	0.00340	0.01108
21	0.01450	0.01366	0.02307	0.68857	0.07749	0.01690	0.02115	0.01954	0.01525	0.01959	0.01351	0.02016	0.01019	0.00755	0.00758	0.00252	0.01007	0.00674	0.00339	0.00857
22	0.01853	0.01777	0.03034	0.08370	0.65090	0.01796	0.02316	0.02306	0.01715	0.02448	0.01422	0.01885	0.01191	0.00680	0.00751	0.00227	0.00907	0.00676	0.00373	0.01182
23	0.01891	0.02173	0.03933	0.02900	0.03525	0.09705	0.50226	0.02419	0.01749	0.02286	0.01424	0.01919	0.01111	0.00745	0.01079	0.00259	0.10479	0.00819	0.00378	0.00982
24	0.08820	0.01542	0.01539	0.01369	0.01623	0.11470	0.03351	0.11647	0.01750	0.02369	0.02175	0.08857	0.04200	0.20662	0.11320	0.00508	0.04596	0.00919	0.00509	0.00772
25	0.01670	0.01591	0.02704	0.35807	0.39080	0.01748	0.02225	0.02146	0.01629	0.02226	0.01390	0.01945	0.01113	0.00714	0.00754	0.00238	0.00952	0.00675	0.00358	0.01034
26	0.03065	0.01278	0.01832	0.01410	0.01963	0.01117	0.04669	0.03385	0.02147	0.58391	0.09859	0.02880	0.02400	0.00987	0.00784	0.00236	0.00650	0.00835	0.00897	0.01215
27	0.01617	0.12922	0.53830	0.02159	0.03180	0.01942	0.09370	0.02388	0.01614	0.02324	0.01339	0.01598	0.00983	0.00702	0.00709	0.00232	0.01097	0.00576	0.00328	0.01091
28	0.02692	0.01783	0.01833	0.01534	0.02035	0.10193	0.01219	0.08776	0.27918	0.29522	0.02707	0.02466	0.01890	0.00952	0.00756	0.00238	0.00733	0.00759	0.00790	0.01204
29	0.01877	0.01802	0.03079	0.04656	0.68612	0.01802	0.02328	0.02328	0.01727	0.02478	0.01427	0.01877	0.01201	0.00676	0.00751	0.00225	0.00901	0.00676	0.00375	0.01201
30	0.03381	0.01326	0.01782	0.01366	0.01954	0.01167	0.01129	0.06320	0.02230	0.66430	0.02943	0.02550	0.01853	0.00938	0.00763	0.00234	0.00653	0.00759	0.00931	0.01291
31	0.01877	0.01802	0.03079	0.04656	0.68612	0.01802	0.02328	0.02328	0.01727	0.02478	0.01427	0.01877	0.01201	0.00676	0.00751	0.00225	0.00901	0.00676	0.00375	0.01201
32	0.03078	0.01341	0.01685	0.01329	0.01854	0.04508	0.01082	0.03375	0.02167	0.57379	0.11199	0.02914	0.02504	0.01009	0.00776	0.00233	0.00645	0.00827	0.00898	0.01197
33	0.01792	0.01715	0.02925	0.17479	0.56455	0.01780	0.02285	0.02253	0.01687	0.02374	0.01412	0.01905	0.01165	0.00692	0.00752	0.00231	0.00922	0.00675	0.00368	0.01133
34	0.09396	0.01837	0.03322	0.05393	0.03191	0.01868	0.38818	0.11127	0.01919	0.02796	0.01629	0.04552	0.01301	0.00803	0.00906	0.00252	0.05111	0.00834	0.03952	0.00992
35	0.01767	0.37800	0.37688	0.01743	0.02635	0.02363	0.02073	0.02339	0.01572	0.02103	0.01213	0.01415	0.00967	0.00686	0.00607	0.00202	0.00971	0.00485	0.00322	0.01049
36	0.01877	0.01802	0.03079	0.04656	0.68612	0.01802	0.02328	0.02328	0.01727	0.02478	0.01427	0.01877	0.01201	0.00676	0.00751	0.00225	0.00901	0.00676	0.00375	0.01201
37	0.01693	0.10620	0.52886	0.01966	0.02923	0.01825	0.02410	0.02421	0.01638	0.07001	0.03913	0.01784	0.01258	0.00783	0.00776	0.00235	0.03800	0.00593	0.00383	0.01091
38	0.01703	0.09749	0.31858	0.02638	0.06254	0.01951	0.30213	0.02398	0.01684	0.02358	0.01410	0.01771	0.01055	0.00676	0.00776	0.00239	0.01151	0.00697	0.00351	0.01067
39	0.01819	0.01944	0.03673	0.03455	0.23988	0.03950	0.36324	0.02336	0.01727	0.02371	0.01530	0.02165	0.01260	0.00763	0.00982	0.00254	0.07066	0.02958	0.00388	0.01047
40	0.01795	0.02034	0.04405	0.03271	0.07234	0.01912	0.62644	0.02425	0.01787	0.02432	0.01529	0.02038	0.01153	0.00641	0.00888	0.00254	0.01260	0.00884	0.00383	0.01032
41	0.01877	0.01802	0.03079	0.04656	0.68612	0.01802	0.02328	0.02328	0.01727	0.02478	0.01427	0.01877	0.01201	0.00676	0.00751	0.00225	0.00901	0.00676	0.00375	0.01201
42	0.01859	0.08739	0.05726	0.02527	0.03070	0.09554	0.35279	0.02306	0.01660	0.02165	0.01432	0.04409	0.01220	0.00863	0.01157	0.00258	0.15653	0.00794	0.00378	0.00951
43	0.03026	0.01304	0.01702	0.01350	0.01886	0.01198	0.01100	0.03589	0.11491	0.55142	0.07491	0.02829	0.02303	0.00994	0.00773	0.00238	0.00619	0.00818	0.00908	0.01238
44	0.01521	0.03923	0.69413	0.02162	0.03283	0.01762	0.02802	0.02402	0.01601	0.02402	0.01361	0.01601	0.00961	0.00721	0.00721	0.00240	0.01121	0.00560	0.00320	0.01121
45	0.01683	0.21290	0.46633	0.02183	0.09178	0.02077	0.02379	0.02362	0.01598	0.02254	0.01290	0.01531	0.00987	0.00698	0.00665	0.00219	0.01022	0.00533	0.00327	0.01092
46	0.01719	0.02747	0.32621	0.03545	0.39517	0.01784	0.02539	0.02361	0.01671	0.02444	0.01398	0.01754	0.01094	0.00696	0.00737	0.00232	0.00999	0.00624	0.00351	0.01166
47	0.01681	0.03777	0.62644	0.02111	0.03168	0.05196	0.02651	0.02498	0.01657	0.05696	0.01433	0.01638	0.01007	0.00735	0.00721	0.00238	0.01110	0.00567	0.00355	0.01117
48	0.01204	0.00860	0.01201	0.01376	0.01543	0.00857	0.01191	0.01540	0.01728	0.02250	0.04026	0.12487	0.04405	0.02113	0.01043	0.00347	0.00683	0.59755	0.00699	0.00693
49	0.30428	0.11861	0.05320	0.02719	0.31515	0.01931	0.01644	0.02287	0.01534	0.02721	0.01234	0.01533	0.01018	0.00684	0.00608	0.00221	0.00781	0.00534	0.00401	0.01025
50	0.01934	0.01511	0.05018	0.01447	0.01823	0.01479	0.01180	0.30208	0.02443	0.05739	0.02935	0.31802	0.03003	0.01572	0.00859	0.00268	0.00671	0.04421	0.00717	0.00971

[dist]
# distance from previous block
# <min> <max>
0	1

[block]
# block no. 3 follows, 26 sequences, length 57
# corresponding to MSA columns:
# 235-291
name=unknown_D
#
# <colnr> <probs for GDERKNQSTAVLIFYWHMCP>
#	G	D	E	R	K	N	Q	S	T	A	V	L	I	F	Y	W	H	M	C	P
0	0.00944	0.00674	0.00903	0.01079	0.01132	0.00633	0.00739	0.01091	0.01472	0.01959	0.04170	0.68553	0.04973	0.02358	0.00973	0.00311	0.00457	0.06255	0.00704	0.00622
1	0.05297	0.46276	0.18771	0.01554	0.02282	0.08242	0.01644	0.04517	0.01663	0.02104	0.01161	0.01339	0.00975	0.00688	0.00566	0.00188	0.00920	0.00458	0.00350	0.01004
2	0.01562	0.09575	0.64120	0.02092	0.03175	0.01862	0.02681	0.02392	0.01597	0.02352	0.01336	0.01570	0.00962	0.00715	0.00702	0.00234	0.01096	0.00548	0.00321	0.01109
3	0.01753	0.01909	0.03946	0.03261	0.14414	0.01849	0.48579	0.02318	0.01718	0.02370	0.01530	0.02066	0.01203	0.01009	0.05570	0.00318	0.03940	0.00845	0.00382	0.01022
4	0.01992	0.01640	0.02004	0.16257	0.07188	0.01876	0.01495	0.12282	0.37680	0.05634	0.02432	0.02446	0.01808	0.00929	0.00765	0.00249	0.00741	0.00779	0.00660	0.01143
5	0.78701	0.01467	0.01115	0.00997	0.01467	0.01702	0.00821	0.02230	0.01291	0.03403	0.01056	0.01232	0.00821	0.00704	0.00469	0.00235	0.00587	0.00411	0.00469	0.00821
6	0.01513	0.00828	0.00877	0.03727	0.01163	0.00858	0.00657	0.06071	0.01720	0.02921	0.02384	0.02727	0.01862	0.00880	0.00555	0.00183	0.00413	0.00704	0.69207	0.00752
7	0.00932	0.00666	0.00887	0.01051	0.01102	0.00621	0.00705	0.01076	0.01489	0.01995	0.07598	0.69262	0.05131	0.02332	0.00964	0.00304	0.00436	0.02114	0.00711	0.00621
8	0.00924	0.00660	0.00880	0.01056	0.01100	0.00616	0.00704	0.01056	0.01452	0.01936	0.04181	0.72848	0.05017	0.02376	0.00968	0.00308	0.00440	0.02156	0.00704	0.00616
9	0.01884	0.01865	0.02913	0.13107	0.56002	0.06363	0.02242	0.02324	0.01728	0.02367	0.01400	0.01862	0.01162	0.00694	0.00747	0.00227	0.00946	0.00663	0.00372	0.01134
10	0.01103	0.00735	0.00827	0.00827	0.00827	0.00735	0.00460	0.01103	0.01103	0.01471	0.02390	0.04964	0.02758	0.73343	0.03861	0.00735	0.00735	0.01103	0.00460	0.00460
11	0.02816	0.02103	0.02330	0.01941	0.06817	0.02315	0.01501	0.61786	0.03442	0.04625	0.01795	0.01825	0.01284	0.00895	0.00758	0.00227	0.00839	0.00682	0.00733	0.01284
12	0.78701	0.01467	0.01115	0.00997	0.01467	0.01702	0.00821	0.02230	0.01291	0.03403	0.01056	0.01232	0.00821	0.00704	0.00469	0.00235	0.00587	0.00411	0.00469	0.00821
13	0.01781	0.26481	0.43359	0.01868	0.02783	0.07163	0.02219	0.02406	0.01622	0.02163	0.01248	0.01460	0.00966	0.00702	0.00642	0.00212	0.01039	0.00505	0.00327	0.01056
14	0.00924	0.00660	0.00880	0.01056	0.01100	0.00616	0.00704	0.01056	0.01452	0.01936	0.04181	0.72848	0.05017	0.02376	0.00968	0.00308	0.00440	0.02156	0.00704	0.00616
15	0.15912	0.17456	0.32400	0.02045	0.07246	0.02023	0.08343	0.02341	0.01559	0.02468	0.01264	0.01518	0.00973	0.00692	0.00646	0.00224	0.00959	0.00542	0.00359	0.01031
16	0.10478	0.27649	0.03327	0.01948	0.02528	0.14246	0.18769	0.04868	0.01745	0.02265	0.01231	0.01516	0.01019	0.00722	0.00747	0.00213	0.04809	0.00578	0.00385	0.00958
17	0.01278	0.00998	0.01187	0.01100	0.01348	0.01018	0.00836	0.02095	0.19101	0.03035	0.48767	0.04993	0.08385	0.01430	0.00863	0.00244	0.00422	0.01247	0.00813	0.00839
18	0.02883	0.02125	0.02276	0.01745	0.02352	0.02352	0.01442	0.66082	0.03566	0.04780	0.01821	0.01821	0.01290	0.00911	0.00759	0.00228	0.00835	0.00683	0.00759	0.01290
19	0.01432	0.01348	0.02275	0.71520	0.05224	0.01685	0.02107	0.01938	0.01517	0.01938	0.01348	0.02022	0.01011	0.00758	0.00758	0.00253	0.01011	0.00674	0.00337	0.00843
