[name]
unknown

[dist]
# distance from previous block
# <min> <max>
28	119

[block]
# block no. 0 follows, 26 sequences, length 32
# corresponding to MSA columns:
# 143-174
name=unknown_A
#
# <colnr> <probs for GDERKNQSTAVLIFYWHMCP>
#	G	D	E	R	K	N	Q	S	T	A	V	L	I	F	Y	W	H	M	C	P
0	0.01642	0.30567	0.18430	0.01580	0.02131	0.02147	0.01622	0.02030	0.01428	0.01929	0.01341	0.01772	0.01184	0.01911	0.16758	0.00446	0.11249	0.00571	0.00343	0.00920
1	0.01677	0.09482	0.05926	0.01487	0.01831	0.09666	0.03683	0.03724	0.03291	0.05774	0.02131	0.02670	0.05633	0.05512	0.28768	0.00643	0.06050	0.00762	0.00454	0.00838
2	0.04028	0.07963	0.01942	0.01491	0.01979	0.01925	0.01199	0.09174	0.46573	0.07094	0.02641	0.02473	0.01975	0.00945	0.00725	0.00236	0.00640	0.00762	0.00715	0.05520
3	0.01613	0.07702	0.01784	0.01139	0.01811	0.01186	0.00934	0.01942	0.01570	0.02411	0.01322	0.01542	0.01110	0.00569	0.00555	0.00117	0.00584	0.00446	0.00438	0.71226
4	0.01623	0.01971	0.10109	0.07987	0.06414	0.01696	0.42548	0.02207	0.01740	0.02385	0.05631	0.08415	0.01814	0.00864	0.00868	0.00256	0.01099	0.00974	0.00428	0.00973
5	0.00992	0.00725	0.00938	0.01048	0.01145	0.00658	0.00707	0.01134	0.01442	0.01955	0.03825	0.62548	0.04541	0.06450	0.01105	0.00316	0.00468	0.01944	0.00667	0.07392
6	0.02028	0.73799	0.03975	0.01298	0.01947	0.03001	0.01298	0.02271	0.01541	0.01785	0.01055	0.01217	0.00973	0.00649	0.00487	0.00162	0.00811	0.00406	0.00324	0.00973
7	0.01118	0.00858	0.01261	0.01242	0.01362	0.01017	0.00962	0.01368	0.01209	0.01748	0.01991	0.03015	0.01892	0.09254	0.62615	0.01140	0.06048	0.00820	0.00405	0.00674
8	0.01946	0.01925	0.02694	0.08321	0.46094	0.08730	0.02030	0.02668	0.13137	0.02500	0.01684	0.02001	0.01360	0.00753	0.00748	0.00230	0.00903	0.00688	0.00443	0.01145
9	0.02081	0.21524	0.04585	0.01932	0.07902	0.22649	0.01500	0.02444	0.05359	0.01967	0.01334	0.01668	0.01165	0.01323	0.07831	0.00317	0.12541	0.00566	0.00383	0.00930
10	0.01516	0.01288	0.01512	0.01118	0.01736	0.00976	0.00882	0.01835	0.01562	0.02425	0.01597	0.07824	0.01465	0.00721	0.00597	0.00130	0.00551	0.00599	0.00472	0.71195
11	0.01704	0.01796	0.02405	0.22912	0.03197	0.13128	0.11741	0.02060	0.01538	0.01937	0.01417	0.02096	0.01218	0.04340	0.11147	0.00415	0.15032	0.00712	0.00367	0.00836
12	0.01318	0.00659	0.00988	0.00988	0.00988	0.00659	0.00659	0.00988	0.00988	0.01318	0.01318	0.02306	0.01318	0.02635	0.02964	0.77931	0.00659	0.00659	0.00329	0.00329
13	0.01414	0.00707	0.00707	0.00707	0.00884	0.00707	0.00530	0.01767	0.01591	0.02828	0.02474	0.02828	0.01944	0.00884	0.00530	0.00177	0.00353	0.00707	0.77554	0.00707
14	0.01647	0.01662	0.02296	0.26959	0.03173	0.06070	0.01809	0.01936	0.01347	0.01868	0.01133	0.01773	0.01000	0.01091	0.01762	0.00295	0.42348	0.00657	0.00337	0.00837
15	0.02119	0.01659	0.01843	0.04588	0.02117	0.01768	0.01209	0.28828	0.18236	0.03503	0.03965	0.04488	0.01869	0.05784	0.00945	0.00252	0.00706	0.00775	0.00669	0.14677
16	0.01143	0.00883	0.01101	0.01057	0.01303	0.00751	0.00754	0.01354	0.01542	0.02187	0.09517	0.41662	0.03946	0.04861	0.00965	0.00261	0.00482	0.01515	0.00629	0.24088
17	0.14224	0.01930	0.02276	0.11072	0.15849	0.08418	0.04157	0.18148	0.08641	0.03106	0.01586	0.01826	0.01220	0.00816	0.00775	0.00236	0.03491	0.00644	0.00519	0.01067
18	0.00921	0.00673	0.00867	0.01023	0.01091	0.00619	0.00689	0.01060	0.01484	0.01949	0.04583	0.65313	0.12292	0.02324	0.00960	0.00302	0.00434	0.02092	0.00704	0.00619
19	0.02003	0.01559	0.01863	0.03542	0.02080	0.01650	0.04009	0.16452	0.23074	0.07640	0.08352	0.02833	0.06120	0.01018	0.00830	0.00230	0.03466	0.00835	0.00690	0.11754
20	0.02836	0.03549	0.02155	0.01945	0.02345	0.67274	0.01464	0.05835	0.02213	0.01987	0.01201	0.01388	0.00991	0.00787	0.00687	0.00197	0.01344	0.00497	0.00407	0.00898
21	0.78701	0.01467	0.01115	0.00997	0.01467	0.01702	0.00821	0.02230	0.01291	0.03403	0.01056	0.01232	0.00821	0.00704	0.00469	0.00235	0.00587	0.00411	0.00469	0.00821
22	0.01680	0.08936	0.57700	0.02040	0.03049	0.01837	0.02541	0.02449	0.01614	0.06419	0.01424	0.01635	0.01019	0.00752	0.00775	0.00238	0.03858	0.00565	0.00359	0.01109
23	0.01287	0.00836	0.01075	0.01021	0.01249	0.00762	0.00798	0.01613	0.02036	0.09062	0.44795	0.05987	0.15406	0.01618	0.00902	0.00255	0.00433	0.09303	0.00808	0.00757
24	0.02012	0.06093	0.01906	0.01532	0.01995	0.01982	0.01221	0.13262	0.51226	0.03293	0.02932	0.02735	0.04397	0.01019	0.00757	0.00247	0.00641	0.00829	0.00740	0.01181
25	0.01414	0.00707	0.00707	0.00707	0.00884	0.00707	0.00530	0.01767	0.01591	0.02828	0.02474	0.02828	0.01944	0.00884	0.00530	0.00177	0.00353	0.00707	0.77554	0.00707
26	0.01767	0.01566	0.02151	0.17228	0.02700	0.01954	0.03399	0.12797	0.06595	0.02434	0.01544	0.02199	0.01337	0.07416	0.04359	0.00358	0.28104	0.00734	0.00453	0.00906
27	0.02831	0.02094	0.02248	0.01720	0.02330	0.02299	0.01420	0.63527	0.03487	0.04688	0.01802	0.01811	0.01283	0.00897	0.00751	0.00223	0.00824	0.00674	0.00746	0.04344
28	0.01610	0.01313	0.01542	0.01141	0.01765	0.01018	0.00904	0.01988	0.03597	0.04911	0.01635	0.06012	0.01426	0.00701	0.00600	0.00133	0.00559	0.00578	0.00493	0.68074
29	0.01392	0.01294	0.02165	0.65963	0.04899	0.01601	0.01996	0.01868	0.01512	0.01938	0.01572	0.07608	0.01327	0.00886	0.00775	0.00257	0.00966	0.00791	0.00366	0.00825
30	0.70875	0.01465	0.01206	0.01061	0.01518	0.01693	0.00875	0.02300	0.01338	0.07256	0.01169	0.01331	0.00892	0.00745	0.00574	0.00239	0.03680	0.00443	0.00491	0.00850
31	0.52517	0.01392	0.01406	0.18084	0.02368	0.01613	0.01129	0.02099	0.01408	0.02993	0.05249	0.01707	0.01266	0.00764	0.00569	0.00235	0.00675	0.00535	0.00459	0.03533

[dist]
# distance from previous block
# <min> <max>
0	1

[block]
# block no. 1 follows, 26 sequences, length 141
# corresponding to MSA columns:
# 176-316
name=unknown_B
#
# <colnr> <probs for GDERKNQSTAVLIFYWHMCP>
#	G	D	E	R	K	N	Q	S	T	A	V	L	I	F	Y	W	H	M	C	P
0	0.08364	0.02034	0.01884	0.07090	0.02244	0.22308	0.01315	0.05287	0.01958	0.23908	0.04316	0.02092	0.01552	0.01169	0.04585	0.00285	0.07353	0.00659	0.00596	0.01000
1	0.01286	0.01105	0.01588	0.01472	0.01554	0.01419	0.01175	0.01508	0.01194	0.01770	0.01685	0.02607	0.01620	0.07195	0.43636	0.00887	0.26422	0.00774	0.00383	0.00721
2	0.04550	0.01427	0.02280	0.53188	0.04440	0.01733	0.05053	0.06663	0.01640	0.02214	0.01404	0.02017	0.01081	0.01069	0.04806	0.00309	0.04190	0.00683	0.00379	0.00874
3	0.12400	0.02146	0.02096	0.01660	0.02224	0.07924	0.01356	0.50207	0.05786	0.04296	0.01723	0.01751	0.01247	0.00879	0.00717	0.00227	0.00838	0.00640	0.00692	0.01193
4	0.02056	0.01690	0.01857	0.04310	0.02154	0.01942	0.01297	0.18908	0.42769	0.03405	0.02691	0.04824	0.02105	0.01072	0.00846	0.00257	0.03326	0.02596	0.00731	0.01163
5	0.00960	0.00717	0.01028	0.01144	0.01218	0.00670	0.03390	0.01113	0.01466	0.01957	0.04072	0.69929	0.04857	0.02305	0.00965	0.00306	0.00475	0.02104	0.00691	0.00633
6	0.78701	0.01467	0.01115	0.00997	0.01467	0.01702	0.00821	0.02230	0.01291	0.03403	0.01056	0.01232	0.00821	0.00704	0.00469	0.00235	0.00587	0.00411	0.00469	0.00821
7	0.01923	0.01647	0.01736	0.01551	0.01986	0.01904	0.01209	0.06296	0.64916	0.03232	0.03041	0.02793	0.02278	0.01025	0.00771	0.00256	0.00609	0.00851	0.00771	0.01204
8	0.01441	0.01359	0.02277	0.68997	0.05107	0.01708	0.02090	0.01934	0.01504	0.01934	0.01335	0.02009	0.01011	0.00779	0.00821	0.00256	0.03585	0.00674	0.00337	0.00842
9	0.01414	0.00707	0.00707	0.00707	0.00884	0.00707	0.00530	0.01767	0.01591	0.02828	0.02474	0.02828	0.01944	0.00884	0.00530	0.00177	0.00353	0.00707	0.77554	0.00707
10	0.03887	0.05697	0.38873	0.02215	0.08781	0.04522	0.06129	0.04745	0.01732	0.05422	0.01752	0.06907	0.01476	0.00903	0.00751	0.00244	0.00996	0.03486	0.00424	0.01059
11	0.01100	0.00786	0.01082	0.01257	0.01379	0.00768	0.01010	0.01360	0.01626	0.02133	0.04083	0.34880	0.04632	0.02210	0.01015	0.00332	0.00593	0.38387	0.00701	0.00665
12	0.02490	0.01941	0.02179	0.03889	0.07191	0.02163	0.01458	0.42275	0.21127	0.04082	0.02132	0.02112	0.01561	0.00922	0.00762	0.00236	0.00779	0.00731	0.00722	0.01246
13	0.01414	0.00707	0.00707	0.00707	0.00884	0.00707	0.00530	0.01767	0.01591	0.02828	0.02474	0.02828	0.01944	0.00884	0.00530	0.00177	0.00353	0.00707	0.77554	0.00707
14	0.01954	0.65735	0.08990	0.01353	0.02022	0.02823	0.01395	0.02252	0.01567	0.01878	0.03467	0.01405	0.01192	0.00687	0.00520	0.00171	0.00819	0.00452	0.00342	0.00976
15	0.01468	0.01399	0.02359	0.61673	0.04855	0.01705	0.05167	0.01955	0.01513	0.01977	0.01338	0.01986	0.01022	0.00776	0.00851	0.00252	0.04845	0.00676	0.00343	0.03841
16	0.78701	0.01467	0.01115	0.00997	0.01467	0.01702	0.00821	0.02230	0.01291	0.03403	0.01056	0.01232	0.00821	0.00704	0.00469	0.00235	0.00587	0.00411	0.00469	0.00821
17	0.01204	0.00912	0.01298	0.01257	0.01405	0.01066	0.00976	0.04861	0.01338	0.01911	0.01999	0.02972	0.01874	0.08867	0.60392	0.01105	0.04616	0.00815	0.00425	0.00705
18	0.01600	0.01537	0.02662	0.45505	0.26314	0.01737	0.05629	0.02095	0.01602	0.02145	0.01384	0.01975	0.01082	0.00724	0.00763	0.00244	0.00989	0.00687	0.00352	0.00972
19	0.00965	0.00715	0.00991	0.06678	0.01429	0.00701	0.00816	0.01127	0.01457	0.01936	0.03955	0.67197	0.04697	0.02247	0.00951	0.00304	0.00486	0.02038	0.00675	0.00634
20	0.00942	0.00708	0.00875	0.00978	0.01097	0.00641	0.00686	0.01121	0.01612	0.02099	0.12233	0.46071	0.22107	0.02155	0.00943	0.00288	0.00423	0.03667	0.00719	0.00636
21	0.78701	0.01467	0.01115	0.00997	0.01467	0.01702	0.00821	0.02230	0.01291	0.03403	0.01056	0.01232	0.00821	0.00704	0.00469	0.00235	0.00587	0.00411	0.00469	0.00821
22	0.01489	0.01413	0.02396	0.59639	0.09744	0.01668	0.04903	0.01988	0.01548	0.02029	0.01362	0.01988	0.01038	0.00736	0.00753	0.00243	0.00990	0.00672	0.00348	0.05051
23	0.02208	0.01783	0.04753	0.22289	0.05211	0.01888	0.01631	0.31234	0.04863	0.06963	0.01880	0.06001	0.01469	0.00929	0.00763	0.00238	0.00849	0.00762	0.00602	0.03686
24	0.02802	0.02007	0.02176	0.01691	0.02270	0.02204	0.01388	0.57936	0.05889	0.08096	0.02019	0.04479	0.01497	0.00970	0.00767	0.00232	0.00801	0.00747	0.00767	0.01262
25	0.00981	0.00761	0.00893	0.00882	0.01082	0.00673	0.00653	0.01244	0.01896	0.02498	0.35369	0.12837	0.33919	0.01793	0.00902	0.00253	0.00377	0.01548	0.00765	0.00673
26	0.01760	0.01956	0.04112	0.05398	0.03783	0.01893	0.56718	0.02426	0.04297	0.02413	0.01641	0.02254	0.01281	0.00729	0.00952	0.00261	0.03973	0.02742	0.00404	0.01006
27	0.01414	0.00707	0.00707	0.00707	0.00884	0.00707	0.00530	0.01767	0.01591	0.02828	0.02474	0.02828	0.01944	0.00884	0.00530	0.00177	0.00353	0.00707	0.77554	0.00707
28	0.01030	0.00735	0.01001	0.01177	0.01267	0.00707	0.00887	0.01238	0.01556	0.02054	0.04122	0.50122	0.04786	0.02277	0.00996	0.00323	0.00531	0.23842	0.00702	0.00645
29	0.02428	0.05596	0.01885	0.01318	0.01943	0.01392	0.01087	0.12318	0.04283	0.25392	0.02018	0.01974	0.01436	0.00763	0.00662	0.00179	0.00647	0.00602	0.00666	0.33410
30	0.02689	0.03003	0.02104	0.01847	0.02286	0.45974	0.01418	0.15451	0.12999	0.02639	0.01610	0.01693	0.01255	0.00847	0.00713	0.00212	0.01140	0.00586	0.00524	0.01011
31	0.01432	0.01348	0.02275	0.71520	0.05224	0.01685	0.02107	0.01938	0.01517	0.01938	0.01348	0.02022	0.01011	0.00758	0.00758	0.00253	0.01011	0.00674	0.00337	0.00843
32	0.01440	0.01313	0.02142	0.62108	0.04720	0.01609	0.01947	0.04347	0.01590	0.02048	0.01636	0.08749	0.01403	0.00918	0.00778	0.00257	0.00950	0.00815	0.00388	0.00838
33	0.01318	0.00659	0.00988	0.00988	0.00988	0.00659	0.00659	0.00988	0.00988	0.01318	0.01318	0.02306	0.01318	0.02635	0.02964	0.77931	0.00659	0.00659	0.00329	0.00329
34	0.02883	0.02125	0.02276	0.01745	0.02352	0.02352	0.01442	0.66082	0.03566	0.04780	0.01821	0.01821	0.01290	0.00911	0.00759	0.00228	0.00835	0.00683	0.00759	0.01290
35	0.75900	0.01460	0.01139	0.01011	0.01484	0.01680	0.00832	0.02284	0.01324	0.05849	0.01128	0.01282	0.00861	0.00713	0.00480	0.00235	0.00589	0.00424	0.00487	0.00839
36	0.01963	0.01631	0.01738	0.01538	0.01973	0.01856	0.01215	0.12994	0.51891	0.03322	0.03116	0.03151	0.04655	0.01101	0.00789	0.00258	0.00633	0.04248	0.00763	0.01166
37	0.06638	0.01364	0.01760	0.01351	0.01939	0.01228	0.01114	0.08208	0.02204	0.57764	0.02729	0.02410	0.01745	0.00906	0.00738	0.00228	0.00652	0.00724	0.00878	0.05419
38	0.01244	0.01045	0.01448	0.01351	0.01431	0.01287	0.01050	0.01443	0.01287	0.01857	0.07167	0.06323	0.04862	0.13198	0.29621	0.00733	0.22571	0.00941	0.00449	0.00691
39	0.01414	0.00707	0.00707	0.00707	0.00884	0.00707	0.00530	0.01767	0.01591	0.02828	0.02474	0.02828	0.01944	0.00884	0.00530	0.00177	0.00353	0.00707	0.77554	0.00707
40	0.01432	0.01348	0.02275	0.71520	0.05224	0.01685	0.02107	0.01938	0.01517	0.01938	0.01348	0.02022	0.01011	0.00758	0.00758	0.00253	0.01011	0.00674	0.00337	0.00843
41	0.01692	0.01698	0.03171	0.19459	0.29185	0.01734	0.21538	0.02206	0.01717	0.02357	0.04499	0.02331	0.01502	0.00765	0.00812	0.00245	0.01011	0.02651	0.00399	0.01027
42	0.01094	0.00843	0.01080	0.01174	0.03848	0.00782	0.00888	0.01400	0.01876	0.02470	0.26846	0.06919	0.25469	0.01800	0.00936	0.00277	0.00491	0.20367	0.00734	0.00705
43	0.01432	0.01348	0.02275	0.71520	0.05224	0.01685	0.02107	0.01938	0.01517	0.01938	0.01348	0.02022	0.01011	0.00758	0.00758	0.00253	0.01011	0.00674	0.00337	0.00843
44	0.01414	0.00707	0.00707	0.00707	0.00884	0.00707	0.00530	0.01767	0.01591	0.02828	0.02474	0.02828	0.01944	0.00884	0.00530	0.00177	0.00353	0.00707	0.77554	0.00707
45	0.01683	0.01656	0.02317	0.13785	0.02596	0.04554	0.04495	0.04524	0.01384	0.01980	0.01199	0.01891	0.01106	0.03899	0.03939	0.00345	0.46753	0.00690	0.00362	0.00844
46	0.01103	0.00806	0.01039	0.00976	0.01163	0.00758	0.00733	0.01525	0.04495	0.03046	0.65862	0.05564	0.06982	0.01532	0.00890	0.00239	0.00367	0.01353	0.00833	0.00733
47	0.00924	0.00660	0.00880	0.01056	0.01100	0.00616	0.00704	0.01056	0.01452	0.01936	0.04181	0.72848	0.05017	0.02376	0.00968	0.00308	0.00440	0.02156	0.00704	0.00616
48	0.01796	0.01534	0.01841	0.01364	0.01977	0.03254	0.03934	0.07714	0.01765	0.04604	0.01418	0.01646	0.01149	0.00668	0.00740	0.00151	0.05691	0.00516	0.00479	0.57760
49	0.01023	0.00772	0.01000	0.01106	0.01188	0.00772	0.00771	0.01290	0.05077	0.02113	0.10569	0.57207	0.06709	0.02160	0.01016	0.00298	0.03630	0.01924	0.00704	0.00668
50	0.00916	0.00769	0.00795	0.00789	0.01036	0.00649	0.00592	0.01126	0.01775	0.02158	0.14350	0.07120	0.61570	0.01880	0.00896	0.00254	0.00381	0.01576	0.00719	0.00649
51	0.01575	0.07121	0.02129	0.01520	0.01965	0.01429	0.09791	0.03635	0.01490	0.02162	0.01467	0.02053	0.01311	0.05405	0.10476	0.06638	0.09018	0.00637	0.00411	0.29768
52	0.01612	0.01609	0.02426	0.02032	0.02125	0.02136	0.08141	0.01837	0.01232	0.01880	0.01161	0.01839	0.01107	0.01721	0.09536	0.00418	0.57305	0.00703	0.00345	0.00833
53	0.78701	0.01467	0.01115	0.00997	0.01467	0.01702	0.00821	0.02230	0.01291	0.03403	0.01056	0.01232	0.00821	0.00704	0.00469	0.00235	0.00587	0.00411	0.00469	0.00821
54	0.01730	0.01443	0.01963	0.34313	0.03478	0.01696	0.01633	0.05397	0.25698	0.05533	0.02290	0.02856	0.01806	0.00978	0.00787	0.00260	0.00812	0.05759	0.00569	0.01001
55	0.01076	0.00800	0.01178	0.01188	0.01311	0.00918	0.00907	0.01324	0.01225	0.01754	0.02168	0.06873	0.02114	0.09376	0.62786	0.01142	0.01872	0.00902	0.00425	0.00661
56	0.02241	0.01784	0.01986	0.01665	0.02099	0.02072	0.01340	0.24187	0.34692	0.05971	0.02377	0.02326	0.01779	0.01028	0.01004	0.00257	0.10527	0.00770	0.00713	0.01182
57	0.01414	0.00707	0.00707	0.00707	0.00884	0.00707	0.00530	0.01767	0.01591	0.02828	0.02474	0.02828	0.01944	0.00884	0.00530	0.00177	0.00353	0.00707	0.77554	0.00707
58	0.02105	0.01805	0.01834	0.01597	0.02056	0.04994	0.01255	0.14977	0.53085	0.03399	0.02778	0.02587	0.02075	0.00997	0.00766	0.00249	0.00676	0.00810	0.00753	0.01202
59	0.01787	0.13659	0.03319	0.21982	0.03608	0.04400	0.23935	0.04606	0.01666	0.02172	0.01329	0.01820	0.01061	0.00782	0.00992	0.00247	0.10626	0.00699	0.00368	0.00943
60	0.56815	0.04771	0.01467	0.01157	0.01644	0.01854	0.00955	0.15226	0.01759	0.03538	0.01264	0.01497	0.00999	0.03565	0.00661	0.00249	0.00653	0.00493	0.00522	0.00910
61	0.01090	0.00748	0.00900	0.00893	0.00943	0.00745	0.00561	0.01192	0.01346	0.01843	0.16476	0.06901	0.03693	0.50496	0.08520	0.00656	0.00751	0.01167	0.00543	0.00536
62	0.01270	0.01069	0.06019	0.01207	0.01451	0.00894	0.01015	0.01682	0.04732	0.05763	0.26471	0.15836	0.04816	0.06061	0.03626	0.00340	0.00612	0.15665	0.00711	0.00759
63	0.01081	0.00780	0.01024	0.00976	0.01155	0.00723	0.00741	0.01438	0.02127	0.03004	0.65058	0.05808	0.07020	0.01577	0.00902	0.00244	0.00375	0.04424	0.00828	0.00715
64	0.05820	0.63286	0.03663	0.01349	0.01946	0.06494	0.01300	0.02290	0.01544	0.01870	0.01058	0.01245	0.00967	0.00689	0.00586	0.00175	0.04005	0.00422	0.00335	0.00955
65	0.02883	0.02125	0.02276	0.01745	0.02352	0.02352	0.01442	0.66082	0.03566	0.04780	0.01821	0.01821	0.01290	0.00911	0.00759	0.00228	0.00835	0.00683	0.00759	0.01290
66	0.01432	0.01348	0.02275	0.71520	0.05224	0.01685	0.02107	0.01938	0.01517	0.01938	0.01348	0.02022	0.01011	0.00758	0.00758	0.00253	0.01011	0.00674	0.00337	0.00843
67	0.01414	0.00707	0.00707	0.00707	0.00884	0.00707	0.00530	0.01767	0.01591	0.02828	0.02474	0.02828	0.01944	0.00884	0.00530	0.00177	0.00353	0.00707	0.77554	0.00707
68	0.02014	0.61747	0.11593	0.01423	0.02126	0.02821	0.01483	0.05688	0.01656	0.02017	0.01132	0.01294	0.00989	0.00671	0.00529	0.00175	0.00849	0.00439	0.00347	0.01008
69	0.01093	0.00773	0.01019	0.01019	0.01086	0.00840	0.00699	0.01226	0.01160	0.01613	0.02214	0.03991	0.02335	0.40171	0.36455	0.00973	0.01371	0.00961	0.00433	0.00566
70	0.01734	0.01470	0.01598	0.04142	0.01943	0.01663	0.01141	0.06169	0.49321	0.03020	0.06354	0.07281	0.08488	0.01193	0.00799	0.00258	0.00587	0.01006	0.00747	0.01085
71	0.01414	0.00707	0.00707	0.00707	0.00884	0.00707	0.00530	0.01767	0.01591	0.02828	0.02474	0.02828	0.01944	0.00884	0.00530	0.00177	0.00353	0.00707	0.77554	0.00707
72	0.02024	0.18252	0.07759	0.08186	0.02290	0.13240	0.01408	0.07657	0.04487	0.06677	0.01802	0.02274	0.03498	0.09435	0.03620	0.00314	0.05016	0.00671	0.00464	0.00926
73	0.01698	0.01625	0.07242	0.01415	0.02102	0.01215	0.06432	0.04494	0.03667	0.05179	0.03939	0.01849	0.01404	0.00658	0.00635	0.00152	0.00673	0.00562	0.00488	0.54570
74	0.78701	0.01467	0.01115	0.00997	0.01467	0.01702	0.00821	0.02230	0.01291	0.03403	0.01056	0.01232	0.00821	0.00704	0.00469	0.00235	0.00587	0.00411	0.00469	0.00821
75	0.01107	0.00848	0.01265	0.01251	0.01381	0.01005	0.00977	0.01374	0.01217	0.01763	0.01989	0.02925	0.01859	0.05509	0.67540	0.01182	0.04914	0.00807	0.00403	0.00684
76	0.01572	0.01613	0.03061	0.43481	0.04603	0.01802	0.24787	0.02107	0.01595	0.02107	0.01396	0.02011	0.01060	0.00746	0.00899	0.00258	0.04888	0.00752	0.00353	0.00906
77	0.00931	0.00753	0.00811	0.00847	0.01047	0.00654	0.00617	0.01106	0.01640	0.01999	0.06572	0.17644	0.50530	0.07244	0.01132	0.00304	0.00433	0.04426	0.00686	0.00626
78	0.01521	0.03923	0.69413	0.02162	0.03283	0.01762	0.02802	0.02402	0.01601	0.02402	0.01361	0.01601	0.00961	0.00721	0.00721	0.00240	0.01121	0.00560	0.00320	0.01121
79	0.72883	0.01587	0.03811	0.01071	0.01570	0.01728	0.00921	0.04612	0.01388	0.03416	0.01096	0.01268	0.00844	0.00712	0.00490	0.00235	0.00617	0.00427	0.00474	0.00851
80	0.01713	0.31410	0.37896	0.01817	0.02693	0.02223	0.04572	0.02304	0.01568	0.02130	0.01276	0.01528	0.01015	0.00912	0.03753	0.00254	0.01045	0.00523	0.00328	0.01039
81	0.01582	0.01557	0.02380	0.26782	0.03225	0.02039	0.04672	0.01895	0.01328	0.01912	0.01156	0.01803	0.01012	0.01071	0.01744	0.00294	0.41397	0.00671	0.00340	0.03140
82	0.02162	0.01634	0.01826	0.01516	0.01945	0.01821	0.01212	0.35447	0.14271	0.03640	0.05910	0.02602	0.01999	0.05462	0.14543	0.00453	0.00995	0.00799	0.00682	0.01080
83	0.01432	0.01348	0.02275	0.71520	0.05224	0.01685	0.02107	0.01938	0.01517	0.01938	0.01348	0.02022	0.01011	0.00758	0.00758	0.00253	0.01011	0.00674	0.00337	0.00843
84	0.01586	0.01343	0.01444	0.01348	0.01700	0.01486	0.01047	0.03089	0.45237	0.02850	0.06924	0.07244	0.14537	0.01344	0.00827	0.00265	0.00551	0.05404	0.00755	0.01019
85	0.01414	0.00707	0.00707	0.00707	0.00884	0.00707	0.00530	0.01767	0.01591	0.02828	0.02474	0.02828	0.01944	0.00884	0.00530	0.00177	0.00353	0.00707	0.77554	0.00707
86	0.01452	0.01595	0.05638	0.02347	0.02855	0.01420	0.38775	0.01909	0.01655	0.02242	0.02528	0.28798	0.02605	0.01299	0.00916	0.00275	0.00956	0.01359	0.00502	0.00873
87	0.01737	0.04998	0.25893	0.07237	0.05256	0.01826	0.01948	0.04519	0.05339	0.05332	0.01455	0.01761	0.01134	0.00868	0.01099	0.00241	0.16901	0.00606	0.00412	0.11437
88	0.36467	0.09071	0.07954	0.15129	0.05117	0.01902	0.01425	0.07734	0.04157	0.02936	0.01299	0.01555	0.00999	0.00740	0.00598	0.00231	0.00774	0.00526	0.00448	0.00937
89	0.76451	0.01462	0.01134	0.01008	0.01481	0.01684	0.00830	0.02273	0.01317	0.05367	0.01114	0.01273	0.00853	0.00711	0.00478	0.00235	0.00589	0.00421	0.00483	0.00835
90	0.02371	0.01833	0.02293	0.08084	0.09057	0.01998	0.04930	0.37135	0.09943	0.06153	0.02075	0.07004	0.01647	0.00977	0.00782	0.00240	0.00820	0.00819	0.00669	0.01171
91	0.01318	0.00659	0.00988	0.00988	0.00988	0.00659	0.00659	0.00988	0.00988	0.01318	0.01318	0.02306	0.01318	0.02635	0.02964	0.77931	0.00659	0.00659	0.00329	0.00329
92	0.02790	0.02078	0.02224	0.01726	0.02317	0.02309	0.01419	0.60285	0.09515	0.04630	0.01939	0.01915	0.01386	0.00922	0.00760	0.00230	0.00813	0.00699	0.00760	0.01282
93	0.74660	0.01502	0.01177	0.01037	0.01514	0.01736	0.00855	0.05633	0.01412	0.03477	0.01097	0.01264	0.00846	0.00715	0.00485	0.00234	0.00600	0.00425	0.00485	0.00846
94	0.05131	0.01210	0.01504	0.04985	0.01839	0.01208	0.01042	0.02880	0.16516	0.27107	0.21506	0.03606	0.05891	0.01151	0.00796	0.00243	0.00561	0.00970	0.00813	0.01041
95	0.01633	0.02807	0.33177	0.02588	0.03482	0.01779	0.32994	0.02354	0.01674	0.02389	0.01474	0.01876	0.01099	0.00900	0.03919	0.00288	0.01222	0.00730	0.00358	0.03259
96	0.01573	0.01348	0.01573	0.01123	0.01798	0.01011	0.00899	0.01910	0.01573	0.02472	0.01348	0.01573	0.01123	0.00562	0.00562	0.00112	0.00562	0.00449	0.00449	0.77980
97	0.01514	0.04446	0.14708	0.01418	0.01904	0.04101	0.01319	0.02557	0.24857	0.02662	0.14501	0.05766	0.14677	0.01232	0.00797	0.00246	0.00655	0.01027	0.00649	0.00965
98	0.01414	0.00707	0.00707	0.00707	0.00884	0.00707	0.00530	0.01767	0.01591	0.02828	0.02474	0.02828	0.01944	0.00884	0.00530	0.00177	0.00353	0.00707	0.77554	0.00707
99	0.02515	0.01854	0.10538	0.01552	0.02138	0.01613	0.01391	0.21697	0.11080	0.24670	0.08122	0.05079	0.02213	0.01019	0.00776	0.00239	0.00724	0.00829	0.00766	0.01183
100	0.02028	0.73799	0.03975	0.01298	0.01947	0.03001	0.01298	0.02271	0.01541	0.01785	0.01055	0.01217	0.00973	0.00649	0.00487	0.00162	0.00811	0.00406	0.00324	0.00973
101	0.01640	0.01482	0.01891	0.08821	0.02221	0.01851	0.01422	0.02644	0.27516	0.02407	0.02254	0.05493	0.01965	0.01441	0.04465	0.00334	0.25229	0.05419	0.00552	0.00954
102	0.01918	0.58645	0.18167	0.01485	0.02237	0.02732	0.01624	0.02300	0.01554	0.01918	0.01121	0.01300	0.00971	0.00664	0.00537	0.00179	0.00878	0.00439	0.00324	0.01005
103	0.01648	0.01393	0.01613	0.01159	0.01829	0.01088	0.00930	0.05577	0.01687	0.02604	0.01375	0.01587	0.01133	0.00582	0.00573	0.00119	0.00577	0.00463	0.00467	0.73598
104	0.01573	0.01348	0.01573	0.01123	0.01798	0.01011	0.00899	0.01910	0.01573	0.02472	0.01348	0.01573	0.01123	0.00562	0.00562	0.00112	0.00562	0.00449	0.00449	0.77980
105	0.01826	0.01736	0.02950	0.06795	0.62790	0.01748	0.02260	0.02273	0.01721	0.02448	0.01564	0.02244	0.01366	0.00755	0.00767	0.00233	0.00894	0.04075	0.00392	0.01162
106	0.00902	0.00747	0.00790	0.00825	0.01039	0.00636	0.00601	0.01082	0.01675	0.02027	0.06998	0.20133	0.55914	0.02010	0.00910	0.00266	0.00395	0.01710	0.00704	0.00636
107	0.01841	0.01783	0.03095	0.09393	0.60601	0.01800	0.05698	0.02305	0.01715	0.02437	0.01427	0.01897	0.01185	0.00680	0.00759	0.00229	0.00929	0.00687	0.00373	0.01166
108	0.01414	0.00707	0.00707	0.00707	0.00884	0.00707	0.00530	0.01767	0.01591	0.02828	0.02474	0.02828	0.01944	0.00884	0.00530	0.00177	0.00353	0.00707	0.77554	0.00707
109	0.01573	0.01348	0.01573	0.01123	0.01798	0.01011	0.00899	0.01910	0.01573	0.02472	0.01348	0.01573	0.01123	0.00562	0.00562	0.00112	0.00562	0.00449	0.00449	0.77980
110	0.01243	0.01000	0.01309	0.07660	0.01788	0.00899	0.00964	0.01518	0.01543	0.02190	0.05209	0.29038	0.03131	0.01688	0.04216	0.00279	0.00635	0.07037	0.00569	0.28083
111	0.02883	0.02125	0.02276	0.01745	0.02352	0.02352	0.01442	0.66082	0.03566	0.04780	0.01821	0.01821	0.01290	0.00911	0.00759	0.00228	0.00835	0.00683	0.00759	0.01290
112	0.01475	0.01391	0.02351	0.65175	0.11239	0.01696	0.02128	0.01975	0.01537	0.01989	0.01356	0.02008	0.01029	0.00751	0.00758	0.00250	0.01001	0.00674	0.00341	0.00877
113	0.01015	0.00864	0.03962	0.01037	0.01206	0.00713	0.00792	0.01286	0.01790	0.02459	0.32891	0.34647	0.10697	0.01900	0.00919	0.00270	0.00429	0.01693	0.00746	0.00685
114	0.01821	0.01745	0.02977	0.13099	0.60607	0.01787	0.02300	0.02279	0.01701	0.02410	0.01417	0.01896	0.01177	0.00686	0.00752	0.00229	0.00915	0.00676	0.00371	0.01156
115	0.01141	0.00790	0.01005	0.00943	0.01130	0.00724	0.00699	0.01457	0.02038	0.05133	0.56002	0.05653	0.12028	0.06625	0.01099	0.00275	0.00397	0.01352	0.00801	0.00711
116	0.03403	0.01291	0.01760	0.01350	0.01936	0.01115	0.01115	0.03697	0.02171	0.69137	0.02992	0.02582	0.01878	0.00939	0.00763	0.00235	0.00645	0.00763	0.00939	0.01291
117	0.01700	0.11270	0.53404	0.02106	0.03118	0.01875	0.07591	0.02460	0.01641	0.05947	0.01430	0.01648	0.01027	0.00718	0.00711	0.00233	0.01074	0.00581	0.00359	0.01106
118	0.01584	0.01385	0.01728	0.01234	0.01913	0.01059	0.04361	0.01938	0.01584	0.02469	0.01358	0.01598	0.01125	0.00566	0.00580	0.00120	0.00600	0.00473	0.00446	0.73878
119	0.74935	0.05020	0.01255	0.01012	0.01490	0.01765	0.00845	0.02232	0.01303	0.03324	0.01056	0.01231	0.00829	0.00701	0.00470	0.00231	0.00598	0.00410	0.00462	0.00829
120	0.01877	0.01802	0.03079	0.04656	0.68612	0.01802	0.02328	0.02328	0.01727	0.02478	0.01427	0.01877	0.01201	0.00676	0.00751	0.00225	0.00901	0.00676	0.00375	0.01201
121	0.00924	0.00660	0.00880	0.01056	0.01100	0.00616	0.00704	0.01056	0.01452	0.01936	0.04181	0.72848	0.05017	0.02376	0.00968	0.00308	0.00440	0.02156	0.00704	0.00616
122	0.01923	0.01647	0.01736	0.01551	0.01986	0.01904	0.01209	0.06296	0.64916	0.03232	0.03041	0.02793	0.02278	0.01025	0.00771	0.00256	0.00609	0.00851	0.00771	0.01204
123	0.02916	0.01180	0.01601	0.01272	0.01769	0.01028	0.01032	0.03214	0.02140	0.55421	0.14069	0.05756	0.02889	0.01097	0.00793	0.00238	0.00589	0.00918	0.00912	0.01168
124	0.01592	0.01413	0.02134	0.32866	0.15732	0.01605	0.01790	0.04679	0.11823	0.02445	0.06198	0.03118	0.02045	0.00999	0.00802	0.00258	0.00842	0.08200	0.00501	0.00956
125	0.01074	0.00775	0.01014	0.00954	0.01133	0.00716	0.00716	0.01431	0.02147	0.03042	0.68211	0.05666	0.07157	0.01551	0.00895	0.00239	0.00358	0.01372	0.00835	0.00716
126	0.02375	0.01860	0.01978	0.01624	0.02141	0.02090	0.01307	0.36320	0.31931	0.03976	0.02572	0.02445	0.03876	0.00996	0.00769	0.00242	0.00716	0.00790	0.00763	0.01229
127	0.01318	0.00659	0.00988	0.00988	0.00988	0.00659	0.00659	0.00988	0.00988	0.01318	0.01318	0.02306	0.01318	0.02635	0.02964	0.77931	0.00659	0.00659	0.00329	0.00329
128	0.01925	0.59549	0.17321	0.01474	0.02219	0.02748	0.01605	0.02298	0.01553	0.01911	0.01117	0.01295	0.00971	0.00664	0.00534	0.00178	0.00874	0.00437	0.00324	0.01003
129	0.01744	0.01377	0.01862	0.23829	0.02936	0.01321	0.01348	0.04060	0.01660	0.08652	0.01507	0.01823	0.01160	0.00696	0.00711	0.00180	0.02990	0.00565	0.00465	0.41115
130	0.01573	0.01348	0.01573	0.01123	0.01798	0.01011	0.00899	0.01910	0.01573	0.02472	0.01348	0.01573	0.01123	0.00562	0.00562	0.00112	0.00562	0.00449	0.00449	0.77980
131	0.01901	0.01181	0.01553	0.01469	0.06284	0.01184	0.01066	0.06946	0.07014	0.18523	0.34728	0.03957	0.04363	0.01248	0.00926	0.00243	0.04607	0.01051	0.00788	0.00969
132	0.02871	0.01212	0.01615	0.01285	0.01785	0.01083	0.01043	0.03283	0.05885	0.52733	0.15465	0.03185	0.02912	0.01061	0.00788	0.00237	0.00588	0.00885	0.00909	0.01176
133	0.01980	0.01714	0.02153	0.07564	0.18014	0.01912	0.01567	0.11571	0.38508	0.03126	0.02399	0.02412	0.01820	0.00910	0.00764	0.00246	0.00733	0.00778	0.00644	0.01186
134	0.02028	0.73799	0.03975	0.01298	0.01947	0.03001	0.01298	0.02271	0.01541	0.01785	0.01055	0.01217	0.00973	0.00649	0.00487	0.00162	0.00811	0.00406	0.00324	0.00973
135	0.01931	0.01652	0.01740	0.01553	0.01989	0.01907	0.01211	0.06810	0.64389	0.03245	0.03030	0.02785	0.02269	0.01024	0.00771	0.00256	0.00611	0.00850	0.00771	0.01205
136	0.03299	0.01355	0.01788	0.01382	0.01962	0.01223	0.01138	0.07278	0.05447	0.62219	0.02930	0.02550	0.01866	0.00942	0.00763	0.00235	0.00654	0.00763	0.00920	0.01286
137	0.06438	0.64071	0.03672	0.01334	0.01940	0.06212	0.01290	0.02293	0.01545	0.01882	0.01059	0.01238	0.00966	0.00679	0.00555	0.00173	0.02944	0.00418	0.00336	0.00956
138	0.01709	0.01601	0.02596	0.14049	0.45530	0.01640	0.01999	0.02237	0.05255	0.02445	0.05340	0.02380	0.04541	0.00804	0.00758	0.00228	0.00833	0.00753	0.00434	0.04867
139	0.02378	0.01725	0.01982	0.05381	0.02229	0.01930	0.01340	0.35639	0.11655	0.08918	0.02148	0.02549	0.01691	0.05906	0.03788	0.00317	0.05279	0.03334	0.00690	0.01122
140	0.01092	0.00721	0.00963	0.01072	0.01171	0.00669	0.00751	0.01277	0.01609	0.05700	0.13782	0.56085	0.05144	0.02162	0.00950	0.00295	0.00450	0.04702	0.00736	0.00671

[dist]
# distance from previous block
# <min> <max>
1	2

[block]
# block no. 2 follows, 26 sequences, length 104
# corresponding to MSA columns:
# 319-422
name=unknown_C
#
# <colnr> <probs for GDERKNQSTAVLIFYWHMCP>
#	G	D	E	R	K	N	Q	S	T	A	V	L	I	F	Y	W	H	M	C	P
0	0.01058	0.00768	0.00997	0.00953	0.01127	0.00707	0.00710	0.01397	0.02091	0.02940	0.62230	0.09612	0.09336	0.01612	0.00899	0.00243	0.00364	0.01426	0.00822	0.00707
1	0.01079	0.00870	0.00981	0.01004	0.01226	0.00827	0.00758	0.01544	0.10217	0.02291	0.11912	0.19341	0.35376	0.01874	0.00909	0.00274	0.00451	0.07619	0.00725	0.00721
2	0.01052	0.00833	0.01230	0.18737	0.02135	0.00884	0.01056	0.01277	0.01468	0.01937	0.03470	0.55077	0.04012	0.01970	0.00915	0.00294	0.00583	0.01784	0.00612	0.00673
3	0.01473	0.01489	0.03807	0.01214	0.01492	0.14242	0.00966	0.03849	0.02103	0.02687	0.40197	0.04889	0.13153	0.01420	0.00850	0.00237	0.00615	0.03842	0.00705	0.00771
4	0.74289	0.05629	0.01279	0.01015	0.01494	0.01776	0.00849	0.02232	0.01305	0.03310	0.01056	0.01231	0.00830	0.00701	0.00470	0.00231	0.00600	0.00410	0.00461	0.00830
5	0.01680	0.01746	0.03316	0.02386	0.03092	0.01549	0.40520	0.02193	0.01701	0.02425	0.01575	0.04703	0.01295	0.00681	0.00781	0.00208	0.00994	0.00789	0.00419	0.27946
6	0.07997	0.03372	0.49611	0.04857	0.03168	0.06047	0.07783	0.02398	0.01622	0.02436	0.01338	0.01610	0.00973	0.00713	0.00710	0.00235	0.01086	0.00573	0.00346	0.03125
7	0.01984	0.01592	0.01794	0.01318	0.01972	0.01432	0.01069	0.22038	0.02198	0.03196	0.01496	0.01651	0.01176	0.00671	0.00624	0.00149	0.00647	0.00523	0.00546	0.53926
8	0.57853	0.18467	0.01830	0.03645	0.01717	0.02007	0.00980	0.02229	0.01358	0.02969	0.01066	0.01257	0.00864	0.00693	0.00484	0.00218	0.00655	0.00419	0.00430	0.00858
9	0.02350	0.01859	0.01976	0.01637	0.02149	0.02103	0.01313	0.32855	0.37662	0.03920	0.02499	0.02361	0.01839	0.00974	0.00766	0.00244	0.00709	0.00776	0.00766	0.01242
10	0.01813	0.32584	0.31519	0.01749	0.02535	0.05030	0.01962	0.02431	0.05366	0.02133	0.01304	0.01507	0.01047	0.00749	0.00736	0.00213	0.05416	0.00517	0.00352	0.01037
11	0.01085	0.00728	0.00833	0.00850	0.00855	0.00723	0.00484	0.01098	0.01138	0.01517	0.02570	0.11775	0.02984	0.66223	0.03570	0.00692	0.00706	0.01209	0.00484	0.00475
12	0.07877	0.02028	0.09898	0.03075	0.32287	0.03536	0.06500	0.08104	0.04547	0.06606	0.01579	0.01847	0.01223	0.00724	0.00722	0.00222	0.00881	0.00649	0.00466	0.07228
13	0.01521	0.03923	0.69413	0.02162	0.03283	0.01762	0.02802	0.02402	0.01601	0.02402	0.01361	0.01601	0.00961	0.00721	0.00721	0.00240	0.01121	0.00560	0.00320	0.01121
14	0.78701	0.01467	0.01115	0.00997	0.01467	0.01702	0.00821	0.02230	0.01291	0.03403	0.01056	0.01232	0.00821	0.00704	0.00469	0.00235	0.00587	0.00411	0.00469	0.00821
15	0.01539	0.01237	0.06532	0.01250	0.01652	0.00970	0.03446	0.01948	0.04386	0.12431	0.16092	0.12686	0.15327	0.01433	0.00839	0.00245	0.00572	0.06541	0.00694	0.10181
16	0.02118	0.02335	0.02166	0.01902	0.02104	0.26323	0.01516	0.04772	0.07295	0.02058	0.01308	0.01713	0.01147	0.01257	0.04193	0.00307	0.35561	0.00625	0.00409	0.00890
17	0.00991	0.00772	0.00899	0.00867	0.01082	0.00681	0.00651	0.01271	0.01952	0.02578	0.39951	0.06429	0.35707	0.01724	0.00895	0.00247	0.00370	0.01479	0.00774	0.00681
18	0.00907	0.00769	0.00783	0.00779	0.01031	0.00645	0.00584	0.01108	0.01753	0.02106	0.11183	0.07205	0.64768	0.01900	0.00896	0.00255	0.00383	0.01588	0.00712	0.00645
19	0.01466	0.01414	0.02484	0.65036	0.05105	0.01707	0.08156	0.01985	0.01543	0.01985	0.01366	0.02025	0.01024	0.00747	0.00771	0.00253	0.01037	0.00695	0.00341	0.00860
20	0.01084	0.00809	0.01202	0.01202	0.01332	0.00939	0.00927	0.01344	0.01214	0.01748	0.02047	0.03064	0.01933	0.08565	0.67511	0.01198	0.01977	0.00825	0.00409	0.00668
21	0.01835	0.01737	0.02838	0.10884	0.54479	0.01801	0.02173	0.02491	0.09452	0.02507	0.01615	0.02004	0.01314	0.00726	0.00754	0.00232	0.00876	0.00697	0.00419	0.01166
22	0.01606	0.00893	0.01184	0.01045	0.01317	0.00807	0.00807	0.01949	0.02153	0.18138	0.53315	0.04961	0.05951	0.01411	0.00865	0.00238	0.00424	0.01233	0.00859	0.00847
23	0.01205	0.00937	0.01356	0.01306	0.01449	0.01122	0.01029	0.03976	0.01308	0.01887	0.01935	0.02821	0.01795	0.05125	0.61755	0.01104	0.07970	0.00795	0.00414	0.00715
24	0.02028	0.73799	0.03975	0.01298	0.01947	0.03001	0.01298	0.02271	0.01541	0.01785	0.01055	0.01217	0.00973	0.00649	0.00487	0.00162	0.00811	0.00406	0.00324	0.00973
25	0.01770	0.02004	0.04360	0.03133	0.03879	0.01881	0.63567	0.02399	0.01789	0.02424	0.01622	0.02277	0.01265	0.00691	0.00901	0.00259	0.01258	0.03113	0.00395	0.01012
26	0.03403	0.01291	0.01760	0.01350	0.01936	0.01115	0.01115	0.03697	0.02171	0.69137	0.02992	0.02582	0.01878	0.00939	0.00763	0.00235	0.00645	0.00763	0.00939	0.01291
27	0.07537	0.01374	0.02212	0.63594	0.07174	0.01691	0.02013	0.01975	0.01506	0.02073	0.01328	0.01955	0.01003	0.00751	0.00735	0.00250	0.00974	0.00653	0.00349	0.00854
28	0.02833	0.03615	0.02149	0.01954	0.02345	0.70298	0.01466	0.03029	0.02149	0.01856	0.01172	0.01368	0.00977	0.00782	0.00684	0.00195	0.01368	0.00489	0.00391	0.00879
29	0.01516	0.01400	0.02269	0.50993	0.13979	0.01655	0.02002	0.02127	0.06584	0.02137	0.01698	0.02565	0.01396	0.00870	0.00781	0.00257	0.00940	0.05518	0.00404	0.00911
30	0.03403	0.01291	0.01760	0.01350	0.01936	0.01115	0.01115	0.03697	0.02171	0.69137	0.02992	0.02582	0.01878	0.00939	0.00763	0.00235	0.00645	0.00763	0.00939	0.01291
31	0.06638	0.01474	0.01768	0.01424	0.01965	0.01474	0.01156	0.09958	0.19715	0.41784	0.02806	0.02506	0.01884	0.00949	0.00750	0.00240	0.00649	0.00763	0.00853	0.01244
32	0.01414	0.00707	0.00707	0.00707	0.00884	0.00707	0.00530	0.01767	0.01591	0.02828	0.02474	0.02828	0.01944	0.00884	0.00530	0.00177	0.00353	0.00707	0.77554	0.00707
33	0.01877	0.01802	0.03079	0.04656	0.68612	0.01802	0.02328	0.02328	0.01727	0.02478	0.01427	0.01877	0.01201	0.00676	0.00751	0.00225	0.00901	0.00676	0.00375	0.01201
34	0.01103	0.00735	0.00827	0.00827	0.00827	0.00735	0.00460	0.01103	0.01103	0.01471	0.02390	0.04964	0.02758	0.73343	0.03861	0.00735	0.00735	0.01103	0.00460	0.00460
35	0.01156	0.01028	0.01005	0.00974	0.01252	0.03595	0.00733	0.01698	0.13398	0.02269	0.08482	0.09542	0.48647	0.01728	0.00870	0.00256	0.00463	0.01445	0.00708	0.00751
36	0.01057	0.00775	0.00991	0.00937	0.01123	0.00709	0.00703	0.01399	0.02108	0.02949	0.62546	0.05819	0.12881	0.01585	0.00895	0.00240	0.00360	0.01393	0.00823	0.00709
37	0.01472	0.01403	0.02283	0.59383	0.04660	0.01797	0.02028	0.01918	0.01455	0.01918	0.01287	0.01959	0.01008	0.00858	0.01060	0.00267	0.13395	0.00672	0.00336	0.00840
38	0.01065	0.00775	0.01002	0.00945	0.01128	0.00712	0.00709	0.01415	0.02127	0.02993	0.65242	0.05746	0.10157	0.01569	0.00895	0.00239	0.00359	0.01383	0.00829	0.00712
39	0.01521	0.03923	0.69413	0.02162	0.03283	0.01762	0.02802	0.02402	0.01601	0.02402	0.01361	0.01601	0.00961	0.00721	0.00721	0.00240	0.01121	0.00560	0.00320	0.01121
40	0.01074	0.00775	0.01014	0.00954	0.01133	0.00716	0.00716	0.01431	0.02147	0.03042	0.68211	0.05666	0.07157	0.01551	0.00895	0.00239	0.00358	0.01372	0.00835	0.00716
41	0.01463	0.01393	0.02396	0.66352	0.07316	0.01699	0.04825	0.01972	0.01535	0.01977	0.01359	0.02018	0.01024	0.00750	0.00764	0.00252	0.01019	0.00684	0.00340	0.00862
42	0.01481	0.01389	0.02293	0.64105	0.08724	0.01702	0.02073	0.02067	0.04863	0.02032	0.01441	0.02055	0.01088	0.00767	0.00759	0.00251	0.00984	0.00683	0.00361	0.00882
43	0.01414	0.00707	0.00707	0.00707	0.00884	0.00707	0.00530	0.01767	0.01591	0.02828	0.02474	0.02828	0.01944	0.00884	0.00530	0.00177	0.00353	0.00707	0.77554	0.00707
44	0.01585	0.01359	0.01578	0.01139	0.01804	0.01044	0.00910	0.01989	0.04025	0.02498	0.01413	0.01620	0.01168	0.00579	0.00570	0.00118	0.00563	0.00465	0.00461	0.75112
45	0.01942	0.04625	0.14823	0.01668	0.07273	0.01368	0.01436	0.04824	0.07533	0.16948	0.15566	0.02989	0.05454	0.00995	0.00754	0.00222	0.00689	0.00832	0.00646	0.09411
46	0.00938	0.00675	0.00893	0.01062	0.01120	0.00630	0.00725	0.01083	0.01477	0.01957	0.04303	0.67246	0.07348	0.02346	0.00969	0.00308	0.00451	0.05145	0.00704	0.00621
47	0.01910	0.01595	0.02311	0.02621	0.26909	0.01517	0.04485	0.09754	0.04255	0.06157	0.05812	0.02188	0.01680	0.02841	0.00804	0.00212	0.00752	0.00689	0.00516	0.22994
48	0.01997	0.01616	0.06990	0.01407	0.02092	0.01228	0.04875	0.04923	0.04380	0.15404	0.01764	0.01856	0.01311	0.00683	0.00648	0.00164	0.00674	0.00569	0.00555	0.46864
49	0.01573	0.01348	0.01573	0.01123	0.01798	0.01011	0.00899	0.01910	0.01573	0.02472	0.01348	0.01573	0.01123	0.00562	0.00562	0.00112	0.00562	0.00449	0.00449	0.77980
50	0.01011	0.00753	0.01062	0.01171	0.01270	0.00712	0.03157	0.01195	0.01512	0.01997	0.04134	0.54419	0.07269	0.04834	0.01081	0.00326	0.00522	0.12250	0.00683	0.00640
51	0.01648	0.01650	0.02372	0.02014	0.02046	0.02271	0.03986	0.01835	0.01186	0.01846	0.01044	0.01710	0.01026	0.01422	0.04287	0.00353	0.67459	0.00676	0.00336	0.00833
52	0.78701	0.01467	0.01115	0.00997	0.01467	0.01702	0.00821	0.02230	0.01291	0.03403	0.01056	0.01232	0.00821	0.00704	0.00469	0.00235	0.00587	0.00411	0.00469	0.00821
53	0.01256	0.00972	0.01394	0.05687	0.01676	0.01146	0.01070	0.05844	0.01392	0.01971	0.01940	0.02852	0.01789	0.07323	0.55647	0.01032	0.05056	0.00799	0.00425	0.00729
54	0.00930	0.00671	0.00882	0.01038	0.01098	0.00622	0.00699	0.01076	0.01499	0.01996	0.07483	0.66535	0.08034	0.02315	0.00961	0.00302	0.00433	0.02092	0.00711	0.00622
55	0.02066	0.04057	0.01910	0.04558	0.02167	0.01981	0.01278	0.17748	0.45948	0.03402	0.02803	0.02653	0.04011	0.01006	0.00763	0.00247	0.00671	0.00818	0.00734	0.01181
56	0.01414	0.00707	0.00707	0.00707	0.00884	0.00707	0.00530	0.01767	0.01591	0.02828	0.02474	0.02828	0.01944	0.00884	0.00530	0.00177	0.00353	0.00707	0.77554	0.00707
57	0.02685	0.11290	0.02445	0.01670	0.02267	0.02395	0.01402	0.52405	0.08928	0.04254	0.01834	0.01833	0.01340	0.00887	0.00725	0.00222	0.00811	0.00663	0.00704	0.01241
58	0.02940	0.02034	0.02220	0.01702	0.02307	0.02218	0.01406	0.59297	0.03415	0.11780	0.01948	0.01904	0.01354	0.00914	0.00759	0.00228	0.00814	0.00692	0.00778	0.01290
59	0.05301	0.65813	0.03683	0.01290	0.01906	0.04792	0.01259	0.02258	0.01572	0.01905	0.03693	0.01396	0.01210	0.00690	0.00508	0.00169	0.00800	0.00446	0.00353	0.00954
60	0.63954	0.01450	0.01337	0.08030	0.05700	0.01670	0.01029	0.02178	0.01369	0.03195	0.03554	0.01508	0.01093	0.00739	0.00529	0.00236	0.00638	0.00487	0.00464	0.00842
61	0.02711	0.11176	0.02332	0.01868	0.02288	0.60485	0.01438	0.02983	0.04456	0.01897	0.01229	0.01405	0.01025	0.00776	0.00666	0.00194	0.01279	0.00493	0.00397	0.00901
62	0.02735	0.03471	0.02079	0.01894	0.02278	0.66765	0.01420	0.02930	0.02128	0.01866	0.01503	0.01669	0.04392	0.00839	0.00695	0.00198	0.01318	0.00545	0.00407	0.00867
63	0.01105	0.00844	0.01259	0.01247	0.01378	0.00998	0.00974	0.01372	0.01217	0.01763	0.01994	0.02932	0.01863	0.05530	0.67864	0.01187	0.04580	0.00807	0.00404	0.00683
64	0.78701	0.01467	0.01115	0.00997	0.01467	0.01702	0.00821	0.02230	0.01291	0.03403	0.01056	0.01232	0.00821	0.00704	0.00469	0.00235	0.00587	0.00411	0.00469	0.00821
65	0.03282	0.01354	0.01784	0.01382	0.01960	0.01226	0.01137	0.06882	0.06324	0.61734	0.02939	0.02559	0.01875	0.00943	0.00763	0.00236	0.00652	0.00765	0.00919	0.01285
66	0.01687	0.01627	0.09646	0.01409	0.01856	0.01458	0.01231	0.08050	0.28162	0.05717	0.23713	0.03668	0.06181	0.01180	0.00808	0.00246	0.00598	0.00997	0.00740	0.01025
