[name]
unknown

[dist]
# distance from previous block
# <min> <max>
17	56

[block]
# block no. 0 follows, 26 sequences, length 6
# corresponding to MSA columns:
# 58-63
name=unknown_A
#
# <colnr> <probs for GDERKNQSTAVLIFYWHMCP>
#	G	D	E	R	K	N	Q	S	T	A	V	L	I	F	Y	W	H	M	C	P
0	0.01432	0.01348	0.02275	0.71520	0.05224	0.01685	0.02107	0.01938	0.01517	0.01938	0.01348	0.02022	0.01011	0.00758	0.00758	0.00253	0.01011	0.00674	0.00337	0.00843
1	0.04807	0.01538	0.02036	0.26262	0.12542	0.06479	0.01652	0.04517	0.07646	0.02381	0.06815	0.07461	0.02082	0.01062	0.00901	0.00257	0.05697	0.04466	0.00490	0.00911
2	0.02292	0.01392	0.01632	0.01352	0.01819	0.01408	0.01079	0.10946	0.21807	0.23995	0.12706	0.03235	0.06516	0.01089	0.00781	0.00236	0.00593	0.00902	0.00810	0.05410
3	0.01432	0.01348	0.02275	0.71520	0.05224	0.01685	0.02107	0.01938	0.01517	0.01938	0.01348	0.02022	0.01011	0.00758	0.00758	0.00253	0.01011	0.00674	0.00337	0.00843
4	0.14341	0.05071	0.02057	0.01507	0.02056	0.01621	0.06794	0.17361	0.02213	0.30253	0.02163	0.02267	0.01540	0.06249	0.00946	0.00269	0.00750	0.00711	0.00712	0.01118
5	0.02027	0.01028	0.01333	0.01147	0.01499	0.00942	0.00898	0.02456	0.06538	0.28983	0.30050	0.09128	0.08054	0.01353	0.00840	0.00244	0.00495	0.01165	0.00855	0.00964

[dist]
# distance from previous block
# <min> <max>
0	4

[block]
# block no. 1 follows, 26 sequences, length 43
# corresponding to MSA columns:
# 68-110
name=unknown_B
#
# <colnr> <probs for GDERKNQSTAVLIFYWHMCP>
#	G	D	E	R	K	N	Q	S	T	A	V	L	I	F	Y	W	H	M	C	P
0	0.02397	0.23411	0.06308	0.04240	0.02350	0.31640	0.01476	0.09896	0.03983	0.02270	0.01294	0.01466	0.01059	0.00751	0.00637	0.00192	0.01059	0.00507	0.00422	0.04642
1	0.01931	0.01682	0.02361	0.25277	0.15645	0.01899	0.03960	0.15370	0.18385	0.02932	0.01898	0.02157	0.01433	0.00837	0.00765	0.00244	0.00862	0.00730	0.00539	0.01095
2	0.01538	0.01311	0.01535	0.01120	0.01760	0.00990	0.00888	0.01864	0.01566	0.02443	0.01502	0.05446	0.01335	0.00660	0.00584	0.00123	0.00555	0.00542	0.00463	0.73776
3	0.02364	0.01446	0.01759	0.01543	0.05099	0.05174	0.03868	0.03022	0.14677	0.30240	0.05775	0.03323	0.12634	0.01084	0.00782	0.00235	0.00661	0.00908	0.00760	0.04645
4	0.01722	0.01378	0.01612	0.01162	0.01828	0.01074	0.00933	0.04745	0.01688	0.05956	0.01452	0.01635	0.01169	0.00596	0.00580	0.00123	0.00578	0.00475	0.00487	0.70806
5	0.00936	0.00770	0.00823	0.00810	0.01049	0.00657	0.00608	0.01165	0.01823	0.02271	0.21234	0.06934	0.54615	0.01838	0.00896	0.00252	0.00378	0.01550	0.00734	0.00657
6	0.02439	0.38110	0.03055	0.01621	0.02149	0.33865	0.01382	0.05707	0.01918	0.01962	0.01146	0.01315	0.00990	0.00723	0.00590	0.00181	0.01068	0.00457	0.00376	0.00946
7	0.01414	0.00707	0.00707	0.00707	0.00884	0.00707	0.00530	0.01767	0.01591	0.02828	0.02474	0.02828	0.01944	0.00884	0.00530	0.00177	0.00353	0.00707	0.77554	0.00707
8	0.01708	0.01638	0.02620	0.24119	0.41136	0.04096	0.02095	0.02157	0.01708	0.02328	0.05935	0.02331	0.01618	0.00800	0.00768	0.00237	0.00909	0.02356	0.00404	0.01038
9	0.00994	0.00717	0.00954	0.01107	0.01197	0.00677	0.00807	0.01189	0.01570	0.02079	0.08189	0.51965	0.08223	0.02244	0.00977	0.00310	0.00487	0.14962	0.00711	0.00641
10	0.40135	0.01561	0.01907	0.04593	0.26281	0.01701	0.01455	0.02306	0.04621	0.02944	0.01461	0.01974	0.01234	0.00788	0.00628	0.00239	0.00722	0.04018	0.00458	0.00973
11	0.06406	0.01700	0.01879	0.10986	0.02427	0.04945	0.01306	0.27835	0.02429	0.06340	0.02244	0.02592	0.06776	0.00957	0.00731	0.00219	0.00770	0.04101	0.00613	0.14744
12	0.01318	0.00659	0.00988	0.00988	0.00988	0.00659	0.00659	0.00988	0.00988	0.01318	0.01318	0.02306	0.01318	0.02635	0.02964	0.77931	0.00659	0.00659	0.00329	0.00329
13	0.02624	0.02004	0.02196	0.01841	0.05424	0.02227	0.01433	0.49909	0.16963	0.04330	0.02070	0.02037	0.01503	0.00924	0.00761	0.00234	0.00788	0.00720	0.00743	0.01267
14	0.02616	0.01979	0.05385	0.01763	0.02399	0.01959	0.06911	0.38884	0.07163	0.13311	0.01983	0.01983	0.01399	0.00859	0.00752	0.00223	0.00819	0.00697	0.00705	0.08211
15	0.01318	0.00659	0.00988	0.00988	0.00988	0.00659	0.00659	0.00988	0.00988	0.01318	0.01318	0.02306	0.01318	0.02635	0.02964	0.77931	0.00659	0.00659	0.00329	0.00329
16	0.02135	0.01682	0.01803	0.01562	0.02028	0.01907	0.01232	0.13396	0.53410	0.07672	0.02890	0.02661	0.02132	0.01005	0.00769	0.00251	0.00639	0.00825	0.00781	0.01220
17	0.01717	0.01386	0.01667	0.06642	0.02087	0.01172	0.01041	0.07819	0.01767	0.04979	0.01579	0.04910	0.01334	0.00705	0.00621	0.00147	0.00619	0.00577	0.00498	0.58734
18	0.01414	0.00707	0.00707	0.00707	0.00884	0.00707	0.00530	0.01767	0.01591	0.02828	0.02474	0.02828	0.01944	0.00884	0.00530	0.00177	0.00353	0.00707	0.77554	0.00707
19	0.02380	0.32639	0.03003	0.01680	0.02225	0.25783	0.04340	0.10032	0.07100	0.02292	0.01363	0.01502	0.01124	0.00754	0.00626	0.00193	0.01009	0.00524	0.00435	0.00998
20	0.02955	0.01943	0.02246	0.01713	0.02322	0.02071	0.03723	0.50381	0.03202	0.18495	0.02062	0.01992	0.01411	0.00907	0.00765	0.00230	0.00810	0.00708	0.00784	0.01280
21	0.01414	0.00707	0.00707	0.00707	0.00884	0.00707	0.00530	0.01767	0.01591	0.02828	0.02474	0.02828	0.01944	0.00884	0.00530	0.00177	0.00353	0.00707	0.77554	0.00707
22	0.01915	0.01681	0.02016	0.04273	0.05909	0.01901	0.05478	0.06912	0.53878	0.03125	0.02770	0.02647	0.02081	0.00969	0.00777	0.00254	0.00687	0.00835	0.00709	0.01181
23	0.01950	0.40225	0.20756	0.01722	0.02465	0.09028	0.05866	0.02486	0.05256	0.02071	0.01289	0.01474	0.01056	0.00701	0.00609	0.00197	0.00964	0.00510	0.00358	0.01019
24	0.01761	0.01722	0.05061	0.11137	0.39780	0.01678	0.06082	0.07474	0.01877	0.02588	0.05111	0.02596	0.08047	0.00866	0.00781	0.00235	0.00864	0.00809	0.00455	0.01077
25	0.01987	0.01736	0.02449	0.02927	0.29949	0.01850	0.04758	0.06602	0.30912	0.05330	0.02247	0.02331	0.01723	0.00853	0.00768	0.00241	0.00773	0.00770	0.00593	0.01201
26	0.01318	0.00952	0.01134	0.01080	0.01243	0.00981	0.00768	0.11150	0.01734	0.02335	0.10327	0.17883	0.08648	0.24535	0.11974	0.00550	0.00812	0.01274	0.00608	0.00693
27	0.01510	0.01431	0.02419	0.61834	0.04909	0.01749	0.06179	0.03926	0.01581	0.02052	0.01359	0.02001	0.01028	0.00781	0.00845	0.00256	0.04230	0.00688	0.00353	0.00867
28	0.01245	0.00816	0.00969	0.00930	0.00956	0.00851	0.00572	0.01256	0.01148	0.04382	0.02287	0.04554	0.02555	0.63074	0.03608	0.03446	0.05324	0.01044	0.00467	0.00514
29	0.01544	0.01543	0.02855	0.51192	0.08414	0.01748	0.17644	0.02079	0.01595	0.02088	0.01398	0.02020	0.01056	0.00725	0.00791	0.00252	0.01070	0.00728	0.00351	0.00906
30	0.01398	0.01192	0.01511	0.04377	0.01729	0.05050	0.01129	0.05446	0.03384	0.02025	0.01850	0.02601	0.01671	0.04187	0.48371	0.00910	0.08486	0.00755	0.00429	0.03500
31	0.00969	0.00696	0.00928	0.01087	0.01161	0.00655	0.00769	0.01142	0.01530	0.02033	0.07160	0.59409	0.06939	0.02288	0.00973	0.00309	0.00469	0.10141	0.00709	0.00632
32	0.01546	0.07305	0.66246	0.02120	0.03218	0.01822	0.02730	0.02396	0.01598	0.02372	0.01346	0.01583	0.00961	0.00717	0.00709	0.00236	0.01106	0.00553	0.00320	0.01114
33	0.01761	0.01752	0.03144	0.17671	0.37131	0.01825	0.15941	0.02311	0.03909	0.02358	0.01475	0.01968	0.01182	0.00720	0.00847	0.00242	0.03575	0.00729	0.00381	0.01077
34	0.02095	0.01384	0.01686	0.01248	0.01867	0.01158	0.01012	0.05311	0.01796	0.19211	0.01765	0.01840	0.01314	0.00707	0.00708	0.00158	0.03823	0.00548	0.00581	0.51789
35	0.05352	0.02151	0.02200	0.01711	0.02299	0.06643	0.01404	0.56294	0.03320	0.08327	0.01823	0.01818	0.01289	0.00897	0.00745	0.00226	0.00850	0.00666	0.00736	0.01248
36	0.01790	0.02046	0.04476	0.03197	0.03964	0.01918	0.65857	0.02430	0.01790	0.02430	0.01535	0.02046	0.01151	0.00639	0.00895	0.00256	0.01279	0.00895	0.00384	0.01023
37	0.01102	0.00740	0.00849	0.00849	0.00856	0.00747	0.00486	0.01117	0.01109	0.01486	0.02370	0.04856	0.02711	0.69667	0.07473	0.00762	0.00806	0.01087	0.00457	0.00471
38	0.66167	0.07022	0.01625	0.01212	0.01721	0.01819	0.06522	0.02250	0.01353	0.03195	0.01098	0.01302	0.00862	0.00694	0.00508	0.00231	0.00664	0.00453	0.00451	0.00851
39	0.78701	0.01467	0.01115	0.00997	0.01467	0.01702	0.00821	0.02230	0.01291	0.03403	0.01056	0.01232	0.00821	0.00704	0.00469	0.00235	0.00587	0.00411	0.00469	0.00821
40	0.07948	0.04562	0.08304	0.03604	0.02285	0.06228	0.05910	0.03290	0.36931	0.05243	0.02459	0.02666	0.01915	0.00966	0.00750	0.00250	0.00771	0.04204	0.00628	0.01088
41	0.01707	0.12701	0.20070	0.05493	0.13068	0.01840	0.08098	0.05062	0.01729	0.02421	0.05159	0.02216	0.01558	0.00830	0.00807	0.00225	0.04349	0.03633	0.00416	0.08617
42	0.01414	0.00707	0.00707	0.00707	0.00884	0.00707	0.00530	0.01767	0.01591	0.02828	0.02474	0.02828	0.01944	0.00884	0.00530	0.00177	0.00353	0.00707	0.77554	0.00707

[dist]
# distance from previous block
# <min> <max>
0	1

[block]
# block no. 2 follows, 26 sequences, length 12
# corresponding to MSA columns:
# 112-123
name=unknown_C
#
# <colnr> <probs for GDERKNQSTAVLIFYWHMCP>
#	G	D	E	R	K	N	Q	S	T	A	V	L	I	F	Y	W	H	M	C	P
0	0.30112	0.16734	0.17379	0.01564	0.02147	0.02091	0.03725	0.02215	0.01407	0.02549	0.01131	0.01412	0.00924	0.00800	0.00886	0.00238	0.12873	0.00503	0.00380	0.00928
1	0.04413	0.04462	0.02028	0.01731	0.05464	0.08546	0.01323	0.29538	0.16629	0.05408	0.02505	0.04649	0.05888	0.01042	0.00761	0.00237	0.00782	0.02790	0.00682	0.01123
2	0.01426	0.01426	0.02792	0.02416	0.08971	0.01346	0.31665	0.01828	0.01639	0.02222	0.02664	0.32523	0.02821	0.01391	0.00913	0.00275	0.00881	0.01417	0.00521	0.00865
3	0.01261	0.00659	0.00973	0.00998	0.01004	0.00653	0.00665	0.00998	0.01055	0.01406	0.01728	0.12416	0.01848	0.02598	0.02678	0.66806	0.00627	0.00873	0.00383	0.00370
4	0.06968	0.29426	0.32422	0.06181	0.02826	0.02222	0.05789	0.02314	0.01564	0.02213	0.01236	0.01486	0.00970	0.00690	0.00629	0.00213	0.00972	0.00520	0.00337	0.01023
5	0.01677	0.02358	0.22808	0.22924	0.12598	0.01809	0.14136	0.05582	0.04252	0.02433	0.01488	0.01902	0.01112	0.00732	0.00772	0.00245	0.01054	0.00689	0.00384	0.01044
6	0.01409	0.01430	0.06297	0.13659	0.20929	0.01367	0.04692	0.01774	0.01563	0.02151	0.02457	0.26324	0.02599	0.01379	0.00949	0.00273	0.04979	0.04395	0.00492	0.00884
7	0.02196	0.01191	0.01720	0.04814	0.04307	0.01115	0.05473	0.02622	0.05796	0.31160	0.09824	0.10789	0.09196	0.01280	0.00836	0.00255	0.00641	0.04995	0.00771	0.01018
8	0.01414	0.00707	0.00707	0.00707	0.00884	0.00707	0.00530	0.01767	0.01591	0.02828	0.02474	0.02828	0.01944	0.00884	0.00530	0.00177	0.00353	0.00707	0.77554	0.00707
9	0.01775	0.01390	0.01627	0.01176	0.01840	0.01097	0.00946	0.05819	0.01731	0.07141	0.01488	0.01656	0.01185	0.00608	0.00587	0.00127	0.00584	0.00484	0.00501	0.68239
10	0.02051	0.05142	0.06645	0.09605	0.02522	0.01757	0.05420	0.09230	0.28090	0.12246	0.02660	0.04769	0.04494	0.00989	0.00770	0.00246	0.00750	0.00837	0.00664	0.01113
11	0.08600	0.08766	0.06682	0.01531	0.02122	0.05705	0.03860	0.13010	0.04708	0.30186	0.05668	0.02240	0.01769	0.00888	0.00718	0.00227	0.00770	0.00700	0.00706	0.01143

[dist]
# distance from previous block
# <min> <max>
0	1

[block]
# block no. 3 follows, 26 sequences, length 7
# corresponding to MSA columns:
# 125-131
name=unknown_D
#
# <colnr> <probs for GDERKNQSTAVLIFYWHMCP>
#	G	D	E	R	K	N	Q	S	T	A	V	L	I	F	Y	W	H	M	C	P
0	0.18867	0.01622	0.05699	0.01358	0.01846	0.01606	0.01151	0.13660	0.18093	0.11668	0.07422	0.04943	0.06836	0.01052	0.00723	0.00243	0.00637	0.00831	0.00694	0.01046
1	0.01694	0.02085	0.15243	0.02019	0.02711	0.04992	0.22387	0.02226	0.01793	0.05163	0.11958	0.02404	0.02071	0.00798	0.00767	0.00212	0.00913	0.00774	0.00481	0.19308
2	0.01414	0.00707	0.00707	0.00707	0.00884	0.00707	0.00530	0.01767	0.01591	0.02828	0.02474	0.02828	0.01944	0.00884	0.00530	0.00177	0.00353	0.00707	0.77554	0.00707
3	0.01568	0.01680	0.08572	0.02085	0.11671	0.06199	0.09214	0.05172	0.01730	0.02317	0.02471	0.22000	0.02561	0.01397	0.00934	0.03601	0.00810	0.08187	0.00523	0.07308
4	0.01205	0.01194	0.07199	0.06225	0.01742	0.01003	0.01083	0.01555	0.01774	0.02525	0.31924	0.18374	0.04615	0.01468	0.00962	0.00247	0.05628	0.01262	0.00648	0.09367
5	0.01763	0.01862	0.05597	0.02471	0.13684	0.04319	0.21722	0.02361	0.06401	0.02482	0.01538	0.01856	0.01218	0.00654	0.00725	0.00195	0.00903	0.00663	0.00432	0.29154
6	0.02174	0.51494	0.09286	0.01493	0.02155	0.08417	0.01464	0.11562	0.01890	0.02277	0.01202	0.01350	0.01018	0.00704	0.00563	0.00181	0.00888	0.00466	0.00392	0.01024

[dist]
# distance from previous block
# <min> <max>
0	1

[block]
# block no. 4 follows, 26 sequences, length 9
# corresponding to MSA columns:
# 133-141
name=unknown_E
#
# <colnr> <probs for GDERKNQSTAVLIFYWHMCP>
#	G	D	E	R	K	N	Q	S	T	A	V	L	I	F	Y	W	H	M	C	P
0	0.01386	0.06663	0.06625	0.01474	0.01771	0.01335	0.06395	0.01699	0.01441	0.04786	0.06695	0.06270	0.05111	0.06828	0.29805	0.00679	0.08877	0.00905	0.00466	0.00788
1	0.01414	0.00707	0.00707	0.00707	0.00884	0.00707	0.00530	0.01767	0.01591	0.02828	0.02474	0.02828	0.01944	0.00884	0.00530	0.00177	0.00353	0.00707	0.77554	0.00707
2	0.59340	0.06151	0.09930	0.01227	0.01783	0.06474	0.01142	0.02308	0.01403	0.03077	0.01102	0.01287	0.00858	0.00708	0.00517	0.00228	0.00720	0.00435	0.00437	0.00872
3	0.01841	0.33319	0.37947	0.01751	0.02642	0.02249	0.02072	0.02419	0.01608	0.05888	0.01323	0.01494	0.01018	0.00703	0.00624	0.00207	0.00963	0.00506	0.00357	0.01068
4	0.10594	0.05087	0.04047	0.04779	0.05187	0.01855	0.01379	0.30186	0.05885	0.03497	0.02230	0.07922	0.02004	0.01151	0.00774	0.00253	0.00764	0.10712	0.00644	0.01048
5	0.01099	0.00751	0.00905	0.00905	0.00932	0.00778	0.00557	0.01153	0.01126	0.01528	0.02319	0.04570	0.02587	0.59912	0.17058	0.00831	0.00993	0.01045	0.00449	0.00503
6	0.02203	0.01617	0.01768	0.01530	0.01998	0.01804	0.01207	0.09022	0.51947	0.13561	0.02970	0.02709	0.02164	0.01005	0.00769	0.00251	0.00626	0.00829	0.00797	0.01222
7	0.01414	0.00707	0.00707	0.00707	0.00884	0.00707	0.00530	0.01767	0.01591	0.02828	0.02474	0.02828	0.01944	0.00884	0.00530	0.00177	0.00353	0.00707	0.77554	0.00707
8	0.08293	0.02080	0.09680	0.02480	0.20936	0.09861	0.06246	0.02383	0.06336	0.02492	0.01833	0.02066	0.05098	0.00768	0.00698	0.00208	0.00862	0.00655	0.00442	0.16582

[dist]
# distance from previous block
# <min> <max>
0	1

[block]
# block no. 5 follows, 26 sequences, length 28
# corresponding to MSA columns:
# 143-170
name=unknown_F
#
# <colnr> <probs for GDERKNQSTAVLIFYWHMCP>
#	G	D	E	R	K	N	Q	S	T	A	V	L	I	F	Y	W	H	M	C	P
0	0.02017	0.01708	0.02035	0.01833	0.05707	0.01903	0.05627	0.15508	0.43536	0.03324	0.02713	0.06404	0.02131	0.01036	0.00787	0.00253	0.00698	0.00889	0.00718	0.01173
1	0.78701	0.01467	0.01115	0.00997	0.01467	0.01702	0.00821	0.02230	0.01291	0.03403	0.01056	0.01232	0.00821	0.00704	0.00469	0.00235	0.00587	0.00411	0.00469	0.00821
2	0.01432	0.01348	0.02275	0.71520	0.05224	0.01685	0.02107	0.01938	0.01517	0.01938	0.01348	0.02022	0.01011	0.00758	0.00758	0.00253	0.01011	0.00674	0.00337	0.00843
3	0.01414	0.00707	0.00707	0.00707	0.00884	0.00707	0.00530	0.01767	0.01591	0.02828	0.02474	0.02828	0.01944	0.00884	0.00530	0.00177	0.00353	0.00707	0.77554	0.00707
4	0.00933	0.00752	0.00831	0.00850	0.01057	0.00650	0.00622	0.01144	0.01757	0.02207	0.17883	0.17952	0.46843	0.01931	0.00908	0.00262	0.00389	0.01653	0.00728	0.00650
5	0.16904	0.01925	0.02103	0.07077	0.06068	0.02149	0.01425	0.45729	0.02883	0.04179	0.01620	0.01729	0.01176	0.00847	0.00704	0.00231	0.00805	0.00631	0.00651	0.01163
6	0.01808	0.01970	0.03737	0.09582	0.15826	0.04924	0.40957	0.02354	0.01742	0.02350	0.01457	0.01953	0.01134	0.00683	0.00885	0.00244	0.03427	0.00793	0.00379	0.03795
7	0.02533	0.02152	0.08563	0.06014	0.02631	0.04805	0.05922	0.35581	0.02675	0.11504	0.01761	0.01884	0.01261	0.00906	0.00938	0.00242	0.08142	0.00685	0.00631	0.01167
8	0.00924	0.00660	0.00880	0.01056	0.01100	0.00616	0.00704	0.01056	0.01452	0.01936	0.04181	0.72848	0.05017	0.02376	0.00968	0.00308	0.00440	0.02156	0.00704	0.00616
9	0.01363	0.01235	0.02054	0.54267	0.04300	0.01476	0.03878	0.01818	0.01569	0.02067	0.06771	0.09714	0.01931	0.00988	0.00788	0.00255	0.00889	0.00890	0.02938	0.00811
10	0.01414	0.00707	0.00707	0.00707	0.00884	0.00707	0.00530	0.01767	0.01591	0.02828	0.02474	0.02828	0.01944	0.00884	0.00530	0.00177	0.00353	0.00707	0.77554	0.00707
11	0.02772	0.08952	0.02288	0.01904	0.02315	0.65180	0.01453	0.02971	0.02103	0.01851	0.01163	0.01356	0.00977	0.00772	0.00669	0.00193	0.01326	0.00482	0.00386	0.00886
12	0.63161	0.11915	0.01595	0.01085	0.01589	0.01927	0.00927	0.06030	0.01462	0.03252	0.01101	0.01265	0.00871	0.00708	0.00489	0.00224	0.00634	0.00426	0.00466	0.00871
13	0.01592	0.10738	0.57960	0.02155	0.03202	0.01897	0.07448	0.02391	0.01610	0.02343	0.01344	0.01597	0.00977	0.00707	0.00711	0.00234	0.01102	0.00571	0.00326	0.01099
14	0.04335	0.01645	0.01934	0.01507	0.02027	0.07610	0.08539	0.13299	0.02030	0.07035	0.05023	0.04795	0.06195	0.05691	0.00925	0.00231	0.00759	0.00780	0.00566	0.25074
15	0.02028	0.73799	0.03975	0.01298	0.01947	0.03001	0.01298	0.02271	0.01541	0.01785	0.01055	0.01217	0.00973	0.00649	0.00487	0.00162	0.00811	0.00406	0.00324	0.00973
16	0.01414	0.00707	0.00707	0.00707	0.00884	0.00707	0.00530	0.01767	0.01591	0.02828	0.02474	0.02828	0.01944	0.00884	0.00530	0.00177	0.00353	0.00707	0.77554	0.00707
17	0.15852	0.23525	0.06616	0.05596	0.02127	0.01878	0.05959	0.04001	0.01631	0.02426	0.06255	0.06536	0.02078	0.01186	0.02967	0.00267	0.00811	0.08935	0.00476	0.00878
18	0.04475	0.42445	0.02894	0.01322	0.01803	0.10582	0.01160	0.07327	0.01703	0.02052	0.01499	0.05790	0.01478	0.11376	0.01050	0.00265	0.00842	0.00637	0.00413	0.00888
19	0.30606	0.01371	0.04308	0.01224	0.01533	0.01417	0.04363	0.05986	0.01412	0.02552	0.01731	0.05340	0.01731	0.26611	0.01881	0.00423	0.05510	0.00789	0.00473	0.00741
20	0.02694	0.02052	0.02335	0.02083	0.10338	0.02254	0.01532	0.54130	0.07698	0.04392	0.01860	0.01897	0.01349	0.00890	0.00759	0.00229	0.00827	0.00694	0.00713	0.01273
21	0.02028	0.73799	0.03975	0.01298	0.01947	0.03001	0.01298	0.02271	0.01541	0.01785	0.01055	0.01217	0.00973	0.00649	0.00487	0.00162	0.00811	0.00406	0.00324	0.00973
22	0.01521	0.03923	0.69413	0.02162	0.03283	0.01762	0.02802	0.02402	0.01601	0.02402	0.01361	0.01601	0.00961	0.00721	0.00721	0.00240	0.01121	0.00560	0.00320	0.01121
23	0.02028	0.34935	0.12216	0.01679	0.05037	0.11017	0.01548	0.02505	0.06111	0.05673	0.01704	0.02330	0.01505	0.00882	0.00654	0.00212	0.00894	0.07638	0.00440	0.00993
24	0.15383	0.31465	0.13110	0.01626	0.02260	0.10831	0.05559	0.04708	0.01655	0.02321	0.01172	0.01391	0.00969	0.00725	0.00669	0.00207	0.04111	0.00493	0.00377	0.00966
25	0.01414	0.00707	0.00707	0.00707	0.00884	0.00707	0.00530	0.01767	0.01591	0.02828	0.02474	0.02828	0.01944	0.00884	0.00530	0.00177	0.00353	0.00707	0.77554	0.00707
26	0.06350	0.16262	0.37976	0.01943	0.02819	0.01939	0.09110	0.02471	0.03413	0.06678	0.03313	0.01766	0.01243	0.00743	0.00690	0.00227	0.00983	0.00603	0.00403	0.01067
27	0.04077	0.19351	0.11442	0.05606	0.05373	0.08766	0.06691	0.04651	0.01815	0.09560	0.06435	0.02370	0.06641	0.00900	0.00759	0.00221	0.03154	0.00714	0.00488	0.00985

[dist]
# distance from previous block
# <min> <max>
0	1

[block]
# block no. 6 follows, 26 sequences, length 185
# corresponding to MSA columns:
# 172-356
name=unknown_G
#
# <colnr> <probs for GDERKNQSTAVLIFYWHMCP>
#	G	D	E	R	K	N	Q	S	T	A	V	L	I	F	Y	W	H	M	C	P
0	0.01250	0.04761	0.08966	0.01112	0.01448	0.01074	0.00967	0.04930	0.05054	0.02368	0.16829	0.06981	0.24296	0.12856	0.03535	0.00352	0.00628	0.01207	0.00626	0.00760
1	0.02537	0.11580	0.02610	0.04037	0.02520	0.46831	0.07678	0.05827	0.02040	0.02045	0.01220	0.01472	0.01010	0.00786	0.00781	0.00208	0.04960	0.00542	0.00395	0.00921
2	0.01516	0.01325	0.02061	0.23803	0.03016	0.01429	0.09699	0.08030	0.04467	0.02371	0.04610	0.10680	0.02027	0.05094	0.09691	0.00390	0.00996	0.00931	0.00489	0.07374
3	0.06172	0.01504	0.06309	0.52313	0.04336	0.01621	0.01898	0.02066	0.04909	0.02200	0.04646	0.02142	0.01365	0.00795	0.00736	0.00243	0.00917	0.00683	0.00396	0.04748
4	0.01776	0.24798	0.36434	0.02259	0.11707	0.04485	0.04012	0.02374	0.01624	0.02207	0.01275	0.01526	0.01003	0.00693	0.00657	0.00213	0.01010	0.00536	0.00333	0.01076
5	0.02123	0.44855	0.03128	0.01463	0.02017	0.13535	0.01301	0.02824	0.17729	0.02136	0.01571	0.01636	0.01303	0.00763	0.00588	0.00191	0.00849	0.00530	0.00445	0.01014
6	0.01722	0.01591	0.02655	0.03910	0.54144	0.01598	0.02028	0.02124	0.01663	0.02356	0.01777	0.02794	0.01651	0.05658	0.04627	0.00322	0.00930	0.06960	0.00415	0.01077
7	0.01414	0.00707	0.00707	0.00707	0.00884	0.00707	0.00530	0.01767	0.01591	0.02828	0.02474	0.02828	0.01944	0.00884	0.00530	0.00177	0.00353	0.00707	0.77554	0.00707
8	0.02442	0.02063	0.06221	0.01863	0.06414	0.05168	0.01482	0.38463	0.12158	0.05925	0.04748	0.02178	0.01691	0.01163	0.04258	0.00282	0.00882	0.00729	0.00684	0.01188
9	0.20615	0.08811	0.02037	0.01586	0.03924	0.01955	0.05235	0.08564	0.30482	0.03108	0.02093	0.02122	0.01607	0.01052	0.03435	0.00277	0.00747	0.00684	0.00602	0.01062
10	0.01010	0.00725	0.00952	0.01101	0.01186	0.00690	0.00801	0.01187	0.01511	0.01984	0.04205	0.47232	0.08628	0.08433	0.01234	0.00352	0.00525	0.16938	0.00682	0.00624
11	0.01085	0.00819	0.01092	0.01172	0.01304	0.00794	0.02714	0.01378	0.04893	0.02056	0.04167	0.38679	0.10563	0.09432	0.01265	0.00352	0.00558	0.16342	0.00672	0.00664
12	0.01875	0.01501	0.01716	0.04536	0.02044	0.01413	0.01091	0.14259	0.12410	0.04975	0.02150	0.02220	0.05467	0.00805	0.00668	0.00176	0.00631	0.00648	0.00584	0.40832
13	0.00896	0.00768	0.00768	0.00768	0.01025	0.00640	0.00576	0.01089	0.01729	0.02049	0.07684	0.07300	0.68304	0.01921	0.00896	0.00256	0.00384	0.01601	0.00704	0.00640
14	0.01573	0.01348	0.01573	0.01123	0.01798	0.01011	0.00899	0.01910	0.01573	0.02472	0.01348	0.01573	0.01123	0.00562	0.00562	0.00112	0.00562	0.00449	0.00449	0.77980
15	0.78701	0.01467	0.01115	0.00997	0.01467	0.01702	0.00821	0.02230	0.01291	0.03403	0.01056	0.01232	0.00821	0.00704	0.00469	0.00235	0.00587	0.00411	0.00469	0.00821
16	0.03209	0.01469	0.01857	0.01429	0.02008	0.01391	0.01178	0.18172	0.02496	0.52051	0.04771	0.02501	0.01907	0.00951	0.00766	0.00233	0.00681	0.00763	0.00894	0.01273
17	0.03799	0.07837	0.54315	0.02184	0.06480	0.01886	0.02525	0.04560	0.01641	0.02450	0.01335	0.01592	0.00983	0.00751	0.00791	0.00239	0.04626	0.00562	0.00343	0.01099
18	0.01502	0.05166	0.02339	0.40111	0.19784	0.01620	0.01883	0.01946	0.01645	0.02178	0.08402	0.02640	0.05906	0.00885	0.00765	0.00240	0.00869	0.00788	0.00418	0.00911
19	0.43681	0.01508	0.01490	0.01219	0.01746	0.01611	0.01006	0.12068	0.01904	0.24461	0.01783	0.01747	0.01225	0.00809	0.00605	0.00234	0.00642	0.00562	0.00661	0.01039
20	0.02014	0.01463	0.01612	0.01421	0.01849	0.01603	0.01113	0.03613	0.48190	0.13797	0.06844	0.03284	0.07599	0.01111	0.00786	0.00253	0.00578	0.00927	0.00797	0.01147
21	0.01651	0.01786	0.03706	0.14148	0.06595	0.01747	0.46431	0.02210	0.01710	0.02303	0.01760	0.08998	0.01510	0.00831	0.00874	0.00259	0.01137	0.00974	0.00407	0.00961
22	0.78701	0.01467	0.01115	0.00997	0.01467	0.01702	0.00821	0.02230	0.01291	0.03403	0.01056	0.01232	0.00821	0.00704	0.00469	0.00235	0.00587	0.00411	0.00469	0.00821
23	0.01086	0.00803	0.01172	0.01172	0.01291	0.00922	0.00889	0.01324	0.01205	0.01726	0.02075	0.03220	0.02001	0.13888	0.62281	0.01160	0.01875	0.00848	0.00413	0.00651
24	0.02839	0.03451	0.02163	0.01931	0.02346	0.62836	0.01463	0.09954	0.02305	0.02178	0.01244	0.01418	0.01011	0.00796	0.00692	0.00199	0.01309	0.00510	0.00431	0.00924
25	0.01774	0.00990	0.01204	0.01052	0.01395	0.00892	0.00822	0.03959	0.04240	0.22174	0.21556	0.07308	0.26611	0.01491	0.00851	0.00246	0.00477	0.01260	0.00811	0.00889
26	0.00924	0.00660	0.00880	0.01056	0.01100	0.00616	0.00704	0.01056	0.01452	0.01936	0.04181	0.72848	0.05017	0.02376	0.00968	0.00308	0.00440	0.02156	0.00704	0.00616
27	0.02175	0.01676	0.01806	0.01558	0.02028	0.01891	0.01230	0.13617	0.51649	0.09225	0.02883	0.02652	0.02118	0.01003	0.00769	0.00251	0.00641	0.00822	0.00784	0.01222
28	0.61867	0.07258	0.08428	0.01285	0.04354	0.01811	0.01121	0.02254	0.01359	0.03140	0.01102	0.01295	0.00862	0.00700	0.00508	0.00229	0.00671	0.00436	0.00439	0.00879
29	0.04129	0.38861	0.23604	0.01575	0.02328	0.02377	0.01720	0.06248	0.04734	0.02332	0.04665	0.01670	0.01357	0.00751	0.00608	0.00200	0.00869	0.00540	0.00400	0.01031
30	0.01097	0.00733	0.00829	0.00835	0.00837	0.00731	0.00468	0.01101	0.01115	0.01487	0.02451	0.07278	0.02835	0.70923	0.03762	0.00721	0.00725	0.01139	0.00468	0.00465
31	0.01192	0.00812	0.01084	0.01081	0.01266	0.00762	0.00850	0.01531	0.02010	0.05412	0.46460	0.10457	0.06155	0.01707	0.00930	0.00269	0.00455	0.16042	0.00799	0.00728
32	0.02195	0.33076	0.03053	0.01673	0.02208	0.17311	0.07717	0.11841	0.01992	0.02327	0.01563	0.08777	0.01454	0.00893	0.00661	0.00204	0.00945	0.00694	0.00449	0.00968
33	0.01839	0.01964	0.02595	0.08412	0.02733	0.12929	0.15548	0.02182	0.01583	0.02116	0.01253	0.01711	0.01056	0.00866	0.01261	0.00237	0.22693	0.00639	0.00379	0.18001
34	0.01341	0.00880	0.01111	0.01015	0.01256	0.00823	0.00774	0.01791	0.06214	0.09538	0.52351	0.05323	0.11651	0.01489	0.00874	0.00241	0.00404	0.01299	0.00830	0.00797
35	0.00943	0.00681	0.00885	0.01021	0.01090	0.00631	0.00690	0.01097	0.01528	0.02039	0.10715	0.59900	0.09146	0.04498	0.01047	0.00311	0.00438	0.02010	0.00709	0.00623
36	0.02028	0.73799	0.03975	0.01298	0.01947	0.03001	0.01298	0.02271	0.01541	0.01785	0.01055	0.01217	0.00973	0.00649	0.00487	0.00162	0.00811	0.00406	0.00324	0.00973
37	0.01706	0.01439	0.01677	0.01225	0.01861	0.01204	0.00987	0.08219	0.01750	0.02669	0.01378	0.01601	0.01134	0.00631	0.00670	0.00134	0.03879	0.00482	0.00474	0.66881
38	0.06813	0.02153	0.11374	0.08205	0.21756	0.08536	0.03667	0.07367	0.05860	0.05479	0.01779	0.02048	0.03856	0.00855	0.00882	0.00241	0.06927	0.00682	0.00461	0.01058
39	0.01084	0.00813	0.01219	0.01219	0.01354	0.00948	0.00948	0.01354	0.01219	0.01761	0.02032	0.02980	0.01896	0.05689	0.70337	0.01219	0.02032	0.00813	0.00406	0.00677
40	0.01096	0.00758	0.00942	0.00939	0.00986	0.00791	0.00605	0.01190	0.01198	0.01644	0.06317	0.04481	0.02798	0.51034	0.21290	0.00833	0.01056	0.01043	0.00468	0.00533
41	0.78701	0.01467	0.01115	0.00997	0.01467	0.01702	0.00821	0.02230	0.01291	0.03403	0.01056	0.01232	0.00821	0.00704	0.00469	0.00235	0.00587	0.00411	0.00469	0.00821
42	0.74652	0.01596	0.04698	0.01059	0.01562	0.01705	0.00925	0.02239	0.01307	0.03351	0.01072	0.01252	0.00829	0.00705	0.00483	0.00235	0.00615	0.00419	0.00462	0.00837
43	0.01535	0.01522	0.06536	0.02405	0.20488	0.01357	0.09590	0.07230	0.01865	0.02563	0.12288	0.13444	0.08748	0.05760	0.01030	0.00279	0.00754	0.01124	0.00555	0.00927
44	0.01414	0.00707	0.00707	0.00707	0.00884	0.00707	0.00530	0.01767	0.01591	0.02828	0.02474	0.02828	0.01944	0.00884	0.00530	0.00177	0.00353	0.00707	0.77554	0.00707
45	0.01552	0.06209	0.64055	0.02182	0.03270	0.01811	0.05793	0.02399	0.01608	0.02382	0.01359	0.01610	0.00970	0.00714	0.00721	0.00238	0.01118	0.00571	0.00323	0.01111
46	0.01084	0.00813	0.01219	0.01219	0.01354	0.00948	0.00948	0.01354	0.01219	0.01761	0.02032	0.02980	0.01896	0.05689	0.70337	0.01219	0.02032	0.00813	0.00406	0.00677
47	0.01023	0.00773	0.00944	0.00902	0.01102	0.00694	0.00676	0.01334	0.02029	0.02761	0.51102	0.06128	0.24441	0.01655	0.00895	0.00244	0.00365	0.01436	0.00798	0.00694
48	0.01084	0.00813	0.01219	0.01219	0.01354	0.00948	0.00948	0.01354	0.01219	0.01761	0.02032	0.02980	0.01896	0.05689	0.70337	0.01219	0.02032	0.00813	0.00406	0.00677
49	0.02833	0.03615	0.02149	0.01954	0.02345	0.70298	0.01466	0.03029	0.02149	0.01856	0.01172	0.01368	0.00977	0.00782	0.00684	0.00195	0.01368	0.00489	0.00391	0.00879
50	0.78701	0.01467	0.01115	0.00997	0.01467	0.01702	0.00821	0.02230	0.01291	0.03403	0.01056	0.01232	0.00821	0.00704	0.00469	0.00235	0.00587	0.00411	0.00469	0.00821
51	0.01569	0.10443	0.63307	0.02081	0.03158	0.01877	0.02662	0.02390	0.01596	0.02344	0.01333	0.01566	0.00962	0.00714	0.00699	0.00233	0.01092	0.00546	0.00321	0.01107
52	0.01318	0.00659	0.00988	0.00988	0.00988	0.00659	0.00659	0.00988	0.00988	0.01318	0.01318	0.02306	0.01318	0.02635	0.02964	0.77931	0.00659	0.00659	0.00329	0.00329
53	0.01612	0.01531	0.02296	0.61220	0.07048	0.05331	0.02039	0.06032	0.01686	0.02130	0.01371	0.01970	0.01033	0.00766	0.00754	0.00247	0.01015	0.00665	0.00368	0.00885
54	0.01807	0.02041	0.10674	0.07671	0.52278	0.01802	0.07959	0.02325	0.01708	0.02438	0.01425	0.01868	0.01160	0.00682	0.00761	0.00231	0.00965	0.00682	0.00368	0.01158
55	0.01011	0.00701	0.00876	0.00981	0.01014	0.00677	0.00632	0.01101	0.01326	0.01766	0.03452	0.42298	0.04075	0.30921	0.02136	0.00482	0.00572	0.04816	0.00605	0.00557
56	0.01718	0.01519	0.01732	0.01840	0.10504	0.03461	0.01256	0.03178	0.42934	0.02837	0.05270	0.07649	0.08299	0.01190	0.00803	0.00257	0.00628	0.03152	0.00699	0.01075
57	0.01085	0.00808	0.01195	0.01195	0.01322	0.00935	0.00918	0.01339	0.01212	0.01743	0.02054	0.03101	0.01949	0.09823	0.66275	0.01189	0.01952	0.00830	0.00410	0.00664
58	0.02031	0.62849	0.09974	0.01420	0.02097	0.07125	0.01449	0.02331	0.01585	0.01847	0.01091	0.01262	0.00972	0.00664	0.00521	0.00172	0.00875	0.00425	0.00328	0.00981
59	0.02885	0.01501	0.01833	0.01417	0.01989	0.01439	0.01160	0.19441	0.05605	0.39046	0.05865	0.02451	0.01939	0.00928	0.00748	0.00221	0.00668	0.00745	0.00828	0.09291
60	0.01092	0.00733	0.00837	0.00844	0.00854	0.00728	0.00483	0.01114	0.01163	0.01557	0.05095	0.08553	0.03051	0.66772	0.03591	0.00693	0.00705	0.01169	0.00487	0.00478
61	0.01414	0.00707	0.00707	0.00707	0.00884	0.00707	0.00530	0.01767	0.01591	0.02828	0.02474	0.02828	0.01944	0.00884	0.00530	0.00177	0.00353	0.00707	0.77554	0.00707
62	0.01521	0.03923	0.69413	0.02162	0.03283	0.01762	0.02802	0.02402	0.01601	0.02402	0.01361	0.01601	0.00961	0.00721	0.00721	0.00240	0.01121	0.00560	0.00320	0.01121
63	0.02535	0.02860	0.02256	0.02071	0.05746	0.41255	0.01549	0.12593	0.02134	0.02340	0.01249	0.01529	0.01042	0.00915	0.01093	0.00232	0.16650	0.00567	0.00435	0.00950
64	0.00943	0.00674	0.00902	0.01078	0.01130	0.00632	0.00737	0.01089	0.01471	0.01957	0.04170	0.68798	0.04976	0.02359	0.00973	0.00311	0.00456	0.06021	0.00704	0.00621
65	0.01906	0.01768	0.02497	0.04386	0.02422	0.04583	0.11831	0.16057	0.01849	0.02569	0.01427	0.01942	0.01211	0.01692	0.11167	0.00412	0.30171	0.00720	0.00447	0.00943
66	0.01084	0.00813	0.01219	0.01219	0.01354	0.00948	0.00948	0.01354	0.01219	0.01761	0.02032	0.02980	0.01896	0.05689	0.70337	0.01219	0.02032	0.00813	0.00406	0.00677
67	0.06493	0.13040	0.02351	0.03987	0.02336	0.55500	0.01430	0.02851	0.02003	0.01927	0.01156	0.01361	0.00970	0.00759	0.00648	0.00195	0.01241	0.00479	0.00384	0.00888
68	0.01836	0.37329	0.34518	0.01726	0.02594	0.02387	0.02010	0.05680	0.01676	0.02231	0.01238	0.01429	0.00984	0.00696	0.00610	0.00202	0.00957	0.00493	0.00345	0.01059
69	0.02395	0.53407	0.03364	0.01335	0.01959	0.05045	0.01259	0.02649	0.01718	0.18302	0.01534	0.01557	0.01195	0.00725	0.00562	0.00181	0.00791	0.00496	0.00478	0.01048
70	0.01563	0.05788	0.62813	0.02088	0.03142	0.01786	0.02646	0.04401	0.01648	0.02436	0.01392	0.01649	0.01007	0.00910	0.03307	0.00274	0.01137	0.00569	0.00338	0.01106
71	0.01877	0.01802	0.03079	0.04656	0.68612	0.01802	0.02328	0.02328	0.01727	0.02478	0.01427	0.01877	0.01201	0.00676	0.00751	0.00225	0.00901	0.00676	0.00375	0.01201
72	0.01994	0.02271	0.01703	0.01601	0.01870	0.37027	0.01217	0.02226	0.01703	0.01811	0.01585	0.02141	0.01418	0.03136	0.34100	0.00686	0.01686	0.00644	0.00398	0.00782
73	0.01088	0.00794	0.01124	0.01124	0.01227	0.00897	0.00830	0.01294	0.01191	0.01691	0.02118	0.03460	0.02105	0.22057	0.54254	0.01102	0.01718	0.00883	0.00419	0.00625
74	0.01432	0.01348	0.02275	0.71520	0.05224	0.01685	0.02107	0.01938	0.01517	0.01938	0.01348	0.02022	0.01011	0.00758	0.00758	0.00253	0.01011	0.00674	0.00337	0.00843
75	0.01877	0.01802	0.03079	0.04656	0.68612	0.01802	0.02328	0.02328	0.01727	0.02478	0.01427	0.01877	0.01201	0.00676	0.00751	0.00225	0.00901	0.00676	0.00375	0.01201
76	0.01573	0.01348	0.01573	0.01123	0.01798	0.01011	0.00899	0.01910	0.01573	0.02472	0.01348	0.01573	0.01123	0.00562	0.00562	0.00112	0.00562	0.00449	0.00449	0.77980
77	0.01133	0.00885	0.01313	0.01285	0.01409	0.01066	0.01009	0.01395	0.01214	0.01766	0.01943	0.02867	0.01819	0.05316	0.64533	0.01143	0.08013	0.00800	0.00400	0.00690
78	0.02833	0.03615	0.02149	0.01954	0.02345	0.70298	0.01466	0.03029	0.02149	0.01856	0.01172	0.01368	0.00977	0.00782	0.00684	0.00195	0.01368	0.00489	0.00391	0.00879
79	0.01080	0.00775	0.01016	0.01016	0.01099	0.00834	0.00707	0.01226	0.01200	0.01650	0.02547	0.04135	0.06463	0.35552	0.36386	0.00943	0.01351	0.00992	0.00449	0.00578
80	0.01443	0.01365	0.01899	0.01716	0.01729	0.01821	0.01378	0.01599	0.01247	0.01858	0.01933	0.22606	0.02179	0.01636	0.02042	0.00325	0.50912	0.01103	0.00441	0.00767
81	0.02375	0.01708	0.01886	0.01569	0.02062	0.01893	0.01258	0.25497	0.32644	0.11952	0.02566	0.02456	0.01876	0.01270	0.05149	0.00305	0.00778	0.00782	0.00765	0.01210
82	0.01085	0.00808	0.01195	0.01195	0.01322	0.00935	0.00918	0.01339	0.01212	0.01743	0.02054	0.03101	0.01949	0.09823	0.66275	0.01189	0.01952	0.00830	0.00410	0.00664
83	0.01581	0.01559	0.02765	0.47193	0.04527	0.01823	0.16080	0.04124	0.01608	0.02127	0.01369	0.01984	0.01049	0.00794	0.00963	0.00261	0.08215	0.00722	0.00361	0.00896
84	0.01057	0.00728	0.00828	0.00853	0.00886	0.00709	0.00506	0.01095	0.01217	0.01596	0.03192	0.14592	0.09937	0.56050	0.03150	0.00626	0.00658	0.01301	0.00519	0.00500
85	0.01089	0.00782	0.01051	0.01110	0.01261	0.00744	0.00868	0.01399	0.01884	0.02583	0.35671	0.20070	0.05871	0.01884	0.00956	0.00286	0.00479	0.20554	0.00767	0.00690
86	0.10893	0.01308	0.01696	0.01315	0.01890	0.01173	0.01086	0.03551	0.02083	0.62598	0.02800	0.02447	0.01773	0.00915	0.00734	0.00235	0.00640	0.00728	0.00892	0.01244
87	0.01688	0.02694	0.27719	0.02489	0.03230	0.05166	0.27422	0.02310	0.01622	0.02274	0.01404	0.01845	0.01090	0.01030	0.04599	0.00307	0.11034	0.00717	0.00355	0.01008
88	0.03331	0.01406	0.01832	0.01404	0.01994	0.01286	0.01160	0.12320	0.02364	0.60241	0.02831	0.02477	0.01796	0.00935	0.00762	0.00234	0.00672	0.00752	0.00914	0.01291
89	0.01946	0.06375	0.08700	0.07664	0.04356	0.01876	0.01471	0.11803	0.32907	0.05105	0.02404	0.02638	0.01879	0.04588	0.00908	0.00270	0.00753	0.02609	0.00635	0.01111
90	0.02733	0.02050	0.02192	0.01715	0.02295	0.02282	0.01405	0.56722	0.13172	0.04538	0.02012	0.01973	0.01445	0.00928	0.00761	0.00232	0.00799	0.00709	0.00761	0.01276
91	0.10488	0.05821	0.39801	0.04526	0.11183	0.01849	0.07888	0.05428	0.01688	0.02604	0.01359	0.01641	0.01009	0.00714	0.00705	0.00236	0.01017	0.00590	0.00372	0.01082
92	0.59912	0.01817	0.08434	0.01225	0.01782	0.01800	0.01117	0.11261	0.01645	0.03493	0.01196	0.01354	0.00902	0.00735	0.00537	0.00234	0.00678	0.00465	0.00495	0.00919
93	0.02820	0.02045	0.02205	0.01710	0.02301	0.02258	0.01407	0.57993	0.09011	0.07451	0.01982	0.01942	0.01404	0.00922	0.00760	0.00231	0.00806	0.00701	0.00768	0.01282
94	0.02234	0.06537	0.04521	0.01855	0.02289	0.05727	0.05688	0.27769	0.08355	0.03190	0.01772	0.01977	0.03204	0.01017	0.01218	0.00256	0.20055	0.00703	0.00559	0.01075
95	0.01589	0.13282	0.60649	0.02046	0.03104	0.01928	0.02601	0.02385	0.01593	0.02319	0.01320	0.01550	0.00963	0.00711	0.00689	0.00230	0.01079	0.00540	0.00321	0.01101
96	0.01109	0.00957	0.04588	0.01207	0.01372	0.00957	0.00967	0.01369	0.01221	0.01749	0.02052	0.03211	0.01980	0.15687	0.56769	0.01097	0.01790	0.00844	0.00410	0.00667
97	0.01088	0.00797	0.01138	0.01138	0.01245	0.00904	0.00847	0.01302	0.01195	0.01701	0.02106	0.03391	0.02075	0.19715	0.56556	0.01119	0.01763	0.00873	0.00417	0.00632
98	0.01871	0.08015	0.49473	0.02022	0.02979	0.06259	0.02389	0.13401	0.01971	0.02738	0.01409	0.01600	0.01019	0.00753	0.00710	0.00230	0.01068	0.00567	0.00401	0.01126
99	0.02080	0.69286	0.03857	0.01340	0.01972	0.07329	0.01309	0.02320	0.01580	0.01789	0.01062	0.01226	0.00974	0.00657	0.00499	0.00164	0.00847	0.00411	0.00329	0.00967
100	0.01970	0.00986	0.01328	0.01226	0.01549	0.00897	0.00999	0.02272	0.01961	0.27560	0.16880	0.11337	0.07408	0.01565	0.00894	0.00275	0.00570	0.18589	0.00817	0.00915
101	0.02214	0.01363	0.01947	0.01555	0.02009	0.03429	0.10863	0.04623	0.08133	0.27112	0.21364	0.06285	0.03400	0.01131	0.00827	0.00243	0.00676	0.01013	0.00776	0.01036
102	0.02746	0.04291	0.02288	0.03998	0.02409	0.04631	0.01445	0.56021	0.07387	0.04397	0.01840	0.01857	0.01325	0.00901	0.00749	0.00227	0.00843	0.00679	0.00720	0.01246
103	0.00965	0.00681	0.00879	0.01009	0.01053	0.00643	0.00661	0.01087	0.01432	0.01920	0.07744	0.56618	0.04742	0.15032	0.01482	0.00380	0.00488	0.01920	0.00668	0.00594
104	0.00928	0.00670	0.00879	0.01038	0.01097	0.00621	0.00698	0.01071	0.01490	0.01980	0.06573	0.67228	0.08272	0.02325	0.00962	0.00303	0.00434	0.02101	0.00709	0.00621
105	0.01883	0.05767	0.13229	0.13614	0.31401	0.04035	0.03993	0.08279	0.05797	0.02583	0.01517	0.01864	0.01190	0.00739	0.00738	0.00231	0.00949	0.00656	0.00418	0.01116
106	0.03403	0.01291	0.01760	0.01350	0.01936	0.01115	0.01115	0.03697	0.02171	0.69137	0.02992	0.02582	0.01878	0.00939	0.00763	0.00235	0.00645	0.00763	0.00939	0.01291
107	0.01494	0.01402	0.02361	0.57041	0.15977	0.01665	0.02086	0.01984	0.01579	0.02077	0.04162	0.02150	0.01301	0.00777	0.00763	0.00247	0.00965	0.00704	0.00365	0.00899
108	0.01823	0.01823	0.03291	0.07606	0.47415	0.01853	0.15913	0.02299	0.01695	0.02400	0.01420	0.01908	0.01168	0.00712	0.00888	0.00240	0.05330	0.00722	0.00373	0.01122
109	0.01891	0.04349	0.14788	0.10297	0.04683	0.01929	0.01682	0.11099	0.34825	0.03013	0.02277	0.02294	0.01696	0.00900	0.00749	0.00246	0.00794	0.00738	0.00606	0.01146
110	0.09099	0.05478	0.26919	0.01606	0.02192	0.01446	0.01704	0.02139	0.07725	0.02448	0.02525	0.13306	0.02478	0.01314	0.00805	0.00274	0.00806	0.16293	0.00524	0.00917
111	0.06178	0.09431	0.02462	0.04489	0.12031	0.11742	0.04193	0.23003	0.02321	0.03058	0.04786	0.02095	0.04338	0.00905	0.00838	0.00227	0.05629	0.00691	0.00533	0.01050
112	0.02901	0.02096	0.02258	0.01732	0.02338	0.02309	0.01430	0.63924	0.03518	0.07007	0.01862	0.01847	0.01310	0.00912	0.00759	0.00228	0.00828	0.00686	0.00765	0.01290
113	0.02077	0.01433	0.01580	0.01301	0.01631	0.01530	0.00977	0.32430	0.02389	0.06681	0.05182	0.03363	0.02210	0.31484	0.02073	0.00443	0.00761	0.00896	0.00646	0.00913
114	0.02662	0.03202	0.02220	0.02158	0.07992	0.55057	0.01539	0.07195	0.02158	0.02120	0.01308	0.01648	0.01110	0.00840	0.00780	0.00210	0.04230	0.02223	0.00421	0.00928
115	0.15372	0.01040	0.01226	0.01094	0.01396	0.01013	0.00825	0.02183	0.01641	0.24160	0.08504	0.12281	0.02814	0.16226	0.01488	0.03434	0.00604	0.03171	0.00686	0.00841
116	0.75525	0.01494	0.01163	0.01029	0.01504	0.01729	0.00847	0.04904	0.01386	0.03461	0.01088	0.01257	0.00841	0.00713	0.00482	0.00234	0.00597	0.00422	0.00482	0.00841
117	0.01152	0.00801	0.00997	0.04150	0.01218	0.00772	0.00680	0.01361	0.01679	0.04267	0.31705	0.05319	0.11741	0.28646	0.02005	0.00429	0.00542	0.01245	0.00659	0.00634
118	0.02282	0.01837	0.02022	0.01814	0.06195	0.02067	0.01365	0.28589	0.37930	0.03769	0.02483	0.02371	0.01840	0.00960	0.00765	0.00244	0.00712	0.00777	0.00742	0.01236
119	0.01076	0.00812	0.01000	0.00961	0.01173	0.00729	0.00729	0.01370	0.01911	0.02608	0.39869	0.08081	0.19584	0.05254	0.01040	0.00272	0.00428	0.06953	0.00748	0.05403
120	0.65937	0.01488	0.01426	0.06300	0.01909	0.01695	0.04899	0.02268	0.01366	0.05344	0.01169	0.01383	0.00889	0.00712	0.00526	0.00237	0.00662	0.00471	0.00470	0.00850
121	0.00949	0.00770	0.00841	0.00824	0.01057	0.00663	0.00618	0.01190	0.01853	0.02343	0.25634	0.06815	0.50170	0.01811	0.00896	0.00251	0.00376	0.01533	0.00743	0.00663
122	0.06699	0.05136	0.02076	0.01623	0.02057	0.01579	0.08981	0.18249	0.02089	0.10429	0.02213	0.03162	0.01905	0.02234	0.18304	0.00497	0.01132	0.10069	0.00596	0.00971
123	0.04938	0.01075	0.01429	0.03939	0.07385	0.03230	0.01087	0.01662	0.01447	0.05253	0.06358	0.05711	0.02463	0.12923	0.28894	0.00709	0.03675	0.06574	0.00497	0.00749
124	0.01074	0.00775	0.01014	0.00954	0.01133	0.00716	0.00716	0.01431	0.02147	0.03042	0.68211	0.05666	0.07157	0.01551	0.00895	0.00239	0.00358	0.01372	0.00835	0.00716
125	0.01610	0.03602	0.56669	0.02368	0.05369	0.04015	0.10993	0.02424	0.01648	0.02390	0.01380	0.01661	0.00994	0.00711	0.00743	0.00240	0.01143	0.00606	0.00333	0.01103
126	0.11376	0.00897	0.01042	0.00971	0.01204	0.00866	0.00727	0.01639	0.01866	0.08198	0.39194	0.08957	0.10620	0.07881	0.01098	0.00288	0.00452	0.01239	0.00743	0.00741
127	0.78701	0.01467	0.01115	0.00997	0.01467	0.01702	0.00821	0.02230	0.01291	0.03403	0.01056	0.01232	0.00821	0.00704	0.00469	0.00235	0.00587	0.00411	0.00469	0.00821
128	0.01102	0.00876	0.01036	0.04121	0.01327	0.03923	0.00787	0.01309	0.01655	0.02194	0.21147	0.36391	0.07320	0.09878	0.01247	0.00328	0.00524	0.03501	0.00682	0.00651
