[name]
unknown

[dist]
# distance from previous block
# <min> <max>
0	36

[block]
# block no. 0 follows, 22 sequences, length 28
# corresponding to MSA columns:
# 36-63
name=unknown_A
#
# <colnr> <probs for GDERKNQSTAVLIFYWHMCP>
#	G	D	E	R	K	N	Q	S	T	A	V	L	I	F	Y	W	H	M	C	P
0	0.11717	0.07632	0.04554	0.04694	0.02070	0.01586	0.03888	0.09746	0.02002	0.02984	0.09593	0.06209	0.02790	0.06927	0.04099	0.00351	0.00831	0.08500	0.03793	0.06034
1	0.07930	0.01548	0.01881	0.31486	0.03453	0.07351	0.01540	0.02172	0.01702	0.02485	0.01656	0.02178	0.01307	0.00909	0.00824	0.03528	0.00880	0.00664	0.14072	0.12434
2	0.03160	0.01578	0.04921	0.06113	0.02395	0.01385	0.01372	0.06268	0.06762	0.47282	0.07428	0.02959	0.02363	0.01057	0.00844	0.00260	0.00741	0.00870	0.00922	0.01320
3	0.02174	0.01552	0.02215	0.25885	0.03489	0.01537	0.03852	0.06778	0.01992	0.15243	0.01877	0.02158	0.01363	0.00805	0.00766	0.00220	0.00862	0.00685	0.00575	0.25971
4	0.09183	0.01293	0.01556	0.01300	0.01780	0.01227	0.01040	0.03098	0.09613	0.32810	0.14326	0.04082	0.12572	0.01293	0.00855	0.00264	0.00599	0.01065	0.00902	0.01142
5	0.01683	0.00904	0.00918	0.00869	0.01102	0.00925	0.00664	0.07021	0.01923	0.03276	0.02650	0.03005	0.02069	0.00970	0.00602	0.00198	0.00431	0.00772	0.69190	0.00828
6	0.01021	0.00730	0.00972	0.01151	0.01207	0.00681	0.00772	0.01178	0.01631	0.02184	0.07770	0.66889	0.05618	0.02555	0.01056	0.00333	0.00477	0.02316	0.00779	0.00681
7	0.06099	0.00825	0.00801	0.00794	0.01007	0.00840	0.00600	0.01966	0.01722	0.03135	0.02616	0.02991	0.02055	0.00956	0.00577	0.00197	0.00403	0.00755	0.70880	0.00782
8	0.01157	0.00835	0.01094	0.01058	0.01237	0.00771	0.00782	0.01521	0.02264	0.03193	0.58244	0.13540	0.07570	0.01802	0.00989	0.00270	0.00402	0.01601	0.00898	0.00771
9	0.01010	0.00732	0.00954	0.01132	0.01198	0.00677	0.00760	0.01160	0.01614	0.02130	0.04881	0.65360	0.10201	0.02563	0.01054	0.00333	0.00477	0.02314	0.00771	0.00677
10	0.01549	0.00774	0.00774	0.00774	0.00968	0.00774	0.00581	0.01936	0.01742	0.03097	0.02710	0.03097	0.02129	0.00968	0.00581	0.00194	0.00387	0.00774	0.75416	0.00774
11	0.76672	0.01607	0.01221	0.01092	0.01607	0.01864	0.00900	0.02442	0.01414	0.03727	0.01157	0.01350	0.00900	0.00771	0.00514	0.00257	0.00643	0.00450	0.00514	0.00900
12	0.01012	0.00723	0.00964	0.01157	0.01205	0.00675	0.00771	0.01157	0.01591	0.02121	0.04579	0.70262	0.05495	0.02603	0.01060	0.00337	0.00482	0.02362	0.00771	0.00675
13	0.01723	0.01477	0.01723	0.01230	0.01969	0.01107	0.00984	0.02092	0.01723	0.02707	0.01477	0.01723	0.01230	0.00615	0.00615	0.00123	0.00615	0.00492	0.00492	0.75883
14	0.03727	0.01414	0.01928	0.01478	0.02121	0.01221	0.01221	0.04049	0.02378	0.66198	0.03277	0.02828	0.02056	0.01028	0.00835	0.00257	0.00707	0.00835	0.01028	0.01414
15	0.03648	0.01541	0.02006	0.01538	0.02184	0.01409	0.01271	0.12222	0.02590	0.57724	0.03099	0.02712	0.01967	0.01024	0.00835	0.00256	0.00736	0.00823	0.01001	0.01414
16	0.76672	0.01607	0.01221	0.01092	0.01607	0.01864	0.00900	0.02442	0.01414	0.03727	0.01157	0.01350	0.00900	0.00771	0.00514	0.00257	0.00643	0.00450	0.00514	0.00900
17	0.02056	0.01974	0.03372	0.05099	0.65622	0.01974	0.02550	0.02550	0.01892	0.02714	0.01563	0.02056	0.01316	0.00740	0.00822	0.00247	0.00987	0.00740	0.00411	0.01316
18	0.03084	0.02290	0.02451	0.01896	0.02548	0.02541	0.01561	0.58868	0.08012	0.05116	0.02089	0.02070	0.01489	0.01006	0.00832	0.00252	0.00897	0.00761	0.00832	0.01406
19	0.02266	0.01890	0.02117	0.05967	0.05523	0.02156	0.01490	0.16521	0.44627	0.03728	0.02885	0.02762	0.02154	0.01063	0.00840	0.00273	0.00755	0.00877	0.00793	0.01312
20	0.01028	0.00729	0.00959	0.01137	0.01181	0.00685	0.00750	0.01161	0.01560	0.02081	0.04424	0.65159	0.05300	0.07972	0.01310	0.00374	0.00507	0.02271	0.00750	0.00661
21	0.06916	0.01419	0.01776	0.01433	0.01975	0.01350	0.01160	0.06215	0.10189	0.42001	0.13244	0.03299	0.02973	0.01135	0.00843	0.00261	0.00655	0.00933	0.00951	0.01271
22	0.07671	0.01762	0.03151	0.28838	0.04260	0.01916	0.24035	0.04956	0.01834	0.02614	0.01696	0.04683	0.01362	0.00882	0.00937	0.00278	0.03909	0.00865	0.03352	0.00999
23	0.02337	0.01730	0.08640	0.19637	0.03126	0.01552	0.01662	0.08654	0.05063	0.22160	0.13817	0.03102	0.02715	0.01075	0.00856	0.00264	0.00828	0.00905	0.00733	0.01143
24	0.01237	0.00837	0.01053	0.01059	0.01233	0.00764	0.00758	0.01492	0.01964	0.06071	0.29860	0.25368	0.15503	0.07436	0.01252	0.00330	0.00473	0.01739	0.00823	0.00750
25	0.01956	0.01555	0.01700	0.05561	0.02044	0.06641	0.01206	0.14438	0.06881	0.06016	0.10299	0.22543	0.03445	0.01547	0.00983	0.00277	0.04018	0.01301	0.04051	0.03541
26	0.19579	0.02254	0.07731	0.06938	0.02536	0.08888	0.01518	0.24023	0.02524	0.07149	0.01858	0.04915	0.01451	0.00971	0.00746	0.00253	0.00903	0.00722	0.03911	0.01132
27	0.02436	0.01938	0.07822	0.10210	0.02869	0.01924	0.04983	0.07930	0.17668	0.19167	0.02410	0.02479	0.01734	0.01052	0.01128	0.00283	0.11239	0.00815	0.00693	0.01220

[dist]
# distance from previous block
# <min> <max>
0	1

[block]
# block no. 1 follows, 22 sequences, length 22
# corresponding to MSA columns:
# 65-86
name=unknown_B
#
# <colnr> <probs for GDERKNQSTAVLIFYWHMCP>
#	G	D	E	R	K	N	Q	S	T	A	V	L	I	F	Y	W	H	M	C	P
0	0.07634	0.01738	0.07081	0.10919	0.02844	0.01577	0.06781	0.03214	0.04500	0.33366	0.05452	0.02622	0.01940	0.01002	0.00954	0.00270	0.05336	0.00821	0.00745	0.01206
1	0.01811	0.02449	0.18704	0.06074	0.19104	0.01871	0.19050	0.02603	0.07181	0.02660	0.02031	0.08921	0.01748	0.00964	0.00884	0.00273	0.01087	0.00955	0.00470	0.01159
2	0.01800	0.01648	0.02800	0.37571	0.04382	0.01919	0.12832	0.05195	0.01784	0.04806	0.01713	0.04967	0.01416	0.03109	0.01224	0.00305	0.10244	0.00863	0.00446	0.00977
3	0.76672	0.01607	0.01221	0.01092	0.01607	0.01864	0.00900	0.02442	0.01414	0.03727	0.01157	0.01350	0.00900	0.00771	0.00514	0.00257	0.00643	0.00450	0.00514	0.00900
4	0.01425	0.00728	0.01069	0.01069	0.01069	0.00728	0.00705	0.01092	0.01092	0.01456	0.01532	0.02745	0.01562	0.08006	0.03321	0.70174	0.00728	0.00758	0.00372	0.00372
5	0.15578	0.04982	0.02437	0.46466	0.10867	0.01933	0.02027	0.02243	0.01640	0.02472	0.01410	0.01995	0.01088	0.00804	0.00756	0.00265	0.00998	0.00671	0.00400	0.00966
6	0.06326	0.01561	0.01813	0.01492	0.02023	0.01601	0.01201	0.11309	0.19671	0.29544	0.05498	0.02889	0.02294	0.01061	0.00805	0.00257	0.00674	0.00856	0.07849	0.01277
7	0.01989	0.01121	0.01357	0.01248	0.01547	0.01097	0.00925	0.04198	0.10714	0.18716	0.06272	0.21263	0.06371	0.11399	0.01367	0.00355	0.00607	0.01366	0.07123	0.00964
8	0.01353	0.00944	0.01173	0.01104	0.01338	0.00886	0.00828	0.05306	0.02285	0.05690	0.43227	0.14623	0.14462	0.01803	0.00976	0.00273	0.00452	0.01577	0.00876	0.00822
9	0.01090	0.00810	0.01015	0.01039	0.01207	0.00736	0.00750	0.01374	0.02038	0.02763	0.36274	0.25458	0.18302	0.02044	0.01004	0.00287	0.00424	0.01805	0.00844	0.00736
10	0.02249	0.01782	0.02148	0.01648	0.02266	0.01768	0.06288	0.25067	0.07932	0.03726	0.02389	0.02495	0.05408	0.00933	0.00765	0.00213	0.00763	0.00770	0.07551	0.23838
11	0.01187	0.00890	0.01335	0.01335	0.01483	0.01038	0.01038	0.01483	0.01335	0.01928	0.02225	0.03264	0.02077	0.06231	0.67512	0.01335	0.02225	0.00890	0.00445	0.00742
12	0.02221	0.71304	0.04353	0.01421	0.02132	0.03287	0.01421	0.02488	0.01688	0.01955	0.01155	0.01333	0.01066	0.00711	0.00533	0.00178	0.00888	0.00444	0.00355	0.01066
13	0.01962	0.27249	0.30917	0.05061	0.03227	0.05513	0.10232	0.02595	0.01782	0.02349	0.01388	0.01679	0.01088	0.00755	0.00725	0.00234	0.01140	0.00605	0.00366	0.01132
14	0.01012	0.00723	0.00964	0.01157	0.01205	0.00675	0.00771	0.01157	0.01591	0.02121	0.04579	0.70262	0.05495	0.02603	0.01060	0.00337	0.00482	0.02362	0.00771	0.00675
15	0.00982	0.00842	0.00842	0.00842	0.01122	0.00701	0.00631	0.01192	0.01894	0.02244	0.08416	0.07995	0.65285	0.02104	0.00982	0.00281	0.00421	0.01753	0.00771	0.00701
16	0.01949	0.01528	0.01787	0.01291	0.02019	0.01211	0.01039	0.06206	0.01909	0.07069	0.01630	0.01814	0.01297	0.00668	0.00644	0.00140	0.00641	0.00532	0.00550	0.66077
17	0.05138	0.23048	0.33926	0.04738	0.03096	0.02265	0.05949	0.02685	0.01783	0.07921	0.01544	0.01756	0.01151	0.00783	0.00721	0.00239	0.01066	0.00605	0.00422	0.01164
18	0.01825	0.07312	0.24728	0.10974	0.05915	0.04731	0.16381	0.02467	0.01790	0.02471	0.04518	0.02119	0.01449	0.00888	0.01049	0.00272	0.08858	0.00761	0.00403	0.01089
19	0.03447	0.07420	0.02121	0.01455	0.02110	0.01390	0.01220	0.03767	0.02269	0.55894	0.02959	0.02616	0.01909	0.00970	0.00793	0.00240	0.00716	0.00776	0.00930	0.06998
20	0.01226	0.00808	0.00973	0.00973	0.00991	0.00826	0.00587	0.01231	0.01213	0.01635	0.02469	0.04923	0.02770	0.57134	0.11825	0.07312	0.00971	0.01128	0.00484	0.00520
21	0.02126	0.06896	0.11145	0.08979	0.05864	0.07906	0.18933	0.06249	0.01946	0.06728	0.01688	0.02194	0.01339	0.03898	0.03621	0.00329	0.07824	0.00784	0.00467	0.01083

[dist]
# distance from previous block
# <min> <max>
0	15

[block]
# block no. 2 follows, 22 sequences, length 23
# corresponding to MSA columns:
# 104-126
name=unknown_C
#
# <colnr> <probs for GDERKNQSTAVLIFYWHMCP>
#	G	D	E	R	K	N	Q	S	T	A	V	L	I	F	Y	W	H	M	C	P
0	0.07882	0.02089	0.07605	0.06231	0.03126	0.02265	0.21459	0.02299	0.01561	0.02403	0.01335	0.01934	0.01128	0.01075	0.01746	0.00316	0.33374	0.00779	0.00393	0.00999
1	0.02236	0.01777	0.01875	0.01626	0.02104	0.02018	0.01282	0.16575	0.43694	0.03805	0.03004	0.02864	0.02247	0.01080	0.00810	0.00264	0.00679	0.00878	0.09911	0.01270
2	0.02206	0.05577	0.22341	0.08933	0.11250	0.10182	0.06016	0.13657	0.02209	0.02931	0.01538	0.01867	0.01175	0.00870	0.00933	0.00258	0.05738	0.00681	0.00463	0.01177
3	0.01443	0.00722	0.01082	0.01082	0.01082	0.00722	0.00722	0.01082	0.01082	0.01443	0.01443	0.02525	0.01443	0.02886	0.03247	0.75830	0.00722	0.00722	0.00361	0.00361
4	0.02027	0.01944	0.03320	0.08893	0.62055	0.01966	0.02535	0.02524	0.01878	0.02679	0.01558	0.02066	0.01303	0.00746	0.00823	0.00249	0.00994	0.00740	0.00409	0.01292
5	0.01988	0.01695	0.02184	0.01814	0.02234	0.05751	0.11221	0.19909	0.02476	0.03244	0.08853	0.16152	0.06637	0.05809	0.01152	0.00317	0.00856	0.06011	0.00706	0.00993
6	0.01939	0.01808	0.02470	0.07479	0.02482	0.02413	0.01785	0.09936	0.01651	0.02429	0.01300	0.01949	0.01186	0.01595	0.05736	0.00393	0.51313	0.00739	0.00429	0.00967
7	0.01569	0.01477	0.02492	0.68808	0.05722	0.01846	0.02307	0.02123	0.01661	0.02123	0.01477	0.02215	0.01107	0.00831	0.00831	0.00277	0.01107	0.00738	0.00369	0.00923
8	0.01977	0.02198	0.04174	0.10057	0.08394	0.05740	0.42869	0.02569	0.01879	0.02509	0.01571	0.02142	0.01221	0.00800	0.01116	0.00282	0.08121	0.00889	0.00409	0.01084
9	0.03058	0.01632	0.06336	0.07142	0.05638	0.01388	0.01479	0.03594	0.06510	0.45355	0.06764	0.02895	0.02266	0.01030	0.00841	0.00261	0.00765	0.00856	0.00879	0.01311
10	0.01153	0.00841	0.01084	0.01039	0.01231	0.00772	0.00773	0.01518	0.02275	0.03187	0.57833	0.10283	0.11338	0.01780	0.00985	0.00267	0.00399	0.01571	0.00897	0.00772
11	0.01012	0.00723	0.00964	0.01157	0.01205	0.00675	0.00771	0.01157	0.01591	0.02121	0.04579	0.70262	0.05495	0.02603	0.01060	0.00337	0.00482	0.02362	0.00771	0.00675
12	0.01959	0.01932	0.03560	0.17032	0.04014	0.02011	0.32064	0.09892	0.04292	0.02837	0.01918	0.02740	0.01551	0.01064	0.02785	0.00314	0.03500	0.04960	0.00497	0.01079
13	0.01664	0.00999	0.01130	0.05542	0.01514	0.01069	0.00848	0.05749	0.06840	0.03028	0.02533	0.02943	0.02004	0.01358	0.04154	0.05065	0.00602	0.00786	0.51331	0.00839
14	0.01016	0.00782	0.00929	0.01020	0.01175	0.00696	0.00716	0.01210	0.01783	0.02284	0.11837	0.39359	0.29578	0.02318	0.01021	0.00308	0.00449	0.02038	0.00785	0.00696
15	0.05766	0.17460	0.39078	0.02022	0.03010	0.02109	0.04417	0.02798	0.01821	0.11710	0.01669	0.01819	0.01200	0.00804	0.00736	0.00245	0.01060	0.00616	0.00460	0.01202
16	0.06715	0.05751	0.07351	0.12742	0.03972	0.05349	0.34588	0.08304	0.02061	0.02823	0.01591	0.02049	0.01199	0.00765	0.00870	0.00266	0.01233	0.00820	0.00451	0.01100
17	0.01181	0.00797	0.00924	0.00946	0.00962	0.00787	0.00553	0.01220	0.01318	0.01767	0.06165	0.13870	0.03594	0.58336	0.03647	0.00716	0.00742	0.01373	0.00560	0.00540
18	0.01022	0.00731	0.00973	0.01150	0.01207	0.00682	0.00772	0.01182	0.01638	0.02196	0.08348	0.66278	0.05640	0.02546	0.01055	0.00333	0.00476	0.02308	0.00780	0.00682
19	0.01858	0.06066	0.21779	0.07157	0.12937	0.02142	0.20758	0.02495	0.01756	0.02493	0.01482	0.01964	0.01165	0.00853	0.01132	0.00278	0.11407	0.00760	0.00384	0.01134
20	0.02134	0.11246	0.05084	0.18376	0.18690	0.11882	0.11062	0.04753	0.04315	0.02484	0.01548	0.01972	0.01233	0.00794	0.00800	0.00247	0.01131	0.00711	0.00427	0.01112
21	0.08070	0.06400	0.02275	0.10105	0.02679	0.01812	0.04730	0.12159	0.09413	0.03156	0.01748	0.01963	0.01362	0.00788	0.00711	0.00205	0.00795	0.00637	0.00561	0.30433
22	0.03838	0.08995	0.24126	0.01848	0.02572	0.01799	0.05720	0.06224	0.01909	0.06697	0.05012	0.06869	0.01892	0.01018	0.00902	0.00249	0.05506	0.00814	0.06561	0.07448

[dist]
# distance from previous block
# <min> <max>
2	48

[block]
# block no. 3 follows, 22 sequences, length 19
# corresponding to MSA columns:
# 175-193
name=unknown_D
#
# <colnr> <probs for GDERKNQSTAVLIFYWHMCP>
#	G	D	E	R	K	N	Q	S	T	A	V	L	I	F	Y	W	H	M	C	P
0	0.07925	0.05749	0.02909	0.09671	0.03064	0.05961	0.20125	0.10196	0.02041	0.02805	0.02179	0.16147	0.02084	0.01199	0.00962	0.00280	0.04060	0.01098	0.00543	0.01004
1	0.01455	0.01316	0.05785	0.05332	0.01790	0.01111	0.01040	0.06113	0.05807	0.06088	0.06089	0.06025	0.41032	0.05970	0.01132	0.00308	0.00609	0.01404	0.00724	0.00868
2	0.07301	0.15049	0.13116	0.01928	0.02572	0.32598	0.01742	0.07205	0.02194	0.06935	0.01477	0.01630	0.01149	0.00837	0.00716	0.00224	0.01201	0.00563	0.00478	0.01083
3	0.16797	0.06894	0.08368	0.11660	0.05276	0.05598	0.01581	0.10657	0.04848	0.06659	0.04958	0.02306	0.03921	0.00924	0.00737	0.00244	0.00866	0.00710	0.00570	0.06427
4	0.10893	0.09297	0.16837	0.01683	0.02426	0.05791	0.01649	0.03296	0.07853	0.25769	0.02233	0.02166	0.01549	0.00894	0.00745	0.00244	0.00877	0.00680	0.00672	0.04445
5	0.02529	0.01359	0.01687	0.01404	0.01888	0.01311	0.01116	0.03382	0.17886	0.30514	0.19799	0.03748	0.03686	0.01213	0.00866	0.00258	0.00606	0.01024	0.00926	0.04799
6	0.01443	0.00722	0.01082	0.01082	0.01082	0.00722	0.00722	0.01082	0.01082	0.01443	0.01443	0.02525	0.01443	0.02886	0.03247	0.75830	0.00722	0.00722	0.00361	0.00361
7	0.05689	0.08676	0.26863	0.06341	0.04695	0.02074	0.08410	0.09354	0.09330	0.02978	0.01947	0.02502	0.01552	0.00942	0.00813	0.00267	0.01040	0.04851	0.00509	0.01168
8	0.01708	0.01724	0.03240	0.39764	0.08389	0.01872	0.21641	0.02285	0.01770	0.02347	0.01657	0.04603	0.01327	0.00840	0.00880	0.00274	0.01158	0.00866	0.00406	0.03250
9	0.01409	0.00847	0.00937	0.00950	0.01078	0.00849	0.00647	0.04480	0.01656	0.02550	0.03052	0.18244	0.03085	0.21959	0.01774	0.00408	0.00557	0.01244	0.33570	0.00703
10	0.01669	0.01425	0.05926	0.01346	0.01722	0.01292	0.01111	0.08460	0.14769	0.05799	0.14567	0.16637	0.13430	0.01597	0.00905	0.00276	0.00592	0.01367	0.06130	0.00980
11	0.01776	0.01929	0.05626	0.15101	0.05977	0.01904	0.31647	0.02339	0.01798	0.02466	0.01865	0.05176	0.01617	0.00985	0.01114	0.00288	0.08043	0.05135	0.00444	0.04771
12	0.06146	0.01607	0.05391	0.01501	0.02077	0.01426	0.01290	0.08843	0.08511	0.34121	0.06049	0.03255	0.02391	0.01114	0.00824	0.00259	0.00712	0.04967	0.05502	0.04014
13	0.01493	0.00914	0.01222	0.05896	0.01651	0.00868	0.00935	0.01713	0.01777	0.11820	0.08169	0.38114	0.10701	0.06995	0.01227	0.00346	0.00582	0.04002	0.00771	0.00804
14	0.01697	0.01596	0.02674	0.04375	0.02697	0.01636	0.20590	0.05844	0.05394	0.02625	0.02809	0.17863	0.04901	0.01427	0.01166	0.00297	0.08948	0.06032	0.00585	0.06845
15	0.04712	0.06243	0.03735	0.05344	0.07920	0.01994	0.34649	0.05958	0.04711	0.02883	0.07323	0.02481	0.01878	0.00830	0.00882	0.00257	0.01103	0.00903	0.00507	0.05687
16	0.02018	0.01779	0.06245	0.03892	0.02764	0.01489	0.18228	0.05145	0.01941	0.10531	0.02037	0.05991	0.01650	0.01128	0.04140	0.00276	0.00970	0.00830	0.03451	0.25496
17	0.13160	0.02209	0.14831	0.10059	0.09653	0.01863	0.03897	0.10063	0.01978	0.06922	0.01787	0.06089	0.01467	0.00970	0.00913	0.00262	0.05804	0.00766	0.00526	0.06782
18	0.10655	0.04320	0.10025	0.05657	0.02275	0.01471	0.05133	0.02418	0.07318	0.10162	0.08828	0.10800	0.05249	0.05382	0.03996	0.00345	0.00837	0.01049	0.00637	0.03440

[dist]
# distance from previous block
# <min> <max>
0	18

[block]
# block no. 4 follows, 22 sequences, length 88
# corresponding to MSA columns:
# 212-299
name=unknown_E
#
# <colnr> <probs for GDERKNQSTAVLIFYWHMCP>
#	G	D	E	R	K	N	Q	S	T	A	V	L	I	F	Y	W	H	M	C	P
0	0.06008	0.29738	0.03057	0.01640	0.02180	0.02438	0.04202	0.09445	0.04840	0.07915	0.01850	0.07537	0.01640	0.01041	0.00952	0.00241	0.09480	0.00759	0.00542	0.04496
1	0.13028	0.02004	0.05622	0.06464	0.04753	0.05051	0.12671	0.06775	0.05428	0.06066	0.01670	0.01953	0.01284	0.00817	0.00865	0.00235	0.04915	0.00681	0.00524	0.19195
2	0.02615	0.01712	0.02395	0.05298	0.06287	0.01661	0.08460	0.09233	0.13248	0.23652	0.02478	0.02456	0.01750	0.00905	0.00814	0.00240	0.00819	0.00791	0.00743	0.14442
3	0.01937	0.01510	0.01866	0.04597	0.05275	0.01243	0.01161	0.02416	0.04931	0.08665	0.01745	0.01935	0.01372	0.00696	0.00668	0.00157	0.00667	0.00570	0.00551	0.58039
4	0.01048	0.00751	0.00976	0.01131	0.01199	0.00704	0.00766	0.01205	0.01621	0.02155	0.07399	0.56382	0.08135	0.08306	0.01325	0.00373	0.00514	0.04586	0.00755	0.00670
5	0.01313	0.00833	0.01091	0.01134	0.01296	0.00760	0.00809	0.01553	0.01915	0.08445	0.23259	0.40736	0.09383	0.02150	0.01010	0.00303	0.00472	0.01921	0.00839	0.00778
6	0.01144	0.00822	0.00922	0.00912	0.01016	0.00775	0.00582	0.01262	0.01571	0.02053	0.14251	0.06223	0.19905	0.41843	0.02862	0.00582	0.00639	0.01397	0.00639	0.00600
7	0.01012	0.00723	0.00964	0.01157	0.01205	0.00675	0.00771	0.01157	0.01591	0.02121	0.04579	0.70262	0.05495	0.02603	0.01060	0.00337	0.00482	0.02362	0.00771	0.00675
8	0.01031	0.00737	0.00986	0.01179	0.01235	0.00691	0.00804	0.01190	0.01609	0.02142	0.04568	0.66709	0.05453	0.02585	0.01065	0.00340	0.00498	0.05727	0.00771	0.00680
9	0.02221	0.71304	0.04353	0.01421	0.02132	0.03287	0.01421	0.02488	0.01688	0.01955	0.01155	0.01333	0.01066	0.00711	0.00533	0.00178	0.00888	0.00444	0.00355	0.01066
10	0.02221	0.71304	0.04353	0.01421	0.02132	0.03287	0.01421	0.02488	0.01688	0.01955	0.01155	0.01333	0.01066	0.00711	0.00533	0.00178	0.00888	0.00444	0.00355	0.01066
11	0.03103	0.03959	0.02354	0.02140	0.02568	0.67469	0.01605	0.03317	0.02354	0.02033	0.01284	0.01498	0.01070	0.00856	0.00749	0.00214	0.01498	0.00535	0.00428	0.00963
12	0.01208	0.00805	0.00906	0.00906	0.00906	0.00805	0.00503	0.01208	0.01208	0.01611	0.02618	0.05436	0.03020	0.70804	0.04228	0.00805	0.00805	0.01208	0.00503	0.00503
13	0.01189	0.00882	0.01295	0.01295	0.01429	0.01016	0.00988	0.01458	0.01323	0.01899	0.02262	0.03468	0.02166	0.12311	0.61553	0.01285	0.02091	0.00920	0.00451	0.00719
14	0.01187	0.00890	0.01335	0.01335	0.01483	0.01038	0.01038	0.01483	0.01335	0.01928	0.02225	0.03264	0.02077	0.06231	0.67512	0.01335	0.02225	0.00890	0.00445	0.00742
15	0.01896	0.01813	0.02959	0.02121	0.02894	0.01565	0.24115	0.05851	0.01939	0.02837	0.01583	0.01933	0.01252	0.00669	0.00765	0.00189	0.00927	0.00690	0.00485	0.43516
16	0.03158	0.02327	0.02493	0.01911	0.02576	0.02576	0.01579	0.62852	0.03906	0.05236	0.01995	0.01995	0.01413	0.00997	0.00831	0.00249	0.00914	0.00748	0.00831	0.01413
17	0.01339	0.00956	0.01339	0.01530	0.01721	0.00956	0.01339	0.01721	0.01912	0.02486	0.04399	0.09371	0.04781	0.02295	0.01147	0.00382	0.00765	0.60031	0.00765	0.00765
18	0.01569	0.01477	0.02492	0.68808	0.05722	0.01846	0.02307	0.02123	0.01661	0.02123	0.01477	0.02215	0.01107	0.00831	0.00831	0.00277	0.01107	0.00738	0.00369	0.00923
19	0.01187	0.00890	0.01335	0.01335	0.01483	0.01038	0.01038	0.01483	0.01335	0.01928	0.02225	0.03264	0.02077	0.06231	0.67512	0.01335	0.02225	0.00890	0.00445	0.00742
20	0.01687	0.04155	0.62240	0.02446	0.03647	0.01941	0.07187	0.02633	0.01768	0.02633	0.01504	0.01788	0.01067	0.00783	0.00802	0.00264	0.01240	0.00639	0.00356	0.01220
21	0.01162	0.00849	0.01092	0.01031	0.01233	0.00778	0.00773	0.01542	0.02320	0.03256	0.61258	0.06329	0.11812	0.01726	0.00980	0.00263	0.00394	0.01520	0.00905	0.00778
22	0.01303	0.01022	0.01574	0.01456	0.01632	0.01160	0.05260	0.01598	0.01389	0.02029	0.02191	0.03309	0.02058	0.11522	0.48594	0.01079	0.05823	0.00910	0.05335	0.00757
23	0.01966	0.02227	0.04821	0.03586	0.07600	0.02094	0.59412	0.02655	0.01957	0.02664	0.01674	0.02231	0.01263	0.00702	0.00972	0.00278	0.01379	0.00968	0.00420	0.01131
24	0.01012	0.00723	0.00964	0.01157	0.01205	0.00675	0.00771	0.01157	0.01591	0.02121	0.04579	0.70262	0.05495	0.02603	0.01060	0.00337	0.00482	0.02362	0.00771	0.00675
25	0.03727	0.01414	0.01928	0.01478	0.02121	0.01221	0.01221	0.04049	0.02378	0.66198	0.03277	0.02828	0.02056	0.01028	0.00835	0.00257	0.00707	0.00835	0.01028	0.01414
26	0.01569	0.01477	0.02492	0.68808	0.05722	0.01846	0.02307	0.02123	0.01661	0.02123	0.01477	0.02215	0.01107	0.00831	0.00831	0.00277	0.01107	0.00738	0.00369	0.00923
27	0.02025	0.01955	0.03377	0.08692	0.59985	0.01971	0.04696	0.02529	0.01881	0.02678	0.01562	0.02072	0.01302	0.00744	0.00829	0.00250	0.01009	0.00749	0.00409	0.01286
28	0.01338	0.01096	0.01611	0.07231	0.01936	0.01351	0.01255	0.01627	0.01386	0.02017	0.02143	0.07878	0.02066	0.04409	0.42254	0.00946	0.14437	0.00952	0.03283	0.00785
29	0.08106	0.02093	0.02228	0.01737	0.02337	0.02298	0.01420	0.50221	0.03434	0.07835	0.02059	0.02215	0.01521	0.04694	0.00981	0.00278	0.00860	0.00757	0.03622	0.01305
30	0.01155	0.00855	0.01094	0.01209	0.01329	0.00838	0.00856	0.01559	0.07536	0.02465	0.14369	0.50064	0.05562	0.02300	0.01032	0.00322	0.00500	0.05394	0.00801	0.00757
31	0.76672	0.01607	0.01221	0.01092	0.01607	0.01864	0.00900	0.02442	0.01414	0.03727	0.01157	0.01350	0.00900	0.00771	0.00514	0.00257	0.00643	0.00450	0.00514	0.00900
32	0.01208	0.00805	0.00906	0.00906	0.00906	0.00805	0.00503	0.01208	0.01208	0.01611	0.02618	0.05436	0.03020	0.70804	0.04228	0.00805	0.00805	0.01208	0.00503	0.00503
33	0.01549	0.00774	0.00774	0.00774	0.00968	0.00774	0.00581	0.01936	0.01742	0.03097	0.02710	0.03097	0.02129	0.00968	0.00581	0.00194	0.00387	0.00774	0.75416	0.00774
34	0.01961	0.02241	0.04902	0.03501	0.04342	0.02101	0.62605	0.02661	0.01961	0.02661	0.01681	0.02241	0.01261	0.00700	0.00980	0.00280	0.01401	0.00980	0.00420	0.01120
35	0.01140	0.00828	0.01073	0.01054	0.01229	0.00762	0.00774	0.01482	0.02205	0.03080	0.52497	0.16797	0.10235	0.01866	0.00993	0.00275	0.00408	0.01655	0.00884	0.00762
36	0.01255	0.00961	0.01391	0.01360	0.01486	0.01144	0.01053	0.01525	0.01335	0.01953	0.02171	0.03283	0.02058	0.10102	0.55225	0.01175	0.07878	0.00894	0.03010	0.00741
37	0.01045	0.00755	0.00989	0.01119	0.01209	0.00699	0.00767	0.01245	0.01764	0.02380	0.17476	0.53979	0.08710	0.02390	0.01040	0.00319	0.00460	0.02154	0.00801	0.00699
38	0.01918	0.02001	0.03707	0.05478	0.03437	0.02201	0.33641	0.05558	0.01792	0.02519	0.01527	0.02146	0.01253	0.01279	0.05285	0.00365	0.23562	0.00871	0.00423	0.01038
39	0.01550	0.00815	0.00873	0.04673	0.01240	0.00836	0.00680	0.01946	0.01738	0.03041	0.02639	0.03047	0.02071	0.00960	0.00595	0.00198	0.00428	0.00772	0.71116	0.00783
40	0.01950	0.34970	0.06666	0.04703	0.02323	0.02231	0.01375	0.02313	0.01705	0.02315	0.01324	0.01562	0.01136	0.00681	0.00596	0.00165	0.00804	0.00488	0.00413	0.32280
41	0.01122	0.00820	0.01061	0.01143	0.01264	0.00782	0.00802	0.01462	0.04915	0.02617	0.26067	0.44208	0.06183	0.02209	0.01021	0.00308	0.00459	0.01987	0.00826	0.00745
42	0.01899	0.07047	0.45870	0.02346	0.05806	0.05385	0.02622	0.06107	0.05448	0.02722	0.01576	0.01828	0.01173	0.00864	0.00916	0.00263	0.05871	0.00641	0.00414	0.01203
43	0.02277	0.01701	0.01889	0.01593	0.02035	0.01843	0.01257	0.33708	0.10159	0.04095	0.12911	0.16583	0.03407	0.01450	0.00903	0.00273	0.00713	0.01218	0.00834	0.01151
44	0.01549	0.00774	0.00774	0.00774	0.00968	0.00774	0.00581	0.01936	0.01742	0.03097	0.02710	0.03097	0.02129	0.00968	0.00581	0.00194	0.00387	0.00774	0.75416	0.00774
45	0.01047	0.00810	0.00958	0.01018	0.01202	0.00721	0.00741	0.01280	0.01886	0.02429	0.18134	0.28007	0.31569	0.02196	0.01015	0.00300	0.00452	0.04723	0.00799	0.00712
46	0.05685	0.02204	0.06010	0.17103	0.03422	0.02315	0.06015	0.39282	0.03047	0.04154	0.01794	0.02022	0.01293	0.00919	0.00826	0.00259	0.00997	0.00742	0.00660	0.01251
47	0.01569	0.01477	0.02492	0.68808	0.05722	0.01846	0.02307	0.02123	0.01661	0.02123	0.01477	0.02215	0.01107	0.00831	0.00831	0.00277	0.01107	0.00738	0.00369	0.00923
48	0.03103	0.03959	0.02354	0.02140	0.02568	0.67469	0.01605	0.03317	0.02354	0.02033	0.01284	0.01498	0.01070	0.00856	0.00749	0.00214	0.01498	0.00535	0.00428	0.00963
49	0.01855	0.02240	0.10710	0.14595	0.04186	0.02011	0.37515	0.04738	0.01909	0.02604	0.01742	0.05315	0.01406	0.00869	0.01016	0.00283	0.04556	0.00942	0.00433	0.01077
50	0.06227	0.08422	0.02469	0.01940	0.06002	0.04874	0.04861	0.25568	0.12561	0.06930	0.02256	0.05302	0.01774	0.01015	0.00788	0.00249	0.00847	0.00819	0.05875	0.01221
51	0.01569	0.01477	0.02492	0.68808	0.05722	0.01846	0.02307	0.02123	0.01661	0.02123	0.01477	0.02215	0.01107	0.00831	0.00831	0.00277	0.01107	0.00738	0.00369	0.00923
52	0.09492	0.04469	0.02313	0.01723	0.02355	0.02079	0.04778	0.32821	0.05870	0.06680	0.02039	0.05597	0.01612	0.00978	0.00776	0.00234	0.00821	0.00778	0.00710	0.13876
53	0.01788	0.01865	0.05967	0.18683	0.14784	0.01796	0.25399	0.02378	0.01864	0.02625	0.04822	0.02473	0.01645	0.00821	0.00864	0.00262	0.01088	0.00868	0.08951	0.01057
54	0.01723	0.01477	0.01723	0.01230	0.01969	0.01107	0.00984	0.02092	0.01723	0.02707	0.01477	0.01723	0.01230	0.00615	0.00615	0.00123	0.00615	0.00492	0.00492	0.75883
55	0.01089	0.00808	0.01016	0.01043	0.01208	0.00735	0.00752	0.01371	0.02031	0.02755	0.35901	0.26491	0.17633	0.02054	0.01005	0.00289	0.00425	0.01816	0.00844	0.00735
56	0.01812	0.01581	0.01990	0.01447	0.02148	0.01314	0.04653	0.05087	0.01819	0.02790	0.01493	0.01771	0.01234	0.00683	0.00759	0.00151	0.04327	0.00546	0.00498	0.63897
57	0.02313	0.24449	0.05852	0.05134	0.02355	0.02242	0.01446	0.05971	0.20446	0.12711	0.06977	0.02549	0.02177	0.00980	0.00748	0.00240	0.00784	0.00768	0.00669	0.01189
58	0.01970	0.15197	0.37921	0.02626	0.12520	0.05192	0.04953	0.05612	0.01905	0.02631	0.01467	0.01747	0.01121	0.00778	0.00758	0.00244	0.01138	0.00621	0.00391	0.01206
59	0.01176	0.00849	0.01110	0.01045	0.01241	0.00784	0.00784	0.01568	0.02352	0.03331	0.65184	0.06206	0.07839	0.01698	0.00980	0.00261	0.00392	0.01502	0.00914	0.00784
60	0.01012	0.00833	0.00894	0.00923	0.01167	0.00715	0.00690	0.01233	0.01882	0.02296	0.10624	0.15365	0.52364	0.02152	0.00999	0.00291	0.00443	0.04634	0.00778	0.00705
61	0.01166	0.01009	0.04357	0.05152	0.01642	0.00869	0.01025	0.01488	0.01917	0.02634	0.27162	0.33655	0.05848	0.02043	0.01010	0.00305	0.00544	0.06626	0.00781	0.00765
62	0.01871	0.12042	0.51071	0.02281	0.03387	0.02064	0.06883	0.02697	0.01796	0.06194	0.01566	0.01798	0.01126	0.00787	0.00774	0.00254	0.01169	0.00632	0.00395	0.01212
63	0.01339	0.00956	0.01339	0.01530	0.01721	0.00956	0.01339	0.01721	0.01912	0.02486	0.04399	0.09371	0.04781	0.02295	0.01147	0.00382	0.00765	0.60031	0.00765	0.00765
64	0.02312	0.05622	0.19260	0.01636	0.02315	0.01587	0.01642	0.11491	0.02349	0.19037	0.15854	0.03092	0.02899	0.01084	0.00821	0.00250	0.00796	0.00884	0.05904	0.01166
65	0.01982	0.02090	0.07706	0.04612	0.54150	0.01919	0.05899	0.02513	0.01887	0.02692	0.01730	0.02472	0.01497	0.00832	0.00848	0.00258	0.01014	0.04205	0.00428	0.01267
66	0.01569	0.01477	0.02492	0.68808	0.05722	0.01846	0.02307	0.02123	0.01661	0.02123	0.01477	0.02215	0.01107	0.00831	0.00831	0.00277	0.01107	0.00738	0.00369	0.00923
67	0.01132	0.00815	0.01097	0.01280	0.01392	0.00780	0.00975	0.01367	0.01724	0.02262	0.04690	0.44854	0.08001	0.02466	0.01089	0.00351	0.00584	0.23665	0.00769	0.00709
68	0.01703	0.06878	0.60959	0.02386	0.03574	0.01992	0.05955	0.02627	0.01762	0.02605	0.01487	0.01761	0.01063	0.00782	0.00788	0.00261	0.01223	0.00625	0.00354	0.01216
69	0.02049	0.01567	0.01795	0.01341	0.01979	0.01368	0.01060	0.14029	0.02128	0.06280	0.01795	0.02240	0.01505	0.08433	0.01066	0.00230	0.00699	0.00638	0.00587	0.49211
70	0.01723	0.01477	0.01723	0.01230	0.01969	0.01107	0.00984	0.02092	0.01723	0.02707	0.01477	0.01723	0.01230	0.00615	0.00615	0.00123	0.00615	0.00492	0.00492	0.75883
71	0.02963	0.14673	0.02672	0.02026	0.02499	0.57258	0.01576	0.03185	0.02248	0.02021	0.01264	0.01472	0.01069	0.00833	0.00715	0.00208	0.01401	0.00521	0.00416	0.00979
72	0.01845	0.01601	0.06157	0.01321	0.02026	0.01139	0.01131	0.02239	0.01801	0.08583	0.04112	0.05851	0.01773	0.00817	0.00686	0.00162	0.00651	0.00674	0.00563	0.56869
73	0.01866	0.02147	0.10042	0.02499	0.03133	0.05431	0.29976	0.02496	0.04973	0.05529	0.05737	0.10013	0.06528	0.01141	0.01029	0.00283	0.04468	0.01121	0.00546	0.01042
74	0.01922	0.01837	0.03130	0.22593	0.49174	0.01939	0.02483	0.02432	0.01828	0.02552	0.01539	0.02100	0.01259	0.00765	0.00825	0.00255	0.01020	0.00740	0.00400	0.01208
75	0.03103	0.03959	0.02354	0.02140	0.02568	0.67469	0.01605	0.03317	0.02354	0.02033	0.01284	0.01498	0.01070	0.00856	0.00749	0.00214	0.01498	0.00535	0.00428	0.00963
76	0.06001	0.01829	0.01944	0.01558	0.02104	0.04809	0.01245	0.24014	0.05368	0.03622	0.05707	0.08359	0.02099	0.01078	0.00864	0.00225	0.03924	0.00844	0.00672	0.23733
77	0.01443	0.00722	0.01082	0.01082	0.01082	0.00722	0.00722	0.01082	0.01082	0.01443	0.01443	0.02525	0.01443	0.02886	0.03247	0.75830	0.00722	0.00722	0.00361	0.00361
78	0.01666	0.04297	0.66500	0.02368	0.03596	0.01929	0.03069	0.02631	0.01754	0.02631	0.01491	0.01754	0.01052	0.00789	0.00789	0.00263	0.01228	0.00614	0.00351	0.01228
79	0.01931	0.01895	0.05988	0.06252	0.11586	0.01828	0.20977	0.04710	0.09884	0.05829	0.02605	0.03327	0.06083	0.03857	0.01155	0.00306	0.04929	0.05200	0.00560	0.01100
80	0.02552	0.02829	0.03129	0.08641	0.06429	0.27986	0.18822	0.11248	0.05242	0.02760	0.01622	0.01942	0.01254	0.00836	0.00841	0.00248	0.01291	0.00737	0.00495	0.01099
81	0.03104	0.02300	0.02463	0.01900	0.02556	0.02551	0.01566	0.59955	0.06891	0.05148	0.02063	0.02049	0.01468	0.01004	0.00832	0.00251	0.00901	0.00757	0.00832	0.01408
82	0.01024	0.00782	0.00941	0.01031	0.01181	0.00699	0.00724	0.01225	0.01800	0.02328	0.14111	0.39773	0.26779	0.02306	0.01022	0.00307	0.00448	0.02032	0.00791	0.00699
83	0.02453	0.01871	0.02026	0.01704	0.02222	0.02086	0.01356	0.25183	0.33630	0.07131	0.06402	0.05304	0.02514	0.01161	0.00855	0.00270	0.00731	0.00949	0.00850	0.01302
84	0.01037	0.00748	0.00987	0.01157	0.01232	0.00698	0.00798	0.01211	0.01661	0.02207	0.07729	0.60614	0.08463	0.02516	0.01058	0.00333	0.00491	0.05594	0.00778	0.00687
85	0.02627	0.23298	0.02858	0.01811	0.02353	0.28576	0.01487	0.08801	0.15416	0.02612	0.01757	0.01835	0.01412	0.00884	0.00713	0.00221	0.01085	0.00614	0.00532	0.01110
86	0.02762	0.02130	0.02270	0.01831	0.02425	0.02391	0.01483	0.41650	0.25753	0.04597	0.02498	0.02395	0.01820	0.01044	0.00836	0.00261	0.00821	0.00817	0.00836	0.01377
87	0.02262	0.05316	0.05725	0.01799	0.05063	0.01897	0.01443	0.06631	0.36551	0.11885	0.03023	0.03161	0.02313	0.01110	0.00828	0.00270	0.00729	0.04303	0.04434	0.01257

[dist]
# distance from previous block
# <min> <max>
0	1

[block]
# block no. 5 follows, 22 sequences, length 32
# corresponding to MSA columns:
# 301-332
name=unknown_F
#
# <colnr> <probs for GDERKNQSTAVLIFYWHMCP>
#	G	D	E	R	K	N	Q	S	T	A	V	L	I	F	Y	W	H	M	C	P
0	0.13835	0.20003	0.06399	0.01734	0.05087	0.11118	0.01452	0.02629	0.04185	0.06311	0.04138	0.01979	0.01534	0.00931	0.00901	0.00239	0.08991	0.00628	0.06884	0.01023
1	0.01179	0.00880	0.01030	0.01056	0.01196	0.00854	0.00721	0.01528	0.07016	0.02334	0.15398	0.24047	0.15928	0.20860	0.01879	0.00437	0.00558	0.01661	0.00730	0.00707
2	0.02694	0.02005	0.02171	0.01760	0.02349	0.02206	0.01420	0.32472	0.27699	0.08712	0.02613	0.02481	0.01897	0.01033	0.00827	0.00257	0.00783	0.00818	0.00834	0.04971
3	0.02085	0.14015	0.13153	0.02790	0.18411	0.08584	0.09317	0.05406	0.01993	0.02653	0.04905	0.02040	0.01548	0.00800	0.00768	0.00226	0.01034	0.00695	0.00451	0.09125
4	0.07466	0.02272	0.15503	0.05209	0.02835	0.01860	0.11842	0.16380	0.05261	0.07286	0.02024	0.02247	0.01480	0.00884	0.00783	0.00251	0.00933	0.00757	0.13576	0.01151
5	0.05681	0.46169	0.03407	0.01476	0.02006	0.06964	0.01359	0.02384	0.01658	0.02145	0.01347	0.01652	0.01206	0.01124	0.04395	0.00268	0.08450	0.00534	0.06783	0.00992
6	0.01044	0.00840	0.00933	0.00934	0.01177	0.00729	0.00701	0.01302	0.01991	0.02517	0.22289	0.11342	0.45267	0.02039	0.00992	0.00283	0.00429	0.03662	0.00807	0.00723
7	0.01938	0.02437	0.11337	0.03517	0.09495	0.02072	0.51131	0.02648	0.01933	0.02662	0.01650	0.02173	0.01243	0.00713	0.00947	0.00275	0.01347	0.00921	0.00412	0.01149
8	0.01983	0.01925	0.02512	0.31497	0.18214	0.10556	0.02033	0.08313	0.02022	0.02555	0.01853	0.09314	0.01648	0.01019	0.00842	0.00265	0.01046	0.00886	0.00475	0.01040
9	0.01323	0.00969	0.01196	0.01181	0.01384	0.00939	0.00878	0.07937	0.02201	0.02994	0.30331	0.27601	0.11126	0.01991	0.00999	0.00293	0.00498	0.04514	0.00838	0.00806
10	0.01297	0.00999	0.01212	0.01261	0.01496	0.00987	0.01014	0.01855	0.09706	0.02616	0.14070	0.09976	0.20182	0.05293	0.01187	0.00345	0.00601	0.24313	0.00786	0.00804
11	0.12646	0.13223	0.32371	0.02303	0.06445	0.02153	0.10382	0.02690	0.05486	0.02749	0.01536	0.01796	0.01164	0.00781	0.00743	0.00252	0.01069	0.00641	0.00417	0.01152
12	0.01032	0.00739	0.00982	0.01143	0.01209	0.00688	0.00773	0.01208	0.01685	0.02271	0.12115	0.62297	0.05786	0.02490	0.01050	0.00328	0.00471	0.02255	0.00789	0.00688
13	0.01047	0.00841	0.00916	0.00942	0.01169	0.00736	0.00702	0.01261	0.01845	0.02273	0.10982	0.12172	0.46769	0.07996	0.01279	0.00337	0.00486	0.06796	0.00757	0.00693
14	0.09432	0.01875	0.02088	0.01632	0.02221	0.01978	0.01327	0.35649	0.03027	0.22212	0.02342	0.02470	0.01690	0.06929	0.01094	0.00300	0.00823	0.00787	0.00832	0.01292
15	0.02795	0.01977	0.02157	0.01736	0.02313	0.02170	0.01407	0.36158	0.20523	0.11105	0.04403	0.02557	0.02012	0.01057	0.00831	0.00258	0.00785	0.00834	0.03577	0.01344
16	0.03652	0.01535	0.02003	0.01536	0.02181	0.01401	0.01269	0.11864	0.02581	0.58096	0.03107	0.02717	0.01971	0.01024	0.00835	0.00256	0.00734	0.00824	0.01002	0.01414
17	0.01058	0.00757	0.00996	0.01170	0.01239	0.00714	0.00811	0.01222	0.01613	0.02134	0.04579	0.57612	0.07407	0.06659	0.01258	0.00368	0.00530	0.08445	0.00754	0.00675
18	0.04461	0.20195	0.18112	0.04757	0.10557	0.08953	0.01982	0.13350	0.02185	0.02907	0.01523	0.01762	0.01196	0.00815	0.00717	0.00230	0.01028	0.00609	0.03495	0.01165
19	0.02980	0.10290	0.02527	0.02055	0.02511	0.58902	0.01577	0.03279	0.04610	0.02080	0.01351	0.01542	0.01125	0.00852	0.00732	0.00213	0.01409	0.00542	0.00437	0.00986
20	0.01723	0.01477	0.01723	0.01230	0.01969	0.01107	0.00984	0.02092	0.01723	0.02707	0.01477	0.01723	0.01230	0.00615	0.00615	0.00123	0.00615	0.00492	0.00492	0.75883
21	0.01080	0.00792	0.01023	0.01191	0.01267	0.00765	0.00806	0.01368	0.05645	0.02209	0.04501	0.65907	0.05303	0.02507	0.01046	0.00334	0.00493	0.02269	0.00776	0.00716
22	0.02875	0.02132	0.02391	0.02068	0.07785	0.02333	0.01551	0.51145	0.03476	0.04720	0.02030	0.02231	0.01524	0.04345	0.00980	0.00273	0.00884	0.00771	0.05163	0.01323
23	0.01775	0.01483	0.01833	0.01334	0.02052	0.01142	0.03312	0.02155	0.01758	0.04531	0.01649	0.02069	0.01393	0.00695	0.00656	0.00143	0.00653	0.02821	0.00516	0.68030
24	0.04412	0.00949	0.01118	0.01032	0.01300	0.00864	0.00765	0.01788	0.01982	0.12119	0.24388	0.08360	0.23892	0.11699	0.01413	0.00348	0.00521	0.01430	0.00807	0.00812
25	0.01771	0.03129	0.33748	0.02840	0.03821	0.01943	0.31193	0.02566	0.01843	0.02618	0.01747	0.05671	0.01390	0.00845	0.00895	0.00275	0.01270	0.00882	0.00406	0.01147
26	0.02201	0.68875	0.06606	0.01456	0.02185	0.03238	0.01481	0.02493	0.01690	0.01979	0.01167	0.01348	0.01066	0.00714	0.00542	0.00181	0.00901	0.00450	0.00355	0.01072
27	0.02749	0.23444	0.07466	0.01937	0.02515	0.41140	0.01654	0.05858	0.02192	0.02205	0.01295	0.01492	0.01084	0.00816	0.00693	0.00209	0.01274	0.00524	0.00421	0.01033
28	0.02256	0.01799	0.01978	0.01795	0.04595	0.02021	0.01350	0.14979	0.43019	0.05923	0.05265	0.03068	0.02478	0.04428	0.01008	0.00298	0.00717	0.00925	0.00819	0.01279
29	0.01667	0.04013	0.59510	0.02394	0.03553	0.01895	0.07177	0.02590	0.01793	0.02661	0.04081	0.01968	0.01342	0.00820	0.00810	0.00264	0.01206	0.00676	0.00378	0.01202
30	0.01880	0.02302	0.09815	0.03349	0.07765	0.01986	0.49895	0.02554	0.01915	0.02627	0.01845	0.06599	0.01521	0.00834	0.00960	0.00280	0.01301	0.01024	0.00436	0.01112
31	0.01945	0.02008	0.07177	0.21314	0.38212	0.01970	0.04415	0.04976	0.04911	0.02690	0.01645	0.02132	0.01305	0.00795	0.00829	0.00259	0.01029	0.00749	0.00434	0.01204

[dist]
# distance from previous block
# <min> <max>
0	5

[block]
# block no. 6 follows, 22 sequences, length 30
# corresponding to MSA columns:
# 338-367
name=unknown_G
#
# <colnr> <probs for GDERKNQSTAVLIFYWHMCP>
#	G	D	E	R	K	N	Q	S	T	A	V	L	I	F	Y	W	H	M	C	P
0	0.01665	0.07959	0.59641	0.02253	0.03391	0.01944	0.02859	0.02549	0.01742	0.02566	0.01627	0.05175	0.01277	0.00876	0.00788	0.00262	0.01171	0.00692	0.00372	0.01191
1	0.03479	0.01363	0.01859	0.01462	0.02059	0.01187	0.01209	0.03807	0.02350	0.59807	0.06038	0.03350	0.02464	0.01130	0.00860	0.00264	0.00697	0.04258	0.01008	0.01349
2	0.02321	0.66650	0.04192	0.01425	0.02131	0.03150	0.01408	0.02592	0.01734	0.06232	0.01296	0.01432	0.01132	0.00732	0.00553	0.00183	0.00876	0.00470	0.00400	0.01089
3	0.01569	0.01477	0.02492	0.68808	0.05722	0.01846	0.02307	0.02123	0.01661	0.02123	0.01477	0.02215	0.01107	0.00831	0.00831	0.00277	0.01107	0.00738	0.00369	0.00923
4	0.01383	0.01509	0.07800	0.06919	0.02550	0.01300	0.16343	0.01762	0.01675	0.02276	0.03160	0.37548	0.03480	0.04165	0.01175	0.00330	0.03533	0.01644	0.00593	0.00854
5	0.01865	0.01643	0.02557	0.20121	0.31165	0.01746	0.02008	0.07913	0.02043	0.02832	0.06299	0.02873	0.06524	0.00966	0.00831	0.00255	0.00890	0.00868	0.05494	0.01109
6	0.01549	0.00774	0.00774	0.00774	0.00968	0.00774	0.00581	0.01936	0.01742	0.03097	0.02710	0.03097	0.02129	0.00968	0.00581	0.00194	0.00387	0.00774	0.75416	0.00774
7	0.03373	0.01376	0.01841	0.01445	0.02032	0.01222	0.01181	0.03812	0.05737	0.56289	0.09677	0.03191	0.02680	0.01103	0.00851	0.00259	0.00672	0.00910	0.01007	0.01343
8	0.02677	0.02266	0.02198	0.01831	0.02374	0.10044	0.01457	0.32334	0.25430	0.04102	0.02507	0.04861	0.01930	0.01087	0.00835	0.00260	0.00875	0.00852	0.00786	0.01297
9	0.03154	0.02454	0.02482	0.01929	0.02576	0.07628	0.01581	0.58217	0.03785	0.04986	0.01939	0.01956	0.01386	0.00986	0.00825	0.00247	0.00960	0.00731	0.00800	0.01378
10	0.01188	0.00858	0.01128	0.01083	0.01278	0.00797	0.00827	0.01580	0.02317	0.03266	0.60452	0.06452	0.07600	0.01745	0.00993	0.00271	0.00421	0.06059	0.00903	0.00782
11	0.01160	0.00836	0.01101	0.01089	0.01262	0.00777	0.00812	0.01513	0.02212	0.03101	0.52633	0.16145	0.07315	0.01869	0.01001	0.00279	0.00426	0.04820	0.00884	0.00766
12	0.01818	0.01818	0.02545	0.02181	0.02181	0.02545	0.01818	0.01999	0.01272	0.01999	0.01091	0.01818	0.01091	0.01454	0.02726	0.00364	0.69284	0.00727	0.00364	0.00909
13	0.01961	0.02241	0.04902	0.03501	0.04342	0.02101	0.62605	0.02661	0.01961	0.02661	0.01681	0.02241	0.01261	0.00700	0.00980	0.00280	0.01401	0.00980	0.00420	0.01120
14	0.03459	0.01398	0.01871	0.01462	0.02064	0.01242	0.01197	0.03905	0.06045	0.58284	0.07406	0.03069	0.02470	0.01079	0.00846	0.00259	0.00683	0.00886	0.01010	0.01366
15	0.02221	0.71304	0.04353	0.01421	0.02132	0.03287	0.01421	0.02488	0.01688	0.01955	0.01155	0.01333	0.01066	0.00711	0.00533	0.00178	0.00888	0.00444	0.00355	0.01066
16	0.01919	0.02130	0.04506	0.11636	0.08490	0.02061	0.51292	0.02588	0.01919	0.02598	0.01648	0.02226	0.01245	0.00719	0.00952	0.00278	0.01338	0.00935	0.00413	0.01109
17	0.03474	0.01470	0.01920	0.01510	0.02127	0.01350	0.01235	0.04104	0.11792	0.56634	0.03293	0.02869	0.02130	0.01043	0.00837	0.00261	0.00699	0.00851	0.01000	0.01399
18	0.01549	0.00774	0.00774	0.00774	0.00968	0.00774	0.00581	0.01936	0.01742	0.03097	0.02710	0.03097	0.02129	0.00968	0.00581	0.00194	0.00387	0.00774	0.75416	0.00774
19	0.01569	0.01477	0.02492	0.68808	0.05722	0.01846	0.02307	0.02123	0.01661	0.02123	0.01477	0.02215	0.01107	0.00831	0.00831	0.00277	0.01107	0.00738	0.00369	0.00923
20	0.01569	0.01477	0.02492	0.68808	0.05722	0.01846	0.02307	0.02123	0.01661	0.02123	0.01477	0.02215	0.01107	0.00831	0.00831	0.00277	0.01107	0.00738	0.00369	0.00923
21	0.01045	0.00768	0.01055	0.05177	0.01473	0.00744	0.00862	0.01214	0.01595	0.02121	0.04394	0.66219	0.05234	0.02497	0.01047	0.00334	0.00519	0.02265	0.00747	0.00690
