[name]
unknown

[dist]
# distance from previous block
# <min> <max>
0	37

[block]
# block no. 0 follows, 20 sequences, length 11
# corresponding to MSA columns:
# 37-47
name=unknown_A
#
# <colnr> <probs for GDERKNQSTAVLIFYWHMCP>
#	G	D	E	R	K	N	Q	S	T	A	V	L	I	F	Y	W	H	M	C	P
0	0.01406	0.01004	0.01406	0.01606	0.01807	0.01004	0.01406	0.01807	0.02008	0.02610	0.04618	0.09839	0.05020	0.02410	0.01205	0.00402	0.00803	0.58032	0.00803	0.00803
1	0.02845	0.02020	0.02265	0.01702	0.02425	0.01999	0.01394	0.33819	0.03109	0.11053	0.02049	0.02089	0.01490	0.00908	0.00792	0.00215	0.00824	0.00700	0.00769	0.27531
2	0.61132	0.05758	0.01783	0.01401	0.01964	0.07524	0.04365	0.02658	0.01617	0.03595	0.01257	0.01481	0.00991	0.00810	0.00589	0.00263	0.00810	0.00511	0.00517	0.00973
3	0.01268	0.00846	0.00951	0.00951	0.00951	0.00846	0.00529	0.01268	0.01268	0.01691	0.02748	0.05708	0.03171	0.69345	0.04440	0.00846	0.00846	0.01268	0.00529	0.00529
4	0.09399	0.20693	0.31162	0.01992	0.02830	0.02394	0.02235	0.02530	0.01714	0.02581	0.01574	0.05597	0.01370	0.01004	0.01000	0.00270	0.09404	0.00703	0.00414	0.01134
5	0.01063	0.00759	0.01012	0.01215	0.01265	0.00709	0.00810	0.01215	0.01670	0.02227	0.04808	0.68775	0.05769	0.02733	0.01113	0.00354	0.00506	0.02480	0.00810	0.00709
6	0.01667	0.02364	0.24890	0.02002	0.07630	0.01401	0.01895	0.02305	0.02198	0.06905	0.31669	0.04203	0.04646	0.01302	0.00932	0.00273	0.00809	0.01122	0.00704	0.01083
7	0.01853	0.01693	0.02401	0.01715	0.02509	0.01348	0.11621	0.02302	0.01853	0.02834	0.01588	0.01905	0.01298	0.00662	0.00714	0.00158	0.00792	0.00608	0.00503	0.61643
8	0.01195	0.00861	0.01131	0.01124	0.01294	0.00797	0.00820	0.01547	0.02285	0.03206	0.49961	0.20831	0.07665	0.02002	0.01048	0.00293	0.00433	0.01785	0.00926	0.00797
9	0.10153	0.54576	0.07540	0.01562	0.02270	0.03161	0.01558	0.02584	0.01718	0.02296	0.01229	0.01458	0.01101	0.00806	0.00716	0.00213	0.05071	0.00496	0.00391	0.01100
10	0.75506	0.01687	0.01282	0.01147	0.01687	0.01957	0.00945	0.02564	0.01484	0.03914	0.01215	0.01417	0.00945	0.00810	0.00540	0.00270	0.00675	0.00472	0.00540	0.00945

[dist]
# distance from previous block
# <min> <max>
1	4

[block]
# block no. 1 follows, 20 sequences, length 44
# corresponding to MSA columns:
# 52-95
name=unknown_B
#
# <colnr> <probs for GDERKNQSTAVLIFYWHMCP>
#	G	D	E	R	K	N	Q	S	T	A	V	L	I	F	Y	W	H	M	C	P
0	0.09701	0.20154	0.09499	0.01837	0.02557	0.02402	0.06545	0.13622	0.08586	0.09791	0.02028	0.02119	0.01518	0.00911	0.00753	0.00248	0.00919	0.00708	0.04863	0.01239
1	0.02009	0.01521	0.01788	0.01381	0.02022	0.01278	0.01088	0.09106	0.02104	0.07301	0.02278	0.12892	0.02108	0.01065	0.00765	0.00191	0.00667	0.00895	0.00645	0.48896
2	0.01117	0.00887	0.01004	0.00974	0.01231	0.00773	0.00731	0.01419	0.02192	0.02841	0.32029	0.07597	0.40054	0.02028	0.01030	0.00286	0.00429	0.01729	0.00874	0.00773
3	0.01987	0.14120	0.05879	0.05179	0.02490	0.04989	0.01615	0.02326	0.01675	0.02391	0.01349	0.01787	0.01189	0.00985	0.01385	0.00242	0.22802	0.00611	0.00430	0.26570
4	0.01074	0.00768	0.01022	0.01207	0.01268	0.00716	0.00811	0.01243	0.01722	0.02310	0.08657	0.64688	0.05931	0.02670	0.01108	0.00349	0.00500	0.02421	0.00820	0.00716
5	0.01904	0.01607	0.01860	0.01337	0.02107	0.01260	0.01073	0.05909	0.01954	0.03010	0.01585	0.01827	0.01304	0.00671	0.00660	0.00138	0.00666	0.00534	0.00539	0.70055
6	0.01842	0.02133	0.14214	0.01787	0.02476	0.01595	0.04762	0.08362	0.02010	0.02957	0.05303	0.02436	0.01826	0.01882	0.12390	0.00427	0.04681	0.00745	0.00531	0.27640
7	0.75506	0.01687	0.01282	0.01147	0.01687	0.01957	0.00945	0.02564	0.01484	0.03914	0.01215	0.01417	0.00945	0.00810	0.00540	0.00270	0.00675	0.00472	0.00540	0.00945
8	0.01819	0.10783	0.56567	0.02437	0.03657	0.02172	0.05364	0.02749	0.01844	0.02695	0.01539	0.01819	0.01115	0.00817	0.00811	0.00268	0.01262	0.00643	0.00372	0.01268
9	0.02170	0.01874	0.01972	0.01775	0.02268	0.02170	0.01381	0.04635	0.62327	0.03649	0.03550	0.03254	0.02663	0.01183	0.00888	0.00296	0.00690	0.00986	0.00888	0.01381
10	0.01312	0.01033	0.01541	0.01546	0.05282	0.00967	0.04865	0.01701	0.02261	0.03170	0.44499	0.17841	0.06895	0.01835	0.01035	0.00290	0.00537	0.01665	0.00866	0.00858
11	0.01055	0.00790	0.00980	0.01133	0.01244	0.00715	0.00774	0.01224	0.01748	0.02259	0.05800	0.53900	0.20004	0.02604	0.01093	0.00340	0.00490	0.02322	0.00810	0.00715
12	0.75506	0.01687	0.01282	0.01147	0.01687	0.01957	0.00945	0.02564	0.01484	0.03914	0.01215	0.01417	0.00945	0.00810	0.00540	0.00270	0.00675	0.00472	0.00540	0.00945
13	0.01647	0.01550	0.02616	0.67248	0.06008	0.01938	0.02422	0.02229	0.01744	0.02229	0.01550	0.02326	0.01163	0.00872	0.00872	0.00291	0.01163	0.00775	0.00388	0.00969
14	0.75506	0.01687	0.01282	0.01147	0.01687	0.01957	0.00945	0.02564	0.01484	0.03914	0.01215	0.01417	0.00945	0.00810	0.00540	0.00270	0.00675	0.00472	0.00540	0.00945
15	0.01771	0.01510	0.01768	0.01288	0.02026	0.01140	0.01022	0.02146	0.01802	0.02811	0.01717	0.05234	0.01521	0.00753	0.00670	0.00141	0.00639	0.00617	0.00532	0.70894
16	0.01168	0.00804	0.00981	0.01079	0.01104	0.00779	0.00665	0.01242	0.01464	0.01952	0.03750	0.36373	0.04434	0.36956	0.02822	0.00607	0.00681	0.01857	0.00665	0.00616
17	0.01074	0.00764	0.01009	0.01200	0.01248	0.00716	0.00795	0.01217	0.01648	0.02198	0.04696	0.65369	0.05629	0.06330	0.01293	0.00381	0.00524	0.02414	0.00795	0.00699
18	0.58757	0.01703	0.01586	0.12767	0.02497	0.01993	0.01241	0.05595	0.01668	0.03702	0.01320	0.01612	0.01011	0.00833	0.00616	0.00273	0.00775	0.00542	0.00531	0.00977
19	0.01186	0.00890	0.01099	0.01047	0.01273	0.00802	0.00785	0.01552	0.02355	0.03226	0.50454	0.06963	0.21389	0.01885	0.01029	0.00279	0.00419	0.01640	0.00924	0.00802
20	0.03130	0.02824	0.02466	0.02016	0.02607	0.20693	0.01608	0.38400	0.06665	0.04330	0.05141	0.02236	0.01793	0.01050	0.00857	0.00254	0.01093	0.00773	0.00757	0.01308
21	0.02332	0.69869	0.04571	0.01493	0.02239	0.03451	0.01493	0.02612	0.01772	0.02052	0.01213	0.01399	0.01119	0.00746	0.00560	0.00187	0.00933	0.00466	0.00373	0.01119
22	0.02137	0.02028	0.03327	0.07710	0.54565	0.02077	0.02523	0.02872	0.08601	0.02910	0.01846	0.02287	0.01513	0.00826	0.00867	0.00265	0.01004	0.00800	0.00480	0.01363
23	0.01647	0.01550	0.02616	0.67248	0.06008	0.01938	0.02422	0.02229	0.01744	0.02229	0.01550	0.02326	0.01163	0.00872	0.00872	0.00291	0.01163	0.00775	0.00388	0.00969
24	0.01222	0.00891	0.01148	0.01084	0.01295	0.00818	0.00813	0.01621	0.02439	0.03426	0.59995	0.06634	0.11724	0.01810	0.01029	0.00276	0.00413	0.01594	0.00951	0.00818
25	0.03316	0.02443	0.02618	0.02007	0.02705	0.02705	0.01658	0.60995	0.04101	0.05497	0.02094	0.02094	0.01483	0.01047	0.00873	0.00262	0.00960	0.00785	0.00873	0.01483
26	0.01647	0.01550	0.02616	0.67248	0.06008	0.01938	0.02422	0.02229	0.01744	0.02229	0.01550	0.02326	0.01163	0.00872	0.00872	0.00291	0.01163	0.00775	0.00388	0.00969
27	0.02435	0.02756	0.02544	0.05268	0.02619	0.26956	0.01810	0.02813	0.05993	0.02226	0.01408	0.01891	0.01242	0.01230	0.01833	0.00311	0.34513	0.00702	0.00443	0.01006
28	0.01908	0.01908	0.02672	0.02290	0.02290	0.02672	0.01908	0.02099	0.01336	0.02099	0.01145	0.01908	0.01145	0.01527	0.02863	0.00382	0.67748	0.00763	0.00382	0.00954
29	0.62784	0.01611	0.01340	0.01174	0.01709	0.01810	0.00963	0.02727	0.01622	0.10873	0.01570	0.01707	0.01163	0.00853	0.00583	0.00266	0.00666	0.00540	0.05040	0.00999
30	0.01082	0.00796	0.01015	0.01150	0.01258	0.00728	0.00790	0.01280	0.01827	0.02421	0.13488	0.51396	0.14515	0.02526	0.01090	0.00335	0.00484	0.02262	0.00831	0.00728
31	0.01075	0.00768	0.01023	0.01207	0.01268	0.00716	0.00811	0.01244	0.01725	0.02314	0.08845	0.64488	0.05939	0.02667	0.01108	0.00349	0.00500	0.02418	0.00820	0.00716
32	0.01770	0.04370	0.60908	0.02564	0.03827	0.02038	0.06998	0.02765	0.01856	0.02765	0.01578	0.01875	0.01119	0.00823	0.00842	0.00277	0.01301	0.00670	0.00373	0.01282
33	0.03142	0.03969	0.02397	0.02181	0.02616	0.62099	0.01636	0.03377	0.02472	0.02213	0.04924	0.01858	0.01533	0.00950	0.00800	0.00228	0.01506	0.00620	0.00479	0.01000
34	0.01531	0.01258	0.01721	0.05502	0.02032	0.04548	0.06572	0.01832	0.01955	0.05886	0.15523	0.33294	0.07909	0.01983	0.01117	0.00316	0.03635	0.01770	0.00756	0.00860
35	0.02680	0.35712	0.03408	0.01808	0.02389	0.28601	0.01538	0.05732	0.02164	0.02265	0.01527	0.05564	0.01419	0.00943	0.00701	0.00216	0.01169	0.00642	0.00455	0.01068
36	0.75506	0.01687	0.01282	0.01147	0.01687	0.01957	0.00945	0.02564	0.01484	0.03914	0.01215	0.01417	0.00945	0.00810	0.00540	0.00270	0.00675	0.00472	0.00540	0.00945
37	0.01907	0.02471	0.14891	0.11113	0.10087	0.01999	0.32135	0.02621	0.01980	0.02778	0.04304	0.02459	0.01605	0.00831	0.00937	0.00282	0.01259	0.00917	0.04268	0.01158
38	0.01063	0.00759	0.01012	0.01215	0.01265	0.00709	0.00810	0.01215	0.01670	0.02227	0.04808	0.68775	0.05769	0.02733	0.01113	0.00354	0.00506	0.02480	0.00810	0.00709
39	0.01647	0.01550	0.02616	0.67248	0.06008	0.01938	0.02422	0.02229	0.01744	0.02229	0.01550	0.02326	0.01163	0.00872	0.00872	0.00291	0.01163	0.00775	0.00388	0.00969
40	0.01053	0.00797	0.00973	0.01114	0.01239	0.00717	0.00765	0.01226	0.01767	0.02266	0.06036	0.50373	0.23379	0.02573	0.01088	0.00336	0.00486	0.02285	0.00810	0.00717
41	0.02159	0.02073	0.03541	0.05354	0.63903	0.02073	0.02677	0.02677	0.01986	0.02850	0.01641	0.02159	0.01382	0.00777	0.00864	0.00259	0.01036	0.00777	0.00432	0.01382
42	0.02015	0.01609	0.01875	0.01354	0.02119	0.01275	0.01089	0.06346	0.02000	0.06036	0.01680	0.01885	0.01348	0.00695	0.00673	0.00145	0.00672	0.00553	0.00569	0.66064
43	0.02068	0.01776	0.01880	0.01698	0.02167	0.02032	0.01318	0.04321	0.56373	0.03582	0.06996	0.03663	0.05737	0.01262	0.00902	0.00295	0.00664	0.01057	0.00888	0.01321

[dist]
# distance from previous block
# <min> <max>
0	14

[block]
# block no. 2 follows, 20 sequences, length 13
# corresponding to MSA columns:
# 110-122
name=unknown_C
#
# <colnr> <probs for GDERKNQSTAVLIFYWHMCP>
#	G	D	E	R	K	N	Q	S	T	A	V	L	I	F	Y	W	H	M	C	P
0	0.01908	0.01908	0.02672	0.02290	0.02290	0.02672	0.01908	0.02099	0.01336	0.02099	0.01145	0.01908	0.01145	0.01527	0.02863	0.00382	0.67748	0.00763	0.00382	0.00954
1	0.01362	0.00893	0.01159	0.01190	0.01369	0.00825	0.00872	0.01639	0.02047	0.07042	0.26036	0.28422	0.10662	0.05933	0.01254	0.00347	0.00528	0.06749	0.00867	0.00804
2	0.03258	0.04157	0.02472	0.02247	0.02697	0.65843	0.01685	0.03483	0.02472	0.02135	0.01348	0.01573	0.01124	0.00899	0.00787	0.00225	0.01573	0.00562	0.00449	0.01011
3	0.01809	0.01550	0.01809	0.01292	0.02067	0.01163	0.01034	0.02196	0.01809	0.02842	0.01550	0.01809	0.01292	0.00646	0.00646	0.00129	0.00646	0.00517	0.00517	0.74677
4	0.01626	0.00813	0.00813	0.00813	0.01016	0.00813	0.00610	0.02033	0.01829	0.03252	0.02846	0.03252	0.02236	0.01016	0.00610	0.00203	0.00407	0.00813	0.74187	0.00813
5	0.01268	0.00846	0.00951	0.00951	0.00951	0.00846	0.00529	0.01268	0.01268	0.01691	0.02748	0.05708	0.03171	0.69345	0.04440	0.00846	0.00846	0.01268	0.00529	0.00529
6	0.01285	0.00917	0.01092	0.01089	0.01305	0.00871	0.00817	0.01663	0.04997	0.02803	0.23042	0.11114	0.22044	0.02175	0.03797	0.05517	0.00565	0.04679	0.09446	0.00782
7	0.01926	0.02140	0.04596	0.03348	0.04120	0.02006	0.52747	0.02584	0.02007	0.02718	0.02170	0.11207	0.01916	0.01002	0.01041	0.00302	0.01342	0.01223	0.00490	0.01114
8	0.03022	0.06224	0.02469	0.01823	0.02480	0.02348	0.01502	0.33910	0.16334	0.13504	0.02533	0.02422	0.01810	0.01044	0.00847	0.00260	0.00852	0.00811	0.00859	0.04947
9	0.03275	0.02514	0.02518	0.01984	0.02642	0.09042	0.01616	0.47369	0.07720	0.09144	0.02209	0.02179	0.01573	0.01043	0.00865	0.00261	0.00989	0.00782	0.00845	0.01428
10	0.01484	0.01058	0.01298	0.01216	0.01555	0.00886	0.00889	0.01727	0.01816	0.07035	0.04332	0.36207	0.12283	0.01937	0.00950	0.00275	0.00555	0.01707	0.00745	0.22046
11	0.05473	0.12611	0.16014	0.02021	0.05978	0.07045	0.01826	0.07471	0.12920	0.09611	0.08418	0.02623	0.02264	0.01022	0.00815	0.00259	0.00940	0.00803	0.00651	0.01237
12	0.02806	0.41257	0.03566	0.01611	0.02303	0.07016	0.01464	0.07479	0.05825	0.16196	0.01921	0.01921	0.01470	0.00879	0.00688	0.00220	0.00921	0.00619	0.00602	0.01236

[dist]
# distance from previous block
# <min> <max>
0	1

[block]
# block no. 3 follows, 20 sequences, length 35
# corresponding to MSA columns:
# 124-158
name=unknown_D
#
# <colnr> <probs for GDERKNQSTAVLIFYWHMCP>
#	G	D	E	R	K	N	Q	S	T	A	V	L	I	F	Y	W	H	M	C	P
0	0.02167	0.20525	0.10779	0.01665	0.02350	0.04824	0.01551	0.13520	0.02246	0.02994	0.02099	0.12894	0.01996	0.01131	0.00773	0.00231	0.00882	0.00900	0.00573	0.15899
1	0.02005	0.01594	0.01864	0.01345	0.02110	0.01252	0.01081	0.05448	0.01969	0.06389	0.01684	0.01888	0.01350	0.00691	0.00671	0.00144	0.00668	0.00551	0.00567	0.66729
2	0.01794	0.02129	0.10127	0.37912	0.05140	0.02066	0.19827	0.02448	0.01827	0.02448	0.01595	0.02259	0.01203	0.00861	0.01018	0.00295	0.04747	0.00836	0.00401	0.01065
3	0.01925	0.01547	0.01821	0.01306	0.02076	0.01169	0.01047	0.02310	0.01847	0.06250	0.01655	0.01873	0.01340	0.00670	0.00659	0.00137	0.00651	0.00537	0.00548	0.70633
4	0.01063	0.00759	0.01012	0.01215	0.01265	0.00709	0.00810	0.01215	0.01670	0.02227	0.04808	0.68775	0.05769	0.02733	0.01113	0.00354	0.00506	0.02480	0.00810	0.00709
5	0.01881	0.07200	0.33311	0.02748	0.09364	0.02038	0.13453	0.02751	0.05323	0.02769	0.01837	0.04831	0.01472	0.00888	0.00856	0.00266	0.01164	0.00806	0.00447	0.06594
6	0.02030	0.02069	0.06090	0.18577	0.48717	0.02041	0.02647	0.02584	0.01927	0.02712	0.01618	0.02181	0.01322	0.00800	0.00864	0.00267	0.01075	0.00771	0.00419	0.01289
7	0.20943	0.45017	0.03496	0.01493	0.02152	0.10300	0.01376	0.02701	0.01781	0.02532	0.01229	0.01424	0.01076	0.00780	0.00581	0.00212	0.00942	0.00479	0.00424	0.01063
8	0.02436	0.02142	0.03444	0.12249	0.06930	0.02242	0.22998	0.24112	0.02745	0.03744	0.01927	0.02309	0.01428	0.00893	0.00909	0.00273	0.01137	0.00873	0.05964	0.01244
9	0.01515	0.00758	0.01136	0.01136	0.01136	0.00758	0.00758	0.01136	0.01136	0.01515	0.01515	0.02652	0.01515	0.03030	0.03409	0.74621	0.00758	0.00758	0.00379	0.00379
10	0.01728	0.01598	0.02227	0.01962	0.02005	0.02159	0.01603	0.01946	0.01374	0.02130	0.01559	0.02474	0.01513	0.05760	0.15548	0.00600	0.47492	0.00825	0.04605	0.00890
11	0.01915	0.01562	0.01763	0.10475	0.02427	0.05172	0.01268	0.07841	0.05484	0.03134	0.07973	0.03278	0.02462	0.01066	0.00790	0.00227	0.00747	0.04952	0.14831	0.22632
12	0.01063	0.00759	0.01012	0.01215	0.01265	0.00709	0.00810	0.01215	0.01670	0.02227	0.04808	0.68775	0.05769	0.02733	0.01113	0.00354	0.00506	0.02480	0.00810	0.00709
13	0.09353	0.05623	0.03099	0.15774	0.15150	0.02211	0.11379	0.02380	0.01694	0.02540	0.01515	0.02231	0.01307	0.04553	0.01509	0.00328	0.17076	0.00792	0.00425	0.01061
14	0.02101	0.20759	0.12720	0.01952	0.02674	0.02284	0.07685	0.02554	0.01788	0.05893	0.01519	0.01838	0.01243	0.00882	0.01074	0.00234	0.12167	0.00636	0.00456	0.19543
15	0.75506	0.01687	0.01282	0.01147	0.01687	0.01957	0.00945	0.02564	0.01484	0.03914	0.01215	0.01417	0.00945	0.00810	0.00540	0.00270	0.00675	0.00472	0.00540	0.00945
16	0.02376	0.47534	0.15324	0.01754	0.02592	0.03075	0.01835	0.11598	0.02142	0.02711	0.01413	0.01587	0.01173	0.00808	0.00657	0.00215	0.01002	0.00548	0.00449	0.01206
17	0.01161	0.00925	0.01228	0.01226	0.01419	0.00843	0.04223	0.01378	0.01809	0.02318	0.08435	0.30041	0.25445	0.10527	0.01488	0.00389	0.00593	0.05058	0.00761	0.00734
18	0.01254	0.00848	0.00947	0.00947	0.00965	0.00839	0.00536	0.01268	0.01311	0.01731	0.03107	0.05867	0.06730	0.65388	0.04239	0.00813	0.00822	0.01302	0.00545	0.00541
19	0.03316	0.02443	0.02618	0.02007	0.02705	0.02705	0.01658	0.60995	0.04101	0.05497	0.02094	0.02094	0.01483	0.01047	0.00873	0.00262	0.00960	0.00785	0.00873	0.01483
20	0.01063	0.00759	0.01012	0.01215	0.01265	0.00709	0.00810	0.01215	0.01670	0.02227	0.04808	0.68775	0.05769	0.02733	0.01113	0.00354	0.00506	0.02480	0.00810	0.00709
21	0.01095	0.00782	0.01049	0.01252	0.01317	0.00737	0.00866	0.01271	0.01702	0.02263	0.04790	0.63189	0.05698	0.02702	0.01122	0.00359	0.00534	0.07745	0.00809	0.00717
22	0.01809	0.01550	0.01809	0.01292	0.02067	0.01163	0.01034	0.02196	0.01809	0.02842	0.01550	0.01809	0.01292	0.00646	0.00646	0.00129	0.00646	0.00517	0.00517	0.74677
23	0.70134	0.01893	0.05911	0.01245	0.01839	0.01962	0.01111	0.02579	0.01510	0.03830	0.01240	0.01448	0.00956	0.00811	0.00561	0.00270	0.00720	0.00485	0.00527	0.00970
24	0.02021	0.02005	0.03584	0.17728	0.37869	0.02102	0.12867	0.02572	0.01912	0.02668	0.01616	0.02214	0.01312	0.00832	0.01008	0.00279	0.04934	0.00821	0.00421	0.01235
25	0.01278	0.00975	0.01345	0.01351	0.01433	0.01113	0.00987	0.01473	0.01424	0.02003	0.02850	0.18131	0.03083	0.19135	0.31615	0.00945	0.08253	0.01331	0.00547	0.00726
26	0.01118	0.00896	0.01004	0.01004	0.01266	0.00783	0.00770	0.01405	0.02118	0.02682	0.22959	0.08022	0.43754	0.02114	0.01046	0.00299	0.00465	0.06682	0.00849	0.00765
27	0.01249	0.00924	0.01348	0.01348	0.01485	0.01061	0.01023	0.01523	0.01386	0.01985	0.02386	0.03699	0.02299	0.14026	0.58565	0.01336	0.02159	0.00974	0.00475	0.00749
28	0.01751	0.01917	0.08100	0.49583	0.13897	0.01979	0.05752	0.02368	0.01804	0.02392	0.01576	0.02263	0.01198	0.00848	0.00876	0.00285	0.01173	0.00779	0.00395	0.01065
29	0.01235	0.00892	0.01166	0.01097	0.01303	0.00823	0.00823	0.01646	0.02469	0.03498	0.63443	0.06516	0.08230	0.01783	0.01029	0.00274	0.00412	0.01578	0.00960	0.00823
30	0.01562	0.01510	0.08659	0.14450	0.02613	0.01297	0.01488	0.02059	0.02201	0.06623	0.37706	0.04730	0.05331	0.01443	0.01058	0.00283	0.04045	0.01233	0.00759	0.00949
31	0.03004	0.01625	0.01969	0.01558	0.02145	0.01575	0.01265	0.17741	0.05693	0.30856	0.12473	0.03513	0.05966	0.01216	0.00894	0.00263	0.00723	0.00994	0.00954	0.05573
32	0.01477	0.01190	0.01585	0.05447	0.07669	0.01210	0.01192	0.02199	0.11500	0.03218	0.36170	0.09037	0.08998	0.01644	0.00995	0.00288	0.00580	0.03799	0.00843	0.00958
33	0.34611	0.05105	0.08434	0.01696	0.05493	0.05235	0.01413	0.02929	0.08321	0.08654	0.01872	0.02049	0.01428	0.01217	0.04452	0.00329	0.00909	0.00646	0.04112	0.01095
34	0.31184	0.12060	0.18574	0.04081	0.02450	0.02024	0.01662	0.02499	0.01675	0.03105	0.01591	0.04800	0.01331	0.00898	0.00668	0.00253	0.00869	0.00642	0.04324	0.05308

[dist]
# distance from previous block
# <min> <max>
1	36

[block]
# block no. 4 follows, 20 sequences, length 14
# corresponding to MSA columns:
# 195-208
name=unknown_E
#
# <colnr> <probs for GDERKNQSTAVLIFYWHMCP>
#	G	D	E	R	K	N	Q	S	T	A	V	L	I	F	Y	W	H	M	C	P
0	0.20130	0.08878	0.02607	0.07222	0.02764	0.09981	0.05338	0.20475	0.02531	0.06917	0.01675	0.01877	0.01262	0.00931	0.00847	0.00262	0.03834	0.00672	0.00617	0.01179
1	0.02203	0.01852	0.01975	0.01742	0.02246	0.02090	0.01359	0.09807	0.50195	0.03710	0.03371	0.06593	0.02643	0.01225	0.00886	0.00287	0.00704	0.01022	0.00862	0.05229
2	0.01843	0.01630	0.02430	0.08529	0.02756	0.01673	0.10968	0.07811	0.01973	0.02830	0.02264	0.14702	0.02177	0.01263	0.01158	0.00268	0.10470	0.01074	0.04528	0.19654
3	0.02020	0.01764	0.02670	0.50260	0.08653	0.02104	0.02280	0.14354	0.02243	0.02937	0.01668	0.02268	0.01241	0.00903	0.00872	0.00283	0.01114	0.00777	0.00490	0.01099
4	0.03153	0.03770	0.02435	0.02178	0.02654	0.53657	0.01652	0.08828	0.08680	0.02594	0.01639	0.01791	0.01312	0.00941	0.00805	0.00235	0.01428	0.00625	0.00532	0.01092
5	0.10500	0.02300	0.02482	0.06792	0.02849	0.02572	0.01643	0.50690	0.03660	0.05093	0.01965	0.02043	0.01405	0.01010	0.00839	0.00265	0.00946	0.00753	0.00803	0.01390
6	0.01964	0.02307	0.07654	0.15832	0.04798	0.02145	0.46646	0.02684	0.01987	0.02684	0.01714	0.02322	0.01282	0.00766	0.00989	0.00293	0.01402	0.00961	0.00427	0.01142
7	0.10849	0.01811	0.02041	0.08197	0.05825	0.06401	0.01473	0.09798	0.11003	0.18356	0.07210	0.05403	0.02532	0.01190	0.00869	0.00281	0.00840	0.03927	0.00787	0.01207
8	0.01413	0.01021	0.01255	0.01257	0.01402	0.01055	0.00879	0.06900	0.04397	0.02537	0.09307	0.27617	0.04275	0.20622	0.11424	0.00619	0.00903	0.01628	0.00709	0.00781
9	0.07178	0.03761	0.47513	0.02394	0.03521	0.01951	0.08163	0.02926	0.01913	0.10074	0.01779	0.01991	0.01237	0.00848	0.00833	0.00277	0.01199	0.00695	0.00470	0.01278
10	0.01881	0.19275	0.51215	0.02262	0.03428	0.02348	0.02832	0.02728	0.01826	0.02602	0.01486	0.01742	0.01108	0.00810	0.00768	0.00256	0.01209	0.00604	0.00369	0.01251
11	0.05321	0.20653	0.37974	0.02432	0.09096	0.02419	0.02559	0.05263	0.01921	0.02762	0.01491	0.01752	0.01145	0.00812	0.00753	0.00251	0.01132	0.00611	0.00406	0.01248
12	0.03987	0.14746	0.28130	0.02432	0.09144	0.02094	0.07568	0.02571	0.04125	0.02711	0.05898	0.08698	0.02122	0.01060	0.00838	0.00268	0.01045	0.00908	0.00488	0.01165
13	0.12853	0.08456	0.25353	0.01932	0.02772	0.01903	0.05830	0.02771	0.06342	0.07223	0.02070	0.08041	0.01729	0.01012	0.00792	0.00263	0.00963	0.00826	0.00542	0.08326

[dist]
# distance from previous block
# <min> <max>
30	70

[block]
# block no. 5 follows, 20 sequences, length 9
# corresponding to MSA columns:
# 291-299
name=unknown_F
#
# <colnr> <probs for GDERKNQSTAVLIFYWHMCP>
#	G	D	E	R	K	N	Q	S	T	A	V	L	I	F	Y	W	H	M	C	P
0	0.11531	0.17011	0.11843	0.07305	0.19767	0.02320	0.02055	0.07405	0.02054	0.08555	0.01677	0.01937	0.01294	0.00837	0.00755	0.00251	0.00980	0.00663	0.00514	0.01246
1	0.06756	0.11311	0.08510	0.02157	0.10428	0.05390	0.01668	0.13437	0.02367	0.11616	0.04356	0.07087	0.03985	0.01285	0.03035	0.00294	0.00953	0.00884	0.00655	0.03825
2	0.09236	0.17628	0.03161	0.05829	0.02806	0.08403	0.11677	0.02885	0.06723	0.07821	0.04594	0.02218	0.01689	0.00953	0.00977	0.00258	0.07378	0.00749	0.00543	0.04474
3	0.10492	0.05156	0.10356	0.06152	0.06067	0.01942	0.09586	0.09930	0.08976	0.03308	0.07643	0.03557	0.05402	0.01177	0.00889	0.00287	0.00935	0.06374	0.00637	0.01134
4	0.08023	0.18613	0.16563	0.01805	0.02515	0.10977	0.01788	0.07905	0.02157	0.02901	0.06930	0.02845	0.02113	0.01059	0.00784	0.00250	0.01011	0.06160	0.00539	0.05063
5	0.02293	0.02373	0.15714	0.10624	0.08845	0.05217	0.02005	0.08503	0.07320	0.12489	0.08803	0.03286	0.02492	0.01133	0.00899	0.00282	0.00973	0.04860	0.00674	0.01215
6	0.06767	0.01707	0.01934	0.01529	0.02143	0.01658	0.01227	0.17408	0.08317	0.13153	0.07486	0.06075	0.02398	0.01079	0.00812	0.00232	0.00718	0.00873	0.00782	0.23702
7	0.01834	0.04507	0.08297	0.07528	0.15621	0.01586	0.01711	0.04732	0.01973	0.02854	0.06236	0.08946	0.02217	0.01018	0.00808	0.00224	0.00826	0.00885	0.00544	0.27651
8	0.02135	0.01722	0.01819	0.05000	0.02162	0.06905	0.01224	0.13047	0.11098	0.06285	0.11601	0.08760	0.03174	0.09782	0.01326	0.00330	0.00797	0.01079	0.00741	0.11012

[dist]
# distance from previous block
# <min> <max>
0	1

[block]
# block no. 6 follows, 20 sequences, length 18
# corresponding to MSA columns:
# 301-318
name=unknown_G
#
# <colnr> <probs for GDERKNQSTAVLIFYWHMCP>
#	G	D	E	R	K	N	Q	S	T	A	V	L	I	F	Y	W	H	M	C	P
0	0.01727	0.02013	0.11315	0.13125	0.03336	0.01652	0.12990	0.02382	0.04702	0.02754	0.08319	0.06090	0.02419	0.01089	0.00966	0.00265	0.03455	0.03874	0.00546	0.16980
1	0.01845	0.01753	0.02974	0.43275	0.28432	0.01990	0.02521	0.02402	0.01838	0.02469	0.01585	0.02261	0.01248	0.00835	0.00869	0.00278	0.01114	0.00776	0.00405	0.01129
2	0.01856	0.01773	0.02989	0.17302	0.32073	0.01832	0.08031	0.02452	0.04578	0.02732	0.06361	0.03242	0.08904	0.01036	0.00912	0.00276	0.00985	0.00982	0.00519	0.01166
3	0.01647	0.01550	0.02616	0.67248	0.06008	0.01938	0.02422	0.02229	0.01744	0.02229	0.01550	0.02326	0.01163	0.00872	0.00872	0.00291	0.01163	0.00775	0.00388	0.00969
4	0.01380	0.01065	0.01340	0.01273	0.01507	0.01082	0.00991	0.02002	0.09167	0.03283	0.44053	0.06375	0.10333	0.01793	0.01122	0.00297	0.03828	0.07326	0.00898	0.00886
5	0.01063	0.00759	0.01012	0.01215	0.01265	0.00709	0.00810	0.01215	0.01670	0.02227	0.04808	0.68775	0.05769	0.02733	0.01113	0.00354	0.00506	0.02480	0.00810	0.00709
6	0.01809	0.01550	0.01809	0.01292	0.02067	0.01163	0.01034	0.02196	0.01809	0.02842	0.01550	0.01809	0.01292	0.00646	0.00646	0.00129	0.00646	0.00517	0.00517	0.74677
7	0.03845	0.01594	0.02092	0.01604	0.02281	0.01444	0.01325	0.10727	0.02680	0.57773	0.03288	0.02869	0.02082	0.01076	0.00877	0.00269	0.00767	0.00867	0.01056	0.01484
8	0.01515	0.00758	0.01136	0.01136	0.01136	0.00758	0.00758	0.01136	0.01136	0.01515	0.01515	0.02652	0.01515	0.03030	0.03409	0.74621	0.00758	0.00758	0.00379	0.00379
9	0.01406	0.01004	0.01406	0.01606	0.01807	0.01004	0.01406	0.01807	0.02008	0.02610	0.04618	0.09839	0.05020	0.02410	0.01205	0.00402	0.00803	0.58032	0.00803	0.00803
10	0.01499	0.01133	0.01449	0.01544	0.01787	0.01177	0.01279	0.02270	0.13450	0.02873	0.11147	0.13651	0.05009	0.02136	0.01116	0.00363	0.00710	0.35663	0.00838	0.00906
11	0.02990	0.05320	0.02456	0.01794	0.02412	0.01552	0.09340	0.03613	0.08677	0.37142	0.12073	0.03359	0.02949	0.01130	0.00904	0.00272	0.00797	0.00991	0.00916	0.01313
12	0.06355	0.01553	0.01888	0.01493	0.02091	0.01462	0.01212	0.11346	0.05737	0.33653	0.10257	0.03367	0.05824	0.01164	0.00863	0.00257	0.00702	0.00946	0.00930	0.08898
13	0.02901	0.01420	0.01799	0.01456	0.01980	0.01331	0.01173	0.09887	0.05213	0.35562	0.19410	0.04123	0.07180	0.01330	0.00926	0.00273	0.00661	0.01111	0.01001	0.01263
14	0.03045	0.01721	0.02148	0.01804	0.05872	0.01607	0.01372	0.12483	0.08409	0.31079	0.02686	0.02537	0.01851	0.00963	0.00821	0.00237	0.00765	0.00782	0.00856	0.18961
15	0.21756	0.05268	0.02096	0.01584	0.02158	0.01804	0.04856	0.06656	0.10999	0.24067	0.02524	0.02668	0.01859	0.06720	0.01083	0.00319	0.00793	0.00804	0.00776	0.01210
16	0.02573	0.09628	0.06089	0.01700	0.02371	0.01833	0.04452	0.13444	0.05451	0.17691	0.07903	0.05736	0.02403	0.01073	0.00830	0.00242	0.00813	0.00888	0.00756	0.14124
17	0.02142	0.01871	0.02884	0.02593	0.11019	0.01911	0.14709	0.11122	0.08218	0.05445	0.09161	0.06435	0.02530	0.01130	0.01085	0.00275	0.06641	0.01014	0.00652	0.09164

[dist]
# distance from previous block
# <min> <max>
16	53

[block]
# block no. 7 follows, 20 sequences, length 8
# corresponding to MSA columns:
# 379-386
name=unknown_H
#
# <colnr> <probs for GDERKNQSTAVLIFYWHMCP>
#	G	D	E	R	K	N	Q	S	T	A	V	L	I	F	Y	W	H	M	C	P
0	0.02209	0.01793	0.02454	0.16162	0.09165	0.01958	0.05384	0.03626	0.29837	0.09476	0.02692	0.02775	0.01998	0.01006	0.00875	0.00278	0.00876	0.00883	0.00706	0.05849
1	0.02413	0.01625	0.04110	0.01874	0.05002	0.01459	0.07270	0.08257	0.05745	0.20673	0.08100	0.09025	0.08442	0.01347	0.00932	0.00277	0.00786	0.04129	0.00815	0.07719
2	0.02535	0.01765	0.02056	0.05720	0.02462	0.01828	0.01392	0.19309	0.15649	0.13260	0.05251	0.05524	0.04284	0.01184	0.00874	0.00262	0.00775	0.02889	0.00822	0.12159
3	0.02583	0.02097	0.05559	0.01968	0.06219	0.02074	0.01553	0.36104	0.03228	0.04457	0.10153	0.05363	0.02536	0.01148	0.00867	0.00254	0.00836	0.00929	0.04950	0.07123
4	0.11028	0.02033	0.06294	0.01681	0.02284	0.01964	0.01435	0.30018	0.02938	0.07454	0.07947	0.10358	0.02545	0.01243	0.00856	0.00266	0.00809	0.00997	0.00783	0.07067
5	0.16380	0.02081	0.11960	0.01543	0.02301	0.01587	0.01449	0.07897	0.02093	0.14558	0.02342	0.02391	0.05282	0.00920	0.00742	0.00228	0.00788	0.00702	0.00650	0.24106
6	0.13371	0.14371	0.39157	0.01997	0.02966	0.02126	0.02361	0.02564	0.01758	0.02778	0.01751	0.07857	0.01511	0.00987	0.00766	0.00268	0.01063	0.00757	0.00437	0.01154
7	0.07590	0.09211	0.37150	0.08270	0.07113	0.01982	0.02488	0.02491	0.01786	0.02682	0.01903	0.09961	0.01682	0.01052	0.00823	0.00278	0.01086	0.00858	0.00442	0.01153

[dist]
# distance from previous block
# <min> <max>
77	155

[block]
# block no. 8 follows, 20 sequences, length 30
# corresponding to MSA columns:
# 579-608
name=unknown_I
#
# <colnr> <probs for GDERKNQSTAVLIFYWHMCP>
#	G	D	E	R	K	N	Q	S	T	A	V	L	I	F	Y	W	H	M	C	P
0	0.01828	0.01659	0.02377	0.01736	0.02494	0.01338	0.11669	0.02278	0.01866	0.02819	0.01781	0.02408	0.01531	0.00772	0.00749	0.00176	0.00802	0.04210	0.00521	0.56986
1	0.09665	0.01020	0.01388	0.01373	0.01572	0.01189	0.01074	0.01672	0.01411	0.02239	0.02209	0.03199	0.02041	0.05892	0.58480	0.01274	0.02148	0.00882	0.00476	0.00798
2	0.59432	0.01654	0.01547	0.12606	0.02460	0.01923	0.01216	0.02584	0.01576	0.06408	0.01375	0.01646	0.01038	0.00833	0.00613	0.00274	0.00762	0.00543	0.00538	0.00974
3	0.02354	0.02078	0.02829	0.06329	0.32252	0.05516	0.02051	0.08448	0.12001	0.06230	0.02052	0.02306	0.01604	0.00879	0.00840	0.00251	0.00949	0.00775	0.00588	0.09667
4	0.02504	0.30368	0.07399	0.05046	0.02911	0.06832	0.08433	0.16788	0.02387	0.03029	0.01529	0.01788	0.01234	0.00888	0.00882	0.00242	0.05374	0.00657	0.00508	0.01200
5	0.01559	0.00821	0.00821	0.00821	0.01035	0.00804	0.00616	0.01944	0.01847	0.03151	0.03525	0.03835	0.09187	0.01151	0.00658	0.00214	0.00411	0.00930	0.65869	0.00804
6	0.01481	0.01106	0.01540	0.01470	0.01688	0.01273	0.01155	0.08296	0.01708	0.02419	0.02309	0.03276	0.02102	0.05919	0.58517	0.01273	0.02180	0.00918	0.00513	0.00859
7	0.01836	0.01652	0.02616	0.59852	0.05633	0.02025	0.02336	0.08891	0.02011	0.02599	0.01612	0.02299	0.01199	0.00892	0.00872	0.00287	0.01140	0.00776	0.00443	0.01027
8	0.02159	0.02073	0.03541	0.05354	0.63903	0.02073	0.02677	0.02677	0.01986	0.02850	0.01641	0.02159	0.01382	0.00777	0.00864	0.00259	0.01036	0.00777	0.00432	0.01382
9	0.03258	0.04157	0.02472	0.02247	0.02697	0.65843	0.01685	0.03483	0.02472	0.02135	0.01348	0.01573	0.01124	0.00899	0.00787	0.00225	0.01573	0.00562	0.00449	0.01011
10	0.01764	0.01503	0.01761	0.01287	0.02019	0.01136	0.01020	0.02138	0.01801	0.02806	0.01745	0.05807	0.01559	0.00771	0.00674	0.00143	0.00638	0.00634	0.00534	0.70261
11	0.01159	0.00858	0.01062	0.01071	0.01247	0.00782	0.00769	0.01449	0.02122	0.02877	0.35873	0.20403	0.18397	0.06425	0.01267	0.00333	0.00466	0.01807	0.00870	0.00762
12	0.01908	0.01908	0.02672	0.02290	0.02290	0.02672	0.01908	0.02099	0.01336	0.02099	0.01145	0.01908	0.01145	0.01527	0.02863	0.00382	0.67748	0.00763	0.00382	0.00954
13	0.01268	0.00846	0.00951	0.00951	0.00951	0.00846	0.00529	0.01268	0.01268	0.01691	0.02748	0.05708	0.03171	0.69345	0.04440	0.00846	0.00846	0.01268	0.00529	0.00529
14	0.02044	0.02297	0.04931	0.06979	0.07906	0.02185	0.54589	0.02759	0.02039	0.02769	0.01747	0.02341	0.01319	0.00745	0.01012	0.00292	0.01431	0.01003	0.00438	0.01177
15	0.01750	0.04512	0.64825	0.02486	0.03775	0.02026	0.03223	0.02762	0.01842	0.02762	0.01565	0.01842	0.01105	0.00829	0.00829	0.00276	0.01289	0.00645	0.00368	0.01289
16	0.01977	0.01176	0.01221	0.01086	0.01386	0.01234	0.00837	0.15029	0.02297	0.03651	0.02673	0.03150	0.02128	0.05302	0.00908	0.00256	0.00556	0.00835	0.53355	0.00944
17	0.03316	0.02443	0.02618	0.02007	0.02705	0.02705	0.01658	0.60995	0.04101	0.05497	0.02094	0.02094	0.01483	0.01047	0.00873	0.00262	0.00960	0.00785	0.00873	0.01483
18	0.01908	0.01908	0.02672	0.02290	0.02290	0.02672	0.01908	0.02099	0.01336	0.02099	0.01145	0.01908	0.01145	0.01527	0.02863	0.00382	0.67748	0.00763	0.00382	0.00954
19	0.01809	0.01550	0.01809	0.01292	0.02067	0.01163	0.01034	0.02196	0.01809	0.02842	0.01550	0.01809	0.01292	0.00646	0.00646	0.00129	0.00646	0.00517	0.00517	0.74677
20	0.75506	0.01687	0.01282	0.01147	0.01687	0.01957	0.00945	0.02564	0.01484	0.03914	0.01215	0.01417	0.00945	0.00810	0.00540	0.00270	0.00675	0.00472	0.00540	0.00945
21	0.02332	0.69869	0.04571	0.01493	0.02239	0.03451	0.01493	0.02612	0.01772	0.02052	0.01213	0.01399	0.01119	0.00746	0.00560	0.00187	0.00933	0.00466	0.00373	0.01119
22	0.06193	0.06003	0.02425	0.01805	0.02448	0.05517	0.01483	0.35612	0.09917	0.10173	0.02519	0.02465	0.04226	0.01062	0.00835	0.00256	0.00890	0.00807	0.00812	0.04551
23	0.02332	0.69869	0.04571	0.01493	0.02239	0.03451	0.01493	0.02612	0.01772	0.02052	0.01213	0.01399	0.01119	0.00746	0.00560	0.00187	0.00933	0.00466	0.00373	0.01119
24	0.01278	0.00975	0.01436	0.01418	0.01558	0.01150	0.01097	0.01567	0.01391	0.02010	0.02304	0.03484	0.02188	0.09817	0.59528	0.01323	0.05291	0.00945	0.00467	0.00773
25	0.01774	0.04367	0.61185	0.02657	0.07347	0.02029	0.03190	0.02757	0.01850	0.02768	0.01570	0.01860	0.01121	0.00826	0.00831	0.00275	0.01274	0.00652	0.00372	0.01295
26	0.02055	0.13230	0.48836	0.02279	0.03404	0.06285	0.02772	0.02877	0.01912	0.06311	0.01615	0.01831	0.01171	0.00837	0.00792	0.00260	0.01226	0.00629	0.00417	0.01260
27	0.01832	0.03906	0.50861	0.02734	0.10669	0.02000	0.02954	0.05167	0.01927	0.02842	0.01647	0.01992	0.01223	0.01200	0.05024	0.00346	0.01313	0.00685	0.00404	0.01275
28	0.02163	0.06365	0.33075	0.02407	0.05819	0.02067	0.07890	0.12600	0.02270	0.06292	0.01936	0.05719	0.01526	0.00960	0.00852	0.00266	0.01116	0.00809	0.00532	0.05333
29	0.02596	0.08838	0.29362	0.01971	0.02915	0.01909	0.02149	0.06532	0.05181	0.22421	0.02255	0.02242	0.01549	0.00920	0.00815	0.00258	0.00999	0.00720	0.00656	0.05711

[dist]
# distance from previous block
# <min> <max>
0	8

[block]
# block no. 9 follows, 20 sequences, length 34
# corresponding to MSA columns:
# 617-650
name=unknown_J
#
# <colnr> <probs for GDERKNQSTAVLIFYWHMCP>
#	G	D	E	R	K	N	Q	S	T	A	V	L	I	F	Y	W	H	M	C	P
0	0.02109	0.11469	0.49502	0.02247	0.03392	0.02085	0.02764	0.02948	0.01923	0.11069	0.01780	0.01945	0.01250	0.00854	0.00805	0.00265	0.01175	0.00656	0.00465	0.01297
1	0.05750	0.37666	0.23594	0.01869	0.02762	0.05958	0.02045	0.06714	0.01976	0.02611	0.01394	0.01599	0.01132	0.00804	0.00678	0.00227	0.01069	0.00551	0.00418	0.01185
2	0.06264	0.33901	0.11965	0.01646	0.02416	0.02509	0.01641	0.06892	0.02123	0.17184	0.04450	0.02091	0.01675	0.00903	0.00711	0.00232	0.00905	0.00656	0.00605	0.01232
3	0.02176	0.53076	0.15419	0.01629	0.02438	0.03007	0.01751	0.02600	0.01789	0.02266	0.01390	0.01608	0.01193	0.00780	0.00613	0.00204	0.00962	0.00523	0.05446	0.01130
4	0.01635	0.01537	0.02623	0.56448	0.07879	0.01850	0.04737	0.02184	0.01761	0.02277	0.01841	0.07995	0.01572	0.01021	0.00899	0.00295	0.01114	0.00931	0.00428	0.00972
5	0.01809	0.01550	0.01809	0.01292	0.02067	0.01163	0.01034	0.02196	0.01809	0.02842	0.01550	0.01809	0.01292	0.00646	0.00646	0.00129	0.00646	0.00517	0.00517	0.74677
6	0.01789	0.08897	0.60782	0.02420	0.03672	0.02121	0.03107	0.02752	0.01837	0.02715	0.01542	0.01812	0.01106	0.00823	0.00811	0.00270	0.01265	0.00633	0.00369	0.01278
7	0.01626	0.00813	0.00813	0.00813	0.01016	0.00813	0.00610	0.02033	0.01829	0.03252	0.02846	0.03252	0.02236	0.01016	0.00610	0.00203	0.00407	0.00813	0.74187	0.00813
8	0.01809	0.01550	0.01809	0.01292	0.02067	0.01163	0.01034	0.02196	0.01809	0.02842	0.01550	0.01809	0.01292	0.00646	0.00646	0.00129	0.00646	0.00517	0.00517	0.74677
9	0.01247	0.00930	0.01380	0.01380	0.01529	0.01079	0.01064	0.01544	0.01396	0.02009	0.02356	0.03535	0.02228	0.09525	0.62969	0.01375	0.02266	0.00950	0.00470	0.00767
10	0.75506	0.01687	0.01282	0.01147	0.01687	0.01957	0.00945	0.02564	0.01484	0.03914	0.01215	0.01417	0.00945	0.00810	0.00540	0.00270	0.00675	0.00472	0.00540	0.00945
11	0.02361	0.01831	0.01978	0.01751	0.02264	0.02072	0.01370	0.04593	0.55748	0.10341	0.03538	0.03223	0.02607	0.01172	0.00886	0.00293	0.00696	0.00974	0.00909	0.01392
12	0.02467	0.53606	0.04158	0.01665	0.02358	0.03160	0.03643	0.06863	0.01967	0.06406	0.01436	0.01620	0.01222	0.00842	0.00774	0.00214	0.05425	0.00556	0.00458	0.01160
13	0.01626	0.00813	0.00813	0.00813	0.01016	0.00813	0.00610	0.02033	0.01829	0.03252	0.02846	0.03252	0.02236	0.01016	0.00610	0.00203	0.00407	0.00813	0.74187	0.00813
14	0.01246	0.00935	0.01402	0.01402	0.01558	0.01090	0.01090	0.01558	0.01402	0.02025	0.02336	0.03427	0.02181	0.06542	0.65888	0.01402	0.02336	0.00935	0.00467	0.00779
15	0.01950	0.01712	0.02617	0.55426	0.05409	0.02077	0.02284	0.12877	0.02171	0.02821	0.01649	0.02284	0.01221	0.00904	0.00872	0.00285	0.01126	0.00777	0.00475	0.01062
16	0.02022	0.01879	0.03154	0.04675	0.52652	0.01879	0.02447	0.02519	0.01990	0.02806	0.02180	0.03551	0.02041	0.01073	0.00925	0.00285	0.00994	0.11152	0.00499	0.01277
17	0.02963	0.03551	0.02171	0.01987	0.02392	0.54059	0.01490	0.03220	0.02355	0.02337	0.01620	0.01877	0.01325	0.00920	0.00754	0.00221	0.01362	0.00607	0.13811	0.00975
18	0.01655	0.01378	0.01639	0.01252	0.01875	0.01071	0.00980	0.02031	0.01919	0.02920	0.12984	0.07155	0.02850	0.00992	0.00747	0.00171	0.00594	0.00841	0.00617	0.56332
19	0.01301	0.01615	0.13023	0.01702	0.02073	0.01112	0.07634	0.01683	0.01778	0.02441	0.06515	0.46787	0.04560	0.02132	0.01049	0.00330	0.00747	0.01952	0.00697	0.00869
20	0.01956	0.01902	0.02545	0.02197	0.02286	0.02581	0.01813	0.02559	0.12387	0.02380	0.01581	0.02152	0.01420	0.01465	0.02505	0.00366	0.55597	0.00804	0.00473	0.01031
21	0.02066	0.01806	0.02779	0.38257	0.18932	0.02064	0.02281	0.12942	0.02205	0.02941	0.01669	0.02257	0.01286	0.00963	0.00967	0.03105	0.01081	0.00777	0.00486	0.01137
22	0.02346	0.02135	0.03418	0.06786	0.48015	0.02189	0.05241	0.13234	0.02365	0.03306	0.01726	0.02162	0.01390	0.00827	0.00873	0.00262	0.01047	0.00791	0.00511	0.01376
23	0.02054	0.03996	0.49657	0.02477	0.03633	0.02161	0.06695	0.13316	0.02265	0.03260	0.01674	0.01921	0.01188	0.00862	0.00850	0.00275	0.01241	0.00695	0.00464	0.01317
24	0.01215	0.00893	0.01284	0.01321	0.01441	0.00996	0.00981	0.01465	0.01436	0.02027	0.02827	0.15507	0.02935	0.12431	0.47713	0.01154	0.01849	0.01250	0.00536	0.00740
25	0.01906	0.01776	0.02853	0.15772	0.39496	0.01831	0.02225	0.04638	0.02026	0.02751	0.02946	0.03317	0.12610	0.01065	0.00896	0.00271	0.00949	0.00970	0.00510	0.01193
26	0.02272	0.01832	0.02554	0.02156	0.02279	0.02420	0.01795	0.02489	0.01546	0.13408	0.01561	0.02101	0.01329	0.01446	0.02503	0.00361	0.55607	0.00784	0.00508	0.01050
27	0.02249	0.02010	0.02604	0.02140	0.02721	0.02223	0.12160	0.09216	0.46330	0.03655	0.03100	0.02990	0.02317	0.01090	0.00912	0.00293	0.00855	0.00977	0.00805	0.01353
28	0.01975	0.02147	0.09870	0.04134	0.41155	0.01883	0.04346	0.02626	0.04856	0.02833	0.02267	0.03574	0.02070	0.01097	0.00928	0.00290	0.01020	0.11155	0.00514	0.01260
29	0.02520	0.07172	0.02861	0.09666	0.22170	0.13628	0.01943	0.08925	0.05147	0.07147	0.01800	0.02078	0.01409	0.00860	0.00808	0.00239	0.01052	0.00705	0.00547	0.09324
30	0.01809	0.01497	0.01734	0.01369	0.01983	0.01275	0.01066	0.06273	0.07239	0.02984	0.02353	0.14089	0.02236	0.01099	0.00767	0.00194	0.00646	0.00932	0.00627	0.49827
31	0.05366	0.01662	0.06359	0.19181	0.03215	0.01474	0.01635	0.03055	0.02137	0.28439	0.08865	0.02915	0.02325	0.01026	0.00852	0.00262	0.00845	0.00855	0.00754	0.08777
32	0.15548	0.01829	0.02351	0.11657	0.20137	0.04418	0.01762	0.05575	0.06131	0.08490	0.01927	0.02246	0.01489	0.01112	0.03503	0.00305	0.00958	0.00728	0.03856	0.05979
33	0.15658	0.02185	0.06559	0.08762	0.12243	0.06942	0.01770	0.09912	0.11067	0.07326	0.02117	0.02532	0.01663	0.00989	0.00810	0.00271	0.00936	0.03456	0.00626	0.04176

[dist]
# distance from previous block
# <min> <max>
4	27

[block]
# block no. 10 follows, 20 sequences, length 13
# corresponding to MSA columns:
# 678-690
name=unknown_K
#
# <colnr> <probs for GDERKNQSTAVLIFYWHMCP>
#	G	D	E	R	K	N	Q	S	T	A	V	L	I	F	Y	W	H	M	C	P
0	0.02265	0.48083	0.08731	0.01692	0.02350	0.08855	0.01645	0.02597	0.01843	0.02207	0.05006	0.01807	0.01551	0.00903	0.00848	0.00221	0.07306	0.00584	0.00416	0.01089
1	0.02112	0.23686	0.32216	0.01929	0.02901	0.02259	0.02214	0.02757	0.01909	0.08426	0.04522	0.02029	0.01558	0.00856	0.00745	0.00236	0.01033	0.00645	0.00477	0.07489
2	0.02316	0.37639	0.08730	0.01776	0.02479	0.02779	0.05167	0.14076	0.02202	0.02822	0.01621	0.02007	0.01391	0.04352	0.06861	0.00356	0.01126	0.00657	0.00492	0.01152
3	0.11741	0.21145	0.15578	0.08299	0.02997	0.02296	0.08058	0.02534	0.01778	0.05329	0.01811	0.08146	0.01606	0.01022	0.00866	0.00266	0.04147	0.00815	0.00476	0.01091
4	0.01793	0.36680	0.03010	0.01432	0.01884	0.02280	0.01273	0.02073	0.01619	0.02058	0.01981	0.08395	0.01961	0.03184	0.26030	0.00675	0.01440	0.00834	0.00450	0.00949
5	0.02174	0.28580	0.28629	0.01982	0.02912	0.11040	0.02185	0.02755	0.01898	0.02420	0.01403	0.01638	0.01129	0.00792	0.00707	0.00223	0.01140	0.00556	0.00394	0.07443
6	0.02512	0.57136	0.04164	0.01639	0.02328	0.15541	0.01530	0.02781	0.01908	0.02068	0.01239	0.01433	0.01120	0.00776	0.00604	0.00194	0.01057	0.00485	0.00388	0.01098
7	0.03316	0.02443	0.02618	0.02007	0.02705	0.02705	0.01658	0.60995	0.04101	0.05497	0.02094	0.02094	0.01483	0.01047	0.00873	0.00262	0.00960	0.00785	0.00873	0.01483
8	0.01268	0.00846	0.00951	0.00951	0.00951	0.00846	0.00529	0.01268	0.01268	0.01691	0.02748	0.05708	0.03171	0.69345	0.04440	0.00846	0.00846	0.01268	0.00529	0.00529
9	0.01079	0.00896	0.00951	0.00966	0.01246	0.00767	0.00743	0.01330	0.02021	0.02454	0.11957	0.08410	0.54450	0.02201	0.01047	0.00303	0.00474	0.07137	0.00819	0.00748
10	0.02968	0.24937	0.03153	0.01986	0.02552	0.40594	0.01622	0.08107	0.02388	0.02395	0.01369	0.01562	0.01153	0.00863	0.00722	0.00216	0.01317	0.00550	0.00461	0.01086
11	0.02332	0.69869	0.04571	0.01493	0.02239	0.03451	0.01493	0.02612	0.01772	0.02052	0.01213	0.01399	0.01119	0.00746	0.00560	0.00187	0.00933	0.00466	0.00373	0.01119
