[name]
unknown

[dist]
# distance from previous block
# <min> <max>
0	64

[block]
# block no. 0 follows, 25 sequences, length 33
# corresponding to MSA columns:
# 64-96
name=unknown_A
#
# <colnr> <probs for GDERKNQSTAVLIFYWHMCP>
#	G	D	E	R	K	N	Q	S	T	A	V	L	I	F	Y	W	H	M	C	P
0	0.02474	0.01127	0.01552	0.01401	0.01811	0.01028	0.01189	0.02800	0.02024	0.38655	0.03530	0.05391	0.03065	0.01492	0.00911	0.00293	0.00684	0.28677	0.00849	0.01047
1	0.02422	0.02798	0.38575	0.01836	0.02736	0.01503	0.02087	0.03052	0.01899	0.32191	0.02143	0.02089	0.01404	0.00837	0.00756	0.00243	0.00927	0.00666	0.00612	0.01224
2	0.43682	0.02631	0.31595	0.01556	0.02336	0.01767	0.01752	0.02359	0.01463	0.03018	0.01220	0.01430	0.00904	0.00727	0.00596	0.00242	0.00846	0.00489	0.00411	0.00978
3	0.48074	0.01809	0.11331	0.01238	0.01806	0.01615	0.01171	0.05211	0.01593	0.09950	0.01508	0.01647	0.01108	0.00775	0.00568	0.00234	0.00675	0.00522	0.08220	0.00944
4	0.01956	0.43027	0.27002	0.01677	0.02509	0.02564	0.01887	0.07246	0.01758	0.02286	0.01250	0.01432	0.01015	0.00710	0.00604	0.00199	0.00944	0.00493	0.00365	0.01074
5	0.02047	0.01039	0.01372	0.01143	0.01525	0.00911	0.00902	0.02386	0.02159	0.28035	0.37759	0.04263	0.04776	0.01268	0.00837	0.00232	0.00494	0.01091	0.00864	0.06897
6	0.01665	0.18666	0.55039	0.02023	0.03067	0.02069	0.02539	0.02427	0.01624	0.02322	0.01325	0.01554	0.00985	0.00721	0.00686	0.00229	0.01079	0.00539	0.00328	0.01114
7	0.01347	0.00673	0.01010	0.01010	0.01010	0.00673	0.00673	0.01010	0.01010	0.01347	0.01347	0.02357	0.01347	0.02694	0.03030	0.77441	0.00673	0.00673	0.00337	0.00337
8	0.01555	0.04011	0.68733	0.02210	0.03356	0.01801	0.02865	0.02455	0.01637	0.02455	0.01391	0.01637	0.00982	0.00737	0.00737	0.00246	0.01146	0.00573	0.00327	0.01146
9	0.00954	0.00684	0.00919	0.01089	0.01139	0.00649	0.00734	0.01097	0.01471	0.01969	0.04149	0.68328	0.04948	0.02621	0.04878	0.00368	0.00542	0.02126	0.00703	0.00633
10	0.02307	0.01554	0.01643	0.01331	0.01764	0.01687	0.01076	0.38233	0.02784	0.04035	0.02146	0.02301	0.01604	0.00919	0.00676	0.00211	0.00643	0.00709	0.33313	0.01064
11	0.01919	0.01842	0.03147	0.04759	0.67914	0.01842	0.02380	0.02380	0.01765	0.02533	0.01458	0.01919	0.01228	0.00691	0.00768	0.00230	0.00921	0.00691	0.00384	0.01228
12	0.01555	0.04011	0.68733	0.02210	0.03356	0.01801	0.02865	0.02455	0.01637	0.02455	0.01391	0.01637	0.00982	0.00737	0.00737	0.00246	0.01146	0.00573	0.00327	0.01146
13	0.02896	0.03695	0.02197	0.01998	0.02397	0.69638	0.01498	0.03096	0.02197	0.01898	0.01199	0.01398	0.00999	0.00799	0.00699	0.00200	0.01398	0.00499	0.00400	0.00899
14	0.00916	0.00785	0.00785	0.00785	0.01047	0.00655	0.00589	0.01113	0.01767	0.02095	0.07855	0.07462	0.67599	0.01964	0.00916	0.00262	0.00393	0.01636	0.00720	0.00655
15	0.01830	0.02092	0.04575	0.03268	0.04052	0.01961	0.65098	0.02484	0.01830	0.02484	0.01569	0.02092	0.01176	0.00654	0.00915	0.00261	0.01307	0.00915	0.00392	0.01046
16	0.01608	0.01378	0.01608	0.01148	0.01837	0.01034	0.00919	0.01952	0.01608	0.02527	0.01378	0.01608	0.01148	0.00574	0.00574	0.00115	0.00574	0.00459	0.00459	0.77491
17	0.00945	0.00675	0.00900	0.01080	0.01125	0.00630	0.00720	0.01080	0.01484	0.01979	0.04274	0.72245	0.05128	0.02429	0.00990	0.00315	0.00450	0.02204	0.00720	0.00630
18	0.01540	0.01455	0.02462	0.59885	0.15751	0.01743	0.02191	0.02047	0.01586	0.02073	0.01391	0.02043	0.01066	0.00761	0.00774	0.00254	0.01015	0.00689	0.00351	0.00922
19	0.06116	0.01677	0.06392	0.42371	0.10175	0.01744	0.13277	0.02144	0.01613	0.02269	0.01445	0.02017	0.01098	0.00745	0.00771	0.00252	0.01028	0.00708	0.03222	0.00936
20	0.78228	0.01499	0.01140	0.01020	0.01499	0.01739	0.00840	0.02279	0.01320	0.03479	0.01080	0.01260	0.00840	0.00720	0.00480	0.00240	0.00600	0.00420	0.00480	0.00840
21	0.01464	0.01378	0.02326	0.70887	0.05340	0.01723	0.02153	0.01981	0.01550	0.01981	0.01378	0.02067	0.01034	0.00775	0.00775	0.00258	0.01034	0.00689	0.00345	0.00861
22	0.02685	0.18490	0.02468	0.05385	0.02239	0.04673	0.01329	0.14114	0.05249	0.26849	0.04310	0.02168	0.01672	0.00911	0.00793	0.00226	0.03914	0.00684	0.00683	0.01155
23	0.01000	0.00805	0.00902	0.00925	0.01161	0.00707	0.00725	0.01248	0.01830	0.02275	0.15453	0.07457	0.48099	0.01943	0.00943	0.00276	0.00446	0.12389	0.00737	0.00676
24	0.07168	0.02134	0.02260	0.01741	0.02354	0.02367	0.01438	0.61794	0.03515	0.04808	0.01818	0.01828	0.01292	0.00919	0.00759	0.00233	0.00839	0.00682	0.00759	0.01292
25	0.03178	0.01253	0.01703	0.01328	0.01876	0.01088	0.01088	0.03486	0.02216	0.60196	0.11201	0.03037	0.02601	0.01039	0.00797	0.00240	0.00623	0.00858	0.00946	0.01245
26	0.00945	0.00675	0.00900	0.01080	0.01125	0.00630	0.00720	0.01080	0.01484	0.01979	0.04274	0.72245	0.05128	0.02429	0.00990	0.00315	0.00450	0.02204	0.00720	0.00630
27	0.01657	0.01696	0.02601	0.08519	0.02624	0.04583	0.13447	0.01946	0.01414	0.02006	0.01543	0.10080	0.01531	0.01277	0.01824	0.00309	0.40786	0.00896	0.00397	0.00863
28	0.01790	0.02371	0.13926	0.03114	0.03951	0.01937	0.56028	0.02480	0.01802	0.02480	0.01543	0.02025	0.01148	0.00666	0.00889	0.00259	0.01284	0.00865	0.00383	0.01060
29	0.03479	0.01320	0.01799	0.01380	0.01979	0.01140	0.01140	0.03779	0.02219	0.68451	0.03059	0.02639	0.01919	0.00960	0.00780	0.00240	0.00660	0.00780	0.00960	0.01320
30	0.00945	0.00675	0.00900	0.01080	0.01125	0.00630	0.00720	0.01080	0.01484	0.01979	0.04274	0.72245	0.05128	0.02429	0.00990	0.00315	0.00450	0.02204	0.00720	0.00630
31	0.02639	0.01882	0.02141	0.01682	0.02237	0.02048	0.04143	0.42428	0.12453	0.09258	0.02198	0.02186	0.01579	0.00936	0.00761	0.00234	0.00774	0.00743	0.08446	0.01233
32	0.01858	0.01997	0.04090	0.02971	0.03665	0.01934	0.53655	0.07238	0.01923	0.02613	0.01728	0.06208	0.01415	0.00810	0.00978	0.00266	0.04214	0.00964	0.00439	0.01034

[dist]
# distance from previous block
# <min> <max>
5	6

[block]
# block no. 1 follows, 25 sequences, length 159
# corresponding to MSA columns:
# 103-261
name=unknown_B
#
# <colnr> <probs for GDERKNQSTAVLIFYWHMCP>
#	G	D	E	R	K	N	Q	S	T	A	V	L	I	F	Y	W	H	M	C	P
0	0.02757	0.01892	0.02091	0.01642	0.02229	0.02031	0.01340	0.40086	0.15300	0.14508	0.02270	0.02167	0.01604	0.00937	0.00767	0.00233	0.00760	0.00731	0.00788	0.05867
1	0.03093	0.01298	0.01722	0.01371	0.01912	0.01173	0.01123	0.03569	0.07946	0.55674	0.07602	0.03103	0.02428	0.01054	0.00800	0.00246	0.00637	0.03072	0.00928	0.01248
2	0.01014	0.00831	0.00901	0.00905	0.01138	0.00748	0.00670	0.01360	0.06138	0.02301	0.15536	0.15524	0.46357	0.01911	0.00917	0.00266	0.00411	0.01628	0.00744	0.00701
3	0.02347	0.02998	0.07381	0.02024	0.02460	0.41855	0.07895	0.02740	0.05248	0.02077	0.01762	0.06055	0.03765	0.00980	0.00911	0.00234	0.07186	0.00725	0.00439	0.00920
4	0.01783	0.02009	0.04318	0.03118	0.03838	0.01912	0.59691	0.02394	0.01790	0.02437	0.01678	0.05447	0.01360	0.00765	0.00978	0.00267	0.03822	0.00968	0.00406	0.01019
5	0.01790	0.02152	0.09080	0.06686	0.09870	0.01953	0.47048	0.02405	0.01752	0.02419	0.01498	0.02013	0.01149	0.00717	0.00990	0.00262	0.05947	0.00841	0.00380	0.01048
6	0.01703	0.01631	0.02774	0.35343	0.32551	0.01796	0.05416	0.02278	0.04582	0.02305	0.01503	0.02041	0.01186	0.00744	0.00780	0.00246	0.00979	0.00710	0.00384	0.01048
7	0.01830	0.02092	0.04575	0.03268	0.04052	0.01961	0.65098	0.02484	0.01830	0.02484	0.01569	0.02092	0.01176	0.00654	0.00915	0.00261	0.01307	0.00915	0.00392	0.01046
8	0.03138	0.01559	0.07679	0.01471	0.02091	0.01227	0.01311	0.05761	0.02190	0.55824	0.02939	0.02937	0.01988	0.01019	0.00796	0.00248	0.00713	0.04964	0.00881	0.01263
9	0.01127	0.00755	0.00862	0.00862	0.00867	0.00760	0.00490	0.01138	0.01132	0.01515	0.02428	0.04993	0.02784	0.70085	0.06564	0.00771	0.00804	0.01116	0.00468	0.00479
10	0.01555	0.04011	0.68733	0.02210	0.03356	0.01801	0.02865	0.02455	0.01637	0.02455	0.01391	0.01637	0.00982	0.00737	0.00737	0.00246	0.01146	0.00573	0.00327	0.01146
11	0.02608	0.01943	0.02080	0.01660	0.02201	0.02156	0.01348	0.48670	0.14202	0.04377	0.02215	0.04831	0.01685	0.01008	0.00773	0.00238	0.00768	0.00789	0.05206	0.01242
12	0.01555	0.04011	0.68733	0.02210	0.03356	0.01801	0.02865	0.02455	0.01637	0.02455	0.01391	0.01637	0.00982	0.00737	0.00737	0.00246	0.01146	0.00573	0.00327	0.01146
13	0.00949	0.00688	0.00897	0.01053	0.01120	0.00636	0.00710	0.01099	0.01537	0.02038	0.07321	0.64381	0.09996	0.02357	0.00981	0.00308	0.00442	0.02126	0.00726	0.00636
14	0.01464	0.01378	0.02326	0.70887	0.05340	0.01723	0.02153	0.01981	0.01550	0.01981	0.01378	0.02067	0.01034	0.00775	0.00775	0.00258	0.01034	0.00689	0.00345	0.00861
15	0.01183	0.00868	0.01128	0.01244	0.01400	0.00862	0.00993	0.01569	0.05762	0.02278	0.08446	0.22189	0.08450	0.07483	0.01234	0.00358	0.00608	0.32529	0.00711	0.00706
16	0.01123	0.00826	0.01223	0.01223	0.01363	0.00958	0.00950	0.01404	0.01263	0.01849	0.02097	0.03039	0.01941	0.05594	0.66568	0.01198	0.02000	0.00826	0.03864	0.00694
17	0.02015	0.43754	0.20706	0.01632	0.02392	0.06631	0.01741	0.05158	0.05487	0.02205	0.01321	0.01478	0.01085	0.00725	0.00601	0.00197	0.00935	0.00500	0.00380	0.01056
18	0.78228	0.01499	0.01140	0.01020	0.01499	0.01739	0.00840	0.02279	0.01320	0.03479	0.01080	0.01260	0.00840	0.00720	0.00480	0.00240	0.00600	0.00420	0.00480	0.00840
19	0.02056	0.70994	0.06141	0.01355	0.02034	0.03027	0.01376	0.02326	0.01577	0.01844	0.01088	0.01256	0.00995	0.00666	0.00505	0.00168	0.00839	0.00420	0.00332	0.01000
20	0.02073	0.73217	0.04063	0.01327	0.01990	0.03068	0.01327	0.02322	0.01575	0.01824	0.01078	0.01244	0.00995	0.00663	0.00498	0.00166	0.00829	0.00415	0.00332	0.00995
21	0.01608	0.01378	0.01608	0.01148	0.01837	0.01034	0.00919	0.01952	0.01608	0.02527	0.01378	0.01608	0.01148	0.00574	0.00574	0.00115	0.00574	0.00459	0.00459	0.77491
22	0.00945	0.00675	0.00900	0.01080	0.01125	0.00630	0.00720	0.01080	0.01484	0.01979	0.04274	0.72245	0.05128	0.02429	0.00990	0.00315	0.00450	0.02204	0.00720	0.00630
23	0.04553	0.56428	0.03613	0.01430	0.02044	0.05321	0.01352	0.10283	0.01835	0.02266	0.01179	0.01347	0.01032	0.00734	0.00628	0.00185	0.03888	0.00465	0.00395	0.01021
24	0.01097	0.00793	0.01036	0.00975	0.01158	0.00732	0.00732	0.01463	0.02195	0.03109	0.67505	0.05792	0.07316	0.01585	0.00914	0.00244	0.00366	0.01402	0.00854	0.00732
25	0.01347	0.00673	0.01010	0.01010	0.01010	0.00673	0.00673	0.01010	0.01010	0.01347	0.01347	0.02357	0.01347	0.02694	0.03030	0.77441	0.00673	0.00673	0.00337	0.00337
26	0.04698	0.58600	0.08615	0.01350	0.01999	0.02706	0.01371	0.02251	0.01629	0.02052	0.07281	0.01697	0.01576	0.00757	0.00554	0.00182	0.00802	0.00519	0.00385	0.00976
27	0.01475	0.01372	0.02327	0.65746	0.05109	0.01687	0.04051	0.01989	0.01562	0.02036	0.01434	0.02103	0.01079	0.00777	0.00770	0.00255	0.01013	0.00698	0.03656	0.00861
28	0.01108	0.00831	0.01246	0.01246	0.01385	0.00969	0.00969	0.01385	0.01246	0.01800	0.02077	0.03046	0.01938	0.05815	0.69678	0.01246	0.02077	0.00831	0.00415	0.00692
29	0.00936	0.00786	0.00813	0.00806	0.01060	0.00663	0.00605	0.01151	0.01814	0.02207	0.14434	0.07278	0.60950	0.01922	0.00916	0.00260	0.00390	0.01611	0.00735	0.00663
30	0.01994	0.01866	0.03088	0.04543	0.63153	0.01883	0.02314	0.06955	0.01902	0.02704	0.01488	0.01915	0.01235	0.00708	0.00768	0.00230	0.00916	0.00691	0.00412	0.01235
31	0.01347	0.00673	0.01010	0.01010	0.01010	0.00673	0.00673	0.01010	0.01010	0.01347	0.01347	0.02357	0.01347	0.02694	0.03030	0.77441	0.00673	0.00673	0.00337	0.00337
32	0.02025	0.01645	0.01752	0.01550	0.02000	0.01870	0.01213	0.07655	0.57143	0.06429	0.03256	0.02996	0.04816	0.01076	0.00793	0.00260	0.00622	0.00891	0.00794	0.01215
33	0.01638	0.03470	0.51307	0.02634	0.09484	0.01833	0.13805	0.02453	0.01683	0.02468	0.01429	0.01743	0.01039	0.00718	0.00771	0.00247	0.01153	0.00644	0.00344	0.01136
34	0.01830	0.02092	0.04575	0.03268	0.04052	0.01961	0.65098	0.02484	0.01830	0.02484	0.01569	0.02092	0.01176	0.00654	0.00915	0.00261	0.01307	0.00915	0.00392	0.01046
35	0.01826	0.01590	0.01661	0.01539	0.01926	0.04414	0.01212	0.03582	0.51393	0.03056	0.06945	0.03800	0.02885	0.01221	0.00831	0.00272	0.00644	0.09319	0.00767	0.01115
36	0.01113	0.00786	0.01010	0.01010	0.01076	0.00839	0.00681	0.01234	0.01196	0.01644	0.02453	0.04303	0.04398	0.42823	0.31158	0.00942	0.01291	0.01020	0.00455	0.00568
37	0.01579	0.01348	0.01577	0.01145	0.01807	0.01016	0.00910	0.01915	0.01602	0.02503	0.01503	0.04656	0.01320	0.00654	0.00592	0.00123	0.00569	0.00535	0.00471	0.74174
38	0.01808	0.02049	0.04440	0.07321	0.04129	0.01947	0.61325	0.02454	0.01813	0.02454	0.01557	0.02090	0.01168	0.00661	0.00907	0.00261	0.01291	0.00901	0.00389	0.01035
39	0.78228	0.01499	0.01140	0.01020	0.01499	0.01739	0.00840	0.02279	0.01320	0.03479	0.01080	0.01260	0.00840	0.00720	0.00480	0.00240	0.00600	0.00420	0.00480	0.00840
40	0.78228	0.01499	0.01140	0.01020	0.01499	0.01739	0.00840	0.02279	0.01320	0.03479	0.01080	0.01260	0.00840	0.00720	0.00480	0.00240	0.00600	0.00420	0.00480	0.00840
41	0.01899	0.01822	0.03112	0.07612	0.65214	0.01837	0.02370	0.02362	0.01756	0.02509	0.01455	0.01925	0.01220	0.00694	0.00768	0.00231	0.00926	0.00691	0.00382	0.01212
42	0.01702	0.03805	0.63621	0.02147	0.03251	0.01750	0.02733	0.02557	0.01681	0.07496	0.01519	0.01714	0.01054	0.00754	0.00740	0.00245	0.01109	0.00589	0.00376	0.01159
43	0.05588	0.02095	0.02226	0.01718	0.02318	0.02320	0.01417	0.60774	0.03489	0.04764	0.01858	0.01877	0.01326	0.00922	0.00757	0.00231	0.00826	0.00689	0.03525	0.01280
44	0.05763	0.03448	0.02170	0.01953	0.02344	0.60899	0.01482	0.05480	0.02169	0.02076	0.01211	0.01426	0.01006	0.00830	0.00788	0.00210	0.04906	0.00513	0.00415	0.00911
45	0.00967	0.00690	0.00887	0.01036	0.01085	0.00646	0.00682	0.01087	0.01453	0.01924	0.04213	0.60583	0.07835	0.11358	0.01363	0.00368	0.00486	0.02040	0.00688	0.00611
46	0.02608	0.01835	0.01920	0.01586	0.02064	0.08460	0.01269	0.23216	0.13593	0.19407	0.04643	0.06552	0.03977	0.01102	0.00870	0.00247	0.03859	0.00865	0.00764	0.01163
47	0.01591	0.01320	0.01458	0.01339	0.01676	0.01455	0.01028	0.03055	0.41391	0.03107	0.23414	0.06670	0.06612	0.01308	0.00841	0.00259	0.00521	0.01122	0.00804	0.01027
48	0.00944	0.00679	0.00896	0.01069	0.01122	0.00631	0.00715	0.01081	0.01495	0.01983	0.04403	0.69901	0.07388	0.02412	0.00987	0.00313	0.00448	0.02184	0.00720	0.00631
49	0.00945	0.00675	0.00900	0.01080	0.01125	0.00630	0.00720	0.01080	0.01484	0.01979	0.04274	0.72245	0.05128	0.02429	0.00990	0.00315	0.00450	0.02204	0.00720	0.00630
50	0.01555	0.04011	0.68733	0.02210	0.03356	0.01801	0.02865	0.02455	0.01637	0.02455	0.01391	0.01637	0.00982	0.00737	0.00737	0.00246	0.01146	0.00573	0.00327	0.01146
51	0.01600	0.01536	0.02696	0.56250	0.04979	0.01797	0.12469	0.05289	0.01703	0.02212	0.01434	0.02061	0.01072	0.00763	0.00798	0.00258	0.01069	0.00727	0.00374	0.00915
52	0.05158	0.01226	0.01638	0.01294	0.01813	0.01081	0.01055	0.03304	0.02189	0.54419	0.15022	0.03188	0.02895	0.01070	0.00796	0.00241	0.00603	0.00886	0.00926	0.01196
53	0.01169	0.00808	0.01059	0.00988	0.01183	0.00744	0.00744	0.01533	0.02196	0.05071	0.65570	0.05697	0.07154	0.01566	0.00910	0.00244	0.00375	0.01384	0.00857	0.00749
54	0.01748	0.01403	0.01685	0.01762	0.07958	0.01526	0.01280	0.03084	0.36436	0.05751	0.05871	0.04529	0.06702	0.01341	0.00864	0.00280	0.00646	0.15334	0.00740	0.01060
55	0.01672	0.01468	0.02460	0.53585	0.17698	0.01713	0.02140	0.02165	0.01632	0.05952	0.01492	0.02071	0.01124	0.00769	0.00774	0.00252	0.00989	0.00695	0.00388	0.00962
56	0.01126	0.00756	0.00870	0.00870	0.00878	0.00765	0.00500	0.01143	0.01135	0.01521	0.02421	0.04952	0.02766	0.68739	0.07886	0.00781	0.00831	0.01110	0.00467	0.00483
57	0.02062	0.01640	0.01947	0.02003	0.11555	0.01810	0.01374	0.05638	0.46720	0.08991	0.05567	0.02819	0.02337	0.01010	0.00790	0.00254	0.00659	0.00858	0.00748	0.01218
58	0.02050	0.27676	0.33345	0.01805	0.02657	0.09094	0.02033	0.02598	0.01727	0.08319	0.01418	0.01570	0.01075	0.00738	0.00654	0.00213	0.01017	0.00530	0.00395	0.01085
59	0.05020	0.08461	0.58326	0.02042	0.03083	0.01837	0.02575	0.02395	0.01643	0.02487	0.04257	0.01776	0.01255	0.00768	0.00717	0.00240	0.01066	0.00592	0.00358	0.01104
60	0.02058	0.02173	0.05888	0.03990	0.48736	0.09820	0.05223	0.05261	0.04618	0.02584	0.01519	0.01892	0.01240	0.00729	0.00767	0.00230	0.00990	0.00682	0.00418	0.01181
61	0.01825	0.03977	0.02848	0.10241	0.43803	0.03732	0.04753	0.02328	0.04083	0.02422	0.01780	0.02692	0.01588	0.00892	0.00847	0.00250	0.02830	0.07579	0.00429	0.01101
62	0.01108	0.00831	0.01246	0.01246	0.01385	0.00969	0.00969	0.01385	0.01246	0.01800	0.02077	0.03046	0.01938	0.05815	0.69678	0.01246	0.02077	0.00831	0.00415	0.00692
63	0.01617	0.01570	0.02079	0.01813	0.01832	0.04137	0.01466	0.01767	0.01213	0.01808	0.01295	0.02271	0.01339	0.12464	0.06119	0.00444	0.54868	0.00749	0.00365	0.00784
64	0.02841	0.10282	0.02361	0.01908	0.02341	0.60494	0.01467	0.03049	0.02138	0.04558	0.01261	0.01433	0.01035	0.00792	0.00683	0.00198	0.01314	0.00502	0.00415	0.00925
65	0.02073	0.73217	0.04063	0.01327	0.01990	0.03068	0.01327	0.02322	0.01575	0.01824	0.01078	0.01244	0.00995	0.00663	0.00498	0.00166	0.00829	0.00415	0.00332	0.00995
66	0.01937	0.01409	0.01674	0.03853	0.01952	0.01287	0.01060	0.15255	0.02181	0.09057	0.12961	0.05579	0.02469	0.00944	0.00718	0.00187	0.00617	0.00783	0.00645	0.35432
67	0.01464	0.01378	0.02326	0.70887	0.05340	0.01723	0.02153	0.01981	0.01550	0.01981	0.01378	0.02067	0.01034	0.00775	0.00775	0.00258	0.01034	0.00689	0.00345	0.00861
68	0.01108	0.00828	0.01230	0.01230	0.01363	0.00960	0.00949	0.01374	0.01241	0.01788	0.02092	0.03127	0.01974	0.08498	0.67043	0.01226	0.02024	0.00843	0.00418	0.00683
69	0.01088	0.00792	0.01024	0.00966	0.01153	0.00728	0.00724	0.01445	0.02173	0.03058	0.64468	0.05877	0.10385	0.01604	0.00915	0.00245	0.00367	0.01414	0.00847	0.00728
70	0.02142	0.43790	0.17169	0.01656	0.02363	0.17140	0.01685	0.02516	0.01722	0.01972	0.01169	0.01359	0.00993	0.00708	0.00591	0.00190	0.01018	0.00466	0.00345	0.01006
71	0.00949	0.00682	0.00893	0.01059	0.01112	0.00635	0.00706	0.01083	0.01486	0.01969	0.04373	0.67303	0.07797	0.04607	0.01079	0.00326	0.00457	0.02146	0.00712	0.00626
72	0.01347	0.00673	0.01010	0.01010	0.01010	0.00673	0.00673	0.01010	0.01010	0.01347	0.01347	0.02357	0.01347	0.02694	0.03030	0.77441	0.00673	0.00673	0.00337	0.00337
73	0.00923	0.00779	0.00799	0.00808	0.01055	0.00655	0.00601	0.01121	0.01763	0.02117	0.09359	0.11177	0.62241	0.01980	0.00921	0.00264	0.00395	0.01663	0.00724	0.00655
74	0.01880	0.01933	0.06134	0.07206	0.59450	0.01841	0.05405	0.02372	0.01754	0.02505	0.01458	0.01921	0.01207	0.00694	0.00774	0.00234	0.00954	0.00696	0.00380	0.01201
75	0.01159	0.00811	0.00958	0.00939	0.00947	0.00859	0.00571	0.01186	0.01138	0.01542	0.02338	0.04756	0.02662	0.64593	0.07805	0.00757	0.04930	0.01084	0.00459	0.00505
76	0.07760	0.01343	0.01759	0.01366	0.01953	0.01205	0.01126	0.03705	0.04664	0.62145	0.02948	0.02569	0.01874	0.00949	0.00763	0.00241	0.00654	0.00763	0.00925	0.01288
77	0.07487	0.07019	0.49888	0.02339	0.07316	0.01879	0.08636	0.02433	0.01637	0.02509	0.01373	0.01650	0.01006	0.00721	0.00724	0.00242	0.01089	0.00594	0.00349	0.01110
78	0.08954	0.02598	0.02105	0.01800	0.02216	0.31300	0.03207	0.17450	0.04241	0.02806	0.01903	0.02057	0.06196	0.00978	0.00929	0.00235	0.08851	0.00670	0.00524	0.00983
79	0.06749	0.00950	0.00944	0.00872	0.01130	0.00986	0.00675	0.09326	0.01853	0.03120	0.02662	0.02925	0.05642	0.00956	0.00587	0.00196	0.00437	0.00752	0.58440	0.00797
80	0.01902	0.07053	0.02139	0.01527	0.02091	0.01646	0.06107	0.14664	0.10342	0.02951	0.01972	0.08882	0.01722	0.00927	0.00763	0.00199	0.02829	0.00773	0.00571	0.30941
81	0.01640	0.13021	0.56361	0.02157	0.03217	0.01977	0.06392	0.02440	0.01640	0.02374	0.01361	0.01612	0.00996	0.00722	0.00716	0.00236	0.01114	0.00573	0.00332	0.01120
82	0.01599	0.01378	0.01651	0.05328	0.02047	0.01075	0.00993	0.01954	0.01604	0.02494	0.01378	0.01635	0.01142	0.00586	0.00586	0.00123	0.00602	0.00473	0.00452	0.72898
83	0.00973	0.00695	0.00932	0.01112	0.01169	0.00654	0.00769	0.01129	0.01512	0.02011	0.04258	0.66338	0.05066	0.02402	0.00997	0.00319	0.00474	0.07831	0.00719	0.00638
84	0.01984	0.61302	0.15197	0.01479	0.02225	0.02850	0.01591	0.02345	0.01586	0.01933	0.01132	0.01311	0.00993	0.00676	0.00539	0.00180	0.00884	0.00442	0.00331	0.01021
85	0.01015	0.00815	0.00912	0.00912	0.01140	0.00728	0.00686	0.01328	0.04173	0.02395	0.22461	0.11875	0.42469	0.01878	0.00923	0.00265	0.00412	0.04161	0.00756	0.00695
86	0.01109	0.00827	0.01227	0.01227	0.01359	0.00959	0.00945	0.01372	0.01240	0.01786	0.02094	0.03143	0.01981	0.09030	0.66521	0.01222	0.02013	0.00845	0.00418	0.00682
87	0.01720	0.01645	0.02249	0.55916	0.04645	0.08536	0.01972	0.06924	0.01778	0.02231	0.01443	0.02017	0.01090	0.00795	0.00758	0.00247	0.01030	0.00672	0.03438	0.00894
88	0.01108	0.00831	0.01246	0.01246	0.01385	0.00969	0.00969	0.01385	0.01246	0.01800	0.02077	0.03046	0.01938	0.05815	0.69678	0.01246	0.02077	0.00831	0.00415	0.00692
89	0.01249	0.00892	0.01249	0.01428	0.01606	0.00892	0.01249	0.01606	0.01785	0.02320	0.04105	0.08746	0.04462	0.02142	0.01071	0.00357	0.00714	0.62695	0.00714	0.00714
90	0.01787	0.01959	0.03950	0.07680	0.07610	0.02011	0.45920	0.02335	0.01694	0.02344	0.01452	0.02010	0.01142	0.00788	0.01184	0.00273	0.13627	0.00845	0.00379	0.01009
91	0.06356	0.01318	0.01767	0.05389	0.02119	0.01204	0.01171	0.03520	0.04050	0.57055	0.05708	0.02694	0.02073	0.00969	0.00773	0.00242	0.00665	0.00790	0.00894	0.01244
92	0.01821	0.02042	0.04298	0.03211	0.06610	0.01996	0.56168	0.02419	0.01764	0.02425	0.01510	0.02045	0.01163	0.00724	0.01069	0.00268	0.08164	0.00882	0.00387	0.01034
93	0.76050	0.01571	0.03059	0.01053	0.01552	0.01741	0.00897	0.02284	0.01329	0.03450	0.01088	0.01270	0.00844	0.00720	0.00487	0.00240	0.00615	0.00424	0.00476	0.00848
94	0.00924	0.00786	0.00796	0.00793	0.01052	0.00658	0.00595	0.01127	0.01784	0.02135	0.10246	0.07395	0.65183	0.01948	0.00916	0.00261	0.00392	0.01627	0.00725	0.00658
95	0.78228	0.01499	0.01140	0.01020	0.01499	0.01739	0.00840	0.02279	0.01320	0.03479	0.01080	0.01260	0.00840	0.00720	0.00480	0.00240	0.00600	0.00420	0.00480	0.00840
96	0.01277	0.03593	0.01244	0.01089	0.01334	0.01020	0.00829	0.04607	0.10235	0.02874	0.37608	0.13964	0.14121	0.01616	0.00887	0.00255	0.00451	0.01404	0.00787	0.00807
97	0.01603	0.01428	0.02166	0.07544	0.07461	0.01512	0.12042	0.02582	0.21838	0.02598	0.02980	0.09548	0.02793	0.01357	0.00905	0.00291	0.00803	0.18948	0.00629	0.00973
98	0.01843	0.01981	0.04032	0.02936	0.03643	0.01904	0.53241	0.05727	0.06843	0.02635	0.01862	0.06215	0.01504	0.00801	0.00903	0.00263	0.01181	0.00976	0.00461	0.01049
99	0.03364	0.01410	0.01844	0.01424	0.02018	0.01285	0.01173	0.09207	0.05165	0.60000	0.02958	0.02582	0.01886	0.00961	0.00780	0.00240	0.00675	0.00777	0.00936	0.01315
100	0.02789	0.01817	0.02045	0.01597	0.02154	0.01933	0.01308	0.43350	0.05205	0.17075	0.10305	0.02536	0.02216	0.01022	0.00794	0.00236	0.00747	0.00807	0.00822	0.01243
101	0.01073	0.00729	0.00862	0.00916	0.00929	0.00715	0.00545	0.01113	0.01235	0.01646	0.02993	0.25259	0.03513	0.51619	0.03058	0.00620	0.00661	0.01451	0.00545	0.00518
102	0.01108	0.00831	0.01246	0.01246	0.01385	0.00969	0.00969	0.01385	0.01246	0.01800	0.02077	0.03046	0.01938	0.05815	0.69678	0.01246	0.02077	0.00831	0.00415	0.00692
103	0.00916	0.00785	0.00785	0.00785	0.01047	0.00655	0.00589	0.01113	0.01767	0.02095	0.07855	0.07462	0.67599	0.01964	0.00916	0.00262	0.00393	0.01636	0.00720	0.00655
104	0.03438	0.01385	0.01840	0.01410	0.02012	0.01236	0.01165	0.08480	0.02328	0.63596	0.02967	0.02580	0.01873	0.00957	0.00779	0.00239	0.00675	0.00773	0.00946	0.01319
105	0.01347	0.00673	0.01010	0.01010	0.01010	0.00673	0.00673	0.01010	0.01010	0.01347	0.01347	0.02357	0.01347	0.02694	0.03030	0.77441	0.00673	0.00673	0.00337	0.00337
106	0.02979	0.02121	0.02295	0.01760	0.02379	0.02329	0.01454	0.61640	0.03560	0.08696	0.01933	0.01908	0.01355	0.00933	0.00776	0.00233	0.00842	0.00703	0.00787	0.01319
107	0.01571	0.06065	0.66814	0.02184	0.03315	0.01838	0.02819	0.02452	0.01635	0.02437	0.01382	0.01625	0.00983	0.00734	0.00730	0.00243	0.01136	0.00568	0.00328	0.01141
108	0.01555	0.04011	0.68733	0.02210	0.03356	0.01801	0.02865	0.02455	0.01637	0.02455	0.01391	0.01637	0.00982	0.00737	0.00737	0.00246	0.01146	0.00573	0.00327	0.01146
109	0.01156	0.00904	0.01309	0.01291	0.01397	0.01074	0.00993	0.01391	0.01257	0.01808	0.02208	0.10076	0.02215	0.08876	0.51604	0.01024	0.09313	0.00972	0.00441	0.00690
110	0.01555	0.04011	0.68733	0.02210	0.03356	0.01801	0.02865	0.02455	0.01637	0.02455	0.01391	0.01637	0.00982	0.00737	0.00737	0.00246	0.01146	0.00573	0.00327	0.01146
111	0.02454	0.04772	0.02598	0.03033	0.27791	0.38683	0.01824	0.02840	0.04718	0.02199	0.01378	0.01659	0.01145	0.00764	0.00724	0.00213	0.01165	0.00587	0.00408	0.01043
112	0.06289	0.01799	0.03390	0.20678	0.03882	0.01958	0.33520	0.02230	0.01613	0.02302	0.01392	0.01965	0.01091	0.00814	0.01140	0.00273	0.13554	0.00784	0.00376	0.00950
113	0.78228	0.01499	0.01140	0.01020	0.01499	0.01739	0.00840	0.02279	0.01320	0.03479	0.01080	0.01260	0.00840	0.00720	0.00480	0.00240	0.00600	0.00420	0.00480	0.00840
114	0.02865	0.06516	0.02285	0.01955	0.02380	0.62271	0.01489	0.07291	0.02269	0.02098	0.01238	0.01423	0.01020	0.00802	0.00696	0.00201	0.01337	0.00509	0.00422	0.00931
115	0.01558	0.01171	0.01305	0.01211	0.01411	0.03897	0.00904	0.12988	0.01795	0.02459	0.02641	0.08995	0.05315	0.20963	0.15925	0.00588	0.03170	0.03967	0.08978	0.00758
116	0.01533	0.01438	0.02443	0.41587	0.21614	0.01622	0.04282	0.01990	0.01610	0.02148	0.01782	0.11131	0.01622	0.00963	0.00806	0.00258	0.00937	0.00894	0.00405	0.00937
117	0.01861	0.01809	0.05496	0.08765	0.41156	0.05097	0.02064	0.02360	0.03735	0.04881	0.02001	0.03120	0.01806	0.00975	0.00817	0.00255	0.00909	0.11330	0.00469	0.01095
118	0.03479	0.01320	0.01799	0.01380	0.01979	0.01140	0.01140	0.03779	0.02219	0.68451	0.03059	0.02639	0.01919	0.00960	0.00780	0.00240	0.00660	0.00780	0.00960	0.01320
119	0.02033	0.67931	0.09002	0.01394	0.02094	0.02971	0.01444	0.02332	0.01580	0.01872	0.01102	0.01274	0.00994	0.00669	0.00516	0.00172	0.00853	0.00427	0.00331	0.01007
120	0.09739	0.01388	0.01598	0.01428	0.01745	0.03898	0.03597	0.17617	0.02093	0.07950	0.02910	0.34070	0.03031	0.01597	0.00910	0.00275	0.03189	0.01366	0.00689	0.00911
121	0.01096	0.00835	0.01013	0.00960	0.01175	0.00774	0.00723	0.01514	0.05367	0.02872	0.49880	0.06046	0.21565	0.01649	0.00909	0.00249	0.00385	0.01432	0.00818	0.00738
122	0.01115	0.00803	0.01106	0.01106	0.01195	0.00893	0.00794	0.01294	0.01204	0.01696	0.02205	0.03758	0.02247	0.29311	0.46605	0.01073	0.01612	0.00935	0.00434	0.00614
123	0.01839	0.02065	0.04425	0.03424	0.10748	0.01948	0.58522	0.02473	0.01823	0.02489	0.01557	0.02073	0.01182	0.00658	0.00900	0.00258	0.01267	0.00892	0.00391	0.01065
124	0.01695	0.18284	0.48599	0.02198	0.05943	0.02077	0.06136	0.02426	0.01641	0.02328	0.01339	0.01593	0.01007	0.00714	0.00698	0.00229	0.01079	0.00565	0.00335	0.01112
125	0.70362	0.01512	0.01228	0.01072	0.01566	0.01723	0.00884	0.04716	0.01467	0.07944	0.01243	0.01376	0.00931	0.00744	0.00511	0.00240	0.00613	0.00455	0.00523	0.00890
126	0.01061	0.00732	0.00893	0.00945	0.00988	0.00707	0.00595	0.01162	0.01410	0.01908	0.12898	0.28067	0.04285	0.38039	0.02481	0.00526	0.00591	0.01536	0.00613	0.00564
127	0.01986	0.01935	0.02864	0.19542	0.39072	0.07749	0.04922	0.07958	0.01923	0.02557	0.01458	0.01911	0.01169	0.00740	0.00771	0.00236	0.01000	0.00684	0.00411	0.01114
128	0.01695	0.01286	0.01832	0.11089	0.18368	0.03676	0.03906	0.02104	0.01739	0.05483	0.04949	0.02922	0.01982	0.00926	0.00707	0.00223	0.00697	0.04456	0.31046	0.00911
129	0.31360	0.01359	0.03782	0.06466	0.01764	0.01463	0.01029	0.05601	0.01534	0.02882	0.01832	0.08777	0.01669	0.05932	0.01000	0.00280	0.06505	0.00761	0.15190	0.00813
130	0.03412	0.01334	0.01797	0.01388	0.01981	0.01174	0.01143	0.03793	0.04993	0.65637	0.03063	0.02650	0.01939	0.00964	0.00780	0.00241	0.00658	0.00784	0.00952	0.01316
131	0.01590	0.03785	0.61549	0.02403	0.06685	0.01812	0.06570	0.02453	0.01655	0.02461	0.01405	0.01679	0.01006	0.00729	0.00749	0.00246	0.01144	0.00599	0.00334	0.01144
132	0.01660	0.01409	0.01636	0.01173	0.01860	0.01087	0.00940	0.04414	0.01687	0.02618	0.01397	0.01618	0.01155	0.00588	0.00582	0.00119	0.00585	0.00469	0.00472	0.74532
133	0.01895	0.01434	0.02063	0.04284	0.02082	0.01671	0.06862	0.07798	0.01690	0.11886	0.02155	0.14092	0.02050	0.06798	0.01704	0.00328	0.26467	0.01009	0.02826	0.00908
134	0.01957	0.57680	0.18582	0.01525	0.02297	0.02783	0.01672	0.02352	0.01589	0.01966	0.01148	0.01332	0.00992	0.00680	0.00551	0.00184	0.00900	0.00450	0.00331	0.01029
135	0.01804	0.01725	0.02939	0.21484	0.52088	0.01812	0.02322	0.02279	0.01711	0.02393	0.01438	0.01956	0.01179	0.00712	0.00770	0.00237	0.00950	0.00690	0.00374	0.01135
136	0.00945	0.00675	0.00900	0.01080	0.01125	0.00630	0.00720	0.01080	0.01484	0.01979	0.04274	0.72245	0.05128	0.02429	0.00990	0.00315	0.00450	0.02204	0.00720	0.00630
137	0.01490	0.01406	0.02414	0.02105	0.05615	0.01468	0.20065	0.04561	0.04024	0.02312	0.02702	0.31867	0.02885	0.01541	0.01170	0.00293	0.11254	0.01406	0.00554	0.00867
138	0.01928	0.01923	0.04063	0.02938	0.03656	0.01809	0.54250	0.02520	0.01822	0.08568	0.01746	0.02215	0.01304	0.01076	0.06154	0.00335	0.01306	0.00896	0.00447	0.01044
139	0.01169	0.00832	0.01003	0.00977	0.00991	0.00897	0.00614	0.01210	0.01144	0.01561	0.02298	0.04613	0.02593	0.60595	0.10422	0.00770	0.06275	0.01064	0.00454	0.00521
140	0.01696	0.01696	0.02375	0.02036	0.02036	0.02375	0.01696	0.01866	0.01187	0.01866	0.01018	0.01696	0.01018	0.01357	0.02545	0.00339	0.71332	0.00679	0.00339	0.00848
141	0.01787	0.01708	0.02909	0.23924	0.49779	0.01808	0.02314	0.02264	0.01703	0.02373	0.01435	0.01962	0.01172	0.00715	0.00770	0.00238	0.00954	0.00690	0.00372	0.01122
142	0.03171	0.01619	0.05663	0.01457	0.02040	0.06379	0.01242	0.03488	0.02140	0.55551	0.02893	0.06658	0.01987	0.01023	0.00784	0.00242	0.00732	0.00832	0.00866	0.01236
143	0.00985	0.00692	0.00888	0.01028	0.01063	0.00657	0.00665	0.01090	0.01406	0.01875	0.03871	0.57489	0.04621	0.17877	0.01639	0.00411	0.00516	0.01968	0.00665	0.00595
144	0.01912	0.02214	0.04394	0.03171	0.03926	0.07130	0.60240	0.02530	0.01858	0.02439	0.01540	0.02039	0.01163	0.00665	0.00899	0.00257	0.01314	0.00883	0.00393	0.01035
145	0.03438	0.01385	0.01840	0.01410	0.02012	0.01236	0.01165	0.08480	0.02328	0.63596	0.02967	0.02580	0.01873	0.00957	0.00779	0.00239	0.00675	0.00773	0.00946	0.01319
146	0.01464	0.01378	0.02326	0.70887	0.05340	0.01723	0.02153	0.01981	0.01550	0.01981	0.01378	0.02067	0.01034	0.00775	0.00775	0.00258	0.01034	0.00689	0.00345	0.00861
147	0.01353	0.00852	0.01124	0.01034	0.01261	0.00780	0.00793	0.01711	0.02182	0.09937	0.58429	0.05569	0.06646	0.01540	0.00906	0.00248	0.00409	0.03574	0.00860	0.00793
148	0.02469	0.01655	0.01798	0.01441	0.01924	0.01772	0.01164	0.37953	0.06123	0.10428	0.02640	0.02713	0.06664	0.03636	0.00863	0.00247	0.00699	0.00807	0.13875	0.01130
149	0.01482	0.01402	0.02329	0.65628	0.05088	0.01772	0.02118	0.01972	0.01523	0.01972	0.01351	0.02039	0.01032	0.00820	0.00910	0.00265	0.06403	0.00688	0.00344	0.00860
150	0.01833	0.02061	0.04403	0.03346	0.08872	0.01964	0.58488	0.02458	0.01807	0.02470	0.01544	0.02067	0.01176	0.00677	0.00951	0.00261	0.03288	0.00891	0.00390	0.01054
151	0.01520	0.00897	0.01200	0.01120	0.01372	0.00827	0.00888	0.01873	0.02128	0.13851	0.45892	0.05774	0.05928	0.01577	0.00919	0.00263	0.00475	0.11822	0.00847	0.00826
152	0.01190	0.00849	0.01169	0.01323	0.01477	0.00838	0.01107	0.01504	0.01750	0.02303	0.08912	0.17399	0.04716	0.04668	0.01150	0.00357	0.00651	0.47226	0.00717	0.00695
153	0.01967	0.01352	0.01587	0.01584	0.04548	0.05315	0.01218	0.09750	0.07671	0.14149	0.03321	0.17528	0.03247	0.01610	0.00911	0.00291	0.00712	0.21548	0.00739	0.00952
154	0.13099	0.15599	0.02503	0.02025	0.10547	0.25575	0.01462	0.11013	0.04087	0.05272	0.01415	0.01574	0.01126	0.00781	0.00656	0.00211	0.00996	0.00546	0.00480	0.01033
155	0.01177	0.00854	0.01142	0.01221	0.01392	0.00835	0.00987	0.01573	0.04254	0.02591	0.26999	0.16368	0.05510	0.01941	0.00993	0.00307	0.00547	0.29814	0.00768	0.00727
156	0.05628	0.11376	0.22679	0.05787	0.04890	0.01733	0.03647	0.02421	0.07742	0.07534	0.09067	0.05452	0.04635	0.01000	0.00802	0.00243	0.03011	0.00812	0.00520	0.01021
157	0.01986	0.21294	0.27001	0.02279	0.07736	0.13983	0.10589	0.02531	0.01755	0.02206	0.01306	0.01577	0.01033	0.00714	0.00695	0.00218	0.01114	0.00574	0.00354	0.01057
158	0.14385	0.25681	0.17702	0.01919	0.05158	0.02299	0.10056	0.09804	0.01833	0.02709	0.01320	0.01545	0.01038	0.00720	0.00646	0.00219	0.00931	0.00561	0.00417	0.01057

[dist]
# distance from previous block
# <min> <max>
2	7

[block]
# block no. 2 follows, 25 sequences, length 22
# corresponding to MSA columns:
# 269-290
name=unknown_C
#
# <colnr> <probs for GDERKNQSTAVLIFYWHMCP>
#	G	D	E	R	K	N	Q	S	T	A	V	L	I	F	Y	W	H	M	C	P
0	0.02156	0.47102	0.14875	0.01582	0.02309	0.06213	0.01623	0.11740	0.01926	0.02392	0.01255	0.01411	0.01041	0.00723	0.00591	0.00191	0.00917	0.00488	0.00400	0.01064
1	0.01836	0.35337	0.16955	0.01500	0.02176	0.02114	0.01564	0.02243	0.01646	0.05568	0.01798	0.05799	0.01675	0.00950	0.00664	0.00212	0.00830	0.08068	0.00441	0.08625
2	0.04892	0.17484	0.49517	0.01943	0.02915	0.02002	0.02389	0.02377	0.01619	0.02366	0.01457	0.01913	0.01160	0.00794	0.00696	0.00235	0.01037	0.03766	0.00355	0.01080
3	0.01999	0.07059	0.01931	0.01386	0.01935	0.01504	0.01155	0.10804	0.05125	0.09622	0.01987	0.02651	0.01690	0.00934	0.00817	0.00199	0.05328	0.08060	0.00583	0.35230
4	0.06093	0.05537	0.13228	0.04919	0.29737	0.01834	0.05621	0.06319	0.05035	0.11658	0.01738	0.01964	0.01304	0.00767	0.00747	0.00236	0.00906	0.00679	0.00498	0.01181
5	0.01746	0.02699	0.25232	0.03004	0.07156	0.01903	0.41720	0.02469	0.01764	0.02477	0.01506	0.01936	0.01116	0.00682	0.00850	0.00255	0.01235	0.00793	0.00371	0.01088
6	0.01691	0.01447	0.01755	0.01291	0.01947	0.01185	0.03546	0.05668	0.05181	0.02681	0.01593	0.03788	0.01341	0.00678	0.00623	0.00141	0.00618	0.00565	0.00500	0.63763
7	0.01802	0.03376	0.40773	0.02513	0.03457	0.10029	0.22040	0.02541	0.01765	0.02397	0.01423	0.01749	0.01045	0.00718	0.00788	0.00245	0.01226	0.00670	0.00356	0.01085
8	0.01464	0.01378	0.02326	0.70887	0.05340	0.01723	0.02153	0.01981	0.01550	0.01981	0.01378	0.02067	0.01034	0.00775	0.00775	0.00258	0.01034	0.00689	0.00345	0.00861
9	0.01899	0.01208	0.01599	0.01617	0.09537	0.01166	0.01113	0.10476	0.02297	0.15984	0.31954	0.04394	0.09133	0.01312	0.00857	0.00245	0.00567	0.02870	0.00793	0.00978
10	0.02758	0.02085	0.02260	0.01773	0.02338	0.02346	0.01456	0.54574	0.11094	0.04528	0.01973	0.01977	0.01429	0.00968	0.00871	0.00242	0.04572	0.00719	0.00754	0.01283
11	0.00945	0.00675	0.00900	0.01080	0.01125	0.00630	0.00720	0.01080	0.01484	0.01979	0.04274	0.72245	0.05128	0.02429	0.00990	0.00315	0.00450	0.02204	0.00720	0.00630
12	0.02493	0.01222	0.01512	0.01247	0.01669	0.04266	0.00993	0.02815	0.02208	0.38984	0.28880	0.03847	0.04045	0.01203	0.00830	0.00240	0.00577	0.01017	0.00890	0.01063
13	0.01856	0.41465	0.27353	0.01651	0.02453	0.04741	0.01858	0.02347	0.01655	0.02131	0.05050	0.01656	0.01357	0.00748	0.00616	0.00201	0.00937	0.00532	0.00363	0.01031
14	0.00945	0.00675	0.00900	0.01080	0.01125	0.00630	0.00720	0.01080	0.01484	0.01979	0.04274	0.72245	0.05128	0.02429	0.00990	0.00315	0.00450	0.02204	0.00720	0.00630
15	0.01919	0.01842	0.03147	0.04759	0.67914	0.01842	0.02380	0.02380	0.01765	0.02533	0.01458	0.01919	0.01228	0.00691	0.00768	0.00230	0.00921	0.00691	0.00384	0.01228
16	0.02207	0.01510	0.02006	0.01646	0.01966	0.01731	0.01355	0.04529	0.04831	0.20958	0.01837	0.02086	0.01417	0.01337	0.05180	0.00319	0.31434	0.00693	0.00573	0.12387
17	0.01500	0.01393	0.02331	0.48223	0.18315	0.01617	0.02029	0.01958	0.01589	0.02100	0.01745	0.10496	0.01569	0.00956	0.00799	0.00259	0.00939	0.00872	0.00398	0.00912
18	0.78228	0.01499	0.01140	0.01020	0.01499	0.01739	0.00840	0.02279	0.01320	0.03479	0.01080	0.01260	0.00840	0.00720	0.00480	0.00240	0.00600	0.00420	0.00480	0.00840
19	0.01906	0.01834	0.03102	0.04601	0.64078	0.01873	0.02340	0.02350	0.01732	0.02494	0.01433	0.01906	0.01216	0.00730	0.00871	0.00237	0.05021	0.00690	0.00381	0.01206
20	0.01875	0.02104	0.11054	0.04452	0.60131	0.01837	0.02438	0.02389	0.01750	0.02524	0.01450	0.01885	0.01199	0.00696	0.00764	0.00232	0.00948	0.00677	0.00377	0.01218
21	0.01996	0.01801	0.02955	0.04306	0.58729	0.01816	0.02215	0.02605	0.07631	0.05834	0.01690	0.02042	0.01365	0.00737	0.00770	0.00234	0.00881	0.00712	0.00449	0.01233

[dist]
# distance from previous block
# <min> <max>
0	1

[block]
# block no. 3 follows, 25 sequences, length 10
# corresponding to MSA columns:
# 292-301
name=unknown_D
#
# <colnr> <probs for GDERKNQSTAVLIFYWHMCP>
#	G	D	E	R	K	N	Q	S	T	A	V	L	I	F	Y	W	H	M	C	P
0	0.01322	0.00893	0.01043	0.00966	0.01231	0.00813	0.00729	0.01696	0.05696	0.09454	0.28572	0.05949	0.31322	0.05581	0.01062	0.00280	0.00444	0.01389	0.00784	0.00775
1	0.02633	0.01180	0.01629	0.01435	0.05324	0.01048	0.01077	0.02963	0.02187	0.43974	0.23556	0.03607	0.03605	0.01145	0.00822	0.00241	0.00580	0.00974	0.00894	0.01127
2	0.01608	0.01378	0.01608	0.01148	0.01837	0.01034	0.00919	0.01952	0.01608	0.02527	0.01378	0.01608	0.01148	0.00574	0.00574	0.00115	0.00574	0.00459	0.00459	0.77491
3	0.00986	0.00788	0.00882	0.00858	0.01090	0.00684	0.00644	0.01247	0.01931	0.02484	0.30724	0.06822	0.44487	0.01819	0.00916	0.00255	0.00382	0.01547	0.00771	0.00684
4	0.02330	0.02742	0.05627	0.01687	0.02095	0.39414	0.01345	0.09626	0.02246	0.02466	0.09743	0.05284	0.07133	0.01061	0.00757	0.00220	0.01046	0.00795	0.03478	0.00904
5	0.01464	0.01378	0.02326	0.70887	0.05340	0.01723	0.02153	0.01981	0.01550	0.01981	0.01378	0.02067	0.01034	0.00775	0.00775	0.00258	0.01034	0.00689	0.00345	0.00861
6	0.11635	0.01366	0.01465	0.01308	0.01701	0.01487	0.01023	0.03089	0.33757	0.09706	0.17438	0.03560	0.06920	0.01170	0.00783	0.00253	0.00549	0.00968	0.00777	0.01044
7	0.50018	0.01606	0.01633	0.01721	0.11875	0.01782	0.01176	0.07679	0.06079	0.07865	0.01478	0.01616	0.01116	0.00772	0.00590	0.00239	0.00675	0.00540	0.00543	0.00998
8	0.13172	0.01586	0.01834	0.01452	0.02002	0.01624	0.01190	0.16795	0.08337	0.31142	0.02304	0.02178	0.01578	0.00919	0.00810	0.00236	0.04176	0.00692	0.00768	0.07208
9	0.02986	0.01466	0.01802	0.01425	0.01981	0.01416	0.01163	0.14243	0.10362	0.43990	0.03256	0.02930	0.07242	0.01048	0.00791	0.00243	0.00666	0.00848	0.00887	0.01254

[dist]
# distance from previous block
# <min> <max>
0	1

[block]
# block no. 4 follows, 25 sequences, length 15
# corresponding to MSA columns:
# 303-317
name=unknown_E
#
# <colnr> <probs for GDERKNQSTAVLIFYWHMCP>
#	G	D	E	R	K	N	Q	S	T	A	V	L	I	F	Y	W	H	M	C	P
0	0.01986	0.01614	0.02247	0.21903	0.17086	0.01770	0.01720	0.17873	0.07239	0.05711	0.07212	0.02675	0.05663	0.00957	0.00794	0.00245	0.00828	0.00820	0.00580	0.01078
1	0.15867	0.01997	0.01936	0.01619	0.02045	0.11815	0.01309	0.25764	0.02339	0.07140	0.01622	0.01864	0.01265	0.01549	0.09698	0.00371	0.09544	0.00639	0.00581	0.01037
2	0.01344	0.01256	0.01704	0.09153	0.02083	0.06304	0.09697	0.01666	0.01750	0.02258	0.18673	0.04465	0.16334	0.10181	0.09347	0.00426	0.00900	0.01135	0.00576	0.00751
3	0.07836	0.01756	0.02062	0.01753	0.05986	0.01859	0.01349	0.27265	0.06974	0.18157	0.02018	0.02026	0.01443	0.00912	0.00879	0.00232	0.06485	0.00681	0.00704	0.09622
4	0.34156	0.01494	0.01822	0.35619	0.03472	0.01785	0.01541	0.07262	0.01623	0.02853	0.01291	0.01708	0.00975	0.00764	0.00650	0.00248	0.00835	0.00576	0.00437	0.00889
5	0.63990	0.01518	0.01319	0.06492	0.01855	0.01756	0.00987	0.07060	0.01544	0.03458	0.03334	0.01516	0.01103	0.00769	0.00540	0.00241	0.00645	0.00494	0.00504	0.00875
6	0.00969	0.00692	0.00928	0.01108	0.01164	0.00651	0.00763	0.01122	0.01509	0.02007	0.04260	0.67078	0.05074	0.02406	0.00996	0.00318	0.00471	0.07127	0.00719	0.00637
7	0.02043	0.02234	0.03908	0.02933	0.05687	0.09509	0.46913	0.08256	0.02023	0.02641	0.01541	0.01963	0.01170	0.00692	0.00856	0.00244	0.01226	0.00819	0.00431	0.04910
8	0.01929	0.01380	0.01547	0.01360	0.01674	0.01474	0.01045	0.30007	0.02423	0.03280	0.02752	0.19801	0.02775	0.14080	0.01397	0.00351	0.00700	0.05939	0.05164	0.00923
9	0.01754	0.01832	0.05467	0.11810	0.15873	0.01953	0.17814	0.04121	0.05422	0.02354	0.01515	0.02039	0.01241	0.01179	0.05235	0.00329	0.17887	0.00759	0.00405	0.01012
10	0.33999	0.01504	0.01947	0.01551	0.02078	0.01540	0.12271	0.05469	0.01767	0.20084	0.02042	0.09043	0.01639	0.00955	0.00700	0.00251	0.00736	0.00796	0.00627	0.01001
11	0.07722	0.01382	0.01654	0.01250	0.01877	0.01175	0.01013	0.02778	0.05586	0.27045	0.02083	0.02040	0.01483	0.00755	0.00656	0.00179	0.00610	0.00599	0.00665	0.39450
12	0.01760	0.01312	0.01645	0.01336	0.01841	0.01165	0.03493	0.05132	0.09040	0.09150	0.05114	0.12145	0.02419	0.01099	0.00750	0.00206	0.00614	0.05664	0.00629	0.35486
