[name]
unknown

[dist]
# distance from previous block
# <min> <max>
6	23

[block]
# block no. 0 follows, 21 sequences, length 9
# corresponding to MSA columns:
# 24-32
name=unknown_A
#
# <colnr> <probs for GDERKNQSTAVLIFYWHMCP>
#	G	D	E	R	K	N	Q	S	T	A	V	L	I	F	Y	W	H	M	C	P
0	0.05844	0.05303	0.01770	0.03472	0.01923	0.01508	0.01146	0.16974	0.02376	0.11234	0.06636	0.29469	0.05428	0.01722	0.00925	0.00291	0.00679	0.01477	0.00797	0.01027
1	0.10563	0.54294	0.08335	0.01516	0.02256	0.03064	0.01525	0.05937	0.01832	0.02446	0.01257	0.01436	0.01092	0.00757	0.00580	0.00202	0.00908	0.00486	0.00410	0.01105
2	0.21190	0.36855	0.18386	0.01603	0.02407	0.02656	0.01725	0.02572	0.01673	0.02638	0.01267	0.01474	0.01045	0.00763	0.00604	0.00224	0.00929	0.00498	0.00405	0.01088
3	0.01033	0.00754	0.00973	0.01149	0.01225	0.00694	0.00774	0.01189	0.01664	0.02187	0.05131	0.62662	0.12219	0.02609	0.01077	0.00339	0.00487	0.02349	0.00790	0.00694
4	0.01891	0.02085	0.04361	0.06492	0.04069	0.02041	0.48919	0.02511	0.01908	0.02600	0.01934	0.08309	0.01661	0.00955	0.01134	0.00298	0.06196	0.01100	0.00456	0.01081
5	0.02002	0.01817	0.01960	0.01524	0.02142	0.06142	0.01217	0.05842	0.09787	0.02896	0.01739	0.01955	0.01417	0.00823	0.00901	0.00186	0.07564	0.00605	0.00552	0.48931
6	0.01977	0.02195	0.04603	0.03288	0.04135	0.02021	0.53896	0.02651	0.01977	0.02732	0.01695	0.02227	0.01287	0.00706	0.00956	0.00266	0.01331	0.00940	0.00440	0.10675
7	0.09627	0.45370	0.08461	0.01917	0.02688	0.02880	0.13622	0.02589	0.01762	0.02378	0.01315	0.01584	0.01114	0.00738	0.00654	0.00217	0.01014	0.00578	0.00393	0.01097
8	0.01610	0.14884	0.01824	0.01243	0.01529	0.01315	0.00974	0.01868	0.01935	0.08836	0.19460	0.32585	0.04990	0.01872	0.00933	0.00284	0.00576	0.01637	0.00769	0.00877

[dist]
# distance from previous block
# <min> <max>
5	6

[block]
# block no. 1 follows, 21 sequences, length 16
# corresponding to MSA columns:
# 39-54
name=unknown_B
#
# <colnr> <probs for GDERKNQSTAVLIFYWHMCP>
#	G	D	E	R	K	N	Q	S	T	A	V	L	I	F	Y	W	H	M	C	P
0	0.02079	0.01714	0.01975	0.01458	0.02159	0.01528	0.01181	0.14708	0.02211	0.03280	0.01603	0.01828	0.01292	0.00757	0.00790	0.00166	0.04245	0.00572	0.00570	0.55884
1	0.10839	0.01765	0.01963	0.05345	0.02359	0.01879	0.01329	0.18233	0.17727	0.13275	0.05538	0.02786	0.04282	0.01061	0.00811	0.00257	0.00747	0.00842	0.00792	0.08171
2	0.01665	0.00964	0.01277	0.01161	0.01432	0.00875	0.00883	0.02032	0.02348	0.14552	0.48232	0.11065	0.06752	0.01693	0.00984	0.00273	0.00468	0.01489	0.00946	0.00911
3	0.01101	0.00857	0.00987	0.01006	0.01207	0.00781	0.00736	0.01326	0.01847	0.02353	0.14784	0.13128	0.35196	0.11027	0.06443	0.00445	0.00641	0.04674	0.00751	0.00709
4	0.02451	0.57653	0.04061	0.01599	0.02271	0.15688	0.01493	0.02714	0.01862	0.02018	0.01209	0.01398	0.01093	0.00757	0.00589	0.00189	0.01032	0.00473	0.00379	0.01072
5	0.01222	0.00879	0.01120	0.01250	0.01353	0.00856	0.00860	0.06317	0.01830	0.02442	0.04467	0.63837	0.05275	0.02527	0.01066	0.00338	0.00531	0.02280	0.00795	0.00755
6	0.02218	0.01865	0.01985	0.01715	0.02246	0.02088	0.01348	0.11191	0.50399	0.03703	0.03111	0.02908	0.02335	0.01090	0.00842	0.00269	0.00701	0.00896	0.00830	0.08260
7	0.08570	0.01513	0.02392	0.53175	0.08499	0.01831	0.02167	0.02198	0.01711	0.02390	0.01715	0.02735	0.01413	0.00954	0.00845	0.00288	0.01056	0.05167	0.00425	0.00954
8	0.02148	0.02140	0.03190	0.11853	0.49758	0.07852	0.02440	0.02719	0.04689	0.02684	0.01648	0.02121	0.01357	0.00797	0.00838	0.00255	0.01057	0.00748	0.00438	0.01270
9	0.35085	0.05530	0.09523	0.01559	0.02187	0.02099	0.01429	0.12085	0.05437	0.03594	0.01518	0.01711	0.01175	0.00885	0.00815	0.00256	0.05952	0.00584	0.00556	0.08020
10	0.11112	0.10608	0.41740	0.02340	0.07846	0.02167	0.02536	0.07224	0.01928	0.02974	0.01495	0.01743	0.01109	0.00810	0.00752	0.00257	0.01104	0.00610	0.00423	0.01220
11	0.01792	0.20064	0.45943	0.02096	0.03133	0.02212	0.02556	0.02543	0.01768	0.02488	0.01689	0.06922	0.01433	0.00933	0.00767	0.00254	0.01115	0.00725	0.00394	0.01174
12	0.01894	0.01328	0.01287	0.01167	0.01428	0.06250	0.00909	0.09055	0.02058	0.03198	0.02750	0.03072	0.05303	0.01093	0.00853	0.00227	0.06532	0.00821	0.49881	0.00892
13	0.01479	0.00988	0.01242	0.01227	0.01436	0.00948	0.00896	0.07191	0.02173	0.07057	0.24073	0.35398	0.08416	0.02080	0.01018	0.00304	0.00517	0.01845	0.00861	0.00850
14	0.01463	0.01140	0.01485	0.01671	0.06422	0.01182	0.01129	0.06821	0.07641	0.02681	0.06018	0.43928	0.04537	0.02145	0.01090	0.00327	0.03004	0.05668	0.00764	0.00885
15	0.02502	0.02105	0.02597	0.03043	0.26224	0.08629	0.01830	0.15787	0.05538	0.09146	0.04779	0.02708	0.05895	0.00999	0.00846	0.00250	0.00926	0.00844	0.00646	0.04703

[dist]
# distance from previous block
# <min> <max>
0	11

[block]
# block no. 2 follows, 21 sequences, length 9
# corresponding to MSA columns:
# 66-74
name=unknown_C
#
# <colnr> <probs for GDERKNQSTAVLIFYWHMCP>
#	G	D	E	R	K	N	Q	S	T	A	V	L	I	F	Y	W	H	M	C	P
0	0.02080	0.02003	0.03444	0.15433	0.33015	0.02122	0.13415	0.07665	0.02040	0.02832	0.01609	0.02146	0.01291	0.00846	0.01025	0.00274	0.06294	0.00803	0.00449	0.01217
1	0.10213	0.01996	0.02265	0.02017	0.08340	0.02097	0.01487	0.29440	0.10007	0.09566	0.02114	0.02147	0.01548	0.00932	0.00786	0.00241	0.00820	0.00726	0.00744	0.12514
2	0.02153	0.01742	0.01973	0.01445	0.02181	0.01532	0.01169	0.17926	0.02355	0.03457	0.01653	0.01838	0.01310	0.00734	0.00689	0.00160	0.00711	0.00573	0.00596	0.55805
3	0.34820	0.07251	0.02072	0.01532	0.02130	0.02326	0.01276	0.25936	0.08420	0.04258	0.01740	0.01812	0.01302	0.00911	0.00688	0.00256	0.00788	0.00628	0.00674	0.01181
4	0.01478	0.00739	0.01109	0.01109	0.01109	0.00739	0.00739	0.01109	0.01109	0.01478	0.01478	0.02587	0.01478	0.02956	0.03326	0.75240	0.00739	0.00739	0.00370	0.00370
5	0.05278	0.01118	0.01521	0.01438	0.01601	0.01330	0.01129	0.01804	0.01460	0.05396	0.02273	0.06853	0.02131	0.06572	0.37368	0.00906	0.13278	0.00946	0.06773	0.00823
6	0.02086	0.01952	0.02467	0.01889	0.02530	0.07851	0.12535	0.10492	0.05773	0.03118	0.07027	0.05460	0.02110	0.00938	0.00809	0.00214	0.00887	0.00837	0.00600	0.30425
7	0.10515	0.05158	0.01990	0.01675	0.02137	0.28395	0.01304	0.11210	0.06596	0.02889	0.03238	0.03237	0.15879	0.01197	0.00807	0.00248	0.01016	0.00883	0.00615	0.01012
8	0.13694	0.02249	0.02220	0.01765	0.02392	0.07845	0.01437	0.36029	0.06594	0.11371	0.02062	0.02052	0.01472	0.00970	0.00789	0.00251	0.00897	0.00713	0.00778	0.04418

[dist]
# distance from previous block
# <min> <max>
6	15

[block]
# block no. 3 follows, 21 sequences, length 21
# corresponding to MSA columns:
# 90-110
name=unknown_D
#
# <colnr> <probs for GDERKNQSTAVLIFYWHMCP>
#	G	D	E	R	K	N	Q	S	T	A	V	L	I	F	Y	W	H	M	C	P
0	0.07833	0.01933	0.02091	0.01664	0.02259	0.02053	0.01347	0.34720	0.08554	0.08843	0.02358	0.06825	0.01859	0.01086	0.00810	0.00248	0.00789	0.00853	0.03871	0.10004
1	0.07454	0.41988	0.08959	0.01630	0.02353	0.10901	0.01568	0.06751	0.01962	0.02486	0.01313	0.01501	0.01117	0.00771	0.00623	0.00201	0.00983	0.00507	0.00428	0.06503
2	0.01945	0.01424	0.01779	0.05140	0.02031	0.01558	0.01259	0.09415	0.02098	0.09888	0.07736	0.04165	0.17260	0.01453	0.01317	0.00284	0.16119	0.02745	0.06083	0.06303
3	0.02374	0.06452	0.02083	0.06845	0.02387	0.04815	0.01380	0.10333	0.16591	0.14691	0.07370	0.03840	0.05963	0.01257	0.00876	0.00273	0.00787	0.07156	0.00785	0.03742
4	0.01527	0.01301	0.01456	0.01310	0.01615	0.04617	0.00998	0.05442	0.02074	0.02822	0.20544	0.18206	0.12770	0.01685	0.01081	0.00267	0.06168	0.01411	0.00731	0.13975
5	0.01935	0.02128	0.04407	0.05722	0.04080	0.02041	0.49387	0.02581	0.01958	0.02699	0.04266	0.02402	0.01553	0.00801	0.01071	0.00280	0.05019	0.00968	0.00451	0.06252
6	0.02403	0.01891	0.02107	0.01563	0.02287	0.01787	0.01273	0.28092	0.02735	0.03897	0.01743	0.01886	0.01342	0.00800	0.00726	0.00182	0.00763	0.00618	0.00655	0.43251
7	0.49006	0.01772	0.01669	0.07398	0.02245	0.02030	0.01210	0.16346	0.02111	0.04013	0.04172	0.01835	0.01374	0.00891	0.00653	0.00264	0.00755	0.00606	0.00607	0.01042
8	0.12787	0.42718	0.09434	0.01729	0.02486	0.02758	0.07989	0.02684	0.01774	0.06766	0.01422	0.01612	0.01158	0.00765	0.00638	0.00218	0.00949	0.00558	0.00441	0.01113
9	0.01996	0.02257	0.04807	0.03466	0.04251	0.02193	0.56369	0.02666	0.01946	0.02666	0.01668	0.02257	0.01276	0.00786	0.01163	0.00295	0.07406	0.00981	0.00425	0.01128
10	0.01220	0.01145	0.01032	0.01021	0.01299	0.06719	0.00759	0.01446	0.01996	0.02354	0.11879	0.11698	0.50358	0.02043	0.00990	0.00284	0.00533	0.01706	0.00769	0.00747
11	0.01931	0.02162	0.04614	0.03348	0.04109	0.02067	0.54440	0.02582	0.01948	0.02654	0.01909	0.07166	0.01599	0.00896	0.01095	0.00295	0.04533	0.01095	0.00454	0.01104
12	0.01699	0.01442	0.01694	0.01254	0.01946	0.01094	0.00989	0.02056	0.01752	0.02718	0.01801	0.07926	0.01658	0.00815	0.00672	0.00146	0.00618	0.00678	0.00530	0.68513
13	0.02457	0.57254	0.04049	0.01604	0.02274	0.16068	0.01494	0.02719	0.01866	0.02018	0.01210	0.01399	0.01093	0.00758	0.00590	0.00189	0.01035	0.00474	0.00379	0.01071
14	0.03086	0.10885	0.02622	0.02117	0.02585	0.60180	0.01625	0.03311	0.02342	0.02074	0.01302	0.01517	0.01096	0.00862	0.00745	0.00215	0.01471	0.00539	0.00431	0.00997
15	0.03558	0.01506	0.01967	0.01547	0.02179	0.01383	0.01266	0.04205	0.11743	0.55912	0.03374	0.02939	0.02182	0.01069	0.00857	0.00267	0.00716	0.00872	0.01025	0.01433
16	0.01153	0.00789	0.00953	0.01037	0.01058	0.00768	0.00632	0.01215	0.01403	0.01871	0.03531	0.32613	0.04165	0.41586	0.02959	0.00622	0.00685	0.01737	0.00632	0.00590
17	0.03235	0.02384	0.02554	0.01958	0.02639	0.02639	0.01618	0.61946	0.04001	0.05363	0.02043	0.02043	0.01447	0.01022	0.00851	0.00255	0.00936	0.00766	0.00851	0.01447
18	0.02312	0.02601	0.02474	0.04693	0.02499	0.25199	0.01742	0.02539	0.01745	0.02118	0.01232	0.01754	0.01121	0.01185	0.01842	0.00297	0.37223	0.00658	0.00406	0.06360
19	0.02292	0.01819	0.02143	0.01836	0.02362	0.02026	0.05493	0.04358	0.52497	0.10142	0.03332	0.03085	0.02455	0.01114	0.00874	0.00286	0.00731	0.00954	0.00856	0.01344
20	0.02117	0.01828	0.01924	0.01732	0.02213	0.02117	0.01347	0.04522	0.63246	0.03560	0.03464	0.03175	0.02598	0.01155	0.00866	0.00289	0.00673	0.00962	0.00866	0.01347

[dist]
# distance from previous block
# <min> <max>
0	2

[block]
# block no. 4 follows, 21 sequences, length 12
# corresponding to MSA columns:
# 113-124
name=unknown_E
#
# <colnr> <probs for GDERKNQSTAVLIFYWHMCP>
#	G	D	E	R	K	N	Q	S	T	A	V	L	I	F	Y	W	H	M	C	P
0	0.01055	0.00754	0.01003	0.01173	0.01238	0.00703	0.00791	0.01230	0.01712	0.02304	0.11022	0.62830	0.05883	0.02568	0.01077	0.00337	0.00484	0.02326	0.00806	0.00703
1	0.03235	0.02384	0.02554	0.01958	0.02639	0.02639	0.01618	0.61946	0.04001	0.05363	0.02043	0.02043	0.01447	0.01022	0.00851	0.00255	0.00936	0.00766	0.00851	0.01447
2	0.01312	0.01053	0.01552	0.01497	0.01626	0.01294	0.01183	0.01598	0.01358	0.01986	0.02106	0.03123	0.01977	0.05654	0.57199	0.01219	0.12147	0.00887	0.00443	0.00785
3	0.01219	0.00886	0.01158	0.01133	0.01338	0.00825	0.00879	0.01609	0.02317	0.03224	0.52441	0.06938	0.10584	0.01853	0.01029	0.00287	0.00460	0.10119	0.00906	0.00796
4	0.03150	0.02341	0.02506	0.01941	0.02607	0.02599	0.01597	0.57577	0.08509	0.05226	0.02151	0.02129	0.01535	0.01032	0.00852	0.00258	0.00916	0.00781	0.00852	0.01440
5	0.01642	0.01549	0.02616	0.63613	0.10020	0.01900	0.02381	0.02205	0.01718	0.02217	0.01519	0.02257	0.01150	0.00844	0.00850	0.00281	0.01126	0.00756	0.00381	0.00974
6	0.03016	0.02254	0.02436	0.01854	0.02546	0.02415	0.01527	0.53040	0.03668	0.04978	0.01964	0.02002	0.01419	0.00963	0.00818	0.00236	0.00891	0.00727	0.00800	0.12445
7	0.01839	0.01831	0.02602	0.08045	0.02554	0.02543	0.01906	0.02059	0.01338	0.02059	0.01152	0.01898	0.01119	0.01433	0.02621	0.00365	0.62584	0.00746	0.00373	0.00932
8	0.01183	0.00869	0.01107	0.01048	0.01258	0.00794	0.00786	0.01564	0.02357	0.03290	0.58191	0.06559	0.14250	0.01786	0.01004	0.00270	0.00405	0.01567	0.00921	0.00794
9	0.01227	0.00816	0.00959	0.00988	0.01018	0.00819	0.00598	0.01293	0.01337	0.01840	0.02959	0.14803	0.03352	0.51650	0.07862	0.00753	0.00849	0.01365	0.04936	0.00575
10	0.02911	0.02110	0.02291	0.01789	0.02429	0.02269	0.01462	0.44046	0.09973	0.08621	0.02628	0.02561	0.05315	0.01076	0.00846	0.00252	0.00842	0.00834	0.00836	0.06911
11	0.08048	0.01772	0.01914	0.01625	0.02164	0.01931	0.01290	0.11308	0.36297	0.11885	0.05628	0.02904	0.02409	0.01087	0.00827	0.00267	0.00698	0.00880	0.00842	0.06222

[dist]
# distance from previous block
# <min> <max>
1	7

[block]
# block no. 5 follows, 21 sequences, length 7
# corresponding to MSA columns:
# 132-138
name=unknown_F
#
# <colnr> <probs for GDERKNQSTAVLIFYWHMCP>
#	G	D	E	R	K	N	Q	S	T	A	V	L	I	F	Y	W	H	M	C	P
0	0.02365	0.01822	0.02254	0.01776	0.02339	0.01862	0.07181	0.31086	0.02854	0.03958	0.02436	0.13580	0.02173	0.01205	0.00849	0.00248	0.00815	0.01030	0.06907	0.13262
1	0.01964	0.01676	0.02209	0.01668	0.02335	0.01493	0.08493	0.11745	0.04896	0.03149	0.02061	0.09414	0.01836	0.00951	0.00772	0.00198	0.00764	0.00839	0.00598	0.42939
2	0.01155	0.00821	0.01062	0.05070	0.01467	0.00794	0.00840	0.01384	0.01749	0.02410	0.11155	0.43211	0.10337	0.04959	0.01133	0.00331	0.00519	0.01941	0.08937	0.00725
3	0.01521	0.01083	0.01402	0.06709	0.01822	0.01224	0.01069	0.04745	0.07673	0.02571	0.02472	0.03300	0.02145	0.08515	0.31199	0.00798	0.01402	0.00892	0.18603	0.00854
4	0.26543	0.07868	0.02136	0.01584	0.02145	0.09441	0.01302	0.25291	0.02652	0.04025	0.07718	0.02139	0.01853	0.00976	0.00726	0.00249	0.00859	0.00693	0.00668	0.01133
5	0.09491	0.00999	0.01187	0.01172	0.01431	0.00951	0.00904	0.01663	0.01999	0.02956	0.27750	0.18200	0.09884	0.01844	0.00962	0.00291	0.00526	0.10121	0.00794	0.06875
6	0.02255	0.01803	0.02028	0.01493	0.02224	0.01636	0.01212	0.22087	0.02511	0.03637	0.01690	0.01858	0.01323	0.00761	0.00704	0.00169	0.00732	0.00592	0.00620	0.50666

[dist]
# distance from previous block
# <min> <max>
45	76

[block]
# block no. 6 follows, 21 sequences, length 10
# corresponding to MSA columns:
# 229-238
name=unknown_G
#
# <colnr> <probs for GDERKNQSTAVLIFYWHMCP>
#	G	D	E	R	K	N	Q	S	T	A	V	L	I	F	Y	W	H	M	C	P
0	0.01526	0.08014	0.01696	0.06196	0.01872	0.05240	0.01050	0.01777	0.01670	0.02244	0.05088	0.21675	0.03084	0.10960	0.08905	0.00453	0.00911	0.01251	0.03197	0.13192
1	0.01732	0.01229	0.01458	0.01375	0.01714	0.01241	0.01068	0.02648	0.19846	0.09194	0.15111	0.15571	0.10288	0.01712	0.00965	0.00296	0.00589	0.08503	0.00850	0.04610
2	0.02123	0.02415	0.09072	0.03626	0.14770	0.02164	0.41061	0.08507	0.02176	0.02992	0.01717	0.02200	0.01300	0.00761	0.00946	0.00277	0.01298	0.00910	0.00465	0.01220
3	0.01780	0.08138	0.32844	0.06085	0.03581	0.02071	0.17217	0.02499	0.01788	0.02533	0.01755	0.07019	0.01481	0.00976	0.01018	0.00282	0.06530	0.00860	0.00412	0.01133
4	0.02543	0.01626	0.02194	0.01686	0.02303	0.01518	0.07122	0.11313	0.04377	0.21213	0.02433	0.05639	0.01859	0.01195	0.03422	0.00274	0.02678	0.00835	0.03682	0.22087
5	0.01647	0.04973	0.02073	0.08161	0.02238	0.03473	0.01439	0.01921	0.01602	0.02304	0.06732	0.13612	0.02512	0.01745	0.05160	0.00359	0.26805	0.01053	0.04114	0.08077
6	0.17066	0.09924	0.32182	0.02206	0.06718	0.06018	0.05242	0.02622	0.01809	0.02864	0.04824	0.01944	0.01452	0.00844	0.00745	0.00256	0.01065	0.00649	0.00438	0.01131
7	0.01313	0.01002	0.01364	0.01263	0.01513	0.00950	0.05377	0.01740	0.05744	0.02780	0.22543	0.16117	0.17657	0.01865	0.01088	0.04087	0.00546	0.03372	0.08876	0.00803
8	0.07582	0.03678	0.02420	0.02322	0.06845	0.54785	0.01665	0.06463	0.02406	0.02415	0.01366	0.01592	0.01122	0.00871	0.00762	0.00226	0.01412	0.00569	0.00465	0.01032
9	0.55544	0.01952	0.01602	0.06260	0.02162	0.08334	0.01174	0.09017	0.01838	0.03694	0.01315	0.01535	0.01012	0.00828	0.00609	0.00260	0.00810	0.00524	0.00542	0.00987

[dist]
# distance from previous block
# <min> <max>
55	124

[block]
# block no. 7 follows, 21 sequences, length 7
# corresponding to MSA columns:
# 364-370
name=unknown_H
#
# <colnr> <probs for GDERKNQSTAVLIFYWHMCP>
#	G	D	E	R	K	N	Q	S	T	A	V	L	I	F	Y	W	H	M	C	P
0	0.06691	0.01525	0.06960	0.01566	0.04382	0.01334	0.01277	0.12127	0.02225	0.03076	0.08460	0.17957	0.16818	0.01794	0.00964	0.00303	0.00692	0.10169	0.00740	0.00941
1	0.02738	0.02475	0.11807	0.02065	0.02813	0.02235	0.07754	0.38244	0.03197	0.08538	0.02589	0.02617	0.06818	0.01059	0.00874	0.00264	0.00975	0.00864	0.00746	0.01327
2	0.01944	0.02055	0.07641	0.21833	0.44671	0.01984	0.02583	0.02501	0.01865	0.02612	0.01572	0.02128	0.01272	0.00787	0.00842	0.00262	0.01062	0.00749	0.00405	0.01234
3	0.02231	0.09033	0.03250	0.03297	0.25562	0.06500	0.10638	0.05738	0.19099	0.02975	0.02095	0.02316	0.01649	0.00879	0.00838	0.00259	0.01000	0.00807	0.00560	0.01273
4	0.02108	0.06784	0.15420	0.08570	0.11611	0.02156	0.21322	0.11228	0.02189	0.03022	0.01651	0.02044	0.01253	0.00790	0.00857	0.00257	0.01161	0.00778	0.00474	0.06326
5	0.02016	0.39915	0.19573	0.01720	0.02514	0.02573	0.04970	0.02513	0.01769	0.02388	0.01531	0.01788	0.01258	0.00786	0.00645	0.00212	0.00952	0.00578	0.11204	0.01094
6	0.02066	0.01919	0.02458	0.01924	0.02540	0.08066	0.12669	0.10748	0.02263	0.03071	0.06194	0.03325	0.02253	0.01051	0.00850	0.00232	0.00924	0.09232	0.00602	0.27614

[dist]
# distance from previous block
# <min> <max>
5	21

[block]
# block no. 8 follows, 21 sequences, length 15
# corresponding to MSA columns:
# 392-406
name=unknown_I
#
# <colnr> <probs for GDERKNQSTAVLIFYWHMCP>
#	G	D	E	R	K	N	Q	S	T	A	V	L	I	F	Y	W	H	M	C	P
0	0.01592	0.01152	0.01688	0.04337	0.01957	0.01132	0.06441	0.01996	0.05600	0.09236	0.07123	0.37291	0.06806	0.01932	0.01077	0.00310	0.03616	0.01729	0.00750	0.04235
1	0.02773	0.02719	0.02192	0.01849	0.02369	0.27159	0.01439	0.24103	0.02812	0.03401	0.01963	0.07896	0.01692	0.01064	0.00803	0.00232	0.01071	0.00799	0.03652	0.10012
2	0.22876	0.01793	0.05335	0.36646	0.04358	0.01938	0.10684	0.02371	0.01679	0.02746	0.01451	0.02000	0.01094	0.00812	0.00779	0.00278	0.01048	0.00703	0.00427	0.00982
3	0.01966	0.14078	0.49123	0.02255	0.03337	0.09924	0.02717	0.02758	0.01860	0.02520	0.01451	0.01702	0.01082	0.00805	0.00765	0.00251	0.01240	0.00594	0.00370	0.01201
4	0.01262	0.00881	0.01214	0.01208	0.01348	0.00973	0.00904	0.01541	0.01492	0.02200	0.07950	0.03919	0.02804	0.14661	0.43781	0.01050	0.01673	0.01001	0.09408	0.00732
5	0.01368	0.01218	0.01645	0.16820	0.05946	0.01294	0.01315	0.01784	0.04520	0.02390	0.07479	0.10579	0.28350	0.01637	0.01089	0.00288	0.06129	0.01362	0.00638	0.04149
6	0.11952	0.02437	0.02386	0.01877	0.02519	0.07964	0.01536	0.49883	0.03561	0.04901	0.01879	0.01921	0.01355	0.00982	0.00805	0.00253	0.00954	0.00711	0.00778	0.01345
7	0.01964	0.01488	0.01748	0.01345	0.01987	0.01245	0.01061	0.06033	0.05759	0.08201	0.02203	0.10077	0.01949	0.00966	0.00732	0.00182	0.00643	0.00808	0.00629	0.50981
8	0.01233	0.00888	0.01128	0.01254	0.01360	0.00865	0.00864	0.06621	0.01842	0.02458	0.04454	0.63499	0.05254	0.02519	0.01065	0.00338	0.00533	0.02271	0.00795	0.00759
9	0.01750	0.07078	0.59348	0.02456	0.03667	0.02046	0.06683	0.02691	0.01807	0.02668	0.01525	0.01809	0.01092	0.00799	0.00809	0.00267	0.01254	0.00645	0.00364	0.01244
10	0.02161	0.57354	0.16714	0.01650	0.02484	0.03089	0.01794	0.02578	0.01743	0.02141	0.01252	0.01452	0.01089	0.00744	0.00599	0.00200	0.00980	0.00490	0.00363	0.01125
11	0.02037	0.07213	0.02104	0.01399	0.02130	0.01578	0.01149	0.11046	0.04779	0.03125	0.01649	0.01835	0.01333	0.00718	0.00666	0.00157	0.00700	0.00559	0.00560	0.55264
12	0.01201	0.00846	0.01108	0.01075	0.01249	0.00783	0.00790	0.01508	0.02208	0.03087	0.50997	0.12255	0.09805	0.01946	0.01199	0.06309	0.00439	0.01571	0.00870	0.00753
13	0.03235	0.02384	0.02554	0.01958	0.02639	0.02639	0.01618	0.61946	0.04001	0.05363	0.02043	0.02043	0.01447	0.01022	0.00851	0.00255	0.00936	0.00766	0.00851	0.01447
14	0.01765	0.01513	0.01765	0.01260	0.02017	0.01134	0.01008	0.02143	0.01765	0.02773	0.01513	0.01765	0.01260	0.00630	0.00630	0.00126	0.00630	0.00504	0.00504	0.75295

[dist]
# distance from previous block
# <min> <max>
5	9

[block]
# block no. 9 follows, 21 sequences, length 11
# corresponding to MSA columns:
# 416-426
name=unknown_J
#
# <colnr> <probs for GDERKNQSTAVLIFYWHMCP>
#	G	D	E	R	K	N	Q	S	T	A	V	L	I	F	Y	W	H	M	C	P
0	0.02262	0.63190	0.04165	0.01473	0.02156	0.06526	0.01429	0.02539	0.01803	0.02086	0.04760	0.01656	0.01484	0.00793	0.00583	0.00189	0.00914	0.00521	0.00400	0.01070
1	0.05511	0.00908	0.01104	0.01053	0.01277	0.00852	0.00790	0.01593	0.02262	0.03246	0.51280	0.09129	0.14311	0.01776	0.00980	0.00273	0.00424	0.01547	0.00889	0.00795
2	0.01537	0.01106	0.01211	0.01127	0.01267	0.01161	0.00734	0.07813	0.09026	0.02287	0.02974	0.05038	0.05583	0.51741	0.03412	0.00679	0.00801	0.01181	0.00604	0.00720
3	0.01184	0.04901	0.01228	0.01082	0.01326	0.00923	0.00841	0.01470	0.02030	0.02630	0.24110	0.15661	0.29102	0.02037	0.01008	0.00295	0.00497	0.08096	0.00809	0.00769
4	0.01169	0.00924	0.01429	0.01421	0.01555	0.00870	0.07533	0.01363	0.01624	0.02171	0.04118	0.54343	0.04840	0.10578	0.01468	0.00397	0.00638	0.02119	0.00717	0.00721
5	0.01804	0.01548	0.01782	0.01313	0.02039	0.01244	0.01046	0.02408	0.08606	0.02861	0.01730	0.01922	0.01409	0.00689	0.00656	0.00144	0.00635	0.00555	0.00544	0.67067
6	0.01993	0.02246	0.04814	0.03439	0.04293	0.02087	0.57826	0.02689	0.01993	0.02729	0.01708	0.02262	0.01289	0.00712	0.00980	0.00277	0.01383	0.00972	0.00435	0.05873
7	0.03012	0.01628	0.01951	0.01617	0.02192	0.01661	0.01296	0.04325	0.31244	0.36089	0.03408	0.03028	0.02339	0.01101	0.00861	0.00275	0.00700	0.00906	0.00965	0.01400
8	0.02657	0.01780	0.02024	0.01649	0.02168	0.01863	0.01316	0.35026	0.03099	0.12420	0.06992	0.16268	0.02833	0.01394	0.00901	0.00270	0.00767	0.01158	0.00856	0.04558
9	0.10190	0.02070	0.01916	0.01578	0.02081	0.09774	0.01267	0.32227	0.02936	0.04204	0.02071	0.02227	0.01555	0.00972	0.00737	0.00236	0.00831	0.00716	0.21256	0.01157
10	0.02963	0.02360	0.06688	0.01871	0.02543	0.02406	0.01618	0.51794	0.03625	0.04958	0.02083	0.02141	0.01497	0.01004	0.00822	0.00251	0.00903	0.00760	0.08347	0.01368

[dist]
# distance from previous block
# <min> <max>
52	101

[block]
# block no. 10 follows, 21 sequences, length 55
# corresponding to MSA columns:
# 544-598
name=unknown_K
#
# <colnr> <probs for GDERKNQSTAVLIFYWHMCP>
#	G	D	E	R	K	N	Q	S	T	A	V	L	I	F	Y	W	H	M	C	P
0	0.04403	0.02091	0.07353	0.02471	0.15423	0.08723	0.03438	0.07185	0.14158	0.03040	0.08776	0.13804	0.02918	0.01287	0.00888	0.00276	0.00870	0.01117	0.00654	0.01126
1	0.06764	0.01968	0.02284	0.02120	0.07762	0.06518	0.05293	0.09519	0.24199	0.03263	0.02317	0.02471	0.01809	0.01290	0.04447	0.00323	0.06239	0.00803	0.03408	0.07203
2	0.06534	0.08206	0.01898	0.06180	0.05953	0.01452	0.01208	0.02434	0.07450	0.11515	0.28471	0.08037	0.04557	0.01365	0.00880	0.00265	0.00632	0.01168	0.00782	0.01012
3	0.05864	0.08880	0.06115	0.01796	0.06065	0.08467	0.01413	0.06806	0.13780	0.09232	0.11651	0.06611	0.07354	0.01231	0.00840	0.00261	0.00801	0.01002	0.00713	0.01118
4	0.01900	0.01497	0.01863	0.08433	0.05419	0.01423	0.01256	0.07209	0.08924	0.05865	0.04303	0.07341	0.02175	0.07939	0.01136	0.00275	0.00738	0.00875	0.00618	0.30814
5	0.01756	0.01758	0.02430	0.04630	0.04158	0.04932	0.05605	0.02014	0.01571	0.02221	0.05311	0.07016	0.08132	0.01519	0.02079	0.00338	0.42129	0.01005	0.00477	0.00918
6	0.01211	0.00910	0.01299	0.01341	0.01515	0.00861	0.03596	0.01520	0.01965	0.02654	0.21894	0.31085	0.08062	0.02216	0.01078	0.00330	0.00579	0.16302	0.00815	0.00768
7	0.03093	0.03777	0.02380	0.02117	0.02592	0.58030	0.01602	0.07408	0.02481	0.02356	0.01379	0.01585	0.01131	0.00871	0.00764	0.00216	0.01435	0.00561	0.00472	0.05749
8	0.66270	0.01689	0.01425	0.05439	0.01984	0.01959	0.01062	0.06634	0.01643	0.03821	0.01266	0.01485	0.00972	0.00810	0.00570	0.00264	0.00708	0.00501	0.00540	0.00960
9	0.11701	0.02873	0.02450	0.06559	0.10317	0.28362	0.01714	0.20056	0.02653	0.03331	0.01558	0.01780	0.01210	0.00892	0.00777	0.00243	0.01167	0.00640	0.00563	0.01154
10	0.02391	0.06751	0.01848	0.01391	0.01860	0.01406	0.01115	0.05850	0.09708	0.24395	0.13911	0.12480	0.06789	0.01408	0.00885	0.00266	0.00637	0.01190	0.00870	0.04847
11	0.02133	0.02168	0.02288	0.02574	0.17640	0.18256	0.03805	0.06001	0.04074	0.02529	0.02264	0.13464	0.02256	0.10377	0.01322	0.00330	0.01011	0.01040	0.00545	0.05922
12	0.03193	0.01391	0.01833	0.01478	0.02038	0.01269	0.01204	0.03750	0.08726	0.48135	0.11761	0.03649	0.03072	0.01206	0.00889	0.00271	0.00677	0.03125	0.01008	0.01325
13	0.01437	0.01657	0.11074	0.02340	0.14479	0.01313	0.04456	0.01806	0.01716	0.02389	0.03288	0.39535	0.03673	0.01863	0.01084	0.00315	0.04350	0.01674	0.00615	0.00938
14	0.01928	0.07500	0.26523	0.03263	0.15157	0.02167	0.22524	0.02648	0.01865	0.02643	0.01563	0.01997	0.01203	0.00797	0.00962	0.00272	0.04609	0.00773	0.00396	0.01210
15	0.06615	0.01958	0.10929	0.40991	0.12500	0.01883	0.02316	0.02390	0.04061	0.02501	0.01727	0.02527	0.01383	0.00916	0.00839	0.00282	0.01069	0.03640	0.00430	0.01044
16	0.02139	0.01735	0.01940	0.06902	0.02451	0.01982	0.01396	0.06170	0.49194	0.06697	0.03331	0.07224	0.02606	0.01216	0.00878	0.00289	0.00711	0.01025	0.00832	0.01283
17	0.01190	0.00891	0.01071	0.01108	0.01265	0.00831	0.00758	0.01469	0.04631	0.02329	0.11119	0.33809	0.13161	0.15561	0.01664	0.00406	0.00558	0.01807	0.00737	0.05635
18	0.02235	0.02514	0.12129	0.03160	0.23463	0.11121	0.08081	0.05710	0.03996	0.06836	0.10125	0.02643	0.02248	0.00953	0.00866	0.00258	0.01052	0.00851	0.00559	0.01201
19	0.01686	0.02953	0.32876	0.31667	0.04711	0.01952	0.07395	0.02466	0.01771	0.02466	0.01536	0.02046	0.01120	0.00820	0.00843	0.00277	0.01217	0.00715	0.00373	0.01110
20	0.01906	0.01818	0.03093	0.30414	0.41157	0.01969	0.02512	0.02436	0.01843	0.02537	0.01565	0.02171	0.01262	0.00795	0.00846	0.00265	0.01060	0.00757	0.00404	0.01187
21	0.01980	0.02263	0.11592	0.04562	0.52420	0.01930	0.02553	0.02531	0.01919	0.02737	0.02055	0.02467	0.05482	0.00857	0.00849	0.00257	0.01006	0.00810	0.00437	0.01294
22	0.01037	0.00741	0.00987	0.01185	0.01234	0.00691	0.00790	0.01185	0.01629	0.02172	0.04690	0.69537	0.05629	0.02666	0.01086	0.00346	0.00494	0.02419	0.00790	0.00691
23	0.01765	0.01513	0.01765	0.01260	0.02017	0.01134	0.01008	0.02143	0.01765	0.02773	0.01513	0.01765	0.01260	0.00630	0.00630	0.00126	0.00630	0.00504	0.00504	0.75295
24	0.01449	0.01152	0.01410	0.01218	0.01643	0.00957	0.00948	0.01788	0.01915	0.02770	0.17688	0.12071	0.06191	0.04023	0.00994	0.00251	0.00579	0.08401	0.00687	0.33864
25	0.01575	0.01469	0.02465	0.64305	0.05602	0.01824	0.02275	0.02119	0.01698	0.02174	0.01690	0.06033	0.01386	0.00952	0.00864	0.00287	0.01099	0.00849	0.00401	0.00931
26	0.03131	0.02236	0.02424	0.01893	0.02546	0.02460	0.01553	0.49740	0.11789	0.09835	0.02336	0.02261	0.01653	0.01042	0.00854	0.00260	0.00885	0.00799	0.00869	0.01434
27	0.38456	0.01913	0.02062	0.17137	0.03020	0.05925	0.05233	0.11598	0.01992	0.03497	0.01435	0.01758	0.01086	0.00840	0.00697	0.00266	0.00914	0.00616	0.00530	0.01026
28	0.01594	0.01483	0.02486	0.64326	0.05632	0.01840	0.02308	0.02151	0.01716	0.02195	0.01680	0.02679	0.01345	0.00935	0.00869	0.00290	0.01115	0.04019	0.00401	0.00936
29	0.76103	0.01646	0.01251	0.01119	0.01646	0.01909	0.00922	0.02502	0.01448	0.03818	0.01185	0.01382	0.00922	0.00790	0.00527	0.00263	0.00658	0.00461	0.00527	0.00922
30	0.01799	0.01549	0.01986	0.06339	0.12996	0.01683	0.01510	0.03110	0.29359	0.03120	0.11917	0.04434	0.07391	0.01350	0.00924	0.00291	0.00720	0.07629	0.00754	0.01141
31	0.01639	0.01574	0.02746	0.62985	0.05750	0.01911	0.07022	0.02218	0.01726	0.02218	0.01529	0.02271	0.01147	0.00840	0.00863	0.00284	0.01158	0.00776	0.00382	0.00961
32	0.01037	0.00741	0.00987	0.01185	0.01234	0.00691	0.00790	0.01185	0.01629	0.02172	0.04690	0.69537	0.05629	0.02666	0.01086	0.00346	0.00494	0.02419	0.00790	0.00691
33	0.01735	0.07686	0.62646	0.02377	0.03609	0.02045	0.03060	0.02688	0.01793	0.02661	0.01510	0.01775	0.01079	0.00805	0.00795	0.00265	0.01240	0.00620	0.00360	0.01249
34	0.03421	0.01757	0.06131	0.01902	0.07215	0.01489	0.01504	0.07431	0.05854	0.49448	0.03031	0.02730	0.01970	0.01018	0.00852	0.00264	0.00790	0.00834	0.00937	0.01423
35	0.01019	0.00855	0.00885	0.00893	0.01161	0.00722	0.00664	0.01241	0.01947	0.02354	0.11503	0.11775	0.57746	0.02163	0.01011	0.00290	0.00433	0.01819	0.00798	0.00722
36	0.01204	0.00870	0.01138	0.01071	0.01271	0.00803	0.00803	0.01606	0.02409	0.03413	0.64335	0.06357	0.08030	0.01740	0.01004	0.00268	0.00401	0.01539	0.00937	0.00803
37	0.01603	0.01457	0.02697	0.02301	0.02738	0.01405	0.23276	0.02113	0.01977	0.02612	0.03495	0.06947	0.03588	0.01758	0.01113	0.00354	0.01020	0.37976	0.00655	0.00916
38	0.03057	0.13006	0.02687	0.02093	0.02571	0.58161	0.01619	0.03284	0.02320	0.02072	0.01298	0.01512	0.01096	0.00857	0.00738	0.00214	0.01451	0.00536	0.00428	0.01001
39	0.01006	0.00862	0.00862	0.00862	0.01149	0.00718	0.00647	0.01221	0.01940	0.02299	0.08621	0.08190	0.64438	0.02155	0.01006	0.00287	0.00431	0.01796	0.00790	0.00718
40	0.02605	0.02816	0.02146	0.02087	0.07145	0.34067	0.01473	0.09696	0.09135	0.02735	0.02330	0.02630	0.05711	0.05414	0.01024	0.00275	0.01133	0.00779	0.05755	0.01046
41	0.02582	0.01997	0.02203	0.01648	0.02363	0.01971	0.01347	0.35381	0.03008	0.04213	0.01807	0.01919	0.01364	0.00848	0.00753	0.00198	0.00800	0.00650	0.00697	0.34251
42	0.09325	0.02346	0.02306	0.05807	0.02641	0.09484	0.01537	0.42450	0.03321	0.04460	0.02315	0.02372	0.05744	0.01054	0.00824	0.00256	0.00955	0.00787	0.00745	0.01269
43	0.01776	0.01546	0.02400	0.49340	0.06617	0.01812	0.02063	0.07684	0.01880	0.02481	0.01562	0.02229	0.01208	0.01017	0.01034	0.06346	0.01041	0.00736	0.00433	0.06796
44	0.01694	0.01200	0.01642	0.01509	0.01755	0.01380	0.01199	0.09667	0.01780	0.06615	0.02247	0.03050	0.01973	0.05018	0.49690	0.01086	0.06169	0.00878	0.00542	0.00906
45	0.02223	0.02280	0.03370	0.06789	0.51897	0.10309	0.05431	0.02704	0.01994	0.02669	0.01567	0.02048	0.01306	0.00774	0.00841	0.00251	0.01103	0.00744	0.00423	0.01279
46	0.01884	0.01219	0.01464	0.01270	0.01624	0.01186	0.00990	0.13107	0.02605	0.11553	0.34154	0.08516	0.13739	0.01621	0.00961	0.00271	0.00552	0.01386	0.00908	0.00989
47	0.03197	0.02443	0.02495	0.01949	0.02603	0.07041	0.01594	0.53189	0.06665	0.07048	0.02104	0.02090	0.01500	0.01019	0.00846	0.00255	0.00959	0.00763	0.00830	0.01410
48	0.40730	0.01889	0.01760	0.01515	0.01985	0.05487	0.01233	0.08992	0.09766	0.07489	0.01702	0.01849	0.01302	0.00975	0.00940	0.00278	0.09802	0.00624	0.00612	0.01069
49	0.01810	0.01446	0.01519	0.05991	0.06863	0.08416	0.01115	0.04487	0.06089	0.03013	0.13921	0.03540	0.03069	0.05256	0.00980	0.00269	0.00687	0.00937	0.29678	0.00916
50	0.01727	0.01294	0.01616	0.05958	0.06955	0.01310	0.01169	0.09801	0.02174	0.07699	0.08681	0.08387	0.28428	0.05956	0.01257	0.00318	0.04242	0.01355	0.00731	0.00941
51	0.02075	0.01818	0.02213	0.17061	0.03001	0.05842	0.01643	0.17136	0.02238	0.02997	0.02121	0.13993	0.02016	0.01327	0.01255	0.00288	0.14319	0.01019	0.00583	0.07055
52	0.02758	0.01912	0.02149	0.01979	0.07321	0.05136	0.01454	0.14903	0.25195	0.19547	0.03182	0.02986	0.05348	0.01110	0.00861	0.00269	0.00794	0.00905	0.00850	0.01341
53	0.06380	0.06231	0.02583	0.02579	0.14854	0.29091	0.01725	0.09769	0.06214	0.05192	0.04402	0.02064	0.01613	0.00936	0.00841	0.00242	0.02896	0.00692	0.00552	0.01143
54	0.02169	0.02092	0.03415	0.04380	0.45580	0.04338	0.10334	0.07406	0.02160	0.02995	0.05414	0.02362	0.01741	0.00837	0.00872	0.00257	0.01044	0.00831	0.00489	0.01283

[dist]
# distance from previous block
# <min> <max>
120	398

[block]
# block no. 11 follows, 21 sequences, length 23
# corresponding to MSA columns:
# 1028-1050
name=unknown_L
#
# <colnr> <probs for GDERKNQSTAVLIFYWHMCP>
#	G	D	E	R	K	N	Q	S	T	A	V	L	I	F	Y	W	H	M	C	P
0	0.02411	0.01901	0.02603	0.02882	0.24018	0.01886	0.01780	0.15885	0.02359	0.09150	0.01809	0.02058	0.01402	0.00857	0.00914	0.00228	0.05219	0.00700	0.00596	0.21343
1	0.05000	0.01667	0.01988	0.01647	0.05238	0.01552	0.01253	0.10868	0.04688	0.10227	0.02143	0.02271	0.04087	0.00888	0.00861	0.00201	0.05139	0.00681	0.00630	0.38969
2	0.06374	0.01695	0.02001	0.06046	0.02431	0.01785	0.01385	0.14858	0.18661	0.24790	0.03181	0.03227	0.04746	0.01155	0.00863	0.00277	0.00766	0.03589	0.00871	0.01301
3	0.02587	0.01639	0.02148	0.01880	0.07463	0.01523	0.03754	0.06186	0.13099	0.23540	0.05045	0.02636	0.02067	0.00940	0.00805	0.00229	0.00739	0.00797	0.00773	0.22152
4	0.02377	0.01976	0.02671	0.09993	0.26784	0.04604	0.01962	0.10000	0.15785	0.09000	0.02204	0.02390	0.01671	0.00913	0.00839	0.00259	0.00920	0.00795	0.00628	0.04231
5	0.02453	0.01782	0.02270	0.08454	0.12717	0.01935	0.01641	0.06592	0.32888	0.15497	0.02892	0.02810	0.02109	0.01036	0.00858	0.00276	0.00793	0.00880	0.00784	0.01334
6	0.02171	0.01938	0.03276	0.10781	0.55310	0.01960	0.02501	0.02670	0.01948	0.06761	0.01706	0.02172	0.01377	0.00786	0.00844	0.00256	0.01004	0.00764	0.00458	0.01317
7	0.02533	0.01581	0.02276	0.06794	0.18814	0.01544	0.01620	0.06931	0.05302	0.23694	0.13892	0.03198	0.02884	0.01075	0.00870	0.00258	0.00775	0.00935	0.00776	0.04250
8	0.02862	0.01680	0.02139	0.01994	0.09412	0.01648	0.01425	0.09593	0.16283	0.29145	0.05141	0.02794	0.02198	0.01020	0.00838	0.00253	0.00745	0.00848	0.00855	0.09126
9	0.01822	0.01512	0.02208	0.21982	0.03206	0.01695	0.04496	0.02232	0.01690	0.05550	0.01724	0.02244	0.01378	0.00971	0.01203	0.00255	0.15922	0.00722	0.12185	0.17003
10	0.02759	0.01627	0.01901	0.01554	0.02114	0.01642	0.01248	0.12884	0.20006	0.26461	0.06612	0.03429	0.07927	0.01189	0.00868	0.00265	0.00696	0.00973	0.00912	0.04933
11	0.01874	0.01599	0.01876	0.05666	0.02322	0.01392	0.01172	0.05368	0.10403	0.02969	0.01809	0.02006	0.01447	0.00736	0.00688	0.00165	0.00684	0.00597	0.00563	0.56664
12	0.02007	0.02130	0.07581	0.13330	0.48950	0.02010	0.06419	0.02566	0.01901	0.02690	0.01592	0.02120	0.01298	0.00771	0.00852	0.00260	0.01071	0.00765	0.00412	0.01275
13	0.01898	0.01736	0.02804	0.44399	0.21957	0.01997	0.02363	0.07873	0.01982	0.02640	0.01587	0.02203	0.01223	0.00841	0.00849	0.00272	0.01082	0.00758	0.00434	0.01104
14	0.01823	0.01732	0.02942	0.40927	0.31297	0.01947	0.02471	0.02363	0.01804	0.02436	0.01551	0.02199	0.01227	0.00811	0.00847	0.00270	0.01081	0.00757	0.00397	0.01119
15	0.08605	0.01616	0.02719	0.54279	0.05303	0.01923	0.09154	0.02269	0.01714	0.02392	0.01506	0.02189	0.01133	0.00830	0.00838	0.00282	0.01125	0.00758	0.00398	0.00967
16	0.02017	0.01931	0.03293	0.16448	0.54256	0.01999	0.02567	0.02534	0.01896	0.02672	0.01585	0.02135	0.01310	0.00775	0.00844	0.00258	0.01033	0.00758	0.00414	0.01276
17	0.02107	0.02009	0.03354	0.04995	0.60691	0.02028	0.02529	0.02737	0.05948	0.02831	0.01723	0.02176	0.01430	0.00784	0.00844	0.00255	0.00989	0.00772	0.00450	0.01348
18	0.01704	0.01518	0.02135	0.15762	0.06785	0.01739	0.01606	0.02164	0.04604	0.02423	0.01792	0.04904	0.01583	0.01584	0.07525	0.00371	0.18771	0.00792	0.05414	0.16825
19	0.02091	0.02241	0.06329	0.15378	0.40753	0.08800	0.02391	0.02594	0.01929	0.02596	0.01546	0.02036	0.01265	0.00781	0.00821	0.00247	0.01076	0.00712	0.00418	0.05997
20	0.03528	0.01507	0.07438	0.06701	0.02124	0.01243	0.01246	0.02307	0.08432	0.05777	0.09679	0.06648	0.09885	0.01261	0.00821	0.00246	0.00659	0.03914	0.11864	0.14720
21	0.42327	0.01839	0.01860	0.05212	0.08000	0.02070	0.01330	0.18655	0.02216	0.04029	0.01542	0.01752	0.01169	0.00862	0.00664	0.00258	0.00781	0.00601	0.03733	0.01100
22	0.02003	0.02163	0.03868	0.07468	0.12076	0.06278	0.34409	0.02566	0.01932	0.02604	0.01734	0.04862	0.01440	0.00850	0.01010	0.00268	0.04524	0.00919	0.00445	0.08581

[dist]
# distance from previous block
# <min> <max>
0	4

[block]
# block no. 12 follows, 21 sequences, length 20
# corresponding to MSA columns:
# 1055-1074
name=unknown_M
#
# <colnr> <probs for GDERKNQSTAVLIFYWHMCP>
#	G	D	E	R	K	N	Q	S	T	A	V	L	I	F	Y	W	H	M	C	P
0	0.03032	0.02349	0.02418	0.01903	0.02517	0.06773	0.01553	0.52078	0.03682	0.04874	0.04778	0.02271	0.01753	0.01332	0.04397	0.00313	0.01025	0.00794	0.00806	0.01351
1	0.03063	0.02267	0.02430	0.01889	0.02522	0.02511	0.01542	0.55412	0.07176	0.05060	0.02158	0.02299	0.01602	0.04796	0.01042	0.00288	0.00916	0.00803	0.00834	0.01391
2	0.01251	0.00929	0.01212	0.01360	0.01564	0.00889	0.01141	0.01577	0.01923	0.02451	0.05524	0.14868	0.19449	0.02333	0.01126	0.00362	0.00671	0.39825	0.00786	0.00759
3	0.01238	0.00825	0.00928	0.00928	0.00928	0.00825	0.00516	0.01238	0.01238	0.01650	0.02681	0.05569	0.03094	0.70092	0.04331	0.00825	0.00825	0.01238	0.00516	0.00516
4	0.03291	0.02294	0.02498	0.01915	0.02594	0.02506	0.01582	0.56397	0.03851	0.11125	0.02169	0.02125	0.01511	0.01025	0.00852	0.00256	0.00916	0.00775	0.00871	0.01447
5	0.01765	0.01513	0.01765	0.01260	0.02017	0.01134	0.01008	0.02143	0.01765	0.02773	0.01513	0.01765	0.01260	0.00630	0.00630	0.00126	0.00630	0.00504	0.00504	0.75295
6	0.02083	0.02087	0.03827	0.04834	0.50436	0.02053	0.16661	0.02639	0.01955	0.02767	0.01629	0.02151	0.01334	0.00749	0.00881	0.00261	0.01112	0.00817	0.00423	0.01300
7	0.01707	0.04402	0.65683	0.02426	0.03683	0.01976	0.03144	0.02695	0.01797	0.02695	0.01527	0.01797	0.01078	0.00809	0.00809	0.00270	0.01258	0.00629	0.00359	0.01258
8	0.01765	0.01513	0.01765	0.01260	0.02017	0.01134	0.01008	0.02143	0.01765	0.02773	0.01513	0.01765	0.01260	0.00630	0.00630	0.00126	0.00630	0.00504	0.00504	0.75295
9	0.01707	0.04402	0.65683	0.02426	0.03683	0.01976	0.03144	0.02695	0.01797	0.02695	0.01527	0.01797	0.01078	0.00809	0.00809	0.00270	0.01258	0.00629	0.00359	0.01258
10	0.01006	0.00862	0.00862	0.00862	0.01149	0.00718	0.00647	0.01221	0.01940	0.02299	0.08621	0.08190	0.64438	0.02155	0.01006	0.00287	0.00431	0.01796	0.00790	0.00718
11	0.02078	0.01993	0.03403	0.08769	0.61459	0.02015	0.02598	0.02587	0.01924	0.02746	0.01596	0.02115	0.01336	0.00763	0.00843	0.00254	0.01018	0.00758	0.00419	0.01325
12	0.01037	0.00741	0.00987	0.01185	0.01234	0.00691	0.00790	0.01185	0.01629	0.02172	0.04690	0.69537	0.05629	0.02666	0.01086	0.00346	0.00494	0.02419	0.00790	0.00691
13	0.01967	0.01880	0.03203	0.22755	0.48341	0.01985	0.02542	0.02490	0.01872	0.02611	0.01576	0.02152	0.01288	0.00784	0.00845	0.00261	0.01045	0.00758	0.00409	0.01236
14	0.01216	0.00912	0.01368	0.01368	0.01520	0.01064	0.01064	0.01520	0.01368	0.01976	0.02279	0.03343	0.02127	0.06382	0.66720	0.01368	0.02279	0.00912	0.00456	0.00760
15	0.01337	0.00947	0.01168	0.01111	0.01352	0.00887	0.00833	0.01814	0.06341	0.05980	0.42279	0.12388	0.16669	0.01828	0.00996	0.00280	0.00449	0.01597	0.00899	0.00844
16	0.06883	0.03351	0.02336	0.02074	0.02502	0.45021	0.01596	0.08808	0.08077	0.02618	0.01558	0.01759	0.01262	0.00971	0.00966	0.00246	0.07784	0.00621	0.00515	0.01054
17	0.01217	0.00907	0.01343	0.01343	0.01486	0.01050	0.01033	0.01504	0.01360	0.01957	0.02302	0.03469	0.02182	0.09978	0.63199	0.01337	0.02197	0.00930	0.00459	0.00746
18	0.02058	0.01973	0.03368	0.11255	0.59127	0.02009	0.02588	0.02570	0.01915	0.02722	0.01592	0.02122	0.01327	0.00767	0.00843	0.00256	0.01023	0.00758	0.00417	0.01309
19	0.01801	0.15314	0.55591	0.02266	0.03436	0.02206	0.02866	0.02671	0.01786	0.02581	0.01470	0.01726	0.01080	0.00795	0.00765	0.00255	0.01200	0.00600	0.00360	0.01230

[dist]
# distance from previous block
# <min> <max>
0	1

[block]
# block no. 13 follows, 21 sequences, length 19
# corresponding to MSA columns:
# 1076-1094
name=unknown_N
#
# <colnr> <probs for GDERKNQSTAVLIFYWHMCP>
#	G	D	E	R	K	N	Q	S	T	A	V	L	I	F	Y	W	H	M	C	P
0	0.02045	0.01959	0.03343	0.12939	0.57547	0.02006	0.02581	0.02558	0.01909	0.02706	0.01590	0.02126	0.01322	0.00770	0.00844	0.00257	0.01026	0.00758	0.00416	0.01299
1	0.01702	0.01609	0.02723	0.56161	0.17009	0.01916	0.02410	0.02257	0.01746	0.02289	0.01529	0.02238	0.01175	0.00833	0.00849	0.00278	0.01111	0.00757	0.00386	0.01022
2	0.02140	0.52628	0.13866	0.01694	0.02425	0.03065	0.01766	0.02516	0.01693	0.02116	0.01230	0.01488	0.01093	0.00825	0.00835	0.00217	0.08425	0.00514	0.00364	0.01100
3	0.01642	0.01306	0.01835	0.01928	0.09475	0.01282	0.04240	0.09923	0.02250	0.03097	0.18282	0.21484	0.04558	0.01722	0.00984	0.00293	0.00686	0.08853	0.00754	0.05404
4	0.01760	0.01669	0.02829	0.48816	0.23898	0.01931	0.02439	0.02308	0.01774	0.02360	0.01540	0.02219	0.01200	0.00822	0.00848	0.00274	0.01097	0.00757	0.00391	0.01069
5	0.08630	0.09903	0.02013	0.05083	0.02109	0.01739	0.01226	0.12353	0.07315	0.08372	0.02738	0.16701	0.02565	0.01345	0.00818	0.00264	0.00721	0.03779	0.05273	0.07054
6	0.02121	0.52600	0.21110	0.01720	0.02592	0.02989	0.01915	0.02588	0.01748	0.02191	0.01277	0.01482	0.01088	0.00750	0.00617	0.00206	0.01005	0.00502	0.00363	0.01137
7	0.09964	0.02171	0.02141	0.04656	0.02477	0.08900	0.01454	0.26210	0.18691	0.07709	0.02430	0.05382	0.01876	0.01088	0.00825	0.00267	0.00879	0.00845	0.00769	0.01265
