[name]
unknown

[dist]
# distance from previous block
# <min> <max>
0	24

[block]
# block no. 0 follows, 22 sequences, length 8
# corresponding to MSA columns:
# 24-31
name=unknown_A
#
# <colnr> <probs for GDERKNQSTAVLIFYWHMCP>
#	G	D	E	R	K	N	Q	S	T	A	V	L	I	F	Y	W	H	M	C	P
0	0.01737	0.01256	0.01591	0.01613	0.01908	0.01311	0.01391	0.15094	0.02348	0.03088	0.03873	0.07757	0.04044	0.02011	0.01078	0.00353	0.00798	0.47063	0.00779	0.00907
1	0.03362	0.01536	0.02244	0.02270	0.16012	0.01386	0.01512	0.03721	0.02271	0.52311	0.02902	0.02659	0.01894	0.00965	0.00833	0.00255	0.00768	0.00815	0.00893	0.01392
2	0.05310	0.16903	0.18410	0.14434	0.05504	0.01896	0.01868	0.02231	0.01703	0.05087	0.02156	0.16777	0.02084	0.01185	0.00792	0.00263	0.00909	0.00990	0.00487	0.01011
3	0.01099	0.00833	0.01120	0.01241	0.01297	0.00855	0.00868	0.01268	0.01625	0.02210	0.09283	0.58702	0.05287	0.02423	0.01206	0.00333	0.06758	0.02141	0.00746	0.00705
4	0.01403	0.01506	0.08066	0.01814	0.02208	0.01248	0.14564	0.01986	0.07518	0.02601	0.13092	0.32747	0.04252	0.01740	0.00985	0.00301	0.00755	0.01631	0.00684	0.00900
5	0.01903	0.01740	0.02720	0.21370	0.24136	0.01883	0.06515	0.07560	0.10637	0.02808	0.02276	0.06743	0.04035	0.01004	0.00861	0.00270	0.00947	0.00924	0.00531	0.01138
6	0.01068	0.00788	0.00985	0.01073	0.01200	0.00724	0.00754	0.01280	0.01802	0.02391	0.18419	0.37963	0.16974	0.06665	0.01234	0.00342	0.00483	0.04373	0.00785	0.00696
7	0.02076	0.02041	0.08301	0.02880	0.20791	0.01922	0.07751	0.15746	0.09357	0.03201	0.02145	0.06583	0.01809	0.01672	0.09530	0.00403	0.01124	0.00898	0.00575	0.01195

[dist]
# distance from previous block
# <min> <max>
1	2

[block]
# block no. 1 follows, 22 sequences, length 43
# corresponding to MSA columns:
# 34-76
name=unknown_B
#
# <colnr> <probs for GDERKNQSTAVLIFYWHMCP>
#	G	D	E	R	K	N	Q	S	T	A	V	L	I	F	Y	W	H	M	C	P
0	0.01635	0.04282	0.03609	0.01152	0.01492	0.00986	0.00936	0.01919	0.01985	0.14257	0.16176	0.14444	0.24838	0.04525	0.01074	0.00300	0.00558	0.04157	0.00800	0.00875
1	0.01898	0.09268	0.41385	0.06812	0.06322	0.08609	0.09158	0.02654	0.01831	0.02490	0.01465	0.01790	0.01093	0.00780	0.00789	0.00253	0.01227	0.00645	0.00370	0.01161
2	0.04619	0.02903	0.30521	0.13158	0.03383	0.07817	0.05878	0.02361	0.01773	0.02471	0.04174	0.10068	0.01847	0.01076	0.00926	0.00275	0.04385	0.00887	0.00443	0.01037
3	0.01109	0.00809	0.00916	0.00937	0.01049	0.00753	0.00610	0.01234	0.01591	0.02057	0.11285	0.15471	0.22685	0.33067	0.02455	0.00523	0.00600	0.01567	0.00666	0.00617
4	0.01859	0.01780	0.03037	0.28279	0.38371	0.01894	0.04777	0.02377	0.01802	0.02494	0.01532	0.02107	0.01233	0.00766	0.00823	0.00254	0.01031	0.00738	0.00400	0.04447
5	0.01886	0.02820	0.27668	0.06431	0.27520	0.01921	0.06467	0.05894	0.01973	0.02830	0.05378	0.02204	0.01597	0.00833	0.00830	0.00258	0.01073	0.00753	0.00440	0.01225
6	0.01753	0.03549	0.48851	0.02450	0.05730	0.01811	0.09284	0.02571	0.01797	0.05526	0.01859	0.07686	0.01509	0.00943	0.00837	0.00270	0.01150	0.00817	0.00428	0.01181
7	0.01280	0.01021	0.01593	0.01461	0.01632	0.01135	0.06184	0.01545	0.01360	0.01928	0.02219	0.03573	0.02167	0.18924	0.46452	0.01101	0.04285	0.00958	0.00452	0.00731
8	0.01220	0.00852	0.00993	0.00975	0.01071	0.00827	0.00618	0.01315	0.01359	0.01860	0.03132	0.09968	0.08060	0.46738	0.09244	0.00708	0.00853	0.01246	0.03515	0.05446
9	0.01700	0.01540	0.01522	0.01441	0.01721	0.09640	0.01095	0.02569	0.20313	0.02518	0.03302	0.07898	0.09246	0.05869	0.18268	0.00569	0.03014	0.01052	0.05793	0.00928
10	0.01651	0.01544	0.02516	0.57907	0.10517	0.01875	0.02247	0.02346	0.06791	0.02283	0.01640	0.02274	0.01242	0.00847	0.00831	0.00275	0.01060	0.00755	0.00412	0.00988
11	0.02846	0.08954	0.02861	0.02222	0.02740	0.42910	0.09202	0.11044	0.02415	0.02530	0.01410	0.01656	0.01140	0.00867	0.00848	0.00230	0.03985	0.00619	0.00472	0.01049
12	0.02039	0.01950	0.02532	0.45977	0.08718	0.10124	0.02122	0.11759	0.02112	0.02635	0.01539	0.02081	0.01164	0.00854	0.00820	0.00263	0.01118	0.00715	0.00451	0.01030
13	0.01714	0.01797	0.08039	0.02048	0.02602	0.04383	0.22482	0.02153	0.01904	0.07606	0.04059	0.12130	0.19923	0.03993	0.01073	0.00300	0.00925	0.01309	0.00609	0.00952
14	0.03429	0.07376	0.07610	0.01549	0.02247	0.01450	0.01394	0.03800	0.02268	0.55544	0.02952	0.02614	0.01890	0.00982	0.00807	0.00251	0.00766	0.00785	0.00916	0.01370
15	0.01715	0.08545	0.59764	0.02356	0.03534	0.02025	0.05584	0.02623	0.01759	0.02588	0.01477	0.01748	0.01062	0.00780	0.00781	0.00258	0.01213	0.00619	0.00354	0.01213
16	0.01814	0.03859	0.57347	0.02218	0.03338	0.01805	0.02784	0.02692	0.01840	0.08068	0.05217	0.02095	0.01518	0.00861	0.00804	0.00262	0.01137	0.00683	0.00440	0.01219
17	0.02793	0.07464	0.02428	0.07486	0.02748	0.47823	0.01613	0.05141	0.10270	0.02320	0.01584	0.01769	0.01272	0.00885	0.00758	0.00227	0.01303	0.00605	0.00485	0.01025
18	0.01569	0.01477	0.02492	0.68808	0.05722	0.01846	0.02307	0.02123	0.01661	0.02123	0.01477	0.02215	0.01107	0.00831	0.00831	0.00277	0.01107	0.00738	0.00369	0.00923
19	0.04738	0.02165	0.09282	0.03266	0.13845	0.01883	0.37378	0.02474	0.01926	0.02739	0.06952	0.05563	0.01969	0.00886	0.00924	0.00273	0.01164	0.00995	0.00473	0.01105
20	0.01811	0.02139	0.12289	0.27965	0.25052	0.01937	0.07555	0.02533	0.05821	0.02527	0.01648	0.02154	0.01274	0.00803	0.00836	0.00265	0.01081	0.00754	0.00416	0.01141
21	0.01666	0.04297	0.66500	0.02368	0.03596	0.01929	0.03069	0.02631	0.01754	0.02631	0.01491	0.01754	0.01052	0.00789	0.00789	0.00263	0.01228	0.00614	0.00351	0.01228
22	0.02703	0.08883	0.02384	0.01964	0.02380	0.46779	0.01517	0.03169	0.09154	0.02180	0.01583	0.01827	0.01322	0.01353	0.06485	0.00319	0.03928	0.00611	0.00468	0.00990
23	0.02114	0.04878	0.14049	0.18769	0.04087	0.02002	0.24082	0.07774	0.02052	0.09428	0.01775	0.02161	0.01278	0.00807	0.00868	0.00268	0.01167	0.00805	0.00493	0.01144
24	0.03727	0.01414	0.01928	0.01478	0.02121	0.01221	0.01221	0.04049	0.02378	0.66198	0.03277	0.02828	0.02056	0.01028	0.00835	0.00257	0.00707	0.00835	0.01028	0.01414
25	0.03611	0.01388	0.01891	0.01458	0.02080	0.01201	0.01201	0.03935	0.02377	0.63322	0.06109	0.02982	0.02321	0.01059	0.00842	0.00257	0.00692	0.00866	0.01023	0.01385
26	0.01270	0.01017	0.01160	0.01140	0.01389	0.01004	0.00846	0.01965	0.14913	0.02793	0.23149	0.18750	0.23688	0.01881	0.00968	0.00286	0.00474	0.01631	0.00828	0.00848
27	0.01674	0.01593	0.02792	0.44179	0.15969	0.01804	0.09131	0.02208	0.01736	0.02325	0.01709	0.05503	0.01410	0.00890	0.00849	0.00272	0.01064	0.00846	0.03048	0.00999
28	0.00982	0.00842	0.00842	0.00842	0.01122	0.00701	0.00631	0.01192	0.01894	0.02244	0.08416	0.07995	0.65285	0.02104	0.00982	0.00281	0.00421	0.01753	0.00771	0.00701
29	0.01961	0.02241	0.04902	0.03501	0.04342	0.02101	0.62605	0.02661	0.01961	0.02661	0.01681	0.02241	0.01261	0.00700	0.00980	0.00280	0.01401	0.00980	0.00420	0.01120
30	0.03083	0.02254	0.02413	0.01858	0.02501	0.02492	0.01532	0.60004	0.03805	0.05136	0.02028	0.02046	0.01446	0.00996	0.00819	0.00247	0.00890	0.00749	0.04319	0.01383
31	0.01427	0.00722	0.01078	0.01085	0.01087	0.00720	0.00723	0.01085	0.01101	0.01468	0.01557	0.04978	0.01590	0.02876	0.03168	0.73096	0.00713	0.00781	0.00376	0.00372
32	0.01196	0.00810	0.00915	0.00911	0.00936	0.00799	0.00526	0.01229	0.01308	0.01743	0.06637	0.05601	0.06181	0.63491	0.03884	0.00749	0.00763	0.01251	0.00540	0.00529
33	0.01569	0.01477	0.02492	0.68808	0.05722	0.01846	0.02307	0.02123	0.01661	0.02123	0.01477	0.02215	0.01107	0.00831	0.00831	0.00277	0.01107	0.00738	0.00369	0.00923
34	0.48932	0.01533	0.01490	0.01239	0.01802	0.01619	0.01022	0.03053	0.01780	0.27484	0.01963	0.01912	0.01340	0.00869	0.00636	0.00257	0.00667	0.00596	0.00710	0.01095
35	0.01556	0.00865	0.00924	0.00908	0.01113	0.00900	0.00685	0.02068	0.06786	0.02967	0.02676	0.03090	0.02132	0.01500	0.06386	0.03132	0.00578	0.00796	0.60137	0.00800
36	0.01776	0.01760	0.03216	0.31806	0.23402	0.01884	0.15583	0.02324	0.01794	0.02421	0.01697	0.05455	0.01416	0.00860	0.00872	0.00271	0.01105	0.00870	0.00413	0.01074
37	0.01304	0.01031	0.04291	0.01138	0.01392	0.00850	0.00913	0.01700	0.02262	0.06099	0.54297	0.11075	0.07053	0.01698	0.00971	0.00267	0.00454	0.01499	0.00881	0.00825
38	0.01613	0.01562	0.02760	0.61526	0.05568	0.01874	0.09030	0.02183	0.01695	0.02183	0.01499	0.02218	0.01124	0.00816	0.00847	0.00277	0.01140	0.00765	0.00375	0.00945
39	0.03374	0.01458	0.01885	0.01477	0.02057	0.01344	0.01195	0.08639	0.05868	0.52206	0.03122	0.02996	0.02113	0.06957	0.01124	0.00304	0.00729	0.00866	0.00957	0.01331
40	0.01208	0.00880	0.01284	0.01284	0.01428	0.01013	0.00988	0.01496	0.01352	0.01980	0.02270	0.03353	0.02123	0.08883	0.60868	0.01247	0.02057	0.00898	0.04655	0.00733
41	0.01016	0.00756	0.00947	0.01083	0.01190	0.00687	0.00742	0.01189	0.01701	0.02220	0.09028	0.53193	0.18336	0.02442	0.01039	0.00321	0.00464	0.02181	0.00780	0.00687
42	0.02542	0.01998	0.02493	0.27826	0.03795	0.02293	0.01861	0.39327	0.03036	0.04030	0.01794	0.02080	0.01294	0.00933	0.00831	0.00260	0.00989	0.00744	0.00652	0.01223

[dist]
# distance from previous block
# <min> <max>
0	27

[block]
# block no. 2 follows, 22 sequences, length 119
# corresponding to MSA columns:
# 104-222
name=unknown_C
#
# <colnr> <probs for GDERKNQSTAVLIFYWHMCP>
#	G	D	E	R	K	N	Q	S	T	A	V	L	I	F	Y	W	H	M	C	P
0	0.01707	0.01655	0.02333	0.02033	0.02059	0.02281	0.01681	0.01909	0.01283	0.01987	0.01289	0.02071	0.01263	0.02291	0.14081	0.00534	0.57531	0.00756	0.00378	0.00879
1	0.01009	0.00735	0.00952	0.01125	0.01197	0.00677	0.00757	0.01160	0.01621	0.02133	0.04962	0.64051	0.11459	0.02553	0.01053	0.00332	0.00476	0.02301	0.00771	0.00677
2	0.02088	0.02157	0.02793	0.02309	0.02508	0.10123	0.08855	0.06877	0.01681	0.02327	0.01251	0.01843	0.01133	0.01261	0.02146	0.00328	0.48193	0.00736	0.00413	0.00978
3	0.01818	0.01934	0.08208	0.23603	0.33732	0.01843	0.05756	0.02334	0.01776	0.02456	0.01629	0.02363	0.01353	0.00928	0.00961	0.03969	0.01046	0.02774	0.00404	0.01114
4	0.02211	0.02317	0.03226	0.04276	0.46364	0.13207	0.05909	0.02645	0.01927	0.02540	0.01486	0.01954	0.01253	0.00812	0.00965	0.00252	0.06313	0.00718	0.00411	0.01213
5	0.03727	0.01414	0.01928	0.01478	0.02121	0.01221	0.01221	0.04049	0.02378	0.66198	0.03277	0.02828	0.02056	0.01028	0.00835	0.00257	0.00707	0.00835	0.01028	0.01414
6	0.01447	0.01213	0.01303	0.01216	0.01553	0.01253	0.00931	0.02532	0.26376	0.02950	0.18102	0.05709	0.28893	0.01638	0.00928	0.00277	0.00508	0.01383	0.00830	0.00959
7	0.01077	0.00898	0.00948	0.00943	0.01211	0.00801	0.00703	0.01447	0.06162	0.02428	0.13474	0.12092	0.50824	0.02034	0.00978	0.00283	0.00439	0.01718	0.00791	0.00749
8	0.01003	0.00842	0.00871	0.00864	0.01135	0.00710	0.00648	0.01234	0.01944	0.02364	0.14696	0.07797	0.58930	0.02059	0.00982	0.00278	0.00418	0.01726	0.00787	0.00710
9	0.01961	0.02241	0.04902	0.03501	0.04342	0.02101	0.62605	0.02661	0.01961	0.02661	0.01681	0.02241	0.01261	0.00700	0.00980	0.00280	0.01401	0.00980	0.00420	0.01120
10	0.01992	0.01908	0.03255	0.13536	0.57690	0.01957	0.02517	0.02493	0.01861	0.02636	0.01551	0.02077	0.01288	0.00752	0.00824	0.00251	0.01003	0.00740	0.00406	0.01264
11	0.01471	0.01153	0.01225	0.01153	0.01499	0.01143	0.00880	0.02330	0.20705	0.06339	0.06380	0.09707	0.39287	0.01774	0.00936	0.00283	0.00512	0.01488	0.00809	0.00927
12	0.01449	0.00725	0.01064	0.01064	0.01075	0.00725	0.00713	0.01133	0.01122	0.01542	0.01518	0.02559	0.01484	0.02772	0.03088	0.71325	0.00702	0.00725	0.04831	0.00385
13	0.01569	0.01477	0.02492	0.68808	0.05722	0.01846	0.02307	0.02123	0.01661	0.02123	0.01477	0.02215	0.01107	0.00831	0.00831	0.00277	0.01107	0.00738	0.00369	0.00923
14	0.73711	0.01599	0.01250	0.01108	0.01627	0.01838	0.00913	0.02507	0.01453	0.06264	0.01243	0.01410	0.00947	0.00782	0.00527	0.00257	0.00645	0.00465	0.00535	0.00921
15	0.01197	0.00812	0.00961	0.00969	0.00989	0.00828	0.00580	0.01239	0.01240	0.01671	0.02653	0.07927	0.03011	0.60042	0.11800	0.00850	0.00965	0.01218	0.00508	0.00540
16	0.02406	0.01676	0.02041	0.11092	0.05182	0.01828	0.01471	0.10576	0.28984	0.16601	0.03174	0.03054	0.05984	0.01095	0.00847	0.00271	0.00759	0.00910	0.00794	0.01254
17	0.03727	0.01414	0.01928	0.01478	0.02121	0.01221	0.01221	0.04049	0.02378	0.66198	0.03277	0.02828	0.02056	0.01028	0.00835	0.00257	0.00707	0.00835	0.01028	0.01414
18	0.01569	0.01477	0.02492	0.68808	0.05722	0.01846	0.02307	0.02123	0.01661	0.02123	0.01477	0.02215	0.01107	0.00831	0.00831	0.00277	0.01107	0.00738	0.00369	0.00923
19	0.03144	0.01585	0.04757	0.01709	0.02341	0.01347	0.07437	0.05827	0.02341	0.47223	0.06938	0.03292	0.02435	0.01101	0.00875	0.00267	0.00789	0.04382	0.00910	0.01299
20	0.01455	0.01317	0.02061	0.36230	0.03730	0.01637	0.01770	0.01833	0.01546	0.02081	0.02138	0.16515	0.02124	0.01866	0.08086	0.00414	0.12795	0.01092	0.00460	0.00850
21	0.01217	0.00818	0.00969	0.00955	0.01016	0.00813	0.00600	0.01340	0.01490	0.02078	0.16118	0.05353	0.03960	0.48452	0.07083	0.00688	0.00779	0.01231	0.04450	0.00592
22	0.01636	0.01513	0.02492	0.65964	0.05588	0.01877	0.02276	0.04704	0.01757	0.02255	0.01499	0.02205	0.01120	0.00838	0.00831	0.00276	0.01099	0.00739	0.00389	0.00944
23	0.01938	0.02314	0.08295	0.03433	0.07968	0.02117	0.50659	0.02602	0.01892	0.02612	0.01617	0.02168	0.01239	0.00766	0.01092	0.00283	0.06547	0.00924	0.00411	0.01123
24	0.01469	0.01172	0.01740	0.16186	0.06601	0.01265	0.01621	0.01991	0.04907	0.02471	0.03545	0.07071	0.03666	0.01826	0.01044	0.00346	0.00847	0.40710	0.00662	0.00860
25	0.01214	0.00947	0.01375	0.01227	0.01469	0.00873	0.05494	0.01604	0.02249	0.03144	0.53367	0.09824	0.10596	0.01700	0.00985	0.00268	0.00476	0.01529	0.00860	0.00798
26	0.01989	0.02099	0.08087	0.04707	0.57593	0.01918	0.02527	0.02513	0.01882	0.02696	0.01703	0.02410	0.01474	0.00824	0.00837	0.00255	0.00994	0.03786	0.00425	0.01281
27	0.02879	0.01570	0.05131	0.01513	0.02084	0.01394	0.01277	0.03716	0.16751	0.39549	0.11811	0.03305	0.02920	0.01132	0.00855	0.00264	0.00678	0.00941	0.00935	0.01294
28	0.03492	0.01438	0.02074	0.01583	0.02217	0.01255	0.05042	0.03840	0.02350	0.59139	0.06212	0.02956	0.02290	0.01041	0.00852	0.00259	0.00735	0.00877	0.00985	0.01365
29	0.01209	0.00883	0.01300	0.01300	0.01451	0.01022	0.01010	0.01512	0.01361	0.02002	0.02256	0.03253	0.02080	0.05901	0.63322	0.01264	0.02110	0.00883	0.05138	0.00744
30	0.01186	0.00796	0.00912	0.00934	0.00939	0.00791	0.00533	0.01202	0.01250	0.01667	0.02834	0.12585	0.03293	0.63283	0.03879	0.00754	0.00770	0.01335	0.00533	0.00522
31	0.01340	0.00975	0.01089	0.01053	0.01340	0.00900	0.00790	0.01810	0.08922	0.07372	0.13399	0.15587	0.38469	0.01936	0.00966	0.00285	0.00474	0.01649	0.00816	0.00830
32	0.01330	0.00950	0.01326	0.01504	0.01695	0.00947	0.01309	0.01713	0.01936	0.02532	0.07674	0.09200	0.04946	0.02263	0.01138	0.00376	0.00745	0.56877	0.00773	0.00766
33	0.02019	0.01936	0.03305	0.09963	0.61049	0.01964	0.02531	0.02517	0.01874	0.02669	0.01556	0.02068	0.01300	0.00747	0.00823	0.00249	0.00996	0.00740	0.00408	0.01286
34	0.01317	0.00949	0.01309	0.01489	0.01685	0.00941	0.01297	0.01690	0.01911	0.02472	0.04638	0.09289	0.08384	0.02284	0.01138	0.00376	0.00744	0.56560	0.00765	0.00761
35	0.02911	0.03612	0.02478	0.02470	0.09520	0.56357	0.01722	0.03154	0.02239	0.02106	0.01303	0.01579	0.01098	0.00879	0.00875	0.00227	0.05479	0.00569	0.00422	0.00999
36	0.01208	0.00805	0.00906	0.00906	0.00906	0.00805	0.00503	0.01208	0.01208	0.01611	0.02618	0.05436	0.03020	0.70804	0.04228	0.00805	0.00805	0.01208	0.00503	0.00503
37	0.01187	0.00890	0.01335	0.01335	0.01483	0.01038	0.01038	0.01483	0.01335	0.01928	0.02225	0.03264	0.02077	0.06231	0.67512	0.01335	0.02225	0.00890	0.00445	0.00742
38	0.02552	0.03876	0.21979	0.02213	0.02848	0.41768	0.02071	0.02992	0.02076	0.02213	0.01330	0.01604	0.01066	0.00888	0.00934	0.00242	0.07332	0.00576	0.00399	0.01039
39	0.02019	0.07163	0.35433	0.03034	0.19767	0.01966	0.07207	0.02738	0.01861	0.08631	0.01674	0.01948	0.01233	0.00788	0.00802	0.00255	0.01108	0.00686	0.00436	0.01251
40	0.01339	0.00956	0.01339	0.01530	0.01721	0.00956	0.01339	0.01721	0.01912	0.02486	0.04399	0.09371	0.04781	0.02295	0.01147	0.00382	0.00765	0.60031	0.00765	0.00765
41	0.03678	0.01493	0.01977	0.01516	0.02160	0.01339	0.01252	0.09181	0.02511	0.60876	0.03165	0.02755	0.02000	0.01026	0.00835	0.00256	0.00725	0.00828	0.01011	0.01414
42	0.01155	0.00848	0.01082	0.01023	0.01228	0.00775	0.00767	0.01527	0.02302	0.03214	0.59075	0.06398	0.14021	0.01742	0.00980	0.00263	0.00395	0.01529	0.00899	0.00775
43	0.01702	0.01613	0.02733	0.51379	0.22109	0.01881	0.02373	0.02239	0.01724	0.02284	0.01500	0.02171	0.01164	0.00806	0.00828	0.00269	0.01074	0.00739	0.00381	0.01030
44	0.00982	0.00842	0.00842	0.00842	0.01122	0.00701	0.00631	0.01192	0.01894	0.02244	0.08416	0.07995	0.65285	0.02104	0.00982	0.00281	0.00421	0.01753	0.00771	0.00701
45	0.01961	0.02241	0.04902	0.03501	0.04342	0.02101	0.62605	0.02661	0.01961	0.02661	0.01681	0.02241	0.01261	0.00700	0.00980	0.00280	0.01401	0.00980	0.00420	0.01120
46	0.01815	0.01874	0.03621	0.31022	0.15953	0.01972	0.26645	0.02416	0.01823	0.02446	0.01574	0.02197	0.01207	0.00762	0.00889	0.00273	0.01204	0.00836	0.00397	0.01073
47	0.01598	0.01495	0.02456	0.64894	0.05514	0.01859	0.02249	0.02256	0.05303	0.02201	0.01588	0.02266	0.01191	0.00848	0.00831	0.00277	0.01081	0.00750	0.00397	0.00946
48	0.01443	0.00722	0.01082	0.01082	0.01082	0.00722	0.00722	0.01082	0.01082	0.01443	0.01443	0.02525	0.01443	0.02886	0.03247	0.75830	0.00722	0.00722	0.00361	0.00361
49	0.01626	0.01534	0.02594	0.61387	0.12699	0.01861	0.02335	0.02172	0.01688	0.02191	0.01487	0.02196	0.01132	0.00820	0.00830	0.00273	0.01093	0.00739	0.00374	0.00969
50	0.76672	0.01607	0.01221	0.01092	0.01607	0.01864	0.00900	0.02442	0.01414	0.03727	0.01157	0.01350	0.00900	0.00771	0.00514	0.00257	0.00643	0.00450	0.00514	0.00900
51	0.01197	0.00848	0.01124	0.01124	0.01199	0.00923	0.00775	0.01348	0.01272	0.01772	0.02419	0.04335	0.02542	0.38077	0.36302	0.01074	0.01525	0.01047	0.00474	0.00624
52	0.01208	0.00857	0.01168	0.01168	0.01267	0.00949	0.00839	0.01407	0.01308	0.01865	0.02377	0.03996	0.02400	0.27980	0.43438	0.01111	0.01672	0.00994	0.03334	0.00662
53	0.01260	0.00874	0.01130	0.01059	0.01279	0.00808	0.00801	0.01625	0.02248	0.05673	0.53355	0.06076	0.13001	0.01976	0.04854	0.00326	0.00514	0.01465	0.00877	0.00799
54	0.01569	0.01477	0.02492	0.68808	0.05722	0.01846	0.02307	0.02123	0.01661	0.02123	0.01477	0.02215	0.01107	0.00831	0.00831	0.00277	0.01107	0.00738	0.00369	0.00923
55	0.02019	0.01925	0.03216	0.09760	0.57269	0.01970	0.02458	0.02628	0.05580	0.02714	0.01664	0.02130	0.01373	0.00770	0.00824	0.00251	0.00977	0.00752	0.00434	0.01286
56	0.01522	0.01368	0.01581	0.01511	0.01698	0.09093	0.01180	0.03628	0.01531	0.02048	0.02022	0.02908	0.01864	0.05078	0.52737	0.01097	0.07054	0.00831	0.00449	0.00801
57	0.01183	0.00903	0.01069	0.01007	0.01250	0.00823	0.00761	0.03781	0.02250	0.03022	0.42802	0.06674	0.27795	0.01814	0.00975	0.00268	0.00422	0.01562	0.00861	0.00779
58	0.01818	0.01818	0.02545	0.02181	0.02181	0.02545	0.01818	0.01999	0.01272	0.01999	0.01091	0.01818	0.01091	0.01454	0.02726	0.00364	0.69284	0.00727	0.00364	0.00909
59	0.02964	0.06191	0.02391	0.02035	0.02489	0.52635	0.01562	0.10939	0.02471	0.02441	0.01427	0.01659	0.01173	0.01182	0.04645	0.00283	0.01441	0.00580	0.00479	0.01013
60	0.01199	0.00843	0.01095	0.01095	0.01160	0.00908	0.00739	0.01329	0.01264	0.01751	0.02445	0.04480	0.02605	0.42376	0.32089	0.01039	0.01430	0.01068	0.00478	0.00608
61	0.01187	0.00890	0.01335	0.01335	0.01483	0.01038	0.01038	0.01483	0.01335	0.01928	0.02225	0.03264	0.02077	0.06231	0.67512	0.01335	0.02225	0.00890	0.00445	0.00742
62	0.03369	0.01779	0.09481	0.01590	0.02286	0.01359	0.01441	0.06828	0.02383	0.53467	0.05124	0.02775	0.02104	0.01022	0.00835	0.00258	0.00768	0.00828	0.00935	0.01370
63	0.01569	0.01477	0.02492	0.68808	0.05722	0.01846	0.02307	0.02123	0.01661	0.02123	0.01477	0.02215	0.01107	0.00831	0.00831	0.00277	0.01107	0.00738	0.00369	0.00923
64	0.02027	0.01964	0.03415	0.08132	0.59249	0.01975	0.05906	0.02535	0.01884	0.02682	0.01565	0.02074	0.01303	0.00742	0.00832	0.00250	0.01016	0.00754	0.00410	0.01286
65	0.02001	0.01759	0.02642	0.39148	0.17394	0.02024	0.02165	0.13941	0.05504	0.02913	0.01696	0.02187	0.01286	0.00860	0.00830	0.00266	0.01021	0.00751	0.00492	0.01119
66	0.01298	0.00997	0.01448	0.01405	0.01565	0.01182	0.01103	0.03879	0.01431	0.02060	0.02153	0.03134	0.01996	0.05761	0.61308	0.01239	0.05935	0.00875	0.00455	0.00777
67	0.01076	0.00765	0.01021	0.01202	0.01270	0.00728	0.00847	0.01251	0.01620	0.02149	0.04434	0.56611	0.05233	0.06589	0.01262	0.00372	0.00547	0.11589	0.00754	0.00679
68	0.01766	0.07845	0.49905	0.02642	0.07290	0.02038	0.11792	0.02622	0.01789	0.02600	0.01503	0.01819	0.01100	0.00768	0.00804	0.00260	0.01219	0.00666	0.00365	0.01207
69	0.38226	0.01844	0.05790	0.07905	0.02516	0.04261	0.08156	0.02685	0.01759	0.13121	0.05194	0.02065	0.01546	0.00866	0.00698	0.00260	0.00835	0.00669	0.00580	0.01023
70	0.01019	0.00763	0.00947	0.01071	0.01188	0.00691	0.00738	0.01201	0.01730	0.02255	0.10725	0.49646	0.20199	0.02404	0.01034	0.00317	0.00459	0.02140	0.00784	0.00691
71	0.02384	0.01592	0.01809	0.01550	0.02006	0.01685	0.01218	0.20008	0.19058	0.14750	0.05525	0.15940	0.05954	0.01422	0.00892	0.00278	0.00685	0.01198	0.00858	0.01190
72	0.01617	0.01651	0.06233	0.25255	0.21065	0.01613	0.04481	0.02114	0.01812	0.02413	0.02836	0.04007	0.09691	0.01190	0.00901	0.00285	0.00953	0.10382	0.00495	0.01006
73	0.02055	0.01981	0.03135	0.04597	0.56114	0.04470	0.02377	0.02627	0.05118	0.02713	0.01813	0.02521	0.01574	0.00857	0.00840	0.00255	0.00977	0.04251	0.00455	0.01270
74	0.03103	0.03959	0.02354	0.02140	0.02568	0.67469	0.01605	0.03317	0.02354	0.02033	0.01284	0.01498	0.01070	0.00856	0.00749	0.00214	0.01498	0.00535	0.00428	0.00963
75	0.06240	0.03820	0.54465	0.02519	0.09279	0.01906	0.02828	0.02660	0.01768	0.04861	0.01538	0.01795	0.01102	0.00792	0.00778	0.00261	0.01153	0.00624	0.00389	0.01223
76	0.01632	0.01852	0.10560	0.02125	0.02607	0.01585	0.18526	0.06351	0.05554	0.02626	0.02870	0.28805	0.02965	0.01558	0.01099	0.00305	0.05968	0.01438	0.00599	0.00976
77	0.01120	0.00855	0.01034	0.01012	0.01237	0.00768	0.00774	0.01447	0.02155	0.02880	0.40316	0.07088	0.27893	0.01889	0.00994	0.00278	0.00432	0.06224	0.00852	0.00753
78	0.01569	0.01477	0.02492	0.68808	0.05722	0.01846	0.02307	0.02123	0.01661	0.02123	0.01477	0.02215	0.01107	0.00831	0.00831	0.00277	0.01107	0.00738	0.00369	0.00923
79	0.05677	0.01620	0.02452	0.42788	0.15122	0.04415	0.02090	0.02320	0.01731	0.05882	0.01625	0.02229	0.01258	0.01236	0.05901	0.00348	0.01141	0.00733	0.00429	0.01004
80	0.01864	0.24947	0.43157	0.02032	0.03051	0.02360	0.02448	0.02698	0.05638	0.02474	0.01505	0.01707	0.01149	0.00786	0.00713	0.00238	0.01087	0.00582	0.00383	0.01183
81	0.01062	0.00759	0.01018	0.01191	0.01267	0.00715	0.00837	0.01253	0.01685	0.02255	0.09185	0.58422	0.05592	0.02498	0.01064	0.00337	0.00507	0.08878	0.00781	0.00693
82	0.04621	0.31240	0.28178	0.01793	0.02668	0.02422	0.02015	0.05975	0.01902	0.06332	0.04598	0.01863	0.01465	0.00827	0.00689	0.00227	0.00979	0.00603	0.00453	0.01150
83	0.01719	0.07407	0.58207	0.02418	0.03587	0.02010	0.08059	0.02626	0.01768	0.02600	0.01491	0.01775	0.01071	0.00778	0.00793	0.00260	0.01226	0.00637	0.00357	0.01211
84	0.01077	0.00775	0.00920	0.01006	0.01082	0.00727	0.00648	0.01182	0.01511	0.01961	0.04608	0.35041	0.16050	0.27022	0.02184	0.00495	0.00587	0.01831	0.00675	0.00618
85	0.08210	0.02536	0.25651	0.01842	0.02647	0.01638	0.04245	0.08239	0.02097	0.24267	0.02164	0.02220	0.01482	0.01003	0.00919	0.04329	0.00926	0.00714	0.03659	0.01212
86	0.01755	0.09313	0.53192	0.02539	0.07154	0.02053	0.07454	0.02617	0.01773	0.02584	0.01483	0.01775	0.01085	0.00773	0.00785	0.00257	0.01200	0.00636	0.00360	0.01212
87	0.01381	0.01195	0.05235	0.01446	0.01661	0.01081	0.04702	0.01627	0.01597	0.05560	0.03601	0.30213	0.07284	0.13195	0.06736	0.00477	0.06350	0.05243	0.00639	0.00778
88	0.01966	0.02225	0.04811	0.03596	0.07968	0.02093	0.59051	0.02654	0.01957	0.02664	0.01674	0.02230	0.01264	0.00703	0.00971	0.00278	0.01376	0.00966	0.00420	0.01132
89	0.01802	0.01836	0.05440	0.35093	0.26225	0.01926	0.06967	0.02466	0.05410	0.02469	0.01634	0.02195	0.01273	0.00805	0.00838	0.00266	0.01066	0.00764	0.00415	0.01110
90	0.01817	0.01785	0.02782	0.38453	0.23638	0.05951	0.04704	0.02326	0.01802	0.02342	0.01672	0.02546	0.01393	0.00886	0.00848	0.00270	0.01086	0.04244	0.00411	0.01045
91	0.01683	0.04182	0.63046	0.02431	0.03637	0.01939	0.06408	0.02633	0.01766	0.02633	0.01501	0.01781	0.01064	0.00784	0.00800	0.00264	0.01237	0.00634	0.00355	0.01222
92	0.01680	0.01639	0.02536	0.61500	0.09045	0.05389	0.02283	0.02212	0.01712	0.02152	0.01471	0.02167	0.01118	0.00827	0.00826	0.00272	0.01121	0.00727	0.00375	0.00948
93	0.01832	0.23716	0.39885	0.02171	0.05464	0.02279	0.04839	0.02532	0.01779	0.02472	0.04685	0.01890	0.01425	0.00807	0.00732	0.00238	0.01082	0.00629	0.00386	0.01156
94	0.01653	0.01293	0.01913	0.22444	0.02908	0.01533	0.04429	0.04401	0.01668	0.02493	0.01869	0.02503	0.01522	0.01442	0.05128	0.06093	0.11524	0.00767	0.23566	0.00851
95	0.01164	0.00907	0.01142	0.01206	0.01345	0.00912	0.00882	0.01505	0.05478	0.02418	0.14047	0.38522	0.15140	0.02207	0.01132	0.00318	0.04792	0.05358	0.00771	0.00754
96	0.02633	0.06720	0.17739	0.02398	0.13319	0.01682	0.05713	0.03151	0.02057	0.29582	0.02546	0.02530	0.04268	0.00928	0.00818	0.00254	0.00920	0.00790	0.00671	0.01282
97	0.01555	0.01004	0.01396	0.01537	0.04874	0.00957	0.01177	0.01899	0.02006	0.09753	0.16160	0.15701	0.07321	0.01990	0.01045	0.00328	0.00646	0.28989	0.00807	0.00855
98	0.01469	0.05910	0.30748	0.01665	0.02381	0.01484	0.01852	0.02197	0.05578	0.02781	0.20566	0.04068	0.13411	0.01272	0.00865	0.00262	0.00813	0.01058	0.00606	0.01015
99	0.01839	0.01722	0.02908	0.20088	0.40704	0.01798	0.04674	0.02332	0.01829	0.02564	0.02018	0.02514	0.05044	0.00854	0.00825	0.00254	0.00962	0.00811	0.05117	0.01142
100	0.01699	0.04071	0.59727	0.02492	0.03678	0.01948	0.09616	0.02634	0.01777	0.02634	0.01512	0.01807	0.01075	0.00779	0.00810	0.00265	0.01247	0.00654	0.00358	0.01216
101	0.01809	0.03254	0.35610	0.02890	0.03896	0.02030	0.30804	0.02624	0.01834	0.02624	0.01566	0.01983	0.01151	0.00770	0.00944	0.00274	0.03597	0.00789	0.00384	0.01167
102	0.02099	0.01966	0.03273	0.03525	0.28199	0.02006	0.17879	0.03192	0.20467	0.05375	0.02201	0.02445	0.01693	0.00856	0.00871	0.00266	0.00986	0.00866	0.00567	0.01268
103	0.02584	0.02422	0.18595	0.02632	0.18186	0.05191	0.02029	0.03225	0.05698	0.25397	0.04206	0.02414	0.01772	0.00914	0.00821	0.00255	0.00938	0.00766	0.00658	0.01293
104	0.02115	0.02073	0.03221	0.04720	0.58113	0.05653	0.02419	0.02709	0.05813	0.02723	0.01661	0.02090	0.01378	0.00771	0.00820	0.00247	0.00995	0.00741	0.00439	0.01296
105	0.01671	0.01152	0.01366	0.01346	0.03514	0.03855	0.00986	0.02163	0.07332	0.09928	0.16475	0.09640	0.09417	0.02511	0.15313	0.00493	0.00924	0.01184	0.09830	0.00900
106	0.01368	0.01163	0.01726	0.01567	0.01777	0.01314	0.05800	0.01801	0.05324	0.02324	0.10810	0.08135	0.07638	0.03547	0.28877	0.00736	0.11183	0.03512	0.00573	0.00828
107	0.01909	0.02280	0.08263	0.09776	0.06510	0.02062	0.51239	0.02604	0.01917	0.02609	0.01646	0.02203	0.01235	0.00719	0.00949	0.00278	0.01348	0.00927	0.00411	0.01114
108	0.03727	0.01414	0.01928	0.01478	0.02121	0.01221	0.01221	0.04049	0.02378	0.66198	0.03277	0.02828	0.02056	0.01028	0.00835	0.00257	0.00707	0.00835	0.01028	0.01414
109	0.01812	0.02029	0.06288	0.02744	0.03225	0.02135	0.31628	0.02294	0.01638	0.02343	0.01522	0.02182	0.01281	0.01580	0.08904	0.00425	0.25698	0.00865	0.00400	0.01008
110	0.01590	0.01518	0.02622	0.65289	0.05647	0.01859	0.05556	0.02152	0.01677	0.02152	0.01488	0.02216	0.01116	0.00824	0.00839	0.00277	0.01123	0.00751	0.00372	0.00933
111	0.01175	0.00888	0.01349	0.01410	0.01546	0.00845	0.05608	0.01386	0.01660	0.02203	0.04158	0.48848	0.04813	0.02408	0.01185	0.04233	0.00624	0.14228	0.00722	0.00711
112	0.01818	0.01818	0.02545	0.02181	0.02181	0.02545	0.01818	0.01999	0.01272	0.01999	0.01091	0.01818	0.01091	0.01454	0.02726	0.00364	0.69284	0.00727	0.00364	0.00909
113	0.01452	0.01229	0.01637	0.01490	0.01512	0.01547	0.01119	0.01572	0.01254	0.01817	0.01937	0.03634	0.02092	0.32745	0.13321	0.00707	0.28828	0.00964	0.00438	0.00705
114	0.01012	0.00723	0.00964	0.01157	0.01205	0.00675	0.00771	0.01157	0.01591	0.02121	0.04579	0.70262	0.05495	0.02603	0.01060	0.00337	0.00482	0.02362	0.00771	0.00675
115	0.01026	0.00749	0.00969	0.01133	0.01217	0.00692	0.00778	0.01195	0.01660	0.02185	0.06819	0.58984	0.12245	0.02508	0.01053	0.00330	0.00483	0.04514	0.00775	0.00685
116	0.03158	0.02327	0.02493	0.01911	0.02576	0.02576	0.01579	0.62852	0.03906	0.05236	0.01995	0.01995	0.01413	0.00997	0.00831	0.00249	0.00914	0.00748	0.00831	0.01413
117	0.02066	0.01785	0.01878	0.01691	0.02160	0.02066	0.01315	0.04414	0.64121	0.03475	0.03381	0.03099	0.02536	0.01127	0.00845	0.00282	0.00657	0.00939	0.00845	0.01315
118	0.01986	0.02069	0.05565	0.04149	0.47077	0.05473	0.02284	0.02424	0.01836	0.02551	0.02010	0.02438	0.06148	0.00939	0.01061	0.00262	0.09297	0.00800	0.00431	0.01197

[dist]
# distance from previous block
# <min> <max>
0	16

[block]
# block no. 3 follows, 22 sequences, length 28
# corresponding to MSA columns:
# 239-266
name=unknown_D
#
# <colnr> <probs for GDERKNQSTAVLIFYWHMCP>
#	G	D	E	R	K	N	Q	S	T	A	V	L	I	F	Y	W	H	M	C	P
0	0.01926	0.02165	0.04611	0.08073	0.04330	0.02105	0.55232	0.02589	0.01904	0.02589	0.01636	0.02218	0.01241	0.00748	0.01058	0.00284	0.04830	0.00950	0.00414	0.01096
1	0.01479	0.00895	0.01043	0.06893	0.01483	0.00948	0.00816	0.01846	0.01745	0.02858	0.05905	0.06260	0.07494	0.01172	0.00780	0.00225	0.03892	0.00947	0.52532	0.00785
2	0.01723	0.01477	0.01723	0.01230	0.01969	0.01107	0.00984	0.02092	0.01723	0.02707	0.01477	0.01723	0.01230	0.00615	0.00615	0.00123	0.00615	0.00492	0.00492	0.75883
3	0.76672	0.01607	0.01221	0.01092	0.01607	0.01864	0.00900	0.02442	0.01414	0.03727	0.01157	0.01350	0.00900	0.00771	0.00514	0.00257	0.00643	0.00450	0.00514	0.00900
4	0.01176	0.00849	0.01110	0.01045	0.01241	0.00784	0.00784	0.01568	0.02352	0.03331	0.65184	0.06206	0.07839	0.01698	0.00980	0.00261	0.00392	0.01502	0.00914	0.00784
5	0.01206	0.00813	0.00947	0.00947	0.00961	0.00827	0.00554	0.01234	0.01220	0.01641	0.02580	0.05230	0.02931	0.64680	0.10230	0.00856	0.00940	0.01178	0.00498	0.00526
6	0.03103	0.03959	0.02354	0.02140	0.02568	0.67469	0.01605	0.03317	0.02354	0.02033	0.01284	0.01498	0.01070	0.00856	0.00749	0.00214	0.01498	0.00535	0.00428	0.00963
7	0.03158	0.02327	0.02493	0.01911	0.02576	0.02576	0.01579	0.62852	0.03906	0.05236	0.01995	0.01995	0.01413	0.00997	0.00831	0.00249	0.00914	0.00748	0.00831	0.01413
8	0.01723	0.01477	0.01723	0.01230	0.01969	0.01107	0.00984	0.02092	0.01723	0.02707	0.01477	0.01723	0.01230	0.00615	0.00615	0.00123	0.00615	0.00492	0.00492	0.75883
9	0.01203	0.00827	0.01015	0.01015	0.01052	0.00864	0.00639	0.01278	0.01240	0.01691	0.02518	0.04887	0.02781	0.54463	0.20243	0.00939	0.01165	0.01128	0.00489	0.00564
10	0.01594	0.01502	0.02537	0.65516	0.08817	0.01852	0.02320	0.02145	0.01673	0.02153	0.01481	0.02207	0.01118	0.00826	0.00830	0.00275	0.01101	0.00738	0.00371	0.00943
11	0.09045	0.07301	0.02736	0.05276	0.02735	0.01642	0.17039	0.02414	0.01792	0.07321	0.01722	0.04487	0.01409	0.00776	0.00737	0.00207	0.00870	0.00719	0.00508	0.31264
12	0.05614	0.02050	0.16408	0.01608	0.02259	0.01473	0.01534	0.06150	0.06988	0.30492	0.02621	0.02938	0.01948	0.12574	0.01377	0.00351	0.00845	0.00836	0.00742	0.01192
13	0.01723	0.01477	0.01723	0.01230	0.01969	0.01107	0.00984	0.02092	0.01723	0.02707	0.01477	0.01723	0.01230	0.00615	0.00615	0.00123	0.00615	0.00492	0.00492	0.75883
14	0.02087	0.26366	0.03177	0.01888	0.02201	0.02809	0.01655	0.07943	0.01669	0.02290	0.01199	0.01663	0.01112	0.01149	0.01773	0.00287	0.38684	0.00629	0.00405	0.01012
15	0.01666	0.04297	0.66500	0.02368	0.03596	0.01929	0.03069	0.02631	0.01754	0.02631	0.01491	0.01754	0.01052	0.00789	0.00789	0.00263	0.01228	0.00614	0.00351	0.01228
16	0.01404	0.01030	0.01387	0.01544	0.01760	0.01055	0.01337	0.01961	0.07458	0.02574	0.04308	0.08812	0.04581	0.02191	0.01121	0.00374	0.00755	0.54763	0.00772	0.00814
17	0.01666	0.04297	0.66500	0.02368	0.03596	0.01929	0.03069	0.02631	0.01754	0.02631	0.01491	0.01754	0.01052	0.00789	0.00789	0.00263	0.01228	0.00614	0.00351	0.01228
18	0.01074	0.01062	0.07180	0.01272	0.01432	0.00794	0.00989	0.01297	0.01606	0.02169	0.04286	0.63765	0.05073	0.02431	0.01035	0.00330	0.00553	0.02196	0.00731	0.00727
19	0.01380	0.01225	0.02041	0.26173	0.08596	0.01325	0.06480	0.01747	0.01672	0.02216	0.02964	0.34301	0.03207	0.01648	0.00950	0.00303	0.00826	0.01524	0.00566	0.00855
20	0.01070	0.00764	0.01030	0.01222	0.01296	0.00724	0.00871	0.01256	0.01647	0.02185	0.04547	0.59562	0.05369	0.02549	0.01076	0.00345	0.00532	0.12495	0.00770	0.00691
21	0.01642	0.01582	0.02769	0.58076	0.10448	0.01878	0.07477	0.02203	0.01705	0.02216	0.01501	0.02204	0.01137	0.00812	0.00843	0.00275	0.01123	0.00759	0.00377	0.00972
22	0.01903	0.02005	0.06591	0.19492	0.06511	0.01961	0.27578	0.07434	0.06489	0.02778	0.01995	0.02854	0.01618	0.00930	0.00920	0.00284	0.01155	0.05914	0.00497	0.01091
23	0.01274	0.01229	0.06731	0.01191	0.01511	0.00989	0.01008	0.01871	0.07917	0.03141	0.46582	0.05776	0.14342	0.01622	0.00951	0.00266	0.00492	0.01408	0.00841	0.00860
24	0.02002	0.01844	0.02940	0.07180	0.48162	0.01896	0.02220	0.05658	0.07860	0.02837	0.02011	0.07985	0.01784	0.00953	0.00846	0.00259	0.00914	0.00898	0.00503	0.01248
25	0.01569	0.01294	0.01729	0.01667	0.07202	0.01253	0.01185	0.04917	0.01673	0.02467	0.02018	0.07599	0.01891	0.02974	0.26304	0.00629	0.03941	0.00830	0.00501	0.28359
26	0.01623	0.01545	0.02740	0.02129	0.02620	0.01466	0.24609	0.04372	0.01946	0.02716	0.12431	0.18538	0.03284	0.01338	0.01030	0.00272	0.04285	0.01296	0.00603	0.11157
27	0.01857	0.01283	0.01845	0.08383	0.02310	0.01233	0.06379	0.02411	0.08544	0.13790	0.08472	0.23092	0.03357	0.01462	0.00897	0.00269	0.00694	0.01315	0.00726	0.11681

[dist]
# distance from previous block
# <min> <max>
13	41

[block]
# block no. 4 follows, 22 sequences, length 7
# corresponding to MSA columns:
# 308-314
name=unknown_E
#
# <colnr> <probs for GDERKNQSTAVLIFYWHMCP>
#	G	D	E	R	K	N	Q	S	T	A	V	L	I	F	Y	W	H	M	C	P
0	0.01789	0.01313	0.02019	0.29700	0.09758	0.01439	0.01669	0.02250	0.04855	0.10894	0.02735	0.17036	0.04613	0.01388	0.01005	0.04007	0.00841	0.01143	0.00586	0.00960
1	0.01680	0.04401	0.08011	0.05012	0.04496	0.01430	0.04589	0.05071	0.06666	0.02681	0.02390	0.18194	0.02330	0.01185	0.00800	0.00228	0.00748	0.01040	0.00571	0.28477
2	0.01448	0.01171	0.01556	0.12910	0.06056	0.01140	0.01169	0.01902	0.04996	0.04602	0.19752	0.04799	0.18827	0.04701	0.01039	0.00276	0.00631	0.01186	0.00678	0.11162
3	0.01215	0.00914	0.01186	0.01250	0.01458	0.00816	0.00932	0.01452	0.01684	0.02308	0.03960	0.44479	0.04545	0.02165	0.00996	0.00307	0.00567	0.14288	0.00718	0.14762
4	0.02097	0.16500	0.02427	0.01399	0.02117	0.01846	0.01189	0.13542	0.02124	0.03020	0.01505	0.01690	0.01230	0.00707	0.00638	0.00158	0.00729	0.00530	0.00526	0.46026
5	0.01845	0.01630	0.02261	0.14733	0.16254	0.01512	0.01598	0.05586	0.01869	0.02740	0.01524	0.01901	0.01236	0.00703	0.00712	0.00185	0.00803	0.00605	0.00471	0.41832
6	0.01226	0.01020	0.01093	0.01044	0.01342	0.00974	0.00792	0.01875	0.13631	0.02706	0.19558	0.06698	0.41319	0.01835	0.00956	0.00277	0.00459	0.01548	0.00816	0.00834

[dist]
# distance from previous block
# <min> <max>
0	1

[block]
# block no. 5 follows, 22 sequences, length 11
# corresponding to MSA columns:
# 316-326
name=unknown_F
#
# <colnr> <probs for GDERKNQSTAVLIFYWHMCP>
#	G	D	E	R	K	N	Q	S	T	A	V	L	I	F	Y	W	H	M	C	P
0	0.02843	0.02055	0.02294	0.01914	0.04198	0.04869	0.01515	0.31736	0.11793	0.14313	0.02428	0.02412	0.03347	0.01092	0.01059	0.00268	0.08981	0.00805	0.00779	0.01299
1	0.01820	0.01695	0.02785	0.16408	0.41670	0.01775	0.02185	0.02384	0.05420	0.02564	0.02070	0.11606	0.01927	0.01038	0.00858	0.00267	0.00921	0.00976	0.00478	0.01153
2	0.02531	0.02342	0.02822	0.03651	0.37360	0.17053	0.02052	0.03078	0.06817	0.11418	0.01875	0.02113	0.01455	0.00837	0.00809	0.00243	0.01041	0.00721	0.00534	0.01248
3	0.10810	0.01604	0.02394	0.01864	0.02429	0.01567	0.16992	0.02546	0.12283	0.02966	0.10712	0.02800	0.02408	0.01387	0.06673	0.00333	0.00940	0.00864	0.00590	0.17839
4	0.01875	0.02384	0.12913	0.12924	0.11870	0.02025	0.38398	0.02566	0.01881	0.02586	0.01611	0.02147	0.01216	0.00736	0.00913	0.00273	0.01284	0.00866	0.00402	0.01131
5	0.28861	0.01593	0.01986	0.01588	0.02109	0.01661	0.09874	0.10837	0.02179	0.11266	0.16897	0.02906	0.02820	0.01045	0.00775	0.00260	0.00737	0.00866	0.00703	0.01037
6	0.01870	0.01582	0.02233	0.06466	0.22000	0.01543	0.01628	0.10490	0.02103	0.02962	0.05116	0.11317	0.02420	0.01165	0.00841	0.00244	0.00788	0.06137	0.00585	0.18510
7	0.01428	0.01116	0.01240	0.01115	0.01397	0.01082	0.00800	0.04354	0.10692	0.02483	0.09352	0.05029	0.17146	0.24680	0.03905	0.00461	0.00680	0.01192	0.00660	0.11188
8	0.01767	0.01527	0.02396	0.42364	0.13334	0.01768	0.02036	0.02504	0.09365	0.05508	0.07411	0.02679	0.01948	0.00939	0.00845	0.00271	0.00954	0.00835	0.00512	0.01038
9	0.01927	0.09849	0.22643	0.12225	0.12037	0.01982	0.12357	0.02563	0.01817	0.05877	0.01588	0.01952	0.01202	0.00762	0.00791	0.00244	0.01088	0.00693	0.00422	0.07981
10	0.02264	0.01387	0.01694	0.01350	0.01928	0.01196	0.01065	0.02826	0.09469	0.21772	0.02694	0.12072	0.02250	0.01087	0.00773	0.00213	0.00629	0.00918	0.00736	0.33677

[dist]
# distance from previous block
# <min> <max>
0	119

# created by:
# /st0/software/busco_prod/Augustus/scripts/msa2prfl.pl ./align_prep/81527.fa
