[name]
unknown

[dist]
# distance from previous block
# <min> <max>
0	33

[block]
# block no. 0 follows, 24 sequences, length 25
# corresponding to MSA columns:
# 38-62
name=unknown_A
#
# <colnr> <probs for GDERKNQSTAVLIFYWHMCP>
#	G	D	E	R	K	N	Q	S	T	A	V	L	I	F	Y	W	H	M	C	P
0	0.01278	0.00913	0.01278	0.01460	0.01643	0.00913	0.01278	0.01643	0.01825	0.02373	0.04199	0.08945	0.04564	0.02191	0.01095	0.00365	0.00730	0.61847	0.00730	0.00730
1	0.01730	0.22212	0.51139	0.02021	0.03063	0.02184	0.02514	0.02475	0.01658	0.02341	0.01338	0.01568	0.01008	0.00734	0.00689	0.00230	0.01086	0.00543	0.00336	0.01131
2	0.01741	0.17077	0.46447	0.02369	0.08584	0.02106	0.06195	0.02480	0.01685	0.02395	0.01377	0.01648	0.01040	0.00730	0.00719	0.00235	0.01099	0.00585	0.00344	0.01143
3	0.00994	0.00737	0.00929	0.01027	0.01143	0.00671	0.00714	0.01194	0.01727	0.02293	0.18406	0.45895	0.16938	0.02213	0.00982	0.00297	0.00431	0.01973	0.00765	0.00671
4	0.01133	0.00850	0.01274	0.01274	0.01416	0.00991	0.00991	0.01416	0.01274	0.01841	0.02124	0.03115	0.01982	0.05947	0.68989	0.01274	0.02124	0.00850	0.00425	0.00708
5	0.01897	0.01627	0.01763	0.05585	0.02188	0.01861	0.01262	0.06692	0.53004	0.03212	0.03508	0.03296	0.08331	0.01141	0.00818	0.00267	0.00643	0.00949	0.00773	0.01183
6	0.00966	0.00690	0.00920	0.01104	0.01150	0.00644	0.00736	0.01104	0.01518	0.02024	0.04371	0.71614	0.05245	0.02484	0.01012	0.00322	0.00460	0.02254	0.00736	0.00644
7	0.01869	0.08207	0.37135	0.02496	0.03467	0.01941	0.23374	0.02611	0.01780	0.07304	0.01587	0.01878	0.01143	0.00736	0.00800	0.00250	0.01167	0.00708	0.00405	0.01139
8	0.01669	0.01636	0.02927	0.43982	0.20802	0.01828	0.11356	0.02204	0.01683	0.02243	0.01459	0.02080	0.01129	0.00753	0.00812	0.00257	0.01069	0.00739	0.00370	0.01003
9	0.01590	0.04102	0.68023	0.02260	0.03432	0.01842	0.02930	0.02511	0.01674	0.02511	0.01423	0.01674	0.01005	0.00753	0.00753	0.00251	0.01172	0.00586	0.00335	0.01172
10	0.01111	0.00802	0.01050	0.01005	0.01182	0.00741	0.00747	0.01468	0.02192	0.03096	0.62208	0.10723	0.07319	0.01684	0.00941	0.00255	0.00380	0.01494	0.00863	0.00741
11	0.77733	0.01534	0.01166	0.01043	0.01534	0.01779	0.00859	0.02331	0.01350	0.03558	0.01104	0.01288	0.00859	0.00736	0.00491	0.00245	0.00613	0.00429	0.00491	0.00859
12	0.01498	0.01409	0.02378	0.70226	0.05462	0.01762	0.02202	0.02026	0.01586	0.02026	0.01409	0.02114	0.01057	0.00793	0.00793	0.00264	0.01057	0.00705	0.00352	0.00881
13	0.77733	0.01534	0.01166	0.01043	0.01534	0.01779	0.00859	0.02331	0.01350	0.03558	0.01104	0.01288	0.00859	0.00736	0.00491	0.00245	0.00613	0.00429	0.00491	0.00859
14	0.03014	0.02221	0.02380	0.01825	0.02459	0.02459	0.01507	0.64541	0.03728	0.04998	0.01904	0.01904	0.01349	0.00952	0.00793	0.00238	0.00873	0.00714	0.00793	0.01349
15	0.01133	0.00850	0.01274	0.01274	0.01416	0.00991	0.00991	0.01416	0.01274	0.01841	0.02124	0.03115	0.01982	0.05947	0.68989	0.01274	0.02124	0.00850	0.00425	0.00708
16	0.72137	0.01524	0.01255	0.06121	0.01822	0.01778	0.00957	0.02309	0.01367	0.03445	0.01127	0.01349	0.00873	0.00740	0.00513	0.00247	0.00646	0.00450	0.00481	0.00860
17	0.01122	0.00811	0.01060	0.00998	0.01185	0.00748	0.00748	0.01496	0.02245	0.03180	0.66766	0.05923	0.07482	0.01621	0.00935	0.00249	0.00374	0.01434	0.00873	0.00748
18	0.01122	0.00811	0.01060	0.00998	0.01185	0.00748	0.00748	0.01496	0.02245	0.03180	0.66766	0.05923	0.07482	0.01621	0.00935	0.00249	0.00374	0.01434	0.00873	0.00748
19	0.01153	0.00769	0.00865	0.00865	0.00865	0.00769	0.00480	0.01153	0.01153	0.01538	0.02499	0.05189	0.02883	0.72131	0.04036	0.00769	0.00769	0.01153	0.00480	0.00480
20	0.01658	0.03689	0.55706	0.02690	0.12801	0.01855	0.05595	0.02501	0.01702	0.02524	0.01441	0.01737	0.01050	0.00743	0.00766	0.00250	0.01146	0.00619	0.00346	0.01180
21	0.77733	0.01534	0.01166	0.01043	0.01534	0.01779	0.00859	0.02331	0.01350	0.03558	0.01104	0.01288	0.00859	0.00736	0.00491	0.00245	0.00613	0.00429	0.00491	0.00859
22	0.01601	0.01565	0.02454	0.25410	0.03316	0.02023	0.06389	0.01935	0.01406	0.01997	0.01413	0.05264	0.01298	0.01382	0.04672	0.00352	0.35481	0.00796	0.00375	0.00869
23	0.01199	0.01026	0.04593	0.01253	0.01496	0.00871	0.01085	0.01582	0.01987	0.02689	0.29977	0.07215	0.11232	0.01867	0.00998	0.00303	0.00578	0.28525	0.00769	0.00755
24	0.02732	0.01548	0.01910	0.01687	0.05402	0.01571	0.01292	0.12731	0.18897	0.31319	0.06004	0.03131	0.02371	0.01089	0.00823	0.00257	0.00695	0.04429	0.00858	0.01255

[dist]
# distance from previous block
# <min> <max>
2	8

[block]
# block no. 1 follows, 24 sequences, length 79
# corresponding to MSA columns:
# 71-149
name=unknown_B
#
# <colnr> <probs for GDERKNQSTAVLIFYWHMCP>
#	G	D	E	R	K	N	Q	S	T	A	V	L	I	F	Y	W	H	M	C	P
0	0.77733	0.01534	0.01166	0.01043	0.01534	0.01779	0.00859	0.02331	0.01350	0.03558	0.01104	0.01288	0.00859	0.00736	0.00491	0.00245	0.00613	0.00429	0.00491	0.00859
1	0.01929	0.19697	0.12283	0.02503	0.03205	0.05350	0.30451	0.02446	0.01719	0.02266	0.01371	0.01785	0.01104	0.00777	0.01003	0.00248	0.09737	0.00716	0.00371	0.01038
2	0.01686	0.01556	0.02415	0.37805	0.19886	0.01786	0.02013	0.02521	0.13935	0.02465	0.04741	0.02411	0.01658	0.00863	0.00800	0.00257	0.00916	0.00775	0.00473	0.01039
3	0.01116	0.00806	0.01054	0.01002	0.01183	0.00744	0.00748	0.01481	0.02216	0.03134	0.64284	0.08537	0.07393	0.01655	0.00938	0.00252	0.00378	0.01467	0.00867	0.00744
4	0.03558	0.01350	0.01840	0.01411	0.02024	0.01166	0.01166	0.03865	0.02270	0.67734	0.03128	0.02699	0.01963	0.00981	0.00797	0.00245	0.00675	0.00797	0.00981	0.01350
5	0.00946	0.00804	0.00815	0.00812	0.01076	0.00673	0.00609	0.01154	0.01827	0.02190	0.10718	0.07553	0.64149	0.01991	0.00937	0.00267	0.00400	0.01663	0.00743	0.00673
6	0.01963	0.01884	0.03219	0.04867	0.67185	0.01884	0.02434	0.02434	0.01806	0.02591	0.01492	0.01963	0.01256	0.00707	0.00785	0.00236	0.00942	0.00707	0.00393	0.01256
7	0.01498	0.01409	0.02378	0.70226	0.05462	0.01762	0.02202	0.02026	0.01586	0.02026	0.01409	0.02114	0.01057	0.00793	0.00793	0.00264	0.01057	0.00705	0.00352	0.00881
8	0.00965	0.00695	0.00915	0.01092	0.01147	0.00645	0.00731	0.01106	0.01530	0.02029	0.04518	0.69036	0.07727	0.02465	0.01009	0.00320	0.00458	0.02231	0.00736	0.00645
9	0.01644	0.01409	0.01644	0.01175	0.01879	0.01057	0.00940	0.01997	0.01644	0.02584	0.01409	0.01644	0.01175	0.00587	0.00587	0.00117	0.00587	0.00470	0.00470	0.76979
10	0.01478	0.00739	0.00739	0.00739	0.00924	0.00739	0.00554	0.01848	0.01663	0.02956	0.02587	0.02956	0.02033	0.00924	0.00554	0.00185	0.00370	0.00739	0.76534	0.00739
11	0.02492	0.01821	0.02029	0.01736	0.05477	0.02004	0.01337	0.42828	0.03006	0.04176	0.02294	0.02403	0.04927	0.01011	0.00845	0.00235	0.04218	0.00768	0.15225	0.01167
12	0.02894	0.06505	0.02464	0.02037	0.05697	0.28051	0.01556	0.34523	0.02950	0.03535	0.01580	0.01691	0.01201	0.00873	0.00748	0.00221	0.01089	0.00620	0.00601	0.01161
13	0.01644	0.01409	0.01644	0.01175	0.01879	0.01057	0.00940	0.01997	0.01644	0.02584	0.01409	0.01644	0.01175	0.00587	0.00587	0.00117	0.00587	0.00470	0.00470	0.76979
14	0.01590	0.04102	0.68023	0.02260	0.03432	0.01842	0.02930	0.02511	0.01674	0.02511	0.01423	0.01674	0.01005	0.00753	0.00753	0.00251	0.01172	0.00586	0.00335	0.01172
15	0.01963	0.01226	0.01295	0.01115	0.01444	0.01309	0.00883	0.22224	0.02318	0.03573	0.02345	0.02621	0.01808	0.01146	0.03530	0.00248	0.00607	0.00736	0.48673	0.00936
16	0.00952	0.00804	0.00824	0.00819	0.01080	0.00676	0.00614	0.01167	0.01843	0.02225	0.12740	0.07495	0.62104	0.01977	0.00937	0.00266	0.00399	0.01654	0.00747	0.00676
17	0.01606	0.03997	0.64625	0.02318	0.03470	0.01850	0.06222	0.02513	0.01685	0.02513	0.01433	0.01699	0.01015	0.00749	0.00763	0.00252	0.01181	0.00605	0.00338	0.01166
18	0.00966	0.00690	0.00920	0.01104	0.01150	0.00644	0.00736	0.01104	0.01518	0.02024	0.04371	0.71614	0.05245	0.02484	0.01012	0.00322	0.00460	0.02254	0.00736	0.00644
19	0.01134	0.00845	0.01252	0.01252	0.01386	0.00979	0.00964	0.01402	0.01268	0.01824	0.02144	0.03227	0.02031	0.09527	0.65476	0.01247	0.02051	0.00866	0.00428	0.00696
20	0.00966	0.00690	0.00920	0.01104	0.01150	0.00644	0.00736	0.01104	0.01518	0.02024	0.04371	0.71614	0.05245	0.02484	0.01012	0.00322	0.00460	0.02254	0.00736	0.00644
21	0.01872	0.02139	0.04679	0.03342	0.04144	0.02005	0.64305	0.02540	0.01872	0.02540	0.01604	0.02139	0.01203	0.00668	0.00936	0.00267	0.01337	0.00936	0.00401	0.01070
22	0.01590	0.04102	0.68023	0.02260	0.03432	0.01842	0.02930	0.02511	0.01674	0.02511	0.01423	0.01674	0.01005	0.00753	0.00753	0.00251	0.01172	0.00586	0.00335	0.01172
23	0.00965	0.00696	0.00914	0.01089	0.01146	0.00645	0.00729	0.01106	0.01533	0.02030	0.04555	0.68388	0.08351	0.02460	0.01008	0.00319	0.00457	0.02225	0.00736	0.00645
24	0.01377	0.00689	0.01033	0.01033	0.01033	0.00689	0.00689	0.01033	0.01033	0.01377	0.01377	0.02410	0.01377	0.02755	0.03099	0.76928	0.00689	0.00689	0.00344	0.00344
25	0.03298	0.01292	0.01757	0.01367	0.01935	0.01121	0.01121	0.03612	0.02267	0.60855	0.09910	0.03043	0.02551	0.01050	0.00812	0.00246	0.00643	0.00865	0.00970	0.01285
26	0.01278	0.00913	0.01278	0.01460	0.01643	0.00913	0.01278	0.01643	0.01825	0.02373	0.04199	0.08945	0.04564	0.02191	0.01095	0.00365	0.00730	0.61847	0.00730	0.00730
27	0.01498	0.01409	0.02378	0.70226	0.05462	0.01762	0.02202	0.02026	0.01586	0.02026	0.01409	0.02114	0.01057	0.00793	0.00793	0.00264	0.01057	0.00705	0.00352	0.00881
28	0.03109	0.01393	0.01776	0.01410	0.01974	0.01295	0.01149	0.06109	0.11387	0.51024	0.03468	0.03081	0.06950	0.01072	0.00809	0.00250	0.00655	0.00875	0.00930	0.01284
29	0.01972	0.01703	0.01793	0.01614	0.02062	0.01972	0.01255	0.04214	0.65752	0.03317	0.03228	0.02959	0.02421	0.01076	0.00807	0.00269	0.00628	0.00897	0.00807	0.01255
30	0.03558	0.01350	0.01840	0.01411	0.02024	0.01166	0.01166	0.03865	0.02270	0.67734	0.03128	0.02699	0.01963	0.00981	0.00797	0.00245	0.00675	0.00797	0.00981	0.01350
31	0.01862	0.01772	0.03018	0.23829	0.43203	0.01877	0.05649	0.04724	0.01819	0.02516	0.01490	0.02014	0.01198	0.00739	0.00796	0.00246	0.00994	0.00719	0.00397	0.01140
32	0.02930	0.03384	0.02254	0.01982	0.02436	0.53027	0.01515	0.15243	0.05275	0.02599	0.01445	0.01589	0.01146	0.00855	0.00734	0.00214	0.01286	0.00567	0.00501	0.01018
33	0.01800	0.01843	0.02419	0.02080	0.02101	0.05950	0.01724	0.01975	0.01269	0.01910	0.01051	0.01719	0.01040	0.01358	0.02502	0.00339	0.67015	0.00684	0.00350	0.00870
34	0.01409	0.01123	0.01349	0.01095	0.01528	0.00941	0.00852	0.03980	0.02014	0.02931	0.32821	0.04001	0.07631	0.01166	0.00778	0.00192	0.00487	0.01000	0.00687	0.34015
35	0.02962	0.03779	0.02247	0.02043	0.02451	0.68948	0.01532	0.03166	0.02247	0.01941	0.01226	0.01430	0.01021	0.00817	0.00715	0.00204	0.01430	0.00511	0.00409	0.00919
36	0.01122	0.00811	0.01060	0.00998	0.01185	0.00748	0.00748	0.01496	0.02245	0.03180	0.66766	0.05923	0.07482	0.01621	0.00935	0.00249	0.00374	0.01434	0.00873	0.00748
37	0.00937	0.00803	0.00803	0.00803	0.01071	0.00669	0.00602	0.01138	0.01807	0.02142	0.08033	0.07632	0.66863	0.02008	0.00937	0.00268	0.00402	0.01674	0.00736	0.00669
38	0.03558	0.01350	0.01840	0.01411	0.02024	0.01166	0.01166	0.03865	0.02270	0.67734	0.03128	0.02699	0.01963	0.00981	0.00797	0.00245	0.00675	0.00797	0.00981	0.01350
39	0.00966	0.00690	0.00920	0.01104	0.01150	0.00644	0.00736	0.01104	0.01518	0.02024	0.04371	0.71614	0.05245	0.02484	0.01012	0.00322	0.00460	0.02254	0.00736	0.00644
40	0.01613	0.01556	0.02196	0.01919	0.01947	0.02138	0.01585	0.01809	0.01227	0.01895	0.01260	0.02014	0.01231	0.02309	0.16016	0.00534	0.56828	0.00725	0.00363	0.00835
41	0.08557	0.06094	0.02180	0.01677	0.02204	0.17382	0.01356	0.35998	0.02882	0.03814	0.01716	0.01824	0.01290	0.00887	0.00712	0.00222	0.00926	0.00633	0.08512	0.01132
42	0.01478	0.00739	0.00739	0.00739	0.00924	0.00739	0.00554	0.01848	0.01663	0.02956	0.02587	0.02956	0.02033	0.00924	0.00554	0.00185	0.00370	0.00739	0.76534	0.00739
43	0.00990	0.00700	0.00913	0.01074	0.01114	0.00660	0.00704	0.01110	0.01472	0.01963	0.04135	0.63254	0.04948	0.11249	0.01393	0.00378	0.00499	0.02116	0.00704	0.00624
44	0.01220	0.00876	0.01261	0.04682	0.01576	0.00881	0.02897	0.01423	0.01597	0.05617	0.06292	0.53500	0.04567	0.02159	0.01074	0.00314	0.04334	0.04301	0.00704	0.00726
45	0.01872	0.02139	0.04679	0.03342	0.04144	0.02005	0.64305	0.02540	0.01872	0.02540	0.01604	0.02139	0.01203	0.00668	0.00936	0.00267	0.01337	0.00936	0.00401	0.01070
46	0.02068	0.01904	0.01837	0.01655	0.02100	0.08430	0.01282	0.04113	0.59629	0.03184	0.03035	0.02811	0.02286	0.01051	0.00798	0.00263	0.00705	0.00859	0.00768	0.01223
47	0.77733	0.01534	0.01166	0.01043	0.01534	0.01779	0.00859	0.02331	0.01350	0.03558	0.01104	0.01288	0.00859	0.00736	0.00491	0.00245	0.00613	0.00429	0.00491	0.00859
48	0.01870	0.01547	0.01808	0.04916	0.02166	0.01332	0.01103	0.12630	0.01996	0.02965	0.01493	0.01713	0.01198	0.00660	0.00633	0.00146	0.00660	0.00524	0.00519	0.60122
49	0.05084	0.01859	0.02431	0.46732	0.14059	0.12351	0.02074	0.02280	0.01712	0.02163	0.01380	0.01948	0.01073	0.00781	0.00766	0.00250	0.01079	0.00663	0.00373	0.00942
50	0.02369	0.01879	0.01994	0.01661	0.02181	0.02113	0.01329	0.30234	0.35370	0.03983	0.02913	0.02753	0.05441	0.01072	0.00808	0.00255	0.00722	0.00859	0.00797	0.01264
51	0.00966	0.00690	0.00920	0.01104	0.01150	0.00644	0.00736	0.01104	0.01518	0.02024	0.04371	0.71614	0.05245	0.02484	0.01012	0.00322	0.00460	0.02254	0.00736	0.00644
52	0.01901	0.02079	0.07097	0.04082	0.39549	0.01949	0.23067	0.02447	0.01791	0.02536	0.01503	0.01995	0.01214	0.00730	0.00924	0.00253	0.04545	0.00776	0.00390	0.01170
53	0.01688	0.01438	0.01744	0.04789	0.04650	0.01201	0.01088	0.04909	0.04111	0.02664	0.01661	0.05494	0.01444	0.00739	0.00646	0.00152	0.00632	0.00614	0.00502	0.59835
54	0.00966	0.00690	0.00920	0.01104	0.01150	0.00644	0.00736	0.01104	0.01518	0.02024	0.04371	0.71614	0.05245	0.02484	0.01012	0.00322	0.00460	0.02254	0.00736	0.00644
55	0.05989	0.01820	0.02785	0.20599	0.42238	0.04743	0.02193	0.02448	0.04969	0.02511	0.01526	0.01991	0.01234	0.00753	0.00769	0.00244	0.00958	0.00692	0.00409	0.01127
56	0.02352	0.01660	0.01970	0.01593	0.05504	0.01523	0.01217	0.20409	0.02352	0.13323	0.01822	0.01899	0.01351	0.00760	0.00690	0.00178	0.00702	0.00603	0.00638	0.39453
57	0.66760	0.01664	0.01320	0.01151	0.01654	0.04406	0.00943	0.06933	0.01590	0.05898	0.01239	0.01389	0.00940	0.00764	0.00532	0.00243	0.00666	0.00466	0.00527	0.00914
58	0.01860	0.01813	0.02926	0.24614	0.45935	0.04435	0.02329	0.02338	0.01756	0.02394	0.01456	0.01988	0.01187	0.00737	0.00785	0.00243	0.00996	0.00698	0.00381	0.01129
59	0.00997	0.00723	0.00953	0.01107	0.01183	0.00663	0.00745	0.01145	0.01524	0.02050	0.04236	0.68441	0.05060	0.02398	0.00993	0.00313	0.00466	0.02173	0.00724	0.04105
60	0.01644	0.01409	0.01644	0.01175	0.01879	0.01057	0.00940	0.01997	0.01644	0.02584	0.01409	0.01644	0.01175	0.00587	0.00587	0.00117	0.00587	0.00470	0.00470	0.76979
61	0.04849	0.00742	0.00943	0.01093	0.01172	0.00709	0.00743	0.01197	0.01567	0.02192	0.09097	0.62919	0.05199	0.02329	0.00980	0.00312	0.00461	0.02098	0.00734	0.00663
62	0.01875	0.32528	0.03156	0.22503	0.03156	0.02348	0.04754	0.04836	0.01690	0.02178	0.01330	0.01714	0.01103	0.00764	0.00747	0.00212	0.04572	0.00577	0.03137	0.06822
63	0.00966	0.00690	0.00920	0.01104	0.01150	0.00644	0.00736	0.01104	0.01518	0.02024	0.04371	0.71614	0.05245	0.02484	0.01012	0.00322	0.00460	0.02254	0.00736	0.00644
64	0.01122	0.00811	0.01060	0.00998	0.01185	0.00748	0.00748	0.01496	0.02245	0.03180	0.66766	0.05923	0.07482	0.01621	0.00935	0.00249	0.00374	0.01434	0.00873	0.00748
65	0.01590	0.04102	0.68023	0.02260	0.03432	0.01842	0.02930	0.02511	0.01674	0.02511	0.01423	0.01674	0.01005	0.00753	0.00753	0.00251	0.01172	0.00586	0.00335	0.01172
66	0.02956	0.02140	0.02308	0.01789	0.02408	0.02361	0.01472	0.56963	0.08602	0.07731	0.02065	0.02024	0.01462	0.00963	0.00795	0.00241	0.00844	0.00732	0.00803	0.01341
67	0.02185	0.01046	0.01400	0.01178	0.01551	0.00930	0.00930	0.02529	0.02256	0.31336	0.39010	0.04517	0.05075	0.01342	0.00875	0.00248	0.00505	0.01156	0.00920	0.01010
68	0.00966	0.00690	0.00920	0.01104	0.01150	0.00644	0.00736	0.01104	0.01518	0.02024	0.04371	0.71614	0.05245	0.02484	0.01012	0.00322	0.00460	0.02254	0.00736	0.00644
69	0.01963	0.01884	0.03219	0.04867	0.67185	0.01884	0.02434	0.02434	0.01806	0.02591	0.01492	0.01963	0.01256	0.00707	0.00785	0.00236	0.00942	0.00707	0.00393	0.01256
70	0.77733	0.01534	0.01166	0.01043	0.01534	0.01779	0.00859	0.02331	0.01350	0.03558	0.01104	0.01288	0.00859	0.00736	0.00491	0.00245	0.00613	0.00429	0.00491	0.00859
71	0.05508	0.01823	0.02160	0.20180	0.03100	0.02077	0.01583	0.32939	0.11921	0.03740	0.02252	0.02390	0.04872	0.00974	0.00790	0.00251	0.00851	0.00777	0.00660	0.01152
72	0.01122	0.00811	0.01060	0.00998	0.01185	0.00748	0.00748	0.01496	0.02245	0.03180	0.66766	0.05923	0.07482	0.01621	0.00935	0.00249	0.00374	0.01434	0.00873	0.00748
73	0.08845	0.01044	0.01319	0.01285	0.04948	0.00983	0.00929	0.01957	0.02076	0.11561	0.40722	0.04783	0.07470	0.01382	0.00854	0.00246	0.00493	0.03361	0.00793	0.04950
74	0.29803	0.15260	0.04958	0.09720	0.05562	0.04272	0.01362	0.02436	0.01588	0.08604	0.01436	0.01679	0.01116	0.00800	0.00706	0.00234	0.04457	0.00548	0.04493	0.00966
75	0.06461	0.05351	0.04488	0.02050	0.14441	0.01557	0.01424	0.06251	0.07867	0.23100	0.05315	0.02533	0.04097	0.00912	0.00746	0.00226	0.00721	0.00755	0.00680	0.11025
76	0.01988	0.15555	0.08926	0.05825	0.07627	0.02042	0.17484	0.11054	0.02000	0.02757	0.01535	0.01851	0.01204	0.00727	0.00728	0.00214	0.00958	0.00667	0.04222	0.12635
77	0.06051	0.01976	0.05509	0.05688	0.11391	0.01918	0.20642	0.17476	0.02206	0.03135	0.01720	0.05377	0.01406	0.00859	0.00864	0.00244	0.03161	0.00810	0.00518	0.09051
78	0.11607	0.05293	0.05757	0.02360	0.14750	0.04437	0.04954	0.21763	0.08057	0.03420	0.01675	0.01868	0.01291	0.00853	0.00832	0.00239	0.04619	0.00666	0.00563	0.04996

[dist]
# distance from previous block
# <min> <max>
13	94

[block]
# block no. 2 follows, 24 sequences, length 90
# corresponding to MSA columns:
# 246-335
name=unknown_C
#
# <colnr> <probs for GDERKNQSTAVLIFYWHMCP>
#	G	D	E	R	K	N	Q	S	T	A	V	L	I	F	Y	W	H	M	C	P
0	0.02130	0.11598	0.28300	0.02015	0.05015	0.02066	0.04388	0.19622	0.02296	0.05690	0.04774	0.01961	0.01478	0.00837	0.00745	0.00231	0.00962	0.00663	0.00524	0.04705
1	0.01799	0.09473	0.37067	0.02069	0.06553	0.01863	0.02176	0.02774	0.13126	0.05758	0.01938	0.05177	0.01524	0.00885	0.00749	0.00243	0.00947	0.00716	0.00479	0.04683
2	0.01844	0.02713	0.21897	0.02731	0.03564	0.07039	0.36396	0.02485	0.01796	0.02433	0.01505	0.01944	0.01140	0.00798	0.00954	0.03868	0.01233	0.00772	0.00384	0.04504
3	0.05870	0.04637	0.14200	0.09928	0.08046	0.01580	0.01647	0.04687	0.06648	0.08349	0.01835	0.05145	0.01472	0.00836	0.00713	0.00215	0.00807	0.00688	0.00515	0.22181
4	0.27000	0.01328	0.03760	0.07144	0.01909	0.01326	0.01078	0.02241	0.05105	0.10910	0.14852	0.09685	0.06125	0.01236	0.00758	0.00262	0.00614	0.03104	0.00666	0.00898
5	0.01958	0.01571	0.01927	0.01400	0.02095	0.01329	0.04368	0.11814	0.02009	0.05980	0.01576	0.01760	0.01240	0.00666	0.00647	0.00150	0.00675	0.00547	0.00540	0.57748
6	0.01275	0.01093	0.01676	0.26676	0.08381	0.01178	0.01420	0.01597	0.01587	0.02104	0.03078	0.34123	0.06049	0.01606	0.00890	0.00282	0.00722	0.01448	0.00554	0.04262
7	0.01604	0.01430	0.02237	0.50927	0.07851	0.01696	0.01949	0.05013	0.04669	0.02313	0.01607	0.02198	0.01236	0.01040	0.03874	0.00297	0.01018	0.00711	0.03876	0.04453
8	0.01460	0.00742	0.00774	0.00774	0.00949	0.00748	0.00578	0.01796	0.01621	0.02845	0.02518	0.02941	0.02004	0.01209	0.03523	0.03368	0.00456	0.00742	0.70232	0.00722
9	0.01511	0.01072	0.01258	0.01221	0.01411	0.01102	0.00883	0.15654	0.02009	0.02721	0.06216	0.34608	0.03854	0.14866	0.01501	0.00378	0.00616	0.04410	0.03920	0.00787
10	0.03558	0.01350	0.01840	0.01411	0.02024	0.01166	0.01166	0.03865	0.02270	0.67734	0.03128	0.02699	0.01963	0.00981	0.00797	0.00245	0.00675	0.00797	0.00981	0.01350
11	0.00966	0.00690	0.00920	0.01104	0.01150	0.00644	0.00736	0.01104	0.01518	0.02024	0.04371	0.71614	0.05245	0.02484	0.01012	0.00322	0.00460	0.02254	0.00736	0.00644
12	0.01377	0.00689	0.01033	0.01033	0.01033	0.00689	0.00689	0.01033	0.01033	0.01377	0.01377	0.02410	0.01377	0.02755	0.03099	0.76928	0.00689	0.00689	0.00344	0.00344
13	0.00966	0.00690	0.00920	0.01104	0.01150	0.00644	0.00736	0.01104	0.01518	0.02024	0.04371	0.71614	0.05245	0.02484	0.01012	0.00322	0.00460	0.02254	0.00736	0.00644
14	0.01122	0.00811	0.01060	0.00998	0.01185	0.00748	0.00748	0.01496	0.02245	0.03180	0.66766	0.05923	0.07482	0.01621	0.00935	0.00249	0.00374	0.01434	0.00873	0.00748
15	0.01278	0.00913	0.01278	0.01460	0.01643	0.00913	0.01278	0.01643	0.01825	0.02373	0.04199	0.08945	0.04564	0.02191	0.01095	0.00365	0.00730	0.61847	0.00730	0.00730
16	0.01590	0.04102	0.68023	0.02260	0.03432	0.01842	0.02930	0.02511	0.01674	0.02511	0.01423	0.01674	0.01005	0.00753	0.00753	0.00251	0.01172	0.00586	0.00335	0.01172
17	0.01134	0.00845	0.01253	0.01253	0.01387	0.00980	0.00964	0.01402	0.01268	0.01825	0.02144	0.03224	0.02030	0.09425	0.65576	0.01248	0.02053	0.00866	0.00428	0.00696
18	0.01478	0.00739	0.00739	0.00739	0.00924	0.00739	0.00554	0.01848	0.01663	0.02956	0.02587	0.02956	0.02033	0.00924	0.00554	0.00185	0.00370	0.00739	0.76534	0.00739
19	0.02054	0.55840	0.16725	0.01568	0.02331	0.05932	0.01677	0.02438	0.01653	0.01997	0.01172	0.01359	0.01015	0.00700	0.00567	0.00187	0.00939	0.00460	0.00342	0.01044
20	0.77733	0.01534	0.01166	0.01043	0.01534	0.01779	0.00859	0.02331	0.01350	0.03558	0.01104	0.01288	0.00859	0.00736	0.00491	0.00245	0.00613	0.00429	0.00491	0.00859
21	0.77733	0.01534	0.01166	0.01043	0.01534	0.01779	0.00859	0.02331	0.01350	0.03558	0.01104	0.01288	0.00859	0.00736	0.00491	0.00245	0.00613	0.00429	0.00491	0.00859
22	0.02120	0.72609	0.04155	0.01357	0.02035	0.03138	0.01357	0.02374	0.01611	0.01866	0.01102	0.01272	0.01018	0.00678	0.00509	0.00170	0.00848	0.00424	0.00339	0.01018
23	0.00966	0.00690	0.00920	0.01104	0.01150	0.00644	0.00736	0.01104	0.01518	0.02024	0.04371	0.71614	0.05245	0.02484	0.01012	0.00322	0.00460	0.02254	0.00736	0.00644
24	0.07315	0.03485	0.02173	0.01956	0.02383	0.58896	0.01481	0.06397	0.04738	0.02250	0.01332	0.01506	0.01083	0.00830	0.00710	0.00211	0.01322	0.00532	0.00449	0.00951
25	0.01855	0.02044	0.03733	0.08413	0.03585	0.05367	0.38391	0.02349	0.01680	0.02289	0.01410	0.01988	0.01136	0.00890	0.01386	0.00287	0.20997	0.00828	0.00382	0.00989
26	0.01136	0.00839	0.01219	0.01219	0.01341	0.00961	0.00922	0.01380	0.01258	0.01800	0.02175	0.03396	0.02105	0.14918	0.60185	0.01206	0.01940	0.00891	0.00432	0.00677
27	0.00999	0.00735	0.00944	0.01099	0.01197	0.00680	0.00780	0.01174	0.01601	0.02085	0.04937	0.53831	0.15033	0.02373	0.01010	0.00319	0.00483	0.09326	0.00735	0.00659
28	0.00966	0.00690	0.00920	0.01104	0.01150	0.00644	0.00736	0.01104	0.01518	0.02024	0.04371	0.71614	0.05245	0.02484	0.01012	0.00322	0.00460	0.02254	0.00736	0.00644
29	0.02894	0.02155	0.02314	0.01781	0.02410	0.02363	0.01466	0.58458	0.06494	0.04793	0.01939	0.01939	0.01389	0.00939	0.00783	0.00233	0.00846	0.00710	0.00777	0.05318
30	0.01545	0.01479	0.02584	0.58524	0.08058	0.01757	0.07803	0.02077	0.01631	0.02112	0.01537	0.02369	0.01213	0.00831	0.00817	0.00267	0.01065	0.03050	0.00373	0.00910
31	0.01682	0.01306	0.01516	0.01147	0.01745	0.01043	0.00906	0.02104	0.04349	0.05163	0.01828	0.05080	0.01546	0.00750	0.00620	0.00146	0.00560	0.00614	0.09660	0.58237
32	0.01644	0.01409	0.01644	0.01175	0.01879	0.01057	0.00940	0.01997	0.01644	0.02584	0.01409	0.01644	0.01175	0.00587	0.00587	0.00117	0.00587	0.00470	0.00470	0.76979
33	0.02139	0.67611	0.06048	0.01413	0.02096	0.05852	0.01413	0.02412	0.01640	0.01889	0.01118	0.01291	0.01017	0.00687	0.00525	0.00174	0.00882	0.00433	0.00342	0.01018
34	0.05001	0.01828	0.08043	0.01518	0.02123	0.04537	0.01328	0.10335	0.10787	0.29867	0.05694	0.02745	0.05041	0.01003	0.00778	0.00238	0.00738	0.00803	0.00780	0.06814
35	0.01819	0.07773	0.17921	0.02855	0.03657	0.02092	0.41147	0.02467	0.01753	0.02429	0.01480	0.01941	0.01133	0.00749	0.01009	0.00264	0.07261	0.00802	0.00378	0.01070
36	0.01537	0.01409	0.02122	0.56169	0.04619	0.04651	0.01920	0.02015	0.01621	0.02126	0.01670	0.05405	0.01359	0.00887	0.00773	0.00255	0.00970	0.00772	0.08865	0.00856
37	0.02931	0.06363	0.02319	0.02017	0.02436	0.66478	0.01526	0.03137	0.02223	0.01938	0.01221	0.01424	0.01021	0.00812	0.00707	0.00203	0.01408	0.00507	0.00406	0.00923
38	0.01771	0.01813	0.02242	0.01960	0.02022	0.08943	0.01606	0.01964	0.01328	0.01902	0.01217	0.01905	0.01176	0.01994	0.12080	0.00468	0.53696	0.00698	0.00365	0.00849
39	0.05428	0.04688	0.05578	0.04721	0.02639	0.02212	0.06113	0.40486	0.06741	0.10476	0.01979	0.02014	0.01403	0.00908	0.00782	0.00242	0.00884	0.00722	0.00717	0.01265
40	0.01114	0.00810	0.01048	0.00989	0.01179	0.00745	0.00741	0.01480	0.02224	0.03132	0.64044	0.06003	0.10235	0.01639	0.00935	0.00250	0.00375	0.01445	0.00867	0.00745
41	0.01084	0.00799	0.01014	0.00982	0.01167	0.00729	0.00728	0.01415	0.02123	0.02943	0.53601	0.11958	0.15013	0.01748	0.00942	0.00258	0.00385	0.01538	0.00843	0.00729
42	0.01490	0.01593	0.05954	0.22242	0.05870	0.01528	0.22584	0.01969	0.01674	0.02241	0.02334	0.22193	0.02321	0.01235	0.00902	0.00280	0.00979	0.01224	0.00480	0.00903
43	0.01872	0.02139	0.04679	0.03342	0.04144	0.02005	0.64305	0.02540	0.01872	0.02540	0.01604	0.02139	0.01203	0.00668	0.00936	0.00267	0.01337	0.00936	0.00401	0.01070
44	0.00964	0.00697	0.00913	0.01087	0.01146	0.00646	0.00728	0.01106	0.01535	0.02031	0.04586	0.67859	0.08861	0.02456	0.01008	0.00319	0.00457	0.02220	0.00736	0.00646
45	0.06246	0.01498	0.01555	0.01280	0.01699	0.01626	0.01031	0.32199	0.02645	0.03976	0.02178	0.02359	0.01640	0.00928	0.00667	0.00214	0.00626	0.00711	0.35884	0.01040
46	0.02960	0.02192	0.02380	0.04257	0.02566	0.02434	0.01532	0.62318	0.03652	0.04892	0.01886	0.01911	0.01338	0.00946	0.00793	0.00239	0.00879	0.00714	0.00778	0.01332
47	0.03558	0.01350	0.01840	0.01411	0.02024	0.01166	0.01166	0.03865	0.02270	0.67734	0.03128	0.02699	0.01963	0.00981	0.00797	0.00245	0.00675	0.00797	0.00981	0.01350
48	0.01092	0.00817	0.01024	0.01037	0.01232	0.00749	0.00802	0.01406	0.02015	0.02708	0.37405	0.11700	0.21162	0.01875	0.00968	0.00279	0.00447	0.11759	0.00806	0.00718
49	0.03375	0.01521	0.04929	0.01473	0.02105	0.01275	0.01262	0.05706	0.05282	0.59714	0.03016	0.02639	0.01921	0.00974	0.00796	0.00247	0.00702	0.00790	0.00937	0.01337
50	0.01153	0.00769	0.00865	0.00865	0.00865	0.00769	0.00480	0.01153	0.01153	0.01538	0.02499	0.05189	0.02883	0.72131	0.04036	0.00769	0.00769	0.01153	0.00480	0.00480
51	0.00966	0.00690	0.00920	0.01104	0.01150	0.00644	0.00736	0.01104	0.01518	0.02024	0.04371	0.71614	0.05245	0.02484	0.01012	0.00322	0.00460	0.02254	0.00736	0.00644
52	0.01735	0.01735	0.02429	0.02082	0.02082	0.02429	0.01735	0.01908	0.01214	0.01908	0.01041	0.01735	0.01041	0.01388	0.02602	0.00347	0.70680	0.00694	0.00347	0.00867
53	0.30597	0.01906	0.05769	0.14197	0.05673	0.04968	0.01506	0.13077	0.04200	0.05752	0.01490	0.01739	0.01120	0.00838	0.00756	0.00251	0.04020	0.00597	0.00523	0.01020
54	0.01052	0.00807	0.01088	0.01213	0.01254	0.00843	0.00847	0.01194	0.01484	0.02011	0.03999	0.63825	0.04776	0.02362	0.01189	0.00325	0.08287	0.02080	0.00693	0.00669
55	0.64749	0.01512	0.01372	0.12825	0.02203	0.01776	0.01088	0.02279	0.01390	0.03297	0.01156	0.01429	0.00893	0.00746	0.00542	0.00249	0.00689	0.00476	0.00467	0.00863
56	0.00937	0.00803	0.00803	0.00803	0.01071	0.00669	0.00602	0.01138	0.01807	0.02142	0.08033	0.07632	0.66863	0.02008	0.00937	0.00268	0.00402	0.01674	0.00736	0.00669
57	0.01503	0.01227	0.01379	0.01268	0.01584	0.01313	0.00972	0.02734	0.31892	0.03149	0.31665	0.04694	0.10575	0.01402	0.00875	0.00260	0.00495	0.01205	0.00830	0.00978
58	0.01735	0.01735	0.02429	0.02082	0.02082	0.02429	0.01735	0.01908	0.01214	0.01908	0.01041	0.01735	0.01041	0.01388	0.02602	0.00347	0.70680	0.00694	0.00347	0.00867
59	0.01498	0.01409	0.02378	0.70226	0.05462	0.01762	0.02202	0.02026	0.01586	0.02026	0.01409	0.02114	0.01057	0.00793	0.00793	0.00264	0.01057	0.00705	0.00352	0.00881
60	0.02120	0.72609	0.04155	0.01357	0.02035	0.03138	0.01357	0.02374	0.01611	0.01866	0.01102	0.01272	0.01018	0.00678	0.00509	0.00170	0.00848	0.00424	0.00339	0.01018
61	0.00965	0.00696	0.00914	0.01088	0.01146	0.00645	0.00729	0.01106	0.01533	0.02031	0.04564	0.68237	0.08497	0.02459	0.01008	0.00319	0.00457	0.02224	0.00736	0.00645
62	0.01963	0.01884	0.03219	0.04867	0.67185	0.01884	0.02434	0.02434	0.01806	0.02591	0.01492	0.01963	0.01256	0.00707	0.00785	0.00236	0.00942	0.00707	0.00393	0.01256
63	0.01644	0.01409	0.01644	0.01175	0.01879	0.01057	0.00940	0.01997	0.01644	0.02584	0.01409	0.01644	0.01175	0.00587	0.00587	0.00117	0.00587	0.00470	0.00470	0.76979
64	0.02263	0.65502	0.03924	0.01362	0.02034	0.02941	0.01338	0.02523	0.01677	0.08434	0.01304	0.01414	0.01112	0.00709	0.00538	0.00177	0.00831	0.00461	0.00403	0.01051
65	0.02962	0.03779	0.02247	0.02043	0.02451	0.68948	0.01532	0.03166	0.02247	0.01941	0.01226	0.01430	0.01021	0.00817	0.00715	0.00204	0.01430	0.00511	0.00409	0.00919
66	0.01122	0.00811	0.01060	0.00998	0.01185	0.00748	0.00748	0.01496	0.02245	0.03180	0.66766	0.05923	0.07482	0.01621	0.00935	0.00249	0.00374	0.01434	0.00873	0.00748
67	0.00966	0.00690	0.00920	0.01104	0.01150	0.00644	0.00736	0.01104	0.01518	0.02024	0.04371	0.71614	0.05245	0.02484	0.01012	0.00322	0.00460	0.02254	0.00736	0.00644
68	0.01122	0.00811	0.01060	0.00998	0.01185	0.00748	0.00748	0.01496	0.02245	0.03180	0.66766	0.05923	0.07482	0.01621	0.00935	0.00249	0.00374	0.01434	0.00873	0.00748
69	0.01717	0.01101	0.01394	0.01183	0.01473	0.01150	0.06791	0.09628	0.01916	0.03119	0.02338	0.02692	0.01823	0.00925	0.00715	0.00207	0.03790	0.00753	0.56435	0.00851
70	0.01230	0.01043	0.01110	0.01125	0.01285	0.07041	0.00811	0.01496	0.01967	0.02609	0.35950	0.29083	0.08510	0.01871	0.00942	0.00272	0.00504	0.01652	0.00775	0.00724
71	0.02069	0.01689	0.01808	0.01611	0.02067	0.01929	0.01264	0.07059	0.58082	0.06100	0.03189	0.03080	0.02415	0.01100	0.00815	0.00269	0.00645	0.02750	0.00811	0.01248
72	0.01878	0.05355	0.02282	0.02276	0.20250	0.01521	0.01430	0.07601	0.01870	0.02759	0.01460	0.01737	0.01204	0.00657	0.00657	0.00164	0.00725	0.00555	0.00470	0.45150
73	0.02146	0.02005	0.06360	0.03181	0.32581	0.07162	0.01931	0.05461	0.11972	0.08777	0.02182	0.02833	0.01810	0.00963	0.00814	0.00253	0.00896	0.06928	0.00561	0.01183
74	0.77733	0.01534	0.01166	0.01043	0.01534	0.01779	0.00859	0.02331	0.01350	0.03558	0.01104	0.01288	0.00859	0.00736	0.00491	0.00245	0.00613	0.00429	0.00491	0.00859
75	0.01723	0.01407	0.01652	0.01184	0.01885	0.01062	0.00949	0.02073	0.01670	0.05248	0.01480	0.01687	0.01207	0.00603	0.00596	0.00123	0.00591	0.00483	0.00491	0.73887
76	0.01176	0.00815	0.01049	0.01009	0.01201	0.00744	0.00750	0.01504	0.02119	0.05296	0.51768	0.14086	0.12016	0.01737	0.00940	0.00260	0.00398	0.01533	0.00848	0.00751
77	0.01081	0.00818	0.00992	0.00980	0.01184	0.00742	0.00748	0.01380	0.02006	0.02677	0.37729	0.06783	0.26292	0.05024	0.01095	0.00292	0.00441	0.08233	0.00795	0.00708
78	0.01963	0.01884	0.03219	0.04867	0.67185	0.01884	0.02434	0.02434	0.01806	0.02591	0.01492	0.01963	0.01256	0.00707	0.00785	0.00236	0.00942	0.00707	0.00393	0.01256
79	0.01122	0.00811	0.01060	0.00998	0.01185	0.00748	0.00748	0.01496	0.02245	0.03180	0.66766	0.05923	0.07482	0.01621	0.00935	0.00249	0.00374	0.01434	0.00873	0.00748
80	0.03558	0.01350	0.01840	0.01411	0.02024	0.01166	0.01166	0.03865	0.02270	0.67734	0.03128	0.02699	0.01963	0.00981	0.00797	0.00245	0.00675	0.00797	0.00981	0.01350
81	0.02120	0.72609	0.04155	0.01357	0.02035	0.03138	0.01357	0.02374	0.01611	0.01866	0.01102	0.01272	0.01018	0.00678	0.00509	0.00170	0.00848	0.00424	0.00339	0.01018
82	0.01153	0.00769	0.00865	0.00865	0.00865	0.00769	0.00480	0.01153	0.01153	0.01538	0.02499	0.05189	0.02883	0.72131	0.04036	0.00769	0.00769	0.01153	0.00480	0.00480
83	0.77733	0.01534	0.01166	0.01043	0.01534	0.01779	0.00859	0.02331	0.01350	0.03558	0.01104	0.01288	0.00859	0.00736	0.00491	0.00245	0.00613	0.00429	0.00491	0.00859
84	0.00966	0.00690	0.00920	0.01104	0.01150	0.00644	0.00736	0.01104	0.01518	0.02024	0.04371	0.71614	0.05245	0.02484	0.01012	0.00322	0.00460	0.02254	0.00736	0.00644
85	0.03014	0.02221	0.02380	0.01825	0.02459	0.02459	0.01507	0.64541	0.03728	0.04998	0.01904	0.01904	0.01349	0.00952	0.00793	0.00238	0.00873	0.00714	0.00793	0.01349
86	0.02021	0.01995	0.03162	0.04702	0.63386	0.05820	0.02381	0.02477	0.01832	0.02553	0.01476	0.01931	0.01242	0.00713	0.00781	0.00234	0.00971	0.00695	0.00393	0.01236
87	0.01288	0.00940	0.01270	0.01416	0.01615	0.00944	0.01221	0.01734	0.04860	0.02445	0.07234	0.08462	0.07437	0.02103	0.01067	0.00351	0.00694	0.53423	0.00741	0.00753
88	0.02480	0.01753	0.01939	0.01561	0.02055	0.01892	0.01260	0.41127	0.06199	0.07637	0.13427	0.06828	0.02752	0.01164	0.00821	0.00245	0.00718	0.00943	0.04024	0.01173
89	0.07906	0.14169	0.39589	0.01826	0.02728	0.01918	0.02140	0.04637	0.01776	0.05009	0.06486	0.01953	0.01551	0.00815	0.00703	0.00231	0.00959	0.00620	0.00436	0.04549

[dist]
# distance from previous block
# <min> <max>
6	12

[block]
# block no. 3 follows, 24 sequences, length 65
# corresponding to MSA columns:
# 348-412
name=unknown_D
#
# <colnr> <probs for GDERKNQSTAVLIFYWHMCP>
#	G	D	E	R	K	N	Q	S	T	A	V	L	I	F	Y	W	H	M	C	P
0	0.05072	0.01724	0.01793	0.07052	0.02241	0.05198	0.01275	0.14010	0.34414	0.03399	0.05007	0.02677	0.02141	0.01009	0.00763	0.00249	0.00705	0.00814	0.09326	0.01131
1	0.01517	0.01429	0.02414	0.67495	0.08040	0.01767	0.02212	0.02043	0.01595	0.02050	0.01413	0.02108	0.01065	0.00789	0.00792	0.00263	0.01052	0.00705	0.00354	0.00897
2	0.01668	0.01753	0.03534	0.02852	0.08995	0.01637	0.40846	0.02182	0.01774	0.02435	0.02186	0.17271	0.02089	0.01063	0.00917	0.00267	0.01062	0.01174	0.00478	0.05816
3	0.02073	0.01530	0.02127	0.04350	0.02081	0.01936	0.01506	0.02311	0.01547	0.16428	0.05764	0.02287	0.01702	0.01268	0.01932	0.00307	0.44792	0.00766	0.04333	0.00959
4	0.01112	0.00752	0.00877	0.00917	0.00927	0.00742	0.00536	0.01142	0.01233	0.01644	0.02908	0.19702	0.03399	0.56914	0.03375	0.00671	0.00701	0.01394	0.00536	0.00516
5	0.03014	0.02221	0.02380	0.01825	0.02459	0.02459	0.01507	0.64541	0.03728	0.04998	0.01904	0.01904	0.01349	0.00952	0.00793	0.00238	0.00873	0.00714	0.00793	0.01349
6	0.03014	0.02221	0.02380	0.01825	0.02459	0.02459	0.01507	0.64541	0.03728	0.04998	0.01904	0.01904	0.01349	0.00952	0.00793	0.00238	0.00873	0.00714	0.00793	0.01349
7	0.01972	0.01703	0.01793	0.01614	0.02062	0.01972	0.01255	0.04214	0.65752	0.03317	0.03228	0.02959	0.02421	0.01076	0.00807	0.00269	0.00628	0.00897	0.00807	0.01255
8	0.01478	0.00739	0.00739	0.00739	0.00924	0.00739	0.00554	0.01848	0.01663	0.02956	0.02587	0.02956	0.02033	0.00924	0.00554	0.00185	0.00370	0.00739	0.76534	0.00739
9	0.77733	0.01534	0.01166	0.01043	0.01534	0.01779	0.00859	0.02331	0.01350	0.03558	0.01104	0.01288	0.00859	0.00736	0.00491	0.00245	0.00613	0.00429	0.00491	0.00859
10	0.03014	0.02221	0.02380	0.01825	0.02459	0.02459	0.01507	0.64541	0.03728	0.04998	0.01904	0.01904	0.01349	0.00952	0.00793	0.00238	0.00873	0.00714	0.00793	0.01349
11	0.02120	0.72609	0.04155	0.01357	0.02035	0.03138	0.01357	0.02374	0.01611	0.01866	0.01102	0.01272	0.01018	0.00678	0.00509	0.00170	0.00848	0.00424	0.00339	0.01018
12	0.01153	0.00769	0.00865	0.00865	0.00865	0.00769	0.00480	0.01153	0.01153	0.01538	0.02499	0.05189	0.02883	0.72131	0.04036	0.00769	0.00769	0.01153	0.00480	0.00480
13	0.01133	0.00850	0.01274	0.01274	0.01416	0.00991	0.00991	0.01416	0.01274	0.01841	0.02124	0.03115	0.01982	0.05947	0.68989	0.01274	0.02124	0.00850	0.00425	0.00708
14	0.01278	0.00913	0.01278	0.01460	0.01643	0.00913	0.01278	0.01643	0.01825	0.02373	0.04199	0.08945	0.04564	0.02191	0.01095	0.00365	0.00730	0.61847	0.00730	0.00730
15	0.03558	0.01350	0.01840	0.01411	0.02024	0.01166	0.01166	0.03865	0.02270	0.67734	0.03128	0.02699	0.01963	0.00981	0.00797	0.00245	0.00675	0.00797	0.00981	0.01350
16	0.01644	0.01409	0.01644	0.01175	0.01879	0.01057	0.00940	0.01997	0.01644	0.02584	0.01409	0.01644	0.01175	0.00587	0.00587	0.00117	0.00587	0.00470	0.00470	0.76979
17	0.01590	0.04102	0.68023	0.02260	0.03432	0.01842	0.02930	0.02511	0.01674	0.02511	0.01423	0.01674	0.01005	0.00753	0.00753	0.00251	0.01172	0.00586	0.00335	0.01172
18	0.01122	0.00811	0.01060	0.00998	0.01185	0.00748	0.00748	0.01496	0.02245	0.03180	0.66766	0.05923	0.07482	0.01621	0.00935	0.00249	0.00374	0.01434	0.00873	0.00748
19	0.01377	0.00689	0.01033	0.01033	0.01033	0.00689	0.00689	0.01033	0.01033	0.01377	0.01377	0.02410	0.01377	0.02755	0.03099	0.76928	0.00689	0.00689	0.00344	0.00344
20	0.50284	0.01465	0.01415	0.01179	0.01715	0.01552	0.00972	0.02899	0.01690	0.27307	0.01853	0.01810	0.01267	0.00827	0.00604	0.00245	0.00636	0.00566	0.00672	0.01040
21	0.77733	0.01534	0.01166	0.01043	0.01534	0.01779	0.00859	0.02331	0.01350	0.03558	0.01104	0.01288	0.00859	0.00736	0.00491	0.00245	0.00613	0.00429	0.00491	0.00859
22	0.01187	0.00999	0.01554	0.20570	0.02523	0.01094	0.03864	0.01458	0.01538	0.02041	0.03277	0.46120	0.03715	0.01886	0.01019	0.00305	0.03819	0.01695	0.00597	0.00738
23	0.02676	0.02226	0.02178	0.01781	0.02331	0.09554	0.01429	0.38580	0.23377	0.04128	0.02253	0.02189	0.01655	0.00977	0.00789	0.00244	0.00855	0.00750	0.00756	0.01272
24	0.01133	0.00850	0.01274	0.01274	0.01416	0.00991	0.00991	0.01416	0.01274	0.01841	0.02124	0.03115	0.01982	0.05947	0.68989	0.01274	0.02124	0.00850	0.00425	0.00708
25	0.01972	0.01703	0.01793	0.01614	0.02062	0.01972	0.01255	0.04214	0.65752	0.03317	0.03228	0.02959	0.02421	0.01076	0.00807	0.00269	0.00628	0.00897	0.00807	0.01255
26	0.03451	0.04972	0.01990	0.01434	0.02052	0.01346	0.01197	0.07645	0.02329	0.60451	0.02949	0.02577	0.01877	0.00964	0.00783	0.00241	0.00696	0.00773	0.00937	0.01333
27	0.01872	0.02139	0.04679	0.03342	0.04144	0.02005	0.64305	0.02540	0.01872	0.02540	0.01604	0.02139	0.01203	0.00668	0.00936	0.00267	0.01337	0.00936	0.00401	0.01070
28	0.03558	0.01350	0.01840	0.01411	0.02024	0.01166	0.01166	0.03865	0.02270	0.67734	0.03128	0.02699	0.01963	0.00981	0.00797	0.00245	0.00675	0.00797	0.00981	0.01350
29	0.02120	0.72609	0.04155	0.01357	0.02035	0.03138	0.01357	0.02374	0.01611	0.01866	0.01102	0.01272	0.01018	0.00678	0.00509	0.00170	0.00848	0.00424	0.00339	0.01018
30	0.00937	0.00803	0.00803	0.00803	0.01071	0.00669	0.00602	0.01138	0.01807	0.02142	0.08033	0.07632	0.66863	0.02008	0.00937	0.00268	0.00402	0.01674	0.00736	0.00669
31	0.01153	0.00769	0.00865	0.00865	0.00865	0.00769	0.00480	0.01153	0.01153	0.01538	0.02499	0.05189	0.02883	0.72131	0.04036	0.00769	0.00769	0.01153	0.00480	0.00480
32	0.03014	0.02221	0.02380	0.01825	0.02459	0.02459	0.01507	0.64541	0.03728	0.04998	0.01904	0.01904	0.01349	0.00952	0.00793	0.00238	0.00873	0.00714	0.00793	0.01349
33	0.00966	0.00690	0.00920	0.01104	0.01150	0.00644	0.00736	0.01104	0.01518	0.02024	0.04371	0.71614	0.05245	0.02484	0.01012	0.00322	0.00460	0.02254	0.00736	0.00644
34	0.77733	0.01534	0.01166	0.01043	0.01534	0.01779	0.00859	0.02331	0.01350	0.03558	0.01104	0.01288	0.00859	0.00736	0.00491	0.00245	0.00613	0.00429	0.00491	0.00859
35	0.01232	0.00835	0.01095	0.01016	0.01223	0.00767	0.00767	0.01604	0.02246	0.06099	0.63889	0.05778	0.07233	0.01592	0.00929	0.00249	0.00388	0.01405	0.00878	0.00775
36	0.01128	0.00806	0.01106	0.01289	0.01406	0.00784	0.01017	0.01384	0.01678	0.02205	0.04281	0.39072	0.04891	0.02332	0.01055	0.00344	0.00600	0.33199	0.00733	0.00689
37	0.01145	0.00765	0.00867	0.00875	0.00877	0.00764	0.00491	0.01151	0.01169	0.01558	0.02578	0.08001	0.02983	0.69184	0.03908	0.00750	0.00756	0.01200	0.00491	0.00487
38	0.01377	0.00689	0.01033	0.01033	0.01033	0.00689	0.00689	0.01033	0.01033	0.01377	0.01377	0.02410	0.01377	0.02755	0.03099	0.76928	0.00689	0.00689	0.00344	0.00344
39	0.03482	0.01366	0.01838	0.01421	0.02026	0.01204	0.01170	0.03881	0.05295	0.64664	0.03133	0.02711	0.01985	0.00986	0.00798	0.00246	0.00673	0.00802	0.00973	0.01345
40	0.01122	0.00811	0.01060	0.00998	0.01185	0.00748	0.00748	0.01496	0.02245	0.03180	0.66766	0.05923	0.07482	0.01621	0.00935	0.00249	0.00374	0.01434	0.00873	0.00748
41	0.00966	0.00690	0.00920	0.01104	0.01150	0.00644	0.00736	0.01104	0.01518	0.02024	0.04371	0.71614	0.05245	0.02484	0.01012	0.00322	0.00460	0.02254	0.00736	0.00644
42	0.01590	0.04102	0.68023	0.02260	0.03432	0.01842	0.02930	0.02511	0.01674	0.02511	0.01423	0.01674	0.01005	0.00753	0.00753	0.00251	0.01172	0.00586	0.00335	0.01172
43	0.01498	0.01409	0.02378	0.70226	0.05462	0.01762	0.02202	0.02026	0.01586	0.02026	0.01409	0.02114	0.01057	0.00793	0.00793	0.00264	0.01057	0.00705	0.00352	0.00881
44	0.00939	0.00798	0.00809	0.00818	0.01075	0.00668	0.00609	0.01136	0.01793	0.02136	0.07853	0.10777	0.63834	0.02032	0.00941	0.00270	0.00405	0.01702	0.00736	0.00668
