[name]
unknown

[dist]
# distance from previous block
# <min> <max>
0	0

[block]
# block no. 0 follows, 24 sequences, length 11
# corresponding to MSA columns:
# 0-10
name=unknown_A
#
# <colnr> <probs for GDERKNQSTAVLIFYWHMCP>
#	G	D	E	R	K	N	Q	S	T	A	V	L	I	F	Y	W	H	M	C	P
0	0.01278	0.00913	0.01278	0.01460	0.01643	0.00913	0.01278	0.01643	0.01825	0.02373	0.04199	0.08945	0.04564	0.02191	0.01095	0.00365	0.00730	0.61847	0.00730	0.00730
1	0.03056	0.02155	0.02339	0.01793	0.02426	0.02361	0.01481	0.59948	0.03618	0.09746	0.01997	0.01964	0.01395	0.00954	0.00794	0.00239	0.00858	0.00720	0.00808	0.01349
2	0.00966	0.00690	0.00920	0.01104	0.01150	0.00644	0.00736	0.01104	0.01518	0.02024	0.04371	0.71614	0.05245	0.02484	0.01012	0.00322	0.00460	0.02254	0.00736	0.00644
3	0.01122	0.00811	0.01060	0.00998	0.01185	0.00748	0.00748	0.01496	0.02245	0.03180	0.66766	0.05923	0.07482	0.01621	0.00935	0.00249	0.00374	0.01434	0.00873	0.00748
4	0.03318	0.01279	0.01713	0.01333	0.01897	0.01116	0.01095	0.03632	0.02200	0.60267	0.03066	0.02729	0.01971	0.00975	0.00769	0.00238	0.00640	0.00791	0.09690	0.01279
5	0.01133	0.00850	0.01274	0.01274	0.01416	0.00991	0.00991	0.01416	0.01274	0.01841	0.02124	0.03115	0.01982	0.05947	0.68989	0.01274	0.02124	0.00850	0.00425	0.00708
6	0.51774	0.17459	0.01918	0.01158	0.01706	0.02009	0.01008	0.02527	0.01520	0.10959	0.01349	0.01456	0.01028	0.00753	0.00532	0.00228	0.00674	0.00473	0.00516	0.00954
7	0.03014	0.02221	0.02380	0.01825	0.02459	0.02459	0.01507	0.64541	0.03728	0.04998	0.01904	0.01904	0.01349	0.00952	0.00793	0.00238	0.00873	0.00714	0.00793	0.01349
8	0.03014	0.02221	0.02380	0.01825	0.02459	0.02459	0.01507	0.64541	0.03728	0.04998	0.01904	0.01904	0.01349	0.00952	0.00793	0.00238	0.00873	0.00714	0.00793	0.01349
9	0.08837	0.61993	0.07870	0.01385	0.02078	0.02936	0.01410	0.02379	0.01592	0.02057	0.01123	0.01299	0.01003	0.00688	0.00522	0.00181	0.00847	0.00435	0.00352	0.01013
10	0.02012	0.42045	0.26633	0.01719	0.02568	0.02618	0.01928	0.07973	0.01823	0.02374	0.01288	0.01471	0.01043	0.00729	0.00621	0.00205	0.00965	0.00507	0.00378	0.01102

[dist]
# distance from previous block
# <min> <max>
0	1

[block]
# block no. 1 follows, 24 sequences, length 7
# corresponding to MSA columns:
# 12-18
name=unknown_B
#
# <colnr> <probs for GDERKNQSTAVLIFYWHMCP>
#	G	D	E	R	K	N	Q	S	T	A	V	L	I	F	Y	W	H	M	C	P
0	0.03014	0.02221	0.02380	0.01825	0.02459	0.02459	0.01507	0.64541	0.03728	0.04998	0.01904	0.01904	0.01349	0.00952	0.00793	0.00238	0.00873	0.00714	0.00793	0.01349
1	0.02057	0.64447	0.11764	0.01464	0.02202	0.02983	0.01544	0.02391	0.01619	0.01943	0.01141	0.01320	0.01016	0.00687	0.00538	0.00179	0.00887	0.00443	0.00339	0.01036
2	0.02480	0.01935	0.02249	0.19929	0.03162	0.05417	0.01612	0.32807	0.05710	0.07855	0.01838	0.02015	0.01330	0.00880	0.00773	0.00235	0.00902	0.00695	0.00642	0.07535
3	0.01824	0.34277	0.39891	0.01862	0.02817	0.02413	0.02237	0.02451	0.01646	0.02227	0.01282	0.01497	0.01010	0.00720	0.00646	0.00215	0.01029	0.00515	0.00337	0.01104
4	0.01927	0.26176	0.36908	0.01885	0.02802	0.02334	0.02180	0.08734	0.05442	0.02593	0.01467	0.01637	0.01122	0.00767	0.00680	0.00224	0.01006	0.00563	0.00408	0.01144
5	0.08618	0.01999	0.08530	0.01775	0.05475	0.01884	0.01464	0.18105	0.23171	0.08584	0.02239	0.02209	0.01647	0.00901	0.00744	0.00236	0.00754	0.00714	0.00683	0.10265
6	0.02459	0.01828	0.02185	0.01670	0.02293	0.01850	0.05366	0.31145	0.09076	0.09249	0.04886	0.02206	0.01727	0.00888	0.00760	0.00214	0.00769	0.00725	0.00708	0.19997

[dist]
# distance from previous block
# <min> <max>
10	81

[block]
# block no. 2 follows, 24 sequences, length 8
# corresponding to MSA columns:
# 114-121
name=unknown_C
#
# <colnr> <probs for GDERKNQSTAVLIFYWHMCP>
#	G	D	E	R	K	N	Q	S	T	A	V	L	I	F	Y	W	H	M	C	P
0	0.01840	0.01808	0.08630	0.07873	0.02417	0.05886	0.03530	0.04737	0.03844	0.07554	0.09100	0.05622	0.02143	0.00907	0.00734	0.00200	0.00764	0.00763	0.00558	0.31092
1	0.02377	0.01900	0.09655	0.01799	0.02428	0.01612	0.10005	0.18475	0.02339	0.18482	0.04030	0.07071	0.01925	0.03536	0.03295	0.00294	0.00895	0.00870	0.00677	0.08336
2	0.01993	0.02140	0.09853	0.06908	0.16827	0.09183	0.01714	0.04890	0.10942	0.05221	0.01992	0.02180	0.03743	0.00822	0.00738	0.00215	0.00873	0.00682	0.00512	0.18574
3	0.34647	0.01635	0.02084	0.07113	0.11227	0.01745	0.08383	0.02667	0.08276	0.09089	0.01660	0.01860	0.01247	0.00780	0.00670	0.00244	0.00779	0.00630	0.00534	0.04731
4	0.35114	0.04441	0.08205	0.11566	0.17345	0.01901	0.01657	0.06536	0.01687	0.03066	0.01318	0.01632	0.01029	0.00751	0.00645	0.00243	0.00827	0.00564	0.00450	0.01021
5	0.06518	0.01068	0.01297	0.07585	0.01779	0.01086	0.00976	0.04643	0.06146	0.02390	0.03230	0.29570	0.05609	0.10503	0.01265	0.00338	0.00626	0.05415	0.00629	0.09327
6	0.09822	0.01004	0.01198	0.01373	0.07296	0.01022	0.00850	0.01610	0.05737	0.02248	0.06411	0.22850	0.09028	0.23926	0.01863	0.00435	0.00621	0.01376	0.00607	0.00721
7	0.01775	0.01286	0.01501	0.01347	0.01678	0.01298	0.01030	0.19596	0.04197	0.04898	0.06166	0.27854	0.03401	0.06140	0.01085	0.00299	0.00638	0.05620	0.00722	0.09469

[dist]
# distance from previous block
# <min> <max>
0	1

[block]
# block no. 3 follows, 24 sequences, length 28
# corresponding to MSA columns:
# 123-150
name=unknown_D
#
# <colnr> <probs for GDERKNQSTAVLIFYWHMCP>
#	G	D	E	R	K	N	Q	S	T	A	V	L	I	F	Y	W	H	M	C	P
0	0.02488	0.22514	0.10409	0.01708	0.02363	0.08080	0.01575	0.31011	0.02622	0.03371	0.01596	0.01838	0.01271	0.04752	0.00879	0.00246	0.00942	0.00624	0.00561	0.01150
1	0.00983	0.00702	0.00940	0.01124	0.01177	0.00659	0.00766	0.01134	0.01535	0.02043	0.04361	0.68169	0.05207	0.02468	0.01017	0.00324	0.00475	0.05530	0.00736	0.00649
2	0.01582	0.01341	0.01568	0.01188	0.01804	0.01055	0.00932	0.02003	0.04811	0.02555	0.01843	0.09830	0.01709	0.00832	0.00647	0.00149	0.00575	0.00698	0.00517	0.64362
3	0.01884	0.01804	0.03076	0.15957	0.56712	0.01863	0.02394	0.02365	0.01768	0.02495	0.01478	0.01988	0.01222	0.00721	0.00786	0.00240	0.00962	0.00706	0.00386	0.01192
4	0.01866	0.01402	0.01667	0.01202	0.01896	0.01070	0.00966	0.02213	0.01717	0.10145	0.01609	0.01767	0.01266	0.00633	0.00612	0.00132	0.00597	0.00508	0.00529	0.68202
5	0.01778	0.01695	0.02884	0.30867	0.42631	0.01835	0.02342	0.02272	0.01718	0.02366	0.01459	0.02023	0.01177	0.00741	0.00788	0.00247	0.00988	0.00706	0.00377	0.01107
6	0.01963	0.01884	0.03219	0.04867	0.67185	0.01884	0.02434	0.02434	0.01806	0.02591	0.01492	0.01963	0.01256	0.00707	0.00785	0.00236	0.00942	0.00707	0.00393	0.01256
7	0.01498	0.01409	0.02378	0.70226	0.05462	0.01762	0.02202	0.02026	0.01586	0.02026	0.01409	0.02114	0.01057	0.00793	0.00793	0.00264	0.01057	0.00705	0.00352	0.00881
8	0.09657	0.01865	0.01848	0.01611	0.02092	0.05062	0.01270	0.13844	0.46390	0.03553	0.02711	0.02552	0.02028	0.01010	0.00769	0.00259	0.00703	0.00803	0.00755	0.01216
9	0.01590	0.04102	0.68023	0.02260	0.03432	0.01842	0.02930	0.02511	0.01674	0.02511	0.01423	0.01674	0.01005	0.00753	0.00753	0.00251	0.01172	0.00586	0.00335	0.01172
10	0.01644	0.01409	0.01644	0.01175	0.01879	0.01057	0.00940	0.01997	0.01644	0.02584	0.01409	0.01644	0.01175	0.00587	0.00587	0.00117	0.00587	0.00470	0.00470	0.76979
11	0.01122	0.00811	0.01060	0.00998	0.01185	0.00748	0.00748	0.01496	0.02245	0.03180	0.66766	0.05923	0.07482	0.01621	0.00935	0.00249	0.00374	0.01434	0.00873	0.00748
12	0.01848	0.01767	0.03011	0.21011	0.51939	0.01854	0.02377	0.02333	0.01751	0.02451	0.01471	0.02000	0.01207	0.00728	0.00787	0.00243	0.00970	0.00706	0.00383	0.01163
13	0.00937	0.00803	0.00803	0.00803	0.01071	0.00669	0.00602	0.01138	0.01807	0.02142	0.08033	0.07632	0.66863	0.02008	0.00937	0.00268	0.00402	0.01674	0.00736	0.00669
14	0.02215	0.01969	0.01862	0.01595	0.02093	0.11746	0.01247	0.09555	0.35447	0.06326	0.02717	0.02604	0.04355	0.00986	0.00765	0.00233	0.00759	0.00785	0.00704	0.12039
15	0.01432	0.00884	0.01130	0.01026	0.01284	0.00794	0.00784	0.01771	0.02183	0.11964	0.49165	0.05733	0.15604	0.01591	0.00916	0.00252	0.00420	0.01382	0.00868	0.00820
16	0.01644	0.01409	0.01644	0.01175	0.01879	0.01057	0.00940	0.01997	0.01644	0.02584	0.01409	0.01644	0.01175	0.00587	0.00587	0.00117	0.00587	0.00470	0.00470	0.76979
17	0.01754	0.06521	0.33999	0.02743	0.03710	0.01985	0.32770	0.02519	0.01767	0.02494	0.01496	0.01881	0.01102	0.00708	0.00830	0.00255	0.01236	0.00749	0.00367	0.01114
18	0.00966	0.00798	0.00848	0.00849	0.01092	0.00680	0.00632	0.01189	0.01856	0.02289	0.16517	0.11055	0.54532	0.01978	0.00941	0.00268	0.00401	0.01672	0.00757	0.00680
19	0.01936	0.02219	0.06025	0.11162	0.15725	0.08569	0.34278	0.02491	0.01825	0.02400	0.01490	0.01998	0.01163	0.00742	0.00942	0.00258	0.04524	0.00801	0.00390	0.01062
20	0.02015	0.01467	0.02309	0.39785	0.11319	0.01631	0.01894	0.02459	0.01743	0.16229	0.01770	0.02171	0.01282	0.00838	0.00868	0.00251	0.04360	0.00708	0.00500	0.06404
21	0.10975	0.09764	0.02532	0.27886	0.03474	0.01867	0.07164	0.02540	0.01707	0.16585	0.01702	0.02020	0.01239	0.00850	0.00880	0.00254	0.06361	0.00680	0.00508	0.01012
22	0.02312	0.57499	0.03774	0.01457	0.02126	0.02992	0.01389	0.15719	0.02066	0.02538	0.01274	0.01408	0.01089	0.00737	0.00570	0.00184	0.00853	0.00486	0.00437	0.01089
23	0.03014	0.02221	0.02380	0.01825	0.02459	0.02459	0.01507	0.64541	0.03728	0.04998	0.01904	0.01904	0.01349	0.00952	0.00793	0.00238	0.00873	0.00714	0.00793	0.01349
24	0.02120	0.72609	0.04155	0.01357	0.02035	0.03138	0.01357	0.02374	0.01611	0.01866	0.01102	0.01272	0.01018	0.00678	0.00509	0.00170	0.00848	0.00424	0.00339	0.01018
25	0.02849	0.02439	0.09998	0.01875	0.02572	0.02387	0.01672	0.57342	0.03490	0.04709	0.01848	0.01877	0.01309	0.00929	0.00789	0.00240	0.00907	0.00699	0.00740	0.01328
26	0.02090	0.68672	0.07825	0.01409	0.02116	0.03063	0.01447	0.02382	0.01615	0.01903	0.01121	0.01295	0.01017	0.00683	0.00523	0.00174	0.00867	0.00433	0.00339	0.01027
27	0.01799	0.31059	0.42891	0.01905	0.02882	0.02352	0.02311	0.02457	0.01649	0.02257	0.01297	0.01516	0.01010	0.00724	0.00657	0.00219	0.01044	0.00522	0.00337	0.01111

[dist]
# distance from previous block
# <min> <max>
12	14

[block]
# block no. 4 follows, 24 sequences, length 35
# corresponding to MSA columns:
# 166-200
name=unknown_E
#
# <colnr> <probs for GDERKNQSTAVLIFYWHMCP>
#	G	D	E	R	K	N	Q	S	T	A	V	L	I	F	Y	W	H	M	C	P
0	0.22815	0.01902	0.01942	0.01556	0.02129	0.02108	0.01276	0.35754	0.10014	0.09994	0.01950	0.01931	0.01395	0.00911	0.00715	0.00244	0.00758	0.00666	0.00731	0.01208
1	0.70791	0.01689	0.01385	0.01240	0.01743	0.01862	0.00985	0.02559	0.01559	0.07107	0.01478	0.01734	0.01173	0.00922	0.00624	0.00292	0.00703	0.00538	0.00602	0.01015
2	0.00966	0.00690	0.00920	0.01104	0.01150	0.00644	0.00736	0.01104	0.01518	0.02024	0.04371	0.71614	0.05245	0.02484	0.01012	0.00322	0.00460	0.02254	0.00736	0.00644
3	0.03041	0.02178	0.02353	0.01804	0.02438	0.02395	0.01490	0.61549	0.03656	0.08091	0.01964	0.01943	0.01379	0.00953	0.00793	0.00238	0.00863	0.00718	0.00803	0.01349
4	0.03063	0.02144	0.02332	0.01788	0.02421	0.02344	0.01477	0.59160	0.03599	0.10561	0.02012	0.01974	0.01403	0.00955	0.00794	0.00239	0.00855	0.00721	0.00810	0.01349
5	0.00973	0.00724	0.00910	0.01053	0.01154	0.00661	0.00730	0.01134	0.01595	0.02065	0.05167	0.54925	0.18743	0.02367	0.00999	0.00312	0.00459	0.04640	0.00736	0.00653
6	0.00966	0.00690	0.00920	0.01104	0.01150	0.00644	0.00736	0.01104	0.01518	0.02024	0.04371	0.71614	0.05245	0.02484	0.01012	0.00322	0.00460	0.02254	0.00736	0.00644
7	0.01644	0.01409	0.01644	0.01175	0.01879	0.01057	0.00940	0.01997	0.01644	0.02584	0.01409	0.01644	0.01175	0.00587	0.00587	0.00117	0.00587	0.00470	0.00470	0.76979
8	0.01884	0.02103	0.04474	0.03557	0.13009	0.01988	0.55605	0.02525	0.01862	0.02547	0.01588	0.02114	0.01211	0.00674	0.00915	0.00263	0.01281	0.00904	0.00400	0.01096
9	0.01644	0.01409	0.01644	0.01175	0.01879	0.01057	0.00940	0.01997	0.01644	0.02584	0.01409	0.01644	0.01175	0.00587	0.00587	0.00117	0.00587	0.00470	0.00470	0.76979
10	0.01920	0.01841	0.03142	0.10823	0.61561	0.01873	0.02413	0.02397	0.01786	0.02539	0.01484	0.01976	0.01238	0.00714	0.00786	0.00238	0.00953	0.00706	0.00389	0.01222
11	0.02810	0.03525	0.02270	0.02048	0.02405	0.60672	0.01557	0.03010	0.02119	0.01937	0.01203	0.01468	0.01024	0.00888	0.00950	0.00222	0.10046	0.00534	0.00401	0.00913
12	0.01040	0.00744	0.01004	0.01177	0.01259	0.00707	0.00855	0.01238	0.01615	0.02148	0.06891	0.55276	0.05188	0.02385	0.01027	0.00328	0.00515	0.15197	0.00740	0.00667
13	0.01825	0.01415	0.01584	0.01403	0.01781	0.01543	0.01092	0.08776	0.34594	0.05987	0.26030	0.03921	0.04130	0.01257	0.00852	0.00258	0.00561	0.01070	0.00836	0.01085
14	0.01125	0.00835	0.01133	0.05978	0.01486	0.00805	0.00851	0.01474	0.02085	0.02919	0.52454	0.15785	0.06676	0.01695	0.00937	0.00262	0.00436	0.01508	0.00814	0.00742
15	0.01963	0.01884	0.03219	0.04867	0.67185	0.01884	0.02434	0.02434	0.01806	0.02591	0.01492	0.01963	0.01256	0.00707	0.00785	0.00236	0.00942	0.00707	0.00393	0.01256
16	0.01732	0.03904	0.63277	0.02199	0.03331	0.01793	0.02803	0.02608	0.01717	0.07188	0.01545	0.01748	0.01073	0.00770	0.00757	0.00251	0.01136	0.00601	0.00381	0.01185
17	0.01737	0.01456	0.01661	0.01648	0.04362	0.01624	0.01262	0.03321	0.43446	0.03014	0.05758	0.04629	0.05596	0.01382	0.00884	0.00290	0.00646	0.15420	0.00772	0.01090
18	0.01984	0.38147	0.06489	0.02281	0.05856	0.02599	0.23088	0.02409	0.01687	0.02157	0.01301	0.01646	0.01093	0.00724	0.00810	0.00220	0.05467	0.00636	0.00363	0.01043
19	0.01498	0.01409	0.02378	0.70226	0.05462	0.01762	0.02202	0.02026	0.01586	0.02026	0.01409	0.02114	0.01057	0.00793	0.00793	0.00264	0.01057	0.00705	0.00352	0.00881
20	0.02005	0.01469	0.01726	0.01275	0.01936	0.01216	0.01024	0.09368	0.01954	0.10623	0.01780	0.04370	0.01438	0.00746	0.00652	0.00154	0.00626	0.00603	0.00578	0.56457
21	0.00966	0.00690	0.00920	0.01104	0.01150	0.00644	0.00736	0.01104	0.01518	0.02024	0.04371	0.71614	0.05245	0.02484	0.01012	0.00322	0.00460	0.02254	0.00736	0.00644
22	0.01014	0.00796	0.00916	0.00909	0.01124	0.00698	0.00673	0.01278	0.01955	0.02544	0.31074	0.12914	0.37481	0.01899	0.00943	0.00266	0.00396	0.01632	0.00791	0.00698
23	0.01644	0.01409	0.01644	0.01175	0.01879	0.01057	0.00940	0.01997	0.01644	0.02584	0.01409	0.01644	0.01175	0.00587	0.00587	0.00117	0.00587	0.00470	0.00470	0.76979
24	0.01668	0.01637	0.02301	0.01992	0.02008	0.02269	0.01652	0.01854	0.01221	0.01901	0.01161	0.01888	0.01146	0.01895	0.09978	0.00450	0.63063	0.00711	0.00356	0.00850
25	0.02376	0.01686	0.01859	0.01595	0.02093	0.01866	0.01262	0.09984	0.47647	0.15762	0.03081	0.02807	0.02230	0.01046	0.00804	0.00261	0.00660	0.00860	0.00839	0.01282
26	0.00966	0.00690	0.00920	0.01104	0.01150	0.00644	0.00736	0.01104	0.01518	0.02024	0.04371	0.71614	0.05245	0.02484	0.01012	0.00322	0.00460	0.02254	0.00736	0.00644
27	0.01972	0.01703	0.01793	0.01614	0.02062	0.01972	0.01255	0.04214	0.65752	0.03317	0.03228	0.02959	0.02421	0.01076	0.00807	0.00269	0.00628	0.00897	0.00807	0.01255
28	0.01941	0.01862	0.03180	0.07852	0.64366	0.01879	0.02423	0.02415	0.01796	0.02565	0.01488	0.01970	0.01247	0.00710	0.00785	0.00237	0.00947	0.00706	0.00391	0.01239
29	0.01513	0.01430	0.02382	0.65897	0.05247	0.01804	0.02173	0.02019	0.01562	0.02019	0.01386	0.02090	0.01056	0.00831	0.00908	0.00270	0.05479	0.00704	0.00352	0.00880
30	0.01867	0.01760	0.03204	0.02319	0.03045	0.01546	0.33609	0.02380	0.01809	0.06690	0.01739	0.02281	0.01386	0.00723	0.00802	0.00213	0.00985	0.03377	0.00478	0.29785
31	0.05691	0.10431	0.32098	0.01929	0.02819	0.01782	0.07703	0.02767	0.01806	0.17592	0.01783	0.01890	0.01251	0.00778	0.00729	0.00233	0.00969	0.00634	0.00508	0.06608
32	0.01756	0.01650	0.07690	0.01331	0.02002	0.01212	0.01157	0.07431	0.01837	0.05015	0.01814	0.08803	0.01615	0.00840	0.00671	0.00165	0.00655	0.00694	0.00530	0.53131
33	0.02378	0.07933	0.02959	0.03624	0.43163	0.01907	0.02013	0.08362	0.02053	0.15229	0.01809	0.02039	0.01379	0.00779	0.00764	0.00232	0.00876	0.00700	0.00537	0.01262
34	0.27166	0.01517	0.01947	0.12623	0.16037	0.01588	0.01459	0.02545	0.01715	0.15415	0.04059	0.02027	0.01453	0.00807	0.00682	0.00237	0.00752	0.00641	0.00556	0.06775

[dist]
# distance from previous block
# <min> <max>
9	13

[block]
# block no. 5 follows, 24 sequences, length 26
# corresponding to MSA columns:
# 215-240
name=unknown_F
#
# <colnr> <probs for GDERKNQSTAVLIFYWHMCP>
#	G	D	E	R	K	N	Q	S	T	A	V	L	I	F	Y	W	H	M	C	P
0	0.54573	0.01615	0.01477	0.01246	0.01749	0.01827	0.01028	0.11097	0.01787	0.11680	0.01464	0.01570	0.01073	0.00827	0.00671	0.00249	0.03966	0.00527	0.00587	0.00988
1	0.02635	0.01888	0.02068	0.01661	0.02208	0.02070	0.01346	0.38456	0.18918	0.10043	0.08119	0.02596	0.02217	0.01045	0.00810	0.00247	0.00749	0.00831	0.00821	0.01272
2	0.03011	0.02315	0.02372	0.01838	0.02459	0.06454	0.01509	0.60853	0.03639	0.04814	0.01863	0.01875	0.01329	0.00944	0.00789	0.00236	0.00906	0.00702	0.00770	0.01323
3	0.03027	0.01366	0.01786	0.01345	0.01984	0.01135	0.01103	0.03346	0.02096	0.49651	0.02651	0.02406	0.01744	0.00872	0.00739	0.00210	0.00650	0.00707	0.00839	0.22341
4	0.03014	0.02221	0.02380	0.01825	0.02459	0.02459	0.01507	0.64541	0.03728	0.04998	0.01904	0.01904	0.01349	0.00952	0.00793	0.00238	0.00873	0.00714	0.00793	0.01349
5	0.01644	0.01409	0.01644	0.01175	0.01879	0.01057	0.00940	0.01997	0.01644	0.02584	0.01409	0.01644	0.01175	0.00587	0.00587	0.00117	0.00587	0.00470	0.00470	0.76979
6	0.03014	0.02221	0.02380	0.01825	0.02459	0.02459	0.01507	0.64541	0.03728	0.04998	0.01904	0.01904	0.01349	0.00952	0.00793	0.00238	0.00873	0.00714	0.00793	0.01349
7	0.03558	0.01350	0.01840	0.01411	0.02024	0.01166	0.01166	0.03865	0.02270	0.67734	0.03128	0.02699	0.01963	0.00981	0.00797	0.00245	0.00675	0.00797	0.00981	0.01350
8	0.00937	0.00803	0.00803	0.00803	0.01071	0.00669	0.00602	0.01138	0.01807	0.02142	0.08033	0.07632	0.66863	0.02008	0.00937	0.00268	0.00402	0.01674	0.00736	0.00669
9	0.01963	0.01884	0.03219	0.04867	0.67185	0.01884	0.02434	0.02434	0.01806	0.02591	0.01492	0.01963	0.01256	0.00707	0.00785	0.00236	0.00942	0.00707	0.00393	0.01256
10	0.03558	0.01350	0.01840	0.01411	0.02024	0.01166	0.01166	0.03865	0.02270	0.67734	0.03128	0.02699	0.01963	0.00981	0.00797	0.00245	0.00675	0.00797	0.00981	0.01350
11	0.03558	0.01350	0.01840	0.01411	0.02024	0.01166	0.01166	0.03865	0.02270	0.67734	0.03128	0.02699	0.01963	0.00981	0.00797	0.00245	0.00675	0.00797	0.00981	0.01350
12	0.03558	0.01350	0.01840	0.01411	0.02024	0.01166	0.01166	0.03865	0.02270	0.67734	0.03128	0.02699	0.01963	0.00981	0.00797	0.00245	0.00675	0.00797	0.00981	0.01350
13	0.01963	0.01884	0.03219	0.04867	0.67185	0.01884	0.02434	0.02434	0.01806	0.02591	0.01492	0.01963	0.01256	0.00707	0.00785	0.00236	0.00942	0.00707	0.00393	0.01256
14	0.03014	0.02221	0.02380	0.01825	0.02459	0.02459	0.01507	0.64541	0.03728	0.04998	0.01904	0.01904	0.01349	0.00952	0.00793	0.00238	0.00873	0.00714	0.00793	0.01349
15	0.03558	0.01350	0.01840	0.01411	0.02024	0.01166	0.01166	0.03865	0.02270	0.67734	0.03128	0.02699	0.01963	0.00981	0.00797	0.00245	0.00675	0.00797	0.00981	0.01350
16	0.03523	0.01406	0.01875	0.01438	0.02053	0.01249	0.01188	0.07801	0.02364	0.63664	0.03049	0.02647	0.01923	0.00980	0.00797	0.00245	0.00688	0.00792	0.00969	0.01349
17	0.01065	0.00761	0.01034	0.01217	0.01307	0.00729	0.00908	0.01275	0.01616	0.02135	0.04316	0.51724	0.05029	0.02391	0.01039	0.00336	0.00546	0.21168	0.00734	0.00671
18	0.01872	0.02139	0.04679	0.03342	0.04144	0.02005	0.64305	0.02540	0.01872	0.02540	0.01604	0.02139	0.01203	0.00668	0.00936	0.00267	0.01337	0.00936	0.00401	0.01070
19	0.01022	0.00729	0.00960	0.01083	0.01160	0.00684	0.00745	0.01208	0.01651	0.02235	0.16513	0.51670	0.05502	0.06820	0.01197	0.00339	0.00475	0.04604	0.00746	0.00658
20	0.03558	0.01350	0.01840	0.01411	0.02024	0.01166	0.01166	0.03865	0.02270	0.67734	0.03128	0.02699	0.01963	0.00981	0.00797	0.00245	0.00675	0.00797	0.00981	0.01350
21	0.01575	0.01489	0.02519	0.59279	0.15799	0.01782	0.02241	0.02094	0.01622	0.02121	0.01423	0.02089	0.01090	0.00778	0.00792	0.00259	0.01038	0.00705	0.00359	0.00944
22	0.01872	0.02139	0.04679	0.03342	0.04144	0.02005	0.64305	0.02540	0.01872	0.02540	0.01604	0.02139	0.01203	0.00668	0.00936	0.00267	0.01337	0.00936	0.00401	0.01070
23	0.01030	0.00833	0.00933	0.00983	0.01227	0.00736	0.00787	0.01276	0.01812	0.02205	0.06986	0.07990	0.49850	0.02058	0.00980	0.00294	0.00491	0.18106	0.00735	0.00686
24	0.03558	0.01350	0.01840	0.01411	0.02024	0.01166	0.01166	0.03865	0.02270	0.67734	0.03128	0.02699	0.01963	0.00981	0.00797	0.00245	0.00675	0.00797	0.00981	0.01350
25	0.02819	0.04785	0.02225	0.01675	0.02259	0.01675	0.06851	0.08554	0.21593	0.34494	0.02836	0.02602	0.01944	0.00966	0.00799	0.00251	0.00743	0.00817	0.00833	0.01281

[dist]
# distance from previous block
# <min> <max>
4	6

[block]
# block no. 6 follows, 24 sequences, length 17
# corresponding to MSA columns:
# 251-267
name=unknown_G
#
# <colnr> <probs for GDERKNQSTAVLIFYWHMCP>
#	G	D	E	R	K	N	Q	S	T	A	V	L	I	F	Y	W	H	M	C	P
0	0.01726	0.21587	0.51722	0.02030	0.03076	0.02172	0.02528	0.02476	0.01658	0.02347	0.01341	0.01572	0.01008	0.00734	0.00691	0.00230	0.01089	0.00545	0.00336	0.01133
1	0.01835	0.35730	0.38536	0.01843	0.02787	0.02440	0.02204	0.02448	0.01645	0.02213	0.01275	0.01489	0.01011	0.00719	0.00640	0.00213	0.01022	0.00511	0.00337	0.01101
2	0.00991	0.00775	0.00903	0.00969	0.01150	0.00687	0.00710	0.01202	0.01762	0.02232	0.12880	0.28207	0.36100	0.02134	0.00973	0.00290	0.00441	0.06170	0.00751	0.00674
3	0.02688	0.01698	0.01928	0.01593	0.02132	0.01817	0.01278	0.16480	0.32937	0.24048	0.02925	0.02660	0.02056	0.01021	0.00801	0.00255	0.00693	0.00828	0.00859	0.01304
4	0.01644	0.01409	0.01644	0.01175	0.01879	0.01057	0.00940	0.01997	0.01644	0.02584	0.01409	0.01644	0.01175	0.00587	0.00587	0.00117	0.00587	0.00470	0.00470	0.76979
5	0.01730	0.03127	0.36573	0.02797	0.03786	0.01923	0.33403	0.02526	0.01772	0.02526	0.01513	0.01905	0.01103	0.00711	0.00844	0.00259	0.01254	0.00760	0.00368	0.01121
6	0.02962	0.03779	0.02247	0.02043	0.02451	0.68948	0.01532	0.03166	0.02247	0.01941	0.01226	0.01430	0.01021	0.00817	0.00715	0.00204	0.01430	0.00511	0.00409	0.00919
7	0.01133	0.00850	0.01274	0.01274	0.01416	0.00991	0.00991	0.01416	0.01274	0.01841	0.02124	0.03115	0.01982	0.05947	0.68989	0.01274	0.02124	0.00850	0.00425	0.00708
8	0.01153	0.00769	0.00865	0.00865	0.00865	0.00769	0.00480	0.01153	0.01153	0.01538	0.02499	0.05189	0.02883	0.72131	0.04036	0.00769	0.00769	0.01153	0.00480	0.00480
9	0.03014	0.02221	0.02380	0.01825	0.02459	0.02459	0.01507	0.64541	0.03728	0.04998	0.01904	0.01904	0.01349	0.00952	0.00793	0.00238	0.00873	0.00714	0.00793	0.01349
10	0.00966	0.00690	0.00920	0.01104	0.01150	0.00644	0.00736	0.01104	0.01518	0.02024	0.04371	0.71614	0.05245	0.02484	0.01012	0.00322	0.00460	0.02254	0.00736	0.00644
11	0.28830	0.05147	0.17659	0.01596	0.02331	0.01738	0.05763	0.05958	0.01727	0.08039	0.01466	0.01639	0.01088	0.00740	0.00641	0.00224	0.00821	0.00552	0.00493	0.13548
12	0.01817	0.19747	0.48505	0.02020	0.03039	0.02185	0.02463	0.07019	0.01810	0.02545	0.01384	0.01598	0.01033	0.00751	0.00700	0.00231	0.01075	0.00558	0.00369	0.01149
13	0.02962	0.06169	0.02467	0.01815	0.02435	0.07362	0.01501	0.56663	0.03505	0.04603	0.01811	0.01835	0.01307	0.00927	0.00772	0.00232	0.00912	0.00683	0.00740	0.01299
14	0.02990	0.02131	0.02309	0.01784	0.02406	0.02342	0.01469	0.56856	0.07286	0.09167	0.02065	0.02020	0.01454	0.00961	0.00794	0.00240	0.00845	0.00730	0.00807	0.01343
15	0.01919	0.02081	0.09935	0.05349	0.05577	0.01829	0.28719	0.06134	0.09279	0.05507	0.04638	0.02292	0.01624	0.00818	0.00900	0.00250	0.03404	0.00828	0.00510	0.08408
16	0.01599	0.01549	0.05662	0.01519	0.02133	0.01203	0.09106	0.04567	0.01780	0.02630	0.05739	0.12124	0.02138	0.00959	0.00732	0.00187	0.00697	0.00862	0.00529	0.44288

[dist]
# distance from previous block
# <min> <max>
5	9

[block]
# block no. 7 follows, 24 sequences, length 11
# corresponding to MSA columns:
# 278-288
name=unknown_H
#
# <colnr> <probs for GDERKNQSTAVLIFYWHMCP>
#	G	D	E	R	K	N	Q	S	T	A	V	L	I	F	Y	W	H	M	C	P
0	0.01998	0.01690	0.01857	0.01650	0.07353	0.07364	0.01184	0.05472	0.08685	0.07551	0.01897	0.05474	0.01576	0.00814	0.00686	0.00177	0.00710	0.00666	0.00561	0.42633
1	0.01753	0.15472	0.40997	0.02376	0.03370	0.02107	0.18126	0.02495	0.01713	0.02407	0.01413	0.01722	0.01057	0.00719	0.00757	0.00241	0.01157	0.00646	0.00352	0.01119
2	0.07984	0.01482	0.01887	0.01403	0.02049	0.01253	0.07105	0.05274	0.01742	0.02746	0.01638	0.06622	0.01448	0.00761	0.00654	0.00163	0.00668	0.00651	0.00501	0.53970
3	0.13031	0.01346	0.04640	0.12896	0.02269	0.01359	0.01245	0.07930	0.01853	0.07236	0.14426	0.06153	0.02798	0.05497	0.13480	0.00467	0.00976	0.00923	0.00595	0.00881
4	0.02318	0.04362	0.04592	0.01330	0.01901	0.01254	0.01125	0.02869	0.08469	0.27150	0.13982	0.02928	0.02717	0.00981	0.00755	0.00212	0.00622	0.00812	0.00757	0.20865
5	0.01663	0.01326	0.01561	0.01197	0.01781	0.01088	0.00945	0.02181	0.07554	0.05583	0.11008	0.04590	0.02343	0.00854	0.00679	0.00162	0.00561	0.00715	0.00588	0.53623
6	0.02841	0.01797	0.04806	0.01566	0.02159	0.01736	0.01329	0.30768	0.04605	0.26165	0.05780	0.02890	0.07722	0.01081	0.00813	0.00245	0.00746	0.00860	0.00837	0.01251
7	0.14635	0.08688	0.28650	0.01578	0.02230	0.01563	0.01709	0.02042	0.01631	0.02585	0.08305	0.18273	0.02591	0.01230	0.00764	0.00259	0.00804	0.01014	0.00507	0.00940
8	0.01649	0.01458	0.01715	0.01435	0.01832	0.06012	0.03559	0.02068	0.05949	0.04451	0.09836	0.15341	0.02762	0.01226	0.00999	0.00225	0.09228	0.01004	0.00583	0.28666
9	0.01452	0.01160	0.01495	0.04465	0.01798	0.01042	0.03200	0.06075	0.01821	0.02612	0.11153	0.22655	0.03298	0.04272	0.00935	0.00244	0.00593	0.01195	0.02697	0.27839
10	0.01790	0.01484	0.01927	0.01427	0.02077	0.01233	0.06661	0.07444	0.01855	0.04885	0.01771	0.07533	0.01555	0.00796	0.00678	0.00162	0.00672	0.00691	0.00530	0.54830

[dist]
# distance from previous block
# <min> <max>
4	26

[block]
# block no. 8 follows, 24 sequences, length 10
# corresponding to MSA columns:
# 315-324
name=unknown_I
#
# <colnr> <probs for GDERKNQSTAVLIFYWHMCP>
#	G	D	E	R	K	N	Q	S	T	A	V	L	I	F	Y	W	H	M	C	P
0	0.02299	0.57977	0.03750	0.01503	0.02124	0.17128	0.01394	0.02543	0.01746	0.01882	0.01129	0.01306	0.01018	0.00708	0.00553	0.00177	0.00972	0.00442	0.00354	0.00997
1	0.03558	0.01350	0.01840	0.01411	0.02024	0.01166	0.01166	0.03865	0.02270	0.67734	0.03128	0.02699	0.01963	0.00981	0.00797	0.00245	0.00675	0.00797	0.00981	0.01350
2	0.01644	0.01409	0.01644	0.01175	0.01879	0.01057	0.00940	0.01997	0.01644	0.02584	0.01409	0.01644	0.01175	0.00587	0.00587	0.00117	0.00587	0.00470	0.00470	0.76979
3	0.00966	0.00690	0.00920	0.01104	0.01150	0.00644	0.00736	0.01104	0.01518	0.02024	0.04371	0.71614	0.05245	0.02484	0.01012	0.00322	0.00460	0.02254	0.00736	0.00644
4	0.02244	0.62443	0.04253	0.01699	0.02390	0.03044	0.08762	0.02491	0.01742	0.02105	0.01340	0.01622	0.01206	0.00794	0.00637	0.00214	0.00956	0.00543	0.00408	0.01106
5	0.01153	0.00769	0.00865	0.00865	0.00865	0.00769	0.00480	0.01153	0.01153	0.01538	0.02499	0.05189	0.02883	0.72131	0.04036	0.00769	0.00769	0.01153	0.00480	0.00480
6	0.65804	0.01552	0.01273	0.01114	0.01598	0.01777	0.00913	0.08133	0.01631	0.03669	0.05375	0.01642	0.01328	0.00813	0.00548	0.00245	0.00623	0.00520	0.00544	0.00898
7	0.24442	0.01893	0.07768	0.01478	0.02094	0.01782	0.01314	0.21913	0.02373	0.21014	0.01989	0.01967	0.01372	0.00878	0.00693	0.00241	0.00749	0.00644	0.04231	0.01164
8	0.12362	0.02408	0.02186	0.10190	0.12866	0.25683	0.01590	0.11614	0.02197	0.02826	0.07298	0.02051	0.01673	0.00878	0.00737	0.00231	0.01024	0.00667	0.00508	0.01008
9	0.05476	0.01708	0.02582	0.02134	0.05107	0.04271	0.15865	0.05290	0.01823	0.16006	0.02077	0.10165	0.01780	0.01132	0.01247	0.00275	0.17095	0.00926	0.00573	0.04468

[dist]
# distance from previous block
# <min> <max>
19	36

[block]
# block no. 9 follows, 24 sequences, length 14
# corresponding to MSA columns:
# 362-375
name=unknown_J
#
# <colnr> <probs for GDERKNQSTAVLIFYWHMCP>
#	G	D	E	R	K	N	Q	S	T	A	V	L	I	F	Y	W	H	M	C	P
0	0.01874	0.02556	0.20424	0.02851	0.03732	0.01869	0.42070	0.02571	0.01829	0.05854	0.01625	0.02023	0.01190	0.00701	0.00863	0.00254	0.01220	0.00815	0.00418	0.05259
1	0.40146	0.17965	0.13159	0.01489	0.02160	0.02139	0.05158	0.05279	0.01604	0.03011	0.01224	0.01428	0.00962	0.00732	0.00579	0.00230	0.00814	0.00498	0.00440	0.00982
2	0.05753	0.00881	0.01221	0.01213	0.01368	0.01014	0.00933	0.01469	0.01285	0.01964	0.02105	0.03141	0.01978	0.09949	0.57997	0.01139	0.01878	0.00841	0.03169	0.00703
3	0.01133	0.00850	0.01274	0.01274	0.01416	0.00991	0.00991	0.01416	0.01274	0.01841	0.02124	0.03115	0.01982	0.05947	0.68989	0.01274	0.02124	0.00850	0.00425	0.00708
4	0.07228	0.08470	0.02287	0.01786	0.02276	0.34198	0.01416	0.18712	0.02465	0.07056	0.01559	0.01714	0.01214	0.01155	0.04816	0.00280	0.01185	0.00590	0.00544	0.01049
5	0.14012	0.06807	0.43327	0.02093	0.03059	0.01879	0.09288	0.02552	0.01673	0.06192	0.01468	0.01699	0.01056	0.00750	0.00721	0.00248	0.01057	0.00603	0.00403	0.01112
6	0.26770	0.05552	0.03990	0.01228	0.01868	0.01514	0.01049	0.05412	0.01694	0.07336	0.01433	0.01592	0.01118	0.00692	0.00581	0.00181	0.00651	0.00492	0.00515	0.36332
7	0.01135	0.00840	0.01227	0.01227	0.01352	0.00965	0.00932	0.01386	0.01260	0.01806	0.02168	0.03356	0.02087	0.13630	0.61450	0.01216	0.01967	0.00885	0.00431	0.00682
8	0.01135	0.00835	0.01201	0.01197	0.01321	0.00943	0.00901	0.01384	0.01323	0.01888	0.06569	0.03604	0.02485	0.15162	0.55035	0.01132	0.01810	0.00933	0.00463	0.00678
9	0.01827	0.02187	0.08976	0.03064	0.06458	0.01874	0.49484	0.02468	0.01827	0.02545	0.01563	0.02037	0.01187	0.00667	0.00874	0.00247	0.01218	0.00844	0.00404	0.10253
10	0.05594	0.53743	0.14932	0.01535	0.02276	0.06424	0.01615	0.02439	0.01644	0.02060	0.01165	0.01351	0.01008	0.00702	0.00561	0.00189	0.00925	0.00457	0.00349	0.01032
11	0.01872	0.01543	0.02048	0.01497	0.02159	0.01319	0.07360	0.05655	0.01798	0.06882	0.01545	0.01782	0.01230	0.00689	0.00768	0.00161	0.04882	0.00565	0.00507	0.55738
12	0.05822	0.08512	0.19130	0.01984	0.02633	0.37667	0.01844	0.08944	0.02162	0.02452	0.01329	0.01521	0.01042	0.00801	0.00708	0.00219	0.01232	0.00540	0.00426	0.01030
13	0.02218	0.01510	0.01771	0.01352	0.01957	0.01356	0.01086	0.16601	0.02248	0.14298	0.04896	0.06889	0.01907	0.00915	0.00715	0.00187	0.00650	0.00747	0.00668	0.38030

[dist]
# distance from previous block
# <min> <max>
0	10

[block]
# block no. 10 follows, 24 sequences, length 112
# corresponding to MSA columns:
# 387-498
name=unknown_K
#
# <colnr> <probs for GDERKNQSTAVLIFYWHMCP>
#	G	D	E	R	K	N	Q	S	T	A	V	L	I	F	Y	W	H	M	C	P
0	0.05197	0.07168	0.61907	0.02161	0.03278	0.01899	0.02759	0.02496	0.01656	0.02530	0.01393	0.01637	0.00998	0.00749	0.00730	0.00247	0.01131	0.00571	0.00342	0.01150
1	0.05068	0.09322	0.45409	0.02177	0.03182	0.01902	0.10327	0.02535	0.01706	0.05577	0.01485	0.01729	0.01078	0.00738	0.00739	0.00239	0.01090	0.00614	0.00387	0.04695
2	0.02049	0.01485	0.01743	0.01285	0.01959	0.01237	0.01036	0.07799	0.04929	0.12036	0.01781	0.01878	0.01360	0.00698	0.00645	0.00153	0.00626	0.00557	0.00586	0.56158
3	0.51031	0.08802	0.16245	0.01370	0.02034	0.01946	0.01387	0.04705	0.01535	0.03222	0.01204	0.01395	0.00924	0.00743	0.00562	0.00239	0.00768	0.00474	0.00453	0.00961
4	0.02527	0.02384	0.02907	0.02242	0.02816	0.13734	0.17228	0.29227	0.02656	0.03429	0.01600	0.01852	0.01216	0.00889	0.00998	0.00246	0.08453	0.00722	0.00568	0.04305
5	0.03014	0.02221	0.02380	0.01825	0.02459	0.02459	0.01507	0.64541	0.03728	0.04998	0.01904	0.01904	0.01349	0.00952	0.00793	0.00238	0.00873	0.00714	0.00793	0.01349
6	0.03031	0.04838	0.02054	0.01544	0.02129	0.01714	0.01269	0.17279	0.16240	0.37017	0.02788	0.02515	0.01883	0.00982	0.00786	0.00245	0.00716	0.00783	0.00873	0.01314
7	0.01118	0.00805	0.01090	0.01265	0.01388	0.00777	0.00995	0.01370	0.01682	0.02201	0.04459	0.37882	0.07809	0.02318	0.01049	0.00341	0.00590	0.31441	0.00733	0.00687
8	0.01153	0.00769	0.00865	0.00865	0.00865	0.00769	0.00480	0.01153	0.01153	0.01538	0.02499	0.05189	0.02883	0.72131	0.04036	0.00769	0.00769	0.01153	0.00480	0.00480
9	0.02305	0.57479	0.03736	0.01508	0.02127	0.17604	0.01395	0.02549	0.01751	0.01882	0.01130	0.01307	0.01018	0.00709	0.00554	0.00177	0.00976	0.00443	0.00354	0.00996
10	0.02051	0.63616	0.12539	0.01475	0.02219	0.02968	0.01563	0.02392	0.01620	0.01950	0.01145	0.01325	0.01016	0.00688	0.00541	0.00180	0.00891	0.00445	0.00339	0.01038
11	0.01590	0.04102	0.68023	0.02260	0.03432	0.01842	0.02930	0.02511	0.01674	0.02511	0.01423	0.01674	0.01005	0.00753	0.00753	0.00251	0.01172	0.00586	0.00335	0.01172
12	0.19994	0.01390	0.01691	0.01329	0.01916	0.01301	0.01098	0.03525	0.02066	0.53513	0.02680	0.02386	0.01718	0.00927	0.00729	0.00245	0.00661	0.00716	0.00873	0.01241
13	0.01153	0.00769	0.00865	0.00865	0.00865	0.00769	0.00480	0.01153	0.01153	0.01538	0.02499	0.05189	0.02883	0.72131	0.04036	0.00769	0.00769	0.01153	0.00480	0.00480
14	0.01356	0.01089	0.01667	0.25796	0.02994	0.01213	0.01605	0.01779	0.01741	0.02250	0.03212	0.06528	0.03323	0.01696	0.00988	0.00329	0.00846	0.40209	0.00596	0.00784
15	0.01498	0.01409	0.02378	0.70226	0.05462	0.01762	0.02202	0.02026	0.01586	0.02026	0.01409	0.02114	0.01057	0.00793	0.00793	0.00264	0.01057	0.00705	0.00352	0.00881
16	0.00966	0.00690	0.00920	0.01104	0.01150	0.00644	0.00736	0.01104	0.01518	0.02024	0.04371	0.71614	0.05245	0.02484	0.01012	0.00322	0.00460	0.02254	0.00736	0.00644
17	0.01872	0.02139	0.04679	0.03342	0.04144	0.02005	0.64305	0.02540	0.01872	0.02540	0.01604	0.02139	0.01203	0.00668	0.00936	0.00267	0.01337	0.00936	0.00401	0.01070
18	0.77733	0.01534	0.01166	0.01043	0.01534	0.01779	0.00859	0.02331	0.01350	0.03558	0.01104	0.01288	0.00859	0.00736	0.00491	0.00245	0.00613	0.00429	0.00491	0.00859
19	0.01963	0.01884	0.03219	0.04867	0.67185	0.01884	0.02434	0.02434	0.01806	0.02591	0.01492	0.01963	0.01256	0.00707	0.00785	0.00236	0.00942	0.00707	0.00393	0.01256
20	0.01580	0.01570	0.02884	0.55523	0.05172	0.01815	0.15854	0.02139	0.01648	0.02139	0.01452	0.02120	0.01089	0.00765	0.00824	0.00265	0.01119	0.00756	0.00363	0.00922
21	0.02962	0.03779	0.02247	0.02043	0.02451	0.68948	0.01532	0.03166	0.02247	0.01941	0.01226	0.01430	0.01021	0.00817	0.00715	0.00204	0.01430	0.00511	0.00409	0.00919
22	0.01518	0.01449	0.02503	0.66616	0.05391	0.01775	0.05554	0.02054	0.01601	0.02054	0.01420	0.02116	0.01065	0.00786	0.00801	0.00264	0.01072	0.00717	0.00355	0.00891
23	0.77733	0.01534	0.01166	0.01043	0.01534	0.01779	0.00859	0.02331	0.01350	0.03558	0.01104	0.01288	0.00859	0.00736	0.00491	0.00245	0.00613	0.00429	0.00491	0.00859
24	0.01922	0.01843	0.03146	0.10545	0.61822	0.01873	0.02414	0.02398	0.01787	0.02542	0.01484	0.01976	0.01239	0.00714	0.00786	0.00238	0.00952	0.00706	0.00389	0.01223
25	0.01590	0.04102	0.68023	0.02260	0.03432	0.01842	0.02930	0.02511	0.01674	0.02511	0.01423	0.01674	0.01005	0.00753	0.00753	0.00251	0.01172	0.00586	0.00335	0.01172
26	0.01590	0.04102	0.68023	0.02260	0.03432	0.01842	0.02930	0.02511	0.01674	0.02511	0.01423	0.01674	0.01005	0.00753	0.00753	0.00251	0.01172	0.00586	0.00335	0.01172
27	0.01065	0.00808	0.00981	0.00938	0.01150	0.00724	0.00703	0.01386	0.02110	0.02860	0.48672	0.06450	0.25777	0.01740	0.00936	0.00255	0.00383	0.01508	0.00831	0.00724
28	0.01942	0.01855	0.03119	0.07710	0.61562	0.01882	0.02372	0.02492	0.04550	0.02596	0.01563	0.02012	0.01297	0.00726	0.00786	0.00238	0.00934	0.00715	0.00409	0.01239
29	0.01153	0.00769	0.00865	0.00865	0.00865	0.00769	0.00480	0.01153	0.01153	0.01538	0.02499	0.05189	0.02883	0.72131	0.04036	0.00769	0.00769	0.01153	0.00480	0.00480
30	0.00966	0.00690	0.00920	0.01104	0.01150	0.00644	0.00736	0.01104	0.01518	0.02024	0.04371	0.71614	0.05245	0.02484	0.01012	0.00322	0.00460	0.02254	0.00736	0.00644
31	0.01613	0.07073	0.65253	0.02221	0.03372	0.01898	0.02862	0.02505	0.01671	0.02483	0.01409	0.01657	0.01005	0.00750	0.00743	0.00248	0.01158	0.00579	0.00335	0.01165
32	0.00937	0.00803	0.00803	0.00803	0.01071	0.00669	0.00602	0.01138	0.01807	0.02142	0.08033	0.07632	0.66863	0.02008	0.00937	0.00268	0.00402	0.01674	0.00736	0.00669
33	0.01938	0.01859	0.03173	0.08394	0.63854	0.01878	0.02421	0.02412	0.01794	0.02560	0.01487	0.01971	0.01245	0.00711	0.00785	0.00237	0.00948	0.00706	0.00390	0.01236
34	0.77733	0.01534	0.01166	0.01043	0.01534	0.01779	0.00859	0.02331	0.01350	0.03558	0.01104	0.01288	0.00859	0.00736	0.00491	0.00245	0.00613	0.00429	0.00491	0.00859
35	0.02120	0.72609	0.04155	0.01357	0.02035	0.03138	0.01357	0.02374	0.01611	0.01866	0.01102	0.01272	0.01018	0.00678	0.00509	0.00170	0.00848	0.00424	0.00339	0.01018
36	0.02120	0.72609	0.04155	0.01357	0.02035	0.03138	0.01357	0.02374	0.01611	0.01866	0.01102	0.01272	0.01018	0.00678	0.00509	0.00170	0.00848	0.00424	0.00339	0.01018
37	0.01872	0.02139	0.04679	0.03342	0.04144	0.02005	0.64305	0.02540	0.01872	0.02540	0.01604	0.02139	0.01203	0.00668	0.00936	0.00267	0.01337	0.00936	0.00401	0.01070
38	0.00966	0.00690	0.00920	0.01104	0.01150	0.00644	0.00736	0.01104	0.01518	0.02024	0.04371	0.71614	0.05245	0.02484	0.01012	0.00322	0.00460	0.02254	0.00736	0.00644
39	0.03014	0.02221	0.02380	0.01825	0.02459	0.02459	0.01507	0.64541	0.03728	0.04998	0.01904	0.01904	0.01349	0.00952	0.00793	0.00238	0.00873	0.00714	0.00793	0.01349
40	0.74256	0.01566	0.01222	0.01079	0.01577	0.01811	0.00889	0.05225	0.01460	0.03625	0.01141	0.01317	0.00882	0.00746	0.00505	0.00245	0.00625	0.00443	0.00505	0.00882
41	0.02854	0.03179	0.02212	0.01948	0.02377	0.48151	0.01496	0.10670	0.07791	0.05978	0.01572	0.01702	0.01232	0.00893	0.00832	0.00223	0.04759	0.00593	0.00517	0.01021
42	0.01888	0.02094	0.04418	0.03615	0.15403	0.01984	0.53255	0.02521	0.01860	0.02549	0.01584	0.02108	0.01213	0.00675	0.00909	0.00262	0.01266	0.00895	0.00400	0.01103
43	0.01931	0.02228	0.04548	0.03272	0.04053	0.05618	0.60917	0.02574	0.01892	0.02508	0.01584	0.02101	0.01193	0.00676	0.00924	0.00264	0.01342	0.00913	0.00401	0.01061
44	0.01377	0.00689	0.01033	0.01033	0.01033	0.00689	0.00689	0.01033	0.01033	0.01377	0.01377	0.02410	0.01377	0.02755	0.03099	0.76928	0.00689	0.00689	0.00344	0.00344
45	0.01186	0.00847	0.01172	0.01355	0.01497	0.00833	0.01118	0.01484	0.01735	0.02270	0.04249	0.27475	0.04765	0.02277	0.01071	0.00352	0.00650	0.44227	0.00732	0.00705
46	0.01937	0.01663	0.01767	0.01606	0.02041	0.01919	0.01256	0.04084	0.62516	0.03269	0.03277	0.03262	0.02529	0.01132	0.00821	0.00274	0.00633	0.03982	0.00803	0.01229
47	0.01963	0.01884	0.03219	0.04867	0.67185	0.01884	0.02434	0.02434	0.01806	0.02591	0.01492	0.01963	0.01256	0.00707	0.00785	0.00236	0.00942	0.00707	0.00393	0.01256
48	0.09033	0.03034	0.02208	0.01883	0.02380	0.39478	0.01469	0.25283	0.02710	0.03177	0.01461	0.01590	0.01127	0.00859	0.00725	0.00220	0.01162	0.00578	0.00554	0.01070
49	0.01156	0.00864	0.01111	0.01222	0.01423	0.00819	0.01021	0.01466	0.01842	0.02359	0.10356	0.10940	0.22468	0.02105	0.01034	0.00326	0.00597	0.37436	0.00744	0.00711
50	0.02334	0.01883	0.01997	0.01687	0.02200	0.02141	0.01343	0.25133	0.44245	0.03900	0.02769	0.02593	0.02049	0.01033	0.00802	0.00258	0.00713	0.00833	0.00802	0.01288
51	0.01808	0.03545	0.53468	0.02101	0.03128	0.01802	0.02554	0.02856	0.10392	0.08135	0.01811	0.01935	0.01277	0.00816	0.00764	0.00253	0.01056	0.00646	0.00453	0.01198
52	0.01590	0.04102	0.68023	0.02260	0.03432	0.01842	0.02930	0.02511	0.01674	0.02511	0.01423	0.01674	0.01005	0.00753	0.00753	0.00251	0.01172	0.00586	0.00335	0.01172
53	0.02168	0.01799	0.02911	0.04126	0.52865	0.01800	0.02163	0.02780	0.07737	0.10995	0.01861	0.02148	0.01453	0.00776	0.00789	0.00240	0.00879	0.00736	0.00506	0.01268
54	0.01772	0.02834	0.27096	0.02959	0.03892	0.01947	0.42584	0.02530	0.01802	0.02530	0.01540	0.01975	0.01133	0.00699	0.00871	0.00262	0.01279	0.00812	0.00378	0.01106
55	0.02105	0.02336	0.07208	0.01954	0.02572	0.15505	0.12050	0.05830	0.20356	0.02760	0.01951	0.02076	0.01502	0.00817	0.00757	0.00219	0.00954	0.00699	0.00547	0.17799
56	0.01498	0.01409	0.02378	0.70226	0.05462	0.01762	0.02202	0.02026	0.01586	0.02026	0.01409	0.02114	0.01057	0.00793	0.00793	0.00264	0.01057	0.00705	0.00352	0.00881
57	0.01993	0.02028	0.03869	0.07072	0.24371	0.01998	0.35120	0.08496	0.02016	0.02769	0.01587	0.02058	0.01227	0.00715	0.00866	0.00254	0.01150	0.00829	0.00434	0.01147
58	0.03014	0.02221	0.02380	0.01825	0.02459	0.02459	0.01507	0.64541	0.03728	0.04998	0.01904	0.01904	0.01349	0.00952	0.00793	0.00238	0.00873	0.00714	0.00793	0.01349
59	0.01149	0.00787	0.00955	0.00955	0.00986	0.00818	0.00593	0.01211	0.01180	0.01604	0.02416	0.04733	0.02685	0.57580	0.18317	0.00880	0.01067	0.01086	0.00468	0.00531
60	0.06425	0.02190	0.02324	0.01789	0.02417	0.02428	0.01478	0.61701	0.03620	0.04932	0.01867	0.01876	0.01326	0.00942	0.00779	0.00238	0.00861	0.00701	0.00779	0.01326
