[name]
unknown

[dist]
# distance from previous block
# <min> <max>
0	9

[block]
# block no. 0 follows, 25 sequences, length 40
# corresponding to MSA columns:
# 9-48
name=unknown_A
#
# <colnr> <probs for GDERKNQSTAVLIFYWHMCP>
#	G	D	E	R	K	N	Q	S	T	A	V	L	I	F	Y	W	H	M	C	P
0	0.01329	0.00952	0.01300	0.01445	0.01644	0.00963	0.01260	0.04591	0.01872	0.02441	0.04000	0.08424	0.04315	0.02085	0.01057	0.00351	0.00720	0.59791	0.00717	0.00742
1	0.02368	0.01541	0.01812	0.01357	0.01987	0.01393	0.01104	0.18373	0.02291	0.18730	0.04553	0.02084	0.01621	0.00796	0.00687	0.00179	0.00657	0.00633	0.00673	0.37162
2	0.05773	0.01553	0.04546	0.01409	0.01951	0.04316	0.01187	0.08987	0.04237	0.42211	0.12720	0.02913	0.02593	0.01031	0.00784	0.00239	0.00682	0.00837	0.00851	0.01181
3	0.05917	0.01526	0.02340	0.01868	0.02269	0.01609	0.16875	0.08475	0.04935	0.02702	0.09089	0.14385	0.02538	0.01220	0.01124	0.00263	0.12667	0.01052	0.00559	0.08589
4	0.01988	0.01695	0.01786	0.01590	0.02039	0.01956	0.01242	0.07662	0.62876	0.03339	0.03081	0.02833	0.02306	0.01045	0.00788	0.00261	0.00627	0.00866	0.00788	0.01233
5	0.00941	0.00718	0.00866	0.00973	0.01099	0.00643	0.00675	0.01107	0.01613	0.02067	0.08187	0.46928	0.26929	0.02232	0.00961	0.00293	0.00426	0.01973	0.00725	0.00643
6	0.01125	0.00761	0.00893	0.00893	0.00909	0.00777	0.00529	0.01158	0.01142	0.01539	0.02400	0.04834	0.02715	0.64827	0.11727	0.00810	0.00909	0.01092	0.00463	0.00496
7	0.01089	0.00792	0.01024	0.00966	0.01153	0.00728	0.00725	0.01446	0.02174	0.03061	0.64648	0.05872	0.10203	0.01603	0.00915	0.00245	0.00367	0.01413	0.00847	0.00728
8	0.12691	0.01694	0.02341	0.27263	0.05278	0.04387	0.08776	0.11548	0.04449	0.11629	0.01716	0.02007	0.01237	0.00810	0.00748	0.00247	0.00923	0.00691	0.00533	0.01032
9	0.02533	0.02422	0.02218	0.12295	0.06369	0.24220	0.01568	0.27022	0.02574	0.03127	0.01555	0.01802	0.01192	0.00917	0.00828	0.03185	0.01037	0.00631	0.03458	0.01047
10	0.00945	0.00675	0.00900	0.01080	0.01125	0.00630	0.00720	0.01080	0.01484	0.01979	0.04274	0.72245	0.05128	0.02429	0.00990	0.00315	0.00450	0.02204	0.00720	0.00630
11	0.01608	0.01378	0.01608	0.01148	0.01837	0.01034	0.00919	0.01952	0.01608	0.02527	0.01378	0.01608	0.01148	0.00574	0.00574	0.00115	0.00574	0.00459	0.00459	0.77491
12	0.07686	0.08300	0.06939	0.01560	0.04551	0.04090	0.01310	0.03265	0.07613	0.38693	0.06229	0.02476	0.01984	0.00928	0.00736	0.00234	0.00725	0.00738	0.00759	0.01184
13	0.02621	0.06852	0.02267	0.01681	0.02253	0.02273	0.01383	0.41782	0.21038	0.06413	0.02211	0.02135	0.01610	0.00947	0.00761	0.00237	0.00778	0.00731	0.00755	0.01271
14	0.03479	0.01320	0.01799	0.01380	0.01979	0.01140	0.01140	0.03779	0.02219	0.68451	0.03059	0.02639	0.01919	0.00960	0.00780	0.00240	0.00660	0.00780	0.00960	0.01320
15	0.02478	0.01907	0.02029	0.01655	0.02184	0.02142	0.01335	0.38319	0.28395	0.04149	0.02403	0.02315	0.01763	0.00977	0.00771	0.00242	0.00737	0.00770	0.04174	0.01256
16	0.02867	0.03345	0.02202	0.01943	0.02383	0.55057	0.01483	0.14116	0.05036	0.02479	0.01394	0.01540	0.01110	0.00832	0.00716	0.00208	0.01271	0.00550	0.00481	0.00986
17	0.06727	0.14613	0.45669	0.02041	0.03012	0.01982	0.07538	0.02486	0.01649	0.05445	0.01412	0.01633	0.01034	0.00727	0.00698	0.00234	0.01051	0.00575	0.00372	0.01102
18	0.05091	0.01518	0.02165	0.51013	0.04317	0.05840	0.01896	0.02038	0.01542	0.02090	0.01387	0.02000	0.01083	0.00850	0.00946	0.00258	0.09114	0.00666	0.05335	0.00852
19	0.00964	0.00689	0.00922	0.01102	0.01156	0.00647	0.00754	0.01114	0.01504	0.02001	0.04263	0.68121	0.05085	0.02410	0.00995	0.00318	0.00467	0.06132	0.00719	0.00635
20	0.04369	0.03654	0.59154	0.02091	0.03145	0.01775	0.02613	0.02612	0.05576	0.05644	0.01566	0.01747	0.01105	0.00766	0.00733	0.00246	0.01072	0.00596	0.00390	0.01148
21	0.01555	0.04011	0.68733	0.02210	0.03356	0.01801	0.02865	0.02455	0.01637	0.02455	0.01391	0.01637	0.00982	0.00737	0.00737	0.00246	0.01146	0.00573	0.00327	0.01146
22	0.00941	0.00775	0.00827	0.00838	0.01068	0.00661	0.00619	0.01151	0.01789	0.02203	0.14550	0.13828	0.54137	0.01966	0.00924	0.00265	0.00395	0.01666	0.00736	0.00661
23	0.01128	0.00752	0.00846	0.00846	0.00846	0.00752	0.00470	0.01128	0.01128	0.01503	0.02443	0.05074	0.02819	0.72751	0.03946	0.00752	0.00752	0.01128	0.00470	0.00470
24	0.02982	0.02116	0.02293	0.01758	0.02377	0.02322	0.01452	0.61332	0.03553	0.09014	0.01939	0.01912	0.01358	0.00933	0.00776	0.00233	0.00841	0.00703	0.00788	0.01319
25	0.01555	0.04011	0.68733	0.02210	0.03356	0.01801	0.02865	0.02455	0.01637	0.02455	0.01391	0.01637	0.00982	0.00737	0.00737	0.00246	0.01146	0.00573	0.00327	0.01146
26	0.00953	0.00780	0.00841	0.00839	0.01073	0.00668	0.00624	0.01179	0.01834	0.02284	0.19202	0.10887	0.52307	0.01917	0.00920	0.00261	0.00391	0.01624	0.00746	0.00668
27	0.78228	0.01499	0.01140	0.01020	0.01499	0.01739	0.00840	0.02279	0.01320	0.03479	0.01080	0.01260	0.00840	0.00720	0.00480	0.00240	0.00600	0.00420	0.00480	0.00840
28	0.01608	0.01378	0.01608	0.01148	0.01837	0.01034	0.00919	0.01952	0.01608	0.02527	0.01378	0.01608	0.01148	0.00574	0.00574	0.00115	0.00574	0.00459	0.00459	0.77491
29	0.01049	0.00772	0.00981	0.00968	0.01138	0.00705	0.00711	0.01354	0.02022	0.02791	0.49307	0.16998	0.14777	0.01774	0.00927	0.00258	0.00383	0.01565	0.00814	0.00705
30	0.01919	0.01842	0.03147	0.04759	0.67914	0.01842	0.02380	0.02380	0.01765	0.02533	0.01458	0.01919	0.01228	0.00691	0.00768	0.00230	0.00921	0.00691	0.00384	0.01228
31	0.01950	0.02068	0.03341	0.14558	0.11914	0.09260	0.27695	0.06457	0.01853	0.02422	0.01434	0.01928	0.01130	0.00798	0.01039	0.00258	0.09717	0.00760	0.00402	0.01016
32	0.01445	0.00723	0.00723	0.00723	0.00903	0.00723	0.00542	0.01807	0.01626	0.02891	0.02529	0.02891	0.01987	0.00903	0.00542	0.00181	0.00361	0.00723	0.77055	0.00723
33	0.01128	0.00752	0.00846	0.00846	0.00846	0.00752	0.00470	0.01128	0.01128	0.01503	0.02443	0.05074	0.02819	0.72751	0.03946	0.00752	0.00752	0.01128	0.00470	0.00470
34	0.01097	0.00793	0.01036	0.00975	0.01158	0.00732	0.00732	0.01463	0.02195	0.03109	0.67505	0.05792	0.07316	0.01585	0.00914	0.00244	0.00366	0.01402	0.00854	0.00732
35	0.01097	0.00793	0.01036	0.00975	0.01158	0.00732	0.00732	0.01463	0.02195	0.03109	0.67505	0.05792	0.07316	0.01585	0.00914	0.00244	0.00366	0.01402	0.00854	0.00732
36	0.01834	0.01774	0.02576	0.31673	0.30459	0.07799	0.02086	0.04635	0.01779	0.02353	0.01468	0.01978	0.01166	0.00755	0.00754	0.00237	0.00981	0.00675	0.03991	0.01026
37	0.01831	0.26474	0.43886	0.01875	0.02833	0.02178	0.02266	0.02485	0.01649	0.05915	0.01382	0.01564	0.01038	0.00725	0.00661	0.00219	0.01015	0.00533	0.00364	0.01106
38	0.01892	0.01814	0.03098	0.08757	0.64131	0.01835	0.02366	0.02355	0.01752	0.02500	0.01454	0.01928	0.01216	0.00696	0.00768	0.00232	0.00928	0.00691	0.00381	0.01206
39	0.59866	0.05945	0.13760	0.01256	0.01869	0.01824	0.01240	0.02314	0.01392	0.03198	0.01137	0.01328	0.00875	0.00720	0.00528	0.00237	0.00713	0.00448	0.00444	0.00905

[dist]
# distance from previous block
# <min> <max>
0	1

[block]
# block no. 1 follows, 25 sequences, length 48
# corresponding to MSA columns:
# 50-97
name=unknown_B
#
# <colnr> <probs for GDERKNQSTAVLIFYWHMCP>
#	G	D	E	R	K	N	Q	S	T	A	V	L	I	F	Y	W	H	M	C	P
0	0.08508	0.18414	0.37957	0.02026	0.05694	0.02035	0.05481	0.02500	0.01652	0.06950	0.01423	0.01624	0.01058	0.00728	0.00676	0.00228	0.00995	0.00563	0.00391	0.01097
1	0.01913	0.01864	0.02696	0.07869	0.45834	0.06455	0.02035	0.02627	0.12267	0.02551	0.02009	0.02308	0.04482	0.00821	0.00774	0.00237	0.00886	0.00752	0.00464	0.01156
2	0.01445	0.00723	0.00723	0.00723	0.00903	0.00723	0.00542	0.01807	0.01626	0.02891	0.02529	0.02891	0.01987	0.00903	0.00542	0.00181	0.00361	0.00723	0.77055	0.00723
3	0.01464	0.01378	0.02326	0.70887	0.05340	0.01723	0.02153	0.01981	0.01550	0.01981	0.01378	0.02067	0.01034	0.00775	0.00775	0.00258	0.01034	0.00689	0.00345	0.00861
4	0.78228	0.01499	0.01140	0.01020	0.01499	0.01739	0.00840	0.02279	0.01320	0.03479	0.01080	0.01260	0.00840	0.00720	0.00480	0.00240	0.00600	0.00420	0.00480	0.00840
5	0.01107	0.00755	0.00840	0.00840	0.00866	0.00742	0.00482	0.01126	0.01191	0.01562	0.02976	0.05309	0.09197	0.65781	0.03648	0.00703	0.00716	0.01178	0.00494	0.00488
6	0.78228	0.01499	0.01140	0.01020	0.01499	0.01739	0.00840	0.02279	0.01320	0.03479	0.01080	0.01260	0.00840	0.00720	0.00480	0.00240	0.00600	0.00420	0.00480	0.00840
7	0.01112	0.00814	0.01162	0.01162	0.01271	0.00923	0.00864	0.01331	0.01221	0.01738	0.02154	0.03473	0.02124	0.19893	0.55854	0.01142	0.01798	0.00893	0.00427	0.00645
8	0.01097	0.00793	0.01036	0.00975	0.01158	0.00732	0.00732	0.01463	0.02195	0.03109	0.67505	0.05792	0.07316	0.01585	0.00914	0.00244	0.00366	0.01402	0.00854	0.00732
9	0.02022	0.01651	0.01808	0.01685	0.04477	0.01878	0.01265	0.04034	0.60204	0.07161	0.03087	0.02841	0.02297	0.01033	0.00788	0.00260	0.00628	0.00864	0.00784	0.01233
10	0.01113	0.00810	0.01141	0.01141	0.01243	0.00912	0.00838	0.01317	0.01215	0.01722	0.02173	0.03580	0.02170	0.23449	0.52361	0.01116	0.01728	0.00909	0.00430	0.00634
11	0.02863	0.01955	0.02144	0.01648	0.02246	0.02098	0.01357	0.51555	0.03269	0.12131	0.02014	0.01995	0.01416	0.00915	0.00754	0.00225	0.00790	0.00697	0.04854	0.05075
12	0.01218	0.00870	0.01213	0.01392	0.01557	0.00865	0.01195	0.01552	0.01754	0.02285	0.04123	0.15314	0.04531	0.02172	0.01063	0.00353	0.00687	0.56439	0.00715	0.00705
13	0.05634	0.05739	0.49069	0.01956	0.02929	0.01744	0.02353	0.02739	0.05117	0.12988	0.01722	0.01830	0.01197	0.00785	0.00725	0.00243	0.01003	0.00609	0.00459	0.01158
14	0.01598	0.09700	0.63417	0.02137	0.03244	0.01905	0.02738	0.02444	0.01632	0.02404	0.01366	0.01605	0.00983	0.00731	0.00717	0.00239	0.01120	0.00560	0.00328	0.01133
15	0.02073	0.73217	0.04063	0.01327	0.01990	0.03068	0.01327	0.02322	0.01575	0.01824	0.01078	0.01244	0.00995	0.00663	0.00498	0.00166	0.00829	0.00415	0.00332	0.00995
16	0.03233	0.01350	0.01782	0.01381	0.01948	0.01216	0.01135	0.08970	0.02342	0.57414	0.08355	0.02835	0.02319	0.01010	0.00791	0.00240	0.00652	0.00825	0.00935	0.01270
17	0.01800	0.02127	0.07480	0.07396	0.07929	0.01931	0.54494	0.02446	0.01800	0.02455	0.01542	0.02058	0.01161	0.00667	0.00889	0.00259	0.01260	0.00871	0.00386	0.01050
18	0.01554	0.01509	0.02671	0.56172	0.11732	0.01763	0.09441	0.02081	0.01605	0.02097	0.01409	0.02055	0.01070	0.00752	0.00791	0.00256	0.01053	0.00715	0.00354	0.00921
19	0.03479	0.01320	0.01799	0.01380	0.01979	0.01140	0.01140	0.03779	0.02219	0.68451	0.03059	0.02639	0.01919	0.00960	0.00780	0.00240	0.00660	0.00780	0.00960	0.01320
20	0.01037	0.00798	0.01143	0.01213	0.01345	0.00745	0.04346	0.01245	0.01598	0.02104	0.06634	0.50711	0.11486	0.02214	0.00986	0.00310	0.00524	0.10186	0.00705	0.00670
21	0.01964	0.01913	0.03005	0.12658	0.50827	0.05617	0.04601	0.05504	0.01858	0.02544	0.01458	0.01912	0.01194	0.00718	0.00771	0.00233	0.00973	0.00689	0.00400	0.01162
22	0.01608	0.08659	0.61162	0.02120	0.03199	0.01894	0.02683	0.02524	0.04660	0.02449	0.01452	0.01669	0.01048	0.00746	0.00723	0.00241	0.01099	0.00576	0.00349	0.01139
23	0.01068	0.00852	0.00970	0.00960	0.01200	0.00781	0.00742	0.01454	0.05814	0.02493	0.25059	0.06824	0.38697	0.01814	0.00925	0.00267	0.00433	0.08164	0.00764	0.00719
24	0.01835	0.01795	0.02812	0.10060	0.53093	0.05027	0.02152	0.02263	0.01768	0.02413	0.02026	0.02416	0.07293	0.00820	0.00779	0.00234	0.00906	0.00768	0.00412	0.01127
25	0.01699	0.18705	0.32042	0.02374	0.11989	0.02010	0.08445	0.02300	0.01633	0.02272	0.01512	0.04831	0.01273	0.01051	0.04397	0.00284	0.01078	0.00674	0.00365	0.01067
26	0.01108	0.00831	0.01246	0.01246	0.01385	0.00969	0.00969	0.01385	0.01246	0.01800	0.02077	0.03046	0.01938	0.05815	0.69678	0.01246	0.02077	0.00831	0.00415	0.00692
27	0.02012	0.64216	0.09914	0.01434	0.02117	0.02926	0.01481	0.02317	0.01567	0.01884	0.01104	0.01297	0.00995	0.00696	0.00596	0.00180	0.03493	0.00439	0.00332	0.01003
28	0.70795	0.08499	0.01425	0.01050	0.01547	0.01869	0.00887	0.02283	0.01345	0.03317	0.01079	0.01258	0.00855	0.00714	0.00482	0.00233	0.00622	0.00419	0.00465	0.00855
29	0.01796	0.01945	0.05948	0.11250	0.21752	0.01931	0.27409	0.02449	0.06158	0.02432	0.01565	0.02040	0.01234	0.00776	0.00997	0.00259	0.07793	0.00788	0.00404	0.01073
30	0.01821	0.01757	0.03040	0.18342	0.52187	0.01823	0.05094	0.02302	0.01724	0.02417	0.01447	0.01957	0.01186	0.00707	0.00776	0.00237	0.00961	0.00700	0.00376	0.01144
31	0.00935	0.00737	0.00844	0.00920	0.01085	0.00646	0.00651	0.01110	0.01658	0.02078	0.08274	0.35633	0.38380	0.02154	0.00948	0.00284	0.00417	0.01876	0.00724	0.00646
32	0.02281	0.01785	0.01946	0.05097	0.04612	0.04193	0.01296	0.35932	0.09692	0.03677	0.05231	0.02888	0.05414	0.10994	0.01229	0.00310	0.00797	0.00851	0.00686	0.01089
33	0.01016	0.00739	0.00957	0.01010	0.01135	0.00680	0.00716	0.01265	0.01844	0.02528	0.34781	0.35988	0.10470	0.01993	0.00949	0.00277	0.00406	0.01781	0.00784	0.00680
34	0.02041	0.01549	0.01695	0.01453	0.01870	0.01686	0.01163	0.27474	0.18170	0.03640	0.09816	0.07035	0.07989	0.01274	0.00825	0.00254	0.00651	0.05565	0.04779	0.01072
35	0.01487	0.00980	0.01373	0.01232	0.01514	0.00903	0.04285	0.01881	0.04225	0.11241	0.34224	0.16421	0.05190	0.01566	0.00898	0.00258	0.00515	0.05943	0.00785	0.05077
36	0.03451	0.01364	0.01827	0.01401	0.02002	0.01206	0.01157	0.07009	0.02294	0.65115	0.02996	0.02598	0.01888	0.00958	0.00780	0.00240	0.00670	0.00775	0.00950	0.01319
37	0.01919	0.01842	0.03147	0.04759	0.67914	0.01842	0.02380	0.02380	0.01765	0.02533	0.01458	0.01919	0.01228	0.00691	0.00768	0.00230	0.00921	0.00691	0.00384	0.01228
38	0.01907	0.01807	0.03039	0.11243	0.59542	0.01849	0.02327	0.04401	0.01806	0.02555	0.01464	0.01932	0.01212	0.00707	0.00769	0.00233	0.00930	0.00691	0.00393	0.01195
39	0.01919	0.01842	0.03147	0.04759	0.67914	0.01842	0.02380	0.02380	0.01765	0.02533	0.01458	0.01919	0.01228	0.00691	0.00768	0.00230	0.00921	0.00691	0.00384	0.01228
40	0.01308	0.00968	0.01214	0.01135	0.01413	0.00884	0.03611	0.05807	0.01854	0.06341	0.07044	0.24546	0.31125	0.01851	0.00914	0.00272	0.00520	0.04801	0.00717	0.03675
41	0.01711	0.09471	0.02189	0.12287	0.11182	0.10868	0.01475	0.02095	0.04127	0.02153	0.06473	0.06365	0.05178	0.01592	0.08770	0.00352	0.07801	0.00825	0.00460	0.04626
42	0.02024	0.44483	0.11930	0.01693	0.05805	0.11674	0.01557	0.02373	0.01732	0.02068	0.06942	0.01750	0.01557	0.00773	0.00607	0.00191	0.00913	0.00548	0.00389	0.00992
43	0.01877	0.01810	0.03094	0.09969	0.56152	0.01843	0.05784	0.02434	0.04772	0.02518	0.01537	0.01986	0.01262	0.00713	0.00777	0.00236	0.00937	0.00712	0.00400	0.01188
44	0.01913	0.05284	0.05599	0.08958	0.55935	0.04109	0.02305	0.02376	0.01751	0.02438	0.01424	0.01870	0.01187	0.00701	0.00752	0.00229	0.00949	0.00667	0.00377	0.01178
45	0.07120	0.01809	0.03100	0.09517	0.51500	0.01839	0.09081	0.02353	0.01725	0.02550	0.01438	0.01904	0.01181	0.00695	0.00764	0.00237	0.00950	0.00696	0.00388	0.01153
46	0.17884	0.01792	0.06195	0.08467	0.22537	0.01750	0.01674	0.07311	0.09325	0.09242	0.01744	0.01939	0.01317	0.00786	0.00701	0.00234	0.00794	0.00646	0.00532	0.05129
47	0.07147	0.03852	0.05721	0.02555	0.24288	0.01587	0.01641	0.06440	0.04232	0.28679	0.04599	0.02302	0.01728	0.00859	0.00752	0.00235	0.00773	0.00728	0.00665	0.01216

[dist]
# distance from previous block
# <min> <max>
7	136

[block]
# block no. 2 follows, 25 sequences, length 7
# corresponding to MSA columns:
# 234-240
name=unknown_C
#
# <colnr> <probs for GDERKNQSTAVLIFYWHMCP>
#	G	D	E	R	K	N	Q	S	T	A	V	L	I	F	Y	W	H	M	C	P
0	0.02002	0.05053	0.02676	0.02946	0.28541	0.01851	0.07379	0.08131	0.17302	0.05124	0.05220	0.02328	0.01812	0.00839	0.00770	0.00232	0.00816	0.00768	0.00559	0.05651
1	0.01984	0.04756	0.05303	0.05671	0.19527	0.01773	0.04571	0.10695	0.10119	0.05832	0.01852	0.03951	0.01509	0.02770	0.00900	0.00238	0.03759	0.00727	0.00528	0.13533
2	0.08435	0.22905	0.03235	0.03030	0.32434	0.02171	0.06632	0.02406	0.04034	0.02426	0.01380	0.01698	0.01160	0.00690	0.00666	0.00210	0.00869	0.00599	0.00395	0.04623
3	0.39455	0.01465	0.04153	0.01146	0.01580	0.01478	0.00943	0.06570	0.04828	0.03105	0.07148	0.06373	0.01987	0.08628	0.00974	0.00289	0.00628	0.00735	0.00552	0.07963
4	0.01354	0.01119	0.01531	0.13101	0.10573	0.01170	0.01194	0.04599	0.05424	0.02211	0.03605	0.14773	0.15576	0.15124	0.01459	0.00363	0.00698	0.04760	0.00572	0.00792
5	0.01795	0.01752	0.03093	0.21236	0.45330	0.01825	0.09042	0.02290	0.01718	0.02389	0.01450	0.01975	0.01174	0.00708	0.00785	0.00241	0.00991	0.00714	0.00375	0.01116
6	0.02023	0.02045	0.02747	0.09427	0.44043	0.11584	0.02072	0.02693	0.10893	0.02495	0.01653	0.01993	0.01339	0.00764	0.00761	0.00233	0.00956	0.00689	0.00440	0.01150

[dist]
# distance from previous block
# <min> <max>
0	1

[block]
# block no. 3 follows, 25 sequences, length 98
# corresponding to MSA columns:
# 242-339
name=unknown_D
#
# <colnr> <probs for GDERKNQSTAVLIFYWHMCP>
#	G	D	E	R	K	N	Q	S	T	A	V	L	I	F	Y	W	H	M	C	P
0	0.02064	0.01890	0.02805	0.08173	0.27858	0.04706	0.10721	0.16124	0.06049	0.03016	0.04571	0.04989	0.01701	0.00879	0.00804	0.00242	0.00928	0.00818	0.00526	0.01136
1	0.01419	0.01249	0.02037	0.10089	0.26377	0.01264	0.03633	0.01754	0.01636	0.02234	0.02817	0.30215	0.03052	0.01523	0.00890	0.00280	0.00741	0.07349	0.00544	0.00897
2	0.01879	0.01818	0.03122	0.08526	0.58967	0.01862	0.04800	0.02339	0.01731	0.02471	0.01440	0.01925	0.01206	0.00722	0.00847	0.00238	0.03845	0.00699	0.00380	0.01184
3	0.06414	0.01559	0.01916	0.01475	0.02075	0.01509	0.01218	0.20494	0.02571	0.48447	0.02651	0.02370	0.01711	0.00942	0.00766	0.00238	0.00710	0.00743	0.00890	0.01300
4	0.01501	0.01416	0.02392	0.65503	0.10435	0.01732	0.02172	0.02013	0.01568	0.02026	0.01385	0.02055	0.01049	0.00768	0.00775	0.00256	0.01024	0.00689	0.00348	0.00891
5	0.00945	0.00675	0.00900	0.01080	0.01125	0.00630	0.00720	0.01080	0.01484	0.01979	0.04274	0.72245	0.05128	0.02429	0.00990	0.00315	0.00450	0.02204	0.00720	0.00630
6	0.00931	0.00786	0.00806	0.00801	0.01056	0.00661	0.00601	0.01141	0.01802	0.02176	0.12654	0.07328	0.62749	0.01933	0.00916	0.00260	0.00391	0.01618	0.00731	0.00661
7	0.00924	0.00786	0.00796	0.00794	0.01052	0.00658	0.00595	0.01128	0.01786	0.02138	0.10407	0.07390	0.65020	0.01947	0.00916	0.00261	0.00392	0.01626	0.00726	0.00658
8	0.01464	0.01378	0.02326	0.70887	0.05340	0.01723	0.02153	0.01981	0.01550	0.01981	0.01378	0.02067	0.01034	0.00775	0.00775	0.00258	0.01034	0.00689	0.00345	0.00861
9	0.02896	0.03695	0.02197	0.01998	0.02397	0.69638	0.01498	0.03096	0.02197	0.01898	0.01199	0.01398	0.00999	0.00799	0.00699	0.00200	0.01398	0.00499	0.00400	0.00899
10	0.00950	0.00679	0.00905	0.01076	0.01126	0.00634	0.00720	0.01094	0.01511	0.02021	0.06594	0.69806	0.05208	0.02398	0.00987	0.00312	0.00447	0.02175	0.00725	0.00634
11	0.02947	0.02172	0.02327	0.01784	0.02404	0.02404	0.01474	0.65329	0.03646	0.04887	0.01862	0.01862	0.01319	0.00931	0.00776	0.00233	0.00853	0.00698	0.00776	0.01319
12	0.01128	0.00752	0.00846	0.00846	0.00846	0.00752	0.00470	0.01128	0.01128	0.01503	0.02443	0.05074	0.02819	0.72751	0.03946	0.00752	0.00752	0.01128	0.00470	0.00470
13	0.01890	0.01992	0.07170	0.04485	0.58815	0.01850	0.07569	0.02393	0.01763	0.02524	0.01464	0.01916	0.01209	0.00691	0.00778	0.00234	0.00966	0.00702	0.00381	0.01208
14	0.01445	0.00723	0.00723	0.00723	0.00903	0.00723	0.00542	0.01807	0.01626	0.02891	0.02529	0.02891	0.01987	0.00903	0.00542	0.00181	0.00361	0.00723	0.77055	0.00723
15	0.02477	0.02134	0.07248	0.01744	0.02340	0.02188	0.01493	0.38687	0.25870	0.04114	0.02286	0.02211	0.01666	0.00959	0.00777	0.00244	0.00791	0.00752	0.00746	0.01273
16	0.01602	0.04000	0.66402	0.02202	0.03322	0.04178	0.02817	0.02478	0.01657	0.02436	0.01385	0.01629	0.00983	0.00739	0.00735	0.00244	0.01155	0.00570	0.00330	0.01137
17	0.05103	0.41931	0.13355	0.01591	0.02295	0.05383	0.04039	0.05185	0.05608	0.06895	0.01445	0.01565	0.01154	0.00737	0.00607	0.00200	0.00888	0.00527	0.00432	0.01060
18	0.02019	0.65133	0.08844	0.01422	0.02094	0.02945	0.01457	0.02313	0.01564	0.01873	0.01099	0.01292	0.00995	0.00697	0.00598	0.00179	0.03707	0.00437	0.00332	0.01000
19	0.00945	0.00675	0.00900	0.01080	0.01125	0.00630	0.00720	0.01080	0.01484	0.01979	0.04274	0.72245	0.05128	0.02429	0.00990	0.00315	0.00450	0.02204	0.00720	0.00630
20	0.01833	0.01756	0.03020	0.09365	0.56648	0.01772	0.04878	0.02300	0.01778	0.02524	0.05390	0.02168	0.01574	0.00749	0.00783	0.00234	0.00912	0.00742	0.00409	0.01164
21	0.01690	0.03069	0.37258	0.02729	0.03698	0.01879	0.33396	0.02469	0.01732	0.02469	0.01478	0.01860	0.01078	0.00696	0.00824	0.00253	0.01225	0.00741	0.00359	0.01097
22	0.01424	0.01082	0.03360	0.01114	0.01387	0.00998	0.00865	0.02040	0.13223	0.07976	0.29423	0.07435	0.13348	0.11347	0.01299	0.00322	0.00518	0.01256	0.00757	0.00829
23	0.01141	0.00750	0.00840	0.00840	0.00848	0.00750	0.00473	0.01156	0.01149	0.01562	0.02447	0.04981	0.02783	0.69693	0.03802	0.00727	0.00735	0.01110	0.03729	0.00481
24	0.11342	0.02096	0.11275	0.01637	0.02301	0.01876	0.01493	0.29882	0.05386	0.21850	0.02093	0.02021	0.01428	0.00893	0.00739	0.00239	0.00802	0.00679	0.00731	0.01237
25	0.01886	0.02024	0.08294	0.04474	0.59129	0.01846	0.06151	0.02392	0.01759	0.02524	0.01460	0.01908	0.01206	0.00692	0.00774	0.00233	0.00961	0.00695	0.00380	0.01211
26	0.01122	0.00774	0.00958	0.00958	0.00997	0.00813	0.00610	0.01200	0.01161	0.01587	0.02340	0.04504	0.02571	0.53944	0.22415	0.00891	0.01124	0.01044	0.00455	0.00532
27	0.78228	0.01499	0.01140	0.01020	0.01499	0.01739	0.00840	0.02279	0.01320	0.03479	0.01080	0.01260	0.00840	0.00720	0.00480	0.00240	0.00600	0.00420	0.00480	0.00840
28	0.02106	0.01745	0.05742	0.01570	0.02083	0.01775	0.01300	0.03882	0.51058	0.12121	0.02962	0.02729	0.02171	0.01000	0.00775	0.00252	0.00650	0.00827	0.00771	0.04481
29	0.01082	0.00792	0.01016	0.00960	0.01149	0.00725	0.00720	0.01434	0.02160	0.03026	0.62597	0.05929	0.12276	0.01616	0.00915	0.00245	0.00368	0.01421	0.00843	0.00725
30	0.00986	0.00706	0.00939	0.01073	0.01149	0.00659	0.00742	0.01174	0.01634	0.02211	0.16530	0.56971	0.05527	0.02255	0.00978	0.00303	0.00443	0.04322	0.00745	0.00653
31	0.01626	0.13458	0.59905	0.02089	0.03169	0.01974	0.02655	0.02437	0.01629	0.02369	0.01349	0.01583	0.00984	0.00727	0.00704	0.00235	0.01103	0.00551	0.00328	0.01125
32	0.02774	0.01247	0.01632	0.01307	0.01795	0.01139	0.01058	0.06674	0.04974	0.45416	0.19495	0.03413	0.03286	0.01122	0.00814	0.00241	0.00594	0.00939	0.00915	0.01165
33	0.02273	0.02311	0.02687	0.05549	0.37036	0.18589	0.01961	0.10426	0.06751	0.02701	0.01564	0.01858	0.01259	0.00776	0.00754	0.00226	0.01012	0.00658	0.00464	0.01147
34	0.00924	0.00786	0.00796	0.00793	0.01052	0.00658	0.00595	0.01127	0.01785	0.02137	0.10340	0.07392	0.65087	0.01948	0.00916	0.00261	0.00392	0.01627	0.00726	0.00658
35	0.01608	0.01378	0.01608	0.01148	0.01837	0.01034	0.00919	0.01952	0.01608	0.02527	0.01378	0.01608	0.01148	0.00574	0.00574	0.00115	0.00574	0.00459	0.00459	0.77491
36	0.00994	0.00742	0.01036	0.07756	0.01528	0.00734	0.00857	0.01166	0.01491	0.01979	0.03997	0.65533	0.04737	0.02271	0.00969	0.00309	0.00506	0.02059	0.00684	0.00652
37	0.01919	0.01842	0.03147	0.04759	0.67914	0.01842	0.02380	0.02380	0.01765	0.02533	0.01458	0.01919	0.01228	0.00691	0.00768	0.00230	0.00921	0.00691	0.00384	0.01228
38	0.01855	0.01370	0.01633	0.01179	0.01856	0.01048	0.00948	0.02194	0.01689	0.11251	0.01601	0.01744	0.01250	0.00625	0.00601	0.00131	0.00586	0.00502	0.00526	0.67410
39	0.02073	0.73217	0.04063	0.01327	0.01990	0.03068	0.01327	0.02322	0.01575	0.01824	0.01078	0.01244	0.00995	0.00663	0.00498	0.00166	0.00829	0.00415	0.00332	0.00995
40	0.78228	0.01499	0.01140	0.01020	0.01499	0.01739	0.00840	0.02279	0.01320	0.03479	0.01080	0.01260	0.00840	0.00720	0.00480	0.00240	0.00600	0.00420	0.00480	0.00840
41	0.01919	0.01842	0.03147	0.04759	0.67914	0.01842	0.02380	0.02380	0.01765	0.02533	0.01458	0.01919	0.01228	0.00691	0.00768	0.00230	0.00921	0.00691	0.00384	0.01228
42	0.01427	0.01145	0.01754	0.02313	0.19229	0.01145	0.01550	0.01812	0.01780	0.02377	0.03402	0.06932	0.03603	0.01756	0.00990	0.00323	0.00769	0.46217	0.00626	0.00851
43	0.01464	0.01378	0.02326	0.70887	0.05340	0.01723	0.02153	0.01981	0.01550	0.01981	0.01378	0.02067	0.01034	0.00775	0.00775	0.00258	0.01034	0.00689	0.00345	0.00861
44	0.78228	0.01499	0.01140	0.01020	0.01499	0.01739	0.00840	0.02279	0.01320	0.03479	0.01080	0.01260	0.00840	0.00720	0.00480	0.00240	0.00600	0.00420	0.00480	0.00840
45	0.01128	0.00752	0.00846	0.00846	0.00846	0.00752	0.00470	0.01128	0.01128	0.01503	0.02443	0.05074	0.02819	0.72751	0.03946	0.00752	0.00752	0.01128	0.00470	0.00470
46	0.03479	0.01320	0.01799	0.01380	0.01979	0.01140	0.01140	0.03779	0.02219	0.68451	0.03059	0.02639	0.01919	0.00960	0.00780	0.00240	0.00660	0.00780	0.00960	0.01320
47	0.01128	0.00752	0.00846	0.00846	0.00846	0.00752	0.00470	0.01128	0.01128	0.01503	0.02443	0.05074	0.02819	0.72751	0.03946	0.00752	0.00752	0.01128	0.00470	0.00470
48	0.01090	0.00792	0.01027	0.00968	0.01154	0.00729	0.00726	0.01450	0.02178	0.03070	0.65189	0.05857	0.09657	0.01600	0.00915	0.00245	0.00367	0.01411	0.00848	0.00729
49	0.01596	0.01679	0.03474	0.02632	0.03204	0.01581	0.45024	0.02119	0.01764	0.02374	0.02391	0.15062	0.02319	0.01169	0.00950	0.00284	0.01076	0.09879	0.00494	0.00927
50	0.01115	0.00746	0.00849	0.00862	0.00865	0.00743	0.00487	0.01124	0.01152	0.01536	0.02569	0.09696	0.02978	0.67912	0.03743	0.00722	0.00731	0.01202	0.00487	0.00481
51	0.01919	0.01842	0.03147	0.04759	0.67914	0.01842	0.02380	0.02380	0.01765	0.02533	0.01458	0.01919	0.01228	0.00691	0.00768	0.00230	0.00921	0.00691	0.00384	0.01228
52	0.02725	0.03370	0.02206	0.04805	0.05136	0.58924	0.01539	0.03103	0.07170	0.02032	0.01369	0.01562	0.01116	0.00813	0.00712	0.00208	0.01303	0.00544	0.00427	0.00936
53	0.01114	0.00818	0.01057	0.01106	0.01285	0.00770	0.00881	0.01424	0.01906	0.02553	0.30044	0.11017	0.15463	0.04324	0.01078	0.00308	0.00510	0.22883	0.00763	0.00698
54	0.01658	0.01203	0.01469	0.01279	0.01621	0.01173	0.02893	0.15664	0.02053	0.05304	0.05834	0.25139	0.06856	0.04248	0.03807	0.00303	0.00658	0.01263	0.05269	0.12305
55	0.11800	0.03249	0.46814	0.02001	0.02961	0.01796	0.04952	0.07494	0.01807	0.07923	0.01525	0.01703	0.01071	0.00764	0.00717	0.00244	0.01021	0.00593	0.00435	0.01129
56	0.03479	0.01320	0.01799	0.01380	0.01979	0.01140	0.01140	0.03779	0.02219	0.68451	0.03059	0.02639	0.01919	0.00960	0.00780	0.00240	0.00660	0.00780	0.00960	0.01320
57	0.38031	0.01691	0.01696	0.01413	0.01903	0.04687	0.03416	0.09762	0.09413	0.14139	0.01756	0.01808	0.01280	0.00861	0.00747	0.00247	0.04911	0.00600	0.00613	0.01028
58	0.01870	0.01792	0.03059	0.11863	0.61192	0.01829	0.02355	0.02337	0.01742	0.02474	0.01450	0.01935	0.01207	0.00700	0.00768	0.00233	0.00933	0.00691	0.00380	0.01189
59	0.03479	0.01320	0.01799	0.01380	0.01979	0.01140	0.01140	0.03779	0.02219	0.68451	0.03059	0.02639	0.01919	0.00960	0.00780	0.00240	0.00660	0.00780	0.00960	0.01320
60	0.00944	0.00679	0.00896	0.01069	0.01122	0.00631	0.00715	0.01081	0.01495	0.01983	0.04401	0.69939	0.07352	0.02413	0.00987	0.00313	0.00448	0.02184	0.00720	0.00631
61	0.02358	0.02294	0.04971	0.09471	0.13136	0.18528	0.09086	0.10460	0.06719	0.10054	0.01965	0.02148	0.03577	0.00852	0.00777	0.00235	0.01026	0.00722	0.00535	0.01087
62	0.06492	0.05587	0.01866	0.01338	0.01923	0.01261	0.01116	0.03523	0.02125	0.59090	0.03045	0.02687	0.04405	0.00971	0.00755	0.00236	0.00657	0.00776	0.00892	0.01253
63	0.01374	0.01068	0.01311	0.01383	0.01613	0.01130	0.01120	0.02207	0.20191	0.02511	0.03998	0.19007	0.06203	0.01879	0.00970	0.00319	0.00624	0.31514	0.00737	0.00842
64	0.02896	0.03695	0.02197	0.01998	0.02397	0.69638	0.01498	0.03096	0.02197	0.01898	0.01199	0.01398	0.00999	0.00799	0.00699	0.00200	0.01398	0.00499	0.00400	0.00899
65	0.04059	0.00746	0.00971	0.01139	0.01225	0.00720	0.00819	0.01221	0.01531	0.02099	0.04117	0.58148	0.04840	0.02310	0.00984	0.00319	0.00503	0.12885	0.00709	0.00653
66	0.01873	0.01788	0.03042	0.07257	0.63144	0.01800	0.02314	0.02332	0.01772	0.02531	0.03715	0.02057	0.01429	0.00725	0.00773	0.00232	0.00907	0.00715	0.00398	0.01197
67	0.01551	0.03739	0.62118	0.02264	0.05808	0.01748	0.02749	0.02402	0.01651	0.02451	0.01556	0.02071	0.01199	0.00819	0.00758	0.00252	0.01111	0.04277	0.00353	0.01123
68	0.00916	0.00785	0.00785	0.00785	0.01047	0.00655	0.00589	0.01113	0.01767	0.02095	0.07855	0.07462	0.67599	0.01964	0.00916	0.00262	0.00393	0.01636	0.00720	0.00655
69	0.01919	0.01842	0.03147	0.04759	0.67914	0.01842	0.02380	0.02380	0.01765	0.02533	0.01458	0.01919	0.01228	0.00691	0.00768	0.00230	0.00921	0.00691	0.00384	0.01228
70	0.56923	0.14548	0.01664	0.01072	0.01557	0.01886	0.00918	0.02209	0.01450	0.03141	0.07432	0.01690	0.01488	0.00792	0.00525	0.00227	0.00619	0.00513	0.00488	0.00858
71	0.01415	0.01311	0.02189	0.64211	0.04937	0.01618	0.02016	0.01895	0.01544	0.01981	0.01655	0.08779	0.01425	0.00933	0.00796	0.00264	0.00978	0.00834	0.00380	0.00839
72	0.01744	0.01877	0.03844	0.02797	0.03510	0.01729	0.50053	0.02326	0.01795	0.02474	0.01785	0.02661	0.01487	0.00785	0.00882	0.00250	0.01148	0.06760	0.00432	0.11661
73	0.01160	0.00917	0.01365	0.01187	0.01431	0.00846	0.06882	0.01547	0.02143	0.03009	0.58849	0.05504	0.09103	0.01511	0.00915	0.00246	0.00457	0.01365	0.00804	0.00759
74	0.03251	0.01269	0.01726	0.01341	0.01901	0.01101	0.01101	0.03557	0.02217	0.62202	0.09223	0.02941	0.02435	0.01019	0.00793	0.00240	0.00632	0.00839	0.00950	0.01263
75	0.01090	0.00792	0.01026	0.00968	0.01154	0.00728	0.00726	0.01449	0.02177	0.03068	0.65090	0.05859	0.09756	0.01600	0.00915	0.00245	0.00367	0.01412	0.00848	0.00728
76	0.01962	0.66290	0.03750	0.01275	0.01900	0.02837	0.01256	0.02206	0.01594	0.01850	0.01726	0.01838	0.07365	0.00788	0.00538	0.00175	0.00787	0.00531	0.00369	0.00962
77	0.01324	0.00688	0.01033	0.01033	0.01046	0.00702	0.00702	0.01046	0.01033	0.01390	0.01417	0.02423	0.01403	0.02992	0.09404	0.70154	0.00808	0.00688	0.00344	0.00371
78	0.10628	0.01337	0.01736	0.01345	0.01933	0.01197	0.01111	0.03635	0.02133	0.62237	0.02870	0.02507	0.01816	0.00937	0.00751	0.00240	0.00654	0.00745	0.00914	0.01274
79	0.01127	0.00863	0.01043	0.01007	0.01216	0.00821	0.00750	0.01611	0.08192	0.02813	0.43514	0.12531	0.18209	0.01692	0.00910	0.00256	0.00403	0.01478	0.00808	0.00754
80	0.02348	0.01341	0.01661	0.01272	0.01861	0.01126	0.01021	0.06769	0.01965	0.27816	0.02329	0.08774	0.01835	0.00923	0.00706	0.00190	0.00614	0.00764	0.00696	0.35989
81	0.01826	0.01731	0.02932	0.04407	0.61526	0.01726	0.02221	0.02255	0.01739	0.02480	0.01728	0.08645	0.01601	0.00857	0.00789	0.00238	0.00876	0.00836	0.00416	0.01171
82	0.01905	0.58199	0.11311	0.01406	0.02067	0.02687	0.01448	0.02219	0.01574	0.01913	0.01420	0.08080	0.01389	0.00841	0.00572	0.00189	0.00830	0.00604	0.00368	0.00978
83	0.01853	0.01746	0.02749	0.06921	0.53614	0.04344	0.02088	0.02286	0.01760	0.02501	0.01801	0.02218	0.03920	0.00770	0.00750	0.00227	0.00870	0.00724	0.07729	0.01129
84	0.01116	0.00797	0.01074	0.01074	0.01153	0.00876	0.00754	0.01274	0.01195	0.01672	0.02234	0.03919	0.02317	0.34621	0.41391	0.01033	0.01507	0.00958	0.00439	0.00597
85	0.01224	0.00965	0.01235	0.07773	0.01698	0.00987	0.00962	0.01814	0.10926	0.02724	0.33824	0.12654	0.12072	0.01611	0.00905	0.00267	0.00504	0.06309	0.00756	0.00792
86	0.06143	0.01492	0.01801	0.01424	0.01998	0.01444	0.01159	0.10282	0.14602	0.39971	0.02702	0.02446	0.01820	0.00927	0.00749	0.00232	0.00661	0.00743	0.00839	0.08566
87	0.09585	0.01698	0.01781	0.01648	0.04793	0.06330	0.01250	0.05499	0.34747	0.15865	0.02748	0.02860	0.02083	0.01031	0.00767	0.00255	0.00702	0.04456	0.00744	0.01158
88	0.01751	0.01803	0.03703	0.02939	0.09568	0.01696	0.45400	0.02313	0.01873	0.04619	0.10952	0.05535	0.02229	0.00871	0.00900	0.00258	0.01082	0.01011	0.00487	0.01010
89	0.01912	0.01830	0.02948	0.02530	0.11734	0.04312	0.24506	0.12003	0.02076	0.02850	0.05667	0.07059	0.01836	0.00873	0.00810	0.00227	0.00942	0.00874	0.00513	0.14497
90	0.14157	0.01760	0.01920	0.01527	0.02095	0.01883	0.01250	0.29928	0.11924	0.22234	0.02266	0.02138	0.01566	0.00925	0.00735	0.00240	0.00727	0.00705	0.00785	0.01234
91	0.05227	0.01590	0.01794	0.01415	0.01957	0.01588	0.01141	0.26945	0.04882	0.13576	0.04907	0.07800	0.01972	0.00998	0.00735	0.00214	0.00673	0.00804	0.03330	0.18453
92	0.02518	0.01747	0.02096	0.01920	0.09222	0.06262	0.03345	0.18339	0.06963	0.20571	0.08591	0.02663	0.04226	0.01002	0.00856	0.00236	0.03570	0.00812	0.00720	0.04343
93	0.11683	0.02090	0.12358	0.01831	0.06834	0.01809	0.01560	0.22891	0.06283	0.18904	0.02006	0.01993	0.01400	0.00858	0.00727	0.00234	0.00802	0.00665	0.00674	0.04399
94	0.34020	0.02335	0.20603	0.01525	0.02191	0.04429	0.01538	0.07642	0.07938	0.05832	0.04131	0.01812	0.01370	0.00820	0.00644	0.00242	0.00802	0.00586	0.00521	0.01020
95	0.04663	0.02766	0.13354	0.02378	0.14917	0.25469	0.01780	0.07831	0.07245	0.05340	0.01644	0.01831	0.01268	0.00809	0.00719	0.00223	0.01041	0.00617	0.05036	0.01068
96	0.04971	0.02040	0.11228	0.02837	0.28563	0.06102	0.01824	0.02601	0.14510	0.02673	0.07662	0.02756	0.07009	0.00948	0.00775	0.00241	0.00823	0.00819	0.00525	0.01094
97	0.05340	0.01965	0.04850	0.02410	0.20919	0.13707	0.01539	0.05113	0.07938	0.10109	0.09143	0.02475	0.02092	0.00905	0.00740	0.00227	0.00827	0.00749	0.07890	0.01060

[dist]
# distance from previous block
# <min> <max>
37	115

[block]
# block no. 4 follows, 25 sequences, length 84
# corresponding to MSA columns:
# 486-569
name=unknown_E
#
# <colnr> <probs for GDERKNQSTAVLIFYWHMCP>
#	G	D	E	R	K	N	Q	S	T	A	V	L	I	F	Y	W	H	M	C	P
0	0.02078	0.46258	0.12376	0.01529	0.02195	0.08186	0.01530	0.08026	0.01831	0.02237	0.03583	0.01596	0.01282	0.00939	0.03237	0.00230	0.00953	0.00520	0.00398	0.01016
1	0.01731	0.30318	0.40752	0.01813	0.02728	0.02234	0.02174	0.02357	0.01640	0.02246	0.04449	0.01686	0.01292	0.00749	0.00654	0.00215	0.00987	0.00552	0.00354	0.01068
2	0.07835	0.25347	0.22817	0.01913	0.08142	0.02186	0.01823	0.07703	0.04497	0.06038	0.01575	0.04121	0.01278	0.00809	0.00660	0.00220	0.00886	0.00612	0.00449	0.01090
3	0.07934	0.27116	0.17985	0.04036	0.07215	0.04943	0.01711	0.09871	0.01872	0.02549	0.01821	0.01982	0.06291	0.00830	0.00654	0.00215	0.00888	0.00614	0.00433	0.01039
4	0.11309	0.15636	0.25233	0.02226	0.11536	0.02059	0.06202	0.07384	0.04375	0.02687	0.01513	0.03825	0.01223	0.00789	0.00690	0.00231	0.00935	0.00636	0.00425	0.01086
5	0.02233	0.18972	0.05815	0.02304	0.12796	0.05229	0.09494	0.20767	0.04756	0.03025	0.01627	0.03751	0.01324	0.00815	0.00720	0.00218	0.00920	0.00683	0.00513	0.04038
6	0.05696	0.11915	0.02239	0.04457	0.06825	0.04838	0.01318	0.08874	0.10762	0.26196	0.04712	0.02294	0.01796	0.00892	0.00720	0.00225	0.00746	0.00707	0.00695	0.04092
7	0.05355	0.05123	0.09685	0.05505	0.20943	0.01724	0.13490	0.05049	0.01817	0.08294	0.01576	0.01873	0.01207	0.00705	0.00734	0.00217	0.00915	0.00663	0.00459	0.14665
8	0.01918	0.04702	0.02786	0.07980	0.33489	0.01829	0.07444	0.10263	0.01947	0.02732	0.01828	0.02191	0.04265	0.00817	0.00833	0.00230	0.03994	0.00732	0.04879	0.05141
9	0.01935	0.01792	0.02852	0.03704	0.45115	0.04046	0.06956	0.02374	0.01800	0.05446	0.04266	0.02061	0.01488	0.00724	0.00755	0.00216	0.00883	0.00701	0.00441	0.12445
10	0.02313	0.01606	0.02375	0.02949	0.32046	0.01588	0.01716	0.03032	0.13604	0.20951	0.02315	0.02561	0.01755	0.00885	0.00779	0.00239	0.00769	0.03275	0.00634	0.04609
11	0.02223	0.01920	0.06215	0.02345	0.15935	0.04684	0.06742	0.16660	0.04721	0.10474	0.04754	0.04628	0.01733	0.00876	0.00763	0.00221	0.00836	0.00762	0.00594	0.12914
12	0.01823	0.01745	0.02975	0.18650	0.54770	0.01817	0.02332	0.02296	0.01720	0.02417	0.01442	0.01950	0.01187	0.00709	0.00769	0.00236	0.00945	0.00690	0.00376	0.01151
13	0.02065	0.05879	0.02938	0.06937	0.47889	0.12854	0.02116	0.02558	0.04927	0.02403	0.01474	0.01853	0.01225	0.00728	0.00744	0.00225	0.00984	0.00654	0.00401	0.01146
14	0.01643	0.04417	0.01910	0.06744	0.02131	0.01304	0.06490	0.02034	0.03975	0.07333	0.05086	0.15137	0.02276	0.01115	0.00894	0.00220	0.06558	0.00948	0.03811	0.25974
15	0.01018	0.00784	0.01130	0.01220	0.01296	0.00768	0.03615	0.01178	0.01486	0.01996	0.04005	0.65925	0.04766	0.02302	0.01057	0.00314	0.03716	0.02078	0.00688	0.00658
16	0.01622	0.01391	0.01614	0.01168	0.01846	0.01074	0.00933	0.02051	0.04564	0.02559	0.01459	0.01666	0.01204	0.00596	0.00584	0.00122	0.00576	0.00478	0.00474	0.74017
17	0.02947	0.02172	0.02327	0.01784	0.02404	0.02404	0.01474	0.65329	0.03646	0.04887	0.01862	0.01862	0.01319	0.00931	0.00776	0.00233	0.00853	0.00698	0.00776	0.01319
18	0.02073	0.73217	0.04063	0.01327	0.01990	0.03068	0.01327	0.02322	0.01575	0.01824	0.01078	0.01244	0.00995	0.00663	0.00498	0.00166	0.00829	0.00415	0.00332	0.00995
19	0.01083	0.00792	0.01016	0.00960	0.01150	0.00725	0.00720	0.01435	0.02161	0.03029	0.62762	0.05925	0.12109	0.01615	0.00915	0.00245	0.00368	0.01421	0.00843	0.00725
20	0.02405	0.02826	0.02593	0.05882	0.20876	0.39575	0.06317	0.02731	0.02002	0.02141	0.01445	0.01976	0.01243	0.00822	0.00755	0.00223	0.01210	0.03580	0.00407	0.00991
21	0.01588	0.06707	0.63295	0.02221	0.03332	0.01859	0.05556	0.02451	0.01643	0.02431	0.01387	0.01641	0.00991	0.00730	0.00735	0.00243	0.01140	0.00582	0.00330	0.01135
22	0.78228	0.01499	0.01140	0.01020	0.01499	0.01739	0.00840	0.02279	0.01320	0.03479	0.01080	0.01260	0.00840	0.00720	0.00480	0.00240	0.00600	0.00420	0.00480	0.00840
23	0.01583	0.01499	0.02540	0.53655	0.21646	0.01754	0.02212	0.02085	0.01606	0.02125	0.01399	0.02029	0.01084	0.00753	0.00773	0.00251	0.01004	0.00690	0.00355	0.00957
24	0.01929	0.01666	0.01753	0.01578	0.02016	0.01929	0.01227	0.04120	0.66513	0.03243	0.03156	0.02893	0.02367	0.01052	0.00789	0.00263	0.00614	0.00877	0.00789	0.01227
25	0.01002	0.00784	0.00907	0.00886	0.01102	0.00689	0.00661	0.01274	0.01955	0.02561	0.35426	0.09290	0.37078	0.01806	0.00918	0.00256	0.00383	0.01550	0.00782	0.00689
26	0.01128	0.00752	0.00846	0.00846	0.00846	0.00752	0.00470	0.01128	0.01128	0.01503	0.02443	0.05074	0.02819	0.72751	0.03946	0.00752	0.00752	0.01128	0.00470	0.00470
27	0.00923	0.00786	0.00794	0.00792	0.01051	0.00657	0.00594	0.01125	0.01783	0.02131	0.09982	0.07402	0.65449	0.01950	0.00916	0.00261	0.00392	0.01628	0.00725	0.00657
28	0.01464	0.01378	0.02326	0.70887	0.05340	0.01723	0.02153	0.01981	0.01550	0.01981	0.01378	0.02067	0.01034	0.00775	0.00775	0.00258	0.01034	0.00689	0.00345	0.00861
29	0.02896	0.03695	0.02197	0.01998	0.02397	0.69638	0.01498	0.03096	0.02197	0.01898	0.01199	0.01398	0.00999	0.00799	0.00699	0.00200	0.01398	0.00499	0.00400	0.00899
30	0.00945	0.00675	0.00900	0.01080	0.01125	0.00630	0.00720	0.01080	0.01484	0.01979	0.04274	0.72245	0.05128	0.02429	0.00990	0.00315	0.00450	0.02204	0.00720	0.00630
31	0.02975	0.02127	0.02299	0.01763	0.02382	0.02338	0.01456	0.62081	0.03570	0.08241	0.01925	0.01903	0.01350	0.00932	0.00776	0.00233	0.00843	0.00702	0.00785	0.01319
32	0.01128	0.00752	0.00846	0.00846	0.00846	0.00752	0.00470	0.01128	0.01128	0.01503	0.02443	0.05074	0.02819	0.72751	0.03946	0.00752	0.00752	0.01128	0.00470	0.00470
33	0.02109	0.70159	0.03981	0.01356	0.02008	0.05996	0.01334	0.02356	0.01603	0.01827	0.01083	0.01251	0.00995	0.00669	0.00506	0.00167	0.00854	0.00418	0.00335	0.00991
34	0.02090	0.01746	0.01844	0.01611	0.02078	0.02004	0.01266	0.13848	0.56522	0.03505	0.02950	0.02729	0.02200	0.01033	0.00787	0.00258	0.00652	0.00848	0.00787	0.01242
35	0.06077	0.15781	0.53692	0.01989	0.03013	0.02015	0.02483	0.02422	0.01608	0.02406	0.01319	0.01547	0.00976	0.00723	0.00681	0.00231	0.01060	0.00537	0.00337	0.01102
36	0.01555	0.04011	0.68733	0.02210	0.03356	0.01801	0.02865	0.02455	0.01637	0.02455	0.01391	0.01637	0.00982	0.00737	0.00737	0.00246	0.01146	0.00573	0.00327	0.01146
37	0.01624	0.13209	0.60138	0.02093	0.03174	0.01969	0.02660	0.02438	0.01629	0.02372	0.01350	0.01585	0.00984	0.00727	0.00705	0.00235	0.01104	0.00552	0.00328	0.01126
38	0.58275	0.06893	0.08253	0.01186	0.01732	0.01807	0.01093	0.02347	0.04295	0.03229	0.04035	0.01562	0.01209	0.00769	0.00539	0.00236	0.00663	0.00497	0.00483	0.00895
39	0.00940	0.00694	0.00879	0.01027	0.01111	0.00634	0.00696	0.01086	0.01535	0.02000	0.04911	0.60714	0.16247	0.02346	0.00977	0.00305	0.00440	0.02103	0.00720	0.00634
40	0.01555	0.04011	0.68733	0.02210	0.03356	0.01801	0.02865	0.02455	0.01637	0.02455	0.01391	0.01637	0.00982	0.00737	0.00737	0.00246	0.01146	0.00573	0.00327	0.01146
41	0.01589	0.03560	0.56332	0.02531	0.12697	0.01762	0.02705	0.02403	0.01679	0.02494	0.04154	0.01851	0.01282	0.00765	0.00749	0.00243	0.01081	0.00625	0.00358	0.01141
42	0.01445	0.00862	0.01121	0.01023	0.01264	0.00783	0.00778	0.01784	0.02128	0.12603	0.50426	0.08318	0.08652	0.01522	0.00885	0.00245	0.00414	0.01332	0.03604	0.00810
43	0.00945	0.00675	0.00900	0.01080	0.01125	0.00630	0.00720	0.01080	0.01484	0.01979	0.04274	0.72245	0.05128	0.02429	0.00990	0.00315	0.00450	0.02204	0.00720	0.00630
