[name]
unknown

[dist]
# distance from previous block
# <min> <max>
27	301

[block]
# block no. 0 follows, 23 sequences, length 123
# corresponding to MSA columns:
# 324-396,402-416,428-453,468-476
name=unknown_A
#
# <colnr> <probs for GDERKNQSTAVLIFYWHMCP>
#	G	D	E	R	K	N	Q	S	T	A	V	L	I	F	Y	W	H	M	C	P
0	0.07138	0.05830	0.19280	0.02076	0.07020	0.01791	0.06867	0.09754	0.05110	0.18812	0.06600	0.02382	0.01873	0.00914	0.00790	0.00250	0.00901	0.00764	0.00640	0.01206
1	0.02342	0.14130	0.04920	0.03306	0.02160	0.01930	0.03311	0.20204	0.05733	0.11409	0.02378	0.05042	0.04354	0.03908	0.01059	0.05605	0.00795	0.00817	0.05514	0.01084
2	0.01696	0.09202	0.30188	0.02303	0.07776	0.01878	0.09774	0.02489	0.06982	0.02626	0.09567	0.05246	0.02180	0.00981	0.00882	0.00258	0.03550	0.00844	0.00480	0.01099
3	0.02842	0.06346	0.02357	0.05051	0.02536	0.32422	0.01518	0.26219	0.02778	0.03250	0.01611	0.01773	0.01240	0.00888	0.00745	0.00222	0.01128	0.00622	0.05353	0.01100
4	0.01563	0.01357	0.05625	0.01483	0.06944	0.01082	0.01113	0.04750	0.02019	0.07181	0.17837	0.07127	0.20656	0.01375	0.00847	0.00234	0.00583	0.01170	0.00694	0.16360
5	0.01069	0.00801	0.01092	0.06706	0.01544	0.00779	0.00873	0.01303	0.01747	0.02354	0.18810	0.47142	0.08401	0.02170	0.00995	0.00305	0.00498	0.01952	0.00754	0.00705
6	0.02854	0.01993	0.02197	0.01694	0.02301	0.02122	0.01385	0.47579	0.03330	0.10541	0.05496	0.02336	0.01815	0.03322	0.00913	0.00253	0.00819	0.00773	0.00797	0.07480
7	0.42193	0.08125	0.03646	0.04845	0.05513	0.01862	0.01195	0.02600	0.08564	0.06231	0.06838	0.02053	0.01716	0.00874	0.00631	0.00247	0.00692	0.00628	0.00562	0.00985
8	0.01382	0.00835	0.00967	0.00931	0.00982	0.00820	0.00549	0.01408	0.01274	0.06944	0.02610	0.05101	0.02873	0.65697	0.03858	0.00743	0.00779	0.01150	0.00534	0.00565
9	0.02035	0.02453	0.18582	0.03407	0.27719	0.01890	0.13643	0.02845	0.08641	0.07984	0.01859	0.02142	0.01401	0.00791	0.00828	0.00255	0.01038	0.00765	0.00484	0.01237
10	0.01787	0.01459	0.01578	0.01443	0.01832	0.01612	0.01112	0.03427	0.44640	0.05250	0.10896	0.07614	0.11177	0.01357	0.00868	0.00275	0.00577	0.01149	0.00826	0.01121
11	0.06047	0.02123	0.07415	0.02314	0.13721	0.02072	0.01693	0.26508	0.14894	0.09065	0.02145	0.02178	0.01571	0.00917	0.00788	0.00247	0.00841	0.00740	0.00694	0.04028
12	0.02382	0.02221	0.02433	0.21714	0.12743	0.16445	0.01842	0.13717	0.09336	0.06567	0.01813	0.02081	0.01367	0.00876	0.00795	0.00247	0.01042	0.00707	0.00549	0.01122
13	0.01117	0.00831	0.01058	0.01010	0.01212	0.00772	0.00761	0.01462	0.02139	0.02960	0.50896	0.06123	0.17165	0.02090	0.06484	0.00345	0.00535	0.01460	0.00832	0.00748
14	0.00989	0.00706	0.00942	0.01130	0.01177	0.00659	0.00753	0.01130	0.01554	0.02071	0.04472	0.70954	0.05367	0.02542	0.01036	0.00330	0.00471	0.02307	0.00753	0.00659
15	0.02138	0.01841	0.02366	0.37961	0.04108	0.05298	0.01876	0.22713	0.02393	0.03131	0.01602	0.02017	0.01189	0.00850	0.00790	0.00246	0.00998	0.00695	0.00524	0.07265
16	0.02029	0.58321	0.12166	0.01482	0.02207	0.02871	0.01553	0.02386	0.01702	0.02087	0.05643	0.01683	0.01496	0.00771	0.00583	0.00190	0.00877	0.00527	0.00384	0.01043
17	0.02830	0.02270	0.02198	0.01763	0.02322	0.10368	0.01425	0.45100	0.08433	0.04375	0.02045	0.02087	0.01500	0.00965	0.00778	0.00236	0.00890	0.00723	0.08438	0.01254
18	0.03400	0.01477	0.01915	0.01477	0.02102	0.01341	0.01214	0.08778	0.05874	0.54921	0.03009	0.02652	0.01939	0.00985	0.00805	0.00245	0.00700	0.00797	0.00950	0.05420
19	0.01502	0.01395	0.02341	0.63931	0.05249	0.01738	0.02152	0.02022	0.01596	0.02058	0.01502	0.02247	0.01159	0.01244	0.06349	0.00355	0.01171	0.00733	0.00367	0.00887
20	0.01769	0.06829	0.59361	0.02238	0.03371	0.01991	0.02812	0.07584	0.01883	0.02751	0.01483	0.01715	0.01057	0.00784	0.00764	0.00252	0.01160	0.00604	0.00381	0.01208
21	0.02142	0.01883	0.03178	0.04690	0.61138	0.01868	0.02384	0.02610	0.01887	0.07933	0.01664	0.02070	0.01345	0.00746	0.00804	0.00242	0.00942	0.00731	0.00451	0.01293
22	0.02155	0.02329	0.01824	0.06315	0.02258	0.27842	0.01305	0.06068	0.15183	0.02499	0.03333	0.08787	0.14220	0.01271	0.00830	0.00251	0.00952	0.01005	0.00612	0.00961
23	0.01233	0.00920	0.01061	0.01042	0.01341	0.00797	0.00827	0.01496	0.01871	0.05552	0.08843	0.09603	0.40255	0.01923	0.00959	0.00282	0.00511	0.13782	0.00748	0.06955
24	0.01259	0.06634	0.01175	0.00936	0.01006	0.00984	0.00584	0.01307	0.01295	0.01717	0.06814	0.05033	0.03118	0.60857	0.03615	0.00700	0.00765	0.01139	0.00507	0.00556
25	0.01010	0.00796	0.00911	0.00942	0.01142	0.00697	0.00684	0.01240	0.01881	0.02406	0.20560	0.22674	0.38014	0.02082	0.00977	0.00283	0.00419	0.01800	0.00785	0.00697
26	0.01764	0.01772	0.02593	0.02185	0.02242	0.02410	0.05661	0.01977	0.01287	0.01992	0.01138	0.01847	0.01107	0.01525	0.04683	0.00381	0.63448	0.00731	0.00361	0.00895
27	0.71040	0.01599	0.01365	0.01388	0.06894	0.01829	0.01011	0.02394	0.01419	0.03559	0.01162	0.01375	0.00912	0.00751	0.00527	0.00250	0.00655	0.00463	0.00494	0.00912
28	0.01939	0.02017	0.06838	0.04502	0.54066	0.01878	0.07456	0.02456	0.01847	0.02629	0.01693	0.02423	0.01464	0.00811	0.00833	0.00252	0.00998	0.04246	0.00419	0.01234
29	0.01023	0.00778	0.00934	0.01012	0.01163	0.00701	0.00720	0.01227	0.01767	0.02287	0.14983	0.34026	0.26721	0.04968	0.01124	0.00319	0.00461	0.04342	0.00764	0.00681
30	0.02902	0.17833	0.02524	0.01770	0.07992	0.06542	0.01350	0.03217	0.02119	0.36097	0.07583	0.02532	0.02113	0.00948	0.00752	0.00230	0.00787	0.00752	0.00746	0.01211
31	0.09285	0.58158	0.10549	0.01454	0.02183	0.02939	0.01508	0.02440	0.01630	0.02144	0.01163	0.01346	0.01024	0.00708	0.00545	0.00190	0.00879	0.00452	0.00361	0.01042
32	0.01909	0.07282	0.11204	0.03260	0.07954	0.02108	0.48913	0.02577	0.01871	0.02551	0.01579	0.02065	0.01200	0.00696	0.00898	0.00263	0.01290	0.00868	0.00398	0.01114
33	0.01962	0.39030	0.32290	0.01829	0.02737	0.05204	0.02114	0.02524	0.01703	0.02207	0.01279	0.01492	0.01035	0.00734	0.00641	0.00212	0.01039	0.00511	0.00348	0.01108
34	0.03641	0.01381	0.01883	0.01444	0.02071	0.01193	0.01193	0.03954	0.02322	0.66984	0.03201	0.02762	0.02009	0.01004	0.00816	0.00251	0.00690	0.00816	0.01004	0.01381
35	0.01131	0.00829	0.01060	0.01002	0.01201	0.00758	0.00752	0.01497	0.02256	0.03156	0.60655	0.06223	0.13057	0.01695	0.00957	0.00257	0.00385	0.01490	0.00880	0.00758
36	0.01113	0.00828	0.01035	0.00983	0.01190	0.00750	0.00737	0.01462	0.02212	0.03053	0.55064	0.06392	0.18711	0.01734	0.00957	0.00259	0.00388	0.01514	0.00867	0.00750
37	0.00972	0.00823	0.00840	0.00836	0.01104	0.00691	0.00627	0.01190	0.01881	0.02267	0.12277	0.07686	0.61989	0.02027	0.00959	0.00273	0.00409	0.01695	0.00763	0.00691
38	0.00997	0.00712	0.00949	0.01124	0.01179	0.00664	0.00754	0.01150	0.01591	0.02130	0.07544	0.67714	0.05481	0.02498	0.01032	0.00326	0.00466	0.02265	0.00760	0.00664
39	0.01627	0.04197	0.67279	0.02313	0.03512	0.01884	0.02998	0.02570	0.01713	0.02570	0.01456	0.01713	0.01028	0.00771	0.00771	0.00257	0.01199	0.00600	0.00343	0.01199
40	0.02008	0.01928	0.03294	0.04981	0.66422	0.01928	0.02490	0.02490	0.01848	0.02651	0.01526	0.02008	0.01285	0.00723	0.00803	0.00241	0.00964	0.00723	0.00402	0.01285
41	0.02048	0.01747	0.01855	0.01626	0.02117	0.01968	0.01272	0.07326	0.56466	0.03425	0.03077	0.02859	0.02313	0.01053	0.00806	0.00261	0.00652	0.00871	0.00797	0.07460
42	0.01683	0.01442	0.01683	0.01202	0.01923	0.01082	0.00961	0.02043	0.01683	0.02644	0.01442	0.01683	0.01202	0.00601	0.00601	0.00120	0.00601	0.00481	0.00481	0.76444
43	0.00997	0.00816	0.00833	0.00833	0.01060	0.00703	0.00595	0.01167	0.01734	0.02085	0.07242	0.07377	0.55183	0.14050	0.01507	0.00363	0.00476	0.01621	0.00708	0.00652
44	0.05829	0.01530	0.02250	0.48035	0.04458	0.01890	0.01955	0.02526	0.14125	0.02414	0.01769	0.02263	0.01346	0.00904	0.00914	0.00276	0.05338	0.00744	0.00460	0.00975
45	0.01692	0.03320	0.42419	0.02597	0.03607	0.01869	0.22854	0.02514	0.01817	0.02623	0.05608	0.02146	0.01515	0.00798	0.00844	0.00262	0.01203	0.00773	0.00400	0.01137
46	0.02122	0.66060	0.09749	0.01469	0.02207	0.03095	0.01529	0.02442	0.01654	0.01967	0.01157	0.01338	0.01040	0.00701	0.00542	0.00181	0.00897	0.00448	0.00347	0.01055
47	0.02242	0.01882	0.01945	0.01682	0.02169	0.04129	0.01325	0.17119	0.46714	0.03719	0.05885	0.02885	0.02436	0.01091	0.00826	0.00265	0.00710	0.00890	0.00813	0.01270
48	0.01026	0.00734	0.00980	0.01145	0.01215	0.00688	0.00793	0.01206	0.01646	0.02209	0.10329	0.60502	0.05537	0.02437	0.01034	0.00325	0.00481	0.06271	0.00766	0.00675
49	0.02311	0.09295	0.04910	0.01606	0.02182	0.05966	0.04196	0.11219	0.12486	0.13077	0.05771	0.04761	0.02093	0.03735	0.00896	0.00248	0.00796	0.00807	0.00670	0.12978
50	0.01765	0.03895	0.59159	0.02338	0.03478	0.01856	0.07063	0.02652	0.01763	0.06325	0.01571	0.01807	0.01099	0.00779	0.00786	0.00258	0.01181	0.00637	0.00386	0.01203
51	0.01036	0.00759	0.00981	0.01126	0.01232	0.00704	0.00805	0.01231	0.01684	0.02214	0.09201	0.50175	0.13675	0.02378	0.01031	0.00322	0.00491	0.09512	0.00762	0.00681
52	0.01095	0.00751	0.00910	0.00994	0.01015	0.00730	0.00608	0.01158	0.01347	0.01796	0.03412	0.34618	0.04029	0.40703	0.02748	0.00583	0.00646	0.01683	0.00608	0.00566
53	0.02245	0.02127	0.06434	0.11990	0.24779	0.04302	0.02026	0.19516	0.09815	0.03286	0.01810	0.02089	0.01394	0.00883	0.00878	0.00254	0.03659	0.00733	0.00555	0.01228
54	0.37897	0.08294	0.05895	0.01342	0.01899	0.01959	0.01183	0.10129	0.10186	0.06031	0.01734	0.01830	0.01311	0.00846	0.00619	0.00242	0.00704	0.00586	0.06273	0.01039
55	0.03085	0.02273	0.02435	0.01867	0.02516	0.02516	0.01542	0.63716	0.03815	0.05114	0.01948	0.01948	0.01380	0.00974	0.00812	0.00244	0.00893	0.00731	0.00812	0.01380
56	0.02005	0.01825	0.02641	0.15473	0.10879	0.02017	0.11339	0.08830	0.29699	0.03083	0.02346	0.02508	0.01769	0.00923	0.00839	0.00267	0.00902	0.00845	0.00619	0.01190
57	0.01046	0.00784	0.01126	0.01223	0.01311	0.00734	0.03687	0.01217	0.01586	0.02125	0.06796	0.62482	0.05172	0.05121	0.01150	0.00342	0.00522	0.02165	0.00733	0.00677
58	0.02053	0.01811	0.02804	0.12956	0.32014	0.04392	0.07031	0.02747	0.09557	0.07893	0.02084	0.02771	0.01713	0.00925	0.00843	0.00262	0.00955	0.05496	0.00525	0.01167
59	0.01009	0.00721	0.00965	0.01153	0.01209	0.00676	0.00788	0.01165	0.01573	0.02094	0.04461	0.67036	0.05323	0.02523	0.01041	0.00332	0.00488	0.06025	0.00753	0.00665
60	0.01811	0.24437	0.44802	0.02182	0.06561	0.02285	0.02486	0.02523	0.01701	0.02376	0.01361	0.01606	0.01046	0.00745	0.00698	0.00231	0.01087	0.00557	0.00347	0.01157
61	0.01432	0.01044	0.01379	0.01497	0.01726	0.01064	0.01294	0.05688	0.04277	0.02624	0.04267	0.08421	0.06824	0.02112	0.01084	0.00358	0.00739	0.52610	0.00754	0.00804
62	0.01941	0.01906	0.02972	0.27525	0.34903	0.06116	0.05597	0.04796	0.01877	0.02497	0.01502	0.02036	0.01199	0.00769	0.00810	0.00251	0.01056	0.00723	0.00405	0.01120
63	0.03031	0.03867	0.02299	0.02090	0.02508	0.68226	0.01568	0.03240	0.02299	0.01986	0.01254	0.01463	0.01045	0.00836	0.00732	0.00209	0.01463	0.00523	0.00418	0.00941
64	0.02100	0.67069	0.04049	0.01383	0.02039	0.03059	0.01363	0.02362	0.01625	0.01907	0.01200	0.01432	0.01109	0.01066	0.05192	0.00252	0.00958	0.00464	0.00353	0.01019
65	0.00983	0.00823	0.00856	0.00848	0.01111	0.00695	0.00636	0.01212	0.01907	0.02328	0.15638	0.07585	0.58589	0.02004	0.00959	0.00272	0.00407	0.01681	0.00771	0.00695
66	0.01159	0.00869	0.01304	0.01304	0.01449	0.01014	0.01014	0.01449	0.01304	0.01884	0.02173	0.03188	0.02029	0.06086	0.68268	0.01304	0.02173	0.00869	0.00435	0.00724
67	0.05643	0.02181	0.02352	0.04477	0.02577	0.02432	0.01530	0.55311	0.07516	0.04832	0.01984	0.02002	0.01420	0.00968	0.00801	0.00247	0.00875	0.00731	0.00784	0.01337
68	0.02241	0.01943	0.01954	0.01709	0.02196	0.05757	0.01340	0.13542	0.51930	0.03585	0.02978	0.02772	0.02226	0.01066	0.00818	0.00267	0.00727	0.00866	0.00801	0.01280
69	0.01159	0.00869	0.01304	0.01304	0.01449	0.01014	0.01014	0.01449	0.01304	0.01884	0.02173	0.03188	0.02029	0.06086	0.68268	0.01304	0.02173	0.00869	0.00435	0.00724
70	0.01658	0.01663	0.03208	0.34349	0.04499	0.01775	0.27105	0.02225	0.01743	0.02349	0.01768	0.06032	0.01443	0.00863	0.00868	0.00270	0.01120	0.00908	0.05196	0.00958
71	0.01143	0.00745	0.00996	0.01148	0.01229	0.00690	0.00779	0.01294	0.01598	0.05854	0.04398	0.66980	0.05171	0.02453	0.01023	0.00325	0.00484	0.02220	0.00768	0.00701
72	0.01837	0.02056	0.04334	0.06310	0.04016	0.01988	0.53801	0.02460	0.01862	0.02517	0.01965	0.02476	0.04801	0.00805	0.01043	0.00278	0.05000	0.00975	0.00424	0.01052
73	0.02733	0.01367	0.01754	0.01324	0.01958	0.01122	0.01077	0.03069	0.02079	0.38374	0.06740	0.02574	0.02081	0.00896	0.00744	0.00202	0.00636	0.00733	0.00799	0.29740
74	0.01779	0.01499	0.01734	0.01248	0.01964	0.01181	0.01002	0.06296	0.01830	0.02814	0.01477	0.01701	0.01214	0.00627	0.00615	0.00129	0.00621	0.00498	0.00504	0.71268
75	0.02224	0.01420	0.01728	0.01280	0.01942	0.01144	0.01033	0.04733	0.01966	0.19937	0.05691	0.02235	0.01800	0.00784	0.00687	0.00167	0.00623	0.00637	0.00656	0.49313
76	0.01795	0.01834	0.02810	0.02312	0.02428	0.02424	0.10467	0.02044	0.01337	0.02044	0.01146	0.01834	0.01089	0.01316	0.02423	0.00344	0.60330	0.00745	0.00363	0.00917
77	0.01000	0.00717	0.00967	0.01142	0.01196	0.00684	0.00771	0.01152	0.01536	0.02058	0.04314	0.66281	0.05137	0.02786	0.05672	0.00397	0.00588	0.02208	0.00731	0.00664
78	0.03031	0.03867	0.02299	0.02090	0.02508	0.68226	0.01568	0.03240	0.02299	0.01986	0.01254	0.01463	0.01045	0.00836	0.00732	0.00209	0.01463	0.00523	0.00418	0.00941
79	0.05196	0.10265	0.54026	0.02085	0.03140	0.01936	0.02605	0.02482	0.01728	0.02601	0.05501	0.01931	0.01442	0.00819	0.00746	0.00249	0.01089	0.00631	0.00385	0.01142
80	0.01004	0.00825	0.00892	0.00932	0.01175	0.00713	0.00713	0.01224	0.01825	0.02210	0.07405	0.13648	0.53149	0.02122	0.00986	0.00291	0.00457	0.08986	0.00753	0.00690
81	0.02008	0.01928	0.03294	0.04981	0.66422	0.01928	0.02490	0.02490	0.01848	0.02651	0.01526	0.02008	0.01285	0.00723	0.00803	0.00241	0.00964	0.00723	0.00402	0.01285
82	0.02106	0.01633	0.01778	0.01579	0.02033	0.01834	0.01233	0.04048	0.53671	0.09617	0.08440	0.03250	0.02856	0.01137	0.00835	0.00271	0.00626	0.00953	0.00849	0.01251
83	0.02077	0.01772	0.01868	0.01663	0.02132	0.02046	0.01299	0.07596	0.61575	0.03489	0.03228	0.02968	0.02416	0.01094	0.00825	0.00273	0.00656	0.00907	0.00825	0.01290
84	0.01119	0.00807	0.01059	0.01041	0.01206	0.00746	0.00763	0.01458	0.02161	0.03038	0.54765	0.17905	0.07238	0.01820	0.00971	0.00269	0.00399	0.01621	0.00868	0.00746
85	0.01109	0.00833	0.01029	0.00995	0.01208	0.00754	0.00757	0.01445	0.02159	0.02938	0.47882	0.06675	0.22452	0.01792	0.00966	0.00266	0.00410	0.04736	0.00850	0.00744
86	0.01483	0.00762	0.00783	0.00783	0.00961	0.00767	0.00580	0.01839	0.01661	0.02911	0.02625	0.03145	0.02121	0.04653	0.03199	0.00259	0.00464	0.00782	0.69480	0.00742
87	0.01683	0.01442	0.01683	0.01202	0.01923	0.01082	0.00961	0.02043	0.01683	0.02644	0.01442	0.01683	0.01202	0.00601	0.00601	0.00120	0.00601	0.00481	0.00481	0.76444
88	0.03641	0.01381	0.01883	0.01444	0.02071	0.01193	0.01193	0.03954	0.02322	0.66984	0.03201	0.02762	0.02009	0.01004	0.00816	0.00251	0.00690	0.00816	0.01004	0.01381
89	0.02018	0.01743	0.01835	0.01651	0.02110	0.02018	0.01284	0.04312	0.64956	0.03394	0.03303	0.03027	0.02477	0.01101	0.00826	0.00275	0.00642	0.00917	0.00826	0.01284
90	0.01654	0.04014	0.61585	0.02414	0.03578	0.01900	0.08508	0.02572	0.01732	0.02572	0.01473	0.01756	0.01046	0.00763	0.00788	0.00258	0.01215	0.00632	0.00349	0.01190
91	0.02008	0.01928	0.03294	0.04981	0.66422	0.01928	0.02490	0.02490	0.01848	0.02651	0.01526	0.02008	0.01285	0.00723	0.00803	0.00241	0.00964	0.00723	0.00402	0.01285
92	0.01775	0.01775	0.02485	0.02130	0.02130	0.02485	0.01775	0.01953	0.01243	0.01953	0.01065	0.01775	0.01065	0.01420	0.02663	0.00355	0.69998	0.00710	0.00355	0.00888
93	0.01091	0.00818	0.01011	0.00983	0.01182	0.00738	0.00730	0.01413	0.02131	0.02908	0.47429	0.11798	0.21137	0.01824	0.00964	0.00266	0.00397	0.01594	0.00849	0.00738
94	0.02085	0.01975	0.03090	0.08634	0.53582	0.04059	0.02333	0.06782	0.04493	0.02793	0.01612	0.02037	0.01319	0.00764	0.00803	0.00243	0.00970	0.00725	0.00445	0.01257
95	0.01985	0.01904	0.03251	0.08203	0.63384	0.01922	0.02478	0.02469	0.01836	0.02622	0.01522	0.02016	0.01275	0.00727	0.00804	0.00242	0.00970	0.00723	0.00400	0.01266
96	0.01190	0.00915	0.01363	0.01345	0.01483	0.01088	0.01052	0.01474	0.01301	0.01887	0.02118	0.03117	0.01980	0.05853	0.64992	0.01257	0.05560	0.00861	0.00431	0.00733
97	0.01638	0.01713	0.03481	0.05329	0.07690	0.01630	0.38787	0.02146	0.01795	0.02430	0.02448	0.22128	0.02429	0.01231	0.00964	0.00287	0.01069	0.01324	0.00507	0.00974
98	0.01559	0.01648	0.06506	0.42773	0.04293	0.01853	0.04256	0.02032	0.01596	0.02164	0.05062	0.04969	0.01612	0.01042	0.01206	0.00288	0.15005	0.00823	0.00405	0.00907
99	0.01896	0.02137	0.04602	0.07323	0.06336	0.02033	0.57929	0.02565	0.01896	0.02570	0.01626	0.02181	0.01224	0.00693	0.00944	0.00272	0.01338	0.00936	0.00407	0.01089
100	0.06049	0.06153	0.61466	0.02211	0.03354	0.01922	0.02824	0.02555	0.01692	0.02612	0.01427	0.01677	0.01020	0.00767	0.00747	0.00254	0.01156	0.00585	0.00352	0.01176
101	0.02504	0.01999	0.02080	0.01716	0.02243	0.04549	0.01375	0.33519	0.26519	0.04184	0.08359	0.02716	0.02360	0.01080	0.00827	0.00255	0.00772	0.00861	0.00810	0.01271
102	0.01174	0.00804	0.00970	0.00964	0.01006	0.00820	0.00601	0.01258	0.01314	0.01795	0.09041	0.05060	0.03293	0.54179	0.13710	0.00812	0.00959	0.01162	0.00524	0.00556
103	0.01002	0.00712	0.00938	0.01113	0.01157	0.00668	0.00735	0.01133	0.01528	0.02037	0.04340	0.66427	0.05200	0.07296	0.01249	0.00361	0.00493	0.02229	0.00735	0.00648
104	0.01116	0.00815	0.01048	0.01017	0.01199	0.00747	0.00753	0.01458	0.02178	0.03038	0.54571	0.13476	0.11974	0.01789	0.00966	0.00265	0.00395	0.01581	0.00867	0.00747
105	0.01624	0.03927	0.61347	0.02276	0.03393	0.01821	0.04870	0.02483	0.01682	0.02503	0.01460	0.01773	0.01057	0.00887	0.00917	0.04694	0.01176	0.00618	0.00345	0.01146
106	0.01627	0.04197	0.67279	0.02313	0.03512	0.01884	0.02998	0.02570	0.01713	0.02570	0.01456	0.01713	0.01028	0.00771	0.00771	0.00257	0.01199	0.00600	0.00343	0.01199
107	0.02200	0.01834	0.01937	0.01688	0.02179	0.02103	0.01328	0.14461	0.54510	0.03688	0.03071	0.02843	0.02290	0.01079	0.00823	0.00270	0.00685	0.00885	0.00823	0.01301
108	0.43176	0.01879	0.10381	0.01590	0.06401	0.01661	0.01341	0.02725	0.01671	0.17382	0.01765	0.03939	0.01318	0.00866	0.00645	0.00254	0.00737	0.00623	0.00593	0.01054
109	0.01810	0.13412	0.47836	0.02464	0.09590	0.02063	0.04834	0.02583	0.01742	0.04335	0.01473	0.01732	0.01091	0.00759	0.00747	0.00244	0.01120	0.00608	0.00371	0.01187
110	0.02169	0.71972	0.04252	0.01388	0.02083	0.03211	0.01388	0.02430	0.01649	0.01909	0.01128	0.01302	0.01041	0.00694	0.00521	0.00174	0.00868	0.00434	0.00347	0.01041
111	0.01160	0.00866	0.01288	0.01288	0.01427	0.01005	0.00994	0.01439	0.01299	0.01872	0.02188	0.03270	0.02064	0.08615	0.65787	0.01284	0.02120	0.00881	0.00437	0.00715
112	0.01849	0.02112	0.12065	0.33604	0.06486	0.01965	0.14739	0.09945	0.04324	0.02693	0.01619	0.02106	0.01200	0.00808	0.00836	0.00265	0.01113	0.00761	0.00442	0.01068
113	0.02895	0.02251	0.02219	0.01798	0.02372	0.10469	0.01447	0.35859	0.17511	0.11207	0.02312	0.02226	0.01660	0.00989	0.00805	0.00247	0.00884	0.00757	0.00787	0.01303
114	0.00986	0.00812	0.00867	0.00876	0.01118	0.00693	0.00648	0.01208	0.01880	0.02317	0.15296	0.13430	0.52963	0.02049	0.00966	0.00277	0.00413	0.01736	0.00771	0.00693
115	0.02018	0.01743	0.01835	0.01651	0.02110	0.02018	0.01284	0.04312	0.64956	0.03394	0.03303	0.03027	0.02477	0.01101	0.00826	0.00275	0.00642	0.00917	0.00826	0.01284
116	0.00989	0.00706	0.00942	0.01130	0.01177	0.00659	0.00753	0.01130	0.01554	0.02071	0.04472	0.70954	0.05367	0.02542	0.01036	0.00330	0.00471	0.02307	0.00753	0.00659
117	0.01683	0.01442	0.01683	0.01202	0.01923	0.01082	0.00961	0.02043	0.01683	0.02644	0.01442	0.01683	0.01202	0.00601	0.00601	0.00120	0.00601	0.00481	0.00481	0.76444
118	0.01164	0.00850	0.01208	0.01208	0.01319	0.00962	0.00894	0.01387	0.01275	0.01812	0.02262	0.03677	0.02241	0.21152	0.53492	0.01185	0.01854	0.00941	0.00448	0.00671
119	0.00983	0.00809	0.00864	0.00881	0.01118	0.00690	0.00649	0.01199	0.01861	0.02290	0.13890	0.15306	0.52508	0.02072	0.00968	0.00279	0.00415	0.01759	0.00768	0.00690
120	0.02040	0.02603	0.17371	0.04811	0.03573	0.05112	0.31430	0.12962	0.02184	0.02946	0.01795	0.06018	0.01441	0.00872	0.00882	0.00265	0.01194	0.00893	0.00483	0.01127
121	0.06571	0.07075	0.07040	0.02471	0.12767	0.02317	0.08500	0.32915	0.05933	0.03899	0.01783	0.01944	0.01330	0.00865	0.00788	0.00244	0.00947	0.00719	0.00625	0.01267
122	0.01915	0.02189	0.04788	0.03420	0.04241	0.02052	0.63475	0.02599	0.01915	0.02599	0.01642	0.02189	0.01231	0.00684	0.00958	0.00274	0.01368	0.00958	0.00410	0.01094

[dist]
# distance from previous block
# <min> <max>
0	1

[block]
# block no. 1 follows, 23 sequences, length 168
# corresponding to MSA columns:
# 478-645
name=unknown_B
#
# <colnr> <probs for GDERKNQSTAVLIFYWHMCP>
#	G	D	E	R	K	N	Q	S	T	A	V	L	I	F	Y	W	H	M	C	P
0	0.02962	0.02178	0.02329	0.01805	0.02425	0.02411	0.01485	0.58071	0.06579	0.04937	0.02044	0.02049	0.01464	0.00979	0.00801	0.00242	0.00857	0.00740	0.04295	0.01347
1	0.01159	0.00778	0.00891	0.00912	0.00917	0.00773	0.00520	0.01175	0.01221	0.01628	0.02766	0.12482	0.03214	0.63951	0.03792	0.00737	0.00752	0.01303	0.00520	0.00510
2	0.03085	0.02273	0.02435	0.01867	0.02516	0.02516	0.01542	0.63716	0.03815	0.05114	0.01948	0.01948	0.01380	0.00974	0.00812	0.00244	0.00893	0.00731	0.00812	0.01380
3	0.01069	0.00773	0.01010	0.01063	0.01192	0.00714	0.00755	0.01335	0.01943	0.02678	0.35933	0.35680	0.08677	0.02075	0.00993	0.00290	0.00424	0.01858	0.00825	0.00714
4	0.01902	0.02283	0.07713	0.03368	0.04207	0.02044	0.60644	0.02598	0.01906	0.02598	0.01633	0.02167	0.01222	0.00688	0.00949	0.00273	0.01360	0.00941	0.00407	0.01099
5	0.01409	0.00705	0.01057	0.01057	0.01057	0.00705	0.00705	0.01057	0.01057	0.01409	0.01409	0.02467	0.01409	0.02819	0.03171	0.76392	0.00705	0.00705	0.00352	0.00352
6	0.01148	0.00829	0.01085	0.01021	0.01212	0.00766	0.00766	0.01531	0.02297	0.03254	0.65994	0.06061	0.07656	0.01659	0.00957	0.00255	0.00383	0.01467	0.00893	0.00766
7	0.01188	0.00911	0.01359	0.01342	0.01481	0.01082	0.01050	0.01472	0.01301	0.01887	0.02122	0.03122	0.01984	0.05870	0.65229	0.01260	0.05315	0.00862	0.00431	0.00732
8	0.03031	0.03867	0.02299	0.02090	0.02508	0.68226	0.01568	0.03240	0.02299	0.01986	0.01254	0.01463	0.01045	0.00836	0.00732	0.00209	0.01463	0.00523	0.00418	0.00941
9	0.00959	0.00822	0.00822	0.00822	0.01096	0.00685	0.00617	0.01165	0.01850	0.02192	0.08220	0.07809	0.66092	0.02055	0.00959	0.00274	0.00411	0.01713	0.00754	0.00685
10	0.00989	0.00706	0.00942	0.01130	0.01177	0.00659	0.00753	0.01130	0.01554	0.02071	0.04472	0.70954	0.05367	0.02542	0.01036	0.00330	0.00471	0.02307	0.00753	0.00659
11	0.01689	0.10137	0.58743	0.02282	0.03419	0.02010	0.05686	0.02559	0.01717	0.02512	0.01436	0.01699	0.01039	0.00760	0.00757	0.00250	0.01178	0.00602	0.00346	0.01180
12	0.02008	0.01928	0.03294	0.04981	0.66422	0.01928	0.02490	0.02490	0.01848	0.02651	0.01526	0.02008	0.01285	0.00723	0.00803	0.00241	0.00964	0.00723	0.00402	0.01285
13	0.02008	0.01928	0.03294	0.04981	0.66422	0.01928	0.02490	0.02490	0.01848	0.02651	0.01526	0.02008	0.01285	0.00723	0.00803	0.00241	0.00964	0.00723	0.00402	0.01285
14	0.03641	0.01381	0.01883	0.01444	0.02071	0.01193	0.01193	0.03954	0.02322	0.66984	0.03201	0.02762	0.02009	0.01004	0.00816	0.00251	0.00690	0.00816	0.01004	0.01381
15	0.01627	0.04197	0.67279	0.02313	0.03512	0.01884	0.02998	0.02570	0.01713	0.02570	0.01456	0.01713	0.01028	0.00771	0.00771	0.00257	0.01199	0.00600	0.00343	0.01199
16	0.03176	0.01324	0.01768	0.01388	0.01940	0.01178	0.01133	0.06251	0.02386	0.52937	0.14206	0.03306	0.02975	0.01118	0.00841	0.00251	0.00645	0.00927	0.00976	0.01272
17	0.01898	0.38026	0.35820	0.01851	0.02798	0.02546	0.02195	0.02500	0.01681	0.02240	0.01292	0.01508	0.01035	0.00733	0.00646	0.00215	0.01034	0.00517	0.00345	0.01120
18	0.01560	0.01495	0.02602	0.64817	0.05492	0.01821	0.06621	0.02111	0.01643	0.02111	0.01456	0.02165	0.01092	0.00802	0.00822	0.00271	0.01102	0.00738	0.00364	0.00915
19	0.01000	0.00824	0.00878	0.00865	0.01121	0.00702	0.00648	0.01243	0.01945	0.02419	0.20576	0.07435	0.53595	0.01970	0.00959	0.00270	0.00405	0.01660	0.00783	0.00702
20	0.01133	0.00824	0.01066	0.01017	0.01205	0.00757	0.00758	0.01497	0.02243	0.03153	0.60614	0.09056	0.10198	0.01716	0.00961	0.00259	0.00388	0.01516	0.00881	0.00757
21	0.01169	0.00832	0.01113	0.01113	0.01192	0.00911	0.00776	0.01326	0.01248	0.01742	0.02348	0.04155	0.02448	0.35890	0.39038	0.01068	0.01541	0.01011	0.00461	0.00618
22	0.01688	0.11708	0.60295	0.02210	0.03354	0.02031	0.02820	0.02554	0.01706	0.02496	0.01420	0.01668	0.01029	0.00762	0.00743	0.00248	0.01162	0.00581	0.00343	0.01182
23	0.02169	0.71972	0.04252	0.01388	0.02083	0.03211	0.01388	0.02430	0.01649	0.01909	0.01128	0.01302	0.01041	0.00694	0.00521	0.00174	0.00868	0.00434	0.00347	0.01041
24	0.01683	0.01442	0.01683	0.01202	0.01923	0.01082	0.00961	0.02043	0.01683	0.02644	0.01442	0.01683	0.01202	0.00601	0.00601	0.00120	0.00601	0.00481	0.00481	0.76444
25	0.02151	0.68773	0.04171	0.01422	0.02085	0.03178	0.01406	0.02408	0.01630	0.01911	0.01125	0.01323	0.01042	0.00727	0.00618	0.00182	0.04018	0.00446	0.00347	0.01034
26	0.01685	0.01490	0.01945	0.01422	0.02113	0.01187	0.06816	0.02134	0.03933	0.02641	0.01663	0.04890	0.01437	0.00714	0.00662	0.00149	0.00668	0.00623	0.00499	0.63330
27	0.02051	0.24329	0.13101	0.05827	0.20296	0.07884	0.05124	0.02587	0.04398	0.02325	0.01426	0.01746	0.01179	0.00777	0.00788	0.00229	0.03803	0.00616	0.00391	0.01124
28	0.01338	0.00963	0.01179	0.01144	0.01369	0.00943	0.00848	0.01936	0.11560	0.05751	0.34735	0.20747	0.10764	0.01783	0.00949	0.00277	0.00459	0.01571	0.00844	0.00840
29	0.77215	0.01569	0.01193	0.01067	0.01569	0.01820	0.00879	0.02385	0.01381	0.03641	0.01130	0.01318	0.00879	0.00753	0.00502	0.00251	0.00628	0.00439	0.00502	0.00879
30	0.01180	0.00787	0.00885	0.00885	0.00885	0.00787	0.00492	0.01180	0.01180	0.01573	0.02557	0.05310	0.02950	0.71483	0.04130	0.00787	0.00787	0.01180	0.00492	0.00492
31	0.01119	0.00823	0.01048	0.01002	0.01197	0.00752	0.00747	0.01471	0.02213	0.03079	0.56607	0.08969	0.14465	0.01742	0.00961	0.00261	0.00390	0.01531	0.00871	0.00752
32	0.00989	0.00706	0.00942	0.01130	0.01177	0.00659	0.00753	0.01130	0.01554	0.02071	0.04472	0.70954	0.05367	0.02542	0.01036	0.00330	0.00471	0.02307	0.00753	0.00659
33	0.00989	0.00706	0.00942	0.01130	0.01177	0.00659	0.00753	0.01130	0.01554	0.02071	0.04472	0.70954	0.05367	0.02542	0.01036	0.00330	0.00471	0.02307	0.00753	0.00659
34	0.01683	0.01442	0.01683	0.01202	0.01923	0.01082	0.00961	0.02043	0.01683	0.02644	0.01442	0.01683	0.01202	0.00601	0.00601	0.00120	0.00601	0.00481	0.00481	0.76444
35	0.02169	0.71972	0.04252	0.01388	0.02083	0.03211	0.01388	0.02430	0.01649	0.01909	0.01128	0.01302	0.01041	0.00694	0.00521	0.00174	0.00868	0.00434	0.00347	0.01041
36	0.01151	0.00775	0.00893	0.00922	0.00929	0.00768	0.00531	0.01172	0.01236	0.01648	0.02843	0.15125	0.03311	0.61175	0.03667	0.00718	0.00739	0.01348	0.00531	0.00517
37	0.02008	0.01928	0.03294	0.04981	0.66422	0.01928	0.02490	0.02490	0.01848	0.02651	0.01526	0.02008	0.01285	0.00723	0.00803	0.00241	0.00964	0.00723	0.00402	0.01285
38	0.01409	0.00705	0.01057	0.01057	0.01057	0.00705	0.00705	0.01057	0.01057	0.01409	0.01409	0.02467	0.01409	0.02819	0.03171	0.76392	0.00705	0.00705	0.00352	0.00352
39	0.02316	0.60350	0.03919	0.01508	0.02155	0.14305	0.01419	0.02568	0.01760	0.01922	0.01150	0.01329	0.01042	0.00718	0.00557	0.00180	0.00969	0.00449	0.00359	0.01024
40	0.01921	0.02163	0.04617	0.03317	0.04117	0.02050	0.59866	0.02699	0.05573	0.02645	0.01738	0.02237	0.01303	0.00708	0.00950	0.00274	0.01326	0.00955	0.00434	0.01105
41	0.02008	0.01928	0.03294	0.04981	0.66422	0.01928	0.02490	0.02490	0.01848	0.02651	0.01526	0.02008	0.01285	0.00723	0.00803	0.00241	0.00964	0.00723	0.00402	0.01285
42	0.01915	0.02189	0.04788	0.03420	0.04241	0.02052	0.63475	0.02599	0.01915	0.02599	0.01642	0.02189	0.01231	0.00684	0.00958	0.00274	0.01368	0.00958	0.00410	0.01094
43	0.01056	0.00758	0.01002	0.01084	0.01192	0.00704	0.00758	0.01299	0.01866	0.02569	0.30368	0.43640	0.06330	0.02170	0.01003	0.00298	0.00434	0.01953	0.00812	0.00704
44	0.02104	0.59367	0.07093	0.01649	0.02346	0.03012	0.07119	0.02430	0.01657	0.02004	0.01187	0.01422	0.01059	0.00730	0.00669	0.00195	0.04057	0.00502	0.00353	0.01046
45	0.02277	0.63434	0.04007	0.01476	0.02136	0.11361	0.01411	0.02531	0.01730	0.01919	0.01144	0.01322	0.01042	0.00712	0.00547	0.00178	0.00942	0.00445	0.00356	0.01029
46	0.00989	0.00706	0.00942	0.01130	0.01177	0.00659	0.00753	0.01130	0.01554	0.02071	0.04472	0.70954	0.05367	0.02542	0.01036	0.00330	0.00471	0.02307	0.00753	0.00659
47	0.01193	0.00918	0.01368	0.01349	0.01486	0.01094	0.01055	0.01476	0.01301	0.01887	0.02113	0.03111	0.01976	0.05833	0.64718	0.01253	0.05843	0.00861	0.00430	0.00733
48	0.00989	0.00706	0.00942	0.01130	0.01177	0.00659	0.00753	0.01130	0.01554	0.02071	0.04472	0.70954	0.05367	0.02542	0.01036	0.00330	0.00471	0.02307	0.00753	0.00659
49	0.00959	0.00822	0.00822	0.00822	0.01096	0.00685	0.00617	0.01165	0.01850	0.02192	0.08220	0.07809	0.66092	0.02055	0.00959	0.00274	0.00411	0.01713	0.00754	0.00685
50	0.03641	0.01381	0.01883	0.01444	0.02071	0.01193	0.01193	0.03954	0.02322	0.66984	0.03201	0.02762	0.02009	0.01004	0.00816	0.00251	0.00690	0.00816	0.01004	0.01381
51	0.00966	0.00822	0.00832	0.00830	0.01101	0.00688	0.00622	0.01179	0.01867	0.02233	0.10457	0.07741	0.63830	0.02040	0.00959	0.00273	0.00410	0.01703	0.00759	0.00688
52	0.01884	0.01055	0.01361	0.01188	0.01518	0.00988	0.00924	0.02415	0.07767	0.20125	0.43917	0.04924	0.05711	0.01437	0.00908	0.00256	0.00487	0.01247	0.00917	0.00974
53	0.01702	0.01675	0.02412	0.13469	0.02675	0.02294	0.01813	0.01939	0.01320	0.01978	0.01271	0.04720	0.01247	0.01364	0.02283	0.00340	0.55469	0.00778	0.00373	0.00880
54	0.01742	0.01795	0.03414	0.31948	0.09957	0.01914	0.26493	0.02311	0.01743	0.02349	0.01511	0.02123	0.01163	0.00772	0.00945	0.00267	0.04307	0.00805	0.00388	0.04052
55	0.01671	0.01570	0.02650	0.46163	0.24428	0.01801	0.02283	0.02185	0.01704	0.02270	0.01602	0.02442	0.01313	0.00851	0.00823	0.00266	0.01029	0.03542	0.00392	0.01014
56	0.11806	0.48692	0.03471	0.01487	0.02090	0.10988	0.01370	0.04971	0.01764	0.02269	0.01174	0.01371	0.01036	0.00763	0.00652	0.00199	0.04018	0.00470	0.00395	0.01015
57	0.01010	0.00851	0.00929	0.03958	0.01315	0.00746	0.00710	0.01254	0.01898	0.02325	0.15462	0.07325	0.55514	0.01947	0.00952	0.00271	0.00438	0.01636	0.00754	0.00705
58	0.07956	0.01825	0.03036	0.15839	0.48126	0.01903	0.04776	0.02414	0.01774	0.02628	0.01484	0.01987	0.01215	0.00739	0.00787	0.00248	0.00974	0.00709	0.00403	0.01178
59	0.03085	0.02273	0.02435	0.01867	0.02516	0.02516	0.01542	0.63716	0.03815	0.05114	0.01948	0.01948	0.01380	0.00974	0.00812	0.00244	0.00893	0.00731	0.00812	0.01380
60	0.00987	0.00712	0.00936	0.01115	0.01173	0.00660	0.00747	0.01131	0.01567	0.02077	0.04648	0.67992	0.08215	0.02519	0.01032	0.00327	0.00468	0.02279	0.00753	0.00660
61	0.01532	0.01442	0.02434	0.69533	0.05589	0.01803	0.02253	0.02073	0.01622	0.02073	0.01442	0.02163	0.01082	0.00811	0.00811	0.00270	0.01082	0.00721	0.00361	0.00901
62	0.05690	0.68669	0.04108	0.01373	0.02059	0.03145	0.01364	0.02428	0.01636	0.01990	0.01128	0.01302	0.01034	0.00697	0.00520	0.00177	0.00856	0.00434	0.00354	0.01034
63	0.00989	0.00706	0.00942	0.01130	0.01177	0.00659	0.00753	0.01130	0.01554	0.02071	0.04472	0.70954	0.05367	0.02542	0.01036	0.00330	0.00471	0.02307	0.00753	0.00659
64	0.02041	0.01748	0.01942	0.09020	0.02516	0.02030	0.01408	0.08260	0.53781	0.03373	0.03006	0.02858	0.02248	0.01061	0.00823	0.00272	0.00707	0.00883	0.00774	0.01250
65	0.06773	0.04779	0.02402	0.01761	0.02411	0.02169	0.03987	0.41356	0.03144	0.16596	0.02080	0.02045	0.01448	0.00929	0.00782	0.00238	0.00846	0.00719	0.00783	0.04755
66	0.01706	0.17363	0.45574	0.02151	0.05854	0.02048	0.02464	0.02425	0.01704	0.02408	0.01669	0.05684	0.01421	0.00907	0.00750	0.00248	0.01065	0.03049	0.00384	0.01124
67	0.01800	0.07623	0.02631	0.04412	0.02247	0.02522	0.01760	0.01997	0.01290	0.01953	0.01084	0.01749	0.01064	0.01338	0.02420	0.00337	0.61832	0.00687	0.00355	0.00901
68	0.01024	0.00749	0.00967	0.01124	0.01202	0.00706	0.00762	0.01243	0.03526	0.02160	0.06793	0.62967	0.08882	0.02439	0.01022	0.00322	0.00469	0.02201	0.00760	0.00683
69	0.01663	0.01427	0.01698	0.04657	0.02086	0.01143	0.01033	0.02110	0.04491	0.02626	0.01645	0.04504	0.01417	0.00710	0.00639	0.00143	0.00622	0.00584	0.00501	0.66303
70	0.00989	0.00706	0.00942	0.01130	0.01177	0.00659	0.00753	0.01130	0.01554	0.02071	0.04472	0.70954	0.05367	0.02542	0.01036	0.00330	0.00471	0.02307	0.00753	0.00659
71	0.00989	0.00706	0.00942	0.01130	0.01177	0.00659	0.00753	0.01130	0.01554	0.02071	0.04472	0.70954	0.05367	0.02542	0.01036	0.00330	0.00471	0.02307	0.00753	0.00659
72	0.01839	0.02099	0.10191	0.15715	0.09560	0.01943	0.22923	0.05075	0.11037	0.02722	0.04817	0.02394	0.01667	0.00865	0.00930	0.00269	0.03510	0.00852	0.00489	0.01102
73	0.02930	0.03666	0.02338	0.02240	0.06200	0.61624	0.01610	0.03241	0.04881	0.02083	0.01355	0.01560	0.01119	0.00841	0.00740	0.00214	0.01400	0.00551	0.00434	0.00975
74	0.00992	0.00828	0.00868	0.00871	0.01133	0.00704	0.00661	0.01222	0.01892	0.02301	0.13390	0.07708	0.57925	0.02027	0.00966	0.00277	0.00423	0.04352	0.00766	0.00695
75	0.01364	0.01176	0.01932	0.20563	0.02767	0.01248	0.10776	0.01643	0.01474	0.01947	0.02389	0.13776	0.02522	0.30380	0.02245	0.00494	0.00912	0.01186	0.00481	0.00725
76	0.02001	0.02261	0.09659	0.06594	0.20236	0.02053	0.31019	0.08315	0.02020	0.02800	0.01593	0.02059	0.01228	0.00763	0.00944	0.00264	0.03771	0.00822	0.00436	0.01164
77	0.01953	0.01862	0.03166	0.04772	0.62891	0.01859	0.02396	0.02417	0.01832	0.02620	0.01686	0.05739	0.01506	0.00821	0.00816	0.00246	0.00937	0.00809	0.00421	0.01251
78	0.77215	0.01569	0.01193	0.01067	0.01569	0.01820	0.00879	0.02385	0.01381	0.03641	0.01130	0.01318	0.00879	0.00753	0.00502	0.00251	0.00628	0.00439	0.00502	0.00879
79	0.01815	0.02409	0.18410	0.03727	0.34055	0.01836	0.14358	0.02416	0.01805	0.02573	0.01779	0.07755	0.01557	0.00879	0.00845	0.00259	0.01057	0.00873	0.00419	0.01175
80	0.01779	0.15323	0.51143	0.02086	0.03132	0.02037	0.02581	0.02557	0.01732	0.04875	0.01600	0.02032	0.01238	0.00836	0.00747	0.00248	0.01103	0.03406	0.00387	0.01158
81	0.03385	0.01585	0.02015	0.01572	0.02183	0.04015	0.03158	0.07151	0.08110	0.53272	0.03018	0.02673	0.01955	0.00995	0.00818	0.00252	0.00748	0.00813	0.00936	0.01346
82	0.00996	0.00823	0.00873	0.00860	0.01118	0.00701	0.00645	0.01235	0.01936	0.02397	0.19358	0.07472	0.54826	0.01979	0.00959	0.00270	0.00406	0.01665	0.00780	0.00701
83	0.01261	0.01071	0.01773	0.09968	0.05127	0.01071	0.09179	0.01566	0.01662	0.02212	0.03583	0.42689	0.04038	0.01971	0.00999	0.00317	0.00719	0.09367	0.00645	0.00784
84	0.01882	0.02385	0.13944	0.06800	0.23724	0.01975	0.32060	0.02536	0.01849	0.02586	0.01567	0.02057	0.01210	0.00716	0.00873	0.00261	0.01202	0.00817	0.00395	0.01162
85	0.01631	0.01583	0.02732	0.51929	0.10737	0.01894	0.07842	0.02149	0.01638	0.02164	0.01437	0.02119	0.01113	0.00843	0.00979	0.00275	0.06871	0.00742	0.00368	0.00953
86	0.01159	0.00869	0.01304	0.01304	0.01449	0.01014	0.01014	0.01449	0.01304	0.01884	0.02173	0.03188	0.02029	0.06086	0.68268	0.01304	0.02173	0.00869	0.00435	0.00724
87	0.21666	0.05989	0.05377	0.01984	0.06430	0.16552	0.04088	0.19786	0.02338	0.03375	0.01445	0.01645	0.01120	0.00856	0.00788	0.00241	0.04092	0.00598	0.00539	0.01091
88	0.01031	0.00761	0.00964	0.01049	0.01174	0.00695	0.00735	0.01253	0.01819	0.02438	0.23150	0.41790	0.15748	0.02205	0.01000	0.00299	0.00435	0.01965	0.00794	0.00695
89	0.01988	0.01468	0.01826	0.01506	0.06546	0.01158	0.01104	0.02350	0.01786	0.11906	0.01701	0.01861	0.01324	0.00668	0.00646	0.00148	0.00640	0.00546	0.00550	0.60277
90	0.10859	0.01536	0.01856	0.01430	0.02039	0.01446	0.01174	0.10225	0.02204	0.35686	0.02344	0.02227	0.01592	0.00902	0.00817	0.00225	0.03802	0.00686	0.00782	0.18166
91	0.02925	0.07237	0.02461	0.01780	0.02394	0.05770	0.01476	0.52714	0.03462	0.04607	0.01895	0.01940	0.01380	0.00945	0.00773	0.00234	0.00890	0.00700	0.05121	0.01297
92	0.01978	0.01922	0.03356	0.08118	0.58965	0.01930	0.06790	0.02477	0.01841	0.02618	0.01530	0.02029	0.01271	0.00725	0.00815	0.00245	0.00998	0.00739	0.00400	0.01252
93	0.00989	0.00706	0.00942	0.01130	0.01177	0.00659	0.00753	0.01130	0.01554	0.02071	0.04472	0.70954	0.05367	0.02542	0.01036	0.00330	0.00471	0.02307	0.00753	0.00659
94	0.01558	0.01469	0.02480	0.66040	0.08880	0.01810	0.02266	0.02096	0.01635	0.02104	0.01447	0.02155	0.01093	0.00806	0.00811	0.00269	0.01075	0.00721	0.00363	0.00922
95	0.01149	0.00836	0.01085	0.01043	0.01239	0.00773	0.00796	0.01521	0.02240	0.03133	0.58240	0.06383	0.10834	0.01723	0.00969	0.00265	0.00410	0.05726	0.00875	0.00760
96	0.01168	0.00864	0.01264	0.01273	0.01406	0.00989	0.00978	0.01434	0.01318	0.01879	0.02307	0.03662	0.02237	0.12139	0.59095	0.01212	0.01976	0.03641	0.00454	0.00703
97	0.01009	0.00719	0.00949	0.01111	0.01166	0.00672	0.00742	0.01161	0.01590	0.02134	0.08776	0.63402	0.05422	0.05548	0.01168	0.00345	0.00479	0.02197	0.00752	0.00659
98	0.01775	0.01775	0.02485	0.02130	0.02130	0.02485	0.01775	0.01953	0.01243	0.01953	0.01065	0.01775	0.01065	0.01420	0.02663	0.00355	0.69998	0.00710	0.00355	0.00888
99	0.01159	0.00869	0.01304	0.01304	0.01449	0.01014	0.01014	0.01449	0.01304	0.01884	0.02173	0.03188	0.02029	0.06086	0.68268	0.01304	0.02173	0.00869	0.00435	0.00724
100	0.01915	0.02189	0.04788	0.03420	0.04241	0.02052	0.63475	0.02599	0.01915	0.02599	0.01642	0.02189	0.01231	0.00684	0.00958	0.00274	0.01368	0.00958	0.00410	0.01094
101	0.01683	0.01442	0.01683	0.01202	0.01923	0.01082	0.00961	0.02043	0.01683	0.02644	0.01442	0.01683	0.01202	0.00601	0.00601	0.00120	0.00601	0.00481	0.00481	0.76444
102	0.03085	0.02273	0.02435	0.01867	0.02516	0.02516	0.01542	0.63716	0.03815	0.05114	0.01948	0.01948	0.01380	0.00974	0.00812	0.00244	0.00893	0.00731	0.00812	0.01380
103	0.01159	0.00869	0.01304	0.01304	0.01449	0.01014	0.01014	0.01449	0.01304	0.01884	0.02173	0.03188	0.02029	0.06086	0.68268	0.01304	0.02173	0.00869	0.00435	0.00724
104	0.01159	0.00869	0.01304	0.01304	0.01449	0.01014	0.01014	0.01449	0.01304	0.01884	0.02173	0.03188	0.02029	0.06086	0.68268	0.01304	0.02173	0.00869	0.00435	0.00724
105	0.01775	0.01775	0.02485	0.02130	0.02130	0.02485	0.01775	0.01953	0.01243	0.01953	0.01065	0.01775	0.01065	0.01420	0.02663	0.00355	0.69998	0.00710	0.00355	0.00888
106	0.01002	0.00712	0.00937	0.01112	0.01156	0.00668	0.00735	0.01133	0.01527	0.02036	0.04336	0.66271	0.05194	0.07460	0.01256	0.00362	0.00493	0.02226	0.00735	0.00647
107	0.01775	0.01775	0.02485	0.02130	0.02130	0.02485	0.01775	0.01953	0.01243	0.01953	0.01065	0.01775	0.01065	0.01420	0.02663	0.00355	0.69998	0.00710	0.00355	0.00888
108	0.01125	0.00828	0.01052	0.00996	0.01198	0.00756	0.00747	0.01485	0.02241	0.03121	0.58746	0.06280	0.14987	0.01709	0.00957	0.00258	0.00386	0.01498	0.00876	0.00756
109	0.01775	0.01775	0.02485	0.02130	0.02130	0.02485	0.01775	0.01953	0.01243	0.01953	0.01065	0.01775	0.01065	0.01420	0.02663	0.00355	0.69998	0.00710	0.00355	0.00888
110	0.01148	0.00778	0.00889	0.00912	0.00929	0.00767	0.00528	0.01173	0.01251	0.01658	0.03006	0.13391	0.05657	0.60443	0.03632	0.00711	0.00734	0.01337	0.00533	0.00519
111	0.02144	0.02067	0.01869	0.01689	0.02132	0.13369	0.01303	0.03983	0.51277	0.03097	0.03174	0.02976	0.05133	0.01099	0.00816	0.00264	0.00773	0.00886	0.00752	0.01198
112	0.02678	0.01887	0.02554	0.05641	0.26427	0.04802	0.01825	0.17143	0.02442	0.19875	0.02174	0.02507	0.01635	0.00935	0.00821	0.00250	0.00893	0.03565	0.00669	0.01276
113	0.01003	0.00717	0.00955	0.01120	0.01180	0.00669	0.00754	0.01166	0.01621	0.02179	0.10060	0.65059	0.05575	0.02462	0.01029	0.00323	0.00463	0.02231	0.00766	0.00669
114	0.40299	0.07997	0.10844	0.01704	0.06695	0.02094	0.01459	0.14808	0.01973	0.03577	0.01368	0.01547	0.01043	0.00793	0.00624	0.00243	0.00803	0.00540	0.00523	0.01066
115	0.01219	0.00952	0.01398	0.01364	0.01489	0.01145	0.01064	0.01485	0.01293	0.01876	0.02085	0.03148	0.01978	0.08578	0.59111	0.01190	0.08598	0.00868	0.00430	0.00730
116	0.01978	0.27697	0.37862	0.01966	0.02899	0.10031	0.02273	0.02599	0.01759	0.02273	0.01319	0.01541	0.01035	0.00752	0.00679	0.00222	0.01115	0.00533	0.00353	0.01114
117	0.03530	0.01356	0.01848	0.01425	0.02033	0.01174	0.01174	0.03847	0.02321	0.64147	0.05996	0.02909	0.02260	0.01033	0.00822	0.00251	0.00677	0.00845	0.00999	0.01354
