[name]
unknown

[dist]
# distance from previous block
# <min> <max>
0	4

[block]
# block no. 0 follows, 24 sequences, length 39
# corresponding to MSA columns:
# 4-42
name=unknown_A
#
# <colnr> <probs for GDERKNQSTAVLIFYWHMCP>
#	G	D	E	R	K	N	Q	S	T	A	V	L	I	F	Y	W	H	M	C	P
0	0.01438	0.01186	0.01370	0.01516	0.01720	0.07398	0.01302	0.01788	0.01866	0.02332	0.03915	0.08229	0.04226	0.02060	0.01059	0.00350	0.00797	0.56001	0.00700	0.00748
1	0.05260	0.01503	0.01852	0.01403	0.02039	0.01354	0.01151	0.12573	0.02306	0.39796	0.02447	0.02269	0.01637	0.00870	0.00734	0.00212	0.00681	0.00691	0.00809	0.20414
2	0.01006	0.00714	0.00934	0.01067	0.01128	0.00670	0.00713	0.01163	0.01584	0.02138	0.12811	0.56209	0.05329	0.09004	0.01290	0.00355	0.00478	0.02036	0.00731	0.00643
3	0.01039	0.00790	0.01064	0.01197	0.01239	0.00814	0.00831	0.01181	0.01489	0.02013	0.04053	0.64953	0.04844	0.02380	0.01164	0.00324	0.07153	0.02106	0.00699	0.00665
4	0.01503	0.01394	0.02327	0.57884	0.10477	0.01676	0.02084	0.02011	0.01668	0.02186	0.07646	0.02464	0.01687	0.00864	0.00806	0.00260	0.00982	0.00774	0.00406	0.00901
5	0.02011	0.01883	0.03136	0.11114	0.51183	0.01933	0.05833	0.08318	0.01970	0.02760	0.01529	0.01982	0.01242	0.00737	0.00795	0.00240	0.00970	0.00720	0.00427	0.01216
6	0.00973	0.00790	0.00863	0.00876	0.01101	0.00680	0.00645	0.01196	0.01847	0.02308	0.17821	0.15479	0.48651	0.02001	0.00946	0.00271	0.00404	0.01706	0.00760	0.00680
7	0.02962	0.03779	0.02247	0.02043	0.02451	0.68948	0.01532	0.03166	0.02247	0.01941	0.01226	0.01430	0.01021	0.00817	0.00715	0.00204	0.01430	0.00511	0.00409	0.00919
8	0.01661	0.01692	0.03262	0.34447	0.04462	0.01844	0.27879	0.02177	0.01651	0.02196	0.01466	0.02118	0.01135	0.00887	0.01091	0.04541	0.05391	0.00799	0.00372	0.00929
9	0.08014	0.00860	0.01008	0.00997	0.01192	0.00824	0.00738	0.01449	0.01910	0.02760	0.36776	0.14475	0.15089	0.06569	0.01125	0.00302	0.00453	0.03979	0.00767	0.00714
10	0.00965	0.00694	0.00916	0.01094	0.01147	0.00645	0.00732	0.01105	0.01528	0.02028	0.04494	0.69456	0.07323	0.02468	0.01010	0.00320	0.00458	0.02235	0.00736	0.00645
11	0.01089	0.00796	0.01006	0.01078	0.01206	0.00749	0.00759	0.03847	0.01828	0.02462	0.20959	0.45413	0.11542	0.02149	0.00976	0.00294	0.00449	0.01920	0.00774	0.00703
12	0.01307	0.00934	0.01183	0.01194	0.01414	0.00913	0.00943	0.01823	0.08432	0.05156	0.29025	0.13650	0.11109	0.01825	0.00969	0.00292	0.00519	0.17711	0.00805	0.00798
13	0.00984	0.00708	0.00935	0.01101	0.01167	0.00660	0.00752	0.01143	0.01573	0.02094	0.07332	0.63891	0.07654	0.02416	0.01009	0.00318	0.00464	0.04403	0.00742	0.00653
14	0.00975	0.00697	0.00928	0.01098	0.01152	0.00650	0.00737	0.01126	0.01559	0.02090	0.07912	0.67886	0.05372	0.02435	0.01008	0.00318	0.00455	0.02208	0.00744	0.00650
15	0.01074	0.00820	0.00993	0.01019	0.01195	0.00763	0.00737	0.01433	0.05440	0.02559	0.28628	0.27425	0.21052	0.01965	0.00953	0.00279	0.00423	0.01728	0.00791	0.00723
16	0.00966	0.00690	0.00920	0.01104	0.01150	0.00644	0.00736	0.01104	0.01518	0.02024	0.04371	0.71614	0.05245	0.02484	0.01012	0.00322	0.00460	0.02254	0.00736	0.00644
17	0.01157	0.00853	0.01113	0.01233	0.01391	0.00830	0.00971	0.01519	0.04674	0.02381	0.12337	0.28645	0.10830	0.02148	0.01021	0.00323	0.00563	0.26535	0.00754	0.00722
18	0.01918	0.01009	0.01329	0.01204	0.01505	0.00928	0.00926	0.04779	0.02116	0.22801	0.26365	0.21426	0.04852	0.01635	0.00912	0.00270	0.00523	0.03708	0.00863	0.00932
19	0.09387	0.00827	0.00877	0.00885	0.01057	0.00855	0.00644	0.01669	0.01536	0.02646	0.04988	0.11426	0.02551	0.07973	0.05571	0.03581	0.00572	0.00960	0.41297	0.00698
20	0.01489	0.00876	0.01138	0.01161	0.01339	0.00824	0.00827	0.01792	0.05286	0.13364	0.10822	0.45667	0.04659	0.05448	0.01103	0.00320	0.00512	0.01788	0.00784	0.00801
21	0.00975	0.00722	0.00911	0.01039	0.01139	0.00658	0.00712	0.01146	0.01638	0.02151	0.10711	0.53751	0.16914	0.02317	0.00991	0.00305	0.00441	0.02072	0.00749	0.00658
22	0.00966	0.00690	0.00920	0.01104	0.01150	0.00644	0.00736	0.01104	0.01518	0.02024	0.04371	0.71614	0.05245	0.02484	0.01012	0.00322	0.00460	0.02254	0.00736	0.00644
23	0.01487	0.01371	0.01966	0.03867	0.01920	0.01833	0.01452	0.01715	0.01250	0.01885	0.01485	0.02299	0.01418	0.03193	0.29095	0.00715	0.41111	0.00757	0.00378	0.00804
24	0.02832	0.02323	0.02357	0.02111	0.09083	0.12247	0.01554	0.43637	0.03164	0.06821	0.02072	0.02116	0.04101	0.00952	0.00787	0.00234	0.00935	0.00727	0.00700	0.01246
25	0.02116	0.01737	0.02401	0.15457	0.21909	0.01894	0.01799	0.17691	0.12545	0.05565	0.02137	0.07468	0.01759	0.00988	0.00810	0.00254	0.00849	0.00860	0.00597	0.01165
26	0.01178	0.00910	0.01221	0.01266	0.01424	0.00903	0.03186	0.01660	0.09910	0.02412	0.13470	0.45157	0.05013	0.02083	0.00978	0.00306	0.00523	0.06888	0.00753	0.00761
27	0.01463	0.01332	0.01816	0.08114	0.10914	0.05147	0.03925	0.01681	0.01488	0.01987	0.02466	0.22542	0.02714	0.18294	0.01898	0.00406	0.11282	0.01250	0.00502	0.00778
28	0.04658	0.01453	0.02294	0.37112	0.18243	0.01596	0.01904	0.02121	0.01654	0.05059	0.01757	0.08316	0.01522	0.00913	0.00780	0.00248	0.00899	0.00816	0.00439	0.08216
29	0.08414	0.01719	0.05100	0.01651	0.02294	0.01563	0.06970	0.11791	0.08384	0.33172	0.02443	0.02314	0.01654	0.00893	0.00766	0.00237	0.00767	0.00740	0.00773	0.08355
30	0.02301	0.01797	0.02191	0.07316	0.05428	0.04343	0.04902	0.20825	0.14187	0.08869	0.02094	0.02360	0.01614	0.05026	0.01128	0.03090	0.03740	0.00762	0.00643	0.07383
31	0.02103	0.01733	0.02473	0.01938	0.02485	0.01771	0.16026	0.19072	0.14943	0.06279	0.04897	0.11567	0.02288	0.01108	0.00846	0.00252	0.00826	0.01016	0.00680	0.07696
32	0.04421	0.01484	0.02248	0.23923	0.06413	0.01515	0.09114	0.04936	0.04431	0.02506	0.02053	0.08817	0.04022	0.00946	0.00774	0.00230	0.00844	0.00856	0.00485	0.19983
33	0.02105	0.01894	0.05098	0.04624	0.08002	0.04898	0.07460	0.11131	0.02000	0.07987	0.01589	0.01859	0.01237	0.00810	0.00947	0.00212	0.09281	0.00638	0.00515	0.27713
34	0.08309	0.01895	0.02494	0.12750	0.25761	0.07233	0.03508	0.12449	0.05796	0.02898	0.01655	0.02045	0.01323	0.01265	0.06934	0.00335	0.01058	0.00699	0.00488	0.01102
35	0.01694	0.04761	0.01894	0.04643	0.01936	0.01506	0.03844	0.04864	0.01681	0.08490	0.05428	0.18186	0.06741	0.05480	0.01471	0.00307	0.18232	0.01153	0.00583	0.07106
36	0.05309	0.04531	0.02232	0.04333	0.04695	0.01988	0.04945	0.20559	0.16467	0.03392	0.07853	0.02497	0.02074	0.01225	0.03855	0.00295	0.07490	0.00800	0.00646	0.04814
37	0.17372	0.22349	0.07225	0.18638	0.02775	0.02072	0.01513	0.02113	0.01498	0.02294	0.01452	0.04800	0.01306	0.04324	0.04140	0.00309	0.03870	0.00650	0.00401	0.00900
38	0.01961	0.01745	0.02583	0.07136	0.11277	0.03878	0.11886	0.09754	0.04314	0.05815	0.04808	0.07695	0.01869	0.01059	0.01141	0.00260	0.13310	0.00882	0.00532	0.08096

[dist]
# distance from previous block
# <min> <max>
5	15

[block]
# block no. 1 follows, 24 sequences, length 106
# corresponding to MSA columns:
# 58-163
name=unknown_B
#
# <colnr> <probs for GDERKNQSTAVLIFYWHMCP>
#	G	D	E	R	K	N	Q	S	T	A	V	L	I	F	Y	W	H	M	C	P
0	0.13364	0.10260	0.08380	0.09549	0.09114	0.01834	0.01574	0.04573	0.03974	0.12251	0.01771	0.04871	0.01419	0.00903	0.00844	0.00239	0.06257	0.00686	0.00524	0.07613
1	0.01695	0.02443	0.30135	0.04801	0.02648	0.01473	0.04694	0.02480	0.07485	0.09195	0.18430	0.03316	0.03028	0.01084	0.00833	0.00258	0.00856	0.03495	0.00597	0.01053
2	0.02679	0.07902	0.05823	0.04951	0.08111	0.04830	0.01557	0.27806	0.02647	0.16869	0.02068	0.05017	0.01558	0.00944	0.00766	0.00233	0.00855	0.00749	0.00685	0.03950
3	0.08139	0.03224	0.45511	0.05181	0.07992	0.01738	0.02434	0.02575	0.01708	0.08764	0.01562	0.01779	0.01112	0.00764	0.00733	0.00244	0.01030	0.00602	0.00420	0.04488
4	0.06863	0.08452	0.07044	0.01369	0.01892	0.01552	0.01203	0.08512	0.11043	0.12903	0.18358	0.03270	0.05809	0.01098	0.00770	0.00232	0.00646	0.00895	0.00715	0.07374
5	0.01937	0.39169	0.24859	0.04802	0.04947	0.05444	0.01968	0.02425	0.01652	0.02115	0.01238	0.01487	0.01024	0.00739	0.00691	0.00210	0.03375	0.00512	0.00343	0.01061
6	0.10070	0.20624	0.02690	0.04623	0.02370	0.12624	0.06566	0.05206	0.16463	0.06001	0.01833	0.01954	0.01435	0.01012	0.03084	0.00263	0.00950	0.00646	0.00531	0.01057
7	0.01491	0.19030	0.07460	0.01228	0.01639	0.01508	0.01114	0.04519	0.02103	0.02875	0.42174	0.04238	0.05068	0.01285	0.00808	0.00229	0.00580	0.01081	0.00692	0.00876
8	0.00986	0.00805	0.00872	0.00855	0.01101	0.00690	0.00641	0.01233	0.01924	0.02418	0.23645	0.07178	0.51080	0.01905	0.00937	0.00263	0.00394	0.01610	0.00773	0.00690
9	0.01588	0.01350	0.01584	0.01169	0.01819	0.01023	0.00923	0.01922	0.01634	0.02537	0.01656	0.07467	0.01513	0.00745	0.00623	0.00134	0.00577	0.00618	0.00492	0.70627
10	0.01107	0.00810	0.01038	0.00981	0.01175	0.00742	0.00736	0.01466	0.02208	0.03093	0.61824	0.06067	0.12479	0.01654	0.00935	0.00251	0.00376	0.01454	0.00861	0.00742
11	0.01208	0.00831	0.01028	0.00982	0.01203	0.00744	0.00735	0.01512	0.02069	0.06707	0.42213	0.11966	0.22325	0.01759	0.00934	0.00260	0.00407	0.01530	0.00832	0.00755
12	0.01006	0.00851	0.00876	0.00861	0.01132	0.00744	0.00648	0.01327	0.05172	0.02288	0.12593	0.07248	0.58646	0.01928	0.00930	0.00266	0.00411	0.01614	0.00751	0.00706
13	0.01478	0.00739	0.00739	0.00739	0.00924	0.00739	0.00554	0.01848	0.01663	0.02956	0.02587	0.02956	0.02033	0.00924	0.00554	0.00185	0.00370	0.00739	0.76534	0.00739
14	0.03538	0.01381	0.01860	0.01426	0.02040	0.01212	0.01178	0.06043	0.02322	0.65482	0.03084	0.02671	0.01941	0.00980	0.00797	0.00245	0.00682	0.00794	0.00975	0.01349
15	0.03173	0.01967	0.02222	0.01704	0.02332	0.02081	0.01407	0.46817	0.03302	0.23323	0.02262	0.02136	0.01528	0.00961	0.00794	0.00240	0.00815	0.00738	0.00848	0.01349
16	0.01598	0.03709	0.57404	0.02316	0.03395	0.01803	0.09728	0.02462	0.01726	0.02549	0.04845	0.01948	0.01364	0.00789	0.00783	0.00253	0.01149	0.00670	0.00370	0.01138
17	0.01635	0.09802	0.62708	0.02185	0.03316	0.01949	0.02799	0.02500	0.01669	0.02458	0.01396	0.01641	0.01006	0.00747	0.00733	0.00244	0.01145	0.00572	0.00335	0.01159
18	0.01506	0.01421	0.02380	0.67760	0.05339	0.01786	0.02185	0.02022	0.01572	0.02022	0.01396	0.02100	0.01056	0.00814	0.00858	0.00267	0.03576	0.00704	0.00352	0.00880
19	0.01200	0.00891	0.01151	0.01222	0.01410	0.00871	0.00978	0.01641	0.06066	0.02600	0.23005	0.17077	0.10827	0.01978	0.01003	0.00310	0.00548	0.25692	0.00779	0.00751
20	0.77733	0.01534	0.01166	0.01043	0.01534	0.01779	0.00859	0.02331	0.01350	0.03558	0.01104	0.01288	0.00859	0.00736	0.00491	0.00245	0.00613	0.00429	0.00491	0.00859
21	0.21929	0.01395	0.01673	0.01320	0.01903	0.01317	0.01090	0.03485	0.02042	0.51839	0.02627	0.02350	0.01689	0.00921	0.00721	0.00245	0.00660	0.00706	0.00860	0.01228
22	0.02590	0.01678	0.01895	0.01586	0.02111	0.01811	0.01267	0.13152	0.37990	0.22308	0.03000	0.02725	0.02127	0.01030	0.00802	0.00257	0.00678	0.00840	0.00856	0.01297
23	0.01235	0.00899	0.01218	0.01378	0.01571	0.00882	0.01193	0.01579	0.01823	0.02344	0.04681	0.08780	0.12394	0.02168	0.01075	0.00353	0.00689	0.54285	0.00731	0.00723
24	0.03434	0.01377	0.01837	0.01427	0.02027	0.01228	0.01172	0.03892	0.07221	0.62710	0.03136	0.02719	0.01999	0.00989	0.00798	0.00247	0.00671	0.00805	0.00968	0.01342
25	0.02066	0.01634	0.01764	0.01569	0.02020	0.01850	0.01225	0.04063	0.57626	0.08671	0.06065	0.03070	0.02609	0.01092	0.00812	0.00266	0.00620	0.00912	0.00824	0.01240
26	0.00937	0.00803	0.00803	0.00803	0.01071	0.00669	0.00602	0.01138	0.01807	0.02142	0.08033	0.07632	0.66863	0.02008	0.00937	0.00268	0.00402	0.01674	0.00736	0.00669
27	0.02908	0.03690	0.02255	0.02045	0.02435	0.66024	0.01541	0.03111	0.02202	0.01939	0.01218	0.01443	0.01022	0.00842	0.00798	0.00211	0.04474	0.00519	0.00406	0.00917
28	0.03014	0.02221	0.02380	0.01825	0.02459	0.02459	0.01507	0.64541	0.03728	0.04998	0.01904	0.01904	0.01349	0.00952	0.00793	0.00238	0.00873	0.00714	0.00793	0.01349
29	0.01021	0.00807	0.00920	0.00892	0.01123	0.00705	0.00669	0.01301	0.02006	0.02614	0.34712	0.06856	0.39890	0.01832	0.00936	0.00259	0.00389	0.01565	0.00798	0.00705
30	0.01300	0.01167	0.01760	0.05665	0.01946	0.01341	0.06602	0.01595	0.01502	0.02064	0.06499	0.03840	0.16487	0.03120	0.26334	0.00654	0.15822	0.01031	0.00495	0.00776
31	0.02947	0.02134	0.02356	0.05936	0.02621	0.02360	0.01534	0.58099	0.03535	0.07576	0.01928	0.01952	0.01358	0.00944	0.00793	0.00240	0.00875	0.00717	0.00775	0.01320
32	0.02962	0.03779	0.02247	0.02043	0.02451	0.68948	0.01532	0.03166	0.02247	0.01941	0.01226	0.01430	0.01021	0.00817	0.00715	0.00204	0.01430	0.00511	0.00409	0.00919
33	0.02063	0.01749	0.01844	0.01632	0.02097	0.02015	0.01277	0.09477	0.60341	0.03464	0.03112	0.02867	0.02327	0.01065	0.00806	0.00266	0.00649	0.00881	0.00806	0.01263
34	0.01952	0.36805	0.17506	0.07150	0.07275	0.05378	0.06708	0.02412	0.01669	0.02123	0.01263	0.01559	0.01050	0.00736	0.00719	0.00214	0.03529	0.00552	0.00351	0.01051
35	0.03450	0.01424	0.01875	0.01448	0.02055	0.01289	0.01193	0.07990	0.05204	0.60608	0.03050	0.02657	0.01942	0.00984	0.00798	0.00246	0.00686	0.00796	0.00961	0.01345
36	0.02731	0.05394	0.02419	0.05005	0.05895	0.12381	0.01537	0.41308	0.03043	0.03939	0.01682	0.01796	0.01252	0.00869	0.00751	0.00221	0.00944	0.00649	0.00648	0.07537
37	0.01084	0.00787	0.01022	0.01010	0.01173	0.00724	0.00740	0.01404	0.02084	0.02910	0.52053	0.18860	0.09566	0.01807	0.00950	0.00264	0.00392	0.01605	0.00840	0.00724
38	0.01124	0.00756	0.00874	0.00903	0.00910	0.00749	0.00521	0.01145	0.01211	0.01615	0.02795	0.15707	0.03257	0.61103	0.03557	0.00698	0.00720	0.01328	0.00521	0.00506
39	0.01153	0.00769	0.00865	0.00865	0.00865	0.00769	0.00480	0.01153	0.01153	0.01538	0.02499	0.05189	0.02883	0.72131	0.04036	0.00769	0.00769	0.01153	0.00480	0.00480
40	0.01133	0.00850	0.01274	0.01274	0.01416	0.00991	0.00991	0.01416	0.01274	0.01841	0.02124	0.03115	0.01982	0.05947	0.68989	0.01274	0.02124	0.00850	0.00425	0.00708
41	0.00990	0.00805	0.00876	0.00859	0.01103	0.00692	0.00644	0.01240	0.01932	0.02438	0.24768	0.07145	0.49944	0.01898	0.00937	0.00263	0.00394	0.01605	0.00775	0.00692
42	0.01093	0.00809	0.01020	0.00967	0.01167	0.00736	0.00726	0.01441	0.02177	0.03018	0.57618	0.06189	0.16731	0.01681	0.00936	0.00252	0.00378	0.01471	0.00852	0.00736
43	0.01972	0.01703	0.01793	0.01614	0.02062	0.01972	0.01255	0.04214	0.65752	0.03317	0.03228	0.02959	0.02421	0.01076	0.00807	0.00269	0.00628	0.00897	0.00807	0.01255
44	0.00974	0.00693	0.00918	0.01095	0.01139	0.00649	0.00726	0.01106	0.01504	0.02005	0.04295	0.68944	0.05150	0.05284	0.01134	0.00340	0.00472	0.02210	0.00726	0.00638
45	0.01530	0.01468	0.02520	0.63227	0.05235	0.01805	0.05932	0.02052	0.01587	0.02052	0.01405	0.02099	0.01065	0.00811	0.00880	0.00268	0.04099	0.00718	0.00355	0.00892
46	0.02120	0.72609	0.04155	0.01357	0.02035	0.03138	0.01357	0.02374	0.01611	0.01866	0.01102	0.01272	0.01018	0.00678	0.00509	0.00170	0.00848	0.00424	0.00339	0.01018
47	0.03489	0.01460	0.01908	0.01463	0.02079	0.01329	0.01209	0.11531	0.02454	0.59807	0.02974	0.02599	0.01885	0.00978	0.00797	0.00244	0.00700	0.00787	0.00958	0.01349
48	0.01068	0.00808	0.00985	0.00941	0.01151	0.00725	0.00706	0.01392	0.02117	0.02877	0.49602	0.06423	0.24836	0.01734	0.00936	0.00255	0.00382	0.01504	0.00833	0.00725
49	0.02025	0.01911	0.03175	0.06360	0.47582	0.01948	0.09225	0.07739	0.06942	0.02823	0.01671	0.02060	0.01342	0.00754	0.00805	0.00243	0.00960	0.00748	0.00458	0.01230
50	0.01225	0.01037	0.01471	0.04586	0.07275	0.01152	0.01134	0.01420	0.01506	0.02059	0.03578	0.44686	0.07907	0.02011	0.01289	0.00313	0.14275	0.01709	0.00613	0.00753
51	0.01711	0.01278	0.01416	0.01278	0.01648	0.01341	0.00990	0.02907	0.31743	0.09284	0.16817	0.04638	0.18874	0.01398	0.00862	0.00263	0.00528	0.01179	0.00820	0.01024
52	0.01542	0.01455	0.02459	0.63993	0.11347	0.01773	0.02224	0.02065	0.01607	0.02080	0.01417	0.02100	0.01076	0.00785	0.00792	0.00262	0.01046	0.00705	0.00356	0.00917
53	0.01731	0.06442	0.14588	0.23835	0.11788	0.01972	0.17463	0.02400	0.04549	0.02348	0.01516	0.01995	0.01166	0.00777	0.00882	0.00257	0.04125	0.00732	0.00385	0.01048
54	0.01153	0.00836	0.01254	0.01254	0.01384	0.00966	0.00966	0.01384	0.01254	0.01802	0.02062	0.03057	0.01932	0.05682	0.63506	0.07570	0.02005	0.00836	0.00418	0.00678
55	0.00959	0.00808	0.00833	0.00837	0.01098	0.00682	0.00635	0.01173	0.01828	0.02197	0.10509	0.07606	0.61816	0.01998	0.00943	0.00271	0.00413	0.03976	0.00742	0.00675
56	0.05585	0.03418	0.50399	0.02449	0.10180	0.01772	0.04783	0.02412	0.01678	0.02553	0.01627	0.04494	0.01313	0.00859	0.00771	0.00256	0.01082	0.02863	0.00380	0.01126
57	0.02150	0.02395	0.05698	0.09125	0.44220	0.17899	0.02222	0.02581	0.01889	0.02388	0.01419	0.01835	0.01174	0.00742	0.00768	0.00231	0.01077	0.00654	0.00391	0.01143
58	0.02314	0.01873	0.01985	0.01683	0.02192	0.02132	0.01338	0.23972	0.45438	0.03868	0.02794	0.02613	0.02070	0.01035	0.00802	0.00259	0.00708	0.00837	0.00802	0.01286
59	0.01998	0.02020	0.08541	0.04086	0.48116	0.01819	0.07640	0.02572	0.04066	0.06531	0.01743	0.02260	0.01422	0.00785	0.00807	0.00246	0.00961	0.02716	0.00449	0.01222
60	0.00966	0.00690	0.00920	0.01104	0.01150	0.00644	0.00736	0.01104	0.01518	0.02024	0.04371	0.71614	0.05245	0.02484	0.01012	0.00322	0.00460	0.02254	0.00736	0.00644
61	0.01914	0.01801	0.03008	0.18194	0.51580	0.01885	0.02345	0.05124	0.01846	0.02582	0.01493	0.01991	0.01219	0.00735	0.00787	0.00242	0.00963	0.00707	0.00402	0.01183
62	0.37745	0.06401	0.11750	0.04726	0.07825	0.07244	0.03503	0.02472	0.01623	0.05842	0.03457	0.01691	0.01222	0.00779	0.00630	0.00239	0.00842	0.00560	0.00469	0.00980
63	0.00937	0.00803	0.00803	0.00803	0.01071	0.00669	0.00602	0.01138	0.01807	0.02142	0.08033	0.07632	0.66863	0.02008	0.00937	0.00268	0.00402	0.01674	0.00736	0.00669
64	0.01898	0.01948	0.03318	0.16309	0.34793	0.05417	0.16744	0.02398	0.01777	0.02410	0.01469	0.01994	0.01185	0.00750	0.00899	0.00252	0.04196	0.00749	0.00386	0.01108
65	0.01135	0.00843	0.01240	0.01240	0.01370	0.00973	0.00949	0.01394	0.01264	0.01816	0.02155	0.03288	0.02057	0.11455	0.63584	0.01232	0.02011	0.00875	0.00429	0.00689
66	0.01963	0.01884	0.03219	0.04867	0.67185	0.01884	0.02434	0.02434	0.01806	0.02591	0.01492	0.01963	0.01256	0.00707	0.00785	0.00236	0.00942	0.00707	0.00393	0.01256
67	0.00955	0.00809	0.00828	0.00838	0.01101	0.00682	0.00638	0.01164	0.01808	0.02154	0.07834	0.07700	0.63620	0.02018	0.00945	0.00273	0.00419	0.04806	0.00736	0.00673
68	0.00991	0.00716	0.00938	0.01071	0.01152	0.00663	0.00731	0.01172	0.01655	0.02225	0.15039	0.57241	0.08839	0.02315	0.00995	0.00307	0.00443	0.02086	0.00759	0.00663
69	0.01590	0.04102	0.68023	0.02260	0.03432	0.01842	0.02930	0.02511	0.01674	0.02511	0.01423	0.01674	0.01005	0.00753	0.00753	0.00251	0.01172	0.00586	0.00335	0.01172
70	0.01153	0.00769	0.00865	0.00865	0.00865	0.00769	0.00480	0.01153	0.01153	0.01538	0.02499	0.05189	0.02883	0.72131	0.04036	0.00769	0.00769	0.01153	0.00480	0.00480
71	0.02962	0.03779	0.02247	0.02043	0.02451	0.68948	0.01532	0.03166	0.02247	0.01941	0.01226	0.01430	0.01021	0.00817	0.00715	0.00204	0.01430	0.00511	0.00409	0.00919
72	0.01644	0.01409	0.01644	0.01175	0.01879	0.01057	0.00940	0.01997	0.01644	0.02584	0.01409	0.01644	0.01175	0.00587	0.00587	0.00117	0.00587	0.00470	0.00470	0.76979
73	0.01278	0.00913	0.01278	0.01460	0.01643	0.00913	0.01278	0.01643	0.01825	0.02373	0.04199	0.08945	0.04564	0.02191	0.01095	0.00365	0.00730	0.61847	0.00730	0.00730
74	0.01142	0.00863	0.01060	0.01002	0.01218	0.00809	0.00754	0.01599	0.06005	0.03011	0.52914	0.06036	0.17304	0.01654	0.00928	0.00254	0.00394	0.01442	0.00846	0.00765
75	0.00966	0.00690	0.00920	0.01104	0.01150	0.00644	0.00736	0.01104	0.01518	0.02024	0.04371	0.71614	0.05245	0.02484	0.01012	0.00322	0.00460	0.02254	0.00736	0.00644
76	0.01851	0.01806	0.03196	0.14565	0.47705	0.01842	0.09964	0.02352	0.01795	0.02518	0.03720	0.02143	0.01432	0.00746	0.00810	0.00244	0.00989	0.00759	0.00404	0.01158
77	0.68185	0.01606	0.01357	0.01276	0.04496	0.01840	0.00982	0.07512	0.01568	0.03635	0.01188	0.01369	0.00917	0.00753	0.00529	0.00244	0.00649	0.00465	0.00512	0.00917
78	0.01938	0.01859	0.03175	0.08281	0.63961	0.01878	0.02422	0.02412	0.01794	0.02561	0.01487	0.01971	0.01246	0.00711	0.00785	0.00237	0.00948	0.00706	0.00390	0.01236
79	0.01122	0.00811	0.01060	0.00998	0.01185	0.00748	0.00748	0.01496	0.02245	0.03180	0.66766	0.05923	0.07482	0.01621	0.00935	0.00249	0.00374	0.01434	0.00873	0.00748
80	0.01904	0.01865	0.02978	0.17422	0.49433	0.04733	0.02319	0.02361	0.01755	0.02422	0.01444	0.01959	0.01198	0.00759	0.00865	0.00245	0.04108	0.00697	0.00383	0.01151
81	0.01744	0.01406	0.01655	0.01187	0.01887	0.01063	0.00951	0.02094	0.01677	0.05975	0.01499	0.01699	0.01216	0.00608	0.00598	0.00124	0.00592	0.00487	0.00496	0.73042
82	0.01970	0.57895	0.12045	0.01442	0.02143	0.02774	0.01507	0.02319	0.01672	0.02057	0.06607	0.01710	0.01554	0.00766	0.00576	0.00187	0.00850	0.00529	0.00383	0.01015
83	0.02960	0.02194	0.02349	0.01814	0.02438	0.02434	0.01494	0.61401	0.06957	0.04910	0.01973	0.01959	0.01404	0.00958	0.00794	0.00240	0.00860	0.00723	0.00794	0.01344
84	0.02954	0.02088	0.02274	0.01755	0.02379	0.02273	0.01444	0.53638	0.07280	0.10232	0.02073	0.02028	0.01461	0.00950	0.00788	0.00237	0.00831	0.00724	0.00800	0.03791
85	0.01498	0.01409	0.02378	0.70226	0.05462	0.01762	0.02202	0.02026	0.01586	0.02026	0.01409	0.02114	0.01057	0.00793	0.00793	0.00264	0.01057	0.00705	0.00352	0.00881
86	0.01644	0.01409	0.01644	0.01175	0.01879	0.01057	0.00940	0.01997	0.01644	0.02584	0.01409	0.01644	0.01175	0.00587	0.00587	0.00117	0.00587	0.00470	0.00470	0.76979
87	0.01875	0.40860	0.33754	0.01775	0.02683	0.02537	0.02086	0.02438	0.01640	0.02165	0.01251	0.01458	0.01012	0.00713	0.00622	0.00207	0.00998	0.00499	0.00337	0.01089
88	0.00966	0.00690	0.00920	0.01104	0.01150	0.00644	0.00736	0.01104	0.01518	0.02024	0.04371	0.71614	0.05245	0.02484	0.01012	0.00322	0.00460	0.02254	0.00736	0.00644
89	0.00966	0.00690	0.00920	0.01104	0.01150	0.00644	0.00736	0.01104	0.01518	0.02024	0.04371	0.71614	0.05245	0.02484	0.01012	0.00322	0.00460	0.02254	0.00736	0.00644
90	0.01735	0.01735	0.02429	0.02082	0.02082	0.02429	0.01735	0.01908	0.01214	0.01908	0.01041	0.01735	0.01041	0.01388	0.02602	0.00347	0.70680	0.00694	0.00347	0.00867
91	0.01644	0.01409	0.01644	0.01175	0.01879	0.01057	0.00940	0.01997	0.01644	0.02584	0.01409	0.01644	0.01175	0.00587	0.00587	0.00117	0.00587	0.00470	0.00470	0.76979
92	0.00966	0.00690	0.00920	0.01104	0.01150	0.00644	0.00736	0.01104	0.01518	0.02024	0.04371	0.71614	0.05245	0.02484	0.01012	0.00322	0.00460	0.02254	0.00736	0.00644
93	0.02962	0.03779	0.02247	0.02043	0.02451	0.68948	0.01532	0.03166	0.02247	0.01941	0.01226	0.01430	0.01021	0.00817	0.00715	0.00204	0.01430	0.00511	0.00409	0.00919
94	0.01153	0.00769	0.00865	0.00865	0.00865	0.00769	0.00480	0.01153	0.01153	0.01538	0.02499	0.05189	0.02883	0.72131	0.04036	0.00769	0.00769	0.01153	0.00480	0.00480
95	0.01122	0.00811	0.01060	0.00998	0.01185	0.00748	0.00748	0.01496	0.02245	0.03180	0.66766	0.05923	0.07482	0.01621	0.00935	0.00249	0.00374	0.01434	0.00873	0.00748
96	0.01498	0.01409	0.02378	0.70226	0.05462	0.01762	0.02202	0.02026	0.01586	0.02026	0.01409	0.02114	0.01057	0.00793	0.00793	0.00264	0.01057	0.00705	0.00352	0.00881
97	0.01152	0.00772	0.00881	0.00881	0.00886	0.00777	0.00500	0.01163	0.01158	0.01549	0.02484	0.05110	0.02848	0.69587	0.06533	0.00788	0.00821	0.01142	0.00478	0.00489
98	0.01133	0.00850	0.01274	0.01274	0.01416	0.00991	0.00991	0.01416	0.01274	0.01841	0.02124	0.03115	0.01982	0.05947	0.68989	0.01274	0.02124	0.00850	0.00425	0.00708
99	0.00965	0.00695	0.00915	0.01092	0.01147	0.00645	0.00731	0.01106	0.01530	0.02029	0.04518	0.69042	0.07721	0.02465	0.01009	0.00320	0.00458	0.02231	0.00736	0.00645
100	0.01644	0.01409	0.01644	0.01175	0.01879	0.01057	0.00940	0.01997	0.01644	0.02584	0.01409	0.01644	0.01175	0.00587	0.00587	0.00117	0.00587	0.00470	0.00470	0.76979
101	0.01005	0.00718	0.00965	0.01149	0.01212	0.00678	0.00804	0.01172	0.01557	0.02068	0.04349	0.63714	0.05159	0.02447	0.01023	0.00327	0.00494	0.09767	0.00735	0.00655
102	0.00966	0.00690	0.00920	0.01104	0.01150	0.00644	0.00736	0.01104	0.01518	0.02024	0.04371	0.71614	0.05245	0.02484	0.01012	0.00322	0.00460	0.02254	0.00736	0.00644
103	0.20234	0.22732	0.07582	0.01285	0.01854	0.01869	0.01203	0.02461	0.01777	0.14763	0.11296	0.02574	0.05522	0.00959	0.00662	0.00225	0.00695	0.00718	0.00592	0.00997
104	0.01240	0.01101	0.01033	0.00971	0.01275	0.04944	0.00740	0.06552	0.02013	0.02412	0.09629	0.06707	0.54892	0.01832	0.00912	0.00261	0.00502	0.01513	0.00727	0.00744
105	0.02522	0.02468	0.08152	0.06426	0.11430	0.12937	0.01786	0.32166	0.02736	0.03547	0.01714	0.04199	0.01355	0.00941	0.00862	0.00243	0.04028	0.00720	0.00589	0.01178

[dist]
# distance from previous block
# <min> <max>
0	1

[block]
# block no. 2 follows, 24 sequences, length 52
# corresponding to MSA columns:
# 165-216
name=unknown_C
#
# <colnr> <probs for GDERKNQSTAVLIFYWHMCP>
#	G	D	E	R	K	N	Q	S	T	A	V	L	I	F	Y	W	H	M	C	P
0	0.01712	0.01711	0.02472	0.02099	0.02140	0.02343	0.04422	0.01913	0.01246	0.01933	0.01117	0.01818	0.01092	0.01572	0.05660	0.00387	0.64430	0.00712	0.00353	0.00869
1	0.01891	0.02321	0.16779	0.11050	0.43746	0.01893	0.02465	0.05722	0.01857	0.02643	0.01490	0.01915	0.01187	0.00739	0.00780	0.00242	0.00999	0.00681	0.00397	0.01204
2	0.01575	0.01488	0.02518	0.59382	0.15702	0.01782	0.02241	0.02094	0.01622	0.02120	0.01423	0.02089	0.01090	0.00778	0.00792	0.00259	0.01038	0.00705	0.00359	0.00943
3	0.01170	0.00822	0.01031	0.00982	0.01193	0.00742	0.00735	0.01493	0.02115	0.05387	0.48960	0.10175	0.18781	0.01726	0.00935	0.00257	0.00396	0.01507	0.00842	0.00749
4	0.00997	0.00806	0.00886	0.00866	0.01108	0.00695	0.00649	0.01253	0.01948	0.02476	0.26939	0.07082	0.47748	0.01884	0.00937	0.00262	0.00393	0.01596	0.00780	0.00695
5	0.01133	0.00850	0.01274	0.01274	0.01416	0.00991	0.00991	0.01416	0.01274	0.01841	0.02124	0.03115	0.01982	0.05947	0.68989	0.01274	0.02124	0.00850	0.00425	0.00708
6	0.01003	0.00718	0.00958	0.01114	0.01184	0.00672	0.00771	0.01182	0.01620	0.02178	0.11476	0.60268	0.05458	0.02368	0.01008	0.00316	0.00467	0.05826	0.00751	0.00661
7	0.02120	0.72609	0.04155	0.01357	0.02035	0.03138	0.01357	0.02374	0.01611	0.01866	0.01102	0.01272	0.01018	0.00678	0.00509	0.00170	0.00848	0.00424	0.00339	0.01018
8	0.02120	0.72609	0.04155	0.01357	0.02035	0.03138	0.01357	0.02374	0.01611	0.01866	0.01102	0.01272	0.01018	0.00678	0.00509	0.00170	0.00848	0.00424	0.00339	0.01018
9	0.02120	0.72609	0.04155	0.01357	0.02035	0.03138	0.01357	0.02374	0.01611	0.01866	0.01102	0.01272	0.01018	0.00678	0.00509	0.00170	0.00848	0.00424	0.00339	0.01018
10	0.01092	0.00809	0.01017	0.00965	0.01166	0.00735	0.00724	0.01437	0.02172	0.03008	0.57039	0.06206	0.17317	0.01685	0.00936	0.00252	0.00379	0.01474	0.00850	0.00735
11	0.00937	0.00803	0.00803	0.00803	0.01071	0.00669	0.00602	0.01138	0.01807	0.02142	0.08033	0.07632	0.66863	0.02008	0.00937	0.00268	0.00402	0.01674	0.00736	0.00669
12	0.01120	0.00815	0.01057	0.01010	0.01201	0.00752	0.00766	0.01485	0.02203	0.03090	0.60860	0.06152	0.10334	0.01667	0.00943	0.00256	0.00392	0.04295	0.00859	0.00743
13	0.01872	0.02139	0.04679	0.03342	0.04144	0.02005	0.64305	0.02540	0.01872	0.02540	0.01604	0.02139	0.01203	0.00668	0.00936	0.00267	0.01337	0.00936	0.00401	0.01070
14	0.73972	0.01568	0.01227	0.01082	0.01580	0.01813	0.00891	0.05462	0.01469	0.03630	0.01144	0.01319	0.00883	0.00747	0.00506	0.00245	0.00626	0.00444	0.00506	0.00883
15	0.02120	0.72609	0.04155	0.01357	0.02035	0.03138	0.01357	0.02374	0.01611	0.01866	0.01102	0.01272	0.01018	0.00678	0.00509	0.00170	0.00848	0.00424	0.00339	0.01018
16	0.00952	0.00808	0.00824	0.00831	0.01096	0.00680	0.00631	0.01160	0.01808	0.02152	0.07869	0.07688	0.64196	0.02016	0.00944	0.00272	0.00416	0.04250	0.00736	0.00672
17	0.01810	0.02053	0.09090	0.17493	0.30992	0.01890	0.20205	0.02388	0.01768	0.02454	0.01501	0.02019	0.01179	0.00717	0.00827	0.00252	0.01099	0.00762	0.00382	0.01119
18	0.01963	0.41596	0.23713	0.06929	0.02756	0.02589	0.01918	0.06214	0.01759	0.02271	0.01275	0.01500	0.01037	0.00727	0.00624	0.00206	0.00966	0.00514	0.00367	0.01075
19	0.00966	0.00690	0.00920	0.01104	0.01150	0.00644	0.00736	0.01104	0.01518	0.02024	0.04371	0.71614	0.05245	0.02484	0.01012	0.00322	0.00460	0.02254	0.00736	0.00644
20	0.01142	0.00813	0.01090	0.01090	0.01167	0.00891	0.00761	0.01297	0.01220	0.01704	0.02293	0.04051	0.02389	0.35795	0.39697	0.01046	0.01513	0.00987	0.00450	0.00605
21	0.11252	0.07475	0.05241	0.04677	0.02617	0.32458	0.07074	0.12866	0.02226	0.02700	0.01357	0.01591	0.01073	0.00823	0.00776	0.00227	0.03506	0.00583	0.00468	0.01009
22	0.01110	0.00918	0.00990	0.00972	0.01244	0.00851	0.00747	0.01588	0.09427	0.02450	0.15855	0.06917	0.46269	0.01854	0.00932	0.00272	0.00447	0.05638	0.00764	0.00754
23	0.04866	0.01874	0.06007	0.07245	0.53785	0.01804	0.02274	0.02337	0.01731	0.02543	0.01518	0.02017	0.01275	0.01114	0.05985	0.00317	0.01035	0.00701	0.00394	0.01178
24	0.00997	0.00712	0.00956	0.01140	0.01199	0.00671	0.00790	0.01158	0.01549	0.02059	0.04354	0.65395	0.05177	0.02455	0.01020	0.00326	0.00487	0.08168	0.00736	0.00653
25	0.01848	0.02329	0.16076	0.06694	0.38918	0.04006	0.06999	0.02400	0.01767	0.02487	0.01601	0.02271	0.01354	0.00827	0.00877	0.00253	0.03789	0.03956	0.00397	0.01155
26	0.02302	0.01669	0.04533	0.01916	0.12050	0.01410	0.01366	0.10167	0.02070	0.17970	0.01881	0.01970	0.01385	0.00748	0.00698	0.00185	0.00719	0.00616	0.00611	0.35734
27	0.74567	0.01559	0.01312	0.01139	0.01643	0.01788	0.03507	0.02340	0.01371	0.03515	0.01125	0.01324	0.00873	0.00733	0.00509	0.00246	0.00644	0.00451	0.00487	0.00868
28	0.01735	0.01735	0.02429	0.02082	0.02082	0.02429	0.01735	0.01908	0.01214	0.01908	0.01041	0.01735	0.01041	0.01388	0.02602	0.00347	0.70680	0.00694	0.00347	0.00867
29	0.03558	0.01350	0.01840	0.01411	0.02024	0.01166	0.01166	0.03865	0.02270	0.67734	0.03128	0.02699	0.01963	0.00981	0.00797	0.00245	0.00675	0.00797	0.00981	0.01350
30	0.03558	0.01350	0.01840	0.01411	0.02024	0.01166	0.01166	0.03865	0.02270	0.67734	0.03128	0.02699	0.01963	0.00981	0.00797	0.00245	0.00675	0.00797	0.00981	0.01350
31	0.03558	0.01350	0.01840	0.01411	0.02024	0.01166	0.01166	0.03865	0.02270	0.67734	0.03128	0.02699	0.01963	0.00981	0.00797	0.00245	0.00675	0.00797	0.00981	0.01350
32	0.01153	0.00769	0.00865	0.00865	0.00865	0.00769	0.00480	0.01153	0.01153	0.01538	0.02499	0.05189	0.02883	0.72131	0.04036	0.00769	0.00769	0.01153	0.00480	0.00480
33	0.03529	0.01396	0.01869	0.01433	0.02048	0.01235	0.01184	0.07103	0.02348	0.64386	0.03063	0.02657	0.01930	0.00980	0.00797	0.00245	0.00685	0.00793	0.00971	0.01349
34	0.02487	0.01959	0.02083	0.01718	0.02258	0.02213	0.01380	0.33985	0.35144	0.04146	0.02574	0.02438	0.01892	0.01015	0.00800	0.00254	0.00748	0.00806	0.00800	0.01301
35	0.02120	0.72609	0.04155	0.01357	0.02035	0.03138	0.01357	0.02374	0.01611	0.01866	0.01102	0.01272	0.01018	0.00678	0.00509	0.00170	0.00848	0.00424	0.00339	0.01018
36	0.01478	0.00739	0.00739	0.00739	0.00924	0.00739	0.00554	0.01848	0.01663	0.02956	0.02587	0.02956	0.02033	0.00924	0.00554	0.00185	0.00370	0.00739	0.76534	0.00739
37	0.02096	0.69541	0.07016	0.01397	0.02098	0.03080	0.01427	0.02381	0.01614	0.01895	0.01117	0.01290	0.01017	0.00682	0.00520	0.00173	0.00863	0.00431	0.00339	0.01025
38	0.00966	0.00690	0.00920	0.01104	0.01150	0.00644	0.00736	0.01104	0.01518	0.02024	0.04371	0.71614	0.05245	0.02484	0.01012	0.00322	0.00460	0.02254	0.00736	0.00644
39	0.01644	0.01409	0.01644	0.01175	0.01879	0.01057	0.00940	0.01997	0.01644	0.02584	0.01409	0.01644	0.01175	0.00587	0.00587	0.00117	0.00587	0.00470	0.00470	0.76979
40	0.02800	0.04624	0.02248	0.01664	0.02274	0.02114	0.01377	0.45439	0.03134	0.11740	0.01983	0.02023	0.01430	0.01218	0.04958	0.00289	0.00899	0.00698	0.00745	0.08342
41	0.02255	0.01757	0.01888	0.01631	0.02121	0.01986	0.01287	0.13559	0.51265	0.08501	0.03014	0.02775	0.02219	0.01049	0.00804	0.00262	0.00669	0.00861	0.00818	0.01277
42	0.01717	0.01710	0.02425	0.07290	0.02340	0.02378	0.01771	0.01917	0.01243	0.01917	0.01069	0.01764	0.01042	0.01342	0.02464	0.00341	0.65359	0.00695	0.00347	0.00868
43	0.01590	0.04102	0.68023	0.02260	0.03432	0.01842	0.02930	0.02511	0.01674	0.02511	0.01423	0.01674	0.01005	0.00753	0.00753	0.00251	0.01172	0.00586	0.00335	0.01172
44	0.01291	0.00943	0.01346	0.05690	0.01878	0.00965	0.01335	0.01667	0.01811	0.02352	0.04027	0.08525	0.04348	0.02105	0.01077	0.00359	0.00750	0.58087	0.00707	0.00739
45	0.01108	0.00810	0.01040	0.00983	0.01176	0.00742	0.00737	0.01469	0.02211	0.03101	0.62278	0.06054	0.12020	0.01651	0.00935	0.00251	0.00376	0.01452	0.00862	0.00742
46	0.01526	0.01465	0.02554	0.65114	0.05361	0.01780	0.06948	0.02065	0.01607	0.02065	0.01424	0.02116	0.01068	0.00783	0.00804	0.00265	0.01078	0.00722	0.00356	0.00895
47	0.03014	0.02221	0.02380	0.01825	0.02459	0.02459	0.01507	0.64541	0.03728	0.04998	0.01904	0.01904	0.01349	0.00952	0.00793	0.00238	0.00873	0.00714	0.00793	0.01349
48	0.01035	0.00807	0.00938	0.00906	0.01131	0.00711	0.00679	0.01327	0.02038	0.02689	0.38965	0.06732	0.35590	0.01804	0.00936	0.00258	0.00387	0.01547	0.00808	0.00711
49	0.74533	0.01526	0.01195	0.01059	0.01555	0.01752	0.00872	0.02397	0.01389	0.06326	0.01191	0.01349	0.00906	0.00747	0.00504	0.00245	0.00616	0.00445	0.00512	0.00880
50	0.01278	0.00913	0.01278	0.01460	0.01643	0.00913	0.01278	0.01643	0.01825	0.02373	0.04199	0.08945	0.04564	0.02191	0.01095	0.00365	0.00730	0.61847	0.00730	0.00730
51	0.01830	0.02073	0.04507	0.03240	0.04007	0.01943	0.61389	0.02474	0.01855	0.02516	0.01731	0.05325	0.01389	0.00752	0.00939	0.00270	0.01297	0.00996	0.00416	0.01050

[dist]
# distance from previous block
# <min> <max>
0	4

[block]
# block no. 3 follows, 24 sequences, length 118
# corresponding to MSA columns:
# 221-338
name=unknown_D
#
# <colnr> <probs for GDERKNQSTAVLIFYWHMCP>
#	G	D	E	R	K	N	Q	S	T	A	V	L	I	F	Y	W	H	M	C	P
0	0.01972	0.01703	0.01793	0.01614	0.02062	0.01972	0.01255	0.04214	0.65752	0.03317	0.03228	0.02959	0.02421	0.01076	0.00807	0.00269	0.00628	0.00897	0.00807	0.01255
1	0.02019	0.01727	0.01819	0.01623	0.02080	0.01994	0.01266	0.06923	0.62967	0.03393	0.03168	0.02911	0.02373	0.01070	0.00806	0.00268	0.00639	0.00888	0.00806	0.01259
2	0.01133	0.00850	0.01274	0.01274	0.01416	0.00991	0.00991	0.01416	0.01274	0.01841	0.02124	0.03115	0.01982	0.05947	0.68989	0.01274	0.02124	0.00850	0.00425	0.00708
3	0.01278	0.00913	0.01278	0.01460	0.01643	0.00913	0.01278	0.01643	0.01825	0.02373	0.04199	0.08945	0.04564	0.02191	0.01095	0.00365	0.00730	0.61847	0.00730	0.00730
4	0.77733	0.01534	0.01166	0.01043	0.01534	0.01779	0.00859	0.02331	0.01350	0.03558	0.01104	0.01288	0.00859	0.00736	0.00491	0.00245	0.00613	0.00429	0.00491	0.00859
5	0.01153	0.00769	0.00865	0.00865	0.00865	0.00769	0.00480	0.01153	0.01153	0.01538	0.02499	0.05189	0.02883	0.72131	0.04036	0.00769	0.00769	0.01153	0.00480	0.00480
6	0.00966	0.00690	0.00920	0.01104	0.01150	0.00644	0.00736	0.01104	0.01518	0.02024	0.04371	0.71614	0.05245	0.02484	0.01012	0.00322	0.00460	0.02254	0.00736	0.00644
7	0.02120	0.72609	0.04155	0.01357	0.02035	0.03138	0.01357	0.02374	0.01611	0.01866	0.01102	0.01272	0.01018	0.00678	0.00509	0.00170	0.00848	0.00424	0.00339	0.01018
8	0.01133	0.00850	0.01274	0.01274	0.01416	0.00991	0.00991	0.01416	0.01274	0.01841	0.02124	0.03115	0.01982	0.05947	0.68989	0.01274	0.02124	0.00850	0.00425	0.00708
9	0.01498	0.01409	0.02378	0.70226	0.05462	0.01762	0.02202	0.02026	0.01586	0.02026	0.01409	0.02114	0.01057	0.00793	0.00793	0.00264	0.01057	0.00705	0.00352	0.00881
10	0.01963	0.01884	0.03219	0.04867	0.67185	0.01884	0.02434	0.02434	0.01806	0.02591	0.01492	0.01963	0.01256	0.00707	0.00785	0.00236	0.00942	0.00707	0.00393	0.01256
11	0.01796	0.02144	0.09353	0.09986	0.08692	0.01873	0.42568	0.02429	0.01801	0.02493	0.01543	0.02040	0.01173	0.00684	0.00864	0.00250	0.01198	0.00824	0.00396	0.07893
12	0.01691	0.03891	0.62224	0.02270	0.03401	0.01819	0.05589	0.02573	0.01710	0.05442	0.01508	0.01741	0.01056	0.00760	0.00764	0.00252	0.01157	0.00611	0.00367	0.01175
13	0.01122	0.00811	0.01060	0.00998	0.01185	0.00748	0.00748	0.01496	0.02245	0.03180	0.66766	0.05923	0.07482	0.01621	0.00935	0.00249	0.00374	0.01434	0.00873	0.00748
14	0.01674	0.01600	0.02746	0.45039	0.27269	0.01813	0.04189	0.02186	0.01672	0.02242	0.01445	0.02061	0.01132	0.00758	0.00794	0.00254	0.01025	0.00712	0.00368	0.01019
15	0.01927	0.47618	0.27454	0.01686	0.02545	0.02665	0.01931	0.02424	0.01634	0.02101	0.01219	0.01419	0.01013	0.00706	0.00598	0.00199	0.00966	0.00483	0.00338	0.01074
16	0.00966	0.00690	0.00920	0.01104	0.01150	0.00644	0.00736	0.01104	0.01518	0.02024	0.04371	0.71614	0.05245	0.02484	0.01012	0.00322	0.00460	0.02254	0.00736	0.00644
17	0.72195	0.04180	0.01302	0.01068	0.01570	0.01807	0.00889	0.02389	0.01393	0.05844	0.01178	0.01339	0.00905	0.00743	0.00503	0.00243	0.00624	0.00443	0.00503	0.00883
18	0.00937	0.00803	0.00803	0.00803	0.01071	0.00669	0.00602	0.01138	0.01807	0.02142	0.08033	0.07632	0.66863	0.02008	0.00937	0.00268	0.00402	0.01674	0.00736	0.00669
19	0.02775	0.10578	0.02473	0.01955	0.02377	0.50212	0.01529	0.08714	0.02231	0.02216	0.01261	0.01484	0.01053	0.00864	0.00863	0.00216	0.07265	0.00536	0.00432	0.00965
20	0.01644	0.01409	0.01644	0.01175	0.01879	0.01057	0.00940	0.01997	0.01644	0.02584	0.01409	0.01644	0.01175	0.00587	0.00587	0.00117	0.00587	0.00470	0.00470	0.76979
21	0.06956	0.02414	0.02254	0.13996	0.02923	0.19183	0.01590	0.31924	0.05240	0.03544	0.01649	0.01827	0.01227	0.00882	0.00757	0.00236	0.01023	0.00651	0.00600	0.01125
22	0.02021	0.54074	0.12451	0.01655	0.04752	0.02824	0.01617	0.02483	0.05274	0.02064	0.01279	0.01466	0.01106	0.00738	0.00646	0.00195	0.03439	0.00493	0.00368	0.01056
23	0.01478	0.00739	0.00739	0.00739	0.00924	0.00739	0.00554	0.01848	0.01663	0.02956	0.02587	0.02956	0.02033	0.00924	0.00554	0.00185	0.00370	0.00739	0.76534	0.00739
24	0.02907	0.02168	0.02319	0.01803	0.02418	0.02409	0.01481	0.58301	0.10144	0.04824	0.02041	0.02013	0.01459	0.00965	0.00795	0.00241	0.00847	0.00733	0.00795	0.01339
25	0.01153	0.00769	0.00865	0.00865	0.00865	0.00769	0.00480	0.01153	0.01153	0.01538	0.02499	0.05189	0.02883	0.72131	0.04036	0.00769	0.00769	0.01153	0.00480	0.00480
26	0.02962	0.03779	0.02247	0.02043	0.02451	0.68948	0.01532	0.03166	0.02247	0.01941	0.01226	0.01430	0.01021	0.00817	0.00715	0.00204	0.01430	0.00511	0.00409	0.00919
27	0.01644	0.01409	0.01644	0.01175	0.01879	0.01057	0.00940	0.01997	0.01644	0.02584	0.01409	0.01644	0.01175	0.00587	0.00587	0.00117	0.00587	0.00470	0.00470	0.76979
28	0.77733	0.01534	0.01166	0.01043	0.01534	0.01779	0.00859	0.02331	0.01350	0.03558	0.01104	0.01288	0.00859	0.00736	0.00491	0.00245	0.00613	0.00429	0.00491	0.00859
29	0.01122	0.00811	0.01060	0.00998	0.01185	0.00748	0.00748	0.01496	0.02245	0.03180	0.66766	0.05923	0.07482	0.01621	0.00935	0.00249	0.00374	0.01434	0.00873	0.00748
30	0.01160	0.00777	0.00888	0.00899	0.00909	0.00777	0.00526	0.01181	0.01192	0.01585	0.02596	0.05404	0.02979	0.68139	0.03868	0.00746	0.00767	0.04618	0.00495	0.00495
31	0.01122	0.00811	0.01060	0.00998	0.01185	0.00748	0.00748	0.01496	0.02245	0.03180	0.66766	0.05923	0.07482	0.01621	0.00935	0.00249	0.00374	0.01434	0.00873	0.00748
32	0.03558	0.01350	0.01840	0.01411	0.02024	0.01166	0.01166	0.03865	0.02270	0.67734	0.03128	0.02699	0.01963	0.00981	0.00797	0.00245	0.00675	0.00797	0.00981	0.01350
33	0.02149	0.66172	0.06384	0.01429	0.02110	0.06847	0.01424	0.02425	0.01650	0.01894	0.01121	0.01296	0.01017	0.00689	0.00530	0.00175	0.00893	0.00435	0.00343	0.01018
34	0.01038	0.00802	0.00955	0.00986	0.01187	0.00719	0.00748	0.01301	0.01897	0.02462	0.24501	0.16768	0.32429	0.01986	0.00967	0.00282	0.00442	0.09056	0.00776	0.00697
35	0.10739	0.09621	0.15895	0.07398	0.12312	0.07092	0.01801	0.04533	0.09715	0.05186	0.01946	0.02117	0.04200	0.00850	0.00715	0.00235	0.00901	0.00668	0.00489	0.03587
36	0.01590	0.04102	0.68023	0.02260	0.03432	0.01842	0.02930	0.02511	0.01674	0.02511	0.01423	0.01674	0.01005	0.00753	0.00753	0.00251	0.01172	0.00586	0.00335	0.01172
37	0.01377	0.00689	0.01033	0.01033	0.01033	0.00689	0.00689	0.01033	0.01033	0.01377	0.01377	0.02410	0.01377	0.02755	0.03099	0.76928	0.00689	0.00689	0.00344	0.00344
38	0.01901	0.01830	0.03127	0.12866	0.54261	0.01877	0.05132	0.02452	0.04109	0.02544	0.01550	0.02026	0.01271	0.00729	0.00794	0.00242	0.00963	0.00724	0.00403	0.01201
39	0.01787	0.01719	0.02965	0.28928	0.41962	0.01844	0.04748	0.02287	0.01727	0.02380	0.01466	0.02025	0.01181	0.00737	0.00794	0.00247	0.01000	0.00715	0.00378	0.01110
40	0.01831	0.02074	0.04510	0.03241	0.04010	0.01944	0.61442	0.02475	0.01856	0.02517	0.01729	0.05268	0.01385	0.00750	0.00939	0.00270	0.01297	0.00995	0.00416	0.01050
41	0.01937	0.01846	0.03088	0.08408	0.59859	0.01882	0.02352	0.02514	0.05527	0.02601	0.01588	0.02029	0.01313	0.00733	0.00787	0.00239	0.00930	0.00718	0.00414	0.01235
