[name]
unknown

[dist]
# distance from previous block
# <min> <max>
0	17

[block]
# block no. 0 follows, 24 sequences, length 11
# corresponding to MSA columns:
# 17-27
name=unknown_A
#
# <colnr> <probs for GDERKNQSTAVLIFYWHMCP>
#	G	D	E	R	K	N	Q	S	T	A	V	L	I	F	Y	W	H	M	C	P
0	0.01242	0.00889	0.01228	0.01354	0.01538	0.00875	0.01157	0.01609	0.01921	0.02558	0.18520	0.08253	0.05232	0.02060	0.01059	0.00339	0.00649	0.48019	0.00763	0.00734
1	0.03193	0.01472	0.02156	0.02202	0.16939	0.01330	0.01456	0.03537	0.02163	0.52823	0.02754	0.02530	0.01801	0.00919	0.00795	0.00243	0.00736	0.00777	0.00847	0.01328
2	0.02784	0.01220	0.01542	0.01265	0.01732	0.01132	0.01015	0.05246	0.06529	0.42073	0.03052	0.07261	0.02205	0.01072	0.00756	0.00238	0.00594	0.00884	0.18241	0.01157
3	0.02304	0.01733	0.01970	0.01586	0.02043	0.01901	0.01288	0.38857	0.02960	0.04051	0.16690	0.02891	0.02772	0.01484	0.05924	0.00319	0.05408	0.00878	0.00742	0.04199
4	0.01318	0.01048	0.01218	0.01170	0.01434	0.01066	0.00901	0.02141	0.18849	0.02894	0.30388	0.08718	0.17077	0.01641	0.00920	0.00272	0.00482	0.06792	0.00811	0.00861
5	0.01155	0.00747	0.00951	0.03645	0.01260	0.00731	0.00754	0.01333	0.01529	0.02190	0.03706	0.39474	0.06727	0.05167	0.01187	0.05894	0.00502	0.04366	0.18031	0.00651
6	0.01971	0.02093	0.03624	0.09232	0.33489	0.07232	0.25599	0.02500	0.01848	0.02476	0.01506	0.01999	0.01202	0.00708	0.00837	0.00247	0.01138	0.00777	0.00394	0.01130
7	0.01605	0.01424	0.02115	0.49033	0.04325	0.01729	0.01855	0.02513	0.16279	0.02395	0.01919	0.02374	0.01446	0.00868	0.00777	0.00259	0.00904	0.00751	0.06472	0.00955
8	0.04379	0.00798	0.00888	0.00883	0.01056	0.00840	0.00661	0.01718	0.01525	0.02622	0.02416	0.03089	0.02036	0.07223	0.16468	0.00479	0.00810	0.00782	0.50610	0.00718
9	0.01307	0.01013	0.01374	0.01337	0.01446	0.01134	0.01034	0.01551	0.01713	0.04301	0.22356	0.24476	0.04709	0.04152	0.01454	0.00323	0.16554	0.08327	0.00687	0.00752
10	0.06934	0.01496	0.01549	0.01483	0.04577	0.06725	0.01072	0.12052	0.13296	0.03117	0.17145	0.09906	0.03369	0.04544	0.01048	0.03382	0.00660	0.01045	0.05666	0.00936

[dist]
# distance from previous block
# <min> <max>
0	3

[block]
# block no. 1 follows, 24 sequences, length 253
# corresponding to MSA columns:
# 31-283
name=unknown_B
#
# <colnr> <probs for GDERKNQSTAVLIFYWHMCP>
#	G	D	E	R	K	N	Q	S	T	A	V	L	I	F	Y	W	H	M	C	P
0	0.04862	0.01164	0.01297	0.04866	0.01628	0.04004	0.00938	0.02201	0.13097	0.05293	0.32906	0.06757	0.04673	0.03957	0.00950	0.00267	0.00539	0.01142	0.08598	0.00863
1	0.01724	0.01380	0.02112	0.05732	0.30782	0.01375	0.01564	0.02136	0.04685	0.07618	0.06859	0.09772	0.07081	0.12142	0.01333	0.00333	0.00763	0.01054	0.00559	0.00995
2	0.05140	0.01243	0.01452	0.01286	0.01579	0.01329	0.00999	0.10964	0.10611	0.06034	0.29027	0.08663	0.07815	0.04033	0.01110	0.00282	0.05550	0.01190	0.00772	0.00920
3	0.01962	0.01964	0.03037	0.04254	0.53413	0.07270	0.05556	0.02398	0.01833	0.02495	0.01823	0.05116	0.03644	0.00834	0.00802	0.00240	0.00964	0.00802	0.00421	0.01172
4	0.04117	0.01202	0.01477	0.14772	0.02216	0.01308	0.01123	0.12347	0.01948	0.04923	0.02370	0.02835	0.04654	0.04553	0.07383	0.00345	0.00802	0.00782	0.27291	0.03554
5	0.15340	0.01038	0.01179	0.01120	0.01391	0.01033	0.00838	0.04694	0.01846	0.11724	0.16719	0.26277	0.07513	0.04506	0.00981	0.00294	0.00528	0.01405	0.00747	0.00829
6	0.02543	0.09030	0.02285	0.04573	0.02333	0.02128	0.01391	0.33326	0.13064	0.09023	0.02239	0.02483	0.01712	0.00992	0.00768	0.00238	0.00789	0.03986	0.03094	0.04003
7	0.01803	0.01589	0.02174	0.01661	0.02197	0.01554	0.08438	0.09720	0.01821	0.02693	0.01506	0.01897	0.01260	0.01315	0.07920	0.00304	0.12167	0.00628	0.00478	0.38876
8	0.02421	0.01882	0.02286	0.17462	0.06498	0.02113	0.01636	0.39852	0.05090	0.03880	0.01943	0.05108	0.01538	0.03585	0.00922	0.00268	0.00888	0.00800	0.00658	0.01172
9	0.01335	0.01091	0.04183	0.01167	0.01336	0.01015	0.00856	0.07797	0.04388	0.02258	0.05914	0.25498	0.03519	0.29034	0.06566	0.00538	0.00765	0.01413	0.00615	0.00712
10	0.02036	0.01628	0.01783	0.04464	0.02105	0.01804	0.01234	0.21865	0.28779	0.03544	0.06813	0.07803	0.10168	0.01258	0.00838	0.00262	0.00670	0.01043	0.00774	0.01131
11	0.10350	0.01404	0.01801	0.01395	0.01998	0.01277	0.01152	0.06332	0.02248	0.59141	0.02890	0.02535	0.01835	0.00958	0.00769	0.00245	0.00678	0.00760	0.00928	0.01304
12	0.01515	0.01427	0.02409	0.67837	0.07718	0.01766	0.02211	0.02041	0.01594	0.02047	0.01412	0.02109	0.01064	0.00790	0.00793	0.00263	0.01053	0.00705	0.00354	0.00895
13	0.01498	0.01409	0.02378	0.70226	0.05462	0.01762	0.02202	0.02026	0.01586	0.02026	0.01409	0.02114	0.01057	0.00793	0.00793	0.00264	0.01057	0.00705	0.00352	0.00881
14	0.01494	0.00799	0.00997	0.00967	0.01084	0.00819	0.00693	0.04786	0.01447	0.02240	0.01937	0.02642	0.01674	0.02069	0.05215	0.37688	0.00640	0.00719	0.31515	0.00578
15	0.00966	0.00690	0.00920	0.01104	0.01150	0.00644	0.00736	0.01104	0.01518	0.02024	0.04371	0.71614	0.05245	0.02484	0.01012	0.00322	0.00460	0.02254	0.00736	0.00644
16	0.00966	0.00690	0.00920	0.01104	0.01150	0.00644	0.00736	0.01104	0.01518	0.02024	0.04371	0.71614	0.05245	0.02484	0.01012	0.00322	0.00460	0.02254	0.00736	0.00644
17	0.03014	0.02221	0.02380	0.01825	0.02459	0.02459	0.01507	0.64541	0.03728	0.04998	0.01904	0.01904	0.01349	0.00952	0.00793	0.00238	0.00873	0.00714	0.00793	0.01349
18	0.03280	0.01456	0.01876	0.01440	0.02057	0.01317	0.01184	0.09874	0.04670	0.53403	0.02859	0.02537	0.01849	0.00948	0.00779	0.00234	0.00686	0.00764	0.00912	0.07874
19	0.03505	0.01435	0.01893	0.01451	0.02067	0.01292	0.01199	0.09785	0.02412	0.61612	0.03009	0.02621	0.01903	0.00979	0.00797	0.00245	0.00694	0.00789	0.00963	0.01349
20	0.01133	0.00850	0.01274	0.01274	0.01416	0.00991	0.00991	0.01416	0.01274	0.01841	0.02124	0.03115	0.01982	0.05947	0.68989	0.01274	0.02124	0.00850	0.00425	0.00708
21	0.02020	0.01727	0.01820	0.01623	0.02080	0.01995	0.01267	0.06961	0.62928	0.03394	0.03167	0.02911	0.02372	0.01070	0.00806	0.00268	0.00639	0.00888	0.00806	0.01259
22	0.02165	0.68903	0.04053	0.01394	0.02058	0.06681	0.01366	0.02417	0.01646	0.01870	0.01109	0.01281	0.01018	0.00686	0.00520	0.00171	0.00879	0.00429	0.00343	0.01012
23	0.02271	0.01722	0.01894	0.01547	0.02106	0.01809	0.01234	0.16928	0.32630	0.09259	0.02535	0.02420	0.01875	0.00935	0.00756	0.00227	0.00677	0.00755	0.00746	0.17674
24	0.02046	0.01733	0.02760	0.14419	0.42325	0.01807	0.02115	0.02748	0.10418	0.08945	0.01872	0.02192	0.01450	0.00797	0.00790	0.00246	0.00892	0.00741	0.00499	0.01206
25	0.01093	0.00840	0.01093	0.01215	0.04473	0.00767	0.00824	0.01351	0.01838	0.02481	0.25193	0.30439	0.17123	0.01956	0.00951	0.00279	0.00458	0.03772	0.00755	0.03098
26	0.01377	0.00689	0.01033	0.01033	0.01033	0.00689	0.00689	0.01033	0.01033	0.01377	0.01377	0.02410	0.01377	0.02755	0.03099	0.76928	0.00689	0.00689	0.00344	0.00344
27	0.01644	0.11068	0.61528	0.02168	0.03290	0.01973	0.02770	0.02497	0.01668	0.02446	0.01390	0.01633	0.01006	0.00746	0.00729	0.00243	0.01139	0.00570	0.00335	0.01156
28	0.06263	0.05932	0.12178	0.02210	0.02965	0.01838	0.22743	0.10528	0.02151	0.22227	0.02017	0.02123	0.01392	0.00812	0.00807	0.00249	0.00998	0.00766	0.00614	0.01188
29	0.01570	0.01460	0.02423	0.64603	0.08674	0.01790	0.02193	0.03988	0.01664	0.02149	0.01429	0.02100	0.01077	0.00793	0.00792	0.00262	0.01045	0.00705	0.00368	0.00916
30	0.01631	0.06934	0.42218	0.08174	0.03439	0.01909	0.11544	0.02360	0.01654	0.02376	0.01547	0.05095	0.01243	0.00864	0.00903	0.00260	0.05677	0.00725	0.00366	0.01079
31	0.04568	0.01780	0.02666	0.09175	0.38521	0.01862	0.01984	0.06595	0.09307	0.02786	0.01672	0.02023	0.01349	0.00794	0.00843	0.00236	0.04083	0.00696	0.00472	0.08588
32	0.01989	0.55621	0.19992	0.01581	0.02382	0.02816	0.01747	0.02408	0.01627	0.02026	0.01182	0.01372	0.01014	0.00697	0.00569	0.00190	0.00928	0.00464	0.00338	0.01056
33	0.01759	0.01456	0.01750	0.01308	0.01917	0.01257	0.01055	0.02165	0.04222	0.05640	0.01523	0.01758	0.01247	0.00718	0.00838	0.00156	0.08666	0.00529	0.00494	0.61542
34	0.01797	0.01998	0.04211	0.09222	0.04041	0.01956	0.52981	0.02407	0.01797	0.02441	0.01659	0.04689	0.01331	0.00786	0.01015	0.00273	0.05013	0.00951	0.00406	0.01026
35	0.02878	0.06705	0.02369	0.01975	0.02417	0.51603	0.01528	0.13552	0.02425	0.02458	0.01328	0.01516	0.01078	0.00858	0.00800	0.00215	0.04284	0.00549	0.00468	0.00995
36	0.00966	0.00690	0.00920	0.01104	0.01150	0.00644	0.00736	0.01104	0.01518	0.02024	0.04371	0.71614	0.05245	0.02484	0.01012	0.00322	0.00460	0.02254	0.00736	0.00644
37	0.14373	0.01353	0.01707	0.01339	0.01916	0.01238	0.01102	0.03537	0.02133	0.55511	0.05566	0.02630	0.02038	0.00973	0.00758	0.00246	0.00653	0.00771	0.00905	0.01251
38	0.01470	0.02098	0.22325	0.01960	0.06571	0.01382	0.08031	0.04233	0.04826	0.02688	0.16882	0.17994	0.03499	0.01336	0.00875	0.00267	0.00804	0.01202	0.00592	0.00967
39	0.00966	0.00690	0.00920	0.01104	0.01150	0.00644	0.00736	0.01104	0.01518	0.02024	0.04371	0.71614	0.05245	0.02484	0.01012	0.00322	0.00460	0.02254	0.00736	0.00644
40	0.03558	0.01350	0.01840	0.01411	0.02024	0.01166	0.01166	0.03865	0.02270	0.67734	0.03128	0.02699	0.01963	0.00981	0.00797	0.00245	0.00675	0.00797	0.00981	0.01350
41	0.02826	0.05112	0.04498	0.01896	0.04937	0.23082	0.01484	0.23772	0.04941	0.13004	0.01891	0.02048	0.01426	0.04434	0.00919	0.00254	0.01016	0.00676	0.00637	0.01145
42	0.01425	0.01206	0.01213	0.01272	0.01440	0.08800	0.00907	0.01820	0.08889	0.04565	0.03915	0.45233	0.07013	0.04865	0.01069	0.00317	0.00620	0.03960	0.00704	0.00769
43	0.01278	0.00913	0.01278	0.01460	0.01643	0.00913	0.01278	0.01643	0.01825	0.02373	0.04199	0.08945	0.04564	0.02191	0.01095	0.00365	0.00730	0.61847	0.00730	0.00730
44	0.02066	0.65675	0.10619	0.01448	0.02177	0.03007	0.01516	0.02388	0.01618	0.01931	0.01135	0.01313	0.01016	0.00686	0.00534	0.00178	0.00881	0.00440	0.00339	0.01033
45	0.05127	0.01615	0.02490	0.50701	0.17849	0.04676	0.02160	0.02173	0.01649	0.02208	0.01405	0.02016	0.01087	0.00774	0.00774	0.00255	0.01029	0.00684	0.00369	0.00959
46	0.02078	0.01733	0.01839	0.01621	0.02078	0.01983	0.01268	0.12856	0.53796	0.03503	0.03087	0.05931	0.02393	0.01122	0.00814	0.00267	0.00656	0.00932	0.00802	0.01241
47	0.01133	0.00850	0.01274	0.01274	0.01416	0.00991	0.00991	0.01416	0.01274	0.01841	0.02124	0.03115	0.01982	0.05947	0.68989	0.01274	0.02124	0.00850	0.00425	0.00708
48	0.01919	0.26748	0.40795	0.01910	0.02858	0.05125	0.02262	0.02558	0.01706	0.05379	0.01389	0.01579	0.01055	0.00742	0.00672	0.00222	0.01052	0.00539	0.00370	0.01118
49	0.01540	0.01453	0.02456	0.64218	0.11135	0.01773	0.02224	0.02064	0.01606	0.02078	0.01417	0.02100	0.01075	0.00785	0.00792	0.00262	0.01047	0.00705	0.00356	0.00915
50	0.02446	0.02792	0.02692	0.03371	0.33277	0.34282	0.01950	0.02860	0.04610	0.02306	0.01434	0.01746	0.01190	0.00775	0.00752	0.00222	0.01165	0.00620	0.00417	0.01093
51	0.01030	0.00717	0.00901	0.01022	0.01053	0.00687	0.00649	0.01121	0.01393	0.01858	0.03730	0.48900	0.04437	0.26300	0.02046	0.00475	0.00566	0.01878	0.00649	0.00588
52	0.01644	0.01409	0.01644	0.01175	0.01879	0.01057	0.00940	0.01997	0.01644	0.02584	0.01409	0.01644	0.01175	0.00587	0.00587	0.00117	0.00587	0.00470	0.00470	0.76979
53	0.01122	0.00811	0.01060	0.00998	0.01185	0.00748	0.00748	0.01496	0.02245	0.03180	0.66766	0.05923	0.07482	0.01621	0.00935	0.00249	0.00374	0.01434	0.00873	0.00748
54	0.03014	0.02221	0.02380	0.01825	0.02459	0.02459	0.01507	0.64541	0.03728	0.04998	0.01904	0.01904	0.01349	0.00952	0.00793	0.00238	0.00873	0.00714	0.00793	0.01349
55	0.03014	0.02221	0.02380	0.01825	0.02459	0.02459	0.01507	0.64541	0.03728	0.04998	0.01904	0.01904	0.01349	0.00952	0.00793	0.00238	0.00873	0.00714	0.00793	0.01349
56	0.00966	0.00690	0.00920	0.01104	0.01150	0.00644	0.00736	0.01104	0.01518	0.02024	0.04371	0.71614	0.05245	0.02484	0.01012	0.00322	0.00460	0.02254	0.00736	0.00644
57	0.02216	0.01614	0.01775	0.01541	0.02010	0.01782	0.01213	0.08327	0.46295	0.13269	0.06306	0.03142	0.04705	0.01110	0.00815	0.00262	0.00633	0.00920	0.00833	0.01232
58	0.00986	0.00803	0.00875	0.00877	0.01116	0.00692	0.00660	0.01224	0.01880	0.02348	0.19219	0.10271	0.50313	0.01961	0.00946	0.00270	0.00410	0.03700	0.00763	0.00686
59	0.07126	0.02042	0.02227	0.01715	0.02339	0.02212	0.01417	0.51315	0.03363	0.15131	0.02060	0.02000	0.01422	0.00945	0.00778	0.00240	0.00826	0.00712	0.00808	0.01322
60	0.01515	0.01443	0.02483	0.67180	0.05402	0.01773	0.05030	0.02049	0.01599	0.02049	0.01418	0.02115	0.01064	0.00787	0.00799	0.00264	0.01070	0.00715	0.00355	0.00889
61	0.01191	0.00812	0.00907	0.00899	0.00920	0.00824	0.00516	0.01293	0.04108	0.01619	0.02532	0.05087	0.02862	0.68882	0.03888	0.00746	0.00762	0.01141	0.00495	0.00516
62	0.01104	0.00810	0.01035	0.00979	0.01174	0.00741	0.00734	0.01462	0.02202	0.03079	0.61080	0.06089	0.13232	0.01659	0.00935	0.00251	0.00377	0.01457	0.00860	0.00741
63	0.02076	0.66965	0.09417	0.01431	0.02150	0.03031	0.01486	0.02386	0.01616	0.01919	0.01129	0.01305	0.01017	0.00685	0.00529	0.00176	0.00875	0.00437	0.00339	0.01030
64	0.02860	0.03500	0.02167	0.01959	0.02367	0.60653	0.01476	0.05632	0.04634	0.02162	0.01390	0.01576	0.01133	0.00837	0.00714	0.00207	0.01329	0.00544	0.03921	0.00941
65	0.00951	0.00798	0.00826	0.00830	0.01082	0.00673	0.00618	0.01160	0.01822	0.02204	0.11697	0.10568	0.60047	0.02006	0.00941	0.00269	0.00403	0.01686	0.00745	0.00673
66	0.02871	0.02150	0.02299	0.01795	0.02404	0.02392	0.01472	0.56210	0.12294	0.04766	0.02087	0.02050	0.01497	0.00969	0.00795	0.00242	0.00839	0.00739	0.00795	0.01336
67	0.02961	0.02126	0.02288	0.01762	0.02376	0.02340	0.01453	0.59793	0.03589	0.06862	0.01973	0.01977	0.01399	0.00952	0.00783	0.00236	0.00844	0.00718	0.04248	0.01321
68	0.01612	0.01500	0.02514	0.53211	0.13124	0.01765	0.04460	0.04236	0.01712	0.02240	0.01594	0.02454	0.01286	0.00857	0.00813	0.00265	0.01029	0.03988	0.00395	0.00945
69	0.01643	0.10926	0.61661	0.02170	0.03293	0.01971	0.02773	0.02498	0.01668	0.02447	0.01391	0.01634	0.01006	0.00746	0.00729	0.00243	0.01140	0.00570	0.00335	0.01157
70	0.01590	0.04102	0.68023	0.02260	0.03432	0.01842	0.02930	0.02511	0.01674	0.02511	0.01423	0.01674	0.01005	0.00753	0.00753	0.00251	0.01172	0.00586	0.00335	0.01172
71	0.01074	0.00809	0.00992	0.00947	0.01155	0.00728	0.00710	0.01402	0.02130	0.02907	0.51323	0.06373	0.23096	0.01723	0.00936	0.00254	0.00381	0.01497	0.00837	0.00728
72	0.02123	0.66390	0.07505	0.01431	0.02125	0.05507	0.01448	0.02411	0.01638	0.01903	0.01124	0.01299	0.01017	0.00688	0.00530	0.00175	0.00887	0.00436	0.00342	0.01022
73	0.01865	0.02119	0.04567	0.03280	0.04042	0.02026	0.61191	0.02509	0.01839	0.02509	0.01576	0.02119	0.01195	0.00704	0.01019	0.00271	0.04788	0.00924	0.00398	0.01059
74	0.03342	0.01398	0.01834	0.01438	0.02029	0.01275	0.01178	0.03912	0.10897	0.58980	0.03142	0.02734	0.02025	0.00994	0.00799	0.00249	0.00668	0.00811	0.00958	0.01337
75	0.01579	0.03832	0.61419	0.02244	0.03346	0.01791	0.05737	0.02458	0.01714	0.02548	0.04931	0.01924	0.01361	0.00796	0.00772	0.00252	0.01137	0.00648	0.00367	0.01144
76	0.01133	0.00850	0.01274	0.01274	0.01416	0.00991	0.00991	0.01416	0.01274	0.01841	0.02124	0.03115	0.01982	0.05947	0.68989	0.01274	0.02124	0.00850	0.00425	0.00708
77	0.01133	0.00850	0.01274	0.01274	0.01416	0.00991	0.00991	0.01416	0.01274	0.01841	0.02124	0.03115	0.01982	0.05947	0.68989	0.01274	0.02124	0.00850	0.00425	0.00708
78	0.00966	0.00690	0.00920	0.01104	0.01150	0.00644	0.00736	0.01104	0.01518	0.02024	0.04371	0.71614	0.05245	0.02484	0.01012	0.00322	0.00460	0.02254	0.00736	0.00644
79	0.01133	0.00850	0.01274	0.01274	0.01416	0.00991	0.00991	0.01416	0.01274	0.01841	0.02124	0.03115	0.01982	0.05947	0.68989	0.01274	0.02124	0.00850	0.00425	0.00708
80	0.01932	0.01853	0.03164	0.09139	0.63151	0.01876	0.02419	0.02407	0.01791	0.02554	0.01486	0.01973	0.01243	0.00712	0.00786	0.00237	0.00950	0.00706	0.00390	0.01232
81	0.01153	0.00769	0.00865	0.00865	0.00865	0.00769	0.00480	0.01153	0.01153	0.01538	0.02499	0.05189	0.02883	0.72131	0.04036	0.00769	0.00769	0.01153	0.00480	0.00480
82	0.01498	0.01409	0.02378	0.70226	0.05462	0.01762	0.02202	0.02026	0.01586	0.02026	0.01409	0.02114	0.01057	0.00793	0.00793	0.00264	0.01057	0.00705	0.00352	0.00881
83	0.01735	0.01735	0.02429	0.02082	0.02082	0.02429	0.01735	0.01908	0.01214	0.01908	0.01041	0.01735	0.01041	0.01388	0.02602	0.00347	0.70680	0.00694	0.00347	0.00867
84	0.03014	0.02221	0.02380	0.01825	0.02459	0.02459	0.01507	0.64541	0.03728	0.04998	0.01904	0.01904	0.01349	0.00952	0.00793	0.00238	0.00873	0.00714	0.00793	0.01349
85	0.01644	0.01409	0.01644	0.01175	0.01879	0.01057	0.00940	0.01997	0.01644	0.02584	0.01409	0.01644	0.01175	0.00587	0.00587	0.00117	0.00587	0.00470	0.00470	0.76979
86	0.02962	0.03779	0.02247	0.02043	0.02451	0.68948	0.01532	0.03166	0.02247	0.01941	0.01226	0.01430	0.01021	0.00817	0.00715	0.00204	0.01430	0.00511	0.00409	0.00919
87	0.01478	0.00739	0.00739	0.00739	0.00924	0.00739	0.00554	0.01848	0.01663	0.02956	0.02587	0.02956	0.02033	0.00924	0.00554	0.00185	0.00370	0.00739	0.76534	0.00739
88	0.01377	0.00689	0.01033	0.01033	0.01033	0.00689	0.00689	0.01033	0.01033	0.01377	0.01377	0.02410	0.01377	0.02755	0.03099	0.76928	0.00689	0.00689	0.00344	0.00344
89	0.01134	0.00845	0.01252	0.01252	0.01386	0.00979	0.00964	0.01402	0.01268	0.01825	0.02144	0.03227	0.02031	0.09511	0.65492	0.01247	0.02051	0.00866	0.00428	0.00696
90	0.00965	0.00695	0.00915	0.01090	0.01147	0.00645	0.00730	0.01106	0.01532	0.02030	0.04540	0.68661	0.08088	0.02462	0.01009	0.00320	0.00457	0.02228	0.00736	0.00645
91	0.01498	0.01409	0.02378	0.70226	0.05462	0.01762	0.02202	0.02026	0.01586	0.02026	0.01409	0.02114	0.01057	0.00793	0.00793	0.00264	0.01057	0.00705	0.00352	0.00881
92	0.02020	0.58971	0.12368	0.01463	0.02208	0.02832	0.01536	0.02368	0.01622	0.01997	0.01165	0.01349	0.01026	0.00682	0.00546	0.00177	0.00873	0.00448	0.00347	0.06002
93	0.01377	0.00689	0.01033	0.01033	0.01033	0.00689	0.00689	0.01033	0.01033	0.01377	0.01377	0.02410	0.01377	0.02755	0.03099	0.76928	0.00689	0.00689	0.00344	0.00344
94	0.01972	0.01703	0.01793	0.01614	0.02062	0.01972	0.01255	0.04214	0.65752	0.03317	0.03228	0.02959	0.02421	0.01076	0.00807	0.00269	0.00628	0.00897	0.00807	0.01255
95	0.01062	0.00854	0.00954	0.00931	0.01178	0.00769	0.00707	0.01427	0.05134	0.02549	0.26916	0.06886	0.41951	0.01841	0.00936	0.00265	0.00416	0.03714	0.00784	0.00727
96	0.01735	0.01735	0.02429	0.02082	0.02082	0.02429	0.01735	0.01908	0.01214	0.01908	0.01041	0.01735	0.01041	0.01388	0.02602	0.00347	0.70680	0.00694	0.00347	0.00867
97	0.10964	0.04708	0.02296	0.01717	0.02332	0.02396	0.01424	0.53720	0.05320	0.04676	0.01830	0.01847	0.01317	0.00923	0.00751	0.00237	0.00836	0.00678	0.00745	0.01281
98	0.01377	0.00689	0.01033	0.01033	0.01033	0.00689	0.00689	0.01033	0.01033	0.01377	0.01377	0.02410	0.01377	0.02755	0.03099	0.76928	0.00689	0.00689	0.00344	0.00344
99	0.01005	0.00799	0.00857	0.00846	0.01055	0.00700	0.00606	0.01200	0.01769	0.02212	0.16899	0.06930	0.46041	0.13895	0.01465	0.00350	0.00460	0.01545	0.00716	0.00650
100	0.01515	0.01444	0.02488	0.67039	0.05399	0.01773	0.05161	0.02051	0.01599	0.02051	0.01419	0.02115	0.01064	0.00787	0.00800	0.00264	0.01070	0.00716	0.00355	0.00890
101	0.01859	0.02102	0.04473	0.03227	0.03955	0.02044	0.58569	0.02482	0.01811	0.02482	0.01553	0.02102	0.01188	0.00734	0.01089	0.00275	0.07694	0.00914	0.00396	0.01051
102	0.01478	0.00739	0.00739	0.00739	0.00924	0.00739	0.00554	0.01848	0.01663	0.02956	0.02587	0.02956	0.02033	0.00924	0.00554	0.00185	0.00370	0.00739	0.76534	0.00739
103	0.00973	0.00696	0.00927	0.01099	0.01152	0.00649	0.00737	0.01122	0.01552	0.02078	0.07250	0.68583	0.05348	0.02445	0.01009	0.00319	0.00456	0.02216	0.00742	0.00649
104	0.01929	0.01850	0.03159	0.09539	0.62773	0.01875	0.02417	0.02405	0.01790	0.02550	0.01486	0.01973	0.01242	0.00713	0.00786	0.00238	0.00950	0.00706	0.00390	0.01229
105	0.01188	0.00926	0.01361	0.01330	0.01453	0.01111	0.01037	0.01450	0.01264	0.01835	0.02042	0.03075	0.01934	0.08220	0.60398	0.01171	0.08223	0.00848	0.00420	0.00713
106	0.65675	0.01928	0.08910	0.01227	0.01793	0.04743	0.01127	0.02389	0.01426	0.03366	0.01146	0.01339	0.00883	0.00742	0.00531	0.00244	0.00714	0.00451	0.00469	0.00898
107	0.03604	0.01524	0.01977	0.01563	0.02162	0.01331	0.01253	0.06070	0.02436	0.60605	0.05611	0.03081	0.02341	0.01156	0.00900	0.00289	0.00750	0.00887	0.01031	0.01430
108	0.01519	0.01411	0.02318	0.57748	0.09576	0.01707	0.02080	0.02096	0.04534	0.02127	0.01692	0.06684	0.01408	0.00910	0.00807	0.00266	0.00990	0.00815	0.00401	0.00910
109	0.01950	0.50613	0.24662	0.01647	0.02484	0.02722	0.01862	0.02418	0.01631	0.02073	0.01205	0.01401	0.01013	0.00702	0.00587	0.00196	0.00952	0.00476	0.00338	0.01067
110	0.01925	0.01846	0.03151	0.10113	0.62231	0.01874	0.02415	0.02401	0.01788	0.02545	0.01485	0.01975	0.01240	0.00713	0.00786	0.00238	0.00951	0.00706	0.00389	0.01226
111	0.03558	0.01350	0.01840	0.01411	0.02024	0.01166	0.01166	0.03865	0.02270	0.67734	0.03128	0.02699	0.01963	0.00981	0.00797	0.00245	0.00675	0.00797	0.00981	0.01350
112	0.01003	0.00722	0.00958	0.01134	0.01206	0.00678	0.00796	0.01171	0.01569	0.02072	0.04517	0.61095	0.07980	0.02427	0.01019	0.00325	0.00490	0.09448	0.00735	0.00656
113	0.01428	0.01283	0.01840	0.01670	0.01742	0.01695	0.01355	0.01657	0.01245	0.01874	0.01594	0.02439	0.01521	0.03714	0.36471	0.00820	0.35705	0.00773	0.00387	0.00786
114	0.01972	0.01703	0.01793	0.01614	0.02062	0.01972	0.01255	0.04214	0.65752	0.03317	0.03228	0.02959	0.02421	0.01076	0.00807	0.00269	0.00628	0.00897	0.00807	0.01255
115	0.00971	0.00702	0.00918	0.01080	0.01146	0.00650	0.00728	0.01122	0.01567	0.02079	0.07138	0.64771	0.09362	0.02418	0.01004	0.00316	0.00453	0.02183	0.00742	0.00650
116	0.01920	0.01863	0.03247	0.09973	0.58149	0.01882	0.06459	0.02408	0.01792	0.02542	0.01492	0.01986	0.01237	0.00711	0.00796	0.00240	0.00977	0.00721	0.00390	0.01214
117	0.02962	0.03779	0.02247	0.02043	0.02451	0.68948	0.01532	0.03166	0.02247	0.01941	0.01226	0.01430	0.01021	0.00817	0.00715	0.00204	0.01430	0.00511	0.00409	0.00919
118	0.01946	0.01867	0.03189	0.07164	0.65016	0.01880	0.02426	0.02419	0.01798	0.02571	0.01489	0.01968	0.01249	0.00710	0.00785	0.00237	0.00946	0.00706	0.00391	0.01243
119	0.01171	0.00874	0.01096	0.01029	0.01240	0.00831	0.00775	0.01667	0.06760	0.03122	0.58390	0.05823	0.10993	0.01607	0.00926	0.00252	0.00394	0.01411	0.00859	0.00779
120	0.01872	0.02139	0.04679	0.03342	0.04144	0.02005	0.64305	0.02540	0.01872	0.02540	0.01604	0.02139	0.01203	0.00668	0.00936	0.00267	0.01337	0.00936	0.00401	0.01070
121	0.01141	0.00817	0.01110	0.01110	0.01195	0.00902	0.00786	0.01311	0.01226	0.01719	0.02274	0.03947	0.02344	0.32496	0.42934	0.01072	0.01580	0.00971	0.00447	0.00617
122	0.77733	0.01534	0.01166	0.01043	0.01534	0.01779	0.00859	0.02331	0.01350	0.03558	0.01104	0.01288	0.00859	0.00736	0.00491	0.00245	0.00613	0.00429	0.00491	0.00859
123	0.01032	0.00830	0.00936	0.00976	0.01218	0.00734	0.00776	0.01284	0.01840	0.02266	0.10938	0.07840	0.47818	0.02027	0.00976	0.00290	0.00480	0.16305	0.00744	0.00689
124	0.01153	0.00769	0.00865	0.00865	0.00865	0.00769	0.00480	0.01153	0.01153	0.01538	0.02499	0.05189	0.02883	0.72131	0.04036	0.00769	0.00769	0.01153	0.00480	0.00480
125	0.01644	0.01409	0.01644	0.01175	0.01879	0.01057	0.00940	0.01997	0.01644	0.02584	0.01409	0.01644	0.01175	0.00587	0.00587	0.00117	0.00587	0.00470	0.00470	0.76979
126	0.02151	0.70083	0.04085	0.01382	0.02051	0.05553	0.01363	0.02404	0.01635	0.01868	0.01107	0.01278	0.01018	0.00684	0.00516	0.00171	0.00869	0.00427	0.00342	0.01014
127	0.02097	0.54358	0.15484	0.01578	0.02322	0.08567	0.01655	0.02467	0.01677	0.01988	0.01171	0.01358	0.01016	0.00704	0.00571	0.00187	0.00956	0.00461	0.00344	0.01037
128	0.01152	0.00774	0.00892	0.00892	0.00901	0.00783	0.00514	0.01170	0.01161	0.01557	0.02474	0.05054	0.02824	0.67806	0.08281	0.00802	0.00857	0.01133	0.00477	0.00495
129	0.02011	0.01722	0.01815	0.01621	0.02077	0.01990	0.01264	0.06422	0.63481	0.03379	0.03179	0.02920	0.02381	0.01071	0.00806	0.00268	0.00637	0.00890	0.00806	0.01259
130	0.01229	0.00831	0.00936	0.00920	0.00951	0.00840	0.00539	0.04037	0.01287	0.01717	0.02557	0.08080	0.02921	0.65703	0.03750	0.00724	0.00759	0.01184	0.00506	0.00528
131	0.02962	0.03779	0.02247	0.02043	0.02451	0.68948	0.01532	0.03166	0.02247	0.01941	0.01226	0.01430	0.01021	0.00817	0.00715	0.00204	0.01430	0.00511	0.00409	0.00919
132	0.00962	0.00706	0.00904	0.01063	0.01139	0.00648	0.00718	0.01109	0.01558	0.02040	0.04870	0.62892	0.13645	0.02419	0.01002	0.00315	0.00452	0.02175	0.00736	0.00648
133	0.00964	0.00697	0.00912	0.01084	0.01145	0.00646	0.00727	0.01106	0.01537	0.02032	0.04610	0.67433	0.09272	0.02453	0.01007	0.00318	0.00456	0.02216	0.00736	0.00646
134	0.00975	0.00777	0.00880	0.00953	0.01144	0.00682	0.00701	0.01170	0.01718	0.02125	0.06566	0.27765	0.42360	0.02173	0.00974	0.00293	0.00447	0.06897	0.00736	0.00667
135	0.02120	0.72609	0.04155	0.01357	0.02035	0.03138	0.01357	0.02374	0.01611	0.01866	0.01102	0.01272	0.01018	0.00678	0.00509	0.00170	0.00848	0.00424	0.00339	0.01018
136	0.02907	0.02065	0.02251	0.01741	0.02350	0.02241	0.01429	0.55430	0.03457	0.08875	0.02079	0.05137	0.01561	0.01011	0.00796	0.00238	0.00831	0.00781	0.00791	0.04028
137	0.01246	0.00909	0.01196	0.01159	0.01259	0.01017	0.00831	0.04105	0.01330	0.01857	0.02229	0.03867	0.02291	0.32851	0.36773	0.00986	0.04020	0.00963	0.00461	0.00648
138	0.00948	0.00760	0.00848	0.00919	0.01102	0.00660	0.00654	0.01125	0.01696	0.02097	0.06624	0.32241	0.43163	0.02191	0.00966	0.00289	0.00424	0.01897	0.00736	0.00660
139	0.01963	0.01884	0.03219	0.04867	0.67185	0.01884	0.02434	0.02434	0.01806	0.02591	0.01492	0.01963	0.01256	0.00707	0.00785	0.00236	0.00942	0.00707	0.00393	0.01256
140	0.02175	0.68110	0.04031	0.01402	0.02062	0.07439	0.01368	0.02426	0.01653	0.01871	0.01111	0.01282	0.01018	0.00687	0.00522	0.00172	0.00886	0.00430	0.00344	0.01011
141	0.32870	0.02239	0.16932	0.02718	0.26015	0.01832	0.01901	0.02409	0.01590	0.02968	0.01318	0.01622	0.01037	0.00729	0.00658	0.00243	0.00859	0.00566	0.00420	0.01075
142	0.02096	0.69447	0.07102	0.01399	0.02100	0.03078	0.01429	0.02381	0.01614	0.01895	0.01117	0.01291	0.01017	0.00682	0.00520	0.00173	0.00863	0.00431	0.00339	0.01025
143	0.01146	0.00796	0.01001	0.01001	0.01047	0.00842	0.00650	0.01240	0.01193	0.01638	0.02374	0.04502	0.02585	0.50203	0.25556	0.00936	0.01218	0.01053	0.00462	0.00556
144	0.05954	0.02077	0.09296	0.07376	0.48321	0.01881	0.08694	0.02427	0.01765	0.02603	0.01472	0.01925	0.01196	0.00713	0.00782	0.00242	0.00992	0.00704	0.00391	0.01190
145	0.35612	0.02079	0.04872	0.01513	0.02099	0.05176	0.01291	0.31672	0.02526	0.04114	0.01501	0.01602	0.01104	0.00842	0.00656	0.00240	0.00799	0.00574	0.00622	0.01107
146	0.03558	0.01350	0.01840	0.01411	0.02024	0.01166	0.01166	0.03865	0.02270	0.67734	0.03128	0.02699	0.01963	0.00981	0.00797	0.00245	0.00675	0.00797	0.00981	0.01350
147	0.01637	0.00939	0.00973	0.00900	0.01119	0.00971	0.00670	0.10040	0.01866	0.03032	0.02484	0.03123	0.02058	0.10667	0.01062	0.00272	0.00491	0.00792	0.56119	0.00784
148	0.02944	0.02153	0.02305	0.01775	0.02389	0.02380	0.01464	0.61671	0.03634	0.04904	0.01935	0.01952	0.01380	0.00951	0.00782	0.00236	0.00850	0.00715	0.04260	0.01321
149	0.01122	0.00811	0.01060	0.00998	0.01185	0.00748	0.00748	0.01496	0.02245	0.03180	0.66766	0.05923	0.07482	0.01621	0.00935	0.00249	0.00374	0.01434	0.00873	0.00748
150	0.01122	0.00811	0.01060	0.00998	0.01185	0.00748	0.00748	0.01496	0.02245	0.03180	0.66766	0.05923	0.07482	0.01621	0.00935	0.00249	0.00374	0.01434	0.00873	0.00748
151	0.01546	0.03786	0.61600	0.02139	0.03217	0.01737	0.02721	0.02414	0.01729	0.02575	0.07690	0.02082	0.01626	0.00837	0.00771	0.00251	0.01095	0.00667	0.00386	0.01131
152	0.01590	0.04102	0.68023	0.02260	0.03432	0.01842	0.02930	0.02511	0.01674	0.02511	0.01423	0.01674	0.01005	0.00753	0.00753	0.00251	0.01172	0.00586	0.00335	0.01172
153	0.01104	0.00806	0.01040	0.01015	0.01197	0.00743	0.00764	0.01445	0.02131	0.02964	0.53897	0.11253	0.11948	0.01749	0.00950	0.00263	0.00402	0.04751	0.00844	0.00733
154	0.01278	0.00913	0.01278	0.01460	0.01643	0.00913	0.01278	0.01643	0.01825	0.02373	0.04199	0.08945	0.04564	0.02191	0.01095	0.00365	0.00730	0.61847	0.00730	0.00730
155	0.00995	0.00729	0.00998	0.04806	0.01381	0.00704	0.00815	0.01154	0.01522	0.02024	0.04212	0.67892	0.05021	0.02394	0.01000	0.00319	0.00492	0.02171	0.00716	0.00657
156	0.01872	0.02139	0.04679	0.03342	0.04144	0.02005	0.64305	0.02540	0.01872	0.02540	0.01604	0.02139	0.01203	0.00668	0.00936	0.00267	0.01337	0.00936	0.00401	0.01070
157	0.01590	0.04102	0.68023	0.02260	0.03432	0.01842	0.02930	0.02511	0.01674	0.02511	0.01423	0.01674	0.01005	0.00753	0.00753	0.00251	0.01172	0.00586	0.00335	0.01172
158	0.03445	0.01530	0.01952	0.01497	0.02114	0.01433	0.01236	0.16429	0.02572	0.54743	0.02875	0.02534	0.01836	0.00975	0.00797	0.00244	0.00716	0.00780	0.00943	0.01349
159	0.01153	0.00769	0.00865	0.00865	0.00865	0.00769	0.00480	0.01153	0.01153	0.01538	0.02499	0.05189	0.02883	0.72131	0.04036	0.00769	0.00769	0.01153	0.00480	0.00480
160	0.02127	0.53117	0.12508	0.01560	0.02268	0.09569	0.01583	0.02557	0.04618	0.02027	0.01256	0.01420	0.01080	0.00721	0.00576	0.00189	0.00941	0.00476	0.00367	0.01039
161	0.01363	0.01103	0.01665	0.04775	0.01903	0.01100	0.09414	0.08885	0.01819	0.02430	0.03501	0.48431	0.03959	0.04354	0.01069	0.00317	0.00666	0.01783	0.00671	0.00791
162	0.01694	0.01425	0.01662	0.03755	0.01993	0.01194	0.01017	0.06629	0.04854	0.02733	0.01993	0.04525	0.04922	0.00788	0.00654	0.00154	0.00613	0.00644	0.00529	0.58220
163	0.02740	0.02085	0.02225	0.01769	0.02355	0.02331	0.01441	0.48661	0.20055	0.04555	0.02252	0.02181	0.01631	0.00985	0.00797	0.00246	0.00808	0.00762	0.00797	0.01324
164	0.01972	0.01703	0.01793	0.01614	0.02062	0.01972	0.01255	0.04214	0.65752	0.03317	0.03228	0.02959	0.02421	0.01076	0.00807	0.00269	0.00628	0.00897	0.00807	0.01255
165	0.01843	0.02082	0.04501	0.08530	0.04247	0.01986	0.59487	0.02500	0.01849	0.02500	0.01589	0.02137	0.01192	0.00678	0.00925	0.00267	0.01315	0.00918	0.00397	0.01055
166	0.00937	0.00803	0.00803	0.00803	0.01071	0.00669	0.00602	0.01138	0.01807	0.02142	0.08033	0.07632	0.66863	0.02008	0.00937	0.00268	0.00402	0.01674	0.00736	0.00669
167	0.00988	0.00706	0.00944	0.01116	0.01175	0.00662	0.00762	0.01148	0.01566	0.02094	0.07216	0.65624	0.05315	0.02431	0.01013	0.00321	0.00469	0.05056	0.00742	0.00653
168	0.03014	0.02221	0.02380	0.01825	0.02459	0.02459	0.01507	0.64541	0.03728	0.04998	0.01904	0.01904	0.01349	0.00952	0.00793	0.00238	0.00873	0.00714	0.00793	0.01349
169	0.00966	0.00690	0.00920	0.01104	0.01150	0.00644	0.00736	0.01104	0.01518	0.02024	0.04371	0.71614	0.05245	0.02484	0.01012	0.00322	0.00460	0.02254	0.00736	0.00644
170	0.01361	0.01182	0.01483	0.01406	0.01516	0.05450	0.01081	0.01574	0.01305	0.01812	0.01928	0.03083	0.01891	0.15196	0.42318	0.00958	0.14475	0.00848	0.00418	0.00715
171	0.03486	0.01366	0.01838	0.01420	0.02026	0.01202	0.01170	0.03880	0.05160	0.64801	0.03133	0.02711	0.01984	0.00986	0.00798	0.00246	0.00673	0.00802	0.00974	0.01345
172	0.00966	0.00690	0.00920	0.01104	0.01150	0.00644	0.00736	0.01104	0.01518	0.02024	0.04371	0.71614	0.05245	0.02484	0.01012	0.00322	0.00460	0.02254	0.00736	0.00644
173	0.26669	0.01787	0.01830	0.01478	0.02042	0.01954	0.01211	0.26951	0.09852	0.15651	0.02023	0.01973	0.01427	0.00903	0.00700	0.00245	0.00727	0.00660	0.00733	0.01183
174	0.02466	0.02234	0.02546	0.02864	0.24559	0.12983	0.01798	0.25852	0.02574	0.03364	0.01743	0.02195	0.01420	0.00919	0.00857	0.00240	0.03794	0.03476	0.02936	0.01180
175	0.01175	0.00896	0.01293	0.01270	0.01383	0.01054	0.00969	0.01412	0.01254	0.01803	0.02105	0.03314	0.02046	0.14869	0.55602	0.01143	0.06416	0.00882	0.00427	0.00687
176	0.00989	0.00700	0.00913	0.01075	0.01116	0.00659	0.00705	0.01110	0.01474	0.01965	0.04144	0.63570	0.04959	0.10918	0.01378	0.00376	0.00497	0.02121	0.00705	0.00624
177	0.03284	0.01573	0.05168	0.01487	0.02113	0.01345	0.01278	0.11387	0.02424	0.53691	0.05690	0.02689	0.02080	0.00995	0.00801	0.00245	0.00711	0.00804	0.00921	0.01314
178	0.04503	0.01624	0.01707	0.01543	0.01968	0.01856	0.01197	0.06601	0.54311	0.03277	0.03335	0.07501	0.04728	0.01183	0.00813	0.00270	0.00620	0.00988	0.00788	0.01186
179	0.01851	0.01835	0.02955	0.27220	0.38994	0.05440	0.05637	0.02338	0.01757	0.02358	0.01455	0.01996	0.01172	0.00740	0.00792	0.00245	0.01029	0.00708	0.00380	0.01098
180	0.01644	0.01409	0.01644	0.01175	0.01879	0.01057	0.00940	0.01997	0.01644	0.02584	0.01409	0.01644	0.01175	0.00587	0.00587	0.00117	0.00587	0.00470	0.00470	0.76979
181	0.01864	0.18591	0.19771	0.02698	0.06270	0.02217	0.32498	0.02491	0.01762	0.02382	0.01442	0.01822	0.01116	0.00693	0.00788	0.00240	0.01169	0.00725	0.00371	0.01091
182	0.00984	0.00698	0.00915	0.01081	0.01123	0.00656	0.00712	0.01109	0.01483	0.01978	0.04191	0.65243	0.05018	0.09164	0.01302	0.00365	0.00490	0.02149	0.00712	0.00628
183	0.02529	0.01950	0.02099	0.01838	0.05449	0.04426	0.01402	0.29804	0.26956	0.08489	0.02669	0.02552	0.04132	0.01022	0.00801	0.00250	0.00772	0.00816	0.00776	0.01269
184	0.01214	0.00765	0.01049	0.01049	0.01159	0.00730	0.00763	0.01296	0.01692	0.02324	0.30860	0.09209	0.06985	0.02164	0.01765	0.29037	0.00528	0.06177	0.00649	0.00585
185	0.02466	0.02497	0.13474	0.02321	0.03088	0.02233	0.19407	0.37219	0.02879	0.03910	0.01743	0.01933	0.01253	0.00841	0.00827	0.00248	0.01051	0.00756	0.00610	0.01242
186	0.01665	0.10072	0.56245	0.02282	0.03374	0.01974	0.08638	0.02502	0.01687	0.02456	0.01412	0.01682	0.01025	0.00739	0.00749	0.00245	0.01159	0.00605	0.00342	0.01148
187	0.01622	0.03884	0.60984	0.02380	0.03511	0.01860	0.09750	0.02515	0.01696	0.02515	0.01443	0.01726	0.01027	0.00744	0.00774	0.00253	0.01190	0.00625	0.00342	0.01161
188	0.05602	0.01416	0.02313	0.66500	0.05250	0.01763	0.02130	0.02042	0.01573	0.02109	0.01393	0.02070	0.01046	0.00790	0.00777	0.00263	0.01033	0.00690	0.00360	0.00880
189	0.03091	0.02437	0.02068	0.01736	0.02252	0.27624	0.01374	0.14014	0.04821	0.26664	0.02224	0.02312	0.01606	0.00961	0.00776	0.00234	0.01001	0.02938	0.00712	0.01157
190	0.01008	0.00738	0.00956	0.01104	0.01203	0.00686	0.00787	0.01194	0.01628	0.02136	0.07683	0.52372	0.13346	0.02346	0.01009	0.00317	0.00482	0.09599	0.00742	0.00663
191	0.77733	0.01534	0.01166	0.01043	0.01534	0.01779	0.00859	0.02331	0.01350	0.03558	0.01104	0.01288	0.00859	0.00736	0.00491	0.00245	0.00613	0.00429	0.00491	0.00859
192	0.03558	0.01350	0.01840	0.01411	0.02024	0.01166	0.01166	0.03865	0.02270	0.67734	0.03128	0.02699	0.01963	0.00981	0.00797	0.00245	0.00675	0.00797	0.00981	0.01350
193	0.03129	0.02037	0.02266	0.01737	0.02367	0.02186	0.01435	0.51719	0.03420	0.18255	0.02163	0.02072	0.01478	0.00958	0.00794	0.00240	0.00831	0.00732	0.00833	0.01349
194	0.00975	0.00694	0.00917	0.01092	0.01136	0.00650	0.00723	0.01107	0.01500	0.02000	0.04277	0.68308	0.05127	0.05951	0.01163	0.00344	0.00475	0.02200	0.00723	0.00636
195	0.01048	0.00747	0.01004	0.01161	0.01235	0.00725	0.00831	0.01226	0.01530	0.02038	0.04048	0.50643	0.04726	0.08029	0.05703	0.00427	0.00642	0.12891	0.00695	0.00651
196	0.00987	0.00800	0.00921	0.00973	0.01145	0.00734	0.00703	0.01170	0.01693	0.02127	0.08553	0.30811	0.39412	0.02144	0.01032	0.00290	0.03270	0.01838	0.00725	0.00671
197	0.02523	0.01083	0.01323	0.01098	0.01503	0.01004	0.00880	0.05085	0.02027	0.33847	0.02820	0.02796	0.01975	0.00952	0.00679	0.00216	0.00533	0.00766	0.37839	0.01052
198	0.74041	0.01524	0.01199	0.01061	0.01558	0.01748	0.00874	0.02407	0.01395	0.06752	0.01205	0.01358	0.00914	0.00748	0.00506	0.00245	0.00616	0.00448	0.00515	0.00883
199	0.01116	0.00906	0.01462	0.01439	0.01600	0.00852	0.09421	0.01346	0.01593	0.02125	0.03980	0.56732	0.04636	0.02212	0.01009	0.00318	0.00603	0.07249	0.00690	0.00709
200	0.01995	0.01985	0.06222	0.04311	0.52233	0.01873	0.08906	0.02582	0.04750	0.04996	0.01640	0.02041	0.01318	0.00732	0.00801	0.00241	0.00970	0.00737	0.00431	0.01236
201	0.01866	0.02122	0.04582	0.03288	0.04056	0.02024	0.61615	0.02513	0.01843	0.02513	0.01580	0.02122	0.01196	0.00699	0.01007	0.00271	0.04317	0.00925	0.00399	0.01061
202	0.01982	0.37012	0.25875	0.01848	0.02664	0.05594	0.05295	0.04722	0.01739	0.02243	0.01272	0.01504	0.01036	0.00746	0.00712	0.00213	0.03576	0.00531	0.00361	0.01075
203	0.05651	0.06108	0.02281	0.01974	0.02403	0.61708	0.01501	0.05360	0.02246	0.02109	0.01242	0.01437	0.01027	0.00814	0.00702	0.00206	0.01359	0.00512	0.00423	0.00936
204	0.02584	0.02066	0.02118	0.01726	0.02274	0.05273	0.01390	0.38985	0.24641	0.04185	0.02542	0.02445	0.04046	0.01026	0.00799	0.00248	0.00798	0.00801	0.00778	0.01273
205	0.01210	0.00868	0.01073	0.01019	0.01239	0.00808	0.00764	0.01637	0.05525	0.05164	0.47107	0.10237	0.16967	0.01692	0.00929	0.00258	0.00408	0.01478	0.00841	0.00776
206	0.77733	0.01534	0.01166	0.01043	0.01534	0.01779	0.00859	0.02331	0.01350	0.03558	0.01104	0.01288	0.00859	0.00736	0.00491	0.00245	0.00613	0.00429	0.00491	0.00859
207	0.01195	0.00764	0.00957	0.01032	0.01111	0.00720	0.00675	0.01302	0.01462	0.06165	0.03847	0.42529	0.07079	0.25070	0.01981	0.00460	0.00572	0.01774	0.00669	0.00638
208	0.02962	0.02343	0.02341	0.01835	0.02440	0.08648	0.01498	0.56061	0.06414	0.04636	0.01901	0.01908	0.01367	0.00945	0.00787	0.00236	0.00914	0.00703	0.00758	0.01304
209	0.03434	0.01447	0.01889	0.01459	0.02067	0.01324	0.01202	0.09572	0.05312	0.58901	0.03018	0.02636	0.01926	0.00983	0.00797	0.00246	0.00691	0.00794	0.00956	0.01345
210	0.01800	0.02000	0.04240	0.16120	0.04396	0.01959	0.52440	0.02442	0.01817	0.02442	0.01567	0.02134	0.01175	0.00692	0.00909	0.00267	0.01283	0.00892	0.00392	0.01033
211	0.01016	0.00703	0.00913	0.01064	0.01124	0.00662	0.00713	0.01176	0.01550	0.02125	0.07510	0.60585	0.05047	0.05507	0.01116	0.00330	0.00464	0.02061	0.05685	0.00648
212	0.00991	0.00709	0.00947	0.01118	0.01179	0.00664	0.00766	0.01154	0.01574	0.02105	0.07703	0.64722	0.05328	0.02422	0.01013	0.00320	0.00470	0.05419	0.00743	0.00654
213	0.77733	0.01534	0.01166	0.01043	0.01534	0.01779	0.00859	0.02331	0.01350	0.03558	0.01104	0.01288	0.00859	0.00736	0.00491	0.00245	0.00613	0.00429	0.00491	0.00859
214	0.02096	0.02226	0.01800	0.01656	0.01895	0.28978	0.01269	0.04952	0.01857	0.02217	0.01931	0.11563	0.01851	0.01607	0.06873	0.00336	0.13638	0.00855	0.11553	0.00846
215	0.03396	0.01407	0.01855	0.01431	0.02027	0.01268	0.01179	0.09448	0.02405	0.58910	0.05911	0.02771	0.02157	0.01008	0.00803	0.00245	0.00680	0.00819	0.00959	0.01322
216	0.00973	0.00693	0.00918	0.01096	0.01140	0.00648	0.00727	0.01106	0.01506	0.02008	0.04307	0.69355	0.05164	0.04853	0.01115	0.00337	0.00471	0.02217	0.00727	0.00639
217	0.00958	0.00723	0.00886	0.01016	0.01127	0.00652	0.00697	0.01114	0.01603	0.02059	0.05445	0.52852	0.23314	0.02345	0.00990	0.00306	0.00443	0.02084	0.00736	0.00652
218	0.77733	0.01534	0.01166	0.01043	0.01534	0.01779	0.00859	0.02331	0.01350	0.03558	0.01104	0.01288	0.00859	0.00736	0.00491	0.00245	0.00613	0.00429	0.00491	0.00859
219	0.01897	0.01809	0.03077	0.07504	0.61509	0.01822	0.02346	0.02355	0.01783	0.02540	0.01620	0.05157	0.01430	0.00792	0.00796	0.00241	0.00925	0.00777	0.00407	0.01212
220	0.01132	0.00817	0.01074	0.01028	0.01215	0.00759	0.00783	0.01506	0.02217	0.03127	0.62678	0.06121	0.07291	0.01658	0.00946	0.00257	0.00397	0.05382	0.00864	0.00747
221	0.01590	0.04102	0.68023	0.02260	0.03432	0.01842	0.02930	0.02511	0.01674	0.02511	0.01423	0.01674	0.01005	0.00753	0.00753	0.00251	0.01172	0.00586	0.00335	0.01172
222	0.01226	0.00954	0.01145	0.01261	0.01439	0.03139	0.01028	0.01498	0.01745	0.02203	0.04720	0.14194	0.16700	0.08469	0.01309	0.00373	0.00666	0.36540	0.00698	0.00694
223	0.02211	0.01507	0.01826	0.01529	0.01949	0.01573	0.04007	0.26470	0.06744	0.11087	0.07802	0.20279	0.02989	0.01393	0.00856	0.00262	0.00685	0.01197	0.04559	0.01073
224	0.02068	0.02116	0.02934	0.21811	0.28581	0.14226	0.09515	0.02523	0.01852	0.04678	0.01493	0.01953	0.01178	0.00756	0.00793	0.00242	0.01101	0.00700	0.00407	0.01073
225	0.77733	0.01534	0.01166	0.01043	0.01534	0.01779	0.00859	0.02331	0.01350	0.03558	0.01104	0.01288	0.00859	0.00736	0.00491	0.00245	0.00613	0.00429	0.00491	0.00859
226	0.00959	0.00810	0.00834	0.00846	0.01108	0.00685	0.00647	0.01171	0.01809	0.02157	0.07783	0.07717	0.62792	0.02020	0.00948	0.00274	0.00423	0.05606	0.00736	0.00673
227	0.01763	0.01761	0.02347	0.05023	0.02196	0.05022	0.01697	0.01962	0.01292	0.01960	0.01131	0.01792	0.01083	0.01319	0.02358	0.00331	0.61787	0.00689	0.03624	0.00865
228	0.05748	0.01331	0.01784	0.01381	0.01971	0.01165	0.01137	0.03709	0.02240	0.62790	0.05976	0.02803	0.02181	0.01003	0.00794	0.00246	0.00659	0.00815	0.00961	0.01307
229	0.01117	0.00806	0.01055	0.01002	0.01183	0.00744	0.00748	0.01482	0.02218	0.03137	0.64454	0.08357	0.07399	0.01653	0.00938	0.00252	0.00377	0.01464	0.00868	0.00744
