[name]
unknown

[dist]
# distance from previous block
# <min> <max>
3	11

[block]
# block no. 0 follows, 25 sequences, length 6
# corresponding to MSA columns:
# 12-17
name=unknown_A
#
# <colnr> <probs for GDERKNQSTAVLIFYWHMCP>
#	G	D	E	R	K	N	Q	S	T	A	V	L	I	F	Y	W	H	M	C	P
0	0.01278	0.00886	0.01095	0.01139	0.01306	0.00855	0.00822	0.07934	0.01828	0.05197	0.08338	0.48208	0.11673	0.02095	0.00949	0.00294	0.00499	0.04117	0.00744	0.00743
1	0.14693	0.01483	0.01999	0.15953	0.02722	0.01578	0.07079	0.12359	0.01910	0.09173	0.01844	0.06509	0.01515	0.01407	0.07908	0.00341	0.00942	0.00762	0.00544	0.09280
2	0.01717	0.01078	0.01281	0.01197	0.01454	0.01077	0.00894	0.15110	0.02032	0.09872	0.03589	0.32848	0.08941	0.01780	0.01003	0.05218	0.00559	0.01438	0.08067	0.00844
3	0.01529	0.00855	0.01080	0.01054	0.01289	0.00762	0.00777	0.01752	0.01799	0.16619	0.12603	0.32098	0.17850	0.01841	0.00900	0.00273	0.00469	0.01611	0.04038	0.00802
4	0.01787	0.01228	0.01414	0.01257	0.01518	0.01281	0.00942	0.21284	0.02177	0.05854	0.09713	0.11690	0.03209	0.25064	0.01892	0.00427	0.00701	0.07041	0.00679	0.00841
5	0.01788	0.01021	0.01216	0.08253	0.01662	0.01069	0.00889	0.08857	0.01840	0.09959	0.02366	0.02866	0.01879	0.07468	0.04088	0.00300	0.00630	0.00763	0.42244	0.00843

[dist]
# distance from previous block
# <min> <max>
2	6

[block]
# block no. 1 follows, 25 sequences, length 7
# corresponding to MSA columns:
# 24-30
name=unknown_B
#
# <colnr> <probs for GDERKNQSTAVLIFYWHMCP>
#	G	D	E	R	K	N	Q	S	T	A	V	L	I	F	Y	W	H	M	C	P
0	0.00984	0.00707	0.00872	0.00986	0.01049	0.00662	0.00644	0.01095	0.01438	0.01883	0.04316	0.48036	0.12799	0.18799	0.01671	0.00410	0.00513	0.01878	0.00661	0.00596
1	0.01239	0.00794	0.01014	0.01041	0.01199	0.00730	0.00749	0.01453	0.01745	0.08156	0.20354	0.31629	0.12610	0.08784	0.01232	0.00328	0.00484	0.04999	0.00750	0.00709
2	0.01275	0.00882	0.01033	0.01018	0.01125	0.00886	0.00678	0.07832	0.01642	0.02244	0.11199	0.23048	0.03834	0.34184	0.02289	0.00491	0.00615	0.01395	0.03683	0.00645
3	0.01845	0.01717	0.03199	0.08065	0.03194	0.01732	0.33390	0.05596	0.01767	0.07037	0.01714	0.02329	0.01380	0.05906	0.06940	0.00371	0.07424	0.00837	0.00454	0.05102
4	0.01729	0.01033	0.01277	0.01140	0.01410	0.01029	0.00884	0.07192	0.02038	0.14409	0.22924	0.12648	0.09699	0.01438	0.00937	0.00249	0.05114	0.01201	0.12779	0.00871
5	0.23641	0.03875	0.02018	0.01562	0.02104	0.03729	0.09313	0.07226	0.15768	0.10987	0.01971	0.02027	0.01458	0.00823	0.00676	0.00231	0.00737	0.00663	0.03846	0.07344
6	0.05281	0.10245	0.09584	0.01650	0.07250	0.05666	0.01349	0.07593	0.01755	0.02531	0.02093	0.02440	0.05731	0.01740	0.12489	0.00390	0.04206	0.00703	0.13637	0.03667

[dist]
# distance from previous block
# <min> <max>
0	2

[block]
# block no. 2 follows, 25 sequences, length 62
# corresponding to MSA columns:
# 33-94
name=unknown_C
#
# <colnr> <probs for GDERKNQSTAVLIFYWHMCP>
#	G	D	E	R	K	N	Q	S	T	A	V	L	I	F	Y	W	H	M	C	P
0	0.02325	0.01699	0.02532	0.03243	0.37299	0.01717	0.01833	0.05469	0.14420	0.18148	0.02175	0.02273	0.01612	0.00832	0.00775	0.00239	0.00798	0.00748	0.00611	0.01253
1	0.01864	0.01621	0.02728	0.22085	0.39201	0.01687	0.04462	0.02318	0.01748	0.07839	0.01947	0.02349	0.05104	0.00809	0.00785	0.00242	0.00913	0.00761	0.00441	0.01096
2	0.02045	0.67164	0.06703	0.01516	0.04987	0.02961	0.01437	0.02330	0.01586	0.01882	0.01108	0.01290	0.01005	0.00668	0.00519	0.00172	0.00846	0.00433	0.00334	0.01012
3	0.01196	0.01044	0.05034	0.01214	0.01368	0.00929	0.00921	0.06351	0.01647	0.02234	0.06206	0.50104	0.04270	0.09169	0.01315	0.00346	0.03488	0.01784	0.00666	0.00712
4	0.04904	0.01950	0.03008	0.04436	0.61093	0.06266	0.02263	0.02423	0.01777	0.02528	0.01427	0.01860	0.01198	0.00699	0.00752	0.00229	0.00940	0.00668	0.00389	0.01192
5	0.02802	0.12432	0.05033	0.01678	0.02304	0.05457	0.01449	0.39518	0.05483	0.13353	0.01924	0.01895	0.01372	0.00887	0.00731	0.00224	0.00849	0.00662	0.00704	0.01242
6	0.05214	0.01364	0.01650	0.01375	0.01813	0.01347	0.01083	0.18924	0.02329	0.30409	0.02949	0.19531	0.02552	0.04539	0.00962	0.00279	0.00661	0.01110	0.00814	0.01096
7	0.01445	0.00723	0.00723	0.00723	0.00903	0.00723	0.00542	0.01807	0.01626	0.02891	0.02529	0.02891	0.01987	0.00903	0.00542	0.00181	0.00361	0.00723	0.77055	0.00723
8	0.05451	0.02221	0.02090	0.01703	0.02222	0.13212	0.01367	0.42440	0.06943	0.03941	0.02078	0.04295	0.03555	0.01183	0.03493	0.00273	0.00940	0.00749	0.00686	0.01159
9	0.01929	0.01666	0.01753	0.01578	0.02016	0.01929	0.01227	0.04120	0.66513	0.03243	0.03156	0.02893	0.02367	0.01052	0.00789	0.00263	0.00614	0.00877	0.00789	0.01227
10	0.01445	0.00723	0.00723	0.00723	0.00903	0.00723	0.00542	0.01807	0.01626	0.02891	0.02529	0.02891	0.01987	0.00903	0.00542	0.00181	0.00361	0.00723	0.77055	0.00723
11	0.01745	0.01758	0.05699	0.33682	0.20057	0.01785	0.16593	0.02286	0.01698	0.04995	0.01511	0.02043	0.01148	0.00733	0.00804	0.00251	0.01058	0.00740	0.00390	0.01023
12	0.01743	0.01923	0.04030	0.12458	0.07115	0.01864	0.50629	0.02348	0.01786	0.02400	0.01821	0.02322	0.04153	0.00731	0.00889	0.00260	0.01210	0.00906	0.00400	0.01012
13	0.00918	0.00778	0.00793	0.00805	0.01052	0.00653	0.00598	0.01111	0.01749	0.02087	0.07621	0.11693	0.63520	0.01994	0.00921	0.00265	0.00396	0.01673	0.00720	0.00653
14	0.01898	0.01604	0.01646	0.01480	0.01875	0.05619	0.01146	0.03544	0.47756	0.06065	0.15163	0.03340	0.03200	0.01134	0.00807	0.00255	0.00615	0.00949	0.00786	0.01119
15	0.01939	0.55333	0.20775	0.01555	0.02343	0.02740	0.01724	0.02356	0.01591	0.01987	0.01159	0.01345	0.00992	0.00682	0.00559	0.00186	0.00911	0.00456	0.00331	0.01034
16	0.02896	0.03695	0.02197	0.01998	0.02397	0.69638	0.01498	0.03096	0.02197	0.01898	0.01199	0.01398	0.00999	0.00799	0.00699	0.00200	0.01398	0.00499	0.00400	0.00899
17	0.01128	0.00752	0.00846	0.00846	0.00846	0.00752	0.00470	0.01128	0.01128	0.01503	0.02443	0.05074	0.02819	0.72751	0.03946	0.00752	0.00752	0.01128	0.00470	0.00470
18	0.02735	0.07519	0.04645	0.01851	0.02365	0.37156	0.03799	0.15517	0.02398	0.08995	0.01823	0.01908	0.04146	0.00877	0.00728	0.00215	0.01122	0.00630	0.00537	0.01034
19	0.01919	0.01842	0.03147	0.04759	0.67914	0.01842	0.02380	0.02380	0.01765	0.02533	0.01458	0.01919	0.01228	0.00691	0.00768	0.00230	0.00921	0.00691	0.00384	0.01228
20	0.68162	0.01723	0.07380	0.01144	0.01690	0.01721	0.01038	0.02356	0.01385	0.06008	0.01188	0.01350	0.00896	0.00731	0.00516	0.00240	0.00652	0.00448	0.00485	0.00887
21	0.01088	0.00741	0.00885	0.00922	0.00941	0.00742	0.00556	0.01136	0.01209	0.01622	0.02795	0.18771	0.03233	0.53597	0.07919	0.00696	0.00782	0.01329	0.00518	0.00518
22	0.01787	0.34972	0.39801	0.01815	0.02745	0.02368	0.02177	0.02396	0.01609	0.02173	0.01251	0.01461	0.00988	0.00704	0.00630	0.00210	0.01004	0.00502	0.00329	0.01078
23	0.01564	0.05636	0.02543	0.57499	0.13973	0.01818	0.02137	0.02057	0.01582	0.02050	0.01372	0.01998	0.01059	0.00757	0.00758	0.00249	0.01006	0.00673	0.00349	0.00921
24	0.01929	0.01666	0.01753	0.01578	0.02016	0.01929	0.01227	0.04120	0.66513	0.03243	0.03156	0.02893	0.02367	0.01052	0.00789	0.00263	0.00614	0.00877	0.00789	0.01227
25	0.03313	0.01346	0.01885	0.04820	0.05096	0.01199	0.01243	0.03631	0.02167	0.62348	0.02908	0.02580	0.01846	0.00939	0.00779	0.00240	0.00689	0.00771	0.00905	0.01294
26	0.02067	0.02123	0.03003	0.04340	0.57972	0.12130	0.02246	0.02488	0.01831	0.02437	0.01419	0.01840	0.01193	0.00707	0.00757	0.00226	0.00994	0.00662	0.00386	0.01178
27	0.01857	0.02015	0.04137	0.03726	0.23670	0.01924	0.45832	0.02452	0.01810	0.02499	0.01535	0.02039	0.01192	0.00665	0.00870	0.00252	0.01189	0.00846	0.00390	0.01102
28	0.02896	0.03695	0.02197	0.01998	0.02397	0.69638	0.01498	0.03096	0.02197	0.01898	0.01199	0.01398	0.00999	0.00799	0.00699	0.00200	0.01398	0.00499	0.00400	0.00899
29	0.01128	0.00752	0.00846	0.00846	0.00846	0.00752	0.00470	0.01128	0.01128	0.01503	0.02443	0.05074	0.02819	0.72751	0.03946	0.00752	0.00752	0.01128	0.00470	0.00470
30	0.78228	0.01499	0.01140	0.01020	0.01499	0.01739	0.00840	0.02279	0.01320	0.03479	0.01080	0.01260	0.00840	0.00720	0.00480	0.00240	0.00600	0.00420	0.00480	0.00840
31	0.78228	0.01499	0.01140	0.01020	0.01499	0.01739	0.00840	0.02279	0.01320	0.03479	0.01080	0.01260	0.00840	0.00720	0.00480	0.00240	0.00600	0.00420	0.00480	0.00840
32	0.78228	0.01499	0.01140	0.01020	0.01499	0.01739	0.00840	0.02279	0.01320	0.03479	0.01080	0.01260	0.00840	0.00720	0.00480	0.00240	0.00600	0.00420	0.00480	0.00840
33	0.02896	0.03695	0.02197	0.01998	0.02397	0.69638	0.01498	0.03096	0.02197	0.01898	0.01199	0.01398	0.00999	0.00799	0.00699	0.00200	0.01398	0.00499	0.00400	0.00899
34	0.01929	0.01666	0.01753	0.01578	0.02016	0.01929	0.01227	0.04120	0.66513	0.03243	0.03156	0.02893	0.02367	0.01052	0.00789	0.00263	0.00614	0.00877	0.00789	0.01227
35	0.03271	0.05691	0.06303	0.01431	0.02070	0.01295	0.01263	0.03607	0.02144	0.60253	0.02834	0.02492	0.01804	0.00928	0.00760	0.00236	0.00701	0.00745	0.00882	0.01289
36	0.01347	0.00673	0.01010	0.01010	0.01010	0.00673	0.00673	0.01010	0.01010	0.01347	0.01347	0.02357	0.01347	0.02694	0.03030	0.77441	0.00673	0.00673	0.00337	0.00337
37	0.01555	0.04011	0.68733	0.02210	0.03356	0.01801	0.02865	0.02455	0.01637	0.02455	0.01391	0.01637	0.00982	0.00737	0.00737	0.00246	0.01146	0.00573	0.00327	0.01146
38	0.01555	0.04011	0.68733	0.02210	0.03356	0.01801	0.02865	0.02455	0.01637	0.02455	0.01391	0.01637	0.00982	0.00737	0.00737	0.00246	0.01146	0.00573	0.00327	0.01146
39	0.01671	0.01517	0.02434	0.68601	0.05356	0.01818	0.02197	0.02112	0.01673	0.02170	0.01584	0.02339	0.01234	0.00913	0.00860	0.00295	0.01089	0.00752	0.00418	0.00966
40	0.02037	0.01752	0.02857	0.08037	0.52605	0.01778	0.02155	0.02633	0.07277	0.08638	0.01745	0.02076	0.01377	0.00751	0.00771	0.00236	0.00878	0.00715	0.00469	0.01215
41	0.00945	0.00675	0.00900	0.01080	0.01125	0.00630	0.00720	0.01080	0.01484	0.01979	0.04274	0.72245	0.05128	0.02429	0.00990	0.00315	0.00450	0.02204	0.00720	0.00630
42	0.02971	0.02134	0.02303	0.01766	0.02386	0.02348	0.01459	0.62582	0.03582	0.07723	0.01915	0.01896	0.01345	0.00932	0.00776	0.00233	0.00845	0.00702	0.00784	0.01319
43	0.01899	0.01821	0.03110	0.07739	0.65094	0.01837	0.02369	0.02362	0.01756	0.02508	0.01455	0.01926	0.01219	0.00695	0.00768	0.00232	0.00926	0.00691	0.00382	0.01212
44	0.01108	0.00831	0.01246	0.01246	0.01385	0.00969	0.00969	0.01385	0.01246	0.01800	0.02077	0.03046	0.01938	0.05815	0.69678	0.01246	0.02077	0.00831	0.00415	0.00692
45	0.01555	0.04011	0.68733	0.02210	0.03356	0.01801	0.02865	0.02455	0.01637	0.02455	0.01391	0.01637	0.00982	0.00737	0.00737	0.00246	0.01146	0.00573	0.00327	0.01146
46	0.01819	0.01562	0.01654	0.01510	0.01915	0.01787	0.01166	0.03787	0.59377	0.03110	0.03439	0.07626	0.05458	0.01183	0.00808	0.00266	0.00593	0.00997	0.00781	0.01163
47	0.02947	0.02172	0.02327	0.01784	0.02404	0.02404	0.01474	0.65329	0.03646	0.04887	0.01862	0.01862	0.01319	0.00931	0.00776	0.00233	0.00853	0.00698	0.00776	0.01319
48	0.01555	0.04011	0.68733	0.02210	0.03356	0.01801	0.02865	0.02455	0.01637	0.02455	0.01391	0.01637	0.00982	0.00737	0.00737	0.00246	0.01146	0.00573	0.00327	0.01146
49	0.00916	0.00785	0.00785	0.00785	0.01047	0.00655	0.00589	0.01113	0.01767	0.02095	0.07855	0.07462	0.67599	0.01964	0.00916	0.00262	0.00393	0.01636	0.00720	0.00655
50	0.01464	0.01378	0.02326	0.70887	0.05340	0.01723	0.02153	0.01981	0.01550	0.01981	0.01378	0.02067	0.01034	0.00775	0.00775	0.00258	0.01034	0.00689	0.00345	0.00861
51	0.00945	0.00675	0.00900	0.01080	0.01125	0.00630	0.00720	0.01080	0.01484	0.01979	0.04274	0.72245	0.05128	0.02429	0.00990	0.00315	0.00450	0.02204	0.00720	0.00630
52	0.01219	0.00894	0.01177	0.01214	0.01412	0.00881	0.00992	0.01700	0.06214	0.02770	0.35358	0.06905	0.05735	0.01796	0.00975	0.00295	0.00535	0.28384	0.00788	0.00756
53	0.01555	0.04011	0.68733	0.02210	0.03356	0.01801	0.02865	0.02455	0.01637	0.02455	0.01391	0.01637	0.00982	0.00737	0.00737	0.00246	0.01146	0.00573	0.00327	0.01146
54	0.00916	0.00785	0.00785	0.00785	0.01047	0.00655	0.00589	0.01113	0.01767	0.02095	0.07855	0.07462	0.67599	0.01964	0.00916	0.00262	0.00393	0.01636	0.00720	0.00655
55	0.00997	0.00731	0.00935	0.01006	0.01127	0.00670	0.00708	0.01223	0.01777	0.02403	0.27645	0.40255	0.13526	0.02066	0.00953	0.00283	0.00412	0.01844	0.00768	0.00670
56	0.01579	0.07260	0.65697	0.02168	0.03292	0.01860	0.02793	0.02449	0.01634	0.02426	0.01377	0.01619	0.00983	0.00733	0.00725	0.00242	0.01131	0.00566	0.00328	0.01139
57	0.46356	0.12678	0.07034	0.01348	0.01891	0.15190	0.01197	0.02459	0.01553	0.02847	0.01127	0.01314	0.00905	0.00728	0.00545	0.00222	0.00832	0.00447	0.00430	0.00898
58	0.00957	0.00684	0.00910	0.01071	0.01127	0.00638	0.00721	0.01110	0.01541	0.02069	0.09266	0.66997	0.05301	0.02363	0.00984	0.00309	0.00443	0.02141	0.00730	0.00638
59	0.01445	0.00723	0.00723	0.00723	0.00903	0.00723	0.00542	0.01807	0.01626	0.02891	0.02529	0.02891	0.01987	0.00903	0.00542	0.00181	0.00361	0.00723	0.77055	0.00723
60	0.01902	0.50317	0.25462	0.01619	0.02442	0.02649	0.01836	0.02366	0.01596	0.02033	0.01182	0.01374	0.00991	0.00688	0.00577	0.00192	0.00934	0.00467	0.00330	0.01045
61	0.02900	0.02148	0.02300	0.01774	0.02386	0.02382	0.01462	0.62455	0.06597	0.04809	0.01922	0.01910	0.01368	0.00936	0.00776	0.00234	0.00842	0.00706	0.00776	0.01314

[dist]
# distance from previous block
# <min> <max>
0	1

[block]
# block no. 3 follows, 25 sequences, length 61
# corresponding to MSA columns:
# 96-156
name=unknown_D
#
# <colnr> <probs for GDERKNQSTAVLIFYWHMCP>
#	G	D	E	R	K	N	Q	S	T	A	V	L	I	F	Y	W	H	M	C	P
0	0.02947	0.02172	0.02327	0.01784	0.02404	0.02404	0.01474	0.65329	0.03646	0.04887	0.01862	0.01862	0.01319	0.00931	0.00776	0.00233	0.00853	0.00698	0.00776	0.01319
1	0.01128	0.00752	0.00846	0.00846	0.00846	0.00752	0.00470	0.01128	0.01128	0.01503	0.02443	0.05074	0.02819	0.72751	0.03946	0.00752	0.00752	0.01128	0.00470	0.00470
2	0.01652	0.16967	0.56626	0.02045	0.03100	0.02038	0.02577	0.02430	0.01625	0.02337	0.01333	0.01563	0.00985	0.00723	0.00692	0.00231	0.01087	0.00543	0.00328	0.01118
3	0.01445	0.00723	0.00723	0.00723	0.00903	0.00723	0.00542	0.01807	0.01626	0.02891	0.02529	0.02891	0.01987	0.00903	0.00542	0.00181	0.00361	0.00723	0.77055	0.00723
4	0.02896	0.03695	0.02197	0.01998	0.02397	0.69638	0.01498	0.03096	0.02197	0.01898	0.01199	0.01398	0.00999	0.00799	0.00699	0.00200	0.01398	0.00499	0.00400	0.00899
5	0.01634	0.01637	0.02631	0.25594	0.03409	0.02102	0.09706	0.01982	0.01390	0.01982	0.01209	0.01871	0.01043	0.01072	0.01741	0.00302	0.38759	0.00711	0.00348	0.00877
6	0.01249	0.00892	0.01249	0.01428	0.01606	0.00892	0.01249	0.01606	0.01785	0.02320	0.04105	0.08746	0.04462	0.02142	0.01071	0.00357	0.00714	0.62695	0.00714	0.00714
7	0.01066	0.00768	0.01008	0.00997	0.01151	0.00711	0.00729	0.01384	0.02048	0.02876	0.54472	0.19489	0.06865	0.01759	0.00930	0.00259	0.00383	0.01568	0.00826	0.00711
8	0.01555	0.04011	0.68733	0.02210	0.03356	0.01801	0.02865	0.02455	0.01637	0.02455	0.01391	0.01637	0.00982	0.00737	0.00737	0.00246	0.01146	0.00573	0.00327	0.01146
9	0.01555	0.04011	0.68733	0.02210	0.03356	0.01801	0.02865	0.02455	0.01637	0.02455	0.01391	0.01637	0.00982	0.00737	0.00737	0.00246	0.01146	0.00573	0.00327	0.01146
10	0.01760	0.01814	0.02251	0.01957	0.02010	0.08933	0.01608	0.01943	0.01293	0.01863	0.01136	0.01794	0.01103	0.01722	0.08692	0.00411	0.57844	0.00675	0.00352	0.00839
11	0.01555	0.04011	0.68733	0.02210	0.03356	0.01801	0.02865	0.02455	0.01637	0.02455	0.01391	0.01637	0.00982	0.00737	0.00737	0.00246	0.01146	0.00573	0.00327	0.01146
12	0.01713	0.25164	0.48966	0.01940	0.02938	0.02188	0.02395	0.02415	0.01618	0.02263	0.01296	0.01517	0.00986	0.00714	0.00664	0.00221	0.01049	0.00525	0.00329	0.01100
13	0.01610	0.01588	0.02378	0.05121	0.04936	0.02073	0.06234	0.01838	0.01312	0.01958	0.01504	0.10681	0.01559	0.01389	0.02078	0.00322	0.51285	0.00890	0.00393	0.00851
14	0.01113	0.00745	0.00850	0.00865	0.00868	0.00742	0.00490	0.01124	0.01157	0.01542	0.02592	0.10548	0.03007	0.67020	0.03705	0.00716	0.00727	0.01215	0.00490	0.00483
15	0.01555	0.04011	0.68733	0.02210	0.03356	0.01801	0.02865	0.02455	0.01637	0.02455	0.01391	0.01637	0.00982	0.00737	0.00737	0.00246	0.01146	0.00573	0.00327	0.01146
16	0.01974	0.01761	0.01774	0.01598	0.02034	0.05109	0.01240	0.04072	0.63492	0.03180	0.03064	0.02823	0.02303	0.01040	0.00785	0.00260	0.00650	0.00859	0.00771	0.01212
17	0.01347	0.00673	0.01010	0.01010	0.01010	0.00673	0.00673	0.01010	0.01010	0.01347	0.01347	0.02357	0.01347	0.02694	0.03030	0.77441	0.00673	0.00673	0.00337	0.00337
18	0.01347	0.00673	0.01010	0.01010	0.01010	0.00673	0.00673	0.01010	0.01010	0.01347	0.01347	0.02357	0.01347	0.02694	0.03030	0.77441	0.00673	0.00673	0.00337	0.00337
19	0.01128	0.00752	0.00846	0.00846	0.00846	0.00752	0.00470	0.01128	0.01128	0.01503	0.02443	0.05074	0.02819	0.72751	0.03946	0.00752	0.00752	0.01128	0.00470	0.00470
20	0.01888	0.01814	0.03077	0.07762	0.62266	0.01858	0.02341	0.02340	0.01732	0.02480	0.01437	0.01917	0.01210	0.00722	0.00841	0.00236	0.03813	0.00690	0.00380	0.01195
21	0.01638	0.01521	0.02511	0.52652	0.19300	0.01782	0.02172	0.05127	0.01700	0.02246	0.01420	0.02024	0.01091	0.00764	0.00774	0.00251	0.01000	0.00690	0.00374	0.00966
22	0.01911	0.01865	0.03280	0.04621	0.61990	0.01853	0.08197	0.02389	0.01771	0.02529	0.01469	0.01935	0.01223	0.00687	0.00781	0.00233	0.00957	0.00712	0.00385	0.01211
23	0.02140	0.01879	0.04955	0.01623	0.02115	0.05477	0.01323	0.06912	0.51710	0.08595	0.02899	0.02684	0.02142	0.01010	0.00780	0.00255	0.00696	0.00826	0.00760	0.01218
24	0.01964	0.01928	0.03103	0.04632	0.64896	0.04965	0.02339	0.02413	0.01785	0.02504	0.01446	0.01895	0.01218	0.00696	0.00764	0.00229	0.00943	0.00682	0.00385	0.01213
25	0.01726	0.01761	0.02210	0.01928	0.01982	0.08214	0.01583	0.01913	0.01286	0.01860	0.01173	0.01847	0.01137	0.01894	0.11214	0.00446	0.55954	0.00683	0.00355	0.00832
26	0.01608	0.01378	0.01608	0.01148	0.01837	0.01034	0.00919	0.01952	0.01608	0.02527	0.01378	0.01608	0.01148	0.00574	0.00574	0.00115	0.00574	0.00459	0.00459	0.77491
27	0.02073	0.73217	0.04063	0.01327	0.01990	0.03068	0.01327	0.02322	0.01575	0.01824	0.01078	0.01244	0.00995	0.00663	0.00498	0.00166	0.00829	0.00415	0.00332	0.00995
28	0.00945	0.00675	0.00900	0.01080	0.01125	0.00630	0.00720	0.01080	0.01484	0.01979	0.04274	0.72245	0.05128	0.02429	0.00990	0.00315	0.00450	0.02204	0.00720	0.00630
29	0.01480	0.01366	0.01880	0.01674	0.01691	0.01815	0.01333	0.01627	0.01207	0.01805	0.01634	0.08212	0.01758	0.14425	0.08891	0.00494	0.46661	0.00897	0.00401	0.00749
30	0.01898	0.01820	0.03108	0.07874	0.64967	0.01837	0.02369	0.02361	0.01755	0.02507	0.01455	0.01926	0.01219	0.00695	0.00768	0.00232	0.00926	0.00691	0.00382	0.01211
31	0.01347	0.00673	0.01010	0.01010	0.01010	0.00673	0.00673	0.01010	0.01010	0.01347	0.01347	0.02357	0.01347	0.02694	0.03030	0.77441	0.00673	0.00673	0.00337	0.00337
32	0.01128	0.00752	0.00846	0.00846	0.00846	0.00752	0.00470	0.01128	0.01128	0.01503	0.02443	0.05074	0.02819	0.72751	0.03946	0.00752	0.00752	0.01128	0.00470	0.00470
33	0.01445	0.00723	0.00723	0.00723	0.00903	0.00723	0.00542	0.01807	0.01626	0.02891	0.02529	0.02891	0.01987	0.00903	0.00542	0.00181	0.00361	0.00723	0.77055	0.00723
34	0.00938	0.00786	0.00815	0.00808	0.01061	0.00664	0.00606	0.01155	0.01818	0.02216	0.14985	0.07262	0.60394	0.01918	0.00916	0.00260	0.00390	0.01608	0.00736	0.00664
35	0.01735	0.28114	0.46210	0.01902	0.02880	0.02242	0.02329	0.02409	0.01616	0.02236	0.01282	0.01500	0.00987	0.00711	0.00653	0.00218	0.01036	0.00518	0.00329	0.01093
36	0.02023	0.01692	0.01801	0.01596	0.02045	0.01939	0.01259	0.11592	0.55668	0.03404	0.03040	0.03041	0.02336	0.01088	0.00801	0.00264	0.00648	0.03766	0.00784	0.01214
37	0.00932	0.00780	0.00812	0.00816	0.01060	0.00659	0.00608	0.01139	0.01787	0.02170	0.12467	0.10767	0.59428	0.01958	0.00920	0.00263	0.00394	0.01648	0.00731	0.00659
38	0.01926	0.02211	0.11261	0.04295	0.56397	0.05439	0.02393	0.02427	0.01772	0.02490	0.01436	0.01856	0.01185	0.00702	0.00760	0.00231	0.00974	0.00666	0.00378	0.01200
39	0.01202	0.00816	0.01070	0.00993	0.01195	0.00750	0.00750	0.01565	0.02196	0.05988	0.64666	0.05653	0.07078	0.01558	0.00909	0.00244	0.00379	0.01375	0.00858	0.00757
40	0.01445	0.00723	0.00723	0.00723	0.00903	0.00723	0.00542	0.01807	0.01626	0.02891	0.02529	0.02891	0.01987	0.00903	0.00542	0.00181	0.00361	0.00723	0.77055	0.00723
41	0.01445	0.00723	0.00723	0.00723	0.00903	0.00723	0.00542	0.01807	0.01626	0.02891	0.02529	0.02891	0.01987	0.00903	0.00542	0.00181	0.00361	0.00723	0.77055	0.00723
42	0.01573	0.01341	0.01570	0.01145	0.01800	0.01012	0.00908	0.01906	0.01601	0.02497	0.01532	0.05360	0.01360	0.00673	0.00596	0.00125	0.00568	0.00552	0.00473	0.73407
43	0.01981	0.02180	0.08120	0.04309	0.56914	0.08067	0.02336	0.02451	0.01795	0.02469	0.01429	0.01849	0.01188	0.00704	0.00759	0.00229	0.00982	0.00664	0.00381	0.01192
44	0.78228	0.01499	0.01140	0.01020	0.01499	0.01739	0.00840	0.02279	0.01320	0.03479	0.01080	0.01260	0.00840	0.00720	0.00480	0.00240	0.00600	0.00420	0.00480	0.00840
45	0.01836	0.01566	0.01679	0.01544	0.01947	0.01797	0.01205	0.03805	0.59019	0.03121	0.03273	0.06514	0.02640	0.01191	0.00818	0.00272	0.00613	0.05215	0.00781	0.01164
46	0.01128	0.00752	0.00846	0.00846	0.00846	0.00752	0.00470	0.01128	0.01128	0.01503	0.02443	0.05074	0.02819	0.72751	0.03946	0.00752	0.00752	0.01128	0.00470	0.00470
47	0.78228	0.01499	0.01140	0.01020	0.01499	0.01739	0.00840	0.02279	0.01320	0.03479	0.01080	0.01260	0.00840	0.00720	0.00480	0.00240	0.00600	0.00420	0.00480	0.00840
48	0.01701	0.01375	0.01646	0.03915	0.01983	0.01066	0.00979	0.02050	0.01638	0.06006	0.01467	0.01681	0.01185	0.00603	0.00593	0.00127	0.00597	0.00485	0.00481	0.70420
49	0.02073	0.73217	0.04063	0.01327	0.01990	0.03068	0.01327	0.02322	0.01575	0.01824	0.01078	0.01244	0.00995	0.00663	0.00498	0.00166	0.00829	0.00415	0.00332	0.00995
50	0.01445	0.00723	0.00723	0.00723	0.00903	0.00723	0.00542	0.01807	0.01626	0.02891	0.02529	0.02891	0.01987	0.00903	0.00542	0.00181	0.00361	0.00723	0.77055	0.00723
51	0.02849	0.03473	0.02183	0.01959	0.02377	0.60992	0.01482	0.07825	0.05721	0.02194	0.01352	0.01512	0.01095	0.00822	0.00710	0.00206	0.01316	0.00534	0.00448	0.00948
52	0.03206	0.04944	0.01984	0.01454	0.02047	0.01487	0.01206	0.13019	0.07565	0.50415	0.02791	0.02475	0.01820	0.00948	0.00766	0.00237	0.00693	0.00758	0.00888	0.01296
53	0.01445	0.00723	0.00723	0.00723	0.00903	0.00723	0.00542	0.01807	0.01626	0.02891	0.02529	0.02891	0.01987	0.00903	0.00542	0.00181	0.00361	0.00723	0.77055	0.00723
54	0.01056	0.00783	0.00984	0.00951	0.01137	0.00711	0.00707	0.01376	0.02071	0.02856	0.52843	0.10908	0.17325	0.01710	0.00920	0.00252	0.00376	0.01500	0.00821	0.00711
55	0.78228	0.01499	0.01140	0.01020	0.01499	0.01739	0.00840	0.02279	0.01320	0.03479	0.01080	0.01260	0.00840	0.00720	0.00480	0.00240	0.00600	0.00420	0.00480	0.00840
56	0.75467	0.01524	0.01183	0.01048	0.01533	0.01764	0.00863	0.04591	0.01405	0.03530	0.01108	0.01282	0.00857	0.00727	0.00491	0.00240	0.00609	0.00430	0.00491	0.00857
57	0.03030	0.02040	0.02245	0.01721	0.02339	0.02209	0.01422	0.55797	0.03425	0.14730	0.02047	0.01982	0.01412	0.00935	0.00776	0.00234	0.00823	0.00711	0.00804	0.01319
58	0.01626	0.13456	0.59907	0.02089	0.03169	0.01974	0.02655	0.02437	0.01629	0.02369	0.01349	0.01583	0.00984	0.00727	0.00704	0.00235	0.01103	0.00551	0.00328	0.01125
59	0.01654	0.01580	0.02351	0.48772	0.13440	0.04578	0.02023	0.02393	0.11043	0.02238	0.01640	0.02139	0.01253	0.00805	0.00773	0.00253	0.00972	0.00709	0.00417	0.00967
60	0.01608	0.01378	0.01608	0.01148	0.01837	0.01034	0.00919	0.01952	0.01608	0.02527	0.01378	0.01608	0.01148	0.00574	0.00574	0.00115	0.00574	0.00459	0.00459	0.77491

[dist]
# distance from previous block
# <min> <max>
0	9

[block]
# block no. 4 follows, 25 sequences, length 50
# corresponding to MSA columns:
# 166-215
name=unknown_E
#
# <colnr> <probs for GDERKNQSTAVLIFYWHMCP>
#	G	D	E	R	K	N	Q	S	T	A	V	L	I	F	Y	W	H	M	C	P
0	0.01445	0.00723	0.00723	0.00723	0.00903	0.00723	0.00542	0.01807	0.01626	0.02891	0.02529	0.02891	0.01987	0.00903	0.00542	0.00181	0.00361	0.00723	0.77055	0.00723
1	0.01696	0.01696	0.02375	0.02036	0.02036	0.02375	0.01696	0.01866	0.01187	0.01866	0.01018	0.01696	0.01018	0.01357	0.02545	0.00339	0.71332	0.00679	0.00339	0.00848
2	0.78228	0.01499	0.01140	0.01020	0.01499	0.01739	0.00840	0.02279	0.01320	0.03479	0.01080	0.01260	0.00840	0.00720	0.00480	0.00240	0.00600	0.00420	0.00480	0.00840
3	0.02828	0.03585	0.02203	0.05279	0.02537	0.66403	0.01529	0.03043	0.02166	0.01902	0.01207	0.01430	0.01000	0.00798	0.00703	0.00203	0.01381	0.00508	0.00397	0.00897
4	0.78228	0.01499	0.01140	0.01020	0.01499	0.01739	0.00840	0.02279	0.01320	0.03479	0.01080	0.01260	0.00840	0.00720	0.00480	0.00240	0.00600	0.00420	0.00480	0.00840
5	0.01851	0.01487	0.04982	0.09695	0.17761	0.01375	0.09397	0.02300	0.01919	0.13599	0.16669	0.03669	0.03010	0.01099	0.00853	0.00256	0.00800	0.07651	0.00615	0.01013
6	0.01445	0.00723	0.00723	0.00723	0.00903	0.00723	0.00542	0.01807	0.01626	0.02891	0.02529	0.02891	0.01987	0.00903	0.00542	0.00181	0.00361	0.00723	0.77055	0.00723
7	0.02158	0.66067	0.03871	0.01396	0.02032	0.09915	0.01344	0.02401	0.01639	0.01832	0.01090	0.01260	0.00995	0.00677	0.00518	0.00169	0.00888	0.00423	0.00339	0.00985
8	0.78228	0.01499	0.01140	0.01020	0.01499	0.01739	0.00840	0.02279	0.01320	0.03479	0.01080	0.01260	0.00840	0.00720	0.00480	0.00240	0.00600	0.00420	0.00480	0.00840
9	0.02029	0.67363	0.09533	0.01401	0.02106	0.02961	0.01457	0.02333	0.01581	0.01878	0.01104	0.01277	0.00994	0.00670	0.00518	0.00173	0.00856	0.00428	0.00331	0.01008
10	0.74930	0.01494	0.01191	0.04021	0.01664	0.01739	0.00896	0.02266	0.01329	0.03414	0.01092	0.01294	0.00848	0.00722	0.00493	0.00241	0.00618	0.00431	0.00474	0.00841
11	0.02006	0.01704	0.01797	0.01594	0.02046	0.01965	0.01246	0.08782	0.61725	0.03369	0.03057	0.02814	0.02287	0.01043	0.00788	0.00261	0.00632	0.00863	0.00788	0.01234
12	0.01464	0.01378	0.02326	0.70887	0.05340	0.01723	0.02153	0.01981	0.01550	0.01981	0.01378	0.02067	0.01034	0.00775	0.00775	0.00258	0.01034	0.00689	0.00345	0.00861
13	0.63150	0.05431	0.01414	0.04037	0.01739	0.01801	0.00958	0.02442	0.05536	0.05736	0.01299	0.01449	0.00994	0.00749	0.00524	0.00238	0.00634	0.00474	0.00504	0.00892
14	0.78228	0.01499	0.01140	0.01020	0.01499	0.01739	0.00840	0.02279	0.01320	0.03479	0.01080	0.01260	0.00840	0.00720	0.00480	0.00240	0.00600	0.00420	0.00480	0.00840
15	0.02549	0.20269	0.02634	0.01782	0.02245	0.38381	0.01441	0.07892	0.07752	0.02234	0.01384	0.01545	0.01144	0.00829	0.00765	0.00207	0.04982	0.00537	0.00444	0.00982
16	0.78228	0.01499	0.01140	0.01020	0.01499	0.01739	0.00840	0.02279	0.01320	0.03479	0.01080	0.01260	0.00840	0.00720	0.00480	0.00240	0.00600	0.00420	0.00480	0.00840
17	0.01851	0.01802	0.03160	0.13356	0.54248	0.01837	0.07665	0.02336	0.01743	0.02456	0.01457	0.01953	0.01198	0.00699	0.00781	0.00237	0.00969	0.00710	0.00379	0.01164
18	0.01445	0.00723	0.00723	0.00723	0.00903	0.00723	0.00542	0.01807	0.01626	0.02891	0.02529	0.02891	0.01987	0.00903	0.00542	0.00181	0.00361	0.00723	0.77055	0.00723
19	0.02754	0.05828	0.02365	0.04630	0.02473	0.04783	0.01475	0.52146	0.08587	0.04364	0.01884	0.01907	0.01365	0.00916	0.00760	0.00232	0.00859	0.00691	0.00722	0.01260
20	0.01445	0.00723	0.00723	0.00723	0.00903	0.00723	0.00542	0.01807	0.01626	0.02891	0.02529	0.02891	0.01987	0.00903	0.00542	0.00181	0.00361	0.00723	0.77055	0.00723
21	0.02218	0.42564	0.03233	0.01589	0.02079	0.21201	0.01400	0.02447	0.01718	0.01894	0.03377	0.01499	0.01215	0.00820	0.00827	0.00200	0.09903	0.00505	0.00369	0.00941
22	0.01917	0.06895	0.02496	0.04925	0.04714	0.05256	0.04240	0.06485	0.01596	0.05017	0.03920	0.01904	0.01348	0.01137	0.01768	0.00286	0.41177	0.00689	0.00427	0.03807
23	0.64209	0.01633	0.03993	0.01148	0.01673	0.01741	0.00988	0.06729	0.01561	0.08546	0.01299	0.01422	0.00962	0.00753	0.00534	0.00240	0.00644	0.00473	0.00531	0.00922
24	0.01108	0.00831	0.01246	0.01246	0.01385	0.00969	0.00969	0.01385	0.01246	0.01800	0.02077	0.03046	0.01938	0.05815	0.69678	0.01246	0.02077	0.00831	0.00415	0.00692
25	0.01868	0.05146	0.22123	0.05323	0.29090	0.06640	0.06292	0.02630	0.08676	0.02496	0.01593	0.01896	0.01245	0.00750	0.00756	0.00237	0.01012	0.00667	0.00409	0.01150
26	0.78228	0.01499	0.01140	0.01020	0.01499	0.01739	0.00840	0.02279	0.01320	0.03479	0.01080	0.01260	0.00840	0.00720	0.00480	0.00240	0.00600	0.00420	0.00480	0.00840
27	0.01780	0.17492	0.51706	0.01983	0.02999	0.02009	0.02451	0.02514	0.01662	0.06541	0.01436	0.01623	0.01045	0.00736	0.00692	0.00229	0.01052	0.00555	0.00369	0.01127
28	0.01178	0.00801	0.00917	0.00921	0.00954	0.00805	0.00550	0.03878	0.01289	0.01720	0.02691	0.14940	0.03098	0.59193	0.03370	0.00664	0.00711	0.01269	0.00520	0.00530
29	0.01445	0.00723	0.00723	0.00723	0.00903	0.00723	0.00542	0.01807	0.01626	0.02891	0.02529	0.02891	0.01987	0.00903	0.00542	0.00181	0.00361	0.00723	0.77055	0.00723
30	0.00945	0.00675	0.00900	0.01080	0.01125	0.00630	0.00720	0.01080	0.01484	0.01979	0.04274	0.72245	0.05128	0.02429	0.00990	0.00315	0.00450	0.02204	0.00720	0.00630
31	0.02040	0.68802	0.08188	0.01383	0.02077	0.02987	0.01425	0.02330	0.01579	0.01864	0.01098	0.01269	0.00994	0.00668	0.00513	0.00171	0.00849	0.00425	0.00331	0.01005
32	0.01445	0.00723	0.00723	0.00723	0.00903	0.00723	0.00542	0.01807	0.01626	0.02891	0.02529	0.02891	0.01987	0.00903	0.00542	0.00181	0.00361	0.00723	0.77055	0.00723
33	0.01528	0.01051	0.01253	0.06726	0.01695	0.01006	0.00928	0.08318	0.02061	0.10644	0.14092	0.05678	0.35941	0.01592	0.00881	0.00258	0.00537	0.04233	0.00743	0.00836
34	0.02103	0.51992	0.17154	0.01514	0.02270	0.02620	0.01625	0.02491	0.01651	0.08422	0.01335	0.01460	0.01082	0.00707	0.00574	0.00189	0.00878	0.00483	0.00392	0.01058
35	0.69497	0.01486	0.01274	0.08966	0.01936	0.01737	0.00989	0.02245	0.01346	0.03308	0.01114	0.01351	0.00862	0.00726	0.00513	0.00242	0.00649	0.00450	0.00464	0.00842
36	0.01135	0.00851	0.01219	0.01205	0.01312	0.00986	0.00907	0.01357	0.01222	0.01748	0.02101	0.03362	0.02062	0.17853	0.54971	0.01119	0.04630	0.00879	0.00422	0.00658
37	0.01124	0.00765	0.00913	0.00913	0.00937	0.00788	0.00554	0.01171	0.01148	0.01554	0.02381	0.04731	0.02670	0.61430	0.15064	0.00835	0.00976	0.01077	0.00461	0.00507
38	0.06810	0.03121	0.02182	0.01882	0.02353	0.45783	0.01457	0.21883	0.02590	0.02884	0.01393	0.01531	0.01087	0.00835	0.00711	0.00212	0.01192	0.00555	0.00517	0.01023
39	0.01828	0.03575	0.57306	0.02134	0.03192	0.01716	0.04836	0.02637	0.01723	0.11480	0.01626	0.01790	0.01117	0.00764	0.00749	0.00245	0.01085	0.00613	0.00416	0.01166
40	0.01384	0.02118	0.27725	0.01566	0.02160	0.01205	0.04092	0.01946	0.01898	0.05350	0.29871	0.08575	0.06386	0.01263	0.00845	0.00251	0.00727	0.01097	0.00619	0.00920
41	0.01504	0.01419	0.02398	0.65094	0.10822	0.01733	0.02173	0.02016	0.01569	0.02029	0.01385	0.02054	0.01051	0.00768	0.00775	0.00256	0.01024	0.00689	0.00348	0.00893
42	0.02896	0.03695	0.02197	0.01998	0.02397	0.69638	0.01498	0.03096	0.02197	0.01898	0.01199	0.01398	0.00999	0.00799	0.00699	0.00200	0.01398	0.00499	0.00400	0.00899
43	0.02049	0.70066	0.07007	0.01367	0.02052	0.03010	0.01397	0.02328	0.01578	0.01853	0.01092	0.01262	0.00994	0.00667	0.00508	0.00169	0.00844	0.00422	0.00331	0.01002
44	0.02003	0.01703	0.01795	0.01593	0.02045	0.01963	0.01245	0.08587	0.61925	0.03363	0.03061	0.02818	0.02290	0.01043	0.00788	0.00261	0.00631	0.00864	0.00788	0.01234
45	0.01158	0.00807	0.00946	0.00928	0.00933	0.00850	0.00558	0.01179	0.01136	0.01536	0.02350	0.04804	0.02683	0.66047	0.06608	0.00750	0.04678	0.01091	0.00460	0.00500
46	0.02947	0.02172	0.02327	0.01784	0.02404	0.02404	0.01474	0.65329	0.03646	0.04887	0.01862	0.01862	0.01319	0.00931	0.00776	0.00233	0.00853	0.00698	0.00776	0.01319
47	0.01041	0.00944	0.04651	0.01272	0.01429	0.00781	0.04938	0.01261	0.01553	0.02098	0.07420	0.60472	0.04782	0.02182	0.00968	0.00304	0.00536	0.01994	0.00686	0.00689
48	0.01445	0.00723	0.00723	0.00723	0.00903	0.00723	0.00542	0.01807	0.01626	0.02891	0.02529	0.02891	0.01987	0.00903	0.00542	0.00181	0.00361	0.00723	0.77055	0.00723
49	0.02147	0.01702	0.02014	0.02057	0.12000	0.01883	0.01413	0.08716	0.45971	0.09087	0.02787	0.02641	0.02071	0.00979	0.00784	0.00254	0.00683	0.00826	0.00742	0.01243

[dist]
# distance from previous block
# <min> <max>
0	27

[block]
# block no. 5 follows, 25 sequences, length 10
# corresponding to MSA columns:
# 243-252
name=unknown_F
#
# <colnr> <probs for GDERKNQSTAVLIFYWHMCP>
#	G	D	E	R	K	N	Q	S	T	A	V	L	I	F	Y	W	H	M	C	P
0	0.01511	0.03703	0.62264	0.02092	0.03146	0.01699	0.02661	0.02361	0.01690	0.02518	0.07710	0.02034	0.01588	0.00818	0.00754	0.00245	0.01071	0.00652	0.00378	0.01106
1	0.01445	0.00723	0.00723	0.00723	0.00903	0.00723	0.00542	0.01807	0.01626	0.02891	0.02529	0.02891	0.01987	0.00903	0.00542	0.00181	0.00361	0.00723	0.77055	0.00723
2	0.01673	0.06523	0.02339	0.01847	0.01968	0.02196	0.01546	0.01872	0.01258	0.01922	0.01130	0.01751	0.01093	0.01546	0.06901	0.00369	0.54888	0.00650	0.00356	0.08172
3	0.02140	0.04179	0.07204	0.01524	0.02093	0.05124	0.01304	0.16409	0.16427	0.08669	0.04335	0.07238	0.01978	0.00983	0.00740	0.00219	0.00731	0.00796	0.00657	0.17252
4	0.03033	0.02035	0.02242	0.01719	0.02336	0.02201	0.01420	0.55441	0.03416	0.15098	0.02054	0.01986	0.01415	0.00935	0.00776	0.00234	0.00822	0.00711	0.00805	0.01319
5	0.01445	0.00723	0.00723	0.00723	0.00903	0.00723	0.00542	0.01807	0.01626	0.02891	0.02529	0.02891	0.01987	0.00903	0.00542	0.00181	0.00361	0.00723	0.77055	0.00723
6	0.01820	0.01939	0.09014	0.03745	0.46720	0.01762	0.02124	0.02571	0.11346	0.02677	0.06969	0.02345	0.01858	0.00820	0.00780	0.00238	0.00853	0.00764	0.00476	0.01181
7	0.07915	0.01589	0.01774	0.01826	0.09512	0.01782	0.01269	0.03486	0.47658	0.03071	0.03241	0.03085	0.08320	0.01070	0.00774	0.00257	0.00627	0.00891	0.00711	0.01142
8	0.01445	0.00723	0.00723	0.00723	0.00903	0.00723	0.00542	0.01807	0.01626	0.02891	0.02529	0.02891	0.01987	0.00903	0.00542	0.00181	0.00361	0.00723	0.77055	0.00723
9	0.02179	0.06551	0.02107	0.01783	0.05468	0.05168	0.01353	0.15718	0.43863	0.03371	0.02594	0.02468	0.01954	0.00973	0.00762	0.00246	0.00725	0.00785	0.00718	0.01215

[dist]
# distance from previous block
# <min> <max>
0	1

[block]
# block no. 6 follows, 25 sequences, length 17
# corresponding to MSA columns:
# 254-270
name=unknown_G
#
# <colnr> <probs for GDERKNQSTAVLIFYWHMCP>
#	G	D	E	R	K	N	Q	S	T	A	V	L	I	F	Y	W	H	M	C	P
0	0.78228	0.01499	0.01140	0.01020	0.01499	0.01739	0.00840	0.02279	0.01320	0.03479	0.01080	0.01260	0.00840	0.00720	0.00480	0.00240	0.00600	0.00420	0.00480	0.00840
1	0.11529	0.01344	0.01610	0.01271	0.01822	0.01212	0.01023	0.06941	0.01969	0.32091	0.02434	0.09630	0.01894	0.00986	0.00713	0.00215	0.00621	0.00801	0.00734	0.21161
2	0.01929	0.01666	0.01753	0.01578	0.02016	0.01929	0.01227	0.04120	0.66513	0.03243	0.03156	0.02893	0.02367	0.01052	0.00789	0.00263	0.00614	0.00877	0.00789	0.01227
3	0.02821	0.03083	0.02203	0.01923	0.02327	0.47679	0.01488	0.11728	0.02294	0.07515	0.01417	0.01592	0.01118	0.00890	0.00914	0.00222	0.08744	0.00568	0.00489	0.00985
4	0.01735	0.02320	0.16833	0.10655	0.08856	0.01925	0.31181	0.02459	0.05584	0.02418	0.01551	0.01998	0.01183	0.00770	0.00981	0.00262	0.07063	0.00780	0.00392	0.01054
5	0.01961	0.56458	0.13959	0.01523	0.02206	0.02813	0.01597	0.02304	0.01552	0.01926	0.01122	0.01343	0.00995	0.00733	0.00707	0.00193	0.06810	0.00461	0.00332	0.01006
6	0.01445	0.00723	0.00723	0.00723	0.00903	0.00723	0.00542	0.01807	0.01626	0.02891	0.02529	0.02891	0.01987	0.00903	0.00542	0.00181	0.00361	0.00723	0.77055	0.00723
7	0.06409	0.31492	0.20435	0.02280	0.15983	0.02362	0.01927	0.06572	0.01754	0.02436	0.01291	0.01528	0.01052	0.00709	0.00633	0.00209	0.00919	0.00532	0.00380	0.01095
8	0.01686	0.13819	0.49316	0.02467	0.12945	0.01993	0.02566	0.02424	0.01647	0.02375	0.01356	0.01622	0.01021	0.00719	0.00706	0.00232	0.01065	0.00568	0.00337	0.01136
9	0.01421	0.00725	0.00732	0.00732	0.00899	0.00725	0.00536	0.01755	0.01588	0.02784	0.02523	0.03058	0.02051	0.06418	0.00803	0.00225	0.00391	0.00754	0.71176	0.00703
10	0.01815	0.01736	0.02960	0.19845	0.53639	0.01815	0.02328	0.02289	0.01716	0.02407	0.01440	0.01953	0.01184	0.00710	0.00769	0.00237	0.00947	0.00690	0.00375	0.01144
11	0.01824	0.13126	0.33019	0.01783	0.02638	0.07061	0.01963	0.05001	0.06124	0.02487	0.01467	0.01650	0.01127	0.00726	0.00670	0.00204	0.00952	0.00546	0.00410	0.17222
12	0.78228	0.01499	0.01140	0.01020	0.01499	0.01739	0.00840	0.02279	0.01320	0.03479	0.01080	0.01260	0.00840	0.00720	0.00480	0.00240	0.00600	0.00420	0.00480	0.00840
13	0.01347	0.00673	0.01010	0.01010	0.01010	0.00673	0.00673	0.01010	0.01010	0.01347	0.01347	0.02357	0.01347	0.02694	0.03030	0.77441	0.00673	0.00673	0.00337	0.00337
14	0.06814	0.03731	0.60184	0.02104	0.03173	0.01833	0.02645	0.06219	0.01736	0.02671	0.01399	0.01625	0.00993	0.00747	0.00722	0.00244	0.01091	0.00570	0.00365	0.01136
15	0.01709	0.12640	0.43599	0.02616	0.14235	0.01989	0.07815	0.02427	0.01667	0.02388	0.01376	0.01671	0.01042	0.00712	0.00725	0.00234	0.01079	0.00601	0.00343	0.01132
16	0.02114	0.65802	0.03846	0.01378	0.02015	0.06900	0.01332	0.02451	0.04659	0.01895	0.01182	0.01330	0.01060	0.00690	0.00523	0.00172	0.00852	0.00441	0.00357	0.01000

[dist]
# distance from previous block
# <min> <max>
0	3

[block]
# block no. 7 follows, 25 sequences, length 70
# corresponding to MSA columns:
# 274-343
name=unknown_H
#
# <colnr> <probs for GDERKNQSTAVLIFYWHMCP>
#	G	D	E	R	K	N	Q	S	T	A	V	L	I	F	Y	W	H	M	C	P
0	0.26895	0.02965	0.40642	0.01858	0.04828	0.01746	0.02088	0.02467	0.01569	0.06407	0.01382	0.01577	0.00995	0.00742	0.00656	0.00243	0.00932	0.00538	0.00414	0.01057
1	0.03224	0.01384	0.01848	0.01541	0.04664	0.01266	0.01201	0.03764	0.10150	0.57709	0.03006	0.02641	0.01947	0.00960	0.00780	0.00242	0.00665	0.00788	0.00915	0.01304
2	0.01445	0.00723	0.00723	0.00723	0.00903	0.00723	0.00542	0.01807	0.01626	0.02891	0.02529	0.02891	0.01987	0.00903	0.00542	0.00181	0.00361	0.00723	0.77055	0.00723
3	0.01340	0.01260	0.01159	0.01108	0.01334	0.12052	0.00824	0.01622	0.02043	0.02591	0.38083	0.10468	0.19988	0.01607	0.00885	0.00246	0.00548	0.01368	0.00738	0.00734
4	0.02073	0.73217	0.04063	0.01327	0.01990	0.03068	0.01327	0.02322	0.01575	0.01824	0.01078	0.01244	0.00995	0.00663	0.00498	0.00166	0.00829	0.00415	0.00332	0.00995
5	0.01065	0.00791	0.00991	0.00941	0.01138	0.00718	0.00706	0.01400	0.02117	0.02925	0.56690	0.06095	0.18245	0.01654	0.00915	0.00247	0.00371	0.01445	0.00829	0.00718
6	0.02588	0.29734	0.02896	0.01746	0.02245	0.44705	0.01434	0.02806	0.01964	0.01870	0.01153	0.01340	0.00997	0.00748	0.00624	0.00187	0.01185	0.00468	0.00374	0.00935
7	0.01555	0.04011	0.68733	0.02210	0.03356	0.01801	0.02865	0.02455	0.01637	0.02455	0.01391	0.01637	0.00982	0.00737	0.00737	0.00246	0.01146	0.00573	0.00327	0.01146
8	0.01445	0.00723	0.00723	0.00723	0.00903	0.00723	0.00542	0.01807	0.01626	0.02891	0.02529	0.02891	0.01987	0.00903	0.00542	0.00181	0.00361	0.00723	0.77055	0.00723
9	0.02825	0.01974	0.02113	0.01676	0.02241	0.04574	0.01363	0.42943	0.11593	0.14532	0.02282	0.04555	0.01673	0.00999	0.00783	0.00239	0.00797	0.00780	0.00791	0.01267
10	0.08939	0.02231	0.06009	0.07070	0.36196	0.14287	0.01978	0.05389	0.03869	0.04669	0.01490	0.01808	0.01189	0.00751	0.00730	0.00229	0.00977	0.00634	0.00438	0.01116
11	0.01935	0.54788	0.21284	0.01562	0.02354	0.02731	0.01736	0.02357	0.01592	0.01992	0.01161	0.01348	0.00992	0.00683	0.00561	0.00187	0.00914	0.00457	0.00331	0.01035
12	0.01857	0.01532	0.01740	0.01284	0.01946	0.01324	0.01033	0.12906	0.06071	0.02975	0.01573	0.01733	0.01255	0.00665	0.00622	0.00144	0.00624	0.00527	0.00534	0.59656
13	0.02318	0.01717	0.01914	0.01460	0.02057	0.01701	0.01180	0.32051	0.05118	0.07158	0.03641	0.02103	0.01562	0.04029	0.00849	0.00215	0.00714	0.00661	0.00660	0.28892
14	0.01556	0.01319	0.01541	0.01159	0.01768	0.01038	0.00913	0.01981	0.04967	0.02544	0.04140	0.07108	0.01737	0.00775	0.00629	0.00142	0.00559	0.00646	0.00510	0.64967
15	0.01445	0.00723	0.00723	0.00723	0.00903	0.00723	0.00542	0.01807	0.01626	0.02891	0.02529	0.02891	0.01987	0.00903	0.00542	0.00181	0.00361	0.00723	0.77055	0.00723
16	0.01901	0.02109	0.09284	0.06989	0.54141	0.04475	0.05012	0.02403	0.01764	0.02477	0.01443	0.01885	0.01186	0.00701	0.00769	0.00233	0.00981	0.00682	0.00378	0.01185
17	0.05822	0.13334	0.56193	0.02024	0.03068	0.01971	0.02544	0.02428	0.01611	0.02425	0.01332	0.01563	0.00976	0.00726	0.00690	0.00234	0.01073	0.00543	0.00336	0.01109
18	0.05177	0.47695	0.06467	0.04380	0.07926	0.12966	0.01526	0.02437	0.01679	0.01997	0.01155	0.01375	0.01010	0.00696	0.00572	0.00187	0.00937	0.00469	0.00353	0.00996
19	0.01762	0.02570	0.20574	0.03004	0.03879	0.01921	0.49580	0.02477	0.01782	0.02477	0.01524	0.01978	0.01128	0.00674	0.00871	0.00257	0.01267	0.00830	0.00376	0.01071
