[name]
unknown

[dist]
# distance from previous block
# <min> <max>
0	43

[block]
# block no. 0 follows, 25 sequences, length 49
# corresponding to MSA columns:
# 56-75,77-105
name=unknown_A
#
# <colnr> <probs for GDERKNQSTAVLIFYWHMCP>
#	G	D	E	R	K	N	Q	S	T	A	V	L	I	F	Y	W	H	M	C	P
0	0.01995	0.04902	0.07333	0.04981	0.02313	0.09323	0.03793	0.11103	0.16484	0.05176	0.05202	0.02706	0.01977	0.01527	0.08234	0.00354	0.04450	0.04038	0.00585	0.03525
1	0.02456	0.24298	0.02702	0.01565	0.02148	0.06363	0.01344	0.27135	0.09781	0.06353	0.01770	0.01832	0.01364	0.01036	0.03437	0.00250	0.00880	0.00618	0.00598	0.04069
2	0.07882	0.11991	0.14524	0.08412	0.06325	0.04593	0.04222	0.09497	0.01814	0.02543	0.01889	0.05803	0.04518	0.01336	0.05855	0.03168	0.00976	0.00739	0.00454	0.03458
3	0.05611	0.09587	0.06890	0.04781	0.02140	0.01834	0.01323	0.21782	0.09876	0.03271	0.09766	0.03059	0.06336	0.03801	0.00879	0.00254	0.00736	0.03246	0.00639	0.04187
4	0.01835	0.10608	0.02179	0.06113	0.02139	0.04621	0.03665	0.15758	0.02065	0.02722	0.09011	0.03208	0.09157	0.01645	0.07720	0.00350	0.11910	0.03811	0.00558	0.00926
5	0.08130	0.01447	0.05596	0.01370	0.01896	0.01245	0.01175	0.07608	0.02111	0.41483	0.07710	0.03051	0.02310	0.05027	0.03652	0.00311	0.00738	0.03195	0.00810	0.01136
6	0.02566	0.01484	0.03975	0.04792	0.04252	0.01371	0.01257	0.08392	0.11519	0.33345	0.11090	0.02870	0.02492	0.01002	0.00783	0.00236	0.00667	0.00833	0.00804	0.06270
7	0.01578	0.01344	0.01574	0.01138	0.01797	0.01016	0.00908	0.01923	0.01643	0.02561	0.05288	0.01855	0.01513	0.00634	0.00594	0.00122	0.00562	0.00515	0.00483	0.72953
8	0.01445	0.00723	0.00723	0.00723	0.00903	0.00723	0.00542	0.01807	0.01626	0.02891	0.02529	0.02891	0.01987	0.00903	0.00542	0.00181	0.00361	0.00723	0.77055	0.00723
9	0.02133	0.09828	0.02183	0.01635	0.03958	0.09281	0.03136	0.19648	0.02210	0.05309	0.02095	0.10003	0.03707	0.03571	0.03635	0.00278	0.04238	0.00836	0.00571	0.11744
10	0.01467	0.01487	0.02880	0.04278	0.02788	0.01422	0.33267	0.01907	0.01704	0.02310	0.06138	0.18477	0.07289	0.01472	0.04335	0.00318	0.02992	0.01249	0.00515	0.03703
11	0.06046	0.19213	0.23081	0.12326	0.03097	0.02076	0.07478	0.06862	0.01806	0.08886	0.01510	0.01743	0.01117	0.00752	0.00695	0.00228	0.00972	0.00604	0.00438	0.01071
12	0.13946	0.31084	0.18945	0.01491	0.02210	0.02240	0.01570	0.04705	0.05477	0.02485	0.01654	0.01785	0.04336	0.00783	0.00605	0.00208	0.00825	0.00554	0.00423	0.04677
13	0.01404	0.01124	0.01207	0.01119	0.01447	0.01143	0.00859	0.02346	0.25176	0.05182	0.14037	0.05405	0.33435	0.01546	0.00865	0.00259	0.00479	0.01298	0.00772	0.00897
14	0.01193	0.00780	0.01136	0.01149	0.01235	0.00853	0.00852	0.01262	0.01203	0.01672	0.02040	0.03452	0.02030	0.11064	0.38026	0.24281	0.01422	0.05368	0.00419	0.00564
15	0.22729	0.13363	0.09647	0.06876	0.05996	0.04846	0.06417	0.12605	0.01938	0.06788	0.01438	0.01639	0.01087	0.00761	0.00655	0.00228	0.00876	0.00577	0.00490	0.01043
16	0.01110	0.00749	0.00846	0.00856	0.00868	0.00742	0.00488	0.01124	0.01170	0.01551	0.02741	0.08732	0.05340	0.66394	0.03677	0.00710	0.00722	0.01204	0.00492	0.00485
17	0.05701	0.01296	0.01605	0.01318	0.01790	0.01234	0.01046	0.06850	0.09416	0.41096	0.03226	0.08445	0.05699	0.06390	0.01025	0.00287	0.00640	0.00954	0.00843	0.01139
18	0.07696	0.01899	0.07905	0.22642	0.16701	0.01852	0.19808	0.02358	0.04738	0.02441	0.01498	0.01977	0.01156	0.00749	0.00845	0.00254	0.03330	0.00732	0.00396	0.01022
19	0.01992	0.01696	0.02208	0.17068	0.16095	0.04291	0.01688	0.19521	0.08480	0.03033	0.02188	0.09508	0.01948	0.01097	0.00816	0.00257	0.00852	0.05618	0.00581	0.01063
20	0.01116	0.00797	0.01074	0.01074	0.01154	0.00876	0.00755	0.01274	0.01195	0.01673	0.02234	0.03915	0.02316	0.34505	0.41505	0.01034	0.01509	0.00958	0.00439	0.00597
21	0.02651	0.01601	0.01867	0.01483	0.02012	0.01638	0.01207	0.29799	0.04591	0.23487	0.02799	0.04656	0.06906	0.01442	0.06304	0.00316	0.00824	0.00844	0.00782	0.04790
22	0.01608	0.01378	0.01608	0.01148	0.01837	0.01034	0.00919	0.01952	0.01608	0.02527	0.01378	0.01608	0.01148	0.00574	0.00574	0.00115	0.00574	0.00459	0.00459	0.77491
23	0.01282	0.00878	0.01093	0.01000	0.01268	0.00776	0.00771	0.01606	0.02044	0.07714	0.42238	0.05741	0.19029	0.01570	0.00887	0.00243	0.00425	0.04251	0.00798	0.06386
24	0.01933	0.00981	0.01304	0.01128	0.01460	0.00878	0.00890	0.02269	0.02172	0.26001	0.40267	0.04858	0.07503	0.01400	0.00873	0.00247	0.00483	0.03535	0.00881	0.00935
25	0.01110	0.00823	0.01207	0.01207	0.01332	0.00948	0.00921	0.01360	0.01235	0.01771	0.02112	0.03242	0.02023	0.12283	0.63327	0.01198	0.01949	0.00859	0.00421	0.00671
26	0.04981	0.01489	0.01573	0.01308	0.01724	0.01580	0.01046	0.32795	0.02612	0.03567	0.03558	0.03877	0.18496	0.06496	0.01020	0.00278	0.00663	0.03396	0.08558	0.00984
27	0.00971	0.00710	0.00916	0.01047	0.01139	0.00655	0.00727	0.01148	0.01611	0.02134	0.11799	0.54321	0.12916	0.02266	0.00976	0.00302	0.00444	0.04536	0.00735	0.00648
28	0.01070	0.00787	0.01001	0.00957	0.01144	0.00718	0.00714	0.01406	0.02116	0.02943	0.57876	0.08558	0.14497	0.01663	0.00918	0.00249	0.00372	0.01461	0.00832	0.00718
29	0.01128	0.00752	0.00846	0.00846	0.00846	0.00752	0.00470	0.01128	0.01128	0.01503	0.02443	0.05074	0.02819	0.72751	0.03946	0.00752	0.00752	0.01128	0.00470	0.00470
30	0.01015	0.00767	0.00918	0.00923	0.01094	0.00691	0.00665	0.01260	0.01857	0.02471	0.32694	0.17801	0.25882	0.07070	0.01150	0.00299	0.00417	0.01596	0.00760	0.00670
31	0.00961	0.00693	0.00912	0.01074	0.01140	0.00645	0.00733	0.01116	0.01537	0.02042	0.06927	0.64109	0.08255	0.02363	0.00986	0.00311	0.00453	0.04380	0.00725	0.00638
32	0.03479	0.01320	0.01799	0.01380	0.01979	0.01140	0.01140	0.03779	0.02219	0.68451	0.03059	0.02639	0.01919	0.00960	0.00780	0.00240	0.00660	0.00780	0.00960	0.01320
33	0.01140	0.00770	0.01000	0.01010	0.01144	0.00716	0.00714	0.01389	0.01850	0.04992	0.37584	0.27030	0.05917	0.09640	0.01266	0.00322	0.00446	0.01608	0.00772	0.00692
34	0.01055	0.00770	0.00991	0.00979	0.01143	0.00707	0.00718	0.01365	0.02030	0.02820	0.51090	0.18138	0.11760	0.01771	0.00928	0.00258	0.00383	0.01568	0.00818	0.00707
35	0.78228	0.01499	0.01140	0.01020	0.01499	0.01739	0.00840	0.02279	0.01320	0.03479	0.01080	0.01260	0.00840	0.00720	0.00480	0.00240	0.00600	0.00420	0.00480	0.00840
36	0.02896	0.03695	0.02197	0.01998	0.02397	0.69638	0.01498	0.03096	0.02197	0.01898	0.01199	0.01398	0.00999	0.00799	0.00699	0.00200	0.01398	0.00499	0.00400	0.00899
37	0.01086	0.00826	0.01003	0.00953	0.01165	0.00760	0.00716	0.01483	0.04665	0.02864	0.50195	0.06088	0.22007	0.01657	0.00910	0.00249	0.00382	0.01439	0.00818	0.00732
38	0.00959	0.00685	0.00916	0.01096	0.01148	0.00642	0.00745	0.01105	0.01499	0.01996	0.04265	0.69206	0.05096	0.02415	0.00994	0.00317	0.00462	0.05099	0.00719	0.00634
39	0.01097	0.00793	0.01036	0.00975	0.01158	0.00732	0.00732	0.01463	0.02195	0.03109	0.67505	0.05792	0.07316	0.01585	0.00914	0.00244	0.00366	0.01402	0.00854	0.00732
40	0.00956	0.00683	0.00910	0.01072	0.01127	0.00637	0.00721	0.01108	0.01537	0.02062	0.08909	0.67373	0.05289	0.02367	0.00984	0.00310	0.00444	0.02145	0.00730	0.00637
41	0.01452	0.00826	0.00892	0.00872	0.01041	0.00883	0.00663	0.01854	0.03992	0.02775	0.02545	0.06903	0.02116	0.01032	0.00724	0.00203	0.05579	0.00813	0.64090	0.00745
42	0.01097	0.00793	0.01036	0.00975	0.01158	0.00732	0.00732	0.01463	0.02195	0.03109	0.67505	0.05792	0.07316	0.01585	0.00914	0.00244	0.00366	0.01402	0.00854	0.00732
43	0.00963	0.00777	0.00857	0.00859	0.01082	0.00671	0.00636	0.01195	0.01844	0.02330	0.21987	0.13159	0.47092	0.01916	0.00923	0.00262	0.00392	0.01633	0.00752	0.00671
44	0.01484	0.01381	0.02256	0.62742	0.04933	0.01717	0.02059	0.02063	0.04616	0.02051	0.01563	0.02369	0.01237	0.00861	0.00840	0.00265	0.03065	0.03243	0.00381	0.00872
45	0.01464	0.01378	0.02326	0.70887	0.05340	0.01723	0.02153	0.01981	0.01550	0.01981	0.01378	0.02067	0.01034	0.00775	0.00775	0.00258	0.01034	0.00689	0.00345	0.00861
46	0.01108	0.00831	0.01246	0.01246	0.01385	0.00969	0.00969	0.01385	0.01246	0.01800	0.02077	0.03046	0.01938	0.05815	0.69678	0.01246	0.02077	0.00831	0.00415	0.00692
47	0.01513	0.01428	0.02413	0.63839	0.12010	0.01735	0.02177	0.02024	0.01573	0.02040	0.01387	0.02051	0.01054	0.00766	0.00774	0.00255	0.01022	0.00689	0.00349	0.00900
48	0.02162	0.02369	0.02527	0.13263	0.03017	0.25370	0.13618	0.09200	0.04724	0.02415	0.02136	0.02398	0.08092	0.00940	0.00875	0.00240	0.04453	0.00773	0.00476	0.00951

[dist]
# distance from previous block
# <min> <max>
1	2

[block]
# block no. 1 follows, 25 sequences, length 16
# corresponding to MSA columns:
# 114-129
name=unknown_B
#
# <colnr> <probs for GDERKNQSTAVLIFYWHMCP>
#	G	D	E	R	K	N	Q	S	T	A	V	L	I	F	Y	W	H	M	C	P
0	0.04978	0.01855	0.02381	0.32802	0.03748	0.06791	0.05397	0.21538	0.04691	0.02992	0.01565	0.01943	0.01169	0.00851	0.00843	0.00249	0.03988	0.00688	0.00505	0.01027
1	0.46941	0.04585	0.04972	0.05339	0.01998	0.01964	0.01244	0.06725	0.01501	0.03069	0.01156	0.01451	0.00933	0.00859	0.00927	0.00257	0.14219	0.00512	0.00453	0.00898
2	0.55850	0.01616	0.01490	0.08417	0.02071	0.01865	0.01097	0.14317	0.01789	0.03593	0.01260	0.01459	0.00951	0.00766	0.00567	0.00240	0.00693	0.00501	0.00522	0.00934
3	0.13106	0.01378	0.01623	0.01244	0.01844	0.01219	0.01014	0.05381	0.01928	0.31788	0.02364	0.02265	0.04185	0.00836	0.00674	0.00198	0.00620	0.00653	0.00706	0.26975
4	0.09415	0.00803	0.00766	0.00753	0.00965	0.00828	0.00573	0.01856	0.01594	0.02952	0.02379	0.02721	0.01868	0.00884	0.00536	0.00187	0.00386	0.00691	0.69107	0.00735
5	0.11005	0.01710	0.01961	0.01519	0.02115	0.01754	0.01254	0.30479	0.02748	0.33972	0.02331	0.02157	0.01545	0.00922	0.00747	0.00237	0.00738	0.00707	0.00830	0.01269
6	0.01125	0.00764	0.00906	0.00906	0.00927	0.00784	0.00545	0.01166	0.01145	0.01548	0.02388	0.04769	0.02686	0.62686	0.13830	0.00826	0.00951	0.01083	0.00462	0.00503
7	0.02947	0.02172	0.02327	0.01784	0.02404	0.02404	0.01474	0.65329	0.03646	0.04887	0.01862	0.01862	0.01319	0.00931	0.00776	0.00233	0.00853	0.00698	0.00776	0.01319
8	0.00945	0.00675	0.00900	0.01080	0.01125	0.00630	0.00720	0.01080	0.01484	0.01979	0.04274	0.72245	0.05128	0.02429	0.00990	0.00315	0.00450	0.02204	0.00720	0.00630
9	0.01929	0.01666	0.01753	0.01578	0.02016	0.01929	0.01227	0.04120	0.66513	0.03243	0.03156	0.02893	0.02367	0.01052	0.00789	0.00263	0.00614	0.00877	0.00789	0.01227
10	0.02053	0.69511	0.03976	0.01363	0.01992	0.03032	0.01346	0.02298	0.01555	0.01826	0.01075	0.01267	0.00996	0.00699	0.00604	0.00175	0.04483	0.00428	0.00332	0.00987
11	0.01929	0.01666	0.01753	0.01578	0.02016	0.01929	0.01227	0.04120	0.66513	0.03243	0.03156	0.02893	0.02367	0.01052	0.00789	0.00263	0.00614	0.00877	0.00789	0.01227
12	0.01128	0.00752	0.00846	0.00846	0.00846	0.00752	0.00470	0.01128	0.01128	0.01503	0.02443	0.05074	0.02819	0.72751	0.03946	0.00752	0.00752	0.01128	0.00470	0.00470
13	0.01280	0.00918	0.01135	0.01291	0.01367	0.00828	0.00859	0.01321	0.01671	0.02261	0.04430	0.69014	0.05215	0.02549	0.01105	0.00367	0.00562	0.02219	0.00810	0.00798
14	0.01280	0.00918	0.01135	0.01291	0.01367	0.00828	0.00859	0.01321	0.01671	0.02261	0.04430	0.69014	0.05215	0.02549	0.01105	0.00367	0.00562	0.02219	0.00810	0.00798
15	0.01993	0.01887	0.02534	0.02198	0.02231	0.02483	0.01785	0.02067	0.01389	0.02154	0.01343	0.02121	0.01317	0.01532	0.02579	0.00390	0.67771	0.00773	0.00449	0.01005

[dist]
# distance from previous block
# <min> <max>
0	23

[block]
# block no. 2 follows, 25 sequences, length 38
# corresponding to MSA columns:
# 153-190
name=unknown_C
#
# <colnr> <probs for GDERKNQSTAVLIFYWHMCP>
#	G	D	E	R	K	N	Q	S	T	A	V	L	I	F	Y	W	H	M	C	P
0	0.01091	0.00781	0.01002	0.01172	0.01230	0.00716	0.00780	0.01185	0.01566	0.02102	0.04342	0.70838	0.05166	0.02481	0.01040	0.00338	0.00499	0.02211	0.00759	0.00703
1	0.03542	0.01452	0.01907	0.01484	0.02086	0.01275	0.01207	0.06779	0.02352	0.64021	0.03097	0.02765	0.02001	0.01043	0.00834	0.00264	0.00713	0.00814	0.00985	0.01377
2	0.01118	0.00891	0.00967	0.00942	0.01188	0.00764	0.00696	0.01324	0.01972	0.02524	0.26018	0.07008	0.47859	0.01911	0.00968	0.00280	0.00435	0.01584	0.00800	0.00751
3	0.02990	0.02103	0.02284	0.01751	0.02370	0.02302	0.01447	0.60363	0.03530	0.10015	0.01958	0.01924	0.01367	0.00933	0.00776	0.00233	0.00838	0.00705	0.00790	0.01319
4	0.02073	0.73217	0.04063	0.01327	0.01990	0.03068	0.01327	0.02322	0.01575	0.01824	0.01078	0.01244	0.00995	0.00663	0.00498	0.00166	0.00829	0.00415	0.00332	0.00995
5	0.00960	0.00681	0.00895	0.01060	0.01101	0.00640	0.00699	0.01084	0.01454	0.01939	0.04119	0.66576	0.04933	0.08364	0.01239	0.00352	0.00475	0.02113	0.00699	0.00616
6	0.00945	0.00675	0.00900	0.01080	0.01125	0.00630	0.00720	0.01080	0.01484	0.01979	0.04274	0.72245	0.05128	0.02429	0.00990	0.00315	0.00450	0.02204	0.00720	0.00630
7	0.00945	0.00675	0.00900	0.01080	0.01125	0.00630	0.00720	0.01080	0.01484	0.01979	0.04274	0.72245	0.05128	0.02429	0.00990	0.00315	0.00450	0.02204	0.00720	0.00630
8	0.03479	0.01320	0.01799	0.01380	0.01979	0.01140	0.01140	0.03779	0.02219	0.68451	0.03059	0.02639	0.01919	0.00960	0.00780	0.00240	0.00660	0.00780	0.00960	0.01320
9	0.01189	0.00775	0.00948	0.00984	0.01060	0.00746	0.00651	0.01300	0.01422	0.04860	0.07920	0.21993	0.06324	0.38354	0.02496	0.00532	0.00628	0.06613	0.00611	0.00594
10	0.01867	0.01578	0.01677	0.01514	0.01934	0.01790	0.01189	0.07562	0.53319	0.03195	0.03536	0.03552	0.08085	0.01185	0.00815	0.00266	0.00615	0.04390	0.00778	0.01155
11	0.00945	0.00675	0.00900	0.01080	0.01125	0.00630	0.00720	0.01080	0.01484	0.01979	0.04274	0.72245	0.05128	0.02429	0.00990	0.00315	0.00450	0.02204	0.00720	0.00630
12	0.01608	0.01378	0.01608	0.01148	0.01837	0.01034	0.00919	0.01952	0.01608	0.02527	0.01378	0.01608	0.01148	0.00574	0.00574	0.00115	0.00574	0.00459	0.00459	0.77491
13	0.01021	0.00707	0.00877	0.00982	0.01008	0.00681	0.00615	0.01100	0.01335	0.01780	0.03507	0.44109	0.04161	0.31885	0.02228	0.00498	0.00576	0.01753	0.00615	0.00563
14	0.01124	0.00765	0.00912	0.00912	0.00935	0.00788	0.00552	0.01170	0.01147	0.01552	0.02383	0.04739	0.02674	0.61702	0.14797	0.00833	0.00970	0.01079	0.00461	0.00507
15	0.03454	0.01360	0.01824	0.01399	0.01999	0.01200	0.01155	0.06698	0.02287	0.65436	0.03002	0.02602	0.01891	0.00958	0.00780	0.00240	0.00669	0.00776	0.00951	0.01319
16	0.01231	0.00859	0.01050	0.00980	0.01204	0.00796	0.00734	0.01625	0.05100	0.06382	0.45134	0.05783	0.18828	0.05584	0.01071	0.00277	0.00421	0.01376	0.00808	0.00757
17	0.01799	0.02306	0.11746	0.03150	0.03974	0.01943	0.58142	0.02481	0.01808	0.02481	0.01549	0.02041	0.01155	0.00663	0.00895	0.00260	0.01289	0.00877	0.00385	0.01057
18	0.01439	0.00773	0.01101	0.01067	0.01111	0.00793	0.00734	0.05063	0.01184	0.01585	0.01405	0.02351	0.01366	0.02696	0.05296	0.69840	0.00735	0.00681	0.00367	0.00411
19	0.02709	0.01255	0.01583	0.01287	0.01788	0.01152	0.01038	0.03265	0.11414	0.44780	0.06111	0.03659	0.14108	0.01177	0.00810	0.00247	0.00595	0.00970	0.00888	0.01166
20	0.01949	0.06370	0.02557	0.02474	0.15494	0.07396	0.01734	0.08403	0.01656	0.02300	0.01269	0.01782	0.01139	0.01342	0.05491	0.00336	0.36268	0.00661	0.00400	0.00977
21	0.21467	0.02423	0.22119	0.02361	0.07040	0.01818	0.22286	0.02350	0.01606	0.02700	0.01456	0.04039	0.01162	0.00778	0.00795	0.00253	0.03221	0.00708	0.00405	0.01013
22	0.01347	0.00673	0.01010	0.01010	0.01010	0.00673	0.00673	0.01010	0.01010	0.01347	0.01347	0.02357	0.01347	0.02694	0.03030	0.77441	0.00673	0.00673	0.00337	0.00337
23	0.01103	0.00795	0.01050	0.01037	0.01208	0.00742	0.00791	0.01449	0.02089	0.02926	0.54968	0.11499	0.06805	0.01719	0.00939	0.00263	0.00413	0.08656	0.00826	0.00721
24	0.01128	0.00752	0.00846	0.00846	0.00846	0.00752	0.00470	0.01128	0.01128	0.01503	0.02443	0.05074	0.02819	0.72751	0.03946	0.00752	0.00752	0.01128	0.00470	0.00470
25	0.74067	0.01509	0.01173	0.01050	0.01528	0.01750	0.00861	0.02380	0.04875	0.03466	0.01193	0.01349	0.00923	0.00738	0.00497	0.00241	0.00601	0.00445	0.00497	0.00861
26	0.01559	0.07223	0.07584	0.01854	0.12428	0.01381	0.01322	0.04091	0.09581	0.04634	0.20904	0.15437	0.03762	0.01371	0.00896	0.02604	0.00639	0.01150	0.00643	0.00935
27	0.10129	0.01161	0.01440	0.01230	0.01636	0.01107	0.00988	0.02740	0.06194	0.31915	0.19875	0.03964	0.03510	0.04302	0.00946	0.00274	0.00582	0.06153	0.00830	0.01022
28	0.14271	0.01056	0.01218	0.01129	0.01445	0.01046	0.00894	0.02111	0.05958	0.13900	0.24337	0.09209	0.10443	0.01461	0.00835	0.00263	0.00518	0.08274	0.00768	0.00863
29	0.01699	0.00920	0.00923	0.00911	0.01111	0.00881	0.00664	0.01974	0.01773	0.03083	0.02732	0.03188	0.02192	0.01066	0.00656	0.00229	0.00457	0.00798	0.73886	0.00857
30	0.02153	0.01992	0.03244	0.04776	0.65275	0.01953	0.02423	0.02522	0.01906	0.02741	0.01707	0.02258	0.01465	0.00863	0.00872	0.00277	0.00993	0.00767	0.00472	0.01341
31	0.01274	0.00996	0.01096	0.01095	0.01346	0.00863	0.00825	0.01446	0.01998	0.02558	0.19533	0.07393	0.44367	0.02028	0.01034	0.00316	0.00524	0.09674	0.00821	0.00815
32	0.02660	0.01792	0.01991	0.01628	0.02127	0.01833	0.01286	0.33993	0.05924	0.13621	0.14800	0.03552	0.08374	0.01309	0.00918	0.00286	0.00762	0.01002	0.00884	0.01260
33	0.68866	0.01721	0.01422	0.01260	0.01758	0.01911	0.01002	0.07747	0.01675	0.03765	0.01410	0.01677	0.01133	0.00908	0.00621	0.00285	0.00707	0.00531	0.00589	0.01009
34	0.09676	0.01506	0.01901	0.01511	0.02103	0.01329	0.01212	0.03741	0.02268	0.60617	0.03079	0.02836	0.02040	0.01101	0.00859	0.00286	0.00738	0.00823	0.00985	0.01389
35	0.01234	0.00906	0.01096	0.01227	0.01341	0.00813	0.00846	0.01316	0.01703	0.02251	0.04983	0.54914	0.15469	0.02432	0.01077	0.00352	0.00549	0.05922	0.00793	0.00777
36	0.01383	0.00950	0.01037	0.01026	0.01067	0.00904	0.00601	0.01323	0.01331	0.01788	0.02952	0.05412	0.06612	0.65901	0.03746	0.00749	0.00811	0.01214	0.00568	0.00625
37	0.03098	0.02288	0.02437	0.01920	0.02534	0.02473	0.01546	0.60424	0.06144	0.04930	0.02143	0.02243	0.01592	0.01097	0.00880	0.00280	0.00919	0.00781	0.00848	0.01424

[dist]
# distance from previous block
# <min> <max>
0	2

[block]
# block no. 3 follows, 25 sequences, length 60
# corresponding to MSA columns:
# 194-211,216-257
name=unknown_D
#
# <colnr> <probs for GDERKNQSTAVLIFYWHMCP>
#	G	D	E	R	K	N	Q	S	T	A	V	L	I	F	Y	W	H	M	C	P
0	0.01596	0.01333	0.01894	0.37104	0.03548	0.01426	0.01592	0.01869	0.01868	0.02479	0.13349	0.13953	0.11472	0.01517	0.00984	0.00325	0.00851	0.01244	0.00646	0.00951
1	0.01463	0.01086	0.01482	0.01467	0.01633	0.01165	0.01106	0.01630	0.01462	0.02116	0.02371	0.03431	0.02212	0.05754	0.65937	0.01250	0.02108	0.00924	0.00531	0.00871
2	0.08048	0.01891	0.01961	0.01618	0.02104	0.01994	0.01272	0.39433	0.02987	0.04361	0.02303	0.02565	0.01784	0.01122	0.00826	0.00280	0.00795	0.00787	0.22611	0.01259
3	0.76339	0.01603	0.01254	0.01130	0.01614	0.01812	0.00908	0.02371	0.01420	0.03584	0.01246	0.01490	0.00999	0.00827	0.00553	0.00269	0.00654	0.00475	0.00533	0.00921
4	0.00960	0.00787	0.00846	0.00831	0.01074	0.00673	0.00624	0.01197	0.01871	0.02340	0.22280	0.07058	0.53021	0.01872	0.00916	0.00257	0.00386	0.01580	0.00752	0.00673
5	0.00945	0.00675	0.00900	0.01080	0.01125	0.00630	0.00720	0.01080	0.01484	0.01979	0.04274	0.72245	0.05128	0.02429	0.00990	0.00315	0.00450	0.02204	0.00720	0.00630
6	0.01101	0.00741	0.00853	0.00880	0.00886	0.00734	0.00506	0.01121	0.01179	0.01572	0.02708	0.14807	0.03154	0.62561	0.03518	0.00688	0.00708	0.01284	0.00506	0.00493
7	0.00945	0.00675	0.00900	0.01080	0.01125	0.00630	0.00720	0.01080	0.01484	0.01979	0.04274	0.72245	0.05128	0.02429	0.00990	0.00315	0.00450	0.02204	0.00720	0.00630
8	0.03479	0.01320	0.01799	0.01380	0.01979	0.01140	0.01140	0.03779	0.02219	0.68451	0.03059	0.02639	0.01919	0.00960	0.00780	0.00240	0.00660	0.00780	0.00960	0.01320
9	0.01445	0.00723	0.00723	0.00723	0.00903	0.00723	0.00542	0.01807	0.01626	0.02891	0.02529	0.02891	0.01987	0.00903	0.00542	0.00181	0.00361	0.00723	0.77055	0.00723
10	0.00916	0.00785	0.00785	0.00785	0.01047	0.00655	0.00589	0.01113	0.01767	0.02095	0.07855	0.07462	0.67599	0.01964	0.00916	0.00262	0.00393	0.01636	0.00720	0.00655
11	0.02947	0.02172	0.02327	0.01784	0.02404	0.02404	0.01474	0.65329	0.03646	0.04887	0.01862	0.01862	0.01319	0.00931	0.00776	0.00233	0.00853	0.00698	0.00776	0.01319
12	0.01128	0.00752	0.00846	0.00846	0.00846	0.00752	0.00470	0.01128	0.01128	0.01503	0.02443	0.05074	0.02819	0.72751	0.03946	0.00752	0.00752	0.01128	0.00470	0.00470
13	0.02073	0.73217	0.04063	0.01327	0.01990	0.03068	0.01327	0.02322	0.01575	0.01824	0.01078	0.01244	0.00995	0.00663	0.00498	0.00166	0.00829	0.00415	0.00332	0.00995
14	0.01464	0.01378	0.02326	0.70887	0.05340	0.01723	0.02153	0.01981	0.01550	0.01981	0.01378	0.02067	0.01034	0.00775	0.00775	0.00258	0.01034	0.00689	0.00345	0.00861
15	0.01108	0.00831	0.01246	0.01246	0.01385	0.00969	0.00969	0.01385	0.01246	0.01800	0.02077	0.03046	0.01938	0.05815	0.69678	0.01246	0.02077	0.00831	0.00415	0.00692
16	0.00945	0.00675	0.00900	0.01080	0.01125	0.00630	0.00720	0.01080	0.01484	0.01979	0.04274	0.72245	0.05128	0.02429	0.00990	0.00315	0.00450	0.02204	0.00720	0.00630
17	0.03479	0.01320	0.01799	0.01380	0.01979	0.01140	0.01140	0.03779	0.02219	0.68451	0.03059	0.02639	0.01919	0.00960	0.00780	0.00240	0.00660	0.00780	0.00960	0.01320
18	0.00916	0.00785	0.00785	0.00785	0.01047	0.00655	0.00589	0.01113	0.01767	0.02095	0.07855	0.07462	0.67599	0.01964	0.00916	0.00262	0.00393	0.01636	0.00720	0.00655
19	0.01097	0.00793	0.01036	0.00975	0.01158	0.00732	0.00732	0.01463	0.02195	0.03109	0.67505	0.05792	0.07316	0.01585	0.00914	0.00244	0.00366	0.01402	0.00854	0.00732
20	0.01696	0.01696	0.02375	0.02036	0.02036	0.02375	0.01696	0.01866	0.01187	0.01866	0.01018	0.01696	0.01018	0.01357	0.02545	0.00339	0.71332	0.00679	0.00339	0.00848
21	0.03301	0.01280	0.01742	0.01349	0.01918	0.01109	0.01109	0.03605	0.02217	0.63563	0.07880	0.02875	0.02323	0.01006	0.00790	0.00240	0.00638	0.00826	0.00952	0.01276
22	0.01058	0.00791	0.00982	0.00934	0.01134	0.00715	0.00701	0.01387	0.02102	0.02890	0.54617	0.06153	0.20341	0.01667	0.00915	0.00248	0.00372	0.01453	0.00825	0.00715
23	0.04904	0.02193	0.02427	0.06181	0.02649	0.09319	0.06884	0.39747	0.07714	0.03866	0.01766	0.01895	0.01304	0.00909	0.00864	0.00241	0.04614	0.00699	0.00646	0.01177
24	0.02481	0.01867	0.01958	0.01597	0.02119	0.04143	0.01286	0.34492	0.21276	0.08783	0.02929	0.02787	0.08605	0.01072	0.00792	0.00244	0.00739	0.00847	0.00775	0.01209
25	0.61326	0.01650	0.01406	0.01191	0.01703	0.01889	0.00982	0.16435	0.01842	0.03795	0.01255	0.01395	0.00947	0.00767	0.00546	0.00238	0.00657	0.00482	0.00546	0.00947
26	0.01347	0.00673	0.01010	0.01010	0.01010	0.00673	0.00673	0.01010	0.01010	0.01347	0.01347	0.02357	0.01347	0.02694	0.03030	0.77441	0.00673	0.00673	0.00337	0.00337
27	0.01757	0.01689	0.02801	0.23230	0.40517	0.01885	0.02216	0.02191	0.01620	0.02279	0.01372	0.01929	0.01142	0.00811	0.01027	0.00254	0.11156	0.00689	0.00366	0.01068
28	0.01464	0.01378	0.02326	0.70887	0.05340	0.01723	0.02153	0.01981	0.01550	0.01981	0.01378	0.02067	0.01034	0.00775	0.00775	0.00258	0.01034	0.00689	0.00345	0.00861
29	0.02554	0.02887	0.02339	0.12241	0.09684	0.41114	0.01689	0.11489	0.02227	0.02392	0.01338	0.01624	0.01073	0.00821	0.00789	0.00221	0.03513	0.00581	0.00440	0.00985
30	0.02120	0.01761	0.01861	0.01617	0.02089	0.02018	0.01274	0.15648	0.54673	0.03553	0.02912	0.02699	0.02169	0.01029	0.00786	0.00257	0.00659	0.00843	0.00786	0.01244
31	0.01433	0.00724	0.00727	0.00727	0.00901	0.00724	0.00539	0.01781	0.01607	0.02838	0.02526	0.02973	0.02019	0.03616	0.00671	0.00202	0.00376	0.00738	0.74163	0.00713
32	0.01599	0.01572	0.02262	0.01954	0.01992	0.02119	0.04118	0.01783	0.01254	0.01906	0.01486	0.11374	0.01587	0.01476	0.02266	0.00333	0.58801	0.00897	0.00394	0.00826
33	0.03628	0.01472	0.01937	0.01523	0.02123	0.01265	0.01225	0.03853	0.02327	0.66146	0.03219	0.02913	0.02104	0.01102	0.00872	0.00281	0.00734	0.00844	0.01016	0.01416
34	0.01821	0.02064	0.04421	0.03182	0.03911	0.01990	0.60654	0.02440	0.01785	0.02440	0.01530	0.02064	0.01165	0.00703	0.01029	0.00267	0.06216	0.00898	0.00388	0.01032
35	0.01122	0.00785	0.00952	0.00977	0.01135	0.00719	0.00702	0.01326	0.01713	0.04771	0.19153	0.21514	0.21749	0.13549	0.01435	0.00356	0.00493	0.06165	0.00718	0.00666
36	0.03405	0.01336	0.01797	0.01389	0.01981	0.01177	0.01144	0.03795	0.05282	0.65344	0.03064	0.02651	0.01941	0.00964	0.00780	0.00241	0.00658	0.00784	0.00952	0.01315
37	0.01445	0.00723	0.00723	0.00723	0.00903	0.00723	0.00542	0.01807	0.01626	0.02891	0.02529	0.02891	0.01987	0.00903	0.00542	0.00181	0.00361	0.00723	0.77055	0.00723
38	0.03479	0.01320	0.01799	0.01380	0.01979	0.01140	0.01140	0.03779	0.02219	0.68451	0.03059	0.02639	0.01919	0.00960	0.00780	0.00240	0.00660	0.00780	0.00960	0.01320
39	0.01263	0.00845	0.01032	0.01005	0.01177	0.00793	0.00714	0.03969	0.01830	0.06516	0.25550	0.20740	0.14232	0.15049	0.01484	0.00357	0.00499	0.01502	0.00735	0.00708
40	0.00930	0.00786	0.00804	0.00800	0.01056	0.00660	0.00600	0.01139	0.01799	0.02170	0.12317	0.07337	0.63090	0.01935	0.00916	0.00260	0.00391	0.01619	0.00730	0.00660
41	0.01347	0.00673	0.01010	0.01010	0.01010	0.00673	0.00673	0.01010	0.01010	0.01347	0.01347	0.02357	0.01347	0.02694	0.03030	0.77441	0.00673	0.00673	0.00337	0.00337
42	0.10480	0.01047	0.01192	0.01085	0.01380	0.01055	0.00837	0.02105	0.11720	0.08069	0.39858	0.04728	0.10684	0.01388	0.00834	0.00248	0.00455	0.01180	0.00796	0.00857
43	0.09567	0.00945	0.01085	0.01007	0.01270	0.00929	0.00774	0.01928	0.04707	0.09751	0.30214	0.06727	0.08072	0.03462	0.00881	0.00255	0.00458	0.03052	0.14108	0.00808
44	0.01445	0.00723	0.00723	0.00723	0.00903	0.00723	0.00542	0.01807	0.01626	0.02891	0.02529	0.02891	0.01987	0.00903	0.00542	0.00181	0.00361	0.00723	0.77055	0.00723
45	0.01003	0.00729	0.00942	0.01097	0.01161	0.00702	0.00737	0.01240	0.04867	0.02028	0.04150	0.66240	0.04902	0.04854	0.01084	0.00328	0.00469	0.02097	0.00714	0.00655
46	0.69983	0.01519	0.01219	0.01072	0.01550	0.01747	0.00880	0.06667	0.01516	0.03563	0.03690	0.01476	0.01122	0.00768	0.00517	0.00240	0.00609	0.00477	0.00515	0.00869
47	0.00945	0.00675	0.00900	0.01080	0.01125	0.00630	0.00720	0.01080	0.01484	0.01979	0.04274	0.72245	0.05128	0.02429	0.00990	0.00315	0.00450	0.02204	0.00720	0.00630
48	0.06075	0.01996	0.02187	0.01682	0.02294	0.02157	0.01390	0.52029	0.03302	0.15940	0.02039	0.01973	0.01404	0.00927	0.00764	0.00234	0.00809	0.00701	0.00796	0.01299
49	0.38120	0.01246	0.01234	0.01098	0.01515	0.01315	0.00902	0.02436	0.01662	0.17927	0.05522	0.02829	0.01968	0.00995	0.00641	0.00244	0.00579	0.07128	0.11728	0.00912
50	0.01077	0.00792	0.01008	0.00954	0.01146	0.00723	0.00715	0.01423	0.02146	0.02994	0.60712	0.05982	0.14181	0.01628	0.00915	0.00246	0.00369	0.01429	0.00838	0.00723
51	0.02073	0.73217	0.04063	0.01327	0.01990	0.03068	0.01327	0.02322	0.01575	0.01824	0.01078	0.01244	0.00995	0.00663	0.00498	0.00166	0.00829	0.00415	0.00332	0.00995
52	0.00980	0.00792	0.00864	0.00862	0.01093	0.00687	0.00650	0.01211	0.01827	0.02284	0.19192	0.07110	0.49500	0.04742	0.01047	0.00283	0.00420	0.05056	0.00736	0.00666
53	0.02165	0.01602	0.06674	0.01687	0.02128	0.01554	0.06467	0.02897	0.14763	0.22299	0.07144	0.02708	0.02141	0.01620	0.09221	0.00382	0.11974	0.00831	0.00666	0.01075
54	0.01121	0.00777	0.00974	0.00974	0.01019	0.00822	0.00630	0.01210	0.01166	0.01599	0.02325	0.04422	0.02536	0.51227	0.25083	0.00911	0.01178	0.01032	0.00452	0.00541
55	0.01732	0.01693	0.02983	0.29812	0.31982	0.01817	0.11334	0.02311	0.04292	0.02342	0.01512	0.02040	0.01192	0.00732	0.00793	0.00247	0.01008	0.00730	0.00386	0.01061
56	0.01973	0.06228	0.03758	0.02865	0.07921	0.08778	0.40510	0.02789	0.12168	0.02512	0.01749	0.02090	0.01342	0.00735	0.00839	0.00248	0.01151	0.00823	0.00452	0.01070
57	0.01089	0.00786	0.01029	0.00981	0.01156	0.00726	0.00731	0.01441	0.02154	0.03045	0.63894	0.09586	0.07191	0.01633	0.00919	0.00248	0.00371	0.01448	0.00846	0.00726
58	0.04813	0.03991	0.05996	0.01180	0.01546	0.01182	0.01005	0.08833	0.05259	0.05231	0.36443	0.04701	0.14016	0.01390	0.00842	0.00243	0.00527	0.01175	0.00754	0.00872
59	0.04156	0.08402	0.26540	0.02151	0.07646	0.04973	0.09989	0.02439	0.04842	0.04663	0.07004	0.02359	0.01780	0.00851	0.00751	0.00232	0.00955	0.03033	0.00458	0.06776

[dist]
# distance from previous block
# <min> <max>
3	13

[block]
# block no. 4 follows, 25 sequences, length 9
# corresponding to MSA columns:
# 271-279
name=unknown_E
#
# <colnr> <probs for GDERKNQSTAVLIFYWHMCP>
#	G	D	E	R	K	N	Q	S	T	A	V	L	I	F	Y	W	H	M	C	P
0	0.07716	0.01314	0.01935	0.19352	0.08966	0.01399	0.05169	0.05071	0.03441	0.04255	0.10454	0.08082	0.02773	0.01212	0.00833	0.00265	0.00776	0.11789	0.00568	0.04630
1	0.01498	0.01381	0.05872	0.01784	0.08806	0.04087	0.05020	0.04726	0.01710	0.04752	0.03001	0.33070	0.03251	0.04259	0.01075	0.02897	0.00712	0.06618	0.00601	0.04881
2	0.01037	0.00753	0.00983	0.01039	0.01171	0.00698	0.00756	0.01301	0.01857	0.02543	0.34229	0.32489	0.09809	0.01983	0.00956	0.00281	0.00426	0.06220	0.00782	0.00685
3	0.01445	0.00723	0.00723	0.00723	0.00903	0.00723	0.00542	0.01807	0.01626	0.02891	0.02529	0.02891	0.01987	0.00903	0.00542	0.00181	0.00361	0.00723	0.77055	0.00723
4	0.01588	0.01638	0.03208	0.09387	0.07361	0.01628	0.34952	0.02072	0.01685	0.02272	0.02271	0.07326	0.05650	0.04691	0.03787	0.00334	0.04181	0.04601	0.00448	0.00920
5	0.01252	0.00954	0.01145	0.01134	0.01354	0.00944	0.00867	0.05352	0.08904	0.02722	0.25546	0.19493	0.15931	0.01798	0.00929	0.00277	0.00487	0.09353	0.00774	0.00783
6	0.01427	0.09668	0.06044	0.01372	0.01648	0.01180	0.08064	0.01512	0.01464	0.01977	0.14195	0.07173	0.02642	0.01874	0.01817	0.35221	0.00719	0.00898	0.00465	0.00639
7	0.01113	0.00762	0.00887	0.00887	0.00917	0.00771	0.00532	0.01155	0.01177	0.01570	0.02706	0.04981	0.06353	0.61301	0.11123	0.00779	0.00880	0.01123	0.00478	0.00505
8	0.01951	0.01672	0.01741	0.01433	0.01948	0.05589	0.01126	0.13474	0.22842	0.03116	0.05346	0.06662	0.02102	0.00966	0.00727	0.00206	0.00666	0.00790	0.00651	0.26992

[dist]
# distance from previous block
# <min> <max>
1	4

[block]
# block no. 5 follows, 25 sequences, length 37
# corresponding to MSA columns:
# 284-320
name=unknown_F
#
# <colnr> <probs for GDERKNQSTAVLIFYWHMCP>
#	G	D	E	R	K	N	Q	S	T	A	V	L	I	F	Y	W	H	M	C	P
0	0.01764	0.09361	0.08228	0.01889	0.10048	0.04342	0.04159	0.02487	0.14280	0.07576	0.07512	0.11348	0.09189	0.01231	0.00806	0.00250	0.00734	0.03181	0.00614	0.01000
1	0.01847	0.02143	0.06315	0.06395	0.09595	0.04703	0.48016	0.02437	0.01781	0.02403	0.01496	0.02007	0.01151	0.00714	0.00979	0.00260	0.05493	0.00842	0.00384	0.01039
2	0.01313	0.00682	0.00993	0.00993	0.01013	0.00672	0.00667	0.01018	0.01069	0.01405	0.01853	0.02754	0.06503	0.02637	0.02866	0.71435	0.00652	0.00748	0.00367	0.00361
3	0.01728	0.01926	0.05857	0.07584	0.05838	0.01855	0.41400	0.02282	0.01716	0.02370	0.01672	0.02520	0.01399	0.00857	0.01073	0.00269	0.09042	0.05640	0.00409	0.04563
4	0.01212	0.00811	0.01039	0.00994	0.01195	0.00736	0.00740	0.01523	0.02051	0.07134	0.47885	0.14730	0.13605	0.01701	0.00916	0.00255	0.00400	0.01496	0.00827	0.00748
5	0.45122	0.01587	0.01474	0.01255	0.01749	0.01779	0.01021	0.12692	0.11515	0.09414	0.04382	0.01905	0.01502	0.00859	0.00617	0.00242	0.00638	0.00604	0.00631	0.01012
6	0.01023	0.00731	0.00990	0.01169	0.01249	0.00697	0.00856	0.01215	0.01562	0.02067	0.04230	0.55893	0.04957	0.02355	0.01011	0.00326	0.00518	0.17781	0.00718	0.00651
7	0.01803	0.01986	0.04097	0.03034	0.06054	0.01875	0.52858	0.02393	0.01774	0.02461	0.01518	0.02014	0.01168	0.00679	0.00949	0.00248	0.04482	0.00846	0.00397	0.09364
8	0.01095	0.00781	0.01009	0.01140	0.01227	0.00758	0.00806	0.04152	0.01596	0.02122	0.03986	0.54715	0.04667	0.08176	0.01237	0.00353	0.00530	0.10288	0.00701	0.00660
9	0.01041	0.00772	0.00971	0.00961	0.01134	0.00702	0.00705	0.01340	0.02004	0.02749	0.46838	0.17173	0.17165	0.01790	0.00927	0.00259	0.00384	0.01576	0.00809	0.00702
10	0.05973	0.02551	0.02276	0.01934	0.05071	0.20901	0.01492	0.42981	0.03073	0.03907	0.01630	0.01711	0.01207	0.00876	0.00742	0.00224	0.00996	0.00632	0.00644	0.01179
11	0.01039	0.00746	0.00991	0.01064	0.01182	0.00698	0.00772	0.01296	0.01825	0.02510	0.32248	0.37213	0.06038	0.02030	0.00964	0.00287	0.00436	0.07200	0.00778	0.00682
12	0.01272	0.00961	0.01097	0.01038	0.01284	0.00930	0.00781	0.08421	0.05116	0.02801	0.25702	0.16113	0.24994	0.01713	0.00890	0.00258	0.00452	0.01473	0.03925	0.00778
13	0.00952	0.00678	0.00897	0.01070	0.01113	0.00635	0.00710	0.01082	0.01470	0.01960	0.04199	0.69493	0.05034	0.05310	0.01111	0.00333	0.00462	0.02160	0.00710	0.00623
14	0.72411	0.01485	0.01191	0.01048	0.01537	0.01693	0.00863	0.02396	0.01390	0.08535	0.01234	0.01367	0.00924	0.00738	0.00503	0.00240	0.00604	0.00448	0.00517	0.00877
15	0.01128	0.00752	0.00846	0.00846	0.00846	0.00752	0.00470	0.01128	0.01128	0.01503	0.02443	0.05074	0.02819	0.72751	0.03946	0.00752	0.00752	0.01128	0.00470	0.00470
16	0.61991	0.01386	0.01140	0.01013	0.01469	0.01549	0.00827	0.02271	0.01443	0.08385	0.01901	0.01992	0.06883	0.00857	0.00545	0.00239	0.00575	0.00570	0.04109	0.00855
17	0.00966	0.00696	0.00916	0.01054	0.01127	0.00645	0.00717	0.01137	0.01598	0.02148	0.13603	0.60290	0.07648	0.02290	0.00976	0.00303	0.00436	0.02067	0.00739	0.00645
18	0.01608	0.01378	0.01608	0.01148	0.01837	0.01034	0.00919	0.01952	0.01608	0.02527	0.01378	0.01608	0.01148	0.00574	0.00574	0.00115	0.00574	0.00459	0.00459	0.77491
19	0.00954	0.00682	0.00908	0.01073	0.01127	0.00636	0.00720	0.01103	0.01527	0.02048	0.08098	0.68225	0.05261	0.02378	0.00985	0.00311	0.00445	0.02156	0.00728	0.00636
20	0.00963	0.00683	0.00894	0.01056	0.01096	0.00642	0.00694	0.01084	0.01448	0.01931	0.04088	0.65432	0.04894	0.09561	0.01290	0.00359	0.00480	0.02095	0.00694	0.00614
21	0.01010	0.00789	0.00916	0.00884	0.01105	0.00695	0.00663	0.01295	0.01990	0.02622	0.38864	0.06594	0.36261	0.01767	0.00915	0.00252	0.00379	0.01515	0.00789	0.00695
22	0.01249	0.00892	0.01249	0.01428	0.01606	0.00892	0.01249	0.01606	0.01785	0.02320	0.04105	0.08746	0.04462	0.02142	0.01071	0.00357	0.00714	0.62695	0.00714	0.00714
23	0.00945	0.00675	0.00900	0.01080	0.01125	0.00630	0.00720	0.01080	0.01484	0.01979	0.04274	0.72245	0.05128	0.02429	0.00990	0.00315	0.00450	0.02204	0.00720	0.00630
24	0.01108	0.00831	0.01246	0.01246	0.01385	0.00969	0.00969	0.01385	0.01246	0.01800	0.02077	0.03046	0.01938	0.05815	0.69678	0.01246	0.02077	0.00831	0.00415	0.00692
25	0.01445	0.00723	0.00723	0.00723	0.00903	0.00723	0.00542	0.01807	0.01626	0.02891	0.02529	0.02891	0.01987	0.00903	0.00542	0.00181	0.00361	0.00723	0.77055	0.00723
26	0.01108	0.00831	0.01246	0.01246	0.01385	0.00969	0.00969	0.01385	0.01246	0.01800	0.02077	0.03046	0.01938	0.05815	0.69678	0.01246	0.02077	0.00831	0.00415	0.00692
27	0.00959	0.00779	0.00855	0.00889	0.01109	0.00675	0.00668	0.01172	0.01762	0.02171	0.11462	0.16120	0.49890	0.02012	0.00938	0.00275	0.00423	0.06447	0.00729	0.00662
28	0.01547	0.01523	0.02665	0.52296	0.04738	0.01839	0.11413	0.02041	0.01547	0.02041	0.01361	0.02025	0.01053	0.00830	0.01016	0.00269	0.09837	0.00721	0.00351	0.00887
29	0.00916	0.00785	0.00785	0.00785	0.01047	0.00655	0.00589	0.01113	0.01767	0.02095	0.07855	0.07462	0.67599	0.01964	0.00916	0.00262	0.00393	0.01636	0.00720	0.00655
30	0.01128	0.00752	0.00846	0.00846	0.00846	0.00752	0.00470	0.01128	0.01128	0.01503	0.02443	0.05074	0.02819	0.72751	0.03946	0.00752	0.00752	0.01128	0.00470	0.00470
31	0.01525	0.01431	0.02415	0.56592	0.15686	0.01708	0.02137	0.02021	0.01573	0.02066	0.01423	0.02087	0.01108	0.00990	0.03911	0.00299	0.01062	0.00696	0.00354	0.00915
32	0.03085	0.01951	0.02190	0.01679	0.02294	0.02077	0.01387	0.49389	0.03276	0.21348	0.02172	0.02063	0.01474	0.00938	0.00777	0.00235	0.00803	0.00719	0.00823	0.01319
33	0.00945	0.00675	0.00900	0.01080	0.01125	0.00630	0.00720	0.01080	0.01484	0.01979	0.04274	0.72245	0.05128	0.02429	0.00990	0.00315	0.00450	0.02204	0.00720	0.00630
34	0.01445	0.00723	0.00723	0.00723	0.00903	0.00723	0.00542	0.01807	0.01626	0.02891	0.02529	0.02891	0.01987	0.00903	0.00542	0.00181	0.00361	0.00723	0.77055	0.00723
35	0.02490	0.02850	0.02234	0.01964	0.02269	0.39794	0.01538	0.08347	0.05920	0.02236	0.01323	0.01618	0.01116	0.00990	0.01253	0.00247	0.21838	0.00593	0.00439	0.00941
36	0.03149	0.01393	0.01790	0.01422	0.01987	0.01307	0.01158	0.03851	0.15885	0.54592	0.03080	0.02693	0.02014	0.00979	0.00782	0.00245	0.00650	0.00800	0.00923	0.01300

[dist]
# distance from previous block
# <min> <max>
0	1

[block]
# block no. 6 follows, 25 sequences, length 93
# corresponding to MSA columns:
# 322-414
name=unknown_G
#
# <colnr> <probs for GDERKNQSTAVLIFYWHMCP>
#	G	D	E	R	K	N	Q	S	T	A	V	L	I	F	Y	W	H	M	C	P
0	0.02431	0.01915	0.02036	0.01679	0.02208	0.02163	0.01349	0.34277	0.35539	0.04053	0.02518	0.02385	0.01850	0.00992	0.00782	0.00248	0.00732	0.00789	0.00782	0.01272
1	0.01464	0.01378	0.02326	0.70887	0.05340	0.01723	0.02153	0.01981	0.01550	0.01981	0.01378	0.02067	0.01034	0.00775	0.00775	0.00258	0.01034	0.00689	0.00345	0.00861
2	0.01465	0.01347	0.02250	0.64485	0.04976	0.01683	0.02051	0.01920	0.01507	0.01940	0.01364	0.02072	0.01051	0.00907	0.00967	0.04787	0.03365	0.00688	0.00344	0.00830
3	0.01830	0.02092	0.04575	0.03268	0.04052	0.01961	0.65098	0.02484	0.01830	0.02484	0.01569	0.02092	0.01176	0.00654	0.00915	0.00261	0.01307	0.00915	0.00392	0.01046
4	0.01884	0.01806	0.03084	0.09859	0.63088	0.01833	0.02362	0.02349	0.01749	0.02491	0.01452	0.01930	0.01213	0.00697	0.00768	0.00232	0.00930	0.00691	0.00381	0.01200
5	0.01489	0.01403	0.02370	0.67340	0.08697	0.01729	0.02165	0.02002	0.01562	0.02011	0.01382	0.02059	0.01044	0.00771	0.00775	0.00257	0.01028	0.00689	0.00347	0.00881
6	0.01812	0.01733	0.02954	0.20332	0.53178	0.01814	0.02326	0.02286	0.01715	0.02403	0.01440	0.01954	0.01182	0.00711	0.00769	0.00237	0.00948	0.00690	0.00375	0.01142
7	0.02947	0.02172	0.02327	0.01784	0.02404	0.02404	0.01474	0.65329	0.03646	0.04887	0.01862	0.01862	0.01319	0.00931	0.00776	0.00233	0.00853	0.00698	0.00776	0.01319
8	0.00968	0.00691	0.00925	0.01097	0.01154	0.00649	0.00751	0.01123	0.01525	0.02036	0.06326	0.66354	0.05161	0.02385	0.00992	0.00315	0.00463	0.05725	0.00724	0.00638
9	0.01613	0.01479	0.02331	0.57452	0.04727	0.01852	0.02046	0.07197	0.01683	0.02208	0.01378	0.02009	0.01055	0.00853	0.00974	0.00265	0.08912	0.00689	0.00380	0.00898
10	0.00945	0.00675	0.00900	0.01080	0.01125	0.00630	0.00720	0.01080	0.01484	0.01979	0.04274	0.72245	0.05128	0.02429	0.00990	0.00315	0.00450	0.02204	0.00720	0.00630
11	0.00916	0.00785	0.00785	0.00785	0.01047	0.00655	0.00589	0.01113	0.01767	0.02095	0.07855	0.07462	0.67599	0.01964	0.00916	0.00262	0.00393	0.01636	0.00720	0.00655
12	0.00966	0.00785	0.00843	0.00830	0.01062	0.00676	0.00615	0.01190	0.01831	0.02289	0.20671	0.06986	0.51395	0.05158	0.01056	0.00281	0.00403	0.01562	0.00738	0.00663
13	0.02901	0.02149	0.02301	0.01775	0.02387	0.02383	0.01462	0.62516	0.06535	0.04811	0.01921	0.01909	0.01367	0.00936	0.00776	0.00234	0.00842	0.00706	0.00776	0.01314
14	0.00944	0.00679	0.00895	0.01068	0.01122	0.00631	0.00715	0.01081	0.01496	0.01984	0.04417	0.69654	0.07626	0.02411	0.00987	0.00313	0.00448	0.02182	0.00720	0.00631
15	0.01097	0.00793	0.01036	0.00975	0.01158	0.00732	0.00732	0.01463	0.02195	0.03109	0.67505	0.05792	0.07316	0.01585	0.00914	0.00244	0.00366	0.01402	0.00854	0.00732
16	0.02535	0.01807	0.01986	0.01579	0.02102	0.01946	0.01295	0.47052	0.03177	0.07763	0.09647	0.03092	0.07410	0.01141	0.00816	0.00242	0.00747	0.03703	0.00787	0.01174
17	0.01083	0.00796	0.01017	0.00972	0.01164	0.00729	0.00736	0.01430	0.02130	0.02964	0.58253	0.06098	0.13970	0.01650	0.00921	0.00250	0.00383	0.03898	0.00833	0.00722
18	0.01128	0.00752	0.00846	0.00846	0.00846	0.00752	0.00470	0.01128	0.01128	0.01503	0.02443	0.05074	0.02819	0.72751	0.03946	0.00752	0.00752	0.01128	0.00470	0.00470
19	0.01072	0.00772	0.01016	0.01014	0.01168	0.00717	0.00748	0.01390	0.02034	0.02849	0.52234	0.19473	0.06763	0.01778	0.00936	0.00263	0.00396	0.03845	0.00821	0.00710
20	0.00966	0.00752	0.00878	0.00921	0.01097	0.00664	0.00662	0.01181	0.01774	0.02287	0.20180	0.27538	0.34278	0.02025	0.00939	0.00275	0.00405	0.01763	0.00750	0.00664
21	0.01643	0.00914	0.00934	0.00862	0.01101	0.00944	0.00665	0.10172	0.01892	0.03154	0.02441	0.02755	0.01899	0.00907	0.00573	0.00188	0.00426	0.00719	0.67010	0.00801
22	0.01347	0.00673	0.01010	0.01010	0.01010	0.00673	0.00673	0.01010	0.01010	0.01347	0.01347	0.02357	0.01347	0.02694	0.03030	0.77441	0.00673	0.00673	0.00337	0.00337
23	0.03479	0.01320	0.01799	0.01380	0.01979	0.01140	0.01140	0.03779	0.02219	0.68451	0.03059	0.02639	0.01919	0.00960	0.00780	0.00240	0.00660	0.00780	0.00960	0.01320
24	0.01608	0.01378	0.01608	0.01148	0.01837	0.01034	0.00919	0.01952	0.01608	0.02527	0.01378	0.01608	0.01148	0.00574	0.00574	0.00115	0.00574	0.00459	0.00459	0.77491
