[name]
unknown

[dist]
# distance from previous block
# <min> <max>
0	89

[block]
# block no. 0 follows, 19 sequences, length 9
# corresponding to MSA columns:
# 93-101
name=unknown_A
#
# <colnr> <probs for GDERKNQSTAVLIFYWHMCP>
#	G	D	E	R	K	N	Q	S	T	A	V	L	I	F	Y	W	H	M	C	P
0	0.02037	0.01553	0.02028	0.12248	0.02733	0.01598	0.04057	0.15921	0.02441	0.06312	0.03636	0.14141	0.11028	0.05210	0.01160	0.00322	0.00838	0.04060	0.00727	0.07948
1	0.02556	0.01940	0.02391	0.11420	0.12675	0.06355	0.01746	0.09350	0.15339	0.14276	0.09923	0.03132	0.02670	0.01122	0.00911	0.00280	0.00902	0.00948	0.00773	0.01290
2	0.05835	0.01396	0.01627	0.01633	0.06887	0.01372	0.01125	0.07305	0.09120	0.06864	0.09326	0.08229	0.21458	0.06822	0.01221	0.00326	0.00663	0.01320	0.00781	0.06691
3	0.01493	0.00827	0.01240	0.05198	0.01493	0.00844	0.00890	0.01246	0.01285	0.01708	0.02058	0.12398	0.02180	0.02926	0.02986	0.58490	0.00764	0.01041	0.00455	0.00476
4	0.05869	0.02157	0.09960	0.32584	0.11567	0.02059	0.06842	0.08078	0.02129	0.07632	0.01806	0.02291	0.01324	0.00897	0.00884	0.00287	0.01138	0.00793	0.00515	0.01187
5	0.01565	0.01022	0.01253	0.07296	0.01795	0.01081	0.01012	0.02141	0.07047	0.03020	0.07920	0.13134	0.03454	0.01781	0.04340	0.00337	0.00673	0.05922	0.34325	0.00883
6	0.01643	0.01267	0.01680	0.01473	0.01827	0.01225	0.06481	0.05265	0.08266	0.06218	0.13439	0.11376	0.22728	0.08810	0.01405	0.00365	0.00687	0.04091	0.00813	0.00941
7	0.01167	0.00892	0.01012	0.01051	0.01237	0.00808	0.00751	0.01369	0.01882	0.02383	0.11820	0.16031	0.31955	0.16770	0.01846	0.00441	0.00581	0.06503	0.00782	0.00719
8	0.01517	0.01041	0.01245	0.01241	0.01464	0.00996	0.00924	0.05741	0.02060	0.05978	0.09994	0.19176	0.18810	0.14910	0.01751	0.00434	0.00656	0.10433	0.00807	0.00823

[dist]
# distance from previous block
# <min> <max>
11	22

[block]
# block no. 1 follows, 19 sequences, length 13
# corresponding to MSA columns:
# 124-136
name=unknown_B
#
# <colnr> <probs for GDERKNQSTAVLIFYWHMCP>
#	G	D	E	R	K	N	Q	S	T	A	V	L	I	F	Y	W	H	M	C	P
0	0.08542	0.11401	0.08163	0.11467	0.10336	0.02122	0.01787	0.10478	0.02125	0.07022	0.02155	0.02806	0.03773	0.10377	0.01398	0.00353	0.03169	0.00829	0.00565	0.01133
1	0.01414	0.06693	0.01378	0.01104	0.01355	0.01053	0.00817	0.01639	0.01963	0.05674	0.16843	0.16317	0.24199	0.13676	0.01633	0.00396	0.00589	0.01666	0.00787	0.00804
2	0.02024	0.07744	0.04470	0.01739	0.05279	0.14081	0.01331	0.08786	0.02441	0.02977	0.15457	0.07358	0.19744	0.01539	0.00934	0.00271	0.00851	0.01252	0.00717	0.01006
3	0.06972	0.01824	0.07080	0.01463	0.01996	0.01688	0.01280	0.19281	0.05664	0.06311	0.02480	0.02673	0.01864	0.01017	0.00746	0.00241	0.00717	0.00788	0.31840	0.04074
4	0.01708	0.01724	0.08232	0.01806	0.02200	0.01530	0.06445	0.08307	0.02106	0.02971	0.09824	0.26187	0.03799	0.01763	0.01249	0.00313	0.09275	0.01506	0.03196	0.05859
5	0.74878	0.01730	0.01315	0.01177	0.01730	0.02007	0.00969	0.02630	0.01523	0.04014	0.01246	0.01453	0.00969	0.00830	0.00554	0.00277	0.00692	0.00484	0.00554	0.00969
6	0.01884	0.01742	0.02034	0.02104	0.08898	0.09004	0.01476	0.07088	0.02031	0.02690	0.08686	0.03590	0.07895	0.03257	0.23723	0.00696	0.10629	0.01008	0.00580	0.00986
7	0.01323	0.00870	0.01155	0.01223	0.01369	0.00803	0.00864	0.01585	0.02054	0.06328	0.25369	0.42339	0.06601	0.02357	0.01097	0.00329	0.00499	0.02118	0.00902	0.00815
8	0.02109	0.02175	0.08594	0.07498	0.02971	0.02126	0.06939	0.06684	0.38310	0.03456	0.03370	0.03307	0.06099	0.01169	0.00925	0.00299	0.00881	0.01008	0.00766	0.01315
9	0.01679	0.01017	0.01327	0.01229	0.01520	0.00926	0.00961	0.02071	0.02444	0.12429	0.42947	0.06654	0.12070	0.01825	0.01050	0.00296	0.00517	0.07130	0.00973	0.00936
10	0.02002	0.23816	0.42115	0.02440	0.07344	0.02520	0.02735	0.02781	0.01877	0.02621	0.01502	0.01774	0.01157	0.00821	0.00770	0.00255	0.01195	0.00615	0.00384	0.01276
11	0.02185	0.01619	0.01903	0.01429	0.02142	0.01346	0.01140	0.08983	0.02183	0.09309	0.02133	0.07613	0.01827	0.00936	0.00754	0.00182	0.00697	0.00770	0.00656	0.52192
12	0.16666	0.13913	0.02562	0.01859	0.07685	0.01991	0.01419	0.06436	0.02216	0.27692	0.02287	0.02234	0.01605	0.00927	0.00755	0.00248	0.00815	0.00701	0.00753	0.07237

[dist]
# distance from previous block
# <min> <max>
0	1

[block]
# block no. 2 follows, 19 sequences, length 19
# corresponding to MSA columns:
# 138-156
name=unknown_C
#
# <colnr> <probs for GDERKNQSTAVLIFYWHMCP>
#	G	D	E	R	K	N	Q	S	T	A	V	L	I	F	Y	W	H	M	C	P
0	0.01309	0.01016	0.01253	0.01191	0.01485	0.00869	0.00869	0.01603	0.02013	0.02808	0.20774	0.28872	0.12179	0.01981	0.00999	0.00281	0.00517	0.01750	0.00805	0.17426
1	0.01246	0.00881	0.01023	0.01014	0.01116	0.00838	0.00651	0.01393	0.01741	0.02327	0.18785	0.09100	0.13902	0.38812	0.02992	0.00612	0.00677	0.01524	0.00710	0.00658
2	0.01391	0.01161	0.01678	0.01583	0.01821	0.01134	0.06169	0.01758	0.04905	0.02480	0.03930	0.46317	0.04471	0.02196	0.01185	0.00329	0.05105	0.01969	0.00735	0.09684
3	0.01309	0.00941	0.01283	0.01470	0.01632	0.00916	0.01195	0.01633	0.01969	0.02580	0.07291	0.28044	0.07873	0.02541	0.01192	0.00387	0.00697	0.35423	0.00833	0.00791
4	0.74878	0.01730	0.01315	0.01177	0.01730	0.02007	0.00969	0.02630	0.01523	0.04014	0.01246	0.01453	0.00969	0.00830	0.00554	0.00277	0.00692	0.00484	0.00554	0.00969
5	0.03297	0.02454	0.02626	0.02037	0.02735	0.02726	0.01675	0.55114	0.09256	0.05471	0.02280	0.02253	0.01628	0.01086	0.00896	0.00272	0.00960	0.00824	0.00896	0.01512
6	0.03151	0.12848	0.02886	0.02380	0.06094	0.53181	0.01759	0.03406	0.02411	0.02219	0.01381	0.01623	0.01167	0.00894	0.00780	0.00227	0.01494	0.00576	0.00449	0.01073
7	0.01088	0.00788	0.01028	0.01220	0.01291	0.00729	0.00819	0.01249	0.01737	0.02294	0.05243	0.63496	0.10194	0.02762	0.01136	0.00359	0.00514	0.02494	0.00831	0.00729
8	0.02156	0.01860	0.02093	0.10463	0.02813	0.02154	0.01540	0.06840	0.48078	0.03576	0.03536	0.03388	0.05118	0.01211	0.00914	0.00301	0.00775	0.01012	0.00837	0.01335
9	0.01243	0.00907	0.01168	0.01117	0.01326	0.00832	0.00832	0.01638	0.02457	0.03442	0.55951	0.09958	0.11962	0.01908	0.01060	0.00287	0.00429	0.01684	0.00967	0.00832
10	0.06502	0.01194	0.01520	0.01456	0.01696	0.01337	0.01119	0.09754	0.01868	0.02722	0.02703	0.13457	0.02676	0.07613	0.38999	0.01002	0.01721	0.01170	0.00600	0.00889
11	0.01668	0.00834	0.00834	0.00834	0.01042	0.00834	0.00625	0.02085	0.01876	0.03335	0.02918	0.03335	0.02293	0.01042	0.00625	0.00208	0.00417	0.00834	0.73525	0.00834
12	0.01984	0.01995	0.03065	0.07796	0.03023	0.02557	0.10945	0.02513	0.07015	0.02421	0.01534	0.02190	0.01347	0.01352	0.02290	0.00362	0.45262	0.00847	0.00449	0.01055
13	0.02043	0.01516	0.01746	0.05871	0.02206	0.01610	0.01249	0.11039	0.19899	0.08370	0.09100	0.12756	0.15605	0.01633	0.00978	0.00302	0.00686	0.01383	0.00869	0.01142
14	0.02059	0.04414	0.06212	0.01895	0.04665	0.12086	0.01480	0.02963	0.17580	0.02649	0.02374	0.03036	0.02061	0.11208	0.11949	0.00538	0.04296	0.00871	0.00588	0.07076
15	0.02136	0.02859	0.19685	0.03543	0.27520	0.06308	0.02500	0.03173	0.13696	0.02997	0.02188	0.02723	0.01778	0.00991	0.00894	0.00283	0.01089	0.03765	0.00538	0.01334
16	0.01877	0.01605	0.11014	0.06621	0.02104	0.01188	0.01296	0.02353	0.01881	0.07578	0.02452	0.02840	0.01886	0.01087	0.00868	0.04380	0.00690	0.00778	0.39849	0.07654
17	0.06026	0.07617	0.08281	0.08041	0.05310	0.07092	0.08966	0.09104	0.02072	0.02913	0.01524	0.01972	0.01245	0.01016	0.01328	0.00283	0.17001	0.00728	0.00485	0.08995
18	0.01929	0.01527	0.02209	0.07918	0.10402	0.01657	0.06096	0.05284	0.01947	0.03046	0.02121	0.02626	0.01706	0.01028	0.01104	0.00258	0.11323	0.00809	0.30063	0.06946

[dist]
# distance from previous block
# <min> <max>
3	5

[block]
# block no. 3 follows, 19 sequences, length 10
# corresponding to MSA columns:
# 162-171
name=unknown_D
#
# <colnr> <probs for GDERKNQSTAVLIFYWHMCP>
#	G	D	E	R	K	N	Q	S	T	A	V	L	I	F	Y	W	H	M	C	P
0	0.01169	0.00895	0.01037	0.01096	0.01286	0.00811	0.00802	0.01389	0.01910	0.02419	0.11149	0.18997	0.31092	0.12479	0.01630	0.00413	0.00576	0.09316	0.00798	0.00734
1	0.02474	0.01646	0.01943	0.01637	0.02072	0.01760	0.01290	0.26306	0.02813	0.10915	0.06703	0.08865	0.02758	0.08592	0.15399	0.00590	0.01181	0.01099	0.00797	0.01160
2	0.01134	0.00849	0.01063	0.01203	0.01346	0.00777	0.00869	0.01353	0.01880	0.02432	0.08839	0.42652	0.20353	0.02577	0.01128	0.00350	0.00535	0.09073	0.00837	0.00752
3	0.01814	0.08884	0.24367	0.02195	0.05915	0.01790	0.07022	0.02457	0.02008	0.05684	0.14700	0.03227	0.02936	0.01949	0.10724	0.00452	0.01238	0.00944	0.00567	0.01129
4	0.01217	0.00925	0.01193	0.01260	0.01349	0.00939	0.00883	0.01409	0.01802	0.02441	0.14532	0.39479	0.10415	0.10244	0.01677	0.00406	0.06261	0.02032	0.00785	0.00749
5	0.02908	0.12528	0.08115	0.05879	0.07903	0.39517	0.01957	0.06386	0.02397	0.02489	0.01461	0.01733	0.01194	0.00892	0.00795	0.00238	0.01399	0.00613	0.00463	0.01132
6	0.40188	0.02357	0.10524	0.02130	0.11286	0.05359	0.01646	0.05878	0.01880	0.03591	0.01446	0.01707	0.01128	0.00833	0.00685	0.00261	0.00897	0.00582	0.00525	0.07095
7	0.02186	0.02478	0.10559	0.04085	0.29727	0.02235	0.18156	0.05846	0.06081	0.03046	0.01834	0.02289	0.01448	0.00879	0.01053	0.00288	0.05126	0.00866	0.00490	0.01328
8	0.02232	0.11110	0.10868	0.07625	0.06139	0.02245	0.05998	0.03625	0.26494	0.06956	0.02538	0.02596	0.01910	0.00990	0.00852	0.00273	0.00939	0.00837	0.00663	0.05111
9	0.01530	0.01355	0.02359	0.07327	0.02607	0.01305	0.16733	0.02021	0.02210	0.03086	0.28751	0.10330	0.08424	0.01515	0.01019	0.00291	0.00788	0.01437	0.05976	0.00938

[dist]
# distance from previous block
# <min> <max>
0	6

[block]
# block no. 4 follows, 19 sequences, length 7
# corresponding to MSA columns:
# 178-184
name=unknown_E
#
# <colnr> <probs for GDERKNQSTAVLIFYWHMCP>
#	G	D	E	R	K	N	Q	S	T	A	V	L	I	F	Y	W	H	M	C	P
0	0.08345	0.01734	0.02133	0.07141	0.02506	0.01872	0.05026	0.24763	0.02739	0.03847	0.08827	0.11999	0.02939	0.07816	0.01371	0.03070	0.00868	0.01164	0.00745	0.01096
1	0.01979	0.08650	0.27197	0.07112	0.19693	0.02127	0.04849	0.05605	0.02061	0.02870	0.02339	0.02642	0.07075	0.00973	0.00869	0.00273	0.01120	0.00831	0.00470	0.01265
2	0.01914	0.02076	0.11604	0.21355	0.20603	0.01813	0.02269	0.02560	0.04726	0.05510	0.02437	0.03381	0.04516	0.06579	0.01214	0.00340	0.01049	0.04382	0.00523	0.01149
3	0.01165	0.01047	0.03976	0.01129	0.01373	0.00838	0.00873	0.01443	0.02015	0.02633	0.19788	0.23338	0.28264	0.06437	0.01291	0.00348	0.00530	0.01903	0.00827	0.00782
4	0.09103	0.10204	0.02640	0.02139	0.02637	0.53993	0.01648	0.03411	0.02384	0.02331	0.01358	0.01583	0.01137	0.00900	0.00764	0.00231	0.01476	0.00559	0.00461	0.01042
5	0.01856	0.06668	0.01293	0.00983	0.01275	0.01204	0.00781	0.06413	0.02043	0.03403	0.02721	0.03089	0.02140	0.01021	0.00641	0.00211	0.00504	0.00802	0.62040	0.00911
6	0.02741	0.02329	0.02304	0.01947	0.02524	0.07721	0.01545	0.24480	0.35881	0.04292	0.02915	0.02765	0.02164	0.01139	0.00896	0.00285	0.00884	0.00901	0.00867	0.01422

[dist]
# distance from previous block
# <min> <max>
4	6

[block]
# block no. 5 follows, 19 sequences, length 6
# corresponding to MSA columns:
# 191-196
name=unknown_F
#
# <colnr> <probs for GDERKNQSTAVLIFYWHMCP>
#	G	D	E	R	K	N	Q	S	T	A	V	L	I	F	Y	W	H	M	C	P
0	0.01336	0.01140	0.01833	0.01707	0.01895	0.01147	0.09615	0.01609	0.01818	0.02481	0.09583	0.46497	0.05053	0.02296	0.01284	0.00349	0.06699	0.02076	0.00749	0.00831
1	0.01712	0.01442	0.01620	0.01384	0.01894	0.01347	0.01065	0.02670	0.19100	0.03037	0.07160	0.11988	0.11901	0.01400	0.00876	0.00245	0.00613	0.01190	0.00749	0.28606
2	0.06110	0.07709	0.02487	0.13265	0.03014	0.22229	0.01680	0.10490	0.02432	0.02983	0.11342	0.02645	0.02377	0.01119	0.01013	0.00268	0.06367	0.00818	0.00586	0.01065
3	0.01206	0.00906	0.01101	0.01095	0.01305	0.00823	0.00814	0.01522	0.02212	0.02964	0.34817	0.12128	0.23313	0.06631	0.01313	0.00342	0.00495	0.05337	0.00888	0.00787
4	0.02227	0.02188	0.02834	0.13518	0.08117	0.13840	0.13054	0.08337	0.02153	0.02656	0.01969	0.08474	0.01776	0.01428	0.01360	0.12409	0.01171	0.00968	0.00515	0.01007
5	0.01931	0.01895	0.08218	0.02375	0.07954	0.01634	0.14670	0.02737	0.11568	0.07068	0.10058	0.04200	0.10918	0.01443	0.01184	0.05986	0.00923	0.03442	0.00684	0.01110

[dist]
# distance from previous block
# <min> <max>
0	2

[block]
# block no. 6 follows, 19 sequences, length 9
# corresponding to MSA columns:
# 199-207
name=unknown_G
#
# <colnr> <probs for GDERKNQSTAVLIFYWHMCP>
#	G	D	E	R	K	N	Q	S	T	A	V	L	I	F	Y	W	H	M	C	P
0	0.02730	0.02041	0.02209	0.01810	0.02339	0.02248	0.01430	0.38579	0.12082	0.04540	0.02756	0.10078	0.02387	0.08959	0.01341	0.00352	0.00878	0.01086	0.00850	0.01306
1	0.02300	0.02108	0.09041	0.02127	0.07379	0.06638	0.03920	0.07365	0.08414	0.11108	0.05892	0.06584	0.05410	0.04164	0.01474	0.08202	0.05060	0.01020	0.00677	0.01118
2	0.01655	0.00968	0.01286	0.01242	0.01478	0.00882	0.00916	0.01975	0.02263	0.12924	0.33645	0.26590	0.06583	0.02037	0.01059	0.00308	0.00510	0.01810	0.00953	0.00915
3	0.01188	0.00926	0.01174	0.04759	0.01578	0.00877	0.00902	0.01496	0.02081	0.02757	0.25616	0.19262	0.24339	0.02497	0.06079	0.00396	0.00650	0.01794	0.00832	0.00797
4	0.01668	0.00834	0.00834	0.00834	0.01042	0.00834	0.00625	0.02085	0.01876	0.03335	0.02918	0.03335	0.02293	0.01042	0.00625	0.00208	0.00417	0.00834	0.73525	0.00834
5	0.01989	0.01799	0.02957	0.15747	0.38330	0.01888	0.02339	0.02550	0.05052	0.02712	0.02054	0.03108	0.01817	0.01190	0.01138	0.06381	0.01021	0.06237	0.00492	0.01197
6	0.01574	0.01334	0.02018	0.02275	0.12071	0.01334	0.06173	0.02214	0.09770	0.02819	0.10101	0.29352	0.04546	0.01945	0.01064	0.00331	0.00744	0.08578	0.00761	0.00997
7	0.02227	0.04985	0.06375	0.06603	0.22838	0.07675	0.09152	0.06286	0.06983	0.02846	0.01923	0.04851	0.01636	0.01150	0.01210	0.05444	0.05230	0.00874	0.00512	0.01200
8	0.06060	0.08086	0.15862	0.05790	0.05624	0.06816	0.08567	0.15534	0.09289	0.03452	0.01900	0.02138	0.01439	0.00966	0.00964	0.00279	0.04608	0.00767	0.00580	0.01281

[dist]
# distance from previous block
# <min> <max>
1	6

[block]
# block no. 7 follows, 19 sequences, length 17
# corresponding to MSA columns:
# 214-230
name=unknown_H
#
# <colnr> <probs for GDERKNQSTAVLIFYWHMCP>
#	G	D	E	R	K	N	Q	S	T	A	V	L	I	F	Y	W	H	M	C	P
0	0.01824	0.02117	0.12786	0.03059	0.22415	0.01816	0.02104	0.02347	0.04135	0.02564	0.02292	0.03269	0.04223	0.04574	0.09027	0.05542	0.09767	0.04549	0.00489	0.01101
1	0.01475	0.01192	0.01364	0.01316	0.01609	0.01231	0.00990	0.02426	0.19543	0.03071	0.20383	0.14793	0.18741	0.02209	0.05184	0.00380	0.00656	0.01594	0.00872	0.00972
2	0.01221	0.00913	0.01133	0.01078	0.01309	0.00825	0.00808	0.01600	0.02425	0.03333	0.50900	0.07101	0.20206	0.01924	0.01056	0.00286	0.00429	0.01677	0.00951	0.00825
3	0.09604	0.04774	0.01707	0.01425	0.01785	0.12936	0.01123	0.07296	0.05979	0.03281	0.02272	0.02568	0.01798	0.01035	0.00840	0.00242	0.05114	0.00743	0.34479	0.01001
4	0.74878	0.01730	0.01315	0.01177	0.01730	0.02007	0.00969	0.02630	0.01523	0.04014	0.01246	0.01453	0.00969	0.00830	0.00554	0.00277	0.00692	0.00484	0.00554	0.00969
5	0.01431	0.01516	0.06341	0.05925	0.02621	0.01290	0.16203	0.01834	0.01870	0.02485	0.04192	0.35819	0.10797	0.01969	0.01076	0.00331	0.00859	0.01854	0.00677	0.00909
6	0.02451	0.37708	0.05966	0.01706	0.02332	0.14913	0.01536	0.05643	0.05957	0.02495	0.05274	0.02253	0.01846	0.05359	0.00958	0.00264	0.01046	0.00678	0.00504	0.01111
7	0.01102	0.00794	0.01024	0.01202	0.01269	0.00738	0.00800	0.01252	0.01708	0.02255	0.05084	0.59383	0.09832	0.07315	0.01372	0.00394	0.00538	0.02410	0.00811	0.00716
8	0.01850	0.02027	0.07508	0.19350	0.14001	0.02102	0.11138	0.02348	0.01780	0.02492	0.01906	0.09369	0.01762	0.01221	0.01429	0.00321	0.16833	0.01014	0.00458	0.01090
9	0.20412	0.01747	0.01941	0.01557	0.02188	0.01765	0.01269	0.14057	0.05695	0.28098	0.02658	0.05456	0.01924	0.01088	0.00811	0.00270	0.00765	0.00839	0.00870	0.06590
10	0.74878	0.01730	0.01315	0.01177	0.01730	0.02007	0.00969	0.02630	0.01523	0.04014	0.01246	0.01453	0.00969	0.00830	0.00554	0.00277	0.00692	0.00484	0.00554	0.00969
11	0.01232	0.00938	0.01376	0.07760	0.01909	0.01023	0.01120	0.01503	0.01600	0.02193	0.03490	0.33250	0.03838	0.04327	0.29112	0.00828	0.01408	0.01676	0.00634	0.00785
12	0.01994	0.01585	0.01920	0.05258	0.02375	0.01249	0.01163	0.02400	0.01900	0.07063	0.01724	0.01969	0.01379	0.00707	0.00693	0.00152	0.00701	0.00571	0.00562	0.64634
13	0.01855	0.01590	0.01855	0.01325	0.02120	0.01193	0.01060	0.02253	0.01855	0.02915	0.01590	0.01855	0.01325	0.00663	0.00663	0.00133	0.00663	0.00530	0.00530	0.74028
14	0.11841	0.60315	0.04248	0.01485	0.02222	0.03340	0.01458	0.02673	0.01779	0.02354	0.01244	0.01438	0.01125	0.00774	0.00571	0.00202	0.00922	0.00479	0.00405	0.01125
15	0.02170	0.02392	0.10053	0.05178	0.56683	0.02121	0.02805	0.02755	0.02021	0.02913	0.01675	0.02180	0.01387	0.00803	0.00882	0.00268	0.01090	0.00783	0.00436	0.01407
16	0.01855	0.01590	0.01855	0.01325	0.02120	0.01193	0.01060	0.02253	0.01855	0.02915	0.01590	0.01855	0.01325	0.00663	0.00663	0.00133	0.00663	0.00530	0.00530	0.74028

[dist]
# distance from previous block
# <min> <max>
0	1

[block]
# block no. 8 follows, 19 sequences, length 8
# corresponding to MSA columns:
# 232-239
name=unknown_I
#
# <colnr> <probs for GDERKNQSTAVLIFYWHMCP>
#	G	D	E	R	K	N	Q	S	T	A	V	L	I	F	Y	W	H	M	C	P
0	0.09017	0.02923	0.02731	0.03238	0.23842	0.28045	0.01961	0.05575	0.05752	0.02909	0.04474	0.02169	0.01675	0.00935	0.00834	0.00255	0.01204	0.00729	0.00531	0.01199
1	0.01116	0.00873	0.00966	0.01007	0.01202	0.00772	0.00704	0.01306	0.01888	0.02364	0.10835	0.21296	0.37313	0.12379	0.01605	0.00400	0.00528	0.01927	0.00798	0.00723
2	0.05451	0.02348	0.02233	0.12570	0.02979	0.16776	0.01597	0.13263	0.11212	0.10977	0.02533	0.02829	0.03919	0.06059	0.01141	0.00316	0.01059	0.00855	0.00698	0.01184
3	0.01668	0.00834	0.00834	0.00834	0.01042	0.00834	0.00625	0.02085	0.01876	0.03335	0.02918	0.03335	0.02293	0.01042	0.00625	0.00208	0.00417	0.00834	0.73525	0.00834
4	0.04819	0.03014	0.32792	0.02166	0.02968	0.01805	0.07279	0.02413	0.01937	0.02902	0.14403	0.03216	0.02834	0.06071	0.01361	0.00337	0.07098	0.00946	0.00532	0.01108
5	0.02587	0.01713	0.01947	0.01708	0.02221	0.01851	0.01336	0.04330	0.40588	0.19194	0.03730	0.09182	0.02888	0.01332	0.00929	0.00302	0.00705	0.01123	0.00954	0.01381
6	0.02219	0.01742	0.02051	0.05519	0.02430	0.01941	0.01429	0.08432	0.29527	0.06803	0.02731	0.02863	0.02112	0.01696	0.06200	0.05388	0.05712	0.00882	0.00740	0.09585
7	0.01863	0.01773	0.03075	0.52845	0.05721	0.02079	0.11061	0.06071	0.01992	0.02588	0.01659	0.02374	0.01239	0.00885	0.00919	0.00297	0.01227	0.00835	0.00438	0.01060

[dist]
# distance from previous block
# <min> <max>
0	1

[block]
# block no. 9 follows, 19 sequences, length 24
# corresponding to MSA columns:
# 241-264
name=unknown_J
#
# <colnr> <probs for GDERKNQSTAVLIFYWHMCP>
#	G	D	E	R	K	N	Q	S	T	A	V	L	I	F	Y	W	H	M	C	P
0	0.03484	0.02372	0.02602	0.01995	0.02708	0.02576	0.01648	0.52413	0.03982	0.13537	0.02336	0.02270	0.01616	0.01079	0.00896	0.00270	0.00954	0.00818	0.00924	0.01522
1	0.02264	0.28179	0.16447	0.02413	0.10978	0.02531	0.05559	0.04893	0.02007	0.05346	0.01593	0.01847	0.01278	0.00800	0.00741	0.00226	0.01036	0.00633	0.00464	0.10765
2	0.02036	0.01877	0.07591	0.01762	0.02172	0.05579	0.06387	0.12601	0.02157	0.05516	0.02653	0.13626	0.02629	0.17393	0.06319	0.05833	0.01071	0.01203	0.00634	0.00961
3	0.01202	0.00949	0.01092	0.01085	0.01343	0.00859	0.00823	0.01594	0.04507	0.02884	0.26875	0.11284	0.34488	0.02118	0.01067	0.00306	0.00480	0.05340	0.00887	0.00815
4	0.05673	0.05999	0.13615	0.06042	0.02931	0.20681	0.01954	0.07586	0.10380	0.02863	0.01844	0.02135	0.01465	0.01395	0.05307	0.00353	0.07368	0.00719	0.00534	0.01157
5	0.01668	0.00834	0.00834	0.00834	0.01042	0.00834	0.00625	0.02085	0.01876	0.03335	0.02918	0.03335	0.02293	0.01042	0.00625	0.00208	0.00417	0.00834	0.73525	0.00834
6	0.02855	0.02276	0.02536	0.06880	0.07520	0.05731	0.01723	0.37990	0.06753	0.04438	0.02169	0.02497	0.01679	0.04884	0.05630	0.00384	0.01117	0.00840	0.00754	0.01342
7	0.01451	0.00777	0.01137	0.01183	0.01195	0.00766	0.00789	0.01183	0.01287	0.01716	0.02303	0.17185	0.02521	0.03040	0.02975	0.57654	0.00720	0.01169	0.00486	0.00463
8	0.02196	0.05381	0.16552	0.07128	0.06019	0.02113	0.11688	0.10695	0.11049	0.05468	0.02491	0.03402	0.02056	0.01143	0.00946	0.00301	0.01093	0.08394	0.00629	0.01257
9	0.02320	0.01768	0.02714	0.30921	0.17970	0.01940	0.02172	0.09578	0.02297	0.11711	0.06087	0.02703	0.01922	0.00987	0.00904	0.00283	0.01024	0.00868	0.00609	0.01220
10	0.64793	0.01757	0.01413	0.01266	0.01813	0.02037	0.01031	0.02925	0.09829	0.03976	0.01578	0.01715	0.01213	0.00884	0.00603	0.00281	0.00694	0.00558	0.00603	0.01031
11	0.02025	0.01941	0.03296	0.32892	0.09919	0.02151	0.16038	0.06664	0.10318	0.02906	0.01973	0.02494	0.01487	0.00909	0.00935	0.00295	0.01176	0.00889	0.00519	0.01175
12	0.01886	0.08981	0.51842	0.02747	0.07613	0.02199	0.06912	0.02819	0.01908	0.02789	0.01598	0.01912	0.01168	0.00834	0.00846	0.00277	0.01292	0.00683	0.00387	0.01308
13	0.02365	0.01891	0.02027	0.01803	0.02323	0.02154	0.01408	0.04723	0.56769	0.08417	0.03633	0.03315	0.02691	0.01205	0.00910	0.00301	0.00712	0.01003	0.00926	0.01424
14	0.01592	0.01420	0.02040	0.01859	0.01945	0.01868	0.01506	0.01854	0.01407	0.02112	0.01832	0.02795	0.01746	0.04333	0.36324	0.00954	0.32217	0.00877	0.00439	0.00882
15	0.01185	0.00916	0.01229	0.01510	0.06102	0.00849	0.00955	0.01402	0.01854	0.02451	0.09558	0.48103	0.15588	0.02483	0.01101	0.00339	0.00543	0.02226	0.00811	0.00794
16	0.02043	0.09837	0.04812	0.01531	0.01996	0.09415	0.01249	0.08051	0.02145	0.02827	0.11774	0.03467	0.02868	0.15711	0.01702	0.00366	0.03562	0.00918	0.00606	0.15120
17	0.02193	0.01902	0.02063	0.05767	0.02561	0.02211	0.01481	0.04603	0.57722	0.03653	0.03516	0.03280	0.02637	0.01194	0.00909	0.00303	0.00738	0.00998	0.00879	0.01390
18	0.02428	0.02368	0.02041	0.04399	0.02377	0.19342	0.01411	0.12929	0.16030	0.03340	0.11503	0.05928	0.06471	0.04160	0.01071	0.00300	0.00970	0.01054	0.00750	0.01128
19	0.01283	0.00937	0.01330	0.01330	0.01452	0.01060	0.00983	0.01528	0.01406	0.01997	0.02495	0.04063	0.02475	0.21193	0.50855	0.01304	0.02038	0.01039	0.00494	0.00739
20	0.02795	0.03079	0.02569	0.07138	0.10916	0.32743	0.01835	0.08354	0.13422	0.02874	0.01960	0.02185	0.01556	0.01188	0.03268	0.00302	0.01318	0.00736	0.00575	0.01188
21	0.01319	0.01015	0.01157	0.01084	0.01357	0.00936	0.00813	0.05388	0.02363	0.03114	0.31935	0.07178	0.31381	0.05522	0.01232	0.00321	0.00497	0.01665	0.00888	0.00834
22	0.03102	0.02357	0.02517	0.01998	0.02661	0.02635	0.01628	0.45954	0.18733	0.05156	0.02528	0.02450	0.01829	0.01110	0.00899	0.00277	0.00914	0.00858	0.00899	0.01495
23	0.01186	0.00878	0.01031	0.01044	0.01202	0.00805	0.00718	0.01401	0.01944	0.02567	0.22580	0.16949	0.22362	0.19073	0.01959	0.00450	0.00560	0.01765	0.00803	0.00723

[dist]
# distance from previous block
# <min> <max>
15	27

[block]
# block no. 10 follows, 19 sequences, length 28
# corresponding to MSA columns:
# 298-325
name=unknown_K
#
# <colnr> <probs for GDERKNQSTAVLIFYWHMCP>
#	G	D	E	R	K	N	Q	S	T	A	V	L	I	F	Y	W	H	M	C	P
0	0.01311	0.00922	0.01037	0.01029	0.01271	0.00819	0.00752	0.01551	0.02001	0.05629	0.13991	0.12938	0.35152	0.10233	0.01467	0.00371	0.00532	0.03536	0.04673	0.00783
1	0.02497	0.02111	0.02771	0.02710	0.13807	0.02304	0.06624	0.20993	0.20839	0.04023	0.06778	0.02863	0.02339	0.01115	0.01014	0.00288	0.03846	0.00945	0.00763	0.01371
2	0.01136	0.00887	0.01005	0.01016	0.01235	0.00783	0.00732	0.01384	0.02060	0.02643	0.21728	0.16217	0.35817	0.07694	0.01357	0.00352	0.00489	0.01862	0.00847	0.00757
3	0.01838	0.01634	0.02146	0.04420	0.02451	0.01379	0.05191	0.02245	0.01833	0.02808	0.01727	0.04860	0.01516	0.00832	0.00866	0.00178	0.04961	0.00683	0.00523	0.57908
4	0.01728	0.01609	0.02862	0.41257	0.09153	0.01822	0.10757	0.02216	0.01792	0.02351	0.01907	0.07909	0.01663	0.01229	0.01176	0.07032	0.01136	0.00979	0.00444	0.00978
5	0.10474	0.02146	0.02389	0.07138	0.06602	0.05505	0.01637	0.27839	0.05649	0.15394	0.02375	0.04898	0.01769	0.01090	0.00866	0.00276	0.00937	0.00855	0.00807	0.01355
6	0.01756	0.01719	0.09296	0.01993	0.09426	0.01384	0.01531	0.06984	0.04780	0.06080	0.09988	0.13344	0.17733	0.01762	0.01016	0.00311	0.00756	0.08329	0.00764	0.01050
7	0.01231	0.00900	0.01084	0.01165	0.01271	0.00873	0.00776	0.01525	0.05507	0.02352	0.09529	0.36023	0.10950	0.20223	0.02027	0.00482	0.00610	0.01968	0.00771	0.00734
8	0.02486	0.37816	0.13369	0.01876	0.02619	0.19452	0.01828	0.02885	0.02059	0.02326	0.04753	0.01847	0.01553	0.00880	0.00707	0.00221	0.01159	0.00597	0.00436	0.01129
9	0.05720	0.07131	0.42417	0.02484	0.08311	0.01997	0.02688	0.02865	0.01987	0.08467	0.06121	0.02320	0.01773	0.00934	0.00843	0.00276	0.01133	0.00744	0.00503	0.01287
10	0.03125	0.12691	0.02926	0.02446	0.07667	0.47257	0.01784	0.07252	0.02512	0.02475	0.01441	0.01676	0.01199	0.00901	0.00788	0.00231	0.01437	0.00597	0.00479	0.01117
11	0.05655	0.01991	0.09416	0.06376	0.02563	0.01838	0.01619	0.09017	0.23163	0.03479	0.08938	0.04461	0.08056	0.01413	0.00948	0.00307	0.00812	0.07988	0.00778	0.01181
12	0.02093	0.02507	0.13905	0.08171	0.25441	0.02150	0.09429	0.03272	0.17640	0.03070	0.02194	0.02490	0.01690	0.00918	0.00907	0.00285	0.01078	0.00861	0.00553	0.01344
13	0.01370	0.01029	0.01490	0.01458	0.01609	0.01226	0.01142	0.01688	0.01472	0.02198	0.02343	0.03370	0.02154	0.05768	0.54013	0.01239	0.07535	0.00933	0.07145	0.00817
14	0.01903	0.02193	0.08822	0.11360	0.06901	0.06153	0.19402	0.02605	0.05805	0.02782	0.07864	0.08614	0.02715	0.01252	0.01049	0.00307	0.02821	0.05785	0.00575	0.01093
15	0.01175	0.00846	0.01104	0.01198	0.01319	0.00788	0.00844	0.01431	0.02009	0.02739	0.25143	0.39169	0.08686	0.05248	0.01259	0.00356	0.00511	0.04539	0.00872	0.00765
16	0.02162	0.02012	0.02025	0.07053	0.02436	0.10825	0.01441	0.12280	0.12547	0.03171	0.07917	0.04059	0.14837	0.03630	0.01304	0.00314	0.09085	0.01104	0.00714	0.01084
17	0.01281	0.00920	0.01131	0.01090	0.01328	0.00825	0.00812	0.01625	0.02329	0.05060	0.41101	0.12154	0.23024	0.02007	0.01058	0.00294	0.00449	0.01746	0.00933	0.00831
18	0.01953	0.01800	0.04985	0.13830	0.13492	0.01832	0.01821	0.08659	0.14800	0.03109	0.03416	0.04318	0.09468	0.04884	0.01146	0.00333	0.00904	0.07420	0.00673	0.01155
19	0.12822	0.01548	0.01982	0.01540	0.02215	0.01401	0.01272	0.04145	0.02432	0.56192	0.03246	0.02847	0.02060	0.01073	0.00857	0.00277	0.00753	0.00848	0.01038	0.01454
20	0.02001	0.10105	0.02760	0.02022	0.02358	0.02245	0.06857	0.10424	0.01925	0.02688	0.01800	0.02495	0.01602	0.03085	0.23465	0.00699	0.21098	0.00833	0.00499	0.01037
21	0.03342	0.04264	0.02535	0.02305	0.02766	0.64967	0.01729	0.03572	0.02535	0.02190	0.01383	0.01613	0.01152	0.00922	0.00807	0.00230	0.01613	0.00576	0.00461	0.01037
22	0.02205	0.01620	0.02370	0.08627	0.02632	0.01929	0.04558	0.02507	0.01794	0.15482	0.02775	0.08411	0.06919	0.01739	0.04547	0.00388	0.28739	0.01069	0.00626	0.01062
23	0.01201	0.00825	0.01005	0.01103	0.01128	0.00801	0.00678	0.01275	0.01495	0.01994	0.03816	0.35182	0.04511	0.37515	0.02943	0.00629	0.00703	0.01888	0.00678	0.00629
24	0.70219	0.01915	0.05306	0.01264	0.01867	0.02011	0.01118	0.02643	0.01546	0.03939	0.01269	0.01481	0.00979	0.00832	0.00573	0.00277	0.00732	0.00496	0.00542	0.00991
25	0.02432	0.05592	0.21865	0.06894	0.06374	0.01907	0.06095	0.06071	0.06722	0.17012	0.07920	0.02794	0.02240	0.01029	0.00894	0.00280	0.01019	0.00875	0.00679	0.01307
26	0.03508	0.02334	0.02578	0.01977	0.02688	0.02519	0.01633	0.50246	0.03918	0.15794	0.02390	0.02305	0.01643	0.01080	0.00896	0.00270	0.00945	0.00822	0.00932	0.01522
27	0.01679	0.01614	0.02883	0.14687	0.06395	0.01716	0.18092	0.02124	0.01861	0.02542	0.07920	0.15611	0.02988	0.06953	0.01526	0.00366	0.08189	0.01321	0.00563	0.00972

[dist]
# distance from previous block
# <min> <max>
1	2

[block]
# block no. 11 follows, 19 sequences, length 23
# corresponding to MSA columns:
# 328-350
name=unknown_L
#
# <colnr> <probs for GDERKNQSTAVLIFYWHMCP>
#	G	D	E	R	K	N	Q	S	T	A	V	L	I	F	Y	W	H	M	C	P
0	0.01790	0.01501	0.01763	0.01383	0.02035	0.01240	0.01103	0.02392	0.07777	0.03006	0.06636	0.05158	0.02449	0.01020	0.00778	0.00191	0.00658	0.05360	0.00635	0.53126
1	0.01266	0.00859	0.01009	0.01033	0.01064	0.00844	0.00619	0.01335	0.01498	0.02021	0.09714	0.15246	0.04223	0.51359	0.03657	0.00727	0.00766	0.01522	0.00634	0.00603
2	0.01526	0.01438	0.01337	0.01341	0.01618	0.09661	0.01017	0.01952	0.06564	0.02527	0.08613	0.16242	0.28482	0.02367	0.05072	0.00384	0.00801	0.07435	0.00771	0.00854
3	0.01187	0.00822	0.01017	0.01125	0.01161	0.00792	0.00707	0.01287	0.01568	0.02098	0.06247	0.38914	0.04870	0.31021	0.02605	0.00577	0.00665	0.01974	0.00713	0.00652
4	0.02410	0.01842	0.02353	0.09694	0.02847	0.02015	0.07531	0.22970	0.11616	0.04030	0.02478	0.02706	0.01855	0.01031	0.00841	0.00264	0.00869	0.00869	0.20558	0.01221
5	0.01548	0.01180	0.01453	0.01468	0.03775	0.01178	0.01058	0.07941	0.07260	0.03324	0.27524	0.20623	0.11576	0.01967	0.01050	0.00309	0.00573	0.04358	0.00891	0.00945
6	0.02493	0.07476	0.09654	0.03344	0.27483	0.08918	0.02139	0.02905	0.02056	0.12032	0.01990	0.02512	0.01606	0.01150	0.01121	0.07523	0.01061	0.02755	0.00544	0.01238
7	0.02432	0.57355	0.04592	0.01822	0.02580	0.07922	0.07634	0.02764	0.01901	0.02191	0.01313	0.01551	0.01170	0.00776	0.00642	0.00206	0.01063	0.00546	0.00396	0.01146
8	0.01118	0.00902	0.00999	0.01023	0.01278	0.00783	0.00769	0.01379	0.02083	0.02602	0.16715	0.14613	0.44592	0.02267	0.01077	0.00312	0.00479	0.05383	0.00854	0.00770
9	0.01417	0.01247	0.06363	0.01242	0.01576	0.00958	0.01051	0.01865	0.02429	0.06218	0.49143	0.06320	0.13216	0.01760	0.01031	0.00283	0.00515	0.01534	0.00925	0.00906
10	0.01138	0.00936	0.01008	0.01027	0.01299	0.00826	0.00771	0.01464	0.04195	0.02553	0.12298	0.14554	0.47622	0.02260	0.01069	0.00312	0.00485	0.04551	0.00845	0.00786
11	0.01855	0.01590	0.01855	0.01325	0.02120	0.01193	0.01060	0.02253	0.01855	0.02915	0.01590	0.01855	0.01325	0.00663	0.00663	0.00133	0.00663	0.00530	0.00530	0.74028
12	0.02222	0.15938	0.35888	0.02423	0.03469	0.07602	0.08596	0.08498	0.02181	0.02927	0.01596	0.01864	0.01199	0.00852	0.00822	0.00263	0.01266	0.00676	0.00444	0.01274
13	0.02352	0.01825	0.02007	0.01720	0.02275	0.01955	0.01373	0.12403	0.33831	0.07548	0.03483	0.03713	0.05393	0.01260	0.00907	0.00282	0.00744	0.05215	0.00860	0.10852
14	0.01855	0.01590	0.01855	0.01325	0.02120	0.01193	0.01060	0.02253	0.01855	0.02915	0.01590	0.01855	0.01325	0.00663	0.00663	0.00133	0.00663	0.00530	0.00530	0.74028
15	0.01928	0.07907	0.05987	0.10279	0.08088	0.02321	0.10386	0.02510	0.06094	0.02488	0.02027	0.02574	0.04312	0.01575	0.06146	0.00398	0.22548	0.00874	0.00469	0.01090
16	0.01068	0.00907	0.00921	0.00917	0.01215	0.00760	0.00688	0.01304	0.02064	0.02476	0.11757	0.08513	0.59884	0.02244	0.01057	0.00301	0.00452	0.01875	0.00839	0.00760
17	0.01623	0.01286	0.01523	0.01498	0.01813	0.01355	0.01202	0.02731	0.22039	0.03268	0.20966	0.06751	0.09988	0.01853	0.01061	0.00330	0.00642	0.18148	0.00899	0.01022
18	0.02197	0.02085	0.03790	0.12156	0.21445	0.02122	0.23133	0.07386	0.02187	0.05192	0.01990	0.06086	0.01652	0.00970	0.01037	0.00294	0.03517	0.00995	0.00522	0.01242
19	0.01188	0.00956	0.01070	0.01079	0.01339	0.00867	0.00809	0.01586	0.05493	0.02725	0.18839	0.15231	0.38638	0.02193	0.01067	0.00311	0.00487	0.04446	0.00866	0.00811
20	0.08439	0.10671	0.24363	0.01787	0.02491	0.01825	0.01892	0.02434	0.05601	0.02851	0.09682	0.11483	0.02876	0.01856	0.07570	0.00404	0.01075	0.01045	0.00574	0.01081
21	0.01270	0.00871	0.01000	0.01011	0.01046	0.00866	0.00600	0.01314	0.01386	0.01835	0.03379	0.09133	0.07855	0.56580	0.07569	0.00831	0.00905	0.01390	0.00575	0.00583
22	0.23441	0.02246	0.12008	0.04541	0.09588	0.06541	0.04466	0.02468	0.01881	0.03086	0.06470	0.06782	0.02350	0.01267	0.00944	0.03070	0.00951	0.06303	0.00562	0.01037

[dist]
# distance from previous block
# <min> <max>
2	4

[block]
# block no. 12 follows, 19 sequences, length 11
# corresponding to MSA columns:
# 355-365
name=unknown_M
#
# <colnr> <probs for GDERKNQSTAVLIFYWHMCP>
#	G	D	E	R	K	N	Q	S	T	A	V	L	I	F	Y	W	H	M	C	P
0	0.01594	0.01348	0.01936	0.11893	0.02625	0.01411	0.06536	0.04900	0.10008	0.02963	0.14160	0.16935	0.11380	0.01762	0.01036	0.00318	0.00765	0.06689	0.00767	0.00973
1	0.03081	0.01549	0.01989	0.01739	0.04874	0.01482	0.01302	0.13672	0.02616	0.34235	0.05681	0.12304	0.02902	0.06811	0.01234	0.00335	0.00777	0.01169	0.00949	0.01300
2	0.06602	0.01522	0.01951	0.01517	0.02177	0.01343	0.01238	0.03831	0.05319	0.45497	0.06993	0.03057	0.02464	0.01084	0.00861	0.00258	0.00720	0.00881	0.00983	0.11704
3	0.01601	0.05627	0.01655	0.01402	0.01727	0.01405	0.01115	0.02554	0.18103	0.03284	0.29246	0.08434	0.09149	0.01749	0.01014	0.00304	0.00595	0.09144	0.00888	0.01004
4	0.01101	0.00809	0.01034	0.01187	0.01288	0.00741	0.00810	0.01291	0.01833	0.02420	0.10681	0.54079	0.14164	0.02640	0.01122	0.00347	0.00501	0.02368	0.00844	0.00741
5	0.01869	0.01856	0.03164	0.12004	0.03444	0.02162	0.18361	0.02522	0.07255	0.02512	0.01861	0.02551	0.01560	0.02098	0.12728	0.00526	0.21084	0.00915	0.00474	0.01056
6	0.01554	0.00777	0.01166	0.01166	0.01166	0.00777	0.00777	0.01166	0.01166	0.01554	0.01554	0.02720	0.01554	0.03108	0.03497	0.73970	0.00777	0.00777	0.00389	0.00389
7	0.06164	0.03178	0.03065	0.03394	0.22291	0.33080	0.07420	0.03249	0.04933	0.02644	0.01615	0.01952	0.01319	0.00875	0.00848	0.00254	0.01342	0.00707	0.00479	0.01189
8	0.12618	0.01880	0.01921	0.01660	0.02197	0.02111	0.01314	0.12591	0.36107	0.03994	0.02903	0.02807	0.02184	0.01094	0.00821	0.00277	0.00723	0.00865	0.06622	0.05312
9	0.02875	0.02184	0.02275	0.01823	0.02453	0.05955	0.01459	0.28069	0.16407	0.09849	0.02519	0.02593	0.01887	0.04072	0.01025	0.00282	0.00888	0.00830	0.00824	0.11729
10	0.01867	0.17244	0.46397	0.02217	0.03328	0.02261	0.02728	0.02700	0.01932	0.02755	0.06996	0.02228	0.01792	0.00921	0.00813	0.00265	0.01168	0.00710	0.00433	0.01244

[dist]
# distance from previous block
# <min> <max>
1	3

[block]
# block no. 13 follows, 19 sequences, length 11
# corresponding to MSA columns:
# 369-379
name=unknown_N
#
# <colnr> <probs for GDERKNQSTAVLIFYWHMCP>
#	G	D	E	R	K	N	Q	S	T	A	V	L	I	F	Y	W	H	M	C	P
0	0.01928	0.06537	0.02681	0.07584	0.02726	0.05850	0.09143	0.06088	0.01972	0.02656	0.07212	0.13709	0.02688	0.01710	0.04357	0.00365	0.17708	0.01156	0.00571	0.03361
1	0.01123	0.00792	0.01028	0.01204	0.01248	0.00749	0.00786	0.01254	0.01649	0.02198	0.04602	0.58311	0.05503	0.13032	0.01673	0.00442	0.00573	0.02350	0.00786	0.00698
2	0.02147	0.01940	0.03076	0.32162	0.29222	0.02155	0.02483	0.10559	0.02230	0.03019	0.01707	0.02281	0.01332	0.00879	0.00891	0.00281	0.01110	0.00797	0.00486	0.01243
3	0.02218	0.01625	0.01921	0.01438	0.02136	0.01387	0.01161	0.07769	0.02158	0.11025	0.02501	0.02606	0.06569	0.00933	0.00849	0.00190	0.03626	0.00728	0.00658	0.48503
4	0.02348	0.02278	0.06934	0.02375	0.07673	0.09350	0.09225	0.11741	0.02351	0.07553	0.02880	0.03153	0.09404	0.01664	0.06599	0.00384	0.08267	0.00959	0.03710	0.01153
5	0.01265	0.00969	0.01168	0.01142	0.01375	0.00910	0.00846	0.01762	0.06671	0.03151	0.37934	0.15051	0.20390	0.02016	0.01057	0.00299	0.00463	0.01760	0.00923	0.00850
6	0.01749	0.01651	0.02792	0.59456	0.12646	0.02003	0.02514	0.02338	0.01817	0.02359	0.01601	0.02366	0.01218	0.00883	0.00893	0.00294	0.01178	0.00795	0.00403	0.01042
7	0.01148	0.00835	0.01094	0.01214	0.01310	0.00811	0.00837	0.01339	0.01715	0.02300	0.08590	0.43076	0.10009	0.09389	0.11381	0.00566	0.00831	0.02064	0.00760	0.00731
8	0.01966	0.01792	0.02771	0.44772	0.09977	0.02197	0.02341	0.08825	0.02022	0.02699	0.01601	0.02282	0.01246	0.01004	0.01189	0.00306	0.10674	0.00795	0.00457	0.01087
9	0.05875	0.01946	0.05819	0.06387	0.02607	0.01921	0.01530	0.10808	0.25109	0.12926	0.08890	0.03152	0.02707	0.01148	0.00886	0.00280	0.00791	0.00941	0.00838	0.05439
10	0.11715	0.12253	0.02483	0.01875	0.06495	0.12075	0.01423	0.03349	0.06159	0.19465	0.02191	0.02214	0.01611	0.00924	0.00755	0.00238	0.00912	0.00689	0.03595	0.09580

[dist]
# distance from previous block
# <min> <max>
1	5

[block]
# block no. 14 follows, 19 sequences, length 6
# corresponding to MSA columns:
# 385-390
name=unknown_O
#
# <colnr> <probs for GDERKNQSTAVLIFYWHMCP>
#	G	D	E	R	K	N	Q	S	T	A	V	L	I	F	Y	W	H	M	C	P
0	0.02506	0.09201	0.07322	0.01735	0.02268	0.02171	0.01487	0.22692	0.07575	0.07941	0.02346	0.03127	0.02013	0.17829	0.01884	0.00421	0.04695	0.00905	0.00699	0.01183
1	0.13138	0.00928	0.01189	0.01167	0.01255	0.00971	0.00807	0.01397	0.01222	0.01943	0.01505	0.02519	0.01462	0.02748	0.03032	0.62328	0.00764	0.00731	0.00415	0.00480
2	0.01655	0.02702	0.26985	0.09055	0.03387	0.01681	0.11302	0.02394	0.02131	0.03035	0.22179	0.03642	0.03640	0.01170	0.00956	0.00287	0.01034	0.01060	0.00596	0.01108
3	0.01731	0.02835	0.31634	0.02110	0.02909	0.01569	0.07039	0.02417	0.02000	0.06501	0.10002	0.16426	0.03285	0.01456	0.00974	0.00307	0.01006	0.04064	0.00617	0.01120
4	0.17421	0.01961	0.07361	0.19628	0.05660	0.02042	0.05318	0.02650	0.05607	0.06319	0.01911	0.06066	0.01594	0.01118	0.01166	0.00309	0.11399	0.00856	0.00532	0.01082
5	0.02326	0.03357	0.30936	0.02598	0.07195	0.06671	0.07137	0.08999	0.02218	0.08908	0.01877	0.02173	0.01385	0.01283	0.04806	0.00353	0.05207	0.00759	0.00527	0.01287

[dist]
# distance from previous block
# <min> <max>
0	1

[block]
# block no. 15 follows, 19 sequences, length 9
# corresponding to MSA columns:
# 392-400
name=unknown_P
#
# <colnr> <probs for GDERKNQSTAVLIFYWHMCP>
#	G	D	E	R	K	N	Q	S	T	A	V	L	I	F	Y	W	H	M	C	P
0	0.07917	0.01977	0.02096	0.01920	0.05729	0.07346	0.01433	0.13834	0.14558	0.13769	0.05685	0.07478	0.02587	0.01251	0.00891	0.00279	0.00842	0.03517	0.00818	0.06075
1	0.01774	0.10953	0.38573	0.07365	0.03503	0.02036	0.05919	0.02556	0.01938	0.02747	0.07802	0.06738	0.02189	0.01064	0.00874	0.00280	0.01139	0.00893	0.00474	0.01183
2	0.01439	0.01170	0.01600	0.01447	0.01776	0.01059	0.05668	0.05004	0.02042	0.02773	0.10299	0.33570	0.13368	0.02027	0.01025	0.00300	0.00629	0.01819	0.00772	0.12213
3	0.19856	0.02165	0.02405	0.10828	0.12507	0.06657	0.01749	0.22252	0.02642	0.03941	0.01891	0.05768	0.01557	0.01037	0.00820	0.00277	0.00972	0.00810	0.00642	0.01224
4	0.01991	0.16365	0.16364	0.15146	0.13246	0.02287	0.06850	0.05125	0.02016	0.02679	0.02317	0.02660	0.07294	0.00975	0.00846	0.00267	0.01093	0.00830	0.00467	0.01181
5	0.46008	0.13109	0.02034	0.01359	0.01929	0.05264	0.01148	0.06893	0.04462	0.03667	0.01536	0.01719	0.01215	0.00873	0.00614	0.00256	0.00784	0.00558	0.05517	0.01053
6	0.01349	0.01223	0.06255	0.01647	0.06857	0.00983	0.01164	0.01670	0.01847	0.02653	0.08733	0.41908	0.04782	0.02118	0.01009	0.00318	0.00607	0.01899	0.12120	0.00861
7	0.01155	0.00891	0.01054	0.01053	0.01278	0.00790	0.00775	0.01457	0.02209	0.02915	0.32100	0.16482	0.30315	0.02151	0.01069	0.00302	0.00449	0.01865	0.00899	0.00790
8	0.01619	0.01484	0.02508	0.19926	0.13636	0.01545	0.09629	0.02054	0.01898	0.02543	0.08163	0.14144	0.07303	0.08023	0.01342	0.00359	0.00952	0.01315	0.00580	0.00977

[dist]
# distance from previous block
# <min> <max>
0	1

[block]
# block no. 16 follows, 19 sequences, length 19
# corresponding to MSA columns:
# 402-420
name=unknown_Q
#
# <colnr> <probs for GDERKNQSTAVLIFYWHMCP>
#	G	D	E	R	K	N	Q	S	T	A	V	L	I	F	Y	W	H	M	C	P
0	0.01538	0.01204	0.01834	0.01592	0.01912	0.01152	0.09053	0.02128	0.07259	0.05621	0.35657	0.17565	0.06246	0.01789	0.01054	0.00302	0.00629	0.01640	0.00880	0.00946
1	0.02164	0.26809	0.25739	0.02424	0.09082	0.02490	0.05771	0.02773	0.01923	0.06266	0.01807	0.05694	0.01524	0.00938	0.00788	0.00254	0.01096	0.00757	0.00461	0.01240
2	0.36268	0.09652	0.02123	0.01583	0.02159	0.20467	0.01281	0.03006	0.01945	0.07369	0.01469	0.01637	0.01153	0.00858	0.00661	0.00244	0.00992	0.00543	0.00545	0.06042
3	0.01111	0.00788	0.01032	0.01218	0.01265	0.00741	0.00801	0.01251	0.01671	0.02228	0.04718	0.61701	0.05648	0.09443	0.01486	0.00414	0.00554	0.02418	0.00801	0.00708
4	0.02086	0.02474	0.14980	0.19401	0.16815	0.02071	0.14296	0.02933	0.06976	0.06321	0.01942	0.02379	0.01451	0.00876	0.00919	0.00288	0.01189	0.00848	0.00499	0.01255
5	0.01864	0.01621	0.01930	0.01411	0.02139	0.01323	0.01135	0.02244	0.01814	0.02851	0.01555	0.01864	0.01312	0.00738	0.00854	0.00154	0.06229	0.00551	0.00518	0.67891
6	0.01170	0.01030	0.04822	0.01315	0.01445	0.00836	0.00978	0.01374	0.01698	0.02279	0.04509	0.55114	0.05326	0.09311	0.01473	0.00412	0.00616	0.04771	0.00774	0.00748
7	0.02013	0.01750	0.01988	0.02029	0.08245	0.01940	0.01419	0.03912	0.44106	0.03468	0.07254	0.04128	0.11178	0.01349	0.00936	0.00298	0.00694	0.01143	0.00856	0.01295
8	0.02023	0.14600	0.26989	0.02007	0.02810	0.04679	0.04715	0.06484	0.02034	0.02886	0.02006	0.06700	0.01697	0.01048	0.00888	0.00263	0.03927	0.00818	0.12273	0.01153
