[name]
unknown

[dist]
# distance from previous block
# <min> <max>
1	8

[block]
# block no. 0 follows, 20 sequences, length 9
# corresponding to MSA columns:
# 8-16
name=unknown_A
#
# <colnr> <probs for GDERKNQSTAVLIFYWHMCP>
#	G	D	E	R	K	N	Q	S	T	A	V	L	I	F	Y	W	H	M	C	P
0	0.07626	0.01418	0.01480	0.07270	0.01988	0.06852	0.01082	0.05345	0.02023	0.06690	0.09100	0.18561	0.11424	0.06679	0.01170	0.00323	0.00723	0.01363	0.04775	0.04108
1	0.03995	0.01218	0.01577	0.04215	0.01898	0.01168	0.03182	0.05297	0.04980	0.08451	0.14571	0.23617	0.07391	0.04671	0.01108	0.00309	0.00640	0.01504	0.00783	0.09424
2	0.01757	0.01023	0.01270	0.01230	0.01515	0.00934	0.00911	0.02119	0.05447	0.16078	0.10396	0.30755	0.18979	0.02075	0.01022	0.00311	0.00545	0.01813	0.00886	0.00933
3	0.08153	0.01453	0.01376	0.01295	0.01543	0.08862	0.00961	0.05127	0.01862	0.05962	0.02649	0.11601	0.02506	0.12311	0.07848	0.00461	0.03223	0.01051	0.20894	0.00862
4	0.01104	0.00791	0.01049	0.01186	0.01274	0.00736	0.00813	0.01318	0.01862	0.02532	0.18877	0.53837	0.06360	0.02505	0.01093	0.00335	0.00483	0.02263	0.00846	0.00736
5	0.01610	0.01126	0.01460	0.01618	0.05621	0.01116	0.01139	0.03838	0.07451	0.07195	0.04424	0.27485	0.09418	0.08177	0.01364	0.00383	0.00680	0.14205	0.00788	0.00903
6	0.06302	0.01356	0.01969	0.06583	0.02252	0.01458	0.08489	0.07178	0.01912	0.02718	0.06944	0.28044	0.03616	0.08996	0.01543	0.00378	0.07181	0.01538	0.00660	0.00884
7	0.01235	0.00955	0.01352	0.01315	0.01492	0.00892	0.06143	0.01449	0.01711	0.02282	0.04754	0.33388	0.15248	0.14812	0.01685	0.00422	0.00650	0.03999	0.05483	0.00732
8	0.07748	0.01093	0.01304	0.01287	0.01530	0.01123	0.00956	0.06950	0.01841	0.02770	0.03277	0.31170	0.03499	0.02922	0.15115	0.00536	0.00962	0.01505	0.08070	0.06345

[dist]
# distance from previous block
# <min> <max>
2	25

[block]
# block no. 1 follows, 20 sequences, length 40
# corresponding to MSA columns:
# 43-82
name=unknown_B
#
# <colnr> <probs for GDERKNQSTAVLIFYWHMCP>
#	G	D	E	R	K	N	Q	S	T	A	V	L	I	F	Y	W	H	M	C	P
0	0.02823	0.04970	0.02143	0.01612	0.02206	0.01831	0.01312	0.23972	0.05811	0.20244	0.03264	0.09298	0.07322	0.01272	0.00875	0.00261	0.00770	0.01032	0.00861	0.08119
1	0.01121	0.00834	0.01037	0.01135	0.01270	0.00754	0.00778	0.01308	0.01774	0.02354	0.10449	0.45883	0.15153	0.06958	0.01295	0.00360	0.00516	0.02121	0.00791	0.04108
2	0.05233	0.01504	0.01732	0.01269	0.01988	0.01173	0.01012	0.02169	0.01847	0.02946	0.06533	0.02170	0.01836	0.00746	0.00672	0.00148	0.00628	0.00600	0.00554	0.65240
3	0.03471	0.01682	0.04870	0.01683	0.02392	0.01395	0.04140	0.03973	0.05546	0.50751	0.03134	0.02813	0.02031	0.01023	0.00864	0.00261	0.00790	0.00851	0.00963	0.07367
4	0.01809	0.01550	0.01809	0.01292	0.02067	0.01163	0.01034	0.02196	0.01809	0.02842	0.01550	0.01809	0.01292	0.00646	0.00646	0.00129	0.00646	0.00517	0.00517	0.74677
5	0.01649	0.01617	0.08700	0.07428	0.02499	0.01328	0.08926	0.04607	0.02357	0.06260	0.38033	0.04759	0.05389	0.01402	0.00980	0.00278	0.00745	0.01270	0.00783	0.00991
6	0.03263	0.04019	0.02484	0.02228	0.02697	0.60744	0.01683	0.08128	0.02603	0.02406	0.01409	0.01615	0.01153	0.00911	0.00793	0.00228	0.01524	0.00580	0.00484	0.01049
7	0.01170	0.00833	0.01078	0.01127	0.01244	0.00780	0.00781	0.01426	0.01999	0.02763	0.32353	0.31468	0.06615	0.10509	0.01484	0.00377	0.00503	0.01902	0.00846	0.00741
8	0.02564	0.04888	0.02286	0.07603	0.02646	0.02195	0.01516	0.24293	0.21775	0.08076	0.02609	0.02666	0.01945	0.01506	0.06104	0.00362	0.00965	0.00853	0.03843	0.01304
9	0.01153	0.00890	0.01058	0.01055	0.01289	0.00795	0.00802	0.01470	0.02187	0.02877	0.32533	0.10861	0.31178	0.02064	0.01048	0.00297	0.00461	0.06325	0.00876	0.00779
10	0.01904	0.08376	0.11587	0.01932	0.04817	0.04533	0.04301	0.09660	0.02081	0.02797	0.08191	0.12553	0.05076	0.04359	0.01440	0.05821	0.07866	0.01115	0.00590	0.01001
11	0.03316	0.02443	0.02618	0.02007	0.02705	0.02705	0.01658	0.60995	0.04101	0.05497	0.02094	0.02094	0.01483	0.01047	0.00873	0.00262	0.00960	0.00785	0.00873	0.01483
12	0.01554	0.01423	0.01757	0.01676	0.04162	0.07088	0.04034	0.01897	0.02068	0.02798	0.29564	0.10400	0.07779	0.02258	0.09028	0.00427	0.09150	0.01343	0.00717	0.00876
13	0.03153	0.11605	0.02710	0.02162	0.02645	0.58771	0.01664	0.03384	0.02393	0.02125	0.01333	0.01553	0.01123	0.00882	0.00761	0.00220	0.01500	0.00551	0.00441	0.01023
14	0.01259	0.00841	0.00954	0.00964	0.00967	0.00839	0.00542	0.01266	0.01288	0.01717	0.02848	0.08765	0.03297	0.66116	0.04279	0.00822	0.00829	0.01327	0.00542	0.00537
15	0.02030	0.05397	0.08727	0.23278	0.10862	0.08831	0.04662	0.02501	0.01862	0.05292	0.02026	0.05196	0.04161	0.01085	0.01141	0.00288	0.10265	0.00859	0.00468	0.01070
16	0.01871	0.01824	0.02512	0.02159	0.02229	0.02470	0.01787	0.02186	0.04224	0.02202	0.01357	0.02069	0.01293	0.01807	0.06916	0.00435	0.57017	0.00774	0.00418	0.04449
17	0.01258	0.01132	0.03771	0.01141	0.01450	0.00968	0.00912	0.01811	0.08269	0.02946	0.29255	0.09898	0.30140	0.01907	0.01011	0.00289	0.00494	0.01633	0.00859	0.00857
18	0.01063	0.00759	0.01012	0.01215	0.01265	0.00709	0.00810	0.01215	0.01670	0.02227	0.04808	0.68775	0.05769	0.02733	0.01113	0.00354	0.00506	0.02480	0.00810	0.00709
19	0.01946	0.01816	0.02825	0.20171	0.10424	0.02174	0.07680	0.07596	0.01869	0.02586	0.01880	0.02486	0.04532	0.01249	0.01666	0.03729	0.23017	0.00852	0.00462	0.01039
20	0.01515	0.00758	0.01136	0.01136	0.01136	0.00758	0.00758	0.01136	0.01136	0.01515	0.01515	0.02652	0.01515	0.03030	0.03409	0.74621	0.00758	0.00758	0.00379	0.00379
21	0.07516	0.23723	0.11403	0.02030	0.05409	0.13492	0.01797	0.14206	0.07231	0.03117	0.01662	0.01808	0.01313	0.00882	0.00734	0.00237	0.01063	0.00625	0.00537	0.01215
22	0.02051	0.01496	0.01808	0.01335	0.02051	0.01173	0.01071	0.02426	0.01871	0.11093	0.01864	0.02085	0.01475	0.01141	0.05513	0.00242	0.00784	0.00596	0.00589	0.59335
23	0.66353	0.01661	0.01377	0.01199	0.01756	0.01871	0.00988	0.02780	0.01614	0.11661	0.01499	0.01615	0.01100	0.00844	0.00583	0.00270	0.00683	0.00524	0.00609	0.01014
24	0.01890	0.04886	0.06146	0.04871	0.02298	0.04150	0.01274	0.02310	0.01961	0.06124	0.09480	0.02767	0.05218	0.00924	0.00750	0.00188	0.00737	0.00752	0.00589	0.42686
25	0.47028	0.07638	0.01914	0.04459	0.02179	0.12913	0.01235	0.05937	0.01871	0.06041	0.01394	0.01586	0.01080	0.00847	0.00631	0.00256	0.00888	0.00535	0.00545	0.01023
26	0.02488	0.02001	0.02118	0.01806	0.02349	0.02275	0.01433	0.21218	0.42741	0.04181	0.03092	0.02911	0.02297	0.01137	0.00872	0.00282	0.00759	0.00920	0.03730	0.01389
27	0.01924	0.01607	0.02046	0.01599	0.05095	0.01256	0.03741	0.02331	0.01857	0.05410	0.01643	0.01898	0.01334	0.00674	0.00683	0.00148	0.00705	0.00567	0.00533	0.64949
28	0.02036	0.01544	0.02062	0.01550	0.02223	0.01275	0.06471	0.04812	0.02029	0.10003	0.05453	0.08414	0.02189	0.00974	0.00780	0.00194	0.00719	0.00854	0.00640	0.45778
29	0.62757	0.05196	0.01925	0.01477	0.02069	0.02063	0.08356	0.02595	0.01570	0.03682	0.01282	0.01532	0.01000	0.00797	0.00601	0.00269	0.00786	0.00541	0.00519	0.00982
30	0.02223	0.01682	0.01859	0.01652	0.02110	0.01862	0.01285	0.08172	0.41040	0.09245	0.10115	0.08792	0.03392	0.01355	0.00919	0.00293	0.00670	0.01147	0.00906	0.01282
31	0.01843	0.02242	0.13557	0.06649	0.03128	0.04166	0.16862	0.05727	0.08052	0.03074	0.15742	0.06708	0.03306	0.01229	0.00964	0.00290	0.01009	0.03716	0.00640	0.01095
32	0.01250	0.00920	0.01327	0.01327	0.01457	0.01050	0.00997	0.01509	0.01380	0.01969	0.02405	0.03807	0.02346	0.17018	0.55638	0.01309	0.02088	0.00990	0.00478	0.00737
33	0.05568	0.02170	0.02357	0.19131	0.08165	0.15630	0.01837	0.08252	0.02084	0.02645	0.01925	0.06243	0.01766	0.01283	0.01231	0.03512	0.09268	0.05412	0.00515	0.01007
34	0.01119	0.00878	0.01013	0.00999	0.01238	0.00771	0.00741	0.01416	0.02168	0.02830	0.31638	0.12075	0.35866	0.02068	0.01036	0.00290	0.00434	0.01777	0.00874	0.00771
35	0.02132	0.01983	0.02097	0.01956	0.06218	0.13873	0.05652	0.12891	0.02172	0.02708	0.02383	0.03534	0.04360	0.22277	0.11420	0.00599	0.01267	0.00967	0.00565	0.00946
36	0.01682	0.05237	0.04870	0.16143	0.10498	0.01618	0.04425	0.04655	0.04604	0.02851	0.17082	0.04418	0.08332	0.04733	0.01112	0.00312	0.00851	0.04936	0.00639	0.01004
37	0.05680	0.01809	0.02211	0.29227	0.03730	0.05142	0.01742	0.18850	0.02434	0.03212	0.02653	0.03166	0.08969	0.06158	0.01136	0.00320	0.00991	0.00919	0.00598	0.01056
38	0.05352	0.01831	0.06187	0.01440	0.01847	0.10504	0.01186	0.05330	0.05027	0.07169	0.15805	0.09621	0.06392	0.04951	0.01050	0.00291	0.00760	0.01133	0.10293	0.03831
39	0.14002	0.02444	0.04621	0.11194	0.07427	0.16569	0.01673	0.13506	0.02334	0.03223	0.01731	0.05376	0.01452	0.00963	0.00783	0.00248	0.01040	0.00734	0.00557	0.10124

[dist]
# distance from previous block
# <min> <max>
4	18

[block]
# block no. 2 follows, 20 sequences, length 7
# corresponding to MSA columns:
# 101-107
name=unknown_C
#
# <colnr> <probs for GDERKNQSTAVLIFYWHMCP>
#	G	D	E	R	K	N	Q	S	T	A	V	L	I	F	Y	W	H	M	C	P
0	0.02222	0.01748	0.01856	0.01589	0.02074	0.01914	0.01257	0.20687	0.26858	0.03939	0.07553	0.04035	0.13731	0.01356	0.00902	0.00279	0.00694	0.01107	0.04971	0.01230
1	0.02543	0.02632	0.02718	0.15007	0.08659	0.21391	0.06481	0.11141	0.14815	0.03033	0.02000	0.02247	0.01535	0.00949	0.00861	0.00265	0.01175	0.00776	0.00583	0.01188
2	0.08971	0.02617	0.05608	0.04714	0.10156	0.19839	0.04571	0.06737	0.13651	0.07536	0.05471	0.02433	0.01931	0.00988	0.00836	0.00263	0.01067	0.00787	0.00630	0.01193
3	0.02221	0.01754	0.01918	0.01741	0.02217	0.01982	0.01376	0.04313	0.51582	0.08112	0.03653	0.03916	0.02869	0.01303	0.00920	0.00305	0.00706	0.06891	0.00893	0.01329
4	0.02465	0.01985	0.05069	0.01749	0.02276	0.02037	0.01457	0.30299	0.14990	0.04090	0.06139	0.03305	0.05229	0.01478	0.01228	0.09718	0.00833	0.03658	0.00787	0.01208
5	0.01555	0.00953	0.01189	0.01188	0.01392	0.00886	0.00877	0.01775	0.01872	0.10361	0.10868	0.16773	0.15060	0.19268	0.01924	0.00458	0.00653	0.11364	0.00787	0.00796
6	0.02552	0.18060	0.03373	0.02929	0.19863	0.15521	0.06918	0.05759	0.02220	0.07526	0.05759	0.02229	0.01783	0.00895	0.00804	0.00240	0.01093	0.00744	0.00530	0.01203

[dist]
# distance from previous block
# <min> <max>
5	9

[block]
# block no. 3 follows, 20 sequences, length 19
# corresponding to MSA columns:
# 117-135
name=unknown_D
#
# <colnr> <probs for GDERKNQSTAVLIFYWHMCP>
#	G	D	E	R	K	N	Q	S	T	A	V	L	I	F	Y	W	H	M	C	P
0	0.12169	0.07364	0.05753	0.13682	0.04923	0.09157	0.01556	0.02655	0.11057	0.02734	0.04833	0.05844	0.06902	0.04449	0.03109	0.00335	0.00965	0.00924	0.00573	0.01017
1	0.01847	0.01962	0.08834	0.13232	0.08385	0.01807	0.10425	0.04911	0.09240	0.02720	0.02234	0.03342	0.01972	0.10541	0.01487	0.00363	0.04090	0.05147	0.00539	0.06924
2	0.01407	0.01067	0.01490	0.01428	0.01554	0.01287	0.01112	0.01689	0.01441	0.02183	0.02247	0.03330	0.02096	0.09656	0.42114	0.01030	0.12429	0.00915	0.10732	0.00793
3	0.01897	0.02123	0.09983	0.07377	0.09899	0.04863	0.09917	0.02957	0.17908	0.02852	0.02719	0.05595	0.04742	0.01638	0.07474	0.00395	0.01121	0.00976	0.04417	0.01146
4	0.01135	0.00814	0.00982	0.01072	0.01152	0.00764	0.00697	0.01263	0.01634	0.02146	0.08163	0.35470	0.13788	0.24315	0.02180	0.00501	0.00602	0.01936	0.00727	0.00661
5	0.07898	0.01634	0.04643	0.13226	0.02687	0.01693	0.01490	0.10375	0.08773	0.08525	0.05065	0.08563	0.02543	0.05366	0.01179	0.00326	0.03890	0.04785	0.06276	0.01064
6	0.01183	0.00864	0.01112	0.01105	0.01285	0.00792	0.00808	0.01525	0.02265	0.03144	0.46949	0.19569	0.12119	0.02014	0.01046	0.00293	0.00434	0.01785	0.00917	0.00792
7	0.01815	0.01786	0.07506	0.10710	0.05976	0.01614	0.19372	0.05482	0.01837	0.02493	0.04312	0.05716	0.01849	0.01613	0.01703	0.22820	0.01063	0.00951	0.00473	0.00907
8	0.03778	0.01578	0.02067	0.01598	0.02265	0.01436	0.01316	0.08580	0.05731	0.56860	0.03345	0.02917	0.02134	0.01083	0.00877	0.00271	0.00756	0.00876	0.01054	0.01479
9	0.02306	0.01700	0.01891	0.01609	0.02009	0.01854	0.01236	0.30878	0.07294	0.03821	0.02795	0.13981	0.02657	0.14942	0.06540	0.00479	0.00947	0.01185	0.00766	0.01110
10	0.01547	0.01168	0.01471	0.01376	0.01541	0.01310	0.01019	0.09024	0.01756	0.02409	0.02910	0.09300	0.06255	0.23624	0.24671	0.00851	0.07214	0.01178	0.00577	0.00801
11	0.13714	0.12682	0.02668	0.02158	0.06371	0.38673	0.01610	0.07737	0.02327	0.02698	0.01387	0.01604	0.01142	0.00869	0.00730	0.00231	0.01269	0.00567	0.00485	0.01077
12	0.18109	0.02688	0.02823	0.07466	0.03125	0.25391	0.17074	0.02833	0.02033	0.02704	0.01708	0.06908	0.01494	0.00974	0.00829	0.00268	0.01240	0.00828	0.00489	0.01014
13	0.02217	0.05097	0.02547	0.08910	0.06756	0.02104	0.06347	0.15428	0.21248	0.03509	0.02857	0.03886	0.02428	0.01264	0.00935	0.00300	0.00912	0.11301	0.00729	0.01226
14	0.02170	0.02059	0.06839	0.05078	0.04954	0.06845	0.04603	0.17496	0.07224	0.03308	0.05128	0.14822	0.02575	0.01473	0.01109	0.06122	0.00908	0.01117	0.00671	0.05499
15	0.03316	0.02443	0.02618	0.02007	0.02705	0.02705	0.01658	0.60995	0.04101	0.05497	0.02094	0.02094	0.01483	0.01047	0.00873	0.00262	0.00960	0.00785	0.00873	0.01483
16	0.02467	0.02054	0.02235	0.01889	0.06924	0.06816	0.01399	0.19577	0.02569	0.05823	0.01769	0.01942	0.01373	0.00809	0.00748	0.00190	0.00844	0.00631	0.00630	0.39309
17	0.01732	0.04619	0.13891	0.04828	0.06840	0.01421	0.01605	0.02119	0.01897	0.06520	0.13816	0.03877	0.09212	0.01548	0.01340	0.11111	0.03474	0.02992	0.00602	0.06554
18	0.02367	0.01826	0.01985	0.01627	0.02159	0.01949	0.01303	0.28827	0.15171	0.04241	0.13156	0.03812	0.10523	0.01313	0.00906	0.00266	0.00732	0.01069	0.00859	0.05910

[dist]
# distance from previous block
# <min> <max>
0	1

[block]
# block no. 4 follows, 20 sequences, length 39
# corresponding to MSA columns:
# 137-175
name=unknown_E
#
# <colnr> <probs for GDERKNQSTAVLIFYWHMCP>
#	G	D	E	R	K	N	Q	S	T	A	V	L	I	F	Y	W	H	M	C	P
0	0.06345	0.02724	0.14635	0.02262	0.09345	0.11052	0.01854	0.17951	0.05377	0.03401	0.02347	0.02684	0.05790	0.05983	0.01094	0.00300	0.01034	0.00814	0.00602	0.04404
1	0.01593	0.01439	0.01840	0.08803	0.14690	0.05162	0.01410	0.02075	0.05223	0.02736	0.15877	0.08186	0.18558	0.01733	0.03775	0.00327	0.00797	0.01295	0.03518	0.00963
2	0.02057	0.02228	0.10962	0.01993	0.04953	0.05578	0.04707	0.11328	0.14907	0.03268	0.06691	0.03368	0.09310	0.01439	0.03852	0.00324	0.04475	0.00973	0.03445	0.04141
3	0.01243	0.00850	0.00944	0.00944	0.00976	0.00834	0.00543	0.01267	0.01347	0.01764	0.03413	0.06002	0.09764	0.62014	0.04068	0.00785	0.00802	0.01331	0.00559	0.00551
4	0.02261	0.06857	0.05937	0.02020	0.02629	0.02100	0.10453	0.10093	0.26744	0.07584	0.02939	0.02986	0.04557	0.01582	0.06915	0.00384	0.01034	0.00937	0.00725	0.01263
5	0.01809	0.01550	0.01809	0.01292	0.02067	0.01163	0.01034	0.02196	0.01809	0.02842	0.01550	0.01809	0.01292	0.00646	0.00646	0.00129	0.00646	0.00517	0.00517	0.74677
6	0.01507	0.00936	0.01299	0.01267	0.01425	0.00986	0.00930	0.01672	0.01493	0.07729	0.02882	0.07889	0.05435	0.16771	0.34510	0.09319	0.01536	0.01107	0.00562	0.00747
7	0.02222	0.02198	0.10776	0.07283	0.14042	0.01969	0.04181	0.11204	0.17469	0.07578	0.03106	0.03160	0.08704	0.01111	0.00893	0.00279	0.00911	0.00949	0.00684	0.01280
8	0.02232	0.27213	0.18542	0.02299	0.03149	0.08480	0.14629	0.05814	0.02048	0.02594	0.01624	0.02133	0.01351	0.00867	0.00790	0.00248	0.01188	0.03193	0.00439	0.01167
9	0.02247	0.02037	0.02008	0.01809	0.02299	0.06721	0.01402	0.04553	0.58049	0.03541	0.03393	0.03134	0.02553	0.01163	0.00880	0.00291	0.00753	0.00956	0.00856	0.01354
10	0.01664	0.01654	0.06598	0.05015	0.19696	0.01474	0.01636	0.05308	0.05337	0.02973	0.15930	0.04692	0.18482	0.01636	0.03805	0.00326	0.00820	0.01213	0.00676	0.01064
11	0.01056	0.00844	0.00946	0.01006	0.01215	0.00734	0.00722	0.01268	0.01919	0.02396	0.11432	0.27869	0.40831	0.02349	0.01058	0.00312	0.00461	0.02030	0.00821	0.00734
12	0.65474	0.04808	0.01519	0.01230	0.01782	0.02064	0.01020	0.04911	0.04887	0.03876	0.01374	0.01541	0.01066	0.00836	0.00572	0.00267	0.00698	0.00512	0.00564	0.00997
13	0.01980	0.01581	0.01851	0.01333	0.02100	0.01228	0.01071	0.04554	0.01934	0.06278	0.01673	0.01882	0.01346	0.00685	0.00667	0.00142	0.00663	0.00547	0.00561	0.67923
14	0.01755	0.01494	0.01752	0.01286	0.02010	0.01130	0.01018	0.02126	0.01799	0.02798	0.01783	0.06596	0.01612	0.00795	0.00679	0.00145	0.00636	0.00657	0.00538	0.69389
15	0.05104	0.10117	0.24233	0.01877	0.02626	0.12665	0.01937	0.05201	0.02128	0.06357	0.08192	0.06031	0.07655	0.01159	0.00837	0.00262	0.01033	0.00906	0.00569	0.01110
16	0.01274	0.00864	0.01097	0.01123	0.01278	0.00796	0.00790	0.01524	0.02000	0.05388	0.27660	0.28943	0.11585	0.09873	0.01444	0.00370	0.00513	0.01862	0.00848	0.00769
17	0.02723	0.02066	0.02219	0.01810	0.02359	0.02296	0.01440	0.38257	0.18303	0.04513	0.02661	0.06200	0.02158	0.07452	0.01217	0.00329	0.00858	0.00969	0.00841	0.01329
18	0.01114	0.00798	0.01063	0.01216	0.01304	0.00747	0.00847	0.01328	0.01836	0.02482	0.15519	0.53953	0.06176	0.02540	0.01103	0.00342	0.00506	0.05555	0.00837	0.00735
19	0.02838	0.01807	0.02068	0.01696	0.02252	0.01910	0.01361	0.22585	0.18849	0.19608	0.09630	0.06014	0.02890	0.01245	0.00905	0.00278	0.00754	0.01022	0.00936	0.01351
20	0.67112	0.01852	0.04187	0.01387	0.01982	0.01978	0.05393	0.02589	0.01541	0.03785	0.01269	0.01503	0.00979	0.00805	0.00587	0.00272	0.00758	0.00520	0.00526	0.00976
21	0.01723	0.00940	0.00985	0.00941	0.01177	0.00970	0.00719	0.06294	0.01965	0.03330	0.02756	0.03180	0.02177	0.01402	0.05154	0.00291	0.00581	0.00819	0.63738	0.00859
22	0.65022	0.02088	0.10314	0.01337	0.01984	0.01967	0.01269	0.02592	0.01535	0.03750	0.01264	0.01477	0.00967	0.00812	0.00581	0.00271	0.00762	0.00497	0.00515	0.00994
23	0.02793	0.21044	0.02979	0.01965	0.02494	0.32484	0.01600	0.07457	0.10866	0.02567	0.01669	0.01821	0.01368	0.00941	0.00852	0.00235	0.04599	0.00623	0.00518	0.01123
24	0.01600	0.00821	0.00854	0.00854	0.01054	0.00832	0.00643	0.02000	0.01800	0.03167	0.02810	0.03264	0.02232	0.01399	0.05135	0.00286	0.00540	0.00821	0.69077	0.00811
25	0.01071	0.00820	0.00952	0.01049	0.01197	0.00734	0.00720	0.01236	0.01762	0.02226	0.06280	0.37092	0.29641	0.09336	0.01420	0.00380	0.00514	0.02089	0.00781	0.00702
26	0.02258	0.02622	0.03927	0.07647	0.03885	0.17851	0.35290	0.02793	0.02077	0.02520	0.01797	0.06134	0.01521	0.00947	0.01059	0.00285	0.04878	0.00969	0.00458	0.01081
27	0.11058	0.00983	0.01072	0.01117	0.01369	0.00942	0.00857	0.01545	0.01912	0.02705	0.12645	0.20216	0.28182	0.02113	0.01008	0.00317	0.00535	0.09856	0.00790	0.00778
28	0.03218	0.03257	0.06334	0.02172	0.02790	0.33313	0.04795	0.17736	0.02819	0.12465	0.01884	0.01970	0.01378	0.00950	0.00837	0.00247	0.01273	0.00694	0.00644	0.01225
29	0.01087	0.00894	0.00962	0.00969	0.01244	0.00769	0.00742	0.01347	0.02053	0.02526	0.15665	0.08262	0.51669	0.02169	0.01044	0.00300	0.00466	0.06247	0.00829	0.00753
30	0.03011	0.05983	0.02725	0.02312	0.09488	0.06371	0.01714	0.44767	0.03532	0.04651	0.02304	0.02363	0.04673	0.01053	0.00858	0.00257	0.00977	0.00809	0.00768	0.01385
31	0.01137	0.00839	0.01093	0.01229	0.01303	0.00821	0.00851	0.01307	0.01699	0.02268	0.07703	0.51193	0.08933	0.08140	0.01457	0.00391	0.03264	0.04880	0.00776	0.00715
32	0.01747	0.01485	0.01743	0.01286	0.02001	0.01125	0.01015	0.02115	0.01797	0.02791	0.01821	0.07363	0.01663	0.00819	0.00685	0.00148	0.00634	0.00680	0.00541	0.68542
33	0.01929	0.08958	0.23237	0.18127	0.09301	0.04688	0.02343	0.05591	0.05221	0.02809	0.07775	0.02486	0.01952	0.00954	0.00841	0.00268	0.01079	0.00786	0.00494	0.01162
34	0.07734	0.01877	0.11472	0.14374	0.02984	0.01484	0.01667	0.02872	0.02022	0.23148	0.06648	0.05954	0.02271	0.03835	0.00989	0.00290	0.00864	0.00900	0.00702	0.07912
35	0.02177	0.38475	0.10122	0.06659	0.05189	0.02730	0.04859	0.07881	0.02088	0.02677	0.07891	0.02191	0.01917	0.00900	0.00725	0.00228	0.00967	0.00695	0.00487	0.01142
36	0.15632	0.06648	0.04772	0.17838	0.05661	0.04511	0.01675	0.12676	0.04890	0.03230	0.02128	0.02441	0.05066	0.01268	0.04299	0.00323	0.01011	0.00756	0.00561	0.04613
37	0.02257	0.02022	0.05472	0.05137	0.15173	0.04392	0.07350	0.15250	0.02385	0.06471	0.06362	0.06619	0.02268	0.05500	0.04369	0.00369	0.05827	0.00985	0.00622	0.01167
38	0.02482	0.04725	0.02307	0.06680	0.06215	0.04827	0.01516	0.24549	0.07891	0.06383	0.05508	0.02794	0.04728	0.01480	0.04436	0.04653	0.00960	0.00858	0.00709	0.06300

[dist]
# distance from previous block
# <min> <max>
0	7

[block]
# block no. 5 follows, 20 sequences, length 6
# corresponding to MSA columns:
# 183-188
name=unknown_F
#
# <colnr> <probs for GDERKNQSTAVLIFYWHMCP>
#	G	D	E	R	K	N	Q	S	T	A	V	L	I	F	Y	W	H	M	C	P
0	0.01910	0.05000	0.21998	0.09898	0.07193	0.02059	0.11957	0.06773	0.04469	0.02812	0.01996	0.05452	0.01694	0.01278	0.03584	0.00338	0.06330	0.03611	0.00490	0.01158
1	0.02017	0.06962	0.14265	0.07310	0.13358	0.08805	0.01916	0.02650	0.05722	0.05736	0.12125	0.03231	0.06964	0.01103	0.00860	0.00258	0.00952	0.00918	0.00588	0.04260
2	0.01310	0.01194	0.05038	0.01151	0.01443	0.00958	0.00886	0.01530	0.01604	0.02173	0.04034	0.09969	0.17097	0.26766	0.09005	0.00588	0.00877	0.01301	0.00598	0.12479
3	0.01250	0.00920	0.01330	0.01330	0.01461	0.01051	0.01001	0.01512	0.01381	0.01972	0.02402	0.03790	0.02339	0.16549	0.56096	0.01313	0.02099	0.00988	0.00477	0.00739
4	0.06944	0.16890	0.02857	0.06395	0.15288	0.10578	0.01679	0.04922	0.02131	0.12535	0.06122	0.05960	0.02081	0.01028	0.00795	0.00249	0.00950	0.00826	0.00601	0.01169
5	0.08815	0.04608	0.06351	0.01615	0.02271	0.01595	0.04561	0.09251	0.02264	0.21469	0.07090	0.02818	0.02204	0.05911	0.01065	0.00282	0.00808	0.00822	0.00740	0.15460

[dist]
# distance from previous block
# <min> <max>
2	4

[block]
# block no. 6 follows, 20 sequences, length 12
# corresponding to MSA columns:
# 193-204
name=unknown_G
#
# <colnr> <probs for GDERKNQSTAVLIFYWHMCP>
#	G	D	E	R	K	N	Q	S	T	A	V	L	I	F	Y	W	H	M	C	P
0	0.01920	0.07291	0.02443	0.20919	0.11859	0.03982	0.01762	0.07626	0.10387	0.02858	0.06209	0.03459	0.11005	0.01338	0.03012	0.00310	0.00950	0.00977	0.00600	0.01094
1	0.01139	0.00878	0.01041	0.01021	0.01250	0.00779	0.00758	0.01454	0.02213	0.02939	0.36897	0.12270	0.30152	0.02030	0.01036	0.00289	0.00431	0.01755	0.00888	0.00779
2	0.01810	0.01412	0.01845	0.09847	0.05236	0.01571	0.01382	0.13074	0.05214	0.02868	0.02959	0.22405	0.03078	0.08012	0.01617	0.05328	0.06166	0.04567	0.00666	0.00942
3	0.01383	0.00777	0.01086	0.01134	0.01167	0.00774	0.00760	0.01246	0.01332	0.01838	0.02516	0.18598	0.02727	0.07966	0.06028	0.42818	0.00764	0.01216	0.05353	0.00517
4	0.02114	0.02009	0.02809	0.20239	0.28625	0.08597	0.02185	0.05570	0.01954	0.02560	0.01571	0.02184	0.01308	0.01136	0.01263	0.09150	0.04437	0.00752	0.00437	0.01100
5	0.01985	0.01892	0.03180	0.15865	0.49072	0.01949	0.02482	0.02492	0.01944	0.02704	0.02163	0.02654	0.05988	0.00901	0.00878	0.00267	0.01014	0.00856	0.00452	0.01261
6	0.22525	0.06353	0.02360	0.06768	0.05990	0.02085	0.04513	0.11307	0.05174	0.09211	0.05108	0.02245	0.01722	0.00983	0.00921	0.00268	0.06076	0.00735	0.00632	0.05025
7	0.27375	0.02595	0.11950	0.02130	0.06616	0.10507	0.06424	0.05411	0.13114	0.03353	0.01826	0.01994	0.01392	0.00895	0.00755	0.00271	0.00991	0.00683	0.00564	0.01156
8	0.04998	0.18017	0.20330	0.02661	0.11727	0.08557	0.09454	0.02959	0.05120	0.05851	0.01689	0.01942	0.01307	0.00829	0.00789	0.00251	0.01142	0.00687	0.00466	0.01226
9	0.13253	0.02514	0.15767	0.08676	0.02971	0.09387	0.04929	0.05442	0.02048	0.07869	0.02341	0.03147	0.04343	0.01098	0.00842	0.00276	0.01031	0.07488	0.00571	0.06007
10	0.09621	0.02651	0.20337	0.06164	0.15531	0.05474	0.08008	0.02641	0.05086	0.02893	0.05986	0.07683	0.02096	0.01048	0.00864	0.00279	0.01048	0.00921	0.00514	0.01156
11	0.05449	0.05300	0.07534	0.01557	0.02006	0.01542	0.04632	0.06778	0.05227	0.03101	0.20040	0.05100	0.17704	0.01556	0.01073	0.00289	0.05172	0.04232	0.00732	0.00976

[dist]
# distance from previous block
# <min> <max>
1	15

[block]
# block no. 7 follows, 20 sequences, length 26
# corresponding to MSA columns:
# 220-245
name=unknown_H
#
# <colnr> <probs for GDERKNQSTAVLIFYWHMCP>
#	G	D	E	R	K	N	Q	S	T	A	V	L	I	F	Y	W	H	M	C	P
0	0.02115	0.07221	0.17649	0.05533	0.12590	0.07557	0.04873	0.07429	0.08895	0.03010	0.08581	0.02580	0.02153	0.01021	0.00975	0.00272	0.04960	0.00829	0.00554	0.01204
1	0.02132	0.02038	0.04843	0.01770	0.02244	0.07379	0.01435	0.07170	0.39598	0.03426	0.07390	0.07864	0.03101	0.01345	0.00917	0.00295	0.00785	0.04212	0.00820	0.01237
2	0.02337	0.02540	0.16825	0.07892	0.13852	0.02015	0.08944	0.15431	0.02422	0.08580	0.02065	0.06068	0.01637	0.00985	0.00883	0.00270	0.01062	0.00874	0.00593	0.04724
3	0.06426	0.12060	0.09582	0.02268	0.10110	0.10934	0.04369	0.10646	0.02269	0.06402	0.02357	0.06848	0.05683	0.01068	0.00813	0.00250	0.00999	0.00860	0.00577	0.05479
4	0.01897	0.01663	0.02650	0.16894	0.22047	0.01803	0.05297	0.07319	0.04589	0.02743	0.02043	0.02938	0.01756	0.02135	0.13504	0.03835	0.01291	0.03993	0.00505	0.01098
5	0.02907	0.02855	0.02635	0.02175	0.02758	0.23121	0.06781	0.23387	0.17594	0.03713	0.02177	0.02230	0.01640	0.01005	0.00862	0.00261	0.01139	0.00783	0.00700	0.01277
6	0.01418	0.01131	0.01403	0.04955	0.01696	0.03835	0.01055	0.01669	0.01592	0.02192	0.06224	0.07402	0.05562	0.18556	0.24157	0.00803	0.05709	0.04336	0.05549	0.00755
7	0.02288	0.01860	0.02137	0.02180	0.10836	0.05030	0.01493	0.10608	0.27630	0.07654	0.15134	0.03517	0.03357	0.01210	0.00905	0.00277	0.00763	0.01024	0.00827	0.01269
8	0.01066	0.00800	0.00990	0.01123	0.01246	0.00723	0.00773	0.01253	0.01805	0.02346	0.09805	0.49290	0.20540	0.02536	0.01087	0.00334	0.00483	0.02257	0.00820	0.00723
9	0.08141	0.04598	0.08404	0.13141	0.07376	0.05636	0.08191	0.12654	0.04838	0.03182	0.01974	0.06515	0.01649	0.01050	0.00956	0.00278	0.04794	0.00868	0.04619	0.01135
10	0.02695	0.06532	0.08394	0.02262	0.02788	0.41989	0.06799	0.03047	0.02183	0.02231	0.01504	0.01882	0.01261	0.01544	0.08372	0.00375	0.04024	0.00655	0.00437	0.01027
11	0.01061	0.00767	0.01004	0.01192	0.01259	0.00710	0.00800	0.01217	0.01691	0.02235	0.05077	0.64741	0.09630	0.02698	0.01108	0.00350	0.00502	0.02437	0.00810	0.00710
12	0.02035	0.03367	0.31612	0.02968	0.06561	0.04851	0.22375	0.06044	0.02042	0.02861	0.01629	0.02036	0.01216	0.00857	0.01035	0.00286	0.05773	0.00793	0.00429	0.01232
13	0.02002	0.01952	0.04778	0.05554	0.15486	0.04476	0.08018	0.06466	0.07583	0.02951	0.02216	0.10577	0.01999	0.01051	0.00852	0.00243	0.00910	0.00954	0.00572	0.21359
14	0.65785	0.05032	0.01508	0.01199	0.01760	0.01973	0.01000	0.02710	0.01585	0.08995	0.01405	0.01549	0.01057	0.00830	0.00570	0.00266	0.00693	0.00507	0.00578	0.00999
15	0.12039	0.01699	0.05416	0.01679	0.05396	0.04098	0.01309	0.03017	0.12259	0.16379	0.22819	0.03820	0.03952	0.01256	0.00877	0.00274	0.00697	0.01042	0.00832	0.01139
16	0.01958	0.03575	0.37119	0.06829	0.10073	0.06397	0.16171	0.02779	0.01943	0.02705	0.01603	0.02001	0.01188	0.00809	0.00878	0.00276	0.01317	0.00748	0.00398	0.01235
17	0.01246	0.00935	0.01402	0.01402	0.01558	0.01090	0.01090	0.01558	0.01402	0.02025	0.02336	0.03427	0.02181	0.06542	0.65888	0.01402	0.02336	0.00935	0.00467	0.00779
18	0.01626	0.00813	0.00813	0.00813	0.01016	0.00813	0.00610	0.02033	0.01829	0.03252	0.02846	0.03252	0.02236	0.01016	0.00610	0.00203	0.00407	0.00813	0.74187	0.00813
19	0.01186	0.00879	0.01105	0.01072	0.01279	0.00799	0.00795	0.01543	0.02320	0.03198	0.49277	0.12146	0.17300	0.01936	0.01036	0.00285	0.00425	0.01699	0.00922	0.00799
20	0.02011	0.02177	0.04467	0.14062	0.15060	0.02140	0.41426	0.02684	0.01996	0.02714	0.01709	0.02315	0.01308	0.00764	0.00976	0.00288	0.01347	0.00945	0.00431	0.01179
21	0.01683	0.00993	0.01298	0.01164	0.01455	0.00897	0.00893	0.02071	0.02447	0.13905	0.50107	0.06012	0.10267	0.01686	0.01003	0.00275	0.00470	0.01472	0.00972	0.00932
22	0.01976	0.04743	0.05960	0.04953	0.14991	0.06690	0.15986	0.02409	0.01814	0.02463	0.01939	0.11192	0.01864	0.01232	0.01409	0.00307	0.17486	0.01034	0.00468	0.01083
23	0.01727	0.01437	0.01661	0.01422	0.01940	0.01333	0.01124	0.02639	0.17762	0.03003	0.07139	0.08769	0.05525	0.01302	0.00855	0.00240	0.00642	0.08016	0.00713	0.32752
24	0.02177	0.07041	0.13248	0.07202	0.16223	0.05161	0.07345	0.10613	0.02178	0.02988	0.05199	0.02264	0.01666	0.01007	0.01179	0.00281	0.11733	0.00793	0.00500	0.01200
25	0.04286	0.01225	0.01338	0.01253	0.01562	0.01287	0.00968	0.04267	0.13692	0.02847	0.08942	0.08547	0.30842	0.02055	0.04745	0.00358	0.05043	0.01426	0.04396	0.00921

[dist]
# distance from previous block
# <min> <max>
1	4

[block]
# block no. 8 follows, 20 sequences, length 20
# corresponding to MSA columns:
# 251-270
name=unknown_I
#
# <colnr> <probs for GDERKNQSTAVLIFYWHMCP>
#	G	D	E	R	K	N	Q	S	T	A	V	L	I	F	Y	W	H	M	C	P
0	0.02906	0.07804	0.02461	0.02036	0.02524	0.50378	0.01561	0.03159	0.02284	0.02204	0.01425	0.01706	0.01209	0.01215	0.04850	0.00285	0.01474	0.00574	0.00454	0.09492
1	0.06176	0.02060	0.05872	0.06593	0.39573	0.02004	0.08052	0.02523	0.01898	0.02792	0.02038	0.02494	0.05237	0.00921	0.01007	0.00272	0.05795	0.00837	0.00457	0.03397
2	0.02630	0.03344	0.07083	0.02410	0.05361	0.38371	0.05529	0.02949	0.02133	0.02259	0.01837	0.02161	0.05092	0.01081	0.01219	0.00269	0.14065	0.00726	0.00452	0.01029
3	0.02065	0.01625	0.01918	0.01891	0.06515	0.01759	0.01373	0.03595	0.35722	0.07254	0.03246	0.03902	0.02685	0.05877	0.05213	0.00395	0.00841	0.06865	0.00783	0.06477
4	0.01902	0.02676	0.19637	0.07935	0.03514	0.06738	0.19613	0.06120	0.02066	0.02744	0.02497	0.13519	0.04679	0.01202	0.00948	0.00292	0.01166	0.01132	0.00523	0.01098
5	0.01687	0.01417	0.01687	0.01279	0.01931	0.01104	0.01006	0.02055	0.01821	0.02798	0.05950	0.07033	0.02124	0.01188	0.04201	0.00223	0.00711	0.00751	0.00565	0.60470
6	0.03181	0.02376	0.02542	0.01980	0.02654	0.02642	0.01625	0.54356	0.10960	0.05280	0.02266	0.02231	0.01622	0.01063	0.00874	0.00266	0.00928	0.00809	0.00874	0.01471
7	0.14605	0.09322	0.02296	0.01605	0.02246	0.04670	0.01336	0.13921	0.08939	0.25795	0.02449	0.02319	0.01707	0.00980	0.00776	0.00254	0.00817	0.00735	0.00809	0.04417
8	0.01608	0.00857	0.01192	0.01165	0.01222	0.00870	0.00800	0.04602	0.01375	0.01893	0.01768	0.05154	0.01726	0.02761	0.02977	0.62242	0.00734	0.00828	0.05740	0.00485
9	0.02090	0.02022	0.06159	0.02812	0.18144	0.02008	0.06689	0.09714	0.18864	0.03276	0.05853	0.03226	0.06278	0.04036	0.01162	0.00308	0.04477	0.00981	0.00659	0.01240
10	0.01626	0.00813	0.00813	0.00813	0.01016	0.00813	0.00610	0.02033	0.01829	0.03252	0.02846	0.03252	0.02236	0.01016	0.00610	0.00203	0.00407	0.00813	0.74187	0.00813
11	0.02552	0.06722	0.15166	0.01733	0.02446	0.01778	0.01664	0.05910	0.16229	0.22664	0.05670	0.03307	0.07988	0.01161	0.00868	0.00274	0.00825	0.00941	0.00801	0.01299
12	0.01279	0.00891	0.01050	0.01073	0.01119	0.00911	0.00663	0.01454	0.04433	0.01904	0.03085	0.15519	0.03480	0.49992	0.08825	0.00785	0.00907	0.01421	0.00587	0.00621
13	0.02098	0.01798	0.01910	0.01723	0.02194	0.02066	0.01338	0.04406	0.57732	0.03637	0.08148	0.03505	0.03090	0.01229	0.00898	0.00294	0.00669	0.01032	0.00893	0.01338
14	0.19461	0.02233	0.02271	0.01797	0.02445	0.02499	0.01478	0.43830	0.07676	0.05009	0.02001	0.02025	0.01447	0.01004	0.00799	0.00266	0.00877	0.00729	0.00799	0.01355
15	0.02155	0.01675	0.02078	0.08486	0.07579	0.01709	0.01443	0.13468	0.08899	0.07624	0.03181	0.03367	0.11330	0.03748	0.01071	0.00273	0.03609	0.00938	0.00685	0.16682
16	0.01797	0.01422	0.06762	0.01518	0.05084	0.01094	0.01206	0.02236	0.02287	0.12820	0.34705	0.04945	0.09526	0.01443	0.00937	0.00258	0.00598	0.01247	0.00841	0.09274
17	0.02006	0.08282	0.39058	0.06975	0.13186	0.02095	0.06672	0.02800	0.01909	0.06577	0.01682	0.01995	0.01234	0.00827	0.00834	0.00269	0.01194	0.00701	0.00429	0.01276
18	0.02006	0.01908	0.05407	0.02251	0.06798	0.01671	0.13953	0.04655	0.01939	0.05566	0.01832	0.05408	0.01554	0.00909	0.01011	0.00227	0.07523	0.00798	0.00529	0.34056
19	0.05476	0.08254	0.03139	0.25546	0.04094	0.02388	0.11206	0.22959	0.02611	0.03518	0.01730	0.02126	0.01287	0.00898	0.00854	0.00271	0.01099	0.00778	0.00571	0.01195

[dist]
# distance from previous block
# <min> <max>
14	19

[block]
# block no. 9 follows, 20 sequences, length 20
# corresponding to MSA columns:
# 290-309
name=unknown_J
#
# <colnr> <probs for GDERKNQSTAVLIFYWHMCP>
#	G	D	E	R	K	N	Q	S	T	A	V	L	I	F	Y	W	H	M	C	P
0	0.14130	0.01034	0.01143	0.01132	0.01384	0.01026	0.00826	0.01986	0.01782	0.10438	0.05924	0.27161	0.06667	0.07344	0.01166	0.00338	0.00568	0.01484	0.13613	0.00854
1	0.10166	0.01021	0.01187	0.01197	0.01417	0.01017	0.00874	0.04612	0.01999	0.06103	0.16833	0.34156	0.05000	0.01963	0.00954	0.00303	0.00529	0.01717	0.08104	0.00849
2	0.17487	0.01211	0.01351	0.01398	0.01681	0.01294	0.01118	0.02226	0.10346	0.03040	0.09352	0.19480	0.04271	0.01901	0.00980	0.00336	0.00658	0.20199	0.00774	0.00897
3	0.01868	0.01285	0.01511	0.01385	0.01742	0.01295	0.01086	0.08491	0.12941	0.09896	0.19461	0.11894	0.14552	0.01753	0.00998	0.00300	0.00606	0.07007	0.00896	0.01033
4	0.06731	0.01208	0.01338	0.01260	0.01536	0.01255	0.00937	0.09801	0.08169	0.03254	0.16349	0.19248	0.08660	0.07587	0.01234	0.00337	0.00591	0.01459	0.08132	0.00916
5	0.01682	0.01093	0.01340	0.01287	0.01564	0.01067	0.00967	0.02293	0.11973	0.10714	0.19132	0.20649	0.12995	0.01967	0.01133	0.04050	0.00559	0.03724	0.00872	0.00937
6	0.02080	0.01293	0.01517	0.01358	0.01636	0.01319	0.00988	0.16399	0.02239	0.10708	0.03140	0.20262	0.03169	0.21016	0.02066	0.04151	0.00753	0.01365	0.03608	0.00934
7	0.24211	0.01491	0.01484	0.01284	0.01732	0.01596	0.01023	0.15011	0.02276	0.09870	0.02732	0.08653	0.05053	0.01183	0.00739	0.00261	0.00650	0.00915	0.18787	0.01050
8	0.01063	0.00759	0.01012	0.01215	0.01265	0.00709	0.00810	0.01215	0.01670	0.02227	0.04808	0.68775	0.05769	0.02733	0.01113	0.00354	0.00506	0.02480	0.00810	0.00709
9	0.01480	0.01107	0.01616	0.01460	0.01718	0.01126	0.05882	0.01804	0.01842	0.05794	0.13384	0.05433	0.13876	0.09649	0.17939	0.00638	0.04424	0.06878	0.03114	0.00836
10	0.01246	0.00935	0.01402	0.01402	0.01558	0.01090	0.01090	0.01558	0.01402	0.02025	0.02336	0.03427	0.02181	0.06542	0.65888	0.01402	0.02336	0.00935	0.00467	0.00779
11	0.02051	0.01636	0.01792	0.01636	0.02062	0.01831	0.01259	0.03950	0.46658	0.06739	0.09619	0.10616	0.03522	0.01404	0.00925	0.00299	0.00646	0.01200	0.00897	0.01259
12	0.62859	0.01590	0.01332	0.05876	0.01932	0.01842	0.01018	0.02487	0.01537	0.03727	0.01400	0.01664	0.01088	0.00835	0.00571	0.00265	0.00683	0.00528	0.07832	0.00933
13	0.01540	0.01081	0.01251	0.01168	0.01300	0.01149	0.00802	0.07933	0.01752	0.02445	0.05971	0.07252	0.05760	0.38580	0.07030	0.00657	0.04488	0.01209	0.07903	0.00731
14	0.01051	0.00806	0.00964	0.01090	0.01232	0.00719	0.00754	0.01229	0.01790	0.02276	0.06327	0.46011	0.27553	0.02535	0.01082	0.00332	0.00482	0.02239	0.00810	0.00719
15	0.01651	0.00871	0.00901	0.00889	0.01097	0.00888	0.00664	0.02127	0.05305	0.03165	0.02802	0.03214	0.02215	0.01154	0.00803	0.04923	0.00445	0.00820	0.65246	0.00819
16	0.02132	0.02236	0.06346	0.13106	0.50115	0.05514	0.02617	0.02667	0.01974	0.02726	0.01609	0.02133	0.01326	0.00799	0.00859	0.00262	0.01094	0.00759	0.00424	0.01303
17	0.01508	0.01183	0.01589	0.01463	0.01757	0.01132	0.04737	0.04998	0.07890	0.02725	0.08809	0.34847	0.04231	0.02007	0.01165	0.05651	0.00639	0.01670	0.00738	0.11260
18	0.02074	0.02067	0.03367	0.21468	0.40571	0.05433	0.07185	0.02610	0.01954	0.02643	0.01611	0.02187	0.01305	0.00805	0.00875	0.00268	0.01133	0.00785	0.00422	0.01236
19	0.02295	0.02032	0.09769	0.05477	0.05616	0.04892	0.01718	0.05840	0.10119	0.14982	0.06315	0.04002	0.06402	0.01352	0.01124	0.00302	0.07508	0.08362	0.00727	0.01167

[dist]
# distance from previous block
# <min> <max>
9	16

[block]
# block no. 10 follows, 20 sequences, length 16
# corresponding to MSA columns:
# 326-341
name=unknown_K
#
# <colnr> <probs for GDERKNQSTAVLIFYWHMCP>
#	G	D	E	R	K	N	Q	S	T	A	V	L	I	F	Y	W	H	M	C	P
0	0.02110	0.14113	0.05743	0.02358	0.07302	0.06098	0.14289	0.06044	0.02018	0.02697	0.02087	0.02402	0.06059	0.00949	0.01010	0.00242	0.07697	0.00788	0.00490	0.15503
1	0.21642	0.05380	0.02236	0.01689	0.02215	0.02053	0.05830	0.17624	0.04762	0.09628	0.06057	0.02649	0.02008	0.07361	0.01237	0.00326	0.04660	0.00819	0.00693	0.01133
2	0.01698	0.01338	0.01743	0.05097	0.04964	0.01413	0.01291	0.10420	0.05046	0.02938	0.08598	0.04157	0.07832	0.03257	0.24470	0.00681	0.01325	0.05404	0.00645	0.07685
3	0.01523	0.01170	0.01380	0.01299	0.01549	0.01237	0.00965	0.06366	0.12556	0.02846	0.15336	0.08662	0.11809	0.14078	0.14690	0.00609	0.00972	0.01320	0.00740	0.00893
4	0.01200	0.00877	0.01091	0.01222	0.01305	0.00867	0.00815	0.01541	0.07225	0.02268	0.04344	0.52074	0.05043	0.13814	0.01653	0.00432	0.00580	0.02137	0.00770	0.00740
5	0.02318	0.01675	0.01855	0.01603	0.02088	0.01793	0.01261	0.12329	0.29486	0.10883	0.03682	0.04010	0.07923	0.06973	0.01200	0.00331	0.00733	0.04278	0.00849	0.04729
6	0.01980	0.01416	0.01705	0.01361	0.01954	0.01194	0.01079	0.02539	0.07578	0.10936	0.08857	0.07925	0.02782	0.01117	0.00802	0.00209	0.00636	0.03880	0.00707	0.41343
7	0.01996	0.15340	0.39820	0.02301	0.05233	0.02252	0.04613	0.06958	0.02005	0.02851	0.01551	0.01808	0.01169	0.00808	0.00776	0.00246	0.01141	0.00630	0.00425	0.08076
8	0.06447	0.02513	0.17919	0.08343	0.10226	0.01907	0.17289	0.02688	0.06284	0.02815	0.01744	0.02167	0.01345	0.00921	0.00988	0.04165	0.01111	0.00775	0.00463	0.09891
9	0.01856	0.01581	0.01771	0.01642	0.02004	0.01806	0.01280	0.03505	0.39871	0.03247	0.08863	0.10187	0.07152	0.01536	0.01100	0.00312	0.05817	0.04468	0.00838	0.01167
10	0.01836	0.06566	0.02016	0.07022	0.02270	0.05508	0.04347	0.09558	0.09179	0.03016	0.10718	0.15973	0.12515	0.01571	0.00930	0.00283	0.00761	0.01348	0.03583	0.00999
11	0.06190	0.01289	0.01423	0.01241	0.01634	0.01207	0.00926	0.09988	0.02039	0.02894	0.03848	0.17793	0.14309	0.11378	0.01391	0.00339	0.00653	0.01326	0.00688	0.19445
12	0.06991	0.28046	0.19711	0.01908	0.02752	0.07392	0.01969	0.16126	0.02359	0.03153	0.01519	0.01690	0.01189	0.00852	0.00718	0.00236	0.01064	0.00594	0.00503	0.01229
13	0.01610	0.01338	0.01660	0.14820	0.02508	0.02951	0.01232	0.06582	0.02051	0.02755	0.12510	0.10698	0.11978	0.06711	0.01245	0.02340	0.00741	0.01210	0.00654	0.14405
14	0.07783	0.01040	0.01231	0.01125	0.01444	0.00961	0.00864	0.02003	0.02236	0.12501	0.32992	0.09048	0.19988	0.01744	0.00970	0.00282	0.00496	0.01486	0.00900	0.00907
15	0.02792	0.02322	0.08168	0.07582	0.06639	0.02280	0.01808	0.34997	0.07770	0.08768	0.02224	0.02471	0.01661	0.05227	0.01090	0.00305	0.00968	0.00823	0.00754	0.01350

[dist]
# distance from previous block
# <min> <max>
13	46

[block]
# block no. 11 follows, 20 sequences, length 17
# corresponding to MSA columns:
# 400-416
name=unknown_L
#
# <colnr> <probs for GDERKNQSTAVLIFYWHMCP>
#	G	D	E	R	K	N	Q	S	T	A	V	L	I	F	Y	W	H	M	C	P
0	0.06036	0.22828	0.24625	0.01933	0.02831	0.02512	0.02074	0.13696	0.04894	0.08199	0.01782	0.01891	0.01325	0.00880	0.00750	0.00247	0.01023	0.00644	0.00552	0.01278
1	0.02217	0.20916	0.32559	0.02081	0.03029	0.06126	0.02322	0.12339	0.02227	0.02972	0.01690	0.04657	0.01375	0.00930	0.00776	0.00251	0.01125	0.00697	0.00477	0.01236
2	0.09873	0.33076	0.09042	0.01711	0.02396	0.10114	0.01613	0.11743	0.02164	0.02852	0.01491	0.01736	0.01244	0.01298	0.05994	0.00319	0.01133	0.00583	0.00484	0.01134
3	0.09673	0.20549	0.22487	0.02260	0.03142	0.09340	0.12633	0.05516	0.02000	0.02762	0.01476	0.01759	0.01151	0.00807	0.00764	0.00249	0.01183	0.00648	0.00432	0.01169
4	0.09475	0.31667	0.33081	0.01933	0.02918	0.02617	0.02265	0.02679	0.01776	0.02581	0.01382	0.01613	0.01095	0.00792	0.00686	0.00238	0.01077	0.00552	0.00388	0.01183
5	0.13646	0.16091	0.34748	0.02279	0.07978	0.02297	0.02384	0.02801	0.05205	0.02868	0.01561	0.01796	0.01193	0.00826	0.00738	0.00258	0.01069	0.00614	0.00431	0.01215
6	0.02086	0.25125	0.23643	0.08785	0.06423	0.09289	0.02233	0.02654	0.01898	0.02401	0.01679	0.02387	0.01452	0.00940	0.00773	0.00252	0.01137	0.05285	0.00420	0.01136
7	0.01898	0.12097	0.37532	0.08803	0.03544	0.02063	0.05950	0.02648	0.01874	0.05551	0.02037	0.02293	0.04781	0.00900	0.00815	0.00261	0.01136	0.00731	0.00442	0.04644
8	0.25665	0.02411	0.12665	0.04821	0.05431	0.08068	0.06483	0.06112	0.02060	0.08597	0.07989	0.02348	0.01932	0.00953	0.00780	0.00269	0.00963	0.00749	0.00591	0.01114
9	0.04715	0.05611	0.08689	0.14055	0.09736	0.07173	0.01766	0.05091	0.01975	0.02654	0.08213	0.07769	0.06674	0.04201	0.04778	0.00364	0.03965	0.01014	0.00548	0.01007
10	0.05326	0.10393	0.02329	0.01998	0.07412	0.28502	0.01437	0.02758	0.02062	0.02526	0.01810	0.04771	0.01573	0.00984	0.00818	0.00228	0.03992	0.00705	0.15857	0.04519
11	0.09071	0.01593	0.01542	0.01431	0.01706	0.10281	0.01094	0.01971	0.01911	0.02654	0.14086	0.14209	0.11346	0.04980	0.01326	0.00315	0.08979	0.03499	0.00666	0.07338
12	0.01246	0.00935	0.01402	0.01402	0.01558	0.01090	0.01090	0.01558	0.01402	0.02025	0.02336	0.03427	0.02181	0.06542	0.65888	0.01402	0.02336	0.00935	0.00467	0.00779
