[name]
unknown

[dist]
# distance from previous block
# <min> <max>
3	40

[block]
# block no. 0 follows, 25 sequences, length 9
# corresponding to MSA columns:
# 40-48
name=unknown_A
#
# <colnr> <probs for GDERKNQSTAVLIFYWHMCP>
#	G	D	E	R	K	N	Q	S	T	A	V	L	I	F	Y	W	H	M	C	P
0	0.11131	0.00974	0.01208	0.10120	0.01781	0.01029	0.00954	0.04702	0.01733	0.02590	0.16277	0.33838	0.04168	0.01680	0.00851	0.00273	0.00544	0.01474	0.03926	0.00746
1	0.31987	0.01109	0.01113	0.01035	0.01361	0.01156	0.00799	0.01976	0.01604	0.11037	0.10951	0.14347	0.07931	0.01363	0.00840	0.04662	0.00529	0.01011	0.04388	0.00802
2	0.09722	0.00853	0.01098	0.01129	0.01278	0.00840	0.03790	0.01373	0.01535	0.02314	0.08959	0.46364	0.04281	0.05659	0.01043	0.00310	0.00510	0.01703	0.06558	0.00681
3	0.01444	0.00929	0.01096	0.01074	0.01209	0.02611	0.00746	0.03189	0.01554	0.09073	0.08578	0.17470	0.03556	0.33697	0.05021	0.00532	0.00721	0.06200	0.00626	0.00675
4	0.02142	0.01354	0.01590	0.01332	0.01734	0.01374	0.01054	0.22255	0.05168	0.15824	0.21745	0.10648	0.07749	0.01346	0.00848	0.00249	0.00596	0.01135	0.00824	0.01034
5	0.07087	0.00858	0.00999	0.01060	0.01179	0.00879	0.00727	0.01534	0.07986	0.02192	0.05839	0.37936	0.03821	0.13982	0.01534	0.05203	0.00535	0.01549	0.04430	0.00669
6	0.01657	0.00984	0.01136	0.01070	0.01296	0.00982	0.00782	0.09185	0.04007	0.10000	0.03219	0.22626	0.05537	0.12138	0.01254	0.00322	0.00545	0.01242	0.21209	0.00810
7	0.05293	0.01103	0.01305	0.01122	0.01454	0.01069	0.00853	0.06844	0.04743	0.21044	0.10619	0.07340	0.02840	0.14016	0.01319	0.00323	0.00585	0.00962	0.13373	0.03792
8	0.03728	0.00989	0.01210	0.06110	0.01596	0.01018	0.00906	0.08958	0.01858	0.05096	0.10013	0.26393	0.08657	0.03442	0.05208	0.00333	0.00634	0.01361	0.11706	0.00785

[dist]
# distance from previous block
# <min> <max>
0	3

[block]
# block no. 1 follows, 25 sequences, length 100
# corresponding to MSA columns:
# 52-151
name=unknown_B
#
# <colnr> <probs for GDERKNQSTAVLIFYWHMCP>
#	G	D	E	R	K	N	Q	S	T	A	V	L	I	F	Y	W	H	M	C	P
0	0.02123	0.01500	0.01660	0.01432	0.01882	0.01611	0.01126	0.09800	0.36591	0.13005	0.03114	0.06683	0.04767	0.01101	0.00774	0.00246	0.00609	0.00914	0.05738	0.05324
1	0.02047	0.01462	0.01691	0.05209	0.01983	0.01582	0.01162	0.30279	0.04908	0.05762	0.05181	0.19768	0.02664	0.04253	0.03915	0.00317	0.00750	0.01132	0.04932	0.01004
2	0.03100	0.01228	0.01655	0.01298	0.01828	0.01071	0.01061	0.03411	0.02184	0.57517	0.10245	0.03006	0.02527	0.01027	0.00782	0.00237	0.00610	0.00846	0.05148	0.01221
3	0.02905	0.02145	0.02254	0.01756	0.02355	0.04708	0.01440	0.55576	0.07797	0.08136	0.01991	0.01958	0.01411	0.00936	0.00774	0.00234	0.00846	0.00708	0.00773	0.01297
4	0.02779	0.01786	0.02194	0.01669	0.02293	0.01801	0.05518	0.31304	0.06743	0.22341	0.02197	0.02127	0.01522	0.00880	0.00760	0.00223	0.00776	0.00714	0.00760	0.11616
5	0.02100	0.66446	0.06630	0.01388	0.02069	0.02979	0.01398	0.05805	0.01692	0.02019	0.01134	0.01294	0.01012	0.00681	0.00523	0.00173	0.00844	0.00437	0.00356	0.01019
6	0.01382	0.00858	0.01114	0.01013	0.01253	0.00777	0.00773	0.01728	0.02168	0.11202	0.55287	0.05515	0.10852	0.01533	0.00898	0.00245	0.00404	0.01341	0.00857	0.00800
7	0.01128	0.00752	0.00846	0.00846	0.00846	0.00752	0.00470	0.01128	0.01128	0.01503	0.02443	0.05074	0.02819	0.72751	0.03946	0.00752	0.00752	0.01128	0.00470	0.00470
8	0.02136	0.58747	0.07291	0.01462	0.02113	0.10748	0.01427	0.02484	0.03974	0.01918	0.01183	0.01342	0.01044	0.00697	0.00545	0.00178	0.00905	0.00450	0.00356	0.01000
9	0.35449	0.01825	0.01780	0.01427	0.01986	0.02034	0.01178	0.34045	0.02548	0.08505	0.01604	0.01654	0.01152	0.00842	0.00648	0.00236	0.00731	0.00584	0.00660	0.01112
10	0.01097	0.00793	0.01036	0.00975	0.01158	0.00732	0.00732	0.01463	0.02195	0.03109	0.67505	0.05792	0.07316	0.01585	0.00914	0.00244	0.00366	0.01402	0.00854	0.00732
11	0.00945	0.00675	0.00900	0.01080	0.01125	0.00630	0.00720	0.01080	0.01484	0.01979	0.04274	0.72245	0.05128	0.02429	0.00990	0.00315	0.00450	0.02204	0.00720	0.00630
12	0.78228	0.01499	0.01140	0.01020	0.01499	0.01739	0.00840	0.02279	0.01320	0.03479	0.01080	0.01260	0.00840	0.00720	0.00480	0.00240	0.00600	0.00420	0.00480	0.00840
13	0.02836	0.02975	0.02259	0.01918	0.02376	0.39240	0.01502	0.27012	0.02689	0.03048	0.01442	0.01597	0.01123	0.00887	0.00851	0.00222	0.05837	0.00588	0.00541	0.01057
14	0.01929	0.01666	0.01753	0.01578	0.02016	0.01929	0.01227	0.04120	0.66513	0.03243	0.03156	0.02893	0.02367	0.01052	0.00789	0.00263	0.00614	0.00877	0.00789	0.01227
15	0.08118	0.01258	0.01650	0.01300	0.01834	0.01123	0.01063	0.03358	0.02156	0.55066	0.11869	0.02985	0.02596	0.01030	0.00778	0.00240	0.00615	0.00842	0.00913	0.01206
16	0.02947	0.02172	0.02327	0.01784	0.02404	0.02404	0.01474	0.65329	0.03646	0.04887	0.01862	0.01862	0.01319	0.00931	0.00776	0.00233	0.00853	0.00698	0.00776	0.01319
17	0.01445	0.00723	0.00723	0.00723	0.00903	0.00723	0.00542	0.01807	0.01626	0.02891	0.02529	0.02891	0.01987	0.00903	0.00542	0.00181	0.00361	0.00723	0.77055	0.00723
18	0.01677	0.01683	0.02507	0.10447	0.02562	0.02270	0.05725	0.01919	0.01272	0.01919	0.01096	0.01766	0.01030	0.01243	0.02228	0.00325	0.58435	0.00695	0.00343	0.00862
19	0.06085	0.01857	0.02946	0.09127	0.57545	0.04235	0.02248	0.02371	0.01741	0.02523	0.01423	0.01875	0.01185	0.00702	0.00750	0.00232	0.00928	0.00669	0.00387	0.01169
20	0.02544	0.01971	0.02100	0.01702	0.02251	0.02216	0.01376	0.41105	0.28526	0.04236	0.02374	0.02270	0.01733	0.00979	0.00781	0.00245	0.00758	0.00769	0.00781	0.01282
21	0.01445	0.00723	0.00723	0.00723	0.00903	0.00723	0.00542	0.01807	0.01626	0.02891	0.02529	0.02891	0.01987	0.00903	0.00542	0.00181	0.00361	0.00723	0.77055	0.00723
22	0.10193	0.02817	0.33244	0.10654	0.03604	0.01834	0.21918	0.02388	0.01651	0.02522	0.01410	0.01788	0.01033	0.00714	0.00768	0.00251	0.01122	0.00676	0.00367	0.01046
23	0.01212	0.00866	0.01206	0.01385	0.01547	0.00860	0.01184	0.01542	0.01748	0.02278	0.04126	0.16567	0.04544	0.02177	0.01061	0.00352	0.00681	0.55245	0.00715	0.00704
24	0.01929	0.01666	0.01753	0.01578	0.02016	0.01929	0.01227	0.04120	0.66513	0.03243	0.03156	0.02893	0.02367	0.01052	0.00789	0.00263	0.00614	0.00877	0.00789	0.01227
25	0.01108	0.00831	0.01246	0.01246	0.01385	0.00969	0.00969	0.01385	0.01246	0.01800	0.02077	0.03046	0.01938	0.05815	0.69678	0.01246	0.02077	0.00831	0.00415	0.00692
26	0.02897	0.02147	0.02299	0.01774	0.02385	0.02381	0.01462	0.62306	0.06750	0.04805	0.01925	0.01912	0.01370	0.00937	0.00776	0.00234	0.00841	0.00707	0.00776	0.01314
27	0.00945	0.00675	0.00900	0.01080	0.01125	0.00630	0.00720	0.01080	0.01484	0.01979	0.04274	0.72245	0.05128	0.02429	0.00990	0.00315	0.00450	0.02204	0.00720	0.00630
28	0.01696	0.01696	0.02375	0.02036	0.02036	0.02375	0.01696	0.01866	0.01187	0.01866	0.01018	0.01696	0.01018	0.01357	0.02545	0.00339	0.71332	0.00679	0.00339	0.00848
29	0.01929	0.01666	0.01753	0.01578	0.02016	0.01929	0.01227	0.04120	0.66513	0.03243	0.03156	0.02893	0.02367	0.01052	0.00789	0.00263	0.00614	0.00877	0.00789	0.01227
30	0.01108	0.00831	0.01246	0.01246	0.01385	0.00969	0.00969	0.01385	0.01246	0.01800	0.02077	0.03046	0.01938	0.05815	0.69678	0.01246	0.02077	0.00831	0.00415	0.00692
31	0.01608	0.01378	0.01608	0.01148	0.01837	0.01034	0.00919	0.01952	0.01608	0.02527	0.01378	0.01608	0.01148	0.00574	0.00574	0.00115	0.00574	0.00459	0.00459	0.77491
32	0.01525	0.01411	0.02326	0.68042	0.05219	0.01751	0.02125	0.04590	0.01637	0.02101	0.01398	0.02059	0.01045	0.00782	0.00775	0.00257	0.01026	0.00689	0.00362	0.00880
33	0.01555	0.04011	0.68733	0.02210	0.03356	0.01801	0.02865	0.02455	0.01637	0.02455	0.01391	0.01637	0.00982	0.00737	0.00737	0.00246	0.01146	0.00573	0.00327	0.01146
34	0.04301	0.10931	0.55886	0.02008	0.03027	0.01871	0.02516	0.02381	0.01650	0.02462	0.04997	0.01812	0.01328	0.00775	0.00713	0.00237	0.01051	0.00597	0.00362	0.01097
35	0.01712	0.03791	0.63267	0.02142	0.03243	0.01747	0.02724	0.02564	0.01685	0.07846	0.01528	0.01719	0.01059	0.00755	0.00740	0.00245	0.01106	0.00590	0.00379	0.01160
36	0.00945	0.00675	0.00900	0.01080	0.01125	0.00630	0.00720	0.01080	0.01484	0.01979	0.04274	0.72245	0.05128	0.02429	0.00990	0.00315	0.00450	0.02204	0.00720	0.00630
37	0.01109	0.00826	0.01224	0.01224	0.01355	0.00957	0.00942	0.01370	0.01240	0.01784	0.02097	0.03158	0.01987	0.09510	0.66050	0.01219	0.02004	0.00847	0.00418	0.00680
38	0.03479	0.01320	0.01799	0.01380	0.01979	0.01140	0.01140	0.03779	0.02219	0.68451	0.03059	0.02639	0.01919	0.00960	0.00780	0.00240	0.00660	0.00780	0.00960	0.01320
39	0.01445	0.00723	0.00723	0.00723	0.00903	0.00723	0.00542	0.01807	0.01626	0.02891	0.02529	0.02891	0.01987	0.00903	0.00542	0.00181	0.00361	0.00723	0.77055	0.00723
40	0.01798	0.02135	0.07220	0.06912	0.04093	0.01941	0.58979	0.02455	0.01806	0.02455	0.01551	0.02071	0.01160	0.00664	0.00900	0.00261	0.01285	0.00888	0.00387	0.01040
41	0.01464	0.01378	0.02326	0.70887	0.05340	0.01723	0.02153	0.01981	0.01550	0.01981	0.01378	0.02067	0.01034	0.00775	0.00775	0.00258	0.01034	0.00689	0.00345	0.00861
42	0.78228	0.01499	0.01140	0.01020	0.01499	0.01739	0.00840	0.02279	0.01320	0.03479	0.01080	0.01260	0.00840	0.00720	0.00480	0.00240	0.00600	0.00420	0.00480	0.00840
43	0.01445	0.00723	0.00723	0.00723	0.00903	0.00723	0.00542	0.01807	0.01626	0.02891	0.02529	0.02891	0.01987	0.00903	0.00542	0.00181	0.00361	0.00723	0.77055	0.00723
44	0.01464	0.01378	0.02326	0.70887	0.05340	0.01723	0.02153	0.01981	0.01550	0.01981	0.01378	0.02067	0.01034	0.00775	0.00775	0.00258	0.01034	0.00689	0.00345	0.00861
45	0.00945	0.00675	0.00900	0.01080	0.01125	0.00630	0.00720	0.01080	0.01484	0.01979	0.04274	0.72245	0.05128	0.02429	0.00990	0.00315	0.00450	0.02204	0.00720	0.00630
46	0.01128	0.00752	0.00846	0.00846	0.00846	0.00752	0.00470	0.01128	0.01128	0.01503	0.02443	0.05074	0.02819	0.72751	0.03946	0.00752	0.00752	0.01128	0.00470	0.00470
47	0.02983	0.02115	0.02292	0.01757	0.02376	0.02320	0.01452	0.61237	0.03551	0.09113	0.01941	0.01913	0.01359	0.00933	0.00776	0.00233	0.00840	0.00704	0.00788	0.01319
48	0.00916	0.00785	0.00785	0.00785	0.01047	0.00655	0.00589	0.01113	0.01767	0.02095	0.07855	0.07462	0.67599	0.01964	0.00916	0.00262	0.00393	0.01636	0.00720	0.00655
49	0.01445	0.00723	0.00723	0.00723	0.00903	0.00723	0.00542	0.01807	0.01626	0.02891	0.02529	0.02891	0.01987	0.00903	0.00542	0.00181	0.00361	0.00723	0.77055	0.00723
50	0.01797	0.02018	0.04272	0.07414	0.03984	0.01976	0.56473	0.02407	0.01765	0.02407	0.01516	0.02061	0.01156	0.00713	0.01027	0.00267	0.06460	0.00883	0.00385	0.01020
51	0.01128	0.00752	0.00846	0.00846	0.00846	0.00752	0.00470	0.01128	0.01128	0.01503	0.02443	0.05074	0.02819	0.72751	0.03946	0.00752	0.00752	0.01128	0.00470	0.00470
52	0.01097	0.00793	0.01036	0.00975	0.01158	0.00732	0.00732	0.01463	0.02195	0.03109	0.67505	0.05792	0.07316	0.01585	0.00914	0.00244	0.00366	0.01402	0.00854	0.00732
53	0.28180	0.01488	0.01915	0.40820	0.03761	0.01786	0.01641	0.07461	0.01648	0.02746	0.01316	0.01770	0.00991	0.00769	0.00673	0.00250	0.00868	0.00597	0.00428	0.00893
54	0.02020	0.66151	0.10666	0.01417	0.02130	0.02939	0.01484	0.02335	0.01582	0.01889	0.01110	0.01284	0.00994	0.00671	0.00522	0.00174	0.00862	0.00431	0.00331	0.01010
55	0.19069	0.01929	0.01960	0.01565	0.02124	0.02154	0.01282	0.43246	0.09591	0.04320	0.02022	0.02021	0.03490	0.00931	0.00718	0.00238	0.00759	0.00687	0.00711	0.01184
56	0.05955	0.25487	0.35090	0.02233	0.12140	0.02205	0.02197	0.02393	0.01619	0.02323	0.01285	0.01533	0.01014	0.00706	0.00651	0.00218	0.00983	0.00531	0.00345	0.01093
57	0.02177	0.58841	0.06962	0.01476	0.02122	0.13500	0.01430	0.02450	0.01677	0.01867	0.01112	0.01288	0.00995	0.00688	0.00541	0.00175	0.00935	0.00436	0.00342	0.00987
58	0.00945	0.00675	0.00900	0.01080	0.01125	0.00630	0.00720	0.01080	0.01484	0.01979	0.04274	0.72245	0.05128	0.02429	0.00990	0.00315	0.00450	0.02204	0.00720	0.00630
59	0.02835	0.03579	0.02257	0.02171	0.06502	0.65390	0.01553	0.03051	0.02170	0.01937	0.01215	0.01431	0.01013	0.00792	0.00703	0.00202	0.01368	0.00511	0.00399	0.00920
60	0.01788	0.02209	0.09693	0.06871	0.04066	0.01935	0.56581	0.02454	0.01799	0.02454	0.01544	0.02053	0.01153	0.00667	0.00893	0.00260	0.01279	0.00875	0.00384	0.01044
61	0.01929	0.01666	0.01753	0.01578	0.02016	0.01929	0.01227	0.04120	0.66513	0.03243	0.03156	0.02893	0.02367	0.01052	0.00789	0.00263	0.00614	0.00877	0.00789	0.01227
62	0.01840	0.01762	0.03004	0.16258	0.57034	0.01821	0.02340	0.02310	0.01728	0.02437	0.01444	0.01945	0.01194	0.00706	0.00769	0.00235	0.00941	0.00691	0.00377	0.01164
63	0.02799	0.01972	0.02146	0.01663	0.02244	0.02140	0.01367	0.54380	0.03368	0.09577	0.04546	0.02405	0.05721	0.01020	0.00789	0.00235	0.00793	0.00787	0.00789	0.01257
64	0.01588	0.08347	0.64681	0.02155	0.03270	0.01880	0.02768	0.02447	0.01633	0.02416	0.01372	0.01612	0.00983	0.00732	0.00722	0.00241	0.01126	0.00563	0.00328	0.01136
65	0.01445	0.00723	0.00723	0.00723	0.00903	0.00723	0.00542	0.01807	0.01626	0.02891	0.02529	0.02891	0.01987	0.00903	0.00542	0.00181	0.00361	0.00723	0.77055	0.00723
66	0.01717	0.25640	0.48522	0.01934	0.02929	0.02197	0.02384	0.02414	0.01618	0.02258	0.01293	0.01514	0.00986	0.00714	0.00662	0.00221	0.01047	0.00523	0.00329	0.01099
67	0.02896	0.02065	0.02240	0.01733	0.02330	0.02264	0.01425	0.59375	0.03480	0.08237	0.02024	0.04747	0.01505	0.00993	0.00785	0.00236	0.00826	0.00763	0.00783	0.01291
68	0.02559	0.01574	0.01808	0.01520	0.02029	0.01674	0.01212	0.08065	0.38984	0.27034	0.03035	0.02732	0.02135	0.01010	0.00785	0.00253	0.00646	0.00830	0.00850	0.01267
69	0.01445	0.00723	0.00723	0.00723	0.00903	0.00723	0.00542	0.01807	0.01626	0.02891	0.02529	0.02891	0.01987	0.00903	0.00542	0.00181	0.00361	0.00723	0.77055	0.00723
70	0.01731	0.04309	0.02481	0.34937	0.06220	0.10162	0.05323	0.02109	0.01566	0.01987	0.01389	0.04634	0.01201	0.00966	0.01187	0.00268	0.17554	0.00726	0.00368	0.00882
71	0.01555	0.04011	0.68733	0.02210	0.03356	0.01801	0.02865	0.02455	0.01637	0.02455	0.01391	0.01637	0.00982	0.00737	0.00737	0.00246	0.01146	0.00573	0.00327	0.01146
72	0.03479	0.01320	0.01799	0.01380	0.01979	0.01140	0.01140	0.03779	0.02219	0.68451	0.03059	0.02639	0.01919	0.00960	0.00780	0.00240	0.00660	0.00780	0.00960	0.01320
73	0.01108	0.00831	0.01246	0.01246	0.01385	0.00969	0.00969	0.01385	0.01246	0.01800	0.02077	0.03046	0.01938	0.05815	0.69678	0.01246	0.02077	0.00831	0.00415	0.00692
74	0.02390	0.05860	0.02147	0.04084	0.04384	0.06266	0.01365	0.29308	0.18183	0.06267	0.04906	0.02445	0.04285	0.00977	0.00762	0.00233	0.00782	0.00771	0.00700	0.03885
75	0.01800	0.06640	0.09966	0.02882	0.05865	0.01977	0.44815	0.02392	0.01738	0.02404	0.01469	0.01933	0.01137	0.00704	0.00951	0.00248	0.05769	0.00799	0.00383	0.06128
76	0.07537	0.01909	0.02041	0.01617	0.02178	0.02092	0.01318	0.43320	0.13089	0.06701	0.05661	0.02219	0.01798	0.00959	0.00758	0.00234	0.00754	0.00740	0.00757	0.04318
77	0.01997	0.53822	0.18823	0.01552	0.02324	0.02744	0.01687	0.05464	0.01692	0.02120	0.01189	0.01365	0.01008	0.00693	0.00566	0.00187	0.00903	0.00465	0.00353	0.01046
78	0.01579	0.03864	0.64536	0.02170	0.03272	0.01809	0.02762	0.02560	0.05702	0.02505	0.01502	0.01716	0.01069	0.00756	0.00740	0.00247	0.01113	0.00592	0.00356	0.01151
79	0.01803	0.02174	0.08043	0.05412	0.04056	0.01944	0.59613	0.02466	0.01810	0.02466	0.01553	0.02066	0.01161	0.00662	0.00901	0.00260	0.01289	0.00889	0.00387	0.01045
80	0.01111	0.00817	0.01176	0.01176	0.01290	0.00931	0.00881	0.01339	0.01225	0.01748	0.02141	0.03403	0.02094	0.17612	0.58093	0.01159	0.01843	0.00883	0.00425	0.00653
81	0.03479	0.01320	0.01799	0.01380	0.01979	0.01140	0.01140	0.03779	0.02219	0.68451	0.03059	0.02639	0.01919	0.00960	0.00780	0.00240	0.00660	0.00780	0.00960	0.01320
82	0.01445	0.00723	0.00723	0.00723	0.00903	0.00723	0.00542	0.01807	0.01626	0.02891	0.02529	0.02891	0.01987	0.00903	0.00542	0.00181	0.00361	0.00723	0.77055	0.00723
83	0.02835	0.03190	0.02177	0.01896	0.02348	0.49577	0.01457	0.19173	0.02557	0.02681	0.01623	0.01748	0.03603	0.00877	0.00727	0.00211	0.01219	0.00594	0.00509	0.00999
84	0.00990	0.00707	0.00952	0.01132	0.01197	0.00669	0.00799	0.01158	0.01529	0.02030	0.04248	0.62769	0.05029	0.02386	0.01002	0.00321	0.00489	0.11232	0.00719	0.00642
85	0.78228	0.01499	0.01140	0.01020	0.01499	0.01739	0.00840	0.02279	0.01320	0.03479	0.01080	0.01260	0.00840	0.00720	0.00480	0.00240	0.00600	0.00420	0.00480	0.00840
86	0.01445	0.00723	0.00723	0.00723	0.00903	0.00723	0.00542	0.01807	0.01626	0.02891	0.02529	0.02891	0.01987	0.00903	0.00542	0.00181	0.00361	0.00723	0.77055	0.00723
87	0.01815	0.02043	0.04058	0.02974	0.03621	0.04674	0.52449	0.02372	0.01758	0.02368	0.01627	0.05485	0.01347	0.00824	0.01087	0.00270	0.08890	0.00936	0.00403	0.00998
88	0.02907	0.03369	0.02225	0.01952	0.02399	0.55225	0.01493	0.16437	0.02508	0.02538	0.01341	0.01498	0.01067	0.00827	0.00716	0.00207	0.01281	0.00542	0.00480	0.00989
89	0.01830	0.02092	0.04575	0.03268	0.04052	0.01961	0.65098	0.02484	0.01830	0.02484	0.01569	0.02092	0.01176	0.00654	0.00915	0.00261	0.01307	0.00915	0.00392	0.01046
90	0.01015	0.00798	0.01192	0.01239	0.01359	0.00740	0.05969	0.01196	0.01532	0.02028	0.04291	0.62208	0.08959	0.02253	0.00979	0.00307	0.00516	0.02061	0.00693	0.00665
91	0.01608	0.01378	0.01608	0.01148	0.01837	0.01034	0.00919	0.01952	0.01608	0.02527	0.01378	0.01608	0.01148	0.00574	0.00574	0.00115	0.00574	0.00459	0.00459	0.77491
92	0.01247	0.00848	0.00951	0.00913	0.00961	0.00861	0.00546	0.05408	0.01335	0.01789	0.04847	0.04887	0.02888	0.65304	0.03622	0.00698	0.00744	0.01109	0.00505	0.00536
93	0.03376	0.01343	0.01796	0.01393	0.01982	0.01192	0.01145	0.03801	0.06494	0.64116	0.03065	0.02656	0.01949	0.00966	0.00780	0.00241	0.00657	0.00786	0.00948	0.01313
94	0.01510	0.03515	0.57560	0.02145	0.05465	0.01664	0.02571	0.02325	0.01714	0.02543	0.09932	0.02184	0.01809	0.00845	0.00761	0.00245	0.01037	0.00684	0.00397	0.01095
95	0.01804	0.02138	0.07013	0.06011	0.04078	0.01945	0.60051	0.02462	0.01811	0.02462	0.01554	0.02073	0.01163	0.00662	0.00902	0.00261	0.01290	0.00892	0.00388	0.01042
96	0.01464	0.01378	0.02326	0.70887	0.05340	0.01723	0.02153	0.01981	0.01550	0.01981	0.01378	0.02067	0.01034	0.00775	0.00775	0.00258	0.01034	0.00689	0.00345	0.00861
97	0.01774	0.01965	0.03387	0.02567	0.03104	0.08728	0.38806	0.02246	0.01784	0.02318	0.04614	0.05392	0.06461	0.01009	0.01101	0.00270	0.09742	0.03343	0.00452	0.00938
98	0.01625	0.11500	0.58478	0.02165	0.03241	0.01947	0.05769	0.02442	0.01640	0.02388	0.01366	0.01616	0.00993	0.00725	0.00719	0.00238	0.01119	0.00572	0.00331	0.01124
99	0.01801	0.02295	0.11363	0.03156	0.03979	0.01944	0.58514	0.02481	0.01810	0.02481	0.01550	0.02043	0.01156	0.00662	0.00896	0.00260	0.01290	0.00879	0.00385	0.01056

[dist]
# distance from previous block
# <min> <max>
0	2

[block]
# block no. 2 follows, 25 sequences, length 68
# corresponding to MSA columns:
# 154-221
name=unknown_C
#
# <colnr> <probs for GDERKNQSTAVLIFYWHMCP>
#	G	D	E	R	K	N	Q	S	T	A	V	L	I	F	Y	W	H	M	C	P
0	0.00945	0.00675	0.00900	0.01080	0.01125	0.00630	0.00720	0.01080	0.01484	0.01979	0.04274	0.72245	0.05128	0.02429	0.00990	0.00315	0.00450	0.02204	0.00720	0.00630
1	0.01483	0.06285	0.35452	0.01717	0.02399	0.01440	0.01904	0.02112	0.04208	0.05273	0.02539	0.23414	0.02522	0.01343	0.00823	0.00269	0.00852	0.04481	0.00514	0.00970
2	0.03006	0.01439	0.01799	0.01422	0.01971	0.01371	0.01169	0.15932	0.04636	0.44823	0.05083	0.03116	0.05997	0.01083	0.00803	0.00245	0.00675	0.03304	0.00889	0.01235
3	0.01249	0.00892	0.01249	0.01428	0.01606	0.00892	0.01249	0.01606	0.01785	0.02320	0.04105	0.08746	0.04462	0.02142	0.01071	0.00357	0.00714	0.62695	0.00714	0.00714
4	0.01209	0.00876	0.01181	0.01267	0.01450	0.00863	0.01053	0.01622	0.04112	0.02602	0.25342	0.10148	0.05375	0.01930	0.01006	0.00314	0.00583	0.37567	0.00764	0.00734
5	0.01608	0.01378	0.01608	0.01148	0.01837	0.01034	0.00919	0.01952	0.01608	0.02527	0.01378	0.01608	0.01148	0.00574	0.00574	0.00115	0.00574	0.00459	0.00459	0.77491
6	0.01531	0.01447	0.02447	0.61126	0.14577	0.01740	0.02187	0.02040	0.01582	0.02063	0.01390	0.02045	0.01062	0.00763	0.00774	0.00254	0.01017	0.00689	0.00350	0.00915
7	0.00936	0.00792	0.00813	0.00823	0.01080	0.00668	0.00628	0.01142	0.01768	0.02108	0.07636	0.07537	0.63920	0.01974	0.00925	0.00267	0.00411	0.05195	0.00720	0.00658
8	0.01696	0.01696	0.02375	0.02036	0.02036	0.02375	0.01696	0.01866	0.01187	0.01866	0.01018	0.01696	0.01018	0.01357	0.02545	0.00339	0.71332	0.00679	0.00339	0.00848
9	0.00982	0.00701	0.00942	0.01122	0.01183	0.00662	0.00784	0.01144	0.01521	0.02021	0.04253	0.64525	0.05047	0.02394	0.01000	0.00320	0.00482	0.09559	0.00719	0.00640
10	0.00945	0.00675	0.00900	0.01080	0.01125	0.00630	0.00720	0.01080	0.01484	0.01979	0.04274	0.72245	0.05128	0.02429	0.00990	0.00315	0.00450	0.02204	0.00720	0.00630
11	0.01144	0.00875	0.01279	0.01259	0.01379	0.01033	0.00971	0.01392	0.01233	0.01780	0.02045	0.03133	0.01957	0.11015	0.60404	0.01153	0.06005	0.00846	0.00415	0.00683
12	0.01608	0.01378	0.01608	0.01148	0.01837	0.01034	0.00919	0.01952	0.01608	0.02527	0.01378	0.01608	0.01148	0.00574	0.00574	0.00115	0.00574	0.00459	0.00459	0.77491
13	0.00961	0.00686	0.00918	0.01098	0.01150	0.00644	0.00748	0.01108	0.01500	0.01997	0.04265	0.68881	0.05093	0.02414	0.00994	0.00317	0.00464	0.05409	0.00719	0.00634
14	0.02235	0.01661	0.01810	0.01568	0.02045	0.01859	0.01236	0.09412	0.51988	0.12556	0.03029	0.02767	0.02212	0.01028	0.00786	0.00257	0.00641	0.00847	0.00812	0.01248
15	0.00945	0.00675	0.00900	0.01080	0.01125	0.00630	0.00720	0.01080	0.01484	0.01979	0.04274	0.72245	0.05128	0.02429	0.00990	0.00315	0.00450	0.02204	0.00720	0.00630
16	0.01088	0.00792	0.01023	0.00965	0.01152	0.00728	0.00724	0.01445	0.02172	0.03056	0.64345	0.05880	0.10510	0.01605	0.00915	0.00245	0.00367	0.01415	0.00846	0.00728
17	0.01464	0.01378	0.02326	0.70887	0.05340	0.01723	0.02153	0.01981	0.01550	0.01981	0.01378	0.02067	0.01034	0.00775	0.00775	0.00258	0.01034	0.00689	0.00345	0.00861
18	0.78228	0.01499	0.01140	0.01020	0.01499	0.01739	0.00840	0.02279	0.01320	0.03479	0.01080	0.01260	0.00840	0.00720	0.00480	0.00240	0.00600	0.00420	0.00480	0.00840
19	0.01114	0.00758	0.00869	0.00889	0.00916	0.00748	0.00535	0.01152	0.01219	0.01608	0.02926	0.08974	0.06499	0.61127	0.03460	0.00679	0.00714	0.04800	0.00511	0.00502
20	0.01347	0.00673	0.01010	0.01010	0.01010	0.00673	0.00673	0.01010	0.01010	0.01347	0.01347	0.02357	0.01347	0.02694	0.03030	0.77441	0.00673	0.00673	0.00337	0.00337
21	0.06078	0.44220	0.21323	0.01612	0.02372	0.08727	0.01735	0.02426	0.01635	0.02091	0.01174	0.01366	0.00984	0.00699	0.00580	0.00195	0.00955	0.00466	0.00345	0.01019
22	0.02045	0.69426	0.07605	0.01375	0.02065	0.02999	0.01411	0.02329	0.01579	0.01859	0.01095	0.01265	0.00994	0.00667	0.00511	0.00170	0.00847	0.00423	0.00331	0.01003
23	0.01129	0.00819	0.01081	0.01088	0.01274	0.00771	0.00865	0.01483	0.02061	0.02841	0.47112	0.06683	0.09764	0.01756	0.00957	0.00276	0.00462	0.18048	0.00809	0.00723
24	0.01249	0.00892	0.01249	0.01428	0.01606	0.00892	0.01249	0.01606	0.01785	0.02320	0.04105	0.08746	0.04462	0.02142	0.01071	0.00357	0.00714	0.62695	0.00714	0.00714
25	0.02943	0.02304	0.02316	0.01803	0.02404	0.08257	0.01476	0.59912	0.03519	0.04626	0.01804	0.01821	0.01291	0.00919	0.00769	0.00230	0.00901	0.00681	0.00743	0.01282
26	0.01965	0.02086	0.04207	0.03033	0.03767	0.02033	0.54631	0.10357	0.02033	0.02762	0.01584	0.02047	0.01188	0.00716	0.00961	0.00261	0.03980	0.00879	0.00438	0.01072
27	0.03479	0.01320	0.01799	0.01380	0.01979	0.01140	0.01140	0.03779	0.02219	0.68451	0.03059	0.02639	0.01919	0.00960	0.00780	0.00240	0.00660	0.00780	0.00960	0.01320
28	0.01704	0.01720	0.02506	0.02109	0.02156	0.02350	0.05481	0.01903	0.01226	0.01903	0.01051	0.01720	0.01027	0.01315	0.02447	0.00335	0.67152	0.00693	0.00342	0.00860
29	0.02864	0.02633	0.05702	0.01857	0.02451	0.18583	0.01551	0.47099	0.03193	0.04041	0.01678	0.01738	0.01224	0.00889	0.00755	0.00225	0.01000	0.00644	0.00662	0.01209
30	0.01117	0.00747	0.00849	0.00860	0.00862	0.00744	0.00485	0.01125	0.01149	0.01532	0.02552	0.09084	0.02957	0.68553	0.03770	0.00726	0.00734	0.01192	0.00485	0.00479
31	0.00927	0.00786	0.00800	0.00797	0.01054	0.00659	0.00597	0.01133	0.01792	0.02154	0.11331	0.07365	0.64086	0.01942	0.00916	0.00261	0.00391	0.01623	0.00728	0.00659
32	0.02183	0.01715	0.01849	0.01603	0.02074	0.01938	0.01274	0.16364	0.47591	0.06879	0.02932	0.02935	0.02226	0.01072	0.00798	0.00260	0.00669	0.03618	0.00792	0.01227
33	0.02947	0.02172	0.02327	0.01784	0.02404	0.02404	0.01474	0.65329	0.03646	0.04887	0.01862	0.01862	0.01319	0.00931	0.00776	0.00233	0.00853	0.00698	0.00776	0.01319
34	0.02473	0.01936	0.02060	0.01688	0.02224	0.02183	0.01359	0.36838	0.32908	0.04122	0.02464	0.02342	0.01807	0.00987	0.00782	0.00247	0.00742	0.00781	0.00782	0.01276
35	0.01347	0.00673	0.01010	0.01010	0.01010	0.00673	0.00673	0.01010	0.01010	0.01347	0.01347	0.02357	0.01347	0.02694	0.03030	0.77441	0.00673	0.00673	0.00337	0.00337
36	0.01929	0.01666	0.01753	0.01578	0.02016	0.01929	0.01227	0.04120	0.66513	0.03243	0.03156	0.02893	0.02367	0.01052	0.00789	0.00263	0.00614	0.00877	0.00789	0.01227
37	0.01128	0.00752	0.00846	0.00846	0.00846	0.00752	0.00470	0.01128	0.01128	0.01503	0.02443	0.05074	0.02819	0.72751	0.03946	0.00752	0.00752	0.01128	0.00470	0.00470
38	0.01108	0.00831	0.01246	0.01246	0.01385	0.00969	0.00969	0.01385	0.01246	0.01800	0.02077	0.03046	0.01938	0.05815	0.69678	0.01246	0.02077	0.00831	0.00415	0.00692
39	0.00945	0.00675	0.00900	0.01080	0.01125	0.00630	0.00720	0.01080	0.01484	0.01979	0.04274	0.72245	0.05128	0.02429	0.00990	0.00315	0.00450	0.02204	0.00720	0.00630
40	0.01830	0.02092	0.04575	0.03268	0.04052	0.01961	0.65098	0.02484	0.01830	0.02484	0.01569	0.02092	0.01176	0.00654	0.00915	0.00261	0.01307	0.00915	0.00392	0.01046
41	0.03479	0.01320	0.01799	0.01380	0.01979	0.01140	0.01140	0.03779	0.02219	0.68451	0.03059	0.02639	0.01919	0.00960	0.00780	0.00240	0.00660	0.00780	0.00960	0.01320
42	0.02073	0.73217	0.04063	0.01327	0.01990	0.03068	0.01327	0.02322	0.01575	0.01824	0.01078	0.01244	0.00995	0.00663	0.00498	0.00166	0.00829	0.00415	0.00332	0.00995
43	0.02118	0.69409	0.03961	0.01363	0.02012	0.06714	0.01336	0.02364	0.01610	0.01828	0.01085	0.01252	0.00995	0.00671	0.00509	0.00168	0.00860	0.00419	0.00335	0.00990
44	0.78228	0.01499	0.01140	0.01020	0.01499	0.01739	0.00840	0.02279	0.01320	0.03479	0.01080	0.01260	0.00840	0.00720	0.00480	0.00240	0.00600	0.00420	0.00480	0.00840
45	0.01919	0.01842	0.03147	0.04759	0.67914	0.01842	0.02380	0.02380	0.01765	0.02533	0.01458	0.01919	0.01228	0.00691	0.00768	0.00230	0.00921	0.00691	0.00384	0.01228
46	0.01082	0.00788	0.01018	0.00969	0.01151	0.00724	0.00724	0.01430	0.02144	0.03011	0.61852	0.08472	0.10453	0.01638	0.00918	0.00248	0.00371	0.01446	0.00841	0.00724
47	0.01088	0.00792	0.01024	0.00966	0.01153	0.00728	0.00724	0.01445	0.02173	0.03057	0.64445	0.05877	0.10408	0.01605	0.00915	0.00245	0.00367	0.01414	0.00847	0.00728
48	0.00952	0.00787	0.00835	0.00823	0.01069	0.00670	0.00617	0.01182	0.01852	0.02296	0.19692	0.07131	0.55637	0.01889	0.00916	0.00258	0.00387	0.01590	0.00747	0.00670
49	0.01128	0.00752	0.00846	0.00846	0.00846	0.00752	0.00470	0.01128	0.01128	0.01503	0.02443	0.05074	0.02819	0.72751	0.03946	0.00752	0.00752	0.01128	0.00470	0.00470
50	0.01830	0.02092	0.04575	0.03268	0.04052	0.01961	0.65098	0.02484	0.01830	0.02484	0.01569	0.02092	0.01176	0.00654	0.00915	0.00261	0.01307	0.00915	0.00392	0.01046
51	0.02349	0.01808	0.01941	0.01632	0.02139	0.02035	0.01301	0.23787	0.42454	0.07665	0.02734	0.02546	0.02003	0.01007	0.00784	0.00252	0.00693	0.00813	0.00795	0.01262
52	0.08187	0.03602	0.58133	0.02049	0.03098	0.01747	0.02568	0.02537	0.01653	0.07351	0.01487	0.01678	0.01038	0.00751	0.00718	0.00245	0.01064	0.00575	0.00386	0.01133
53	0.01608	0.01378	0.01608	0.01148	0.01837	0.01034	0.00919	0.01952	0.01608	0.02527	0.01378	0.01608	0.01148	0.00574	0.00574	0.00115	0.00574	0.00459	0.00459	0.77491
54	0.01805	0.02213	0.09047	0.03145	0.03925	0.01965	0.58241	0.02458	0.01792	0.02458	0.01535	0.02044	0.01157	0.00687	0.00965	0.00263	0.03988	0.00882	0.00386	0.01045
55	0.01022	0.00790	0.00932	0.00896	0.01112	0.00700	0.00672	0.01317	0.02017	0.02687	0.42656	0.06488	0.32429	0.01743	0.00915	0.00251	0.00377	0.01500	0.00798	0.00700
56	0.01823	0.01958	0.05987	0.16319	0.22920	0.01894	0.30008	0.04923	0.01826	0.02501	0.01506	0.02010	0.01163	0.00702	0.00833	0.00250	0.01118	0.00785	0.00394	0.01079
57	0.01103	0.00759	0.00882	0.00881	0.00926	0.00748	0.00537	0.01175	0.01311	0.01759	0.10515	0.07474	0.07584	0.54759	0.05914	0.00665	0.00726	0.01217	0.00537	0.00527
58	0.01070	0.00773	0.00894	0.00881	0.00989	0.00737	0.00581	0.01208	0.01505	0.01990	0.17078	0.05667	0.18971	0.37519	0.06439	0.00561	0.00665	0.01287	0.00605	0.00580
59	0.02170	0.01720	0.01907	0.01440	0.02079	0.01660	0.01167	0.27416	0.08179	0.03531	0.01729	0.01823	0.01324	0.00759	0.00674	0.00175	0.00689	0.00592	0.00615	0.40351
60	0.01816	0.01905	0.07028	0.02512	0.03178	0.01685	0.38993	0.04846	0.01792	0.05042	0.01718	0.05769	0.01413	0.00911	0.01035	0.04852	0.03408	0.00870	0.00447	0.10779
61	0.01077	0.00758	0.00899	0.00915	0.00978	0.00748	0.00582	0.01168	0.01323	0.01758	0.07161	0.12798	0.11223	0.44680	0.10084	0.00665	0.00792	0.01297	0.00546	0.00550
62	0.01627	0.18644	0.48859	0.01926	0.02881	0.01993	0.02359	0.02335	0.01622	0.02307	0.03636	0.01771	0.01254	0.01021	0.04376	0.00282	0.01101	0.00581	0.00351	0.01075
63	0.01100	0.00815	0.01033	0.01048	0.01206	0.00738	0.00726	0.01287	0.01545	0.02149	0.12801	0.39000	0.04378	0.12485	0.04442	0.00381	0.00573	0.01607	0.00650	0.12037
64	0.01856	0.21658	0.20549	0.02355	0.03182	0.04657	0.27538	0.02436	0.01718	0.02280	0.01372	0.01706	0.01071	0.00680	0.00738	0.00224	0.01115	0.00662	0.00362	0.03841
65	0.10521	0.04522	0.06071	0.09999	0.25690	0.17595	0.04170	0.02525	0.04013	0.02419	0.01514	0.02051	0.01274	0.00806	0.00730	0.00234	0.01011	0.03407	0.00418	0.01029
66	0.04160	0.34812	0.33671	0.05877	0.02804	0.02362	0.02070	0.02362	0.01594	0.02176	0.01240	0.01475	0.00987	0.00706	0.00624	0.00210	0.00980	0.00504	0.00335	0.01052
67	0.07247	0.10869	0.20388	0.01463	0.02075	0.01515	0.01501	0.04287	0.01887	0.13904	0.16772	0.03221	0.05167	0.03447	0.00861	0.00254	0.00747	0.02790	0.00610	0.00994

[dist]
# distance from previous block
# <min> <max>
8	15

[block]
# block no. 3 follows, 25 sequences, length 21
# corresponding to MSA columns:
# 237-257
name=unknown_D
#
# <colnr> <probs for GDERKNQSTAVLIFYWHMCP>
#	G	D	E	R	K	N	Q	S	T	A	V	L	I	F	Y	W	H	M	C	P
0	0.04770	0.02340	0.13999	0.16552	0.06585	0.08428	0.01852	0.22049	0.07082	0.03128	0.01670	0.01931	0.01251	0.01050	0.03720	0.00283	0.01025	0.00664	0.00524	0.01096
1	0.01557	0.01334	0.01547	0.01122	0.01779	0.01006	0.00894	0.01890	0.01620	0.02495	0.01858	0.02041	0.06071	0.00677	0.00600	0.00126	0.00561	0.00547	0.00479	0.71799
2	0.01031	0.00778	0.00943	0.00926	0.01112	0.00700	0.00680	0.01312	0.01964	0.02648	0.41720	0.12751	0.24489	0.04233	0.01027	0.00274	0.00395	0.01539	0.00788	0.00690
3	0.01113	0.00808	0.01132	0.01132	0.01231	0.00907	0.00827	0.01311	0.01212	0.01715	0.02181	0.03624	0.02189	0.24876	0.50960	0.01105	0.01699	0.00915	0.00431	0.00629
4	0.01710	0.01604	0.02698	0.13516	0.49191	0.01645	0.02101	0.02130	0.01693	0.02373	0.01865	0.12384	0.01780	0.00961	0.00802	0.00247	0.00867	0.00915	0.00428	0.01088
5	0.01873	0.46513	0.29017	0.01668	0.02517	0.02579	0.01920	0.02373	0.01599	0.02068	0.01199	0.01396	0.00990	0.00692	0.00590	0.00197	0.00951	0.00476	0.00330	0.01053
6	0.01381	0.01030	0.01407	0.01326	0.01536	0.01182	0.01044	0.10881	0.01602	0.02258	0.02045	0.02870	0.01846	0.05090	0.59445	0.01096	0.01895	0.00811	0.00469	0.00785
7	0.02099	0.05300	0.03093	0.02331	0.02791	0.14817	0.22472	0.08530	0.01869	0.02405	0.01338	0.01763	0.01102	0.00907	0.01293	0.00257	0.21373	0.00702	0.00417	0.05142
8	0.01541	0.01460	0.02450	0.58298	0.14500	0.01767	0.02169	0.02036	0.01568	0.02058	0.01376	0.02030	0.01062	0.00786	0.00845	0.00257	0.03843	0.00689	0.00350	0.00915
9	0.13622	0.07547	0.02006	0.01524	0.02045	0.06138	0.01237	0.18265	0.27335	0.05998	0.02172	0.02115	0.01626	0.00903	0.00702	0.00233	0.00734	0.00684	0.00672	0.04442
10	0.01048	0.00743	0.00979	0.01052	0.01109	0.00763	0.00711	0.01180	0.01305	0.01779	0.03084	0.31767	0.03510	0.25529	0.21095	0.00712	0.00999	0.01482	0.00556	0.00597
11	0.08875	0.00933	0.00983	0.00907	0.01222	0.00841	0.00693	0.01636	0.01767	0.12085	0.08259	0.05936	0.45264	0.05968	0.01037	0.00285	0.00473	0.01351	0.00722	0.00763
12	0.01743	0.01900	0.03912	0.02821	0.03546	0.01742	0.51667	0.02320	0.01776	0.02459	0.01704	0.06269	0.01412	0.00749	0.00869	0.00243	0.01146	0.00925	0.00422	0.12374
13	0.01576	0.03868	0.63981	0.02288	0.03407	0.01813	0.07475	0.02458	0.01651	0.02458	0.01405	0.01671	0.00997	0.00730	0.00750	0.00247	0.01158	0.00598	0.00332	0.01138
14	0.01464	0.01378	0.02326	0.70887	0.05340	0.01723	0.02153	0.01981	0.01550	0.01981	0.01378	0.02067	0.01034	0.00775	0.00775	0.00258	0.01034	0.00689	0.00345	0.00861
15	0.07957	0.50153	0.13120	0.01386	0.02042	0.02548	0.01433	0.02221	0.01520	0.02018	0.01258	0.01678	0.01159	0.07727	0.00869	0.00241	0.00850	0.00508	0.00356	0.00954
16	0.09161	0.01461	0.02107	0.48236	0.04196	0.01747	0.01811	0.11377	0.01890	0.02649	0.06677	0.02254	0.01556	0.00857	0.00757	0.00252	0.00911	0.00721	0.00462	0.00917
17	0.01834	0.41166	0.05062	0.01420	0.01889	0.06473	0.01312	0.02096	0.01623	0.02001	0.08151	0.02327	0.06939	0.01129	0.03029	0.00245	0.11303	0.00670	0.00421	0.00910
18	0.01176	0.00847	0.01153	0.01276	0.01446	0.00825	0.01067	0.01506	0.01838	0.02437	0.17043	0.14114	0.07820	0.02049	0.01025	0.00326	0.00605	0.41996	0.00743	0.00707
19	0.02072	0.01583	0.01696	0.04427	0.01957	0.06941	0.01159	0.16127	0.15802	0.09256	0.02318	0.02885	0.01928	0.13882	0.13971	0.00512	0.01042	0.00824	0.00631	0.00989
20	0.24179	0.03610	0.04404	0.06953	0.02125	0.01419	0.07388	0.02093	0.04144	0.06178	0.04825	0.13569	0.04381	0.01277	0.00778	0.00272	0.00717	0.10249	0.00579	0.00860

[dist]
# distance from previous block
# <min> <max>
4	6

[block]
# block no. 4 follows, 25 sequences, length 10
# corresponding to MSA columns:
# 264-273
name=unknown_E
#
# <colnr> <probs for GDERKNQSTAVLIFYWHMCP>
#	G	D	E	R	K	N	Q	S	T	A	V	L	I	F	Y	W	H	M	C	P
0	0.11513	0.54503	0.09710	0.01404	0.02077	0.05933	0.01419	0.02366	0.01579	0.02093	0.01113	0.01290	0.00975	0.00684	0.00527	0.00184	0.00858	0.00434	0.00353	0.00985
1	0.13647	0.34836	0.29112	0.01627	0.02453	0.02363	0.01858	0.02368	0.01560	0.02329	0.01202	0.01401	0.00966	0.00701	0.00589	0.00209	0.00919	0.00478	0.00353	0.01030
2	0.01339	0.00978	0.01339	0.01277	0.01473	0.01119	0.01002	0.08749	0.01544	0.02218	0.02079	0.02901	0.01870	0.04965	0.57697	0.01067	0.01835	0.00809	0.04971	0.00766
3	0.02846	0.03357	0.02273	0.02130	0.06297	0.55528	0.01547	0.12379	0.02389	0.02383	0.01313	0.01499	0.01060	0.00812	0.00715	0.00207	0.01288	0.00541	0.00455	0.00981
4	0.00970	0.00699	0.00898	0.01029	0.01099	0.00650	0.00690	0.01118	0.01536	0.02044	0.09674	0.56210	0.09951	0.08065	0.01219	0.00341	0.00463	0.02006	0.00711	0.00627
5	0.01128	0.00752	0.00846	0.00846	0.00846	0.00752	0.00470	0.01128	0.01128	0.01503	0.02443	0.05074	0.02819	0.72751	0.03946	0.00752	0.00752	0.01128	0.00470	0.00470
6	0.26204	0.07216	0.02076	0.01529	0.02094	0.06943	0.01268	0.36883	0.02674	0.04020	0.01516	0.01598	0.01124	0.00837	0.00659	0.00228	0.00811	0.00577	0.00626	0.01117
7	0.01445	0.00723	0.00723	0.00723	0.00903	0.00723	0.00542	0.01807	0.01626	0.02891	0.02529	0.02891	0.01987	0.00903	0.00542	0.00181	0.00361	0.00723	0.77055	0.00723
8	0.00945	0.00675	0.00900	0.01080	0.01125	0.00630	0.00720	0.01080	0.01484	0.01979	0.04274	0.72245	0.05128	0.02429	0.00990	0.00315	0.00450	0.02204	0.00720	0.00630
9	0.02848	0.01939	0.02141	0.01674	0.02244	0.02096	0.01368	0.52138	0.03284	0.12733	0.02215	0.07830	0.01713	0.01059	0.00794	0.00240	0.00795	0.00834	0.00794	0.01261

[dist]
# distance from previous block
# <min> <max>
0	1

[block]
# block no. 5 follows, 25 sequences, length 40
# corresponding to MSA columns:
# 275-314
name=unknown_F
#
# <colnr> <probs for GDERKNQSTAVLIFYWHMCP>
#	G	D	E	R	K	N	Q	S	T	A	V	L	I	F	Y	W	H	M	C	P
0	0.01464	0.01378	0.02326	0.70887	0.05340	0.01723	0.02153	0.01981	0.01550	0.01981	0.01378	0.02067	0.01034	0.00775	0.00775	0.00258	0.01034	0.00689	0.00345	0.00861
1	0.02900	0.03601	0.02205	0.01984	0.02397	0.65454	0.01497	0.06969	0.02287	0.02084	0.01240	0.01427	0.01019	0.00807	0.00704	0.00202	0.01364	0.00512	0.00423	0.00925
2	0.01813	0.01505	0.01716	0.01260	0.01926	0.01274	0.01013	0.10940	0.05378	0.02895	0.01541	0.01712	0.01238	0.00650	0.00614	0.00139	0.00615	0.00515	0.00521	0.62733
3	0.01347	0.00673	0.01010	0.01010	0.01010	0.00673	0.00673	0.01010	0.01010	0.01347	0.01347	0.02357	0.01347	0.02694	0.03030	0.77441	0.00673	0.00673	0.00337	0.00337
4	0.00945	0.00675	0.00900	0.01080	0.01125	0.00630	0.00720	0.01080	0.01484	0.01979	0.04274	0.72245	0.05128	0.02429	0.00990	0.00315	0.00450	0.02204	0.00720	0.00630
5	0.01608	0.01378	0.01608	0.01148	0.01837	0.01034	0.00919	0.01952	0.01608	0.02527	0.01378	0.01608	0.01148	0.00574	0.00574	0.00115	0.00574	0.00459	0.00459	0.77491
6	0.78228	0.01499	0.01140	0.01020	0.01499	0.01739	0.00840	0.02279	0.01320	0.03479	0.01080	0.01260	0.00840	0.00720	0.00480	0.00240	0.00600	0.00420	0.00480	0.00840
7	0.01347	0.00673	0.01010	0.01010	0.01010	0.00673	0.00673	0.01010	0.01010	0.01347	0.01347	0.02357	0.01347	0.02694	0.03030	0.77441	0.00673	0.00673	0.00337	0.00337
8	0.00916	0.00785	0.00785	0.00785	0.01047	0.00655	0.00589	0.01113	0.01767	0.02095	0.07855	0.07462	0.67599	0.01964	0.00916	0.00262	0.00393	0.01636	0.00720	0.00655
9	0.00945	0.00675	0.00900	0.01080	0.01125	0.00630	0.00720	0.01080	0.01484	0.01979	0.04274	0.72245	0.05128	0.02429	0.00990	0.00315	0.00450	0.02204	0.00720	0.00630
10	0.01981	0.01692	0.01783	0.01589	0.02036	0.01953	0.01240	0.07292	0.63256	0.03329	0.03089	0.02839	0.02313	0.01046	0.00788	0.00261	0.00626	0.00867	0.00788	0.01232
11	0.02029	0.01716	0.01810	0.01598	0.02055	0.01976	0.01252	0.10182	0.60287	0.03406	0.03028	0.02791	0.02263	0.01040	0.00788	0.00260	0.00637	0.00859	0.00788	0.01236
12	0.01929	0.01666	0.01753	0.01578	0.02016	0.01929	0.01227	0.04120	0.66513	0.03243	0.03156	0.02893	0.02367	0.01052	0.00789	0.00263	0.00614	0.00877	0.00789	0.01227
13	0.00945	0.00675	0.00900	0.01080	0.01125	0.00630	0.00720	0.01080	0.01484	0.01979	0.04274	0.72245	0.05128	0.02429	0.00990	0.00315	0.00450	0.02204	0.00720	0.00630
14	0.01000	0.00786	0.00887	0.00863	0.01079	0.00690	0.00638	0.01251	0.01898	0.02459	0.30948	0.06670	0.40235	0.05872	0.01089	0.00283	0.00403	0.01515	0.00758	0.00674
15	0.00945	0.00675	0.00900	0.01080	0.01125	0.00630	0.00720	0.01080	0.01484	0.01979	0.04274	0.72245	0.05128	0.02429	0.00990	0.00315	0.00450	0.02204	0.00720	0.00630
16	0.02947	0.02172	0.02327	0.01784	0.02404	0.02404	0.01474	0.65329	0.03646	0.04887	0.01862	0.01862	0.01319	0.00931	0.00776	0.00233	0.00853	0.00698	0.00776	0.01319
17	0.01199	0.00816	0.01061	0.00986	0.01191	0.00747	0.00745	0.01555	0.02179	0.06050	0.62188	0.05715	0.09472	0.01572	0.00908	0.00244	0.00380	0.01383	0.00853	0.00755
18	0.00978	0.00697	0.00928	0.01100	0.01155	0.00657	0.00755	0.01127	0.01496	0.01990	0.04186	0.64084	0.04978	0.05223	0.01115	0.00336	0.00485	0.07371	0.00709	0.00631
19	0.01234	0.00823	0.01080	0.00999	0.01205	0.00755	0.00755	0.01596	0.02196	0.06854	0.63812	0.05611	0.07007	0.01549	0.00907	0.00244	0.00383	0.01367	0.00860	0.00765
20	0.00945	0.00675	0.00900	0.01080	0.01125	0.00630	0.00720	0.01080	0.01484	0.01979	0.04274	0.72245	0.05128	0.02429	0.00990	0.00315	0.00450	0.02204	0.00720	0.00630
21	0.00926	0.00786	0.00798	0.00795	0.01053	0.00658	0.00596	0.01130	0.01789	0.02146	0.10864	0.07378	0.64558	0.01945	0.00916	0.00261	0.00391	0.01625	0.00727	0.00658
22	0.01347	0.00673	0.01010	0.01010	0.01010	0.00673	0.00673	0.01010	0.01010	0.01347	0.01347	0.02357	0.01347	0.02694	0.03030	0.77441	0.00673	0.00673	0.00337	0.00337
23	0.00916	0.00785	0.00785	0.00785	0.01047	0.00655	0.00589	0.01113	0.01767	0.02095	0.07855	0.07462	0.67599	0.01964	0.00916	0.00262	0.00393	0.01636	0.00720	0.00655
24	0.01445	0.00723	0.00723	0.00723	0.00903	0.00723	0.00542	0.01807	0.01626	0.02891	0.02529	0.02891	0.01987	0.00903	0.00542	0.00181	0.00361	0.00723	0.77055	0.00723
25	0.01445	0.00723	0.00723	0.00723	0.00903	0.00723	0.00542	0.01807	0.01626	0.02891	0.02529	0.02891	0.01987	0.00903	0.00542	0.00181	0.00361	0.00723	0.77055	0.00723
26	0.03455	0.01357	0.01823	0.01397	0.01998	0.01195	0.01154	0.06493	0.02282	0.65648	0.03006	0.02605	0.01893	0.00958	0.00780	0.00240	0.00668	0.00776	0.00952	0.01319
27	0.01929	0.01666	0.01753	0.01578	0.02016	0.01929	0.01227	0.04120	0.66513	0.03243	0.03156	0.02893	0.02367	0.01052	0.00789	0.00263	0.00614	0.00877	0.00789	0.01227
