[name]
unknown

[dist]
# distance from previous block
# <min> <max>
0	36

[block]
# block no. 0 follows, 21 sequences, length 18
# corresponding to MSA columns:
# 44-61
name=unknown_A
#
# <colnr> <probs for GDERKNQSTAVLIFYWHMCP>
#	G	D	E	R	K	N	Q	S	T	A	V	L	I	F	Y	W	H	M	C	P
0	0.01669	0.01037	0.01445	0.01561	0.01813	0.01013	0.01357	0.02054	0.02017	0.10200	0.04366	0.08783	0.04558	0.02193	0.01136	0.00376	0.00776	0.51966	0.00816	0.00865
1	0.10292	0.01703	0.02055	0.01590	0.02242	0.01662	0.01313	0.18601	0.02741	0.44571	0.02826	0.02542	0.01831	0.01021	0.00825	0.00261	0.00772	0.00797	0.00954	0.01400
2	0.06522	0.01738	0.02836	0.26108	0.09766	0.01933	0.13932	0.07790	0.01966	0.02855	0.01726	0.02271	0.01333	0.00886	0.00954	0.00272	0.05406	0.00793	0.09863	0.01049
3	0.01655	0.01649	0.03018	0.12567	0.03365	0.01705	0.25302	0.02276	0.06030	0.02562	0.06816	0.13075	0.06554	0.01453	0.03194	0.00334	0.05661	0.01241	0.00559	0.00984
4	0.01445	0.00739	0.01100	0.01114	0.01118	0.00736	0.00743	0.01114	0.01147	0.01530	0.01716	0.07548	0.01786	0.02935	0.03160	0.69690	0.00721	0.00864	0.00401	0.00393
5	0.02771	0.01972	0.02182	0.05587	0.02514	0.02179	0.01461	0.36509	0.14549	0.08663	0.02456	0.02463	0.01778	0.01035	0.00823	0.00257	0.00819	0.00812	0.09851	0.01320
6	0.33112	0.07239	0.34816	0.01816	0.02734	0.02032	0.02105	0.02605	0.01646	0.03127	0.01362	0.01596	0.01013	0.00796	0.00674	0.00262	0.00984	0.00547	0.00430	0.01106
7	0.71212	0.01595	0.01243	0.01116	0.01621	0.01837	0.00914	0.02443	0.01511	0.03792	0.05309	0.01707	0.01386	0.00852	0.00558	0.00264	0.00642	0.00531	0.00553	0.00914
8	0.01862	0.01862	0.02607	0.02234	0.02234	0.02607	0.01862	0.02048	0.01303	0.02048	0.01117	0.01862	0.01117	0.01489	0.02793	0.00372	0.68535	0.00745	0.00372	0.00931
9	0.08053	0.02175	0.02350	0.01829	0.02484	0.02375	0.01505	0.46586	0.07666	0.12942	0.02254	0.02188	0.01577	0.01019	0.00831	0.00259	0.00873	0.00771	0.00857	0.01406
10	0.06852	0.01908	0.02072	0.01723	0.02293	0.02101	0.01382	0.20408	0.32698	0.14780	0.02921	0.02710	0.02097	0.01079	0.00841	0.00274	0.00755	0.00861	0.00875	0.01369
11	0.02547	0.01908	0.02131	0.01607	0.02309	0.01854	0.01308	0.28557	0.06213	0.07591	0.01961	0.02031	0.01466	0.00855	0.00753	0.00200	0.00772	0.00665	0.00708	0.34565
12	0.01112	0.00866	0.01009	0.00973	0.01214	0.00764	0.00730	0.01426	0.02190	0.02893	0.38334	0.07212	0.34355	0.01934	0.01005	0.00277	0.00415	0.01659	0.00868	0.00764
13	0.01037	0.00741	0.00987	0.01185	0.01234	0.00691	0.00790	0.01185	0.01629	0.02172	0.04690	0.69537	0.05629	0.02666	0.01086	0.00346	0.00494	0.02419	0.00790	0.00691
14	0.01586	0.00793	0.00793	0.00793	0.00991	0.00793	0.00595	0.01983	0.01785	0.03173	0.02776	0.03173	0.02181	0.00991	0.00595	0.00198	0.00397	0.00793	0.74817	0.00793
15	0.01513	0.00944	0.01201	0.01094	0.01369	0.00847	0.00835	0.01874	0.02334	0.11335	0.47061	0.06210	0.16665	0.01719	0.00985	0.00270	0.00449	0.01492	0.00928	0.00873
16	0.57092	0.01847	0.03992	0.01438	0.02036	0.01958	0.05228	0.08271	0.01801	0.07568	0.01447	0.01614	0.01074	0.00824	0.00620	0.00264	0.00763	0.00557	0.00577	0.01031
17	0.07055	0.01411	0.01815	0.01438	0.02003	0.01294	0.01172	0.07510	0.02486	0.46147	0.14885	0.03425	0.03139	0.01169	0.00867	0.00264	0.00673	0.00960	0.00990	0.01297

[dist]
# distance from previous block
# <min> <max>
0	1

[block]
# block no. 1 follows, 21 sequences, length 74
# corresponding to MSA columns:
# 63-136
name=unknown_B
#
# <colnr> <probs for GDERKNQSTAVLIFYWHMCP>
#	G	D	E	R	K	N	Q	S	T	A	V	L	I	F	Y	W	H	M	C	P
0	0.16217	0.01739	0.04988	0.01413	0.02035	0.01574	0.01201	0.13995	0.02247	0.10954	0.04869	0.04353	0.01844	0.00938	0.00719	0.00220	0.00706	0.00725	0.06209	0.23056
1	0.65077	0.02054	0.10800	0.01313	0.01948	0.01919	0.01251	0.02530	0.01500	0.03652	0.01236	0.01444	0.00945	0.00793	0.00568	0.00264	0.00747	0.00486	0.00502	0.00971
2	0.05414	0.06856	0.02114	0.01425	0.02146	0.01629	0.01176	0.13663	0.02234	0.09202	0.01750	0.01879	0.01349	0.00758	0.00683	0.00174	0.00719	0.00582	0.00612	0.45635
3	0.01845	0.20454	0.50838	0.02190	0.03320	0.02314	0.02735	0.02659	0.01780	0.02527	0.01444	0.01692	0.01081	0.00789	0.00745	0.00248	0.01173	0.00587	0.00360	0.01218
4	0.56421	0.01740	0.01551	0.01335	0.01843	0.02020	0.01098	0.08956	0.04603	0.06439	0.01468	0.01635	0.01119	0.00894	0.00757	0.00272	0.05686	0.00554	0.00588	0.01020
5	0.01081	0.00766	0.01010	0.01189	0.01244	0.00725	0.00807	0.01232	0.01616	0.02150	0.04486	0.59042	0.05334	0.09056	0.01401	0.00395	0.00547	0.06474	0.00763	0.00681
6	0.01067	0.00798	0.00991	0.01083	0.01223	0.00723	0.00759	0.01287	0.01876	0.02479	0.18928	0.40971	0.20032	0.02339	0.01049	0.00314	0.00458	0.02076	0.00823	0.00723
7	0.03622	0.01405	0.01912	0.01481	0.02105	0.01217	0.01217	0.03957	0.02434	0.60728	0.07928	0.03156	0.02551	0.01105	0.00867	0.00264	0.00700	0.00907	0.01045	0.01400
8	0.03069	0.02301	0.02461	0.01925	0.02576	0.02562	0.01577	0.53435	0.12782	0.05096	0.02254	0.02211	0.01618	0.01041	0.00853	0.00260	0.00897	0.00795	0.00853	0.01432
9	0.76103	0.01646	0.01251	0.01119	0.01646	0.01909	0.00922	0.02502	0.01448	0.03818	0.01185	0.01382	0.00922	0.00790	0.00527	0.00263	0.00658	0.00461	0.00527	0.00922
10	0.08361	0.01842	0.02163	0.01669	0.02328	0.01860	0.01378	0.27574	0.03008	0.36867	0.02679	0.02449	0.01760	0.01023	0.00832	0.00260	0.00806	0.00793	0.00936	0.01413
11	0.01707	0.04402	0.65683	0.02426	0.03683	0.01976	0.03144	0.02695	0.01797	0.02695	0.01527	0.01797	0.01078	0.00809	0.00809	0.00270	0.01258	0.00629	0.00359	0.01258
12	0.65169	0.01887	0.07137	0.05031	0.02069	0.01914	0.01204	0.02500	0.01494	0.03624	0.01234	0.01470	0.00948	0.00795	0.00570	0.00265	0.00739	0.00493	0.00503	0.00953
13	0.76103	0.01646	0.01251	0.01119	0.01646	0.01909	0.00922	0.02502	0.01448	0.03818	0.01185	0.01382	0.00922	0.00790	0.00527	0.00263	0.00658	0.00461	0.00527	0.00922
14	0.01718	0.04323	0.63403	0.02469	0.03712	0.01983	0.05345	0.02696	0.01805	0.02696	0.01535	0.01815	0.01086	0.00805	0.00816	0.00270	0.01264	0.00643	0.00362	0.01254
15	0.01173	0.00846	0.01109	0.01092	0.01264	0.00782	0.00801	0.01527	0.02263	0.03180	0.53147	0.18208	0.07579	0.01914	0.01019	0.00282	0.00419	0.01704	0.00909	0.00782
16	0.02282	0.01791	0.01929	0.01711	0.02209	0.02032	0.01338	0.04486	0.57321	0.09583	0.03453	0.03148	0.02550	0.01145	0.00865	0.00286	0.00678	0.00952	0.00884	0.01357
17	0.01116	0.00819	0.01047	0.01091	0.01243	0.00750	0.00780	0.01398	0.02051	0.02801	0.34681	0.31203	0.13570	0.02149	0.01036	0.00300	0.00441	0.01912	0.00863	0.00750
18	0.01478	0.00739	0.01109	0.01109	0.01109	0.00739	0.00739	0.01109	0.01109	0.01478	0.01478	0.02587	0.01478	0.02956	0.03326	0.75240	0.00739	0.00739	0.00370	0.00370
19	0.09493	0.02527	0.02332	0.01894	0.02494	0.13299	0.01525	0.39236	0.11358	0.04435	0.02033	0.02049	0.01494	0.00994	0.00811	0.00254	0.00978	0.00729	0.00755	0.01310
20	0.01963	0.02356	0.09023	0.03323	0.07049	0.02220	0.42756	0.02587	0.01853	0.02596	0.01584	0.02165	0.01245	0.00875	0.01326	0.00300	0.14328	0.00914	0.00413	0.01124
21	0.01864	0.22722	0.48740	0.02157	0.03268	0.02361	0.02677	0.02654	0.01778	0.02503	0.01432	0.01677	0.01082	0.00786	0.00736	0.00245	0.01161	0.00581	0.00361	0.01212
22	0.76103	0.01646	0.01251	0.01119	0.01646	0.01909	0.00922	0.02502	0.01448	0.03818	0.01185	0.01382	0.00922	0.00790	0.00527	0.00263	0.00658	0.00461	0.00527	0.00922
23	0.11154	0.01816	0.01991	0.01648	0.02197	0.04698	0.03715	0.12304	0.21388	0.18635	0.02978	0.02837	0.04583	0.01071	0.00814	0.00266	0.00766	0.00859	0.05022	0.01255
24	0.01358	0.01135	0.01355	0.05493	0.01793	0.00961	0.00924	0.01698	0.01973	0.02719	0.18777	0.05117	0.24854	0.01437	0.00864	0.00226	0.00540	0.01214	0.00697	0.26865
25	0.01100	0.00815	0.01026	0.01080	0.01234	0.00742	0.00769	0.01364	0.02004	0.02702	0.29790	0.32612	0.17242	0.02195	0.01038	0.00303	0.00445	0.01947	0.00850	0.00742
26	0.32526	0.01888	0.01881	0.04694	0.02279	0.04813	0.01284	0.18290	0.02408	0.19336	0.01967	0.01978	0.01369	0.00922	0.00718	0.00260	0.00808	0.00656	0.00730	0.01192
27	0.01886	0.01817	0.03111	0.35361	0.13755	0.02019	0.14232	0.04962	0.09105	0.02663	0.01817	0.02348	0.01382	0.00852	0.00882	0.00279	0.01115	0.00831	0.00471	0.01113
28	0.01127	0.00836	0.01062	0.01203	0.01306	0.00807	0.00826	0.01465	0.06314	0.02364	0.08724	0.57553	0.08275	0.02468	0.01061	0.00333	0.00498	0.02223	0.00805	0.00749
29	0.05773	0.01751	0.02093	0.22041	0.03244	0.05581	0.01640	0.03180	0.25353	0.05444	0.07835	0.02886	0.02330	0.01099	0.00992	0.00285	0.05834	0.00881	0.00652	0.01107
30	0.01062	0.00758	0.01016	0.01213	0.01274	0.00713	0.00833	0.01228	0.01654	0.02200	0.04677	0.65064	0.05574	0.02643	0.01093	0.00349	0.00515	0.06646	0.00789	0.00698
31	0.02237	0.01988	0.06963	0.01707	0.02443	0.01692	0.05356	0.18106	0.05137	0.06155	0.05043	0.02220	0.01739	0.00850	0.00765	0.00202	0.00805	0.00703	0.00641	0.35249
32	0.55611	0.01716	0.01533	0.01290	0.01857	0.01909	0.01064	0.10723	0.01937	0.13149	0.01622	0.01696	0.01168	0.00860	0.00619	0.00262	0.00705	0.00560	0.00648	0.01070
33	0.12701	0.13211	0.31808	0.08512	0.03489	0.02192	0.11548	0.02600	0.01759	0.02712	0.01455	0.01794	0.01096	0.00784	0.00763	0.00260	0.01134	0.00649	0.00397	0.01137
34	0.07506	0.32091	0.31231	0.01868	0.02786	0.02505	0.02161	0.02565	0.01751	0.02477	0.01524	0.02025	0.01289	0.00860	0.00697	0.00239	0.01038	0.03854	0.00398	0.01135
35	0.02275	0.70604	0.04459	0.01456	0.02184	0.03367	0.01456	0.02548	0.01729	0.02002	0.01183	0.01365	0.01092	0.00728	0.00546	0.00182	0.00910	0.00455	0.00364	0.01092
36	0.01742	0.01334	0.01467	0.01286	0.01605	0.04123	0.00997	0.14712	0.02694	0.03707	0.41886	0.05120	0.08715	0.01524	0.00937	0.00260	0.00568	0.01298	0.05077	0.00946
37	0.02117	0.01828	0.01924	0.01732	0.02213	0.02117	0.01347	0.04522	0.63246	0.03560	0.03464	0.03175	0.02598	0.01155	0.00866	0.00289	0.00673	0.00962	0.00866	0.01347
38	0.02549	0.01722	0.01821	0.01473	0.01953	0.01871	0.01192	0.36986	0.03079	0.04451	0.02348	0.02513	0.01753	0.01009	0.00745	0.00232	0.00712	0.00777	0.31640	0.01175
39	0.01972	0.01130	0.01440	0.01275	0.01617	0.01076	0.00985	0.02593	0.10088	0.19067	0.37194	0.09253	0.05679	0.01553	0.00954	0.00274	0.00524	0.01351	0.00948	0.01028
40	0.02495	0.01159	0.01560	0.01312	0.01737	0.01031	0.01050	0.02861	0.02400	0.33774	0.31501	0.04817	0.04971	0.01433	0.00939	0.00272	0.00578	0.04004	0.00987	0.01119
41	0.01238	0.00825	0.00928	0.00928	0.00928	0.00825	0.00516	0.01238	0.01238	0.01650	0.02681	0.05569	0.03094	0.70092	0.04331	0.00825	0.00825	0.01238	0.00516	0.00516
42	0.03235	0.02384	0.02554	0.01958	0.02639	0.02639	0.01618	0.61946	0.04001	0.05363	0.02043	0.02043	0.01447	0.01022	0.00851	0.00255	0.00936	0.00766	0.00851	0.01447
43	0.01930	0.01620	0.01879	0.01369	0.02092	0.01347	0.01103	0.08725	0.01996	0.03035	0.01558	0.01798	0.01276	0.00701	0.00724	0.00148	0.02843	0.00541	0.00538	0.64776
44	0.03431	0.01818	0.05340	0.01668	0.02344	0.01642	0.01428	0.15344	0.08633	0.44481	0.03019	0.02702	0.01974	0.01044	0.00853	0.00265	0.00788	0.00837	0.00960	0.01428
45	0.10599	0.01627	0.01983	0.01555	0.02190	0.01574	0.01278	0.12170	0.07036	0.46407	0.02970	0.02650	0.01935	0.01031	0.00824	0.00264	0.00744	0.00813	0.00960	0.01390
46	0.01923	0.01545	0.01807	0.01301	0.02049	0.01201	0.01045	0.04662	0.01887	0.05882	0.01623	0.01830	0.01309	0.00666	0.00650	0.00138	0.00647	0.00532	0.00545	0.68759
47	0.31054	0.05632	0.01808	0.06347	0.02164	0.04877	0.01199	0.11622	0.05056	0.09013	0.01881	0.02039	0.01406	0.00900	0.00667	0.00249	0.00758	0.00641	0.11624	0.01063
48	0.01751	0.01528	0.02669	0.02398	0.07187	0.01582	0.18031	0.02138	0.01807	0.06585	0.02949	0.21748	0.03044	0.01643	0.01318	0.00328	0.11788	0.09926	0.00612	0.00969
49	0.01045	0.00744	0.00985	0.01175	0.01222	0.00697	0.00779	0.01187	0.01613	0.02151	0.04609	0.66948	0.05526	0.05395	0.01218	0.00365	0.00507	0.02371	0.00779	0.00684
50	0.01220	0.00894	0.01276	0.01276	0.01396	0.01014	0.00949	0.01461	0.01340	0.01907	0.02364	0.03809	0.02330	0.19709	0.53670	0.01254	0.01975	0.00980	0.00468	0.00709
51	0.01749	0.00982	0.01303	0.01176	0.01461	0.00889	0.00898	0.02112	0.02343	0.16578	0.45751	0.11456	0.06538	0.01678	0.00980	0.00274	0.00479	0.01474	0.00948	0.00931
52	0.03262	0.02341	0.02527	0.01938	0.02618	0.02575	0.01601	0.59278	0.03929	0.08133	0.02104	0.02083	0.01478	0.01023	0.00852	0.00256	0.00927	0.00770	0.00861	0.01447
53	0.01777	0.01737	0.02444	0.02120	0.02140	0.02404	0.01757	0.01979	0.01312	0.02039	0.01270	0.02056	0.01250	0.02132	0.11187	0.00503	0.59834	0.00767	0.00383	0.00908
54	0.70785	0.01631	0.01304	0.01148	0.01685	0.01861	0.00946	0.02623	0.01521	0.08347	0.01345	0.01494	0.01009	0.00809	0.00551	0.00263	0.00663	0.00490	0.00565	0.00960
55	0.06950	0.36758	0.19189	0.11573	0.03085	0.05084	0.01984	0.02558	0.01749	0.02324	0.01323	0.01614	0.01084	0.00776	0.00664	0.00226	0.01037	0.00547	0.00379	0.01096
56	0.05331	0.01640	0.01869	0.01735	0.04613	0.01777	0.01311	0.03920	0.38862	0.15517	0.05941	0.03604	0.05436	0.01218	0.00873	0.00284	0.00679	0.03243	0.00867	0.01278
57	0.01292	0.00892	0.01150	0.01072	0.01298	0.00814	0.00809	0.01677	0.02375	0.05768	0.57758	0.06358	0.12025	0.01744	0.00998	0.00269	0.00416	0.01531	0.00930	0.00822
58	0.03279	0.02314	0.02511	0.01925	0.02604	0.02535	0.01590	0.57633	0.03884	0.09842	0.02141	0.02107	0.01496	0.01024	0.00852	0.00256	0.00921	0.00773	0.00866	0.01447
59	0.01337	0.01004	0.01220	0.01153	0.01393	0.00971	0.00865	0.05126	0.06379	0.03262	0.43475	0.13192	0.13739	0.01813	0.00995	0.00279	0.00464	0.01586	0.00893	0.00853
60	0.01055	0.00748	0.00982	0.01162	0.01207	0.00703	0.00766	0.01190	0.01595	0.02126	0.04513	0.63876	0.05404	0.08633	0.01373	0.00388	0.00523	0.02315	0.00766	0.00676
61	0.02275	0.70604	0.04459	0.01456	0.02184	0.03367	0.01456	0.02548	0.01729	0.02002	0.01183	0.01365	0.01092	0.00728	0.00546	0.00182	0.00910	0.00455	0.00364	0.01092
62	0.01909	0.01584	0.01800	0.01349	0.02041	0.01351	0.01077	0.06888	0.09407	0.03080	0.01846	0.02020	0.01478	0.00739	0.00674	0.00159	0.00648	0.00592	0.03878	0.57481
63	0.01631	0.01537	0.02596	0.64988	0.08730	0.01897	0.02375	0.02196	0.01713	0.02204	0.01517	0.02261	0.01145	0.00846	0.00850	0.00282	0.01128	0.00756	0.00380	0.00965
64	0.03177	0.07959	0.02540	0.02051	0.02568	0.46035	0.01598	0.13958	0.02655	0.07414	0.01591	0.01717	0.01235	0.00906	0.00774	0.00227	0.01325	0.00604	0.00554	0.01111
65	0.01037	0.00741	0.00987	0.01185	0.01234	0.00691	0.00790	0.01185	0.01629	0.02172	0.04690	0.69537	0.05629	0.02666	0.01086	0.00346	0.00494	0.02419	0.00790	0.00691
66	0.02279	0.02193	0.03294	0.04782	0.56280	0.08182	0.02464	0.02750	0.02003	0.05264	0.01645	0.02084	0.01355	0.00782	0.00836	0.00250	0.01049	0.00742	0.00449	0.01317
67	0.42204	0.01976	0.07277	0.06598	0.05107	0.01974	0.01430	0.09599	0.06425	0.07781	0.01668	0.01825	0.01232	0.00866	0.00673	0.00266	0.00799	0.00609	0.00594	0.01098
68	0.02144	0.01499	0.01813	0.01362	0.02027	0.01250	0.01095	0.02622	0.05391	0.14548	0.05166	0.02295	0.01835	0.00828	0.00786	0.00177	0.03191	0.00658	0.00645	0.50668
69	0.01404	0.00973	0.01244	0.01157	0.01401	0.00929	0.00883	0.01952	0.06956	0.06370	0.54945	0.06055	0.07239	0.01682	0.00992	0.00273	0.00450	0.03290	0.00932	0.00874
70	0.01954	0.11659	0.44635	0.02083	0.03105	0.02020	0.02501	0.02873	0.06357	0.07385	0.01848	0.02020	0.01341	0.00855	0.00771	0.00255	0.01076	0.00660	0.05372	0.01228
71	0.01749	0.12541	0.50311	0.02191	0.03249	0.02094	0.02698	0.02567	0.01813	0.02632	0.06174	0.02086	0.01603	0.00897	0.00873	0.00262	0.03989	0.00680	0.00404	0.01189
72	0.01134	0.00790	0.00998	0.01098	0.01137	0.00779	0.00704	0.01236	0.01448	0.01944	0.03662	0.37765	0.04290	0.30170	0.08341	0.00631	0.00789	0.01807	0.00649	0.00627
73	0.05196	0.01854	0.03335	0.17641	0.09112	0.01895	0.24208	0.05211	0.02061	0.12067	0.05431	0.02533	0.01750	0.00896	0.00958	0.00279	0.02978	0.00896	0.00559	0.01141

[dist]
# distance from previous block
# <min> <max>
0	1

[block]
# block no. 2 follows, 21 sequences, length 89
# corresponding to MSA columns:
# 138-226
name=unknown_C
#
# <colnr> <probs for GDERKNQSTAVLIFYWHMCP>
#	G	D	E	R	K	N	Q	S	T	A	V	L	I	F	Y	W	H	M	C	P
0	0.02710	0.01206	0.01605	0.01313	0.01787	0.01057	0.01052	0.03056	0.02391	0.39360	0.24872	0.04477	0.08643	0.01370	0.00918	0.00267	0.00591	0.01160	0.00994	0.01172
1	0.73044	0.01637	0.01281	0.01136	0.01668	0.01881	0.00936	0.02571	0.01490	0.06424	0.01277	0.01447	0.00972	0.00801	0.00541	0.00263	0.00661	0.00478	0.00549	0.00944
2	0.01761	0.08470	0.58909	0.02495	0.06445	0.02066	0.03013	0.02682	0.01799	0.02655	0.01509	0.01784	0.01092	0.00801	0.00794	0.00263	0.01224	0.00624	0.00363	0.01251
3	0.01891	0.25805	0.45889	0.02112	0.03199	0.02426	0.02598	0.02648	0.01775	0.02471	0.01416	0.01657	0.01083	0.00783	0.00724	0.00241	0.01145	0.00573	0.00361	0.01204
4	0.01707	0.04402	0.65683	0.02426	0.03683	0.01976	0.03144	0.02695	0.01797	0.02695	0.01527	0.01797	0.01078	0.00809	0.00809	0.00270	0.01258	0.00629	0.00359	0.01258
5	0.01014	0.00862	0.00873	0.00870	0.01154	0.00722	0.00653	0.01237	0.01959	0.02344	0.10864	0.08116	0.62168	0.02139	0.01006	0.00287	0.00430	0.01786	0.00796	0.00722
6	0.03179	0.04056	0.02412	0.02192	0.02631	0.66676	0.01644	0.03398	0.02412	0.02083	0.01315	0.01535	0.01096	0.00877	0.00767	0.00219	0.01535	0.00548	0.00438	0.00987
7	0.13177	0.01574	0.01862	0.01477	0.02052	0.01554	0.01205	0.15036	0.02489	0.37262	0.02652	0.02523	0.01783	0.01122	0.00943	0.04787	0.00737	0.00774	0.05721	0.01269
8	0.01055	0.00755	0.01004	0.01172	0.01238	0.00704	0.00791	0.01232	0.01716	0.02310	0.11300	0.62535	0.05895	0.02563	0.01077	0.00337	0.00484	0.02322	0.00806	0.00704
9	0.03535	0.01902	0.02256	0.01729	0.02399	0.01924	0.01429	0.32189	0.03195	0.36259	0.02720	0.02483	0.01787	0.01038	0.00854	0.00259	0.00827	0.00812	0.00955	0.01448
10	0.01113	0.00795	0.01039	0.01124	0.01226	0.00742	0.00775	0.01345	0.01890	0.02594	0.26637	0.41535	0.06336	0.07172	0.01289	0.00351	0.00483	0.02008	0.00825	0.00720
11	0.03182	0.03966	0.02419	0.02180	0.02631	0.63235	0.01643	0.06544	0.02497	0.02259	0.01355	0.01562	0.01115	0.00885	0.00772	0.00221	0.01503	0.00560	0.00461	0.01011
12	0.01794	0.14581	0.56270	0.02277	0.03453	0.02190	0.02885	0.02672	0.01786	0.02589	0.01474	0.01730	0.01080	0.00796	0.00768	0.00256	0.01204	0.00602	0.00360	0.01232
13	0.02387	0.01863	0.02012	0.01749	0.02264	0.02103	0.01387	0.14098	0.46786	0.07863	0.03258	0.03224	0.02464	0.01174	0.00875	0.00286	0.00726	0.03261	0.00872	0.01348
14	0.72930	0.01678	0.01308	0.01156	0.01689	0.01941	0.00952	0.05090	0.01559	0.03885	0.01222	0.01411	0.00945	0.00800	0.00541	0.00263	0.00670	0.00474	0.00541	0.00945
15	0.08094	0.02056	0.02280	0.01772	0.02427	0.02192	0.01460	0.39551	0.06537	0.21244	0.02414	0.02288	0.01650	0.01022	0.00832	0.00260	0.00848	0.00781	0.00885	0.01408
16	0.02902	0.01505	0.01808	0.01538	0.02023	0.04279	0.01226	0.09502	0.05173	0.35794	0.03486	0.16925	0.02937	0.01471	0.00922	0.00288	0.00738	0.05344	0.00922	0.01219
17	0.01051	0.00752	0.01000	0.01175	0.01237	0.00701	0.00791	0.01220	0.01695	0.02277	0.09726	0.64203	0.05831	0.02588	0.01079	0.00339	0.00486	0.02345	0.00802	0.00701
18	0.03818	0.01448	0.01975	0.01514	0.02172	0.01251	0.01251	0.04147	0.02436	0.65373	0.03357	0.02897	0.02107	0.01053	0.00856	0.00263	0.00724	0.00856	0.01053	0.01448
19	0.02068	0.01043	0.01396	0.01244	0.01573	0.00935	0.00954	0.02396	0.02269	0.24406	0.32052	0.17235	0.05542	0.01681	0.00969	0.00281	0.00530	0.01473	0.00949	0.01003
20	0.12826	0.01473	0.01885	0.01465	0.02107	0.01333	0.01210	0.03942	0.02313	0.57703	0.03087	0.02708	0.01959	0.01020	0.00815	0.00263	0.00716	0.00807	0.00988	0.01383
21	0.02275	0.70604	0.04459	0.01456	0.02184	0.03367	0.01456	0.02548	0.01729	0.02002	0.01183	0.01365	0.01092	0.00728	0.00546	0.00182	0.00910	0.00455	0.00364	0.01092
22	0.02275	0.70604	0.04459	0.01456	0.02184	0.03367	0.01456	0.02548	0.01729	0.02002	0.01183	0.01365	0.01092	0.00728	0.00546	0.00182	0.00910	0.00455	0.00364	0.01092
23	0.03235	0.02384	0.02554	0.01958	0.02639	0.02639	0.01618	0.61946	0.04001	0.05363	0.02043	0.02043	0.01447	0.01022	0.00851	0.00255	0.00936	0.00766	0.00851	0.01447
24	0.76103	0.01646	0.01251	0.01119	0.01646	0.01909	0.00922	0.02502	0.01448	0.03818	0.01185	0.01382	0.00922	0.00790	0.00527	0.00263	0.00658	0.00461	0.00527	0.00922
25	0.03247	0.01442	0.01876	0.01484	0.02058	0.01325	0.01208	0.08457	0.05208	0.47124	0.13732	0.03433	0.03092	0.01173	0.00881	0.00265	0.00684	0.00970	0.01009	0.01333
26	0.01204	0.00870	0.01138	0.01071	0.01271	0.00803	0.00803	0.01606	0.02409	0.03413	0.64335	0.06357	0.08030	0.01740	0.01004	0.00268	0.00401	0.01539	0.00937	0.00803
27	0.01605	0.01454	0.02409	0.62544	0.05463	0.01801	0.02219	0.02159	0.01708	0.02256	0.01616	0.02343	0.01220	0.00862	0.00830	0.00277	0.01074	0.00759	0.06469	0.00933
28	0.01132	0.00867	0.01037	0.00995	0.01227	0.00772	0.00746	0.01466	0.02238	0.03008	0.44079	0.07023	0.28538	0.01891	0.01004	0.00275	0.00412	0.01632	0.00884	0.00772
29	0.01080	0.00783	0.01019	0.01133	0.01239	0.00723	0.00784	0.01300	0.01858	0.02513	0.20926	0.48602	0.10115	0.02385	0.01059	0.00321	0.00465	0.02143	0.00829	0.00723
30	0.01885	0.25191	0.46458	0.02121	0.03213	0.02413	0.02614	0.02649	0.01775	0.02477	0.01419	0.01661	0.01082	0.00783	0.00726	0.00242	0.01149	0.00574	0.00361	0.01206
31	0.01059	0.00770	0.00999	0.01141	0.01233	0.00710	0.00780	0.01251	0.01771	0.02367	0.13881	0.54974	0.10950	0.02485	0.01067	0.00329	0.00475	0.02236	0.00812	0.00710
32	0.02137	0.01741	0.02786	0.02005	0.02779	0.01461	0.19498	0.02611	0.01936	0.11833	0.01844	0.02090	0.01392	0.00718	0.00777	0.00195	0.00889	0.00707	0.00561	0.42041
33	0.42924	0.01978	0.07001	0.01570	0.02165	0.01978	0.05206	0.10695	0.08446	0.03737	0.01818	0.05874	0.01492	0.00970	0.00695	0.00272	0.00787	0.00723	0.00603	0.01066
34	0.57266	0.02045	0.09526	0.01414	0.01997	0.02009	0.01311	0.05267	0.01600	0.03604	0.01263	0.01505	0.00982	0.00860	0.00763	0.00273	0.06301	0.00519	0.00508	0.00989
35	0.02098	0.02044	0.03582	0.05090	0.59846	0.02033	0.07446	0.02621	0.01944	0.02776	0.01611	0.02122	0.01343	0.00755	0.00856	0.00256	0.01046	0.00778	0.00422	0.01332
36	0.01400	0.00916	0.01183	0.01089	0.01334	0.00832	0.00826	0.01780	0.02373	0.08337	0.54840	0.06227	0.12166	0.01718	0.00992	0.00269	0.00430	0.01505	0.00934	0.00848
37	0.01829	0.01261	0.01273	0.01138	0.01448	0.04079	0.00882	0.13177	0.02372	0.03491	0.15535	0.04063	0.09838	0.01267	0.00777	0.00233	0.00554	0.01034	0.34831	0.00919
38	0.01632	0.01562	0.02708	0.63978	0.05772	0.01907	0.06109	0.02209	0.01721	0.02209	0.01526	0.02271	0.01144	0.00842	0.00861	0.00284	0.01153	0.00772	0.00381	0.00958
39	0.02238	0.01888	0.01993	0.01756	0.02259	0.02173	0.01376	0.10758	0.56812	0.03756	0.03309	0.03052	0.02473	0.01140	0.00864	0.00285	0.00702	0.00941	0.00864	0.01358
40	0.01037	0.00741	0.00987	0.01185	0.01234	0.00691	0.00790	0.01185	0.01629	0.02172	0.04690	0.69537	0.05629	0.02666	0.01086	0.00346	0.00494	0.02419	0.00790	0.00691
41	0.01607	0.01513	0.02552	0.68047	0.05861	0.01891	0.02363	0.02174	0.01702	0.02174	0.01513	0.02269	0.01134	0.00851	0.00851	0.00284	0.01134	0.00756	0.00378	0.00945
42	0.01723	0.01631	0.02762	0.53460	0.19542	0.01921	0.02421	0.02276	0.01756	0.02315	0.01533	0.02231	0.01184	0.00829	0.00849	0.00276	0.01106	0.00757	0.00388	0.01039
43	0.01862	0.01862	0.02607	0.02234	0.02234	0.02607	0.01862	0.02048	0.01303	0.02048	0.01117	0.01862	0.01117	0.01489	0.02793	0.00372	0.68535	0.00745	0.00372	0.00931
44	0.02137	0.10478	0.02243	0.01697	0.02209	0.02274	0.01361	0.04274	0.55510	0.03364	0.03177	0.02947	0.02408	0.01101	0.00826	0.00275	0.00703	0.00898	0.00803	0.01315
45	0.03179	0.04056	0.02412	0.02192	0.02631	0.66676	0.01644	0.03398	0.02412	0.02083	0.01315	0.01535	0.01096	0.00877	0.00767	0.00219	0.01535	0.00548	0.00438	0.00987
46	0.01006	0.00862	0.00862	0.00862	0.01149	0.00718	0.00647	0.01221	0.01940	0.02299	0.08621	0.08190	0.64438	0.02155	0.01006	0.00287	0.00431	0.01796	0.00790	0.00718
47	0.01551	0.00800	0.00825	0.00819	0.01017	0.00794	0.00614	0.01948	0.01842	0.03195	0.08404	0.03464	0.02716	0.01060	0.00632	0.00205	0.00397	0.00861	0.68062	0.00794
48	0.03235	0.02384	0.02554	0.01958	0.02639	0.02639	0.01618	0.61946	0.04001	0.05363	0.02043	0.02043	0.01447	0.01022	0.00851	0.00255	0.00936	0.00766	0.00851	0.01447
49	0.03235	0.02384	0.02554	0.01958	0.02639	0.02639	0.01618	0.61946	0.04001	0.05363	0.02043	0.02043	0.01447	0.01022	0.00851	0.00255	0.00936	0.00766	0.00851	0.01447
50	0.01183	0.00854	0.01119	0.01085	0.01267	0.00789	0.00801	0.01553	0.02310	0.03256	0.56789	0.14350	0.07726	0.01857	0.01014	0.00278	0.00413	0.01650	0.00918	0.00789
51	0.03573	0.01545	0.01999	0.01565	0.02202	0.01433	0.01282	0.07240	0.10166	0.54437	0.03301	0.02887	0.02134	0.01064	0.00857	0.00266	0.00729	0.00864	0.01019	0.01435
52	0.01238	0.00825	0.00928	0.00928	0.00928	0.00825	0.00516	0.01238	0.01238	0.01650	0.02681	0.05569	0.03094	0.70092	0.04331	0.00825	0.00825	0.01238	0.00516	0.00516
53	0.01607	0.01513	0.02552	0.68047	0.05861	0.01891	0.02363	0.02174	0.01702	0.02174	0.01513	0.02269	0.01134	0.00851	0.00851	0.00284	0.01134	0.00756	0.00378	0.00945
54	0.01765	0.01513	0.01765	0.01260	0.02017	0.01134	0.01008	0.02143	0.01765	0.02773	0.01513	0.01765	0.01260	0.00630	0.00630	0.00126	0.00630	0.00504	0.00504	0.75295
55	0.01930	0.02044	0.03026	0.02461	0.02710	0.07564	0.16193	0.02243	0.01594	0.02226	0.01606	0.08127	0.01570	0.01360	0.02039	0.00337	0.40629	0.00944	0.00430	0.00966
56	0.01607	0.01513	0.02552	0.68047	0.05861	0.01891	0.02363	0.02174	0.01702	0.02174	0.01513	0.02269	0.01134	0.00851	0.00851	0.00284	0.01134	0.00756	0.00378	0.00945
57	0.01765	0.01513	0.01765	0.01260	0.02017	0.01134	0.01008	0.02143	0.01765	0.02773	0.01513	0.01765	0.01260	0.00630	0.00630	0.00126	0.00630	0.00504	0.00504	0.75295
58	0.02675	0.08855	0.03538	0.02644	0.03261	0.37800	0.23681	0.03082	0.02208	0.02312	0.01454	0.01800	0.01167	0.00806	0.00836	0.00241	0.01447	0.00708	0.00429	0.01054
59	0.03204	0.03305	0.02476	0.02087	0.02635	0.37919	0.01632	0.29690	0.03125	0.03556	0.01642	0.01763	0.01254	0.00942	0.00805	0.00235	0.01266	0.00646	0.00624	0.01193
60	0.01044	0.00746	0.00994	0.01180	0.01236	0.00696	0.00791	0.01204	0.01665	0.02229	0.07408	0.66658	0.05738	0.02624	0.01082	0.00342	0.00490	0.02379	0.00797	0.00696
61	0.01184	0.00860	0.01116	0.01072	0.01264	0.00791	0.00796	0.01560	0.02332	0.03277	0.57723	0.11297	0.09880	0.01826	0.01010	0.00274	0.00410	0.01616	0.00920	0.00791
62	0.03155	0.02344	0.02509	0.01942	0.02608	0.02602	0.01598	0.57816	0.08262	0.05234	0.02145	0.02125	0.01530	0.01031	0.00852	0.00258	0.00918	0.00780	0.00852	0.01440
63	0.03167	0.01294	0.01737	0.01382	0.01922	0.01134	0.01122	0.03514	0.02389	0.49342	0.15233	0.03590	0.03268	0.01183	0.00868	0.00260	0.00640	0.00985	0.05687	0.01281
64	0.76103	0.01646	0.01251	0.01119	0.01646	0.01909	0.00922	0.02502	0.01448	0.03818	0.01185	0.01382	0.00922	0.00790	0.00527	0.00263	0.00658	0.00461	0.00527	0.00922
65	0.01037	0.00741	0.00987	0.01185	0.01234	0.00691	0.00790	0.01185	0.01629	0.02172	0.04690	0.69537	0.05629	0.02666	0.01086	0.00346	0.00494	0.02419	0.00790	0.00691
66	0.02275	0.70604	0.04459	0.01456	0.02184	0.03367	0.01456	0.02548	0.01729	0.02002	0.01183	0.01365	0.01092	0.00728	0.00546	0.00182	0.00910	0.00455	0.00364	0.01092
67	0.01371	0.00980	0.01371	0.01567	0.01763	0.00980	0.01371	0.01763	0.01959	0.02547	0.04506	0.09599	0.04898	0.02351	0.01175	0.00392	0.00784	0.59056	0.00784	0.00784
68	0.02009	0.02296	0.05022	0.03587	0.04448	0.02152	0.61693	0.02726	0.02009	0.02726	0.01722	0.02296	0.01291	0.00717	0.01004	0.00287	0.01435	0.01004	0.00430	0.01148
69	0.01353	0.00898	0.01180	0.01104	0.01324	0.00824	0.00829	0.01737	0.02369	0.07090	0.57446	0.09543	0.07543	0.01748	0.00999	0.00272	0.00426	0.01545	0.00936	0.00836
70	0.01478	0.01048	0.01364	0.01478	0.01713	0.01053	0.01270	0.05666	0.02078	0.02755	0.04568	0.08524	0.09504	0.02150	0.01098	0.00360	0.00736	0.46222	0.06113	0.00822
71	0.01037	0.00741	0.00987	0.01185	0.01234	0.00691	0.00790	0.01185	0.01629	0.02172	0.04690	0.69537	0.05629	0.02666	0.01086	0.00346	0.00494	0.02419	0.00790	0.00691
72	0.01478	0.00739	0.01109	0.01109	0.01109	0.00739	0.00739	0.01109	0.01109	0.01478	0.01478	0.02587	0.01478	0.02956	0.03326	0.75240	0.00739	0.00739	0.00370	0.00370
73	0.36697	0.02675	0.01901	0.01661	0.02180	0.26455	0.01308	0.12550	0.02229	0.03416	0.01374	0.01548	0.01073	0.00861	0.00670	0.00245	0.01034	0.00544	0.00546	0.01032
74	0.01051	0.00751	0.01000	0.01176	0.01237	0.00700	0.00791	0.01219	0.01693	0.02274	0.09571	0.64367	0.05825	0.02590	0.01079	0.00339	0.00486	0.02347	0.00802	0.00700
75	0.02074	0.02341	0.04398	0.03180	0.03993	0.07304	0.49147	0.02708	0.02011	0.02679	0.01662	0.02167	0.01271	0.00719	0.00938	0.00261	0.01342	0.00904	0.00440	0.10460
76	0.02106	0.02022	0.03454	0.05223	0.64784	0.02022	0.02612	0.02612	0.01938	0.02780	0.01601	0.02106	0.01348	0.00758	0.00842	0.00253	0.01011	0.00758	0.00421	0.01348
77	0.02515	0.01644	0.01878	0.01606	0.02111	0.01759	0.01271	0.07683	0.36034	0.19737	0.11002	0.03431	0.03081	0.01193	0.00880	0.00277	0.00669	0.00995	0.00923	0.01311
78	0.01607	0.01513	0.02552	0.68047	0.05861	0.01891	0.02363	0.02174	0.01702	0.02174	0.01513	0.02269	0.01134	0.00851	0.00851	0.00284	0.01134	0.00756	0.00378	0.00945
79	0.01765	0.01513	0.01765	0.01260	0.02017	0.01134	0.01008	0.02143	0.01765	0.02773	0.01513	0.01765	0.01260	0.00630	0.00630	0.00126	0.00630	0.00504	0.00504	0.75295
80	0.01071	0.00774	0.01014	0.01146	0.01238	0.00716	0.00786	0.01277	0.01810	0.02444	0.17647	0.53206	0.08823	0.02444	0.01065	0.00326	0.00471	0.02202	0.00821	0.00716
81	0.01478	0.00739	0.01109	0.01109	0.01109	0.00739	0.00739	0.01109	0.01109	0.01478	0.01478	0.02587	0.01478	0.02956	0.03326	0.75240	0.00739	0.00739	0.00370	0.00370
82	0.02134	0.01699	0.01833	0.01638	0.02106	0.01912	0.01276	0.04171	0.52438	0.07943	0.07517	0.03568	0.05523	0.01227	0.00880	0.00285	0.00650	0.01026	0.00881	0.01293
83	0.01123	0.00815	0.01084	0.01156	0.01271	0.00794	0.00818	0.01359	0.01781	0.02442	0.20153	0.34865	0.08072	0.07110	0.12531	0.00527	0.00793	0.01828	0.00755	0.00723
84	0.03196	0.03547	0.02455	0.02121	0.02633	0.47202	0.01636	0.21203	0.02895	0.03080	0.01537	0.01689	0.01203	0.00921	0.00793	0.00230	0.01353	0.00614	0.00564	0.01127
85	0.01037	0.00741	0.00987	0.01185	0.01234	0.00691	0.00790	0.01185	0.01629	0.02172	0.04690	0.69537	0.05629	0.02666	0.01086	0.00346	0.00494	0.02419	0.00790	0.00691
86	0.02009	0.02296	0.05022	0.03587	0.04448	0.02152	0.61693	0.02726	0.02009	0.02726	0.01722	0.02296	0.01291	0.00717	0.01004	0.00287	0.01435	0.01004	0.00430	0.01148
87	0.02073	0.44414	0.24177	0.01921	0.02829	0.02833	0.06331	0.02608	0.01771	0.02277	0.01332	0.01571	0.01102	0.00753	0.00663	0.00218	0.01060	0.00550	0.00367	0.01149
88	0.01796	0.05550	0.06208	0.01386	0.01783	0.01294	0.01178	0.02489	0.11177	0.11829	0.29320	0.11785	0.05078	0.01557	0.00938	0.00279	0.00606	0.03893	0.00844	0.01011

[dist]
# distance from previous block
# <min> <max>
0	6

[block]
# block no. 3 follows, 21 sequences, length 41
# corresponding to MSA columns:
# 233,236-275
name=unknown_D
#
# <colnr> <probs for GDERKNQSTAVLIFYWHMCP>
#	G	D	E	R	K	N	Q	S	T	A	V	L	I	F	Y	W	H	M	C	P
0	0.02006	0.08118	0.03088	0.02321	0.02638	0.07585	0.14143	0.04691	0.01714	0.02329	0.01614	0.07042	0.01540	0.01461	0.04195	0.00355	0.32835	0.00890	0.00443	0.00991
1	0.02064	0.02185	0.04347	0.03115	0.03946	0.02036	0.48053	0.07100	0.02122	0.02932	0.01714	0.02197	0.01298	0.00727	0.00937	0.00260	0.01276	0.00911	0.00473	0.12305
2	0.01958	0.02386	0.09264	0.06176	0.04285	0.02162	0.50255	0.02649	0.01926	0.02649	0.01653	0.02224	0.01255	0.00788	0.01118	0.00292	0.06464	0.00946	0.00418	0.01131
3	0.01780	0.01696	0.02799	0.40886	0.15085	0.01937	0.06660	0.02459	0.06388	0.02452	0.01673	0.02265	0.01299	0.00863	0.00933	0.00274	0.03976	0.00776	0.00433	0.05366
4	0.02675	0.01553	0.01906	0.01412	0.02124	0.01293	0.01149	0.07429	0.02194	0.27342	0.02271	0.02226	0.01604	0.00824	0.00735	0.00189	0.00690	0.00661	0.00744	0.40978
5	0.76103	0.01646	0.01251	0.01119	0.01646	0.01909	0.00922	0.02502	0.01448	0.03818	0.01185	0.01382	0.00922	0.00790	0.00527	0.00263	0.00658	0.00461	0.00527	0.00922
6	0.02016	0.02275	0.04904	0.03709	0.08955	0.02142	0.57280	0.02717	0.02003	0.02730	0.01713	0.02281	0.01295	0.00720	0.00992	0.00284	0.01403	0.00986	0.00430	0.01163
7	0.01112	0.00792	0.01060	0.01248	0.01324	0.00754	0.00892	0.01301	0.01676	0.02221	0.04559	0.54698	0.05364	0.05799	0.01258	0.00377	0.00567	0.13521	0.00776	0.00701
8	0.01222	0.00819	0.00933	0.00948	0.00951	0.00815	0.00536	0.01234	0.01267	0.01689	0.02833	0.10389	0.03285	0.65012	0.04087	0.00789	0.00800	0.01327	0.00536	0.00529
9	0.03179	0.04056	0.02412	0.02192	0.02631	0.66676	0.01644	0.03398	0.02412	0.02083	0.01315	0.01535	0.01096	0.00877	0.00767	0.00219	0.01535	0.00548	0.00438	0.00987
10	0.01765	0.01513	0.01765	0.01260	0.02017	0.01134	0.01008	0.02143	0.01765	0.02773	0.01513	0.01765	0.01260	0.00630	0.00630	0.00126	0.00630	0.00504	0.00504	0.75295
11	0.01765	0.01513	0.01765	0.01260	0.02017	0.01134	0.01008	0.02143	0.01765	0.02773	0.01513	0.01765	0.01260	0.00630	0.00630	0.00126	0.00630	0.00504	0.00504	0.75295
12	0.01037	0.00741	0.00987	0.01185	0.01234	0.00691	0.00790	0.01185	0.01629	0.02172	0.04690	0.69537	0.05629	0.02666	0.01086	0.00346	0.00494	0.02419	0.00790	0.00691
13	0.03198	0.01367	0.01813	0.01447	0.02005	0.01231	0.01173	0.03695	0.06963	0.49069	0.14877	0.03571	0.03261	0.01190	0.00884	0.00266	0.00659	0.00993	0.01017	0.01319
14	0.01862	0.01862	0.02607	0.02234	0.02234	0.02607	0.01862	0.02048	0.01303	0.02048	0.01117	0.01862	0.01117	0.01489	0.02793	0.00372	0.68535	0.00745	0.00372	0.00931
15	0.01586	0.00793	0.00793	0.00793	0.00991	0.00793	0.00595	0.01983	0.01785	0.03173	0.02776	0.03173	0.02181	0.00991	0.00595	0.00198	0.00397	0.00793	0.74817	0.00793
16	0.01151	0.00868	0.01063	0.01014	0.01238	0.00780	0.00761	0.01502	0.02282	0.03112	0.49276	0.06852	0.23276	0.01852	0.01004	0.00273	0.00409	0.01608	0.00897	0.00780
17	0.03073	0.12548	0.02777	0.01846	0.02524	0.02644	0.01559	0.47012	0.06319	0.08252	0.02056	0.02043	0.01486	0.00986	0.00806	0.00246	0.00908	0.00734	0.00791	0.01389
18	0.01522	0.00940	0.01239	0.01124	0.01381	0.00857	0.00857	0.01914	0.02412	0.10933	0.56933	0.05937	0.07311	0.01656	0.00986	0.00267	0.00441	0.01456	0.00951	0.00881
19	0.03555	0.01693	0.02105	0.01633	0.02283	0.01637	0.01343	0.17520	0.07396	0.46844	0.03062	0.02721	0.01992	0.01054	0.00856	0.00263	0.00769	0.00843	0.00992	0.01440
20	0.11314	0.06227	0.02488	0.01824	0.02481	0.02574	0.01517	0.49104	0.06390	0.04909	0.01964	0.01983	0.01422	0.00985	0.00798	0.00254	0.00891	0.00723	0.00787	0.01363
21	0.01586	0.00793	0.00793	0.00793	0.00991	0.00793	0.00595	0.01983	0.01785	0.03173	0.02776	0.03173	0.02181	0.00991	0.00595	0.00198	0.00397	0.00793	0.74817	0.00793
22	0.76103	0.01646	0.01251	0.01119	0.01646	0.01909	0.00922	0.02502	0.01448	0.03818	0.01185	0.01382	0.00922	0.00790	0.00527	0.00263	0.00658	0.00461	0.00527	0.00922
23	0.03111	0.09089	0.02567	0.02137	0.02597	0.61888	0.01630	0.03334	0.02360	0.02077	0.01305	0.01522	0.01096	0.00866	0.00751	0.00216	0.01487	0.00541	0.00433	0.00995
24	0.01164	0.00909	0.01132	0.04897	0.01513	0.00843	0.00860	0.01510	0.02186	0.02916	0.38815	0.06889	0.27347	0.01858	0.01002	0.00280	0.00469	0.03783	0.00847	0.00781
25	0.01134	0.00796	0.01007	0.01085	0.01157	0.00756	0.00716	0.01302	0.01707	0.02325	0.18578	0.36133	0.05494	0.21510	0.01984	0.00462	0.00565	0.01872	0.00748	0.00669
26	0.34595	0.01532	0.01667	0.01346	0.01948	0.01531	0.01111	0.03447	0.02015	0.39165	0.02432	0.02252	0.01602	0.00941	0.00716	0.00263	0.00696	0.00688	0.00829	0.01224
27	0.01753	0.00842	0.00881	0.00847	0.01080	0.00827	0.00644	0.02145	0.01833	0.07819	0.02820	0.03152	0.02176	0.00996	0.00614	0.00203	0.00421	0.00798	0.69307	0.00842
28	0.07091	0.01457	0.01942	0.01496	0.02149	0.01281	0.01236	0.04073	0.02391	0.62586	0.03259	0.02828	0.02053	0.01041	0.00841	0.00263	0.00721	0.00838	0.01029	0.01424
29	0.03818	0.01448	0.01975	0.01514	0.02172	0.01251	0.01251	0.04147	0.02436	0.65373	0.03357	0.02897	0.02107	0.01053	0.00856	0.00263	0.00724	0.00856	0.01053	0.01448
30	0.01707	0.04402	0.65683	0.02426	0.03683	0.01976	0.03144	0.02695	0.01797	0.02695	0.01527	0.01797	0.01078	0.00809	0.00809	0.00270	0.01258	0.00629	0.00359	0.01258
31	0.02275	0.70604	0.04459	0.01456	0.02184	0.03367	0.01456	0.02548	0.01729	0.02002	0.01183	0.01365	0.01092	0.00728	0.00546	0.00182	0.00910	0.00455	0.00364	0.01092
32	0.76103	0.01646	0.01251	0.01119	0.01646	0.01909	0.00922	0.02502	0.01448	0.03818	0.01185	0.01382	0.00922	0.00790	0.00527	0.00263	0.00658	0.00461	0.00527	0.00922
33	0.01604	0.01461	0.02434	0.52324	0.04944	0.01790	0.04514	0.02127	0.01677	0.02250	0.01655	0.02400	0.01293	0.01304	0.05910	0.00363	0.04307	0.00780	0.05934	0.00928
34	0.01177	0.00860	0.01106	0.01064	0.01260	0.00788	0.00790	0.01546	0.02316	0.03237	0.55727	0.11213	0.12055	0.01840	0.01010	0.00275	0.00411	0.01624	0.00915	0.00788
35	0.01862	0.01862	0.02607	0.02234	0.02234	0.02607	0.01862	0.02048	0.01303	0.02048	0.01117	0.01862	0.01117	0.01489	0.02793	0.00372	0.68535	0.00745	0.00372	0.00931
36	0.01045	0.00747	0.00995	0.01179	0.01236	0.00697	0.00791	0.01206	0.01669	0.02236	0.07736	0.66311	0.05751	0.02619	0.01082	0.00342	0.00489	0.02374	0.00797	0.00697
37	0.01392	0.00965	0.01287	0.01428	0.01620	0.00949	0.01163	0.01798	0.04755	0.05027	0.04673	0.25944	0.07924	0.02322	0.01114	0.00363	0.00676	0.34993	0.00801	0.00807
38	0.01607	0.01513	0.02552	0.68047	0.05861	0.01891	0.02363	0.02174	0.01702	0.02174	0.01513	0.02269	0.01134	0.00851	0.00851	0.00284	0.01134	0.00756	0.00378	0.00945
39	0.01111	0.00866	0.01007	0.00972	0.01214	0.00763	0.00729	0.01424	0.02187	0.02887	0.38027	0.07222	0.34665	0.01936	0.01005	0.00277	0.00415	0.01660	0.00868	0.00763
40	0.65161	0.01757	0.01446	0.01245	0.01795	0.02019	0.01026	0.11428	0.01832	0.04050	0.01314	0.01482	0.01001	0.00825	0.00575	0.00262	0.00700	0.00507	0.00575	0.01001

[dist]
# distance from previous block
# <min> <max>
0	1

[block]
# block no. 4 follows, 21 sequences, length 58
# corresponding to MSA columns:
# 277-334
name=unknown_E
#
# <colnr> <probs for GDERKNQSTAVLIFYWHMCP>
#	G	D	E	R	K	N	Q	S	T	A	V	L	I	F	Y	W	H	M	C	P
0	0.63830	0.10376	0.01709	0.01196	0.01754	0.02123	0.01017	0.04922	0.01587	0.03652	0.01220	0.01407	0.00964	0.00792	0.00542	0.00253	0.00701	0.00472	0.00519	0.00964
1	0.03235	0.02384	0.02554	0.01958	0.02639	0.02639	0.01618	0.61946	0.04001	0.05363	0.02043	0.02043	0.01447	0.01022	0.00851	0.00255	0.00936	0.00766	0.00851	0.01447
2	0.01870	0.01781	0.03028	0.34909	0.36942	0.01960	0.02494	0.02405	0.01826	0.02494	0.01559	0.02183	0.01247	0.00802	0.00846	0.00267	0.01069	0.00757	0.00401	0.01158
3	0.01164	0.00874	0.01128	0.01211	0.01328	0.00826	0.00831	0.01325	0.01595	0.02183	0.04032	0.53911	0.04760	0.08540	0.01402	0.00367	0.03249	0.02044	0.00718	0.08511
4	0.01740	0.09312	0.52840	0.10627	0.03839	0.02076	0.02911	0.02618	0.01779	0.02574	0.01498	0.01822	0.01086	0.00807	0.00793	0.00264	0.01214	0.00631	0.00362	0.01205
5	0.02063	0.02499	0.12191	0.09134	0.04290	0.02157	0.42607	0.08885	0.02163	0.02949	0.01712	0.02204	0.01266	0.00773	0.00950	0.00281	0.01333	0.00909	0.00461	0.01175
6	0.01775	0.01837	0.03511	0.11037	0.03640	0.01948	0.31213	0.02289	0.01799	0.02461	0.02145	0.09095	0.02012	0.01226	0.01343	0.00319	0.13721	0.07144	0.00483	0.01002
7	0.63969	0.01665	0.01505	0.01522	0.07429	0.01870	0.01100	0.02635	0.01567	0.08325	0.01385	0.01561	0.01049	0.00807	0.00580	0.00262	0.00695	0.00517	0.00556	0.01000
8	0.06344	0.01471	0.01916	0.01540	0.02137	0.01353	0.01282	0.08366	0.02460	0.50234	0.03311	0.03614	0.02359	0.01204	0.00883	0.00279	0.00746	0.08175	0.00982	0.01343
9	0.01122	0.00821	0.00996	0.01034	0.01167	0.00758	0.00710	0.01331	0.01849	0.02469	0.23193	0.25092	0.17623	0.15945	0.01703	0.00407	0.00520	0.01788	0.00779	0.00695
10	0.02032	0.02081	0.05978	0.11606	0.52629	0.02014	0.06026	0.02576	0.01911	0.02710	0.01596	0.02122	0.01311	0.00768	0.00851	0.00259	0.01058	0.00767	0.00415	0.01290
11	0.03728	0.01468	0.01972	0.01526	0.02175	0.01296	0.01256	0.04167	0.05644	0.62112	0.03363	0.02911	0.02132	0.01059	0.00856	0.00265	0.00721	0.00861	0.01043	0.01443
12	0.01862	0.01862	0.02607	0.02234	0.02234	0.02607	0.01862	0.02048	0.01303	0.02048	0.01117	0.01862	0.01117	0.01489	0.02793	0.00372	0.68535	0.00745	0.00372	0.00931
13	0.03079	0.02276	0.02433	0.01894	0.02539	0.02524	0.01555	0.54921	0.08718	0.05131	0.02187	0.02180	0.01570	0.01031	0.00842	0.00256	0.00894	0.00783	0.03774	0.01413
14	0.01907	0.02132	0.04598	0.03335	0.04111	0.01999	0.55304	0.02564	0.01969	0.02668	0.02033	0.09350	0.01746	0.00922	0.01013	0.00293	0.01336	0.01153	0.00468	0.01100
