[name]
unknown

[dist]
# distance from previous block
# <min> <max>
0	6

[block]
# block no. 0 follows, 24 sequences, length 6
# corresponding to MSA columns:
# 7-12
name=unknown_A
#
# <colnr> <probs for GDERKNQSTAVLIFYWHMCP>
#	G	D	E	R	K	N	Q	S	T	A	V	L	I	F	Y	W	H	M	C	P
0	0.06260	0.05072	0.08557	0.01736	0.02343	0.01505	0.09390	0.03018	0.08817	0.26511	0.02667	0.03344	0.02091	0.01073	0.00819	0.00260	0.00812	0.10301	0.00707	0.04714
1	0.06011	0.01455	0.02351	0.01842	0.02319	0.01422	0.18327	0.02495	0.06318	0.15940	0.14272	0.08251	0.05842	0.01173	0.00972	0.00262	0.05139	0.01066	0.00677	0.03867
2	0.25029	0.05031	0.09850	0.02056	0.02687	0.13628	0.18590	0.02633	0.01746	0.06722	0.01419	0.01693	0.01079	0.00774	0.00788	0.00246	0.03945	0.00633	0.00454	0.00998
3	0.02206	0.28315	0.13021	0.01709	0.02336	0.06388	0.01648	0.18302	0.02142	0.02776	0.01443	0.01694	0.01182	0.01256	0.06390	0.00306	0.06751	0.00585	0.00467	0.01083
4	0.02154	0.52973	0.13754	0.01556	0.02305	0.02851	0.01618	0.10427	0.01894	0.02370	0.01255	0.01416	0.01058	0.00725	0.00583	0.00191	0.00901	0.00486	0.00397	0.01084
5	0.07470	0.08164	0.10928	0.01793	0.02492	0.02392	0.01638	0.47531	0.03140	0.04330	0.01726	0.01784	0.01246	0.00890	0.00746	0.00235	0.00893	0.00656	0.00678	0.01268

[dist]
# distance from previous block
# <min> <max>
0	1

[block]
# block no. 1 follows, 24 sequences, length 230
# corresponding to MSA columns:
# 14-243
name=unknown_B
#
# <colnr> <probs for GDERKNQSTAVLIFYWHMCP>
#	G	D	E	R	K	N	Q	S	T	A	V	L	I	F	Y	W	H	M	C	P
0	0.02087	0.68266	0.08204	0.01414	0.02124	0.03056	0.01457	0.02383	0.01615	0.01907	0.01123	0.01298	0.01017	0.00683	0.00524	0.00175	0.00869	0.00434	0.00339	0.01027
1	0.49118	0.11440	0.01738	0.01196	0.01708	0.04551	0.01008	0.05727	0.01683	0.08833	0.05487	0.01739	0.01428	0.00820	0.00573	0.00233	0.00682	0.00542	0.00549	0.00944
2	0.01322	0.04686	0.01429	0.01455	0.01664	0.01030	0.01282	0.01681	0.01814	0.02346	0.04036	0.08541	0.04377	0.02111	0.01064	0.00355	0.00736	0.58615	0.00710	0.00745
3	0.02097	0.69622	0.06940	0.01396	0.02096	0.03081	0.01425	0.02380	0.01614	0.01894	0.01116	0.01290	0.01017	0.00682	0.00519	0.00173	0.00862	0.00431	0.00339	0.01024
4	0.05084	0.06057	0.48685	0.01972	0.02956	0.01725	0.02386	0.02660	0.01783	0.12937	0.05107	0.02029	0.01492	0.00832	0.00749	0.00247	0.01015	0.00651	0.00473	0.01159
5	0.01145	0.00765	0.00867	0.00875	0.00877	0.00763	0.00492	0.01151	0.01169	0.01559	0.02580	0.08085	0.02986	0.69095	0.03904	0.00749	0.00755	0.01201	0.00492	0.00488
6	0.01388	0.00929	0.01294	0.01428	0.01634	0.00916	0.01238	0.01751	0.01875	0.05864	0.08108	0.08425	0.04612	0.02091	0.01069	0.00351	0.00705	0.54805	0.00752	0.00764
7	0.01946	0.40775	0.30352	0.01765	0.02632	0.06072	0.02014	0.02473	0.01671	0.02135	0.01241	0.01446	0.01012	0.00717	0.00620	0.00205	0.01012	0.00495	0.00341	0.01076
8	0.02043	0.01898	0.02993	0.12467	0.52855	0.05365	0.02291	0.02498	0.01827	0.05916	0.01554	0.01992	0.01257	0.00737	0.00783	0.00238	0.00968	0.00701	0.00419	0.01198
9	0.01153	0.00769	0.00865	0.00865	0.00865	0.00769	0.00480	0.01153	0.01153	0.01538	0.02499	0.05189	0.02883	0.72131	0.04036	0.00769	0.00769	0.01153	0.00480	0.00480
10	0.02018	0.01799	0.02995	0.10663	0.54651	0.01832	0.02285	0.02558	0.04466	0.06597	0.01657	0.02064	0.01329	0.00747	0.00787	0.00240	0.00923	0.00720	0.00442	0.01227
11	0.02058	0.01786	0.02214	0.05992	0.17181	0.01994	0.01602	0.10242	0.41013	0.03266	0.02591	0.02572	0.01966	0.00963	0.00800	0.00258	0.00749	0.00823	0.00687	0.01246
12	0.05733	0.02423	0.19049	0.02631	0.03382	0.01886	0.35152	0.02374	0.01724	0.02526	0.01803	0.02219	0.04046	0.00829	0.01011	0.00267	0.07706	0.00828	0.03378	0.01033
13	0.05807	0.01714	0.02842	0.25542	0.44010	0.01840	0.02277	0.02298	0.01711	0.02461	0.01445	0.01975	0.01172	0.00736	0.00772	0.00245	0.00961	0.00691	0.00385	0.01115
14	0.01133	0.00850	0.01274	0.01274	0.01416	0.00991	0.00991	0.01416	0.01274	0.01841	0.02124	0.03115	0.01982	0.05947	0.68989	0.01274	0.02124	0.00850	0.00425	0.00708
15	0.02036	0.01906	0.03103	0.04285	0.53583	0.01961	0.04691	0.07533	0.05311	0.02796	0.01604	0.02009	0.01315	0.00770	0.00862	0.00243	0.03581	0.00726	0.00445	0.01241
16	0.17764	0.02983	0.02126	0.02074	0.07453	0.43795	0.01489	0.02821	0.01934	0.02314	0.01205	0.01473	0.01010	0.00846	0.00854	0.00229	0.07755	0.00527	0.00418	0.00929
17	0.11831	0.01370	0.01765	0.01370	0.01970	0.01234	0.01131	0.03694	0.02167	0.60576	0.02903	0.02542	0.01840	0.00954	0.00763	0.00245	0.00668	0.00756	0.00927	0.01295
18	0.01129	0.00758	0.00872	0.00896	0.00902	0.00752	0.00514	0.01147	0.01201	0.01602	0.02744	0.13914	0.03193	0.62983	0.03639	0.00710	0.00728	0.01298	0.00514	0.00502
19	0.02810	0.05791	0.02312	0.01877	0.02384	0.33209	0.01478	0.25277	0.11453	0.03222	0.01738	0.01803	0.01330	0.00895	0.00747	0.00224	0.01096	0.00633	0.00598	0.01123
20	0.01608	0.06230	0.59393	0.02310	0.06643	0.01840	0.02752	0.02457	0.01704	0.02523	0.04328	0.01865	0.01307	0.00787	0.00755	0.00247	0.01113	0.00624	0.00362	0.01152
21	0.02493	0.27445	0.06531	0.02074	0.09767	0.15849	0.01640	0.19989	0.02358	0.02876	0.01413	0.01581	0.01138	0.00790	0.00674	0.00208	0.00999	0.00563	0.00486	0.01126
22	0.05123	0.05569	0.02259	0.02036	0.04320	0.56579	0.01507	0.03192	0.08123	0.02137	0.01413	0.01580	0.01154	0.00831	0.00712	0.00211	0.01297	0.00548	0.00446	0.00962
23	0.01377	0.00689	0.01033	0.01033	0.01033	0.00689	0.00689	0.01033	0.01033	0.01377	0.01377	0.02410	0.01377	0.02755	0.03099	0.76928	0.00689	0.00689	0.00344	0.00344
24	0.01590	0.04102	0.68023	0.02260	0.03432	0.01842	0.02930	0.02511	0.01674	0.02511	0.01423	0.01674	0.01005	0.00753	0.00753	0.00251	0.01172	0.00586	0.00335	0.01172
25	0.01628	0.06985	0.61901	0.02278	0.03409	0.01907	0.06096	0.02507	0.01682	0.02485	0.01419	0.01681	0.01016	0.00746	0.00752	0.00248	0.01167	0.00597	0.00339	0.01160
26	0.01590	0.04102	0.68023	0.02260	0.03432	0.01842	0.02930	0.02511	0.01674	0.02511	0.01423	0.01674	0.01005	0.00753	0.00753	0.00251	0.01172	0.00586	0.00335	0.01172
27	0.01161	0.00778	0.00891	0.00903	0.00914	0.00778	0.00531	0.01184	0.01196	0.01591	0.02606	0.05427	0.02989	0.67698	0.03850	0.00743	0.00766	0.05000	0.00496	0.00496
28	0.02270	0.35014	0.18029	0.01782	0.02485	0.23933	0.01770	0.02659	0.01829	0.02036	0.01215	0.01414	0.01016	0.00740	0.00630	0.00199	0.01108	0.00489	0.00360	0.01021
29	0.01884	0.01795	0.03006	0.15770	0.53517	0.01868	0.02336	0.02453	0.04930	0.02531	0.01564	0.02038	0.01280	0.00739	0.00787	0.00242	0.00946	0.00716	0.00406	0.01193
30	0.01032	0.00807	0.00935	0.00903	0.01129	0.00710	0.00677	0.01322	0.02032	0.02674	0.38152	0.06756	0.36412	0.01810	0.00936	0.00258	0.00388	0.01551	0.00806	0.00710
31	0.01644	0.01409	0.01644	0.01175	0.01879	0.01057	0.00940	0.01997	0.01644	0.02584	0.01409	0.01644	0.01175	0.00587	0.00587	0.00117	0.00587	0.00470	0.00470	0.76979
32	0.01258	0.00899	0.01255	0.01438	0.01612	0.00896	0.01244	0.01609	0.01806	0.02351	0.04210	0.12917	0.04607	0.02209	0.01090	0.00362	0.00713	0.58070	0.00731	0.00725
33	0.01153	0.00769	0.00865	0.00865	0.00865	0.00769	0.00480	0.01153	0.01153	0.01538	0.02499	0.05189	0.02883	0.72131	0.04036	0.00769	0.00769	0.01153	0.00480	0.00480
34	0.01278	0.00913	0.01278	0.01460	0.01643	0.00913	0.01278	0.01643	0.01825	0.02373	0.04199	0.08945	0.04564	0.02191	0.01095	0.00365	0.00730	0.61847	0.00730	0.00730
35	0.01963	0.01873	0.03128	0.04661	0.63057	0.01890	0.02359	0.02546	0.05859	0.02637	0.01602	0.02026	0.01330	0.00730	0.00786	0.00238	0.00922	0.00719	0.00419	0.01256
36	0.02153	0.01943	0.04881	0.02378	0.16412	0.04019	0.01612	0.09868	0.38390	0.05775	0.02574	0.02524	0.01938	0.00958	0.00795	0.00255	0.00770	0.00808	0.00690	0.01255
37	0.03290	0.01325	0.01779	0.01383	0.01954	0.01168	0.01135	0.05741	0.02318	0.58954	0.09581	0.03000	0.02505	0.01046	0.00811	0.00246	0.00651	0.00860	0.00964	0.01288
38	0.01644	0.01409	0.01644	0.01175	0.01879	0.01057	0.00940	0.01997	0.01644	0.02584	0.01409	0.01644	0.01175	0.00587	0.00587	0.00117	0.00587	0.00470	0.00470	0.76979
39	0.01735	0.18233	0.47837	0.02254	0.06025	0.02125	0.06374	0.02481	0.01679	0.02381	0.01370	0.01632	0.01031	0.00730	0.00715	0.00234	0.01104	0.00579	0.00342	0.01137
40	0.01833	0.09369	0.47213	0.02127	0.03080	0.12314	0.04532	0.02553	0.01793	0.02405	0.04604	0.01829	0.01335	0.00797	0.00743	0.00238	0.01152	0.00615	0.00375	0.01096
41	0.00950	0.00797	0.00811	0.00818	0.01063	0.00674	0.00601	0.01138	0.01762	0.02106	0.07607	0.09858	0.61224	0.05721	0.01103	0.00296	0.00423	0.01668	0.00723	0.00659
42	0.02154	0.69802	0.04078	0.01385	0.02052	0.05821	0.01364	0.02407	0.01637	0.01869	0.01107	0.01278	0.01018	0.00684	0.00517	0.00171	0.00872	0.00428	0.00342	0.01014
43	0.01644	0.01409	0.01644	0.01175	0.01879	0.01057	0.00940	0.01997	0.01644	0.02584	0.01409	0.01644	0.01175	0.00587	0.00587	0.00117	0.00587	0.00470	0.00470	0.76979
44	0.01624	0.02011	0.13248	0.09009	0.16609	0.05067	0.12724	0.02123	0.01774	0.02384	0.04570	0.12872	0.04814	0.01189	0.00874	0.00270	0.00957	0.06409	0.00490	0.00983
45	0.01917	0.02455	0.17503	0.04009	0.45710	0.04557	0.05167	0.02541	0.03832	0.02568	0.01526	0.01917	0.01226	0.00731	0.00783	0.00240	0.01019	0.00688	0.00394	0.01216
46	0.01539	0.01471	0.01796	0.01648	0.01765	0.08401	0.01319	0.01774	0.01351	0.01876	0.01636	0.02439	0.01540	0.03756	0.37739	0.00826	0.27184	0.00758	0.00395	0.00788
47	0.01644	0.01409	0.01644	0.01175	0.01879	0.01057	0.00940	0.01997	0.01644	0.02584	0.01409	0.01644	0.01175	0.00587	0.00587	0.00117	0.00587	0.00470	0.00470	0.76979
48	0.06545	0.20486	0.48359	0.01965	0.02974	0.02151	0.02419	0.02467	0.01638	0.02422	0.01325	0.01553	0.00998	0.00734	0.00678	0.00231	0.01058	0.00537	0.00346	0.01115
49	0.00966	0.00690	0.00920	0.01104	0.01150	0.00644	0.00736	0.01104	0.01518	0.02024	0.04371	0.71614	0.05245	0.02484	0.01012	0.00322	0.00460	0.02254	0.00736	0.00644
50	0.07467	0.01359	0.01805	0.01391	0.01998	0.01198	0.01149	0.03784	0.02221	0.64352	0.03022	0.02625	0.01905	0.00969	0.00781	0.00245	0.00672	0.00778	0.00956	0.01324
51	0.01792	0.00880	0.00987	0.00907	0.01144	0.00890	0.00705	0.02142	0.01727	0.12245	0.02584	0.02855	0.01970	0.00957	0.00697	0.00202	0.04114	0.00745	0.61627	0.00834
52	0.00961	0.00739	0.00881	0.00984	0.01121	0.00658	0.00685	0.01133	0.01659	0.02116	0.08260	0.44336	0.29093	0.02267	0.00980	0.00298	0.00434	0.01998	0.00742	0.00658
53	0.01872	0.02139	0.04679	0.03342	0.04144	0.02005	0.64305	0.02540	0.01872	0.02540	0.01604	0.02139	0.01203	0.00668	0.00936	0.00267	0.01337	0.00936	0.00401	0.01070
54	0.03169	0.01877	0.02180	0.01680	0.02282	0.01975	0.01388	0.39504	0.03088	0.28311	0.02328	0.02194	0.01566	0.00980	0.00863	0.00245	0.03447	0.00744	0.00847	0.01331
55	0.00996	0.00822	0.00885	0.00917	0.01170	0.00711	0.00719	0.01225	0.01811	0.02182	0.07371	0.07858	0.56098	0.02040	0.00965	0.00285	0.00458	0.12071	0.00735	0.00680
56	0.00945	0.00804	0.00815	0.00812	0.01076	0.00673	0.00609	0.01154	0.01827	0.02188	0.10620	0.07556	0.64248	0.01991	0.00937	0.00267	0.00400	0.01663	0.00742	0.00673
57	0.01698	0.01680	0.02357	0.02032	0.02041	0.02340	0.01689	0.01878	0.01218	0.01904	0.01108	0.01820	0.01099	0.01670	0.06708	0.00404	0.66440	0.00704	0.00352	0.00858
58	0.02120	0.72609	0.04155	0.01357	0.02035	0.03138	0.01357	0.02374	0.01611	0.01866	0.01102	0.01272	0.01018	0.00678	0.00509	0.00170	0.00848	0.00424	0.00339	0.01018
59	0.01883	0.41901	0.32783	0.01762	0.02661	0.02557	0.02062	0.02436	0.01639	0.02155	0.01246	0.01452	0.01012	0.00712	0.00618	0.00206	0.00993	0.00497	0.00337	0.01087
60	0.02083	0.66954	0.06736	0.01423	0.02095	0.03056	0.01437	0.02362	0.01598	0.01894	0.01113	0.01307	0.01018	0.00710	0.00602	0.00180	0.03634	0.00441	0.00339	0.01018
61	0.04480	0.01414	0.02331	0.67519	0.05308	0.01762	0.02150	0.02038	0.01576	0.02086	0.01397	0.02082	0.01049	0.00791	0.00781	0.00264	0.01040	0.00694	0.00358	0.00880
62	0.05191	0.01665	0.01829	0.01409	0.02039	0.01599	0.01133	0.17377	0.14544	0.03343	0.01867	0.01946	0.01444	0.00775	0.00675	0.00181	0.00664	0.00609	0.00613	0.41096
63	0.01548	0.01307	0.01541	0.01164	0.01775	0.00998	0.00911	0.01869	0.01626	0.02504	0.01832	0.11629	0.01755	0.00858	0.00648	0.00147	0.00569	0.00724	0.00508	0.66086
64	0.04985	0.06410	0.56360	0.02092	0.03163	0.01825	0.02612	0.02629	0.01715	0.08805	0.01561	0.01741	0.01091	0.00772	0.00737	0.00247	0.01088	0.00593	0.00404	0.01170
65	0.01570	0.03957	0.65074	0.02205	0.03333	0.01793	0.02834	0.02467	0.01699	0.02541	0.04300	0.01861	0.01290	0.00792	0.00761	0.00251	0.01137	0.00623	0.00359	0.01153
66	0.01889	0.02090	0.04396	0.03638	0.16352	0.01982	0.52324	0.02519	0.01859	0.02550	0.01582	0.02105	0.01213	0.00676	0.00907	0.00261	0.01260	0.00891	0.00399	0.01106
67	0.03558	0.01350	0.01840	0.01411	0.02024	0.01166	0.01166	0.03865	0.02270	0.67734	0.03128	0.02699	0.01963	0.00981	0.00797	0.00245	0.00675	0.00797	0.00981	0.01350
68	0.01829	0.02177	0.12793	0.09158	0.39453	0.01851	0.13256	0.02400	0.01782	0.02518	0.01603	0.02242	0.01327	0.00773	0.00820	0.00251	0.01045	0.03167	0.00396	0.01161
69	0.09541	0.06483	0.02301	0.04353	0.02405	0.02273	0.01422	0.43657	0.07009	0.09849	0.01950	0.01951	0.01392	0.00919	0.00749	0.00238	0.00823	0.00688	0.00737	0.01260
70	0.00990	0.00710	0.00958	0.01130	0.01188	0.00677	0.00776	0.01147	0.01517	0.02028	0.04224	0.64645	0.05013	0.02686	0.05220	0.00383	0.00575	0.04765	0.00717	0.00652
71	0.01963	0.01884	0.03219	0.04867	0.67185	0.01884	0.02434	0.02434	0.01806	0.02591	0.01492	0.01963	0.01256	0.00707	0.00785	0.00236	0.00942	0.00707	0.00393	0.01256
72	0.02228	0.56885	0.07787	0.01527	0.02191	0.14040	0.01483	0.02515	0.01721	0.01918	0.01143	0.01323	0.01017	0.00706	0.00558	0.00180	0.00965	0.00449	0.00351	0.01011
73	0.01590	0.04102	0.68023	0.02260	0.03432	0.01842	0.02930	0.02511	0.01674	0.02511	0.01423	0.01674	0.01005	0.00753	0.00753	0.00251	0.01172	0.00586	0.00335	0.01172
74	0.77733	0.01534	0.01166	0.01043	0.01534	0.01779	0.00859	0.02331	0.01350	0.03558	0.01104	0.01288	0.00859	0.00736	0.00491	0.00245	0.00613	0.00429	0.00491	0.00859
75	0.02962	0.03779	0.02247	0.02043	0.02451	0.68948	0.01532	0.03166	0.02247	0.01941	0.01226	0.01430	0.01021	0.00817	0.00715	0.00204	0.01430	0.00511	0.00409	0.00919
76	0.02522	0.05512	0.33247	0.01849	0.02730	0.01683	0.02038	0.08837	0.02099	0.28488	0.02129	0.02085	0.01416	0.00859	0.00765	0.00244	0.00935	0.00675	0.00633	0.01253
77	0.01139	0.00827	0.01159	0.01159	0.01260	0.00928	0.00847	0.01342	0.01240	0.01755	0.02230	0.03702	0.02237	0.24660	0.50625	0.01131	0.01741	0.00935	0.00441	0.00644
78	0.01153	0.00769	0.00865	0.00865	0.00865	0.00769	0.00480	0.01153	0.01153	0.01538	0.02499	0.05189	0.02883	0.72131	0.04036	0.00769	0.00769	0.01153	0.00480	0.00480
79	0.01963	0.01884	0.03219	0.04867	0.67185	0.01884	0.02434	0.02434	0.01806	0.02591	0.01492	0.01963	0.01256	0.00707	0.00785	0.00236	0.00942	0.00707	0.00393	0.01256
80	0.01681	0.03983	0.63862	0.02233	0.03370	0.01881	0.02840	0.06443	0.01804	0.02669	0.01454	0.01689	0.01026	0.00766	0.00756	0.00250	0.01153	0.00594	0.00364	0.01183
81	0.01895	0.01816	0.03097	0.14309	0.58269	0.01866	0.02400	0.02375	0.01774	0.02509	0.01480	0.01985	0.01227	0.00719	0.00786	0.00240	0.00959	0.00706	0.00387	0.01202
82	0.02749	0.03307	0.02462	0.02644	0.16426	0.51760	0.01726	0.05511	0.02212	0.02206	0.01311	0.01564	0.01085	0.00799	0.00733	0.00212	0.01302	0.00561	0.00421	0.01010
83	0.01133	0.00850	0.01274	0.01274	0.01416	0.00991	0.00991	0.01416	0.01274	0.01841	0.02124	0.03115	0.01982	0.05947	0.68989	0.01274	0.02124	0.00850	0.00425	0.00708
84	0.02007	0.05722	0.06249	0.03921	0.41992	0.01946	0.14030	0.02629	0.05876	0.05425	0.01671	0.02042	0.01327	0.00735	0.00800	0.00241	0.00991	0.00746	0.00441	0.01208
85	0.01879	0.01835	0.03014	0.04172	0.51579	0.04418	0.06689	0.02320	0.01775	0.02477	0.01713	0.06444	0.01543	0.01161	0.05240	0.00310	0.01036	0.00823	0.00418	0.01155
86	0.03558	0.01350	0.01840	0.01411	0.02024	0.01166	0.01166	0.03865	0.02270	0.67734	0.03128	0.02699	0.01963	0.00981	0.00797	0.00245	0.00675	0.00797	0.00981	0.01350
87	0.01011	0.00797	0.00900	0.00891	0.01105	0.00699	0.00655	0.01257	0.01908	0.02458	0.27360	0.11004	0.40119	0.04996	0.01078	0.00287	0.00412	0.01607	0.00771	0.00686
88	0.01098	0.00797	0.01034	0.01002	0.01176	0.00733	0.00741	0.01438	0.02146	0.03009	0.57453	0.13331	0.09600	0.01733	0.00944	0.00258	0.00385	0.01535	0.00852	0.00733
89	0.03126	0.01885	0.02143	0.01650	0.02260	0.01979	0.01361	0.42752	0.03182	0.24860	0.02320	0.02199	0.01571	0.00960	0.00785	0.00238	0.00790	0.00741	0.03873	0.01325
90	0.01133	0.00850	0.01274	0.01274	0.01416	0.00991	0.00991	0.01416	0.01274	0.01841	0.02124	0.03115	0.01982	0.05947	0.68989	0.01274	0.02124	0.00850	0.00425	0.00708
91	0.02116	0.01775	0.01874	0.01643	0.02117	0.02040	0.01290	0.12542	0.57190	0.03549	0.03045	0.02813	0.02273	0.01059	0.00805	0.00265	0.00661	0.00871	0.00805	0.01268
92	0.06108	0.02201	0.22588	0.01645	0.02412	0.01388	0.01690	0.03277	0.02041	0.41827	0.05041	0.02443	0.01833	0.00924	0.00776	0.00247	0.00816	0.00740	0.00752	0.01248
93	0.45484	0.01454	0.01459	0.01203	0.01747	0.01512	0.00992	0.02998	0.01750	0.31460	0.01984	0.01902	0.01339	0.00843	0.00624	0.00245	0.00640	0.00589	0.00704	0.01072
94	0.00966	0.00690	0.00920	0.01104	0.01150	0.00644	0.00736	0.01104	0.01518	0.02024	0.04371	0.71614	0.05245	0.02484	0.01012	0.00322	0.00460	0.02254	0.00736	0.00644
95	0.01989	0.01974	0.03323	0.04625	0.58966	0.04237	0.08250	0.02469	0.01827	0.02563	0.01493	0.01961	0.01243	0.00707	0.00797	0.00237	0.00996	0.00721	0.00394	0.01227
96	0.01915	0.01848	0.02861	0.07453	0.51410	0.05303	0.02188	0.02431	0.04263	0.02566	0.04373	0.02584	0.01742	0.00862	0.00808	0.00245	0.00925	0.04608	0.00448	0.01166
97	0.02199	0.02298	0.02851	0.03884	0.45715	0.17967	0.02106	0.04912	0.01957	0.02486	0.01477	0.01893	0.01242	0.01019	0.04363	0.00283	0.01119	0.00667	0.00413	0.01150
98	0.01621	0.00916	0.00947	0.00892	0.01126	0.00954	0.00684	0.07145	0.05199	0.03110	0.02550	0.02874	0.01995	0.01089	0.02701	0.00227	0.00479	0.00749	0.63927	0.00816
99	0.23482	0.02208	0.16462	0.01660	0.02334	0.01811	0.04154	0.16000	0.04989	0.11174	0.04318	0.02264	0.01611	0.00919	0.00724	0.00252	0.00826	0.03087	0.00614	0.01109
100	0.02205	0.65635	0.03962	0.01426	0.02077	0.09806	0.01375	0.02455	0.01676	0.01873	0.01115	0.01288	0.01018	0.00692	0.00530	0.00173	0.00907	0.00433	0.00346	0.01008
101	0.01914	0.04999	0.07712	0.01979	0.02579	0.01770	0.17856	0.14977	0.08931	0.03019	0.02364	0.08965	0.04392	0.01212	0.03476	0.00283	0.00935	0.00938	0.03753	0.07947
102	0.01893	0.28888	0.39573	0.01915	0.02847	0.07737	0.02247	0.02515	0.01698	0.02231	0.01291	0.01509	0.01011	0.00731	0.00662	0.00218	0.01075	0.00521	0.00342	0.01096
103	0.00979	0.00700	0.00931	0.01096	0.01153	0.00653	0.00737	0.01136	0.01577	0.02118	0.09416	0.66302	0.05426	0.02415	0.01006	0.00316	0.00453	0.02188	0.00747	0.00653
104	0.02696	0.10023	0.02378	0.07520	0.02591	0.51996	0.01526	0.04833	0.02151	0.02080	0.01311	0.01554	0.01079	0.00811	0.00697	0.00206	0.01279	0.00535	0.03802	0.00931
105	0.03113	0.01449	0.01827	0.01468	0.02035	0.01392	0.01191	0.03962	0.20072	0.49670	0.03156	0.02772	0.02091	0.01008	0.00800	0.00252	0.00662	0.00825	0.00933	0.01323
106	0.01063	0.00808	0.00978	0.00936	0.01149	0.00723	0.00702	0.01382	0.02105	0.02850	0.48070	0.06467	0.26385	0.01744	0.00936	0.00255	0.00383	0.01510	0.00829	0.00723
107	0.00963	0.00702	0.00908	0.01073	0.01142	0.00647	0.00722	0.01108	0.01548	0.02037	0.04752	0.64950	0.11663	0.02435	0.01004	0.00316	0.00454	0.02194	0.00736	0.00647
108	0.01112	0.00847	0.01184	0.01234	0.01312	0.00942	0.00902	0.01302	0.01363	0.01900	0.03021	0.32265	0.03365	0.09480	0.29477	0.00754	0.06850	0.01458	0.00555	0.00675
109	0.02038	0.01736	0.01830	0.01627	0.02087	0.02003	0.01271	0.08037	0.61821	0.03424	0.03144	0.02892	0.02353	0.01068	0.00806	0.00267	0.00643	0.00885	0.00806	0.01261
110	0.02962	0.03779	0.02247	0.02043	0.02451	0.68948	0.01532	0.03166	0.02247	0.01941	0.01226	0.01430	0.01021	0.00817	0.00715	0.00204	0.01430	0.00511	0.00409	0.00919
111	0.01498	0.01409	0.02378	0.70226	0.05462	0.01762	0.02202	0.02026	0.01586	0.02026	0.01409	0.02114	0.01057	0.00793	0.00793	0.00264	0.01057	0.00705	0.00352	0.00881
112	0.03558	0.01350	0.01840	0.01411	0.02024	0.01166	0.01166	0.03865	0.02270	0.67734	0.03128	0.02699	0.01963	0.00981	0.00797	0.00245	0.00675	0.00797	0.00981	0.01350
113	0.03558	0.01350	0.01840	0.01411	0.02024	0.01166	0.01166	0.03865	0.02270	0.67734	0.03128	0.02699	0.01963	0.00981	0.00797	0.00245	0.00675	0.00797	0.00981	0.01350
114	0.03229	0.01665	0.02010	0.01564	0.02168	0.01661	0.01284	0.23477	0.08888	0.41252	0.02743	0.02468	0.01809	0.00981	0.00797	0.00245	0.00734	0.00780	0.00904	0.01340
115	0.01735	0.01735	0.02429	0.02082	0.02082	0.02429	0.01735	0.01908	0.01214	0.01908	0.01041	0.01735	0.01041	0.01388	0.02602	0.00347	0.70680	0.00694	0.00347	0.00867
116	0.01151	0.00777	0.00907	0.00907	0.00921	0.00792	0.00533	0.01180	0.01166	0.01569	0.02460	0.04977	0.02791	0.65371	0.10671	0.00820	0.00907	0.01122	0.00475	0.00504
117	0.01559	0.01476	0.02091	0.01846	0.01887	0.02008	0.01517	0.01764	0.01232	0.01889	0.01358	0.02139	0.01316	0.02721	0.22019	0.00618	0.50629	0.00739	0.00370	0.00821
118	0.00978	0.00698	0.00933	0.01117	0.01168	0.00654	0.00756	0.01124	0.01530	0.02037	0.04364	0.69308	0.05220	0.02474	0.01015	0.00324	0.00470	0.04448	0.00736	0.00647
119	0.77733	0.01534	0.01166	0.01043	0.01534	0.01779	0.00859	0.02331	0.01350	0.03558	0.01104	0.01288	0.00859	0.00736	0.00491	0.00245	0.00613	0.00429	0.00491	0.00859
120	0.02962	0.03779	0.02247	0.02043	0.02451	0.68948	0.01532	0.03166	0.02247	0.01941	0.01226	0.01430	0.01021	0.00817	0.00715	0.00204	0.01430	0.00511	0.00409	0.00919
121	0.01240	0.00894	0.01230	0.01401	0.01582	0.00884	0.01208	0.01583	0.01808	0.02340	0.04445	0.12162	0.08453	0.02195	0.01081	0.00357	0.00696	0.54990	0.00731	0.00722
122	0.01498	0.01409	0.02378	0.70226	0.05462	0.01762	0.02202	0.02026	0.01586	0.02026	0.01409	0.02114	0.01057	0.00793	0.00793	0.00264	0.01057	0.00705	0.00352	0.00881
123	0.03014	0.02221	0.02380	0.01825	0.02459	0.02459	0.01507	0.64541	0.03728	0.04998	0.01904	0.01904	0.01349	0.00952	0.00793	0.00238	0.00873	0.00714	0.00793	0.01349
124	0.03501	0.01441	0.01897	0.01454	0.02070	0.01302	0.01201	0.10255	0.02423	0.61127	0.02999	0.02615	0.01898	0.00978	0.00797	0.00245	0.00696	0.00789	0.00962	0.01349
125	0.00982	0.00697	0.00915	0.01084	0.01126	0.00655	0.00714	0.01108	0.01487	0.01983	0.04211	0.65963	0.05044	0.08409	0.01269	0.00360	0.00486	0.02161	0.00714	0.00630
126	0.02789	0.03495	0.02213	0.02124	0.05572	0.61407	0.01528	0.03003	0.02180	0.01978	0.01433	0.05797	0.01294	0.00915	0.00737	0.00213	0.01346	0.00628	0.00428	0.00919
127	0.02120	0.72609	0.04155	0.01357	0.02035	0.03138	0.01357	0.02374	0.01611	0.01866	0.01102	0.01272	0.01018	0.00678	0.00509	0.00170	0.00848	0.00424	0.00339	0.01018
128	0.03356	0.01398	0.01843	0.01424	0.02013	0.01261	0.01172	0.09423	0.02405	0.57843	0.06949	0.02824	0.02247	0.01018	0.00806	0.00245	0.00675	0.00829	0.00957	0.01312
129	0.02333	0.01445	0.01851	0.01538	0.02007	0.01472	0.05028	0.06568	0.24456	0.23767	0.14102	0.06344	0.03147	0.01171	0.00843	0.00259	0.00648	0.01012	0.00845	0.01163
130	0.06243	0.01385	0.01773	0.01390	0.01969	0.01266	0.01140	0.06653	0.05617	0.54626	0.03296	0.02922	0.05927	0.01039	0.00794	0.00248	0.00663	0.00838	0.00928	0.01283
131	0.03407	0.01316	0.01792	0.01385	0.01972	0.01140	0.01140	0.03718	0.02268	0.63741	0.07064	0.02898	0.02304	0.01021	0.00806	0.00246	0.00656	0.00837	0.00975	0.01312
132	0.01928	0.01868	0.02974	0.13216	0.53238	0.05137	0.02290	0.02361	0.01768	0.02436	0.01463	0.01974	0.01223	0.00804	0.00873	0.03238	0.00971	0.00696	0.00386	0.01154
133	0.01963	0.01884	0.03219	0.04867	0.67185	0.01884	0.02434	0.02434	0.01806	0.02591	0.01492	0.01963	0.01256	0.00707	0.00785	0.00236	0.00942	0.00707	0.00393	0.01256
134	0.00985	0.00753	0.00886	0.00980	0.01119	0.00678	0.00688	0.01149	0.01621	0.02050	0.05699	0.37150	0.30054	0.07908	0.01230	0.00338	0.00475	0.04876	0.00715	0.00645
135	0.01963	0.01875	0.03144	0.04696	0.63758	0.01889	0.02372	0.02527	0.05171	0.02629	0.01583	0.02015	0.01317	0.00726	0.00786	0.00237	0.00926	0.00717	0.00414	0.01256
136	0.01698	0.01441	0.01673	0.01200	0.01902	0.01112	0.00962	0.04463	0.01727	0.02679	0.01429	0.01655	0.01181	0.00602	0.00595	0.00122	0.00599	0.00479	0.00483	0.73997
137	0.12143	0.53083	0.03459	0.01393	0.02010	0.09050	0.01302	0.02540	0.05016	0.02172	0.01226	0.01378	0.01071	0.00720	0.00541	0.00188	0.00860	0.00458	0.00390	0.01000
138	0.01735	0.01735	0.02429	0.02082	0.02082	0.02429	0.01735	0.01908	0.01214	0.01908	0.01041	0.01735	0.01041	0.01388	0.02602	0.00347	0.70680	0.00694	0.00347	0.00867
139	0.01044	0.00830	0.00959	0.01089	0.01189	0.03244	0.00747	0.01205	0.01622	0.02091	0.07588	0.56316	0.14533	0.02310	0.00986	0.00306	0.00484	0.02064	0.00730	0.00663
140	0.01963	0.01884	0.03219	0.04867	0.67185	0.01884	0.02434	0.02434	0.01806	0.02591	0.01492	0.01963	0.01256	0.00707	0.00785	0.00236	0.00942	0.00707	0.00393	0.01256
141	0.03558	0.01350	0.01840	0.01411	0.02024	0.01166	0.01166	0.03865	0.02270	0.67734	0.03128	0.02699	0.01963	0.00981	0.00797	0.00245	0.00675	0.00797	0.00981	0.01350
142	0.00961	0.00712	0.00898	0.01047	0.01135	0.00649	0.00711	0.01111	0.01573	0.02047	0.05065	0.59479	0.16931	0.02394	0.00998	0.00312	0.00449	0.02144	0.00736	0.00649
143	0.00966	0.00805	0.00847	0.00866	0.01114	0.00686	0.00656	0.01180	0.01810	0.02187	0.09666	0.10817	0.57890	0.02030	0.00951	0.00276	0.00424	0.05416	0.00741	0.00675
144	0.01498	0.01409	0.02378	0.70226	0.05462	0.01762	0.02202	0.02026	0.01586	0.02026	0.01409	0.02114	0.01057	0.00793	0.00793	0.00264	0.01057	0.00705	0.00352	0.00881
145	0.77733	0.01534	0.01166	0.01043	0.01534	0.01779	0.00859	0.02331	0.01350	0.03558	0.01104	0.01288	0.00859	0.00736	0.00491	0.00245	0.00613	0.00429	0.00491	0.00859
146	0.03452	0.01326	0.01806	0.01393	0.01988	0.01147	0.01147	0.03761	0.02269	0.64920	0.05903	0.02840	0.02204	0.01009	0.00803	0.00246	0.00662	0.00825	0.00977	0.01323
147	0.01880	0.02104	0.04446	0.03202	0.03976	0.02003	0.59207	0.02675	0.07037	0.02603	0.01736	0.02205	0.01302	0.00701	0.00925	0.00268	0.01280	0.00933	0.00434	0.01085
148	0.01478	0.00739	0.00739	0.00739	0.00924	0.00739	0.00554	0.01848	0.01663	0.02956	0.02587	0.02956	0.02033	0.00924	0.00554	0.00185	0.00370	0.00739	0.76534	0.00739
149	0.01524	0.00844	0.00894	0.00873	0.01074	0.00862	0.00657	0.06242	0.01782	0.02968	0.02699	0.09738	0.02302	0.01266	0.03136	0.00242	0.00479	0.00893	0.60751	0.00772
150	0.01088	0.00845	0.01010	0.01074	0.01277	0.00784	0.00835	0.01418	0.04307	0.02347	0.13239	0.19281	0.30778	0.02057	0.00984	0.00299	0.00498	0.16413	0.00754	0.00712
151	0.04512	0.03691	0.56935	0.02408	0.08921	0.01813	0.02732	0.02557	0.01700	0.05429	0.01492	0.01731	0.01064	0.00759	0.00748	0.00249	0.01109	0.00600	0.00374	0.01176
152	0.00966	0.00690	0.00920	0.01104	0.01150	0.00644	0.00736	0.01104	0.01518	0.02024	0.04371	0.71614	0.05245	0.02484	0.01012	0.00322	0.00460	0.02254	0.00736	0.00644
153	0.04951	0.01479	0.02396	0.56504	0.10012	0.01825	0.02124	0.02063	0.01564	0.02131	0.01374	0.02035	0.01063	0.00830	0.00921	0.00268	0.06497	0.00692	0.00361	0.00909
154	0.02711	0.03160	0.02331	0.02333	0.10815	0.47547	0.01612	0.09973	0.02308	0.02383	0.01632	0.01836	0.03989	0.00888	0.00801	0.00219	0.03381	0.00616	0.00463	0.01000
155	0.01143	0.00807	0.01061	0.01061	0.01129	0.00875	0.00725	0.01279	0.01211	0.01683	0.02319	0.04197	0.02452	0.40460	0.35119	0.01011	0.01417	0.01008	0.00454	0.00589
156	0.11464	0.01637	0.01895	0.01501	0.02084	0.01668	0.01230	0.19058	0.11020	0.36144	0.02607	0.02376	0.01746	0.00959	0.00764	0.00247	0.00712	0.00749	0.00856	0.01282
157	0.12606	0.23058	0.34527	0.01752	0.02615	0.02173	0.02024	0.02502	0.05001	0.02541	0.03568	0.01714	0.01279	0.00776	0.00655	0.00228	0.00944	0.00562	0.00401	0.01073
158	0.03558	0.01350	0.01840	0.01411	0.02024	0.01166	0.01166	0.03865	0.02270	0.67734	0.03128	0.02699	0.01963	0.00981	0.00797	0.00245	0.00675	0.00797	0.00981	0.01350
159	0.01093	0.00871	0.01133	0.01130	0.01325	0.00800	0.03864	0.03734	0.01778	0.02293	0.09957	0.38084	0.26777	0.02103	0.00968	0.00292	0.00493	0.01864	0.00732	0.00710
160	0.01882	0.02109	0.04510	0.03519	0.11462	0.01991	0.57123	0.02528	0.01864	0.02546	0.01591	0.02119	0.01209	0.00673	0.00918	0.00264	0.01291	0.00909	0.00400	0.01091
161	0.01377	0.00689	0.01033	0.01033	0.01033	0.00689	0.00689	0.01033	0.01033	0.01377	0.01377	0.02410	0.01377	0.02755	0.03099	0.76928	0.00689	0.00689	0.00344	0.00344
162	0.01478	0.00739	0.00739	0.00739	0.00924	0.00739	0.00554	0.01848	0.01663	0.02956	0.02587	0.02956	0.02033	0.00924	0.00554	0.00185	0.00370	0.00739	0.76534	0.00739
163	0.01995	0.56386	0.19279	0.01571	0.02366	0.02831	0.01729	0.02407	0.01626	0.02019	0.01178	0.01367	0.01015	0.00696	0.00567	0.00189	0.00925	0.00462	0.00338	0.01054
164	0.01605	0.04014	0.65585	0.02236	0.03382	0.01846	0.02868	0.02574	0.04032	0.02541	0.01489	0.01721	0.01057	0.00765	0.00755	0.00252	0.01152	0.00597	0.00352	0.01175
165	0.77733	0.01534	0.01166	0.01043	0.01534	0.01779	0.00859	0.02331	0.01350	0.03558	0.01104	0.01288	0.00859	0.00736	0.00491	0.00245	0.00613	0.00429	0.00491	0.00859
166	0.00974	0.00693	0.00918	0.01094	0.01138	0.00649	0.00726	0.01106	0.01503	0.02004	0.04293	0.68859	0.05147	0.05373	0.01138	0.00341	0.00473	0.02209	0.00726	0.00637
167	0.05228	0.01754	0.02925	0.20404	0.49426	0.01850	0.02308	0.02331	0.01732	0.02498	0.01455	0.01969	0.01191	0.00729	0.00774	0.00243	0.00955	0.00694	0.00387	0.01148
168	0.01770	0.01098	0.03903	0.01182	0.01510	0.00920	0.00944	0.04195	0.02022	0.19525	0.19875	0.22339	0.14141	0.01684	0.00908	0.00270	0.00528	0.01463	0.00820	0.00903
169	0.01612	0.05947	0.02552	0.01993	0.02192	0.02000	0.11575	0.01873	0.01394	0.02005	0.01818	0.07366	0.04147	0.04465	0.08602	0.00425	0.37865	0.00902	0.00412	0.00855
170	0.01784	0.01439	0.01682	0.01211	0.01909	0.01118	0.00972	0.04574	0.01755	0.05584	0.01506	0.01702	0.01217	0.00619	0.00605	0.00128	0.00603	0.00494	0.00506	0.70593
171	0.02114	0.01713	0.02099	0.01982	0.07791	0.01891	0.05248	0.03924	0.50365	0.09228	0.02969	0.02798	0.02202	0.01010	0.00812	0.00264	0.00703	0.00873	0.00762	0.01253
172	0.02054	0.64005	0.12177	0.01470	0.02211	0.02975	0.01554	0.02392	0.01619	0.01947	0.01143	0.01323	0.01016	0.00688	0.00540	0.00180	0.00889	0.00444	0.00339	0.01037
173	0.01937	0.02123	0.07516	0.08086	0.46058	0.09083	0.02211	0.02397	0.01838	0.02482	0.04481	0.04958	0.01643	0.00842	0.00792	0.00239	0.00974	0.00773	0.00423	0.01142
174	0.01964	0.01865	0.03067	0.04521	0.60255	0.01894	0.02308	0.02623	0.08611	0.02668	0.01676	0.02069	0.01380	0.00746	0.00787	0.00239	0.00909	0.00727	0.00437	0.01256
175	0.00966	0.00690	0.00920	0.01104	0.01150	0.00644	0.00736	0.01104	0.01518	0.02024	0.04371	0.71614	0.05245	0.02484	0.01012	0.00322	0.00460	0.02254	0.00736	0.00644
176	0.01524	0.01565	0.03099	0.15024	0.03469	0.01545	0.33361	0.02007	0.01721	0.02291	0.02542	0.21153	0.04564	0.01230	0.00930	0.00282	0.01015	0.01276	0.00495	0.00905
177	0.01646	0.11317	0.61296	0.02165	0.03285	0.01978	0.02764	0.02497	0.01668	0.02443	0.01389	0.01632	0.01006	0.00745	0.00728	0.00243	0.01138	0.00569	0.00335	0.01156
178	0.00978	0.00695	0.00917	0.01089	0.01132	0.00652	0.00720	0.01107	0.01495	0.01993	0.04252	0.67404	0.05095	0.06899	0.01204	0.00350	0.00480	0.02185	0.00720	0.00634
179	0.01498	0.01409	0.02378	0.70226	0.05462	0.01762	0.02202	0.02026	0.01586	0.02026	0.01409	0.02114	0.01057	0.00793	0.00793	0.00264	0.01057	0.00705	0.00352	0.00881
180	0.03099	0.01365	0.01773	0.01404	0.01953	0.01260	0.01143	0.06627	0.08475	0.51011	0.10367	0.03054	0.02609	0.01062	0.00814	0.00248	0.00646	0.00876	0.00943	0.01271
181	0.02479	0.01754	0.04876	0.01918	0.08722	0.01746	0.01433	0.10059	0.30380	0.21337	0.04756	0.02710	0.02157	0.01002	0.00802	0.00254	0.00714	0.00834	0.00794	0.01272
182	0.03558	0.01350	0.01840	0.01411	0.02024	0.01166	0.01166	0.03865	0.02270	0.67734	0.03128	0.02699	0.01963	0.00981	0.00797	0.00245	0.00675	0.00797	0.00981	0.01350
183	0.02098	0.69815	0.06760	0.01394	0.02092	0.03085	0.01421	0.02380	0.01614	0.01892	0.01116	0.01288	0.01017	0.00681	0.00519	0.00173	0.00861	0.00431	0.00339	0.01024
184	0.01939	0.01875	0.03224	0.07204	0.58480	0.01890	0.06208	0.02490	0.04155	0.02592	0.01559	0.02016	0.01288	0.00721	0.00795	0.00240	0.00959	0.00728	0.00407	0.01230
185	0.01732	0.01807	0.02732	0.02236	0.02461	0.06280	0.16535	0.02020	0.01482	0.02079	0.01680	0.12147	0.01700	0.01342	0.01849	0.00315	0.39326	0.00971	0.00421	0.00886
186	0.01913	0.01834	0.03130	0.11788	0.60649	0.01871	0.02409	0.02391	0.01782	0.02531	0.01483	0.01979	0.01235	0.00716	0.00786	0.00239	0.00954	0.00706	0.00388	0.01216
187	0.01498	0.01409	0.02378	0.70226	0.05462	0.01762	0.02202	0.02026	0.01586	0.02026	0.01409	0.02114	0.01057	0.00793	0.00793	0.00264	0.01057	0.00705	0.00352	0.00881
188	0.02976	0.01767	0.10241	0.01549	0.02196	0.01404	0.01402	0.06831	0.10320	0.45275	0.05522	0.02695	0.02098	0.00990	0.00799	0.00249	0.00730	0.00805	0.00863	0.01290
189	0.03558	0.01350	0.01840	0.01411	0.02024	0.01166	0.01166	0.03865	0.02270	0.67734	0.03128	0.02699	0.01963	0.00981	0.00797	0.00245	0.00675	0.00797	0.00981	0.01350
190	0.01649	0.11713	0.60927	0.02160	0.03277	0.01986	0.02755	0.02496	0.01667	0.02440	0.01387	0.01630	0.01006	0.00745	0.00726	0.00242	0.01136	0.00568	0.00335	0.01155
191	0.01498	0.01409	0.02378	0.70226	0.05462	0.01762	0.02202	0.02026	0.01586	0.02026	0.01409	0.02114	0.01057	0.00793	0.00793	0.00264	0.01057	0.00705	0.00352	0.00881
192	0.02120	0.72609	0.04155	0.01357	0.02035	0.03138	0.01357	0.02374	0.01611	0.01866	0.01102	0.01272	0.01018	0.00678	0.00509	0.00170	0.00848	0.00424	0.00339	0.01018
193	0.03512	0.01423	0.01886	0.01446	0.02061	0.01275	0.01194	0.08993	0.02393	0.62431	0.03025	0.02632	0.01911	0.00979	0.00797	0.00245	0.00691	0.00790	0.00966	0.01349
194	0.01498	0.01409	0.02378	0.70226	0.05462	0.01762	0.02202	0.02026	0.01586	0.02026	0.01409	0.02114	0.01057	0.00793	0.00793	0.00264	0.01057	0.00705	0.00352	0.00881
195	0.01963	0.01884	0.03219	0.04867	0.67185	0.01884	0.02434	0.02434	0.01806	0.02591	0.01492	0.01963	0.01256	0.00707	0.00785	0.00236	0.00942	0.00707	0.00393	0.01256
196	0.03437	0.01367	0.01833	0.01413	0.02010	0.01207	0.01164	0.06475	0.02334	0.62375	0.05600	0.02792	0.02155	0.01006	0.00803	0.00245	0.00672	0.00819	0.00969	0.01326
197	0.01919	0.01840	0.03140	0.10990	0.61403	0.01873	0.02412	0.02395	0.01785	0.02538	0.01484	0.01977	0.01237	0.00715	0.00786	0.00238	0.00953	0.00706	0.00389	0.01221
198	0.02368	0.01082	0.01426	0.01201	0.01610	0.00949	0.00949	0.02663	0.02136	0.36939	0.20230	0.10576	0.11638	0.01412	0.00870	0.00256	0.00544	0.01205	0.00901	0.01045
199	0.01936	0.01871	0.03238	0.08035	0.61496	0.01883	0.05010	0.02418	0.01798	0.02561	0.01492	0.01978	0.01244	0.00709	0.00792	0.00238	0.00964	0.00716	0.00391	0.01230
200	0.01736	0.03680	0.57718	0.02188	0.03263	0.01753	0.05154	0.02577	0.01751	0.07602	0.04139	0.01940	0.01342	0.00802	0.00771	0.00251	0.01108	0.00650	0.00409	0.01165
201	0.01963	0.01884	0.03219	0.04867	0.67185	0.01884	0.02434	0.02434	0.01806	0.02591	0.01492	0.01963	0.01256	0.00707	0.00785	0.00236	0.00942	0.00707	0.00393	0.01256
202	0.01963	0.01884	0.03219	0.04867	0.67185	0.01884	0.02434	0.02434	0.01806	0.02591	0.01492	0.01963	0.01256	0.00707	0.00785	0.00236	0.00942	0.00707	0.00393	0.01256
203	0.01250	0.01962	0.23966	0.01674	0.02162	0.01158	0.06528	0.01695	0.01599	0.02230	0.03152	0.42388	0.03486	0.01753	0.00918	0.00294	0.00771	0.01584	0.00573	0.00857
204	0.01693	0.01722	0.02571	0.23430	0.03338	0.05559	0.09112	0.02034	0.01481	0.02028	0.01442	0.06314	0.01330	0.01158	0.01643	0.00303	0.32762	0.00815	0.00383	0.00884
205	0.39093	0.02079	0.01692	0.01548	0.04451	0.15771	0.01176	0.11487	0.04511	0.06025	0.04353	0.01763	0.01381	0.00846	0.00637	0.00237	0.00825	0.00576	0.00563	0.00988
206	0.01605	0.06563	0.59453	0.02223	0.03314	0.01853	0.05808	0.02463	0.01706	0.02516	0.04268	0.01867	0.01297	0.00784	0.00761	0.00249	0.01133	0.00634	0.00362	0.01142
207	0.01797	0.01818	0.05773	0.21616	0.45601	0.01810	0.02347	0.02298	0.01743	0.02431	0.01579	0.02279	0.01330	0.00793	0.00799	0.00249	0.00973	0.03236	0.00394	0.01133
208	0.04656	0.06611	0.60674	0.02149	0.03256	0.01868	0.02728	0.02544	0.01679	0.04709	0.01455	0.01678	0.01031	0.00757	0.00735	0.00247	0.01121	0.00581	0.00363	0.01160
209	0.03113	0.01356	0.01766	0.01405	0.01958	0.01249	0.01143	0.03712	0.11692	0.52609	0.08626	0.03015	0.02506	0.01051	0.00811	0.00249	0.00642	0.00867	0.00946	0.01284
210	0.00965	0.00696	0.00914	0.01088	0.01146	0.00645	0.00729	0.01106	0.01533	0.02030	0.04563	0.68247	0.08487	0.02459	0.01008	0.00319	0.00457	0.02224	0.00736	0.00645
211	0.01026	0.00754	0.01040	0.01289	0.04084	0.00713	0.00839	0.01191	0.01547	0.02068	0.04235	0.65249	0.05033	0.02391	0.01007	0.00321	0.00496	0.05322	0.00721	0.00676
212	0.09066	0.01676	0.01880	0.01610	0.04724	0.07749	0.01240	0.07303	0.07563	0.41854	0.05248	0.02541	0.01983	0.00967	0.00771	0.00243	0.00748	0.00767	0.00834	0.01234
213	0.03392	0.01315	0.01775	0.01372	0.01964	0.01134	0.01130	0.03692	0.02240	0.63577	0.03439	0.03012	0.06077	0.01047	0.00806	0.00247	0.00657	0.00853	0.00966	0.01306
214	0.00955	0.00797	0.00833	0.00839	0.01086	0.00675	0.00624	0.01168	0.01828	0.02227	0.13027	0.11437	0.57774	0.02003	0.00942	0.00269	0.00403	0.01688	0.00748	0.00675
215	0.01905	0.01849	0.03198	0.11545	0.52146	0.01886	0.07884	0.02477	0.04576	0.02558	0.01569	0.02038	0.01281	0.00728	0.00800	0.00243	0.00976	0.00735	0.00407	0.01199
216	0.05090	0.20199	0.47362	0.01985	0.02979	0.04822	0.02411	0.02497	0.01668	0.02381	0.01325	0.01552	0.01002	0.00737	0.00682	0.00230	0.01081	0.00538	0.00346	0.01112
217	0.01498	0.01409	0.02378	0.70226	0.05462	0.01762	0.02202	0.02026	0.01586	0.02026	0.01409	0.02114	0.01057	0.00793	0.00793	0.00264	0.01057	0.00705	0.00352	0.00881
218	0.70129	0.01700	0.01281	0.01136	0.01627	0.05960	0.00926	0.04863	0.01500	0.03515	0.01144	0.01322	0.00888	0.00750	0.00517	0.00243	0.00674	0.00446	0.00498	0.00882
219	0.00961	0.00804	0.00836	0.00828	0.01086	0.00680	0.00621	0.01184	0.01863	0.02275	0.15556	0.07413	0.59258	0.01959	0.00937	0.00265	0.00398	0.01643	0.00754	0.00680
220	0.01897	0.01830	0.03163	0.13594	0.56427	0.01872	0.04817	0.02383	0.01779	0.02513	0.01485	0.01990	0.01227	0.00717	0.00792	0.00241	0.00973	0.00715	0.00387	0.01198
221	0.00978	0.00695	0.00917	0.01089	0.01132	0.00652	0.00720	0.01107	0.01495	0.01993	0.04252	0.67404	0.05095	0.06899	0.01204	0.00350	0.00480	0.02185	0.00720	0.00634
222	0.01044	0.00754	0.01010	0.03994	0.01340	0.00734	0.00814	0.01209	0.01525	0.02030	0.05910	0.52801	0.04782	0.11086	0.01387	0.00377	0.00545	0.07323	0.00692	0.00644
223	0.01793	0.01885	0.06043	0.06472	0.21738	0.01725	0.22559	0.02436	0.05744	0.02569	0.01836	0.02596	0.01545	0.00826	0.00832	0.00244	0.01001	0.05698	0.00455	0.12003
224	0.05123	0.01586	0.01781	0.01355	0.01985	0.01467	0.01094	0.16546	0.07150	0.09189	0.02136	0.02184	0.04619	0.00821	0.00684	0.00181	0.00655	0.00647	0.00631	0.40167
225	0.01786	0.05028	0.13519	0.01854	0.07265	0.01562	0.04001	0.05738	0.11125	0.07531	0.17805	0.03483	0.05324	0.01143	0.00894	0.00251	0.03469	0.03352	0.00645	0.04224
226	0.04884	0.01740	0.03025	0.12834	0.34766	0.01742	0.13778	0.02276	0.01738	0.02508	0.01657	0.06271	0.01443	0.00813	0.00800	0.00242	0.00960	0.00815	0.00420	0.07289
227	0.02009	0.01581	0.02004	0.10625	0.02561	0.01467	0.03730	0.12658	0.04650	0.07486	0.01694	0.01897	0.01295	0.00726	0.00686	0.00178	0.00735	0.00600	0.00555	0.42862
228	0.01692	0.01566	0.02493	0.25254	0.03484	0.01706	0.12879	0.04987	0.05707	0.02513	0.04832	0.02277	0.01567	0.00875	0.00980	0.00245	0.08584	0.00758	0.04462	0.13139
229	0.06413	0.01689	0.02826	0.18768	0.14105	0.01847	0.15344	0.02179	0.01635	0.02406	0.04045	0.02085	0.01380	0.00869	0.01116	0.00259	0.13540	0.00743	0.00410	0.08343

[dist]
# distance from previous block
# <min> <max>
7	20

[block]
# block no. 2 follows, 24 sequences, length 19
# corresponding to MSA columns:
# 264-282
name=unknown_C
#
# <colnr> <probs for GDERKNQSTAVLIFYWHMCP>
#	G	D	E	R	K	N	Q	S	T	A	V	L	I	F	Y	W	H	M	C	P
0	0.13635	0.00829	0.00961	0.01094	0.01213	0.00831	0.00756	0.01307	0.01490	0.02277	0.03832	0.60008	0.04521	0.02196	0.00926	0.00309	0.00485	0.01953	0.00696	0.00680
1	0.02570	0.13380	0.12355	0.01904	0.02596	0.06120	0.04447	0.37551	0.02849	0.03765	0.01629	0.01751	0.01212	0.00877	0.00811	0.00233	0.03484	0.00648	0.00602	0.01219
2	0.01173	0.00845	0.01069	0.01169	0.01279	0.00826	0.00812	0.07308	0.01768	0.02369	0.07088	0.61702	0.04971	0.02294	0.00987	0.00310	0.00496	0.02065	0.00748	0.00718
