[name]
unknown

[dist]
# distance from previous block
# <min> <max>
13	31

[block]
# block no. 0 follows, 24 sequences, length 11
# corresponding to MSA columns:
# 34-44
name=unknown_A
#
# <colnr> <probs for GDERKNQSTAVLIFYWHMCP>
#	G	D	E	R	K	N	Q	S	T	A	V	L	I	F	Y	W	H	M	C	P
0	0.02655	0.02031	0.02347	0.15354	0.03031	0.02294	0.01631	0.48769	0.06795	0.04315	0.01880	0.02005	0.01351	0.00927	0.00794	0.00245	0.00895	0.00722	0.00707	0.01251
1	0.06184	0.20160	0.02814	0.01853	0.02395	0.33511	0.04658	0.14690	0.02315	0.02615	0.01339	0.01512	0.01085	0.00798	0.00680	0.00207	0.01138	0.00546	0.00469	0.01031
2	0.11683	0.39547	0.08374	0.02086	0.14977	0.02485	0.01616	0.02492	0.01666	0.06708	0.01341	0.01538	0.01107	0.00717	0.00600	0.00204	0.00850	0.00518	0.00412	0.01079
3	0.01646	0.03713	0.55483	0.02474	0.03573	0.01874	0.15080	0.02517	0.01713	0.02517	0.01459	0.01766	0.01044	0.00737	0.00790	0.00254	0.01205	0.00655	0.00348	0.01152
4	0.01296	0.00689	0.01011	0.01047	0.01056	0.00680	0.00698	0.01047	0.01129	0.01505	0.01970	0.16111	0.02143	0.02701	0.02686	0.61763	0.00643	0.00999	0.00422	0.00404
5	0.01761	0.41767	0.06064	0.01309	0.01756	0.02285	0.01200	0.01973	0.01447	0.01807	0.01542	0.02483	0.01575	0.20779	0.04357	0.00396	0.05595	0.00669	0.00382	0.00853
6	0.01100	0.00865	0.00997	0.01005	0.01221	0.00806	0.00754	0.01494	0.06601	0.02475	0.21649	0.14850	0.32043	0.04428	0.01060	0.00296	0.00458	0.06404	0.00767	0.00728
7	0.46894	0.07119	0.01511	0.01181	0.01617	0.01750	0.00958	0.10097	0.01710	0.03305	0.01854	0.15288	0.01803	0.01105	0.00634	0.00254	0.00635	0.00827	0.00566	0.00892
8	0.05367	0.01187	0.01326	0.06639	0.01748	0.03430	0.00973	0.06041	0.06250	0.02512	0.03263	0.03712	0.14668	0.07225	0.15852	0.00495	0.00956	0.00943	0.11477	0.05935
9	0.05986	0.01428	0.01799	0.15020	0.02509	0.01576	0.01327	0.14042	0.03746	0.05013	0.03710	0.06126	0.05369	0.03200	0.08286	0.00366	0.06614	0.00846	0.02803	0.10232
10	0.02262	0.07215	0.02357	0.14848	0.05919	0.02021	0.01539	0.30722	0.02605	0.03529	0.03981	0.02039	0.01475	0.01011	0.02873	0.00251	0.00885	0.00681	0.00595	0.13191

[dist]
# distance from previous block
# <min> <max>
7	15

[block]
# block no. 1 follows, 24 sequences, length 84
# corresponding to MSA columns:
# 60-143
name=unknown_B
#
# <colnr> <probs for GDERKNQSTAVLIFYWHMCP>
#	G	D	E	R	K	N	Q	S	T	A	V	L	I	F	Y	W	H	M	C	P
0	0.08109	0.13139	0.12425	0.01801	0.02480	0.13375	0.05847	0.11630	0.02188	0.18910	0.01821	0.01862	0.01298	0.00830	0.00720	0.00228	0.00973	0.00632	0.00588	0.01145
1	0.04779	0.06144	0.01764	0.01313	0.01775	0.01364	0.01068	0.07153	0.05795	0.26139	0.14801	0.06658	0.07007	0.01197	0.00863	0.00241	0.03180	0.00974	0.00787	0.06998
2	0.01656	0.01351	0.03947	0.01416	0.01802	0.01281	0.04869	0.05884	0.13381	0.07598	0.28929	0.06911	0.07384	0.01331	0.00931	0.00252	0.03198	0.01147	0.00759	0.05972
3	0.06990	0.01488	0.06170	0.01517	0.04560	0.01251	0.03002	0.08095	0.02021	0.16027	0.10615	0.14547	0.05031	0.01229	0.00800	0.00238	0.00655	0.01052	0.00695	0.14015
4	0.04847	0.09255	0.06552	0.01668	0.02183	0.06487	0.03235	0.12029	0.01991	0.10240	0.01772	0.06538	0.01498	0.01006	0.01052	0.00235	0.13354	0.00725	0.00548	0.14786
5	0.21512	0.04560	0.16396	0.01769	0.06652	0.01763	0.01585	0.09888	0.06047	0.13495	0.04958	0.02059	0.01589	0.00859	0.00698	0.00240	0.00795	0.00654	0.00596	0.03884
6	0.17370	0.19715	0.26216	0.01690	0.02469	0.02059	0.04969	0.02509	0.04092	0.04849	0.01496	0.01693	0.01145	0.00759	0.00640	0.00227	0.00895	0.00562	0.05600	0.01045
7	0.13518	0.55299	0.06877	0.01387	0.02050	0.05842	0.01370	0.02411	0.01604	0.02157	0.01125	0.01302	0.00993	0.00697	0.00528	0.00187	0.00856	0.00437	0.00365	0.00997
8	0.04485	0.13046	0.03071	0.02977	0.24757	0.21148	0.09101	0.05015	0.01965	0.02425	0.01416	0.01743	0.01168	0.00748	0.00725	0.00219	0.01080	0.00629	0.03209	0.01076
9	0.01267	0.00841	0.01092	0.01018	0.01232	0.00767	0.00767	0.01618	0.02195	0.07335	0.56920	0.08199	0.10454	0.01633	0.00929	0.00253	0.00399	0.01436	0.00867	0.00780
10	0.02127	0.01519	0.01729	0.01443	0.01815	0.01656	0.01132	0.32407	0.04932	0.03550	0.09395	0.02926	0.02323	0.07975	0.09633	0.09545	0.00911	0.00855	0.03143	0.00985
11	0.01527	0.01203	0.01540	0.01705	0.09365	0.01243	0.01160	0.02391	0.19924	0.04920	0.18671	0.14154	0.08376	0.01554	0.00907	0.00279	0.00581	0.08796	0.00755	0.00949
12	0.01004	0.00712	0.00940	0.01107	0.01158	0.00674	0.00750	0.01145	0.01506	0.02004	0.04191	0.61371	0.04986	0.08730	0.01290	0.00365	0.00506	0.06213	0.00713	0.00635
13	0.01963	0.01884	0.03219	0.04867	0.67185	0.01884	0.02434	0.02434	0.01806	0.02591	0.01492	0.01963	0.01256	0.00707	0.00785	0.00236	0.00942	0.00707	0.00393	0.01256
14	0.01769	0.01720	0.02737	0.36459	0.28033	0.04301	0.04596	0.02379	0.05799	0.02335	0.01557	0.02088	0.01222	0.00775	0.00793	0.00252	0.01011	0.00719	0.00400	0.01053
15	0.03558	0.01350	0.01840	0.01411	0.02024	0.01166	0.01166	0.03865	0.02270	0.67734	0.03128	0.02699	0.01963	0.00981	0.00797	0.00245	0.00675	0.00797	0.00981	0.01350
16	0.00939	0.00797	0.00810	0.00821	0.01076	0.00668	0.00610	0.01136	0.01791	0.02135	0.07822	0.11313	0.63317	0.02036	0.00942	0.00271	0.00405	0.01707	0.00736	0.00668
17	0.02663	0.02190	0.02141	0.06103	0.02470	0.11959	0.01441	0.36033	0.12693	0.06003	0.02062	0.02107	0.01513	0.00940	0.00768	0.00236	0.00888	0.00716	0.05874	0.01200
18	0.09159	0.02212	0.08725	0.04564	0.15410	0.11462	0.03252	0.06572	0.13295	0.11926	0.02194	0.02274	0.03695	0.00894	0.00760	0.00244	0.00904	0.00727	0.00587	0.01145
19	0.75273	0.01545	0.01232	0.01167	0.03665	0.01782	0.00910	0.02334	0.01364	0.03526	0.01117	0.01310	0.00872	0.00735	0.00500	0.00245	0.00624	0.00438	0.00488	0.00872
20	0.02201	0.53765	0.10816	0.01569	0.02257	0.13859	0.01558	0.02520	0.01723	0.01949	0.01158	0.01342	0.01017	0.00710	0.00570	0.00184	0.00979	0.00456	0.00350	0.01018
21	0.01681	0.01097	0.01305	0.01160	0.01490	0.01069	0.00899	0.04577	0.12981	0.13168	0.32328	0.05098	0.16992	0.01479	0.00887	0.00255	0.00488	0.01263	0.00849	0.00935
22	0.07858	0.18993	0.15488	0.04165	0.08432	0.04653	0.09484	0.02578	0.01815	0.11253	0.06555	0.02099	0.01669	0.00820	0.00720	0.00230	0.00931	0.00684	0.00493	0.01079
23	0.01678	0.01390	0.05944	0.01431	0.01778	0.01300	0.01170	0.02698	0.25551	0.09228	0.06171	0.26111	0.03607	0.01630	0.00901	0.00291	0.00613	0.06753	0.00765	0.00990
24	0.01102	0.00803	0.01039	0.01011	0.01191	0.00740	0.00757	0.01444	0.02137	0.02982	0.55229	0.11945	0.10969	0.01743	0.00948	0.00261	0.00396	0.03720	0.00847	0.00733
25	0.05598	0.02556	0.26374	0.09742	0.13598	0.01776	0.10848	0.06398	0.01849	0.02663	0.02057	0.02583	0.05749	0.00905	0.00806	0.00258	0.01024	0.03695	0.00440	0.01081
26	0.01813	0.02152	0.08526	0.10045	0.09455	0.01987	0.44450	0.02436	0.01780	0.02449	0.01525	0.02063	0.01169	0.00737	0.01006	0.00268	0.05837	0.00853	0.00387	0.01060
27	0.00966	0.00690	0.00920	0.01104	0.01150	0.00644	0.00736	0.01104	0.01518	0.02024	0.04371	0.71614	0.05245	0.02484	0.01012	0.00322	0.00460	0.02254	0.00736	0.00644
28	0.00966	0.00690	0.00920	0.01104	0.01150	0.00644	0.00736	0.01104	0.01518	0.02024	0.04371	0.71614	0.05245	0.02484	0.01012	0.00322	0.00460	0.02254	0.00736	0.00644
29	0.02159	0.64957	0.06552	0.01442	0.02121	0.07803	0.01432	0.02437	0.01659	0.01897	0.01124	0.01299	0.01017	0.00691	0.00533	0.00175	0.00903	0.00437	0.00344	0.01017
30	0.05105	0.07307	0.02368	0.01989	0.05475	0.31915	0.01504	0.21322	0.10023	0.03083	0.01662	0.01760	0.01288	0.00871	0.00732	0.00222	0.01085	0.00617	0.00566	0.01106
31	0.77733	0.01534	0.01166	0.01043	0.01534	0.01779	0.00859	0.02331	0.01350	0.03558	0.01104	0.01288	0.00859	0.00736	0.00491	0.00245	0.00613	0.00429	0.00491	0.00859
32	0.01158	0.00829	0.01130	0.01253	0.01401	0.00802	0.01006	0.01465	0.01847	0.02479	0.19554	0.24718	0.05457	0.02129	0.01034	0.00325	0.00572	0.31362	0.00767	0.00712
33	0.02173	0.58217	0.06435	0.01480	0.02136	0.09603	0.01432	0.02581	0.05907	0.01995	0.01268	0.01416	0.01110	0.00722	0.00559	0.00183	0.00905	0.00471	0.00377	0.01030
34	0.01122	0.00811	0.01060	0.00998	0.01185	0.00748	0.00748	0.01496	0.02245	0.03180	0.66766	0.05923	0.07482	0.01621	0.00935	0.00249	0.00374	0.01434	0.00873	0.00748
35	0.01697	0.17884	0.55174	0.02078	0.03151	0.02102	0.02613	0.02484	0.01662	0.02381	0.01359	0.01593	0.01007	0.00738	0.00704	0.00235	0.01107	0.00553	0.00336	0.01141
36	0.02083	0.01695	0.01809	0.01583	0.02033	0.01937	0.01245	0.14491	0.47922	0.03515	0.02903	0.02782	0.02188	0.01294	0.04268	0.00310	0.00732	0.00853	0.05142	0.01214
37	0.01667	0.01560	0.02317	0.51607	0.08949	0.04376	0.02002	0.06047	0.01777	0.02288	0.01739	0.02286	0.04069	0.00841	0.00784	0.00250	0.00996	0.00728	0.00410	0.05307
38	0.00978	0.00699	0.00931	0.01096	0.01153	0.00652	0.00737	0.01135	0.01575	0.02114	0.09237	0.66490	0.05419	0.02417	0.01006	0.00316	0.00453	0.02190	0.00747	0.00652
39	0.53854	0.05049	0.06012	0.01274	0.01806	0.05100	0.01118	0.05643	0.05656	0.03322	0.01348	0.01531	0.01053	0.00977	0.03259	0.00282	0.00775	0.00505	0.00502	0.00935
40	0.01133	0.00768	0.00905	0.00923	0.00940	0.00775	0.00549	0.01171	0.01199	0.01611	0.02651	0.11548	0.03039	0.59677	0.09238	0.00768	0.00853	0.01236	0.00501	0.00516
41	0.37084	0.11685	0.24999	0.01639	0.02409	0.01990	0.05294	0.02411	0.01526	0.02916	0.01244	0.01469	0.00950	0.00731	0.00610	0.00239	0.00880	0.00512	0.00412	0.01000
42	0.01405	0.00784	0.01175	0.03830	0.01275	0.00842	0.00815	0.01128	0.01066	0.01437	0.01357	0.02356	0.01343	0.02590	0.02976	0.69015	0.05171	0.00690	0.00345	0.00399
43	0.02023	0.01729	0.01822	0.01624	0.02081	0.01996	0.01267	0.07151	0.62733	0.03399	0.03163	0.02907	0.02368	0.01070	0.00806	0.00267	0.00640	0.00888	0.00806	0.01260
44	0.01532	0.01290	0.01524	0.01163	0.01758	0.00989	0.00906	0.01849	0.01623	0.02491	0.01900	0.13234	0.01849	0.00902	0.00658	0.00151	0.00566	0.00765	0.00514	0.64335
45	0.00966	0.00690	0.00920	0.01104	0.01150	0.00644	0.00736	0.01104	0.01518	0.02024	0.04371	0.71614	0.05245	0.02484	0.01012	0.00322	0.00460	0.02254	0.00736	0.00644
46	0.01278	0.00913	0.01278	0.01460	0.01643	0.00913	0.01278	0.01643	0.01825	0.02373	0.04199	0.08945	0.04564	0.02191	0.01095	0.00365	0.00730	0.61847	0.00730	0.00730
47	0.01623	0.00821	0.00940	0.00896	0.01106	0.00822	0.00677	0.01949	0.01635	0.09466	0.02570	0.03105	0.02076	0.06508	0.10750	0.00389	0.00683	0.00789	0.52414	0.00781
48	0.03558	0.01350	0.01840	0.01411	0.02024	0.01166	0.01166	0.03865	0.02270	0.67734	0.03128	0.02699	0.01963	0.00981	0.00797	0.00245	0.00675	0.00797	0.00981	0.01350
49	0.01213	0.00831	0.01089	0.01013	0.01216	0.00764	0.00764	0.01585	0.02246	0.05589	0.64391	0.05803	0.07276	0.01597	0.00930	0.00249	0.00385	0.01410	0.00877	0.00771
50	0.02342	0.02266	0.02278	0.01931	0.02227	0.16990	0.01560	0.20252	0.04262	0.02846	0.01472	0.01847	0.01232	0.01427	0.05986	0.00343	0.28535	0.00676	0.00509	0.01019
51	0.09893	0.01122	0.01232	0.01204	0.01454	0.04449	0.00943	0.01914	0.05649	0.05555	0.31941	0.12215	0.05132	0.01618	0.00899	0.00276	0.00556	0.12373	0.00767	0.00809
52	0.12639	0.01407	0.01779	0.01382	0.01981	0.01292	0.01141	0.06083	0.02215	0.57370	0.02831	0.02494	0.01803	0.00950	0.00760	0.00245	0.00675	0.00749	0.00914	0.01289
53	0.02595	0.07650	0.02415	0.02009	0.02330	0.47740	0.01573	0.02794	0.01943	0.01928	0.01171	0.01498	0.01026	0.00954	0.01184	0.00239	0.19098	0.00552	0.00388	0.00912
54	0.01220	0.00921	0.01313	0.01270	0.01427	0.01061	0.00989	0.01496	0.01311	0.01948	0.02068	0.03017	0.01919	0.07202	0.54675	0.01069	0.06262	0.00824	0.05849	0.04161
55	0.02056	0.44171	0.18048	0.01857	0.06678	0.08191	0.01788	0.02548	0.04235	0.02121	0.01294	0.01487	0.01086	0.00724	0.00610	0.00199	0.00966	0.00505	0.00366	0.01069
56	0.00994	0.00725	0.00939	0.01075	0.01166	0.00670	0.00746	0.01175	0.01645	0.02184	0.11917	0.54714	0.12001	0.02323	0.00999	0.00310	0.00455	0.04550	0.00752	0.00662
57	0.03343	0.01434	0.01861	0.01455	0.02050	0.01324	0.01193	0.06832	0.09887	0.57051	0.03081	0.02692	0.01988	0.00991	0.00798	0.00248	0.00679	0.00805	0.00952	0.01338
58	0.01895	0.02134	0.10188	0.06677	0.50152	0.01891	0.10506	0.02441	0.01793	0.02556	0.01496	0.01961	0.01216	0.00710	0.00802	0.00242	0.01021	0.00724	0.00386	0.01210
59	0.00999	0.00715	0.00953	0.01107	0.01177	0.00669	0.00762	0.01176	0.01620	0.02180	0.11936	0.60808	0.05486	0.02366	0.01007	0.00315	0.00462	0.04849	0.00752	0.00661
60	0.00966	0.00690	0.00920	0.01104	0.01150	0.00644	0.00736	0.01104	0.01518	0.02024	0.04371	0.71614	0.05245	0.02484	0.01012	0.00322	0.00460	0.02254	0.00736	0.00644
61	0.00966	0.00690	0.00920	0.01104	0.01150	0.00644	0.00736	0.01104	0.01518	0.02024	0.04371	0.71614	0.05245	0.02484	0.01012	0.00322	0.00460	0.02254	0.00736	0.00644
62	0.02094	0.69274	0.07265	0.01401	0.02103	0.03075	0.01433	0.02381	0.01614	0.01897	0.01118	0.01292	0.01017	0.00682	0.00521	0.00174	0.00864	0.00432	0.00339	0.01025
63	0.01554	0.01476	0.02439	0.58538	0.09159	0.01842	0.02167	0.02040	0.01560	0.02050	0.01375	0.02063	0.01068	0.00852	0.00988	0.00271	0.08594	0.00704	0.00354	0.00904
64	0.77733	0.01534	0.01166	0.01043	0.01534	0.01779	0.00859	0.02331	0.01350	0.03558	0.01104	0.01288	0.00859	0.00736	0.00491	0.00245	0.00613	0.00429	0.00491	0.00859
65	0.03558	0.01350	0.01840	0.01411	0.02024	0.01166	0.01166	0.03865	0.02270	0.67734	0.03128	0.02699	0.01963	0.00981	0.00797	0.00245	0.00675	0.00797	0.00981	0.01350
66	0.07887	0.02415	0.02277	0.03886	0.02488	0.13669	0.01490	0.48132	0.03255	0.04294	0.01721	0.01789	0.01252	0.00910	0.00760	0.00234	0.00956	0.00660	0.00695	0.01229
67	0.03397	0.01314	0.01789	0.01384	0.01969	0.01138	0.01138	0.03708	0.02268	0.63477	0.07325	0.02912	0.02327	0.01024	0.00807	0.00246	0.00655	0.00839	0.00974	0.01310
68	0.02967	0.03644	0.02259	0.02024	0.02452	0.63179	0.01530	0.08491	0.02376	0.02206	0.01285	0.01471	0.01050	0.00829	0.00722	0.00207	0.01382	0.00528	0.00442	0.00957
69	0.01153	0.00769	0.00865	0.00865	0.00865	0.00769	0.00480	0.01153	0.01153	0.01538	0.02499	0.05189	0.02883	0.72131	0.04036	0.00769	0.00769	0.01153	0.00480	0.00480
70	0.02815	0.02141	0.02396	0.02017	0.06545	0.02388	0.01560	0.53448	0.07708	0.04581	0.01926	0.01971	0.01401	0.00966	0.00881	0.00245	0.04227	0.00725	0.00747	0.01313
71	0.01899	0.01771	0.02924	0.23286	0.45332	0.01887	0.02307	0.06413	0.01870	0.02589	0.01495	0.02002	0.01205	0.00747	0.00788	0.00244	0.00970	0.00707	0.00408	0.01155
72	0.02084	0.67944	0.08504	0.01418	0.02130	0.03049	0.01464	0.02384	0.01616	0.01910	0.01124	0.01299	0.01017	0.00684	0.00525	0.00175	0.00870	0.00435	0.00339	0.01028
73	0.11899	0.04750	0.02577	0.06538	0.02560	0.10531	0.12479	0.02225	0.01546	0.02288	0.01389	0.04632	0.01251	0.01065	0.01454	0.00282	0.27841	0.00734	0.03058	0.00901
74	0.01307	0.00792	0.01121	0.01110	0.01185	0.00866	0.00807	0.01314	0.01215	0.01780	0.01840	0.02821	0.01729	0.06284	0.26460	0.33910	0.03545	0.00771	0.10591	0.00551
75	0.02043	0.01739	0.01833	0.01628	0.02089	0.02006	0.01272	0.08322	0.61529	0.03432	0.03137	0.02887	0.02348	0.01067	0.00806	0.00267	0.00644	0.00884	0.00806	0.01262
76	0.01241	0.00837	0.01098	0.01018	0.01226	0.00769	0.00769	0.01612	0.02246	0.06323	0.63668	0.05766	0.07214	0.01590	0.00929	0.00249	0.00389	0.01403	0.00878	0.00777
77	0.00966	0.00690	0.00920	0.01104	0.01150	0.00644	0.00736	0.01104	0.01518	0.02024	0.04371	0.71614	0.05245	0.02484	0.01012	0.00322	0.00460	0.02254	0.00736	0.00644
78	0.01278	0.00913	0.01278	0.01460	0.01643	0.00913	0.01278	0.01643	0.01825	0.02373	0.04199	0.08945	0.04564	0.02191	0.01095	0.00365	0.00730	0.61847	0.00730	0.00730
79	0.03227	0.01335	0.01765	0.01376	0.01944	0.01186	0.01128	0.07056	0.02328	0.56382	0.07641	0.03124	0.05614	0.01076	0.00814	0.00246	0.00652	0.00881	0.00951	0.01274
80	0.03022	0.01588	0.01874	0.01464	0.02018	0.01594	0.01200	0.26808	0.02733	0.33497	0.02574	0.02435	0.01738	0.00961	0.00758	0.00233	0.00703	0.00756	0.12791	0.01253
81	0.01452	0.00742	0.00742	0.00742	0.00931	0.00736	0.00557	0.01814	0.01670	0.02917	0.02849	0.03182	0.05159	0.00976	0.00573	0.00189	0.00371	0.00784	0.72878	0.00736
82	0.01877	0.01617	0.01753	0.01658	0.03960	0.01841	0.01255	0.03852	0.56870	0.03179	0.03501	0.03503	0.06203	0.01175	0.00828	0.00273	0.00629	0.04045	0.00786	0.01195
83	0.03558	0.01350	0.01840	0.01411	0.02024	0.01166	0.01166	0.03865	0.02270	0.67734	0.03128	0.02699	0.01963	0.00981	0.00797	0.00245	0.00675	0.00797	0.00981	0.01350

[dist]
# distance from previous block
# <min> <max>
0	1

[block]
# block no. 2 follows, 24 sequences, length 121
# corresponding to MSA columns:
# 145-265
name=unknown_C
#
# <colnr> <probs for GDERKNQSTAVLIFYWHMCP>
#	G	D	E	R	K	N	Q	S	T	A	V	L	I	F	Y	W	H	M	C	P
0	0.03014	0.02221	0.02380	0.01825	0.02459	0.02459	0.01507	0.64541	0.03728	0.04998	0.01904	0.01904	0.01349	0.00952	0.00793	0.00238	0.00873	0.00714	0.00793	0.01349
1	0.03342	0.01368	0.01817	0.01413	0.01997	0.01225	0.01160	0.05989	0.04990	0.59293	0.06461	0.02852	0.02252	0.01018	0.00805	0.00246	0.00664	0.00832	0.00961	0.01314
2	0.02531	0.04906	0.02315	0.01966	0.08564	0.02121	0.01461	0.34676	0.14798	0.06314	0.02063	0.02079	0.01528	0.00896	0.00758	0.00226	0.00790	0.00708	0.00705	0.10593
3	0.01590	0.04102	0.68023	0.02260	0.03432	0.01842	0.02930	0.02511	0.01674	0.02511	0.01423	0.01674	0.01005	0.00753	0.00753	0.00251	0.01172	0.00586	0.00335	0.01172
4	0.02013	0.43110	0.27484	0.01692	0.02548	0.02542	0.01923	0.02515	0.01674	0.06100	0.01343	0.01506	0.01070	0.00724	0.00616	0.00204	0.00957	0.00506	0.00377	0.01094
5	0.01838	0.01889	0.05327	0.16880	0.40451	0.04559	0.06590	0.02330	0.01783	0.02430	0.01694	0.02549	0.01469	0.00850	0.00819	0.00253	0.01003	0.05764	0.00412	0.01110
6	0.00972	0.00807	0.00854	0.00869	0.01119	0.00690	0.00662	0.01191	0.01822	0.02209	0.10757	0.09793	0.57308	0.02017	0.00951	0.00275	0.00425	0.05858	0.00743	0.00677
7	0.02838	0.01375	0.01724	0.01375	0.01883	0.01312	0.01115	0.13428	0.05015	0.39191	0.14818	0.03195	0.02916	0.01097	0.00810	0.00243	0.00633	0.00904	0.04928	0.01201
8	0.01785	0.01700	0.02861	0.33555	0.25638	0.01913	0.07503	0.05511	0.01768	0.02408	0.01451	0.02024	0.01151	0.00809	0.00946	0.00260	0.06554	0.00725	0.00393	0.01047
9	0.01478	0.00739	0.00739	0.00739	0.00924	0.00739	0.00554	0.01848	0.01663	0.02956	0.02587	0.02956	0.02033	0.00924	0.00554	0.00185	0.00370	0.00739	0.76534	0.00739
10	0.01212	0.00830	0.01084	0.01032	0.01232	0.00764	0.00782	0.01564	0.02173	0.05655	0.56067	0.09467	0.09204	0.01680	0.00941	0.00259	0.00407	0.04026	0.00859	0.00763
11	0.01990	0.03544	0.54599	0.02088	0.03147	0.01704	0.02572	0.02786	0.01795	0.15740	0.01769	0.01882	0.01199	0.00800	0.00762	0.00250	0.01071	0.00629	0.00466	0.01208
12	0.00966	0.00690	0.00920	0.01104	0.01150	0.00644	0.00736	0.01104	0.01518	0.02024	0.04371	0.71614	0.05245	0.02484	0.01012	0.00322	0.00460	0.02254	0.00736	0.00644
13	0.00966	0.00690	0.00920	0.01104	0.01150	0.00644	0.00736	0.01104	0.01518	0.02024	0.04371	0.71614	0.05245	0.02484	0.01012	0.00322	0.00460	0.02254	0.00736	0.00644
14	0.00966	0.00690	0.00920	0.01104	0.01150	0.00644	0.00736	0.01104	0.01518	0.02024	0.04371	0.71614	0.05245	0.02484	0.01012	0.00322	0.00460	0.02254	0.00736	0.00644
15	0.02970	0.02266	0.02351	0.01825	0.02443	0.05234	0.01498	0.59523	0.06172	0.04801	0.01929	0.01927	0.01378	0.00951	0.00791	0.00238	0.00886	0.00713	0.00778	0.01327
16	0.01490	0.01366	0.02297	0.66026	0.05193	0.01697	0.02110	0.01966	0.01552	0.01987	0.01407	0.02132	0.01077	0.00912	0.00933	0.04917	0.01035	0.00704	0.00352	0.00848
17	0.02905	0.03550	0.02316	0.02198	0.06381	0.59998	0.01585	0.07627	0.02329	0.02205	0.01292	0.01497	0.01060	0.00820	0.00725	0.00209	0.01360	0.00538	0.00436	0.00971
18	0.03272	0.01316	0.01768	0.01382	0.01950	0.01162	0.01132	0.03666	0.04925	0.59214	0.08873	0.03001	0.02480	0.01043	0.00810	0.00247	0.00646	0.00859	0.00964	0.01291
19	0.02120	0.72609	0.04155	0.01357	0.02035	0.03138	0.01357	0.02374	0.01611	0.01866	0.01102	0.01272	0.01018	0.00678	0.00509	0.00170	0.00848	0.00424	0.00339	0.01018
20	0.01644	0.01409	0.01644	0.01175	0.01879	0.01057	0.00940	0.01997	0.01644	0.02584	0.01409	0.01644	0.01175	0.00587	0.00587	0.00117	0.00587	0.00470	0.00470	0.76979
21	0.02962	0.03779	0.02247	0.02043	0.02451	0.68948	0.01532	0.03166	0.02247	0.01941	0.01226	0.01430	0.01021	0.00817	0.00715	0.00204	0.01430	0.00511	0.00409	0.00919
22	0.01441	0.00950	0.01192	0.01179	0.01441	0.00897	0.00950	0.01873	0.05927	0.09776	0.21178	0.08911	0.19495	0.01808	0.00963	0.00292	0.00539	0.19568	0.00801	0.00818
23	0.01733	0.01026	0.01329	0.01158	0.01438	0.00995	0.00888	0.02019	0.01821	0.15607	0.22194	0.03932	0.03661	0.11126	0.09529	0.00428	0.04983	0.01004	0.06974	0.08154
24	0.02511	0.30734	0.05426	0.01732	0.02296	0.30435	0.01493	0.07699	0.06645	0.02270	0.01381	0.01523	0.01145	0.00789	0.00648	0.00200	0.01089	0.00523	0.00437	0.01025
25	0.01595	0.01509	0.02555	0.56475	0.18447	0.01788	0.02251	0.02112	0.01632	0.02145	0.01427	0.02082	0.01099	0.00775	0.00791	0.00258	0.01033	0.00705	0.00361	0.00960
26	0.02796	0.02082	0.02254	0.01768	0.02353	0.02316	0.01450	0.55083	0.08754	0.04637	0.02030	0.02077	0.01483	0.01311	0.05551	0.00313	0.00939	0.00739	0.00769	0.01296
27	0.06051	0.01832	0.03259	0.22840	0.03933	0.02023	0.27366	0.07403	0.01809	0.02549	0.01456	0.02002	0.01127	0.00844	0.01115	0.00275	0.11923	0.00783	0.00416	0.00993
28	0.01295	0.00943	0.01338	0.01562	0.04016	0.00940	0.01294	0.01665	0.01846	0.02421	0.07215	0.08539	0.04588	0.02108	0.01076	0.00355	0.00720	0.56604	0.00725	0.00750
29	0.02077	0.01755	0.01852	0.01635	0.02102	0.02021	0.01280	0.10265	0.59531	0.03486	0.03095	0.02853	0.02313	0.01063	0.00806	0.00266	0.00652	0.00878	0.00806	0.01265
30	0.01837	0.01074	0.01155	0.00990	0.01331	0.01052	0.00776	0.11019	0.01992	0.06804	0.02365	0.02619	0.01818	0.00887	0.00607	0.00187	0.00487	0.00704	0.51490	0.10806
31	0.00966	0.00690	0.00920	0.01104	0.01150	0.00644	0.00736	0.01104	0.01518	0.02024	0.04371	0.71614	0.05245	0.02484	0.01012	0.00322	0.00460	0.02254	0.00736	0.00644
32	0.04324	0.00934	0.01257	0.01420	0.01618	0.00939	0.01237	0.01653	0.01806	0.02412	0.04210	0.08592	0.06616	0.02126	0.01066	0.00357	0.00714	0.57265	0.00721	0.00733
33	0.01049	0.00730	0.00949	0.01089	0.01157	0.00695	0.00751	0.01217	0.01555	0.02110	0.07847	0.50961	0.04904	0.10491	0.01350	0.00368	0.00513	0.07734	0.03887	0.00644
34	0.03520	0.01410	0.01878	0.01440	0.02055	0.01256	0.01189	0.08097	0.02371	0.63358	0.03043	0.02644	0.01920	0.00979	0.00797	0.00245	0.00689	0.00792	0.00968	0.01349
35	0.03471	0.01489	0.01926	0.01477	0.02094	0.01372	0.01220	0.13546	0.02502	0.57724	0.02933	0.02572	0.01865	0.00977	0.00797	0.00244	0.00706	0.00784	0.00951	0.01349
36	0.01520	0.01432	0.02418	0.67134	0.08381	0.01768	0.02213	0.02045	0.01596	0.02053	0.01413	0.02107	0.01066	0.00789	0.00792	0.00263	0.01052	0.00705	0.00354	0.00899
37	0.02174	0.43251	0.15497	0.01599	0.02326	0.05355	0.01645	0.08700	0.01879	0.05582	0.01394	0.01570	0.01139	0.00976	0.03661	0.00246	0.00983	0.00524	0.00423	0.01078
38	0.62233	0.04448	0.01467	0.01213	0.01709	0.09731	0.00990	0.05728	0.01590	0.03383	0.01161	0.01337	0.00910	0.00755	0.00534	0.00237	0.00731	0.00454	0.00492	0.00898
39	0.01212	0.00970	0.01426	0.01383	0.01501	0.01183	0.01088	0.01475	0.01275	0.01857	0.02053	0.05442	0.01969	0.05171	0.57032	0.01107	0.11825	0.00879	0.00425	0.00728
40	0.02433	0.01733	0.01837	0.01492	0.01974	0.01909	0.01205	0.38187	0.12345	0.04182	0.02290	0.02353	0.01697	0.00962	0.00729	0.00228	0.00697	0.00748	0.21834	0.01165
41	0.01901	0.01960	0.03696	0.06059	0.32932	0.01958	0.28134	0.02531	0.04986	0.02559	0.01603	0.02081	0.01277	0.00740	0.00926	0.00256	0.04026	0.00811	0.00414	0.01150
42	0.01080	0.00798	0.01008	0.00979	0.01164	0.00726	0.00725	0.01405	0.02109	0.02913	0.51937	0.12591	0.16097	0.01763	0.00943	0.00259	0.00387	0.01550	0.00839	0.00726
43	0.00939	0.00798	0.00809	0.00818	0.01075	0.00668	0.00609	0.01136	0.01793	0.02136	0.07851	0.10818	0.63794	0.02032	0.00941	0.00270	0.00405	0.01703	0.00736	0.00668
44	0.02970	0.06363	0.02295	0.01971	0.02405	0.61588	0.01500	0.03184	0.02223	0.06527	0.01354	0.01512	0.01087	0.00823	0.00713	0.00206	0.01354	0.00527	0.00446	0.00953
45	0.00965	0.00694	0.00916	0.01094	0.01147	0.00645	0.00731	0.01105	0.01528	0.02028	0.04500	0.69354	0.07421	0.02468	0.01009	0.00320	0.00458	0.02234	0.00736	0.00645
46	0.00966	0.00690	0.00920	0.01104	0.01150	0.00644	0.00736	0.01104	0.01518	0.02024	0.04371	0.71614	0.05245	0.02484	0.01012	0.00322	0.00460	0.02254	0.00736	0.00644
47	0.01446	0.00908	0.01169	0.01091	0.01332	0.00839	0.00834	0.03572	0.02162	0.10694	0.43433	0.12824	0.10405	0.01673	0.00931	0.00263	0.00453	0.04300	0.00852	0.00820
48	0.03037	0.02185	0.02357	0.01807	0.02441	0.02405	0.01493	0.62001	0.03667	0.07624	0.01955	0.01937	0.01374	0.00953	0.00793	0.00238	0.00864	0.00717	0.00801	0.01349
49	0.01649	0.01571	0.02191	0.01906	0.01934	0.02158	0.01576	0.01847	0.01249	0.01964	0.01262	0.01971	0.01211	0.01893	0.10249	0.00446	0.58389	0.00715	0.04980	0.00841
50	0.75040	0.01529	0.01208	0.03487	0.01672	0.01778	0.00906	0.02320	0.01358	0.03504	0.01115	0.01317	0.00866	0.00738	0.00501	0.00246	0.00629	0.00439	0.00486	0.00860
51	0.03558	0.01350	0.01840	0.01411	0.02024	0.01166	0.01166	0.03865	0.02270	0.67734	0.03128	0.02699	0.01963	0.00981	0.00797	0.00245	0.00675	0.00797	0.00981	0.01350
52	0.01941	0.10834	0.40588	0.02529	0.13823	0.05332	0.02454	0.05865	0.01854	0.05469	0.01492	0.01725	0.01110	0.00761	0.00735	0.00236	0.01073	0.00601	0.00402	0.01174
53	0.00978	0.00769	0.00883	0.00931	0.01115	0.00675	0.00669	0.01188	0.01791	0.02281	0.16845	0.27389	0.37488	0.02092	0.00960	0.00282	0.00415	0.01815	0.00759	0.00675
54	0.02818	0.15555	0.02574	0.01926	0.02380	0.57688	0.01502	0.03031	0.02138	0.01928	0.01205	0.01403	0.01021	0.00793	0.00680	0.00198	0.01330	0.00496	0.00397	0.00936
55	0.02091	0.01202	0.01465	0.01281	0.01614	0.01195	0.00981	0.11060	0.06530	0.20153	0.09651	0.10678	0.05473	0.15110	0.04514	0.00407	0.00723	0.04143	0.00766	0.00962
56	0.01878	0.02121	0.04577	0.03449	0.08542	0.01997	0.59989	0.02533	0.01867	0.02544	0.01596	0.02127	0.01207	0.00671	0.00925	0.00265	0.01309	0.00920	0.00400	0.01083
57	0.02185	0.59718	0.08253	0.01500	0.02180	0.10939	0.01484	0.02479	0.01692	0.01918	0.01139	0.01318	0.01017	0.00700	0.00550	0.00179	0.00940	0.00445	0.00347	0.01016
58	0.04362	0.19724	0.12038	0.03422	0.04672	0.02104	0.01552	0.17908	0.02213	0.06269	0.06308	0.05770	0.01883	0.00978	0.00777	0.00230	0.03173	0.00751	0.04786	0.01081
59	0.02751	0.03049	0.02266	0.02144	0.07126	0.43534	0.01558	0.16585	0.02482	0.02678	0.01549	0.01933	0.01288	0.01133	0.03981	0.00271	0.01277	0.02868	0.00505	0.01022
60	0.77733	0.01534	0.01166	0.01043	0.01534	0.01779	0.00859	0.02331	0.01350	0.03558	0.01104	0.01288	0.00859	0.00736	0.00491	0.00245	0.00613	0.00429	0.00491	0.00859
61	0.01306	0.01127	0.01592	0.01489	0.01650	0.03944	0.03919	0.01585	0.01342	0.01891	0.02019	0.05443	0.01919	0.04820	0.52555	0.01038	0.10313	0.00874	0.00425	0.00750
62	0.01972	0.01703	0.01793	0.01614	0.02062	0.01972	0.01255	0.04214	0.65752	0.03317	0.03228	0.02959	0.02421	0.01076	0.00807	0.00269	0.00628	0.00897	0.00807	0.01255
63	0.03558	0.01350	0.01840	0.01411	0.02024	0.01166	0.01166	0.03865	0.02270	0.67734	0.03128	0.02699	0.01963	0.00981	0.00797	0.00245	0.00675	0.00797	0.00981	0.01350
64	0.00966	0.00690	0.00920	0.01104	0.01150	0.00644	0.00736	0.01104	0.01518	0.02024	0.04371	0.71614	0.05245	0.02484	0.01012	0.00322	0.00460	0.02254	0.00736	0.00644
65	0.02571	0.01585	0.01820	0.01493	0.01993	0.01644	0.01220	0.26255	0.09707	0.20221	0.05484	0.03488	0.07570	0.01187	0.00825	0.00254	0.00699	0.05959	0.04851	0.01176
66	0.01169	0.00923	0.01039	0.01019	0.01247	0.00886	0.00751	0.04086	0.07276	0.02449	0.15351	0.15836	0.32556	0.06733	0.04743	0.00358	0.00560	0.01539	0.00733	0.00745
67	0.06063	0.01356	0.01817	0.01398	0.02008	0.01186	0.01155	0.03813	0.02239	0.65566	0.03060	0.02651	0.01926	0.00973	0.00787	0.00245	0.00673	0.00785	0.00965	0.01333
68	0.01428	0.00878	0.01158	0.01049	0.01290	0.00801	0.00801	0.01793	0.02248	0.11272	0.58789	0.05519	0.06790	0.01541	0.00918	0.00249	0.00412	0.01354	0.00887	0.00824
69	0.01853	0.02077	0.04408	0.06183	0.06737	0.02011	0.55962	0.02482	0.01824	0.02489	0.01563	0.02110	0.01191	0.00711	0.01006	0.00270	0.04762	0.00904	0.00396	0.01059
70	0.01234	0.00961	0.01396	0.01350	0.01475	0.01168	0.01064	0.01508	0.01290	0.01918	0.02007	0.02921	0.01860	0.05033	0.55963	0.01084	0.11180	0.00822	0.05033	0.00731
71	0.77733	0.01534	0.01166	0.01043	0.01534	0.01779	0.00859	0.02331	0.01350	0.03558	0.01104	0.01288	0.00859	0.00736	0.00491	0.00245	0.00613	0.00429	0.00491	0.00859
72	0.01622	0.01600	0.02804	0.46083	0.09722	0.01894	0.11668	0.02122	0.01599	0.02134	0.01399	0.02057	0.01093	0.00843	0.01046	0.00273	0.10001	0.00739	0.00362	0.00938
73	0.01628	0.03654	0.55954	0.02336	0.05657	0.01822	0.05647	0.02578	0.05583	0.02559	0.01655	0.02076	0.01251	0.00825	0.00780	0.00257	0.01121	0.03076	0.00385	0.01158
74	0.13148	0.03160	0.37840	0.02116	0.06050	0.08357	0.04491	0.02639	0.04602	0.05373	0.04004	0.01886	0.01354	0.00808	0.00730	0.00246	0.01034	0.00629	0.00439	0.01096
75	0.03482	0.01406	0.01867	0.01439	0.02048	0.01258	0.01186	0.07091	0.04213	0.62514	0.03066	0.02665	0.01944	0.00983	0.00798	0.00246	0.00684	0.00796	0.00966	0.01347
76	0.01292	0.00848	0.01114	0.01026	0.01243	0.00777	0.00777	0.01662	0.02246	0.07683	0.62327	0.05699	0.07097	0.01577	0.00926	0.00249	0.00395	0.01390	0.00880	0.00790
77	0.00996	0.00730	0.01001	0.04947	0.01390	0.00706	0.00818	0.01155	0.01522	0.02024	0.04206	0.67750	0.05012	0.02390	0.01000	0.00319	0.00493	0.02168	0.00715	0.00657
78	0.01963	0.01884	0.03219	0.04867	0.67185	0.01884	0.02434	0.02434	0.01806	0.02591	0.01492	0.01963	0.01256	0.00707	0.00785	0.00236	0.00942	0.00707	0.00393	0.01256
79	0.00966	0.00690	0.00920	0.01104	0.01150	0.00644	0.00736	0.01104	0.01518	0.02024	0.04371	0.71614	0.05245	0.02484	0.01012	0.00322	0.00460	0.02254	0.00736	0.00644
80	0.00966	0.00690	0.00920	0.01104	0.01150	0.00644	0.00736	0.01104	0.01518	0.02024	0.04371	0.71614	0.05245	0.02484	0.01012	0.00322	0.00460	0.02254	0.00736	0.00644
81	0.01852	0.02276	0.09098	0.03267	0.04095	0.01994	0.60024	0.02538	0.01858	0.02538	0.01592	0.02107	0.01189	0.00674	0.00923	0.00266	0.01325	0.00911	0.00396	0.01077
82	0.00966	0.00690	0.00920	0.01104	0.01150	0.00644	0.00736	0.01104	0.01518	0.02024	0.04371	0.71614	0.05245	0.02484	0.01012	0.00322	0.00460	0.02254	0.00736	0.00644
83	0.77733	0.01534	0.01166	0.01043	0.01534	0.01779	0.00859	0.02331	0.01350	0.03558	0.01104	0.01288	0.00859	0.00736	0.00491	0.00245	0.00613	0.00429	0.00491	0.00859
84	0.03558	0.01350	0.01840	0.01411	0.02024	0.01166	0.01166	0.03865	0.02270	0.67734	0.03128	0.02699	0.01963	0.00981	0.00797	0.00245	0.00675	0.00797	0.00981	0.01350
85	0.02166	0.62604	0.03892	0.01458	0.02073	0.08548	0.01394	0.02412	0.01640	0.01874	0.01109	0.01313	0.01019	0.00733	0.00653	0.00183	0.05134	0.00448	0.00345	0.01000
86	0.01944	0.01818	0.02948	0.04294	0.56585	0.01832	0.02210	0.05512	0.04617	0.02710	0.02042	0.02397	0.05887	0.00825	0.00797	0.00239	0.00888	0.00782	0.00454	0.01220
87	0.02263	0.01973	0.01950	0.01748	0.04187	0.09576	0.01318	0.19841	0.31928	0.03381	0.02485	0.02661	0.01957	0.07071	0.03786	0.00334	0.00866	0.00817	0.00702	0.01156
88	0.00955	0.00784	0.00842	0.00869	0.01093	0.00671	0.00636	0.01157	0.01787	0.02194	0.11491	0.18677	0.51969	0.02064	0.00950	0.00276	0.00410	0.01758	0.00746	0.00671
89	0.01887	0.01690	0.02801	0.26440	0.40179	0.01812	0.02237	0.02453	0.04779	0.05680	0.01628	0.02097	0.01280	0.00767	0.00789	0.00247	0.00952	0.00719	0.00428	0.01135
90	0.02057	0.01813	0.01837	0.01641	0.02095	0.04836	0.01277	0.06662	0.60493	0.03328	0.03088	0.02850	0.02317	0.01060	0.00802	0.00265	0.00672	0.00873	0.00789	0.01245
91	0.01987	0.01981	0.03033	0.12828	0.54110	0.07399	0.02330	0.02443	0.01814	0.02466	0.01459	0.01938	0.01212	0.00726	0.00780	0.00237	0.00997	0.00690	0.00389	0.01181
92	0.02644	0.03944	0.10166	0.01587	0.02176	0.04328	0.01423	0.08120	0.11974	0.31639	0.02764	0.06359	0.02072	0.01257	0.03297	0.00291	0.00826	0.03159	0.00773	0.01200
93	0.70052	0.01718	0.03233	0.01144	0.01657	0.04303	0.00968	0.04565	0.01477	0.03517	0.01146	0.01327	0.00886	0.00747	0.00518	0.00244	0.00670	0.00447	0.00494	0.00888
94	0.01915	0.01872	0.03025	0.07905	0.49938	0.04597	0.05988	0.02451	0.04456	0.02507	0.01600	0.02082	0.01332	0.01095	0.05550	0.00312	0.01062	0.00730	0.00411	0.01172
95	0.02531	0.01944	0.02098	0.01726	0.02262	0.02173	0.01406	0.39687	0.23778	0.04233	0.02525	0.02830	0.01964	0.01095	0.00823	0.00259	0.00781	0.05828	0.00792	0.01267
96	0.02528	0.01337	0.01695	0.01285	0.01905	0.01084	0.01036	0.02846	0.01939	0.34052	0.02420	0.06401	0.01803	0.00893	0.00715	0.00192	0.00622	0.00737	0.00733	0.35778
97	0.03172	0.01292	0.01731	0.01386	0.01925	0.01148	0.01120	0.03562	0.05548	0.56678	0.03278	0.10727	0.02369	0.01161	0.00823	0.00256	0.00647	0.00972	0.00944	0.01262
98	0.02119	0.64059	0.06446	0.01514	0.02207	0.05458	0.04556	0.02417	0.01650	0.01926	0.01144	0.01336	0.01027	0.00686	0.00547	0.00179	0.00906	0.00459	0.00345	0.01022
99	0.01005	0.00728	0.00955	0.01102	0.01189	0.00678	0.00773	0.01189	0.01634	0.02172	0.10602	0.55663	0.09702	0.02344	0.01006	0.00315	0.00470	0.07062	0.00749	0.00663
100	0.03558	0.01350	0.01840	0.01411	0.02024	0.01166	0.01166	0.03865	0.02270	0.67734	0.03128	0.02699	0.01963	0.00981	0.00797	0.00245	0.00675	0.00797	0.00981	0.01350
101	0.04170	0.01809	0.11114	0.06867	0.33239	0.01514	0.01922	0.02080	0.01796	0.02590	0.11800	0.09929	0.05639	0.01099	0.00824	0.00252	0.00808	0.00994	0.00509	0.01044
102	0.01382	0.01259	0.04000	0.01454	0.01786	0.01185	0.06937	0.02150	0.15991	0.02633	0.14702	0.11241	0.14778	0.04576	0.01066	0.00308	0.00643	0.12323	0.00717	0.00869
103	0.01254	0.00940	0.01194	0.01169	0.01234	0.01041	0.00819	0.03680	0.01382	0.01886	0.02868	0.19049	0.05955	0.30015	0.11345	0.03839	0.09879	0.01286	0.00531	0.00633
104	0.01990	0.02072	0.05444	0.14933	0.43242	0.07379	0.06060	0.04800	0.01878	0.02532	0.01477	0.01941	0.01196	0.00738	0.00789	0.00240	0.01030	0.00700	0.00401	0.01157
105	0.01777	0.01833	0.02449	0.09356	0.02545	0.08108	0.05502	0.02030	0.01390	0.01957	0.01220	0.01887	0.01129	0.01607	0.07629	0.00397	0.47242	0.00706	0.00363	0.00873
106	0.02188	0.01593	0.01869	0.06004	0.02252	0.01687	0.01273	0.10112	0.27597	0.13022	0.02561	0.05287	0.01968	0.01011	0.00851	0.00239	0.03802	0.00817	0.00717	0.15151
107	0.01824	0.02483	0.16186	0.03080	0.03936	0.01974	0.50706	0.02597	0.04212	0.02564	0.01631	0.02084	0.01212	0.00699	0.00898	0.00264	0.01280	0.00870	0.00404	0.01095
108	0.00955	0.00804	0.00831	0.00847	0.01101	0.00680	0.00640	0.01160	0.01796	0.02148	0.07698	0.10383	0.61327	0.02037	0.00948	0.00275	0.00420	0.04544	0.00736	0.00671
109	0.13576	0.01596	0.01810	0.01443	0.01981	0.01649	0.01176	0.22720	0.04363	0.28855	0.02366	0.02373	0.01662	0.03765	0.03728	0.00304	0.00780	0.00734	0.03927	0.01193
110	0.01671	0.01581	0.02666	0.49546	0.15854	0.01851	0.05966	0.04624	0.01713	0.02270	0.01442	0.02067	0.01112	0.00799	0.00867	0.00261	0.03637	0.00719	0.00380	0.00976
111	0.00995	0.03668	0.00946	0.00845	0.01106	0.00771	0.00635	0.01186	0.01757	0.02100	0.07329	0.10836	0.58218	0.04815	0.01049	0.00287	0.00438	0.01635	0.00710	0.00674
112	0.00965	0.00696	0.00914	0.01087	0.01146	0.00646	0.00729	0.01106	0.01534	0.02031	0.04574	0.68056	0.08671	0.02458	0.01008	0.00319	0.00457	0.02222	0.00736	0.00646
113	0.02842	0.07600	0.02157	0.01576	0.02123	0.06862	0.04047	0.08722	0.08320	0.34945	0.06564	0.02952	0.02245	0.01042	0.00798	0.00245	0.00776	0.04185	0.00803	0.01195
114	0.02904	0.02081	0.02241	0.01738	0.02339	0.02290	0.01429	0.55936	0.06323	0.07318	0.02050	0.02041	0.01459	0.00957	0.00781	0.00237	0.00826	0.00727	0.05013	0.01311
115	0.02461	0.01903	0.02189	0.01698	0.02289	0.02013	0.03370	0.34028	0.11732	0.06066	0.01958	0.02018	0.01458	0.00905	0.00863	0.00223	0.05018	0.00693	0.00689	0.18428
116	0.09774	0.02095	0.07577	0.12573	0.02804	0.04758	0.01623	0.30408	0.02541	0.03578	0.01719	0.05286	0.01377	0.00973	0.00884	0.00249	0.05759	0.00729	0.00591	0.04703
117	0.02089	0.18897	0.02648	0.01881	0.04503	0.22372	0.03733	0.02324	0.01746	0.02023	0.04279	0.10433	0.01833	0.01143	0.01144	0.00248	0.16549	0.00809	0.00438	0.00907
118	0.01822	0.05361	0.01791	0.01400	0.01789	0.04222	0.04377	0.14228	0.02205	0.07408	0.10692	0.13706	0.18499	0.01469	0.00931	0.00255	0.03599	0.01227	0.00698	0.04321
119	0.05344	0.09175	0.02041	0.01472	0.01973	0.05360	0.01196	0.19899	0.10254	0.09490	0.02373	0.06596	0.04428	0.01320	0.03710	0.03898	0.00807	0.00805	0.00656	0.09203
120	0.16155	0.04124	0.01732	0.01564	0.06079	0.04327	0.01155	0.05163	0.12934	0.12045	0.07492	0.08740	0.02457	0.01113	0.00749	0.00244	0.00670	0.03742	0.00672	0.08843

[dist]
# distance from previous block
# <min> <max>
0	12

[block]
# block no. 3 follows, 24 sequences, length 7
# corresponding to MSA columns:
# 278-284
name=unknown_D
#
# <colnr> <probs for GDERKNQSTAVLIFYWHMCP>
#	G	D	E	R	K	N	Q	S	T	A	V	L	I	F	Y	W	H	M	C	P
0	0.02049	0.01448	0.01659	0.01352	0.01782	0.01473	0.01053	0.21973	0.04926	0.07326	0.02115	0.02782	0.01807	0.14884	0.10976	0.00459	0.00927	0.00781	0.04167	0.16061
1	0.01831	0.01899	0.06507	0.05605	0.31727	0.01768	0.12507	0.02594	0.11176	0.02636	0.01899	0.05666	0.01595	0.00839	0.00805	0.00241	0.00920	0.00823	0.00475	0.08486
2	0.01094	0.00762	0.00864	0.00891	0.00937	0.00736	0.00536	0.01144	0.01303	0.01698	0.03586	0.15266	0.12638	0.51630	0.03138	0.00630	0.00670	0.01391	0.00556	0.00532
3	0.01089	0.00750	0.00911	0.00961	0.01003	0.00726	0.00601	0.01188	0.01430	0.01934	0.12548	0.26503	0.04313	0.39528	0.02615	0.00550	0.00612	0.01546	0.00620	0.00572
4	0.02235	0.02153	0.02786	0.06128	0.32947	0.11681	0.05385	0.13502	0.06346	0.02929	0.01776	0.02306	0.01469	0.00865	0.00802	0.00243	0.00996	0.03772	0.00508	0.01171
5	0.07725	0.01925	0.08609	0.09435	0.02791	0.01862	0.08642	0.07597	0.23909	0.12556	0.02307	0.02358	0.01676	0.00934	0.00869	0.00263	0.03958	0.00779	0.00646	0.01159
6	0.02720	0.08352	0.08778	0.02168	0.05966	0.54459	0.01703	0.03011	0.02125	0.02025	0.01251	0.01471	0.01032	0.00796	0.00709	0.00208	0.01340	0.00523	0.00396	0.00968

[dist]
# distance from previous block
# <min> <max>
0	6

[block]
# block no. 4 follows, 24 sequences, length 27
# corresponding to MSA columns:
# 291-317
name=unknown_E
#
# <colnr> <probs for GDERKNQSTAVLIFYWHMCP>
#	G	D	E	R	K	N	Q	S	T	A	V	L	I	F	Y	W	H	M	C	P
0	0.02509	0.01797	0.01950	0.01526	0.02065	0.01897	0.01232	0.42328	0.02993	0.06744	0.02444	0.02640	0.06357	0.06168	0.01004	0.00263	0.00761	0.00797	0.05619	0.08905
1	0.01864	0.01619	0.02722	0.05594	0.41266	0.01588	0.06819	0.02305	0.01887	0.07330	0.09391	0.03122	0.07312	0.00973	0.00836	0.00247	0.00845	0.02635	0.00525	0.01119
2	0.01596	0.09219	0.57876	0.02092	0.03150	0.01859	0.02639	0.02423	0.01713	0.02512	0.06414	0.01969	0.01503	0.00814	0.00748	0.00245	0.01085	0.00638	0.00376	0.01127
3	0.02764	0.02008	0.02184	0.04712	0.02408	0.02223	0.01424	0.54284	0.03387	0.04622	0.01964	0.02039	0.01418	0.00942	0.00765	0.00233	0.00821	0.00717	0.09833	0.01255
4	0.02276	0.01556	0.04627	0.01433	0.01897	0.01482	0.01195	0.24480	0.02716	0.16077	0.25340	0.07081	0.03836	0.01266	0.00854	0.00248	0.00649	0.01060	0.00834	0.01091
5	0.02259	0.01649	0.01934	0.01774	0.07141	0.01742	0.01301	0.18355	0.23891	0.10987	0.12197	0.02941	0.02684	0.01052	0.00804	0.00242	0.00677	0.00875	0.00776	0.06719
6	0.01873	0.01792	0.03056	0.17511	0.55244	0.01860	0.02389	0.02355	0.01763	0.02481	0.01476	0.01992	0.01218	0.00723	0.00787	0.00241	0.00964	0.00706	0.00385	0.01184
7	0.00966	0.00690	0.00920	0.01104	0.01150	0.00644	0.00736	0.01104	0.01518	0.02024	0.04371	0.71614	0.05245	0.02484	0.01012	0.00322	0.00460	0.02254	0.00736	0.00644
8	0.10031	0.37877	0.02878	0.01334	0.01882	0.05466	0.01199	0.12843	0.01963	0.02712	0.01495	0.01756	0.01261	0.03319	0.00697	0.00214	0.00787	0.00546	0.10745	0.00996
9	0.07342	0.46595	0.23476	0.01611	0.02427	0.02645	0.01802	0.02413	0.01612	0.02184	0.01201	0.01396	0.01002	0.00705	0.00582	0.00200	0.00930	0.00474	0.00349	0.01054
10	0.00965	0.00750	0.00879	0.00962	0.01118	0.00663	0.00678	0.01149	0.01703	0.02165	0.10788	0.38140	0.32797	0.02207	0.00973	0.00292	0.00428	0.01933	0.00747	0.00663
11	0.01696	0.13786	0.50851	0.02206	0.03226	0.02069	0.07484	0.02467	0.01660	0.02393	0.01374	0.01655	0.01024	0.00764	0.00814	0.00245	0.04222	0.00595	0.00341	0.01128
12	0.00989	0.00708	0.00940	0.01089	0.01155	0.00659	0.00738	0.01161	0.01624	0.02192	0.13428	0.62079	0.05570	0.02359	0.01001	0.00312	0.00448	0.02135	0.00756	0.00659
13	0.00993	0.00702	0.00912	0.01069	0.01109	0.00662	0.00699	0.01111	0.01465	0.01954	0.04099	0.61972	0.04902	0.12594	0.01451	0.00387	0.00505	0.02094	0.00699	0.00620
