[name]
unknown

[dist]
# distance from previous block
# <min> <max>
30	69

[block]
# block no. 0 follows, 24 sequences, length 6
# corresponding to MSA columns:
# 92-97
name=unknown_A
#
# <colnr> <probs for GDERKNQSTAVLIFYWHMCP>
#	G	D	E	R	K	N	Q	S	T	A	V	L	I	F	Y	W	H	M	C	P
0	0.04382	0.01605	0.08367	0.41772	0.06464	0.01605	0.01911	0.05091	0.01779	0.02445	0.09845	0.07310	0.02164	0.01013	0.00810	0.00262	0.00911	0.00882	0.00471	0.00912
1	0.02160	0.01724	0.02344	0.07280	0.02583	0.03748	0.12312	0.24270	0.04215	0.06535	0.02257	0.07646	0.01997	0.10749	0.03421	0.00361	0.00958	0.03778	0.00628	0.01033
2	0.01414	0.01176	0.01171	0.01132	0.01312	0.09316	0.00810	0.01656	0.01926	0.04890	0.32609	0.16327	0.07849	0.13199	0.01423	0.00342	0.00598	0.01398	0.00725	0.00727
3	0.02650	0.01988	0.02446	0.01883	0.02474	0.02141	0.09270	0.42422	0.09144	0.07393	0.02110	0.02249	0.01555	0.03557	0.00920	0.00262	0.00868	0.00781	0.04645	0.01241
4	0.03569	0.01719	0.16362	0.05570	0.02186	0.01199	0.04546	0.04179	0.01836	0.07049	0.13459	0.25428	0.06595	0.01535	0.00884	0.00275	0.00716	0.01355	0.00641	0.00896
5	0.02646	0.06291	0.02815	0.02244	0.08796	0.02314	0.09448	0.43868	0.03077	0.04147	0.01754	0.01888	0.01293	0.00858	0.00783	0.00231	0.00921	0.00711	0.00662	0.05252

[dist]
# distance from previous block
# <min> <max>
0	36

[block]
# block no. 1 follows, 24 sequences, length 12
# corresponding to MSA columns:
# 134-145
name=unknown_B
#
# <colnr> <probs for GDERKNQSTAVLIFYWHMCP>
#	G	D	E	R	K	N	Q	S	T	A	V	L	I	F	Y	W	H	M	C	P
0	0.07120	0.11399	0.10127	0.01593	0.02240	0.05639	0.05246	0.11480	0.02108	0.11864	0.05747	0.02466	0.06575	0.00919	0.00724	0.00217	0.00816	0.00731	0.00590	0.12399
1	0.04610	0.16588	0.10796	0.04415	0.02293	0.01982	0.01473	0.09873	0.09606	0.02791	0.05459	0.03899	0.01741	0.00907	0.00811	0.00217	0.05318	0.00683	0.00523	0.16015
2	0.06225	0.08324	0.17244	0.01859	0.02581	0.05124	0.11295	0.06383	0.04225	0.02658	0.01755	0.08000	0.01524	0.00877	0.00733	0.00219	0.00910	0.00756	0.00473	0.18835
3	0.04832	0.19223	0.16184	0.04239	0.05776	0.01997	0.04194	0.04938	0.08380	0.07473	0.03821	0.01964	0.01492	0.00793	0.00688	0.00214	0.00851	0.00630	0.00499	0.11813
4	0.12765	0.07219	0.21681	0.13235	0.06867	0.01762	0.01869	0.02264	0.04135	0.02470	0.01411	0.01792	0.01115	0.00931	0.00945	0.06541	0.03195	0.00591	0.00399	0.08812
5	0.01754	0.16711	0.33248	0.09487	0.08054	0.02140	0.06152	0.02466	0.04330	0.02340	0.01429	0.01749	0.01105	0.00784	0.00833	0.00243	0.05095	0.00617	0.00366	0.01097
6	0.12070	0.19518	0.06909	0.07160	0.02527	0.12984	0.05334	0.07240	0.05945	0.07575	0.04487	0.01915	0.01485	0.00832	0.00685	0.00225	0.00934	0.00628	0.00510	0.01036
7	0.01153	0.00769	0.00865	0.00865	0.00865	0.00769	0.00480	0.01153	0.01153	0.01538	0.02499	0.05189	0.02883	0.72131	0.04036	0.00769	0.00769	0.01153	0.00480	0.00480
8	0.77733	0.01534	0.01166	0.01043	0.01534	0.01779	0.00859	0.02331	0.01350	0.03558	0.01104	0.01288	0.00859	0.00736	0.00491	0.00245	0.00613	0.00429	0.00491	0.00859
9	0.08672	0.13327	0.07504	0.01706	0.02363	0.02429	0.01521	0.40676	0.07582	0.04079	0.01774	0.01815	0.01310	0.00886	0.00722	0.00231	0.00853	0.00649	0.00664	0.01237
10	0.01067	0.00793	0.01122	0.05634	0.01492	0.00835	0.00892	0.01265	0.01419	0.01931	0.03335	0.40677	0.03774	0.08672	0.22506	0.00650	0.01043	0.01631	0.00595	0.00667
11	0.02973	0.01971	0.02167	0.01675	0.02271	0.02126	0.01379	0.50371	0.03343	0.14295	0.02143	0.02108	0.01496	0.00954	0.00775	0.00235	0.00802	0.00729	0.06885	0.01300

[dist]
# distance from previous block
# <min> <max>
0	4

[block]
# block no. 2 follows, 24 sequences, length 16
# corresponding to MSA columns:
# 150-165
name=unknown_C
#
# <colnr> <probs for GDERKNQSTAVLIFYWHMCP>
#	G	D	E	R	K	N	Q	S	T	A	V	L	I	F	Y	W	H	M	C	P
0	0.06437	0.02253	0.02243	0.01776	0.02367	0.08182	0.01446	0.49032	0.08921	0.06451	0.01962	0.01951	0.01411	0.00942	0.00774	0.00238	0.00882	0.00701	0.00752	0.01280
1	0.01529	0.01442	0.02436	0.65744	0.09694	0.01770	0.02218	0.02054	0.01601	0.02065	0.01415	0.02104	0.01071	0.00787	0.00792	0.00262	0.01049	0.00705	0.00355	0.00907
2	0.01634	0.01458	0.02195	0.38945	0.11084	0.01701	0.01880	0.04344	0.13034	0.02441	0.02158	0.06537	0.01860	0.01051	0.00833	0.00273	0.00902	0.06190	0.00505	0.00978
3	0.02211	0.01601	0.01851	0.07516	0.02229	0.01740	0.01263	0.30810	0.08364	0.06495	0.09477	0.05254	0.06788	0.04351	0.01123	0.05459	0.00742	0.00942	0.00723	0.01060
4	0.01150	0.00781	0.00926	0.00926	0.00947	0.00802	0.00557	0.01192	0.01171	0.01583	0.02443	0.04880	0.02748	0.62250	0.13734	0.00844	0.00971	0.01108	0.00472	0.00514
5	0.01712	0.01705	0.02522	0.52165	0.16600	0.07683	0.02186	0.02201	0.01684	0.02123	0.01408	0.02026	0.01091	0.00779	0.00785	0.00254	0.01069	0.00688	0.00365	0.00954
6	0.01929	0.01850	0.03159	0.09544	0.62768	0.01875	0.02417	0.02404	0.01790	0.02550	0.01486	0.01973	0.01242	0.00713	0.00786	0.00238	0.00950	0.00706	0.00390	0.01229
7	0.02696	0.01857	0.02063	0.01665	0.02214	0.02015	0.01360	0.37414	0.15968	0.13220	0.05509	0.02799	0.02114	0.01080	0.00820	0.00253	0.00764	0.04099	0.00823	0.01268
8	0.02755	0.02091	0.02201	0.03793	0.02401	0.04437	0.01436	0.50280	0.09524	0.04498	0.02045	0.02073	0.01483	0.00953	0.00775	0.00237	0.00836	0.00727	0.06188	0.01268
9	0.02003	0.01434	0.01706	0.01239	0.01927	0.01134	0.00999	0.04944	0.01831	0.12910	0.01700	0.01821	0.01306	0.00665	0.00629	0.00143	0.00613	0.00532	0.00564	0.61901
10	0.09072	0.13532	0.32550	0.01934	0.02763	0.01965	0.07514	0.06171	0.01748	0.04584	0.01523	0.01830	0.01174	0.01357	0.08656	0.00358	0.01161	0.00622	0.00414	0.01072
11	0.01338	0.01188	0.01883	0.01647	0.01913	0.01228	0.12801	0.01796	0.06717	0.02315	0.08717	0.22572	0.09472	0.04301	0.07179	0.00400	0.07005	0.06098	0.00620	0.00810
12	0.01593	0.01855	0.08923	0.19509	0.03775	0.01702	0.29036	0.02151	0.01755	0.02389	0.07510	0.09240	0.02091	0.00998	0.00957	0.00272	0.03824	0.01011	0.00455	0.00953
13	0.01981	0.54565	0.20977	0.01595	0.02403	0.02796	0.01771	0.02411	0.01628	0.02036	0.01187	0.01378	0.01014	0.00698	0.00573	0.00191	0.00933	0.00467	0.00338	0.01058
14	0.01217	0.01060	0.06955	0.01267	0.01465	0.00823	0.01020	0.01463	0.01597	0.06099	0.03920	0.52145	0.04462	0.02361	0.03932	0.00357	0.00635	0.07776	0.00702	0.00745
15	0.05989	0.01899	0.08514	0.16277	0.14623	0.01767	0.13679	0.09711	0.02012	0.07289	0.05738	0.05345	0.01779	0.00905	0.00818	0.00255	0.00960	0.00844	0.00519	0.01076

[dist]
# distance from previous block
# <min> <max>
5	18

[block]
# block no. 3 follows, 24 sequences, length 227
# corresponding to MSA columns:
# 184-410
name=unknown_D
#
# <colnr> <probs for GDERKNQSTAVLIFYWHMCP>
#	G	D	E	R	K	N	Q	S	T	A	V	L	I	F	Y	W	H	M	C	P
0	0.01734	0.01821	0.16283	0.07555	0.02372	0.01269	0.03566	0.04798	0.01904	0.11961	0.11561	0.08242	0.10742	0.04164	0.00958	0.00267	0.00755	0.01024	0.00622	0.08402
1	0.04361	0.08386	0.28913	0.08217	0.07355	0.01731	0.04361	0.02352	0.01751	0.07965	0.08584	0.06142	0.02032	0.00974	0.00841	0.00252	0.03444	0.00803	0.00483	0.01054
2	0.05446	0.05644	0.17635	0.06117	0.31211	0.04498	0.04420	0.02410	0.01751	0.05054	0.01723	0.07399	0.01495	0.00876	0.00773	0.00245	0.00964	0.00780	0.00431	0.01126
3	0.04034	0.03697	0.01428	0.01185	0.01491	0.01198	0.00880	0.02055	0.11057	0.05390	0.05537	0.09806	0.02703	0.23278	0.01845	0.00397	0.03173	0.03252	0.00592	0.17001
4	0.01630	0.01475	0.02355	0.29584	0.18213	0.01663	0.03995	0.05618	0.01779	0.02418	0.07268	0.08759	0.02111	0.03613	0.01072	0.00284	0.05808	0.00931	0.00472	0.00953
5	0.01998	0.01624	0.02187	0.34351	0.03717	0.01847	0.01716	0.21550	0.05234	0.03017	0.01647	0.02067	0.01246	0.00980	0.00943	0.05829	0.00910	0.00694	0.00521	0.07922
6	0.01566	0.01465	0.02397	0.58976	0.10428	0.01760	0.02133	0.02170	0.04827	0.02157	0.01508	0.02128	0.01146	0.00793	0.00786	0.00257	0.01010	0.00707	0.00382	0.03403
7	0.01903	0.01542	0.01920	0.05028	0.04949	0.01451	0.03530	0.02857	0.21349	0.07678	0.02107	0.02182	0.01614	0.00785	0.00702	0.00191	0.00672	0.00664	0.00600	0.38276
8	0.45294	0.01362	0.01386	0.07483	0.04304	0.01509	0.01058	0.02243	0.01609	0.08616	0.10376	0.05695	0.02205	0.01011	0.00660	0.00255	0.00636	0.02823	0.00587	0.00887
9	0.01698	0.01501	0.02498	0.58053	0.07585	0.01788	0.05077	0.05283	0.01745	0.05028	0.01520	0.02124	0.01125	0.00799	0.00800	0.00261	0.01040	0.00720	0.00405	0.00948
10	0.01479	0.01381	0.02298	0.61951	0.07704	0.01683	0.02090	0.01986	0.01629	0.02098	0.04120	0.02485	0.04114	0.00872	0.00804	0.00263	0.00999	0.00773	0.00390	0.00883
11	0.02962	0.03779	0.02247	0.02043	0.02451	0.68948	0.01532	0.03166	0.02247	0.01941	0.01226	0.01430	0.01021	0.00817	0.00715	0.00204	0.01430	0.00511	0.00409	0.00919
12	0.01972	0.01703	0.01793	0.01614	0.02062	0.01972	0.01255	0.04214	0.65752	0.03317	0.03228	0.02959	0.02421	0.01076	0.00807	0.00269	0.00628	0.00897	0.00807	0.01255
13	0.02027	0.01504	0.01951	0.01459	0.02119	0.01289	0.06303	0.02677	0.11236	0.13407	0.01977	0.02053	0.01491	0.00731	0.00683	0.00173	0.00670	0.00626	0.00598	0.47026
14	0.01133	0.00850	0.01274	0.01274	0.01416	0.00991	0.00991	0.01416	0.01274	0.01841	0.02124	0.03115	0.01982	0.05947	0.68989	0.01274	0.02124	0.00850	0.00425	0.00708
15	0.01377	0.00689	0.01033	0.01033	0.01033	0.00689	0.00689	0.01033	0.01033	0.01377	0.01377	0.02410	0.01377	0.02755	0.03099	0.76928	0.00689	0.00689	0.00344	0.00344
16	0.01133	0.00850	0.01274	0.01274	0.01416	0.00991	0.00991	0.01416	0.01274	0.01841	0.02124	0.03115	0.01982	0.05947	0.68989	0.01274	0.02124	0.00850	0.00425	0.00708
17	0.01181	0.00814	0.00939	0.00922	0.00922	0.00847	0.00540	0.01189	0.01156	0.01555	0.02430	0.05026	0.02796	0.68797	0.03969	0.00749	0.04064	0.01132	0.00474	0.00499
18	0.00966	0.00690	0.00920	0.01104	0.01150	0.00644	0.00736	0.01104	0.01518	0.02024	0.04371	0.71614	0.05245	0.02484	0.01012	0.00322	0.00460	0.02254	0.00736	0.00644
19	0.01876	0.02128	0.04617	0.03407	0.06837	0.02000	0.61663	0.02536	0.01869	0.02542	0.01599	0.02132	0.01205	0.00670	0.00929	0.00266	0.01320	0.00926	0.00401	0.01077
20	0.01460	0.00741	0.00746	0.00746	0.00921	0.00741	0.00550	0.01809	0.01635	0.02877	0.02582	0.03081	0.02080	0.04896	0.00749	0.00217	0.00392	0.00762	0.72291	0.00725
21	0.01941	0.01862	0.03179	0.07948	0.64275	0.01878	0.02423	0.02414	0.01795	0.02564	0.01488	0.01970	0.01247	0.00711	0.00785	0.00237	0.00947	0.00706	0.00391	0.01238
22	0.01844	0.01774	0.03058	0.21119	0.49680	0.01858	0.04446	0.02336	0.01753	0.02448	0.01475	0.02006	0.01205	0.00727	0.00792	0.00244	0.00984	0.00714	0.00383	0.01156
23	0.00985	0.00716	0.00973	0.03595	0.01306	0.00684	0.00789	0.01137	0.01521	0.02024	0.04264	0.69110	0.05094	0.02423	0.01004	0.00320	0.00482	0.02198	0.00722	0.00653
24	0.00939	0.00798	0.00809	0.00818	0.01075	0.00668	0.00609	0.01136	0.01794	0.02137	0.07860	0.10665	0.63941	0.02031	0.00941	0.00270	0.00404	0.01701	0.00736	0.00668
25	0.01884	0.01804	0.03077	0.15910	0.56756	0.01863	0.02395	0.02365	0.01768	0.02495	0.01478	0.01988	0.01222	0.00721	0.00786	0.00240	0.00961	0.00706	0.00386	0.01193
26	0.01861	0.09001	0.44060	0.02407	0.06105	0.04632	0.11841	0.02607	0.01762	0.06251	0.01519	0.01775	0.01103	0.00748	0.00764	0.00244	0.01142	0.00640	0.00388	0.01148
27	0.07084	0.19330	0.02678	0.01959	0.05552	0.43730	0.01497	0.05469	0.02088	0.02178	0.01232	0.01432	0.01037	0.00781	0.00661	0.00202	0.01201	0.00504	0.00413	0.00973
28	0.01936	0.01876	0.03261	0.07853	0.60768	0.01885	0.05874	0.02420	0.01799	0.02561	0.01494	0.01980	0.01244	0.00708	0.00794	0.00239	0.00969	0.00719	0.00391	0.01228
29	0.00966	0.00690	0.00920	0.01104	0.01150	0.00644	0.00736	0.01104	0.01518	0.02024	0.04371	0.71614	0.05245	0.02484	0.01012	0.00322	0.00460	0.02254	0.00736	0.00644
30	0.02463	0.01973	0.07132	0.02431	0.03177	0.01717	0.32341	0.07962	0.02123	0.23126	0.02084	0.02240	0.01439	0.00790	0.00851	0.00249	0.01041	0.00828	0.00614	0.05420
31	0.01602	0.04018	0.65318	0.02306	0.03463	0.01849	0.05551	0.02513	0.01683	0.02513	0.01431	0.01694	0.01013	0.00750	0.00761	0.00252	0.01179	0.00601	0.00338	0.01168
32	0.03558	0.01350	0.01840	0.01411	0.02024	0.01166	0.01166	0.03865	0.02270	0.67734	0.03128	0.02699	0.01963	0.00981	0.00797	0.00245	0.00675	0.00797	0.00981	0.01350
33	0.00966	0.00690	0.00920	0.01104	0.01150	0.00644	0.00736	0.01104	0.01518	0.02024	0.04371	0.71614	0.05245	0.02484	0.01012	0.00322	0.00460	0.02254	0.00736	0.00644
34	0.02087	0.46478	0.07297	0.05359	0.02368	0.02586	0.04406	0.07398	0.01849	0.05104	0.04207	0.04665	0.01545	0.00840	0.00634	0.00203	0.00860	0.00633	0.00446	0.01036
35	0.01154	0.00825	0.01130	0.01277	0.01416	0.00801	0.01024	0.01446	0.01787	0.02378	0.13417	0.28885	0.05213	0.02203	0.01045	0.00334	0.00590	0.33619	0.00753	0.00705
36	0.01153	0.00769	0.00865	0.00865	0.00865	0.00769	0.00480	0.01153	0.01153	0.01538	0.02499	0.05189	0.02883	0.72131	0.04036	0.00769	0.00769	0.01153	0.00480	0.00480
37	0.02312	0.03084	0.30580	0.02143	0.03011	0.04998	0.07220	0.30404	0.02637	0.03606	0.01645	0.01805	0.01176	0.00838	0.00784	0.00245	0.01062	0.00669	0.00549	0.01232
38	0.08843	0.01642	0.02041	0.23809	0.09273	0.05097	0.01601	0.07453	0.14317	0.08270	0.02277	0.02483	0.04553	0.00926	0.00761	0.00251	0.00836	0.00763	0.03755	0.01049
39	0.02062	0.41060	0.17585	0.01896	0.02667	0.09646	0.10416	0.02510	0.01728	0.02104	0.01253	0.01494	0.01041	0.00708	0.00642	0.00204	0.01046	0.00538	0.00354	0.01047
40	0.01278	0.00913	0.01278	0.01460	0.01643	0.00913	0.01278	0.01643	0.01825	0.02373	0.04199	0.08945	0.04564	0.02191	0.01095	0.00365	0.00730	0.61847	0.00730	0.00730
41	0.00966	0.00690	0.00920	0.01104	0.01150	0.00644	0.00736	0.01104	0.01518	0.02024	0.04371	0.71614	0.05245	0.02484	0.01012	0.00322	0.00460	0.02254	0.00736	0.00644
42	0.01868	0.02009	0.06183	0.11139	0.36624	0.01911	0.23566	0.02430	0.01800	0.02511	0.01519	0.02028	0.01207	0.00704	0.00836	0.00250	0.01098	0.00780	0.00389	0.01149
43	0.44298	0.01918	0.13377	0.01331	0.01931	0.01630	0.01280	0.02564	0.04629	0.11204	0.07488	0.02032	0.01697	0.00866	0.00631	0.00248	0.00701	0.00616	0.00572	0.00984
44	0.01590	0.04102	0.68023	0.02260	0.03432	0.01842	0.02930	0.02511	0.01674	0.02511	0.01423	0.01674	0.01005	0.00753	0.00753	0.00251	0.01172	0.00586	0.00335	0.01172
45	0.01515	0.01444	0.02487	0.67082	0.05400	0.01773	0.05121	0.02050	0.01599	0.02050	0.01419	0.02115	0.01064	0.00787	0.00800	0.00264	0.01070	0.00716	0.00355	0.00890
46	0.00966	0.00690	0.00920	0.01104	0.01150	0.00644	0.00736	0.01104	0.01518	0.02024	0.04371	0.71614	0.05245	0.02484	0.01012	0.00322	0.00460	0.02254	0.00736	0.00644
47	0.01805	0.02065	0.07069	0.08992	0.03896	0.01934	0.47402	0.02505	0.04556	0.02518	0.01670	0.02171	0.01265	0.00745	0.00964	0.00266	0.04273	0.00877	0.03987	0.01041
48	0.01644	0.01409	0.01644	0.01175	0.01879	0.01057	0.00940	0.01997	0.01644	0.02584	0.01409	0.01644	0.01175	0.00587	0.00587	0.00117	0.00587	0.00470	0.00470	0.76979
49	0.01618	0.03926	0.62703	0.02426	0.06655	0.01849	0.04908	0.02508	0.01687	0.02516	0.01432	0.01704	0.01024	0.00748	0.00761	0.00251	0.01166	0.00603	0.00340	0.01173
50	0.01590	0.04102	0.68023	0.02260	0.03432	0.01842	0.02930	0.02511	0.01674	0.02511	0.01423	0.01674	0.01005	0.00753	0.00753	0.00251	0.01172	0.00586	0.00335	0.01172
51	0.01146	0.00798	0.01014	0.01014	0.01065	0.00850	0.00666	0.01249	0.01197	0.01648	0.02363	0.04436	0.02556	0.48088	0.27632	0.00952	0.01261	0.01043	0.00460	0.00563
52	0.02962	0.03779	0.02247	0.02043	0.02451	0.68948	0.01532	0.03166	0.02247	0.01941	0.01226	0.01430	0.01021	0.00817	0.00715	0.00204	0.01430	0.00511	0.00409	0.00919
53	0.01133	0.00850	0.01274	0.01274	0.01416	0.00991	0.00991	0.01416	0.01274	0.01841	0.02124	0.03115	0.01982	0.05947	0.68989	0.01274	0.02124	0.00850	0.00425	0.00708
54	0.02483	0.01957	0.02081	0.01717	0.02257	0.02211	0.01379	0.33778	0.35357	0.04141	0.02579	0.02442	0.01895	0.01015	0.00800	0.00254	0.00748	0.00807	0.00800	0.01301
55	0.01105	0.00810	0.01035	0.00979	0.01174	0.00741	0.00734	0.01462	0.02203	0.03080	0.61128	0.06087	0.13183	0.01658	0.00935	0.00251	0.00377	0.01457	0.00860	0.00741
56	0.00966	0.00690	0.00920	0.01104	0.01150	0.00644	0.00736	0.01104	0.01518	0.02024	0.04371	0.71614	0.05245	0.02484	0.01012	0.00322	0.00460	0.02254	0.00736	0.00644
57	0.00971	0.00814	0.00850	0.00868	0.01127	0.00693	0.00669	0.01188	0.01809	0.02165	0.07656	0.07761	0.60727	0.02026	0.00953	0.00277	0.00434	0.07600	0.00736	0.00675
58	0.77733	0.01534	0.01166	0.01043	0.01534	0.01779	0.00859	0.02331	0.01350	0.03558	0.01104	0.01288	0.00859	0.00736	0.00491	0.00245	0.00613	0.00429	0.00491	0.00859
59	0.77733	0.01534	0.01166	0.01043	0.01534	0.01779	0.00859	0.02331	0.01350	0.03558	0.01104	0.01288	0.00859	0.00736	0.00491	0.00245	0.00613	0.00429	0.00491	0.00859
60	0.01478	0.00739	0.00739	0.00739	0.00924	0.00739	0.00554	0.01848	0.01663	0.02956	0.02587	0.02956	0.02033	0.00924	0.00554	0.00185	0.00370	0.00739	0.76534	0.00739
61	0.77733	0.01534	0.01166	0.01043	0.01534	0.01779	0.00859	0.02331	0.01350	0.03558	0.01104	0.01288	0.00859	0.00736	0.00491	0.00245	0.00613	0.00429	0.00491	0.00859
62	0.01498	0.01409	0.02378	0.70226	0.05462	0.01762	0.02202	0.02026	0.01586	0.02026	0.01409	0.02114	0.01057	0.00793	0.00793	0.00264	0.01057	0.00705	0.00352	0.00881
63	0.02775	0.01176	0.01589	0.01278	0.01754	0.01031	0.01031	0.03103	0.02262	0.46981	0.23587	0.03736	0.03737	0.01187	0.00842	0.00247	0.00578	0.01002	0.00947	0.01156
64	0.77733	0.01534	0.01166	0.01043	0.01534	0.01779	0.00859	0.02331	0.01350	0.03558	0.01104	0.01288	0.00859	0.00736	0.00491	0.00245	0.00613	0.00429	0.00491	0.00859
65	0.01545	0.04983	0.06199	0.02214	0.02674	0.01660	0.26095	0.01994	0.01550	0.02165	0.01826	0.05362	0.01628	0.02766	0.26148	0.00643	0.08338	0.00895	0.00413	0.00901
66	0.01032	0.00766	0.00968	0.01083	0.01190	0.00723	0.00748	0.01307	0.04673	0.02252	0.13058	0.52995	0.11744	0.02253	0.00984	0.00304	0.00450	0.02021	0.00758	0.00689
67	0.01999	0.01972	0.03122	0.07783	0.60497	0.05792	0.02370	0.02457	0.01821	0.02526	0.01472	0.01939	0.01233	0.00717	0.00781	0.00235	0.00976	0.00695	0.00392	0.01219
68	0.01910	0.01883	0.03370	0.10072	0.52489	0.01892	0.11799	0.02416	0.01797	0.02536	0.01502	0.02002	0.01232	0.00708	0.00809	0.00243	0.01012	0.00741	0.00390	0.01197
69	0.03490	0.01365	0.01838	0.01420	0.02026	0.01200	0.01169	0.03879	0.04981	0.64983	0.03133	0.02710	0.01982	0.00986	0.00798	0.00246	0.00673	0.00802	0.00974	0.01345
70	0.01153	0.00769	0.00865	0.00865	0.00865	0.00769	0.00480	0.01153	0.01153	0.01538	0.02499	0.05189	0.02883	0.72131	0.04036	0.00769	0.00769	0.01153	0.00480	0.00480
71	0.01849	0.01828	0.03296	0.18386	0.43174	0.01879	0.13174	0.02366	0.01771	0.02463	0.01494	0.02025	0.01205	0.00718	0.00813	0.00247	0.01035	0.00746	0.00386	0.01144
72	0.00966	0.00690	0.00920	0.01104	0.01150	0.00644	0.00736	0.01104	0.01518	0.02024	0.04371	0.71614	0.05245	0.02484	0.01012	0.00322	0.00460	0.02254	0.00736	0.00644
73	0.01135	0.00842	0.01235	0.01235	0.01363	0.00970	0.00942	0.01391	0.01263	0.01812	0.02160	0.03314	0.02069	0.12302	0.62753	0.01226	0.01994	0.00879	0.00430	0.00686
74	0.02898	0.03524	0.02269	0.02025	0.02432	0.59194	0.01541	0.08675	0.02324	0.02217	0.01277	0.01490	0.01052	0.00861	0.00827	0.00215	0.05242	0.00539	0.00440	0.00955
75	0.02267	0.60606	0.03823	0.01476	0.02108	0.14613	0.01387	0.02513	0.01722	0.01879	0.01124	0.01300	0.01018	0.00703	0.00545	0.00176	0.00950	0.00439	0.00351	0.01000
76	0.01234	0.00881	0.01227	0.01410	0.01573	0.00875	0.01201	0.01566	0.01782	0.02324	0.04223	0.17845	0.04660	0.02232	0.01083	0.00359	0.00692	0.53385	0.00731	0.00718
77	0.01963	0.01884	0.03219	0.04867	0.67185	0.01884	0.02434	0.02434	0.01806	0.02591	0.01492	0.01963	0.01256	0.00707	0.00785	0.00236	0.00942	0.00707	0.00393	0.01256
78	0.01963	0.01884	0.03219	0.04867	0.67185	0.01884	0.02434	0.02434	0.01806	0.02591	0.01492	0.01963	0.01256	0.00707	0.00785	0.00236	0.00942	0.00707	0.00393	0.01256
79	0.01515	0.01444	0.02487	0.67083	0.05400	0.01773	0.05120	0.02050	0.01599	0.02050	0.01419	0.02115	0.01064	0.00787	0.00800	0.00264	0.01070	0.00716	0.00355	0.00890
80	0.74574	0.01563	0.01217	0.01076	0.01573	0.01808	0.00886	0.04961	0.01450	0.03619	0.01138	0.01314	0.00879	0.00745	0.00504	0.00245	0.00624	0.00441	0.00504	0.00879
81	0.00984	0.00715	0.00933	0.01093	0.01169	0.00663	0.00752	0.01147	0.01582	0.02089	0.06707	0.60936	0.10473	0.02401	0.01007	0.00317	0.00466	0.05170	0.00740	0.00654
82	0.01656	0.10985	0.27024	0.01610	0.02279	0.01590	0.01732	0.02353	0.06636	0.07189	0.21456	0.03151	0.03189	0.01308	0.04211	0.00293	0.00863	0.00874	0.00583	0.01020
83	0.02459	0.01384	0.01728	0.01275	0.01941	0.01103	0.01036	0.02792	0.01911	0.30323	0.02141	0.02093	0.01510	0.00755	0.00677	0.00172	0.00625	0.00609	0.00688	0.44778
84	0.05057	0.01890	0.01944	0.01628	0.02126	0.04332	0.01298	0.29917	0.27377	0.03907	0.04819	0.05221	0.04715	0.01109	0.00804	0.00254	0.00737	0.00887	0.00773	0.01207
85	0.02120	0.72609	0.04155	0.01357	0.02035	0.03138	0.01357	0.02374	0.01611	0.01866	0.01102	0.01272	0.01018	0.00678	0.00509	0.00170	0.00848	0.00424	0.00339	0.01018
86	0.03558	0.01350	0.01840	0.01411	0.02024	0.01166	0.01166	0.03865	0.02270	0.67734	0.03128	0.02699	0.01963	0.00981	0.00797	0.00245	0.00675	0.00797	0.00981	0.01350
87	0.02021	0.01728	0.01821	0.01624	0.02081	0.01995	0.01267	0.07049	0.62838	0.03396	0.03165	0.02909	0.02370	0.01070	0.00806	0.00268	0.00639	0.00888	0.00806	0.01260
88	0.01133	0.00850	0.01274	0.01274	0.01416	0.00991	0.00991	0.01416	0.01274	0.01841	0.02124	0.03115	0.01982	0.05947	0.68989	0.01274	0.02124	0.00850	0.00425	0.00708
89	0.01972	0.01703	0.01793	0.01614	0.02062	0.01972	0.01255	0.04214	0.65752	0.03317	0.03228	0.02959	0.02421	0.01076	0.00807	0.00269	0.00628	0.00897	0.00807	0.01255
90	0.06760	0.01357	0.01811	0.01395	0.02003	0.01192	0.01152	0.03798	0.02230	0.64964	0.03041	0.02638	0.01915	0.00971	0.00784	0.00245	0.00672	0.00782	0.00960	0.01328
91	0.00966	0.00690	0.00920	0.01104	0.01150	0.00644	0.00736	0.01104	0.01518	0.02024	0.04371	0.71614	0.05245	0.02484	0.01012	0.00322	0.00460	0.02254	0.00736	0.00644
92	0.01153	0.00769	0.00865	0.00865	0.00865	0.00769	0.00480	0.01153	0.01153	0.01538	0.02499	0.05189	0.02883	0.72131	0.04036	0.00769	0.00769	0.01153	0.00480	0.00480
93	0.02962	0.03779	0.02247	0.02043	0.02451	0.68948	0.01532	0.03166	0.02247	0.01941	0.01226	0.01430	0.01021	0.00817	0.00715	0.00204	0.01430	0.00511	0.00409	0.00919
94	0.03558	0.01350	0.01840	0.01411	0.02024	0.01166	0.01166	0.03865	0.02270	0.67734	0.03128	0.02699	0.01963	0.00981	0.00797	0.00245	0.00675	0.00797	0.00981	0.01350
95	0.01478	0.00739	0.00739	0.00739	0.00924	0.00739	0.00554	0.01848	0.01663	0.02956	0.02587	0.02956	0.02033	0.00924	0.00554	0.00185	0.00370	0.00739	0.76534	0.00739
96	0.03558	0.01350	0.01840	0.01411	0.02024	0.01166	0.01166	0.03865	0.02270	0.67734	0.03128	0.02699	0.01963	0.00981	0.00797	0.00245	0.00675	0.00797	0.00981	0.01350
97	0.01616	0.03925	0.62312	0.02358	0.03496	0.01856	0.08463	0.02514	0.01692	0.02514	0.01439	0.01716	0.01022	0.00746	0.00770	0.00253	0.01187	0.00618	0.00341	0.01163
98	0.02986	0.02028	0.02222	0.01720	0.02328	0.02202	0.01416	0.51597	0.06055	0.13218	0.02148	0.02093	0.01501	0.00960	0.00786	0.00238	0.00817	0.00734	0.03629	0.01322
99	0.01644	0.01409	0.01644	0.01175	0.01879	0.01057	0.00940	0.01997	0.01644	0.02584	0.01409	0.01644	0.01175	0.00587	0.00587	0.00117	0.00587	0.00470	0.00470	0.76979
100	0.02072	0.01429	0.01734	0.04155	0.01874	0.01588	0.01156	0.27755	0.02208	0.02974	0.01648	0.02275	0.01411	0.04530	0.04401	0.31772	0.04919	0.00723	0.00541	0.00835
101	0.01956	0.01909	0.03107	0.10703	0.59245	0.04289	0.02380	0.02423	0.01802	0.02516	0.01475	0.01957	0.01230	0.00718	0.00783	0.00237	0.00970	0.00699	0.00389	0.01210
102	0.01807	0.08982	0.13533	0.10590	0.03924	0.02075	0.40259	0.02441	0.01764	0.02393	0.01490	0.01973	0.01135	0.00720	0.00907	0.00258	0.03520	0.00802	0.00378	0.01051
103	0.03301	0.01683	0.02037	0.01571	0.02186	0.01671	0.01295	0.26234	0.05075	0.42317	0.02681	0.02415	0.01753	0.00974	0.00796	0.00243	0.00746	0.00770	0.00906	0.01346
104	0.69266	0.01513	0.01243	0.01085	0.01590	0.01709	0.00894	0.02506	0.01455	0.10883	0.01335	0.01449	0.00985	0.00764	0.00526	0.00245	0.00620	0.00471	0.00547	0.00915
105	0.00992	0.00693	0.00911	0.01086	0.01139	0.00649	0.00727	0.01141	0.01525	0.02071	0.04281	0.68168	0.05084	0.02406	0.00989	0.00315	0.00456	0.02178	0.04541	0.00649
106	0.01781	0.02771	0.25074	0.02994	0.03915	0.01953	0.44544	0.02531	0.01808	0.02531	0.01546	0.01989	0.01139	0.00696	0.00877	0.00262	0.01284	0.00823	0.00380	0.01102
107	0.01873	0.02111	0.04521	0.03390	0.07757	0.02012	0.58661	0.02513	0.01846	0.02523	0.01579	0.02116	0.01201	0.00694	0.00981	0.00268	0.03566	0.00915	0.00399	0.01074
108	0.03558	0.01350	0.01840	0.01411	0.02024	0.01166	0.01166	0.03865	0.02270	0.67734	0.03128	0.02699	0.01963	0.00981	0.00797	0.00245	0.00675	0.00797	0.00981	0.01350
109	0.00979	0.00710	0.00929	0.01098	0.01168	0.00660	0.00752	0.01134	0.01557	0.02051	0.04660	0.63267	0.10219	0.02431	0.01010	0.00320	0.00469	0.05198	0.00736	0.00650
110	0.02030	0.01889	0.03076	0.07218	0.56151	0.01953	0.02312	0.08041	0.01948	0.02759	0.01508	0.01955	0.01248	0.00759	0.00858	0.00241	0.03689	0.00707	0.00425	0.01233
111	0.00966	0.00690	0.00920	0.01104	0.01150	0.00644	0.00736	0.01104	0.01518	0.02024	0.04371	0.71614	0.05245	0.02484	0.01012	0.00322	0.00460	0.02254	0.00736	0.00644
112	0.01671	0.03289	0.44633	0.08888	0.12283	0.01863	0.11287	0.02461	0.01711	0.02482	0.01456	0.01817	0.01071	0.00739	0.00786	0.00252	0.01154	0.00661	0.00353	0.01143
113	0.01829	0.02176	0.07618	0.07132	0.04088	0.02003	0.54633	0.02479	0.01814	0.02479	0.01557	0.02095	0.01177	0.00714	0.00997	0.00270	0.04600	0.00893	0.00392	0.01054
114	0.01590	0.04102	0.68023	0.02260	0.03432	0.01842	0.02930	0.02511	0.01674	0.02511	0.01423	0.01674	0.01005	0.00753	0.00753	0.00251	0.01172	0.00586	0.00335	0.01172
115	0.00975	0.00697	0.00928	0.01098	0.01152	0.00650	0.00737	0.01127	0.01561	0.02092	0.08012	0.67780	0.05375	0.02434	0.01008	0.00318	0.00455	0.02206	0.00744	0.00650
116	0.01447	0.01334	0.02196	0.53755	0.07589	0.01623	0.01969	0.01899	0.01571	0.02048	0.01854	0.12780	0.01710	0.01073	0.00899	0.00275	0.03761	0.00943	0.00413	0.00862
117	0.01547	0.01486	0.02604	0.54634	0.10313	0.01740	0.08293	0.02065	0.01629	0.02124	0.01584	0.05592	0.01299	0.00858	0.00817	0.00265	0.01045	0.00806	0.00380	0.00919
118	0.01937	0.01858	0.03172	0.08513	0.63742	0.01877	0.02421	0.02411	0.01793	0.02559	0.01487	0.01971	0.01245	0.00711	0.00785	0.00237	0.00948	0.00706	0.00390	0.01235
119	0.02964	0.03728	0.02252	0.02036	0.02452	0.66757	0.01531	0.05189	0.02296	0.02041	0.01248	0.01446	0.01032	0.00822	0.00718	0.00205	0.01412	0.00517	0.00421	0.00933
120	0.01099	0.00875	0.01145	0.03807	0.01419	0.00915	0.00873	0.01349	0.01588	0.02114	0.12304	0.08942	0.23906	0.06847	0.25580	0.00658	0.04007	0.01276	0.00598	0.00699
121	0.01902	0.01527	0.02119	0.01544	0.02238	0.01261	0.10277	0.02406	0.05486	0.09617	0.01729	0.01907	0.01336	0.00670	0.00674	0.00162	0.00709	0.00598	0.00534	0.53303
122	0.00977	0.00698	0.00933	0.01117	0.01168	0.00654	0.00755	0.01123	0.01529	0.02037	0.04364	0.69376	0.05220	0.02474	0.01015	0.00324	0.00470	0.04383	0.00736	0.00647
123	0.07304	0.02381	0.02289	0.04681	0.02530	0.12376	0.01502	0.49071	0.03277	0.04330	0.01735	0.01806	0.01259	0.00912	0.00764	0.00234	0.00949	0.00666	0.00699	0.01236
124	0.02343	0.04817	0.01963	0.01613	0.02092	0.07695	0.01276	0.10739	0.39124	0.11720	0.02856	0.05857	0.02192	0.01077	0.00793	0.00255	0.00732	0.00874	0.00771	0.01210
125	0.01099	0.00836	0.00876	0.00848	0.01132	0.00702	0.00642	0.01314	0.01855	0.06019	0.10516	0.07263	0.60276	0.01930	0.00929	0.00266	0.00416	0.01611	0.00757	0.00713
126	0.01938	0.01664	0.01767	0.01606	0.02041	0.01919	0.01256	0.04085	0.62543	0.03270	0.03276	0.03259	0.02528	0.01132	0.00821	0.00274	0.00633	0.03956	0.00803	0.01229
127	0.01249	0.01038	0.01665	0.01521	0.01706	0.01206	0.06390	0.01555	0.01319	0.01906	0.01983	0.02909	0.01832	0.05092	0.57272	0.01106	0.08239	0.00843	0.00416	0.00753
128	0.01735	0.01735	0.02429	0.02082	0.02082	0.02429	0.01735	0.01908	0.01214	0.01908	0.01041	0.01735	0.01041	0.01388	0.02602	0.00347	0.70680	0.00694	0.00347	0.00867
129	0.03558	0.01350	0.01840	0.01411	0.02024	0.01166	0.01166	0.03865	0.02270	0.67734	0.03128	0.02699	0.01963	0.00981	0.00797	0.00245	0.00675	0.00797	0.00981	0.01350
130	0.00975	0.00697	0.00928	0.01098	0.01152	0.00650	0.00737	0.01127	0.01561	0.02092	0.08012	0.67780	0.05375	0.02434	0.01008	0.00318	0.00455	0.02206	0.00744	0.00650
131	0.00966	0.00690	0.00920	0.01104	0.01150	0.00644	0.00736	0.01104	0.01518	0.02024	0.04371	0.71614	0.05245	0.02484	0.01012	0.00322	0.00460	0.02254	0.00736	0.00644
132	0.01963	0.01884	0.03219	0.04867	0.67185	0.01884	0.02434	0.02434	0.01806	0.02591	0.01492	0.01963	0.01256	0.00707	0.00785	0.00236	0.00942	0.00707	0.00393	0.01256
133	0.02032	0.01576	0.01730	0.01547	0.01967	0.01773	0.01211	0.06811	0.49253	0.07541	0.05449	0.03248	0.02564	0.01234	0.00958	0.04744	0.00642	0.03762	0.00790	0.01169
134	0.01609	0.01532	0.02135	0.01878	0.01921	0.02058	0.01560	0.01828	0.01410	0.02121	0.09977	0.02998	0.02235	0.01498	0.02235	0.00336	0.54534	0.06842	0.00454	0.00838
135	0.03558	0.01350	0.01840	0.01411	0.02024	0.01166	0.01166	0.03865	0.02270	0.67734	0.03128	0.02699	0.01963	0.00981	0.00797	0.00245	0.00675	0.00797	0.00981	0.01350
136	0.01014	0.00741	0.00947	0.01049	0.01158	0.00684	0.00735	0.01214	0.01708	0.02279	0.17803	0.44916	0.13608	0.04493	0.01088	0.00316	0.00455	0.04369	0.00756	0.00667
137	0.02226	0.01669	0.01719	0.01490	0.01933	0.04564	0.01173	0.13432	0.36121	0.08890	0.02806	0.02702	0.02080	0.01010	0.00754	0.00244	0.00658	0.00814	0.14546	0.01170
138	0.20405	0.02906	0.01991	0.01745	0.02215	0.40338	0.01352	0.11500	0.02244	0.06410	0.01397	0.01533	0.01081	0.00826	0.00678	0.00221	0.01121	0.00536	0.00513	0.00989
139	0.02010	0.28072	0.03045	0.01811	0.02105	0.09911	0.01574	0.02217	0.01473	0.01896	0.01084	0.01531	0.01030	0.01065	0.01626	0.00266	0.37431	0.00575	0.00351	0.00928
140	0.00965	0.00694	0.00916	0.01093	0.01147	0.00645	0.00731	0.01105	0.01529	0.02029	0.04506	0.69250	0.07521	0.02467	0.01009	0.00320	0.00458	0.02233	0.00736	0.00645
141	0.01789	0.01908	0.03774	0.18116	0.12572	0.01975	0.36749	0.02355	0.01740	0.02376	0.01495	0.02073	0.01163	0.00767	0.01038	0.00270	0.07590	0.00833	0.00384	0.01034
142	0.06738	0.01480	0.01886	0.01453	0.02064	0.01374	0.01200	0.12292	0.02433	0.56134	0.02868	0.02526	0.01828	0.00967	0.00783	0.00244	0.00700	0.00770	0.00934	0.01328
143	0.01564	0.00822	0.00831	0.00800	0.01010	0.00835	0.00607	0.05345	0.01778	0.03070	0.02549	0.02898	0.01994	0.00925	0.00568	0.00188	0.00398	0.00738	0.72309	0.00773
144	0.01066	0.00780	0.00906	0.00937	0.01056	0.00727	0.00637	0.01216	0.01581	0.02054	0.13091	0.16459	0.22164	0.27879	0.02100	0.00464	0.00561	0.05051	0.00660	0.00610
145	0.01743	0.05088	0.02860	0.06041	0.02605	0.02302	0.12628	0.02030	0.01370	0.02021	0.01200	0.01852	0.01101	0.01352	0.04390	0.00352	0.49071	0.00729	0.00359	0.00905
146	0.01636	0.01369	0.01494	0.01374	0.01727	0.01510	0.01055	0.03164	0.42282	0.03125	0.18754	0.06981	0.09497	0.01348	0.00858	0.00266	0.00540	0.01151	0.00813	0.01057
147	0.01003	0.00714	0.00920	0.01070	0.01123	0.00673	0.00713	0.01132	0.01489	0.01972	0.04252	0.57116	0.07513	0.12443	0.01446	0.00385	0.00511	0.04200	0.00699	0.00625
148	0.01539	0.01452	0.02454	0.64335	0.11024	0.01773	0.02223	0.02063	0.01605	0.02077	0.01417	0.02101	0.01075	0.00785	0.00792	0.00262	0.01047	0.00705	0.00356	0.00915
149	0.01803	0.19539	0.50400	0.02015	0.03049	0.02104	0.02490	0.02544	0.01688	0.05430	0.01430	0.01631	0.01053	0.00747	0.00700	0.00232	0.01075	0.00559	0.00366	0.01145
150	0.01262	0.00908	0.01255	0.01429	0.01616	0.00901	0.01246	0.01619	0.01825	0.02362	0.04380	0.08883	0.07518	0.02182	0.01088	0.00360	0.00715	0.58994	0.00730	0.00727
151	0.01004	0.00718	0.00960	0.01123	0.01192	0.00674	0.00779	0.01179	0.01604	0.02149	0.09621	0.61171	0.05380	0.02389	0.01012	0.00319	0.00474	0.06846	0.00747	0.00660
152	0.01883	0.10313	0.09088	0.03095	0.06182	0.02118	0.50452	0.02515	0.01825	0.02463	0.01530	0.02000	0.01170	0.00677	0.00868	0.00254	0.01255	0.00844	0.00389	0.01078
153	0.02816	0.02928	0.02265	0.02165	0.08663	0.40289	0.01540	0.14706	0.02487	0.08005	0.05360	0.01937	0.01560	0.00892	0.00756	0.00220	0.01154	0.00646	0.00554	0.01059
154	0.74442	0.01528	0.01218	0.04029	0.01703	0.01778	0.00917	0.02318	0.01360	0.03492	0.01117	0.01324	0.00867	0.00739	0.00504	0.00246	0.00633	0.00441	0.00485	0.00860
155	0.01745	0.01786	0.02818	0.06279	0.02639	0.02316	0.12673	0.02025	0.01351	0.02025	0.01161	0.01828	0.01070	0.01228	0.02206	0.00328	0.54525	0.00737	0.00357	0.00903
156	0.02441	0.01261	0.01625	0.01318	0.01769	0.01183	0.01061	0.05706	0.04545	0.33004	0.20146	0.03613	0.06167	0.01190	0.00924	0.00243	0.04487	0.00974	0.00848	0.07497
157	0.01161	0.00825	0.01013	0.00965	0.01185	0.00738	0.00724	0.01474	0.02090	0.05434	0.44928	0.09356	0.23681	0.01744	0.00934	0.00258	0.00398	0.01514	0.00833	0.00746
158	0.02019	0.01801	0.01814	0.01634	0.02080	0.05120	0.01268	0.04165	0.62768	0.03253	0.03133	0.02887	0.02355	0.01064	0.00803	0.00266	0.00665	0.00878	0.00788	0.01239
159	0.01899	0.02014	0.04003	0.02922	0.03598	0.01981	0.48297	0.07305	0.01934	0.02655	0.01699	0.05330	0.01389	0.00839	0.01067	0.00269	0.07544	0.00941	0.00446	0.03869
160	0.01628	0.07257	0.62844	0.02305	0.05499	0.01904	0.02839	0.02502	0.01676	0.02484	0.01410	0.01665	0.01014	0.00748	0.00743	0.00247	0.01149	0.00582	0.00337	0.01167
161	0.02003	0.01659	0.01774	0.01600	0.02044	0.01900	0.01253	0.04097	0.60835	0.05659	0.03263	0.03190	0.02490	0.01117	0.00818	0.00272	0.00633	0.03345	0.00810	0.01238
162	0.01160	0.00765	0.00862	0.00868	0.00878	0.00763	0.00493	0.01181	0.01188	0.01614	0.02569	0.07468	0.02932	0.66657	0.03782	0.00728	0.00741	0.01175	0.03679	0.00497
163	0.01923	0.02071	0.02702	0.02243	0.02406	0.11573	0.09993	0.02166	0.01444	0.01997	0.01141	0.01746	0.01060	0.01214	0.02121	0.00317	0.51919	0.00701	0.00363	0.00901
164	0.01138	0.00829	0.01169	0.01169	0.01274	0.00934	0.00859	0.01348	0.01243	0.01763	0.02221	0.03651	0.02215	0.23044	0.52211	0.01144	0.01774	0.00928	0.00439	0.00649
165	0.00966	0.00690	0.00920	0.01104	0.01150	0.00644	0.00736	0.01104	0.01518	0.02024	0.04371	0.71614	0.05245	0.02484	0.01012	0.00322	0.00460	0.02254	0.00736	0.00644
166	0.00966	0.00690	0.00920	0.01104	0.01150	0.00644	0.00736	0.01104	0.01518	0.02024	0.04371	0.71614	0.05245	0.02484	0.01012	0.00322	0.00460	0.02254	0.00736	0.00644
167	0.01263	0.00908	0.01258	0.01433	0.01619	0.00902	0.01249	0.01622	0.01825	0.02363	0.04361	0.08889	0.07197	0.02183	0.01089	0.00361	0.00716	0.59304	0.00730	0.00728
168	0.54486	0.01607	0.01422	0.01201	0.01714	0.01805	0.00988	0.13827	0.01874	0.08965	0.01483	0.01593	0.01093	0.00804	0.00574	0.00241	0.00654	0.00526	0.04159	0.00982
169	0.01478	0.00739	0.00739	0.00739	0.00924	0.00739	0.00554	0.01848	0.01663	0.02956	0.02587	0.02956	0.02033	0.00924	0.00554	0.00185	0.00370	0.00739	0.76534	0.00739
170	0.01031	0.00752	0.00970	0.01031	0.01158	0.00691	0.00729	0.01277	0.01858	0.02534	0.31670	0.37407	0.11813	0.02068	0.00972	0.00286	0.00418	0.01847	0.00795	0.00691
171	0.02098	0.02330	0.08803	0.06556	0.44670	0.10900	0.02258	0.05706	0.04303	0.02622	0.01531	0.01905	0.01242	0.00755	0.00774	0.00235	0.01018	0.00677	0.00423	0.01193
172	0.02120	0.72609	0.04155	0.01357	0.02035	0.03138	0.01357	0.02374	0.01611	0.01866	0.01102	0.01272	0.01018	0.00678	0.00509	0.00170	0.00848	0.00424	0.00339	0.01018
173	0.01921	0.01857	0.03215	0.10113	0.59400	0.01880	0.05131	0.02405	0.01791	0.02543	0.01490	0.01983	0.01238	0.00712	0.00792	0.00239	0.00969	0.00716	0.00390	0.01217
174	0.05721	0.19336	0.26306	0.02342	0.08803	0.02157	0.12948	0.02617	0.05288	0.05093	0.01539	0.01780	0.01175	0.00743	0.00722	0.00234	0.01025	0.00638	0.00413	0.01121
175	0.01992	0.08683	0.02399	0.01775	0.02220	0.01901	0.09890	0.05255	0.24185	0.09233	0.02926	0.06860	0.07548	0.01170	0.01053	0.00269	0.09953	0.00957	0.00651	0.01082
176	0.77733	0.01534	0.01166	0.01043	0.01534	0.01779	0.00859	0.02331	0.01350	0.03558	0.01104	0.01288	0.00859	0.00736	0.00491	0.00245	0.00613	0.00429	0.00491	0.00859
177	0.01153	0.00769	0.00865	0.00865	0.00865	0.00769	0.00480	0.01153	0.01153	0.01538	0.02499	0.05189	0.02883	0.72131	0.04036	0.00769	0.00769	0.01153	0.00480	0.00480
178	0.01498	0.01409	0.02378	0.70226	0.05462	0.01762	0.02202	0.02026	0.01586	0.02026	0.01409	0.02114	0.01057	0.00793	0.00793	0.00264	0.01057	0.00705	0.00352	0.00881
179	0.01095	0.00874	0.01377	0.01372	0.01511	0.00822	0.08271	0.01298	0.01555	0.02076	0.03947	0.57718	0.04627	0.05560	0.01150	0.00338	0.00589	0.04443	0.00684	0.00690
180	0.03411	0.01362	0.01815	0.01400	0.01999	0.01199	0.01154	0.06400	0.02312	0.61897	0.03305	0.02896	0.04986	0.01028	0.00804	0.00246	0.00671	0.00835	0.00962	0.01318
181	0.00966	0.00690	0.00920	0.01104	0.01150	0.00644	0.00736	0.01104	0.01518	0.02024	0.04371	0.71614	0.05245	0.02484	0.01012	0.00322	0.00460	0.02254	0.00736	0.00644
182	0.01872	0.02139	0.04679	0.03342	0.04144	0.02005	0.64305	0.02540	0.01872	0.02540	0.01604	0.02139	0.01203	0.00668	0.00936	0.00267	0.01337	0.00936	0.00401	0.01070
183	0.01121	0.00820	0.01059	0.01024	0.01218	0.00757	0.00785	0.01480	0.02169	0.03017	0.55977	0.06349	0.12212	0.01707	0.00950	0.00262	0.00410	0.07095	0.00848	0.00740
184	0.01358	0.00702	0.01053	0.01053	0.01064	0.00713	0.00713	0.01064	0.01053	0.01415	0.01438	0.02468	0.01427	0.03014	0.08455	0.70779	0.00805	0.00702	0.00351	0.00374
185	0.01552	0.01484	0.02390	0.54542	0.04684	0.01915	0.02095	0.01999	0.01500	0.01999	0.01325	0.02027	0.01053	0.00930	0.01209	0.00283	0.17081	0.00702	0.00351	0.00878
186	0.01872	0.02139	0.04679	0.03342	0.04144	0.02005	0.64305	0.02540	0.01872	0.02540	0.01604	0.02139	0.01203	0.00668	0.00936	0.00267	0.01337	0.00936	0.00401	0.01070
187	0.01278	0.00913	0.01278	0.01460	0.01643	0.00913	0.01278	0.01643	0.01825	0.02373	0.04199	0.08945	0.04564	0.02191	0.01095	0.00365	0.00730	0.61847	0.00730	0.00730
188	0.00981	0.00699	0.00923	0.01088	0.01138	0.00654	0.00725	0.01123	0.01531	0.02050	0.06896	0.65742	0.05227	0.05721	0.01151	0.00340	0.00471	0.02168	0.00730	0.00641
189	0.01914	0.01923	0.02636	0.23731	0.26525	0.10635	0.04247	0.05206	0.01850	0.02374	0.01779	0.04651	0.03734	0.00904	0.00889	0.00251	0.04515	0.00780	0.00424	0.01032
190	0.02463	0.01690	0.01878	0.01530	0.02015	0.01797	0.01238	0.39315	0.02983	0.09844	0.05967	0.09780	0.07749	0.01273	0.00835	0.00253	0.00723	0.03397	0.04127	0.01143
191	0.77733	0.01534	0.01166	0.01043	0.01534	0.01779	0.00859	0.02331	0.01350	0.03558	0.01104	0.01288	0.00859	0.00736	0.00491	0.00245	0.00613	0.00429	0.00491	0.00859
192	0.00939	0.00797	0.00810	0.00821	0.01076	0.00668	0.00610	0.01136	0.01791	0.02135	0.07819	0.11366	0.63267	0.02036	0.00942	0.00271	0.00405	0.01707	0.00736	0.00668
193	0.01732	0.01629	0.05313	0.18770	0.20826	0.04434	0.01785	0.02236	0.04984	0.06215	0.08724	0.12581	0.02496	0.01146	0.00900	0.00262	0.03429	0.01006	0.00534	0.00998
194	0.01644	0.01409	0.01644	0.01175	0.01879	0.01057	0.00940	0.01997	0.01644	0.02584	0.01409	0.01644	0.01175	0.00587	0.00587	0.00117	0.00587	0.00470	0.00470	0.76979
195	0.02185	0.63001	0.04006	0.01513	0.02173	0.09094	0.04340	0.02455	0.01682	0.01904	0.01137	0.01327	0.01027	0.00691	0.00548	0.00177	0.00924	0.00456	0.00348	0.01011
196	0.02395	0.01807	0.02197	0.01752	0.02266	0.01940	0.06956	0.35405	0.11370	0.06672	0.07517	0.08945	0.02402	0.03462	0.00945	0.00271	0.00792	0.00975	0.00759	0.01170
197	0.01938	0.02040	0.03565	0.03702	0.30097	0.05183	0.24646	0.02416	0.01748	0.02424	0.01442	0.01962	0.01189	0.00816	0.01150	0.00265	0.13146	0.00778	0.00389	0.01106
198	0.02969	0.03564	0.02266	0.02013	0.02453	0.59752	0.01529	0.11655	0.02452	0.02364	0.01320	0.01496	0.01067	0.00836	0.00726	0.00209	0.01353	0.00539	0.00462	0.00979
199	0.01133	0.00850	0.01274	0.01274	0.01416	0.00991	0.00991	0.01416	0.01274	0.01841	0.02124	0.03115	0.01982	0.05947	0.68989	0.01274	0.02124	0.00850	0.00425	0.00708
200	0.02855	0.03554	0.02198	0.01996	0.02409	0.61692	0.01502	0.03280	0.09127	0.02090	0.01443	0.01596	0.01173	0.00845	0.00725	0.00211	0.01343	0.00553	0.00452	0.00956
201	0.00970	0.00723	0.00905	0.01047	0.01148	0.00659	0.00723	0.01130	0.01595	0.02063	0.05208	0.54823	0.19404	0.02365	0.00998	0.00311	0.00456	0.04084	0.00736	0.00653
202	0.00965	0.00696	0.00914	0.01087	0.01146	0.00646	0.00729	0.01106	0.01534	0.02031	0.04575	0.68045	0.08682	0.02458	0.01008	0.00319	0.00457	0.02222	0.00736	0.00646
203	0.00966	0.00690	0.00920	0.01104	0.01150	0.00644	0.00736	0.01104	0.01518	0.02024	0.04371	0.71614	0.05245	0.02484	0.01012	0.00322	0.00460	0.02254	0.00736	0.00644
