[name]
unknown

[dist]
# distance from previous block
# <min> <max>
0	57

[block]
# block no. 0 follows, 25 sequences, length 9
# corresponding to MSA columns:
# 57-65
name=unknown_A
#
# <colnr> <probs for GDERKNQSTAVLIFYWHMCP>
#	G	D	E	R	K	N	Q	S	T	A	V	L	I	F	Y	W	H	M	C	P
0	0.02166	0.07261	0.33526	0.01783	0.02592	0.01588	0.01983	0.02840	0.04824	0.22774	0.02258	0.02743	0.01710	0.00966	0.00773	0.00251	0.00904	0.07323	0.00585	0.01147
1	0.61675	0.09440	0.08869	0.01183	0.01756	0.01888	0.01114	0.02303	0.01382	0.03190	0.01114	0.01299	0.00872	0.00716	0.00510	0.00233	0.00684	0.00436	0.00447	0.00890
2	0.56829	0.01748	0.10467	0.01178	0.01708	0.01607	0.01104	0.02189	0.01486	0.03286	0.10425	0.01946	0.01766	0.00843	0.00576	0.00241	0.00642	0.00579	0.00511	0.00867
3	0.02893	0.01616	0.02116	0.01658	0.02227	0.04825	0.08016	0.07678	0.13054	0.40592	0.05053	0.02623	0.02023	0.00955	0.00796	0.00244	0.00760	0.00813	0.00827	0.01233
4	0.01671	0.08007	0.52699	0.01964	0.02938	0.01724	0.02418	0.02431	0.01732	0.06992	0.08551	0.02124	0.01724	0.00838	0.00743	0.00240	0.01009	0.00665	0.00427	0.01104
5	0.01739	0.07719	0.49795	0.09521	0.03405	0.01825	0.05052	0.02501	0.01677	0.07518	0.01508	0.01755	0.01069	0.00750	0.00737	0.00242	0.01083	0.00605	0.00381	0.01115
6	0.01533	0.01945	0.16319	0.02410	0.16798	0.01467	0.08098	0.02180	0.07731	0.02395	0.02366	0.13411	0.04498	0.01598	0.08219	0.00356	0.00985	0.00981	0.00485	0.06227
7	0.01743	0.01482	0.01789	0.01812	0.08796	0.08061	0.02863	0.02159	0.06799	0.08213	0.11327	0.20065	0.03121	0.01395	0.01080	0.00261	0.10692	0.01156	0.00615	0.06569
8	0.01364	0.01130	0.01572	0.01434	0.01644	0.01221	0.05986	0.03753	0.08724	0.02544	0.17207	0.22470	0.06708	0.01652	0.01142	0.00285	0.10587	0.05563	0.04203	0.00812

[dist]
# distance from previous block
# <min> <max>
9	24

[block]
# block no. 1 follows, 25 sequences, length 8
# corresponding to MSA columns:
# 90-97
name=unknown_B
#
# <colnr> <probs for GDERKNQSTAVLIFYWHMCP>
#	G	D	E	R	K	N	Q	S	T	A	V	L	I	F	Y	W	H	M	C	P
0	0.07794	0.02424	0.25208	0.07222	0.23062	0.01667	0.02160	0.02661	0.01768	0.16148	0.01732	0.01931	0.01245	0.00770	0.00738	0.00240	0.00928	0.00648	0.00488	0.01166
1	0.01495	0.01079	0.01476	0.01403	0.01512	0.01240	0.01074	0.01680	0.01542	0.10016	0.08586	0.36293	0.03659	0.01848	0.01440	0.00307	0.22427	0.01491	0.00642	0.00789
2	0.26334	0.01309	0.01498	0.01217	0.01727	0.01274	0.00995	0.03021	0.01937	0.40054	0.10602	0.02611	0.02268	0.00964	0.00704	0.00240	0.00604	0.00747	0.00798	0.01096
3	0.01588	0.03323	0.48603	0.02373	0.03364	0.01762	0.17519	0.02391	0.01723	0.02509	0.06185	0.02044	0.01484	0.00778	0.00792	0.00249	0.01128	0.00714	0.00381	0.01092
4	0.11737	0.02539	0.22546	0.01702	0.02433	0.10180	0.01708	0.07706	0.02035	0.27035	0.01980	0.01948	0.01338	0.00839	0.00720	0.00236	0.00911	0.00631	0.00622	0.01155
5	0.01232	0.00888	0.01125	0.01218	0.01353	0.00884	0.00893	0.08869	0.01791	0.02381	0.03958	0.53908	0.04567	0.02205	0.00977	0.00312	0.00539	0.11449	0.00726	0.00726
6	0.01581	0.03832	0.62750	0.02309	0.03421	0.01816	0.08669	0.02458	0.01655	0.02458	0.01408	0.01679	0.01000	0.00729	0.00753	0.00247	0.01161	0.00605	0.00333	0.01137
7	0.01311	0.02453	0.35951	0.01589	0.02279	0.01274	0.01815	0.01931	0.01853	0.02643	0.25827	0.03858	0.11675	0.01195	0.00823	0.00247	0.00772	0.01004	0.00565	0.00936

[dist]
# distance from previous block
# <min> <max>
0	2

[block]
# block no. 2 follows, 25 sequences, length 107
# corresponding to MSA columns:
# 100-206
name=unknown_C
#
# <colnr> <probs for GDERKNQSTAVLIFYWHMCP>
#	G	D	E	R	K	N	Q	S	T	A	V	L	I	F	Y	W	H	M	C	P
0	0.01591	0.08741	0.64313	0.02150	0.03262	0.01887	0.02760	0.02446	0.01633	0.02412	0.01370	0.01610	0.00983	0.00732	0.00720	0.00240	0.01124	0.00562	0.00328	0.01136
1	0.20435	0.03262	0.47721	0.01989	0.02947	0.01797	0.06620	0.02414	0.01572	0.02709	0.01327	0.01575	0.00960	0.00727	0.00686	0.00245	0.01023	0.00559	0.00369	0.01064
2	0.01058	0.01296	0.13530	0.01290	0.01540	0.00848	0.01119	0.01336	0.01513	0.02068	0.03737	0.59098	0.04356	0.02114	0.00943	0.00302	0.00579	0.01900	0.00647	0.00726
3	0.02246	0.01384	0.08759	0.01292	0.01774	0.01026	0.01143	0.02605	0.02050	0.33793	0.19276	0.09117	0.09587	0.01297	0.00837	0.00249	0.00599	0.01101	0.00823	0.01040
4	0.01728	0.03662	0.56541	0.02245	0.03306	0.01879	0.07502	0.09326	0.01871	0.02723	0.01456	0.01697	0.01034	0.00751	0.00755	0.00245	0.01126	0.00613	0.00381	0.01157
5	0.01681	0.01949	0.09624	0.02055	0.02180	0.02312	0.01824	0.01930	0.01237	0.01930	0.01059	0.01690	0.01014	0.01289	0.02347	0.00329	0.63664	0.00667	0.00338	0.00881
6	0.01804	0.02291	0.11527	0.03212	0.06530	0.01939	0.55792	0.02476	0.01806	0.02483	0.01545	0.02035	0.01157	0.00664	0.00890	0.00258	0.01274	0.00869	0.00385	0.01064
7	0.01602	0.01666	0.08941	0.01264	0.02003	0.01117	0.01131	0.02007	0.01611	0.02519	0.01380	0.01611	0.01130	0.00592	0.00592	0.00129	0.00637	0.00472	0.00445	0.69150
8	0.01163	0.00838	0.01056	0.01157	0.01264	0.00824	0.00802	0.08099	0.01721	0.02297	0.04010	0.64556	0.04712	0.02265	0.00966	0.00306	0.00494	0.02040	0.00726	0.00705
9	0.01612	0.11571	0.61668	0.02113	0.03207	0.01939	0.02697	0.02441	0.01630	0.02387	0.01357	0.01594	0.00984	0.00729	0.00711	0.00237	0.01111	0.00556	0.00328	0.01129
10	0.01857	0.09862	0.04519	0.03056	0.03827	0.02082	0.58131	0.02466	0.01802	0.02412	0.01515	0.01999	0.01157	0.00655	0.00869	0.00251	0.01255	0.00860	0.00386	0.01040
11	0.01648	0.16382	0.57173	0.02052	0.03112	0.02027	0.02590	0.02432	0.01626	0.02343	0.01335	0.01567	0.00984	0.00724	0.00694	0.00231	0.01089	0.00545	0.00328	0.01119
12	0.02016	0.65657	0.11128	0.01423	0.02139	0.02930	0.01495	0.02336	0.01582	0.01893	0.01112	0.01287	0.00994	0.00671	0.00524	0.00175	0.00864	0.00432	0.00331	0.01012
13	0.01025	0.00755	0.00975	0.01077	0.01191	0.00679	0.00731	0.01177	0.01483	0.02019	0.03879	0.61655	0.04595	0.05234	0.01071	0.00312	0.00476	0.01968	0.00681	0.09020
14	0.11126	0.03455	0.02082	0.01891	0.02299	0.62220	0.01426	0.03007	0.02101	0.02070	0.01186	0.01383	0.00981	0.00790	0.00675	0.00204	0.01311	0.00491	0.00408	0.00892
15	0.01128	0.00752	0.00846	0.00846	0.00846	0.00752	0.00470	0.01128	0.01128	0.01503	0.02443	0.05074	0.02819	0.72751	0.03946	0.00752	0.00752	0.01128	0.00470	0.00470
16	0.01555	0.04011	0.68733	0.02210	0.03356	0.01801	0.02865	0.02455	0.01637	0.02455	0.01391	0.01637	0.00982	0.00737	0.00737	0.00246	0.01146	0.00573	0.00327	0.01146
17	0.01610	0.01527	0.02588	0.49746	0.25346	0.01761	0.02226	0.02108	0.01619	0.02158	0.01404	0.02020	0.01096	0.00748	0.00773	0.00249	0.00998	0.00690	0.00357	0.00979
18	0.01339	0.00676	0.01004	0.01004	0.01004	0.00676	0.00666	0.01014	0.01014	0.01352	0.01386	0.02455	0.01400	0.05213	0.03063	0.74683	0.00676	0.00690	0.00341	0.00341
19	0.01919	0.01842	0.03147	0.04759	0.67914	0.01842	0.02380	0.02380	0.01765	0.02533	0.01458	0.01919	0.01228	0.00691	0.00768	0.00230	0.00921	0.00691	0.00384	0.01228
20	0.01540	0.01378	0.01948	0.34168	0.03496	0.01360	0.01503	0.01966	0.01581	0.02268	0.01378	0.01825	0.01094	0.00669	0.00669	0.00183	0.00792	0.00568	0.00405	0.41209
21	0.01673	0.01591	0.02703	0.40515	0.34080	0.01778	0.02257	0.02164	0.01649	0.02235	0.01415	0.01999	0.01123	0.00736	0.00772	0.00245	0.00982	0.00690	0.00363	0.01030
22	0.01608	0.01378	0.01608	0.01148	0.01837	0.01034	0.00919	0.01952	0.01608	0.02527	0.01378	0.01608	0.01148	0.00574	0.00574	0.00115	0.00574	0.00459	0.00459	0.77491
23	0.01414	0.01272	0.01962	0.02780	0.33416	0.01226	0.01489	0.01729	0.01716	0.02313	0.05835	0.19369	0.19469	0.01441	0.00861	0.00258	0.00660	0.01300	0.00562	0.00929
24	0.01608	0.01378	0.01608	0.01148	0.01837	0.01034	0.00919	0.01952	0.01608	0.02527	0.01378	0.01608	0.01148	0.00574	0.00574	0.00115	0.00574	0.00459	0.00459	0.77491
25	0.01847	0.02042	0.09669	0.08766	0.53179	0.01838	0.06569	0.02368	0.01743	0.02486	0.01454	0.01912	0.01188	0.00698	0.00775	0.00236	0.00976	0.00694	0.00376	0.01184
26	0.01549	0.01465	0.02479	0.58574	0.16991	0.01745	0.02195	0.02055	0.01590	0.02084	0.01393	0.02040	0.01070	0.00759	0.00774	0.00253	0.01013	0.00689	0.00352	0.00930
27	0.01997	0.01700	0.01792	0.01592	0.02042	0.01961	0.01244	0.08235	0.62287	0.03354	0.03069	0.02823	0.02296	0.01044	0.00788	0.00261	0.00630	0.00865	0.00788	0.01233
28	0.01013	0.00686	0.00876	0.01023	0.01079	0.00649	0.00681	0.01163	0.01472	0.02042	0.03942	0.59499	0.04607	0.07674	0.01168	0.00334	0.00463	0.01960	0.09040	0.00628
29	0.01698	0.01665	0.02443	0.02490	0.14258	0.02181	0.01775	0.01929	0.01299	0.01986	0.01171	0.01829	0.01119	0.01533	0.06727	0.00380	0.53565	0.00691	0.00353	0.00908
30	0.01741	0.07607	0.29071	0.02733	0.03647	0.01974	0.37016	0.02462	0.01739	0.02429	0.01468	0.01861	0.01090	0.00686	0.00819	0.00249	0.01213	0.00751	0.00363	0.01081
31	0.01823	0.01744	0.03013	0.04246	0.56328	0.01729	0.06416	0.02286	0.01817	0.02593	0.08681	0.02354	0.01890	0.00786	0.00794	0.00234	0.00886	0.00784	0.00436	0.01162
32	0.01220	0.00856	0.00968	0.00961	0.01239	0.00745	0.00764	0.01456	0.01813	0.08396	0.06704	0.07246	0.49647	0.01902	0.00932	0.00277	0.00478	0.12925	0.00741	0.00728
33	0.08721	0.31594	0.05587	0.01521	0.02147	0.02190	0.06185	0.08775	0.01911	0.18193	0.01740	0.01897	0.01332	0.04129	0.00793	0.00234	0.00818	0.00608	0.00548	0.01076
34	0.02184	0.60183	0.08797	0.01400	0.02094	0.02764	0.01425	0.02488	0.01649	0.09016	0.01314	0.01424	0.01093	0.00701	0.00546	0.00180	0.00835	0.00466	0.00399	0.01041
35	0.00953	0.00697	0.00896	0.01036	0.01118	0.00641	0.00705	0.01113	0.01573	0.02079	0.09532	0.59331	0.12858	0.02308	0.00975	0.00303	0.00437	0.02074	0.00730	0.00641
36	0.01994	0.01985	0.03074	0.04547	0.62872	0.07059	0.02312	0.02435	0.01799	0.02484	0.01438	0.01879	0.01211	0.00699	0.00762	0.00228	0.00958	0.00676	0.00385	0.01203
37	0.01918	0.01771	0.02548	0.03073	0.30776	0.01893	0.06022	0.03254	0.34041	0.02884	0.02312	0.02416	0.01792	0.00868	0.00788	0.00249	0.00794	0.00799	0.00586	0.01215
38	0.01108	0.00831	0.01246	0.01246	0.01385	0.00969	0.00969	0.01385	0.01246	0.01800	0.02077	0.03046	0.01938	0.05815	0.69678	0.01246	0.02077	0.00831	0.00415	0.00692
39	0.00957	0.00680	0.00896	0.01064	0.01106	0.00638	0.00703	0.01083	0.01460	0.01947	0.04150	0.67729	0.04973	0.07157	0.01188	0.00344	0.00470	0.02132	0.00703	0.00619
40	0.01347	0.00673	0.01010	0.01010	0.01010	0.00673	0.00673	0.01010	0.01010	0.01347	0.01347	0.02357	0.01347	0.02694	0.03030	0.77441	0.00673	0.00673	0.00337	0.00337
41	0.02896	0.03695	0.02197	0.01998	0.02397	0.69638	0.01498	0.03096	0.02197	0.01898	0.01199	0.01398	0.00999	0.00799	0.00699	0.00200	0.01398	0.00499	0.00400	0.00899
42	0.02793	0.01341	0.01729	0.01295	0.01927	0.01101	0.01059	0.03109	0.01995	0.44288	0.02443	0.02261	0.01637	0.00818	0.00704	0.00194	0.00628	0.00662	0.00776	0.29238
43	0.01555	0.04011	0.68733	0.02210	0.03356	0.01801	0.02865	0.02455	0.01637	0.02455	0.01391	0.01637	0.00982	0.00737	0.00737	0.00246	0.01146	0.00573	0.00327	0.01146
44	0.01929	0.01666	0.01753	0.01578	0.02016	0.01929	0.01227	0.04120	0.66513	0.03243	0.03156	0.02893	0.02367	0.01052	0.00789	0.00263	0.00614	0.00877	0.00789	0.01227
45	0.02090	0.02304	0.02542	0.26827	0.24115	0.24605	0.02004	0.02482	0.01836	0.02127	0.01343	0.01795	0.01083	0.00757	0.00747	0.00230	0.01121	0.00626	0.00375	0.00990
46	0.01555	0.04011	0.68733	0.02210	0.03356	0.01801	0.02865	0.02455	0.01637	0.02455	0.01391	0.01637	0.00982	0.00737	0.00737	0.00246	0.01146	0.00573	0.00327	0.01146
47	0.01128	0.00752	0.00846	0.00846	0.00846	0.00752	0.00470	0.01128	0.01128	0.01503	0.02443	0.05074	0.02819	0.72751	0.03946	0.00752	0.00752	0.01128	0.00470	0.00470
48	0.01249	0.00892	0.01249	0.01428	0.01606	0.00892	0.01249	0.01606	0.01785	0.02320	0.04105	0.08746	0.04462	0.02142	0.01071	0.00357	0.00714	0.62695	0.00714	0.00714
49	0.78228	0.01499	0.01140	0.01020	0.01499	0.01739	0.00840	0.02279	0.01320	0.03479	0.01080	0.01260	0.00840	0.00720	0.00480	0.00240	0.00600	0.00420	0.00480	0.00840
50	0.01464	0.01378	0.02326	0.70887	0.05340	0.01723	0.02153	0.01981	0.01550	0.01981	0.01378	0.02067	0.01034	0.00775	0.00775	0.00258	0.01034	0.00689	0.00345	0.00861
51	0.02783	0.02090	0.02234	0.01751	0.02342	0.02328	0.01434	0.55439	0.13803	0.04621	0.02071	0.02028	0.01488	0.00950	0.00778	0.00238	0.00815	0.00727	0.00778	0.01304
52	0.78228	0.01499	0.01140	0.01020	0.01499	0.01739	0.00840	0.02279	0.01320	0.03479	0.01080	0.01260	0.00840	0.00720	0.00480	0.00240	0.00600	0.00420	0.00480	0.00840
53	0.01898	0.01828	0.03074	0.04502	0.61699	0.01893	0.02315	0.02331	0.01711	0.02470	0.01417	0.01898	0.01208	0.00754	0.00935	0.00241	0.07563	0.00690	0.00380	0.01192
54	0.02947	0.02172	0.02327	0.01784	0.02404	0.02404	0.01474	0.65329	0.03646	0.04887	0.01862	0.01862	0.01319	0.00931	0.00776	0.00233	0.00853	0.00698	0.00776	0.01319
55	0.01347	0.00673	0.01010	0.01010	0.01010	0.00673	0.00673	0.01010	0.01010	0.01347	0.01347	0.02357	0.01347	0.02694	0.03030	0.77441	0.00673	0.00673	0.00337	0.00337
56	0.05786	0.02011	0.02140	0.01665	0.02221	0.02222	0.01354	0.56751	0.03315	0.04511	0.01885	0.02141	0.01441	0.07697	0.01063	0.00282	0.00834	0.00727	0.00735	0.01219
57	0.00945	0.00675	0.00900	0.01080	0.01125	0.00630	0.00720	0.01080	0.01484	0.01979	0.04274	0.72245	0.05128	0.02429	0.00990	0.00315	0.00450	0.02204	0.00720	0.00630
58	0.00916	0.00785	0.00785	0.00785	0.01047	0.00655	0.00589	0.01113	0.01767	0.02095	0.07855	0.07462	0.67599	0.01964	0.00916	0.00262	0.00393	0.01636	0.00720	0.00655
59	0.00937	0.00705	0.00869	0.01000	0.01104	0.00636	0.00684	0.01089	0.01561	0.02011	0.05243	0.54701	0.22046	0.02303	0.00970	0.00301	0.00434	0.02050	0.00720	0.00636
60	0.00978	0.00689	0.00890	0.01037	0.01074	0.00652	0.00675	0.01088	0.01420	0.01893	0.03943	0.60132	0.04712	0.15110	0.01523	0.00394	0.00504	0.02010	0.00675	0.00601
61	0.01128	0.00752	0.00846	0.00846	0.00846	0.00752	0.00470	0.01128	0.01128	0.01503	0.02443	0.05074	0.02819	0.72751	0.03946	0.00752	0.00752	0.01128	0.00470	0.00470
62	0.01108	0.00831	0.01246	0.01246	0.01385	0.00969	0.00969	0.01385	0.01246	0.01800	0.02077	0.03046	0.01938	0.05815	0.69678	0.01246	0.02077	0.00831	0.00415	0.00692
63	0.02850	0.01541	0.01849	0.01490	0.02014	0.01552	0.01202	0.21418	0.10727	0.34423	0.02856	0.10050	0.02152	0.01124	0.00803	0.00249	0.00687	0.00924	0.00858	0.01232
64	0.05880	0.01302	0.01715	0.01345	0.01901	0.01167	0.01102	0.03563	0.05251	0.58003	0.07952	0.02845	0.02318	0.01004	0.00780	0.00241	0.00633	0.00819	0.00926	0.01253
65	0.00945	0.00675	0.00900	0.01080	0.01125	0.00630	0.00720	0.01080	0.01484	0.01979	0.04274	0.72245	0.05128	0.02429	0.00990	0.00315	0.00450	0.02204	0.00720	0.00630
66	0.01108	0.00831	0.01246	0.01246	0.01385	0.00969	0.00969	0.01385	0.01246	0.01800	0.02077	0.03046	0.01938	0.05815	0.69678	0.01246	0.02077	0.00831	0.00415	0.00692
67	0.01961	0.01227	0.01433	0.01262	0.01627	0.01233	0.00986	0.09376	0.14871	0.17369	0.10159	0.08410	0.14618	0.06897	0.01092	0.00299	0.00593	0.04817	0.00786	0.00983
68	0.01128	0.00752	0.00846	0.00846	0.00846	0.00752	0.00470	0.01128	0.01128	0.01503	0.02443	0.05074	0.02819	0.72751	0.03946	0.00752	0.00752	0.01128	0.00470	0.00470
69	0.00945	0.00675	0.00900	0.01080	0.01125	0.00630	0.00720	0.01080	0.01484	0.01979	0.04274	0.72245	0.05128	0.02429	0.00990	0.00315	0.00450	0.02204	0.00720	0.00630
70	0.03479	0.01320	0.01799	0.01380	0.01979	0.01140	0.01140	0.03779	0.02219	0.68451	0.03059	0.02639	0.01919	0.00960	0.00780	0.00240	0.00660	0.00780	0.00960	0.01320
71	0.03479	0.01320	0.01799	0.01380	0.01979	0.01140	0.01140	0.03779	0.02219	0.68451	0.03059	0.02639	0.01919	0.00960	0.00780	0.00240	0.00660	0.00780	0.00960	0.01320
72	0.01249	0.00892	0.01249	0.01428	0.01606	0.00892	0.01249	0.01606	0.01785	0.02320	0.04105	0.08746	0.04462	0.02142	0.01071	0.00357	0.00714	0.62695	0.00714	0.00714
73	0.01128	0.00752	0.00846	0.00846	0.00846	0.00752	0.00470	0.01128	0.01128	0.01503	0.02443	0.05074	0.02819	0.72751	0.03946	0.00752	0.00752	0.01128	0.00470	0.00470
74	0.54871	0.01443	0.01346	0.01132	0.01649	0.01552	0.00933	0.02748	0.01601	0.23781	0.01698	0.01691	0.01177	0.00795	0.00574	0.00240	0.00619	0.00532	0.00630	0.00990
75	0.52232	0.01437	0.01369	0.01145	0.01666	0.01531	0.00944	0.02801	0.01632	0.26074	0.01768	0.01739	0.01215	0.00803	0.00584	0.00240	0.00621	0.00545	0.00647	0.01007
76	0.01445	0.00723	0.00723	0.00723	0.00903	0.00723	0.00542	0.01807	0.01626	0.02891	0.02529	0.02891	0.01987	0.00903	0.00542	0.00181	0.00361	0.00723	0.77055	0.00723
77	0.01138	0.00829	0.01110	0.01260	0.01419	0.00801	0.01037	0.01428	0.01732	0.02247	0.06865	0.22374	0.12171	0.02164	0.01029	0.00332	0.00606	0.40047	0.00721	0.00689
78	0.01278	0.00728	0.00830	0.00830	0.00894	0.00728	0.00530	0.01349	0.01285	0.01969	0.02286	0.03833	0.02271	0.35228	0.02580	0.13685	0.00600	0.00906	0.27653	0.00537
79	0.09990	0.00853	0.00851	0.00806	0.01051	0.00866	0.00621	0.02010	0.01638	0.08000	0.02412	0.02693	0.01857	0.00888	0.00554	0.00192	0.00410	0.00694	0.62834	0.00781
80	0.00945	0.00675	0.00900	0.01080	0.01125	0.00630	0.00720	0.01080	0.01484	0.01979	0.04274	0.72245	0.05128	0.02429	0.00990	0.00315	0.00450	0.02204	0.00720	0.00630
81	0.01216	0.00869	0.01211	0.01390	0.01554	0.00864	0.01192	0.01549	0.01752	0.02283	0.04124	0.15683	0.04535	0.02173	0.01062	0.00352	0.00685	0.56087	0.00715	0.00705
82	0.01309	0.00674	0.01000	0.01017	0.01021	0.00669	0.00678	0.01017	0.01055	0.01406	0.01623	0.08950	0.01704	0.02669	0.02838	0.70165	0.00652	0.00818	0.00373	0.00364
83	0.02947	0.02172	0.02327	0.01784	0.02404	0.02404	0.01474	0.65329	0.03646	0.04887	0.01862	0.01862	0.01319	0.00931	0.00776	0.00233	0.00853	0.00698	0.00776	0.01319
84	0.00916	0.00785	0.00785	0.00785	0.01047	0.00655	0.00589	0.01113	0.01767	0.02095	0.07855	0.07462	0.67599	0.01964	0.00916	0.00262	0.00393	0.01636	0.00720	0.00655
85	0.02940	0.02391	0.02308	0.01815	0.02403	0.12099	0.01477	0.56356	0.03437	0.04456	0.01766	0.01795	0.01272	0.00912	0.00765	0.00228	0.00932	0.00669	0.00721	0.01258
86	0.01608	0.01378	0.01608	0.01148	0.01837	0.01034	0.00919	0.01952	0.01608	0.02527	0.01378	0.01608	0.01148	0.00574	0.00574	0.00115	0.00574	0.00459	0.00459	0.77491
87	0.01108	0.00831	0.01246	0.01246	0.01385	0.00969	0.00969	0.01385	0.01246	0.01800	0.02077	0.03046	0.01938	0.05815	0.69678	0.01246	0.02077	0.00831	0.00415	0.00692
88	0.02049	0.01802	0.02200	0.02024	0.06428	0.09374	0.01551	0.02360	0.04348	0.11124	0.06553	0.02173	0.01695	0.01202	0.01783	0.00293	0.40861	0.00738	0.00492	0.00951
89	0.01608	0.01378	0.01608	0.01148	0.01837	0.01034	0.00919	0.01952	0.01608	0.02527	0.01378	0.01608	0.01148	0.00574	0.00574	0.00115	0.00574	0.00459	0.00459	0.77491
90	0.01929	0.01666	0.01753	0.01578	0.02016	0.01929	0.01227	0.04120	0.66513	0.03243	0.03156	0.02893	0.02367	0.01052	0.00789	0.00263	0.00614	0.00877	0.00789	0.01227
91	0.01166	0.00901	0.01293	0.01261	0.01365	0.01069	0.00963	0.01392	0.01223	0.01762	0.02032	0.03222	0.01983	0.15402	0.53518	0.01087	0.08412	0.00861	0.00416	0.00674
92	0.02902	0.03529	0.02211	0.01974	0.02398	0.62293	0.01495	0.09895	0.02355	0.02224	0.01271	0.01449	0.01034	0.00813	0.00707	0.00203	0.01339	0.00521	0.00441	0.00945
93	0.02073	0.73217	0.04063	0.01327	0.01990	0.03068	0.01327	0.02322	0.01575	0.01824	0.01078	0.01244	0.00995	0.00663	0.00498	0.00166	0.00829	0.00415	0.00332	0.00995
94	0.01578	0.01439	0.02326	0.65569	0.05114	0.01775	0.02101	0.06856	0.01712	0.02205	0.01415	0.02051	0.01056	0.00787	0.00775	0.00256	0.01020	0.00690	0.00378	0.00897
95	0.01097	0.00793	0.01036	0.00975	0.01158	0.00732	0.00732	0.01463	0.02195	0.03109	0.67505	0.05792	0.07316	0.01585	0.00914	0.00244	0.00366	0.01402	0.00854	0.00732
96	0.01187	0.00859	0.01167	0.01306	0.01482	0.00839	0.01106	0.01517	0.01808	0.02366	0.11331	0.12594	0.09677	0.02087	0.01036	0.00334	0.00633	0.47234	0.00730	0.00706
97	0.01608	0.01378	0.01608	0.01148	0.01837	0.01034	0.00919	0.01952	0.01608	0.02527	0.01378	0.01608	0.01148	0.00574	0.00574	0.00115	0.00574	0.00459	0.00459	0.77491
98	0.01608	0.01378	0.01608	0.01148	0.01837	0.01034	0.00919	0.01952	0.01608	0.02527	0.01378	0.01608	0.01148	0.00574	0.00574	0.00115	0.00574	0.00459	0.00459	0.77491
99	0.78228	0.01499	0.01140	0.01020	0.01499	0.01739	0.00840	0.02279	0.01320	0.03479	0.01080	0.01260	0.00840	0.00720	0.00480	0.00240	0.00600	0.00420	0.00480	0.00840
100	0.01231	0.00879	0.01228	0.01406	0.01577	0.00876	0.01217	0.01574	0.01766	0.02299	0.04116	0.12672	0.04503	0.02160	0.01066	0.00354	0.00698	0.58955	0.00714	0.00709
101	0.01788	0.01550	0.01630	0.01527	0.01899	0.04551	0.01210	0.03430	0.47386	0.03005	0.07575	0.04114	0.03031	0.01280	0.00846	0.00276	0.00649	0.12406	0.00763	0.01084
102	0.01249	0.00892	0.01249	0.01428	0.01606	0.00892	0.01249	0.01606	0.01785	0.02320	0.04105	0.08746	0.04462	0.02142	0.01071	0.00357	0.00714	0.62695	0.00714	0.00714
103	0.02764	0.01450	0.01744	0.01393	0.01879	0.01432	0.01109	0.20496	0.04691	0.34253	0.02892	0.05406	0.04808	0.10590	0.01213	0.00310	0.00706	0.00893	0.00818	0.01150
104	0.01608	0.01378	0.01608	0.01148	0.01837	0.01034	0.00919	0.01952	0.01608	0.02527	0.01378	0.01608	0.01148	0.00574	0.00574	0.00115	0.00574	0.00459	0.00459	0.77491
105	0.01880	0.01855	0.02644	0.07465	0.02606	0.04964	0.09908	0.08937	0.01607	0.02286	0.01216	0.01782	0.01072	0.01152	0.01930	0.00306	0.46360	0.00705	0.00397	0.00928
106	0.06936	0.00771	0.00961	0.01069	0.01181	0.00747	0.00754	0.01272	0.01629	0.02339	0.16871	0.50561	0.05214	0.02114	0.00939	0.00296	0.00456	0.04491	0.00728	0.00670

[dist]
# distance from previous block
# <min> <max>
3	7

[block]
# block no. 3 follows, 25 sequences, length 40
# corresponding to MSA columns:
# 214-253
name=unknown_D
#
# <colnr> <probs for GDERKNQSTAVLIFYWHMCP>
#	G	D	E	R	K	N	Q	S	T	A	V	L	I	F	Y	W	H	M	C	P
0	0.01886	0.48196	0.27444	0.01646	0.02484	0.02610	0.01883	0.02370	0.01598	0.02052	0.01191	0.01386	0.00990	0.00690	0.00584	0.00195	0.00944	0.00472	0.00330	0.01050
1	0.00932	0.00786	0.00807	0.00802	0.01057	0.00661	0.00602	0.01143	0.01805	0.02183	0.13070	0.07316	0.62329	0.01931	0.00916	0.00260	0.00390	0.01616	0.00732	0.00661
2	0.03011	0.01515	0.01880	0.01487	0.02028	0.01507	0.01218	0.14936	0.09900	0.43222	0.02935	0.02667	0.04387	0.01024	0.00874	0.00247	0.04233	0.00804	0.00865	0.01259
3	0.01128	0.00752	0.00846	0.00846	0.00846	0.00752	0.00470	0.01128	0.01128	0.01503	0.02443	0.05074	0.02819	0.72751	0.03946	0.00752	0.00752	0.01128	0.00470	0.00470
4	0.02896	0.03695	0.02197	0.01998	0.02397	0.69638	0.01498	0.03096	0.02197	0.01898	0.01199	0.01398	0.00999	0.00799	0.00699	0.00200	0.01398	0.00499	0.00400	0.00899
5	0.03310	0.01282	0.01745	0.01351	0.01921	0.01111	0.01111	0.03615	0.02217	0.63830	0.07617	0.02862	0.02301	0.01004	0.00789	0.00240	0.00639	0.00824	0.00952	0.01278
6	0.02905	0.02151	0.02303	0.01775	0.02388	0.02385	0.01464	0.62797	0.06246	0.04819	0.01915	0.01904	0.01362	0.00936	0.00776	0.00234	0.00843	0.00705	0.00776	0.01315
7	0.02047	0.69737	0.07315	0.01371	0.02059	0.03004	0.01404	0.02328	0.01579	0.01856	0.01094	0.01264	0.00994	0.00667	0.00510	0.00170	0.00845	0.00423	0.00331	0.01003
8	0.01464	0.01378	0.02326	0.70887	0.05340	0.01723	0.02153	0.01981	0.01550	0.01981	0.01378	0.02067	0.01034	0.00775	0.00775	0.00258	0.01034	0.00689	0.00345	0.00861
9	0.02342	0.01962	0.02750	0.06793	0.36340	0.02080	0.01975	0.29676	0.02571	0.03527	0.01629	0.01902	0.01258	0.00799	0.00771	0.00233	0.00897	0.00694	0.00552	0.01249
10	0.02947	0.02172	0.02327	0.01784	0.02404	0.02404	0.01474	0.65329	0.03646	0.04887	0.01862	0.01862	0.01319	0.00931	0.00776	0.00233	0.00853	0.00698	0.00776	0.01319
11	0.01347	0.00673	0.01010	0.01010	0.01010	0.00673	0.00673	0.01010	0.01010	0.01347	0.01347	0.02357	0.01347	0.02694	0.03030	0.77441	0.00673	0.00673	0.00337	0.00337
12	0.01730	0.01813	0.07100	0.15444	0.47239	0.01715	0.02217	0.02206	0.01721	0.02396	0.02000	0.02410	0.06982	0.00819	0.00780	0.00239	0.00909	0.00765	0.00403	0.01110
13	0.01896	0.08046	0.03162	0.09713	0.57178	0.01940	0.02270	0.02343	0.01732	0.02427	0.01419	0.01872	0.01192	0.00695	0.00745	0.00227	0.00922	0.00667	0.00376	0.01179
14	0.01108	0.00831	0.01246	0.01246	0.01385	0.00969	0.00969	0.01385	0.01246	0.01800	0.02077	0.03046	0.01938	0.05815	0.69678	0.01246	0.02077	0.00831	0.00415	0.00692
15	0.02829	0.01250	0.01640	0.01319	0.01817	0.01141	0.01066	0.03345	0.09088	0.48211	0.16156	0.03306	0.03063	0.01097	0.00808	0.00243	0.00595	0.00916	0.00920	0.01190
16	0.01707	0.01867	0.06868	0.44136	0.20307	0.07695	0.02198	0.02207	0.01665	0.02140	0.01383	0.01944	0.01075	0.00754	0.00764	0.00246	0.01045	0.00665	0.00358	0.00973
17	0.02761	0.01652	0.01919	0.01529	0.02053	0.01712	0.01239	0.32923	0.05960	0.24432	0.07152	0.08513	0.02312	0.01121	0.00806	0.00244	0.00711	0.00912	0.00835	0.01213
18	0.01105	0.00794	0.01081	0.01254	0.01377	0.00770	0.00996	0.01360	0.01654	0.02164	0.04313	0.36255	0.07016	0.02260	0.01030	0.00335	0.00588	0.34255	0.00717	0.00675
19	0.01793	0.33242	0.37095	0.01905	0.02822	0.02349	0.06291	0.02401	0.01624	0.02190	0.01270	0.01500	0.01000	0.00700	0.00647	0.00213	0.01022	0.00528	0.00333	0.01075
20	0.02079	0.11599	0.37839	0.01922	0.02781	0.02000	0.02170	0.11893	0.01970	0.11109	0.01609	0.01755	0.01156	0.00829	0.00847	0.00240	0.05966	0.00606	0.00476	0.01154
21	0.01395	0.01294	0.02188	0.01840	0.02072	0.01496	0.14481	0.01712	0.01357	0.01955	0.01795	0.04711	0.01683	0.05594	0.35123	0.00780	0.18462	0.00863	0.00403	0.00795
22	0.00945	0.00675	0.00900	0.01080	0.01125	0.00630	0.00720	0.01080	0.01484	0.01979	0.04274	0.72245	0.05128	0.02429	0.00990	0.00315	0.00450	0.02204	0.00720	0.00630
23	0.01647	0.01565	0.02656	0.44299	0.30500	0.01771	0.02244	0.02141	0.01637	0.02203	0.01410	0.02008	0.01112	0.00741	0.00772	0.00247	0.00988	0.00690	0.00360	0.01009
24	0.01708	0.01438	0.01662	0.01196	0.01880	0.01136	0.00960	0.06701	0.01761	0.02703	0.01414	0.01627	0.01161	0.00601	0.00589	0.00124	0.00595	0.00477	0.00483	0.71783
25	0.01108	0.00831	0.01246	0.01246	0.01385	0.00969	0.00969	0.01385	0.01246	0.01800	0.02077	0.03046	0.01938	0.05815	0.69678	0.01246	0.02077	0.00831	0.00415	0.00692
26	0.02548	0.23257	0.08539	0.01828	0.02366	0.45002	0.01569	0.02823	0.01974	0.01926	0.01181	0.01376	0.00996	0.00755	0.00646	0.00194	0.01216	0.00482	0.00374	0.00947
27	0.02073	0.73217	0.04063	0.01327	0.01990	0.03068	0.01327	0.02322	0.01575	0.01824	0.01078	0.01244	0.00995	0.00663	0.00498	0.00166	0.00829	0.00415	0.00332	0.00995
28	0.36323	0.04836	0.01725	0.01318	0.01864	0.01813	0.01094	0.16834	0.05263	0.19269	0.01830	0.01804	0.01287	0.00838	0.00634	0.00236	0.00682	0.00590	0.00669	0.01088
29	0.01807	0.00986	0.01252	0.01134	0.01441	0.00906	0.00866	0.02213	0.06549	0.22139	0.23004	0.18467	0.12896	0.01585	0.00881	0.00261	0.00491	0.01375	0.00835	0.00910
30	0.01830	0.02092	0.04575	0.03268	0.04052	0.01961	0.65098	0.02484	0.01830	0.02484	0.01569	0.02092	0.01176	0.00654	0.00915	0.00261	0.01307	0.00915	0.00392	0.01046
31	0.01821	0.27335	0.31911	0.08053	0.06203	0.02267	0.04431	0.05418	0.01719	0.02320	0.01315	0.01580	0.01027	0.00719	0.00668	0.00218	0.01008	0.00553	0.00357	0.01078
32	0.01531	0.02044	0.17403	0.47458	0.06892	0.01765	0.07756	0.02144	0.01601	0.02149	0.01400	0.01968	0.01041	0.00753	0.00778	0.00255	0.01079	0.00683	0.00346	0.00953
33	0.01667	0.01566	0.02644	0.34254	0.35092	0.01721	0.02198	0.02146	0.01670	0.02270	0.01610	0.02468	0.01369	0.00831	0.00792	0.00252	0.00957	0.05075	0.00389	0.01027
34	0.02896	0.03695	0.02197	0.01998	0.02397	0.69638	0.01498	0.03096	0.02197	0.01898	0.01199	0.01398	0.00999	0.00799	0.00699	0.00200	0.01398	0.00499	0.00400	0.00899
35	0.00916	0.00785	0.00785	0.00785	0.01047	0.00655	0.00589	0.01113	0.01767	0.02095	0.07855	0.07462	0.67599	0.01964	0.00916	0.00262	0.00393	0.01636	0.00720	0.00655
36	0.01884	0.06399	0.05750	0.30617	0.03635	0.04465	0.07237	0.02317	0.01652	0.10154	0.01531	0.01946	0.01158	0.00824	0.00945	0.00241	0.09005	0.00663	0.00436	0.09144
37	0.01445	0.00723	0.00723	0.00723	0.00903	0.00723	0.00542	0.01807	0.01626	0.02891	0.02529	0.02891	0.01987	0.00903	0.00542	0.00181	0.00361	0.00723	0.77055	0.00723
38	0.01892	0.04297	0.04997	0.06683	0.11106	0.01744	0.08849	0.08631	0.20494	0.05194	0.02376	0.08608	0.02014	0.01029	0.00800	0.00248	0.00802	0.03304	0.00599	0.06333
39	0.08554	0.06552	0.03569	0.02852	0.11162	0.02009	0.34875	0.02307	0.01662	0.02434	0.01522	0.02208	0.01279	0.00843	0.01083	0.00266	0.11617	0.03804	0.00403	0.01001

[dist]
# distance from previous block
# <min> <max>
1	2

[block]
# block no. 4 follows, 25 sequences, length 153
# corresponding to MSA columns:
# 256-408
name=unknown_E
#
# <colnr> <probs for GDERKNQSTAVLIFYWHMCP>
#	G	D	E	R	K	N	Q	S	T	A	V	L	I	F	Y	W	H	M	C	P
0	0.05156	0.06703	0.07180	0.13625	0.11078	0.01751	0.01622	0.07360	0.13753	0.17709	0.04782	0.02345	0.01764	0.00888	0.00750	0.00241	0.00795	0.00736	0.00624	0.01136
1	0.01108	0.00831	0.01246	0.01246	0.01385	0.00969	0.00969	0.01385	0.01246	0.01800	0.02077	0.03046	0.01938	0.05815	0.69678	0.01246	0.02077	0.00831	0.00415	0.00692
2	0.01126	0.00758	0.00876	0.00876	0.00886	0.00768	0.00507	0.01147	0.01136	0.01526	0.02416	0.04923	0.02753	0.67761	0.08847	0.00789	0.00850	0.01105	0.00466	0.00486
3	0.01253	0.00937	0.01330	0.06295	0.04256	0.00953	0.01245	0.01581	0.01704	0.02219	0.03852	0.10674	0.06575	0.07262	0.01243	0.00369	0.00721	0.46152	0.00658	0.00719
4	0.01830	0.02092	0.04575	0.03268	0.04052	0.01961	0.65098	0.02484	0.01830	0.02484	0.01569	0.02092	0.01176	0.00654	0.00915	0.00261	0.01307	0.00915	0.00392	0.01046
5	0.01994	0.62666	0.13922	0.01461	0.02198	0.02875	0.01561	0.02342	0.01585	0.01920	0.01126	0.01304	0.00993	0.00675	0.00534	0.00178	0.00877	0.00439	0.00331	0.01018
6	0.02103	0.60338	0.03643	0.01351	0.01956	0.04918	0.01284	0.07306	0.01729	0.02049	0.01239	0.01564	0.01148	0.05700	0.00766	0.00213	0.00843	0.00489	0.00379	0.00981
7	0.01130	0.01129	0.06451	0.01571	0.04818	0.00915	0.07722	0.01392	0.01546	0.02094	0.03639	0.56222	0.04216	0.02033	0.00952	0.00300	0.00615	0.01874	0.00640	0.00741
8	0.01649	0.06145	0.52254	0.04619	0.08047	0.01816	0.02564	0.04480	0.01706	0.02507	0.01399	0.01663	0.01025	0.00727	0.00721	0.00232	0.01064	0.00576	0.00356	0.06449
9	0.01575	0.06645	0.66271	0.02176	0.03304	0.01849	0.02806	0.02450	0.01635	0.02431	0.01380	0.01622	0.00983	0.00734	0.00728	0.00243	0.01134	0.00567	0.00328	0.01140
10	0.02869	0.06746	0.02421	0.01747	0.02349	0.02399	0.01459	0.56785	0.03375	0.07002	0.01828	0.01845	0.01310	0.00929	0.00816	0.00232	0.03183	0.00682	0.00739	0.01282
11	0.06107	0.01507	0.06277	0.01422	0.02054	0.01206	0.01245	0.03634	0.02147	0.61615	0.02874	0.02521	0.01816	0.00936	0.00766	0.00240	0.00690	0.00753	0.00899	0.01290
12	0.01555	0.04011	0.68733	0.02210	0.03356	0.01801	0.02865	0.02455	0.01637	0.02455	0.01391	0.01637	0.00982	0.00737	0.00737	0.00246	0.01146	0.00573	0.00327	0.01146
13	0.01464	0.01378	0.02326	0.70887	0.05340	0.01723	0.02153	0.01981	0.01550	0.01981	0.01378	0.02067	0.01034	0.00775	0.00775	0.00258	0.01034	0.00689	0.00345	0.00861
14	0.01919	0.01842	0.03147	0.04759	0.67914	0.01842	0.02380	0.02380	0.01765	0.02533	0.01458	0.01919	0.01228	0.00691	0.00768	0.00230	0.00921	0.00691	0.00384	0.01228
15	0.03439	0.01384	0.01839	0.01410	0.02011	0.01235	0.01165	0.08404	0.02326	0.63674	0.02969	0.02581	0.01874	0.00957	0.00779	0.00239	0.00674	0.00774	0.00946	0.01319
16	0.01445	0.00723	0.00723	0.00723	0.00903	0.00723	0.00542	0.01807	0.01626	0.02891	0.02529	0.02891	0.01987	0.00903	0.00542	0.00181	0.00361	0.00723	0.77055	0.00723
17	0.01796	0.01993	0.04327	0.03111	0.03841	0.01871	0.60620	0.02381	0.01773	0.02405	0.01553	0.02110	0.01188	0.00795	0.01062	0.05626	0.01263	0.00898	0.00388	0.00996
18	0.01128	0.00752	0.00846	0.00846	0.00846	0.00752	0.00470	0.01128	0.01128	0.01503	0.02443	0.05074	0.02819	0.72751	0.03946	0.00752	0.00752	0.01128	0.00470	0.00470
19	0.01931	0.01895	0.03041	0.09559	0.60175	0.05015	0.02321	0.02383	0.01770	0.02462	0.01440	0.01906	0.01203	0.00702	0.00765	0.00231	0.00952	0.00682	0.00382	0.01185
20	0.01464	0.01378	0.02326	0.70887	0.05340	0.01723	0.02153	0.01981	0.01550	0.01981	0.01378	0.02067	0.01034	0.00775	0.00775	0.00258	0.01034	0.00689	0.00345	0.00861
21	0.02947	0.02172	0.02327	0.01784	0.02404	0.02404	0.01474	0.65329	0.03646	0.04887	0.01862	0.01862	0.01319	0.00931	0.00776	0.00233	0.00853	0.00698	0.00776	0.01319
22	0.01497	0.00814	0.01134	0.01083	0.01141	0.00836	0.00748	0.07042	0.01257	0.01679	0.01395	0.02310	0.01344	0.02528	0.02819	0.70201	0.00690	0.00676	0.00378	0.00429
23	0.00945	0.00675	0.00900	0.01080	0.01125	0.00630	0.00720	0.01080	0.01484	0.01979	0.04274	0.72245	0.05128	0.02429	0.00990	0.00315	0.00450	0.02204	0.00720	0.00630
24	0.64866	0.01567	0.01535	0.01628	0.11146	0.01761	0.03054	0.02300	0.01400	0.03312	0.01149	0.01380	0.00906	0.00714	0.00535	0.00239	0.00668	0.00474	0.00463	0.00902
25	0.01790	0.21144	0.37618	0.01798	0.02690	0.02014	0.02088	0.02394	0.01628	0.05378	0.01374	0.01582	0.01053	0.00730	0.00725	0.00211	0.03633	0.00531	0.00376	0.11244
26	0.01445	0.00723	0.00723	0.00723	0.00903	0.00723	0.00542	0.01807	0.01626	0.02891	0.02529	0.02891	0.01987	0.00903	0.00542	0.00181	0.00361	0.00723	0.77055	0.00723
27	0.02947	0.02172	0.02327	0.01784	0.02404	0.02404	0.01474	0.65329	0.03646	0.04887	0.01862	0.01862	0.01319	0.00931	0.00776	0.00233	0.00853	0.00698	0.00776	0.01319
28	0.78228	0.01499	0.01140	0.01020	0.01499	0.01739	0.00840	0.02279	0.01320	0.03479	0.01080	0.01260	0.00840	0.00720	0.00480	0.00240	0.00600	0.00420	0.00480	0.00840
29	0.01002	0.00722	0.00959	0.01113	0.01199	0.00679	0.00798	0.01191	0.01594	0.02117	0.08810	0.54619	0.08103	0.02304	0.00994	0.00314	0.00483	0.11621	0.00728	0.00651
30	0.01836	0.02162	0.09632	0.08011	0.10825	0.01963	0.41520	0.05426	0.01836	0.02530	0.01509	0.01997	0.01152	0.00729	0.00964	0.00260	0.05370	0.00820	0.00398	0.01063
31	0.02041	0.67144	0.06648	0.01453	0.02141	0.02966	0.04375	0.02335	0.01590	0.01880	0.01113	0.01299	0.01003	0.00666	0.00527	0.00173	0.00864	0.00444	0.00334	0.01003
32	0.01609	0.01422	0.01894	0.15302	0.08728	0.01246	0.01300	0.01998	0.01611	0.02419	0.01386	0.01728	0.01133	0.00625	0.00632	0.00154	0.00698	0.00527	0.00430	0.55160
33	0.01889	0.22325	0.02753	0.01763	0.02022	0.07600	0.01511	0.02239	0.06248	0.01956	0.01251	0.01688	0.01148	0.01274	0.04412	0.00310	0.37706	0.00610	0.00378	0.00916
34	0.01117	0.00793	0.01055	0.01055	0.01127	0.00865	0.00731	0.01262	0.01190	0.01658	0.02252	0.04014	0.02359	0.37768	0.38300	0.01010	0.01444	0.00972	0.00441	0.00586
35	0.78228	0.01499	0.01140	0.01020	0.01499	0.01739	0.00840	0.02279	0.01320	0.03479	0.01080	0.01260	0.00840	0.00720	0.00480	0.00240	0.00600	0.00420	0.00480	0.00840
36	0.01109	0.00825	0.01216	0.01216	0.01344	0.00953	0.00931	0.01365	0.01237	0.01777	0.02105	0.03200	0.02005	0.10912	0.64673	0.01208	0.01976	0.00853	0.00420	0.00675
37	0.02972	0.02132	0.02302	0.01765	0.02385	0.02345	0.01458	0.62445	0.03579	0.07865	0.01918	0.01898	0.01347	0.00932	0.00776	0.00233	0.00844	0.00702	0.00784	0.01319
38	0.01880	0.02153	0.08958	0.03252	0.12181	0.01920	0.46748	0.02490	0.01793	0.05072	0.01574	0.02038	0.01191	0.00710	0.00953	0.00259	0.04500	0.00844	0.00406	0.01079
39	0.78228	0.01499	0.01140	0.01020	0.01499	0.01739	0.00840	0.02279	0.01320	0.03479	0.01080	0.01260	0.00840	0.00720	0.00480	0.00240	0.00600	0.00420	0.00480	0.00840
40	0.01673	0.01592	0.02703	0.40475	0.34118	0.01778	0.02257	0.02164	0.01649	0.02235	0.01415	0.01999	0.01123	0.00736	0.00772	0.00245	0.00982	0.00690	0.00363	0.01030
41	0.01608	0.01378	0.01608	0.01148	0.01837	0.01034	0.00919	0.01952	0.01608	0.02527	0.01378	0.01608	0.01148	0.00574	0.00574	0.00115	0.00574	0.00459	0.00459	0.77491
42	0.01445	0.00723	0.00723	0.00723	0.00903	0.00723	0.00542	0.01807	0.01626	0.02891	0.02529	0.02891	0.01987	0.00903	0.00542	0.00181	0.00361	0.00723	0.77055	0.00723
43	0.00941	0.00786	0.00819	0.00811	0.01062	0.00665	0.00608	0.01160	0.01825	0.02231	0.15882	0.07237	0.59487	0.01913	0.00916	0.00259	0.00389	0.01605	0.00738	0.00665
44	0.00955	0.00683	0.00909	0.01072	0.01127	0.00637	0.00721	0.01106	0.01534	0.02058	0.08669	0.67626	0.05280	0.02370	0.00984	0.00310	0.00444	0.02148	0.00729	0.00637
45	0.00964	0.00687	0.00909	0.01063	0.01118	0.00643	0.00712	0.01114	0.01532	0.02058	0.09553	0.64291	0.05233	0.04806	0.01086	0.00324	0.00453	0.02099	0.00722	0.00633
46	0.01651	0.01568	0.02662	0.43803	0.30969	0.01772	0.02246	0.02144	0.01638	0.02207	0.01411	0.02006	0.01113	0.00741	0.00772	0.00247	0.00988	0.00690	0.00361	0.01012
47	0.01249	0.00892	0.01249	0.01428	0.01606	0.00892	0.01249	0.01606	0.01785	0.02320	0.04105	0.08746	0.04462	0.02142	0.01071	0.00357	0.00714	0.62695	0.00714	0.00714
48	0.02896	0.03695	0.02197	0.01998	0.02397	0.69638	0.01498	0.03096	0.02197	0.01898	0.01199	0.01398	0.00999	0.00799	0.00699	0.00200	0.01398	0.00499	0.00400	0.00899
49	0.01464	0.01378	0.02326	0.70887	0.05340	0.01723	0.02153	0.01981	0.01550	0.01981	0.01378	0.02067	0.01034	0.00775	0.00775	0.00258	0.01034	0.00689	0.00345	0.00861
50	0.00916	0.00785	0.00785	0.00785	0.01047	0.00655	0.00589	0.01113	0.01767	0.02095	0.07855	0.07462	0.67599	0.01964	0.00916	0.00262	0.00393	0.01636	0.00720	0.00655
51	0.00945	0.00675	0.00900	0.01080	0.01125	0.00630	0.00720	0.01080	0.01484	0.01979	0.04274	0.72245	0.05128	0.02429	0.00990	0.00315	0.00450	0.02204	0.00720	0.00630
52	0.78228	0.01499	0.01140	0.01020	0.01499	0.01739	0.00840	0.02279	0.01320	0.03479	0.01080	0.01260	0.00840	0.00720	0.00480	0.00240	0.00600	0.00420	0.00480	0.00840
53	0.01108	0.00831	0.01246	0.01246	0.01385	0.00969	0.00969	0.01385	0.01246	0.01800	0.02077	0.03046	0.01938	0.05815	0.69678	0.01246	0.02077	0.00831	0.00415	0.00692
54	0.00959	0.00681	0.00895	0.01061	0.01102	0.00640	0.00700	0.01083	0.01456	0.01941	0.04127	0.66857	0.04943	0.08070	0.01227	0.00350	0.00474	0.02118	0.00700	0.00617
55	0.01608	0.01378	0.01608	0.01148	0.01837	0.01034	0.00919	0.01952	0.01608	0.02527	0.01378	0.01608	0.01148	0.00574	0.00574	0.00115	0.00574	0.00459	0.00459	0.77491
56	0.78228	0.01499	0.01140	0.01020	0.01499	0.01739	0.00840	0.02279	0.01320	0.03479	0.01080	0.01260	0.00840	0.00720	0.00480	0.00240	0.00600	0.00420	0.00480	0.00840
57	0.01798	0.05779	0.13592	0.02984	0.03788	0.02005	0.51108	0.02452	0.01769	0.02428	0.01502	0.01973	0.01135	0.00689	0.00923	0.00257	0.03554	0.00835	0.00378	0.01051
58	0.78228	0.01499	0.01140	0.01020	0.01499	0.01739	0.00840	0.02279	0.01320	0.03479	0.01080	0.01260	0.00840	0.00720	0.00480	0.00240	0.00600	0.00420	0.00480	0.00840
59	0.01890	0.01715	0.02395	0.03084	0.33685	0.01838	0.01762	0.03175	0.32752	0.02896	0.04952	0.02542	0.02020	0.00900	0.00784	0.00246	0.00752	0.00809	0.00597	0.01208
60	0.01963	0.01367	0.01644	0.01192	0.01864	0.01054	0.00961	0.02299	0.01724	0.15042	0.01697	0.01804	0.01295	0.00647	0.00613	0.00139	0.00590	0.00520	0.00554	0.63030
61	0.01010	0.00789	0.00915	0.00884	0.01105	0.00694	0.00663	0.01294	0.01988	0.02618	0.38634	0.06600	0.36494	0.01768	0.00915	0.00253	0.00379	0.01516	0.00789	0.00694
62	0.02792	0.06204	0.02339	0.02178	0.07266	0.62050	0.01557	0.03013	0.02141	0.01942	0.01213	0.01431	0.01016	0.00786	0.00697	0.00201	0.01341	0.00510	0.00396	0.00927
63	0.01097	0.00793	0.01036	0.00975	0.01158	0.00732	0.00732	0.01463	0.02195	0.03109	0.67505	0.05792	0.07316	0.01585	0.00914	0.00244	0.00366	0.01402	0.00854	0.00732
64	0.02006	0.04483	0.01847	0.01559	0.02013	0.01937	0.01227	0.04033	0.60961	0.06210	0.03069	0.02816	0.02292	0.01032	0.00777	0.00258	0.00624	0.00854	0.00779	0.01222
65	0.01445	0.00723	0.00723	0.00723	0.00903	0.00723	0.00542	0.01807	0.01626	0.02891	0.02529	0.02891	0.01987	0.00903	0.00542	0.00181	0.00361	0.00723	0.77055	0.00723
66	0.48812	0.01791	0.06285	0.01302	0.01786	0.05019	0.01134	0.04263	0.06384	0.06266	0.04453	0.01738	0.01348	0.00851	0.00718	0.00247	0.05595	0.00557	0.00526	0.00925
67	0.01441	0.00868	0.01150	0.01060	0.01297	0.00793	0.00815	0.01786	0.02145	0.12431	0.52198	0.08598	0.06298	0.01561	0.00906	0.00252	0.00429	0.04304	0.00856	0.00811
68	0.01897	0.01843	0.03218	0.06958	0.61297	0.01846	0.06731	0.02373	0.01762	0.02510	0.01463	0.01936	0.01218	0.00691	0.00778	0.00233	0.00952	0.00706	0.00383	0.01203
69	0.01859	0.01781	0.03039	0.13435	0.59705	0.01827	0.02350	0.02327	0.01737	0.02461	0.01448	0.01938	0.01203	0.00702	0.00769	0.00234	0.00936	0.00691	0.00379	0.01180
70	0.78228	0.01499	0.01140	0.01020	0.01499	0.01739	0.00840	0.02279	0.01320	0.03479	0.01080	0.01260	0.00840	0.00720	0.00480	0.00240	0.00600	0.00420	0.00480	0.00840
71	0.07329	0.10319	0.01979	0.01320	0.01915	0.01640	0.01091	0.09790	0.12973	0.08133	0.04163	0.02018	0.01616	0.00784	0.00646	0.00183	0.00645	0.00609	0.00591	0.32255
72	0.01834	0.01586	0.04893	0.01361	0.02044	0.01253	0.03520	0.05359	0.07243	0.07225	0.01675	0.01819	0.01306	0.00669	0.00637	0.00153	0.00651	0.00551	0.00528	0.55692
