[name]
unknown

[dist]
# distance from previous block
# <min> <max>
0	118

[block]
# block no. 0 follows, 23 sequences, length 6
# corresponding to MSA columns:
# 118-123
name=unknown_A
#
# <colnr> <probs for GDERKNQSTAVLIFYWHMCP>
#	G	D	E	R	K	N	Q	S	T	A	V	L	I	F	Y	W	H	M	C	P
0	0.17337	0.00996	0.01037	0.01009	0.01296	0.00980	0.00793	0.01598	0.01895	0.02868	0.24887	0.06002	0.26899	0.01669	0.00878	0.00274	0.00484	0.07596	0.00744	0.00759
1	0.26747	0.02379	0.01830	0.04892	0.02243	0.24225	0.01283	0.05485	0.11385	0.05312	0.01642	0.01766	0.01267	0.00845	0.00674	0.00233	0.00946	0.00581	0.00545	0.05721
2	0.02760	0.02053	0.02232	0.01773	0.02341	0.02276	0.01444	0.51622	0.08133	0.04600	0.02203	0.05878	0.01724	0.01414	0.05375	0.00322	0.00937	0.00840	0.00784	0.01289
3	0.02721	0.02052	0.02281	0.01816	0.02332	0.02315	0.01483	0.50442	0.03299	0.04452	0.02123	0.09296	0.01772	0.01189	0.01033	0.00265	0.08225	0.00897	0.00757	0.01250
4	0.02577	0.01959	0.02227	0.08973	0.02670	0.02111	0.01483	0.44143	0.03125	0.04232	0.01996	0.06678	0.01597	0.01012	0.00797	0.00235	0.00843	0.00803	0.00713	0.11826
5	0.02328	0.09301	0.02258	0.01569	0.02144	0.02004	0.01303	0.32367	0.02659	0.03641	0.01794	0.02053	0.01427	0.01818	0.13319	0.00408	0.01067	0.00671	0.00621	0.17247

[dist]
# distance from previous block
# <min> <max>
58	135

[block]
# block no. 1 follows, 23 sequences, length 6
# corresponding to MSA columns:
# 317-319,336-338
name=unknown_B
#
# <colnr> <probs for GDERKNQSTAVLIFYWHMCP>
#	G	D	E	R	K	N	Q	S	T	A	V	L	I	F	Y	W	H	M	C	P
0	0.01823	0.01226	0.01449	0.01305	0.01625	0.01276	0.01001	0.02659	0.20110	0.13834	0.14723	0.10044	0.13392	0.06572	0.01226	0.00313	0.04392	0.01242	0.00801	0.00987
1	0.01807	0.01440	0.01901	0.08987	0.07652	0.01493	0.03648	0.18742	0.02222	0.02994	0.02925	0.23939	0.05644	0.06080	0.01096	0.00302	0.00755	0.01285	0.00648	0.06440
2	0.02327	0.01691	0.01899	0.01462	0.02054	0.01648	0.01165	0.24687	0.06978	0.08895	0.02025	0.02351	0.01611	0.08337	0.01087	0.00258	0.00737	0.00705	0.00671	0.29410
3	0.02191	0.01879	0.02063	0.02053	0.11202	0.08205	0.01404	0.12683	0.18732	0.06134	0.02410	0.09514	0.02042	0.01057	0.00791	0.00235	0.00785	0.00884	0.00660	0.15076
4	0.02033	0.02387	0.09915	0.02968	0.14414	0.09883	0.23157	0.06616	0.05385	0.02663	0.01874	0.07815	0.01614	0.00953	0.00960	0.00265	0.04606	0.00911	0.00478	0.01103
5	0.06573	0.02434	0.02397	0.18592	0.13470	0.23213	0.01810	0.10006	0.08763	0.02722	0.01633	0.01932	0.01273	0.00851	0.00769	0.00242	0.01091	0.00664	0.00495	0.01071

[dist]
# distance from previous block
# <min> <max>
28	82

[block]
# block no. 2 follows, 23 sequences, length 9
# corresponding to MSA columns:
# 456-464
name=unknown_C
#
# <colnr> <probs for GDERKNQSTAVLIFYWHMCP>
#	G	D	E	R	K	N	Q	S	T	A	V	L	I	F	Y	W	H	M	C	P
0	0.10768	0.02538	0.20473	0.01993	0.07295	0.09917	0.01799	0.05951	0.05809	0.07283	0.04932	0.02442	0.01760	0.01394	0.06884	0.00343	0.01071	0.02914	0.00531	0.03903
1	0.04267	0.17764	0.25810	0.02151	0.08523	0.02109	0.04352	0.02855	0.12018	0.07081	0.01920	0.04451	0.01519	0.00880	0.00740	0.00243	0.00943	0.00712	0.00496	0.01166
2	0.08398	0.35289	0.07277	0.01539	0.02204	0.10706	0.01430	0.07045	0.04330	0.05804	0.01444	0.01574	0.01172	0.00764	0.00617	0.00197	0.00903	0.00520	0.00466	0.08319
3	0.06542	0.07638	0.13164	0.01786	0.07797	0.04116	0.01472	0.08473	0.04157	0.02633	0.06267	0.09056	0.08235	0.01471	0.01190	0.12800	0.00800	0.00941	0.00539	0.00922
4	0.01927	0.26209	0.14945	0.01793	0.02457	0.02266	0.06903	0.07885	0.01886	0.02551	0.06011	0.05123	0.01763	0.00947	0.00897	0.00230	0.07539	0.00725	0.00463	0.07482
5	0.01845	0.13133	0.08324	0.01516	0.02010	0.01798	0.01337	0.13137	0.13392	0.02918	0.02993	0.19231	0.05570	0.01401	0.00828	0.00261	0.00727	0.04009	0.00657	0.04913
6	0.01861	0.01443	0.02553	0.02014	0.02447	0.01423	0.22059	0.02348	0.07119	0.10857	0.08064	0.07300	0.02398	0.01860	0.07811	0.12738	0.03185	0.01013	0.00581	0.00927
7	0.47698	0.06696	0.05899	0.01311	0.01855	0.01933	0.01152	0.12576	0.01845	0.03555	0.01591	0.07765	0.01391	0.00950	0.00621	0.00252	0.00712	0.00668	0.00556	0.00975
8	0.01737	0.01581	0.07831	0.01499	0.01886	0.01406	0.01262	0.17805	0.06723	0.03044	0.03209	0.30112	0.03353	0.04323	0.01040	0.00307	0.00706	0.06824	0.00710	0.04641

[dist]
# distance from previous block
# <min> <max>
17	26

[block]
# block no. 3 follows, 23 sequences, length 12
# corresponding to MSA columns:
# 497-508
name=unknown_D
#
# <colnr> <probs for GDERKNQSTAVLIFYWHMCP>
#	G	D	E	R	K	N	Q	S	T	A	V	L	I	F	Y	W	H	M	C	P
0	0.02910	0.01666	0.02198	0.01697	0.02315	0.01623	0.06982	0.16034	0.10594	0.32949	0.02925	0.02734	0.04721	0.01003	0.00822	0.00247	0.00770	0.00844	0.00842	0.06124
1	0.02100	0.09088	0.09513	0.02622	0.03377	0.14721	0.33239	0.02640	0.01919	0.02420	0.01480	0.01867	0.01156	0.00712	0.00816	0.00233	0.01237	0.00739	0.00408	0.09713
2	0.01319	0.13816	0.01715	0.01214	0.01432	0.01309	0.00955	0.01555	0.01489	0.02016	0.08728	0.13711	0.03028	0.12001	0.31225	0.00782	0.01330	0.01106	0.00520	0.00748
3	0.01866	0.01746	0.05419	0.28662	0.04059	0.01667	0.18353	0.02403	0.01782	0.08382	0.01660	0.02108	0.01231	0.00750	0.00806	0.00238	0.01027	0.00739	0.00458	0.16645
4	0.01757	0.01319	0.01585	0.01201	0.01809	0.01028	0.00948	0.02097	0.01788	0.08589	0.07850	0.07874	0.02218	0.00896	0.00690	0.00162	0.00578	0.00753	0.00590	0.56269
5	0.01800	0.02356	0.14404	0.10597	0.04007	0.01940	0.39085	0.02463	0.01802	0.02510	0.01548	0.02051	0.01171	0.00738	0.00957	0.00262	0.04214	0.00825	0.00397	0.06872
6	0.06108	0.01432	0.04561	0.09189	0.02349	0.01271	0.01290	0.03149	0.04834	0.39451	0.08927	0.03355	0.08247	0.01120	0.00826	0.00257	0.00699	0.00924	0.00838	0.01172
7	0.02079	0.02029	0.04243	0.09126	0.04113	0.01931	0.50836	0.02707	0.01936	0.09938	0.01803	0.02252	0.01307	0.00732	0.00928	0.00271	0.01265	0.00920	0.00474	0.01110
8	0.02180	0.01707	0.01840	0.01631	0.02106	0.01936	0.01275	0.04276	0.58725	0.09721	0.03293	0.03001	0.02430	0.01091	0.00825	0.00273	0.00647	0.00907	0.00843	0.01294
9	0.02392	0.01531	0.02005	0.09618	0.08178	0.01594	0.01453	0.14179	0.10309	0.19783	0.12051	0.03500	0.02828	0.01158	0.00860	0.00264	0.00750	0.05604	0.00782	0.01164
10	0.01906	0.01623	0.01621	0.01456	0.01804	0.10211	0.01137	0.02649	0.17124	0.08929	0.06807	0.04075	0.15215	0.03656	0.05712	0.00351	0.06657	0.03594	0.00682	0.04792
11	0.16391	0.01856	0.01947	0.01577	0.02128	0.02038	0.01275	0.30634	0.14365	0.12342	0.02242	0.02308	0.01652	0.04533	0.00926	0.00279	0.00767	0.00746	0.00766	0.01226

[dist]
# distance from previous block
# <min> <max>
3	11

[block]
# block no. 4 follows, 23 sequences, length 9
# corresponding to MSA columns:
# 520-528
name=unknown_E
#
# <colnr> <probs for GDERKNQSTAVLIFYWHMCP>
#	G	D	E	R	K	N	Q	S	T	A	V	L	I	F	Y	W	H	M	C	P
0	0.01949	0.01877	0.06224	0.05728	0.13147	0.05913	0.06251	0.02917	0.19770	0.07294	0.05264	0.03342	0.09492	0.01091	0.00841	0.00257	0.00829	0.02772	0.00633	0.04409
1	0.02147	0.04298	0.02092	0.04646	0.05301	0.06991	0.01323	0.12835	0.07977	0.05851	0.05034	0.02133	0.01689	0.00860	0.00816	0.00201	0.04283	0.00664	0.00587	0.30271
2	0.01932	0.01542	0.01754	0.01368	0.01947	0.01425	0.01087	0.16788	0.06724	0.03306	0.08654	0.07541	0.02323	0.00983	0.00737	0.00190	0.00641	0.00812	0.00648	0.39597
3	0.01719	0.01821	0.09040	0.01773	0.02276	0.01666	0.07838	0.02973	0.29074	0.02879	0.06829	0.12375	0.02733	0.01228	0.00943	0.00268	0.04283	0.01065	0.00666	0.08550
4	0.09579	0.26526	0.11746	0.01382	0.01932	0.01974	0.01339	0.05193	0.01827	0.02585	0.12577	0.09863	0.05319	0.03898	0.00854	0.00255	0.00749	0.00920	0.00541	0.00943
5	0.06134	0.08607	0.02536	0.01854	0.02427	0.09009	0.06111	0.30571	0.13356	0.03754	0.01983	0.02086	0.01505	0.01238	0.04924	0.00307	0.01008	0.00726	0.00663	0.01202
6	0.01884	0.01914	0.09413	0.08394	0.02959	0.01789	0.16819	0.06721	0.07567	0.07487	0.02482	0.11745	0.04748	0.01204	0.01145	0.00287	0.10792	0.01049	0.00563	0.01040
7	0.02106	0.01928	0.08541	0.01588	0.02057	0.08293	0.01371	0.14346	0.10022	0.09406	0.16675	0.09818	0.03489	0.01342	0.00876	0.00266	0.00771	0.05297	0.00751	0.01058
8	0.01610	0.05570	0.01681	0.01664	0.08293	0.03931	0.01144	0.07879	0.02028	0.04455	0.14936	0.23727	0.07295	0.01766	0.01023	0.03626	0.00653	0.07155	0.00698	0.00867

[dist]
# distance from previous block
# <min> <max>
25	77

[block]
# block no. 5 follows, 23 sequences, length 7
# corresponding to MSA columns:
# 619-625
name=unknown_F
#
# <colnr> <probs for GDERKNQSTAVLIFYWHMCP>
#	G	D	E	R	K	N	Q	S	T	A	V	L	I	F	Y	W	H	M	C	P
0	0.08835	0.01824	0.02018	0.08206	0.02491	0.02028	0.01409	0.31151	0.14823	0.06536	0.02727	0.02921	0.06696	0.01104	0.00813	0.00261	0.00789	0.03431	0.00745	0.01191
1	0.02206	0.01915	0.08355	0.02065	0.10604	0.01794	0.01559	0.12038	0.25729	0.11120	0.08746	0.03055	0.05014	0.01080	0.00832	0.00260	0.00747	0.00905	0.00746	0.01229
2	0.04453	0.17856	0.05049	0.01758	0.02319	0.15779	0.06827	0.03098	0.17397	0.07991	0.02532	0.02537	0.07089	0.00970	0.00749	0.00235	0.00931	0.00766	0.00580	0.01084
3	0.01809	0.01635	0.02599	0.13810	0.26725	0.01716	0.07183	0.07696	0.07314	0.02715	0.02320	0.16377	0.02201	0.01164	0.00869	0.00270	0.00882	0.01087	0.00541	0.01086
4	0.01723	0.01984	0.08424	0.08767	0.09607	0.01824	0.29894	0.02257	0.01739	0.02422	0.01892	0.10892	0.01719	0.01017	0.01087	0.00277	0.08329	0.01010	0.00442	0.04695
5	0.01978	0.01512	0.05735	0.01396	0.01943	0.01233	0.01172	0.06042	0.07825	0.13884	0.02691	0.15860	0.02452	0.01214	0.00794	0.00227	0.00657	0.04146	0.00681	0.28557
6	0.01844	0.02200	0.14064	0.08246	0.05445	0.01813	0.22230	0.10260	0.06012	0.02852	0.02347	0.09069	0.05103	0.01024	0.00875	0.00266	0.01029	0.00990	0.00526	0.03807

[dist]
# distance from previous block
# <min> <max>
32	59

[block]
# block no. 6 follows, 23 sequences, length 6
# corresponding to MSA columns:
# 689-694
name=unknown_G
#
# <colnr> <probs for GDERKNQSTAVLIFYWHMCP>
#	G	D	E	R	K	N	Q	S	T	A	V	L	I	F	Y	W	H	M	C	P
0	0.02630	0.07253	0.02218	0.05683	0.02407	0.02035	0.01393	0.18616	0.27028	0.17960	0.02665	0.02515	0.01905	0.00999	0.00795	0.00254	0.00759	0.00799	0.00797	0.01288
1	0.06558	0.01971	0.02116	0.05498	0.02416	0.09082	0.05028	0.23115	0.11465	0.03561	0.08937	0.06396	0.02331	0.01072	0.00808	0.00245	0.00842	0.00880	0.00684	0.06995
2	0.01929	0.01712	0.02096	0.01776	0.02270	0.01884	0.07997	0.03809	0.50281	0.03256	0.07304	0.03068	0.02624	0.01066	0.00836	0.00265	0.00701	0.00935	0.00766	0.05424
3	0.02223	0.06169	0.02188	0.01937	0.07587	0.05535	0.01421	0.14923	0.37859	0.03428	0.02916	0.02802	0.05304	0.01056	0.00805	0.00257	0.00760	0.00858	0.00733	0.01239
4	0.05746	0.01267	0.01718	0.06120	0.03832	0.01251	0.06624	0.02034	0.08746	0.02766	0.19598	0.06271	0.16443	0.01338	0.00907	0.00251	0.02576	0.01156	0.00668	0.10687
5	0.01999	0.02309	0.06420	0.07131	0.14493	0.08811	0.36972	0.02582	0.01904	0.02516	0.01551	0.02031	0.01203	0.00712	0.00870	0.00251	0.01239	0.00816	0.00409	0.05783

[dist]
# distance from previous block
# <min> <max>
47	104

[block]
# block no. 7 follows, 23 sequences, length 119
# corresponding to MSA columns:
# 806-924
name=unknown_H
#
# <colnr> <probs for GDERKNQSTAVLIFYWHMCP>
#	G	D	E	R	K	N	Q	S	T	A	V	L	I	F	Y	W	H	M	C	P
0	0.02048	0.01661	0.01829	0.01674	0.05284	0.07347	0.01233	0.15982	0.02210	0.07107	0.05751	0.11679	0.07562	0.05331	0.04210	0.00329	0.07494	0.01036	0.00644	0.09587
1	0.11312	0.01625	0.05160	0.01326	0.01933	0.01398	0.01110	0.06791	0.09036	0.05991	0.04898	0.02308	0.01771	0.05410	0.00896	0.00227	0.00668	0.00658	0.00584	0.36899
2	0.02565	0.01958	0.02053	0.01649	0.02215	0.06241	0.01324	0.30702	0.11794	0.09093	0.02249	0.05446	0.01756	0.01217	0.03648	0.00276	0.00864	0.00792	0.00732	0.13424
3	0.02129	0.01694	0.01859	0.01507	0.02044	0.04409	0.01198	0.10204	0.19083	0.08594	0.04819	0.04373	0.02004	0.00974	0.00862	0.00217	0.04847	0.00766	0.00673	0.27743
4	0.03031	0.03867	0.02299	0.02090	0.02508	0.68226	0.01568	0.03240	0.02299	0.01986	0.01254	0.01463	0.01045	0.00836	0.00732	0.00209	0.01463	0.00523	0.00418	0.00941
5	0.61043	0.01583	0.01427	0.07963	0.02053	0.01817	0.01071	0.05758	0.01595	0.07548	0.01335	0.01527	0.00997	0.00787	0.00569	0.00253	0.00691	0.00507	0.00536	0.00940
6	0.02266	0.01866	0.01974	0.01701	0.02204	0.02134	0.01344	0.18108	0.50757	0.03794	0.02988	0.02777	0.02222	0.01071	0.00822	0.00268	0.00700	0.00874	0.00822	0.01307
7	0.01399	0.00997	0.01191	0.01193	0.01332	0.01019	0.00824	0.11632	0.01820	0.02437	0.03434	0.38758	0.03906	0.21268	0.04523	0.00479	0.00696	0.01678	0.00679	0.00737
8	0.00985	0.00722	0.00925	0.01088	0.01166	0.00663	0.00735	0.01135	0.01594	0.02088	0.04981	0.62391	0.13602	0.02476	0.01025	0.00322	0.00463	0.02226	0.00753	0.00663
9	0.01184	0.01085	0.05538	0.01295	0.01500	0.01003	0.01062	0.01514	0.01647	0.02346	0.20337	0.14802	0.04042	0.03739	0.31510	0.00746	0.04035	0.01246	0.00606	0.00763
10	0.01409	0.00705	0.01057	0.01057	0.01057	0.00705	0.00705	0.01057	0.01057	0.01409	0.01409	0.02467	0.01409	0.02819	0.03171	0.76392	0.00705	0.00705	0.00352	0.00352
11	0.40622	0.16105	0.02024	0.01241	0.01819	0.01929	0.01074	0.02843	0.01706	0.21397	0.01722	0.01728	0.01236	0.00813	0.00596	0.00235	0.00695	0.00546	0.00614	0.01056
12	0.02169	0.71972	0.04252	0.01388	0.02083	0.03211	0.01388	0.02430	0.01649	0.01909	0.01128	0.01302	0.01041	0.00694	0.00521	0.00174	0.00868	0.00434	0.00347	0.01041
13	0.00989	0.00706	0.00942	0.01130	0.01177	0.00659	0.00753	0.01130	0.01554	0.02071	0.04472	0.70954	0.05367	0.02542	0.01036	0.00330	0.00471	0.02307	0.00753	0.00659
14	0.02740	0.02144	0.02661	0.09589	0.09264	0.02353	0.05433	0.47328	0.03269	0.04391	0.01833	0.01992	0.01329	0.00914	0.00820	0.00248	0.00949	0.00742	0.00698	0.01302
15	0.01543	0.01456	0.02436	0.66688	0.05443	0.01832	0.02233	0.02068	0.01606	0.02068	0.01426	0.02147	0.01081	0.00837	0.00889	0.00274	0.03991	0.00721	0.00360	0.00901
16	0.02071	0.01873	0.01998	0.01992	0.08258	0.05521	0.01414	0.04081	0.55621	0.03249	0.03025	0.02847	0.02287	0.01051	0.00819	0.00268	0.00716	0.00878	0.00764	0.01266
17	0.00989	0.00706	0.00942	0.01130	0.01177	0.00659	0.00753	0.01130	0.01554	0.02071	0.04472	0.70954	0.05367	0.02542	0.01036	0.00330	0.00471	0.02307	0.00753	0.00659
18	0.03281	0.01716	0.02066	0.01594	0.02224	0.01697	0.01311	0.24890	0.06143	0.39315	0.02696	0.02447	0.01780	0.00983	0.00806	0.00244	0.00755	0.00778	0.00906	0.04366
19	0.01164	0.00780	0.00890	0.00905	0.00909	0.00776	0.00513	0.01176	0.01211	0.01614	0.02715	0.10731	0.03150	0.65790	0.03874	0.00749	0.00761	0.01273	0.00513	0.00505
20	0.03407	0.01417	0.01869	0.01455	0.02054	0.01280	0.01194	0.06714	0.05793	0.57522	0.06154	0.02895	0.02274	0.01039	0.00823	0.00252	0.00683	0.00849	0.00980	0.01346
21	0.01409	0.00705	0.01057	0.01057	0.01057	0.00705	0.00705	0.01057	0.01057	0.01409	0.01409	0.02467	0.01409	0.02819	0.03171	0.76392	0.00705	0.00705	0.00352	0.00352
22	0.05732	0.04054	0.63691	0.02245	0.03406	0.01881	0.02883	0.02560	0.01695	0.02628	0.01438	0.01692	0.01020	0.00770	0.00756	0.00257	0.01168	0.00591	0.00351	0.01182
23	0.00989	0.00706	0.00942	0.01130	0.01177	0.00659	0.00753	0.01130	0.01554	0.02071	0.04472	0.70954	0.05367	0.02542	0.01036	0.00330	0.00471	0.02307	0.00753	0.00659
24	0.01775	0.01775	0.02485	0.02130	0.02130	0.02485	0.01775	0.01953	0.01243	0.01953	0.01065	0.01775	0.01065	0.01420	0.02663	0.00355	0.69998	0.00710	0.00355	0.00888
25	0.01139	0.00829	0.01072	0.01011	0.01207	0.00762	0.00758	0.01514	0.02275	0.03203	0.63227	0.06145	0.10454	0.01678	0.00957	0.00256	0.00384	0.01479	0.00887	0.00762
26	0.01166	0.00841	0.01159	0.01159	0.01254	0.00936	0.00834	0.01356	0.01261	0.01776	0.02306	0.03921	0.02347	0.28681	0.46108	0.01125	0.01694	0.00977	0.00454	0.00644
27	0.77215	0.01569	0.01193	0.01067	0.01569	0.01820	0.00879	0.02385	0.01381	0.03641	0.01130	0.01318	0.00879	0.00753	0.00502	0.00251	0.00628	0.00439	0.00502	0.00879
28	0.02789	0.02126	0.02269	0.01807	0.02404	0.02378	0.01471	0.47246	0.20766	0.04637	0.02324	0.02247	0.01684	0.01009	0.00816	0.00252	0.00823	0.00782	0.00816	0.01353
29	0.06687	0.01372	0.01829	0.01415	0.02024	0.01206	0.01166	0.03814	0.02282	0.62355	0.05025	0.02801	0.02133	0.01014	0.00807	0.00251	0.00678	0.00820	0.00980	0.01341
30	0.06407	0.01709	0.01956	0.01552	0.02101	0.01777	0.01264	0.29768	0.06251	0.22656	0.13122	0.02904	0.02653	0.01094	0.00823	0.00250	0.00722	0.00875	0.00867	0.01248
31	0.00989	0.00706	0.00942	0.01130	0.01177	0.00659	0.00753	0.01130	0.01554	0.02071	0.04472	0.70954	0.05367	0.02542	0.01036	0.00330	0.00471	0.02307	0.00753	0.00659
32	0.01180	0.00787	0.00885	0.00885	0.00885	0.00787	0.00492	0.01180	0.01180	0.01573	0.02557	0.05310	0.02950	0.71483	0.04130	0.00787	0.00787	0.01180	0.00492	0.00492
33	0.00989	0.00706	0.00942	0.01130	0.01177	0.00659	0.00753	0.01130	0.01554	0.02071	0.04472	0.70954	0.05367	0.02542	0.01036	0.00330	0.00471	0.02307	0.00753	0.00659
34	0.00989	0.00706	0.00942	0.01130	0.01177	0.00659	0.00753	0.01130	0.01554	0.02071	0.04472	0.70954	0.05367	0.02542	0.01036	0.00330	0.00471	0.02307	0.00753	0.00659
35	0.00999	0.00711	0.00938	0.01117	0.01161	0.00666	0.00739	0.01133	0.01533	0.02044	0.04368	0.67389	0.05236	0.06286	0.01204	0.00354	0.00488	0.02246	0.00739	0.00650
36	0.06610	0.01124	0.01257	0.01176	0.01396	0.01179	0.00829	0.02304	0.15784	0.09642	0.02893	0.07991	0.02814	0.35880	0.02457	0.00531	0.00714	0.03949	0.00653	0.00819
37	0.03300	0.01340	0.01796	0.01409	0.01982	0.01187	0.01152	0.03716	0.05313	0.57211	0.09840	0.03123	0.02628	0.01078	0.00831	0.00253	0.00656	0.00890	0.00984	0.01311
38	0.77215	0.01569	0.01193	0.01067	0.01569	0.01820	0.00879	0.02385	0.01381	0.03641	0.01130	0.01318	0.00879	0.00753	0.00502	0.00251	0.00628	0.00439	0.00502	0.00879
39	0.08289	0.01642	0.01992	0.01537	0.02163	0.01603	0.01270	0.20522	0.02677	0.45590	0.02716	0.02441	0.01759	0.00979	0.00794	0.00249	0.00743	0.00768	0.00918	0.01348
40	0.03106	0.01294	0.01716	0.01386	0.01919	0.01149	0.01116	0.03501	0.05610	0.52638	0.03622	0.10820	0.05874	0.01241	0.00849	0.00263	0.00648	0.01040	0.00952	0.01256
41	0.00998	0.00714	0.00950	0.01123	0.01179	0.00665	0.00754	0.01154	0.01598	0.02142	0.08168	0.67056	0.05504	0.02489	0.01031	0.00325	0.00465	0.02256	0.00762	0.00665
42	0.74221	0.01662	0.01237	0.01108	0.01607	0.04500	0.00907	0.02420	0.01418	0.03574	0.01135	0.01324	0.00885	0.00757	0.00511	0.00249	0.00661	0.00443	0.00499	0.00881
43	0.00987	0.00712	0.00935	0.01114	0.01173	0.00660	0.00746	0.01132	0.01569	0.02078	0.04671	0.67605	0.08587	0.02516	0.01032	0.00327	0.00468	0.02275	0.00753	0.00660
44	0.01966	0.01256	0.01469	0.01318	0.01688	0.01277	0.01021	0.02924	0.23453	0.16966	0.13435	0.08116	0.12011	0.05644	0.01083	0.00304	0.00586	0.03599	0.00838	0.01044
45	0.00989	0.00706	0.00942	0.01130	0.01177	0.00659	0.00753	0.01130	0.01554	0.02071	0.04472	0.70954	0.05367	0.02542	0.01036	0.00330	0.00471	0.02307	0.00753	0.00659
46	0.03107	0.02116	0.02324	0.01795	0.02431	0.02300	0.01478	0.51951	0.06896	0.13886	0.02201	0.02123	0.01529	0.00985	0.00813	0.00246	0.00850	0.00753	0.00840	0.01375
47	0.01683	0.01442	0.01683	0.01202	0.01923	0.01082	0.00961	0.02043	0.01683	0.02644	0.01442	0.01683	0.01202	0.00601	0.00601	0.00120	0.00601	0.00481	0.00481	0.76444
48	0.42004	0.01772	0.01702	0.01385	0.01954	0.01956	0.01143	0.22735	0.02319	0.13504	0.01705	0.01739	0.01210	0.00863	0.00650	0.00249	0.00724	0.00591	0.00678	0.01118
49	0.02167	0.01259	0.01570	0.01455	0.01823	0.01265	0.01164	0.06078	0.15443	0.21582	0.03678	0.18747	0.03399	0.01634	0.00934	0.00301	0.00657	0.14938	0.00844	0.01062
50	0.02331	0.05615	0.02227	0.05535	0.02357	0.35376	0.01521	0.02572	0.01850	0.02037	0.01403	0.01849	0.01222	0.01520	0.08243	0.00358	0.17132	0.00624	0.05333	0.00896
51	0.01513	0.00785	0.00827	0.03650	0.01141	0.00800	0.00638	0.01898	0.01698	0.02985	0.02596	0.02989	0.02038	0.00940	0.00577	0.00192	0.00408	0.00755	0.72806	0.00762
52	0.01683	0.01442	0.01683	0.01202	0.01923	0.01082	0.00961	0.02043	0.01683	0.02644	0.01442	0.01683	0.01202	0.00601	0.00601	0.00120	0.00601	0.00481	0.00481	0.76444
53	0.01730	0.01723	0.02481	0.02119	0.02157	0.02348	0.04304	0.01926	0.01291	0.01988	0.01312	0.06309	0.01353	0.01462	0.02485	0.00350	0.62571	0.00825	0.00383	0.00881
54	0.01531	0.01378	0.02276	0.63082	0.05153	0.01705	0.02095	0.02056	0.01630	0.02162	0.01555	0.02244	0.01175	0.00824	0.00788	0.00263	0.01016	0.00724	0.07454	0.00888
55	0.77215	0.01569	0.01193	0.01067	0.01569	0.01820	0.00879	0.02385	0.01381	0.03641	0.01130	0.01318	0.00879	0.00753	0.00502	0.00251	0.00628	0.00439	0.00502	0.00879
56	0.03117	0.01590	0.08205	0.01441	0.02079	0.01207	0.01290	0.03502	0.02165	0.50626	0.02892	0.02643	0.01886	0.00958	0.00774	0.00239	0.00701	0.00774	0.09462	0.04450
57	0.00989	0.00706	0.00942	0.01130	0.01177	0.00659	0.00753	0.01130	0.01554	0.02071	0.04472	0.70954	0.05367	0.02542	0.01036	0.00330	0.00471	0.02307	0.00753	0.00659
58	0.14880	0.01338	0.01613	0.01303	0.01820	0.01266	0.01059	0.06323	0.02221	0.39550	0.13396	0.03301	0.06179	0.01127	0.00796	0.00253	0.00625	0.00906	0.00882	0.01161
59	0.00996	0.00718	0.00944	0.01111	0.01175	0.00666	0.00748	0.01153	0.01606	0.02140	0.07947	0.64777	0.08067	0.02474	0.01028	0.00323	0.00463	0.02236	0.00761	0.00666
60	0.03368	0.01492	0.01912	0.01502	0.02106	0.01399	0.01229	0.07908	0.11531	0.53694	0.03134	0.02747	0.02036	0.01016	0.00817	0.00254	0.00697	0.00825	0.00966	0.01367
61	0.03031	0.03867	0.02299	0.02090	0.02508	0.68226	0.01568	0.03240	0.02299	0.01986	0.01254	0.01463	0.01045	0.00836	0.00732	0.00209	0.01463	0.00523	0.00418	0.00941
62	0.19210	0.01502	0.01736	0.01386	0.01963	0.01479	0.01137	0.09405	0.05645	0.40680	0.02877	0.02627	0.04797	0.01003	0.00755	0.00253	0.00681	0.00775	0.00855	0.01234
63	0.00997	0.00710	0.00939	0.01120	0.01165	0.00664	0.00742	0.01132	0.01538	0.02050	0.04392	0.68192	0.05265	0.05443	0.01166	0.00349	0.00484	0.02259	0.00742	0.00652
64	0.00989	0.00706	0.00942	0.01130	0.01177	0.00659	0.00753	0.01130	0.01554	0.02071	0.04472	0.70954	0.05367	0.02542	0.01036	0.00330	0.00471	0.02307	0.00753	0.00659
65	0.01227	0.00783	0.00964	0.01024	0.01079	0.00752	0.00646	0.01307	0.01408	0.05321	0.03446	0.34445	0.03977	0.36942	0.02572	0.00554	0.00641	0.01663	0.00636	0.00614
66	0.01020	0.00727	0.00958	0.01102	0.01166	0.00680	0.00741	0.01187	0.01634	0.02204	0.12661	0.58667	0.05545	0.06142	0.01192	0.00344	0.00476	0.02133	0.00758	0.00664
67	0.06275	0.01230	0.01581	0.01291	0.01769	0.01121	0.01039	0.03104	0.05176	0.40519	0.20789	0.03836	0.06253	0.01223	0.00847	0.00254	0.00588	0.01022	0.00930	0.01152
68	0.77215	0.01569	0.01193	0.01067	0.01569	0.01820	0.00879	0.02385	0.01381	0.03641	0.01130	0.01318	0.00879	0.00753	0.00502	0.00251	0.00628	0.00439	0.00502	0.00879
69	0.36025	0.01519	0.01554	0.01297	0.01827	0.01606	0.01057	0.06028	0.09112	0.25158	0.05619	0.02289	0.01834	0.00937	0.00685	0.00254	0.00650	0.00691	0.00745	0.01113
70	0.01269	0.00807	0.01029	0.01096	0.01257	0.00728	0.00774	0.01461	0.01754	0.08829	0.10657	0.46543	0.16302	0.02215	0.00992	0.00305	0.00474	0.01969	0.00792	0.00747
71	0.01532	0.01442	0.02434	0.69533	0.05589	0.01803	0.02253	0.02073	0.01622	0.02073	0.01442	0.02163	0.01082	0.00811	0.00811	0.00270	0.01082	0.00721	0.00361	0.00901
72	0.03511	0.01442	0.01903	0.01475	0.02093	0.01302	0.01213	0.06501	0.06475	0.60220	0.03155	0.02745	0.02013	0.01009	0.00816	0.00252	0.00696	0.00819	0.00985	0.01375
73	0.10092	0.01418	0.01677	0.01384	0.01891	0.01407	0.01114	0.06581	0.14737	0.33133	0.11701	0.03312	0.05716	0.01135	0.00812	0.00257	0.00631	0.00925	0.00882	0.01196
74	0.01166	0.00919	0.01258	0.01324	0.01381	0.01025	0.00972	0.01338	0.01470	0.02024	0.03520	0.44490	0.04083	0.06093	0.10004	0.00482	0.12124	0.04993	0.00635	0.00702
75	0.01180	0.00787	0.00885	0.00885	0.00885	0.00787	0.00492	0.01180	0.01180	0.01573	0.02557	0.05310	0.02950	0.71483	0.04130	0.00787	0.00787	0.01180	0.00492	0.00492
76	0.01049	0.00731	0.00924	0.01053	0.01085	0.00699	0.00671	0.01146	0.01436	0.01915	0.03871	0.50340	0.04608	0.24191	0.02007	0.00473	0.00570	0.01953	0.00671	0.00607
77	0.01019	0.00799	0.00928	0.00995	0.01187	0.00709	0.00737	0.01238	0.01807	0.02280	0.12206	0.26284	0.36887	0.02178	0.00997	0.00298	0.00458	0.07535	0.00766	0.00691
78	0.02169	0.71972	0.04252	0.01388	0.02083	0.03211	0.01388	0.02430	0.01649	0.01909	0.01128	0.01302	0.01041	0.00694	0.00521	0.00174	0.00868	0.00434	0.00347	0.01041
79	0.01683	0.01442	0.01683	0.01202	0.01923	0.01082	0.00961	0.02043	0.01683	0.02644	0.01442	0.01683	0.01202	0.00601	0.00601	0.00120	0.00601	0.00481	0.00481	0.76444
80	0.01159	0.00869	0.01304	0.01304	0.01449	0.01014	0.01014	0.01449	0.01304	0.01884	0.02173	0.03188	0.02029	0.06086	0.68268	0.01304	0.02173	0.00869	0.00435	0.00724
81	0.77215	0.01569	0.01193	0.01067	0.01569	0.01820	0.00879	0.02385	0.01381	0.03641	0.01130	0.01318	0.00879	0.00753	0.00502	0.00251	0.00628	0.00439	0.00502	0.00879
82	0.02453	0.01826	0.01981	0.01678	0.02201	0.02041	0.01334	0.18210	0.43471	0.11045	0.02973	0.02744	0.02166	0.01060	0.00821	0.00265	0.00707	0.00862	0.00843	0.01318
83	0.01646	0.01532	0.02559	0.61962	0.05333	0.01859	0.05458	0.05804	0.01770	0.02284	0.01483	0.02152	0.01108	0.00814	0.00819	0.00269	0.01086	0.00734	0.00390	0.00940
84	0.04415	0.04805	0.09972	0.08656	0.25870	0.06463	0.05950	0.02212	0.01760	0.02416	0.02135	0.17483	0.02116	0.01152	0.00836	0.00263	0.00936	0.01046	0.00474	0.01040
85	0.01050	0.00776	0.00946	0.00999	0.01130	0.00710	0.00692	0.01253	0.01772	0.02353	0.21694	0.30652	0.19308	0.11204	0.01402	0.00357	0.00475	0.01799	0.00757	0.00672
86	0.00992	0.00723	0.00926	0.01085	0.01157	0.00667	0.00728	0.01136	0.01575	0.02068	0.04843	0.61259	0.12384	0.04911	0.01136	0.00339	0.00475	0.02198	0.00744	0.00656
87	0.01683	0.01442	0.01683	0.01202	0.01923	0.01082	0.00961	0.02043	0.01683	0.02644	0.01442	0.01683	0.01202	0.00601	0.00601	0.00120	0.00601	0.00481	0.00481	0.76444
88	0.01470	0.01348	0.02142	0.47591	0.04299	0.01633	0.01880	0.01898	0.01577	0.02092	0.01927	0.13930	0.01823	0.01156	0.01017	0.00281	0.07590	0.00980	0.00434	0.04934
89	0.02060	0.01601	0.01825	0.01379	0.02045	0.01433	0.01107	0.11275	0.11465	0.07308	0.01906	0.01991	0.01470	0.00755	0.00678	0.00169	0.00654	0.00603	0.00613	0.49660
90	0.11092	0.01235	0.01531	0.01269	0.01725	0.01164	0.01017	0.02974	0.05607	0.34708	0.24257	0.03730	0.03820	0.01203	0.00829	0.00254	0.00576	0.00999	0.00900	0.01110
91	0.01103	0.00821	0.01025	0.00988	0.01187	0.00744	0.00736	0.01437	0.02169	0.02981	0.51293	0.09928	0.19022	0.01785	0.00962	0.00263	0.00393	0.01561	0.00858	0.00744
92	0.02105	0.01561	0.01752	0.01631	0.04518	0.01696	0.01221	0.03724	0.43831	0.12687	0.03938	0.03648	0.11689	0.01211	0.00843	0.00270	0.00628	0.01011	0.00825	0.01211
93	0.03466	0.01373	0.01847	0.01435	0.02037	0.01210	0.01178	0.03867	0.04992	0.61568	0.05870	0.02913	0.02268	0.01036	0.00822	0.00252	0.00675	0.00848	0.00992	0.01351
94	0.00986	0.00716	0.00931	0.01104	0.01170	0.00661	0.00742	0.01133	0.01578	0.02082	0.04788	0.65639	0.10478	0.02501	0.01029	0.00325	0.00466	0.02257	0.00753	0.00661
95	0.01146	0.00866	0.01273	0.01273	0.01426	0.00993	0.00988	0.01430	0.01340	0.01904	0.02568	0.03489	0.06211	0.05822	0.63873	0.01237	0.02058	0.00924	0.00456	0.00722
96	0.02736	0.03249	0.02164	0.01963	0.02392	0.48946	0.01485	0.03552	0.20545	0.02396	0.01851	0.01919	0.01462	0.00913	0.00759	0.00228	0.01224	0.00638	0.00537	0.01041
97	0.00989	0.00706	0.00942	0.01130	0.01177	0.00659	0.00753	0.01130	0.01554	0.02071	0.04472	0.70954	0.05367	0.02542	0.01036	0.00330	0.00471	0.02307	0.00753	0.00659
98	0.01683	0.01442	0.01683	0.01202	0.01923	0.01082	0.00961	0.02043	0.01683	0.02644	0.01442	0.01683	0.01202	0.00601	0.00601	0.00120	0.00601	0.00481	0.00481	0.76444
99	0.00989	0.00706	0.00942	0.01130	0.01177	0.00659	0.00753	0.01130	0.01554	0.02071	0.04472	0.70954	0.05367	0.02542	0.01036	0.00330	0.00471	0.02307	0.00753	0.00659
100	0.01724	0.01592	0.02044	0.01620	0.02016	0.01714	0.01328	0.02002	0.01484	0.02333	0.01272	0.01724	0.01140	0.00970	0.01530	0.00226	0.31866	0.00584	0.00424	0.42404
101	0.01030	0.00750	0.00986	0.01134	0.01222	0.00684	0.00766	0.01185	0.01561	0.02106	0.04290	0.66793	0.05117	0.02426	0.01010	0.00317	0.00479	0.02197	0.00737	0.05211
102	0.00989	0.00706	0.00942	0.01130	0.01177	0.00659	0.00753	0.01130	0.01554	0.02071	0.04472	0.70954	0.05367	0.02542	0.01036	0.00330	0.00471	0.02307	0.00753	0.00659
103	0.01075	0.00813	0.00992	0.00977	0.01175	0.00730	0.00721	0.01379	0.02080	0.02809	0.42139	0.14295	0.24095	0.01877	0.00967	0.00269	0.00401	0.01638	0.00837	0.00730
104	0.01368	0.00705	0.01046	0.01064	0.01069	0.00700	0.00710	0.01064	0.01106	0.01475	0.01712	0.09231	0.01800	0.02792	0.02960	0.68879	0.00682	0.00863	0.00392	0.00383
105	0.02997	0.01435	0.01806	0.01466	0.02013	0.01384	0.01183	0.03857	0.19423	0.44494	0.08280	0.03100	0.02591	0.01083	0.00830	0.00258	0.00653	0.00896	0.00947	0.01305
106	0.01893	0.02123	0.04419	0.03213	0.03903	0.02121	0.53591	0.02496	0.01807	0.02496	0.01549	0.02123	0.01205	0.00802	0.01231	0.00287	0.12362	0.00918	0.00402	0.01061
107	0.07131	0.01432	0.01876	0.01445	0.02068	0.01284	0.01194	0.06671	0.02347	0.61066	0.03044	0.02655	0.01925	0.00991	0.00801	0.00251	0.00697	0.00794	0.00971	0.01357
108	0.03411	0.01642	0.02032	0.01569	0.02195	0.01594	0.01293	0.20317	0.05730	0.47017	0.02863	0.02552	0.01859	0.01001	0.00815	0.00250	0.00744	0.00797	0.00943	0.01376
109	0.01100	0.00787	0.01066	0.01231	0.01334	0.00752	0.00924	0.01334	0.01715	0.02285	0.09846	0.46363	0.05356	0.02372	0.01055	0.00336	0.00547	0.20137	0.00764	0.00695
110	0.01999	0.01044	0.01393	0.01231	0.01581	0.00934	0.00979	0.02343	0.02180	0.23919	0.31297	0.09038	0.05005	0.01516	0.00918	0.00266	0.00543	0.08348	0.00884	0.04582
111	0.01185	0.00787	0.01013	0.01112	0.01248	0.00718	0.00787	0.01377	0.01723	0.06442	0.10131	0.49122	0.14217	0.02283	0.01007	0.00312	0.00481	0.04552	0.00781	0.00723
112	0.00989	0.00706	0.00942	0.01130	0.01177	0.00659	0.00753	0.01130	0.01554	0.02071	0.04472	0.70954	0.05367	0.02542	0.01036	0.00330	0.00471	0.02307	0.00753	0.00659
113	0.02791	0.01285	0.01674	0.01353	0.01845	0.01181	0.01090	0.06127	0.06149	0.41649	0.21433	0.03700	0.03651	0.01199	0.00857	0.00253	0.00608	0.01008	0.00952	0.01196
114	0.01039	0.00755	0.00990	0.01145	0.01240	0.00705	0.00817	0.01233	0.01670	0.02207	0.08786	0.53034	0.10621	0.02403	0.01035	0.00326	0.00497	0.10058	0.00762	0.00680
115	0.01698	0.01615	0.02683	0.38604	0.27411	0.01845	0.02239	0.02179	0.01690	0.02282	0.01737	0.02322	0.03927	0.00872	0.00936	0.00265	0.05509	0.00763	0.00392	0.01032
116	0.24145	0.01531	0.07849	0.01275	0.01758	0.01327	0.01129	0.02498	0.04634	0.16311	0.25041	0.03433	0.03633	0.01147	0.00770	0.00254	0.00609	0.00923	0.00743	0.00989
117	0.03447	0.01430	0.01924	0.01574	0.04119	0.01288	0.01242	0.03939	0.07773	0.59391	0.03157	0.02761	0.02026	0.01004	0.00816	0.00253	0.00695	0.00822	0.00970	0.01369
118	0.63096	0.06132	0.09779	0.01245	0.01847	0.01912	0.01179	0.02411	0.01439	0.03400	0.01171	0.01367	0.00907	0.00752	0.00537	0.00247	0.00715	0.00459	0.00473	0.00929

[dist]
# distance from previous block
# <min> <max>
0	2

[block]
# block no. 8 follows, 23 sequences, length 49
# corresponding to MSA columns:
# 927-940,942-976
name=unknown_I
#
# <colnr> <probs for GDERKNQSTAVLIFYWHMCP>
#	G	D	E	R	K	N	Q	S	T	A	V	L	I	F	Y	W	H	M	C	P
0	0.01109	0.00811	0.01045	0.01052	0.01223	0.00747	0.00782	0.01427	0.02082	0.02869	0.44576	0.18997	0.12771	0.01905	0.00983	0.00279	0.00425	0.05338	0.00843	0.00736
1	0.07148	0.01815	0.02088	0.07544	0.02484	0.02028	0.01458	0.31634	0.09563	0.08990	0.05780	0.02901	0.02083	0.01126	0.00930	0.00268	0.04647	0.05583	0.00744	0.01186
2	0.01179	0.00774	0.01036	0.01098	0.01214	0.00720	0.00770	0.01370	0.01799	0.04903	0.25341	0.40497	0.05707	0.02202	0.01173	0.06442	0.00468	0.01832	0.00779	0.00699
3	0.01039	0.00744	0.00968	0.01117	0.01189	0.00700	0.00768	0.01202	0.01598	0.02125	0.07861	0.53588	0.07870	0.08824	0.01321	0.00369	0.00515	0.06809	0.00736	0.00658
4	0.01683	0.01442	0.01683	0.01202	0.01923	0.01082	0.00961	0.02043	0.01683	0.02644	0.01442	0.01683	0.01202	0.00601	0.00601	0.00120	0.00601	0.00481	0.00481	0.76444
5	0.02077	0.01647	0.01898	0.01491	0.02027	0.01634	0.01197	0.23555	0.02418	0.03431	0.05662	0.09374	0.02070	0.01064	0.00906	0.00212	0.06213	0.00837	0.00640	0.31647
6	0.13116	0.01731	0.01847	0.01545	0.02087	0.01883	0.01238	0.14125	0.31169	0.14554	0.02640	0.02479	0.01910	0.00986	0.00763	0.00254	0.00689	0.00776	0.00789	0.05418
7	0.01042	0.00745	0.00961	0.01105	0.01175	0.00702	0.00755	0.01196	0.01573	0.02084	0.06603	0.51669	0.08610	0.11366	0.01435	0.00386	0.00527	0.06692	0.00724	0.00650
8	0.01695	0.03286	0.41282	0.02642	0.03643	0.01876	0.24468	0.02500	0.01776	0.02553	0.01690	0.05727	0.01341	0.00838	0.00852	0.00267	0.01219	0.00822	0.00390	0.01132
9	0.01599	0.01500	0.02418	0.47654	0.04464	0.01900	0.04095	0.02052	0.01551	0.02124	0.01439	0.02131	0.01146	0.00954	0.01221	0.00285	0.16699	0.00729	0.05144	0.00896
10	0.01602	0.01356	0.01596	0.01193	0.01836	0.01032	0.00937	0.01937	0.01668	0.02577	0.01796	0.09766	0.01688	0.00827	0.00652	0.00145	0.00586	0.00694	0.00513	0.67600
11	0.01797	0.01439	0.01694	0.01216	0.01932	0.01088	0.00975	0.02155	0.01720	0.06405	0.01545	0.01746	0.01249	0.00625	0.00613	0.00128	0.00606	0.00500	0.00511	0.72056
12	0.00989	0.00706	0.00942	0.01130	0.01177	0.00659	0.00753	0.01130	0.01554	0.02071	0.04472	0.70954	0.05367	0.02542	0.01036	0.00330	0.00471	0.02307	0.00753	0.00659
13	0.01594	0.00899	0.01197	0.01142	0.01372	0.00815	0.00847	0.01882	0.02054	0.15614	0.32869	0.27084	0.05761	0.01823	0.00955	0.00279	0.00474	0.01618	0.00869	0.00853
14	0.25459	0.01460	0.01674	0.01345	0.01924	0.01432	0.01105	0.03509	0.06003	0.44089	0.02590	0.02348	0.01702	0.00936	0.00723	0.00253	0.00669	0.00710	0.00843	0.01225
15	0.01140	0.00829	0.01073	0.01012	0.01207	0.00762	0.00759	0.01515	0.02277	0.03207	0.63452	0.06138	0.10227	0.01676	0.00957	0.00256	0.00384	0.01478	0.00887	0.00762
16	0.01006	0.00719	0.00962	0.01150	0.01205	0.00674	0.00784	0.01160	0.01571	0.02091	0.04463	0.67535	0.05328	0.02526	0.01040	0.00332	0.00486	0.05551	0.00753	0.00664
17	0.03340	0.01448	0.01874	0.01482	0.02079	0.01346	0.01210	0.04021	0.13938	0.55191	0.03220	0.02811	0.02095	0.01022	0.00818	0.00256	0.00682	0.00835	0.00971	0.01363
18	0.01138	0.00829	0.01070	0.01010	0.01206	0.00761	0.00757	0.01511	0.02272	0.03195	0.62798	0.06158	0.10889	0.01681	0.00957	0.00256	0.00384	0.01481	0.00885	0.00761
19	0.01007	0.00717	0.00948	0.01112	0.01166	0.00671	0.00743	0.01157	0.01583	0.02123	0.08198	0.64065	0.05403	0.05502	0.01166	0.00345	0.00479	0.02206	0.00750	0.00658
20	0.01987	0.02273	0.04313	0.03159	0.03849	0.07383	0.51130	0.02573	0.01865	0.02473	0.01541	0.02081	0.01196	0.00785	0.01144	0.00278	0.09613	0.00893	0.00404	0.01057
21	0.01513	0.00756	0.00756	0.00756	0.00945	0.00756	0.00567	0.01891	0.01702	0.03025	0.02647	0.03025	0.02080	0.00945	0.00567	0.00189	0.00378	0.00756	0.75988	0.00756
22	0.02086	0.01777	0.01873	0.01665	0.02136	0.02050	0.01301	0.08069	0.61089	0.03503	0.03217	0.02959	0.02408	0.01093	0.00825	0.00273	0.00658	0.00906	0.00825	0.01290
23	0.01011	0.00724	0.00962	0.01114	0.01182	0.00674	0.00755	0.01187	0.01659	0.02239	0.13189	0.61759	0.05691	0.02417	0.01025	0.00319	0.00458	0.02188	0.00773	0.00674
24	0.01046	0.00787	0.01138	0.01232	0.01327	0.00735	0.03778	0.01233	0.01630	0.02191	0.09244	0.62462	0.05350	0.02382	0.01026	0.00321	0.00507	0.02175	0.00748	0.00689
25	0.00989	0.00706	0.00942	0.01130	0.01177	0.00659	0.00753	0.01130	0.01554	0.02071	0.04472	0.70954	0.05367	0.02542	0.01036	0.00330	0.00471	0.02307	0.00753	0.00659
26	0.07916	0.01392	0.01843	0.01422	0.02042	0.01229	0.01174	0.03863	0.02268	0.63303	0.03081	0.02678	0.01943	0.00990	0.00798	0.00251	0.00687	0.00794	0.00975	0.01352
27	0.03309	0.01307	0.01777	0.01387	0.01957	0.01136	0.01136	0.03632	0.02319	0.58494	0.11566	0.03201	0.02761	0.01091	0.00835	0.00252	0.00649	0.00903	0.00990	0.01299
28	0.02169	0.71972	0.04252	0.01388	0.02083	0.03211	0.01388	0.02430	0.01649	0.01909	0.01128	0.01302	0.01041	0.00694	0.00521	0.00174	0.00868	0.00434	0.00347	0.01041
29	0.01001	0.00715	0.00956	0.01144	0.01197	0.00670	0.00775	0.01152	0.01566	0.02086	0.04465	0.68472	0.05339	0.02530	0.01039	0.00331	0.00482	0.04662	0.00753	0.00663
30	0.01010	0.00715	0.00935	0.01103	0.01144	0.00673	0.00724	0.01135	0.01512	0.02016	0.04259	0.63637	0.05097	0.10226	0.01381	0.00380	0.00506	0.02181	0.00724	0.00640
31	0.03085	0.02273	0.02435	0.01867	0.02516	0.02516	0.01542	0.63716	0.03815	0.05114	0.01948	0.01948	0.01380	0.00974	0.00812	0.00244	0.00893	0.00731	0.00812	0.01380
32	0.07943	0.01445	0.01668	0.01220	0.01913	0.01154	0.00983	0.02300	0.01735	0.10446	0.01628	0.01783	0.01273	0.00661	0.00619	0.00146	0.00614	0.00518	0.00545	0.61406
33	0.03641	0.01381	0.01883	0.01444	0.02071	0.01193	0.01193	0.03954	0.02322	0.66984	0.03201	0.02762	0.02009	0.01004	0.00816	0.00251	0.00690	0.00816	0.01004	0.01381
34	0.00989	0.00706	0.00942	0.01130	0.01177	0.00659	0.00753	0.01130	0.01554	0.02071	0.04472	0.70954	0.05367	0.02542	0.01036	0.00330	0.00471	0.02307	0.00753	0.00659
35	0.03085	0.02273	0.02435	0.01867	0.02516	0.02516	0.01542	0.63716	0.03815	0.05114	0.01948	0.01948	0.01380	0.00974	0.00812	0.00244	0.00893	0.00731	0.00812	0.01380
36	0.01683	0.01442	0.01683	0.01202	0.01923	0.01082	0.00961	0.02043	0.01683	0.02644	0.01442	0.01683	0.01202	0.00601	0.00601	0.00120	0.00601	0.00481	0.00481	0.76444
37	0.02217	0.01059	0.01406	0.01206	0.01580	0.00938	0.00943	0.02534	0.02205	0.31102	0.28633	0.11425	0.08351	0.01485	0.00903	0.00262	0.00529	0.01282	0.00919	0.01021
38	0.01148	0.00829	0.01085	0.01021	0.01212	0.00766	0.00766	0.01531	0.02297	0.03254	0.65994	0.06061	0.07656	0.01659	0.00957	0.00255	0.00383	0.01467	0.00893	0.00766
39	0.01683	0.01442	0.01683	0.01202	0.01923	0.01082	0.00961	0.02043	0.01683	0.02644	0.01442	0.01683	0.01202	0.00601	0.00601	0.00120	0.00601	0.00481	0.00481	0.76444
40	0.01534	0.00963	0.01219	0.01131	0.01401	0.00899	0.00871	0.01993	0.06145	0.12057	0.39509	0.09566	0.12905	0.01660	0.00943	0.00269	0.00471	0.04721	0.00872	0.00869
41	0.01659	0.01366	0.01525	0.01391	0.01740	0.01501	0.01070	0.03165	0.39103	0.03336	0.29168	0.04279	0.04614	0.01331	0.00880	0.00267	0.00535	0.01144	0.00854	0.01070
42	0.00985	0.00719	0.00928	0.01096	0.01168	0.00662	0.00738	0.01134	0.01587	0.02085	0.04890	0.63916	0.12135	0.02488	0.01027	0.00323	0.00464	0.02241	0.00753	0.00662
43	0.01915	0.02189	0.04788	0.03420	0.04241	0.02052	0.63475	0.02599	0.01915	0.02599	0.01642	0.02189	0.01231	0.00684	0.00958	0.00274	0.01368	0.00958	0.00410	0.01094
44	0.01808	0.01319	0.01512	0.01310	0.01644	0.01381	0.01017	0.20278	0.07629	0.03675	0.32204	0.08407	0.04742	0.03823	0.00994	0.00272	0.00575	0.01204	0.05231	0.00974
45	0.01019	0.00728	0.00977	0.01165	0.01226	0.00686	0.00807	0.01183	0.01584	0.02106	0.04455	0.64988	0.05299	0.02513	0.01044	0.00334	0.00497	0.07969	0.00753	0.00668
46	0.02732	0.02053	0.02204	0.01775	0.02357	0.02291	0.01439	0.40609	0.25199	0.06867	0.02471	0.02358	0.01789	0.01020	0.00817	0.00255	0.00797	0.00799	0.00824	0.01346
47	0.00994	0.00727	0.00935	0.01086	0.01169	0.00668	0.00737	0.01156	0.01631	0.02152	0.08344	0.59666	0.12884	0.02434	0.01022	0.00319	0.00459	0.02188	0.00761	0.00668
48	0.01751	0.01041	0.01128	0.01060	0.01337	0.01085	0.00806	0.02539	0.16926	0.08077	0.03114	0.06934	0.04697	0.01182	0.00779	0.02845	0.00484	0.00919	0.42384	0.00911

[dist]
# distance from previous block
# <min> <max>
0	3

[block]
# block no. 9 follows, 23 sequences, length 23
# corresponding to MSA columns:
# 980-1002
name=unknown_J
#
# <colnr> <probs for GDERKNQSTAVLIFYWHMCP>
#	G	D	E	R	K	N	Q	S	T	A	V	L	I	F	Y	W	H	M	C	P
0	0.10876	0.01093	0.01325	0.01182	0.01531	0.01039	0.00915	0.02368	0.04185	0.22187	0.24003	0.15239	0.07797	0.01504	0.00870	0.00267	0.00529	0.01284	0.00847	0.00959
1	0.01003	0.00729	0.00921	0.01067	0.01139	0.00674	0.00711	0.01139	0.01557	0.02041	0.04785	0.56522	0.13114	0.08927	0.01315	0.00365	0.00492	0.02123	0.00729	0.00647
2	0.08594	0.00832	0.00797	0.00785	0.01004	0.00856	0.00596	0.01937	0.01672	0.03083	0.02505	0.02865	0.01967	0.00927	0.00561	0.00195	0.00401	0.00727	0.68926	0.00768
3	0.01031	0.00728	0.00944	0.01083	0.01134	0.00687	0.00713	0.01168	0.01551	0.02083	0.08829	0.55774	0.05162	0.13259	0.01514	0.00395	0.00514	0.02067	0.00723	0.00641
4	0.56193	0.01495	0.01289	0.01126	0.01600	0.01676	0.00918	0.06782	0.01716	0.07475	0.07464	0.01988	0.01683	0.00879	0.00589	0.00248	0.00614	0.00597	0.04743	0.00928
5	0.01308	0.00928	0.01169	0.01128	0.01234	0.01005	0.00782	0.05788	0.01421	0.01956	0.02355	0.04195	0.02458	0.39516	0.30270	0.00960	0.01365	0.01020	0.00491	0.00651
