[name]
unknown

[dist]
# distance from previous block
# <min> <max>
0	23

[block]
# block no. 0 follows, 23 sequences, length 50
# corresponding to MSA columns:
# 23-38,40-73
name=unknown_A
#
# <colnr> <probs for GDERKNQSTAVLIFYWHMCP>
#	G	D	E	R	K	N	Q	S	T	A	V	L	I	F	Y	W	H	M	C	P
0	0.04440	0.00966	0.01115	0.01143	0.01339	0.00969	0.00841	0.04354	0.06865	0.02423	0.07028	0.26164	0.18181	0.09961	0.04706	0.00406	0.00639	0.06994	0.00711	0.00754
1	0.47417	0.02290	0.19899	0.04648	0.02338	0.01795	0.01561	0.02529	0.01549	0.07553	0.01377	0.01567	0.01007	0.00778	0.00614	0.00254	0.00814	0.00523	0.00485	0.01004
2	0.06158	0.02436	0.02167	0.01776	0.02289	0.17931	0.01423	0.37132	0.03010	0.03905	0.02021	0.02117	0.04041	0.00994	0.00846	0.00238	0.03873	0.00710	0.05771	0.01161
3	0.01177	0.00756	0.01003	0.01140	0.01224	0.00701	0.00771	0.01323	0.01588	0.06442	0.04297	0.63266	0.05026	0.05665	0.01166	0.00346	0.00500	0.02153	0.00758	0.00700
4	0.01781	0.05690	0.51806	0.02697	0.13376	0.05607	0.02794	0.02590	0.01765	0.02532	0.01447	0.01735	0.01070	0.00765	0.00767	0.00249	0.01167	0.00610	0.00356	0.01194
5	0.01211	0.00844	0.01044	0.01001	0.01222	0.00757	0.00748	0.01523	0.02116	0.06085	0.42415	0.12137	0.22263	0.01807	0.00957	0.00266	0.00413	0.01573	0.00850	0.00766
6	0.06100	0.01610	0.02506	0.51294	0.07257	0.01912	0.04958	0.10080	0.01914	0.02602	0.01502	0.02082	0.01123	0.00820	0.00800	0.00265	0.01040	0.00717	0.00431	0.00986
7	0.01409	0.00705	0.01057	0.01057	0.01057	0.00705	0.00705	0.01057	0.01057	0.01409	0.01409	0.02467	0.01409	0.02819	0.03171	0.76392	0.00705	0.00705	0.00352	0.00352
8	0.01341	0.00987	0.01125	0.01049	0.01340	0.00931	0.00800	0.01908	0.10781	0.06748	0.28664	0.06187	0.31653	0.01711	0.00931	0.00266	0.00450	0.01456	0.00831	0.00841
9	0.01831	0.02054	0.04439	0.03212	0.03963	0.01926	0.57790	0.02466	0.01882	0.02551	0.01898	0.08421	0.01606	0.00852	0.00965	0.00279	0.01287	0.01080	0.00441	0.01055
10	0.77215	0.01569	0.01193	0.01067	0.01569	0.01820	0.00879	0.02385	0.01381	0.03641	0.01130	0.01318	0.00879	0.00753	0.00502	0.00251	0.00628	0.00439	0.00502	0.00879
11	0.01219	0.00832	0.00944	0.00944	0.00982	0.00831	0.00562	0.03400	0.01338	0.01775	0.02944	0.12321	0.05426	0.59081	0.03566	0.00700	0.00743	0.01304	0.00541	0.00548
12	0.01989	0.01640	0.01748	0.01556	0.02018	0.01834	0.01213	0.03945	0.54430	0.06041	0.03619	0.03347	0.07566	0.01153	0.00827	0.00268	0.00624	0.00959	0.00813	0.04410
13	0.12744	0.05532	0.02412	0.07422	0.02717	0.32195	0.05061	0.17187	0.02431	0.02982	0.01433	0.01650	0.01115	0.00841	0.00731	0.00230	0.01158	0.00598	0.00514	0.01045
14	0.05555	0.07796	0.08928	0.08834	0.24121	0.02063	0.10428	0.09122	0.06922	0.02894	0.01658	0.01989	0.01298	0.00780	0.00779	0.00242	0.00979	0.00713	0.00475	0.04427
15	0.09413	0.07540	0.02375	0.02146	0.08723	0.33558	0.01543	0.09552	0.07247	0.02676	0.01530	0.01731	0.01235	0.00876	0.00813	0.00229	0.04593	0.00599	0.02577	0.01044
16	0.01160	0.00895	0.01056	0.01034	0.01245	0.00849	0.00760	0.01625	0.07921	0.02749	0.33562	0.14609	0.22438	0.05096	0.01104	0.00297	0.00445	0.01577	0.00812	0.00766
17	0.01797	0.05225	0.32260	0.08761	0.05658	0.01758	0.07805	0.02457	0.01778	0.08277	0.06713	0.02335	0.01739	0.01241	0.05453	0.00331	0.04102	0.00753	0.00462	0.01095
18	0.01179	0.00791	0.00905	0.00905	0.00912	0.00798	0.00517	0.01193	0.01186	0.01588	0.02538	0.05209	0.02906	0.68357	0.07196	0.00811	0.00853	0.01165	0.00489	0.00503
19	0.01141	0.00824	0.01078	0.01026	0.01211	0.00761	0.00765	0.01513	0.02263	0.03201	0.63224	0.08982	0.07553	0.01699	0.00961	0.00259	0.00387	0.01505	0.00887	0.00761
20	0.02194	0.65236	0.06896	0.01468	0.02169	0.06758	0.01469	0.02481	0.01688	0.01942	0.01149	0.01329	0.01041	0.00705	0.00543	0.00179	0.00915	0.00446	0.00351	0.01043
21	0.02449	0.02877	0.08433	0.05697	0.20641	0.27713	0.01953	0.08516	0.08971	0.02664	0.01640	0.01881	0.01297	0.00838	0.00776	0.00235	0.01143	0.00656	0.00484	0.01136
22	0.02215	0.05352	0.06605	0.03895	0.43470	0.13623	0.02216	0.05084	0.05004	0.02630	0.01559	0.01913	0.01279	0.00772	0.00778	0.00235	0.01042	0.00678	0.00435	0.01213
23	0.01979	0.01698	0.01806	0.01643	0.02086	0.01958	0.01286	0.04166	0.61457	0.03341	0.03358	0.03367	0.02599	0.01164	0.00842	0.00281	0.00648	0.04247	0.00821	0.01255
24	0.05985	0.00986	0.01203	0.01070	0.01389	0.00899	0.00830	0.02012	0.02154	0.16464	0.36713	0.05469	0.18572	0.01554	0.00902	0.00258	0.00468	0.01324	0.00864	0.00884
25	0.01718	0.00858	0.00898	0.00846	0.01083	0.00854	0.00648	0.04439	0.01826	0.07436	0.02657	0.02965	0.02048	0.00950	0.00594	0.00195	0.00419	0.00759	0.67984	0.00823
26	0.01159	0.00869	0.01304	0.01304	0.01449	0.01014	0.01014	0.01449	0.01304	0.01884	0.02173	0.03188	0.02029	0.06086	0.68268	0.01304	0.02173	0.00869	0.00435	0.00724
27	0.05281	0.01468	0.01584	0.01354	0.01824	0.01510	0.01064	0.08160	0.26730	0.05883	0.09300	0.03765	0.14088	0.01212	0.00809	0.00243	0.00593	0.00998	0.00754	0.13381
28	0.01795	0.01083	0.01117	0.00997	0.01291	0.01122	0.00778	0.14904	0.02162	0.03391	0.03004	0.03231	0.07733	0.01052	0.00654	0.00208	0.00490	0.00838	0.53266	0.00882
29	0.77215	0.01569	0.01193	0.01067	0.01569	0.01820	0.00879	0.02385	0.01381	0.03641	0.01130	0.01318	0.00879	0.00753	0.00502	0.00251	0.00628	0.00439	0.00502	0.00879
30	0.02804	0.05888	0.02296	0.01927	0.02359	0.45260	0.01494	0.13767	0.02445	0.02588	0.01654	0.01838	0.03323	0.00933	0.00845	0.00223	0.05058	0.00616	0.03677	0.01003
31	0.01601	0.01514	0.01806	0.01633	0.01705	0.07689	0.01269	0.01765	0.01338	0.01849	0.01701	0.02927	0.01742	0.19257	0.18326	0.00669	0.31192	0.00843	0.00412	0.00759
32	0.00985	0.00816	0.00863	0.00866	0.01116	0.00694	0.00644	0.01210	0.01891	0.02324	0.15562	0.11194	0.54975	0.02031	0.00963	0.00275	0.00411	0.01714	0.00772	0.00694
33	0.01349	0.00838	0.00973	0.00941	0.01123	0.00837	0.00695	0.01775	0.04691	0.02916	0.25630	0.04345	0.04197	0.07952	0.05626	0.00347	0.00550	0.01068	0.33390	0.00757
34	0.01180	0.00787	0.00885	0.00885	0.00885	0.00787	0.00492	0.01180	0.01180	0.01573	0.02557	0.05310	0.02950	0.71483	0.04130	0.00787	0.00787	0.01180	0.00492	0.00492
35	0.01114	0.00740	0.00979	0.01129	0.01199	0.00689	0.00757	0.01254	0.01565	0.04839	0.04308	0.64260	0.05084	0.06421	0.01203	0.00352	0.00498	0.02178	0.00749	0.00681
36	0.02729	0.27781	0.02985	0.01844	0.02359	0.45396	0.01505	0.02956	0.02071	0.01959	0.01210	0.01407	0.01044	0.00786	0.00658	0.00197	0.01254	0.00491	0.00393	0.00976
37	0.01091	0.00807	0.01030	0.01142	0.01260	0.00773	0.00809	0.01414	0.05345	0.02376	0.15070	0.48354	0.09502	0.02261	0.01010	0.00313	0.00478	0.05463	0.00781	0.00720
38	0.01875	0.03730	0.51036	0.02610	0.11778	0.06346	0.02742	0.02674	0.01801	0.05787	0.01540	0.01789	0.01113	0.00781	0.00775	0.00251	0.01160	0.00622	0.00389	0.01202
39	0.02241	0.01854	0.01960	0.01696	0.02195	0.02122	0.01338	0.16710	0.52195	0.03753	0.03020	0.02802	0.02248	0.01074	0.00823	0.00269	0.00694	0.00878	0.00823	0.01304
40	0.01963	0.02265	0.11137	0.09594	0.48100	0.04774	0.05409	0.02504	0.01836	0.02564	0.01505	0.01969	0.01224	0.00739	0.00804	0.00245	0.01043	0.00710	0.00392	0.01220
41	0.01761	0.01575	0.05118	0.02263	0.15130	0.01485	0.05665	0.05565	0.13516	0.05839	0.13072	0.06006	0.10095	0.01326	0.00900	0.00274	0.00740	0.07928	0.00688	0.01054
42	0.01648	0.01648	0.02995	0.40722	0.07806	0.01880	0.17277	0.02170	0.01669	0.02221	0.01600	0.05262	0.01323	0.00909	0.01025	0.00280	0.07365	0.00851	0.00392	0.00956
43	0.05943	0.04920	0.02653	0.05153	0.08525	0.09208	0.07743	0.28314	0.06922	0.03625	0.01781	0.01981	0.01353	0.00912	0.00887	0.00248	0.04800	0.00718	0.03129	0.01185
44	0.01361	0.00982	0.01191	0.01126	0.01369	0.00960	0.00850	0.01971	0.11359	0.05766	0.38903	0.09356	0.13115	0.04607	0.01076	0.00291	0.00473	0.03563	0.00842	0.00841
45	0.01056	0.00735	0.00922	0.01043	0.01074	0.00704	0.00661	0.01148	0.01421	0.01895	0.03795	0.47741	0.04512	0.26921	0.02130	0.00491	0.00582	0.01908	0.00661	0.00600
46	0.01852	0.02127	0.06678	0.03145	0.06808	0.01933	0.48553	0.02470	0.01845	0.02558	0.01690	0.04553	0.01364	0.00780	0.00990	0.00265	0.04143	0.00933	0.00423	0.06891
47	0.22666	0.01953	0.01958	0.01557	0.02127	0.02177	0.01281	0.42000	0.02983	0.04539	0.01792	0.01875	0.01308	0.00913	0.00708	0.00241	0.00777	0.00655	0.07297	0.01192
48	0.01713	0.01469	0.01696	0.01243	0.01940	0.01167	0.00991	0.02249	0.07417	0.02712	0.01611	0.01804	0.01317	0.00646	0.00621	0.00134	0.00605	0.00520	0.00512	0.69632
49	0.64614	0.01597	0.01322	0.01146	0.01657	0.01819	0.00943	0.07999	0.01655	0.06640	0.01349	0.01498	0.01016	0.00791	0.00547	0.00248	0.00646	0.00494	0.03075	0.00943

[dist]
# distance from previous block
# <min> <max>
0	1

[block]
# block no. 1 follows, 23 sequences, length 109
# corresponding to MSA columns:
# 75-183
name=unknown_B
#
# <colnr> <probs for GDERKNQSTAVLIFYWHMCP>
#	G	D	E	R	K	N	Q	S	T	A	V	L	I	F	Y	W	H	M	C	P
0	0.69782	0.03904	0.01376	0.01131	0.01650	0.01912	0.00940	0.06519	0.01554	0.03684	0.01185	0.01360	0.00918	0.00766	0.00524	0.00248	0.00653	0.00459	0.00518	0.00918
1	0.01017	0.00824	0.00902	0.00883	0.01131	0.00710	0.00662	0.01276	0.01986	0.02516	0.25858	0.07275	0.48252	0.01934	0.00958	0.00268	0.00402	0.01638	0.00796	0.00710
2	0.66627	0.01628	0.01344	0.01162	0.01684	0.01857	0.00957	0.08339	0.01659	0.06778	0.01306	0.01447	0.00980	0.00786	0.00547	0.00250	0.00656	0.00485	0.00556	0.00951
3	0.07432	0.01345	0.01719	0.01366	0.01898	0.01241	0.01112	0.07850	0.02374	0.45438	0.15947	0.03296	0.03060	0.01122	0.00826	0.00251	0.00638	0.00922	0.00937	0.01224
4	0.01083	0.00746	0.00914	0.01009	0.01032	0.00722	0.00624	0.01155	0.01369	0.01825	0.03524	0.38448	0.04170	0.36680	0.02568	0.00556	0.00627	0.01749	0.00624	0.00576
5	0.02253	0.01691	0.01842	0.01621	0.02104	0.01899	0.01271	0.04260	0.55906	0.12582	0.03288	0.02989	0.02409	0.01087	0.00824	0.00272	0.00649	0.00903	0.00851	0.01298
6	0.03542	0.01403	0.01880	0.01456	0.02074	0.01243	0.01198	0.03976	0.06115	0.63133	0.03207	0.02778	0.02037	0.01010	0.00817	0.00253	0.00688	0.00822	0.00993	0.01375
7	0.02940	0.05951	0.02340	0.01939	0.02420	0.44462	0.01507	0.19742	0.02662	0.02890	0.01505	0.01664	0.01186	0.00874	0.00738	0.00216	0.01232	0.00587	0.04089	0.01056
8	0.63459	0.01640	0.01387	0.01187	0.01715	0.01861	0.00979	0.09771	0.01733	0.08083	0.01367	0.01490	0.01014	0.00796	0.00560	0.00250	0.00663	0.00499	0.00573	0.00972
9	0.01876	0.01884	0.02275	0.10535	0.09695	0.12103	0.05520	0.04593	0.03534	0.02290	0.02044	0.08686	0.04003	0.07253	0.01471	0.00314	0.14521	0.00912	0.00476	0.06014
10	0.02315	0.01806	0.01939	0.11965	0.02536	0.06919	0.01378	0.29564	0.04871	0.03632	0.02137	0.06388	0.01727	0.01092	0.00848	0.02715	0.00824	0.00819	0.15454	0.01070
11	0.25558	0.01600	0.02109	0.30369	0.12710	0.01851	0.01734	0.07549	0.01771	0.02946	0.01442	0.01887	0.01108	0.00799	0.00704	0.00255	0.00881	0.00635	0.03106	0.00986
12	0.01462	0.01112	0.01224	0.01154	0.01471	0.01120	0.00895	0.02319	0.19956	0.05499	0.15544	0.05717	0.27763	0.01613	0.00899	0.00271	0.00502	0.04933	0.05637	0.00907
13	0.01112	0.00772	0.00918	0.00961	0.01012	0.00744	0.00599	0.01204	0.01444	0.01929	0.10384	0.22914	0.08159	0.41136	0.02760	0.00575	0.00635	0.01544	0.00622	0.00578
14	0.03641	0.01381	0.01883	0.01444	0.02071	0.01193	0.01193	0.03954	0.02322	0.66984	0.03201	0.02762	0.02009	0.01004	0.00816	0.00251	0.00690	0.00816	0.01004	0.01381
15	0.01172	0.00783	0.00887	0.00895	0.00897	0.00782	0.00502	0.01178	0.01195	0.01593	0.02633	0.07911	0.03046	0.68752	0.04007	0.00769	0.00774	0.01225	0.00502	0.00498
16	0.03085	0.02273	0.02435	0.01867	0.02516	0.02516	0.01542	0.63716	0.03815	0.05114	0.01948	0.01948	0.01380	0.00974	0.00812	0.00244	0.00893	0.00731	0.00812	0.01380
17	0.01771	0.14888	0.51003	0.02093	0.03155	0.04561	0.02571	0.02543	0.01723	0.02446	0.01395	0.01636	0.01041	0.00751	0.00720	0.00234	0.01122	0.00563	0.00354	0.05430
18	0.01787	0.02002	0.07341	0.05513	0.06282	0.01866	0.31262	0.02436	0.05693	0.02521	0.01808	0.06504	0.01535	0.00920	0.01091	0.00265	0.09399	0.00910	0.00454	0.10410
19	0.11039	0.01946	0.05946	0.10234	0.50132	0.01902	0.02298	0.02443	0.01765	0.02714	0.01467	0.01925	0.01206	0.00737	0.00766	0.00246	0.00945	0.00683	0.00407	0.01197
20	0.01027	0.00755	0.01036	0.05167	0.01439	0.00731	0.00842	0.01202	0.01589	0.02121	0.06877	0.64164	0.05210	0.02403	0.01019	0.00323	0.00503	0.02178	0.00736	0.00678
21	0.02533	0.05881	0.06701	0.02028	0.06427	0.21969	0.01586	0.22164	0.02489	0.03076	0.01661	0.02080	0.01375	0.06869	0.01172	0.00282	0.06008	0.00683	0.03940	0.01076
22	0.01683	0.01442	0.01683	0.01202	0.01923	0.01082	0.00961	0.02043	0.01683	0.02644	0.01442	0.01683	0.01202	0.00601	0.00601	0.00120	0.00601	0.00481	0.00481	0.76444
23	0.03117	0.02220	0.02403	0.01842	0.02490	0.02438	0.01522	0.60185	0.03727	0.08770	0.02022	0.01996	0.01417	0.00976	0.00812	0.00244	0.00881	0.00736	0.00823	0.01380
24	0.00968	0.00822	0.00834	0.00831	0.01102	0.00689	0.00624	0.01182	0.01871	0.02242	0.10953	0.07726	0.63328	0.02036	0.00959	0.00273	0.00410	0.01701	0.00760	0.00689
25	0.01178	0.00794	0.00923	0.00923	0.00936	0.00807	0.00539	0.01204	0.01191	0.01601	0.02522	0.05119	0.02867	0.65607	0.09893	0.00833	0.00911	0.01152	0.00487	0.00513
26	0.01241	0.00852	0.01101	0.01026	0.01241	0.00778	0.00774	0.01609	0.02269	0.05862	0.59648	0.06035	0.11171	0.01657	0.00951	0.00256	0.00398	0.01456	0.00889	0.00786
27	0.01216	0.00953	0.01413	0.01380	0.01512	0.01149	0.01084	0.01495	0.01298	0.01890	0.02072	0.03058	0.01940	0.05657	0.62241	0.01217	0.08404	0.00855	0.00427	0.00739
28	0.05039	0.05083	0.02201	0.01992	0.08799	0.12135	0.01440	0.23315	0.15051	0.03465	0.02842	0.02828	0.10150	0.01077	0.00798	0.00246	0.00863	0.00844	0.00674	0.01160
29	0.01203	0.00885	0.01188	0.01168	0.01241	0.00998	0.00829	0.01360	0.01246	0.01752	0.02278	0.04036	0.02377	0.34429	0.36491	0.01024	0.05412	0.00996	0.00455	0.00632
30	0.01683	0.01442	0.01683	0.01202	0.01923	0.01082	0.00961	0.02043	0.01683	0.02644	0.01442	0.01683	0.01202	0.00601	0.00601	0.00120	0.00601	0.00481	0.00481	0.76444
31	0.05024	0.05850	0.45497	0.02381	0.07189	0.01905	0.07126	0.02746	0.05347	0.06986	0.01671	0.01881	0.01202	0.00792	0.00773	0.00255	0.01096	0.00654	0.00430	0.01195
32	0.01046	0.00785	0.01128	0.01225	0.01313	0.00734	0.03712	0.01219	0.01591	0.02132	0.07042	0.62469	0.05189	0.04839	0.01137	0.00340	0.00520	0.02165	0.00734	0.00679
33	0.02242	0.02033	0.09936	0.02240	0.05038	0.01789	0.17941	0.13255	0.06076	0.13563	0.06403	0.05913	0.04482	0.01056	0.00956	0.00267	0.04049	0.00958	0.00651	0.01154
34	0.01009	0.00720	0.00964	0.01153	0.01208	0.00676	0.00788	0.01164	0.01573	0.02094	0.04461	0.67092	0.05323	0.02523	0.01041	0.00332	0.00488	0.05972	0.00753	0.00665
35	0.01879	0.01805	0.03066	0.21496	0.42674	0.01909	0.06044	0.02505	0.05844	0.02545	0.01625	0.02125	0.01305	0.00768	0.00816	0.00253	0.00998	0.00749	0.00419	0.01174
36	0.02758	0.02764	0.02047	0.01764	0.02212	0.34397	0.01368	0.22238	0.02668	0.03181	0.01742	0.01916	0.01350	0.00901	0.00726	0.00216	0.01074	0.00634	0.15000	0.01045
37	0.01671	0.03920	0.59070	0.02554	0.07492	0.01898	0.07041	0.02567	0.01735	0.02577	0.01473	0.01764	0.01058	0.00762	0.00786	0.00257	0.01196	0.00631	0.00351	0.01198
38	0.01009	0.00720	0.00964	0.01153	0.01208	0.00676	0.00788	0.01164	0.01573	0.02094	0.04461	0.67092	0.05323	0.02523	0.01041	0.00332	0.00488	0.05972	0.00753	0.00665
39	0.02046	0.02002	0.07030	0.08968	0.54865	0.01875	0.02431	0.02550	0.01851	0.06255	0.01611	0.02044	0.01297	0.00748	0.00803	0.00245	0.00971	0.00721	0.00429	0.01260
40	0.77215	0.01569	0.01193	0.01067	0.01569	0.01820	0.00879	0.02385	0.01381	0.03641	0.01130	0.01318	0.00879	0.00753	0.00502	0.00251	0.00628	0.00439	0.00502	0.00879
41	0.04689	0.02193	0.05068	0.01738	0.02268	0.11963	0.01429	0.13646	0.31330	0.10539	0.02643	0.02687	0.01989	0.01043	0.00806	0.00259	0.00843	0.02895	0.00747	0.01224
42	0.03328	0.01494	0.01906	0.01504	0.02103	0.01411	0.01228	0.07405	0.13263	0.52454	0.03148	0.02762	0.02054	0.01019	0.00817	0.00255	0.00694	0.00829	0.00962	0.01364
43	0.01933	0.02165	0.07061	0.03933	0.28606	0.02012	0.34278	0.02530	0.01854	0.02594	0.01566	0.02080	0.01237	0.00731	0.00953	0.00263	0.03798	0.00839	0.00402	0.01167
44	0.01027	0.00744	0.00975	0.01142	0.01208	0.00706	0.00771	0.01246	0.03596	0.02158	0.06763	0.66341	0.05362	0.02463	0.01026	0.00325	0.00473	0.02231	0.00761	0.00683
45	0.07157	0.51118	0.03742	0.01643	0.04704	0.02735	0.05253	0.02639	0.01744	0.10601	0.01447	0.01577	0.01179	0.00739	0.00596	0.00198	0.00864	0.00528	0.00449	0.01088
46	0.01159	0.00869	0.01304	0.01304	0.01449	0.01014	0.01014	0.01449	0.01304	0.01884	0.02173	0.03188	0.02029	0.06086	0.68268	0.01304	0.02173	0.00869	0.00435	0.00724
47	0.02091	0.01694	0.01848	0.01705	0.04107	0.01909	0.01288	0.06141	0.53525	0.07120	0.03471	0.03213	0.05980	0.01133	0.00831	0.00272	0.00651	0.00944	0.00818	0.01259
48	0.02779	0.01706	0.01955	0.01558	0.02078	0.01797	0.01268	0.32520	0.04691	0.19763	0.07025	0.05008	0.02222	0.01097	0.00852	0.00247	0.02476	0.00867	0.08862	0.01229
49	0.00999	0.00714	0.00951	0.01122	0.01179	0.00666	0.00754	0.01157	0.01604	0.02151	0.08618	0.66581	0.05521	0.02483	0.01030	0.00325	0.00465	0.02250	0.00763	0.00666
50	0.02962	0.01680	0.05953	0.01569	0.02175	0.01517	0.01337	0.03990	0.23610	0.41308	0.03127	0.02787	0.02107	0.01023	0.00816	0.00260	0.00706	0.00837	0.00902	0.01337
51	0.01007	0.00714	0.00936	0.01106	0.01148	0.00672	0.00728	0.01135	0.01517	0.02023	0.04285	0.64547	0.05131	0.09271	0.01338	0.00374	0.00502	0.02197	0.00728	0.00643
52	0.02933	0.02126	0.02273	0.01760	0.02364	0.02346	0.01448	0.57738	0.03611	0.04912	0.02016	0.02052	0.01448	0.00971	0.00788	0.00238	0.00843	0.00733	0.08080	0.01320
53	0.07128	0.51113	0.08510	0.01483	0.02133	0.04645	0.01467	0.02452	0.03867	0.02131	0.01298	0.01532	0.01143	0.01081	0.04851	0.00266	0.02993	0.00502	0.00382	0.01024
54	0.28017	0.01751	0.03979	0.01453	0.01992	0.01832	0.01209	0.13216	0.17925	0.13853	0.02312	0.05391	0.01762	0.01003	0.00720	0.00260	0.00698	0.00762	0.00721	0.01145
55	0.69342	0.01681	0.04316	0.01147	0.01690	0.01786	0.00996	0.02487	0.01452	0.07334	0.01267	0.01422	0.00952	0.00769	0.00533	0.00251	0.00658	0.00469	0.00524	0.00923
56	0.01710	0.01466	0.01695	0.01238	0.01938	0.01157	0.00987	0.02226	0.06778	0.02704	0.01592	0.01791	0.01305	0.00641	0.00619	0.00133	0.00604	0.00516	0.00509	0.70392
57	0.01161	0.00862	0.01268	0.01268	0.01401	0.00995	0.00969	0.01426	0.01293	0.01857	0.02206	0.03370	0.02108	0.11698	0.62763	0.01260	0.02054	0.00896	0.00440	0.00704
58	0.00989	0.00706	0.00942	0.01130	0.01177	0.00659	0.00753	0.01130	0.01554	0.02071	0.04472	0.70954	0.05367	0.02542	0.01036	0.00330	0.00471	0.02307	0.00753	0.00659
59	0.29554	0.01349	0.01492	0.01233	0.01737	0.01341	0.01003	0.02956	0.01980	0.32817	0.13761	0.02838	0.02620	0.01032	0.00729	0.00252	0.00613	0.00798	0.00804	0.01090
60	0.02142	0.01395	0.01462	0.01235	0.01616	0.01505	0.00983	0.25557	0.06458	0.03843	0.02422	0.02616	0.01838	0.00966	0.00676	0.00215	0.00590	0.00757	0.42698	0.01026
61	0.01744	0.00888	0.00930	0.00868	0.01113	0.00891	0.00666	0.05767	0.01869	0.07258	0.02640	0.02943	0.02033	0.00951	0.00598	0.00196	0.00429	0.00759	0.66622	0.00834
62	0.03085	0.02273	0.02435	0.01867	0.02516	0.02516	0.01542	0.63716	0.03815	0.05114	0.01948	0.01948	0.01380	0.00974	0.00812	0.00244	0.00893	0.00731	0.00812	0.01380
63	0.03020	0.02179	0.02362	0.01805	0.02458	0.02365	0.01489	0.57065	0.03611	0.07742	0.01972	0.01968	0.01397	0.00951	0.00798	0.00236	0.00865	0.00718	0.00799	0.06199
64	0.01110	0.00836	0.00998	0.01076	0.01212	0.00800	0.00755	0.01419	0.05902	0.02208	0.08669	0.34402	0.18640	0.12550	0.01467	0.00380	0.00528	0.05625	0.00727	0.00694
65	0.01683	0.01442	0.01683	0.01202	0.01923	0.01082	0.00961	0.02043	0.01683	0.02644	0.01442	0.01683	0.01202	0.00601	0.00601	0.00120	0.00601	0.00481	0.00481	0.76444
66	0.02145	0.68919	0.07091	0.01430	0.02147	0.03151	0.01461	0.02436	0.01652	0.01939	0.01143	0.01320	0.01041	0.00698	0.00532	0.00177	0.00883	0.00441	0.00347	0.01048
67	0.01461	0.01288	0.01772	0.01592	0.01686	0.01617	0.01258	0.01657	0.01296	0.01929	0.01800	0.05969	0.01840	0.12997	0.22296	0.00685	0.31683	0.00886	0.00426	0.05861
68	0.02124	0.01706	0.01817	0.01591	0.02064	0.01918	0.01250	0.11356	0.48665	0.06359	0.03590	0.03329	0.08268	0.01170	0.00836	0.00270	0.00654	0.00964	0.00825	0.01244
69	0.00966	0.00793	0.00852	0.00899	0.01116	0.00678	0.00651	0.01156	0.01775	0.02162	0.07277	0.23703	0.50807	0.02178	0.00978	0.00288	0.00426	0.01862	0.00753	0.00678
70	0.02090	0.01779	0.01875	0.01666	0.02137	0.02052	0.01302	0.08314	0.60836	0.03510	0.03211	0.02955	0.02403	0.01092	0.00825	0.00273	0.00659	0.00905	0.00825	0.01291
71	0.01112	0.00809	0.01046	0.01026	0.01200	0.00744	0.00755	0.01446	0.02152	0.03003	0.52774	0.16422	0.10833	0.01822	0.00970	0.00268	0.00398	0.01615	0.00863	0.00744
72	0.01409	0.00705	0.01057	0.01057	0.01057	0.00705	0.00705	0.01057	0.01057	0.01409	0.01409	0.02467	0.01409	0.02819	0.03171	0.76392	0.00705	0.00705	0.00352	0.00352
73	0.02902	0.14064	0.02592	0.01985	0.02445	0.58492	0.01541	0.03119	0.02202	0.01974	0.01235	0.01439	0.01045	0.00815	0.00700	0.00204	0.01374	0.00509	0.00407	0.00956
74	0.01385	0.00705	0.01050	0.01061	0.01064	0.00702	0.00708	0.01061	0.01086	0.01449	0.01590	0.06513	0.01643	0.02803	0.03045	0.71897	0.00691	0.00799	0.00376	0.00370
75	0.01627	0.04197	0.67279	0.02313	0.03512	0.01884	0.02998	0.02570	0.01713	0.02570	0.01456	0.01713	0.01028	0.00771	0.00771	0.00257	0.01199	0.00600	0.00343	0.01199
76	0.02450	0.06730	0.02469	0.06381	0.14553	0.19395	0.01659	0.11392	0.15682	0.05918	0.02153	0.02259	0.03555	0.00926	0.00779	0.00239	0.00987	0.00731	0.00586	0.01155
77	0.24746	0.01770	0.08765	0.01641	0.05976	0.01494	0.01373	0.03261	0.01954	0.37755	0.02310	0.02184	0.01531	0.00889	0.00719	0.00251	0.00743	0.00678	0.00751	0.01209
78	0.01826	0.05222	0.30316	0.01715	0.02451	0.03855	0.01864	0.02504	0.05471	0.11523	0.09752	0.07564	0.10150	0.01187	0.00829	0.00259	0.00863	0.00977	0.00600	0.01070
79	0.01898	0.01443	0.01874	0.01432	0.02036	0.01231	0.05828	0.07779	0.02000	0.09109	0.05447	0.06016	0.06317	0.00988	0.00752	0.00193	0.00672	0.03327	0.00619	0.41037
80	0.00992	0.00773	0.00902	0.00976	0.01143	0.00683	0.00691	0.01189	0.01771	0.02254	0.12828	0.34728	0.33736	0.02221	0.00992	0.00296	0.00434	0.01941	0.00768	0.00683
81	0.01513	0.00756	0.00756	0.00756	0.00945	0.00756	0.00567	0.01891	0.01702	0.03025	0.02647	0.03025	0.02080	0.00945	0.00567	0.00189	0.00378	0.00756	0.75988	0.00756
82	0.02382	0.02050	0.02293	0.06529	0.05108	0.06977	0.05004	0.23012	0.28285	0.03671	0.02405	0.02419	0.01794	0.00978	0.00812	0.00256	0.00858	0.00804	0.03128	0.01237
83	0.01952	0.02126	0.03814	0.06448	0.14796	0.06014	0.34046	0.02466	0.01780	0.02421	0.01476	0.02032	0.01190	0.00850	0.01245	0.00280	0.14768	0.00831	0.00396	0.01069
84	0.02320	0.01566	0.01883	0.05425	0.02250	0.01444	0.01198	0.14142	0.05231	0.16160	0.05641	0.02291	0.01818	0.00849	0.00727	0.00194	0.00692	0.00686	0.00682	0.34802
85	0.04621	0.01758	0.03214	0.02486	0.02990	0.04617	0.35323	0.02128	0.01761	0.02412	0.02448	0.23382	0.02480	0.01310	0.01050	0.00292	0.04957	0.01321	0.00517	0.00933
86	0.10672	0.06079	0.01843	0.01376	0.01907	0.01360	0.01139	0.03290	0.04584	0.42961	0.05459	0.07419	0.02443	0.01161	0.00802	0.00259	0.00671	0.04518	0.00865	0.01193
87	0.57973	0.06381	0.08107	0.01573	0.07798	0.01926	0.01270	0.02416	0.01474	0.03332	0.01199	0.01420	0.00942	0.00748	0.00558	0.00246	0.00731	0.00481	0.00467	0.00958
88	0.01795	0.02490	0.19904	0.16016	0.21232	0.01928	0.19892	0.02463	0.01790	0.02507	0.01525	0.02013	0.01166	0.00741	0.00840	0.00260	0.01161	0.00758	0.00381	0.01137
89	0.05502	0.52940	0.15162	0.01577	0.02337	0.06599	0.01661	0.02498	0.01685	0.02108	0.01193	0.01384	0.01032	0.00718	0.00576	0.00194	0.00949	0.00468	0.00357	0.01056
90	0.01219	0.00856	0.01011	0.00956	0.01195	0.00759	0.00713	0.01502	0.02046	0.06480	0.34606	0.06542	0.31147	0.06011	0.01142	0.00295	0.00437	0.01513	0.00818	0.00752
91	0.01731	0.01370	0.01524	0.04508	0.01864	0.01439	0.01061	0.12592	0.18871	0.03204	0.13382	0.04309	0.16819	0.03795	0.00960	0.00270	0.00602	0.01108	0.05025	0.05566
92	0.07678	0.07464	0.02228	0.01629	0.02198	0.02191	0.01347	0.36089	0.11496	0.08170	0.02484	0.02467	0.05458	0.01260	0.03926	0.00295	0.00856	0.00784	0.00747	0.01234
93	0.00989	0.00706	0.00942	0.01130	0.01177	0.00659	0.00753	0.01130	0.01554	0.02071	0.04472	0.70954	0.05367	0.02542	0.01036	0.00330	0.00471	0.02307	0.00753	0.00659
94	0.01548	0.01308	0.07121	0.01299	0.01648	0.01084	0.01100	0.02216	0.11500	0.09385	0.29763	0.14172	0.08574	0.01603	0.00925	0.00275	0.00556	0.04187	0.00811	0.00924
95	0.01180	0.00787	0.00885	0.00885	0.00885	0.00787	0.00492	0.01180	0.01180	0.01573	0.02557	0.05310	0.02950	0.71483	0.04130	0.00787	0.00787	0.01180	0.00492	0.00492
96	0.03031	0.03867	0.02299	0.02090	0.02508	0.68226	0.01568	0.03240	0.02299	0.01986	0.01254	0.01463	0.01045	0.00836	0.00732	0.00209	0.01463	0.00523	0.00418	0.00941
97	0.01683	0.01442	0.01683	0.01202	0.01923	0.01082	0.00961	0.02043	0.01683	0.02644	0.01442	0.01683	0.01202	0.00601	0.00601	0.00120	0.00601	0.00481	0.00481	0.76444
98	0.01307	0.00979	0.01413	0.01426	0.01620	0.00972	0.04806	0.01721	0.06639	0.02436	0.12106	0.22769	0.04556	0.02112	0.01241	0.07621	0.00654	0.24153	0.00716	0.00752
99	0.02993	0.06995	0.02400	0.02044	0.02489	0.61267	0.01558	0.06775	0.02358	0.02167	0.01289	0.01484	0.01065	0.00838	0.00726	0.00209	0.01401	0.00531	0.00438	0.00971
100	0.01414	0.00707	0.01043	0.01043	0.01052	0.00707	0.00698	0.01096	0.01087	0.01485	0.01467	0.02493	0.01441	0.02731	0.03050	0.72837	0.00689	0.00707	0.03881	0.00371
101	0.01429	0.01324	0.02041	0.01778	0.02017	0.04393	0.14909	0.01709	0.01629	0.02216	0.03089	0.37308	0.03420	0.04046	0.01275	0.00320	0.09277	0.01589	0.05433	0.00799
102	0.01909	0.02169	0.04679	0.03359	0.04141	0.02072	0.60556	0.02569	0.01883	0.02569	0.01614	0.02169	0.01223	0.00719	0.01038	0.00277	0.04615	0.00946	0.00408	0.01085
103	0.01026	0.00782	0.00934	0.01038	0.01185	0.00709	0.00748	0.01209	0.01680	0.02128	0.05777	0.35429	0.28546	0.06628	0.01209	0.00342	0.00499	0.08727	0.00736	0.00669
104	0.01513	0.00756	0.00756	0.00756	0.00945	0.00756	0.00567	0.01891	0.01702	0.03025	0.02647	0.03025	0.02080	0.00945	0.00567	0.00189	0.00378	0.00756	0.75988	0.00756
105	0.03485	0.01445	0.01900	0.01477	0.02091	0.01311	0.01213	0.06245	0.07557	0.59386	0.03162	0.02753	0.02024	0.01011	0.00817	0.00253	0.00694	0.00821	0.00982	0.01373
106	0.01421	0.00875	0.01134	0.01192	0.01369	0.00820	0.00863	0.01722	0.04736	0.10951	0.08622	0.46433	0.08790	0.02159	0.00991	0.00311	0.00515	0.05498	0.00799	0.00800
107	0.25879	0.09259	0.02248	0.06387	0.06486	0.18958	0.01436	0.15147	0.02185	0.03182	0.01375	0.01584	0.01079	0.00816	0.00666	0.00232	0.00970	0.00557	0.00513	0.01041
108	0.02630	0.01869	0.02288	0.01975	0.06002	0.02007	0.05297	0.21539	0.27655	0.15756	0.02680	0.02549	0.01920	0.00998	0.00827	0.00259	0.00789	0.00835	0.00805	0.01319

[dist]
# distance from previous block
# <min> <max>
0	1

[block]
# block no. 2 follows, 23 sequences, length 38
# corresponding to MSA columns:
# 185-222
name=unknown_C
#
# <colnr> <probs for GDERKNQSTAVLIFYWHMCP>
#	G	D	E	R	K	N	Q	S	T	A	V	L	I	F	Y	W	H	M	C	P
0	0.02445	0.01979	0.02291	0.09032	0.10641	0.05151	0.01622	0.22492	0.24843	0.07356	0.02365	0.02385	0.01748	0.00966	0.00812	0.00256	0.00847	0.00790	0.00713	0.01265
1	0.05099	0.01903	0.02056	0.01656	0.02190	0.02106	0.01340	0.37103	0.15882	0.08898	0.02344	0.02388	0.01729	0.03080	0.00925	0.00265	0.02325	0.00781	0.06672	0.01258
2	0.00996	0.00750	0.00923	0.01035	0.01158	0.00677	0.00717	0.01178	0.01707	0.02219	0.11460	0.47301	0.22293	0.02323	0.01007	0.00307	0.00446	0.02062	0.00767	0.00677
3	0.01879	0.01622	0.01783	0.06536	0.02261	0.01863	0.01291	0.03829	0.53568	0.03223	0.06664	0.03388	0.06207	0.01162	0.00839	0.00274	0.00648	0.00976	0.00791	0.01196
4	0.01124	0.00828	0.01051	0.00995	0.01197	0.00755	0.00746	0.01484	0.02239	0.03118	0.58580	0.06285	0.15155	0.01710	0.00957	0.00258	0.00386	0.01499	0.00875	0.00755
5	0.01409	0.00705	0.01057	0.01057	0.01057	0.00705	0.00705	0.01057	0.01057	0.01409	0.01409	0.02467	0.01409	0.02819	0.03171	0.76392	0.00705	0.00705	0.00352	0.00352
6	0.02854	0.03411	0.02339	0.02188	0.05531	0.52536	0.01605	0.07619	0.06133	0.02330	0.01432	0.01637	0.01169	0.00890	0.00855	0.00225	0.05189	0.00582	0.00467	0.01007
7	0.00983	0.00823	0.00856	0.00848	0.01111	0.00695	0.00636	0.01212	0.01907	0.02328	0.15634	0.07585	0.58594	0.02004	0.00959	0.00272	0.00407	0.01681	0.00771	0.00695
8	0.01778	0.08147	0.59635	0.02206	0.03341	0.01925	0.02795	0.02642	0.01745	0.06290	0.01538	0.01749	0.01086	0.00780	0.00758	0.00252	0.01149	0.00602	0.00382	0.01200
9	0.01830	0.01746	0.02971	0.29214	0.43584	0.01881	0.02401	0.02334	0.01763	0.02434	0.01495	0.02066	0.01209	0.00756	0.00806	0.00252	0.01008	0.00722	0.00386	0.01141
10	0.07006	0.01752	0.01769	0.01447	0.01918	0.03949	0.01167	0.34438	0.06266	0.04142	0.02181	0.02309	0.01630	0.00954	0.00711	0.00227	0.00711	0.00725	0.25574	0.01125
11	0.16206	0.33167	0.07952	0.01574	0.04542	0.07100	0.01413	0.02623	0.01780	0.10275	0.05367	0.01841	0.01538	0.00819	0.00625	0.00214	0.00845	0.00574	0.00495	0.01050
12	0.02814	0.11385	0.02691	0.02108	0.07114	0.20291	0.01610	0.32278	0.02867	0.03537	0.01585	0.01732	0.01225	0.00905	0.00842	0.00231	0.04365	0.00636	0.00595	0.01188
13	0.01185	0.00865	0.01070	0.01102	0.01171	0.00892	0.00741	0.03195	0.01497	0.02014	0.06062	0.29858	0.07391	0.29051	0.06011	0.00552	0.04494	0.01590	0.00621	0.00639
14	0.01801	0.01751	0.02500	0.02105	0.02232	0.02308	0.06476	0.02276	0.08758	0.02227	0.01453	0.02018	0.01295	0.01301	0.02207	0.00331	0.52961	0.00756	0.04302	0.00943
15	0.01316	0.00927	0.01102	0.01063	0.01310	0.00855	0.00803	0.05246	0.02083	0.06321	0.24818	0.17950	0.27088	0.01901	0.00961	0.00279	0.00471	0.03903	0.00815	0.00789
16	0.01111	0.00804	0.01075	0.01248	0.01368	0.00768	0.00959	0.01348	0.01699	0.02220	0.04696	0.41884	0.09839	0.02387	0.01063	0.00342	0.00574	0.25168	0.00751	0.00696
17	0.02003	0.01943	0.03381	0.04889	0.62791	0.01935	0.06051	0.02497	0.01852	0.02648	0.01533	0.02019	0.01282	0.00721	0.00812	0.00243	0.00988	0.00737	0.00402	0.01274
18	0.01914	0.01630	0.02057	0.01488	0.02207	0.01380	0.06287	0.11417	0.02025	0.03014	0.01535	0.01765	0.01231	0.00664	0.00663	0.00152	0.00709	0.00558	0.00525	0.58778
19	0.04988	0.01900	0.02178	0.13387	0.02811	0.02127	0.01518	0.42510	0.03093	0.04262	0.04856	0.02254	0.01666	0.00968	0.00786	0.00244	0.00846	0.00756	0.07654	0.01195
20	0.01758	0.04131	0.09347	0.01341	0.01801	0.01226	0.01203	0.05188	0.05874	0.11905	0.32915	0.04454	0.07034	0.01336	0.00870	0.00249	0.00604	0.02876	0.00782	0.05107
21	0.01003	0.00824	0.00883	0.00869	0.01123	0.00704	0.00651	0.01250	0.01954	0.02440	0.21738	0.07400	0.52420	0.01962	0.00959	0.00270	0.00404	0.01655	0.00786	0.00704
22	0.02002	0.18370	0.26592	0.02303	0.06548	0.05905	0.10478	0.06990	0.01894	0.02558	0.01417	0.01708	0.01110	0.00783	0.00833	0.00235	0.04636	0.00624	0.00402	0.04612
23	0.00989	0.00706	0.00942	0.01130	0.01177	0.00659	0.00753	0.01130	0.01554	0.02071	0.04472	0.70954	0.05367	0.02542	0.01036	0.00330	0.00471	0.02307	0.00753	0.00659
24	0.01683	0.01442	0.01683	0.01202	0.01923	0.01082	0.00961	0.02043	0.01683	0.02644	0.01442	0.01683	0.01202	0.00601	0.00601	0.00120	0.00601	0.00481	0.00481	0.76444
25	0.07124	0.05543	0.08873	0.01496	0.02139	0.01443	0.01355	0.05335	0.04243	0.43591	0.08141	0.02757	0.02269	0.01007	0.00790	0.00248	0.00729	0.00808	0.00849	0.01259
26	0.02178	0.01494	0.01677	0.01478	0.01927	0.02976	0.01167	0.03439	0.32318	0.17021	0.06924	0.06820	0.06032	0.01268	0.00852	0.00268	0.00642	0.05129	0.00827	0.05562
27	0.02124	0.57326	0.11314	0.01520	0.02260	0.06071	0.01562	0.02465	0.01689	0.02026	0.01188	0.01376	0.01048	0.00705	0.00564	0.00182	0.00921	0.00460	0.00357	0.04843
28	0.67653	0.05161	0.01443	0.01146	0.01669	0.01945	0.00956	0.07179	0.01585	0.03669	0.01194	0.01367	0.00926	0.00768	0.00527	0.00247	0.00660	0.00462	0.00519	0.00926
29	0.02860	0.02034	0.02416	0.01868	0.02479	0.02185	0.06268	0.44852	0.06926	0.11127	0.02252	0.04735	0.01670	0.01020	0.00825	0.00250	0.00862	0.00828	0.03239	0.01305
30	0.01693	0.01316	0.06107	0.01238	0.01540	0.01140	0.00987	0.10893	0.02018	0.08870	0.15595	0.11400	0.07127	0.24224	0.01947	0.00435	0.00690	0.01239	0.00699	0.00843
31	0.02107	0.01294	0.01645	0.01550	0.06737	0.01235	0.01114	0.09117	0.06151	0.19323	0.23967	0.04304	0.11939	0.01314	0.00870	0.00249	0.00591	0.01117	0.00833	0.04544
32	0.07549	0.03627	0.52706	0.02366	0.06744	0.01845	0.05822	0.02510	0.01729	0.02687	0.04076	0.01900	0.01311	0.00799	0.00769	0.00256	0.01117	0.00648	0.00384	0.01156
33	0.01934	0.01782	0.05620	0.26280	0.15104	0.01844	0.06214	0.12712	0.05324	0.02942	0.01808	0.02234	0.01377	0.00844	0.00788	0.00250	0.00941	0.00748	0.10175	0.01080
34	0.07874	0.01808	0.14364	0.03420	0.05206	0.01312	0.07365	0.02086	0.01727	0.07565	0.07108	0.19435	0.02804	0.05129	0.01017	0.00289	0.00789	0.01150	0.00582	0.08968
35	0.07833	0.04807	0.03870	0.03227	0.02109	0.01585	0.04981	0.13124	0.07788	0.07026	0.16368	0.03692	0.05163	0.01182	0.00824	0.00249	0.00710	0.05939	0.00705	0.08819
36	0.09252	0.05633	0.01716	0.01360	0.01797	0.13699	0.01067	0.02197	0.01819	0.06374	0.07386	0.09677	0.07288	0.01418	0.04578	0.00278	0.02871	0.00893	0.00571	0.20126
37	0.02390	0.01761	0.02101	0.01690	0.02243	0.01842	0.04704	0.23669	0.18871	0.10296	0.02540	0.07384	0.02015	0.01256	0.03398	0.00285	0.00813	0.00888	0.00751	0.11104

[dist]
# distance from previous block
# <min> <max>
0	33

[block]
# block no. 3 follows, 23 sequences, length 19
# corresponding to MSA columns:
# 256-274
name=unknown_D
#
# <colnr> <probs for GDERKNQSTAVLIFYWHMCP>
#	G	D	E	R	K	N	Q	S	T	A	V	L	I	F	Y	W	H	M	C	P
0	0.01574	0.01287	0.05213	0.01468	0.04174	0.01157	0.01165	0.04404	0.02097	0.08018	0.33851	0.09262	0.04976	0.01509	0.01070	0.00268	0.06722	0.05509	0.00755	0.05520
1	0.02054	0.01599	0.01749	0.01433	0.01984	0.03834	0.01124	0.06682	0.21767	0.09433	0.02512	0.08719	0.02080	0.01012	0.00752	0.00212	0.00659	0.00840	0.00685	0.30870
2	0.01669	0.01860	0.10133	0.02984	0.26995	0.01615	0.05964	0.02326	0.08802	0.02578	0.04750	0.15053	0.06531	0.01241	0.00942	0.00272	0.03543	0.01120	0.00543	0.01078
3	0.03982	0.04760	0.11718	0.06532	0.04807	0.03642	0.03843	0.01977	0.01679	0.05434	0.02640	0.24162	0.02735	0.05220	0.01022	0.00291	0.00792	0.03526	0.00560	0.10677
4	0.01800	0.01697	0.02340	0.08143	0.11236	0.07464	0.09973	0.04614	0.01773	0.02447	0.01951	0.08944	0.01814	0.05873	0.03224	0.00315	0.08084	0.00899	0.07726	0.09683
5	0.01994	0.01638	0.03872	0.01715	0.05812	0.03514	0.01313	0.10826	0.23652	0.07847	0.12761	0.04210	0.08745	0.01319	0.00878	0.00272	0.00691	0.07053	0.00780	0.01107
6	0.01869	0.01731	0.02847	0.25429	0.39593	0.01857	0.02266	0.05778	0.01911	0.02637	0.05044	0.02276	0.01573	0.00817	0.00815	0.00251	0.00966	0.00763	0.00439	0.01138
7	0.12659	0.01583	0.01851	0.01468	0.02040	0.03515	0.03311	0.08515	0.07966	0.28409	0.08039	0.02605	0.02178	0.00963	0.00760	0.00234	0.00703	0.00775	0.00783	0.11642
8	0.01658	0.01524	0.02321	0.37774	0.06787	0.01731	0.05521	0.02536	0.15162	0.02462	0.02052	0.06772	0.01686	0.00955	0.00819	0.00261	0.00918	0.00859	0.00501	0.07701
9	0.01038	0.00753	0.00980	0.01076	0.01183	0.00695	0.00749	0.01262	0.01812	0.02461	0.24580	0.46119	0.09825	0.02227	0.01006	0.00302	0.00439	0.01999	0.00798	0.00695
10	0.01916	0.01524	0.01736	0.04902	0.04797	0.01749	0.01252	0.06935	0.35568	0.03216	0.02745	0.02795	0.02101	0.01045	0.00878	0.00255	0.05135	0.00835	0.19500	0.01114
11	0.07106	0.01451	0.01647	0.01192	0.01898	0.01135	0.00956	0.02068	0.01661	0.02716	0.01420	0.01656	0.01179	0.00612	0.00594	0.00130	0.00603	0.00478	0.00482	0.71018
12	0.02960	0.02107	0.02288	0.01794	0.02411	0.02318	0.01469	0.48747	0.13629	0.10326	0.02280	0.02196	0.01614	0.00997	0.00814	0.00249	0.00834	0.00769	0.00831	0.01364
13	0.03239	0.01445	0.01836	0.01454	0.02030	0.01361	0.01186	0.07460	0.11260	0.50086	0.03104	0.02768	0.02042	0.01012	0.00801	0.00250	0.00675	0.00821	0.05842	0.01327
14	0.01036	0.00805	0.00913	0.00921	0.01115	0.00713	0.00660	0.01257	0.01856	0.02387	0.22155	0.15491	0.36132	0.09358	0.01304	0.00331	0.00451	0.01671	0.00762	0.00682
15	0.01513	0.00756	0.00756	0.00756	0.00945	0.00756	0.00567	0.01891	0.01702	0.03025	0.02647	0.03025	0.02080	0.00945	0.00567	0.00189	0.00378	0.00756	0.75988	0.00756
16	0.01409	0.00705	0.01057	0.01057	0.01057	0.00705	0.00705	0.01057	0.01057	0.01409	0.01409	0.02467	0.01409	0.02819	0.03171	0.76392	0.00705	0.00705	0.00352	0.00352
17	0.02208	0.01825	0.01945	0.01656	0.02177	0.02037	0.01309	0.16315	0.46778	0.03681	0.02859	0.02686	0.02138	0.01030	0.00803	0.00255	0.00690	0.00840	0.00792	0.07976
18	0.02866	0.04784	0.01862	0.01395	0.01950	0.01352	0.01140	0.03490	0.11963	0.41764	0.09088	0.03181	0.05068	0.01084	0.00810	0.00245	0.00647	0.00891	0.00895	0.05525

[dist]
# distance from previous block
# <min> <max>
0	1

[block]
# block no. 4 follows, 23 sequences, length 30
# corresponding to MSA columns:
# 276-305
name=unknown_E
#
# <colnr> <probs for GDERKNQSTAVLIFYWHMCP>
#	G	D	E	R	K	N	Q	S	T	A	V	L	I	F	Y	W	H	M	C	P
0	0.03085	0.02273	0.02435	0.01867	0.02516	0.02516	0.01542	0.63716	0.03815	0.05114	0.01948	0.01948	0.01380	0.00974	0.00812	0.00244	0.00893	0.00731	0.00812	0.01380
1	0.01820	0.12090	0.32035	0.02714	0.08497	0.02145	0.20070	0.02516	0.01745	0.02461	0.01449	0.01824	0.01111	0.00772	0.00910	0.00256	0.05383	0.00698	0.00368	0.01136
2	0.00998	0.00716	0.00933	0.01101	0.01157	0.00667	0.00732	0.01134	0.01547	0.02049	0.04544	0.64268	0.08128	0.06376	0.01205	0.00352	0.00486	0.02215	0.00739	0.00651
3	0.01206	0.00840	0.01181	0.01190	0.01328	0.00946	0.00905	0.01485	0.01368	0.02045	0.02372	0.06392	0.02243	0.08939	0.51326	0.01062	0.01746	0.00936	0.11776	0.00713
4	0.01148	0.00829	0.01085	0.01021	0.01212	0.00766	0.00766	0.01531	0.02297	0.03254	0.65994	0.06061	0.07656	0.01659	0.00957	0.00255	0.00383	0.01467	0.00893	0.00766
5	0.77215	0.01569	0.01193	0.01067	0.01569	0.01820	0.00879	0.02385	0.01381	0.03641	0.01130	0.01318	0.00879	0.00753	0.00502	0.00251	0.00628	0.00439	0.00502	0.00879
6	0.01566	0.00861	0.00871	0.00852	0.01069	0.00891	0.00644	0.02148	0.08433	0.03064	0.02717	0.03025	0.02122	0.00962	0.00595	0.00198	0.00406	0.00773	0.67989	0.00812
7	0.02246	0.05470	0.10612	0.11218	0.21071	0.01707	0.07473	0.02748	0.01954	0.18760	0.06951	0.02478	0.01891	0.00879	0.00815	0.00250	0.00924	0.00796	0.00577	0.01181
8	0.01737	0.04171	0.62215	0.02295	0.03434	0.07055	0.02887	0.02622	0.01759	0.02524	0.01440	0.01694	0.01029	0.00776	0.00768	0.00253	0.01220	0.00594	0.00349	0.01179
9	0.73482	0.01605	0.01255	0.01107	0.01617	0.01855	0.00912	0.05473	0.01503	0.03715	0.01171	0.01350	0.00904	0.00764	0.00518	0.00251	0.00641	0.00454	0.00518	0.00904
10	0.01334	0.01034	0.01335	0.01254	0.01267	0.01222	0.00881	0.01386	0.01216	0.01707	0.02173	0.07265	0.02427	0.41342	0.08333	0.05306	0.18389	0.01064	0.00457	0.00609
11	0.00989	0.00706	0.00942	0.01130	0.01177	0.00659	0.00753	0.01130	0.01554	0.02071	0.04472	0.70954	0.05367	0.02542	0.01036	0.00330	0.00471	0.02307	0.00753	0.00659
12	0.00989	0.00706	0.00942	0.01130	0.01177	0.00659	0.00753	0.01130	0.01554	0.02071	0.04472	0.70954	0.05367	0.02542	0.01036	0.00330	0.00471	0.02307	0.00753	0.00659
13	0.01302	0.01089	0.01760	0.05908	0.06944	0.01100	0.08952	0.01585	0.01625	0.02261	0.03377	0.43437	0.03771	0.01866	0.01031	0.00301	0.03969	0.01704	0.07220	0.00797
14	0.01128	0.00829	0.01056	0.00999	0.01199	0.00757	0.00749	0.01491	0.02248	0.03137	0.59638	0.06253	0.14085	0.01702	0.00957	0.00257	0.00386	0.01494	0.00878	0.00757
15	0.02386	0.46977	0.03555	0.01647	0.02208	0.21792	0.01470	0.02625	0.01804	0.01934	0.01159	0.01385	0.01044	0.00791	0.00748	0.00198	0.06426	0.00481	0.00368	0.01000
16	0.02029	0.01512	0.01758	0.01337	0.01971	0.01312	0.01066	0.11572	0.04725	0.08879	0.02017	0.07794	0.01712	0.00881	0.00699	0.00175	0.00644	0.00724	0.00617	0.48576
17	0.01797	0.21270	0.45285	0.02257	0.06230	0.02232	0.05301	0.02532	0.01712	0.02407	0.01384	0.01644	0.01053	0.00745	0.00717	0.00236	0.01111	0.00580	0.00350	0.01158
18	0.02861	0.02374	0.02340	0.01881	0.02439	0.10703	0.01524	0.44653	0.11724	0.04312	0.01994	0.02023	0.01468	0.00999	0.00907	0.00250	0.04797	0.00728	0.00739	0.01284
19	0.01198	0.00976	0.01512	0.01639	0.06536	0.00962	0.06271	0.01407	0.01548	0.02099	0.03593	0.47696	0.04160	0.09373	0.04632	0.00412	0.02770	0.01836	0.00643	0.00738
20	0.02429	0.05185	0.02084	0.01621	0.02085	0.02009	0.01303	0.36992	0.06517	0.05936	0.02532	0.15857	0.02291	0.03175	0.00996	0.00276	0.03464	0.01055	0.03040	0.01153
