[name]
unknown

[dist]
# distance from previous block
# <min> <max>
4	38

[block]
# block no. 0 follows, 25 sequences, length 27
# corresponding to MSA columns:
# 39-65
name=unknown_A
#
# <colnr> <probs for GDERKNQSTAVLIFYWHMCP>
#	G	D	E	R	K	N	Q	S	T	A	V	L	I	F	Y	W	H	M	C	P
0	0.06228	0.01443	0.01675	0.01256	0.01851	0.01272	0.01014	0.06823	0.01757	0.04632	0.04249	0.01822	0.01420	0.00724	0.00755	0.00157	0.05991	0.00542	0.00507	0.55883
1	0.00984	0.00728	0.01009	0.06407	0.01446	0.00713	0.00829	0.01148	0.01490	0.01979	0.04053	0.66889	0.04816	0.02303	0.00973	0.00311	0.00494	0.02089	0.00691	0.00647
2	0.01682	0.01422	0.01648	0.01184	0.01869	0.01109	0.00949	0.05457	0.01721	0.02657	0.01405	0.01622	0.01158	0.00594	0.00585	0.00121	0.00590	0.00473	0.00477	0.73278
3	0.00995	0.00757	0.00984	0.05086	0.01362	0.00716	0.00780	0.01203	0.01662	0.02191	0.15393	0.44406	0.17410	0.02101	0.00950	0.00289	0.00459	0.01871	0.00720	0.00665
4	0.01608	0.01378	0.01608	0.01148	0.01837	0.01034	0.00919	0.01952	0.01608	0.02527	0.01378	0.01608	0.01148	0.00574	0.00574	0.00115	0.00574	0.00459	0.00459	0.77491
5	0.02112	0.01488	0.03496	0.01428	0.01872	0.01513	0.01155	0.06972	0.32808	0.16965	0.17756	0.03409	0.03307	0.01139	0.00814	0.00252	0.00595	0.00958	0.00826	0.01136
6	0.01665	0.01650	0.02314	0.01993	0.02001	0.02299	0.01657	0.01840	0.01191	0.01862	0.01075	0.01769	0.01067	0.01596	0.06149	0.00388	0.67614	0.00687	0.00343	0.00840
7	0.01111	0.00745	0.00850	0.00867	0.00871	0.00741	0.00492	0.01123	0.01159	0.01546	0.02607	0.11077	0.03025	0.66467	0.03682	0.00713	0.00725	0.01224	0.00492	0.00484
8	0.02883	0.02041	0.02230	0.01723	0.02304	0.02252	0.01422	0.56524	0.03387	0.09031	0.01941	0.01949	0.01376	0.00946	0.00826	0.00235	0.03185	0.00704	0.03763	0.01280
9	0.01816	0.01949	0.02633	0.02233	0.04062	0.11642	0.13798	0.02087	0.01502	0.02019	0.01516	0.09425	0.01499	0.01242	0.01754	0.00299	0.38379	0.00865	0.00401	0.00879
10	0.03399	0.01322	0.01791	0.01370	0.01973	0.01135	0.01130	0.03700	0.02193	0.65625	0.02987	0.02595	0.01886	0.00943	0.00771	0.00235	0.00656	0.00766	0.00938	0.04585
11	0.01631	0.03479	0.50965	0.02503	0.03549	0.01845	0.20100	0.02463	0.01690	0.02463	0.01441	0.01763	0.01036	0.00714	0.00786	0.00250	0.01191	0.00668	0.00345	0.01118
12	0.01822	0.02044	0.04311	0.03220	0.06663	0.01994	0.56531	0.02422	0.01768	0.02429	0.01513	0.02048	0.01164	0.00720	0.01058	0.00267	0.07720	0.00884	0.00387	0.01036
13	0.02829	0.02078	0.02222	0.01722	0.02313	0.02300	0.01416	0.59533	0.06223	0.04716	0.01950	0.01957	0.01397	0.00935	0.00764	0.00231	0.00818	0.00707	0.04603	0.01285
14	0.01108	0.00755	0.00840	0.00840	0.00864	0.00743	0.00481	0.01126	0.01186	0.01558	0.02940	0.05293	0.08767	0.66251	0.03668	0.00707	0.00719	0.01174	0.00493	0.00487
15	0.02687	0.01983	0.02122	0.01667	0.02217	0.02196	0.01355	0.53377	0.09190	0.04461	0.02042	0.02179	0.01527	0.04913	0.00942	0.00262	0.00804	0.00739	0.04100	0.01237
16	0.00975	0.00716	0.00955	0.03478	0.01270	0.00679	0.00763	0.01148	0.01569	0.02090	0.10188	0.59918	0.08839	0.02267	0.00971	0.00303	0.00459	0.02045	0.00719	0.00649
17	0.01884	0.01807	0.03084	0.09806	0.63138	0.01833	0.02362	0.02349	0.01749	0.02491	0.01452	0.01930	0.01213	0.00697	0.00768	0.00232	0.00930	0.00691	0.00381	0.01200
18	0.01919	0.01842	0.03147	0.04759	0.67914	0.01842	0.02380	0.02380	0.01765	0.02533	0.01458	0.01919	0.01228	0.00691	0.00768	0.00230	0.00921	0.00691	0.00384	0.01228
19	0.01464	0.01378	0.02326	0.70887	0.05340	0.01723	0.02153	0.01981	0.01550	0.01981	0.01378	0.02067	0.01034	0.00775	0.00775	0.00258	0.01034	0.00689	0.00345	0.00861
20	0.01572	0.01464	0.02369	0.45368	0.14396	0.01787	0.02022	0.02015	0.01531	0.02103	0.01400	0.02033	0.01117	0.00863	0.01043	0.00262	0.12223	0.00690	0.04835	0.00909
21	0.01293	0.01091	0.01537	0.03087	0.01694	0.01047	0.05786	0.01525	0.01495	0.02125	0.04558	0.30670	0.03109	0.09667	0.01357	0.00308	0.07433	0.01328	0.00557	0.20331
22	0.01648	0.01353	0.01591	0.01154	0.01819	0.01024	0.00919	0.01984	0.01624	0.04684	0.01530	0.03984	0.01306	0.00648	0.00595	0.00126	0.00573	0.00528	0.00485	0.72428
23	0.01177	0.00848	0.01131	0.01044	0.01112	0.00834	0.05422	0.01248	0.01221	0.01653	0.02510	0.09593	0.02834	0.60094	0.03403	0.00666	0.00761	0.01177	0.02739	0.00533
24	0.02828	0.02083	0.02227	0.01727	0.02319	0.02307	0.01421	0.59324	0.06934	0.04713	0.01960	0.01961	0.01403	0.00936	0.00766	0.00232	0.00819	0.00709	0.04041	0.01288
25	0.02730	0.02152	0.02163	0.01729	0.02268	0.08389	0.01396	0.52776	0.03283	0.04303	0.02057	0.09311	0.01695	0.01078	0.00791	0.00238	0.00860	0.00840	0.00735	0.01207
26	0.02514	0.01844	0.02011	0.01605	0.02123	0.01997	0.01303	0.49276	0.03115	0.04214	0.02196	0.08743	0.01865	0.03396	0.00891	0.00254	0.00776	0.03481	0.03392	0.05003

[dist]
# distance from previous block
# <min> <max>
3	9

[block]
# block no. 1 follows, 25 sequences, length 6
# corresponding to MSA columns:
# 75-80
name=unknown_B
#
# <colnr> <probs for GDERKNQSTAVLIFYWHMCP>
#	G	D	E	R	K	N	Q	S	T	A	V	L	I	F	Y	W	H	M	C	P
0	0.01797	0.01519	0.01935	0.01434	0.02073	0.01309	0.06656	0.12264	0.01951	0.02868	0.01684	0.06832	0.01468	0.00774	0.00667	0.00162	0.00675	0.00665	0.00524	0.52739
1	0.02261	0.04574	0.01905	0.08964	0.02280	0.01509	0.01240	0.09480	0.10957	0.21031	0.09650	0.02610	0.02226	0.00953	0.00808	0.00223	0.03128	0.00769	0.00699	0.14734
2	0.01678	0.01638	0.04066	0.18383	0.02914	0.06459	0.08647	0.07208	0.01749	0.02332	0.01925	0.14738	0.01848	0.01181	0.01043	0.03607	0.06900	0.00940	0.00474	0.12270
3	0.06950	0.00858	0.01053	0.01119	0.01259	0.00845	0.00793	0.01289	0.01479	0.02139	0.03781	0.53917	0.07251	0.02062	0.00998	0.00291	0.04361	0.01811	0.00659	0.07085
4	0.02744	0.01969	0.02159	0.01699	0.02264	0.02172	0.01392	0.51165	0.08871	0.08351	0.02065	0.02093	0.01496	0.01331	0.06246	0.00316	0.00918	0.00729	0.00759	0.01261
5	0.01566	0.01526	0.02062	0.10249	0.02278	0.04884	0.01549	0.01793	0.01311	0.01881	0.01514	0.08106	0.01517	0.02025	0.12199	0.00457	0.43056	0.00828	0.00387	0.00809

[dist]
# distance from previous block
# <min> <max>
0	1

[block]
# block no. 2 follows, 25 sequences, length 11
# corresponding to MSA columns:
# 82-92
name=unknown_C
#
# <colnr> <probs for GDERKNQSTAVLIFYWHMCP>
#	G	D	E	R	K	N	Q	S	T	A	V	L	I	F	Y	W	H	M	C	P
0	0.01000	0.00737	0.00989	0.01133	0.01189	0.00726	0.00788	0.01159	0.01522	0.02048	0.07402	0.62736	0.05026	0.02324	0.01060	0.00314	0.03661	0.04827	0.00709	0.00649
1	0.01608	0.01378	0.01608	0.01148	0.01837	0.01034	0.00919	0.01952	0.01608	0.02527	0.01378	0.01608	0.01148	0.00574	0.00574	0.00115	0.00574	0.00459	0.00459	0.77491
2	0.01608	0.01378	0.01608	0.01148	0.01837	0.01034	0.00919	0.01952	0.01608	0.02527	0.01378	0.01608	0.01148	0.00574	0.00574	0.00115	0.00574	0.00459	0.00459	0.77491
3	0.01175	0.00993	0.01575	0.25951	0.02753	0.01081	0.04093	0.01479	0.01555	0.02053	0.05938	0.41258	0.03596	0.01726	0.00907	0.00289	0.00691	0.01573	0.00578	0.00735
4	0.01935	0.01392	0.01651	0.01221	0.01875	0.01124	0.00979	0.02423	0.06990	0.13208	0.01794	0.01879	0.01372	0.00675	0.00625	0.00147	0.00591	0.00545	0.00567	0.59008
5	0.01608	0.01378	0.01608	0.01148	0.01837	0.01034	0.00919	0.01952	0.01608	0.02527	0.01378	0.01608	0.01148	0.00574	0.00574	0.00115	0.00574	0.00459	0.00459	0.77491
6	0.02735	0.02054	0.02211	0.01706	0.02318	0.02234	0.01400	0.54242	0.08567	0.04526	0.01920	0.01921	0.01388	0.00906	0.00757	0.00224	0.00807	0.00690	0.00746	0.08647
7	0.01919	0.01842	0.03147	0.04759	0.67914	0.01842	0.02380	0.02380	0.01765	0.02533	0.01458	0.01919	0.01228	0.00691	0.00768	0.00230	0.00921	0.00691	0.00384	0.01228
8	0.62424	0.01695	0.08532	0.01149	0.01656	0.01643	0.01046	0.02176	0.01325	0.03161	0.01140	0.01407	0.00904	0.00912	0.00754	0.07675	0.00667	0.00461	0.00449	0.00825
9	0.01522	0.00888	0.00994	0.00938	0.01142	0.00914	0.00709	0.08604	0.01821	0.02889	0.08679	0.06600	0.02534	0.01500	0.05084	0.06613	0.00551	0.00864	0.46405	0.00750
10	0.01606	0.01343	0.01568	0.01175	0.01789	0.01062	0.00926	0.05216	0.01702	0.02592	0.01721	0.09360	0.01593	0.00796	0.00630	0.00143	0.00575	0.00663	0.00505	0.65033

[dist]
# distance from previous block
# <min> <max>
0	1

[block]
# block no. 3 follows, 25 sequences, length 8
# corresponding to MSA columns:
# 94-101
name=unknown_D
#
# <colnr> <probs for GDERKNQSTAVLIFYWHMCP>
#	G	D	E	R	K	N	Q	S	T	A	V	L	I	F	Y	W	H	M	C	P
0	0.01015	0.00729	0.00962	0.01032	0.01140	0.00676	0.00725	0.01255	0.01810	0.02497	0.33265	0.41776	0.06131	0.02042	0.00955	0.00282	0.00411	0.01837	0.00781	0.00676
1	0.02947	0.02172	0.02327	0.01784	0.02404	0.02404	0.01474	0.65329	0.03646	0.04887	0.01862	0.01862	0.01319	0.00931	0.00776	0.00233	0.00853	0.00698	0.00776	0.01319
2	0.01464	0.01378	0.02326	0.70887	0.05340	0.01723	0.02153	0.01981	0.01550	0.01981	0.01378	0.02067	0.01034	0.00775	0.00775	0.00258	0.01034	0.00689	0.00345	0.00861
3	0.01105	0.00802	0.01040	0.01099	0.01254	0.00760	0.00853	0.01388	0.01835	0.02467	0.27332	0.16500	0.12077	0.07625	0.01217	0.00332	0.00519	0.20366	0.00746	0.00682
4	0.01128	0.00752	0.00846	0.00846	0.00846	0.00752	0.00470	0.01128	0.01128	0.01503	0.02443	0.05074	0.02819	0.72751	0.03946	0.00752	0.00752	0.01128	0.00470	0.00470
5	0.01788	0.01475	0.02027	0.01531	0.02111	0.01308	0.09226	0.07344	0.01804	0.06368	0.01832	0.09412	0.01634	0.00883	0.00806	0.00185	0.04802	0.00758	0.00527	0.44179
6	0.01820	0.02007	0.04099	0.03249	0.10680	0.02008	0.49027	0.02382	0.01729	0.02399	0.01476	0.02015	0.01159	0.00761	0.01137	0.00269	0.11506	0.00856	0.00384	0.01037
7	0.01646	0.01768	0.06336	0.24627	0.08800	0.01870	0.13337	0.02097	0.01537	0.02172	0.01328	0.01893	0.01081	0.00870	0.01224	0.00261	0.18848	0.00696	0.00366	0.09243

[dist]
# distance from previous block
# <min> <max>
0	1

[block]
# block no. 4 follows, 25 sequences, length 12
# corresponding to MSA columns:
# 103-114
name=unknown_E
#
# <colnr> <probs for GDERKNQSTAVLIFYWHMCP>
#	G	D	E	R	K	N	Q	S	T	A	V	L	I	F	Y	W	H	M	C	P
0	0.01840	0.01654	0.04448	0.15875	0.02978	0.01547	0.10511	0.11514	0.04058	0.04783	0.01738	0.05564	0.01420	0.00809	0.00734	0.00206	0.00831	0.00725	0.00508	0.28255
1	0.02723	0.01972	0.02128	0.01671	0.02245	0.02162	0.01368	0.50268	0.11049	0.08111	0.02475	0.02394	0.05779	0.01014	0.00787	0.00239	0.00783	0.00785	0.00784	0.01265
2	0.01707	0.01421	0.01876	0.07666	0.02308	0.01162	0.05206	0.02085	0.01649	0.05909	0.01478	0.01735	0.01180	0.00618	0.00625	0.00144	0.00668	0.00527	0.00471	0.61566
3	0.01326	0.00681	0.00994	0.00994	0.00994	0.00681	0.00654	0.01021	0.01021	0.01362	0.01451	0.02616	0.01487	0.09371	0.03118	0.70132	0.00681	0.00717	0.00349	0.00349
4	0.02121	0.01659	0.01786	0.01570	0.02032	0.01880	0.01232	0.07168	0.57480	0.09280	0.03082	0.02818	0.02273	0.01037	0.00787	0.00259	0.00630	0.00859	0.00804	0.01240
5	0.01608	0.01378	0.01608	0.01148	0.01837	0.01034	0.00919	0.01952	0.01608	0.02527	0.01378	0.01608	0.01148	0.00574	0.00574	0.00115	0.00574	0.00459	0.00459	0.77491
6	0.00992	0.00739	0.00992	0.01140	0.01182	0.00740	0.00781	0.01129	0.01466	0.01972	0.04069	0.67807	0.04870	0.02362	0.01087	0.00316	0.04908	0.02108	0.00696	0.00644
7	0.02947	0.02172	0.02327	0.01784	0.02404	0.02404	0.01474	0.65329	0.03646	0.04887	0.01862	0.01862	0.01319	0.00931	0.00776	0.00233	0.00853	0.00698	0.00776	0.01319
8	0.04446	0.07895	0.02231	0.14091	0.07823	0.07737	0.07202	0.02110	0.01613	0.02331	0.01696	0.04201	0.01427	0.00913	0.00935	0.00234	0.10587	0.00713	0.20940	0.00876
9	0.02947	0.02150	0.06015	0.01748	0.02396	0.02183	0.01503	0.52653	0.03321	0.14157	0.02012	0.01964	0.01388	0.00924	0.00774	0.00234	0.00841	0.00703	0.00777	0.01309
10	0.00945	0.00675	0.00900	0.01080	0.01125	0.00630	0.00720	0.01080	0.01484	0.01979	0.04274	0.72245	0.05128	0.02429	0.00990	0.00315	0.00450	0.02204	0.00720	0.00630
11	0.01829	0.01446	0.01495	0.05110	0.01844	0.05082	0.01051	0.22183	0.02398	0.05262	0.04717	0.04737	0.32173	0.01434	0.00839	0.00248	0.00651	0.03195	0.03385	0.00921

[dist]
# distance from previous block
# <min> <max>
0	5

[block]
# block no. 5 follows, 25 sequences, length 108
# corresponding to MSA columns:
# 120-227
name=unknown_F
#
# <colnr> <probs for GDERKNQSTAVLIFYWHMCP>
#	G	D	E	R	K	N	Q	S	T	A	V	L	I	F	Y	W	H	M	C	P
0	0.02153	0.02310	0.05074	0.07844	0.02323	0.27933	0.01347	0.06696	0.01982	0.05388	0.01972	0.13779	0.01841	0.01064	0.00742	0.00219	0.00957	0.00844	0.04295	0.11239
1	0.02968	0.02139	0.02307	0.01768	0.02388	0.02356	0.01461	0.62970	0.03591	0.07323	0.01907	0.01891	0.01342	0.00932	0.00776	0.00233	0.00846	0.00701	0.00783	0.01319
2	0.03315	0.01064	0.06556	0.01116	0.01369	0.00831	0.00916	0.01540	0.01895	0.05615	0.35636	0.24764	0.08960	0.01732	0.00904	0.00266	0.00475	0.01527	0.00759	0.00761
3	0.01108	0.00831	0.01246	0.01246	0.01385	0.00969	0.00969	0.01385	0.01246	0.01800	0.02077	0.03046	0.01938	0.05815	0.69678	0.01246	0.02077	0.00831	0.00415	0.00692
4	0.02112	0.69882	0.03974	0.01359	0.02010	0.06261	0.01335	0.02359	0.01605	0.01828	0.01084	0.01251	0.00995	0.00670	0.00507	0.00167	0.00856	0.00419	0.00335	0.00990
5	0.01603	0.01378	0.01631	0.03384	0.01950	0.01056	0.00958	0.01953	0.01606	0.02509	0.01378	0.01623	0.01145	0.00581	0.00581	0.00119	0.00589	0.00467	0.00456	0.75034
6	0.14782	0.05074	0.02315	0.02045	0.10941	0.04606	0.01488	0.42071	0.02887	0.04115	0.01627	0.01731	0.01205	0.00849	0.00713	0.00230	0.00840	0.00634	0.00645	0.01202
7	0.01760	0.01696	0.02935	0.27254	0.43490	0.01807	0.05318	0.02249	0.01695	0.02342	0.01436	0.01978	0.01159	0.00718	0.00777	0.00241	0.00978	0.00701	0.00371	0.01094
8	0.01792	0.01807	0.02904	0.02160	0.02757	0.04688	0.26469	0.04822	0.01750	0.02474	0.01547	0.04881	0.01317	0.00808	0.00986	0.00218	0.09690	0.00755	0.00440	0.27736
9	0.05235	0.01971	0.04054	0.03146	0.09149	0.01885	0.52117	0.02463	0.03953	0.02537	0.01702	0.04957	0.01368	0.00746	0.00882	0.00260	0.01184	0.00926	0.00422	0.01041
10	0.02780	0.02083	0.02234	0.01735	0.02338	0.02295	0.01423	0.55978	0.10427	0.04608	0.01983	0.01964	0.01426	0.00929	0.00769	0.00231	0.00815	0.00708	0.00764	0.04511
11	0.01113	0.00810	0.01139	0.01139	0.01241	0.00911	0.00836	0.01316	0.01215	0.01721	0.02174	0.03586	0.02173	0.23652	0.52162	0.01114	0.01724	0.00910	0.00430	0.00633
12	0.01128	0.00752	0.00846	0.00846	0.00846	0.00752	0.00470	0.01128	0.01128	0.01503	0.02443	0.05074	0.02819	0.72751	0.03946	0.00752	0.00752	0.01128	0.00470	0.00470
13	0.09062	0.08784	0.02313	0.01752	0.02278	0.26803	0.01409	0.30088	0.04782	0.03367	0.01530	0.01623	0.01169	0.00846	0.00700	0.00217	0.01020	0.00584	0.00577	0.01096
14	0.01823	0.02072	0.04466	0.03207	0.03953	0.01981	0.61964	0.02453	0.01798	0.02453	0.01541	0.02072	0.01169	0.00688	0.00996	0.00265	0.04768	0.00903	0.00390	0.01036
15	0.01445	0.00723	0.00723	0.00723	0.00903	0.00723	0.00542	0.01807	0.01626	0.02891	0.02529	0.02891	0.01987	0.00903	0.00542	0.00181	0.00361	0.00723	0.77055	0.00723
16	0.01127	0.00755	0.00861	0.00861	0.00866	0.00760	0.00489	0.01137	0.01132	0.01515	0.02429	0.04996	0.02785	0.70186	0.06466	0.00771	0.00802	0.01116	0.00468	0.00478
17	0.01808	0.01553	0.01642	0.01486	0.01898	0.01769	0.01153	0.03753	0.58223	0.03150	0.06950	0.03390	0.07518	0.01149	0.00805	0.00262	0.00584	0.00962	0.00787	0.01158
18	0.02818	0.03494	0.02156	0.01961	0.02359	0.63455	0.01485	0.05639	0.02238	0.02044	0.01368	0.01776	0.01181	0.00870	0.00720	0.00209	0.01342	0.03545	0.00431	0.00907
19	0.00945	0.00675	0.00900	0.01080	0.01125	0.00630	0.00720	0.01080	0.01484	0.01979	0.04274	0.72245	0.05128	0.02429	0.00990	0.00315	0.00450	0.02204	0.00720	0.00630
20	0.78228	0.01499	0.01140	0.01020	0.01499	0.01739	0.00840	0.02279	0.01320	0.03479	0.01080	0.01260	0.00840	0.00720	0.00480	0.00240	0.00600	0.00420	0.00480	0.00840
21	0.00943	0.00680	0.00895	0.01066	0.01121	0.00631	0.00714	0.01081	0.01497	0.01984	0.04434	0.69336	0.07934	0.02408	0.00986	0.00313	0.00447	0.02179	0.00720	0.00631
22	0.00954	0.00705	0.00893	0.01019	0.01115	0.00644	0.00699	0.01122	0.01600	0.02106	0.10873	0.54878	0.16015	0.02270	0.00970	0.00299	0.00432	0.02031	0.00732	0.00644
23	0.78228	0.01499	0.01140	0.01020	0.01499	0.01739	0.00840	0.02279	0.01320	0.03479	0.01080	0.01260	0.00840	0.00720	0.00480	0.00240	0.00600	0.00420	0.00480	0.00840
24	0.01496	0.01389	0.02298	0.61294	0.07787	0.01721	0.02071	0.01985	0.01544	0.02038	0.01411	0.02075	0.01081	0.00808	0.00860	0.00258	0.04760	0.00690	0.03562	0.00871
25	0.78228	0.01499	0.01140	0.01020	0.01499	0.01739	0.00840	0.02279	0.01320	0.03479	0.01080	0.01260	0.00840	0.00720	0.00480	0.00240	0.00600	0.00420	0.00480	0.00840
26	0.02886	0.02112	0.02261	0.01740	0.02343	0.02335	0.01435	0.62711	0.03562	0.04804	0.01889	0.01904	0.01346	0.00930	0.00766	0.00231	0.00833	0.00699	0.03919	0.01294
27	0.01128	0.00752	0.00846	0.00846	0.00846	0.00752	0.00470	0.01128	0.01128	0.01503	0.02443	0.05074	0.02819	0.72751	0.03946	0.00752	0.00752	0.01128	0.00470	0.00470
28	0.78228	0.01499	0.01140	0.01020	0.01499	0.01739	0.00840	0.02279	0.01320	0.03479	0.01080	0.01260	0.00840	0.00720	0.00480	0.00240	0.00600	0.00420	0.00480	0.00840
29	0.01533	0.03852	0.65387	0.02149	0.03247	0.01748	0.02759	0.02406	0.01665	0.02488	0.04659	0.01842	0.01295	0.00779	0.00745	0.00245	0.01107	0.00614	0.00353	0.01125
30	0.01097	0.00793	0.01036	0.00975	0.01158	0.00732	0.00732	0.01463	0.02195	0.03109	0.67505	0.05792	0.07316	0.01585	0.00914	0.00244	0.00366	0.01402	0.00854	0.00732
31	0.01112	0.00814	0.01163	0.01163	0.01272	0.00924	0.00865	0.01331	0.01221	0.01738	0.02153	0.03469	0.02122	0.19759	0.55985	0.01143	0.01801	0.00893	0.00427	0.00646
32	0.01919	0.01842	0.03147	0.04759	0.67914	0.01842	0.02380	0.02380	0.01765	0.02533	0.01458	0.01919	0.01228	0.00691	0.00768	0.00230	0.00921	0.00691	0.00384	0.01228
33	0.01097	0.00793	0.01036	0.00975	0.01158	0.00732	0.00732	0.01463	0.02195	0.03109	0.67505	0.05792	0.07316	0.01585	0.00914	0.00244	0.00366	0.01402	0.00854	0.00732
34	0.01561	0.01581	0.03091	0.06418	0.13112	0.01521	0.31760	0.02036	0.01765	0.02414	0.08465	0.17739	0.02629	0.01143	0.00901	0.00266	0.00955	0.01196	0.00504	0.00943
35	0.02939	0.02416	0.02306	0.01818	0.02403	0.13188	0.01478	0.55347	0.03413	0.04407	0.01755	0.01787	0.01267	0.00910	0.00763	0.00227	0.00941	0.00666	0.00715	0.01251
36	0.01882	0.02094	0.01666	0.01793	0.07726	0.30517	0.01202	0.02089	0.01865	0.02059	0.06200	0.29476	0.05305	0.01507	0.00838	0.00252	0.00895	0.01269	0.00558	0.00806
37	0.01606	0.01701	0.07494	0.07967	0.29894	0.01545	0.10253	0.02141	0.04828	0.02434	0.05649	0.16479	0.02362	0.01114	0.00839	0.00257	0.00857	0.01066	0.00491	0.01024
38	0.02168	0.65189	0.03848	0.01404	0.02037	0.10755	0.01346	0.02411	0.01647	0.01833	0.01092	0.01262	0.00995	0.00679	0.00521	0.00170	0.00895	0.00424	0.00340	0.00984
39	0.66151	0.05088	0.01406	0.01130	0.01624	0.05110	0.00935	0.06343	0.01522	0.03413	0.01135	0.01304	0.00885	0.00734	0.00510	0.00234	0.00665	0.00441	0.00488	0.00881
40	0.01572	0.01499	0.02388	0.48690	0.04374	0.04209	0.07981	0.02043	0.01574	0.02103	0.01467	0.02089	0.01136	0.00831	0.00929	0.00257	0.07569	0.00706	0.07718	0.00866
41	0.01458	0.01608	0.06393	0.02257	0.02708	0.01465	0.31510	0.01884	0.01633	0.02235	0.02573	0.29466	0.02698	0.01409	0.01065	0.00288	0.06582	0.01382	0.00513	0.00873
42	0.01108	0.00831	0.01246	0.01246	0.01385	0.00969	0.00969	0.01385	0.01246	0.01800	0.02077	0.03046	0.01938	0.05815	0.69678	0.01246	0.02077	0.00831	0.00415	0.00692
43	0.03479	0.01320	0.01799	0.01380	0.01979	0.01140	0.01140	0.03779	0.02219	0.68451	0.03059	0.02639	0.01919	0.00960	0.00780	0.00240	0.00660	0.00780	0.00960	0.01320
44	0.01090	0.00792	0.01026	0.00967	0.01154	0.00728	0.00725	0.01448	0.02176	0.03065	0.64913	0.05864	0.09935	0.01602	0.00915	0.00245	0.00367	0.01412	0.00848	0.00728
45	0.01919	0.01842	0.03147	0.04759	0.67914	0.01842	0.02380	0.02380	0.01765	0.02533	0.01458	0.01919	0.01228	0.00691	0.00768	0.00230	0.00921	0.00691	0.00384	0.01228
46	0.01439	0.01343	0.02255	0.67437	0.05132	0.01669	0.02082	0.01936	0.01547	0.01981	0.01521	0.05536	0.01236	0.00857	0.00786	0.00261	0.01005	0.00764	0.00363	0.00850
47	0.02872	0.02087	0.02250	0.01747	0.02349	0.02305	0.01436	0.56848	0.09627	0.07413	0.02036	0.01993	0.01445	0.00944	0.00777	0.00236	0.00822	0.00719	0.00785	0.01310
48	0.02364	0.01097	0.01457	0.01216	0.01619	0.00988	0.00964	0.02759	0.04823	0.37079	0.28213	0.07276	0.04196	0.01279	0.00843	0.00246	0.00533	0.01096	0.00900	0.01053
49	0.01833	0.02000	0.03419	0.04832	0.03182	0.08111	0.35677	0.02289	0.01657	0.02244	0.01453	0.02004	0.01184	0.01091	0.04375	0.00316	0.18994	0.00798	0.03593	0.00947
50	0.01463	0.01348	0.02251	0.67616	0.05133	0.01676	0.02078	0.01973	0.01554	0.02023	0.01432	0.02106	0.01078	0.00781	0.00764	0.00255	0.01002	0.00691	0.03921	0.00855
51	0.01127	0.00756	0.00865	0.00865	0.00872	0.00762	0.00494	0.01140	0.01133	0.01518	0.02425	0.04975	0.02776	0.69483	0.07156	0.00776	0.00816	0.01113	0.00467	0.00481
52	0.01464	0.01378	0.02326	0.70887	0.05340	0.01723	0.02153	0.01981	0.01550	0.01981	0.01378	0.02067	0.01034	0.00775	0.00775	0.00258	0.01034	0.00689	0.00345	0.00861
53	0.64236	0.01688	0.01355	0.01171	0.01667	0.04690	0.00959	0.11379	0.01691	0.03615	0.01197	0.01352	0.00915	0.00753	0.00532	0.00237	0.00670	0.00463	0.00519	0.00911
54	0.05591	0.06853	0.10941	0.02135	0.07030	0.37028	0.04355	0.05803	0.02034	0.02307	0.04547	0.01735	0.01342	0.00838	0.00798	0.00221	0.04447	0.00595	0.00427	0.00973
55	0.14633	0.02091	0.05163	0.01555	0.02086	0.12180	0.01303	0.25710	0.02566	0.12904	0.10233	0.02301	0.02035	0.00956	0.00734	0.00232	0.00821	0.00720	0.00685	0.01094
56	0.01715	0.25399	0.48747	0.01937	0.02934	0.02192	0.02389	0.02414	0.01618	0.02260	0.01295	0.01515	0.00986	0.00714	0.00663	0.00221	0.01048	0.00524	0.00329	0.01099
57	0.01464	0.01378	0.02326	0.70887	0.05340	0.01723	0.02153	0.01981	0.01550	0.01981	0.01378	0.02067	0.01034	0.00775	0.00775	0.00258	0.01034	0.00689	0.00345	0.00861
58	0.02705	0.08759	0.02589	0.05339	0.08097	0.26153	0.06792	0.12221	0.02264	0.15190	0.01704	0.01824	0.01258	0.00815	0.00735	0.00220	0.01061	0.00635	0.00552	0.01088
59	0.01497	0.01363	0.02291	0.58630	0.07879	0.01641	0.04222	0.02001	0.01578	0.02112	0.01499	0.02140	0.01139	0.00779	0.00757	0.00250	0.00974	0.00700	0.07676	0.00872
60	0.02691	0.01957	0.02146	0.01783	0.05397	0.02146	0.01390	0.53524	0.03276	0.04497	0.01934	0.02006	0.01406	0.00915	0.00743	0.00225	0.00789	0.00701	0.11241	0.01232
61	0.01066	0.00799	0.00995	0.01009	0.01180	0.00745	0.00742	0.01415	0.04395	0.02631	0.36786	0.22599	0.16783	0.01860	0.00934	0.00269	0.00414	0.03877	0.00790	0.00711
62	0.01668	0.01490	0.02493	0.51250	0.14557	0.01733	0.04733	0.02252	0.04750	0.05336	0.01565	0.02113	0.01176	0.00779	0.00781	0.00254	0.00990	0.00712	0.00403	0.00965
63	0.01555	0.04011	0.68733	0.02210	0.03356	0.01801	0.02865	0.02455	0.01637	0.02455	0.01391	0.01637	0.00982	0.00737	0.00737	0.00246	0.01146	0.00573	0.00327	0.01146
64	0.03479	0.01320	0.01799	0.01380	0.01979	0.01140	0.01140	0.03779	0.02219	0.68451	0.03059	0.02639	0.01919	0.00960	0.00780	0.00240	0.00660	0.00780	0.00960	0.01320
65	0.01447	0.01297	0.02193	0.52558	0.06896	0.01543	0.04222	0.01858	0.01523	0.01974	0.01652	0.06119	0.01437	0.01097	0.01020	0.07677	0.00960	0.03332	0.00382	0.00813
66	0.02896	0.03695	0.02197	0.01998	0.02397	0.69638	0.01498	0.03096	0.02197	0.01898	0.01199	0.01398	0.00999	0.00799	0.00699	0.00200	0.01398	0.00499	0.00400	0.00899
67	0.01696	0.01696	0.02375	0.02036	0.02036	0.02375	0.01696	0.01866	0.01187	0.01866	0.01018	0.01696	0.01018	0.01357	0.02545	0.00339	0.71332	0.00679	0.00339	0.00848
68	0.01555	0.04011	0.68733	0.02210	0.03356	0.01801	0.02865	0.02455	0.01637	0.02455	0.01391	0.01637	0.00982	0.00737	0.00737	0.00246	0.01146	0.00573	0.00327	0.01146
69	0.05197	0.01475	0.05253	0.48780	0.04200	0.01649	0.01862	0.04708	0.01635	0.02279	0.01786	0.02318	0.04407	0.00873	0.00826	0.00253	0.04079	0.00720	0.06828	0.00871
70	0.00954	0.00698	0.00897	0.01034	0.01118	0.00641	0.00705	0.01116	0.01579	0.02088	0.10027	0.58624	0.13066	0.02301	0.00974	0.00302	0.00436	0.02066	0.00731	0.00641
71	0.12201	0.01133	0.01261	0.04815	0.01522	0.01317	0.00932	0.06348	0.01646	0.02888	0.01962	0.02345	0.01565	0.00951	0.00905	0.00224	0.12597	0.00670	0.43908	0.00810
72	0.01674	0.01417	0.01643	0.01180	0.01866	0.01101	0.00946	0.05088	0.01709	0.02643	0.01402	0.01620	0.01157	0.00592	0.00584	0.00121	0.00588	0.00471	0.00475	0.73722
73	0.01696	0.01696	0.02375	0.02036	0.02036	0.02375	0.01696	0.01866	0.01187	0.01866	0.01018	0.01696	0.01018	0.01357	0.02545	0.00339	0.71332	0.00679	0.00339	0.00848
74	0.01723	0.01446	0.01670	0.01203	0.01886	0.01152	0.00967	0.07410	0.01783	0.02730	0.01420	0.01630	0.01163	0.00605	0.00592	0.00125	0.00598	0.00480	0.00487	0.70931
75	0.01611	0.01570	0.02211	0.01921	0.01941	0.02170	0.01591	0.01796	0.01196	0.01856	0.01172	0.01893	0.01152	0.02006	0.12314	0.00471	0.61253	0.00701	0.00350	0.00825
76	0.00948	0.00787	0.00830	0.00819	0.01067	0.00668	0.00614	0.01175	0.01843	0.02274	0.18411	0.07166	0.56931	0.01897	0.00916	0.00259	0.00388	0.01595	0.00744	0.00668
77	0.00945	0.00675	0.00900	0.01080	0.01125	0.00630	0.00720	0.01080	0.01484	0.01979	0.04274	0.72245	0.05128	0.02429	0.00990	0.00315	0.00450	0.02204	0.00720	0.00630
78	0.39169	0.18228	0.02125	0.01455	0.04152	0.17092	0.01162	0.02533	0.03697	0.02713	0.01186	0.01363	0.00973	0.00734	0.00552	0.00215	0.00840	0.00461	0.00435	0.00914
79	0.01119	0.00748	0.00848	0.00857	0.00859	0.00746	0.00482	0.01125	0.01145	0.01527	0.02532	0.08354	0.02932	0.69317	0.03802	0.00730	0.00737	0.01180	0.00482	0.00478
80	0.01201	0.00936	0.01286	0.04564	0.01536	0.00909	0.03817	0.04157	0.02033	0.02794	0.42365	0.07532	0.13676	0.04760	0.04709	0.00325	0.00577	0.01329	0.00742	0.00751
81	0.03456	0.01355	0.01822	0.01397	0.01997	0.01193	0.01154	0.06366	0.02279	0.65779	0.03009	0.02606	0.01894	0.00958	0.00780	0.00240	0.00668	0.00776	0.00952	0.01319
82	0.03479	0.01320	0.01799	0.01380	0.01979	0.01140	0.01140	0.03779	0.02219	0.68451	0.03059	0.02639	0.01919	0.00960	0.00780	0.00240	0.00660	0.00780	0.00960	0.01320
83	0.01347	0.00673	0.01010	0.01010	0.01010	0.00673	0.00673	0.01010	0.01010	0.01347	0.01347	0.02357	0.01347	0.02694	0.03030	0.77441	0.00673	0.00673	0.00337	0.00337
84	0.01555	0.04011	0.68733	0.02210	0.03356	0.01801	0.02865	0.02455	0.01637	0.02455	0.01391	0.01637	0.00982	0.00737	0.00737	0.00246	0.01146	0.00573	0.00327	0.01146
85	0.01555	0.04011	0.68733	0.02210	0.03356	0.01801	0.02865	0.02455	0.01637	0.02455	0.01391	0.01637	0.00982	0.00737	0.00737	0.00246	0.01146	0.00573	0.00327	0.01146
86	0.17223	0.01364	0.01474	0.04761	0.04815	0.03741	0.01034	0.10422	0.01919	0.15562	0.02064	0.02325	0.01560	0.03931	0.00855	0.02718	0.00650	0.00675	0.21958	0.00949
87	0.67603	0.01596	0.04772	0.01090	0.01601	0.01676	0.00952	0.02345	0.01392	0.06617	0.01248	0.01408	0.00943	0.00739	0.00511	0.00238	0.00623	0.00457	0.03313	0.00876
88	0.01515	0.01447	0.02336	0.55907	0.04621	0.01865	0.02054	0.01956	0.01471	0.01956	0.01300	0.01987	0.01030	0.00902	0.01160	0.00276	0.16328	0.00687	0.00343	0.00858
89	0.00945	0.00675	0.00900	0.01080	0.01125	0.00630	0.00720	0.01080	0.01484	0.01979	0.04274	0.72245	0.05128	0.02429	0.00990	0.00315	0.00450	0.02204	0.00720	0.00630
90	0.01109	0.00824	0.01212	0.01212	0.01339	0.00951	0.00927	0.01363	0.01236	0.01775	0.02108	0.03217	0.02013	0.11468	0.64127	0.01204	0.01965	0.00856	0.00420	0.00673
91	0.00916	0.00785	0.00785	0.00785	0.01047	0.00655	0.00589	0.01113	0.01767	0.02095	0.07855	0.07462	0.67599	0.01964	0.00916	0.00262	0.00393	0.01636	0.00720	0.00655
92	0.01830	0.02092	0.04575	0.03268	0.04052	0.01961	0.65098	0.02484	0.01830	0.02484	0.01569	0.02092	0.01176	0.00654	0.00915	0.00261	0.01307	0.00915	0.00392	0.01046
93	0.01874	0.01604	0.01713	0.01566	0.01983	0.01845	0.01229	0.03918	0.61319	0.03169	0.03232	0.03363	0.02535	0.01139	0.00812	0.00271	0.00622	0.05837	0.00783	0.01186
94	0.01555	0.04011	0.68733	0.02210	0.03356	0.01801	0.02865	0.02455	0.01637	0.02455	0.01391	0.01637	0.00982	0.00737	0.00737	0.00246	0.01146	0.00573	0.00327	0.01146
95	0.00945	0.00675	0.00900	0.01080	0.01125	0.00630	0.00720	0.01080	0.01484	0.01979	0.04274	0.72245	0.05128	0.02429	0.00990	0.00315	0.00450	0.02204	0.00720	0.00630
96	0.01445	0.00723	0.00723	0.00723	0.00903	0.00723	0.00542	0.01807	0.01626	0.02891	0.02529	0.02891	0.01987	0.00903	0.00542	0.00181	0.00361	0.00723	0.77055	0.00723
97	0.02204	0.01614	0.01632	0.01363	0.01741	0.06198	0.01092	0.29891	0.02518	0.03608	0.02052	0.02285	0.01576	0.01137	0.03660	0.00257	0.04185	0.00699	0.31284	0.01002
98	0.02005	0.01648	0.01756	0.01568	0.02014	0.01890	0.01223	0.04103	0.63332	0.06470	0.03151	0.02880	0.02345	0.01047	0.00788	0.00262	0.00616	0.00872	0.00797	0.01232
99	0.02945	0.02243	0.02321	0.01794	0.02404	0.05539	0.01475	0.62428	0.03578	0.04747	0.01831	0.01840	0.01304	0.00925	0.00772	0.00231	0.00879	0.00689	0.00758	0.01299
100	0.00945	0.00675	0.00900	0.01080	0.01125	0.00630	0.00720	0.01080	0.01484	0.01979	0.04274	0.72245	0.05128	0.02429	0.00990	0.00315	0.00450	0.02204	0.00720	0.00630
101	0.00983	0.00736	0.01059	0.01175	0.01252	0.00688	0.03517	0.01141	0.01499	0.02001	0.04156	0.69197	0.04957	0.02352	0.00986	0.00313	0.00487	0.02148	0.00706	0.00648
102	0.01064	0.00820	0.01174	0.01252	0.01337	0.00821	0.03517	0.01238	0.01495	0.02006	0.03872	0.56149	0.04555	0.05219	0.01212	0.00337	0.04773	0.07826	0.00672	0.00662
103	0.01560	0.01487	0.02075	0.01815	0.01835	0.02026	0.01481	0.01730	0.01191	0.01824	0.01299	0.02195	0.01312	0.08424	0.12339	0.00507	0.55006	0.00741	0.00362	0.00792
104	0.03238	0.01360	0.01786	0.01395	0.01966	0.01236	0.01143	0.06307	0.07173	0.58056	0.05725	0.02758	0.02155	0.00992	0.00786	0.00242	0.00652	0.00810	0.00934	0.01288
105	0.01577	0.06920	0.66015	0.02173	0.03298	0.01854	0.02800	0.02450	0.01634	0.02429	0.01378	0.01620	0.00983	0.00734	0.00727	0.00242	0.01133	0.00566	0.00328	0.01140
106	0.02790	0.05942	0.08589	0.01831	0.02379	0.36154	0.01541	0.11005	0.05743	0.14132	0.01728	0.01772	0.01273	0.00846	0.00723	0.00217	0.01109	0.00597	0.00557	0.01071
107	0.01790	0.01823	0.03360	0.03208	0.21488	0.01828	0.29994	0.02549	0.11169	0.02540	0.01972	0.08033	0.01689	0.00901	0.00930	0.00261	0.03969	0.00944	0.00473	0.01081

[dist]
# distance from previous block
# <min> <max>
2	12

[block]
# block no. 6 follows, 25 sequences, length 56
# corresponding to MSA columns:
# 240-295
name=unknown_G
#
# <colnr> <probs for GDERKNQSTAVLIFYWHMCP>
#	G	D	E	R	K	N	Q	S	T	A	V	L	I	F	Y	W	H	M	C	P
0	0.23114	0.50202	0.03170	0.01273	0.01874	0.05800	0.01200	0.02346	0.01534	0.02284	0.01084	0.01255	0.00952	0.00685	0.00502	0.00188	0.00792	0.00420	0.00376	0.00948
1	0.01555	0.04011	0.68733	0.02210	0.03356	0.01801	0.02865	0.02455	0.01637	0.02455	0.01391	0.01637	0.00982	0.00737	0.00737	0.00246	0.01146	0.00573	0.00327	0.01146
2	0.02043	0.01371	0.01780	0.04533	0.02092	0.01194	0.03672	0.04705	0.05218	0.17504	0.06375	0.02631	0.01978	0.00865	0.00712	0.00189	0.00650	0.04133	0.00633	0.37722
3	0.06273	0.01495	0.04984	0.08100	0.02288	0.01367	0.01285	0.06522	0.08631	0.40773	0.02632	0.02478	0.01759	0.00923	0.00745	0.00239	0.00698	0.00746	0.06873	0.01188
4	0.03201	0.01258	0.01710	0.01332	0.01883	0.01092	0.01092	0.03508	0.02216	0.60817	0.10588	0.03007	0.02550	0.01033	0.00795	0.00240	0.00625	0.00852	0.00947	0.01251
5	0.01347	0.00673	0.01010	0.01010	0.01010	0.00673	0.00673	0.01010	0.01010	0.01347	0.01347	0.02357	0.01347	0.02694	0.03030	0.77441	0.00673	0.00673	0.00337	0.00337
6	0.23128	0.10611	0.01842	0.01282	0.01782	0.04358	0.01075	0.02828	0.01778	0.30570	0.02131	0.02354	0.01577	0.01178	0.03431	0.03813	0.00754	0.03812	0.00664	0.01031
7	0.01109	0.00827	0.01227	0.01227	0.01359	0.00959	0.00945	0.01372	0.01240	0.01786	0.02094	0.03144	0.01981	0.09042	0.66509	0.01222	0.02013	0.00845	0.00418	0.00682
8	0.00945	0.00675	0.00900	0.01080	0.01125	0.00630	0.00720	0.01080	0.01484	0.01979	0.04274	0.72245	0.05128	0.02429	0.00990	0.00315	0.00450	0.02204	0.00720	0.00630
9	0.04209	0.00751	0.00738	0.00733	0.00925	0.00759	0.00553	0.01824	0.01615	0.02912	0.02477	0.02832	0.01946	0.00897	0.00540	0.00183	0.00370	0.00712	0.74299	0.00727
10	0.02073	0.73217	0.04063	0.01327	0.01990	0.03068	0.01327	0.02322	0.01575	0.01824	0.01078	0.01244	0.00995	0.00663	0.00498	0.00166	0.00829	0.00415	0.00332	0.00995
11	0.00976	0.00702	0.00933	0.01107	0.01174	0.00659	0.00772	0.01137	0.01526	0.02020	0.04374	0.63280	0.07122	0.02383	0.00996	0.00318	0.00476	0.08686	0.00719	0.00640
12	0.00945	0.00675	0.00900	0.01080	0.01125	0.00630	0.00720	0.01080	0.01484	0.01979	0.04274	0.72245	0.05128	0.02429	0.00990	0.00315	0.00450	0.02204	0.00720	0.00630
13	0.02530	0.01887	0.02084	0.01670	0.02150	0.02104	0.01349	0.50159	0.03099	0.04171	0.02145	0.11173	0.01857	0.04069	0.01049	0.00272	0.05431	0.00911	0.00727	0.01163
14	0.03479	0.01320	0.01799	0.01380	0.01979	0.01140	0.01140	0.03779	0.02219	0.68451	0.03059	0.02639	0.01919	0.00960	0.00780	0.00240	0.00660	0.00780	0.00960	0.01320
15	0.00945	0.00675	0.00900	0.01080	0.01125	0.00630	0.00720	0.01080	0.01484	0.01979	0.04274	0.72245	0.05128	0.02429	0.00990	0.00315	0.00450	0.02204	0.00720	0.00630
16	0.04912	0.14711	0.10641	0.06856	0.03184	0.02096	0.28567	0.05332	0.01758	0.02417	0.01752	0.02115	0.04809	0.00818	0.00919	0.00247	0.06691	0.00765	0.00408	0.01003
17	0.01696	0.01696	0.02375	0.02036	0.02036	0.02375	0.01696	0.01866	0.01187	0.01866	0.01018	0.01696	0.01018	0.01357	0.02545	0.00339	0.71332	0.00679	0.00339	0.00848
18	0.00945	0.00675	0.00900	0.01080	0.01125	0.00630	0.00720	0.01080	0.01484	0.01979	0.04274	0.72245	0.05128	0.02429	0.00990	0.00315	0.00450	0.02204	0.00720	0.00630
19	0.01705	0.01722	0.02520	0.02117	0.02168	0.02348	0.05866	0.01907	0.01230	0.01907	0.01054	0.01722	0.01028	0.01311	0.02437	0.00334	0.66727	0.00694	0.00343	0.00861
20	0.02831	0.06010	0.02310	0.01698	0.02298	0.02272	0.01407	0.49188	0.10583	0.10335	0.02075	0.02016	0.01475	0.00932	0.00762	0.00233	0.00807	0.00710	0.00769	0.01290
21	0.01580	0.01508	0.02501	0.14059	0.02826	0.01796	0.15449	0.01936	0.01475	0.02158	0.01709	0.08999	0.01582	0.01153	0.01480	0.00286	0.28033	0.00889	0.09725	0.00857
22	0.71777	0.01557	0.01241	0.01085	0.01577	0.01796	0.00894	0.07682	0.01519	0.03599	0.01147	0.01311	0.00881	0.00738	0.00505	0.00239	0.00622	0.00444	0.00505	0.00881
23	0.01128	0.00752	0.00846	0.00846	0.00846	0.00752	0.00470	0.01128	0.01128	0.01503	0.02443	0.05074	0.02819	0.72751	0.03946	0.00752	0.00752	0.01128	0.00470	0.00470
24	0.02003	0.01041	0.01338	0.01145	0.01504	0.00952	0.00900	0.02449	0.06394	0.26818	0.34362	0.04606	0.10528	0.01357	0.00857	0.00245	0.00492	0.01162	0.00876	0.00971
25	0.01696	0.01696	0.02375	0.02036	0.02036	0.02375	0.01696	0.01866	0.01187	0.01866	0.01018	0.01696	0.01018	0.01357	0.02545	0.00339	0.71332	0.00679	0.00339	0.00848
26	0.00990	0.00707	0.00952	0.01132	0.01197	0.00669	0.00799	0.01159	0.01530	0.02031	0.04248	0.62712	0.05028	0.02386	0.01002	0.00321	0.00489	0.11285	0.00719	0.00642
27	0.02073	0.73217	0.04063	0.01327	0.01990	0.03068	0.01327	0.02322	0.01575	0.01824	0.01078	0.01244	0.00995	0.00663	0.00498	0.00166	0.00829	0.00415	0.00332	0.00995
28	0.00940	0.00692	0.00882	0.01033	0.01112	0.00634	0.00699	0.01085	0.01529	0.01998	0.04841	0.61975	0.15031	0.02355	0.00978	0.00306	0.00441	0.02114	0.00720	0.00634
29	0.01919	0.01842	0.03147	0.04759	0.67914	0.01842	0.02380	0.02380	0.01765	0.02533	0.01458	0.01919	0.01228	0.00691	0.00768	0.00230	0.00921	0.00691	0.00384	0.01228
30	0.01608	0.01378	0.01608	0.01148	0.01837	0.01034	0.00919	0.01952	0.01608	0.02527	0.01378	0.01608	0.01148	0.00574	0.00574	0.00115	0.00574	0.00459	0.00459	0.77491
31	0.03479	0.01320	0.01799	0.01380	0.01979	0.01140	0.01140	0.03779	0.02219	0.68451	0.03059	0.02639	0.01919	0.00960	0.00780	0.00240	0.00660	0.00780	0.00960	0.01320
32	0.02896	0.03695	0.02197	0.01998	0.02397	0.69638	0.01498	0.03096	0.02197	0.01898	0.01199	0.01398	0.00999	0.00799	0.00699	0.00200	0.01398	0.00499	0.00400	0.00899
33	0.01081	0.00790	0.01001	0.00950	0.01130	0.00725	0.00703	0.01410	0.02093	0.02920	0.58016	0.05915	0.12977	0.05602	0.01084	0.00274	0.00390	0.01410	0.00819	0.00709
34	0.01033	0.00712	0.00874	0.00967	0.00990	0.00688	0.00600	0.01103	0.01313	0.01750	0.03393	0.39939	0.04018	0.36250	0.02412	0.00525	0.00595	0.01686	0.00600	0.00553
35	0.00974	0.00759	0.00889	0.00947	0.01124	0.00674	0.00694	0.01188	0.01747	0.02229	0.15649	0.27225	0.35030	0.02061	0.00949	0.00282	0.00427	0.05748	0.00740	0.00663
36	0.01929	0.01666	0.01753	0.01578	0.02016	0.01929	0.01227	0.04120	0.66513	0.03243	0.03156	0.02893	0.02367	0.01052	0.00789	0.00263	0.00614	0.00877	0.00789	0.01227
37	0.02007	0.27832	0.05801	0.18042	0.09992	0.02193	0.04910	0.05471	0.03752	0.07662	0.01550	0.01830	0.01212	0.00754	0.00670	0.00215	0.00886	0.00611	0.03577	0.01036
38	0.02947	0.02172	0.02327	0.01784	0.02404	0.02404	0.01474	0.65329	0.03646	0.04887	0.01862	0.01862	0.01319	0.00931	0.00776	0.00233	0.00853	0.00698	0.00776	0.01319
39	0.71428	0.01527	0.01246	0.03923	0.01701	0.01771	0.00924	0.05325	0.01442	0.03486	0.01130	0.01322	0.00871	0.00732	0.00506	0.00240	0.00630	0.00444	0.00489	0.00864
40	0.01464	0.01378	0.02326	0.70887	0.05340	0.01723	0.02153	0.01981	0.01550	0.01981	0.01378	0.02067	0.01034	0.00775	0.00775	0.00258	0.01034	0.00689	0.00345	0.00861
41	0.00945	0.00675	0.00900	0.01080	0.01125	0.00630	0.00720	0.01080	0.01484	0.01979	0.04274	0.72245	0.05128	0.02429	0.00990	0.00315	0.00450	0.02204	0.00720	0.00630
42	0.01919	0.01842	0.03147	0.04759	0.67914	0.01842	0.02380	0.02380	0.01765	0.02533	0.01458	0.01919	0.01228	0.00691	0.00768	0.00230	0.00921	0.00691	0.00384	0.01228
43	0.00945	0.00675	0.00900	0.01080	0.01125	0.00630	0.00720	0.01080	0.01484	0.01979	0.04274	0.72245	0.05128	0.02429	0.00990	0.00315	0.00450	0.02204	0.00720	0.00630
44	0.69095	0.01450	0.01169	0.01033	0.01507	0.01647	0.00848	0.02369	0.01401	0.08283	0.01294	0.01438	0.00973	0.00746	0.00505	0.00237	0.00593	0.00461	0.04080	0.00870
45	0.02073	0.73217	0.04063	0.01327	0.01990	0.03068	0.01327	0.02322	0.01575	0.01824	0.01078	0.01244	0.00995	0.00663	0.00498	0.00166	0.00829	0.00415	0.00332	0.00995
46	0.01128	0.00752	0.00846	0.00846	0.00846	0.00752	0.00470	0.01128	0.01128	0.01503	0.02443	0.05074	0.02819	0.72751	0.03946	0.00752	0.00752	0.01128	0.00470	0.00470
47	0.78228	0.01499	0.01140	0.01020	0.01499	0.01739	0.00840	0.02279	0.01320	0.03479	0.01080	0.01260	0.00840	0.00720	0.00480	0.00240	0.00600	0.00420	0.00480	0.00840
48	0.00945	0.00675	0.00900	0.01080	0.01125	0.00630	0.00720	0.01080	0.01484	0.01979	0.04274	0.72245	0.05128	0.02429	0.00990	0.00315	0.00450	0.02204	0.00720	0.00630
49	0.01211	0.00762	0.01028	0.01155	0.01267	0.00711	0.00831	0.01392	0.01591	0.07898	0.04143	0.57239	0.04752	0.02259	0.00982	0.00314	0.00505	0.10517	0.00740	0.00702
50	0.00978	0.00708	0.00900	0.01030	0.01105	0.00659	0.00697	0.01124	0.01524	0.02011	0.07694	0.52961	0.11694	0.09562	0.01285	0.00352	0.00479	0.03914	0.00701	0.00624
51	0.01620	0.05995	0.43576	0.05904	0.13408	0.01810	0.08063	0.02349	0.01674	0.02403	0.01734	0.02023	0.04443	0.00784	0.00759	0.00243	0.01068	0.00675	0.00363	0.01105
52	0.01063	0.00812	0.01135	0.04870	0.05738	0.00788	0.00907	0.01259	0.01560	0.02084	0.07861	0.51521	0.07702	0.05071	0.01082	0.00319	0.00526	0.04339	0.00676	0.00685
53	0.05590	0.02212	0.07513	0.09893	0.20904	0.13258	0.04859	0.07952	0.01926	0.02609	0.01409	0.01739	0.01122	0.00721	0.00713	0.00210	0.00964	0.00605	0.00432	0.15369
54	0.15658	0.01822	0.05860	0.08212	0.07849	0.01788	0.24491	0.02608	0.09279	0.06402	0.01747	0.02057	0.01314	0.00780	0.00816	0.00252	0.03123	0.00745	0.04173	0.01026
55	0.13954	0.06034	0.13506	0.02107	0.11658	0.10516	0.01678	0.10539	0.12296	0.05597	0.01802	0.02055	0.01405	0.00858	0.00709	0.00237	0.00891	0.02526	0.00535	0.01099

[dist]
# distance from previous block
# <min> <max>
2	15

[block]
# block no. 7 follows, 25 sequences, length 62
# corresponding to MSA columns:
# 311-372
name=unknown_H
#
# <colnr> <probs for GDERKNQSTAVLIFYWHMCP>
#	G	D	E	R	K	N	Q	S	T	A	V	L	I	F	Y	W	H	M	C	P
0	0.32144	0.04162	0.10768	0.07705	0.18035	0.01793	0.04031	0.02366	0.04873	0.02849	0.01467	0.04032	0.01207	0.00790	0.00655	0.00242	0.00812	0.00628	0.00442	0.01000
1	0.05498	0.01753	0.02707	0.10926	0.44448	0.01837	0.02053	0.05806	0.09636	0.05224	0.01718	0.02046	0.01358	0.00767	0.00759	0.00238	0.00868	0.00704	0.00475	0.01179
2	0.07583	0.02371	0.31258	0.01592	0.02270	0.01391	0.01745	0.02285	0.06097	0.07488	0.19606	0.03101	0.05075	0.01111	0.00858	0.02974	0.00781	0.00858	0.00571	0.00983
3	0.05276	0.01757	0.05665	0.12595	0.47226	0.01711	0.02160	0.02222	0.01698	0.02464	0.01704	0.05824	0.01535	0.00866	0.00780	0.00246	0.00896	0.03856	0.00414	0.01103
4	0.01691	0.23684	0.43670	0.01891	0.02796	0.02148	0.02266	0.02342	0.01621	0.02272	0.04231	0.01712	0.01270	0.00785	0.00769	0.00227	0.04631	0.00570	0.00353	0.01069
