[name]
unknown

[dist]
# distance from previous block
# <min> <max>
14	454

[block]
# block no. 0 follows, 26 sequences, length 35
# corresponding to MSA columns:
# 545-579
name=unknown_A
#
# <colnr> <probs for GDERKNQSTAVLIFYWHMCP>
#	G	D	E	R	K	N	Q	S	T	A	V	L	I	F	Y	W	H	M	C	P
0	0.01751	0.01527	0.02278	0.53455	0.04463	0.01857	0.01945	0.15532	0.01935	0.02535	0.01432	0.01963	0.01070	0.00817	0.00840	0.00251	0.04312	0.00675	0.00426	0.00937
1	0.06310	0.02421	0.02544	0.03201	0.34612	0.25821	0.01849	0.05138	0.04180	0.02402	0.01376	0.01688	0.01138	0.00758	0.00774	0.00220	0.03493	0.00602	0.00413	0.01059
2	0.01001	0.00737	0.00938	0.00962	0.01108	0.00673	0.00693	0.01264	0.01867	0.02551	0.39387	0.27515	0.14764	0.01867	0.00919	0.00263	0.00388	0.01655	0.00775	0.00673
3	0.02356	0.01360	0.01747	0.01302	0.01931	0.01127	0.02997	0.02776	0.05169	0.30188	0.02125	0.02070	0.01498	0.00744	0.00666	0.00175	0.00620	0.00614	0.00667	0.39867
4	0.01501	0.02989	0.44763	0.16949	0.06656	0.01685	0.05194	0.02237	0.01633	0.02351	0.05781	0.01991	0.01400	0.00778	0.00749	0.00243	0.01044	0.00658	0.00363	0.01035
5	0.02091	0.01725	0.01809	0.01485	0.01992	0.03958	0.01173	0.21092	0.29375	0.03346	0.02257	0.02348	0.01752	0.04925	0.00893	0.00243	0.00691	0.00723	0.00670	0.17453
6	0.01848	0.02073	0.16294	0.04221	0.02499	0.01688	0.06706	0.05276	0.29806	0.06777	0.02338	0.02538	0.01787	0.00909	0.00758	0.00239	0.00790	0.03417	0.00601	0.09433
7	0.01851	0.01513	0.01722	0.01255	0.01915	0.01295	0.01014	0.15515	0.01995	0.02961	0.01448	0.01625	0.01159	0.00636	0.00604	0.00137	0.00620	0.00499	0.00515	0.61721
8	0.02087	0.01762	0.01953	0.16429	0.02744	0.06393	0.01444	0.13289	0.35658	0.06434	0.02388	0.02390	0.01767	0.00932	0.00761	0.00246	0.00777	0.00762	0.00661	0.01122
9	0.01222	0.00779	0.00929	0.00913	0.00942	0.00787	0.00557	0.04029	0.01206	0.01609	0.02213	0.07163	0.02482	0.52023	0.03406	0.17061	0.00711	0.01035	0.00456	0.00476
10	0.00956	0.00685	0.00908	0.01035	0.01107	0.00637	0.00707	0.01136	0.01600	0.02171	0.17756	0.58604	0.05470	0.02201	0.00953	0.00293	0.00423	0.01990	0.00732	0.00637
11	0.02774	0.02070	0.02215	0.01723	0.02311	0.02301	0.01415	0.59284	0.10542	0.04604	0.01960	0.01932	0.01402	0.00924	0.00760	0.00231	0.00809	0.00702	0.00760	0.01280
12	0.01573	0.01348	0.01573	0.01123	0.01798	0.01011	0.00899	0.01910	0.01573	0.02472	0.01348	0.01573	0.01123	0.00562	0.00562	0.00112	0.00562	0.00449	0.00449	0.77980
13	0.01995	0.01625	0.03703	0.01599	0.04207	0.01695	0.01236	0.26966	0.19081	0.03438	0.05496	0.18708	0.02651	0.01287	0.00811	0.00252	0.00667	0.01090	0.00720	0.02775
14	0.62413	0.01538	0.01531	0.01773	0.15703	0.01723	0.01141	0.02250	0.01383	0.03207	0.01135	0.01369	0.00902	0.00698	0.00529	0.00233	0.00653	0.00467	0.00449	0.00902
15	0.01714	0.01330	0.01479	0.01358	0.01674	0.01437	0.01032	0.19117	0.20664	0.03047	0.03477	0.29886	0.07441	0.01577	0.00852	0.00269	0.00586	0.01362	0.00738	0.00962
16	0.04286	0.10828	0.20437	0.01847	0.02550	0.02080	0.06756	0.23375	0.04843	0.03167	0.03841	0.01845	0.01359	0.00838	0.00818	0.00228	0.05134	0.00646	0.00517	0.04607
17	0.02655	0.17297	0.02610	0.01641	0.02248	0.02468	0.01400	0.49634	0.06133	0.04070	0.01718	0.01740	0.01271	0.00861	0.00702	0.00215	0.00819	0.00632	0.00667	0.01219
18	0.02730	0.02020	0.02169	0.01684	0.02252	0.02233	0.01379	0.59365	0.06340	0.04553	0.03773	0.02076	0.01549	0.03244	0.00862	0.00245	0.00807	0.00724	0.00752	0.01243
19	0.01815	0.01725	0.02931	0.08903	0.61017	0.01747	0.02257	0.02264	0.01714	0.02432	0.01553	0.02227	0.01350	0.00754	0.00767	0.00233	0.00898	0.03873	0.00389	0.01152
20	0.01234	0.00896	0.01224	0.01380	0.01567	0.00900	0.01199	0.01640	0.04019	0.02294	0.04110	0.08314	0.06494	0.02052	0.01033	0.00343	0.00684	0.59201	0.00701	0.00714
21	0.01080	0.00767	0.00974	0.00927	0.01068	0.00720	0.00661	0.01362	0.01926	0.02709	0.54256	0.05517	0.06224	0.16772	0.01523	0.00344	0.00438	0.01315	0.00755	0.00661
22	0.00944	0.00674	0.00903	0.01079	0.01131	0.00633	0.00738	0.01090	0.01472	0.01958	0.04170	0.68605	0.04974	0.02358	0.00973	0.00311	0.00457	0.06206	0.00704	0.00622
23	0.01325	0.01202	0.01979	0.56581	0.04350	0.01459	0.01809	0.01751	0.01503	0.01938	0.01949	0.17038	0.01860	0.01101	0.00803	0.00264	0.00890	0.00988	0.00415	0.00795
24	0.36937	0.25387	0.02308	0.16049	0.02422	0.02128	0.01252	0.02182	0.01422	0.02557	0.01118	0.01395	0.00912	0.00697	0.00536	0.00215	0.00751	0.00465	0.00393	0.00876
25	0.05177	0.18346	0.42989	0.02127	0.05298	0.02040	0.09275	0.02367	0.01600	0.02322	0.01304	0.01561	0.00986	0.00694	0.00680	0.00225	0.01041	0.00562	0.00337	0.01068
26	0.01722	0.07107	0.22994	0.06336	0.12523	0.01915	0.31623	0.02373	0.01697	0.02363	0.01430	0.01840	0.01084	0.00674	0.00792	0.00241	0.01138	0.00726	0.00358	0.01064
27	0.00968	0.00693	0.00922	0.01048	0.01126	0.00647	0.00727	0.01156	0.01611	0.02184	0.17750	0.56055	0.05445	0.02190	0.00956	0.00295	0.00433	0.04423	0.00732	0.00640
28	0.01173	0.01007	0.01305	0.01277	0.01405	0.05368	0.07083	0.01331	0.01457	0.01881	0.03343	0.46804	0.03893	0.17147	0.01555	0.00386	0.00646	0.01699	0.00600	0.00640
29	0.00924	0.00660	0.00880	0.01056	0.01100	0.00616	0.00704	0.01056	0.01452	0.01936	0.04181	0.72848	0.05017	0.02376	0.00968	0.00308	0.00440	0.02156	0.00704	0.00616
30	0.01395	0.03232	0.54883	0.01927	0.02820	0.01519	0.02358	0.02117	0.01570	0.02303	0.01959	0.16707	0.01821	0.01072	0.00773	0.00255	0.00977	0.00899	0.00402	0.01014
31	0.01414	0.00707	0.00707	0.00707	0.00884	0.00707	0.00530	0.01767	0.01591	0.02828	0.02474	0.02828	0.01944	0.00884	0.00530	0.00177	0.00353	0.00707	0.77554	0.00707
32	0.00902	0.00745	0.00792	0.00829	0.01041	0.00635	0.00603	0.01082	0.01670	0.02025	0.06941	0.21197	0.54886	0.02018	0.00912	0.00267	0.00396	0.01719	0.00704	0.00635
33	0.03082	0.01363	0.01751	0.01391	0.01944	0.01278	0.01133	0.03767	0.15967	0.55152	0.03013	0.02634	0.01970	0.00958	0.00765	0.00239	0.00636	0.00783	0.00903	0.01272
34	0.03232	0.01565	0.01930	0.01480	0.02073	0.01522	0.01222	0.24215	0.02630	0.47970	0.02607	0.02332	0.01684	0.00930	0.00761	0.00232	0.00708	0.00737	0.00880	0.01291

[dist]
# distance from previous block
# <min> <max>
0	1

[block]
# block no. 1 follows, 26 sequences, length 16
# corresponding to MSA columns:
# 581-596
name=unknown_B
#
# <colnr> <probs for GDERKNQSTAVLIFYWHMCP>
#	G	D	E	R	K	N	Q	S	T	A	V	L	I	F	Y	W	H	M	C	P
0	0.01140	0.00837	0.01093	0.04785	0.01398	0.00825	0.00819	0.05233	0.01861	0.02554	0.30586	0.33946	0.05381	0.04697	0.01029	0.00288	0.00472	0.01617	0.00733	0.00705
1	0.01573	0.01348	0.01573	0.01123	0.01798	0.01011	0.00899	0.01910	0.01573	0.02472	0.01348	0.01573	0.01123	0.00562	0.00562	0.00112	0.00562	0.00449	0.00449	0.77980
2	0.01887	0.01629	0.01715	0.01544	0.01972	0.01887	0.01201	0.04031	0.67241	0.03173	0.03087	0.02830	0.02315	0.01029	0.00772	0.00257	0.00600	0.00858	0.00772	0.01201
3	0.01573	0.01348	0.01573	0.01123	0.01798	0.01011	0.00899	0.01910	0.01573	0.02472	0.01348	0.01573	0.01123	0.00562	0.00562	0.00112	0.00562	0.00449	0.00449	0.77980
4	0.04844	0.01924	0.01910	0.06785	0.02308	0.10021	0.01325	0.20710	0.28672	0.07094	0.02482	0.02419	0.04191	0.00965	0.00751	0.00239	0.00781	0.00760	0.00688	0.01132
5	0.00910	0.00769	0.00788	0.00783	0.01033	0.00646	0.00587	0.01116	0.01762	0.02127	0.12443	0.07171	0.63496	0.01892	0.00896	0.00255	0.00382	0.01583	0.00715	0.00646
6	0.01930	0.05796	0.02908	0.03867	0.51364	0.01931	0.02075	0.05863	0.08669	0.02605	0.01582	0.01928	0.01301	0.00754	0.00818	0.00230	0.04091	0.00680	0.00433	0.01176
7	0.01318	0.00659	0.00988	0.00988	0.00988	0.00659	0.00659	0.00988	0.00988	0.01318	0.01318	0.02306	0.01318	0.02635	0.02964	0.77931	0.00659	0.00659	0.00329	0.00329
8	0.01199	0.00818	0.00936	0.00907	0.00951	0.00840	0.00550	0.04694	0.01247	0.01674	0.02332	0.04642	0.02612	0.64269	0.08694	0.00744	0.00838	0.01058	0.00472	0.00522
9	0.01844	0.01768	0.03018	0.09689	0.63840	0.01793	0.02311	0.02299	0.01711	0.02437	0.01421	0.01888	0.01187	0.00682	0.00751	0.00227	0.00909	0.00676	0.00373	0.01174
10	0.01877	0.01868	0.02870	0.15753	0.52679	0.07168	0.02223	0.02317	0.01725	0.02338	0.01393	0.01862	0.01152	0.00698	0.00747	0.00228	0.00956	0.00661	0.00370	0.01115
11	0.78701	0.01467	0.01115	0.00997	0.01467	0.01702	0.00821	0.02230	0.01291	0.03403	0.01056	0.01232	0.00821	0.00704	0.00469	0.00235	0.00587	0.00411	0.00469	0.00821
12	0.70747	0.01448	0.01183	0.01035	0.01516	0.01640	0.00852	0.02385	0.01384	0.10347	0.01261	0.01375	0.00933	0.00729	0.00500	0.00235	0.00593	0.00448	0.00519	0.00871
13	0.01903	0.56515	0.20162	0.01512	0.02277	0.02695	0.01670	0.02304	0.01556	0.01937	0.01130	0.01312	0.00970	0.00667	0.00545	0.00182	0.00888	0.00444	0.00323	0.01010
14	0.00924	0.00660	0.00880	0.01056	0.01100	0.00616	0.00704	0.01056	0.01452	0.01936	0.04181	0.72848	0.05017	0.02376	0.00968	0.00308	0.00440	0.02156	0.00704	0.00616
15	0.01773	0.01504	0.01625	0.01196	0.01844	0.05883	0.00952	0.02098	0.01650	0.06500	0.01436	0.01620	0.01159	0.00600	0.00583	0.00126	0.00623	0.00471	0.00475	0.67882

[dist]
# distance from previous block
# <min> <max>
2	3

[block]
# block no. 2 follows, 26 sequences, length 88
# corresponding to MSA columns:
# 600-687
name=unknown_C
#
# <colnr> <probs for GDERKNQSTAVLIFYWHMCP>
#	G	D	E	R	K	N	Q	S	T	A	V	L	I	F	Y	W	H	M	C	P
0	0.01305	0.00856	0.01111	0.01024	0.01247	0.00801	0.00783	0.01730	0.04805	0.08518	0.58292	0.05376	0.06440	0.01494	0.00883	0.00242	0.00401	0.03071	0.00837	0.00783
1	0.01844	0.01737	0.02901	0.16330	0.54432	0.01806	0.02249	0.05133	0.01773	0.02486	0.01431	0.01900	0.01172	0.00701	0.00753	0.00230	0.00918	0.00676	0.00386	0.01142
2	0.01078	0.00756	0.00865	0.00894	0.00940	0.00745	0.00545	0.01199	0.03635	0.01676	0.03231	0.18596	0.08882	0.50388	0.02915	0.00591	0.00641	0.01347	0.00541	0.00533
3	0.05247	0.08391	0.61851	0.02049	0.03108	0.01840	0.02609	0.02385	0.01583	0.02409	0.01326	0.01559	0.00955	0.00715	0.00693	0.00235	0.01075	0.00543	0.00328	0.01097
4	0.02712	0.03240	0.02283	0.02290	0.11062	0.55053	0.01577	0.08723	0.02224	0.02206	0.01265	0.01476	0.01035	0.00780	0.00700	0.00202	0.01258	0.00531	0.00423	0.00959
5	0.01216	0.00964	0.01065	0.01051	0.01129	0.05652	0.00711	0.01330	0.01219	0.01605	0.02172	0.03977	0.02314	0.43183	0.28316	0.00877	0.01261	0.00953	0.00435	0.00570
6	0.05752	0.06889	0.02196	0.01885	0.02292	0.64404	0.01432	0.02961	0.02087	0.01913	0.01162	0.01355	0.00971	0.00772	0.00666	0.00195	0.01311	0.00482	0.00391	0.00882
7	0.01877	0.01802	0.03079	0.04656	0.68612	0.01802	0.02328	0.02328	0.01727	0.02478	0.01427	0.01877	0.01201	0.00676	0.00751	0.00225	0.00901	0.00676	0.00375	0.01201
8	0.01830	0.01570	0.01666	0.01503	0.01914	0.01805	0.01167	0.03850	0.62714	0.03164	0.07616	0.03027	0.02652	0.01065	0.00780	0.00256	0.00583	0.00893	0.00776	0.01167
9	0.00946	0.00676	0.00905	0.01081	0.01135	0.00635	0.00742	0.01094	0.01474	0.01961	0.04168	0.68096	0.04969	0.02356	0.00974	0.00311	0.00459	0.06691	0.00704	0.00622
10	0.01663	0.01558	0.02592	0.38270	0.26571	0.01754	0.04440	0.05155	0.01707	0.02311	0.03574	0.02071	0.01295	0.00776	0.00818	0.00244	0.03117	0.00706	0.00388	0.00989
11	0.00933	0.00776	0.00819	0.00827	0.01071	0.00662	0.00632	0.01149	0.01763	0.02142	0.12131	0.07260	0.59107	0.01904	0.00907	0.00261	0.00404	0.05888	0.00714	0.00650
12	0.01266	0.05826	0.01279	0.01074	0.01311	0.01028	0.00829	0.06636	0.04611	0.02593	0.25318	0.17751	0.17069	0.04476	0.00991	0.00276	0.00495	0.05696	0.00719	0.00755
13	0.11320	0.02501	0.02105	0.04215	0.02340	0.24768	0.01411	0.33543	0.02686	0.03455	0.01475	0.01606	0.01114	0.00853	0.00760	0.00222	0.03393	0.00587	0.00575	0.01070
14	0.01066	0.00775	0.01003	0.00946	0.01128	0.00712	0.00709	0.01416	0.02128	0.02997	0.65480	0.05740	0.09916	0.01567	0.00895	0.00239	0.00359	0.01382	0.00829	0.00712
15	0.02883	0.02125	0.02276	0.01745	0.02352	0.02352	0.01442	0.66082	0.03566	0.04780	0.01821	0.01821	0.01290	0.00911	0.00759	0.00228	0.00835	0.00683	0.00759	0.01290
16	0.01546	0.07284	0.66266	0.02120	0.03219	0.01821	0.02730	0.02396	0.01599	0.02372	0.01346	0.01583	0.00961	0.00717	0.00709	0.00236	0.01106	0.00553	0.00320	0.01114
17	0.01521	0.03923	0.69413	0.02162	0.03283	0.01762	0.02802	0.02402	0.01601	0.02402	0.01361	0.01601	0.00961	0.00721	0.00721	0.00240	0.01121	0.00560	0.00320	0.01121
18	0.02028	0.73799	0.03975	0.01298	0.01947	0.03001	0.01298	0.02271	0.01541	0.01785	0.01055	0.01217	0.00973	0.00649	0.00487	0.00162	0.00811	0.00406	0.00324	0.00973
19	0.02947	0.01455	0.01794	0.01405	0.01944	0.01404	0.01149	0.20894	0.02516	0.42560	0.05872	0.05155	0.05237	0.01055	0.00781	0.00236	0.00666	0.00856	0.00864	0.01210
20	0.78701	0.01467	0.01115	0.00997	0.01467	0.01702	0.00821	0.02230	0.01291	0.03403	0.01056	0.01232	0.00821	0.00704	0.00469	0.00235	0.00587	0.00411	0.00469	0.00821
21	0.01751	0.21049	0.48115	0.01917	0.02882	0.02113	0.02327	0.07237	0.01737	0.02431	0.01321	0.01523	0.00989	0.00717	0.00666	0.00220	0.01023	0.00532	0.00355	0.01097
22	0.01084	0.00813	0.01219	0.01219	0.01354	0.00948	0.00948	0.01354	0.01219	0.01761	0.02032	0.02980	0.01896	0.05689	0.70337	0.01219	0.02032	0.00813	0.00406	0.00677
23	0.01150	0.00860	0.01075	0.01041	0.01241	0.00832	0.00800	0.01636	0.07680	0.02825	0.47573	0.05880	0.11043	0.04116	0.01007	0.00273	0.00436	0.09003	0.00789	0.00741
24	0.01414	0.00707	0.00707	0.00707	0.00884	0.00707	0.00530	0.01767	0.01591	0.02828	0.02474	0.02828	0.01944	0.00884	0.00530	0.00177	0.00353	0.00707	0.77554	0.00707
25	0.01283	0.00959	0.01330	0.06330	0.01856	0.01001	0.01283	0.01768	0.06285	0.02309	0.03764	0.07699	0.03987	0.01927	0.01008	0.00336	0.00714	0.54738	0.00678	0.00743
26	0.03403	0.01291	0.01760	0.01350	0.01936	0.01115	0.01115	0.03697	0.02171	0.69137	0.02992	0.02582	0.01878	0.00939	0.00763	0.00235	0.00645	0.00763	0.00939	0.01291
27	0.02711	0.05267	0.02165	0.01833	0.02273	0.48864	0.01414	0.15922	0.05342	0.02520	0.01608	0.01723	0.03377	0.00854	0.00704	0.00206	0.01174	0.00580	0.00492	0.00973
28	0.02835	0.03554	0.02155	0.01946	0.02345	0.67513	0.01465	0.05613	0.02208	0.01976	0.01199	0.01386	0.00990	0.00787	0.00687	0.00197	0.01346	0.00496	0.00406	0.00896
29	0.01792	0.01843	0.02821	0.13557	0.23763	0.06737	0.10234	0.02163	0.01544	0.02129	0.01267	0.01813	0.01082	0.00909	0.01346	0.00267	0.24713	0.00687	0.00357	0.00977
30	0.00938	0.00720	0.00863	0.00955	0.01096	0.00645	0.00681	0.01119	0.01620	0.02072	0.09965	0.40018	0.29336	0.02131	0.00939	0.00285	0.00425	0.04840	0.00713	0.00636
31	0.74487	0.01457	0.01151	0.01017	0.01493	0.01669	0.00838	0.02312	0.01340	0.07082	0.01165	0.01308	0.00881	0.00717	0.00486	0.00235	0.00590	0.00430	0.00496	0.00848
32	0.02725	0.02016	0.02179	0.01712	0.02282	0.02229	0.01416	0.58931	0.06174	0.04537	0.02028	0.02333	0.01548	0.00998	0.00779	0.00237	0.00815	0.05059	0.00755	0.01245
33	0.00918	0.00769	0.00799	0.00791	0.01038	0.00650	0.00593	0.01131	0.01780	0.02171	0.15135	0.07099	0.60777	0.01875	0.00896	0.00254	0.00381	0.01573	0.00720	0.00650
34	0.01505	0.01415	0.02398	0.65156	0.05049	0.01723	0.05650	0.04301	0.01607	0.02069	0.01376	0.02016	0.01029	0.00757	0.00766	0.00252	0.01020	0.00687	0.00355	0.00869
35	0.01659	0.01659	0.02323	0.01991	0.01991	0.02323	0.01659	0.01825	0.01162	0.01825	0.00996	0.01659	0.00996	0.01328	0.02489	0.00332	0.71955	0.00664	0.00332	0.00830
36	0.02623	0.01946	0.02093	0.01670	0.02225	0.02164	0.01358	0.45582	0.21654	0.07224	0.02235	0.02143	0.01609	0.00946	0.00763	0.00236	0.00759	0.00736	0.00771	0.01265
37	0.00918	0.00769	0.00798	0.00791	0.01038	0.00650	0.00593	0.01130	0.01780	0.02170	0.15059	0.07101	0.60853	0.01876	0.00896	0.00254	0.00381	0.01573	0.00720	0.00650
38	0.01810	0.03772	0.07472	0.01366	0.01731	0.01528	0.01133	0.23883	0.05020	0.02835	0.02106	0.05331	0.01982	0.25420	0.10803	0.00527	0.00958	0.00875	0.00562	0.00887
39	0.01074	0.00775	0.01014	0.00954	0.01133	0.00716	0.00716	0.01431	0.02147	0.03042	0.68211	0.05666	0.07157	0.01551	0.00895	0.00239	0.00358	0.01372	0.00835	0.00716
40	0.01743	0.02378	0.15973	0.03014	0.03844	0.01890	0.54692	0.02425	0.01757	0.02425	0.01504	0.01967	0.01117	0.00654	0.00864	0.00253	0.01251	0.00836	0.00372	0.01040
41	0.01067	0.00775	0.01006	0.00948	0.01129	0.00713	0.00711	0.01420	0.02133	0.03008	0.66143	0.05722	0.09246	0.01563	0.00895	0.00239	0.00359	0.01380	0.00831	0.00713
42	0.01859	0.01784	0.03047	0.07337	0.66070	0.01798	0.02319	0.02312	0.01719	0.02456	0.01424	0.01883	0.01194	0.00679	0.00751	0.00226	0.00906	0.00676	0.00374	0.01187
43	0.03403	0.01291	0.01760	0.01350	0.01936	0.01115	0.01115	0.03697	0.02171	0.69137	0.02992	0.02582	0.01878	0.00939	0.00763	0.00235	0.00645	0.00763	0.00939	0.01291
44	0.03403	0.01291	0.01760	0.01350	0.01936	0.01115	0.01115	0.03697	0.02171	0.69137	0.02992	0.02582	0.01878	0.00939	0.00763	0.00235	0.00645	0.00763	0.00939	0.01291
45	0.01573	0.01348	0.01573	0.01123	0.01798	0.01011	0.00899	0.01910	0.01573	0.02472	0.01348	0.01573	0.01123	0.00562	0.00562	0.00112	0.00562	0.00449	0.00449	0.77980
46	0.01118	0.00853	0.01243	0.01225	0.01340	0.01005	0.00941	0.01357	0.01205	0.01737	0.02008	0.03096	0.01928	0.11935	0.60163	0.01123	0.05821	0.00832	0.00407	0.00665
47	0.01318	0.00659	0.00988	0.00988	0.00988	0.00659	0.00659	0.00988	0.00988	0.01318	0.01318	0.02306	0.01318	0.02635	0.02964	0.77931	0.00659	0.00659	0.00329	0.00329
48	0.00924	0.00660	0.00880	0.01056	0.01100	0.00616	0.00704	0.01056	0.01452	0.01936	0.04181	0.72848	0.05017	0.02376	0.00968	0.00308	0.00440	0.02156	0.00704	0.00616
49	0.01941	0.56305	0.09160	0.01437	0.02042	0.05061	0.01436	0.02235	0.01561	0.01896	0.03964	0.01483	0.01240	0.00755	0.00699	0.00187	0.06805	0.00485	0.00349	0.00959
50	0.01899	0.01956	0.05440	0.04417	0.61731	0.04474	0.04255	0.02361	0.01741	0.02450	0.01418	0.01853	0.01183	0.00680	0.00752	0.00226	0.00939	0.00671	0.00374	0.01181
51	0.01573	0.01348	0.01573	0.01123	0.01798	0.01011	0.00899	0.01910	0.01573	0.02472	0.01348	0.01573	0.01123	0.00562	0.00562	0.00112	0.00562	0.00449	0.00449	0.77980
52	0.02116	0.01738	0.02139	0.01748	0.02257	0.01905	0.09166	0.17807	0.38901	0.06097	0.02824	0.02708	0.05078	0.00993	0.00790	0.00249	0.00729	0.00854	0.00725	0.01176
53	0.02662	0.18575	0.02539	0.01814	0.02260	0.55953	0.01430	0.02867	0.02020	0.01841	0.01147	0.01336	0.00976	0.00753	0.00642	0.00188	0.01249	0.00471	0.00377	0.00899
54	0.00961	0.00720	0.01035	0.01148	0.01223	0.00672	0.03502	0.01115	0.01467	0.01957	0.04067	0.69807	0.04851	0.02302	0.00965	0.00306	0.00476	0.02102	0.00690	0.00634
55	0.01055	0.00775	0.00988	0.00935	0.01122	0.00708	0.00701	0.01395	0.02103	0.02937	0.61798	0.05839	0.13636	0.01590	0.00895	0.00240	0.00361	0.01396	0.00821	0.00708
56	0.00924	0.00660	0.00880	0.01056	0.01100	0.00616	0.00704	0.01056	0.01452	0.01936	0.04181	0.72848	0.05017	0.02376	0.00968	0.00308	0.00440	0.02156	0.00704	0.00616
57	0.03403	0.01291	0.01760	0.01350	0.01936	0.01115	0.01115	0.03697	0.02171	0.69137	0.02992	0.02582	0.01878	0.00939	0.00763	0.00235	0.00645	0.00763	0.00939	0.01291
58	0.01573	0.01348	0.01573	0.01123	0.01798	0.01011	0.00899	0.01910	0.01573	0.02472	0.01348	0.01573	0.01123	0.00562	0.00562	0.00112	0.00562	0.00449	0.00449	0.77980
59	0.07386	0.49305	0.16216	0.01499	0.02204	0.08387	0.01568	0.02358	0.01587	0.02023	0.01124	0.01305	0.00961	0.00678	0.00547	0.00185	0.00902	0.00443	0.00339	0.00983
60	0.01544	0.07077	0.66460	0.02123	0.03223	0.01817	0.02735	0.02396	0.01599	0.02374	0.01347	0.01584	0.00961	0.00717	0.00710	0.00237	0.01107	0.00554	0.00320	0.01114
61	0.02680	0.03108	0.02167	0.01909	0.02294	0.50302	0.01470	0.12335	0.05055	0.02345	0.01333	0.01528	0.01083	0.00867	0.00883	0.00217	0.08466	0.00551	0.00456	0.00949
62	0.75979	0.04035	0.01216	0.01008	0.01484	0.01748	0.00838	0.02231	0.01300	0.03346	0.01056	0.01232	0.00827	0.00702	0.00470	0.00232	0.00595	0.00411	0.00464	0.00827
63	0.01475	0.01431	0.02535	0.63434	0.05075	0.01713	0.09651	0.01996	0.01549	0.01996	0.01370	0.02025	0.01028	0.00744	0.00775	0.00253	0.01043	0.00700	0.00343	0.00864
64	0.00941	0.00672	0.00899	0.01075	0.01127	0.00630	0.00733	0.01085	0.01469	0.01955	0.04171	0.69250	0.04980	0.02361	0.00973	0.00310	0.00455	0.05590	0.00704	0.00621
65	0.01146	0.00884	0.01209	0.01087	0.01312	0.00836	0.03869	0.01610	0.05755	0.02977	0.58761	0.05403	0.09223	0.01494	0.00888	0.00241	0.00417	0.01330	0.00804	0.00754
66	0.01414	0.00707	0.00707	0.00707	0.00884	0.00707	0.00530	0.01767	0.01591	0.02828	0.02474	0.02828	0.01944	0.00884	0.00530	0.00177	0.00353	0.00707	0.77554	0.00707
67	0.01342	0.01234	0.02026	0.59221	0.04501	0.01500	0.01855	0.01786	0.01521	0.01944	0.02038	0.10700	0.05251	0.01015	0.00791	0.00260	0.00908	0.00901	0.00401	0.00804
68	0.03347	0.01303	0.01759	0.01357	0.01938	0.01143	0.01118	0.03709	0.04568	0.66707	0.02996	0.02591	0.01894	0.00942	0.00763	0.00236	0.00644	0.00766	0.00933	0.01288
69	0.02719	0.03241	0.02179	0.04643	0.02438	0.55778	0.01499	0.10381	0.02237	0.02204	0.01246	0.01463	0.01016	0.00827	0.00797	0.00209	0.05241	0.00529	0.00429	0.00924
70	0.78701	0.01467	0.01115	0.00997	0.01467	0.01702	0.00821	0.02230	0.01291	0.03403	0.01056	0.01232	0.00821	0.00704	0.00469	0.00235	0.00587	0.00411	0.00469	0.00821
71	0.02771	0.03365	0.02225	0.02125	0.06954	0.59904	0.01524	0.08205	0.02238	0.02142	0.01244	0.01441	0.01019	0.00785	0.00695	0.00200	0.01291	0.00518	0.00420	0.00936
72	0.01573	0.01348	0.01573	0.01123	0.01798	0.01011	0.00899	0.01910	0.01573	0.02472	0.01348	0.01573	0.01123	0.00562	0.00562	0.00112	0.00562	0.00449	0.00449	0.77980
73	0.01857	0.01782	0.03043	0.07670	0.65754	0.01797	0.02318	0.02310	0.01718	0.02454	0.01423	0.01884	0.01193	0.00680	0.00751	0.00227	0.00906	0.00676	0.00374	0.01185
74	0.01586	0.01360	0.01579	0.01141	0.01805	0.01047	0.00911	0.01997	0.04264	0.02500	0.01419	0.01624	0.01172	0.00581	0.00570	0.00118	0.00563	0.00466	0.00463	0.74833
75	0.02322	0.07418	0.02138	0.01716	0.02144	0.23233	0.01359	0.12708	0.28085	0.02809	0.02008	0.02027	0.01556	0.00930	0.00849	0.00232	0.06135	0.00671	0.00588	0.01071
76	0.00896	0.00768	0.00768	0.00768	0.01025	0.00640	0.00576	0.01089	0.01729	0.02049	0.07684	0.07300	0.68304	0.01921	0.00896	0.00256	0.00384	0.01601	0.00704	0.00640
77	0.01755	0.02246	0.11755	0.03039	0.03820	0.01914	0.56548	0.02406	0.01748	0.02406	0.01497	0.01983	0.01124	0.00672	0.00929	0.00257	0.03651	0.00849	0.00375	0.01028
78	0.01318	0.00659	0.00988	0.00988	0.00988	0.00659	0.00659	0.00988	0.00988	0.01318	0.01318	0.02306	0.01318	0.02635	0.02964	0.77931	0.00659	0.00659	0.00329	0.00329
79	0.00945	0.00669	0.00874	0.01030	0.01069	0.00630	0.00676	0.01062	0.01412	0.01883	0.03975	0.65064	0.04758	0.10514	0.01300	0.00357	0.00474	0.02036	0.00676	0.00598
80	0.01056	0.00786	0.00990	0.00971	0.01164	0.00720	0.00749	0.01380	0.02016	0.02752	0.48488	0.06338	0.18945	0.01690	0.00913	0.00255	0.00404	0.08892	0.00793	0.00699
81	0.02777	0.08496	0.02276	0.01908	0.02317	0.65618	0.01454	0.02976	0.02107	0.01851	0.01164	0.01357	0.00977	0.00772	0.00670	0.00193	0.01329	0.00483	0.00386	0.00886
82	0.75661	0.01493	0.01161	0.01027	0.01502	0.01728	0.00846	0.04790	0.01382	0.03458	0.01087	0.01256	0.00840	0.00712	0.00481	0.00234	0.00597	0.00422	0.00481	0.00840
83	0.01577	0.03193	0.46139	0.02391	0.03339	0.01780	0.20375	0.02337	0.01645	0.02376	0.01651	0.01957	0.03716	0.00767	0.00837	0.00248	0.03556	0.00700	0.00354	0.01064
84	0.01592	0.01306	0.01533	0.01140	0.01757	0.01017	0.00902	0.01977	0.03933	0.04490	0.01669	0.06903	0.01476	0.00724	0.00605	0.00136	0.00557	0.00599	0.00495	0.67190
85	0.00900	0.00753	0.00784	0.00809	0.01035	0.00637	0.00595	0.01084	0.01689	0.02033	0.07184	0.16661	0.59266	0.01986	0.00907	0.00264	0.00392	0.01680	0.00704	0.00637
86	0.04629	0.15652	0.42948	0.02019	0.02922	0.10259	0.06775	0.02451	0.01659	0.02269	0.01287	0.01525	0.00973	0.00709	0.00679	0.00222	0.01089	0.00543	0.00339	0.01049
87	0.05281	0.01913	0.02130	0.04091	0.04333	0.02099	0.01398	0.48302	0.07539	0.08854	0.04931	0.02105	0.01637	0.00930	0.00756	0.00232	0.00784	0.00722	0.00740	0.01224

[dist]
# distance from previous block
# <min> <max>
0	6

[block]
# block no. 3 follows, 26 sequences, length 167
# corresponding to MSA columns:
# 694-860
name=unknown_D
#
# <colnr> <probs for GDERKNQSTAVLIFYWHMCP>
#	G	D	E	R	K	N	Q	S	T	A	V	L	I	F	Y	W	H	M	C	P
0	0.02803	0.01779	0.02012	0.01589	0.02147	0.01900	0.01299	0.37014	0.13770	0.21708	0.02354	0.02229	0.01637	0.01081	0.02841	0.00264	0.00780	0.00737	0.00799	0.01257
1	0.01334	0.01216	0.04633	0.01257	0.01666	0.00960	0.03920	0.04050	0.01631	0.02348	0.05105	0.32297	0.03018	0.01401	0.00779	0.00218	0.00572	0.01250	0.00576	0.31769
2	0.08173	0.01484	0.05265	0.01294	0.01873	0.01217	0.03467	0.02053	0.06030	0.02587	0.06352	0.04986	0.01765	0.00795	0.00705	0.00171	0.03363	0.00644	0.00498	0.47280
3	0.02728	0.09474	0.02407	0.01928	0.02374	0.56207	0.03934	0.08191	0.02201	0.02116	0.01230	0.01419	0.01009	0.00775	0.00681	0.00198	0.01272	0.00513	0.00415	0.00927
4	0.01824	0.01477	0.01810	0.01375	0.01998	0.01160	0.04067	0.02088	0.01762	0.05135	0.04863	0.05344	0.01825	0.00868	0.00721	0.00185	0.00664	0.00680	0.00571	0.61584
5	0.08995	0.02495	0.02142	0.05057	0.02414	0.23263	0.01430	0.38339	0.02845	0.03629	0.01536	0.01642	0.01142	0.00847	0.00712	0.00219	0.00988	0.00600	0.00601	0.01104
6	0.01447	0.01376	0.02363	0.68796	0.05174	0.01694	0.04648	0.01958	0.01528	0.01958	0.01356	0.02023	0.01017	0.00754	0.00764	0.00253	0.01022	0.00683	0.00339	0.00850
7	0.01818	0.05549	0.22893	0.05340	0.03588	0.01884	0.37517	0.04335	0.01785	0.05608	0.01535	0.01901	0.01122	0.00690	0.00812	0.00245	0.01160	0.00757	0.00398	0.01063
8	0.01051	0.00758	0.00993	0.00970	0.01128	0.00700	0.00714	0.01374	0.02041	0.02873	0.58439	0.15919	0.06830	0.01677	0.00906	0.00249	0.00370	0.01491	0.00815	0.00700
9	0.01042	0.00912	0.04345	0.01174	0.01343	0.00761	0.03346	0.01306	0.01692	0.02321	0.23091	0.44125	0.05289	0.01972	0.00935	0.00284	0.00490	0.04170	0.00712	0.00689
10	0.72841	0.06995	0.01333	0.01020	0.01504	0.01801	0.00858	0.02233	0.01310	0.03279	0.01056	0.01231	0.00833	0.00700	0.00471	0.00229	0.00604	0.00410	0.00458	0.00833
11	0.02028	0.73799	0.03975	0.01298	0.01947	0.03001	0.01298	0.02271	0.01541	0.01785	0.01055	0.01217	0.00973	0.00649	0.00487	0.00162	0.00811	0.00406	0.00324	0.00973
12	0.02096	0.01583	0.01721	0.01517	0.01967	0.01780	0.01189	0.03984	0.58259	0.12278	0.03074	0.02796	0.02255	0.01017	0.00771	0.00254	0.00607	0.00844	0.00795	0.01213
13	0.00898	0.00764	0.00773	0.00780	0.01027	0.00639	0.00581	0.01087	0.01718	0.02045	0.07549	0.09833	0.65858	0.01939	0.00899	0.00258	0.00386	0.01622	0.00704	0.00639
14	0.00923	0.00758	0.00818	0.00859	0.01074	0.00652	0.00641	0.01116	0.01684	0.02045	0.06853	0.18254	0.53456	0.02008	0.00919	0.00271	0.00415	0.05909	0.00704	0.00640
15	0.01103	0.00735	0.00827	0.00827	0.00827	0.00735	0.00460	0.01103	0.01103	0.01471	0.02390	0.04964	0.02758	0.73343	0.03861	0.00735	0.00735	0.01103	0.00460	0.00460
16	0.04584	0.01630	0.04837	0.50473	0.04312	0.04693	0.01964	0.05453	0.01603	0.02148	0.01310	0.01890	0.01013	0.00837	0.00965	0.00258	0.10137	0.00651	0.00366	0.00877
17	0.05528	0.01981	0.02211	0.05155	0.05474	0.02191	0.01462	0.50924	0.07798	0.06793	0.01886	0.01912	0.01351	0.00894	0.00749	0.00231	0.00813	0.00688	0.00718	0.01241
18	0.01074	0.00775	0.01014	0.00954	0.01133	0.00716	0.00716	0.01431	0.02147	0.03042	0.68211	0.05666	0.07157	0.01551	0.00895	0.00239	0.00358	0.01372	0.00835	0.00716
19	0.01696	0.02005	0.07217	0.02947	0.03663	0.01788	0.56746	0.02299	0.01750	0.02382	0.01775	0.08676	0.01505	0.00806	0.00894	0.00260	0.01193	0.00998	0.00411	0.00989
20	0.01077	0.00855	0.00982	0.01021	0.01250	0.00800	0.00816	0.01444	0.06000	0.02214	0.08954	0.07222	0.39088	0.04670	0.01049	0.00302	0.00506	0.20355	0.00704	0.00691
21	0.68948	0.01703	0.06969	0.01128	0.01659	0.01734	0.01016	0.04934	0.01413	0.03376	0.01114	0.01288	0.00853	0.00714	0.00503	0.00235	0.00643	0.00435	0.00469	0.00867
22	0.06361	0.02022	0.02140	0.01681	0.02255	0.02254	0.01377	0.54135	0.12588	0.04484	0.01966	0.01938	0.01415	0.00918	0.00747	0.00232	0.00789	0.00695	0.00747	0.01255
23	0.05579	0.02101	0.02235	0.01719	0.02321	0.02329	0.01420	0.63812	0.03485	0.04731	0.01794	0.01800	0.01273	0.00903	0.00748	0.00228	0.00826	0.00673	0.00748	0.01273
24	0.03403	0.01291	0.01760	0.01350	0.01936	0.01115	0.01115	0.03697	0.02171	0.69137	0.02992	0.02582	0.01878	0.00939	0.00763	0.00235	0.00645	0.00763	0.00939	0.01291
25	0.01074	0.00775	0.01014	0.00954	0.01133	0.00716	0.00716	0.01431	0.02147	0.03042	0.68211	0.05666	0.07157	0.01551	0.00895	0.00239	0.00358	0.01372	0.00835	0.00716
26	0.01084	0.00813	0.01219	0.01219	0.01354	0.00948	0.00948	0.01354	0.01219	0.01761	0.02032	0.02980	0.01896	0.05689	0.70337	0.01219	0.02032	0.00813	0.00406	0.00677
27	0.01790	0.02046	0.04476	0.03197	0.03964	0.01918	0.65857	0.02430	0.01790	0.02430	0.01535	0.02046	0.01151	0.00639	0.00895	0.00256	0.01279	0.00895	0.00384	0.01023
28	0.01414	0.00707	0.00707	0.00707	0.00884	0.00707	0.00530	0.01767	0.01591	0.02828	0.02474	0.02828	0.01944	0.00884	0.00530	0.00177	0.00353	0.00707	0.77554	0.00707
29	0.02833	0.03615	0.02149	0.01954	0.02345	0.70298	0.01466	0.03029	0.02149	0.01856	0.01172	0.01368	0.00977	0.00782	0.00684	0.00195	0.01368	0.00489	0.00391	0.00879
30	0.03403	0.01291	0.01760	0.01350	0.01936	0.01115	0.01115	0.03697	0.02171	0.69137	0.02992	0.02582	0.01878	0.00939	0.00763	0.00235	0.00645	0.00763	0.00939	0.01291
31	0.02883	0.02125	0.02276	0.01745	0.02352	0.02352	0.01442	0.66082	0.03566	0.04780	0.01821	0.01821	0.01290	0.00911	0.00759	0.00228	0.00835	0.00683	0.00759	0.01290
32	0.02833	0.03615	0.02149	0.01954	0.02345	0.70298	0.01466	0.03029	0.02149	0.01856	0.01172	0.01368	0.00977	0.00782	0.00684	0.00195	0.01368	0.00489	0.00391	0.00879
33	0.04255	0.04756	0.28149	0.02476	0.03305	0.01828	0.30889	0.02329	0.01672	0.02428	0.03587	0.01912	0.01252	0.00729	0.00861	0.00244	0.04221	0.00728	0.00376	0.04002
34	0.01635	0.01623	0.02276	0.01958	0.01964	0.02264	0.01629	0.01805	0.01164	0.01823	0.01040	0.01716	0.01035	0.01516	0.05416	0.00370	0.68939	0.00670	0.00335	0.00823
35	0.78701	0.01467	0.01115	0.00997	0.01467	0.01702	0.00821	0.02230	0.01291	0.03403	0.01056	0.01232	0.00821	0.00704	0.00469	0.00235	0.00587	0.00411	0.00469	0.00821
36	0.01084	0.00813	0.01219	0.01219	0.01354	0.00948	0.00948	0.01354	0.01219	0.01761	0.02032	0.02980	0.01896	0.05689	0.70337	0.01219	0.02032	0.00813	0.00406	0.00677
37	0.00924	0.00660	0.00880	0.01056	0.01100	0.00616	0.00704	0.01056	0.01452	0.01936	0.04181	0.72848	0.05017	0.02376	0.00968	0.00308	0.00440	0.02156	0.00704	0.00616
38	0.00938	0.00670	0.00896	0.01072	0.01122	0.00628	0.00728	0.01080	0.01466	0.01952	0.04173	0.69879	0.04987	0.02363	0.00972	0.00310	0.00452	0.04990	0.00704	0.00620
39	0.03229	0.01252	0.01704	0.01320	0.01876	0.01085	0.01085	0.03527	0.02169	0.64197	0.07866	0.02812	0.02272	0.00985	0.00773	0.00235	0.00624	0.00808	0.00931	0.01248
40	0.02833	0.03615	0.02149	0.01954	0.02345	0.70298	0.01466	0.03029	0.02149	0.01856	0.01172	0.01368	0.00977	0.00782	0.00684	0.00195	0.01368	0.00489	0.00391	0.00879
41	0.03403	0.01291	0.01760	0.01350	0.01936	0.01115	0.01115	0.03697	0.02171	0.69137	0.02992	0.02582	0.01878	0.00939	0.00763	0.00235	0.00645	0.00763	0.00939	0.01291
42	0.01097	0.00733	0.00829	0.00835	0.00837	0.00731	0.00468	0.01101	0.01115	0.01487	0.02454	0.07377	0.02838	0.70820	0.03758	0.00720	0.00725	0.01140	0.00468	0.00465
43	0.01050	0.00774	0.00981	0.00929	0.01119	0.00706	0.00697	0.01386	0.02091	0.02909	0.60127	0.05884	0.15324	0.01600	0.00895	0.00241	0.00361	0.01402	0.00818	0.00706
44	0.02865	0.02672	0.02230	0.01822	0.02350	0.27287	0.01450	0.42943	0.03046	0.03707	0.01583	0.01655	0.01175	0.00863	0.00731	0.00216	0.01030	0.00612	0.00624	0.01139
45	0.01005	0.00773	0.00919	0.00882	0.01091	0.00687	0.00662	0.01299	0.01985	0.02658	0.44801	0.06298	0.30807	0.01694	0.00895	0.00245	0.00368	0.01460	0.00784	0.00687
46	0.00923	0.00664	0.00876	0.01045	0.01097	0.00617	0.00699	0.01057	0.01463	0.01941	0.04316	0.70312	0.07465	0.02359	0.00965	0.00306	0.00438	0.02135	0.00704	0.00617
47	0.02028	0.73799	0.03975	0.01298	0.01947	0.03001	0.01298	0.02271	0.01541	0.01785	0.01055	0.01217	0.00973	0.00649	0.00487	0.00162	0.00811	0.00406	0.00324	0.00973
48	0.01204	0.00860	0.01202	0.01376	0.01543	0.00858	0.01191	0.01541	0.01728	0.02250	0.04026	0.12409	0.04404	0.02112	0.01043	0.00347	0.00683	0.59829	0.00699	0.00694
49	0.02393	0.01377	0.01908	0.09505	0.05506	0.01245	0.03404	0.05429	0.01946	0.30937	0.05008	0.02274	0.01708	0.00811	0.00713	0.00201	0.00692	0.00685	0.00669	0.23588
50	0.01573	0.01348	0.01573	0.01123	0.01798	0.01011	0.00899	0.01910	0.01573	0.02472	0.01348	0.01573	0.01123	0.00562	0.00562	0.00112	0.00562	0.00449	0.00449	0.77980
51	0.01432	0.01315	0.02150	0.61780	0.04734	0.01617	0.01983	0.01995	0.04418	0.02024	0.01678	0.02680	0.01388	0.00897	0.00786	0.00262	0.00963	0.06662	0.00390	0.00845
52	0.01181	0.00844	0.01175	0.01350	0.01506	0.00838	0.01151	0.01500	0.01706	0.02224	0.04039	0.17430	0.04455	0.02134	0.01037	0.00344	0.00663	0.55038	0.00699	0.00687
53	0.00924	0.00660	0.00880	0.01056	0.01100	0.00616	0.00704	0.01056	0.01452	0.01936	0.04181	0.72848	0.05017	0.02376	0.00968	0.00308	0.00440	0.02156	0.00704	0.00616
54	0.72885	0.01453	0.01165	0.01025	0.01503	0.01656	0.00844	0.02343	0.01359	0.08480	0.01206	0.01336	0.00903	0.00722	0.00492	0.00235	0.00591	0.00438	0.00506	0.00858
55	0.01573	0.01348	0.01573	0.01123	0.01798	0.01011	0.00899	0.01910	0.01573	0.02472	0.01348	0.01573	0.01123	0.00562	0.00562	0.00112	0.00562	0.00449	0.00449	0.77980
56	0.01918	0.01880	0.03039	0.04540	0.65784	0.04725	0.02291	0.02358	0.01745	0.02452	0.01416	0.01856	0.01192	0.00680	0.00748	0.00224	0.00921	0.00668	0.00376	0.01188
57	0.02746	0.03431	0.02109	0.01916	0.02310	0.63958	0.01441	0.03122	0.08182	0.01978	0.01350	0.01503	0.01101	0.00805	0.00692	0.00201	0.01297	0.00523	0.00426	0.00909
58	0.01790	0.02046	0.04476	0.03197	0.03964	0.01918	0.65857	0.02430	0.01790	0.02430	0.01535	0.02046	0.01151	0.00639	0.00895	0.00256	0.01279	0.00895	0.00384	0.01023
59	0.00959	0.00707	0.00949	0.01101	0.01142	0.00697	0.00749	0.01093	0.01438	0.01931	0.04030	0.69472	0.04826	0.02327	0.01040	0.00309	0.03831	0.02086	0.00686	0.00626
60	0.00896	0.00768	0.00768	0.00768	0.01025	0.00640	0.00576	0.01089	0.01729	0.02049	0.07684	0.07300	0.68304	0.01921	0.00896	0.00256	0.00384	0.01601	0.00704	0.00640
61	0.01857	0.01798	0.03116	0.06964	0.63292	0.01804	0.05333	0.02319	0.01723	0.02457	0.01429	0.01890	0.01192	0.00677	0.00758	0.00228	0.00923	0.00686	0.00374	0.01180
62	0.01074	0.00775	0.01014	0.00954	0.01133	0.00716	0.00716	0.01431	0.02147	0.03042	0.68211	0.05666	0.07157	0.01551	0.00895	0.00239	0.00358	0.01372	0.00835	0.00716
63	0.01032	0.00867	0.00909	0.00891	0.01151	0.00795	0.00669	0.01469	0.09560	0.02270	0.12584	0.09643	0.51852	0.01801	0.00885	0.00257	0.00410	0.01517	0.00724	0.00713
64	0.01503	0.03299	0.53222	0.08348	0.05324	0.01681	0.05008	0.02284	0.01636	0.02389	0.04555	0.02110	0.01392	0.00809	0.00752	0.00245	0.01060	0.02959	0.00364	0.01061
65	0.02836	0.03535	0.02156	0.01943	0.02345	0.66639	0.01464	0.06424	0.02226	0.02014	0.01207	0.01392	0.00994	0.00789	0.00688	0.00197	0.01339	0.00499	0.00411	0.00901
66	0.02601	0.03190	0.02235	0.02200	0.08695	0.55014	0.01554	0.02903	0.04833	0.01971	0.01265	0.01505	0.01058	0.00828	0.00846	0.00212	0.07232	0.00537	0.00401	0.00920
67	0.01535	0.01521	0.02709	0.50212	0.07231	0.01790	0.13595	0.02032	0.01542	0.02038	0.01353	0.01988	0.01043	0.00785	0.00940	0.00259	0.07479	0.00713	0.00347	0.00888
68	0.02054	0.01546	0.01681	0.01484	0.01927	0.01727	0.01162	0.03859	0.55464	0.12230	0.03270	0.02986	0.05071	0.01055	0.00776	0.00254	0.00597	0.00876	0.00792	0.01189
69	0.01103	0.00735	0.00827	0.00827	0.00827	0.00735	0.00460	0.01103	0.01103	0.01471	0.02390	0.04964	0.02758	0.73343	0.03861	0.00735	0.00735	0.01103	0.00460	0.00460
70	0.00924	0.00660	0.00880	0.01056	0.01100	0.00616	0.00704	0.01056	0.01452	0.01936	0.04181	0.72848	0.05017	0.02376	0.00968	0.00308	0.00440	0.02156	0.00704	0.00616
71	0.02059	0.62083	0.06290	0.01416	0.02034	0.08527	0.01386	0.02320	0.01578	0.01816	0.01074	0.01264	0.00974	0.00692	0.00600	0.00175	0.03986	0.00430	0.00330	0.00965
72	0.01414	0.00707	0.00707	0.00707	0.00884	0.00707	0.00530	0.01767	0.01591	0.02828	0.02474	0.02828	0.01944	0.00884	0.00530	0.00177	0.00353	0.00707	0.77554	0.00707
73	0.01573	0.01348	0.01573	0.01123	0.01798	0.01011	0.00899	0.01910	0.01573	0.02472	0.01348	0.01573	0.01123	0.00562	0.00562	0.00112	0.00562	0.00449	0.00449	0.77980
74	0.01100	0.00747	0.00885	0.00885	0.00905	0.00767	0.00532	0.01140	0.01120	0.01513	0.02337	0.04672	0.02631	0.63383	0.13647	0.00807	0.00926	0.01060	0.00452	0.00492
75	0.01103	0.00735	0.00827	0.00827	0.00827	0.00735	0.00460	0.01103	0.01103	0.01471	0.02390	0.04964	0.02758	0.73343	0.03861	0.00735	0.00735	0.01103	0.00460	0.00460
76	0.78701	0.01467	0.01115	0.00997	0.01467	0.01702	0.00821	0.02230	0.01291	0.03403	0.01056	0.01232	0.00821	0.00704	0.00469	0.00235	0.00587	0.00411	0.00469	0.00821
77	0.02908	0.02085	0.02252	0.01726	0.02332	0.02293	0.01426	0.63103	0.03500	0.07854	0.01877	0.01857	0.01318	0.00912	0.00759	0.00228	0.00826	0.00687	0.00767	0.01290
78	0.01573	0.01348	0.01573	0.01123	0.01798	0.01011	0.00899	0.01910	0.01573	0.02472	0.01348	0.01573	0.01123	0.00562	0.00562	0.00112	0.00562	0.00449	0.00449	0.77980
79	0.00969	0.00710	0.00920	0.01034	0.01120	0.00685	0.00720	0.01125	0.01439	0.01901	0.04197	0.46330	0.12844	0.08701	0.10779	0.00464	0.00687	0.04116	0.00642	0.00618
80	0.01573	0.01348	0.01573	0.01123	0.01798	0.01011	0.00899	0.01910	0.01573	0.02472	0.01348	0.01573	0.01123	0.00562	0.00562	0.00112	0.00562	0.00449	0.00449	0.77980
81	0.01553	0.19891	0.29701	0.01586	0.02266	0.01799	0.01739	0.02223	0.07626	0.02315	0.10038	0.07913	0.02275	0.04876	0.00879	0.00255	0.00829	0.00806	0.00464	0.00967
82	0.00945	0.00676	0.00899	0.01042	0.01105	0.00630	0.00706	0.01108	0.01548	0.02089	0.13019	0.63575	0.05312	0.02262	0.00958	0.00298	0.00429	0.02048	0.00722	0.00630
83	0.01432	0.01348	0.02275	0.71520	0.05224	0.01685	0.02107	0.01938	0.01517	0.01938	0.01348	0.02022	0.01011	0.00758	0.00758	0.00253	0.01011	0.00674	0.00337	0.00843
84	0.01318	0.00659	0.00988	0.00988	0.00988	0.00659	0.00659	0.00988	0.00988	0.01318	0.01318	0.02306	0.01318	0.02635	0.02964	0.77931	0.00659	0.00659	0.00329	0.00329
85	0.01103	0.00735	0.00827	0.00827	0.00827	0.00735	0.00460	0.01103	0.01103	0.01471	0.02390	0.04964	0.02758	0.73343	0.03861	0.00735	0.00735	0.01103	0.00460	0.00460
86	0.01877	0.01802	0.03079	0.04656	0.68612	0.01802	0.02328	0.02328	0.01727	0.02478	0.01427	0.01877	0.01201	0.00676	0.00751	0.00225	0.00901	0.00676	0.00375	0.01201
87	0.02833	0.03615	0.02149	0.01954	0.02345	0.70298	0.01466	0.03029	0.02149	0.01856	0.01172	0.01368	0.00977	0.00782	0.00684	0.00195	0.01368	0.00489	0.00391	0.00879
88	0.78701	0.01467	0.01115	0.00997	0.01467	0.01702	0.00821	0.02230	0.01291	0.03403	0.01056	0.01232	0.00821	0.00704	0.00469	0.00235	0.00587	0.00411	0.00469	0.00821
89	0.01639	0.01796	0.03779	0.02785	0.03398	0.01716	0.52174	0.02173	0.01707	0.02321	0.01958	0.13960	0.01796	0.00961	0.00975	0.00268	0.04114	0.01098	0.00435	0.00946
90	0.78701	0.01467	0.01115	0.00997	0.01467	0.01702	0.00821	0.02230	0.01291	0.03403	0.01056	0.01232	0.00821	0.00704	0.00469	0.00235	0.00587	0.00411	0.00469	0.00821
91	0.02609	0.01937	0.02068	0.01610	0.02169	0.02116	0.01322	0.57111	0.03313	0.04403	0.02630	0.02577	0.10540	0.01050	0.00778	0.00232	0.00772	0.00810	0.00751	0.01200
92	0.62699	0.01496	0.01220	0.01073	0.01527	0.03926	0.00873	0.04671	0.01525	0.06912	0.06846	0.01705	0.01435	0.00798	0.00539	0.00233	0.00606	0.00523	0.00534	0.00857
93	0.00966	0.00702	0.00923	0.01055	0.01139	0.00642	0.00715	0.01118	0.01489	0.02013	0.06790	0.66112	0.04899	0.02243	0.00943	0.00295	0.00443	0.02031	0.00696	0.04786
94	0.02071	0.70020	0.03876	0.01333	0.01968	0.06625	0.01307	0.02312	0.01574	0.01788	0.01061	0.01225	0.00974	0.00656	0.00497	0.00164	0.00841	0.00410	0.00328	0.00968
95	0.74521	0.01430	0.01109	0.00995	0.01449	0.01648	0.00816	0.02187	0.01337	0.03384	0.04672	0.01471	0.01163	0.00750	0.00492	0.00235	0.00574	0.00462	0.00489	0.00816
96	0.72166	0.01409	0.01106	0.00994	0.01439	0.01619	0.00813	0.02162	0.01363	0.03373	0.06709	0.01605	0.01355	0.00775	0.00505	0.00235	0.00567	0.00492	0.00500	0.00813
97	0.01763	0.01895	0.03631	0.03033	0.12290	0.02025	0.37640	0.02233	0.01591	0.02253	0.01356	0.01906	0.01111	0.00853	0.01358	0.00275	0.22637	0.00795	0.00367	0.00989
98	0.01084	0.00813	0.01219	0.01219	0.01354	0.00948	0.00948	0.01354	0.01219	0.01761	0.02032	0.02980	0.01896	0.05689	0.70337	0.01219	0.02032	0.00813	0.00406	0.00677
99	0.01562	0.01435	0.02309	0.59894	0.09527	0.01738	0.02048	0.05511	0.04477	0.02183	0.01454	0.02036	0.01096	0.00772	0.00758	0.00250	0.00976	0.00683	0.00381	0.00908
