[name]
unknown

[dist]
# distance from previous block
# <min> <max>
0	7

[block]
# block no. 0 follows, 25 sequences, length 41
# corresponding to MSA columns:
# 7-47
name=unknown_A
#
# <colnr> <probs for GDERKNQSTAVLIFYWHMCP>
#	G	D	E	R	K	N	Q	S	T	A	V	L	I	F	Y	W	H	M	C	P
0	0.01226	0.00876	0.01222	0.01401	0.01569	0.00872	0.01208	0.01566	0.01762	0.02294	0.04118	0.13671	0.04514	0.02164	0.01065	0.00354	0.00693	0.58004	0.00714	0.00707
1	0.02947	0.02172	0.02327	0.01784	0.02404	0.02404	0.01474	0.65329	0.03646	0.04887	0.01862	0.01862	0.01319	0.00931	0.00776	0.00233	0.00853	0.00698	0.00776	0.01319
2	0.01591	0.01065	0.01313	0.04194	0.01622	0.01092	0.00948	0.06009	0.11718	0.10648	0.08095	0.25984	0.08701	0.07130	0.05867	0.00377	0.00675	0.01389	0.00718	0.00862
3	0.02272	0.02574	0.07567	0.05165	0.21924	0.24299	0.01833	0.09934	0.07884	0.02591	0.01597	0.01873	0.01278	0.01075	0.04535	0.00281	0.01129	0.00643	0.00466	0.01081
4	0.01533	0.01449	0.02506	0.53865	0.04725	0.01697	0.10142	0.04612	0.01669	0.02167	0.01647	0.07505	0.01381	0.00894	0.00810	0.00262	0.01016	0.00836	0.00398	0.00886
5	0.38777	0.01838	0.01696	0.01392	0.01928	0.05034	0.01139	0.25695	0.04440	0.08956	0.01595	0.01648	0.01157	0.00831	0.00632	0.00236	0.00734	0.00569	0.00632	0.01069
6	0.06927	0.00836	0.00827	0.00822	0.01082	0.00744	0.00614	0.01214	0.01715	0.02211	0.09001	0.09057	0.55989	0.04372	0.00992	0.00279	0.00423	0.01536	0.00697	0.00664
7	0.72231	0.01444	0.01112	0.01001	0.01464	0.01655	0.00820	0.02189	0.01354	0.03371	0.01605	0.01741	0.06018	0.00816	0.00514	0.00242	0.00584	0.00514	0.00498	0.00825
8	0.06722	0.14554	0.02599	0.07328	0.08128	0.17921	0.01550	0.26383	0.02505	0.03167	0.01459	0.01637	0.01133	0.00810	0.00693	0.00216	0.00981	0.00587	0.00529	0.01097
9	0.02361	0.05647	0.07637	0.01647	0.05038	0.04476	0.03438	0.09396	0.06744	0.24536	0.15528	0.03097	0.04911	0.01057	0.00793	0.00237	0.00726	0.00881	0.00741	0.01109
10	0.01733	0.03298	0.47021	0.02712	0.13483	0.01799	0.10962	0.02506	0.01708	0.05382	0.01499	0.01786	0.01088	0.00728	0.00767	0.00245	0.01111	0.00646	0.00373	0.01153
11	0.01109	0.00827	0.01228	0.01228	0.01361	0.00960	0.00947	0.01373	0.01241	0.01787	0.02093	0.03135	0.01977	0.08767	0.66779	0.01224	0.02018	0.00844	0.00418	0.00682
12	0.01199	0.00878	0.01172	0.01325	0.01479	0.00882	0.01075	0.01617	0.06401	0.02276	0.04091	0.29096	0.04528	0.02156	0.01024	0.00336	0.00620	0.38400	0.00721	0.00724
13	0.01910	0.02209	0.10478	0.10472	0.43381	0.07504	0.06142	0.02462	0.03503	0.02434	0.01473	0.01894	0.01190	0.00721	0.00769	0.00235	0.01013	0.00680	0.00386	0.01145
14	0.01994	0.01765	0.02979	0.10126	0.57800	0.01781	0.02270	0.02448	0.01780	0.07288	0.01568	0.01984	0.01262	0.00718	0.00769	0.00233	0.00912	0.00697	0.00422	0.01204
15	0.01584	0.01519	0.02630	0.52629	0.19027	0.01762	0.05664	0.02096	0.01613	0.02130	0.01406	0.02036	0.01084	0.00750	0.00781	0.00252	0.01024	0.00702	0.00356	0.00952
16	0.01011	0.00846	0.00869	0.00854	0.01106	0.00755	0.00632	0.01342	0.06345	0.02175	0.09553	0.06895	0.55787	0.07040	0.01128	0.00297	0.00434	0.01536	0.00712	0.00685
17	0.01608	0.01378	0.01608	0.01148	0.01837	0.01034	0.00919	0.01952	0.01608	0.02527	0.01378	0.01608	0.01148	0.00574	0.00574	0.00115	0.00574	0.00459	0.00459	0.77491
18	0.01828	0.01879	0.03569	0.12079	0.31874	0.01879	0.27652	0.02442	0.04336	0.02474	0.01561	0.02045	0.01229	0.00700	0.00829	0.00248	0.01079	0.00789	0.00398	0.01110
19	0.02896	0.03695	0.02197	0.01998	0.02397	0.69638	0.01498	0.03096	0.02197	0.01898	0.01199	0.01398	0.00999	0.00799	0.00699	0.00200	0.01398	0.00499	0.00400	0.00899
20	0.02323	0.01446	0.04623	0.01279	0.01931	0.01096	0.01084	0.02676	0.01876	0.28616	0.04878	0.02196	0.01710	0.00777	0.00677	0.00176	0.00624	0.00631	0.00668	0.40710
21	0.01879	0.01801	0.03074	0.10630	0.62358	0.01832	0.02359	0.02344	0.01746	0.02484	0.01451	0.01932	0.01211	0.00698	0.00768	0.00233	0.00931	0.00691	0.00380	0.01196
22	0.01108	0.00831	0.01246	0.01246	0.01385	0.00969	0.00969	0.01385	0.01246	0.01800	0.02077	0.03046	0.01938	0.05815	0.69678	0.01246	0.02077	0.00831	0.00415	0.00692
23	0.01912	0.16237	0.13210	0.02659	0.03461	0.02119	0.41207	0.02505	0.01771	0.05263	0.01514	0.01887	0.01147	0.00680	0.00803	0.00240	0.01163	0.00764	0.00396	0.01062
24	0.01696	0.01696	0.02375	0.02036	0.02036	0.02375	0.01696	0.01866	0.01187	0.01866	0.01018	0.01696	0.01018	0.01357	0.02545	0.00339	0.71332	0.00679	0.00339	0.00848
25	0.01059	0.00791	0.00984	0.00935	0.01135	0.00715	0.00702	0.01389	0.02105	0.02896	0.54952	0.06143	0.20002	0.01665	0.00915	0.00248	0.00371	0.01452	0.00825	0.00715
26	0.01853	0.01774	0.03027	0.14423	0.58770	0.01825	0.02347	0.02321	0.01734	0.02452	0.01447	0.01941	0.01200	0.00703	0.00769	0.00234	0.00938	0.00691	0.00378	0.01175
27	0.02201	0.01797	0.01967	0.06688	0.02375	0.02056	0.01369	0.22345	0.42903	0.03645	0.02638	0.02523	0.01955	0.00995	0.00784	0.00254	0.00716	0.00809	0.00753	0.01228
28	0.01593	0.01509	0.02557	0.52233	0.22992	0.01756	0.02217	0.02093	0.01611	0.02137	0.01401	0.02025	0.01088	0.00751	0.00773	0.00250	0.01002	0.00690	0.00356	0.00965
29	0.00945	0.00675	0.00900	0.01080	0.01125	0.00630	0.00720	0.01080	0.01484	0.01979	0.04274	0.72245	0.05128	0.02429	0.00990	0.00315	0.00450	0.02204	0.00720	0.00630
30	0.02073	0.73217	0.04063	0.01327	0.01990	0.03068	0.01327	0.02322	0.01575	0.01824	0.01078	0.01244	0.00995	0.00663	0.00498	0.00166	0.00829	0.00415	0.00332	0.00995
31	0.01929	0.01666	0.01753	0.01578	0.02016	0.01929	0.01227	0.04120	0.66513	0.03243	0.03156	0.02893	0.02367	0.01052	0.00789	0.00263	0.00614	0.00877	0.00789	0.01227
32	0.78228	0.01499	0.01140	0.01020	0.01499	0.01739	0.00840	0.02279	0.01320	0.03479	0.01080	0.01260	0.00840	0.00720	0.00480	0.00240	0.00600	0.00420	0.00480	0.00840
33	0.01763	0.01119	0.01221	0.01072	0.01330	0.01217	0.00840	0.15820	0.02051	0.03210	0.05841	0.02829	0.02097	0.04065	0.00906	0.00232	0.05657	0.00769	0.47108	0.00853
34	0.02947	0.02172	0.02327	0.01784	0.02404	0.02404	0.01474	0.65329	0.03646	0.04887	0.01862	0.01862	0.01319	0.00931	0.00776	0.00233	0.00853	0.00698	0.00776	0.01319
35	0.01187	0.00920	0.01304	0.03948	0.09469	0.00906	0.01020	0.04067	0.01674	0.02264	0.08329	0.51538	0.04490	0.02027	0.00943	0.00295	0.00546	0.03645	0.00678	0.00750
36	0.02044	0.01723	0.01818	0.01601	0.02060	0.01982	0.01255	0.11027	0.59420	0.03429	0.03010	0.02776	0.02249	0.01038	0.00787	0.00260	0.00641	0.00856	0.00787	0.01238
37	0.01959	0.01917	0.03109	0.04647	0.65254	0.04595	0.02344	0.02409	0.01783	0.02507	0.01448	0.01898	0.01219	0.00695	0.00765	0.00229	0.00940	0.00683	0.00384	0.01215
38	0.01159	0.00919	0.01432	0.01365	0.01524	0.01061	0.03909	0.01443	0.01280	0.01841	0.02095	0.05692	0.01991	0.05254	0.60938	0.01125	0.04951	0.00883	0.00423	0.00713
39	0.01184	0.00847	0.01171	0.01330	0.01486	0.00834	0.01114	0.01504	0.01768	0.02328	0.09491	0.19429	0.04818	0.02144	0.01044	0.00340	0.00639	0.47102	0.00727	0.00701
40	0.01658	0.06892	0.63129	0.02137	0.03239	0.01828	0.02726	0.02505	0.01659	0.05195	0.01448	0.01662	0.01022	0.00743	0.00728	0.00242	0.01112	0.00575	0.00354	0.01147

[dist]
# distance from previous block
# <min> <max>
0	3

[block]
# block no. 1 follows, 25 sequences, length 38
# corresponding to MSA columns:
# 51-88
name=unknown_B
#
# <colnr> <probs for GDERKNQSTAVLIFYWHMCP>
#	G	D	E	R	K	N	Q	S	T	A	V	L	I	F	Y	W	H	M	C	P
0	0.01668	0.19113	0.54621	0.02017	0.03058	0.02077	0.02529	0.02426	0.01624	0.02318	0.01323	0.01551	0.00985	0.00721	0.00684	0.00228	0.01077	0.00538	0.00328	0.01113
1	0.01212	0.05529	0.01149	0.00988	0.01267	0.00880	0.00792	0.01441	0.01765	0.06330	0.06212	0.11884	0.43810	0.01880	0.00912	0.00274	0.00496	0.11742	0.00709	0.00727
2	0.01836	0.01809	0.03025	0.20179	0.46509	0.03969	0.06773	0.02316	0.01733	0.02379	0.01439	0.01950	0.01171	0.00712	0.00778	0.00238	0.00990	0.00700	0.00376	0.01118
3	0.01843	0.01772	0.02972	0.14198	0.43393	0.01847	0.08236	0.02564	0.10475	0.02541	0.01686	0.02089	0.01347	0.00749	0.00786	0.00242	0.00934	0.00737	0.00433	0.01155
4	0.02665	0.03317	0.02153	0.01952	0.02296	0.58698	0.01483	0.02866	0.02038	0.01888	0.01238	0.01534	0.01062	0.01178	0.05353	0.00281	0.08184	0.00538	0.00395	0.00881
5	0.01130	0.00824	0.01212	0.01212	0.01353	0.00953	0.00941	0.01412	0.01271	0.01871	0.02106	0.03036	0.01942	0.05496	0.65191	0.01177	0.01966	0.00824	0.05389	0.00694
6	0.01508	0.01423	0.02405	0.64513	0.11372	0.01734	0.02175	0.02019	0.01571	0.02034	0.01386	0.02053	0.01052	0.00767	0.00774	0.00256	0.01023	0.00689	0.00348	0.00897
7	0.01110	0.00823	0.01208	0.01208	0.01333	0.00948	0.00921	0.01360	0.01235	0.01771	0.02112	0.03242	0.02023	0.12268	0.63342	0.01198	0.01949	0.00859	0.00421	0.00671
8	0.01685	0.01713	0.02537	0.48796	0.10636	0.08343	0.06086	0.02150	0.01625	0.02049	0.01355	0.01964	0.01057	0.00803	0.00902	0.00256	0.06091	0.00685	0.00356	0.00910
9	0.01932	0.01890	0.03064	0.08342	0.61820	0.04526	0.02332	0.02386	0.01771	0.02477	0.01444	0.01907	0.01208	0.00700	0.00765	0.00231	0.00946	0.00683	0.00382	0.01195
10	0.23179	0.53341	0.03253	0.01242	0.01854	0.02700	0.01192	0.02310	0.01505	0.02283	0.01078	0.01248	0.00952	0.00679	0.00493	0.00186	0.00766	0.00416	0.00373	0.00952
11	0.01589	0.08502	0.64537	0.02153	0.03267	0.01883	0.02765	0.02447	0.01633	0.02415	0.01371	0.01611	0.00983	0.00732	0.00721	0.00240	0.01125	0.00563	0.00328	0.01136
12	0.00926	0.00748	0.00824	0.00885	0.01074	0.00646	0.00633	0.01102	0.01671	0.02055	0.06639	0.29457	0.46389	0.02122	0.00941	0.00280	0.00412	0.01829	0.00720	0.00646
13	0.01128	0.00752	0.00846	0.00846	0.00846	0.00752	0.00470	0.01128	0.01128	0.01503	0.02443	0.05074	0.02819	0.72751	0.03946	0.00752	0.00752	0.01128	0.00470	0.00470
14	0.01876	0.01799	0.03070	0.10980	0.62028	0.01831	0.02358	0.02342	0.01745	0.02481	0.01451	0.01933	0.01210	0.00699	0.00768	0.00233	0.00932	0.00691	0.00380	0.01194
15	0.01464	0.01378	0.02326	0.70887	0.05340	0.01723	0.02153	0.01981	0.01550	0.01981	0.01378	0.02067	0.01034	0.00775	0.00775	0.00258	0.01034	0.00689	0.00345	0.00861
16	0.00962	0.00682	0.00894	0.01057	0.01098	0.00642	0.00696	0.01084	0.01450	0.01933	0.04097	0.65770	0.04906	0.09208	0.01275	0.00357	0.00479	0.02100	0.00696	0.00614
17	0.07364	0.01818	0.03004	0.04492	0.63175	0.01835	0.02270	0.02372	0.01734	0.02601	0.01431	0.01872	0.01200	0.00693	0.00747	0.00231	0.00898	0.00672	0.00391	0.01200
18	0.01097	0.00793	0.01036	0.00975	0.01158	0.00732	0.00732	0.01463	0.02195	0.03109	0.67505	0.05792	0.07316	0.01585	0.00914	0.00244	0.00366	0.01402	0.00854	0.00732
19	0.02086	0.01862	0.06088	0.01635	0.02147	0.01947	0.01358	0.11343	0.52383	0.05885	0.02885	0.02679	0.02136	0.01014	0.00784	0.00257	0.00678	0.00832	0.00765	0.01237
20	0.01929	0.01666	0.01753	0.01578	0.02016	0.01929	0.01227	0.04120	0.66513	0.03243	0.03156	0.02893	0.02367	0.01052	0.00789	0.00263	0.00614	0.00877	0.00789	0.01227
21	0.01116	0.00747	0.00849	0.00861	0.00863	0.00744	0.00486	0.01125	0.01150	0.01534	0.02560	0.09350	0.02966	0.68274	0.03758	0.00724	0.00732	0.01196	0.00486	0.00480
22	0.03342	0.01289	0.01756	0.01356	0.01932	0.01116	0.01116	0.03646	0.02218	0.64705	0.06754	0.02820	0.02229	0.00996	0.00787	0.00240	0.00643	0.00815	0.00954	0.01286
23	0.01804	0.02277	0.10760	0.03166	0.03985	0.01945	0.59099	0.02481	0.01811	0.02481	0.01552	0.02048	0.01158	0.00662	0.00898	0.00260	0.01292	0.00882	0.00386	0.01055
24	0.00966	0.00690	0.00925	0.01104	0.01159	0.00649	0.00758	0.01117	0.01506	0.02004	0.04262	0.67714	0.05081	0.02409	0.00995	0.00318	0.00469	0.06520	0.00719	0.00636
25	0.00997	0.00785	0.00900	0.00880	0.01099	0.00688	0.00656	0.01266	0.01945	0.02537	0.33958	0.09052	0.38848	0.01814	0.00918	0.00256	0.00383	0.01554	0.00779	0.00688
26	0.00945	0.00715	0.00873	0.00984	0.01103	0.00643	0.00681	0.01112	0.01611	0.02079	0.08985	0.48777	0.24210	0.02240	0.00963	0.00295	0.00428	0.01986	0.00727	0.00643
27	0.01830	0.02092	0.04575	0.03268	0.04052	0.01961	0.65098	0.02484	0.01830	0.02484	0.01569	0.02092	0.01176	0.00654	0.00915	0.00261	0.01307	0.00915	0.00392	0.01046
28	0.01097	0.00793	0.01036	0.00975	0.01158	0.00732	0.00732	0.01463	0.02195	0.03109	0.67505	0.05792	0.07316	0.01585	0.00914	0.00244	0.00366	0.01402	0.00854	0.00732
29	0.03390	0.01462	0.01887	0.01447	0.02050	0.01351	0.01195	0.14053	0.02457	0.57840	0.02859	0.02509	0.01819	0.00955	0.00779	0.00239	0.00692	0.00766	0.00929	0.01319
30	0.02757	0.01949	0.02121	0.01657	0.02225	0.02115	0.01356	0.53675	0.03317	0.09101	0.02448	0.05751	0.05769	0.01073	0.00795	0.00239	0.00790	0.00838	0.00782	0.01242
31	0.01166	0.00860	0.01068	0.00991	0.01206	0.00804	0.00750	0.04574	0.02212	0.03067	0.56642	0.05811	0.14720	0.01601	0.00908	0.00246	0.00393	0.01397	0.00833	0.00751
32	0.02931	0.02121	0.02286	0.01761	0.02374	0.02339	0.01452	0.60758	0.05859	0.07266	0.01954	0.01929	0.01379	0.00936	0.00776	0.00234	0.00837	0.00708	0.00783	0.01315
33	0.04406	0.49291	0.16205	0.01498	0.02213	0.05166	0.01581	0.02374	0.01652	0.03930	0.04481	0.01590	0.01326	0.00738	0.00579	0.00191	0.00877	0.00508	0.00382	0.01012
34	0.03649	0.05088	0.01749	0.04881	0.01865	0.01185	0.09096	0.04826	0.01645	0.02234	0.03400	0.44726	0.06182	0.01832	0.00972	0.00289	0.03344	0.01650	0.00619	0.00767
35	0.02688	0.08066	0.02248	0.01850	0.02279	0.51056	0.01426	0.08809	0.05977	0.02316	0.05067	0.01762	0.01459	0.00860	0.00710	0.00207	0.01206	0.00584	0.00478	0.00954
36	0.04620	0.10370	0.42278	0.02084	0.02971	0.01941	0.08588	0.05937	0.01722	0.02517	0.01535	0.05586	0.01250	0.00857	0.00826	0.00247	0.04521	0.00689	0.00388	0.01075
37	0.02370	0.01980	0.04428	0.01554	0.02058	0.07693	0.01288	0.38521	0.05193	0.03814	0.02756	0.05455	0.09962	0.01105	0.00772	0.00233	0.00781	0.00864	0.08071	0.01103

[dist]
# distance from previous block
# <min> <max>
11	22

[block]
# block no. 2 follows, 25 sequences, length 11
# corresponding to MSA columns:
# 112-122
name=unknown_C
#
# <colnr> <probs for GDERKNQSTAVLIFYWHMCP>
#	G	D	E	R	K	N	Q	S	T	A	V	L	I	F	Y	W	H	M	C	P
0	0.08935	0.37129	0.16997	0.01741	0.06124	0.02404	0.01678	0.02436	0.01602	0.07574	0.01323	0.01513	0.01069	0.00758	0.00729	0.00211	0.05823	0.00513	0.00399	0.01042
1	0.09706	0.01242	0.01543	0.01369	0.01726	0.01254	0.04327	0.09685	0.08218	0.15438	0.03382	0.27574	0.06741	0.01534	0.00846	0.00273	0.00617	0.02838	0.00737	0.00949
2	0.01756	0.34241	0.30204	0.01790	0.02629	0.02287	0.06645	0.02297	0.01634	0.02151	0.01755	0.01938	0.06045	0.00791	0.00658	0.00213	0.00961	0.00609	0.00364	0.01035
3	0.03642	0.01521	0.01838	0.06190	0.02047	0.01805	0.01292	0.18360	0.07300	0.06006	0.01955	0.03912	0.01598	0.03699	0.01323	0.00277	0.19744	0.00760	0.15756	0.00978
4	0.01365	0.04411	0.03514	0.01401	0.01696	0.01132	0.06202	0.01631	0.01599	0.04628	0.08168	0.35598	0.03549	0.01639	0.01015	0.00263	0.07012	0.01436	0.00608	0.13134
5	0.02632	0.01845	0.02132	0.01840	0.07524	0.01927	0.01384	0.38736	0.06265	0.12776	0.02356	0.02323	0.05259	0.00946	0.00764	0.00225	0.00766	0.00748	0.00735	0.08817
6	0.01652	0.18057	0.41992	0.06039	0.03026	0.02043	0.04465	0.02318	0.01631	0.02299	0.04755	0.01815	0.01326	0.00797	0.00799	0.00235	0.04729	0.00607	0.00360	0.01057
7	0.07948	0.06849	0.07634	0.14941	0.03083	0.01964	0.14940	0.05126	0.06529	0.02430	0.01587	0.03976	0.01318	0.01176	0.04683	0.00317	0.13361	0.00750	0.00430	0.00959
8	0.02135	0.01837	0.02057	0.01715	0.02144	0.05863	0.04653	0.20760	0.26580	0.03437	0.10876	0.02736	0.02447	0.01083	0.00978	0.00256	0.07760	0.00856	0.00706	0.01122
9	0.02366	0.10597	0.02180	0.01686	0.02103	0.33160	0.01324	0.12021	0.05528	0.02422	0.01715	0.06716	0.01527	0.01531	0.09057	0.00336	0.01201	0.00698	0.00495	0.03338
10	0.37928	0.19473	0.02262	0.06763	0.06975	0.02164	0.01258	0.10510	0.01738	0.03067	0.01232	0.01444	0.00985	0.00735	0.00567	0.00221	0.00747	0.00495	0.00464	0.00972

[dist]
# distance from previous block
# <min> <max>
5	22

[block]
# block no. 3 follows, 25 sequences, length 22
# corresponding to MSA columns:
# 146-167
name=unknown_D
#
# <colnr> <probs for GDERKNQSTAVLIFYWHMCP>
#	G	D	E	R	K	N	Q	S	T	A	V	L	I	F	Y	W	H	M	C	P
0	0.07249	0.04494	0.04220	0.01299	0.01691	0.03491	0.01077	0.06492	0.13592	0.06901	0.19755	0.03850	0.13151	0.01253	0.00893	0.00245	0.04678	0.01006	0.00693	0.03970
1	0.18282	0.01126	0.01074	0.00975	0.01300	0.03360	0.00763	0.02302	0.05435	0.11493	0.04667	0.02736	0.04505	0.00941	0.00606	0.00212	0.00502	0.00725	0.38137	0.00858
2	0.01666	0.01412	0.01939	0.01616	0.01850	0.01626	0.06932	0.11459	0.01687	0.02395	0.02002	0.05034	0.03949	0.16606	0.07951	0.00459	0.21916	0.00880	0.03577	0.05044
3	0.02368	0.01884	0.02001	0.01667	0.02184	0.02134	0.01334	0.30533	0.39384	0.03953	0.02597	0.02448	0.01915	0.01000	0.00783	0.00250	0.00717	0.00800	0.00783	0.01267
4	0.02482	0.01568	0.07145	0.01380	0.02034	0.01190	0.01217	0.05308	0.01977	0.32402	0.02316	0.02499	0.01682	0.00866	0.00717	0.00201	0.00678	0.04224	0.00702	0.29411
5	0.01464	0.01378	0.02326	0.70887	0.05340	0.01723	0.02153	0.01981	0.01550	0.01981	0.01378	0.02067	0.01034	0.00775	0.00775	0.00258	0.01034	0.00689	0.00345	0.00861
6	0.02947	0.02172	0.02327	0.01784	0.02404	0.02404	0.01474	0.65329	0.03646	0.04887	0.01862	0.01862	0.01319	0.00931	0.00776	0.00233	0.00853	0.00698	0.00776	0.01319
7	0.01848	0.01597	0.01776	0.01748	0.06295	0.01818	0.01262	0.03759	0.56966	0.03094	0.03134	0.08451	0.02516	0.01140	0.00804	0.00265	0.00621	0.00972	0.00757	0.01179
8	0.00945	0.00675	0.00900	0.01080	0.01125	0.00630	0.00720	0.01080	0.01484	0.01979	0.04274	0.72245	0.05128	0.02429	0.00990	0.00315	0.00450	0.02204	0.00720	0.00630
9	0.01269	0.01207	0.02248	0.01864	0.02200	0.01124	0.24493	0.01601	0.01635	0.02175	0.03565	0.41075	0.08733	0.01735	0.00956	0.00291	0.00762	0.01682	0.00599	0.00785
10	0.02944	0.02272	0.02318	0.01798	0.02404	0.06844	0.01475	0.61219	0.03550	0.04689	0.01818	0.01831	0.01297	0.00922	0.00771	0.00231	0.00889	0.00685	0.00751	0.01291
11	0.01097	0.00793	0.01036	0.00975	0.01158	0.00732	0.00732	0.01463	0.02195	0.03109	0.67505	0.05792	0.07316	0.01585	0.00914	0.00244	0.00366	0.01402	0.00854	0.00732
12	0.00916	0.00785	0.00785	0.00785	0.01047	0.00655	0.00589	0.01113	0.01767	0.02095	0.07855	0.07462	0.67599	0.01964	0.00916	0.00262	0.00393	0.01636	0.00720	0.00655
13	0.02937	0.02470	0.02302	0.01826	0.02403	0.15559	0.01478	0.53153	0.03362	0.04302	0.01732	0.01771	0.01256	0.00905	0.00761	0.00226	0.00960	0.00659	0.00702	0.01236
14	0.78228	0.01499	0.01140	0.01020	0.01499	0.01739	0.00840	0.02279	0.01320	0.03479	0.01080	0.01260	0.00840	0.00720	0.00480	0.00240	0.00600	0.00420	0.00480	0.00840
15	0.01106	0.00798	0.01049	0.01002	0.01185	0.00741	0.00762	0.01472	0.02170	0.03062	0.63739	0.05967	0.07146	0.01618	0.00924	0.00251	0.00386	0.05044	0.00845	0.00731
16	0.78228	0.01499	0.01140	0.01020	0.01499	0.01739	0.00840	0.02279	0.01320	0.03479	0.01080	0.01260	0.00840	0.00720	0.00480	0.00240	0.00600	0.00420	0.00480	0.00840
17	0.01585	0.07936	0.65066	0.02160	0.03278	0.01873	0.02778	0.02448	0.01634	0.02420	0.01374	0.01615	0.00983	0.00732	0.00723	0.00241	0.01128	0.00564	0.00328	0.01137
18	0.01035	0.00758	0.01050	0.04991	0.01455	0.00744	0.00907	0.01237	0.01549	0.02049	0.04080	0.55426	0.04767	0.02280	0.00994	0.00320	0.00536	0.14465	0.00698	0.00660
19	0.02533	0.34777	0.03058	0.01662	0.02215	0.29096	0.01417	0.12513	0.02144	0.02334	0.01248	0.01401	0.01047	0.00759	0.00620	0.00190	0.01056	0.00492	0.00428	0.01008
20	0.01114	0.00884	0.01267	0.05378	0.01632	0.00867	0.04426	0.01439	0.04389	0.02198	0.08768	0.41999	0.10624	0.02032	0.00962	0.00302	0.00562	0.09754	0.00691	0.00712
21	0.02001	0.46723	0.14476	0.01791	0.07561	0.08631	0.01654	0.02369	0.01665	0.02005	0.01446	0.01629	0.03704	0.00743	0.00594	0.00191	0.00923	0.00520	0.00357	0.01017

[dist]
# distance from previous block
# <min> <max>
3	12

[block]
# block no. 4 follows, 25 sequences, length 123
# corresponding to MSA columns:
# 180-302
name=unknown_E
#
# <colnr> <probs for GDERKNQSTAVLIFYWHMCP>
#	G	D	E	R	K	N	Q	S	T	A	V	L	I	F	Y	W	H	M	C	P
0	0.02189	0.04686	0.05989	0.01513	0.02086	0.01808	0.01297	0.30971	0.06933	0.03578	0.01931	0.04260	0.01535	0.01224	0.05421	0.00277	0.00832	0.00702	0.06065	0.16702
1	0.09869	0.05213	0.02137	0.04659	0.06734	0.06656	0.01396	0.30036	0.13625	0.03683	0.04696	0.02269	0.03768	0.00946	0.00740	0.00236	0.00801	0.00732	0.00660	0.01143
2	0.02020	0.01838	0.01810	0.01418	0.01981	0.12819	0.01123	0.08157	0.01895	0.05592	0.01545	0.04044	0.01301	0.00777	0.00766	0.00167	0.05360	0.00577	0.00503	0.46307
3	0.02146	0.02142	0.13995	0.06176	0.02469	0.08950	0.03860	0.12983	0.06992	0.11508	0.06293	0.02993	0.02100	0.01036	0.00788	0.00247	0.00869	0.07030	0.06370	0.01053
4	0.01816	0.08623	0.01816	0.01280	0.01785	0.03837	0.01036	0.10601	0.04152	0.05488	0.09321	0.09723	0.04312	0.01062	0.00720	0.00196	0.00636	0.02900	0.00604	0.30092
5	0.04768	0.01416	0.01802	0.01422	0.01962	0.01336	0.04055	0.06794	0.13065	0.27434	0.07864	0.02616	0.02169	0.00990	0.00830	0.02998	0.00651	0.00771	0.00748	0.16311
6	0.01912	0.42478	0.29351	0.01708	0.02547	0.05993	0.01939	0.02414	0.01632	0.02076	0.01207	0.01406	0.00990	0.00699	0.00602	0.00199	0.00983	0.00481	0.00333	0.01049
7	0.09141	0.01504	0.02183	0.20358	0.19148	0.01662	0.03621	0.04666	0.09202	0.04966	0.05155	0.02320	0.01676	0.00860	0.00789	0.00243	0.02927	0.00735	0.07833	0.01010
8	0.01649	0.01384	0.01603	0.01156	0.01826	0.01071	0.00926	0.04174	0.01680	0.02622	0.01434	0.01660	0.01183	0.00598	0.00580	0.00121	0.00577	0.00477	0.03040	0.72239
9	0.01131	0.00823	0.01210	0.01210	0.01352	0.00952	0.00940	0.01413	0.01272	0.01874	0.02108	0.03035	0.01942	0.05480	0.64954	0.01173	0.01960	0.00823	0.05652	0.00694
10	0.01757	0.01392	0.01699	0.01423	0.05826	0.01142	0.01052	0.04081	0.04021	0.06713	0.01776	0.04840	0.01524	0.00762	0.00646	0.00155	0.00610	0.02718	0.00527	0.57335
11	0.02055	0.70872	0.06255	0.01357	0.02036	0.03025	0.01379	0.02326	0.01578	0.01846	0.01089	0.01257	0.00995	0.00666	0.00506	0.00169	0.00840	0.00420	0.00332	0.01000
12	0.01445	0.00723	0.00723	0.00723	0.00903	0.00723	0.00542	0.01807	0.01626	0.02891	0.02529	0.02891	0.01987	0.00903	0.00542	0.00181	0.00361	0.00723	0.77055	0.00723
13	0.01608	0.01378	0.01608	0.01148	0.01837	0.01034	0.00919	0.01952	0.01608	0.02527	0.01378	0.01608	0.01148	0.00574	0.00574	0.00115	0.00574	0.00459	0.00459	0.77491
14	0.01108	0.00831	0.01246	0.01246	0.01385	0.00969	0.00969	0.01385	0.01246	0.01800	0.02077	0.03046	0.01938	0.05815	0.69678	0.01246	0.02077	0.00831	0.00415	0.00692
15	0.00945	0.00675	0.00900	0.01080	0.01125	0.00630	0.00720	0.01080	0.01484	0.01979	0.04274	0.72245	0.05128	0.02429	0.00990	0.00315	0.00450	0.02204	0.00720	0.00630
16	0.00945	0.00675	0.00900	0.01080	0.01125	0.00630	0.00720	0.01080	0.01484	0.01979	0.04274	0.72245	0.05128	0.02429	0.00990	0.00315	0.00450	0.02204	0.00720	0.00630
17	0.00945	0.00675	0.00900	0.01080	0.01125	0.00630	0.00720	0.01080	0.01484	0.01979	0.04274	0.72245	0.05128	0.02429	0.00990	0.00315	0.00450	0.02204	0.00720	0.00630
18	0.02073	0.73217	0.04063	0.01327	0.01990	0.03068	0.01327	0.02322	0.01575	0.01824	0.01078	0.01244	0.00995	0.00663	0.00498	0.00166	0.00829	0.00415	0.00332	0.00995
19	0.01095	0.00790	0.01038	0.01006	0.01179	0.00733	0.00757	0.01444	0.02125	0.02992	0.59925	0.10485	0.07020	0.01671	0.00928	0.00255	0.00389	0.04608	0.00837	0.00724
20	0.01464	0.01378	0.02326	0.70887	0.05340	0.01723	0.02153	0.01981	0.01550	0.01981	0.01378	0.02067	0.01034	0.00775	0.00775	0.00258	0.01034	0.00689	0.00345	0.00861
21	0.02004	0.64058	0.12622	0.01444	0.02171	0.02900	0.01530	0.02339	0.01584	0.01908	0.01119	0.01296	0.00993	0.00673	0.00529	0.00176	0.00871	0.00436	0.00331	0.01015
22	0.01476	0.01394	0.02328	0.67347	0.05170	0.01756	0.02130	0.01975	0.01532	0.01975	0.01360	0.02048	0.01033	0.00805	0.00866	0.00263	0.04648	0.00689	0.00344	0.00861
23	0.01859	0.44633	0.30774	0.01692	0.02554	0.02545	0.01962	0.02377	0.01601	0.02085	0.01207	0.01406	0.00990	0.00694	0.00596	0.00199	0.00960	0.00480	0.00330	0.01057
24	0.01576	0.04356	0.12541	0.02542	0.05111	0.01631	0.35866	0.02112	0.01704	0.02330	0.02216	0.19945	0.02156	0.01121	0.00891	0.00269	0.01037	0.01174	0.00465	0.00957
25	0.01109	0.00825	0.01219	0.01219	0.01348	0.00954	0.00935	0.01367	0.01238	0.01780	0.02102	0.03185	0.01999	0.10389	0.65186	0.01212	0.01986	0.00851	0.00419	0.00677
26	0.02022	0.65488	0.08458	0.01417	0.02086	0.02952	0.01448	0.02312	0.01564	0.01870	0.01097	0.01290	0.00995	0.00697	0.00599	0.00178	0.03761	0.00436	0.00332	0.00999
27	0.04520	0.01745	0.02874	0.13043	0.03199	0.01855	0.24372	0.17006	0.02114	0.02954	0.01838	0.07595	0.01536	0.00943	0.00929	0.00257	0.05463	0.00885	0.05867	0.01006
28	0.01445	0.00723	0.00723	0.00723	0.00903	0.00723	0.00542	0.01807	0.01626	0.02891	0.02529	0.02891	0.01987	0.00903	0.00542	0.00181	0.00361	0.00723	0.77055	0.00723
29	0.01696	0.01696	0.02375	0.02036	0.02036	0.02375	0.01696	0.01866	0.01187	0.01866	0.01018	0.01696	0.01018	0.01357	0.02545	0.00339	0.71332	0.00679	0.00339	0.00848
30	0.00936	0.00786	0.00813	0.00806	0.01060	0.00663	0.00605	0.01151	0.01815	0.02207	0.14448	0.07277	0.60936	0.01922	0.00916	0.00260	0.00390	0.01611	0.00735	0.00663
31	0.00922	0.00786	0.00794	0.00792	0.01051	0.00657	0.00594	0.01124	0.01782	0.02128	0.09842	0.07406	0.65591	0.01951	0.00916	0.00261	0.00392	0.01629	0.00724	0.00657
32	0.14834	0.02066	0.02139	0.01663	0.02262	0.02299	0.01374	0.55373	0.03278	0.04664	0.01738	0.01766	0.01243	0.00897	0.00729	0.00234	0.00813	0.00654	0.00729	0.01243
33	0.03479	0.01320	0.01799	0.01380	0.01979	0.01140	0.01140	0.03779	0.02219	0.68451	0.03059	0.02639	0.01919	0.00960	0.00780	0.00240	0.00660	0.00780	0.00960	0.01320
34	0.01567	0.01518	0.02272	0.01932	0.02026	0.01991	0.06907	0.01791	0.01251	0.01889	0.01337	0.02149	0.01294	0.05493	0.15482	0.00528	0.48642	0.00749	0.00365	0.00817
35	0.02945	0.02235	0.02322	0.01793	0.02404	0.05180	0.01475	0.62760	0.03586	0.04763	0.01834	0.01842	0.01305	0.00925	0.00772	0.00231	0.00876	0.00690	0.00760	0.01301
36	0.01115	0.00776	0.00982	0.00988	0.01035	0.00821	0.00645	0.01212	0.01179	0.01618	0.02379	0.06554	0.02598	0.48031	0.25905	0.00904	0.01187	0.01063	0.00460	0.00550
37	0.01608	0.01378	0.01608	0.01148	0.01837	0.01034	0.00919	0.01952	0.01608	0.02527	0.01378	0.01608	0.01148	0.00574	0.00574	0.00115	0.00574	0.00459	0.00459	0.77491
38	0.01287	0.01015	0.01090	0.00988	0.01293	0.00958	0.00763	0.11758	0.02163	0.02759	0.18885	0.06203	0.44539	0.01717	0.00893	0.00253	0.00463	0.01435	0.00756	0.00779
39	0.06679	0.01375	0.01769	0.01375	0.01943	0.01263	0.01131	0.09558	0.02316	0.54815	0.07255	0.02716	0.02180	0.00989	0.00775	0.00239	0.00656	0.00798	0.00913	0.01257
40	0.01528	0.01237	0.01468	0.04982	0.01876	0.01368	0.01169	0.02687	0.31239	0.02669	0.05675	0.11625	0.03396	0.05850	0.01087	0.00325	0.00649	0.19517	0.00720	0.00933
41	0.00945	0.00675	0.00900	0.01080	0.01125	0.00630	0.00720	0.01080	0.01484	0.01979	0.04274	0.72245	0.05128	0.02429	0.00990	0.00315	0.00450	0.02204	0.00720	0.00630
42	0.02765	0.02047	0.02204	0.01727	0.02300	0.02262	0.01411	0.58221	0.06289	0.04615	0.02084	0.06717	0.01625	0.01039	0.00791	0.00240	0.00815	0.00809	0.00772	0.01267
43	0.01464	0.01378	0.02326	0.70887	0.05340	0.01723	0.02153	0.01981	0.01550	0.01981	0.01378	0.02067	0.01034	0.00775	0.00775	0.00258	0.01034	0.00689	0.00345	0.00861
44	0.01969	0.01686	0.01776	0.01586	0.02032	0.01948	0.01237	0.06569	0.63998	0.03309	0.03104	0.02852	0.02325	0.01047	0.00788	0.00262	0.00623	0.00869	0.00788	0.01231
45	0.01249	0.00892	0.01249	0.01428	0.01606	0.00892	0.01249	0.01606	0.01785	0.02320	0.04105	0.08746	0.04462	0.02142	0.01071	0.00357	0.00714	0.62695	0.00714	0.00714
46	0.02845	0.08037	0.02314	0.01956	0.02372	0.65481	0.01487	0.03048	0.02158	0.01893	0.01191	0.01389	0.00999	0.00791	0.00687	0.00198	0.01363	0.00494	0.00395	0.00905
47	0.01725	0.01374	0.01620	0.01163	0.01846	0.01040	0.00933	0.02066	0.01646	0.06643	0.01483	0.01672	0.01197	0.00598	0.00587	0.00123	0.00580	0.00479	0.00491	0.72734
48	0.01110	0.00822	0.01200	0.01200	0.01323	0.00944	0.00912	0.01355	0.01232	0.01766	0.02119	0.03279	0.02040	0.13512	0.62119	0.01189	0.01924	0.00865	0.00422	0.00667
49	0.02027	0.01715	0.01809	0.01598	0.02054	0.01975	0.01251	0.10063	0.60409	0.03403	0.03030	0.02793	0.02265	0.01040	0.00788	0.00260	0.00637	0.00859	0.00788	0.01236
50	0.01883	0.01805	0.03082	0.10022	0.62934	0.01833	0.02362	0.02348	0.01748	0.02489	0.01452	0.01931	0.01213	0.00698	0.00768	0.00233	0.00930	0.00691	0.00381	0.01199
51	0.01574	0.06465	0.66440	0.02179	0.03307	0.01846	0.02810	0.02451	0.01635	0.02433	0.01380	0.01623	0.00983	0.00734	0.00728	0.00243	0.01135	0.00567	0.00328	0.01141
52	0.01093	0.00797	0.01030	0.00986	0.01174	0.00735	0.00748	0.01447	0.02145	0.02999	0.60169	0.06058	0.11289	0.01640	0.00923	0.00251	0.00386	0.04570	0.00837	0.00725
53	0.00977	0.00719	0.00989	0.05439	0.01388	0.00698	0.00809	0.01136	0.01489	0.01979	0.04093	0.67862	0.04873	0.02326	0.00976	0.00311	0.00486	0.02110	0.00696	0.00644
54	0.01808	0.22043	0.46006	0.01961	0.02915	0.08097	0.02343	0.02477	0.01670	0.02242	0.01293	0.01513	0.00987	0.00723	0.00671	0.00221	0.01085	0.00525	0.00335	0.01085
55	0.01108	0.00831	0.01246	0.01246	0.01385	0.00969	0.00969	0.01385	0.01246	0.01800	0.02077	0.03046	0.01938	0.05815	0.69678	0.01246	0.02077	0.00831	0.00415	0.00692
56	0.01872	0.01794	0.03062	0.11619	0.61423	0.01830	0.02356	0.02338	0.01743	0.02476	0.01450	0.01934	0.01208	0.00700	0.00768	0.00233	0.00933	0.00691	0.00380	0.01190
57	0.02896	0.03695	0.02197	0.01998	0.02397	0.69638	0.01498	0.03096	0.02197	0.01898	0.01199	0.01398	0.00999	0.00799	0.00699	0.00200	0.01398	0.00499	0.00400	0.00899
58	0.02908	0.01277	0.01733	0.06102	0.02112	0.01182	0.01176	0.03362	0.06572	0.50310	0.09771	0.03156	0.02544	0.01059	0.00804	0.00247	0.00653	0.02944	0.00886	0.01199
59	0.02153	0.01588	0.04637	0.01510	0.02134	0.01347	0.07050	0.12402	0.02108	0.16595	0.04895	0.04791	0.04819	0.00895	0.00731	0.00197	0.00706	0.00764	0.00639	0.30038
60	0.78228	0.01499	0.01140	0.01020	0.01499	0.01739	0.00840	0.02279	0.01320	0.03479	0.01080	0.01260	0.00840	0.00720	0.00480	0.00240	0.00600	0.00420	0.00480	0.00840
61	0.01873	0.01795	0.03064	0.11428	0.61603	0.01830	0.02357	0.02339	0.01744	0.02477	0.01450	0.01934	0.01209	0.00699	0.00768	0.00233	0.00932	0.00691	0.00380	0.01191
62	0.00916	0.00785	0.00785	0.00785	0.01047	0.00655	0.00589	0.01113	0.01767	0.02095	0.07855	0.07462	0.67599	0.01964	0.00916	0.00262	0.00393	0.01636	0.00720	0.00655
63	0.00916	0.00785	0.00785	0.00785	0.01047	0.00655	0.00589	0.01113	0.01767	0.02095	0.07855	0.07462	0.67599	0.01964	0.00916	0.00262	0.00393	0.01636	0.00720	0.00655
64	0.00933	0.00786	0.00809	0.00803	0.01057	0.00662	0.00602	0.01145	0.01807	0.02188	0.13330	0.07309	0.62066	0.01929	0.00916	0.00260	0.00390	0.01615	0.00732	0.00662
65	0.01044	0.00761	0.00983	0.00990	0.01142	0.00699	0.00719	0.01337	0.01977	0.02739	0.46608	0.23584	0.10853	0.01836	0.00935	0.00264	0.00390	0.01632	0.00809	0.00699
66	0.01108	0.00831	0.01246	0.01246	0.01385	0.00969	0.00969	0.01385	0.01246	0.01800	0.02077	0.03046	0.01938	0.05815	0.69678	0.01246	0.02077	0.00831	0.00415	0.00692
67	0.02073	0.73217	0.04063	0.01327	0.01990	0.03068	0.01327	0.02322	0.01575	0.01824	0.01078	0.01244	0.00995	0.00663	0.00498	0.00166	0.00829	0.00415	0.00332	0.00995
68	0.01576	0.06804	0.66123	0.02174	0.03301	0.01852	0.02803	0.02450	0.01635	0.02430	0.01379	0.01621	0.00983	0.00734	0.00727	0.00242	0.01133	0.00567	0.00328	0.01140
69	0.02073	0.73217	0.04063	0.01327	0.01990	0.03068	0.01327	0.02322	0.01575	0.01824	0.01078	0.01244	0.00995	0.00663	0.00498	0.00166	0.00829	0.00415	0.00332	0.00995
70	0.01555	0.04011	0.68733	0.02210	0.03356	0.01801	0.02865	0.02455	0.01637	0.02455	0.01391	0.01637	0.00982	0.00737	0.00737	0.00246	0.01146	0.00573	0.00327	0.01146
71	0.01481	0.01371	0.02236	0.63128	0.04947	0.01692	0.02051	0.02091	0.05488	0.02075	0.01626	0.02460	0.01290	0.00862	0.00791	0.00264	0.00992	0.03888	0.00390	0.00876
72	0.00956	0.00790	0.00844	0.00858	0.01100	0.00677	0.00654	0.01176	0.01792	0.02186	0.12034	0.09649	0.56086	0.01964	0.00930	0.00269	0.00417	0.06223	0.00730	0.00664
73	0.03479	0.01320	0.01799	0.01380	0.01979	0.01140	0.01140	0.03779	0.02219	0.68451	0.03059	0.02639	0.01919	0.00960	0.00780	0.00240	0.00660	0.00780	0.00960	0.01320
74	0.02890	0.01967	0.02170	0.01676	0.02264	0.02126	0.01380	0.52953	0.03361	0.13039	0.06503	0.02231	0.01807	0.00979	0.00786	0.00234	0.00795	0.00757	0.00805	0.01279
75	0.01734	0.01938	0.04177	0.03031	0.03735	0.01816	0.58116	0.02331	0.01793	0.02429	0.01862	0.09700	0.01605	0.00846	0.00923	0.00267	0.01214	0.01055	0.00428	0.01001
76	0.03382	0.01341	0.01796	0.01392	0.01982	0.01189	0.01145	0.03800	0.06234	0.64379	0.03065	0.02655	0.01947	0.00965	0.00780	0.00241	0.00657	0.00786	0.00949	0.01314
77	0.03461	0.01349	0.01817	0.01393	0.01994	0.01183	0.01151	0.05887	0.02268	0.66274	0.03018	0.02612	0.01899	0.00959	0.00780	0.00240	0.00666	0.00777	0.00953	0.01320
78	0.02033	0.01786	0.01808	0.01609	0.02057	0.04964	0.01254	0.07773	0.59859	0.03283	0.02991	0.02764	0.02243	0.01033	0.00784	0.00258	0.00663	0.00849	0.00771	0.01218
79	0.01984	0.01572	0.01700	0.01479	0.01909	0.01748	0.01162	0.14029	0.41185	0.05642	0.11724	0.03368	0.06769	0.01154	0.00811	0.00254	0.00610	0.00958	0.00797	0.01146
80	0.01249	0.00892	0.01249	0.01428	0.01606	0.00892	0.01249	0.01606	0.01785	0.02320	0.04105	0.08746	0.04462	0.02142	0.01071	0.00357	0.00714	0.62695	0.00714	0.00714
81	0.01445	0.00723	0.00723	0.00723	0.00903	0.00723	0.00542	0.01807	0.01626	0.02891	0.02529	0.02891	0.01987	0.00903	0.00542	0.00181	0.00361	0.00723	0.77055	0.00723
82	0.01645	0.03383	0.47752	0.02556	0.03584	0.01853	0.23217	0.02465	0.01700	0.02465	0.01449	0.01786	0.01046	0.00709	0.00795	0.00251	0.01199	0.00685	0.00349	0.01113
83	0.01464	0.01378	0.02326	0.70887	0.05340	0.01723	0.02153	0.01981	0.01550	0.01981	0.01378	0.02067	0.01034	0.00775	0.00775	0.00258	0.01034	0.00689	0.00345	0.00861
84	0.78228	0.01499	0.01140	0.01020	0.01499	0.01739	0.00840	0.02279	0.01320	0.03479	0.01080	0.01260	0.00840	0.00720	0.00480	0.00240	0.00600	0.00420	0.00480	0.00840
85	0.01112	0.00756	0.00850	0.00847	0.00874	0.00744	0.00490	0.01142	0.01220	0.01617	0.05785	0.05270	0.07451	0.64663	0.03601	0.00695	0.00710	0.01175	0.00504	0.00494
86	0.01600	0.08675	0.62144	0.02185	0.03286	0.01893	0.04864	0.02447	0.01639	0.02413	0.01376	0.01625	0.00990	0.00729	0.00726	0.00241	0.01130	0.00574	0.00330	0.01132
87	0.02896	0.03695	0.02197	0.01998	0.02397	0.69638	0.01498	0.03096	0.02197	0.01898	0.01199	0.01398	0.00999	0.00799	0.00699	0.00200	0.01398	0.00499	0.00400	0.00899
88	0.00951	0.00680	0.00906	0.01075	0.01126	0.00634	0.00720	0.01097	0.01516	0.02029	0.07081	0.69294	0.05225	0.02392	0.00986	0.00312	0.00446	0.02169	0.00726	0.00634
89	0.01128	0.00752	0.00846	0.00846	0.00846	0.00752	0.00470	0.01128	0.01128	0.01503	0.02443	0.05074	0.02819	0.72751	0.03946	0.00752	0.00752	0.01128	0.00470	0.00470
90	0.01201	0.00866	0.01188	0.01356	0.01527	0.00854	0.01160	0.01527	0.01756	0.02275	0.04355	0.14471	0.08466	0.02157	0.01054	0.00347	0.00670	0.53352	0.00715	0.00703
91	0.00945	0.00675	0.00900	0.01080	0.01125	0.00630	0.00720	0.01080	0.01484	0.01979	0.04274	0.72245	0.05128	0.02429	0.00990	0.00315	0.00450	0.02204	0.00720	0.00630
92	0.02649	0.01884	0.02008	0.01573	0.02106	0.02071	0.01289	0.52717	0.03245	0.04490	0.01994	0.02066	0.01451	0.00925	0.00729	0.00222	0.00756	0.00703	0.15921	0.01200
93	0.78228	0.01499	0.01140	0.01020	0.01499	0.01739	0.00840	0.02279	0.01320	0.03479	0.01080	0.01260	0.00840	0.00720	0.00480	0.00240	0.00600	0.00420	0.00480	0.00840
94	0.78228	0.01499	0.01140	0.01020	0.01499	0.01739	0.00840	0.02279	0.01320	0.03479	0.01080	0.01260	0.00840	0.00720	0.00480	0.00240	0.00600	0.00420	0.00480	0.00840
95	0.00945	0.00675	0.00900	0.01080	0.01125	0.00630	0.00720	0.01080	0.01484	0.01979	0.04274	0.72245	0.05128	0.02429	0.00990	0.00315	0.00450	0.02204	0.00720	0.00630
96	0.01903	0.01826	0.03118	0.07104	0.65695	0.01838	0.02372	0.02365	0.01758	0.02514	0.01456	0.01924	0.01221	0.00694	0.00768	0.00231	0.00925	0.00691	0.00382	0.01215
97	0.01089	0.00792	0.01025	0.00967	0.01153	0.00728	0.00725	0.01448	0.02176	0.03064	0.64856	0.05866	0.09993	0.01602	0.00915	0.00245	0.00367	0.01413	0.00848	0.00728
98	0.00958	0.00769	0.00856	0.00872	0.01083	0.00667	0.00639	0.01180	0.01811	0.02287	0.19683	0.17406	0.45147	0.01959	0.00928	0.00267	0.00396	0.01678	0.00748	0.00667
99	0.05776	0.01368	0.01737	0.01367	0.01924	0.01275	0.01119	0.07350	0.07439	0.52996	0.02893	0.02581	0.01886	0.00954	0.00755	0.00238	0.00647	0.00767	0.05670	0.01258
100	0.01830	0.02058	0.04388	0.03306	0.07951	0.01972	0.58366	0.02450	0.01797	0.02459	0.01537	0.02063	0.01173	0.00687	0.00978	0.00263	0.04392	0.00891	0.00389	0.01048
101	0.01920	0.01830	0.03052	0.04542	0.63411	0.01848	0.02301	0.02499	0.06190	0.02582	0.01574	0.01986	0.01306	0.00716	0.00769	0.00233	0.00900	0.00704	0.00411	0.01228
102	0.01128	0.00752	0.00846	0.00846	0.00846	0.00752	0.00470	0.01128	0.01128	0.01503	0.02443	0.05074	0.02819	0.72751	0.03946	0.00752	0.00752	0.01128	0.00470	0.00470
103	0.01608	0.01378	0.01608	0.01148	0.01837	0.01034	0.00919	0.01952	0.01608	0.02527	0.01378	0.01608	0.01148	0.00574	0.00574	0.00115	0.00574	0.00459	0.00459	0.77491
104	0.06535	0.07530	0.38470	0.05054	0.02899	0.05096	0.02169	0.14252	0.02014	0.02910	0.01490	0.01705	0.01093	0.00781	0.00704	0.00233	0.01004	0.00587	0.04370	0.01104
105	0.73679	0.01540	0.01211	0.01066	0.01554	0.01780	0.00878	0.06089	0.01460	0.03564	0.01127	0.01296	0.00869	0.00732	0.00498	0.00239	0.00615	0.00437	0.00498	0.00869
106	0.01217	0.00869	0.01212	0.01391	0.01555	0.00865	0.01193	0.01551	0.01753	0.02284	0.04123	0.15484	0.04533	0.02172	0.01062	0.00353	0.00686	0.56277	0.00715	0.00705
107	0.01826	0.01558	0.01665	0.01504	0.01911	0.01781	0.01166	0.03794	0.58610	0.03227	0.11063	0.03249	0.02975	0.01117	0.00804	0.00261	0.00583	0.00941	0.00797	0.01166
108	0.01990	0.01696	0.01788	0.01590	0.02040	0.01957	0.01242	0.07819	0.62715	0.03343	0.03078	0.02831	0.02304	0.01045	0.00788	0.00261	0.00628	0.00866	0.00788	0.01233
109	0.78228	0.01499	0.01140	0.01020	0.01499	0.01739	0.00840	0.02279	0.01320	0.03479	0.01080	0.01260	0.00840	0.00720	0.00480	0.00240	0.00600	0.00420	0.00480	0.00840
110	0.02517	0.01889	0.02027	0.01599	0.02160	0.02050	0.01301	0.43316	0.14116	0.04206	0.02090	0.02096	0.01536	0.00914	0.00739	0.00222	0.00744	0.00707	0.06866	0.08905
111	0.01102	0.00818	0.00909	0.00914	0.01052	0.00771	0.00614	0.04120	0.01577	0.02015	0.06877	0.17949	0.26810	0.28652	0.02064	0.00454	0.00559	0.01496	0.00633	0.00614
112	0.01608	0.01378	0.01608	0.01148	0.01837	0.01034	0.00919	0.01952	0.01608	0.02527	0.01378	0.01608	0.01148	0.00574	0.00574	0.00115	0.00574	0.00459	0.00459	0.77491
113	0.02185	0.04663	0.04510	0.01480	0.04000	0.01287	0.04105	0.02780	0.10589	0.26020	0.13635	0.03573	0.10960	0.01130	0.00799	0.00236	0.00634	0.00960	0.00760	0.05694
114	0.02636	0.05313	0.02425	0.04280	0.02489	0.02213	0.05508	0.47602	0.05774	0.06374	0.02028	0.06176	0.01578	0.00991	0.00785	0.00239	0.00847	0.00800	0.00718	0.01224
115	0.01407	0.00730	0.00747	0.00747	0.00929	0.00729	0.00561	0.01757	0.01617	0.02810	0.02760	0.03110	0.05047	0.01151	0.03350	0.00227	0.00432	0.00770	0.70399	0.00718
116	0.04607	0.00742	0.00964	0.03469	0.01263	0.00730	0.00757	0.01165	0.01425	0.01977	0.03714	0.57674	0.04389	0.06559	0.01277	0.05606	0.00511	0.01899	0.00654	0.00618
117	0.02331	0.01713	0.02189	0.01653	0.02279	0.01658	0.08216	0.24038	0.06327	0.11975	0.01996	0.04502	0.01527	0.00851	0.00735	0.00204	0.00759	0.00721	0.00655	0.25670
118	0.02483	0.01895	0.02142	0.09064	0.02564	0.02074	0.01434	0.44580	0.07825	0.04140	0.05964	0.02184	0.01726	0.00933	0.00768	0.00228	0.00800	0.00734	0.00708	0.07753
119	0.04306	0.01486	0.01743	0.07685	0.02222	0.01334	0.01112	0.08537	0.07277	0.02806	0.01567	0.01773	0.01248	0.00674	0.00628	0.00157	0.00649	0.00539	0.00509	0.53749
120	0.02195	0.01785	0.02016	0.01976	0.11877	0.07025	0.01358	0.13094	0.18264	0.09299	0.06697	0.02390	0.01985	0.00894	0.00743	0.00216	0.00740	0.00736	0.00652	0.16058
121	0.17651	0.01854	0.01875	0.01511	0.02058	0.04369	0.01226	0.32123	0.09207	0.09157	0.01972	0.04690	0.01507	0.00933	0.00710	0.00231	0.00746	0.00703	0.00694	0.06781
122	0.02378	0.01706	0.01953	0.01680	0.05417	0.01790	0.01278	0.33470	0.09250	0.09064	0.06199	0.07944	0.02140	0.01056	0.00775	0.00230	0.00711	0.00862	0.03041	0.09057

[dist]
# distance from previous block
# <min> <max>
6	15

[block]
# block no. 5 follows, 25 sequences, length 27
# corresponding to MSA columns:
# 318-344
name=unknown_F
#
# <colnr> <probs for GDERKNQSTAVLIFYWHMCP>
#	G	D	E	R	K	N	Q	S	T	A	V	L	I	F	Y	W	H	M	C	P
0	0.01805	0.01672	0.03027	0.07767	0.03085	0.01670	0.29457	0.02354	0.04643	0.07335	0.01868	0.04210	0.01548	0.01096	0.03796	0.00294	0.08592	0.03891	0.00478	0.11415
