[name]
unknown

[dist]
# distance from previous block
# <min> <max>
32	46

[block]
# block no. 0 follows, 24 sequences, length 6
# corresponding to MSA columns:
# 51-56
name=unknown_A
#
# <colnr> <probs for GDERKNQSTAVLIFYWHMCP>
#	G	D	E	R	K	N	Q	S	T	A	V	L	I	F	Y	W	H	M	C	P
0	0.01773	0.01602	0.02763	0.33318	0.04068	0.01723	0.16260	0.02260	0.01677	0.06856	0.01544	0.02056	0.01172	0.00796	0.00949	0.00248	0.06973	0.00727	0.00426	0.12810
1	0.01124	0.00928	0.01160	0.04303	0.01482	0.00940	0.00922	0.01382	0.01781	0.02306	0.15941	0.13967	0.31726	0.01904	0.01127	0.00292	0.07521	0.09776	0.00702	0.00718
2	0.10240	0.02143	0.02311	0.10045	0.07535	0.07028	0.01595	0.41927	0.02988	0.04105	0.01686	0.01837	0.01235	0.00884	0.00757	0.00239	0.00913	0.00669	0.00654	0.01207
3	0.05628	0.01405	0.02188	0.34941	0.03692	0.01609	0.06324	0.01987	0.01536	0.02230	0.01509	0.02128	0.01223	0.01418	0.08943	0.00366	0.07278	0.00693	0.03643	0.11260
4	0.15346	0.02369	0.02157	0.01732	0.02305	0.13504	0.01404	0.43967	0.03087	0.04247	0.01658	0.01723	0.01213	0.00894	0.00730	0.00234	0.00923	0.00633	0.00679	0.01196
5	0.00966	0.00690	0.00920	0.01104	0.01150	0.00644	0.00736	0.01104	0.01518	0.02024	0.04371	0.71614	0.05245	0.02484	0.01012	0.00322	0.00460	0.02254	0.00736	0.00644

[dist]
# distance from previous block
# <min> <max>
0	1

[block]
# block no. 1 follows, 24 sequences, length 8
# corresponding to MSA columns:
# 58-65
name=unknown_B
#
# <colnr> <probs for GDERKNQSTAVLIFYWHMCP>
#	G	D	E	R	K	N	Q	S	T	A	V	L	I	F	Y	W	H	M	C	P
0	0.01617	0.01600	0.02950	0.33957	0.15785	0.01722	0.17744	0.02128	0.01690	0.02257	0.01800	0.09750	0.01591	0.00932	0.00852	0.00266	0.01041	0.00934	0.00414	0.00970
1	0.01776	0.10973	0.57035	0.02111	0.03194	0.01930	0.02650	0.02587	0.01707	0.06791	0.01504	0.01701	0.01070	0.00761	0.00731	0.00242	0.01105	0.00583	0.00378	0.01168
2	0.02853	0.02109	0.02333	0.01953	0.06515	0.02317	0.01508	0.56714	0.03478	0.04718	0.01919	0.01972	0.01385	0.00934	0.00778	0.00235	0.00846	0.00715	0.05412	0.01305
3	0.01119	0.00837	0.01246	0.01261	0.01394	0.00963	0.00970	0.01391	0.01294	0.01856	0.02307	0.08686	0.02248	0.05666	0.63460	0.01197	0.01989	0.00964	0.00450	0.00703
4	0.01543	0.01498	0.02657	0.62132	0.05302	0.01791	0.09718	0.02088	0.01620	0.02088	0.01433	0.02117	0.01075	0.00778	0.00810	0.00265	0.01091	0.00733	0.00358	0.00904
5	0.01008	0.00748	0.01004	0.04802	0.01380	0.00716	0.00807	0.01194	0.01612	0.02143	0.10418	0.57057	0.09610	0.02277	0.00988	0.00308	0.00480	0.02051	0.00728	0.00669
6	0.00966	0.00690	0.00920	0.01104	0.01150	0.00644	0.00736	0.01104	0.01518	0.02024	0.04371	0.71614	0.05245	0.02484	0.01012	0.00322	0.00460	0.02254	0.00736	0.00644
7	0.01841	0.02355	0.11658	0.03223	0.04066	0.01987	0.57543	0.02537	0.01850	0.02537	0.01584	0.02088	0.01181	0.00678	0.00916	0.00266	0.01319	0.00897	0.00394	0.01081

[dist]
# distance from previous block
# <min> <max>
0	2

[block]
# block no. 2 follows, 24 sequences, length 6
# corresponding to MSA columns:
# 68-73
name=unknown_C
#
# <colnr> <probs for GDERKNQSTAVLIFYWHMCP>
#	G	D	E	R	K	N	Q	S	T	A	V	L	I	F	Y	W	H	M	C	P
0	0.00966	0.00690	0.00920	0.01104	0.01150	0.00644	0.00736	0.01104	0.01518	0.02024	0.04371	0.71614	0.05245	0.02484	0.01012	0.00322	0.00460	0.02254	0.00736	0.00644
1	0.01841	0.01526	0.01750	0.01268	0.01962	0.01258	0.01021	0.10969	0.01943	0.02930	0.01480	0.01682	0.01200	0.00640	0.00617	0.00135	0.00628	0.00505	0.00516	0.66129
2	0.01967	0.24910	0.27300	0.11569	0.03037	0.02120	0.02019	0.02521	0.01706	0.09525	0.01509	0.01723	0.01133	0.00751	0.00677	0.00219	0.00965	0.00569	0.00419	0.05360
3	0.08953	0.19574	0.37124	0.02011	0.02921	0.06816	0.07363	0.02511	0.01685	0.02422	0.01320	0.01566	0.01012	0.00732	0.00685	0.00230	0.01076	0.00558	0.00361	0.01081
4	0.49399	0.01839	0.11555	0.01273	0.01856	0.01614	0.01207	0.02476	0.01600	0.11514	0.07551	0.01960	0.01641	0.00853	0.00612	0.00247	0.00685	0.00594	0.00565	0.00959
5	0.12934	0.08487	0.14356	0.06793	0.02674	0.07534	0.06864	0.08356	0.01885	0.06417	0.04464	0.01915	0.01404	0.00878	0.00914	0.00244	0.08382	0.00650	0.00483	0.04366

[dist]
# distance from previous block
# <min> <max>
0	1

[block]
# block no. 3 follows, 24 sequences, length 52
# corresponding to MSA columns:
# 75-126
name=unknown_D
#
# <colnr> <probs for GDERKNQSTAVLIFYWHMCP>
#	G	D	E	R	K	N	Q	S	T	A	V	L	I	F	Y	W	H	M	C	P
0	0.05401	0.05383	0.02375	0.01760	0.02378	0.02430	0.01459	0.54919	0.08368	0.04675	0.01943	0.01936	0.01400	0.00942	0.00771	0.00238	0.00844	0.00705	0.00763	0.01310
1	0.01789	0.01440	0.01847	0.01395	0.01970	0.01265	0.03512	0.02115	0.01641	0.07817	0.01656	0.05245	0.01425	0.00824	0.00908	0.00175	0.09961	0.00634	0.00506	0.53876
2	0.02986	0.01743	0.11264	0.01540	0.02191	0.01311	0.01418	0.03552	0.07665	0.48578	0.04775	0.02895	0.02120	0.01019	0.00807	0.00253	0.00735	0.03012	0.00862	0.01276
3	0.01723	0.02707	0.25904	0.07051	0.03867	0.01885	0.37072	0.02457	0.01802	0.02524	0.04113	0.02130	0.01375	0.00743	0.00865	0.00261	0.01225	0.00822	0.00394	0.01080
4	0.01122	0.00811	0.01060	0.00998	0.01185	0.00748	0.00748	0.01496	0.02245	0.03180	0.66766	0.05923	0.07482	0.01621	0.00935	0.00249	0.00374	0.01434	0.00873	0.00748
5	0.01826	0.01745	0.02972	0.24031	0.49087	0.01848	0.02366	0.02314	0.01741	0.02425	0.01468	0.02007	0.01198	0.00732	0.00787	0.00244	0.00976	0.00706	0.00381	0.01146
6	0.01787	0.14102	0.46345	0.02036	0.03013	0.01975	0.04906	0.04882	0.01811	0.05163	0.05541	0.01946	0.01470	0.00809	0.00738	0.00238	0.01048	0.00642	0.00415	0.01132
7	0.03524	0.01404	0.01874	0.01437	0.02051	0.01246	0.01187	0.07646	0.02361	0.63824	0.03052	0.02649	0.01925	0.00980	0.00797	0.00245	0.00687	0.00792	0.00970	0.01349
8	0.01133	0.00850	0.01274	0.01274	0.01416	0.00991	0.00991	0.01416	0.01274	0.01841	0.02124	0.03115	0.01982	0.05947	0.68989	0.01274	0.02124	0.00850	0.00425	0.00708
9	0.01055	0.00797	0.01075	0.01200	0.01255	0.00818	0.00848	0.01217	0.01540	0.02085	0.07112	0.59617	0.04955	0.02333	0.01152	0.00323	0.06654	0.04585	0.00708	0.00672
10	0.01506	0.01433	0.02439	0.61093	0.05074	0.01761	0.05215	0.02011	0.01580	0.02046	0.01517	0.04793	0.01226	0.00879	0.00891	0.00270	0.04238	0.00776	0.00369	0.00880
11	0.01101	0.00800	0.01062	0.01229	0.01333	0.00782	0.00915	0.01401	0.04549	0.02183	0.04269	0.50558	0.04921	0.02336	0.01027	0.00332	0.00545	0.19223	0.00738	0.00697
12	0.03558	0.01350	0.01840	0.01411	0.02024	0.01166	0.01166	0.03865	0.02270	0.67734	0.03128	0.02699	0.01963	0.00981	0.00797	0.00245	0.00675	0.00797	0.00981	0.01350
13	0.01963	0.01884	0.03219	0.04867	0.67185	0.01884	0.02434	0.02434	0.01806	0.02591	0.01492	0.01963	0.01256	0.00707	0.00785	0.00236	0.00942	0.00707	0.00393	0.01256
14	0.01048	0.00821	0.01261	0.01307	0.01421	0.00767	0.06493	0.01234	0.01550	0.02071	0.04120	0.65322	0.04879	0.02320	0.01005	0.00317	0.00539	0.02135	0.00706	0.00683
15	0.01133	0.00850	0.01274	0.01274	0.01416	0.00991	0.00991	0.01416	0.01274	0.01841	0.02124	0.03115	0.01982	0.05947	0.68989	0.01274	0.02124	0.00850	0.00425	0.00708
16	0.01735	0.01735	0.02429	0.02082	0.02082	0.02429	0.01735	0.01908	0.01214	0.01908	0.01041	0.01735	0.01041	0.01388	0.02602	0.00347	0.70680	0.00694	0.00347	0.00867
17	0.01644	0.01409	0.01644	0.01175	0.01879	0.01057	0.00940	0.01997	0.01644	0.02584	0.01409	0.01644	0.01175	0.00587	0.00587	0.00117	0.00587	0.00470	0.00470	0.76979
18	0.02120	0.72609	0.04155	0.01357	0.02035	0.03138	0.01357	0.02374	0.01611	0.01866	0.01102	0.01272	0.01018	0.00678	0.00509	0.00170	0.00848	0.00424	0.00339	0.01018
19	0.02910	0.02141	0.02290	0.01772	0.02381	0.02370	0.01459	0.59559	0.06187	0.04847	0.01985	0.01989	0.01420	0.00956	0.00784	0.00237	0.00842	0.00722	0.03826	0.01320
20	0.77733	0.01534	0.01166	0.01043	0.01534	0.01779	0.00859	0.02331	0.01350	0.03558	0.01104	0.01288	0.00859	0.00736	0.00491	0.00245	0.00613	0.00429	0.00491	0.00859
21	0.02992	0.01661	0.06958	0.01511	0.02120	0.01420	0.01318	0.12289	0.06750	0.43239	0.08789	0.02825	0.02349	0.01026	0.00807	0.00247	0.00710	0.00835	0.00882	0.01273
22	0.02048	0.01330	0.01626	0.01226	0.01848	0.01046	0.00976	0.02370	0.01785	0.18363	0.02095	0.08237	0.01735	0.00855	0.00677	0.00167	0.00597	0.00711	0.00618	0.51690
23	0.01928	0.01616	0.01698	0.01535	0.01959	0.01861	0.01192	0.03999	0.59948	0.03285	0.03170	0.02958	0.02386	0.01062	0.00784	0.00261	0.00604	0.00882	0.07665	0.01208
24	0.03326	0.01362	0.01808	0.01414	0.01997	0.01223	0.01158	0.03810	0.08018	0.59549	0.05455	0.02840	0.02205	0.01013	0.00803	0.00248	0.00660	0.00830	0.00962	0.01319
25	0.02193	0.66682	0.03991	0.01416	0.02071	0.08804	0.01372	0.02443	0.01666	0.01872	0.01113	0.01286	0.01018	0.00690	0.00527	0.00173	0.00898	0.00431	0.00345	0.01009
26	0.05836	0.01551	0.04302	0.01480	0.02113	0.01329	0.03770	0.06239	0.06097	0.38209	0.04328	0.02440	0.01850	0.00894	0.00752	0.00222	0.00698	0.00735	0.00789	0.16364
27	0.10411	0.03774	0.04964	0.01351	0.01800	0.01322	0.01156	0.02709	0.02017	0.30469	0.21327	0.03313	0.03309	0.01159	0.00957	0.00254	0.06950	0.00914	0.00786	0.01057
28	0.01064	0.00804	0.01135	0.01440	0.07132	0.00762	0.00890	0.01244	0.01580	0.02133	0.07188	0.62066	0.04994	0.02281	0.00988	0.00311	0.00499	0.02074	0.00712	0.00705
29	0.01153	0.00769	0.00865	0.00865	0.00865	0.00769	0.00480	0.01153	0.01153	0.01538	0.02499	0.05189	0.02883	0.72131	0.04036	0.00769	0.00769	0.01153	0.00480	0.00480
30	0.06823	0.01619	0.01922	0.01503	0.02088	0.01620	0.01234	0.22128	0.06598	0.38838	0.02642	0.02416	0.01754	0.00964	0.00772	0.00242	0.00716	0.00758	0.04069	0.01294
31	0.01639	0.01659	0.03038	0.35851	0.07537	0.01881	0.20167	0.02144	0.01629	0.02188	0.01541	0.04846	0.01275	0.00898	0.01079	0.00277	0.10193	0.00833	0.00383	0.00943
32	0.01038	0.00797	0.00950	0.00934	0.01139	0.00709	0.00692	0.01325	0.02013	0.02682	0.38871	0.12520	0.29770	0.01846	0.00943	0.00263	0.00392	0.01599	0.00809	0.00709
33	0.01590	0.04102	0.68023	0.02260	0.03432	0.01842	0.02930	0.02511	0.01674	0.02511	0.01423	0.01674	0.01005	0.00753	0.00753	0.00251	0.01172	0.00586	0.00335	0.01172
34	0.01769	0.03853	0.62029	0.02183	0.03305	0.01780	0.02770	0.02634	0.01728	0.08418	0.01578	0.01767	0.01091	0.00774	0.00757	0.00251	0.01127	0.00605	0.00393	0.01188
35	0.03558	0.01350	0.01840	0.01411	0.02024	0.01166	0.01166	0.03865	0.02270	0.67734	0.03128	0.02699	0.01963	0.00981	0.00797	0.00245	0.00675	0.00797	0.00981	0.01350
36	0.01133	0.00850	0.01274	0.01274	0.01416	0.00991	0.00991	0.01416	0.01274	0.01841	0.02124	0.03115	0.01982	0.05947	0.68989	0.01274	0.02124	0.00850	0.00425	0.00708
37	0.01498	0.01409	0.02378	0.70226	0.05462	0.01762	0.02202	0.02026	0.01586	0.02026	0.01409	0.02114	0.01057	0.00793	0.00793	0.00264	0.01057	0.00705	0.00352	0.00881
38	0.03104	0.01341	0.01734	0.01382	0.01928	0.01238	0.01124	0.03695	0.11338	0.51897	0.05631	0.02880	0.02252	0.01017	0.00789	0.00245	0.00637	0.00833	0.05661	0.01274
39	0.01230	0.00834	0.01095	0.01016	0.01222	0.00767	0.00767	0.01601	0.02246	0.06043	0.63944	0.05780	0.07237	0.01593	0.00929	0.00249	0.00387	0.01406	0.00878	0.00775
40	0.00996	0.00712	0.00950	0.01112	0.01178	0.00667	0.00764	0.01166	0.01599	0.02146	0.10030	0.62556	0.05414	0.02391	0.01009	0.00318	0.00466	0.05119	0.00748	0.00658
41	0.03274	0.01369	0.01803	0.01418	0.01994	0.01242	0.01159	0.03808	0.09653	0.57596	0.05747	0.02861	0.02242	0.01019	0.00804	0.00248	0.00657	0.00835	0.00957	0.01314
42	0.01710	0.01699	0.02381	0.02049	0.02055	0.02370	0.01704	0.01888	0.01217	0.01906	0.01085	0.01792	0.01080	0.01575	0.05332	0.00385	0.67861	0.00700	0.00350	0.00861
43	0.01469	0.01440	0.02819	0.02215	0.02668	0.01351	0.32834	0.01903	0.01733	0.02365	0.03017	0.26372	0.05704	0.01435	0.00946	0.00286	0.00908	0.04374	0.05291	0.00870
44	0.03087	0.01857	0.02101	0.05037	0.02381	0.04904	0.01374	0.32706	0.02909	0.28914	0.02349	0.02241	0.01583	0.00948	0.00782	0.00239	0.00811	0.00737	0.03756	0.01282
45	0.01733	0.01850	0.07043	0.31755	0.26729	0.01849	0.10379	0.02348	0.04097	0.02370	0.01532	0.02068	0.01194	0.00754	0.00807	0.00254	0.01044	0.00735	0.00389	0.01069
46	0.01804	0.01571	0.02530	0.11344	0.05535	0.01662	0.17006	0.04378	0.15936	0.06794	0.11235	0.08217	0.02678	0.01112	0.00957	0.00269	0.04292	0.01031	0.00619	0.01030
47	0.08025	0.01922	0.02991	0.25986	0.21835	0.07934	0.15275	0.02377	0.01749	0.02409	0.01432	0.01948	0.01124	0.00740	0.00789	0.00250	0.01082	0.00714	0.00390	0.01027
48	0.02268	0.02134	0.08807	0.07760	0.09941	0.02018	0.15651	0.26854	0.02532	0.05535	0.01855	0.04727	0.01448	0.01087	0.03474	0.00291	0.01051	0.00818	0.00578	0.01173
49	0.04631	0.01437	0.01937	0.11435	0.10903	0.01376	0.01372	0.05006	0.05016	0.19192	0.02344	0.04349	0.04176	0.00897	0.00736	0.00216	0.00717	0.00754	0.03391	0.20117
50	0.10678	0.22929	0.05347	0.01581	0.02148	0.02258	0.03935	0.19586	0.02168	0.08894	0.01564	0.01760	0.01219	0.01020	0.00986	0.07411	0.04308	0.00605	0.00543	0.01060
51	0.20688	0.01769	0.05049	0.14528	0.05854	0.01754	0.20393	0.04952	0.01766	0.05445	0.03686	0.03969	0.01439	0.00815	0.00760	0.00251	0.00946	0.00762	0.00480	0.04695

[dist]
# distance from previous block
# <min> <max>
3	10

[block]
# block no. 4 follows, 24 sequences, length 58
# corresponding to MSA columns:
# 137-194
name=unknown_E
#
# <colnr> <probs for GDERKNQSTAVLIFYWHMCP>
#	G	D	E	R	K	N	Q	S	T	A	V	L	I	F	Y	W	H	M	C	P
0	0.01756	0.23991	0.42871	0.01900	0.02845	0.04569	0.02278	0.02412	0.01684	0.02279	0.01720	0.01906	0.04971	0.00809	0.00691	0.00227	0.01040	0.00601	0.00363	0.01087
1	0.01752	0.25048	0.48495	0.01984	0.03005	0.02238	0.02449	0.02469	0.01655	0.02314	0.01325	0.01551	0.01009	0.00730	0.00679	0.00226	0.01073	0.00536	0.00336	0.01125
2	0.01725	0.18892	0.50795	0.02198	0.06408	0.02126	0.02562	0.02478	0.01667	0.02375	0.01357	0.01602	0.01020	0.00735	0.00702	0.00233	0.01090	0.00557	0.00339	0.01143
3	0.07363	0.42196	0.23853	0.01728	0.02554	0.02573	0.05374	0.02423	0.01627	0.02226	0.01231	0.01447	0.01013	0.00705	0.00608	0.00206	0.00960	0.00504	0.00352	0.01057
4	0.01843	0.01904	0.06842	0.13476	0.48171	0.01782	0.02281	0.02338	0.01751	0.02506	0.01468	0.01935	0.01205	0.00709	0.00764	0.00229	0.00936	0.00675	0.00391	0.08795
5	0.02252	0.01767	0.01909	0.01742	0.05915	0.06858	0.01312	0.26499	0.06937	0.06882	0.10742	0.06547	0.05874	0.01248	0.00844	0.00252	0.00764	0.06889	0.00736	0.04030
6	0.01772	0.01589	0.02708	0.42593	0.25908	0.01780	0.04277	0.02274	0.01704	0.05612	0.01532	0.02094	0.01175	0.00770	0.00795	0.00254	0.01008	0.00718	0.00400	0.01037
7	0.50014	0.01606	0.01448	0.04686	0.01850	0.04379	0.01058	0.07077	0.04425	0.03236	0.01419	0.04288	0.01193	0.00995	0.00847	0.04595	0.04901	0.00591	0.00511	0.00881
8	0.02508	0.01779	0.02274	0.01814	0.02295	0.11592	0.12056	0.02927	0.04179	0.26898	0.13032	0.02913	0.02569	0.01235	0.03645	0.00292	0.05325	0.00883	0.00709	0.01077
9	0.03507	0.01432	0.01891	0.01450	0.02065	0.01288	0.01198	0.09593	0.02407	0.61811	0.03013	0.02624	0.01905	0.00979	0.00797	0.00245	0.00693	0.00790	0.00964	0.01349
10	0.01334	0.01065	0.01282	0.01107	0.01483	0.00870	0.00808	0.01571	0.01561	0.02284	0.04676	0.26331	0.02988	0.09897	0.01161	0.00271	0.00558	0.01199	0.00576	0.38979
11	0.01956	0.02037	0.04282	0.03064	0.03848	0.01884	0.55782	0.02579	0.01879	0.06465	0.01681	0.02136	0.01247	0.00681	0.00902	0.00255	0.01241	0.00893	0.00441	0.06746
12	0.01735	0.01735	0.02429	0.02082	0.02082	0.02429	0.01735	0.01908	0.01214	0.01908	0.01041	0.01735	0.01041	0.01388	0.02602	0.00347	0.70680	0.00694	0.00347	0.00867
13	0.01498	0.01409	0.02378	0.70226	0.05462	0.01762	0.02202	0.02026	0.01586	0.02026	0.01409	0.02114	0.01057	0.00793	0.00793	0.00264	0.01057	0.00705	0.00352	0.00881
14	0.01777	0.01861	0.03129	0.02474	0.02724	0.02297	0.21205	0.02105	0.01419	0.02105	0.01216	0.01861	0.01091	0.01164	0.02084	0.00322	0.49103	0.00769	0.00364	0.00930
15	0.01133	0.00850	0.01274	0.01274	0.01416	0.00991	0.00991	0.01416	0.01274	0.01841	0.02124	0.03115	0.01982	0.05947	0.68989	0.01274	0.02124	0.00850	0.00425	0.00708
16	0.00965	0.00696	0.00914	0.01089	0.01146	0.00645	0.00730	0.01106	0.01532	0.02030	0.04550	0.68487	0.08256	0.02461	0.01008	0.00319	0.00457	0.02226	0.00736	0.00645
17	0.03009	0.02391	0.02365	0.01848	0.02458	0.09708	0.01510	0.57849	0.03567	0.04664	0.01830	0.01852	0.01313	0.00937	0.00785	0.00234	0.00933	0.00692	0.00751	0.01302
18	0.01138	0.00829	0.01171	0.01171	0.01277	0.00935	0.00863	0.01350	0.01244	0.01764	0.02218	0.03638	0.02209	0.22613	0.52633	0.01147	0.01783	0.00926	0.00439	0.00651
19	0.01680	0.15738	0.57174	0.02107	0.03195	0.02062	0.02663	0.02488	0.01664	0.02402	0.01369	0.01606	0.01007	0.00741	0.00712	0.00237	0.01117	0.00558	0.00336	0.01146
20	0.77733	0.01534	0.01166	0.01043	0.01534	0.01779	0.00859	0.02331	0.01350	0.03558	0.01104	0.01288	0.00859	0.00736	0.00491	0.00245	0.00613	0.00429	0.00491	0.00859
21	0.01130	0.00818	0.01061	0.01025	0.01207	0.00761	0.00778	0.01482	0.02146	0.03002	0.56414	0.06221	0.09259	0.04620	0.01078	0.00282	0.00423	0.06721	0.00839	0.00733
22	0.77733	0.01534	0.01166	0.01043	0.01534	0.01779	0.00859	0.02331	0.01350	0.03558	0.01104	0.01288	0.00859	0.00736	0.00491	0.00245	0.00613	0.00429	0.00491	0.00859
23	0.02475	0.01822	0.01989	0.01621	0.02098	0.01993	0.01295	0.45987	0.05349	0.04136	0.02412	0.11651	0.02155	0.07718	0.01130	0.00303	0.00795	0.03166	0.00755	0.01151
24	0.77733	0.01534	0.01166	0.01043	0.01534	0.01779	0.00859	0.02331	0.01350	0.03558	0.01104	0.01288	0.00859	0.00736	0.00491	0.00245	0.00613	0.00429	0.00491	0.00859
25	0.01954	0.01687	0.01785	0.01589	0.02052	0.01921	0.01237	0.04088	0.62123	0.03276	0.03125	0.02884	0.02350	0.01048	0.00794	0.00260	0.00625	0.00872	0.00788	0.05541
26	0.01644	0.01409	0.01644	0.01175	0.01879	0.01057	0.00940	0.01997	0.01644	0.02584	0.01409	0.01644	0.01175	0.00587	0.00587	0.00117	0.00587	0.00470	0.00470	0.76979
27	0.07132	0.02095	0.02220	0.01723	0.02311	0.02319	0.01409	0.57206	0.03439	0.04708	0.01894	0.02067	0.01413	0.05222	0.00971	0.00270	0.00852	0.00724	0.00757	0.01269
28	0.01872	0.02139	0.04679	0.03342	0.04144	0.02005	0.64305	0.02540	0.01872	0.02540	0.01604	0.02139	0.01203	0.00668	0.00936	0.00267	0.01337	0.00936	0.00401	0.01070
29	0.01498	0.01409	0.02378	0.70226	0.05462	0.01762	0.02202	0.02026	0.01586	0.02026	0.01409	0.02114	0.01057	0.00793	0.00793	0.00264	0.01057	0.00705	0.00352	0.00881
30	0.01609	0.03993	0.64856	0.02388	0.06547	0.01844	0.02906	0.02508	0.01681	0.02515	0.01426	0.01688	0.01017	0.00751	0.00755	0.00250	0.01161	0.00592	0.00338	0.01176
31	0.01636	0.01528	0.02566	0.58628	0.08279	0.01825	0.06090	0.05839	0.01744	0.02265	0.01456	0.02096	0.01094	0.00790	0.00801	0.00261	0.01058	0.00720	0.00384	0.00940
32	0.01872	0.02139	0.04679	0.03342	0.04144	0.02005	0.64305	0.02540	0.01872	0.02540	0.01604	0.02139	0.01203	0.00668	0.00936	0.00267	0.01337	0.00936	0.00401	0.01070
33	0.01133	0.00850	0.01274	0.01274	0.01416	0.00991	0.00991	0.01416	0.01274	0.01841	0.02124	0.03115	0.01982	0.05947	0.68989	0.01274	0.02124	0.00850	0.00425	0.00708
34	0.01566	0.01544	0.02801	0.57928	0.05219	0.01807	0.13620	0.02121	0.01638	0.02121	0.01445	0.02119	0.01084	0.00770	0.00819	0.00265	0.01109	0.00747	0.00361	0.00916
35	0.01865	0.02118	0.04563	0.03277	0.04038	0.02027	0.61086	0.02508	0.01838	0.02508	0.01575	0.02118	0.01195	0.00705	0.01022	0.00271	0.04904	0.00923	0.00398	0.01059
36	0.01224	0.00817	0.00929	0.00896	0.01033	0.00760	0.00590	0.01349	0.01551	0.05681	0.12895	0.05841	0.21602	0.38575	0.02550	0.00526	0.00605	0.01319	0.00635	0.00620
37	0.01498	0.01409	0.02378	0.70226	0.05462	0.01762	0.02202	0.02026	0.01586	0.02026	0.01409	0.02114	0.01057	0.00793	0.00793	0.00264	0.01057	0.00705	0.00352	0.00881
38	0.01364	0.00875	0.01147	0.01084	0.01317	0.00804	0.00847	0.01720	0.02166	0.09204	0.48928	0.06110	0.10325	0.01657	0.00943	0.00265	0.00450	0.09140	0.00856	0.00799
39	0.02173	0.68266	0.04035	0.01400	0.02062	0.07290	0.01368	0.02424	0.01651	0.01870	0.01110	0.01282	0.01018	0.00687	0.00522	0.00172	0.00885	0.00429	0.00344	0.01011
40	0.01498	0.01409	0.02378	0.70226	0.05462	0.01762	0.02202	0.02026	0.01586	0.02026	0.01409	0.02114	0.01057	0.00793	0.00793	0.00264	0.01057	0.00705	0.00352	0.00881
41	0.03558	0.01350	0.01840	0.01411	0.02024	0.01166	0.01166	0.03865	0.02270	0.67734	0.03128	0.02699	0.01963	0.00981	0.00797	0.00245	0.00675	0.00797	0.00981	0.01350
42	0.02574	0.01657	0.01883	0.01559	0.02074	0.01770	0.01249	0.17792	0.29351	0.21085	0.07884	0.02878	0.02448	0.01065	0.00811	0.00254	0.00677	0.00870	0.00856	0.01262
43	0.01728	0.21894	0.51435	0.02026	0.03069	0.02178	0.02521	0.02476	0.01658	0.02344	0.01340	0.01570	0.01008	0.00734	0.00690	0.00230	0.01088	0.00544	0.00336	0.01132
44	0.01870	0.02193	0.07157	0.03462	0.10925	0.01985	0.55067	0.02527	0.01856	0.02544	0.01585	0.02101	0.01201	0.00676	0.00912	0.00263	0.01287	0.00897	0.00397	0.01094
45	0.01232	0.00836	0.01087	0.01010	0.01220	0.00765	0.00763	0.01596	0.02229	0.06230	0.61448	0.05835	0.09516	0.01606	0.00929	0.00250	0.00390	0.01413	0.00873	0.00774
46	0.00966	0.00690	0.00920	0.01104	0.01150	0.00644	0.00736	0.01104	0.01518	0.02024	0.04371	0.71614	0.05245	0.02484	0.01012	0.00322	0.00460	0.02254	0.00736	0.00644
47	0.02264	0.21537	0.26046	0.01922	0.02692	0.21925	0.01979	0.08498	0.02019	0.02411	0.01327	0.01520	0.01045	0.00771	0.00683	0.00215	0.01136	0.00534	0.00401	0.01075
48	0.01133	0.00850	0.01274	0.01274	0.01416	0.00991	0.00991	0.01416	0.01274	0.01841	0.02124	0.03115	0.01982	0.05947	0.68989	0.01274	0.02124	0.00850	0.00425	0.00708
49	0.01492	0.01374	0.02313	0.66844	0.05245	0.01709	0.02128	0.01978	0.01559	0.01994	0.01408	0.02129	0.01073	0.00889	0.00906	0.04011	0.01039	0.00704	0.00352	0.00855
50	0.01680	0.01776	0.03575	0.29070	0.04482	0.01847	0.36301	0.02270	0.01723	0.02297	0.01562	0.02191	0.01196	0.01050	0.05174	0.00330	0.01278	0.00841	0.00384	0.00974
51	0.01704	0.01633	0.02810	0.40657	0.31083	0.01821	0.04516	0.02214	0.01687	0.02279	0.01451	0.02052	0.01145	0.00752	0.00795	0.00252	0.01019	0.00714	0.00371	0.01044
52	0.05343	0.03554	0.55298	0.07435	0.03347	0.01758	0.02623	0.02378	0.01659	0.02502	0.01823	0.02065	0.05156	0.00835	0.00755	0.00253	0.01086	0.00656	0.00369	0.01102
53	0.01532	0.01429	0.02149	0.01880	0.02020	0.01753	0.08195	0.01786	0.01452	0.02061	0.02343	0.07018	0.04657	0.07850	0.02082	0.00376	0.35670	0.14459	0.00482	0.00807
54	0.01637	0.08330	0.60961	0.02255	0.03378	0.01931	0.05768	0.02504	0.01680	0.02472	0.01412	0.01671	0.01015	0.00745	0.00747	0.00247	0.01159	0.00592	0.00338	0.01157
55	0.05451	0.01579	0.02599	0.44766	0.15639	0.01820	0.06969	0.02324	0.06672	0.02342	0.01566	0.02115	0.01200	0.00787	0.00789	0.00259	0.01003	0.00724	0.00406	0.00989
56	0.03241	0.01373	0.01905	0.01468	0.02051	0.01223	0.03604	0.06560	0.02323	0.56165	0.08886	0.02936	0.02413	0.01027	0.00815	0.00246	0.00682	0.00858	0.00940	0.01283
57	0.03558	0.01350	0.01840	0.01411	0.02024	0.01166	0.01166	0.03865	0.02270	0.67734	0.03128	0.02699	0.01963	0.00981	0.00797	0.00245	0.00675	0.00797	0.00981	0.01350

[dist]
# distance from previous block
# <min> <max>
4	9

[block]
# block no. 5 follows, 24 sequences, length 9
# corresponding to MSA columns:
# 204-212
name=unknown_F
#
# <colnr> <probs for GDERKNQSTAVLIFYWHMCP>
#	G	D	E	R	K	N	Q	S	T	A	V	L	I	F	Y	W	H	M	C	P
0	0.08709	0.01586	0.02785	0.48643	0.04797	0.01818	0.16111	0.02171	0.01628	0.02285	0.01425	0.02043	0.01072	0.00759	0.00797	0.00263	0.01079	0.00731	0.00376	0.00921
1	0.02185	0.56944	0.12332	0.01481	0.02218	0.02783	0.01546	0.02532	0.01681	0.08108	0.01334	0.01458	0.01104	0.00717	0.00568	0.00187	0.00874	0.00480	0.00399	0.01069
2	0.01659	0.01006	0.01290	0.01205	0.01497	0.00956	0.00964	0.02164	0.07544	0.14783	0.32461	0.05824	0.10038	0.01603	0.00932	0.00275	0.00525	0.13535	0.00848	0.00892
3	0.01520	0.01440	0.02383	0.63781	0.05142	0.01825	0.02158	0.02015	0.01551	0.02015	0.01375	0.02078	0.01056	0.00849	0.00964	0.00272	0.07642	0.00704	0.00352	0.00880
4	0.01565	0.01598	0.03115	0.23053	0.03858	0.01629	0.30563	0.02090	0.01762	0.02336	0.05166	0.09654	0.05138	0.01059	0.00907	0.00275	0.01051	0.03787	0.00471	0.00922
5	0.01697	0.01516	0.02379	0.61236	0.05067	0.01853	0.02111	0.10242	0.01867	0.02417	0.01474	0.02087	0.01095	0.00814	0.00793	0.00261	0.01033	0.00706	0.00410	0.00942
6	0.03014	0.02221	0.02380	0.01825	0.02459	0.02459	0.01507	0.64541	0.03728	0.04998	0.01904	0.01904	0.01349	0.00952	0.00793	0.00238	0.00873	0.00714	0.00793	0.01349
7	0.01630	0.01575	0.02693	0.47580	0.16649	0.01859	0.06338	0.02126	0.01614	0.02156	0.01406	0.02054	0.01103	0.00820	0.00959	0.00266	0.07126	0.00720	0.00363	0.00963
8	0.01951	0.02071	0.03779	0.07130	0.32999	0.05317	0.29865	0.02499	0.01847	0.02509	0.01524	0.02021	0.01211	0.00699	0.00849	0.00249	0.01148	0.00798	0.00395	0.01139

[dist]
# distance from previous block
# <min> <max>
0	2

[block]
# block no. 6 follows, 24 sequences, length 163
# corresponding to MSA columns:
# 215-377
name=unknown_G
#
# <colnr> <probs for GDERKNQSTAVLIFYWHMCP>
#	G	D	E	R	K	N	Q	S	T	A	V	L	I	F	Y	W	H	M	C	P
0	0.00952	0.00799	0.00828	0.00832	0.01083	0.00674	0.00619	0.01163	0.01827	0.02214	0.12254	0.10427	0.59612	0.02001	0.00940	0.00269	0.00402	0.01682	0.00747	0.00674
1	0.01972	0.01703	0.01793	0.01614	0.02062	0.01972	0.01255	0.04214	0.65752	0.03317	0.03228	0.02959	0.02421	0.01076	0.00807	0.00269	0.00628	0.00897	0.00807	0.01255
2	0.01872	0.02139	0.04679	0.03342	0.04144	0.02005	0.64305	0.02540	0.01872	0.02540	0.01604	0.02139	0.01203	0.00668	0.00936	0.00267	0.01337	0.00936	0.00401	0.01070
3	0.03558	0.01350	0.01840	0.01411	0.02024	0.01166	0.01166	0.03865	0.02270	0.67734	0.03128	0.02699	0.01963	0.00981	0.00797	0.00245	0.00675	0.00797	0.00981	0.01350
4	0.01130	0.00815	0.01070	0.01019	0.01206	0.00756	0.00773	0.01503	0.02225	0.03143	0.63868	0.06063	0.07347	0.01648	0.00943	0.00255	0.00391	0.04232	0.00866	0.00747
5	0.01617	0.07495	0.64860	0.02215	0.03363	0.01906	0.02852	0.02505	0.01671	0.02479	0.01407	0.01654	0.01005	0.00750	0.00741	0.00247	0.01156	0.00578	0.00335	0.01164
6	0.01498	0.01409	0.02378	0.70226	0.05462	0.01762	0.02202	0.02026	0.01586	0.02026	0.01409	0.02114	0.01057	0.00793	0.00793	0.00264	0.01057	0.00705	0.00352	0.00881
7	0.01014	0.00745	0.01001	0.01163	0.01214	0.00732	0.00805	0.01165	0.01521	0.02037	0.04224	0.65572	0.05036	0.02424	0.01082	0.00325	0.03388	0.05177	0.00720	0.00658
8	0.01122	0.00811	0.01060	0.00998	0.01185	0.00748	0.00748	0.01496	0.02245	0.03180	0.66766	0.05923	0.07482	0.01621	0.00935	0.00249	0.00374	0.01434	0.00873	0.00748
9	0.01590	0.04102	0.68023	0.02260	0.03432	0.01842	0.02930	0.02511	0.01674	0.02511	0.01423	0.01674	0.01005	0.00753	0.00753	0.00251	0.01172	0.00586	0.00335	0.01172
10	0.02120	0.72609	0.04155	0.01357	0.02035	0.03138	0.01357	0.02374	0.01611	0.01866	0.01102	0.01272	0.01018	0.00678	0.00509	0.00170	0.00848	0.00424	0.00339	0.01018
11	0.00966	0.00690	0.00920	0.01104	0.01150	0.00644	0.00736	0.01104	0.01518	0.02024	0.04371	0.71614	0.05245	0.02484	0.01012	0.00322	0.00460	0.02254	0.00736	0.00644
12	0.00937	0.00803	0.00803	0.00803	0.01071	0.00669	0.00602	0.01138	0.01807	0.02142	0.08033	0.07632	0.66863	0.02008	0.00937	0.00268	0.00402	0.01674	0.00736	0.00669
13	0.01872	0.02139	0.04679	0.03342	0.04144	0.02005	0.64305	0.02540	0.01872	0.02540	0.01604	0.02139	0.01203	0.00668	0.00936	0.00267	0.01337	0.00936	0.00401	0.01070
14	0.01590	0.04102	0.68023	0.02260	0.03432	0.01842	0.02930	0.02511	0.01674	0.02511	0.01423	0.01674	0.01005	0.00753	0.00753	0.00251	0.01172	0.00586	0.00335	0.01172
15	0.03042	0.02177	0.02353	0.01804	0.02437	0.02394	0.01490	0.61499	0.03655	0.08143	0.01965	0.01944	0.01379	0.00953	0.00793	0.00238	0.00863	0.00718	0.00803	0.01349
16	0.01278	0.00913	0.01278	0.01460	0.01643	0.00913	0.01278	0.01643	0.01825	0.02373	0.04199	0.08945	0.04564	0.02191	0.01095	0.00365	0.00730	0.61847	0.00730	0.00730
17	0.03511	0.01425	0.01887	0.01447	0.02062	0.01277	0.01195	0.09116	0.02396	0.62304	0.03022	0.02630	0.01910	0.00979	0.00797	0.00245	0.00692	0.00790	0.00965	0.01349
18	0.01539	0.01469	0.02533	0.63751	0.08383	0.01780	0.05289	0.02071	0.01610	0.02079	0.01423	0.02108	0.01074	0.00782	0.00800	0.00263	0.01065	0.00716	0.00357	0.00908
19	0.77733	0.01534	0.01166	0.01043	0.01534	0.01779	0.00859	0.02331	0.01350	0.03558	0.01104	0.01288	0.00859	0.00736	0.00491	0.00245	0.00613	0.00429	0.00491	0.00859
20	0.02120	0.72609	0.04155	0.01357	0.02035	0.03138	0.01357	0.02374	0.01611	0.01866	0.01102	0.01272	0.01018	0.00678	0.00509	0.00170	0.00848	0.00424	0.00339	0.01018
21	0.01153	0.00769	0.00865	0.00865	0.00865	0.00769	0.00480	0.01153	0.01153	0.01538	0.02499	0.05189	0.02883	0.72131	0.04036	0.00769	0.00769	0.01153	0.00480	0.00480
22	0.01685	0.01600	0.02806	0.37351	0.04248	0.01826	0.17441	0.05151	0.01732	0.02372	0.01555	0.02151	0.01196	0.00839	0.00980	0.00264	0.07728	0.00765	0.07374	0.00936
23	0.02919	0.07281	0.02344	0.02008	0.02430	0.65600	0.01523	0.03126	0.02215	0.01937	0.01219	0.01422	0.01021	0.00810	0.00705	0.00203	0.01400	0.00506	0.00405	0.00924
24	0.00966	0.00690	0.00920	0.01104	0.01150	0.00644	0.00736	0.01104	0.01518	0.02024	0.04371	0.71614	0.05245	0.02484	0.01012	0.00322	0.00460	0.02254	0.00736	0.00644
25	0.06561	0.02103	0.02399	0.05140	0.02615	0.02299	0.04675	0.52145	0.03308	0.04537	0.01800	0.01882	0.01294	0.00901	0.00775	0.00235	0.00878	0.00698	0.00721	0.05033
26	0.77733	0.01534	0.01166	0.01043	0.01534	0.01779	0.00859	0.02331	0.01350	0.03558	0.01104	0.01288	0.00859	0.00736	0.00491	0.00245	0.00613	0.00429	0.00491	0.00859
27	0.03189	0.01510	0.01891	0.01485	0.02066	0.01452	0.01215	0.13395	0.10222	0.47593	0.05316	0.02725	0.02127	0.01012	0.00803	0.00247	0.00689	0.00820	0.00926	0.01316
28	0.77733	0.01534	0.01166	0.01043	0.01534	0.01779	0.00859	0.02331	0.01350	0.03558	0.01104	0.01288	0.00859	0.00736	0.00491	0.00245	0.00613	0.00429	0.00491	0.00859
29	0.01963	0.01884	0.03219	0.04867	0.67185	0.01884	0.02434	0.02434	0.01806	0.02591	0.01492	0.01963	0.01256	0.00707	0.00785	0.00236	0.00942	0.00707	0.00393	0.01256
30	0.01644	0.01409	0.01644	0.01175	0.01879	0.01057	0.00940	0.01997	0.01644	0.02584	0.01409	0.01644	0.01175	0.00587	0.00587	0.00117	0.00587	0.00470	0.00470	0.76979
31	0.00964	0.00700	0.00910	0.01078	0.01143	0.00646	0.00725	0.01107	0.01543	0.02034	0.04688	0.66076	0.10578	0.02443	0.01006	0.00317	0.00455	0.02204	0.00736	0.00646
32	0.06432	0.03023	0.02262	0.05229	0.05825	0.41221	0.01559	0.17086	0.05124	0.02811	0.01480	0.01654	0.01160	0.00848	0.00733	0.00221	0.01188	0.00588	0.00513	0.01044
33	0.01963	0.01884	0.03219	0.04867	0.67185	0.01884	0.02434	0.02434	0.01806	0.02591	0.01492	0.01963	0.01256	0.00707	0.00785	0.00236	0.00942	0.00707	0.00393	0.01256
34	0.01153	0.00769	0.00865	0.00865	0.00865	0.00769	0.00480	0.01153	0.01153	0.01538	0.02499	0.05189	0.02883	0.72131	0.04036	0.00769	0.00769	0.01153	0.00480	0.00480
35	0.01980	0.19075	0.31199	0.02220	0.03117	0.05500	0.15343	0.05570	0.01851	0.04885	0.01465	0.01718	0.01103	0.00740	0.00738	0.00233	0.01113	0.00633	0.00400	0.01118
36	0.01646	0.01732	0.05521	0.01981	0.02059	0.02205	0.01693	0.01872	0.01245	0.01929	0.01207	0.01919	0.01167	0.01974	0.11503	0.00468	0.57951	0.00710	0.00357	0.00861
37	0.02962	0.03779	0.02247	0.02043	0.02451	0.68948	0.01532	0.03166	0.02247	0.01941	0.01226	0.01430	0.01021	0.00817	0.00715	0.00204	0.01430	0.00511	0.00409	0.00919
38	0.01644	0.01409	0.01644	0.01175	0.01879	0.01057	0.00940	0.01997	0.01644	0.02584	0.01409	0.01644	0.01175	0.00587	0.00587	0.00117	0.00587	0.00470	0.00470	0.76979
39	0.01134	0.00846	0.01254	0.01254	0.01388	0.00980	0.00965	0.01403	0.01268	0.01825	0.02143	0.03220	0.02028	0.09305	0.65694	0.01249	0.02055	0.00865	0.00428	0.00696
40	0.03348	0.01359	0.01823	0.01436	0.02016	0.01211	0.01192	0.06766	0.02308	0.59338	0.03152	0.03157	0.02139	0.01076	0.00821	0.00255	0.00689	0.05662	0.00952	0.01300
41	0.02120	0.72609	0.04155	0.01357	0.02035	0.03138	0.01357	0.02374	0.01611	0.01866	0.01102	0.01272	0.01018	0.00678	0.00509	0.00170	0.00848	0.00424	0.00339	0.01018
42	0.01644	0.01409	0.01644	0.01175	0.01879	0.01057	0.00940	0.01997	0.01644	0.02584	0.01409	0.01644	0.01175	0.00587	0.00587	0.00117	0.00587	0.00470	0.00470	0.76979
43	0.01409	0.00938	0.01310	0.01458	0.01665	0.00927	0.01271	0.01771	0.01851	0.06127	0.04137	0.08586	0.04414	0.02121	0.01078	0.00358	0.00727	0.58341	0.00745	0.00766
44	0.01944	0.01671	0.01772	0.01607	0.02045	0.01928	0.01256	0.04107	0.63099	0.03278	0.03268	0.03207	0.02510	0.01122	0.00819	0.00273	0.00632	0.03426	0.00804	0.01233
45	0.01735	0.01735	0.02429	0.02082	0.02082	0.02429	0.01735	0.01908	0.01214	0.01908	0.01041	0.01735	0.01041	0.01388	0.02602	0.00347	0.70680	0.00694	0.00347	0.00867
46	0.02962	0.03779	0.02247	0.02043	0.02451	0.68948	0.01532	0.03166	0.02247	0.01941	0.01226	0.01430	0.01021	0.00817	0.00715	0.00204	0.01430	0.00511	0.00409	0.00919
47	0.00966	0.00690	0.00920	0.01104	0.01150	0.00644	0.00736	0.01104	0.01518	0.02024	0.04371	0.71614	0.05245	0.02484	0.01012	0.00322	0.00460	0.02254	0.00736	0.00644
48	0.02962	0.03779	0.02247	0.02043	0.02451	0.68948	0.01532	0.03166	0.02247	0.01941	0.01226	0.01430	0.01021	0.00817	0.00715	0.00204	0.01430	0.00511	0.00409	0.00919
49	0.01498	0.01409	0.02378	0.70226	0.05462	0.01762	0.02202	0.02026	0.01586	0.02026	0.01409	0.02114	0.01057	0.00793	0.00793	0.00264	0.01057	0.00705	0.00352	0.00881
50	0.00937	0.00803	0.00803	0.00803	0.01071	0.00669	0.00602	0.01138	0.01807	0.02142	0.08033	0.07632	0.66863	0.02008	0.00937	0.00268	0.00402	0.01674	0.00736	0.00669
51	0.00966	0.00690	0.00920	0.01104	0.01150	0.00644	0.00736	0.01104	0.01518	0.02024	0.04371	0.71614	0.05245	0.02484	0.01012	0.00322	0.00460	0.02254	0.00736	0.00644
52	0.00981	0.00813	0.00864	0.00873	0.01127	0.00696	0.00670	0.01209	0.01845	0.02248	0.12617	0.07597	0.56801	0.01991	0.00950	0.00274	0.00426	0.06589	0.00747	0.00681
53	0.02120	0.72609	0.04155	0.01357	0.02035	0.03138	0.01357	0.02374	0.01611	0.01866	0.01102	0.01272	0.01018	0.00678	0.00509	0.00170	0.00848	0.00424	0.00339	0.01018
54	0.02962	0.03779	0.02247	0.02043	0.02451	0.68948	0.01532	0.03166	0.02247	0.01941	0.01226	0.01430	0.01021	0.00817	0.00715	0.00204	0.01430	0.00511	0.00409	0.00919
55	0.77733	0.01534	0.01166	0.01043	0.01534	0.01779	0.00859	0.02331	0.01350	0.03558	0.01104	0.01288	0.00859	0.00736	0.00491	0.00245	0.00613	0.00429	0.00491	0.00859
56	0.01133	0.00850	0.01274	0.01274	0.01416	0.00991	0.00991	0.01416	0.01274	0.01841	0.02124	0.03115	0.01982	0.05947	0.68989	0.01274	0.02124	0.00850	0.00425	0.00708
57	0.01872	0.02139	0.04679	0.03342	0.04144	0.02005	0.64305	0.02540	0.01872	0.02540	0.01604	0.02139	0.01203	0.00668	0.00936	0.00267	0.01337	0.00936	0.00401	0.01070
58	0.01644	0.01409	0.01644	0.01175	0.01879	0.01057	0.00940	0.01997	0.01644	0.02584	0.01409	0.01644	0.01175	0.00587	0.00587	0.00117	0.00587	0.00470	0.00470	0.76979
59	0.01783	0.05838	0.20865	0.01737	0.02577	0.01528	0.07911	0.04327	0.01763	0.04730	0.01490	0.01727	0.01153	0.00672	0.00679	0.00181	0.00853	0.00566	0.00446	0.39176
60	0.01377	0.00689	0.01033	0.01033	0.01033	0.00689	0.00689	0.01033	0.01033	0.01377	0.01377	0.02410	0.01377	0.02755	0.03099	0.76928	0.00689	0.00689	0.00344	0.00344
61	0.01026	0.00807	0.00927	0.00897	0.01126	0.00707	0.00672	0.01310	0.02017	0.02641	0.36242	0.06811	0.38343	0.01822	0.00936	0.00259	0.00388	0.01559	0.00802	0.00707
62	0.01211	0.00828	0.01078	0.01013	0.01215	0.00758	0.00760	0.01566	0.02199	0.05799	0.59374	0.08787	0.09103	0.01646	0.00933	0.00253	0.00391	0.01452	0.00867	0.00766
63	0.02405	0.01493	0.01735	0.01511	0.01978	0.01582	0.01197	0.03803	0.38231	0.24419	0.03305	0.07090	0.02530	0.01177	0.00829	0.00269	0.00638	0.03727	0.00857	0.01227
64	0.01831	0.02045	0.04334	0.03261	0.07075	0.01964	0.55357	0.02442	0.01820	0.02489	0.01686	0.05021	0.01367	0.00783	0.01016	0.00272	0.04808	0.00967	0.00412	0.01051
65	0.01699	0.01615	0.02742	0.41915	0.32197	0.01815	0.02302	0.02203	0.01681	0.02271	0.01445	0.02049	0.01143	0.00755	0.00789	0.00252	0.01007	0.00706	0.00370	0.01043
66	0.01891	0.42934	0.31820	0.01748	0.02640	0.02576	0.02038	0.02434	0.01639	0.02145	0.01241	0.01446	0.01012	0.00711	0.00615	0.00205	0.00988	0.00494	0.00337	0.01084
67	0.00937	0.00803	0.00803	0.00803	0.01071	0.00669	0.00602	0.01138	0.01807	0.02142	0.08033	0.07632	0.66863	0.02008	0.00937	0.00268	0.00402	0.01674	0.00736	0.00669
68	0.01498	0.01409	0.02378	0.70226	0.05462	0.01762	0.02202	0.02026	0.01586	0.02026	0.01409	0.02114	0.01057	0.00793	0.00793	0.00264	0.01057	0.00705	0.00352	0.00881
69	0.01590	0.04102	0.68023	0.02260	0.03432	0.01842	0.02930	0.02511	0.01674	0.02511	0.01423	0.01674	0.01005	0.00753	0.00753	0.00251	0.01172	0.00586	0.00335	0.01172
70	0.07754	0.07996	0.02038	0.01583	0.02076	0.08008	0.01279	0.10231	0.33191	0.10219	0.02602	0.02696	0.01997	0.01023	0.00761	0.00251	0.00755	0.03646	0.00722	0.01171
71	0.01978	0.01144	0.01363	0.01186	0.01571	0.01082	0.00929	0.05408	0.10421	0.22000	0.15097	0.08686	0.22874	0.01497	0.00876	0.00260	0.00533	0.01262	0.00843	0.00991
72	0.08905	0.17597	0.02469	0.01648	0.05362	0.01861	0.04404	0.03241	0.12670	0.27527	0.02337	0.02247	0.01663	0.00876	0.00705	0.00230	0.00736	0.00699	0.03647	0.01175
73	0.01809	0.01788	0.03107	0.19143	0.34313	0.01957	0.10841	0.02274	0.01673	0.02349	0.01419	0.01986	0.01170	0.00826	0.01088	0.00264	0.11793	0.00736	0.00378	0.01085
74	0.01042	0.00795	0.00969	0.01036	0.01215	0.00722	0.00785	0.01291	0.01825	0.02362	0.18297	0.23958	0.28042	0.02084	0.00984	0.00295	0.00469	0.12377	0.00763	0.00690
75	0.01498	0.01409	0.02378	0.70226	0.05462	0.01762	0.02202	0.02026	0.01586	0.02026	0.01409	0.02114	0.01057	0.00793	0.00793	0.00264	0.01057	0.00705	0.00352	0.00881
76	0.02382	0.05213	0.13616	0.05300	0.12597	0.07181	0.01808	0.13401	0.05446	0.15410	0.02055	0.02374	0.01558	0.01166	0.04241	0.00296	0.00994	0.03191	0.00598	0.01172
77	0.09686	0.01577	0.05229	0.54265	0.07645	0.01798	0.02084	0.02095	0.01561	0.02233	0.01367	0.01985	0.01042	0.00803	0.00826	0.00263	0.03595	0.00670	0.00368	0.00908
78	0.00966	0.00690	0.00920	0.01104	0.01150	0.00644	0.00736	0.01104	0.01518	0.02024	0.04371	0.71614	0.05245	0.02484	0.01012	0.00322	0.00460	0.02254	0.00736	0.00644
79	0.01245	0.01247	0.05025	0.01776	0.02082	0.01075	0.18411	0.01565	0.01623	0.02189	0.03471	0.49211	0.03934	0.01903	0.00979	0.00304	0.00735	0.01814	0.00625	0.00786
80	0.05473	0.11985	0.41543	0.02247	0.06727	0.01978	0.07743	0.02524	0.04799	0.02556	0.04186	0.01900	0.01368	0.00785	0.00738	0.00242	0.01045	0.00645	0.00397	0.01120
81	0.41515	0.01452	0.01400	0.01196	0.01663	0.01577	0.00969	0.08680	0.05076	0.13321	0.13455	0.02483	0.02348	0.00971	0.00663	0.00247	0.00606	0.00718	0.00680	0.00981
82	0.01498	0.01409	0.02378	0.70226	0.05462	0.01762	0.02202	0.02026	0.01586	0.02026	0.01409	0.02114	0.01057	0.00793	0.00793	0.00264	0.01057	0.00705	0.00352	0.00881
83	0.10509	0.01431	0.01740	0.01385	0.01939	0.01375	0.01131	0.09397	0.07396	0.44145	0.06211	0.02869	0.04801	0.01037	0.00780	0.00248	0.00658	0.00829	0.00885	0.01235
84	0.05019	0.01544	0.02610	0.51313	0.16517	0.01799	0.05751	0.02144	0.01632	0.02228	0.01422	0.02051	0.01093	0.00767	0.00786	0.00258	0.01032	0.00706	0.00369	0.00959
85	0.00997	0.00708	0.00934	0.01103	0.01152	0.00668	0.00743	0.01136	0.01505	0.02003	0.04212	0.63093	0.05020	0.08061	0.01259	0.00360	0.00499	0.05197	0.00715	0.00635
86	0.63855	0.01626	0.01369	0.01171	0.01688	0.01853	0.00965	0.11424	0.01732	0.06390	0.01303	0.01435	0.00975	0.00777	0.00547	0.00244	0.00654	0.00486	0.00555	0.00950
87	0.02102	0.48328	0.14061	0.01564	0.02276	0.08810	0.01600	0.05566	0.01796	0.02149	0.01527	0.01678	0.04082	0.00779	0.00602	0.00194	0.00934	0.00531	0.00386	0.01034
88	0.01721	0.01488	0.01824	0.01323	0.01999	0.01215	0.03352	0.04978	0.01734	0.02669	0.01425	0.01679	0.01178	0.00640	0.00692	0.00138	0.03491	0.00508	0.00478	0.67466
89	0.01316	0.00955	0.01277	0.01384	0.01590	0.00938	0.01158	0.04435	0.01863	0.02470	0.06099	0.19152	0.04463	0.02085	0.01036	0.00335	0.00670	0.43425	0.00726	0.04623
90	0.05429	0.01765	0.02012	0.13921	0.05952	0.04667	0.01512	0.11978	0.33295	0.03190	0.02511	0.02817	0.01966	0.01028	0.00800	0.00264	0.00792	0.04291	0.00669	0.01141
91	0.01770	0.01621	0.01874	0.01442	0.01970	0.04630	0.01166	0.03965	0.01640	0.02475	0.01332	0.01663	0.01142	0.00791	0.01057	0.00177	0.16543	0.00530	0.00449	0.53763
92	0.02628	0.01858	0.04994	0.10523	0.11816	0.01822	0.08243	0.19031	0.05282	0.22396	0.02159	0.02235	0.01502	0.00876	0.00807	0.00248	0.00895	0.00763	0.00683	0.01240
93	0.01608	0.06339	0.65937	0.02231	0.03386	0.01884	0.02878	0.02507	0.01672	0.02490	0.01413	0.01661	0.01005	0.00751	0.00745	0.00248	0.01161	0.00581	0.00335	0.01167
94	0.01830	0.02102	0.09932	0.13492	0.06722	0.01981	0.28795	0.06909	0.04458	0.02578	0.01663	0.04332	0.01337	0.00880	0.01070	0.00273	0.09311	0.00850	0.00436	0.01049
