[name]
unknown

[dist]
# distance from previous block
# <min> <max>
13	21

[block]
# block no. 0 follows, 24 sequences, length 98
# corresponding to MSA columns:
# 24-121
name=unknown_A
#
# <colnr> <probs for GDERKNQSTAVLIFYWHMCP>
#	G	D	E	R	K	N	Q	S	T	A	V	L	I	F	Y	W	H	M	C	P
0	0.04690	0.00896	0.01139	0.01159	0.01315	0.00880	0.00825	0.01630	0.01585	0.12144	0.03843	0.44020	0.07094	0.09679	0.01365	0.00354	0.04187	0.01723	0.00715	0.00757
1	0.25968	0.01185	0.01254	0.01113	0.01487	0.01209	0.00876	0.04678	0.01892	0.15925	0.17629	0.10561	0.06460	0.01259	0.00748	0.00252	0.00539	0.01021	0.05033	0.00910
2	0.01015	0.00723	0.00925	0.01040	0.01107	0.00678	0.00692	0.01165	0.01571	0.02108	0.12526	0.49872	0.07833	0.13107	0.01466	0.00379	0.00494	0.01950	0.00715	0.00634
3	0.01224	0.00812	0.00993	0.01048	0.01139	0.00782	0.00691	0.03704	0.01528	0.04931	0.03771	0.39809	0.07349	0.26110	0.02023	0.00465	0.00588	0.01723	0.00662	0.00649
4	0.11835	0.01775	0.01679	0.01465	0.01873	0.09466	0.01130	0.15982	0.02327	0.11739	0.02432	0.06526	0.01979	0.01337	0.03479	0.00309	0.00834	0.00835	0.21900	0.01100
5	0.01303	0.00890	0.01100	0.01085	0.01284	0.00842	0.00794	0.04352	0.04154	0.06304	0.25475	0.27295	0.15278	0.01927	0.01026	0.03247	0.00467	0.01628	0.00786	0.00764
6	0.05626	0.00860	0.01010	0.01051	0.01168	0.00847	0.00710	0.03551	0.01519	0.04863	0.03605	0.33958	0.07377	0.26084	0.01999	0.00463	0.00603	0.03403	0.00647	0.00659
7	0.02608	0.05176	0.02051	0.01762	0.06212	0.15332	0.01312	0.18552	0.02485	0.17119	0.06859	0.06498	0.04481	0.01074	0.00780	0.00233	0.00845	0.00852	0.04665	0.01102
8	0.02152	0.01443	0.01714	0.04502	0.02040	0.01459	0.01157	0.12983	0.16506	0.15264	0.07690	0.13175	0.02729	0.01208	0.00810	0.00243	0.00645	0.01023	0.00761	0.12497
9	0.53388	0.01394	0.01260	0.01093	0.01563	0.01521	0.00891	0.02504	0.01621	0.15134	0.08286	0.02087	0.01787	0.00879	0.00595	0.00243	0.00590	0.00612	0.03621	0.00932
10	0.02237	0.01986	0.02877	0.08554	0.26134	0.03838	0.09035	0.21684	0.05118	0.03244	0.01703	0.02083	0.01342	0.02748	0.00964	0.00262	0.03723	0.00749	0.00533	0.01188
11	0.04709	0.00984	0.00992	0.00907	0.01169	0.01027	0.00703	0.10880	0.01948	0.03274	0.02430	0.02739	0.01888	0.00920	0.00586	0.00195	0.00451	0.00723	0.62643	0.00831
12	0.05235	0.33203	0.13129	0.01673	0.02365	0.10759	0.01624	0.14576	0.05835	0.02728	0.01445	0.01574	0.01155	0.00785	0.00643	0.00208	0.00952	0.00543	0.00468	0.01101
13	0.01716	0.07542	0.61393	0.02171	0.03289	0.01876	0.02760	0.02572	0.01701	0.05724	0.01491	0.01704	0.01053	0.00761	0.00743	0.00247	0.01130	0.00588	0.00367	0.01173
14	0.01865	0.02119	0.04569	0.03281	0.04043	0.02026	0.61242	0.02509	0.01839	0.02509	0.01577	0.02119	0.01195	0.00704	0.01017	0.00271	0.04732	0.00924	0.00398	0.01060
15	0.01122	0.00811	0.01060	0.00998	0.01185	0.00748	0.00748	0.01496	0.02245	0.03180	0.66766	0.05923	0.07482	0.01621	0.00935	0.00249	0.00374	0.01434	0.00873	0.00748
16	0.01644	0.01409	0.01644	0.01175	0.01879	0.01057	0.00940	0.01997	0.01644	0.02584	0.01409	0.01644	0.01175	0.00587	0.00587	0.00117	0.00587	0.00470	0.00470	0.76979
17	0.00985	0.00705	0.00937	0.01091	0.01154	0.00657	0.00738	0.01151	0.01605	0.02163	0.11861	0.63728	0.05513	0.02381	0.01003	0.00313	0.00450	0.02156	0.00753	0.00657
18	0.01036	0.00782	0.00960	0.00989	0.01163	0.00706	0.00726	0.01299	0.01915	0.02552	0.31286	0.23397	0.23777	0.01978	0.00962	0.00278	0.00419	0.04284	0.00793	0.00698
19	0.01371	0.00862	0.01152	0.01241	0.01427	0.00810	0.00977	0.01630	0.01775	0.09363	0.07351	0.31642	0.10210	0.02128	0.01010	0.00322	0.00577	0.24626	0.00767	0.00760
20	0.01377	0.00689	0.01033	0.01033	0.01033	0.00689	0.00689	0.01033	0.01033	0.01377	0.01377	0.02410	0.01377	0.02755	0.03099	0.76928	0.00689	0.00689	0.00344	0.00344
21	0.02466	0.01772	0.01940	0.01633	0.02151	0.01964	0.01301	0.18543	0.41159	0.13667	0.02897	0.02667	0.02094	0.01032	0.00802	0.00258	0.00693	0.00838	0.00831	0.01292
22	0.02941	0.02193	0.02383	0.01839	0.02437	0.02457	0.01520	0.60946	0.03584	0.04820	0.01854	0.01894	0.01331	0.00977	0.00897	0.00244	0.04879	0.00713	0.00768	0.01321
23	0.04238	0.10924	0.39288	0.02152	0.03093	0.05107	0.09133	0.09234	0.01951	0.05491	0.01514	0.01727	0.01102	0.00769	0.00743	0.00240	0.01097	0.00621	0.00427	0.01150
24	0.73351	0.01485	0.01158	0.01042	0.01505	0.01716	0.00849	0.02257	0.01331	0.03433	0.01120	0.01353	0.00889	0.00852	0.00640	0.04646	0.00618	0.00444	0.00482	0.00829
25	0.01679	0.01149	0.01318	0.01182	0.01465	0.01180	0.00893	0.10609	0.10032	0.07678	0.15132	0.04630	0.11838	0.16119	0.04897	0.00410	0.00681	0.03217	0.05020	0.00871
26	0.05688	0.01786	0.02073	0.01608	0.02172	0.01853	0.04315	0.34513	0.05017	0.07603	0.08688	0.02498	0.02075	0.04148	0.00918	0.00248	0.00765	0.00782	0.00718	0.12532
27	0.01225	0.00881	0.01254	0.01243	0.01414	0.00836	0.04440	0.01532	0.04486	0.04895	0.17656	0.39814	0.07310	0.02057	0.01068	0.03739	0.00526	0.04147	0.00741	0.00736
28	0.02208	0.01496	0.01894	0.01430	0.02054	0.01307	0.04365	0.11828	0.02093	0.16606	0.02110	0.07925	0.01717	0.00892	0.00717	0.00188	0.00677	0.00753	0.00646	0.39095
29	0.02338	0.01898	0.02333	0.09080	0.02711	0.05696	0.07359	0.24137	0.05182	0.07514	0.01764	0.01971	0.01322	0.00900	0.00898	0.02512	0.03580	0.00681	0.00599	0.17527
30	0.01717	0.01978	0.06835	0.06840	0.03738	0.01788	0.48279	0.02334	0.01871	0.02556	0.08787	0.05523	0.02043	0.00861	0.00923	0.00267	0.01171	0.01018	0.00461	0.01010
31	0.02717	0.02110	0.01997	0.01639	0.02175	0.15397	0.01302	0.19244	0.13521	0.17481	0.05443	0.02338	0.01890	0.00951	0.00768	0.00227	0.00848	0.00735	0.00731	0.08485
32	0.05674	0.05504	0.01805	0.01289	0.01882	0.01266	0.01050	0.05086	0.01938	0.27617	0.02340	0.08701	0.01849	0.00945	0.00708	0.00199	0.00636	0.00771	0.00697	0.30043
33	0.01644	0.01409	0.01644	0.01175	0.01879	0.01057	0.00940	0.01997	0.01644	0.02584	0.01409	0.01644	0.01175	0.00587	0.00587	0.00117	0.00587	0.00470	0.00470	0.76979
34	0.02546	0.01628	0.04366	0.01511	0.02043	0.01571	0.01252	0.14597	0.18972	0.25327	0.08647	0.06265	0.02568	0.01110	0.00813	0.00250	0.00677	0.00918	0.00835	0.04107
35	0.03449	0.01371	0.01838	0.01415	0.02015	0.01210	0.01167	0.06559	0.02336	0.62629	0.05275	0.02774	0.02126	0.01002	0.00802	0.00245	0.00673	0.00816	0.00969	0.01329
36	0.77733	0.01534	0.01166	0.01043	0.01534	0.01779	0.00859	0.02331	0.01350	0.03558	0.01104	0.01288	0.00859	0.00736	0.00491	0.00245	0.00613	0.00429	0.00491	0.00859
37	0.01743	0.01758	0.02558	0.02154	0.02200	0.02405	0.05326	0.01945	0.01252	0.01945	0.01073	0.01758	0.01050	0.01347	0.02507	0.00342	0.66701	0.00708	0.00350	0.00879
38	0.01110	0.00954	0.00969	0.00939	0.01237	0.00887	0.00711	0.01652	0.12485	0.02338	0.07231	0.06851	0.56102	0.01853	0.00915	0.00268	0.00439	0.01544	0.00748	0.00767
39	0.01114	0.00815	0.01048	0.01003	0.01197	0.00749	0.00761	0.01472	0.02185	0.03049	0.58506	0.06222	0.12594	0.01683	0.00943	0.00257	0.00394	0.04413	0.00854	0.00740
40	0.34062	0.02262	0.13352	0.01573	0.02242	0.02066	0.01484	0.27635	0.02373	0.03960	0.01485	0.01606	0.01083	0.00827	0.00660	0.00243	0.00816	0.00572	0.00586	0.01113
41	0.01916	0.01951	0.06495	0.02447	0.03052	0.01856	0.31781	0.14032	0.02226	0.03054	0.12045	0.02996	0.02377	0.01005	0.01021	0.00269	0.05761	0.04111	0.00560	0.01045
42	0.02206	0.05931	0.07496	0.02810	0.06589	0.02181	0.36205	0.20610	0.02385	0.03223	0.01650	0.01990	0.01227	0.00758	0.00854	0.00251	0.01147	0.00813	0.00508	0.01163
43	0.01825	0.02467	0.15256	0.03162	0.04025	0.01978	0.54056	0.02535	0.01839	0.02535	0.01574	0.02061	0.01170	0.00683	0.00905	0.00265	0.01309	0.00877	0.00390	0.01087
44	0.00966	0.00690	0.00920	0.01104	0.01150	0.00644	0.00736	0.01104	0.01518	0.02024	0.04371	0.71614	0.05245	0.02484	0.01012	0.00322	0.00460	0.02254	0.00736	0.00644
45	0.05669	0.02063	0.12146	0.01819	0.02435	0.04047	0.08044	0.10396	0.10910	0.20625	0.08112	0.02567	0.02105	0.00986	0.00891	0.00255	0.04260	0.00810	0.00695	0.01166
46	0.07251	0.02092	0.02231	0.01727	0.02328	0.02305	0.01417	0.56207	0.03437	0.07169	0.01928	0.02026	0.01403	0.03696	0.00902	0.00259	0.00846	0.00718	0.00771	0.01287
47	0.01167	0.00900	0.01340	0.01320	0.01454	0.01073	0.01033	0.01444	0.01271	0.01845	0.02063	0.03037	0.01929	0.05689	0.65230	0.01222	0.06006	0.00841	0.00420	0.00717
48	0.00966	0.00690	0.00920	0.01104	0.01150	0.00644	0.00736	0.01104	0.01518	0.02024	0.04371	0.71614	0.05245	0.02484	0.01012	0.00322	0.00460	0.02254	0.00736	0.00644
49	0.02081	0.09362	0.30743	0.02398	0.08927	0.13244	0.07201	0.08765	0.05130	0.02652	0.01518	0.01748	0.01151	0.00782	0.00750	0.00236	0.01123	0.00626	0.00426	0.01137
50	0.02150	0.02015	0.02618	0.03337	0.35514	0.07411	0.01906	0.09127	0.21742	0.02998	0.02046	0.02221	0.01605	0.00853	0.00787	0.00244	0.00878	0.00750	0.00561	0.01238
51	0.03255	0.01376	0.01804	0.01422	0.01997	0.01257	0.01162	0.03821	0.10700	0.56722	0.05564	0.02856	0.02234	0.01018	0.00804	0.00249	0.00657	0.00835	0.00954	0.01314
52	0.00977	0.00695	0.00917	0.01090	0.01134	0.00651	0.00721	0.01107	0.01497	0.01996	0.04262	0.67743	0.05107	0.06544	0.01188	0.00348	0.00478	0.02190	0.00721	0.00635
53	0.02542	0.17499	0.02666	0.05762	0.02480	0.19915	0.01510	0.21839	0.08947	0.03008	0.01612	0.01755	0.01267	0.00887	0.00817	0.00226	0.05005	0.00616	0.00546	0.01101
54	0.02035	0.01675	0.04559	0.03887	0.02036	0.04440	0.01245	0.20917	0.12268	0.06853	0.19412	0.08757	0.05940	0.01286	0.00850	0.00254	0.00688	0.01076	0.00768	0.01055
55	0.45022	0.01566	0.01506	0.01261	0.01792	0.01704	0.01033	0.08555	0.07892	0.19885	0.01889	0.01859	0.01330	0.00850	0.00626	0.00247	0.00654	0.00592	0.00672	0.01065
56	0.01727	0.01407	0.01653	0.01185	0.01885	0.01062	0.00949	0.02077	0.01671	0.05383	0.01483	0.01690	0.01208	0.00604	0.00596	0.00123	0.00591	0.00484	0.00492	0.73729
57	0.01657	0.01634	0.02670	0.33525	0.09174	0.02042	0.07544	0.02061	0.01491	0.02074	0.01296	0.01963	0.01080	0.00996	0.01479	0.00293	0.27016	0.00721	0.00358	0.00924
58	0.02962	0.03779	0.02247	0.02043	0.02451	0.68948	0.01532	0.03166	0.02247	0.01941	0.01226	0.01430	0.01021	0.00817	0.00715	0.00204	0.01430	0.00511	0.00409	0.00919
59	0.01092	0.00793	0.01029	0.01005	0.01175	0.00730	0.00740	0.01424	0.02120	0.02967	0.55163	0.15547	0.09717	0.01763	0.00947	0.00261	0.00388	0.01564	0.00847	0.00730
60	0.01037	0.00745	0.00984	0.01056	0.01166	0.00691	0.00742	0.01282	0.01848	0.02550	0.32731	0.41756	0.06262	0.02092	0.00977	0.00289	0.00421	0.01882	0.00798	0.00691
61	0.00966	0.00690	0.00920	0.01104	0.01150	0.00644	0.00736	0.01104	0.01518	0.02024	0.04371	0.71614	0.05245	0.02484	0.01012	0.00322	0.00460	0.02254	0.00736	0.00644
62	0.01153	0.00769	0.00865	0.00865	0.00865	0.00769	0.00480	0.01153	0.01153	0.01538	0.02499	0.05189	0.02883	0.72131	0.04036	0.00769	0.00769	0.01153	0.00480	0.00480
63	0.00984	0.00698	0.00915	0.01081	0.01122	0.00656	0.00711	0.01109	0.01483	0.01977	0.04189	0.65171	0.05016	0.09240	0.01305	0.00365	0.00490	0.02148	0.00711	0.00628
64	0.01872	0.02139	0.04679	0.03342	0.04144	0.02005	0.64305	0.02540	0.01872	0.02540	0.01604	0.02139	0.01203	0.00668	0.00936	0.00267	0.01337	0.00936	0.00401	0.01070
65	0.02120	0.72609	0.04155	0.01357	0.02035	0.03138	0.01357	0.02374	0.01611	0.01866	0.01102	0.01272	0.01018	0.00678	0.00509	0.00170	0.00848	0.00424	0.00339	0.01018
66	0.01963	0.01884	0.03219	0.04867	0.67185	0.01884	0.02434	0.02434	0.01806	0.02591	0.01492	0.01963	0.01256	0.00707	0.00785	0.00236	0.00942	0.00707	0.00393	0.01256
67	0.01127	0.00805	0.01105	0.01288	0.01405	0.00783	0.01016	0.01383	0.01677	0.02205	0.04282	0.39215	0.04893	0.02332	0.01055	0.00344	0.00600	0.33063	0.00733	0.00689
68	0.03014	0.02221	0.02380	0.01825	0.02459	0.02459	0.01507	0.64541	0.03728	0.04998	0.01904	0.01904	0.01349	0.00952	0.00793	0.00238	0.00873	0.00714	0.00793	0.01349
69	0.01055	0.00813	0.00970	0.00965	0.01180	0.00728	0.00738	0.01348	0.01999	0.02634	0.34380	0.09219	0.31668	0.01865	0.00954	0.00271	0.00422	0.07283	0.00798	0.00710
70	0.01806	0.31932	0.42077	0.01893	0.02865	0.02368	0.02291	0.02456	0.01649	0.02249	0.01293	0.01511	0.01010	0.00723	0.00654	0.00218	0.01040	0.00520	0.00337	0.01109
71	0.02120	0.72609	0.04155	0.01357	0.02035	0.03138	0.01357	0.02374	0.01611	0.01866	0.01102	0.01272	0.01018	0.00678	0.00509	0.00170	0.00848	0.00424	0.00339	0.01018
72	0.01153	0.00769	0.00865	0.00865	0.00865	0.00769	0.00480	0.01153	0.01153	0.01538	0.02499	0.05189	0.02883	0.72131	0.04036	0.00769	0.00769	0.01153	0.00480	0.00480
73	0.01972	0.01703	0.01793	0.01614	0.02062	0.01972	0.01255	0.04214	0.65752	0.03317	0.03228	0.02959	0.02421	0.01076	0.00807	0.00269	0.00628	0.00897	0.00807	0.01255
74	0.01260	0.00955	0.01371	0.01687	0.08255	0.00937	0.01227	0.01580	0.01775	0.02350	0.07205	0.21979	0.06676	0.02068	0.01031	0.00333	0.00663	0.37181	0.00704	0.00764
75	0.01164	0.00896	0.01335	0.01317	0.01451	0.01066	0.01030	0.01442	0.01271	0.01844	0.02067	0.03043	0.01933	0.05709	0.65522	0.01226	0.05704	0.00841	0.00421	0.00716
76	0.66385	0.01505	0.01269	0.01099	0.01609	0.01685	0.00906	0.02566	0.01490	0.13376	0.01414	0.01504	0.01028	0.00774	0.00538	0.00245	0.00623	0.00486	0.00566	0.00934
77	0.77733	0.01534	0.01166	0.01043	0.01534	0.01779	0.00859	0.02331	0.01350	0.03558	0.01104	0.01288	0.00859	0.00736	0.00491	0.00245	0.00613	0.00429	0.00491	0.00859
78	0.02225	0.01055	0.01413	0.01185	0.01565	0.00937	0.00937	0.02569	0.02256	0.32406	0.37955	0.04464	0.04983	0.01332	0.00873	0.00248	0.00510	0.01146	0.00922	0.01020
79	0.01153	0.00769	0.00865	0.00865	0.00865	0.00769	0.00480	0.01153	0.01153	0.01538	0.02499	0.05189	0.02883	0.72131	0.04036	0.00769	0.00769	0.01153	0.00480	0.00480
80	0.77733	0.01534	0.01166	0.01043	0.01534	0.01779	0.00859	0.02331	0.01350	0.03558	0.01104	0.01288	0.00859	0.00736	0.00491	0.00245	0.00613	0.00429	0.00491	0.00859
81	0.02962	0.03779	0.02247	0.02043	0.02451	0.68948	0.01532	0.03166	0.02247	0.01941	0.01226	0.01430	0.01021	0.00817	0.00715	0.00204	0.01430	0.00511	0.00409	0.00919
82	0.01963	0.01884	0.03219	0.04867	0.67185	0.01884	0.02434	0.02434	0.01806	0.02591	0.01492	0.01963	0.01256	0.00707	0.00785	0.00236	0.00942	0.00707	0.00393	0.01256
83	0.01872	0.02139	0.04679	0.03342	0.04144	0.02005	0.64305	0.02540	0.01872	0.02540	0.01604	0.02139	0.01203	0.00668	0.00936	0.00267	0.01337	0.00936	0.00401	0.01070
84	0.02172	0.68506	0.04052	0.01384	0.02060	0.03098	0.01366	0.05998	0.01735	0.02048	0.01149	0.01309	0.01037	0.00694	0.00525	0.00174	0.00849	0.00441	0.00366	0.01037
85	0.08031	0.02278	0.02260	0.01780	0.02378	0.07837	0.01454	0.52534	0.06284	0.04573	0.01855	0.01872	0.01338	0.00932	0.00767	0.00237	0.00889	0.00686	0.00742	0.01276
86	0.02211	0.01052	0.01409	0.01182	0.01560	0.00935	0.00935	0.02555	0.02256	0.32044	0.38312	0.04482	0.05014	0.01335	0.00874	0.00248	0.00509	0.01149	0.00921	0.01017
87	0.01152	0.00772	0.00882	0.00882	0.00889	0.00778	0.00502	0.01164	0.01158	0.01551	0.02482	0.05100	0.02844	0.69288	0.06827	0.00791	0.00827	0.01140	0.00478	0.00490
88	0.01727	0.01523	0.02006	0.01438	0.02150	0.01220	0.07852	0.04717	0.01758	0.02682	0.01452	0.01709	0.01185	0.00612	0.00634	0.00139	0.00681	0.00531	0.00476	0.65510
89	0.02938	0.03481	0.02288	0.02162	0.06096	0.58789	0.01564	0.05917	0.02290	0.05390	0.01366	0.01545	0.01096	0.00825	0.00727	0.00210	0.01340	0.00545	0.00453	0.00979
90	0.00966	0.00690	0.00920	0.01104	0.01150	0.00644	0.00736	0.01104	0.01518	0.02024	0.04371	0.71614	0.05245	0.02484	0.01012	0.00322	0.00460	0.02254	0.00736	0.00644
91	0.01590	0.04102	0.68023	0.02260	0.03432	0.01842	0.02930	0.02511	0.01674	0.02511	0.01423	0.01674	0.01005	0.00753	0.00753	0.00251	0.01172	0.00586	0.00335	0.01172
92	0.33623	0.01509	0.01600	0.04273	0.01977	0.01603	0.01124	0.11970	0.02053	0.22600	0.04837	0.02478	0.01767	0.00966	0.00694	0.00252	0.00686	0.04215	0.00705	0.01066
93	0.03314	0.01651	0.05162	0.01511	0.02125	0.05199	0.01295	0.06448	0.02289	0.55294	0.02917	0.02775	0.01931	0.01005	0.00802	0.00247	0.00755	0.03090	0.00898	0.01292
94	0.00966	0.00690	0.00920	0.01104	0.01150	0.00644	0.00736	0.01104	0.01518	0.02024	0.04371	0.71614	0.05245	0.02484	0.01012	0.00322	0.00460	0.02254	0.00736	0.00644
95	0.01444	0.01470	0.05741	0.27635	0.03533	0.01457	0.13102	0.01972	0.03614	0.02290	0.05789	0.15249	0.02650	0.01299	0.00903	0.00287	0.00919	0.09252	0.00518	0.00874
96	0.02705	0.01905	0.02103	0.01654	0.02215	0.02040	0.01345	0.47869	0.03234	0.09238	0.05118	0.08733	0.02030	0.01110	0.00810	0.00241	0.00781	0.00886	0.00789	0.05193
97	0.03088	0.02103	0.02307	0.01768	0.02400	0.02283	0.01461	0.56298	0.03530	0.13521	0.02070	0.02012	0.01432	0.00956	0.00794	0.00239	0.00846	0.00725	0.00819	0.01349

[dist]
# distance from previous block
# <min> <max>
0	1

[block]
# block no. 1 follows, 24 sequences, length 56
# corresponding to MSA columns:
# 123-178
name=unknown_B
#
# <colnr> <probs for GDERKNQSTAVLIFYWHMCP>
#	G	D	E	R	K	N	Q	S	T	A	V	L	I	F	Y	W	H	M	C	P
0	0.03012	0.02306	0.02373	0.01836	0.02459	0.06094	0.01509	0.61185	0.03647	0.04830	0.01867	0.01878	0.01331	0.00945	0.00789	0.00236	0.00903	0.00703	0.00772	0.01325
1	0.02326	0.01805	0.02023	0.03680	0.02267	0.01791	0.01266	0.34380	0.02718	0.03798	0.01771	0.04273	0.01405	0.00850	0.00716	0.00192	0.00745	0.00667	0.00643	0.32686
2	0.00975	0.00694	0.00918	0.01093	0.01137	0.00650	0.00724	0.01106	0.01501	0.02002	0.04285	0.68563	0.05136	0.05683	0.01151	0.00343	0.00474	0.02204	0.00724	0.00637
3	0.01122	0.00773	0.01030	0.01022	0.01160	0.00721	0.00739	0.01366	0.01962	0.02745	0.47011	0.18302	0.06336	0.01921	0.01202	0.09186	0.00427	0.01507	0.00785	0.00681
4	0.00966	0.00690	0.00920	0.01104	0.01150	0.00644	0.00736	0.01104	0.01518	0.02024	0.04371	0.71614	0.05245	0.02484	0.01012	0.00322	0.00460	0.02254	0.00736	0.00644
5	0.01644	0.01409	0.01644	0.01175	0.01879	0.01057	0.00940	0.01997	0.01644	0.02584	0.01409	0.01644	0.01175	0.00587	0.00587	0.00117	0.00587	0.00470	0.00470	0.76979
6	0.03283	0.01667	0.02021	0.01563	0.02175	0.01652	0.01287	0.24558	0.06378	0.42694	0.02717	0.02443	0.01780	0.00977	0.00797	0.00244	0.00739	0.00775	0.00907	0.01344
7	0.01112	0.00802	0.01051	0.01005	0.01182	0.00741	0.00747	0.01470	0.02196	0.03102	0.62570	0.10342	0.07332	0.01679	0.00940	0.00254	0.00380	0.01489	0.00864	0.00741
8	0.02986	0.07631	0.02477	0.01757	0.02393	0.02414	0.01470	0.55116	0.03453	0.09498	0.01934	0.01915	0.01369	0.00933	0.00771	0.00233	0.00856	0.00698	0.00772	0.01323
9	0.01791	0.01121	0.01448	0.05021	0.01644	0.01200	0.00983	0.17370	0.01769	0.02360	0.01604	0.04346	0.01469	0.02177	0.02319	0.50773	0.00749	0.00743	0.00472	0.00640
10	0.02003	0.01643	0.01894	0.01412	0.02044	0.01523	0.01147	0.18023	0.02145	0.03150	0.01508	0.01718	0.01209	0.00743	0.00797	0.00166	0.06113	0.00550	0.00543	0.51670
11	0.07680	0.06153	0.01958	0.01386	0.01997	0.01333	0.01161	0.03677	0.02173	0.59653	0.02877	0.02523	0.01837	0.00947	0.00761	0.00240	0.00683	0.00751	0.00910	0.01299
12	0.03008	0.02094	0.02285	0.01767	0.02387	0.02289	0.01454	0.54185	0.07466	0.11682	0.02120	0.02056	0.01482	0.00963	0.00795	0.00241	0.00836	0.00734	0.00814	0.01343
13	0.08155	0.02681	0.02098	0.01768	0.02282	0.33218	0.01388	0.16060	0.02501	0.19552	0.01846	0.01844	0.01320	0.00882	0.00737	0.00225	0.01065	0.00621	0.00641	0.01115
14	0.03086	0.01355	0.01761	0.01417	0.01951	0.01251	0.01143	0.07117	0.07809	0.50801	0.03210	0.10694	0.02349	0.01163	0.00823	0.00256	0.00657	0.00971	0.00927	0.01259
15	0.01100	0.00794	0.01040	0.01013	0.01180	0.00734	0.00747	0.01442	0.02143	0.03018	0.58031	0.15120	0.07169	0.01742	0.00946	0.00260	0.00386	0.01549	0.00854	0.00734
16	0.01383	0.01153	0.01268	0.01075	0.01519	0.00998	0.00848	0.05607	0.05370	0.02548	0.04925	0.05064	0.33439	0.01420	0.00812	0.00221	0.00525	0.04586	0.00653	0.26587
17	0.38424	0.01548	0.01563	0.05922	0.02045	0.01717	0.01120	0.05190	0.15556	0.16617	0.02027	0.02016	0.01453	0.00871	0.00653	0.00251	0.00668	0.00634	0.00661	0.01064
18	0.01372	0.01341	0.02527	0.02049	0.02419	0.01287	0.26918	0.01734	0.01669	0.02239	0.03327	0.35545	0.07535	0.01655	0.01048	0.00297	0.04023	0.01602	0.00581	0.00831
19	0.00964	0.00698	0.00912	0.01082	0.01144	0.00646	0.00726	0.01107	0.01539	0.02033	0.04637	0.66965	0.09722	0.02450	0.01007	0.00318	0.00456	0.02212	0.00736	0.00646
20	0.01872	0.02139	0.04679	0.03342	0.04144	0.02005	0.64305	0.02540	0.01872	0.02540	0.01604	0.02139	0.01203	0.00668	0.00936	0.00267	0.01337	0.00936	0.00401	0.01070
21	0.02039	0.41430	0.25533	0.01742	0.02556	0.10357	0.01909	0.02513	0.01707	0.02093	0.01225	0.01426	0.01014	0.00720	0.00616	0.00201	0.01025	0.00489	0.00346	0.01058
22	0.01852	0.02202	0.08087	0.03298	0.08844	0.02020	0.50962	0.02480	0.01803	0.02492	0.01540	0.02066	0.01183	0.00733	0.01045	0.00270	0.06776	0.00878	0.00392	0.01074
23	0.00963	0.00703	0.00907	0.01069	0.01141	0.00647	0.00721	0.01108	0.01552	0.02038	0.04797	0.64169	0.12415	0.02429	0.01003	0.00316	0.00453	0.02187	0.00736	0.00647
24	0.12881	0.26939	0.25470	0.01748	0.02526	0.06151	0.04688	0.02409	0.01623	0.02367	0.01307	0.01578	0.01059	0.01051	0.04923	0.00285	0.01062	0.00536	0.00372	0.01025
25	0.02038	0.01551	0.01688	0.01499	0.01940	0.01721	0.01171	0.03810	0.50491	0.10715	0.06491	0.03427	0.07612	0.01162	0.00822	0.00265	0.00604	0.00970	0.00825	0.01197
26	0.03179	0.01957	0.02216	0.01699	0.02327	0.02067	0.01404	0.46159	0.03286	0.24004	0.02275	0.02145	0.01535	0.00961	0.00795	0.00240	0.00813	0.00739	0.00850	0.01349
27	0.01773	0.01444	0.01685	0.01212	0.01911	0.01125	0.00973	0.04917	0.01761	0.04954	0.01492	0.01693	0.01210	0.00618	0.00604	0.00127	0.00603	0.00492	0.00502	0.70902
28	0.00966	0.00690	0.00920	0.01104	0.01150	0.00644	0.00736	0.01104	0.01518	0.02024	0.04371	0.71614	0.05245	0.02484	0.01012	0.00322	0.00460	0.02254	0.00736	0.00644
29	0.01133	0.00850	0.01274	0.01274	0.01416	0.00991	0.00991	0.01416	0.01274	0.01841	0.02124	0.03115	0.01982	0.05947	0.68989	0.01274	0.02124	0.00850	0.00425	0.00708
30	0.01218	0.00870	0.01209	0.01392	0.01548	0.00861	0.01174	0.01540	0.01767	0.02306	0.04232	0.20955	0.04694	0.02247	0.01079	0.00357	0.00678	0.50426	0.00731	0.00714
31	0.02218	0.64599	0.03933	0.01437	0.02084	0.10796	0.01377	0.02467	0.01685	0.01874	0.01117	0.01290	0.01018	0.00695	0.00533	0.00174	0.00916	0.00434	0.00347	0.01006
32	0.01782	0.01435	0.01680	0.01209	0.01907	0.01112	0.00970	0.04300	0.01747	0.05705	0.01507	0.01703	0.01217	0.00619	0.00604	0.00128	0.00601	0.00494	0.00505	0.70775
33	0.01852	0.24111	0.44228	0.01979	0.02947	0.07441	0.02361	0.02522	0.01700	0.02278	0.01314	0.01538	0.01010	0.00736	0.00679	0.00224	0.01097	0.00533	0.00342	0.01107
34	0.01972	0.01703	0.01793	0.01614	0.02062	0.01972	0.01255	0.04214	0.65752	0.03317	0.03228	0.02959	0.02421	0.01076	0.00807	0.00269	0.00628	0.00897	0.00807	0.01255
35	0.00966	0.00690	0.00920	0.01104	0.01150	0.00644	0.00736	0.01104	0.01518	0.02024	0.04371	0.71614	0.05245	0.02484	0.01012	0.00322	0.00460	0.02254	0.00736	0.00644
36	0.06665	0.01918	0.02155	0.01659	0.02281	0.02025	0.01371	0.42770	0.03164	0.24443	0.02247	0.02122	0.01517	0.00951	0.00780	0.00241	0.00799	0.00727	0.00838	0.01326
37	0.01872	0.02139	0.04679	0.03342	0.04144	0.02005	0.64305	0.02540	0.01872	0.02540	0.01604	0.02139	0.01203	0.00668	0.00936	0.00267	0.01337	0.00936	0.00401	0.01070
38	0.00966	0.00690	0.00920	0.01104	0.01150	0.00644	0.00736	0.01104	0.01518	0.02024	0.04371	0.71614	0.05245	0.02484	0.01012	0.00322	0.00460	0.02254	0.00736	0.00644
39	0.01525	0.01426	0.02345	0.66323	0.05268	0.01774	0.02148	0.02151	0.05236	0.02100	0.01513	0.02162	0.01135	0.00809	0.00794	0.00265	0.01033	0.00716	0.00378	0.00902
40	0.00966	0.00690	0.00920	0.01104	0.01150	0.00644	0.00736	0.01104	0.01518	0.02024	0.04371	0.71614	0.05245	0.02484	0.01012	0.00322	0.00460	0.02254	0.00736	0.00644
41	0.02962	0.03779	0.02247	0.02043	0.02451	0.68948	0.01532	0.03166	0.02247	0.01941	0.01226	0.01430	0.01021	0.00817	0.00715	0.00204	0.01430	0.00511	0.00409	0.00919
42	0.06708	0.06926	0.01984	0.01394	0.01988	0.01401	0.01166	0.07019	0.02258	0.53086	0.05773	0.02628	0.02061	0.00975	0.00767	0.00239	0.00683	0.00776	0.00893	0.01273
43	0.03014	0.02221	0.02380	0.01825	0.02459	0.02459	0.01507	0.64541	0.03728	0.04998	0.01904	0.01904	0.01349	0.00952	0.00793	0.00238	0.00873	0.00714	0.00793	0.01349
44	0.07220	0.01585	0.01718	0.01441	0.01869	0.01705	0.01144	0.32990	0.05704	0.03874	0.13827	0.12803	0.08056	0.01354	0.00840	0.00256	0.00664	0.01117	0.00775	0.01057
45	0.02213	0.01542	0.01808	0.01330	0.02006	0.01323	0.01078	0.13355	0.02119	0.14153	0.01791	0.01871	0.01340	0.00719	0.00660	0.00161	0.00653	0.00569	0.00614	0.50696
46	0.03479	0.01476	0.01919	0.01471	0.02087	0.01353	0.01215	0.12666	0.02481	0.58634	0.02951	0.02584	0.01874	0.00977	0.00797	0.00244	0.00703	0.00785	0.00954	0.01349
47	0.00966	0.00690	0.00920	0.01104	0.01150	0.00644	0.00736	0.01104	0.01518	0.02024	0.04371	0.71614	0.05245	0.02484	0.01012	0.00322	0.00460	0.02254	0.00736	0.00644
48	0.00966	0.00690	0.00920	0.01104	0.01150	0.00644	0.00736	0.01104	0.01518	0.02024	0.04371	0.71614	0.05245	0.02484	0.01012	0.00322	0.00460	0.02254	0.00736	0.00644
49	0.01091	0.00809	0.01017	0.00965	0.01166	0.00735	0.00724	0.01437	0.02172	0.03007	0.56957	0.06209	0.17400	0.01686	0.00936	0.00252	0.00379	0.01474	0.00850	0.00735
50	0.01136	0.00771	0.00860	0.00860	0.00881	0.00761	0.00490	0.01152	0.01204	0.01585	0.02929	0.05379	0.07860	0.66676	0.03795	0.00730	0.00740	0.01194	0.00500	0.00495
51	0.01583	0.01548	0.02371	0.66244	0.05286	0.05686	0.02163	0.02093	0.01624	0.02021	0.01399	0.02074	0.01055	0.00794	0.00788	0.00261	0.01079	0.00693	0.00356	0.00883
52	0.00966	0.00690	0.00920	0.01104	0.01150	0.00644	0.00736	0.01104	0.01518	0.02024	0.04371	0.71614	0.05245	0.02484	0.01012	0.00322	0.00460	0.02254	0.00736	0.00644
53	0.01644	0.01409	0.01644	0.01175	0.01879	0.01057	0.00940	0.01997	0.01644	0.02584	0.01409	0.01644	0.01175	0.00587	0.00587	0.00117	0.00587	0.00470	0.00470	0.76979
54	0.01133	0.00850	0.01274	0.01274	0.01416	0.00991	0.00991	0.01416	0.01274	0.01841	0.02124	0.03115	0.01982	0.05947	0.68989	0.01274	0.02124	0.00850	0.00425	0.00708
55	0.24979	0.01869	0.01902	0.01530	0.02084	0.02082	0.01256	0.36487	0.05638	0.07746	0.01807	0.01882	0.01322	0.01180	0.04584	0.00301	0.00845	0.00650	0.00694	0.01163

[dist]
# distance from previous block
# <min> <max>
1	3

[block]
# block no. 2 follows, 24 sequences, length 43
# corresponding to MSA columns:
# 182-224
name=unknown_C
#
# <colnr> <probs for GDERKNQSTAVLIFYWHMCP>
#	G	D	E	R	K	N	Q	S	T	A	V	L	I	F	Y	W	H	M	C	P
0	0.07158	0.01559	0.01919	0.01489	0.02094	0.01506	0.01226	0.16769	0.05072	0.48480	0.02768	0.02468	0.01794	0.00966	0.00781	0.00245	0.00712	0.00765	0.00909	0.01321
1	0.02120	0.72609	0.04155	0.01357	0.02035	0.03138	0.01357	0.02374	0.01611	0.01866	0.01102	0.01272	0.01018	0.00678	0.00509	0.00170	0.00848	0.00424	0.00339	0.01018
2	0.01083	0.00774	0.01052	0.01223	0.01324	0.00743	0.00926	0.01311	0.01661	0.02203	0.07354	0.46520	0.05116	0.02340	0.01037	0.00334	0.00550	0.23030	0.00741	0.00679
3	0.01200	0.00870	0.01180	0.01336	0.01509	0.00850	0.01126	0.01522	0.01801	0.02338	0.06961	0.16609	0.10638	0.02189	0.01064	0.00346	0.00652	0.46358	0.00737	0.00714
4	0.03014	0.02221	0.02380	0.01825	0.02459	0.02459	0.01507	0.64541	0.03728	0.04998	0.01904	0.01904	0.01349	0.00952	0.00793	0.00238	0.00873	0.00714	0.00793	0.01349
5	0.02912	0.01377	0.01758	0.01384	0.01958	0.01246	0.01123	0.03519	0.11688	0.45333	0.06861	0.02796	0.02268	0.00982	0.00779	0.00232	0.00637	0.00808	0.00880	0.11457
6	0.01963	0.01884	0.03219	0.04867	0.67185	0.01884	0.02434	0.02434	0.01806	0.02591	0.01492	0.01963	0.01256	0.00707	0.00785	0.00236	0.00942	0.00707	0.00393	0.01256
7	0.01856	0.14132	0.52186	0.02044	0.03089	0.01973	0.02527	0.02618	0.01721	0.08568	0.01536	0.01710	0.01097	0.00764	0.00721	0.00238	0.01076	0.00582	0.00397	0.01166
8	0.01088	0.00847	0.00993	0.00949	0.01179	0.00772	0.00714	0.01477	0.04874	0.02784	0.41192	0.06455	0.30284	0.01747	0.00930	0.00257	0.00396	0.01503	0.00817	0.00740
9	0.00966	0.00690	0.00920	0.01104	0.01150	0.00644	0.00736	0.01104	0.01518	0.02024	0.04371	0.71614	0.05245	0.02484	0.01012	0.00322	0.00460	0.02254	0.00736	0.00644
10	0.07487	0.02078	0.02237	0.05068	0.02488	0.02306	0.01462	0.54902	0.03394	0.04640	0.02094	0.02122	0.04124	0.00976	0.00781	0.00241	0.00845	0.00737	0.00751	0.01266
11	0.69906	0.01798	0.08038	0.01168	0.01729	0.01785	0.01072	0.02350	0.01383	0.03450	0.01137	0.01328	0.00874	0.00738	0.00518	0.00246	0.00671	0.00445	0.00475	0.00891
12	0.02962	0.03779	0.02247	0.02043	0.02451	0.68948	0.01532	0.03166	0.02247	0.01941	0.01226	0.01430	0.01021	0.00817	0.00715	0.00204	0.01430	0.00511	0.00409	0.00919
13	0.02120	0.72609	0.04155	0.01357	0.02035	0.03138	0.01357	0.02374	0.01611	0.01866	0.01102	0.01272	0.01018	0.00678	0.00509	0.00170	0.00848	0.00424	0.00339	0.01018
14	0.01760	0.10399	0.57988	0.02123	0.03215	0.01923	0.02675	0.02580	0.01704	0.06401	0.01496	0.01698	0.01064	0.00760	0.00733	0.00243	0.01111	0.00583	0.00374	0.01168
15	0.01116	0.00817	0.01052	0.01014	0.01208	0.00753	0.00774	0.01473	0.02172	0.03022	0.56590	0.06308	0.12869	0.01700	0.00947	0.00260	0.00403	0.05932	0.00849	0.00739
16	0.00964	0.00810	0.00841	0.00848	0.01107	0.00686	0.00646	0.01182	0.01830	0.02205	0.10660	0.07620	0.60663	0.01999	0.00946	0.00272	0.00418	0.04885	0.00743	0.00676
17	0.70540	0.01522	0.01280	0.07570	0.01904	0.01777	0.00986	0.02302	0.01372	0.03413	0.01133	0.01366	0.00877	0.00741	0.00519	0.00247	0.00655	0.00455	0.00478	0.00861
18	0.01872	0.02139	0.04679	0.03342	0.04144	0.02005	0.64305	0.02540	0.01872	0.02540	0.01604	0.02139	0.01203	0.00668	0.00936	0.00267	0.01337	0.00936	0.00401	0.01070
19	0.01122	0.00811	0.01060	0.00998	0.01185	0.00748	0.00748	0.01496	0.02245	0.03180	0.66766	0.05923	0.07482	0.01621	0.00935	0.00249	0.00374	0.01434	0.00873	0.00748
20	0.01019	0.00741	0.00972	0.01130	0.01223	0.00694	0.00811	0.01209	0.01622	0.02135	0.07013	0.53125	0.10940	0.02361	0.01016	0.00321	0.00495	0.11770	0.00740	0.00664
21	0.02909	0.02517	0.02350	0.06118	0.02644	0.17199	0.01556	0.47015	0.03266	0.04134	0.01722	0.01812	0.01258	0.00912	0.00776	0.00232	0.01008	0.00668	0.00680	0.01224
22	0.01028	0.00871	0.00897	0.00878	0.01153	0.00772	0.00662	0.01394	0.06582	0.02310	0.12218	0.07153	0.57495	0.01909	0.00927	0.00266	0.00416	0.01597	0.00752	0.00719
23	0.01246	0.00902	0.01233	0.01398	0.01589	0.00890	0.01214	0.01595	0.01824	0.02351	0.04560	0.08821	0.10442	0.02173	0.01080	0.00356	0.00699	0.56170	0.00731	0.00724
24	0.06656	0.01892	0.02957	0.11724	0.53510	0.04751	0.02272	0.02414	0.01772	0.02560	0.01447	0.01915	0.01199	0.00723	0.00765	0.00238	0.00955	0.00681	0.00395	0.01176
25	0.07337	0.01919	0.01992	0.01632	0.02180	0.06102	0.01314	0.24355	0.22865	0.18086	0.02505	0.02348	0.01775	0.00976	0.00775	0.00248	0.00770	0.00761	0.00797	0.01263
26	0.01872	0.02139	0.04679	0.03342	0.04144	0.02005	0.64305	0.02540	0.01872	0.02540	0.01604	0.02139	0.01203	0.00668	0.00936	0.00267	0.01337	0.00936	0.00401	0.01070
27	0.03114	0.01874	0.02151	0.01643	0.02275	0.01932	0.01356	0.40022	0.03103	0.26187	0.02290	0.02158	0.01547	0.00939	0.00782	0.00233	0.00788	0.00727	0.00837	0.06042
28	0.01095	0.00810	0.01022	0.00969	0.01168	0.00737	0.00727	0.01443	0.02180	0.03026	0.58079	0.06176	0.16265	0.01678	0.00936	0.00252	0.00378	0.01470	0.00853	0.00737
29	0.01644	0.01409	0.01644	0.01175	0.01879	0.01057	0.00940	0.01997	0.01644	0.02584	0.01409	0.01644	0.01175	0.00587	0.00587	0.00117	0.00587	0.00470	0.00470	0.76979
30	0.01135	0.00842	0.01237	0.01237	0.01366	0.00971	0.00944	0.01392	0.01263	0.01813	0.02158	0.03305	0.02065	0.12012	0.63037	0.01228	0.02000	0.00877	0.00430	0.00687
31	0.01972	0.01703	0.01793	0.01614	0.02062	0.01972	0.01255	0.04214	0.65752	0.03317	0.03228	0.02959	0.02421	0.01076	0.00807	0.00269	0.00628	0.00897	0.00807	0.01255
32	0.03558	0.01350	0.01840	0.01411	0.02024	0.01166	0.01166	0.03865	0.02270	0.67734	0.03128	0.02699	0.01963	0.00981	0.00797	0.00245	0.00675	0.00797	0.00981	0.01350
33	0.01003	0.00799	0.00900	0.00889	0.01115	0.00695	0.00661	0.01261	0.01942	0.02496	0.28261	0.10912	0.42456	0.01902	0.00941	0.00265	0.00396	0.01625	0.00784	0.00695
34	0.01135	0.00842	0.01238	0.01238	0.01367	0.00971	0.00946	0.01393	0.01264	0.01814	0.02157	0.03300	0.02063	0.11847	0.63199	0.01229	0.02003	0.00877	0.00430	0.00688
35	0.01972	0.01703	0.01793	0.01614	0.02062	0.01972	0.01255	0.04214	0.65752	0.03317	0.03228	0.02959	0.02421	0.01076	0.00807	0.00269	0.00628	0.00897	0.00807	0.01255
36	0.23021	0.01442	0.01690	0.01335	0.01917	0.01393	0.01102	0.06553	0.02102	0.47674	0.02534	0.02288	0.01642	0.00915	0.00717	0.00245	0.00669	0.00696	0.00843	0.01221
37	0.00979	0.00707	0.00928	0.01079	0.01150	0.00655	0.00731	0.01143	0.01601	0.02139	0.10436	0.62295	0.08461	0.02380	0.01001	0.00313	0.00449	0.02149	0.00749	0.00655
38	0.01590	0.01546	0.02892	0.45643	0.04704	0.01733	0.19167	0.02079	0.01615	0.02110	0.01460	0.02147	0.01126	0.00933	0.01038	0.07099	0.01101	0.00767	0.00365	0.00885
39	0.01737	0.01407	0.01654	0.01186	0.01886	0.01062	0.00951	0.02087	0.01675	0.05725	0.01492	0.01695	0.01213	0.00606	0.00597	0.00124	0.00591	0.00486	0.00494	0.73333
40	0.03014	0.02221	0.02380	0.01825	0.02459	0.02459	0.01507	0.64541	0.03728	0.04998	0.01904	0.01904	0.01349	0.00952	0.00793	0.00238	0.00873	0.00714	0.00793	0.01349
41	0.06135	0.01437	0.02340	0.63276	0.07829	0.01768	0.02131	0.02062	0.01581	0.02143	0.01394	0.02058	0.01053	0.00786	0.00774	0.00262	0.01025	0.00688	0.00362	0.00895
42	0.07566	0.09857	0.23372	0.01848	0.08499	0.01563	0.01719	0.02086	0.01858	0.02758	0.24113	0.03412	0.03415	0.01102	0.00787	0.00245	0.00775	0.03498	0.00557	0.00973

[dist]
# distance from previous block
# <min> <max>
1	3

[block]
# block no. 3 follows, 24 sequences, length 9
# corresponding to MSA columns:
# 229-237
name=unknown_D
#
# <colnr> <probs for GDERKNQSTAVLIFYWHMCP>
#	G	D	E	R	K	N	Q	S	T	A	V	L	I	F	Y	W	H	M	C	P
0	0.02507	0.07541	0.25755	0.01903	0.02729	0.02145	0.01965	0.31720	0.02697	0.10725	0.01812	0.01866	0.01271	0.00866	0.00760	0.00239	0.00956	0.00658	0.00620	0.01264
1	0.01432	0.01077	0.01539	0.01346	0.01643	0.01005	0.07035	0.05875	0.02013	0.05680	0.26076	0.22187	0.06781	0.03720	0.01009	0.00278	0.00577	0.03120	0.00738	0.06870
2	0.02645	0.01927	0.02106	0.01643	0.02184	0.02085	0.01326	0.50059	0.03162	0.04265	0.01852	0.02128	0.01429	0.05303	0.01195	0.07745	0.00828	0.00720	0.00708	0.06692
3	0.01305	0.00995	0.01241	0.01244	0.01482	0.00961	0.00950	0.01829	0.10864	0.02473	0.11301	0.28197	0.04250	0.01865	0.01020	0.03510	0.00556	0.13952	0.00709	0.11294
4	0.02259	0.09925	0.41043	0.01906	0.02854	0.01756	0.02223	0.02922	0.01855	0.22894	0.01926	0.01956	0.01306	0.00818	0.00743	0.00241	0.00984	0.00636	0.00538	0.01213
5	0.05498	0.01187	0.01489	0.01248	0.01679	0.01097	0.00985	0.02762	0.08188	0.29108	0.22078	0.08545	0.03785	0.01247	0.00824	0.00243	0.00554	0.01060	0.00850	0.07572
6	0.36305	0.01639	0.05252	0.10263	0.02519	0.01678	0.10795	0.02249	0.01588	0.05637	0.06777	0.05517	0.01751	0.00932	0.00778	0.00260	0.03894	0.00748	0.00509	0.00910
7	0.01860	0.01407	0.01699	0.01439	0.01824	0.01431	0.03364	0.24954	0.02518	0.03445	0.16091	0.22707	0.03724	0.01486	0.00871	0.00254	0.00640	0.01291	0.00748	0.08247
8	0.38412	0.01178	0.01138	0.01050	0.01393	0.01260	0.00822	0.01986	0.01745	0.06526	0.25977	0.09512	0.03784	0.01238	0.00720	0.00254	0.00513	0.00989	0.00680	0.00823

[dist]
# distance from previous block
# <min> <max>
0	1

[block]
# block no. 4 follows, 24 sequences, length 9
# corresponding to MSA columns:
# 239-247
name=unknown_E
#
# <colnr> <probs for GDERKNQSTAVLIFYWHMCP>
#	G	D	E	R	K	N	Q	S	T	A	V	L	I	F	Y	W	H	M	C	P
0	0.53765	0.01588	0.01453	0.01215	0.01748	0.01750	0.01002	0.10722	0.01836	0.16068	0.01597	0.01639	0.01135	0.00811	0.00589	0.00244	0.00659	0.00537	0.00624	0.01017
1	0.01498	0.01409	0.02378	0.70226	0.05462	0.01762	0.02202	0.02026	0.01586	0.02026	0.01409	0.02114	0.01057	0.00793	0.00793	0.00264	0.01057	0.00705	0.00352	0.00881
2	0.02944	0.02113	0.02286	0.01777	0.02391	0.02327	0.01460	0.54584	0.09876	0.08847	0.02115	0.02061	0.01496	0.00966	0.00795	0.00242	0.00835	0.00738	0.00807	0.01339
3	0.00966	0.00690	0.00920	0.01104	0.01150	0.00644	0.00736	0.01104	0.01518	0.02024	0.04371	0.71614	0.05245	0.02484	0.01012	0.00322	0.00460	0.02254	0.00736	0.00644
4	0.00966	0.00690	0.00920	0.01104	0.01150	0.00644	0.00736	0.01104	0.01518	0.02024	0.04371	0.71614	0.05245	0.02484	0.01012	0.00322	0.00460	0.02254	0.00736	0.00644
5	0.01872	0.02139	0.04679	0.03342	0.04144	0.02005	0.64305	0.02540	0.01872	0.02540	0.01604	0.02139	0.01203	0.00668	0.00936	0.00267	0.01337	0.00936	0.00401	0.01070
6	0.02908	0.01526	0.01899	0.01514	0.02041	0.01539	0.01239	0.22502	0.02533	0.34955	0.02544	0.02531	0.01773	0.01953	0.14259	0.00446	0.01023	0.00781	0.00812	0.01223
7	0.01685	0.01405	0.02221	0.53999	0.04630	0.01605	0.01923	0.02168	0.01649	0.07348	0.01546	0.02088	0.01148	0.00776	0.00761	0.00240	0.00954	0.00676	0.00421	0.12759
8	0.36533	0.09874	0.01996	0.16660	0.05879	0.01845	0.01343	0.02512	0.01599	0.12955	0.01506	0.01723	0.01113	0.00779	0.00622	0.00240	0.00766	0.00561	0.00514	0.00979

[dist]
# distance from previous block
# <min> <max>
0	26

[block]
# block no. 5 follows, 24 sequences, length 28
# corresponding to MSA columns:
# 274-301
name=unknown_F
#
# <colnr> <probs for GDERKNQSTAVLIFYWHMCP>
#	G	D	E	R	K	N	Q	S	T	A	V	L	I	F	Y	W	H	M	C	P
0	0.02350	0.02022	0.14883	0.04706	0.04642	0.01485	0.01574	0.07674	0.07224	0.22536	0.02122	0.02128	0.01493	0.00820	0.00733	0.00214	0.00786	0.00664	0.00643	0.21299
1	0.40957	0.03973	0.09569	0.01359	0.01957	0.03993	0.01242	0.02822	0.08701	0.13453	0.01714	0.01760	0.01246	0.00810	0.00618	0.00241	0.00726	0.00562	0.00577	0.03721
2	0.01419	0.01157	0.01337	0.01106	0.01541	0.01010	0.00860	0.04078	0.07161	0.02833	0.23466	0.04259	0.15874	0.01239	0.00789	0.00205	0.00498	0.01048	0.00687	0.29433
3	0.01363	0.01218	0.01397	0.01371	0.01546	0.09547	0.01059	0.01636	0.01397	0.01853	0.02011	0.02903	0.01861	0.05301	0.60393	0.01140	0.02037	0.00807	0.00423	0.00735
4	0.11639	0.01404	0.01652	0.01239	0.01886	0.01183	0.01006	0.02673	0.01821	0.24852	0.01956	0.01959	0.01404	0.00740	0.00647	0.00177	0.00620	0.00576	0.00646	0.41920
5	0.01644	0.01409	0.01644	0.01175	0.01879	0.01057	0.00940	0.01997	0.01644	0.02584	0.01409	0.01644	0.01175	0.00587	0.00587	0.00117	0.00587	0.00470	0.00470	0.76979
6	0.01096	0.00790	0.01036	0.01016	0.01179	0.00731	0.00746	0.01430	0.02122	0.02984	0.56208	0.17039	0.07104	0.01767	0.00948	0.00262	0.00389	0.01573	0.00850	0.00731
7	0.01588	0.06675	0.55758	0.02168	0.03197	0.01801	0.04713	0.02410	0.01695	0.02469	0.01722	0.02476	0.01405	0.00906	0.00787	0.00261	0.01114	0.07361	0.00381	0.01113
8	0.01153	0.00769	0.00865	0.00865	0.00865	0.00769	0.00480	0.01153	0.01153	0.01538	0.02499	0.05189	0.02883	0.72131	0.04036	0.00769	0.00769	0.01153	0.00480	0.00480
9	0.02034	0.02068	0.03108	0.09522	0.52651	0.09292	0.04896	0.02488	0.01840	0.02473	0.01461	0.01923	0.01213	0.00724	0.00784	0.00236	0.01021	0.00694	0.00392	0.01182
10	0.10144	0.03501	0.50548	0.02295	0.08099	0.01886	0.02553	0.07259	0.01807	0.02824	0.01430	0.01672	0.01034	0.00763	0.00730	0.00248	0.01069	0.00588	0.00392	0.01157
11	0.38326	0.07725	0.06118	0.10805	0.11104	0.01983	0.01487	0.09195	0.01746	0.03181	0.01304	0.01577	0.01014	0.00760	0.00621	0.00240	0.00798	0.00543	0.00471	0.01002
12	0.23317	0.19038	0.19336	0.01638	0.02385	0.02153	0.04198	0.09390	0.01850	0.07947	0.01450	0.01595	0.01087	0.00767	0.00638	0.00229	0.00875	0.00549	0.00483	0.01077
13	0.10773	0.10265	0.09359	0.07557	0.09452	0.04570	0.01698	0.25514	0.04713	0.06297	0.01667	0.01818	0.01241	0.00838	0.00720	0.00234	0.00897	0.00637	0.00577	0.01172
14	0.02006	0.01690	0.01820	0.01535	0.02062	0.01813	0.01209	0.10001	0.44587	0.03325	0.02673	0.02547	0.02023	0.00951	0.00755	0.00231	0.00644	0.00780	0.00728	0.18620
15	0.01478	0.00739	0.00739	0.00739	0.00924	0.00739	0.00554	0.01848	0.01663	0.02956	0.02587	0.02956	0.02033	0.00924	0.00554	0.00185	0.00370	0.00739	0.76534	0.00739
16	0.00968	0.00804	0.00851	0.00879	0.01124	0.00688	0.00668	0.01178	0.01789	0.02153	0.07456	0.12240	0.57337	0.02057	0.00956	0.00280	0.00433	0.06731	0.00736	0.00673
17	0.00992	0.00709	0.00950	0.01134	0.01191	0.00666	0.00781	0.01149	0.01544	0.02053	0.04356	0.66388	0.05188	0.02460	0.01019	0.00326	0.00483	0.07224	0.00736	0.00651
18	0.01051	0.00746	0.00996	0.01166	0.01239	0.00714	0.00838	0.01229	0.01559	0.02065	0.04188	0.52390	0.04910	0.07778	0.01264	0.00366	0.00545	0.15589	0.00715	0.00651
19	0.01377	0.00689	0.01033	0.01033	0.01033	0.00689	0.00689	0.01033	0.01033	0.01377	0.01377	0.02410	0.01377	0.02755	0.03099	0.76928	0.00689	0.00689	0.00344	0.00344
20	0.03536	0.01385	0.01862	0.01428	0.02042	0.01219	0.01180	0.06357	0.02330	0.65157	0.03078	0.02666	0.01938	0.00980	0.00797	0.00245	0.00683	0.00794	0.00974	0.01349
