[name]
unknown

[dist]
# distance from previous block
# <min> <max>
3	86

[block]
# block no. 0 follows, 23 sequences, length 12
# corresponding to MSA columns:
# 105-116
name=unknown_A
#
# <colnr> <probs for GDERKNQSTAVLIFYWHMCP>
#	G	D	E	R	K	N	Q	S	T	A	V	L	I	F	Y	W	H	M	C	P
0	0.07492	0.09042	0.04893	0.01843	0.02343	0.05723	0.07831	0.12793	0.02025	0.02907	0.05840	0.02027	0.01594	0.00973	0.01168	0.00245	0.16681	0.00692	0.00510	0.13379
1	0.01511	0.01352	0.06220	0.01375	0.01636	0.01215	0.04950	0.07731	0.01633	0.02280	0.02434	0.13052	0.02571	0.31091	0.02428	0.03287	0.04898	0.01130	0.04018	0.05188
2	0.01812	0.07028	0.13456	0.01754	0.05639	0.05273	0.01525	0.02678	0.16435	0.07063	0.07071	0.08187	0.10670	0.01320	0.00852	0.00269	0.00778	0.06490	0.00655	0.01044
3	0.06335	0.18922	0.07544	0.08666	0.06879	0.02178	0.27737	0.02384	0.01751	0.02410	0.01656	0.06834	0.01440	0.00843	0.00798	0.00249	0.01080	0.00842	0.00416	0.01037
4	0.01627	0.04197	0.67279	0.02313	0.03512	0.01884	0.02998	0.02570	0.01713	0.02570	0.01456	0.01713	0.01028	0.00771	0.00771	0.00257	0.01199	0.00600	0.00343	0.01199
5	0.01956	0.01874	0.03199	0.12111	0.59702	0.01914	0.02464	0.02444	0.01823	0.02587	0.01517	0.02025	0.01263	0.00733	0.00804	0.00244	0.00977	0.00723	0.00397	0.01243
6	0.01683	0.01442	0.01683	0.01202	0.01923	0.01082	0.00961	0.02043	0.01683	0.02644	0.01442	0.01683	0.01202	0.00601	0.00601	0.00120	0.00601	0.00481	0.00481	0.76444
7	0.01140	0.00809	0.01047	0.01128	0.01234	0.00782	0.00800	0.01412	0.04204	0.02375	0.19730	0.35629	0.05329	0.09692	0.01446	0.03792	0.00526	0.07490	0.00745	0.00687
8	0.01180	0.00787	0.00885	0.00885	0.00885	0.00787	0.00492	0.01180	0.01180	0.01573	0.02557	0.05310	0.02950	0.71483	0.04130	0.00787	0.00787	0.01180	0.00492	0.00492
9	0.01872	0.01652	0.02084	0.01691	0.02044	0.01860	0.01380	0.10607	0.01784	0.02653	0.01559	0.06525	0.01454	0.01140	0.01550	0.00253	0.30578	0.00740	0.00492	0.28081
10	0.19239	0.06132	0.01977	0.03852	0.02149	0.10988	0.01267	0.21533	0.07151	0.05784	0.01950	0.05993	0.01582	0.00986	0.00712	0.00241	0.00830	0.00732	0.05822	0.01079
11	0.09505	0.02308	0.02222	0.06785	0.05492	0.13916	0.01510	0.33764	0.05903	0.03811	0.01794	0.02062	0.01390	0.04834	0.00954	0.00272	0.00969	0.00700	0.00645	0.01163

[dist]
# distance from previous block
# <min> <max>
4	5

[block]
# block no. 1 follows, 23 sequences, length 9
# corresponding to MSA columns:
# 122-130
name=unknown_B
#
# <colnr> <probs for GDERKNQSTAVLIFYWHMCP>
#	G	D	E	R	K	N	Q	S	T	A	V	L	I	F	Y	W	H	M	C	P
0	0.01884	0.01328	0.04279	0.01339	0.01743	0.01157	0.01084	0.05706	0.01838	0.14040	0.02794	0.19831	0.02710	0.06347	0.01168	0.00286	0.04952	0.03938	0.04563	0.19012
1	0.02194	0.01390	0.01532	0.01284	0.01638	0.01501	0.01016	0.24420	0.02426	0.07162	0.02285	0.02651	0.01786	0.04716	0.01078	0.03912	0.03895	0.00768	0.33354	0.00991
2	0.01327	0.01585	0.13725	0.01492	0.05001	0.01117	0.01297	0.01939	0.06556	0.03006	0.40793	0.04981	0.11090	0.01441	0.00905	0.00258	0.00587	0.01249	0.00747	0.00903
3	0.02115	0.01477	0.01761	0.01283	0.01983	0.01181	0.01036	0.05803	0.01917	0.14452	0.01789	0.01893	0.01358	0.00695	0.00652	0.00151	0.00633	0.00555	0.00594	0.58672
4	0.01059	0.00748	0.00978	0.01094	0.01143	0.00739	0.00725	0.01186	0.01428	0.01924	0.03687	0.45556	0.04315	0.19885	0.11069	0.00576	0.00783	0.01833	0.00645	0.00627
5	0.01718	0.10019	0.15805	0.05362	0.11593	0.01771	0.01764	0.07848	0.02003	0.02787	0.16429	0.09205	0.03019	0.01190	0.00954	0.00258	0.05707	0.00981	0.00561	0.01025
6	0.00989	0.00706	0.00942	0.01130	0.01177	0.00659	0.00753	0.01130	0.01554	0.02071	0.04472	0.70954	0.05367	0.02542	0.01036	0.00330	0.00471	0.02307	0.00753	0.00659
7	0.02761	0.02078	0.02274	0.10779	0.02785	0.06058	0.01553	0.43098	0.03149	0.08048	0.01956	0.02095	0.01416	0.01154	0.03553	0.00286	0.00969	0.00729	0.04022	0.01236
8	0.17495	0.31565	0.09879	0.01848	0.09003	0.02323	0.03822	0.02317	0.01616	0.02455	0.01637	0.01902	0.04197	0.01171	0.05498	0.00296	0.00955	0.00595	0.00413	0.01013

[dist]
# distance from previous block
# <min> <max>
0	2

[block]
# block no. 2 follows, 23 sequences, length 76
# corresponding to MSA columns:
# 133-208
name=unknown_C
#
# <colnr> <probs for GDERKNQSTAVLIFYWHMCP>
#	G	D	E	R	K	N	Q	S	T	A	V	L	I	F	Y	W	H	M	C	P
0	0.33291	0.07899	0.25897	0.01736	0.04742	0.01924	0.01785	0.02510	0.04712	0.02977	0.01425	0.01667	0.01098	0.01038	0.04020	0.00301	0.00947	0.00554	0.00441	0.01037
1	0.01818	0.39669	0.08985	0.01477	0.02009	0.02416	0.01434	0.02149	0.01729	0.02237	0.13447	0.02604	0.05510	0.01045	0.00935	0.00226	0.10135	0.00740	0.00469	0.00966
2	0.02034	0.01870	0.02839	0.25895	0.14837	0.06334	0.12561	0.08067	0.04587	0.06344	0.02060	0.02442	0.04716	0.00879	0.00838	0.00259	0.01043	0.00816	0.00498	0.01079
3	0.01118	0.00828	0.01042	0.00989	0.01193	0.00753	0.00741	0.01472	0.02224	0.03081	0.56608	0.06345	0.17150	0.01723	0.00957	0.00258	0.00387	0.01507	0.00871	0.00753
4	0.01683	0.01442	0.01683	0.01202	0.01923	0.01082	0.00961	0.02043	0.01683	0.02644	0.01442	0.01683	0.01202	0.00601	0.00601	0.00120	0.00601	0.00481	0.00481	0.76444
5	0.01159	0.00869	0.01304	0.01304	0.01449	0.01014	0.01014	0.01449	0.01304	0.01884	0.02173	0.03188	0.02029	0.06086	0.68268	0.01304	0.02173	0.00869	0.00435	0.00724
6	0.02018	0.01743	0.01835	0.01651	0.02110	0.02018	0.01284	0.04312	0.64956	0.03394	0.03303	0.03027	0.02477	0.01101	0.00826	0.00275	0.00642	0.00917	0.00826	0.01284
7	0.00959	0.00822	0.00822	0.00822	0.01096	0.00685	0.00617	0.01165	0.01850	0.02192	0.08220	0.07809	0.66092	0.02055	0.00959	0.00274	0.00411	0.01713	0.00754	0.00685
8	0.03031	0.03867	0.02299	0.02090	0.02508	0.68226	0.01568	0.03240	0.02299	0.01986	0.01254	0.01463	0.01045	0.00836	0.00732	0.00209	0.01463	0.00523	0.00418	0.00941
9	0.01532	0.01442	0.02434	0.69533	0.05589	0.01803	0.02253	0.02073	0.01622	0.02073	0.01442	0.02163	0.01082	0.00811	0.00811	0.00270	0.01082	0.00721	0.00361	0.00901
10	0.01159	0.00869	0.01304	0.01304	0.01449	0.01014	0.01014	0.01449	0.01304	0.01884	0.02173	0.03188	0.02029	0.06086	0.68268	0.01304	0.02173	0.00869	0.00435	0.00724
11	0.00989	0.00706	0.00942	0.01130	0.01177	0.00659	0.00753	0.01130	0.01554	0.02071	0.04472	0.70954	0.05367	0.02542	0.01036	0.00330	0.00471	0.02307	0.00753	0.00659
12	0.01532	0.01442	0.02434	0.69533	0.05589	0.01803	0.02253	0.02073	0.01622	0.02073	0.01442	0.02163	0.01082	0.00811	0.00811	0.00270	0.01082	0.00721	0.00361	0.00901
13	0.02164	0.58199	0.07031	0.01494	0.02156	0.09031	0.01463	0.02455	0.01692	0.01948	0.01216	0.01446	0.01098	0.01023	0.04466	0.00246	0.01015	0.00475	0.00359	0.01022
14	0.01159	0.00869	0.01304	0.01304	0.01449	0.01014	0.01014	0.01449	0.01304	0.01884	0.02173	0.03188	0.02029	0.06086	0.68268	0.01304	0.02173	0.00869	0.00435	0.00724
15	0.01915	0.02189	0.04788	0.03420	0.04241	0.02052	0.63475	0.02599	0.01915	0.02599	0.01642	0.02189	0.01231	0.00684	0.00958	0.00274	0.01368	0.00958	0.00410	0.01094
16	0.01560	0.01470	0.02483	0.65804	0.09103	0.01810	0.02267	0.02097	0.01636	0.02107	0.01447	0.02154	0.01093	0.00806	0.00811	0.00269	0.01075	0.00721	0.00363	0.00924
17	0.04427	0.09607	0.59750	0.02192	0.03325	0.01990	0.02790	0.02552	0.01696	0.02555	0.01418	0.01665	0.01024	0.00764	0.00741	0.00250	0.01151	0.00580	0.00349	0.01175
18	0.77215	0.01569	0.01193	0.01067	0.01569	0.01820	0.00879	0.02385	0.01381	0.03641	0.01130	0.01318	0.00879	0.00753	0.00502	0.00251	0.00628	0.00439	0.00502	0.00879
19	0.01025	0.00825	0.00913	0.00891	0.01136	0.00713	0.00668	0.01292	0.02004	0.02560	0.28230	0.07204	0.45853	0.01918	0.00958	0.00267	0.00401	0.01628	0.00802	0.00713
20	0.01748	0.01653	0.02847	0.36194	0.30213	0.01821	0.05812	0.02266	0.01735	0.02383	0.01542	0.02140	0.01218	0.00774	0.00806	0.00255	0.01018	0.00737	0.03774	0.01063
21	0.01172	0.00783	0.00887	0.00896	0.00898	0.00781	0.00503	0.01178	0.01196	0.01595	0.02641	0.08190	0.03056	0.68458	0.03994	0.00767	0.00773	0.01229	0.00503	0.00499
22	0.00976	0.00828	0.00846	0.00855	0.01125	0.00697	0.00651	0.01190	0.01850	0.02204	0.08025	0.07876	0.63042	0.02064	0.00967	0.00279	0.00428	0.04655	0.00753	0.00688
23	0.01160	0.00865	0.01283	0.01283	0.01421	0.01003	0.00988	0.01436	0.01298	0.01868	0.02193	0.03294	0.02075	0.09357	0.65059	0.01278	0.02104	0.00885	0.00438	0.00713
24	0.02736	0.16566	0.02805	0.01974	0.02464	0.38142	0.03878	0.12215	0.02311	0.02470	0.01336	0.01557	0.01104	0.00868	0.00858	0.00221	0.06438	0.00568	0.00460	0.01029
25	0.02820	0.03445	0.02330	0.07855	0.02747	0.55079	0.01639	0.05834	0.02240	0.02135	0.01289	0.01567	0.01065	0.00880	0.00873	0.00226	0.06035	0.00562	0.00427	0.00954
26	0.01159	0.00869	0.01304	0.01304	0.01449	0.01014	0.01014	0.01449	0.01304	0.01884	0.02173	0.03188	0.02029	0.06086	0.68268	0.01304	0.02173	0.00869	0.00435	0.00724
27	0.01594	0.01007	0.01326	0.09350	0.01914	0.00957	0.01041	0.01912	0.01983	0.14078	0.17219	0.09198	0.24400	0.01686	0.00939	0.00281	0.00582	0.08895	0.00778	0.00859
28	0.01957	0.01956	0.02782	0.24121	0.21353	0.08312	0.05640	0.05037	0.04373	0.02420	0.01492	0.02015	0.01210	0.00904	0.01126	0.00270	0.12834	0.00723	0.00418	0.01057
29	0.08093	0.02225	0.02351	0.01813	0.02452	0.02469	0.01497	0.59573	0.03651	0.05014	0.01893	0.01906	0.01346	0.00959	0.00791	0.00244	0.00875	0.00711	0.00791	0.01346
30	0.01800	0.01592	0.02342	0.50696	0.04673	0.01925	0.02016	0.10107	0.11594	0.02655	0.01790	0.02269	0.01333	0.00876	0.00814	0.00268	0.00991	0.00752	0.00488	0.01020
31	0.77215	0.01569	0.01193	0.01067	0.01569	0.01820	0.00879	0.02385	0.01381	0.03641	0.01130	0.01318	0.00879	0.00753	0.00502	0.00251	0.00628	0.00439	0.00502	0.00879
32	0.01513	0.00756	0.00756	0.00756	0.00945	0.00756	0.00567	0.01891	0.01702	0.03025	0.02647	0.03025	0.02080	0.00945	0.00567	0.00189	0.00378	0.00756	0.75988	0.00756
33	0.00988	0.00823	0.00862	0.00853	0.01114	0.00697	0.00639	0.01221	0.01918	0.02356	0.17127	0.07540	0.57084	0.01994	0.00959	0.00271	0.00407	0.01675	0.00775	0.00697
34	0.00989	0.00706	0.00942	0.01130	0.01177	0.00659	0.00753	0.01130	0.01554	0.02071	0.04472	0.70954	0.05367	0.02542	0.01036	0.00330	0.00471	0.02307	0.00753	0.00659
35	0.77215	0.01569	0.01193	0.01067	0.01569	0.01820	0.00879	0.02385	0.01381	0.03641	0.01130	0.01318	0.00879	0.00753	0.00502	0.00251	0.00628	0.00439	0.00502	0.00879
36	0.02169	0.71972	0.04252	0.01388	0.02083	0.03211	0.01388	0.02430	0.01649	0.01909	0.01128	0.01302	0.01041	0.00694	0.00521	0.00174	0.00868	0.00434	0.00347	0.01041
37	0.02169	0.71972	0.04252	0.01388	0.02083	0.03211	0.01388	0.02430	0.01649	0.01909	0.01128	0.01302	0.01041	0.00694	0.00521	0.00174	0.00868	0.00434	0.00347	0.01041
38	0.01308	0.00934	0.01308	0.01494	0.01681	0.00934	0.01308	0.01681	0.01868	0.02428	0.04296	0.09153	0.04670	0.02242	0.01121	0.00374	0.00747	0.60960	0.00747	0.00747
39	0.77215	0.01569	0.01193	0.01067	0.01569	0.01820	0.00879	0.02385	0.01381	0.03641	0.01130	0.01318	0.00879	0.00753	0.00502	0.00251	0.00628	0.00439	0.00502	0.00879
40	0.00989	0.00706	0.00942	0.01130	0.01177	0.00659	0.00753	0.01130	0.01554	0.02071	0.04472	0.70954	0.05367	0.02542	0.01036	0.00330	0.00471	0.02307	0.00753	0.00659
41	0.77215	0.01569	0.01193	0.01067	0.01569	0.01820	0.00879	0.02385	0.01381	0.03641	0.01130	0.01318	0.00879	0.00753	0.00502	0.00251	0.00628	0.00439	0.00502	0.00879
42	0.02008	0.01928	0.03294	0.04981	0.66422	0.01928	0.02490	0.02490	0.01848	0.02651	0.01526	0.02008	0.01285	0.00723	0.00803	0.00241	0.00964	0.00723	0.00402	0.01285
43	0.02018	0.01743	0.01835	0.01651	0.02110	0.02018	0.01284	0.04312	0.64956	0.03394	0.03303	0.03027	0.02477	0.01101	0.00826	0.00275	0.00642	0.00917	0.00826	0.01284
44	0.01080	0.00827	0.00990	0.00949	0.01170	0.00737	0.00712	0.01399	0.02135	0.02870	0.45126	0.06692	0.28763	0.01802	0.00958	0.00262	0.00393	0.01556	0.00843	0.00737
45	0.01915	0.02189	0.04788	0.03420	0.04241	0.02052	0.63475	0.02599	0.01915	0.02599	0.01642	0.02189	0.01231	0.00684	0.00958	0.00274	0.01368	0.00958	0.00410	0.01094
46	0.01240	0.00853	0.01092	0.01018	0.01238	0.00776	0.00768	0.01600	0.02249	0.06007	0.56789	0.06105	0.13851	0.01673	0.00951	0.00257	0.00400	0.01465	0.00883	0.00784
47	0.00961	0.00816	0.00828	0.00838	0.01100	0.00684	0.00624	0.01163	0.01834	0.02186	0.08022	0.11149	0.62880	0.02081	0.00963	0.00277	0.00414	0.01744	0.00753	0.00684
48	0.48277	0.01721	0.01603	0.01322	0.01878	0.01910	0.01090	0.18125	0.02127	0.12774	0.01623	0.01677	0.01162	0.00844	0.00624	0.00249	0.00703	0.00565	0.00650	0.01075
49	0.01197	0.00785	0.00879	0.00879	0.00888	0.00785	0.00495	0.01215	0.01206	0.01646	0.02561	0.05196	0.02907	0.67961	0.03952	0.00757	0.00766	0.01159	0.04262	0.00505
50	0.00989	0.00706	0.00942	0.01130	0.01177	0.00659	0.00753	0.01130	0.01554	0.02071	0.04472	0.70954	0.05367	0.02542	0.01036	0.00330	0.00471	0.02307	0.00753	0.00659
51	0.03614	0.01423	0.01909	0.01464	0.02092	0.01255	0.01209	0.06790	0.02393	0.64048	0.03142	0.02723	0.01979	0.01003	0.00816	0.00251	0.00700	0.00812	0.00995	0.01381
52	0.03641	0.01381	0.01883	0.01444	0.02071	0.01193	0.01193	0.03954	0.02322	0.66984	0.03201	0.02762	0.02009	0.01004	0.00816	0.00251	0.00690	0.00816	0.01004	0.01381
53	0.01268	0.00862	0.01110	0.01044	0.01267	0.00788	0.00797	0.01629	0.02235	0.06483	0.54211	0.06196	0.13046	0.01689	0.00957	0.00262	0.00418	0.04068	0.00879	0.00789
54	0.00989	0.00706	0.00942	0.01130	0.01177	0.00659	0.00753	0.01130	0.01554	0.02071	0.04472	0.70954	0.05367	0.02542	0.01036	0.00330	0.00471	0.02307	0.00753	0.00659
55	0.06137	0.01807	0.02805	0.07996	0.02756	0.02314	0.12451	0.02100	0.01399	0.02172	0.01201	0.01853	0.01085	0.01203	0.02086	0.00328	0.48272	0.00738	0.00374	0.00924
56	0.02008	0.01928	0.03294	0.04981	0.66422	0.01928	0.02490	0.02490	0.01848	0.02651	0.01526	0.02008	0.01285	0.00723	0.00803	0.00241	0.00964	0.00723	0.00402	0.01285
57	0.02017	0.01774	0.02083	0.02218	0.13050	0.02003	0.01489	0.04002	0.54220	0.03268	0.03000	0.02854	0.02274	0.01037	0.00822	0.00269	0.00697	0.00884	0.00754	0.01285
58	0.77215	0.01569	0.01193	0.01067	0.01569	0.01820	0.00879	0.02385	0.01381	0.03641	0.01130	0.01318	0.00879	0.00753	0.00502	0.00251	0.00628	0.00439	0.00502	0.00879
59	0.02018	0.01743	0.01835	0.01651	0.02110	0.02018	0.01284	0.04312	0.64956	0.03394	0.03303	0.03027	0.02477	0.01101	0.00826	0.00275	0.00642	0.00917	0.00826	0.01284
60	0.01418	0.00755	0.01150	0.05683	0.01363	0.00779	0.00809	0.01126	0.01095	0.01454	0.01412	0.02446	0.01387	0.02683	0.03012	0.71249	0.00730	0.00706	0.00353	0.00389
61	0.01699	0.06632	0.48309	0.02493	0.08158	0.01914	0.08325	0.02573	0.04013	0.02611	0.04592	0.02014	0.01433	0.00810	0.00790	0.00254	0.01123	0.00687	0.00397	0.01171
62	0.02169	0.71972	0.04252	0.01388	0.02083	0.03211	0.01388	0.02430	0.01649	0.01909	0.01128	0.01302	0.01041	0.00694	0.00521	0.00174	0.00868	0.00434	0.00347	0.01041
63	0.01194	0.00852	0.01025	0.00968	0.01209	0.00756	0.00731	0.01508	0.02134	0.05795	0.41968	0.06549	0.28777	0.01774	0.00951	0.00262	0.00407	0.01527	0.00847	0.00764
64	0.01785	0.03555	0.49137	0.02803	0.13397	0.01882	0.08448	0.02609	0.01775	0.04875	0.01546	0.01841	0.01122	0.00764	0.00795	0.00256	0.01160	0.00660	0.00382	0.01209
65	0.02830	0.03397	0.02505	0.02654	0.15239	0.51545	0.01750	0.06290	0.02290	0.02284	0.01345	0.01597	0.01111	0.00821	0.00750	0.00217	0.01334	0.00574	0.00436	0.01033
66	0.03033	0.03799	0.02305	0.02081	0.02509	0.65417	0.01567	0.05825	0.02364	0.02120	0.01284	0.01484	0.01060	0.00842	0.00735	0.00211	0.01439	0.00531	0.00435	0.00959
67	0.01486	0.01359	0.02218	0.49334	0.10239	0.01594	0.01958	0.01980	0.01761	0.02319	0.12015	0.03049	0.05394	0.01000	0.00841	0.00265	0.00927	0.00889	0.00468	0.00904
68	0.01683	0.01442	0.01683	0.01202	0.01923	0.01082	0.00961	0.02043	0.01683	0.02644	0.01442	0.01683	0.01202	0.00601	0.00601	0.00120	0.00601	0.00481	0.00481	0.76444
69	0.01869	0.05203	0.14192	0.02730	0.03406	0.02118	0.33345	0.05433	0.01820	0.02543	0.01618	0.05001	0.01347	0.00937	0.01236	0.00284	0.14556	0.00878	0.00421	0.01064
70	0.01180	0.00787	0.00885	0.00885	0.00885	0.00787	0.00492	0.01180	0.01180	0.01573	0.02557	0.05310	0.02950	0.71483	0.04130	0.00787	0.00787	0.01180	0.00492	0.00492
71	0.00989	0.00706	0.00942	0.01130	0.01177	0.00659	0.00753	0.01130	0.01554	0.02071	0.04472	0.70954	0.05367	0.02542	0.01036	0.00330	0.00471	0.02307	0.00753	0.00659
72	0.01643	0.01743	0.03560	0.02693	0.03246	0.01680	0.42049	0.02143	0.01773	0.02412	0.02414	0.21747	0.02399	0.01256	0.01078	0.00294	0.05077	0.01327	0.00505	0.00958
73	0.02934	0.02198	0.02350	0.01837	0.02459	0.02446	0.01506	0.55327	0.12449	0.04871	0.02139	0.02101	0.01535	0.00992	0.00814	0.00248	0.00857	0.00757	0.00814	0.01366
74	0.01932	0.06903	0.04752	0.03283	0.04095	0.02130	0.59280	0.02588	0.01897	0.02553	0.01607	0.02129	0.01218	0.00685	0.00928	0.00267	0.01334	0.00922	0.00406	0.01091
75	0.05117	0.01514	0.06331	0.10955	0.12619	0.01385	0.03759	0.02242	0.05148	0.08888	0.03460	0.04630	0.12859	0.04661	0.01042	0.00308	0.00808	0.12695	0.00610	0.00971

[dist]
# distance from previous block
# <min> <max>
3	6

[block]
# block no. 3 follows, 23 sequences, length 225
# corresponding to MSA columns:
# 215-439
name=unknown_D
#
# <colnr> <probs for GDERKNQSTAVLIFYWHMCP>
#	G	D	E	R	K	N	Q	S	T	A	V	L	I	F	Y	W	H	M	C	P
0	0.02210	0.02339	0.02825	0.15967	0.30123	0.18976	0.04649	0.05234	0.02002	0.02475	0.01460	0.01886	0.01183	0.00772	0.00784	0.00234	0.01111	0.00670	0.00420	0.04680
1	0.01639	0.01330	0.01537	0.01217	0.01742	0.01155	0.00957	0.08211	0.05031	0.02996	0.15721	0.05935	0.08495	0.01087	0.00756	0.00190	0.00565	0.00912	0.00651	0.39873
2	0.05309	0.02260	0.02871	0.06013	0.24532	0.12922	0.09935	0.14614	0.05267	0.03079	0.01687	0.01997	0.01319	0.00817	0.00794	0.00242	0.01039	0.00721	0.03412	0.01169
3	0.02008	0.01928	0.03294	0.04981	0.66422	0.01928	0.02490	0.02490	0.01848	0.02651	0.01526	0.02008	0.01285	0.00723	0.00803	0.00241	0.00964	0.00723	0.00402	0.01285
4	0.01130	0.00823	0.01062	0.01014	0.01204	0.00756	0.00756	0.01491	0.02236	0.03136	0.59702	0.09228	0.10974	0.01724	0.00961	0.00260	0.00389	0.01521	0.00878	0.00756
5	0.01180	0.00787	0.00885	0.00885	0.00885	0.00787	0.00492	0.01180	0.01180	0.01573	0.02557	0.05310	0.02950	0.71483	0.04130	0.00787	0.00787	0.01180	0.00492	0.00492
6	0.00996	0.00712	0.00948	0.01125	0.01179	0.00664	0.00754	0.01149	0.01589	0.02128	0.07401	0.67865	0.05476	0.02500	0.01032	0.00326	0.00467	0.02267	0.00760	0.00664
7	0.00959	0.00822	0.00822	0.00822	0.01096	0.00685	0.00617	0.01165	0.01850	0.02192	0.08220	0.07809	0.66092	0.02055	0.00959	0.00274	0.00411	0.01713	0.00754	0.00685
8	0.01136	0.00829	0.01067	0.01007	0.01204	0.00760	0.00755	0.01506	0.02266	0.03182	0.62067	0.06180	0.11627	0.01686	0.00957	0.00256	0.00385	0.01484	0.00884	0.00760
9	0.03641	0.01381	0.01883	0.01444	0.02071	0.01193	0.01193	0.03954	0.02322	0.66984	0.03201	0.02762	0.02009	0.01004	0.00816	0.00251	0.00690	0.00816	0.01004	0.01381
10	0.01683	0.01442	0.01683	0.01202	0.01923	0.01082	0.00961	0.02043	0.01683	0.02644	0.01442	0.01683	0.01202	0.00601	0.00601	0.00120	0.00601	0.00481	0.00481	0.76444
11	0.00989	0.00706	0.00942	0.01130	0.01177	0.00659	0.00753	0.01130	0.01554	0.02071	0.04472	0.70954	0.05367	0.02542	0.01036	0.00330	0.00471	0.02307	0.00753	0.00659
12	0.03085	0.02273	0.02435	0.01867	0.02516	0.02516	0.01542	0.63716	0.03815	0.05114	0.01948	0.01948	0.01380	0.00974	0.00812	0.00244	0.00893	0.00731	0.00812	0.01380
13	0.01125	0.00811	0.01063	0.01037	0.01207	0.00750	0.00764	0.01472	0.02187	0.03079	0.56899	0.15654	0.07318	0.01789	0.00969	0.00266	0.00396	0.01592	0.00873	0.00750
14	0.00989	0.00706	0.00942	0.01130	0.01177	0.00659	0.00753	0.01130	0.01554	0.02071	0.04472	0.70954	0.05367	0.02542	0.01036	0.00330	0.00471	0.02307	0.00753	0.00659
15	0.01159	0.00869	0.01304	0.01304	0.01449	0.01014	0.01014	0.01449	0.01304	0.01884	0.02173	0.03188	0.02029	0.06086	0.68268	0.01304	0.02173	0.00869	0.00435	0.00724
16	0.03031	0.03867	0.02299	0.02090	0.02508	0.68226	0.01568	0.03240	0.02299	0.01986	0.01254	0.01463	0.01045	0.00836	0.00732	0.00209	0.01463	0.00523	0.00418	0.00941
17	0.01409	0.00705	0.01057	0.01057	0.01057	0.00705	0.00705	0.01057	0.01057	0.01409	0.01409	0.02467	0.01409	0.02819	0.03171	0.76392	0.00705	0.00705	0.00352	0.00352
18	0.02008	0.01928	0.03294	0.04981	0.66422	0.01928	0.02490	0.02490	0.01848	0.02651	0.01526	0.02008	0.01285	0.00723	0.00803	0.00241	0.00964	0.00723	0.00402	0.01285
19	0.02087	0.61621	0.13878	0.01530	0.02301	0.03008	0.01634	0.02451	0.01659	0.02010	0.01178	0.01364	0.01039	0.00706	0.00559	0.00186	0.00918	0.00459	0.00346	0.01065
20	0.01627	0.04197	0.67279	0.02313	0.03512	0.01884	0.02998	0.02570	0.01713	0.02570	0.01456	0.01713	0.01028	0.00771	0.00771	0.00257	0.01199	0.00600	0.00343	0.01199
21	0.01000	0.00711	0.00938	0.01115	0.01160	0.00667	0.00738	0.01133	0.01532	0.02042	0.04360	0.67106	0.05225	0.06584	0.01217	0.00356	0.00489	0.02241	0.00738	0.00649
22	0.02086	0.61503	0.13987	0.01531	0.02303	0.03006	0.01637	0.02451	0.01659	0.02011	0.01179	0.01365	0.01039	0.00706	0.00559	0.00186	0.00919	0.00459	0.00346	0.01066
23	0.02018	0.01743	0.01835	0.01651	0.02110	0.02018	0.01284	0.04312	0.64956	0.03394	0.03303	0.03027	0.02477	0.01101	0.00826	0.00275	0.00642	0.00917	0.00826	0.01284
24	0.01409	0.00705	0.01057	0.01057	0.01057	0.00705	0.00705	0.01057	0.01057	0.01409	0.01409	0.02467	0.01409	0.02819	0.03171	0.76392	0.00705	0.00705	0.00352	0.00352
25	0.77215	0.01569	0.01193	0.01067	0.01569	0.01820	0.00879	0.02385	0.01381	0.03641	0.01130	0.01318	0.00879	0.00753	0.00502	0.00251	0.00628	0.00439	0.00502	0.00879
26	0.01545	0.01437	0.02044	0.01822	0.01876	0.01936	0.01491	0.01765	0.01266	0.01927	0.01479	0.02303	0.01425	0.03164	0.27178	0.00710	0.44653	0.00770	0.00385	0.00827
27	0.01180	0.00787	0.00885	0.00885	0.00885	0.00787	0.00492	0.01180	0.01180	0.01573	0.02557	0.05310	0.02950	0.71483	0.04130	0.00787	0.00787	0.01180	0.00492	0.00492
28	0.01798	0.01889	0.03748	0.20083	0.16384	0.01906	0.33804	0.02384	0.01814	0.02455	0.01692	0.05125	0.01383	0.00804	0.00895	0.00269	0.01180	0.00912	0.00411	0.01064
29	0.01805	0.01267	0.01393	0.01228	0.01563	0.01351	0.00960	0.15258	0.12854	0.03480	0.16572	0.03717	0.06630	0.01434	0.03964	0.00287	0.00619	0.00988	0.23657	0.00973
30	0.01467	0.00946	0.01194	0.01086	0.01352	0.00880	0.00830	0.01936	0.05928	0.10495	0.49257	0.05680	0.12599	0.01591	0.00933	0.00258	0.00436	0.01385	0.00888	0.00859
31	0.01121	0.00828	0.01047	0.00992	0.01196	0.00754	0.00744	0.01479	0.02233	0.03101	0.57700	0.06312	0.16045	0.01716	0.00957	0.00258	0.00387	0.01503	0.00873	0.00754
32	0.01132	0.00822	0.01067	0.01020	0.01206	0.00756	0.00760	0.01495	0.02237	0.03146	0.60315	0.09928	0.09618	0.01725	0.00962	0.00260	0.00389	0.01525	0.00880	0.00756
33	0.01775	0.01775	0.02485	0.02130	0.02130	0.02485	0.01775	0.01953	0.01243	0.01953	0.01065	0.01775	0.01065	0.01420	0.02663	0.00355	0.69998	0.00710	0.00355	0.00888
34	0.77215	0.01569	0.01193	0.01067	0.01569	0.01820	0.00879	0.02385	0.01381	0.03641	0.01130	0.01318	0.00879	0.00753	0.00502	0.00251	0.00628	0.00439	0.00502	0.00879
35	0.01198	0.00906	0.01124	0.01182	0.01336	0.00906	0.00841	0.01750	0.11877	0.02615	0.21605	0.41850	0.05550	0.02064	0.00980	0.00300	0.00473	0.01849	0.00804	0.00789
36	0.01662	0.01755	0.07063	0.48271	0.21179	0.01841	0.02365	0.02215	0.01687	0.02256	0.01465	0.02093	0.01131	0.00786	0.00806	0.00262	0.01059	0.00713	0.00370	0.01021
37	0.02008	0.01928	0.03294	0.04981	0.66422	0.01928	0.02490	0.02490	0.01848	0.02651	0.01526	0.02008	0.01285	0.00723	0.00803	0.00241	0.00964	0.00723	0.00402	0.01285
38	0.01750	0.15712	0.50790	0.02316	0.05909	0.02123	0.05555	0.02544	0.01717	0.02460	0.01411	0.01677	0.01050	0.00752	0.00738	0.00243	0.01140	0.00593	0.00349	0.01171
39	0.01646	0.08675	0.60470	0.02201	0.03327	0.01932	0.02803	0.02521	0.01731	0.02551	0.03896	0.01851	0.01282	0.00800	0.00761	0.00251	0.01146	0.00621	0.00364	0.01172
40	0.01627	0.04197	0.67279	0.02313	0.03512	0.01884	0.02998	0.02570	0.01713	0.02570	0.01456	0.01713	0.01028	0.00771	0.00771	0.00257	0.01199	0.00600	0.00343	0.01199
41	0.01017	0.00718	0.00933	0.01094	0.01134	0.00678	0.00714	0.01137	0.01498	0.01998	0.04188	0.61221	0.05008	0.12764	0.01494	0.00397	0.00518	0.02140	0.00714	0.00634
42	0.03336	0.01504	0.01862	0.01476	0.02058	0.04160	0.01201	0.03860	0.09029	0.54695	0.05758	0.02872	0.02254	0.01035	0.00819	0.00252	0.00706	0.00841	0.00955	0.01326
43	0.01532	0.01442	0.02434	0.69533	0.05589	0.01803	0.02253	0.02073	0.01622	0.02073	0.01442	0.02163	0.01082	0.00811	0.00811	0.00270	0.01082	0.00721	0.00361	0.00901
44	0.01051	0.00826	0.00950	0.00919	0.01153	0.00724	0.00689	0.01344	0.02068	0.02710	0.36428	0.06956	0.37561	0.01862	0.00958	0.00265	0.00397	0.01593	0.00822	0.00724
45	0.02057	0.02067	0.03223	0.18358	0.31527	0.07911	0.13270	0.06928	0.01994	0.02634	0.01535	0.02022	0.01216	0.00764	0.00827	0.00251	0.01102	0.00747	0.00425	0.01143
46	0.01984	0.02032	0.02844	0.27660	0.35510	0.11373	0.02274	0.02448	0.01832	0.02349	0.01457	0.01986	0.01178	0.00771	0.00796	0.00247	0.01078	0.00694	0.00389	0.01099
47	0.77215	0.01569	0.01193	0.01067	0.01569	0.01820	0.00879	0.02385	0.01381	0.03641	0.01130	0.01318	0.00879	0.00753	0.00502	0.00251	0.00628	0.00439	0.00502	0.00879
48	0.01589	0.01504	0.02520	0.60332	0.11388	0.01844	0.02256	0.02109	0.01628	0.02125	0.01434	0.02132	0.01101	0.00829	0.00890	0.00271	0.04025	0.00721	0.00364	0.00938
49	0.01407	0.00933	0.00980	0.00932	0.01190	0.00917	0.00709	0.04500	0.07178	0.02917	0.12204	0.04832	0.22558	0.01391	0.00768	0.00233	0.00433	0.01152	0.33960	0.00806
50	0.01627	0.04197	0.67279	0.02313	0.03512	0.01884	0.02998	0.02570	0.01713	0.02570	0.01456	0.01713	0.01028	0.00771	0.00771	0.00257	0.01199	0.00600	0.00343	0.01199
51	0.01000	0.00821	0.00865	0.00855	0.01101	0.00703	0.00631	0.01220	0.01877	0.02315	0.16530	0.07401	0.53649	0.06066	0.01145	0.00301	0.00429	0.01645	0.00759	0.00686
52	0.03438	0.01370	0.01840	0.01432	0.02030	0.01210	0.01175	0.03849	0.05279	0.60761	0.06379	0.02941	0.02316	0.01042	0.00824	0.00252	0.00673	0.00854	0.00990	0.01345
53	0.00989	0.00706	0.00942	0.01130	0.01177	0.00659	0.00753	0.01130	0.01554	0.02071	0.04472	0.70954	0.05367	0.02542	0.01036	0.00330	0.00471	0.02307	0.00753	0.00659
54	0.02018	0.01743	0.01835	0.01651	0.02110	0.02018	0.01284	0.04312	0.64956	0.03394	0.03303	0.03027	0.02477	0.01101	0.00826	0.00275	0.00642	0.00917	0.00826	0.01284
55	0.02018	0.01743	0.01835	0.01651	0.02110	0.02018	0.01284	0.04312	0.64956	0.03394	0.03303	0.03027	0.02477	0.01101	0.00826	0.00275	0.00642	0.00917	0.00826	0.01284
56	0.01161	0.00862	0.01265	0.01265	0.01396	0.00993	0.00965	0.01424	0.01292	0.01855	0.02209	0.03386	0.02115	0.12194	0.62277	0.01256	0.02044	0.00898	0.00440	0.00703
57	0.01627	0.04197	0.67279	0.02313	0.03512	0.01884	0.02998	0.02570	0.01713	0.02570	0.01456	0.01713	0.01028	0.00771	0.00771	0.00257	0.01199	0.00600	0.00343	0.01199
58	0.01977	0.01696	0.01804	0.01642	0.02085	0.01955	0.01286	0.04158	0.61257	0.03338	0.03361	0.03386	0.02605	0.01168	0.00843	0.00281	0.00648	0.04437	0.00821	0.01253
59	0.01002	0.00712	0.00938	0.01113	0.01157	0.00668	0.00735	0.01133	0.01528	0.02038	0.04342	0.66493	0.05202	0.07227	0.01246	0.00361	0.00492	0.02230	0.00735	0.00648
60	0.01532	0.01442	0.02434	0.69533	0.05589	0.01803	0.02253	0.02073	0.01622	0.02073	0.01442	0.02163	0.01082	0.00811	0.00811	0.00270	0.01082	0.00721	0.00361	0.00901
61	0.00989	0.00706	0.00942	0.01130	0.01177	0.00659	0.00753	0.01130	0.01554	0.02071	0.04472	0.70954	0.05367	0.02542	0.01036	0.00330	0.00471	0.02307	0.00753	0.00659
62	0.06693	0.00873	0.00878	0.00849	0.01074	0.00907	0.00650	0.04117	0.01732	0.03075	0.02491	0.02880	0.01970	0.01235	0.04540	0.00261	0.00519	0.00740	0.63731	0.00785
63	0.01021	0.00729	0.00978	0.01167	0.01228	0.00687	0.00809	0.01185	0.01585	0.02107	0.04455	0.64718	0.05296	0.02512	0.01044	0.00334	0.00499	0.08225	0.00753	0.00668
64	0.02182	0.62280	0.06768	0.01476	0.02167	0.06382	0.01462	0.02566	0.04674	0.02012	0.01251	0.01409	0.01109	0.00724	0.00557	0.00184	0.00902	0.00468	0.00373	0.01055
65	0.01868	0.06394	0.10606	0.03200	0.08136	0.02035	0.47061	0.02515	0.01860	0.02537	0.01708	0.05049	0.01383	0.00776	0.00907	0.00266	0.01256	0.00934	0.00414	0.01096
66	0.01180	0.00787	0.00885	0.00885	0.00885	0.00787	0.00492	0.01180	0.01180	0.01573	0.02557	0.05310	0.02950	0.71483	0.04130	0.00787	0.00787	0.01180	0.00492	0.00492
67	0.03031	0.03867	0.02299	0.02090	0.02508	0.68226	0.01568	0.03240	0.02299	0.01986	0.01254	0.01463	0.01045	0.00836	0.00732	0.00209	0.01463	0.00523	0.00418	0.00941
68	0.02759	0.05375	0.02554	0.02405	0.13999	0.13301	0.01676	0.32375	0.05316	0.06767	0.01921	0.02205	0.01490	0.00948	0.00797	0.00241	0.00975	0.02991	0.00659	0.01247
69	0.00969	0.00812	0.00842	0.00856	0.01107	0.00686	0.00634	0.01176	0.01841	0.02222	0.10100	0.13198	0.58616	0.02082	0.00966	0.00278	0.00415	0.01754	0.00759	0.00686
70	0.02300	0.42508	0.06752	0.01878	0.06625	0.17470	0.01595	0.02692	0.04784	0.02082	0.01300	0.01507	0.01127	0.00780	0.00699	0.00202	0.03747	0.00515	0.00389	0.01049
71	0.01409	0.00705	0.01057	0.01057	0.01057	0.00705	0.00705	0.01057	0.01057	0.01409	0.01409	0.02467	0.01409	0.02819	0.03171	0.76392	0.00705	0.00705	0.00352	0.00352
72	0.03177	0.02011	0.02259	0.01744	0.02378	0.02142	0.01437	0.44952	0.06511	0.21346	0.02347	0.02217	0.01601	0.00988	0.00814	0.00247	0.00827	0.00763	0.00863	0.01375
73	0.06550	0.01388	0.01856	0.01429	0.02052	0.01217	0.01180	0.03892	0.02285	0.64479	0.03119	0.02705	0.01964	0.00994	0.00804	0.00251	0.00688	0.00801	0.00984	0.01361
74	0.01129	0.00829	0.01058	0.01001	0.01201	0.00757	0.00751	0.01494	0.02252	0.03147	0.60164	0.06238	0.13553	0.01699	0.00957	0.00257	0.00386	0.01492	0.00879	0.00757
75	0.01065	0.00821	0.00941	0.00914	0.01121	0.00731	0.00666	0.01322	0.01963	0.02572	0.32136	0.06778	0.33970	0.09883	0.01323	0.00325	0.00442	0.01547	0.00783	0.00697
76	0.01148	0.00829	0.01085	0.01021	0.01212	0.00766	0.00766	0.01531	0.02297	0.03254	0.65994	0.06061	0.07656	0.01659	0.00957	0.00255	0.00383	0.01467	0.00893	0.00766
77	0.02169	0.71972	0.04252	0.01388	0.02083	0.03211	0.01388	0.02430	0.01649	0.01909	0.01128	0.01302	0.01041	0.00694	0.00521	0.00174	0.00868	0.00434	0.00347	0.01041
78	0.01627	0.04197	0.67279	0.02313	0.03512	0.01884	0.02998	0.02570	0.01713	0.02570	0.01456	0.01713	0.01028	0.00771	0.00771	0.00257	0.01199	0.00600	0.00343	0.01199
79	0.03381	0.01323	0.01800	0.01400	0.01982	0.01148	0.01148	0.03702	0.02320	0.60349	0.09738	0.03105	0.02597	0.01072	0.00831	0.00252	0.00658	0.00884	0.00993	0.01317
80	0.01775	0.01775	0.02485	0.02130	0.02130	0.02485	0.01775	0.01953	0.01243	0.01953	0.01065	0.01775	0.01065	0.01420	0.02663	0.00355	0.69998	0.00710	0.00355	0.00888
81	0.01960	0.01879	0.03207	0.11497	0.60281	0.01915	0.02466	0.02448	0.01825	0.02593	0.01518	0.02024	0.01265	0.00732	0.00804	0.00244	0.00976	0.00723	0.00398	0.01247
82	0.00964	0.00801	0.00843	0.00877	0.01110	0.00680	0.00641	0.01158	0.01797	0.02171	0.07554	0.19027	0.55304	0.02142	0.00973	0.00284	0.00422	0.01818	0.00753	0.00680
83	0.02008	0.01928	0.03294	0.04981	0.66422	0.01928	0.02490	0.02490	0.01848	0.02651	0.01526	0.02008	0.01285	0.00723	0.00803	0.00241	0.00964	0.00723	0.00402	0.01285
84	0.03031	0.03867	0.02299	0.02090	0.02508	0.68226	0.01568	0.03240	0.02299	0.01986	0.01254	0.01463	0.01045	0.00836	0.00732	0.00209	0.01463	0.00523	0.00418	0.00941
85	0.01663	0.01399	0.01671	0.01267	0.01855	0.01183	0.01005	0.04349	0.01681	0.02576	0.01575	0.02035	0.01375	0.04797	0.07812	0.00291	0.04086	0.00577	0.00484	0.58321
86	0.02671	0.05525	0.05037	0.02845	0.20523	0.32581	0.01868	0.14199	0.02408	0.02772	0.01462	0.01710	0.01174	0.00822	0.00760	0.00225	0.01186	0.00617	0.00481	0.01132
87	0.03113	0.02228	0.02407	0.01846	0.02494	0.02449	0.01525	0.60697	0.03740	0.08240	0.02011	0.01989	0.01412	0.00976	0.00812	0.00244	0.00883	0.00735	0.00821	0.01380
88	0.01920	0.02176	0.04717	0.03494	0.07201	0.02046	0.60572	0.02594	0.01912	0.02602	0.01636	0.02180	0.01234	0.00686	0.00950	0.00272	0.01349	0.00946	0.00410	0.01103
89	0.00967	0.00822	0.00833	0.00831	0.01101	0.00688	0.00623	0.01180	0.01869	0.02238	0.10697	0.07734	0.63587	0.02038	0.00959	0.00273	0.00410	0.01702	0.00759	0.00688
90	0.02018	0.01743	0.01835	0.01651	0.02110	0.02018	0.01284	0.04312	0.64956	0.03394	0.03303	0.03027	0.02477	0.01101	0.00826	0.00275	0.00642	0.00917	0.00826	0.01284
91	0.05167	0.02117	0.04445	0.05827	0.08400	0.02024	0.54395	0.02563	0.01877	0.02629	0.01604	0.02138	0.01214	0.00694	0.00922	0.00270	0.01298	0.00911	0.00412	0.01091
92	0.03620	0.01413	0.01903	0.01459	0.02088	0.01241	0.01205	0.06126	0.02377	0.64735	0.03156	0.02732	0.01986	0.01003	0.00816	0.00251	0.00698	0.00813	0.00997	0.01381
93	0.01300	0.00929	0.01297	0.01472	0.01659	0.00926	0.01282	0.01674	0.01888	0.02468	0.07233	0.09006	0.04812	0.02214	0.01113	0.00368	0.00730	0.58128	0.00754	0.00748
94	0.02008	0.01928	0.03294	0.04981	0.66422	0.01928	0.02490	0.02490	0.01848	0.02651	0.01526	0.02008	0.01285	0.00723	0.00803	0.00241	0.00964	0.00723	0.00402	0.01285
95	0.08216	0.15383	0.37638	0.02262	0.07318	0.02074	0.07662	0.02455	0.01669	0.02498	0.01389	0.01704	0.01071	0.00842	0.00836	0.03845	0.01068	0.00601	0.00367	0.01101
96	0.01083	0.00774	0.01050	0.01238	0.01327	0.00741	0.00918	0.01294	0.01647	0.02178	0.04420	0.52569	0.05159	0.02453	0.01061	0.00343	0.00553	0.19756	0.00751	0.00685
97	0.01797	0.01751	0.02789	0.39529	0.30984	0.04725	0.02323	0.02299	0.01746	0.02312	0.01469	0.02068	0.01166	0.00775	0.00804	0.00255	0.01049	0.00713	0.00380	0.01064
98	0.01513	0.00756	0.00756	0.00756	0.00945	0.00756	0.00567	0.01891	0.01702	0.03025	0.02647	0.03025	0.02080	0.00945	0.00567	0.00189	0.00378	0.00756	0.75988	0.00756
99	0.01887	0.01955	0.06266	0.11385	0.48550	0.01869	0.07929	0.02401	0.01811	0.02556	0.01652	0.05012	0.01423	0.00810	0.00827	0.00252	0.01003	0.00807	0.00411	0.01196
100	0.01224	0.01037	0.01093	0.01037	0.01268	0.05406	0.00778	0.01544	0.02168	0.02860	0.44843	0.06248	0.24066	0.01716	0.00942	0.00257	0.00466	0.01473	0.00820	0.00754
101	0.01532	0.01442	0.02434	0.69533	0.05589	0.01803	0.02253	0.02073	0.01622	0.02073	0.01442	0.02163	0.01082	0.00811	0.00811	0.00270	0.01082	0.00721	0.00361	0.00901
102	0.01040	0.00823	0.00925	0.00901	0.01132	0.00720	0.00669	0.01306	0.01995	0.02575	0.30138	0.07043	0.41277	0.04571	0.01080	0.00286	0.00415	0.01598	0.00797	0.00708
103	0.77215	0.01569	0.01193	0.01067	0.01569	0.01820	0.00879	0.02385	0.01381	0.03641	0.01130	0.01318	0.00879	0.00753	0.00502	0.00251	0.00628	0.00439	0.00502	0.00879
104	0.00989	0.00706	0.00942	0.01130	0.01177	0.00659	0.00753	0.01130	0.01554	0.02071	0.04472	0.70954	0.05367	0.02542	0.01036	0.00330	0.00471	0.02307	0.00753	0.00659
105	0.02018	0.01743	0.01835	0.01651	0.02110	0.02018	0.01284	0.04312	0.64956	0.03394	0.03303	0.03027	0.02477	0.01101	0.00826	0.00275	0.00642	0.00917	0.00826	0.01284
106	0.77215	0.01569	0.01193	0.01067	0.01569	0.01820	0.00879	0.02385	0.01381	0.03641	0.01130	0.01318	0.00879	0.00753	0.00502	0.00251	0.00628	0.00439	0.00502	0.00879
107	0.02018	0.01743	0.01835	0.01651	0.02110	0.02018	0.01284	0.04312	0.64956	0.03394	0.03303	0.03027	0.02477	0.01101	0.00826	0.00275	0.00642	0.00917	0.00826	0.01284
108	0.00968	0.00822	0.00834	0.00831	0.01102	0.00689	0.00624	0.01182	0.01871	0.02242	0.10954	0.07726	0.63327	0.02036	0.00959	0.00273	0.00410	0.01701	0.00760	0.00689
109	0.00998	0.00710	0.00939	0.01118	0.01163	0.00665	0.00741	0.01132	0.01536	0.02048	0.04382	0.67845	0.05252	0.05807	0.01182	0.00351	0.00486	0.02253	0.00741	0.00651
110	0.01915	0.02189	0.04788	0.03420	0.04241	0.02052	0.63475	0.02599	0.01915	0.02599	0.01642	0.02189	0.01231	0.00684	0.00958	0.00274	0.01368	0.00958	0.00410	0.01094
111	0.03031	0.03867	0.02299	0.02090	0.02508	0.68226	0.01568	0.03240	0.02299	0.01986	0.01254	0.01463	0.01045	0.00836	0.00732	0.00209	0.01463	0.00523	0.00418	0.00941
112	0.03031	0.03867	0.02299	0.02090	0.02508	0.68226	0.01568	0.03240	0.02299	0.01986	0.01254	0.01463	0.01045	0.00836	0.00732	0.00209	0.01463	0.00523	0.00418	0.00941
113	0.01007	0.00720	0.00963	0.01151	0.01206	0.00675	0.00786	0.01162	0.01572	0.02092	0.04462	0.67331	0.05326	0.02525	0.01041	0.00332	0.00487	0.05745	0.00753	0.00664
114	0.01651	0.07131	0.64551	0.02273	0.03450	0.01942	0.02928	0.02564	0.01710	0.02541	0.01442	0.01695	0.01028	0.00768	0.00760	0.00253	0.01185	0.00592	0.00343	0.01192
115	0.01627	0.04197	0.67279	0.02313	0.03512	0.01884	0.02998	0.02570	0.01713	0.02570	0.01456	0.01713	0.01028	0.00771	0.00771	0.00257	0.01199	0.00600	0.00343	0.01199
116	0.00989	0.00706	0.00942	0.01130	0.01177	0.00659	0.00753	0.01130	0.01554	0.02071	0.04472	0.70954	0.05367	0.02542	0.01036	0.00330	0.00471	0.02307	0.00753	0.00659
117	0.01392	0.00716	0.01074	0.01074	0.01084	0.00726	0.00726	0.01084	0.01074	0.01442	0.01461	0.02516	0.01452	0.03041	0.07595	0.71289	0.00805	0.00716	0.00358	0.00378
118	0.01513	0.00756	0.00756	0.00756	0.00945	0.00756	0.00567	0.01891	0.01702	0.03025	0.02647	0.03025	0.02080	0.00945	0.00567	0.00189	0.00378	0.00756	0.75988	0.00756
119	0.01148	0.00829	0.01085	0.01021	0.01212	0.00766	0.00766	0.01531	0.02297	0.03254	0.65994	0.06061	0.07656	0.01659	0.00957	0.00255	0.00383	0.01467	0.00893	0.00766
120	0.01282	0.00916	0.01278	0.01465	0.01641	0.00912	0.01263	0.01637	0.01843	0.02400	0.04310	0.14081	0.04725	0.02265	0.01114	0.00370	0.00725	0.56283	0.00748	0.00740
121	0.02210	0.68730	0.04159	0.01422	0.02103	0.06305	0.01397	0.02468	0.01680	0.01913	0.01134	0.01309	0.01041	0.00701	0.00531	0.00175	0.00896	0.00438	0.00350	0.01037
122	0.01409	0.00705	0.01057	0.01057	0.01057	0.00705	0.00705	0.01057	0.01057	0.01409	0.01409	0.02467	0.01409	0.02819	0.03171	0.76392	0.00705	0.00705	0.00352	0.00352
123	0.03641	0.01381	0.01883	0.01444	0.02071	0.01193	0.01193	0.03954	0.02322	0.66984	0.03201	0.02762	0.02009	0.01004	0.00816	0.00251	0.00690	0.00816	0.01004	0.01381
124	0.01508	0.01411	0.01224	0.01160	0.01437	0.13409	0.00869	0.01766	0.02065	0.04945	0.23346	0.09615	0.30816	0.01699	0.00915	0.00259	0.00615	0.01418	0.00741	0.00782
125	0.01683	0.01442	0.01683	0.01202	0.01923	0.01082	0.00961	0.02043	0.01683	0.02644	0.01442	0.01683	0.01202	0.00601	0.00601	0.00120	0.00601	0.00481	0.00481	0.76444
126	0.58427	0.01548	0.01446	0.07496	0.04747	0.01780	0.01093	0.05174	0.01516	0.03373	0.01233	0.01533	0.00975	0.00908	0.00739	0.05426	0.00701	0.00509	0.00489	0.00886
127	0.01513	0.00756	0.00756	0.00756	0.00945	0.00756	0.00567	0.01891	0.01702	0.03025	0.02647	0.03025	0.02080	0.00945	0.00567	0.00189	0.00378	0.00756	0.75988	0.00756
128	0.00989	0.00706	0.00942	0.01130	0.01177	0.00659	0.00753	0.01130	0.01554	0.02071	0.04472	0.70954	0.05367	0.02542	0.01036	0.00330	0.00471	0.02307	0.00753	0.00659
129	0.74474	0.04141	0.01304	0.01079	0.01588	0.01871	0.00897	0.02387	0.01391	0.03577	0.01130	0.01318	0.00885	0.00751	0.00503	0.00248	0.00636	0.00439	0.00496	0.00885
130	0.02974	0.02533	0.02383	0.01909	0.02481	0.15047	0.01544	0.46993	0.06321	0.04314	0.01846	0.01900	0.01356	0.00971	0.00868	0.00243	0.03627	0.00699	0.00720	0.01273
131	0.01031	0.00742	0.00969	0.01116	0.01188	0.00685	0.00744	0.01171	0.01534	0.02062	0.04215	0.63592	0.05028	0.07146	0.01228	0.00352	0.00498	0.02154	0.00724	0.03822
132	0.53168	0.01872	0.08076	0.05931	0.02127	0.01857	0.01254	0.09041	0.01735	0.03571	0.03990	0.01683	0.01246	0.00821	0.00603	0.00252	0.00735	0.00550	0.00527	0.00963
133	0.05122	0.01724	0.02265	0.04225	0.02239	0.04889	0.05698	0.08149	0.01716	0.05580	0.01667	0.05295	0.01479	0.01421	0.04290	0.00340	0.34676	0.00801	0.07479	0.00946
134	0.01180	0.00787	0.00885	0.00885	0.00885	0.00787	0.00492	0.01180	0.01180	0.01573	0.02557	0.05310	0.02950	0.71483	0.04130	0.00787	0.00787	0.01180	0.00492	0.00492
135	0.01932	0.01850	0.03156	0.15278	0.56717	0.01908	0.02452	0.02424	0.01812	0.02559	0.01513	0.02033	0.01253	0.00737	0.00805	0.00246	0.00983	0.00723	0.00395	0.01224
136	0.02828	0.03274	0.02317	0.02203	0.06798	0.47636	0.01589	0.09744	0.11063	0.02557	0.01628	0.01767	0.01294	0.00880	0.00758	0.00224	0.01256	0.00613	0.00515	0.01058
137	0.01944	0.01969	0.02895	0.16355	0.32882	0.09418	0.07070	0.02397	0.01835	0.02405	0.01749	0.02707	0.01549	0.00937	0.00929	0.00264	0.04323	0.06857	0.00429	0.01084
138	0.01177	0.00796	0.00932	0.00929	0.00951	0.00806	0.00551	0.01220	0.01244	0.01680	0.05518	0.05157	0.03090	0.62377	0.09678	0.00808	0.00891	0.01166	0.00506	0.00525
139	0.03211	0.02070	0.02310	0.01771	0.02415	0.02215	0.01463	0.50121	0.03476	0.19188	0.02233	0.02133	0.01523	0.00981	0.00813	0.00245	0.00847	0.00750	0.00856	0.01380
140	0.04647	0.45080	0.23529	0.01659	0.02477	0.02646	0.01851	0.02425	0.01643	0.02175	0.01279	0.01519	0.01078	0.00975	0.03806	0.00256	0.01024	0.00506	0.00355	0.01069
