[name]
unknown

[dist]
# distance from previous block
# <min> <max>
4	52

[block]
# block no. 0 follows, 23 sequences, length 8
# corresponding to MSA columns:
# 52-59
name=unknown_A
#
# <colnr> <probs for GDERKNQSTAVLIFYWHMCP>
#	G	D	E	R	K	N	Q	S	T	A	V	L	I	F	Y	W	H	M	C	P
0	0.06502	0.02236	0.02859	0.06367	0.32583	0.10549	0.04814	0.18470	0.02384	0.03232	0.01581	0.01900	0.01246	0.00806	0.00787	0.00241	0.01015	0.00694	0.00514	0.01218
1	0.09588	0.01855	0.01936	0.01680	0.04932	0.07180	0.01282	0.23812	0.06174	0.12983	0.11737	0.02848	0.04828	0.01067	0.00794	0.00241	0.00767	0.00843	0.00755	0.04698
2	0.01494	0.01344	0.05890	0.01559	0.01907	0.01116	0.12414	0.01766	0.01546	0.05703	0.02642	0.17918	0.02786	0.27825	0.02114	0.00460	0.00827	0.01247	0.00550	0.08890
3	0.01946	0.01830	0.02990	0.04351	0.54701	0.01870	0.02251	0.02609	0.08586	0.02674	0.01765	0.02205	0.01468	0.01161	0.05803	0.00323	0.01019	0.00755	0.00450	0.01244
4	0.02817	0.02451	0.02225	0.04994	0.02529	0.19354	0.01484	0.27958	0.11972	0.09154	0.02023	0.02046	0.01484	0.00932	0.00782	0.00235	0.00981	0.00697	0.00689	0.05195
5	0.02582	0.01412	0.01713	0.01435	0.01924	0.01390	0.01138	0.07461	0.18466	0.30895	0.06915	0.10439	0.05219	0.01254	0.00847	0.00261	0.00637	0.01055	0.00882	0.04074
6	0.02401	0.01699	0.01940	0.05134	0.02251	0.01789	0.01290	0.30128	0.08654	0.09256	0.05954	0.08867	0.02264	0.01122	0.00805	0.00240	0.00733	0.00917	0.04875	0.09682
7	0.12720	0.01782	0.07501	0.08885	0.02538	0.01682	0.03760	0.08081	0.16006	0.17613	0.07229	0.02765	0.03915	0.01014	0.00790	0.00260	0.00768	0.00829	0.00716	0.01147

[dist]
# distance from previous block
# <min> <max>
0	1

[block]
# block no. 1 follows, 23 sequences, length 6
# corresponding to MSA columns:
# 61-66
name=unknown_B
#
# <colnr> <probs for GDERKNQSTAVLIFYWHMCP>
#	G	D	E	R	K	N	Q	S	T	A	V	L	I	F	Y	W	H	M	C	P
0	0.02166	0.56243	0.13345	0.01564	0.02328	0.02959	0.01637	0.07541	0.01838	0.02272	0.01244	0.01416	0.01067	0.00729	0.00582	0.00192	0.00918	0.00483	0.00385	0.01093
1	0.10806	0.02147	0.07879	0.01719	0.02386	0.02074	0.01511	0.35668	0.06438	0.18007	0.02164	0.02097	0.01493	0.00946	0.00777	0.00249	0.00834	0.00717	0.00780	0.01306
2	0.02110	0.02133	0.03134	0.04136	0.46592	0.08991	0.07314	0.02802	0.09626	0.02667	0.01724	0.02090	0.01401	0.00778	0.00811	0.00244	0.01011	0.00745	0.00456	0.01233
3	0.10581	0.06021	0.02469	0.06615	0.10416	0.18285	0.01633	0.27987	0.02698	0.03538	0.01568	0.01753	0.01198	0.00862	0.00744	0.00234	0.01023	0.00633	0.00581	0.01161
4	0.06677	0.10392	0.07810	0.01523	0.02036	0.01849	0.01337	0.24016	0.02507	0.05941	0.11001	0.15997	0.02940	0.01312	0.00818	0.00255	0.00741	0.01079	0.00702	0.01067
5	0.11545	0.01928	0.02462	0.07393	0.29156	0.07662	0.01805	0.09849	0.02109	0.11147	0.02117	0.02326	0.05228	0.00889	0.00773	0.00245	0.00898	0.00743	0.00559	0.01167

[dist]
# distance from previous block
# <min> <max>
14	39

[block]
# block no. 2 follows, 23 sequences, length 15
# corresponding to MSA columns:
# 107-121
name=unknown_C
#
# <colnr> <probs for GDERKNQSTAVLIFYWHMCP>
#	G	D	E	R	K	N	Q	S	T	A	V	L	I	F	Y	W	H	M	C	P
0	0.04298	0.01392	0.01697	0.06369	0.05102	0.01470	0.01204	0.13117	0.12851	0.08037	0.27661	0.04053	0.06794	0.01282	0.00868	0.00257	0.00624	0.01089	0.00796	0.01038
1	0.01926	0.01833	0.03111	0.10042	0.58155	0.01859	0.02383	0.02408	0.01852	0.02634	0.04789	0.02226	0.01592	0.00778	0.00812	0.00244	0.00944	0.00761	0.00423	0.01228
2	0.02664	0.01971	0.02325	0.02101	0.10591	0.02044	0.01515	0.35824	0.07419	0.09172	0.02000	0.02050	0.01464	0.00887	0.00774	0.00224	0.00816	0.00705	0.00716	0.14736
3	0.08874	0.01998	0.02546	0.02760	0.23098	0.02112	0.01754	0.31782	0.02802	0.11511	0.01893	0.02012	0.01383	0.00878	0.00784	0.00244	0.00870	0.00714	0.00676	0.01308
4	0.65900	0.01524	0.01230	0.01105	0.01580	0.01752	0.00899	0.02456	0.05983	0.03593	0.06364	0.01811	0.01523	0.00849	0.00561	0.00253	0.00610	0.00554	0.00556	0.00899
5	0.01783	0.01516	0.01761	0.04909	0.04948	0.01661	0.01270	0.03336	0.40245	0.03169	0.13977	0.03653	0.03264	0.01182	0.00843	0.00262	0.00634	0.03786	0.00766	0.07035
6	0.01491	0.01169	0.01294	0.01130	0.01490	0.01121	0.00879	0.12403	0.05277	0.03097	0.22848	0.05583	0.30050	0.01595	0.00898	0.00251	0.00513	0.01337	0.00786	0.06790
7	0.01115	0.00828	0.01039	0.00986	0.01192	0.00752	0.00740	0.01467	0.02219	0.03069	0.55910	0.06366	0.17855	0.01728	0.00957	0.00258	0.00388	0.01510	0.00869	0.00752
8	0.01992	0.01973	0.03554	0.04708	0.55569	0.01950	0.13134	0.02509	0.01859	0.02642	0.01546	0.02040	0.01276	0.00716	0.00830	0.00247	0.01034	0.00764	0.00403	0.01252
9	0.03085	0.02273	0.02435	0.01867	0.02516	0.02516	0.01542	0.63716	0.03815	0.05114	0.01948	0.01948	0.01380	0.00974	0.00812	0.00244	0.00893	0.00731	0.00812	0.01380
10	0.01532	0.01442	0.02434	0.69533	0.05589	0.01803	0.02253	0.02073	0.01622	0.02073	0.01442	0.02163	0.01082	0.00811	0.00811	0.00270	0.01082	0.00721	0.00361	0.00901
11	0.01221	0.00850	0.01208	0.01208	0.01361	0.00969	0.00936	0.01526	0.01373	0.02083	0.02256	0.03159	0.02037	0.05189	0.56452	0.01109	0.01860	0.00850	0.13621	0.00730
12	0.01151	0.00823	0.01120	0.01264	0.01395	0.00793	0.00988	0.01432	0.01815	0.02428	0.15136	0.33647	0.05473	0.02262	0.01058	0.00335	0.00572	0.26818	0.00775	0.00715
13	0.01915	0.02189	0.04788	0.03420	0.04241	0.02052	0.63475	0.02599	0.01915	0.02599	0.01642	0.02189	0.01231	0.00684	0.00958	0.00274	0.01368	0.00958	0.00410	0.01094
14	0.03020	0.01680	0.01995	0.01571	0.02178	0.01678	0.01279	0.18779	0.15083	0.33687	0.02766	0.02524	0.01879	0.00983	0.00799	0.00243	0.00724	0.00788	0.00878	0.07466

[dist]
# distance from previous block
# <min> <max>
33	45

[block]
# block no. 3 follows, 23 sequences, length 8
# corresponding to MSA columns:
# 169-176
name=unknown_D
#
# <colnr> <probs for GDERKNQSTAVLIFYWHMCP>
#	G	D	E	R	K	N	Q	S	T	A	V	L	I	F	Y	W	H	M	C	P
0	0.01888	0.01420	0.01680	0.01258	0.01905	0.01141	0.00999	0.05873	0.01860	0.08748	0.01911	0.08054	0.01664	0.00836	0.00673	0.00159	0.00615	0.00692	0.00574	0.58049
1	0.02085	0.01609	0.01821	0.01418	0.02026	0.01523	0.01134	0.14199	0.14924	0.06984	0.06983	0.02403	0.02036	0.00877	0.00726	0.00193	0.00653	0.00711	0.00674	0.37023
2	0.01615	0.01527	0.02584	0.58281	0.16193	0.01825	0.02295	0.02146	0.01662	0.02174	0.01457	0.02136	0.01117	0.00796	0.00810	0.00265	0.01061	0.00721	0.00368	0.00968
3	0.01528	0.01302	0.02092	0.55504	0.04642	0.01589	0.01910	0.02036	0.01639	0.02267	0.01688	0.02339	0.01285	0.00839	0.00761	0.00254	0.00938	0.00728	0.15787	0.00872
4	0.02648	0.02056	0.02189	0.01779	0.02350	0.02312	0.01437	0.39379	0.28864	0.04409	0.02503	0.02390	0.01829	0.01026	0.00817	0.00257	0.00790	0.00807	0.00817	0.01341
5	0.01253	0.00944	0.01196	0.01287	0.01473	0.00946	0.01008	0.01788	0.09843	0.02542	0.13292	0.26678	0.09499	0.02092	0.01022	0.00324	0.00573	0.22674	0.00780	0.00787
6	0.15181	0.01495	0.01710	0.01404	0.01897	0.01547	0.01142	0.11100	0.07577	0.27877	0.05603	0.03139	0.10069	0.01152	0.00906	0.00262	0.05111	0.00882	0.00802	0.01145
7	0.01889	0.01456	0.01724	0.05043	0.02097	0.01265	0.01082	0.10279	0.02057	0.07074	0.06128	0.02631	0.07519	0.00883	0.00708	0.00175	0.00642	0.00720	0.00601	0.46025

[dist]
# distance from previous block
# <min> <max>
9	76

[block]
# block no. 4 follows, 23 sequences, length 27
# corresponding to MSA columns:
# 253-265,268-281
name=unknown_E
#
# <colnr> <probs for GDERKNQSTAVLIFYWHMCP>
#	G	D	E	R	K	N	Q	S	T	A	V	L	I	F	Y	W	H	M	C	P
0	0.01299	0.00852	0.01079	0.01157	0.01292	0.00816	0.00802	0.01610	0.06183	0.07484	0.06710	0.50268	0.07238	0.07644	0.01238	0.00350	0.00520	0.01940	0.00764	0.00755
1	0.54960	0.01748	0.05670	0.03838	0.02050	0.01800	0.05607	0.02495	0.06063	0.03404	0.04716	0.01805	0.01387	0.00823	0.00610	0.00256	0.00722	0.00585	0.00524	0.00938
2	0.21148	0.01762	0.02161	0.13897	0.22336	0.06511	0.01659	0.02382	0.04306	0.02751	0.02005	0.02311	0.06469	0.00869	0.00721	0.00242	0.00849	0.00707	0.00474	0.06441
3	0.02824	0.02425	0.02254	0.01852	0.02388	0.16203	0.01498	0.42553	0.03197	0.04056	0.01985	0.02444	0.01587	0.01356	0.05035	0.00312	0.01083	0.05047	0.00700	0.01200
4	0.01232	0.01067	0.01092	0.01055	0.01280	0.06246	0.00784	0.01529	0.02105	0.02737	0.38423	0.10887	0.25018	0.01778	0.00945	0.00263	0.00486	0.01526	0.00801	0.00747
5	0.01022	0.00726	0.00960	0.01135	0.01188	0.00685	0.00769	0.01168	0.01546	0.02058	0.04324	0.62381	0.05150	0.07468	0.01263	0.00365	0.00511	0.05893	0.00734	0.00653
6	0.01915	0.02189	0.04788	0.03420	0.04241	0.02052	0.63475	0.02599	0.01915	0.02599	0.01642	0.02189	0.01231	0.00684	0.00958	0.00274	0.01368	0.00958	0.00410	0.01094
7	0.03085	0.02273	0.02435	0.01867	0.02516	0.02516	0.01542	0.63716	0.03815	0.05114	0.01948	0.01948	0.01380	0.00974	0.00812	0.00244	0.00893	0.00731	0.00812	0.01380
8	0.02018	0.01743	0.01835	0.01651	0.02110	0.02018	0.01284	0.04312	0.64956	0.03394	0.03303	0.03027	0.02477	0.01101	0.00826	0.00275	0.00642	0.00917	0.00826	0.01284
9	0.01286	0.00862	0.01018	0.00990	0.01117	0.00831	0.00658	0.01521	0.04226	0.05282	0.18759	0.10895	0.10624	0.35596	0.02491	0.00522	0.00614	0.01368	0.00675	0.00667
10	0.02153	0.01518	0.01729	0.01506	0.01887	0.01611	0.01166	0.30757	0.04984	0.06958	0.05710	0.29929	0.03312	0.01639	0.00908	0.00280	0.00683	0.01405	0.00802	0.01062
11	0.02102	0.63591	0.12045	0.01503	0.02259	0.03047	0.01587	0.02447	0.01657	0.01991	0.01169	0.01353	0.01040	0.00704	0.00552	0.00184	0.00909	0.00454	0.00347	0.01061
12	0.69349	0.05062	0.01403	0.01141	0.01648	0.05721	0.00943	0.02437	0.01447	0.03462	0.01137	0.01326	0.00896	0.00755	0.00516	0.00245	0.00687	0.00444	0.00490	0.00890
13	0.01862	0.01751	0.02361	0.01997	0.02098	0.02332	0.01658	0.06824	0.01491	0.02288	0.01225	0.01837	0.01142	0.01317	0.02308	0.00326	0.57548	0.00700	0.03653	0.05284
14	0.01601	0.01028	0.00999	0.04858	0.01358	0.05707	0.00765	0.01971	0.01715	0.02824	0.02447	0.02873	0.01944	0.01251	0.04826	0.00265	0.00609	0.00744	0.61437	0.00776
15	0.01104	0.00777	0.00922	0.00960	0.01030	0.00741	0.00612	0.01218	0.01512	0.02015	0.13107	0.22220	0.10976	0.36318	0.02540	0.00538	0.00607	0.01563	0.00645	0.00595
16	0.04629	0.01504	0.02392	0.55397	0.04843	0.01919	0.02117	0.02065	0.01549	0.02116	0.01366	0.02064	0.01071	0.00912	0.01111	0.00284	0.12691	0.00708	0.00365	0.00898
17	0.01683	0.01442	0.01683	0.01202	0.01923	0.01082	0.00961	0.02043	0.01683	0.02644	0.01442	0.01683	0.01202	0.00601	0.00601	0.00120	0.00601	0.00481	0.00481	0.76444
18	0.02123	0.63092	0.07250	0.01598	0.02326	0.03054	0.06538	0.02450	0.01674	0.01996	0.01185	0.01393	0.01056	0.00697	0.00568	0.00186	0.00924	0.00484	0.00352	0.01053
19	0.01179	0.00773	0.00903	0.00920	0.00924	0.00769	0.00531	0.01167	0.01206	0.01608	0.02651	0.11169	0.03063	0.60183	0.03775	0.06175	0.00752	0.01250	0.00506	0.00497
20	0.02169	0.71972	0.04252	0.01388	0.02083	0.03211	0.01388	0.02430	0.01649	0.01909	0.01128	0.01302	0.01041	0.00694	0.00521	0.00174	0.00868	0.00434	0.00347	0.01041
21	0.01053	0.00814	0.00966	0.01002	0.01202	0.00728	0.00752	0.01313	0.01923	0.02494	0.23512	0.19101	0.32264	0.02051	0.00989	0.00289	0.00447	0.07600	0.00792	0.00709
22	0.03085	0.02273	0.02435	0.01867	0.02516	0.02516	0.01542	0.63716	0.03815	0.05114	0.01948	0.01948	0.01380	0.00974	0.00812	0.00244	0.00893	0.00731	0.00812	0.01380
23	0.01803	0.04013	0.01380	0.01114	0.01428	0.00970	0.00876	0.02164	0.02226	0.18025	0.43396	0.04840	0.05600	0.01407	0.00874	0.00245	0.00475	0.01213	0.07032	0.00920
24	0.00970	0.00822	0.00838	0.00834	0.01103	0.00690	0.00625	0.01186	0.01876	0.02255	0.11647	0.07705	0.62626	0.02032	0.00959	0.00273	0.00409	0.01698	0.00762	0.00690
25	0.07443	0.01887	0.03023	0.04426	0.56481	0.01928	0.02275	0.02632	0.06971	0.02783	0.01643	0.02042	0.01353	0.00756	0.00783	0.00245	0.00913	0.00718	0.00444	0.01256
26	0.07438	0.32551	0.31925	0.01780	0.02681	0.02401	0.02056	0.02579	0.01698	0.06188	0.01397	0.01572	0.01081	0.00751	0.00648	0.00221	0.00987	0.00531	0.00395	0.01120

[dist]
# distance from previous block
# <min> <max>
9	15

[block]
# block no. 5 follows, 23 sequences, length 139
# corresponding to MSA columns:
# 299-437
name=unknown_F
#
# <colnr> <probs for GDERKNQSTAVLIFYWHMCP>
#	G	D	E	R	K	N	Q	S	T	A	V	L	I	F	Y	W	H	M	C	P
0	0.01691	0.07013	0.06268	0.01288	0.02015	0.01284	0.01124	0.02075	0.01677	0.02562	0.01528	0.04156	0.01328	0.00690	0.00622	0.00141	0.00657	0.00551	0.00471	0.62858
1	0.01825	0.08208	0.44316	0.02809	0.15669	0.05490	0.05434	0.02581	0.01775	0.02512	0.01445	0.01751	0.01089	0.00756	0.00767	0.00246	0.01153	0.00625	0.00361	0.01187
2	0.06485	0.13703	0.08748	0.01885	0.02445	0.31443	0.04351	0.07106	0.02123	0.05172	0.01841	0.01997	0.05307	0.00911	0.00786	0.00226	0.03334	0.00642	0.00477	0.01016
3	0.01894	0.17871	0.36627	0.02323	0.06012	0.02170	0.10808	0.02684	0.05093	0.04874	0.01578	0.01813	0.01183	0.00767	0.00750	0.00242	0.01094	0.00644	0.00406	0.01167
4	0.01999	0.06617	0.06702	0.04607	0.58934	0.02009	0.02445	0.02490	0.01828	0.02598	0.01497	0.01947	0.01256	0.00724	0.00783	0.00237	0.00970	0.00698	0.00395	0.01265
5	0.01766	0.01804	0.09013	0.42365	0.18445	0.01774	0.02286	0.02315	0.01731	0.06168	0.01658	0.02342	0.01291	0.00845	0.00816	0.00265	0.01033	0.02625	0.00419	0.01040
6	0.01586	0.14051	0.01724	0.01217	0.01529	0.11987	0.00964	0.01804	0.01796	0.02128	0.04324	0.14484	0.23081	0.05514	0.01018	0.00284	0.00712	0.05338	0.05675	0.00784
7	0.01074	0.00819	0.00997	0.01065	0.01233	0.00757	0.00779	0.01377	0.03997	0.02427	0.18347	0.31924	0.23211	0.02144	0.00997	0.00300	0.00463	0.06587	0.00785	0.00717
8	0.06675	0.03816	0.57793	0.02259	0.05034	0.01845	0.02751	0.02628	0.01727	0.06010	0.01528	0.01750	0.01076	0.00781	0.00757	0.00256	0.01129	0.00604	0.00389	0.01190
9	0.01361	0.01083	0.01304	0.01465	0.01641	0.05279	0.01221	0.01680	0.01837	0.02333	0.04130	0.20202	0.04563	0.02206	0.01079	0.00355	0.00742	0.46048	0.00727	0.00743
10	0.01920	0.05443	0.22024	0.03002	0.05979	0.06367	0.38123	0.02623	0.01872	0.02527	0.01541	0.01969	0.01157	0.00720	0.00869	0.00260	0.01295	0.00802	0.00389	0.01118
11	0.02127	0.01719	0.01838	0.01637	0.02107	0.01963	0.01278	0.04288	0.60741	0.07674	0.03296	0.03010	0.02445	0.01094	0.00825	0.00274	0.00645	0.00911	0.00838	0.01291
12	0.01173	0.00772	0.00903	0.00925	0.00931	0.00766	0.00537	0.01166	0.01215	0.01620	0.02703	0.12785	0.03129	0.58811	0.03704	0.05821	0.00744	0.01280	0.00513	0.00502
13	0.01072	0.00782	0.01034	0.01177	0.01286	0.00719	0.00832	0.01255	0.01599	0.02151	0.04248	0.59110	0.05005	0.02377	0.01016	0.00321	0.00512	0.09000	0.00734	0.05770
14	0.00989	0.00706	0.00942	0.01130	0.01177	0.00659	0.00753	0.01130	0.01554	0.02071	0.04472	0.70954	0.05367	0.02542	0.01036	0.00330	0.00471	0.02307	0.00753	0.00659
15	0.03463	0.01467	0.01912	0.01488	0.02102	0.01346	0.01222	0.07583	0.07983	0.57604	0.03135	0.02736	0.02012	0.01011	0.00817	0.00253	0.00698	0.00820	0.00977	0.01372
16	0.01167	0.00839	0.01149	0.01149	0.01240	0.00930	0.00820	0.01349	0.01258	0.01768	0.02316	0.03975	0.02371	0.30360	0.44461	0.01112	0.01659	0.00985	0.00456	0.00638
17	0.00987	0.00714	0.00934	0.01110	0.01172	0.00661	0.00744	0.01132	0.01573	0.02079	0.04717	0.66834	0.09329	0.02510	0.01031	0.00326	0.00467	0.02268	0.00753	0.00661
18	0.02018	0.01743	0.01835	0.01651	0.02110	0.02018	0.01284	0.04312	0.64956	0.03394	0.03303	0.03027	0.02477	0.01101	0.00826	0.00275	0.00642	0.00917	0.00826	0.01284
19	0.03509	0.01352	0.01841	0.01421	0.02026	0.01170	0.01170	0.03827	0.02321	0.63621	0.06515	0.02936	0.02307	0.01039	0.00823	0.00251	0.00674	0.00850	0.00998	0.01348
20	0.02075	0.02054	0.03229	0.04792	0.62252	0.06254	0.02430	0.02539	0.01877	0.02608	0.01509	0.01973	0.01270	0.00730	0.00799	0.00239	0.00997	0.00710	0.00403	0.01263
21	0.01221	0.00906	0.01187	0.01328	0.01536	0.00872	0.01136	0.01553	0.01863	0.02370	0.05269	0.08820	0.19899	0.02195	0.01081	0.00349	0.00664	0.46270	0.00749	0.00732
22	0.01763	0.04008	0.62878	0.02254	0.03415	0.01838	0.02876	0.02663	0.01754	0.06905	0.01574	0.01784	0.01094	0.00787	0.00774	0.00257	0.01165	0.00614	0.00387	0.01211
23	0.02606	0.02422	0.02425	0.02007	0.02377	0.15959	0.01631	0.29290	0.02587	0.03345	0.01491	0.01787	0.01199	0.01105	0.01456	0.00276	0.25673	0.00681	0.00568	0.01114
24	0.03042	0.03539	0.02327	0.02044	0.02510	0.54701	0.01563	0.15687	0.02611	0.02630	0.01397	0.01563	0.01114	0.00865	0.00748	0.00216	0.01346	0.00565	0.00499	0.01031
25	0.02217	0.02075	0.01921	0.01729	0.02177	0.12747	0.01352	0.08519	0.45832	0.03232	0.02933	0.03103	0.02308	0.01125	0.00829	0.00269	0.00802	0.04880	0.00753	0.01200
26	0.02436	0.01682	0.04855	0.14474	0.06874	0.01705	0.08406	0.02957	0.05462	0.26024	0.02259	0.02589	0.01647	0.01021	0.01124	0.00278	0.11563	0.02855	0.00642	0.01146
27	0.01938	0.01857	0.03167	0.14469	0.57480	0.01910	0.02455	0.02429	0.01815	0.02566	0.01514	0.02031	0.01255	0.00736	0.00804	0.00245	0.00981	0.00723	0.00396	0.01229
28	0.01032	0.00729	0.00953	0.01115	0.01162	0.00691	0.00745	0.01166	0.01518	0.02020	0.04194	0.58503	0.04991	0.12208	0.01475	0.00396	0.00530	0.05216	0.00716	0.00640
29	0.01880	0.01851	0.05190	0.16454	0.49431	0.01837	0.02356	0.02383	0.01794	0.02564	0.01572	0.02084	0.01284	0.00753	0.00790	0.00244	0.00960	0.00720	0.04671	0.01182
30	0.02380	0.02383	0.25924	0.01727	0.02509	0.01442	0.01817	0.03049	0.05581	0.27581	0.07729	0.02827	0.02188	0.00997	0.00808	0.00251	0.00846	0.02981	0.00696	0.06285
31	0.01627	0.04197	0.67279	0.02313	0.03512	0.01884	0.02998	0.02570	0.01713	0.02570	0.01456	0.01713	0.01028	0.00771	0.00771	0.00257	0.01199	0.00600	0.00343	0.01199
32	0.03641	0.01381	0.01883	0.01444	0.02071	0.01193	0.01193	0.03954	0.02322	0.66984	0.03201	0.02762	0.02009	0.01004	0.00816	0.00251	0.00690	0.00816	0.01004	0.01381
33	0.04356	0.04102	0.64893	0.02268	0.03442	0.01882	0.02921	0.02563	0.01701	0.02608	0.01444	0.01699	0.01022	0.00770	0.00761	0.00257	0.01179	0.00594	0.00348	0.01188
34	0.12586	0.01635	0.04411	0.14236	0.07040	0.01591	0.05568	0.03204	0.07747	0.30267	0.02343	0.02363	0.01601	0.00897	0.00781	0.00258	0.00829	0.00754	0.00703	0.01187
35	0.02159	0.02272	0.02427	0.29669	0.14347	0.22256	0.01932	0.05944	0.01997	0.02376	0.01505	0.01966	0.01186	0.00822	0.00769	0.00240	0.01123	0.00663	0.05351	0.00995
36	0.00970	0.00780	0.00865	0.00933	0.01125	0.00676	0.00666	0.01152	0.01742	0.02148	0.06864	0.30663	0.44114	0.02231	0.00987	0.00294	0.00433	0.01928	0.00753	0.00676
37	0.00986	0.00716	0.00931	0.01104	0.01170	0.00661	0.00742	0.01133	0.01579	0.02082	0.04789	0.65616	0.10500	0.02501	0.01029	0.00325	0.00466	0.02257	0.00753	0.00661
38	0.06980	0.01632	0.02625	0.02066	0.02540	0.01702	0.19844	0.02683	0.09249	0.14491	0.02784	0.09328	0.06901	0.01199	0.01164	0.00286	0.11808	0.01042	0.00626	0.01049
39	0.01750	0.01616	0.12145	0.03698	0.02016	0.03518	0.01389	0.02197	0.02058	0.13539	0.24725	0.08552	0.04446	0.01511	0.00927	0.00281	0.00708	0.13233	0.00750	0.00941
40	0.01270	0.00907	0.01265	0.01452	0.01622	0.00902	0.01243	0.01617	0.01831	0.02387	0.04317	0.16371	0.04751	0.02277	0.01111	0.00368	0.00715	0.54110	0.00748	0.00737
41	0.01656	0.03897	0.58873	0.04777	0.05702	0.01894	0.06902	0.02552	0.01728	0.02557	0.01470	0.01769	0.01051	0.00765	0.00786	0.00258	0.01198	0.00631	0.00350	0.01185
42	0.01672	0.03930	0.59758	0.02626	0.10906	0.01890	0.02938	0.02560	0.01729	0.02579	0.01464	0.01748	0.01058	0.00765	0.00775	0.00255	0.01172	0.00614	0.00350	0.01209
43	0.01628	0.03914	0.60541	0.02441	0.07532	0.01840	0.02878	0.02509	0.01716	0.02556	0.01577	0.04402	0.01212	0.00836	0.00783	0.00259	0.01156	0.00673	0.00362	0.01184
44	0.01866	0.07922	0.43121	0.02430	0.03438	0.01980	0.15934	0.02641	0.01780	0.06849	0.01581	0.01863	0.01140	0.00783	0.00857	0.00258	0.03304	0.00685	0.00403	0.01169
45	0.02305	0.01632	0.02802	0.15229	0.14397	0.01620	0.15214	0.04675	0.01999	0.20901	0.02323	0.07105	0.01838	0.00995	0.00869	0.00267	0.00954	0.03116	0.00617	0.01141
46	0.01125	0.00885	0.01346	0.01517	0.05062	0.00838	0.04976	0.01335	0.01613	0.02160	0.04112	0.58885	0.04826	0.02301	0.01023	0.00324	0.00574	0.05660	0.00711	0.00728
47	0.01708	0.01628	0.02566	0.36457	0.04024	0.02061	0.06011	0.05269	0.01616	0.02219	0.01379	0.02057	0.01134	0.01199	0.03766	0.00333	0.24518	0.00738	0.00388	0.00928
48	0.02289	0.04532	0.09164	0.05215	0.21555	0.10341	0.01883	0.14649	0.06394	0.06363	0.02236	0.04697	0.05157	0.00971	0.00803	0.00246	0.00955	0.00805	0.00566	0.01179
49	0.01839	0.03130	0.39401	0.10547	0.14120	0.01850	0.05815	0.02648	0.03857	0.06762	0.01651	0.01951	0.01199	0.00789	0.00795	0.00257	0.01104	0.00678	0.00417	0.01188
50	0.01145	0.00826	0.01085	0.01045	0.01228	0.00766	0.00785	0.01514	0.02239	0.03157	0.60256	0.09811	0.07417	0.01730	0.00968	0.00264	0.00401	0.03724	0.00880	0.00759
51	0.06762	0.01935	0.04795	0.02494	0.13314	0.09600	0.07582	0.02209	0.01702	0.02372	0.02072	0.07160	0.02059	0.01320	0.01346	0.00302	0.18850	0.12689	0.00485	0.00952
52	0.01861	0.10075	0.38861	0.05481	0.03032	0.01954	0.02269	0.10893	0.02008	0.02880	0.03486	0.01926	0.01346	0.00818	0.00737	0.00235	0.01011	0.00634	0.04426	0.06066
53	0.01978	0.01885	0.03208	0.04831	0.63638	0.01885	0.02439	0.02455	0.01848	0.02641	0.01645	0.02315	0.01431	0.00788	0.00817	0.00247	0.00955	0.03313	0.00417	0.01262
54	0.02008	0.01928	0.03294	0.04981	0.66422	0.01928	0.02490	0.02490	0.01848	0.02651	0.01526	0.02008	0.01285	0.00723	0.00803	0.00241	0.00964	0.00723	0.00402	0.01285
55	0.01574	0.01428	0.02373	0.51856	0.07100	0.01741	0.04137	0.02031	0.01586	0.02125	0.01496	0.02199	0.01172	0.00969	0.01069	0.04535	0.06071	0.00730	0.04926	0.00882
56	0.01843	0.02010	0.04144	0.10447	0.07616	0.01996	0.46648	0.02453	0.01834	0.02496	0.01695	0.02462	0.01362	0.00818	0.01052	0.00281	0.05770	0.03601	0.00416	0.01055
57	0.01308	0.01048	0.01602	0.01481	0.01649	0.01236	0.04572	0.01613	0.01363	0.02027	0.02044	0.02941	0.01867	0.04772	0.50662	0.01035	0.10493	0.00845	0.06674	0.00768
58	0.01060	0.00952	0.04766	0.01242	0.01352	0.00811	0.00926	0.01248	0.01549	0.02094	0.04148	0.63924	0.04928	0.02391	0.01094	0.00327	0.03638	0.02138	0.00712	0.00700
59	0.01019	0.00747	0.01025	0.04962	0.01424	0.00723	0.00837	0.01183	0.01557	0.02071	0.04303	0.67100	0.05127	0.02445	0.01023	0.00326	0.00505	0.02218	0.00731	0.00673
60	0.01817	0.01116	0.01703	0.05477	0.05628	0.01066	0.05249	0.02123	0.01840	0.17241	0.03620	0.30202	0.03705	0.01803	0.00971	0.00308	0.00699	0.13763	0.00746	0.00922
61	0.01646	0.04066	0.63202	0.02385	0.03559	0.01895	0.06944	0.02572	0.01726	0.02572	0.01468	0.01744	0.01041	0.00765	0.00783	0.00258	0.01210	0.00623	0.00347	0.01192
62	0.01974	0.01893	0.03231	0.09682	0.61991	0.01919	0.02473	0.02460	0.01831	0.02609	0.01520	0.02020	0.01270	0.00729	0.00804	0.00243	0.00973	0.00723	0.00399	0.01257
63	0.02261	0.02553	0.09254	0.07500	0.16470	0.14870	0.15113	0.04467	0.02077	0.02690	0.02170	0.02623	0.05341	0.01026	0.00973	0.00290	0.03559	0.00851	0.04744	0.01166
64	0.01870	0.01818	0.03209	0.25886	0.35183	0.01923	0.11519	0.04204	0.01843	0.02527	0.01529	0.02085	0.01213	0.00754	0.00829	0.00256	0.01061	0.00758	0.00402	0.01133
65	0.01573	0.01760	0.07292	0.02410	0.02955	0.01542	0.32917	0.02189	0.06060	0.02463	0.02753	0.26753	0.02778	0.01381	0.00964	0.00293	0.00987	0.01413	0.00557	0.00959
66	0.03300	0.00825	0.01066	0.03453	0.01381	0.00786	0.00815	0.01431	0.01676	0.06580	0.10395	0.47649	0.09176	0.06072	0.01159	0.00335	0.00516	0.01914	0.00749	0.00725
67	0.07768	0.08871	0.02383	0.01971	0.02401	0.56641	0.01516	0.03078	0.02153	0.02087	0.01230	0.01452	0.01035	0.00840	0.00767	0.00214	0.03717	0.00517	0.00416	0.00943
68	0.02161	0.21501	0.34902	0.01934	0.02865	0.02300	0.02198	0.13491	0.02110	0.07056	0.01571	0.01715	0.01158	0.00802	0.00715	0.00232	0.01024	0.00593	0.00470	0.01202
69	0.01043	0.00756	0.00992	0.01152	0.01227	0.00721	0.00789	0.01280	0.03781	0.02199	0.08129	0.62812	0.05384	0.02430	0.01026	0.00325	0.00480	0.04019	0.00764	0.00690
70	0.00989	0.00706	0.00942	0.01130	0.01177	0.00659	0.00753	0.01130	0.01554	0.02071	0.04472	0.70954	0.05367	0.02542	0.01036	0.00330	0.00471	0.02307	0.00753	0.00659
71	0.02169	0.71972	0.04252	0.01388	0.02083	0.03211	0.01388	0.02430	0.01649	0.01909	0.01128	0.01302	0.01041	0.00694	0.00521	0.00174	0.00868	0.00434	0.00347	0.01041
72	0.01063	0.00785	0.01040	0.01185	0.01270	0.00762	0.00851	0.01253	0.01644	0.02188	0.08045	0.53240	0.08920	0.02387	0.01091	0.00329	0.02787	0.09728	0.00747	0.00686
73	0.01915	0.02189	0.04788	0.03420	0.04241	0.02052	0.63475	0.02599	0.01915	0.02599	0.01642	0.02189	0.01231	0.00684	0.00958	0.00274	0.01368	0.00958	0.00410	0.01094
74	0.00998	0.00816	0.00880	0.00879	0.01124	0.00699	0.00654	0.01234	0.01919	0.02392	0.19273	0.11268	0.51030	0.02007	0.00963	0.00274	0.00409	0.01700	0.00781	0.00699
75	0.02662	0.09411	0.12047	0.01620	0.02284	0.01756	0.01508	0.07553	0.15690	0.29132	0.05967	0.02624	0.02113	0.00989	0.00787	0.00249	0.00774	0.00793	0.00777	0.01264
76	0.02941	0.06108	0.01913	0.01402	0.01950	0.01380	0.01161	0.06795	0.06442	0.43203	0.08163	0.03465	0.07148	0.01155	0.00828	0.00253	0.00669	0.02887	0.00902	0.01233
77	0.00989	0.00706	0.00942	0.01130	0.01177	0.00659	0.00753	0.01130	0.01554	0.02071	0.04472	0.70954	0.05367	0.02542	0.01036	0.00330	0.00471	0.02307	0.00753	0.00659
78	0.05889	0.01782	0.04274	0.01811	0.05499	0.01927	0.01392	0.03878	0.51831	0.03274	0.03092	0.03236	0.02420	0.01125	0.00825	0.00278	0.00686	0.04793	0.00763	0.01225
79	0.01683	0.01442	0.01683	0.01202	0.01923	0.01082	0.00961	0.02043	0.01683	0.02644	0.01442	0.01683	0.01202	0.00601	0.00601	0.00120	0.00601	0.00481	0.00481	0.76444
80	0.01922	0.01116	0.01403	0.01273	0.01571	0.00989	0.00953	0.02178	0.02319	0.17475	0.41034	0.11279	0.09469	0.01732	0.01020	0.00303	0.00547	0.01449	0.00958	0.01009
81	0.03328	0.01563	0.05532	0.01493	0.02126	0.01293	0.01289	0.07740	0.02387	0.55048	0.07121	0.02864	0.02280	0.01032	0.00822	0.00251	0.00712	0.00841	0.00947	0.01330
82	0.02383	0.10318	0.32412	0.01862	0.02744	0.01815	0.02059	0.03186	0.08430	0.23596	0.02181	0.02147	0.01499	0.00873	0.00764	0.00248	0.00940	0.00685	0.00609	0.01250
83	0.03183	0.01894	0.09830	0.01606	0.02273	0.04906	0.01442	0.03789	0.09255	0.48628	0.02898	0.02596	0.01891	0.00978	0.00807	0.00252	0.00788	0.00786	0.00873	0.01325
84	0.03183	0.01280	0.01737	0.01366	0.01914	0.01114	0.01114	0.03510	0.02318	0.55289	0.14724	0.03367	0.03045	0.01124	0.00842	0.00252	0.00634	0.00936	0.00984	0.01268
85	0.04544	0.02490	0.08838	0.03786	0.39055	0.14302	0.06229	0.02744	0.05481	0.02590	0.01565	0.01928	0.01268	0.00768	0.00789	0.00241	0.01076	0.00692	0.00427	0.01188
86	0.06816	0.02090	0.05827	0.02819	0.03547	0.01981	0.43349	0.02720	0.09239	0.02735	0.01759	0.02164	0.01339	0.00766	0.00956	0.00265	0.04128	0.00865	0.00465	0.06168
87	0.01180	0.00787	0.00885	0.00885	0.00885	0.00787	0.00492	0.01180	0.01180	0.01573	0.02557	0.05310	0.02950	0.71483	0.04130	0.00787	0.00787	0.01180	0.00492	0.00492
88	0.02293	0.01709	0.02036	0.01731	0.02242	0.01877	0.05331	0.04138	0.49967	0.14379	0.03176	0.02927	0.02314	0.01057	0.00833	0.00271	0.00698	0.00902	0.00830	0.01289
89	0.06444	0.02882	0.28885	0.03013	0.17892	0.01976	0.14559	0.07128	0.04358	0.02878	0.01597	0.01920	0.01200	0.00769	0.00804	0.00256	0.01100	0.00711	0.00432	0.01196
90	0.01996	0.32366	0.34529	0.01890	0.02816	0.04584	0.02182	0.06648	0.01846	0.02446	0.01346	0.01549	0.01058	0.00755	0.00668	0.00220	0.01049	0.00537	0.00378	0.01137
91	0.01159	0.00869	0.01304	0.01304	0.01449	0.01014	0.01014	0.01449	0.01304	0.01884	0.02173	0.03188	0.02029	0.06086	0.68268	0.01304	0.02173	0.00869	0.00435	0.00724
92	0.02159	0.02030	0.02962	0.08660	0.49348	0.08844	0.02234	0.02596	0.01911	0.06730	0.01808	0.02189	0.03294	0.00800	0.00802	0.00241	0.00990	0.00738	0.00451	0.01211
93	0.02225	0.04988	0.05849	0.01546	0.02059	0.01912	0.01316	0.25390	0.18891	0.03837	0.08691	0.02772	0.02366	0.01045	0.00773	0.00241	0.00708	0.00835	0.13392	0.01164
94	0.01167	0.00781	0.00889	0.00901	0.00905	0.00778	0.00509	0.01177	0.01205	0.01607	0.02686	0.09728	0.03113	0.66844	0.03922	0.00756	0.00765	0.01256	0.00509	0.00503
95	0.03550	0.01401	0.01880	0.01455	0.02074	0.01239	0.01198	0.03974	0.05831	0.63421	0.03207	0.02777	0.02035	0.01010	0.00817	0.00252	0.00688	0.00822	0.00994	0.01376
96	0.02366	0.01738	0.01909	0.01622	0.02110	0.01927	0.01284	0.17957	0.38013	0.10373	0.06449	0.02896	0.02422	0.01159	0.00919	0.03199	0.00694	0.00886	0.00827	0.01252
97	0.03620	0.01414	0.01903	0.01459	0.02088	0.01241	0.01205	0.06147	0.02377	0.64713	0.03155	0.02732	0.01986	0.01003	0.00816	0.00251	0.00698	0.00813	0.00997	0.01381
98	0.01097	0.00813	0.01023	0.01000	0.01188	0.00739	0.00739	0.01420	0.02130	0.02930	0.48689	0.14234	0.17330	0.01834	0.00967	0.00267	0.00398	0.01611	0.00852	0.00739
99	0.02169	0.71972	0.04252	0.01388	0.02083	0.03211	0.01388	0.02430	0.01649	0.01909	0.01128	0.01302	0.01041	0.00694	0.00521	0.00174	0.00868	0.00434	0.00347	0.01041
100	0.02247	0.01720	0.01862	0.01635	0.02120	0.01939	0.01283	0.06414	0.55387	0.10931	0.03242	0.02957	0.02382	0.01085	0.00824	0.00271	0.00657	0.00899	0.00846	0.01299
101	0.02018	0.01743	0.01835	0.01651	0.02110	0.02018	0.01284	0.04312	0.64956	0.03394	0.03303	0.03027	0.02477	0.01101	0.00826	0.00275	0.00642	0.00917	0.00826	0.01284
102	0.01530	0.01370	0.02257	0.62301	0.05100	0.01693	0.02076	0.02054	0.01631	0.02173	0.01569	0.02254	0.01187	0.00825	0.00786	0.00262	0.01008	0.00725	0.08313	0.00886
103	0.01760	0.01718	0.02387	0.02053	0.02063	0.02387	0.01707	0.01949	0.01269	0.02013	0.01155	0.01846	0.01123	0.01393	0.02544	0.00346	0.66058	0.00713	0.04636	0.00880
104	0.01647	0.03408	0.47480	0.02597	0.10738	0.01796	0.07914	0.02451	0.01770	0.02602	0.05850	0.02136	0.01559	0.01015	0.03310	0.00295	0.01167	0.00713	0.00396	0.01153
105	0.00989	0.00706	0.00942	0.01130	0.01177	0.00659	0.00753	0.01130	0.01554	0.02071	0.04472	0.70954	0.05367	0.02542	0.01036	0.00330	0.00471	0.02307	0.00753	0.00659
106	0.01683	0.01442	0.01683	0.01202	0.01923	0.01082	0.00961	0.02043	0.01683	0.02644	0.01442	0.01683	0.01202	0.00601	0.00601	0.00120	0.00601	0.00481	0.00481	0.76444
107	0.01137	0.00829	0.01069	0.01009	0.01205	0.00761	0.00757	0.01509	0.02270	0.03190	0.62516	0.06166	0.11173	0.01683	0.00957	0.00256	0.00385	0.01482	0.00885	0.00761
108	0.01976	0.01895	0.03236	0.09325	0.62328	0.01920	0.02474	0.02462	0.01832	0.02612	0.01521	0.02019	0.01272	0.00729	0.00804	0.00243	0.00972	0.00723	0.00399	0.01259
109	0.02975	0.08311	0.02427	0.02045	0.02481	0.63984	0.01556	0.03187	0.02257	0.01981	0.01246	0.01453	0.01045	0.00827	0.00718	0.00207	0.01424	0.00517	0.00413	0.00947
110	0.01142	0.00785	0.00927	0.00940	0.00990	0.00763	0.00580	0.01237	0.01456	0.01967	0.14601	0.14088	0.06294	0.47346	0.03038	0.00612	0.00659	0.01398	0.00608	0.00570
111	0.01587	0.05054	0.02024	0.01690	0.01833	0.01839	0.01386	0.05460	0.01447	0.02109	0.01638	0.02419	0.01532	0.03530	0.33023	0.00781	0.30606	0.00771	0.00419	0.00849
112	0.00994	0.00829	0.00871	0.00876	0.01138	0.00706	0.00668	0.01223	0.01886	0.02290	0.12628	0.07745	0.57933	0.02034	0.00968	0.00278	0.00428	0.05046	0.00764	0.00695
113	0.11074	0.19152	0.23880	0.02003	0.06445	0.12931	0.01942	0.04808	0.01875	0.06875	0.01448	0.01627	0.01110	0.00781	0.00681	0.00227	0.01039	0.00556	0.00439	0.01107
114	0.49038	0.05006	0.19741	0.05301	0.02356	0.01891	0.01565	0.02421	0.01497	0.03188	0.01238	0.01475	0.00938	0.00759	0.00595	0.00251	0.00821	0.00500	0.00444	0.00975
115	0.02144	0.63578	0.10102	0.01496	0.02229	0.05034	0.01545	0.02467	0.01674	0.01973	0.01163	0.01345	0.01040	0.00706	0.00550	0.00182	0.00917	0.00452	0.00349	0.01053
116	0.20311	0.01523	0.02201	0.38155	0.03968	0.01779	0.05238	0.02395	0.01646	0.10110	0.01568	0.02012	0.01149	0.00839	0.00824	0.00267	0.03904	0.00676	0.00473	0.00963
117	0.20362	0.01527	0.02187	0.34289	0.14470	0.01783	0.01865	0.02187	0.01607	0.02583	0.01586	0.02452	0.01341	0.00911	0.00816	0.00271	0.03109	0.05274	0.00432	0.00948
118	0.01745	0.07469	0.47004	0.02618	0.08378	0.01993	0.12167	0.02616	0.03760	0.02569	0.01530	0.01828	0.01126	0.00760	0.00790	0.00254	0.01171	0.00665	0.00373	0.01183
119	0.01180	0.00787	0.00885	0.00885	0.00885	0.00787	0.00492	0.01180	0.01180	0.01573	0.02557	0.05310	0.02950	0.71483	0.04130	0.00787	0.00787	0.01180	0.00492	0.00492
120	0.00997	0.00713	0.00949	0.01124	0.01179	0.00665	0.00754	0.01151	0.01593	0.02134	0.07719	0.67530	0.05488	0.02496	0.01032	0.00326	0.00466	0.02262	0.00761	0.00665
121	0.14636	0.52931	0.10522	0.01434	0.02151	0.02836	0.01476	0.02437	0.01611	0.02269	0.01164	0.01349	0.01013	0.00712	0.00544	0.00195	0.00863	0.00453	0.00372	0.01031
122	0.01963	0.02196	0.10845	0.04666	0.58998	0.01923	0.02550	0.02500	0.01832	0.02641	0.01518	0.01973	0.01255	0.00729	0.00799	0.00243	0.00992	0.00708	0.00395	0.01275
123	0.03383	0.01396	0.01850	0.01442	0.02034	0.01253	0.01182	0.06116	0.05195	0.57576	0.07260	0.02958	0.02374	0.01050	0.00825	0.00252	0.00676	0.00860	0.00982	0.01336
124	0.01546	0.02931	0.39901	0.02061	0.06548	0.01585	0.02212	0.02408	0.06737	0.02829	0.19644	0.03047	0.03008	0.01042	0.00829	0.00257	0.00914	0.00874	0.00537	0.01090
125	0.05832	0.05800	0.05379	0.01666	0.06191	0.01501	0.01318	0.05431	0.10122	0.31058	0.14021	0.03104	0.02853	0.01073	0.00808	0.00250	0.00689	0.00886	0.00820	0.01201
126	0.01793	0.01122	0.01081	0.00988	0.01244	0.04051	0.00751	0.11027	0.02009	0.03199	0.02476	0.02934	0.01982	0.05190	0.00825	0.00234	0.00527	0.00767	0.56958	0.00841
127	0.00989	0.00706	0.00942	0.01130	0.01177	0.00659	0.00753	0.01130	0.01554	0.02071	0.04472	0.70954	0.05367	0.02542	0.01036	0.00330	0.00471	0.02307	0.00753	0.00659
128	0.02181	0.02309	0.03124	0.08512	0.45612	0.15509	0.05956	0.02623	0.01930	0.02474	0.01472	0.01918	0.01220	0.00750	0.00798	0.00238	0.01098	0.00696	0.00403	0.01178
129	0.01717	0.06197	0.49794	0.02548	0.03636	0.01974	0.17622	0.02572	0.01760	0.02553	0.01489	0.01814	0.01078	0.00747	0.00807	0.00258	0.01228	0.00680	0.00359	0.01168
130	0.02779	0.02075	0.02214	0.01747	0.02335	0.02296	0.01427	0.50178	0.12231	0.04660	0.02447	0.02405	0.04471	0.01039	0.00811	0.00247	0.00816	0.00802	0.03709	0.01311
131	0.01776	0.03631	0.51552	0.04768	0.03626	0.01872	0.12620	0.02630	0.01774	0.05926	0.01577	0.01860	0.01114	0.00771	0.00805	0.00260	0.01196	0.00673	0.00389	0.01182
132	0.02031	0.02085	0.07625	0.08351	0.28264	0.06177	0.05198	0.08889	0.08749	0.02945	0.06131	0.02400	0.01838	0.00879	0.00806	0.00246	0.00934	0.00786	0.04504	0.01163
133	0.01392	0.00836	0.01101	0.01130	0.01305	0.00761	0.00810	0.01621	0.01861	0.11314	0.19893	0.41987	0.08682	0.02084	0.00982	0.00297	0.00476	0.01860	0.00823	0.00787
134	0.00999	0.00711	0.00938	0.01116	0.01160	0.00666	0.00738	0.01133	0.01532	0.02043	0.04364	0.67238	0.05230	0.06444	0.01211	0.00355	0.00489	0.02243	0.00738	0.00650
135	0.01565	0.01888	0.14557	0.02381	0.10987	0.01399	0.15291	0.02051	0.01791	0.04833	0.07164	0.24926	0.03120	0.01433	0.00927	0.00285	0.00880	0.02974	0.00573	0.00976
136	0.06237	0.09813	0.25699	0.06076	0.05841	0.01927	0.14537	0.02325	0.01731	0.02527	0.05835	0.06586	0.01794	0.00952	0.00899	0.00261	0.04645	0.00831	0.00433	0.01050
137	0.01368	0.00788	0.00937	0.00950	0.01116	0.00829	0.00717	0.01703	0.01569	0.02609	0.02624	0.07647	0.02285	0.02636	0.21453	0.00542	0.00937	0.00895	0.47651	0.00740
138	0.01897	0.01526	0.01672	0.01514	0.01896	0.01736	0.01177	0.03564	0.45479	0.05881	0.05636	0.06905	0.06284	0.01254	0.00934	0.00275	0.04481	0.01028	0.05712	0.01147

[dist]
# distance from previous block
# <min> <max>
2	5

[block]
# block no. 6 follows, 23 sequences, length 65
# corresponding to MSA columns:
# 443-507
name=unknown_G
#
# <colnr> <probs for GDERKNQSTAVLIFYWHMCP>
#	G	D	E	R	K	N	Q	S	T	A	V	L	I	F	Y	W	H	M	C	P
0	0.08238	0.02184	0.12466	0.05410	0.10824	0.03853	0.04415	0.13267	0.10774	0.05093	0.06672	0.04760	0.01993	0.01020	0.00922	0.00263	0.05294	0.00825	0.00592	0.01136
1	0.16266	0.42432	0.08267	0.01562	0.02263	0.02594	0.06284	0.02570	0.01680	0.07670	0.01363	0.01525	0.01104	0.00736	0.00595	0.00209	0.00873	0.00520	0.00435	0.01055
2	0.02705	0.12462	0.02452	0.01813	0.02287	0.33986	0.01447	0.16114	0.05297	0.02804	0.01592	0.01761	0.01271	0.00888	0.00778	0.00218	0.03533	0.00600	0.06945	0.01048
3	0.14345	0.08929	0.18549	0.05791	0.02675	0.02174	0.01778	0.24458	0.04650	0.03612	0.01666	0.01826	0.01231	0.00855	0.00715	0.00242	0.00905	0.00631	0.03802	0.01164
4	0.02053	0.01642	0.02262	0.11175	0.10338	0.01762	0.06401	0.09801	0.21410	0.08549	0.06644	0.03324	0.06270	0.01104	0.00858	0.00268	0.00803	0.03501	0.00690	0.01146
5	0.03123	0.02019	0.02184	0.01709	0.02315	0.05147	0.01398	0.39057	0.06420	0.21881	0.02357	0.02245	0.01620	0.00981	0.00801	0.00244	0.00832	0.00755	0.03580	0.01332
6	0.02013	0.01175	0.01454	0.01346	0.01656	0.01159	0.01012	0.10518	0.07474	0.18511	0.06131	0.36681	0.03853	0.01798	0.00931	0.00291	0.00592	0.01579	0.00834	0.00990
7	0.01734	0.07466	0.52451	0.07451	0.03423	0.01868	0.02661	0.02550	0.01759	0.05857	0.04286	0.01966	0.01367	0.00820	0.00770	0.00253	0.01110	0.00648	0.00402	0.01158
8	0.01633	0.00972	0.01032	0.00967	0.01176	0.01003	0.00707	0.10455	0.01896	0.02985	0.02682	0.08844	0.02404	0.13588	0.01272	0.00314	0.00531	0.00955	0.45793	0.00790
9	0.00989	0.00706	0.00942	0.01130	0.01177	0.00659	0.00753	0.01130	0.01554	0.02071	0.04472	0.70954	0.05367	0.02542	0.01036	0.00330	0.00471	0.02307	0.00753	0.00659
10	0.01949	0.01772	0.02814	0.33227	0.21534	0.02005	0.05833	0.12115	0.02033	0.02745	0.01537	0.02066	0.01194	0.00839	0.00921	0.00263	0.04875	0.00737	0.00447	0.01094
11	0.11260	0.20540	0.31027	0.02048	0.06267	0.08359	0.02121	0.02543	0.01697	0.02461	0.01302	0.01558	0.01030	0.00781	0.00755	0.00234	0.04010	0.00543	0.00374	0.01088
12	0.01117	0.00859	0.01046	0.01123	0.01340	0.00789	0.00909	0.01403	0.01887	0.02392	0.12785	0.12088	0.32116	0.02114	0.01026	0.00314	0.00542	0.24667	0.00766	0.00716
13	0.02003	0.01974	0.03224	0.10924	0.55676	0.04732	0.04650	0.02486	0.01848	0.02566	0.01511	0.02006	0.01254	0.00735	0.00807	0.00244	0.01011	0.00723	0.00399	0.01227
14	0.12143	0.01867	0.01809	0.05825	0.06197	0.13013	0.01371	0.02969	0.20906	0.05172	0.04995	0.03683	0.04588	0.01204	0.00821	0.00273	0.00829	0.10659	0.00652	0.01024
15	0.02416	0.05756	0.02054	0.04639	0.06332	0.01720	0.01349	0.06849	0.25682	0.21141	0.06326	0.03223	0.04638	0.01107	0.00824	0.00260	0.00705	0.02963	0.00798	0.01220
16	0.03032	0.01807	0.02088	0.01636	0.02225	0.01880	0.01339	0.33473	0.07991	0.26021	0.07732	0.02649	0.02196	0.01051	0.00826	0.00250	0.00762	0.00835	0.00885	0.01322
17	0.01981	0.02100	0.03341	0.09236	0.27998	0.08914	0.19067	0.02452	0.01833	0.02427	0.01761	0.02238	0.03976	0.00860	0.01037	0.00262	0.08201	0.00808	0.00413	0.01097
18	0.07881	0.36127	0.29933	0.01769	0.02646	0.04804	0.02018	0.02512	0.01677	0.02320	0.01268	0.01478	0.01023	0.00735	0.00630	0.00215	0.01006	0.00506	0.00360	0.01090
19	0.01009	0.00811	0.00904	0.00938	0.01159	0.00706	0.00699	0.01237	0.01860	0.02323	0.14818	0.18029	0.44925	0.02095	0.00981	0.00287	0.00437	0.05316	0.00771	0.00695
20	0.05817	0.26837	0.02936	0.01619	0.02242	0.02621	0.01412	0.35638	0.02808	0.03734	0.01773	0.05813	0.01477	0.00959	0.00709	0.00224	0.00847	0.00707	0.00630	0.01195
21	0.01908	0.08784	0.11310	0.03201	0.10631	0.02154	0.40569	0.02528	0.01819	0.02498	0.01525	0.02009	0.01187	0.00745	0.00987	0.00264	0.05552	0.00829	0.00393	0.01109
22	0.01874	0.02401	0.11952	0.03224	0.04047	0.02055	0.53232	0.02562	0.01857	0.02562	0.01590	0.02112	0.01199	0.00732	0.01024	0.00276	0.04901	0.00903	0.00400	0.01096
23	0.00999	0.00714	0.00950	0.01123	0.01179	0.00666	0.00754	0.01155	0.01600	0.02145	0.08321	0.66895	0.05510	0.02487	0.01031	0.00325	0.00465	0.02254	0.00762	0.00666
24	0.02674	0.01895	0.02095	0.01667	0.02227	0.02029	0.01349	0.41468	0.08495	0.09526	0.05373	0.08557	0.02171	0.01140	0.00828	0.00248	0.00775	0.00916	0.00807	0.05760
25	0.44177	0.01628	0.01738	0.21819	0.02912	0.01911	0.01385	0.10746	0.01789	0.03371	0.01337	0.01660	0.01009	0.00801	0.00638	0.00256	0.00801	0.00564	0.00502	0.00955
26	0.16362	0.01362	0.01513	0.01323	0.01752	0.01423	0.01042	0.03076	0.19914	0.19515	0.16273	0.07339	0.03331	0.01216	0.00803	0.00264	0.00586	0.01001	0.00820	0.01085
27	0.01454	0.00983	0.01101	0.01038	0.01158	0.01009	0.00681	0.09879	0.01678	0.02320	0.05548	0.10975	0.03099	0.45426	0.02901	0.00588	0.00715	0.01200	0.07581	0.00667
28	0.08922	0.02010	0.02188	0.01823	0.04562	0.02204	0.01429	0.45565	0.06706	0.07382	0.02197	0.07426	0.01739	0.01079	0.00805	0.00253	0.00817	0.00845	0.00777	0.01273
29	0.01834	0.30007	0.43277	0.01961	0.02968	0.02390	0.02385	0.02516	0.01689	0.02318	0.01331	0.01556	0.01033	0.00742	0.00676	0.00225	0.01073	0.00536	0.00344	0.01139
30	0.01070	0.00795	0.01125	0.01203	0.01315	0.00743	0.03009	0.01293	0.01741	0.02361	0.17674	0.51818	0.05685	0.02272	0.01020	0.00313	0.00495	0.04595	0.00771	0.00701
