[name]
unknown

[dist]
# distance from previous block
# <min> <max>
0	3

[block]
# block no. 0 follows, 24 sequences, length 8
# corresponding to MSA columns:
# 3-10
name=unknown_A
#
# <colnr> <probs for GDERKNQSTAVLIFYWHMCP>
#	G	D	E	R	K	N	Q	S	T	A	V	L	I	F	Y	W	H	M	C	P
0	0.02282	0.01415	0.01610	0.01384	0.01796	0.01484	0.01124	0.22443	0.08008	0.13447	0.02814	0.06640	0.02339	0.01205	0.00787	0.00250	0.00655	0.09330	0.19920	0.01068
1	0.23512	0.01405	0.01605	0.13317	0.02298	0.01579	0.01209	0.15070	0.01980	0.03153	0.09905	0.02674	0.02091	0.01284	0.01097	0.12185	0.00732	0.03470	0.00567	0.00866
2	0.01461	0.00983	0.01266	0.05243	0.01589	0.01051	0.00930	0.01984	0.09605	0.06860	0.13024	0.07487	0.03181	0.12025	0.19540	0.00593	0.00994	0.01042	0.10336	0.00807
3	0.01011	0.00750	0.00953	0.01085	0.01203	0.00692	0.00783	0.01206	0.01659	0.02160	0.08531	0.46401	0.17846	0.02300	0.01004	0.00313	0.00480	0.10213	0.00743	0.00667
4	0.01302	0.00973	0.01543	0.01427	0.01640	0.00913	0.09636	0.01570	0.01723	0.05885	0.13820	0.36692	0.04611	0.07660	0.01231	0.00339	0.00629	0.06950	0.00704	0.00753
5	0.02711	0.02418	0.02376	0.08108	0.08911	0.22108	0.03818	0.18829	0.07986	0.12088	0.01891	0.01995	0.01389	0.00879	0.00776	0.00235	0.01031	0.00686	0.00614	0.01152
6	0.12057	0.01357	0.02069	0.53945	0.04500	0.01657	0.01874	0.01980	0.01546	0.02239	0.01652	0.08687	0.01432	0.00948	0.00772	0.00267	0.00938	0.00816	0.00409	0.00855
7	0.38312	0.01529	0.01594	0.10849	0.02244	0.01725	0.01174	0.10974	0.05597	0.09761	0.01609	0.01826	0.01202	0.00994	0.00851	0.06915	0.00724	0.00594	0.00568	0.00957

[dist]
# distance from previous block
# <min> <max>
2	5

[block]
# block no. 1 follows, 24 sequences, length 305
# corresponding to MSA columns:
# 16-279,284-324
name=unknown_B
#
# <colnr> <probs for GDERKNQSTAVLIFYWHMCP>
#	G	D	E	R	K	N	Q	S	T	A	V	L	I	F	Y	W	H	M	C	P
0	0.54481	0.01485	0.01366	0.06412	0.01906	0.01657	0.01004	0.02442	0.05066	0.07013	0.03905	0.01731	0.01303	0.00796	0.00574	0.00238	0.00641	0.00539	0.00539	0.06902
1	0.01181	0.01023	0.01212	0.01175	0.01398	0.03869	0.04300	0.01496	0.04654	0.02251	0.11262	0.24647	0.27619	0.05962	0.01127	0.00312	0.00560	0.04524	0.00704	0.00722
2	0.09003	0.01700	0.02128	0.04337	0.02070	0.05133	0.01533	0.02055	0.04362	0.02115	0.01303	0.02006	0.01234	0.05412	0.05255	0.00390	0.48006	0.00703	0.00397	0.00859
3	0.01358	0.00945	0.01244	0.09431	0.01715	0.01049	0.00952	0.03792	0.01590	0.02383	0.08332	0.06474	0.02617	0.12539	0.17563	0.00559	0.03649	0.00951	0.22121	0.00734
4	0.04728	0.01964	0.03873	0.09793	0.07357	0.02034	0.42213	0.02374	0.01714	0.02430	0.01469	0.02029	0.01152	0.00801	0.01163	0.00277	0.12374	0.00842	0.00391	0.01021
5	0.01674	0.01676	0.02214	0.24821	0.03187	0.08280	0.04093	0.02098	0.05106	0.02071	0.01836	0.12621	0.01772	0.01256	0.01406	0.00294	0.23340	0.00940	0.00442	0.00872
6	0.01114	0.00797	0.01035	0.01024	0.01174	0.00746	0.00750	0.01420	0.02017	0.02819	0.48659	0.14425	0.06561	0.08940	0.01270	0.00318	0.00446	0.04972	0.00807	0.00707
7	0.04262	0.01086	0.01136	0.01006	0.01306	0.01136	0.00788	0.14166	0.02038	0.03306	0.02337	0.02655	0.01826	0.01171	0.04149	0.00251	0.00575	0.00720	0.52446	0.03639
8	0.04039	0.01427	0.02359	0.58510	0.11088	0.01726	0.02112	0.02030	0.01574	0.02101	0.01406	0.02086	0.01084	0.00872	0.00887	0.03737	0.01015	0.00695	0.00360	0.00892
9	0.12748	0.02909	0.02155	0.01831	0.02334	0.35547	0.01435	0.25790	0.02679	0.03284	0.01461	0.01587	0.01121	0.00856	0.00715	0.00222	0.01117	0.00575	0.00562	0.01070
10	0.01122	0.00850	0.01050	0.00972	0.01210	0.00754	0.00733	0.01461	0.02119	0.02937	0.50871	0.05962	0.18594	0.01626	0.00912	0.00244	0.00394	0.01415	0.00819	0.05955
11	0.01845	0.01345	0.01557	0.01412	0.01749	0.01410	0.01094	0.19705	0.11366	0.05597	0.09108	0.26209	0.03633	0.01627	0.00898	0.00277	0.00626	0.06129	0.00774	0.03638
12	0.01059	0.00766	0.00998	0.01099	0.01184	0.00751	0.00754	0.01306	0.03903	0.02170	0.12790	0.46988	0.04929	0.09538	0.07459	0.00441	0.00636	0.01852	0.00704	0.00671
13	0.02086	0.01742	0.01782	0.01576	0.01990	0.05654	0.01236	0.17885	0.32631	0.03344	0.03035	0.06490	0.04489	0.06032	0.01055	0.00302	0.00736	0.06072	0.00747	0.01115
14	0.01866	0.02123	0.04593	0.03294	0.04065	0.02022	0.61899	0.02516	0.01846	0.02516	0.01583	0.02123	0.01197	0.00696	0.01000	0.00270	0.04003	0.00927	0.00399	0.01062
15	0.01543	0.01330	0.04317	0.01252	0.01614	0.01262	0.01022	0.11257	0.14250	0.03234	0.30528	0.04933	0.17355	0.01460	0.00883	0.00255	0.00536	0.01238	0.00797	0.00934
16	0.01498	0.01409	0.02378	0.70226	0.05462	0.01762	0.02202	0.02026	0.01586	0.02026	0.01409	0.02114	0.01057	0.00793	0.00793	0.00264	0.01057	0.00705	0.00352	0.00881
17	0.14936	0.06980	0.46639	0.02180	0.06003	0.01908	0.05796	0.02471	0.01631	0.02666	0.01364	0.01625	0.01002	0.00740	0.00706	0.00246	0.01056	0.00575	0.00369	0.01108
18	0.01897	0.01950	0.06470	0.04548	0.60881	0.01827	0.02376	0.02379	0.01799	0.02566	0.01785	0.02205	0.04218	0.00768	0.00790	0.00238	0.00929	0.00744	0.00405	0.01225
19	0.01948	0.01862	0.03146	0.04697	0.64178	0.01846	0.02365	0.02414	0.01798	0.02590	0.01488	0.01948	0.01252	0.00701	0.00776	0.00230	0.00926	0.00696	0.00396	0.04743
20	0.01498	0.01409	0.02378	0.70226	0.05462	0.01762	0.02202	0.02026	0.01586	0.02026	0.01409	0.02114	0.01057	0.00793	0.00793	0.00264	0.01057	0.00705	0.00352	0.00881
21	0.01377	0.00689	0.01033	0.01033	0.01033	0.00689	0.00689	0.01033	0.01033	0.01377	0.01377	0.02410	0.01377	0.02755	0.03099	0.76928	0.00689	0.00689	0.00344	0.00344
22	0.01426	0.01115	0.05029	0.01502	0.01764	0.00979	0.01363	0.01819	0.01843	0.06126	0.03983	0.08182	0.04216	0.02041	0.01059	0.00352	0.00752	0.54936	0.00723	0.00790
23	0.01833	0.01752	0.02984	0.23111	0.49956	0.01850	0.02369	0.02320	0.01744	0.02433	0.01469	0.02005	0.01201	0.00731	0.00787	0.00244	0.00974	0.00706	0.00381	0.01151
24	0.03469	0.01569	0.01919	0.01488	0.02093	0.04819	0.01221	0.10341	0.02425	0.57589	0.02898	0.02548	0.01848	0.00970	0.00793	0.00242	0.00735	0.00774	0.00932	0.01327
25	0.01123	0.00840	0.01254	0.01265	0.01401	0.00971	0.00977	0.01398	0.01288	0.01851	0.02253	0.07040	0.02169	0.05749	0.65094	0.01220	0.02029	0.00930	0.00443	0.00704
26	0.01794	0.01580	0.03816	0.01558	0.01959	0.01700	0.01264	0.03516	0.48558	0.03057	0.06045	0.03883	0.02858	0.01330	0.00962	0.03935	0.00652	0.09664	0.00761	0.01111
27	0.01227	0.01018	0.01511	0.05138	0.01715	0.01157	0.04299	0.01437	0.01387	0.01927	0.02763	0.28323	0.03060	0.11789	0.17921	0.00605	0.12105	0.01378	0.00529	0.00709
28	0.00973	0.00737	0.00910	0.01020	0.01142	0.00674	0.00710	0.01146	0.01620	0.02096	0.07848	0.46572	0.23312	0.02489	0.04512	0.00353	0.00526	0.01977	0.00726	0.00659
29	0.01301	0.00947	0.01289	0.01451	0.01641	0.00960	0.01248	0.01762	0.05472	0.02409	0.04152	0.11852	0.04476	0.02142	0.01074	0.00357	0.00710	0.55265	0.00735	0.00756
30	0.02691	0.06139	0.23398	0.04539	0.02708	0.01550	0.04508	0.03217	0.01998	0.37719	0.02335	0.02244	0.01534	0.00871	0.00773	0.00245	0.00888	0.00711	0.00688	0.01243
31	0.01766	0.01557	0.02606	0.37023	0.29495	0.01720	0.02162	0.02239	0.01706	0.05816	0.01689	0.05690	0.01402	0.00857	0.00801	0.00255	0.00960	0.00791	0.00422	0.01043
32	0.01963	0.01884	0.03219	0.04867	0.67185	0.01884	0.02434	0.02434	0.01806	0.02591	0.01492	0.01963	0.01256	0.00707	0.00785	0.00236	0.00942	0.00707	0.00393	0.01256
33	0.01181	0.00966	0.01468	0.17213	0.08321	0.01015	0.01229	0.01439	0.01561	0.02078	0.03426	0.49245	0.03916	0.01932	0.00941	0.00301	0.00641	0.01756	0.00616	0.00755
34	0.01856	0.01775	0.03025	0.19900	0.52988	0.01856	0.02380	0.02340	0.01755	0.02461	0.01473	0.01997	0.01210	0.00726	0.00787	0.00242	0.00969	0.00706	0.00383	0.01170
35	0.00976	0.00735	0.00906	0.01029	0.01148	0.00665	0.00720	0.01149	0.01639	0.02114	0.07709	0.48669	0.22737	0.02306	0.00991	0.00306	0.00451	0.04351	0.00741	0.00658
36	0.01649	0.11638	0.60997	0.02161	0.03278	0.01984	0.02757	0.02496	0.01667	0.02440	0.01388	0.01630	0.01006	0.00745	0.00726	0.00242	0.01136	0.00568	0.00335	0.01155
37	0.77733	0.01534	0.01166	0.01043	0.01534	0.01779	0.00859	0.02331	0.01350	0.03558	0.01104	0.01288	0.00859	0.00736	0.00491	0.00245	0.00613	0.00429	0.00491	0.00859
38	0.01611	0.01637	0.07964	0.01275	0.01997	0.01115	0.01121	0.02008	0.01642	0.02553	0.01536	0.04602	0.01330	0.00683	0.00621	0.00139	0.00638	0.00556	0.00468	0.66504
39	0.01644	0.01409	0.01644	0.01175	0.01879	0.01057	0.00940	0.01997	0.01644	0.02584	0.01409	0.01644	0.01175	0.00587	0.00587	0.00117	0.00587	0.00470	0.00470	0.76979
40	0.01907	0.01326	0.01605	0.01208	0.01831	0.01034	0.00958	0.02230	0.01740	0.13797	0.02006	0.08898	0.01722	0.00847	0.00667	0.00160	0.00590	0.00707	0.00585	0.56182
41	0.01644	0.01409	0.01644	0.01175	0.01879	0.01057	0.00940	0.01997	0.01644	0.02584	0.01409	0.01644	0.01175	0.00587	0.00587	0.00117	0.00587	0.00470	0.00470	0.76979
42	0.01882	0.01906	0.06268	0.06957	0.44032	0.01843	0.04956	0.02671	0.12233	0.02665	0.01920	0.02504	0.01601	0.00852	0.00811	0.00252	0.00914	0.04060	0.00474	0.01197
43	0.01641	0.01428	0.01728	0.04973	0.02085	0.01172	0.01052	0.01993	0.01617	0.02516	0.01389	0.01675	0.01161	0.00643	0.00711	0.00138	0.04518	0.00495	0.00457	0.68607
44	0.01498	0.01409	0.02378	0.70226	0.05462	0.01762	0.02202	0.02026	0.01586	0.02026	0.01409	0.02114	0.01057	0.00793	0.00793	0.00264	0.01057	0.00705	0.00352	0.00881
45	0.02781	0.02107	0.02197	0.01737	0.02277	0.06038	0.01407	0.52392	0.03285	0.04345	0.01818	0.01969	0.01354	0.01294	0.03257	0.08202	0.00926	0.00704	0.00713	0.01199
46	0.01786	0.02197	0.10156	0.02935	0.03624	0.01986	0.46111	0.02391	0.01777	0.02479	0.04884	0.02233	0.01486	0.00830	0.01161	0.00276	0.11348	0.00893	0.00411	0.01033
47	0.01891	0.02116	0.07030	0.03870	0.29684	0.01962	0.34161	0.02475	0.01814	0.02539	0.01531	0.02032	0.01210	0.00712	0.00921	0.00256	0.03445	0.00818	0.00393	0.01144
48	0.01665	0.01407	0.01639	0.01195	0.01868	0.01091	0.00952	0.04271	0.01716	0.02648	0.01560	0.04778	0.01363	0.00685	0.00614	0.00131	0.00592	0.00559	0.00494	0.70772
49	0.02619	0.03219	0.02147	0.01945	0.02289	0.53463	0.01475	0.02820	0.02048	0.01967	0.01446	0.06734	0.01346	0.01001	0.00955	0.00227	0.09502	0.00662	0.00428	0.03707
50	0.01360	0.00695	0.01020	0.01020	0.01020	0.00695	0.00672	0.01043	0.01043	0.01390	0.01466	0.02629	0.01496	0.08219	0.03173	0.70930	0.00695	0.00725	0.00355	0.00355
51	0.02120	0.72609	0.04155	0.01357	0.02035	0.03138	0.01357	0.02374	0.01611	0.01866	0.01102	0.01272	0.01018	0.00678	0.00509	0.00170	0.00848	0.00424	0.00339	0.01018
52	0.01133	0.00850	0.01274	0.01274	0.01416	0.00991	0.00991	0.01416	0.01274	0.01841	0.02124	0.03115	0.01982	0.05947	0.68989	0.01274	0.02124	0.00850	0.00425	0.00708
53	0.01815	0.01885	0.02619	0.02192	0.02286	0.06098	0.07284	0.02035	0.01330	0.01966	0.01101	0.01754	0.01054	0.01292	0.02349	0.00332	0.60659	0.00705	0.00355	0.00888
54	0.03443	0.01467	0.01905	0.01468	0.02079	0.01349	0.01210	0.11325	0.04372	0.58079	0.02981	0.02609	0.01901	0.00981	0.00797	0.00245	0.00698	0.00790	0.00953	0.01347
55	0.01590	0.04102	0.68023	0.02260	0.03432	0.01842	0.02930	0.02511	0.01674	0.02511	0.01423	0.01674	0.01005	0.00753	0.00753	0.00251	0.01172	0.00586	0.00335	0.01172
56	0.01095	0.00810	0.01023	0.00969	0.01168	0.00737	0.00727	0.01444	0.02181	0.03029	0.58232	0.06172	0.16111	0.01677	0.00936	0.00252	0.00378	0.01469	0.00853	0.00737
57	0.01825	0.02706	0.21614	0.06460	0.03944	0.04924	0.41665	0.02533	0.01820	0.02479	0.01528	0.01980	0.01134	0.00705	0.00869	0.00260	0.01282	0.00810	0.00381	0.01081
58	0.03558	0.01350	0.01840	0.01411	0.02024	0.01166	0.01166	0.03865	0.02270	0.67734	0.03128	0.02699	0.01963	0.00981	0.00797	0.00245	0.00675	0.00797	0.00981	0.01350
59	0.01145	0.00765	0.00867	0.00876	0.00878	0.00763	0.00492	0.01151	0.01170	0.01560	0.02585	0.08248	0.02992	0.68924	0.03897	0.00748	0.00755	0.01204	0.00492	0.00488
60	0.13868	0.02231	0.02274	0.01789	0.02385	0.07929	0.04198	0.45543	0.05184	0.04365	0.01759	0.01818	0.01278	0.00900	0.00749	0.00239	0.00894	0.00671	0.00700	0.01225
61	0.02474	0.01729	0.01819	0.01535	0.01989	0.08343	0.01220	0.12939	0.18290	0.20286	0.08927	0.03060	0.05745	0.01348	0.04120	0.00300	0.03067	0.00885	0.00780	0.01144
62	0.01498	0.01409	0.02378	0.70226	0.05462	0.01762	0.02202	0.02026	0.01586	0.02026	0.01409	0.02114	0.01057	0.00793	0.00793	0.00264	0.01057	0.00705	0.00352	0.00881
63	0.00966	0.00690	0.00920	0.01104	0.01150	0.00644	0.00736	0.01104	0.01518	0.02024	0.04371	0.71614	0.05245	0.02484	0.01012	0.00322	0.00460	0.02254	0.00736	0.00644
64	0.01933	0.02109	0.03481	0.03000	0.11971	0.08063	0.28491	0.02362	0.01668	0.02275	0.01360	0.01912	0.01138	0.00937	0.01474	0.00285	0.25367	0.00783	0.00382	0.01012
65	0.01590	0.04102	0.68023	0.02260	0.03432	0.01842	0.02930	0.02511	0.01674	0.02511	0.01423	0.01674	0.01005	0.00753	0.00753	0.00251	0.01172	0.00586	0.00335	0.01172
66	0.02798	0.06501	0.02382	0.05871	0.02590	0.44793	0.01565	0.16266	0.02455	0.02601	0.01369	0.01577	0.01095	0.00862	0.00806	0.00219	0.04184	0.00569	0.00483	0.01012
67	0.01138	0.00773	0.00871	0.00868	0.00894	0.00762	0.00502	0.01170	0.01250	0.01660	0.06162	0.05380	0.07127	0.64102	0.03682	0.00711	0.00725	0.01200	0.00517	0.00506
68	0.02858	0.02164	0.02453	0.01871	0.02512	0.02356	0.04883	0.56448	0.05524	0.04703	0.01908	0.01939	0.01367	0.00924	0.00792	0.00235	0.00877	0.00721	0.00758	0.04707
69	0.01167	0.00888	0.01100	0.01167	0.01319	0.00876	0.00824	0.01670	0.11364	0.02427	0.14188	0.48150	0.05037	0.02065	0.00954	0.00295	0.00476	0.01854	0.00760	0.03419
70	0.01662	0.13292	0.59455	0.02139	0.03245	0.02015	0.02719	0.02493	0.01666	0.02425	0.01380	0.01620	0.01006	0.00743	0.00721	0.00240	0.01128	0.00564	0.00335	0.01151
71	0.01018	0.00767	0.01060	0.07977	0.01576	0.00757	0.00876	0.01198	0.01538	0.02030	0.04239	0.61833	0.07579	0.02295	0.00987	0.00314	0.00517	0.02074	0.00698	0.00669
72	0.00966	0.00690	0.00920	0.01104	0.01150	0.00644	0.00736	0.01104	0.01518	0.02024	0.04371	0.71614	0.05245	0.02484	0.01012	0.00322	0.00460	0.02254	0.00736	0.00644
73	0.01940	0.01862	0.03179	0.07982	0.64243	0.01878	0.02423	0.02414	0.01795	0.02564	0.01488	0.01970	0.01247	0.00711	0.00785	0.00237	0.00948	0.00706	0.00391	0.01238
74	0.01854	0.01597	0.01783	0.07697	0.02305	0.01848	0.01317	0.03767	0.54378	0.03103	0.03159	0.06297	0.02520	0.01163	0.00827	0.00275	0.00662	0.03515	0.00760	0.01172
75	0.03558	0.01350	0.01840	0.01411	0.02024	0.01166	0.01166	0.03865	0.02270	0.67734	0.03128	0.02699	0.01963	0.00981	0.00797	0.00245	0.00675	0.00797	0.00981	0.01350
76	0.01153	0.00769	0.00865	0.00865	0.00865	0.00769	0.00480	0.01153	0.01153	0.01538	0.02499	0.05189	0.02883	0.72131	0.04036	0.00769	0.00769	0.01153	0.00480	0.00480
77	0.01069	0.00808	0.00986	0.00942	0.01152	0.00726	0.00706	0.01393	0.02119	0.02882	0.49895	0.06414	0.24540	0.01732	0.00936	0.00255	0.00382	0.01503	0.00834	0.00726
78	0.02965	0.03690	0.02255	0.02030	0.02452	0.65138	0.01531	0.06683	0.02332	0.02116	0.01265	0.01457	0.01040	0.00825	0.00719	0.00206	0.01398	0.00522	0.00431	0.00944
79	0.01777	0.01492	0.01715	0.01249	0.01937	0.01216	0.01002	0.07584	0.04293	0.02825	0.01523	0.01718	0.01238	0.00638	0.00614	0.00134	0.00614	0.00508	0.00511	0.67414
80	0.01478	0.00739	0.00739	0.00739	0.00924	0.00739	0.00554	0.01848	0.01663	0.02956	0.02587	0.02956	0.02033	0.00924	0.00554	0.00185	0.00370	0.00739	0.76534	0.00739
81	0.01133	0.00850	0.01274	0.01274	0.01416	0.00991	0.00991	0.01416	0.01274	0.01841	0.02124	0.03115	0.01982	0.05947	0.68989	0.01274	0.02124	0.00850	0.00425	0.00708
82	0.00992	0.00729	0.00930	0.01042	0.01146	0.00667	0.00720	0.01183	0.01697	0.02261	0.16750	0.50201	0.14259	0.02254	0.00987	0.00301	0.00436	0.02017	0.00762	0.00667
83	0.01726	0.01787	0.03404	0.30306	0.09197	0.01915	0.28822	0.02376	0.04766	0.02345	0.01569	0.02137	0.01199	0.00773	0.00935	0.00267	0.04257	0.00813	0.00398	0.01007
84	0.02917	0.01549	0.01887	0.01523	0.02057	0.01543	0.01248	0.22460	0.05387	0.34413	0.04984	0.06808	0.02357	0.01176	0.00837	0.00258	0.00718	0.05765	0.00878	0.01238
85	0.01590	0.04102	0.68023	0.02260	0.03432	0.01842	0.02930	0.02511	0.01674	0.02511	0.01423	0.01674	0.01005	0.00753	0.00753	0.00251	0.01172	0.00586	0.00335	0.01172
86	0.01641	0.02325	0.20442	0.02457	0.03177	0.01666	0.30307	0.04966	0.01848	0.02567	0.04737	0.15731	0.02200	0.01097	0.00896	0.00272	0.01063	0.01111	0.00485	0.01013
87	0.01737	0.09302	0.47789	0.04711	0.06109	0.01857	0.04807	0.02482	0.01704	0.06053	0.01652	0.05353	0.01299	0.00845	0.00758	0.00248	0.01072	0.00693	0.00398	0.01131
88	0.01638	0.01598	0.02488	0.57650	0.13859	0.05246	0.02200	0.02141	0.01650	0.02100	0.01411	0.02058	0.01083	0.00782	0.00788	0.00257	0.01060	0.00695	0.00361	0.00935
89	0.01498	0.01409	0.02378	0.70226	0.05462	0.01762	0.02202	0.02026	0.01586	0.02026	0.01409	0.02114	0.01057	0.00793	0.00793	0.00264	0.01057	0.00705	0.00352	0.00881
90	0.05891	0.01998	0.08603	0.21609	0.21561	0.01881	0.22174	0.02358	0.01732	0.02468	0.01479	0.02000	0.01143	0.00723	0.00817	0.00255	0.01101	0.00755	0.00385	0.01067
91	0.22171	0.01866	0.11763	0.03831	0.05223	0.01573	0.07918	0.05159	0.04238	0.14334	0.02195	0.12447	0.01877	0.01061	0.00756	0.00261	0.00798	0.00896	0.00598	0.01036
92	0.00966	0.00690	0.00920	0.01104	0.01150	0.00644	0.00736	0.01104	0.01518	0.02024	0.04371	0.71614	0.05245	0.02484	0.01012	0.00322	0.00460	0.02254	0.00736	0.00644
93	0.74227	0.01652	0.04244	0.01099	0.01621	0.01782	0.00954	0.02339	0.01364	0.03510	0.01119	0.01306	0.00866	0.00737	0.00503	0.00246	0.00639	0.00437	0.00484	0.00873
94	0.01057	0.00759	0.01008	0.01093	0.01208	0.00710	0.00790	0.01310	0.01838	0.02520	0.29414	0.39592	0.06082	0.02111	0.00989	0.00297	0.00450	0.07288	0.00791	0.00694
95	0.02122	0.62725	0.09584	0.01474	0.02180	0.06796	0.01503	0.02432	0.01653	0.01926	0.01137	0.01316	0.01017	0.00693	0.00542	0.00179	0.00909	0.00443	0.00343	0.01025
96	0.02448	0.01862	0.02089	0.01935	0.08576	0.04972	0.01401	0.29690	0.12670	0.08952	0.05955	0.08626	0.02228	0.01105	0.00811	0.00245	0.00775	0.00909	0.00740	0.04007
97	0.01613	0.07690	0.58720	0.02206	0.03292	0.01875	0.05576	0.02462	0.01704	0.02505	0.04173	0.01853	0.01288	0.00782	0.00756	0.00247	0.01128	0.00629	0.00361	0.01141
98	0.05079	0.05679	0.01845	0.01465	0.01916	0.04219	0.01169	0.13287	0.25602	0.10848	0.11386	0.06183	0.05573	0.01174	0.00803	0.00252	0.00665	0.00961	0.00774	0.01121
99	0.02499	0.01530	0.01772	0.01509	0.02003	0.01619	0.01197	0.03948	0.39651	0.26469	0.06471	0.03018	0.02517	0.01070	0.00810	0.00259	0.00631	0.00889	0.00873	0.01263
100	0.03183	0.01325	0.01750	0.01379	0.01941	0.01187	0.01126	0.03647	0.07428	0.56136	0.06981	0.03104	0.04933	0.01067	0.00812	0.00248	0.00643	0.00877	0.00951	0.01280
101	0.00974	0.00696	0.00927	0.01099	0.01152	0.00649	0.00737	0.01125	0.01556	0.02084	0.07606	0.68207	0.05361	0.02440	0.01008	0.00318	0.00456	0.02212	0.00743	0.00649
102	0.02028	0.01967	0.01677	0.01508	0.01813	0.22485	0.01153	0.07452	0.05085	0.05723	0.27124	0.08209	0.03956	0.01307	0.00941	0.00245	0.04695	0.01047	0.00684	0.00901
103	0.00964	0.00697	0.00913	0.01087	0.01146	0.00646	0.00728	0.01106	0.01535	0.02031	0.04580	0.67948	0.08775	0.02457	0.01008	0.00319	0.00457	0.02221	0.00736	0.00646
104	0.05231	0.04726	0.08238	0.12870	0.35455	0.05604	0.05418	0.05359	0.01830	0.02567	0.01434	0.01873	0.01162	0.00769	0.00847	0.00244	0.04165	0.00675	0.00403	0.01130
105	0.02136	0.65051	0.07723	0.01433	0.02137	0.03028	0.01455	0.05591	0.01724	0.02064	0.01162	0.01328	0.01034	0.00697	0.00538	0.00178	0.00868	0.00448	0.00362	0.01044
106	0.02962	0.03779	0.02247	0.02043	0.02451	0.68948	0.01532	0.03166	0.02247	0.01941	0.01226	0.01430	0.01021	0.00817	0.00715	0.00204	0.01430	0.00511	0.00409	0.00919
107	0.04555	0.01391	0.04760	0.01260	0.01634	0.03435	0.01025	0.02485	0.19482	0.08524	0.17944	0.07037	0.18074	0.03690	0.00957	0.00276	0.00577	0.01193	0.00758	0.00942
108	0.01800	0.03012	0.31053	0.02853	0.06134	0.04832	0.31571	0.02532	0.01783	0.02485	0.01491	0.01894	0.01109	0.00734	0.00894	0.00259	0.03331	0.00755	0.00372	0.01107
109	0.00966	0.00690	0.00920	0.01104	0.01150	0.00644	0.00736	0.01104	0.01518	0.02024	0.04371	0.71614	0.05245	0.02484	0.01012	0.00322	0.00460	0.02254	0.00736	0.00644
110	0.02265	0.01894	0.02347	0.20412	0.05127	0.05776	0.04308	0.28317	0.02514	0.03382	0.01694	0.02029	0.01279	0.00918	0.00934	0.00249	0.07154	0.00710	0.07608	0.01084
111	0.02071	0.05182	0.21309	0.02145	0.08849	0.03977	0.06950	0.05850	0.04781	0.14099	0.11119	0.02904	0.02370	0.00995	0.00814	0.00250	0.00900	0.03713	0.00600	0.01120
112	0.01964	0.01979	0.03333	0.07084	0.25376	0.04101	0.19853	0.06558	0.01828	0.02541	0.01442	0.01952	0.01183	0.00868	0.01221	0.00270	0.16180	0.00764	0.00411	0.01094
113	0.77733	0.01534	0.01166	0.01043	0.01534	0.01779	0.00859	0.02331	0.01350	0.03558	0.01104	0.01288	0.00859	0.00736	0.00491	0.00245	0.00613	0.00429	0.00491	0.00859
114	0.02063	0.05074	0.12037	0.04992	0.06204	0.01540	0.15214	0.04531	0.01964	0.17291	0.08331	0.09601	0.02476	0.01107	0.00855	0.00261	0.00889	0.03879	0.00622	0.01069
115	0.18853	0.11156	0.05415	0.01812	0.02397	0.09971	0.12978	0.02775	0.01814	0.17445	0.01799	0.04274	0.01382	0.00870	0.00788	0.00242	0.03734	0.00698	0.00553	0.01044
116	0.01140	0.00763	0.00869	0.00881	0.00884	0.00760	0.00498	0.01150	0.01178	0.01571	0.02627	0.09740	0.03045	0.67360	0.03829	0.00738	0.00748	0.01229	0.00498	0.00492
117	0.02170	0.01659	0.01799	0.01589	0.02057	0.01872	0.01244	0.04170	0.57846	0.11340	0.03215	0.02926	0.02364	0.01064	0.00806	0.00266	0.00633	0.00884	0.00829	0.01267
118	0.01754	0.01714	0.04878	0.06942	0.30627	0.01655	0.11429	0.05680	0.04432	0.02598	0.02254	0.15270	0.02174	0.01134	0.00865	0.00266	0.00900	0.03848	0.00508	0.01072
119	0.11879	0.05882	0.02131	0.01598	0.02159	0.08122	0.01313	0.36154	0.02888	0.10651	0.04990	0.02273	0.04549	0.00980	0.00747	0.00235	0.00826	0.00730	0.00718	0.01175
120	0.01152	0.00773	0.00886	0.00886	0.00893	0.00780	0.00507	0.01167	0.01159	0.01553	0.02479	0.05082	0.02836	0.68716	0.07388	0.00795	0.00839	0.01138	0.00478	0.00492
121	0.01080	0.00723	0.00957	0.01108	0.01186	0.00668	0.00751	0.01228	0.01561	0.04949	0.04436	0.66450	0.07121	0.02402	0.01000	0.00317	0.00468	0.02170	0.00747	0.00676
122	0.02546	0.01785	0.02089	0.01940	0.08387	0.01932	0.01415	0.19459	0.31400	0.16176	0.02703	0.02542	0.01945	0.00990	0.00799	0.00253	0.00730	0.00812	0.00798	0.01298
123	0.02120	0.72609	0.04155	0.01357	0.02035	0.03138	0.01357	0.02374	0.01611	0.01866	0.01102	0.01272	0.01018	0.00678	0.00509	0.00170	0.00848	0.00424	0.00339	0.01018
124	0.01365	0.00693	0.01024	0.01024	0.01024	0.00693	0.00677	0.01040	0.01040	0.01386	0.01440	0.02565	0.01461	0.06620	0.03151	0.72685	0.00693	0.00715	0.00352	0.00352
125	0.01463	0.00744	0.00762	0.00762	0.00945	0.00750	0.00573	0.01829	0.01646	0.02908	0.02567	0.02963	0.02030	0.01141	0.03506	0.00232	0.00445	0.00744	0.73251	0.00738
126	0.01561	0.01474	0.02493	0.61338	0.13855	0.01778	0.02234	0.02081	0.01616	0.02103	0.01421	0.02094	0.01084	0.00781	0.00792	0.00260	0.01041	0.00705	0.00358	0.00932
127	0.16607	0.01600	0.01774	0.01422	0.01979	0.04218	0.01160	0.12073	0.05846	0.38172	0.05361	0.02440	0.01911	0.00960	0.00745	0.00244	0.00706	0.00742	0.00829	0.01212
128	0.02839	0.02445	0.02225	0.01805	0.02354	0.16683	0.01448	0.42936	0.09139	0.04092	0.01911	0.01946	0.01408	0.00933	0.00767	0.00231	0.00948	0.00688	0.03978	0.01221
129	0.01151	0.00777	0.00908	0.00908	0.00923	0.00792	0.00535	0.01181	0.01166	0.01570	0.02459	0.04970	0.02788	0.65123	0.10914	0.00822	0.00912	0.01121	0.00475	0.00505
130	0.01637	0.01400	0.01628	0.01192	0.01864	0.01086	0.00948	0.02070	0.04592	0.02600	0.01589	0.03974	0.01364	0.00671	0.00611	0.00131	0.00585	0.00547	0.00494	0.71017
131	0.05570	0.02417	0.02287	0.01967	0.05964	0.15671	0.01501	0.43214	0.03160	0.04103	0.05079	0.01998	0.01578	0.00938	0.00773	0.00232	0.00953	0.00700	0.00687	0.01208
132	0.00966	0.00690	0.00920	0.01104	0.01150	0.00644	0.00736	0.01104	0.01518	0.02024	0.04371	0.71614	0.05245	0.02484	0.01012	0.00322	0.00460	0.02254	0.00736	0.00644
133	0.01644	0.01409	0.01644	0.01175	0.01879	0.01057	0.00940	0.01997	0.01644	0.02584	0.01409	0.01644	0.01175	0.00587	0.00587	0.00117	0.00587	0.00470	0.00470	0.76979
134	0.02244	0.19765	0.17378	0.01756	0.02414	0.05221	0.01734	0.15220	0.05041	0.08325	0.05009	0.01982	0.01563	0.00921	0.00902	0.00236	0.07970	0.00656	0.00537	0.01125
135	0.01913	0.11380	0.44024	0.02096	0.03075	0.01880	0.08051	0.02630	0.01767	0.10945	0.01840	0.01997	0.03285	0.00807	0.00753	0.00243	0.01060	0.00662	0.00439	0.01152
136	0.70184	0.01515	0.01234	0.01080	0.01583	0.01716	0.00890	0.02487	0.01443	0.10089	0.01310	0.01432	0.00971	0.00761	0.00522	0.00245	0.00620	0.00467	0.00541	0.00909
137	0.01117	0.00806	0.01055	0.01002	0.01183	0.00744	0.00748	0.01482	0.02218	0.03137	0.64457	0.08354	0.07399	0.01653	0.00938	0.00252	0.00377	0.01464	0.00868	0.00744
138	0.06255	0.05260	0.30009	0.01869	0.02708	0.01718	0.04731	0.05344	0.08055	0.23067	0.02125	0.02111	0.01453	0.00855	0.00759	0.00248	0.00920	0.00688	0.00610	0.01215
139	0.03071	0.01648	0.01954	0.01519	0.02092	0.01660	0.01247	0.29113	0.02840	0.33854	0.05610	0.02536	0.01973	0.00996	0.00786	0.00238	0.00723	0.00789	0.06073	0.01279
140	0.01015	0.00800	0.00916	0.00900	0.01122	0.00701	0.00670	0.01284	0.01972	0.02564	0.32093	0.10491	0.38898	0.01875	0.00941	0.00263	0.00394	0.01607	0.00793	0.00701
141	0.01202	0.00825	0.01070	0.01009	0.01210	0.00755	0.00756	0.01551	0.02182	0.05662	0.57541	0.09454	0.10447	0.01664	0.00934	0.00254	0.00392	0.01466	0.00862	0.00762
142	0.42124	0.08687	0.01820	0.07084	0.05393	0.05740	0.01182	0.08159	0.01747	0.03215	0.04226	0.01733	0.01312	0.00806	0.00596	0.00234	0.00740	0.00555	0.03711	0.00936
143	0.01665	0.01641	0.02207	0.01930	0.01970	0.04483	0.01589	0.01860	0.01262	0.01897	0.01250	0.01982	0.01216	0.02220	0.14942	0.00515	0.55451	0.00717	0.00364	0.00839
144	0.00966	0.00690	0.00920	0.01104	0.01150	0.00644	0.00736	0.01104	0.01518	0.02024	0.04371	0.71614	0.05245	0.02484	0.01012	0.00322	0.00460	0.02254	0.00736	0.00644
145	0.02221	0.01847	0.01851	0.01623	0.02079	0.06931	0.01283	0.14578	0.41114	0.05557	0.02859	0.02973	0.02207	0.01084	0.00800	0.00259	0.00725	0.04132	0.04684	0.01195
146	0.29158	0.02008	0.05265	0.01522	0.02113	0.02109	0.01309	0.36566	0.02690	0.04269	0.01629	0.01724	0.01190	0.00864	0.00674	0.00239	0.00774	0.00608	0.04151	0.01139
147	0.02127	0.04606	0.01892	0.04687	0.02086	0.01615	0.01176	0.22569	0.05708	0.07952	0.07960	0.08534	0.02353	0.04915	0.00943	0.00248	0.00702	0.00883	0.00678	0.18364
148	0.02355	0.10003	0.28260	0.04871	0.02785	0.04738	0.01974	0.07248	0.06972	0.20126	0.02011	0.02032	0.01400	0.00850	0.00747	0.00240	0.00948	0.00661	0.00581	0.01198
149	0.01189	0.00891	0.01113	0.01053	0.01263	0.00858	0.00790	0.01724	0.08294	0.03096	0.55300	0.08691	0.09456	0.01625	0.00927	0.00255	0.00404	0.01430	0.00854	0.00789
150	0.01136	0.00828	0.01079	0.01064	0.01257	0.00771	0.00830	0.01496	0.02140	0.02963	0.51546	0.06576	0.11291	0.01749	0.00963	0.00271	0.00438	0.12023	0.00838	0.00739
151	0.01805	0.01240	0.01301	0.01173	0.01499	0.01355	0.00911	0.09974	0.23409	0.03328	0.06050	0.02988	0.02365	0.01014	0.00687	0.00223	0.00515	0.00825	0.38355	0.00984
152	0.01585	0.04235	0.02196	0.05532	0.02157	0.04898	0.04957	0.01849	0.01355	0.01926	0.01491	0.02241	0.01386	0.02895	0.26012	0.00657	0.32675	0.00745	0.00381	0.00830
153	0.01122	0.00811	0.01060	0.00998	0.01185	0.00748	0.00748	0.01496	0.02245	0.03180	0.66766	0.05923	0.07482	0.01621	0.00935	0.00249	0.00374	0.01434	0.00873	0.00748
154	0.03558	0.01350	0.01840	0.01411	0.02024	0.01166	0.01166	0.03865	0.02270	0.67734	0.03128	0.02699	0.01963	0.00981	0.00797	0.00245	0.00675	0.00797	0.00981	0.01350
155	0.01549	0.01510	0.02696	0.60991	0.05280	0.01795	0.10777	0.02097	0.01625	0.02097	0.01436	0.02118	0.01077	0.00776	0.00813	0.00265	0.01096	0.00737	0.00359	0.00907
156	0.02897	0.03674	0.02253	0.05074	0.02585	0.65961	0.01562	0.03116	0.02218	0.01945	0.01234	0.01460	0.01023	0.00816	0.00718	0.00207	0.01413	0.00519	0.00406	0.00918
157	0.00966	0.00690	0.00920	0.01104	0.01150	0.00644	0.00736	0.01104	0.01518	0.02024	0.04371	0.71614	0.05245	0.02484	0.01012	0.00322	0.00460	0.02254	0.00736	0.00644
158	0.47685	0.01459	0.01439	0.01192	0.01732	0.01530	0.00983	0.02952	0.01722	0.29555	0.01924	0.01860	0.01306	0.00836	0.00615	0.00245	0.00638	0.00578	0.00690	0.01058
159	0.01038	0.00804	0.00945	0.00918	0.01135	0.00711	0.00685	0.01330	0.02034	0.02697	0.39556	0.08811	0.32849	0.01815	0.00939	0.00260	0.00389	0.01564	0.00810	0.00711
160	0.01590	0.04102	0.68023	0.02260	0.03432	0.01842	0.02930	0.02511	0.01674	0.02511	0.01423	0.01674	0.01005	0.00753	0.00753	0.00251	0.01172	0.00586	0.00335	0.01172
161	0.01959	0.51741	0.23610	0.01632	0.02461	0.02743	0.01836	0.02416	0.01630	0.02062	0.01200	0.01395	0.01014	0.00701	0.00583	0.00194	0.00947	0.00473	0.00338	0.01065
162	0.00966	0.00690	0.00920	0.01104	0.01150	0.00644	0.00736	0.01104	0.01518	0.02024	0.04371	0.71614	0.05245	0.02484	0.01012	0.00322	0.00460	0.02254	0.00736	0.00644
163	0.02255	0.01710	0.01853	0.01609	0.02094	0.01922	0.01268	0.09736	0.52567	0.11047	0.03094	0.02831	0.02268	0.01053	0.00805	0.00263	0.00656	0.00868	0.00826	0.01275
164	0.01244	0.00906	0.01283	0.04975	0.01769	0.00918	0.01247	0.01585	0.01768	0.02304	0.04079	0.17697	0.04481	0.02161	0.01068	0.00354	0.00708	0.50017	0.00711	0.00725
165	0.02986	0.02098	0.02283	0.01769	0.02387	0.02298	0.01455	0.54082	0.08374	0.10870	0.02123	0.02061	0.01490	0.00964	0.00795	0.00241	0.00835	0.00736	0.00812	0.01341
166	0.10989	0.01338	0.01730	0.01360	0.01935	0.01204	0.01115	0.03583	0.02142	0.58224	0.02979	0.05680	0.01999	0.01025	0.00776	0.00249	0.00659	0.00826	0.00920	0.01268
167	0.01732	0.12900	0.44510	0.02457	0.06129	0.02050	0.14397	0.02495	0.01709	0.02433	0.01417	0.01721	0.01055	0.00725	0.00756	0.00243	0.01150	0.00636	0.00351	0.01135
168	0.01165	0.00768	0.00860	0.00860	0.00867	0.00768	0.00483	0.01179	0.01172	0.01590	0.02502	0.05107	0.02851	0.69496	0.03907	0.00747	0.00754	0.01138	0.03295	0.00490
169	0.01644	0.01409	0.01644	0.01175	0.01879	0.01057	0.00940	0.01997	0.01644	0.02584	0.01409	0.01644	0.01175	0.00587	0.00587	0.00117	0.00587	0.00470	0.00470	0.76979
170	0.01104	0.00810	0.01034	0.00978	0.01173	0.00740	0.00734	0.01461	0.02201	0.03076	0.60883	0.06095	0.13431	0.01660	0.00935	0.00251	0.00377	0.01458	0.00859	0.00740
171	0.01644	0.01409	0.01644	0.01175	0.01879	0.01057	0.00940	0.01997	0.01644	0.02584	0.01409	0.01644	0.01175	0.00587	0.00587	0.00117	0.00587	0.00470	0.00470	0.76979
172	0.02057	0.62933	0.10675	0.01525	0.02258	0.02962	0.03932	0.02395	0.01628	0.01957	0.01154	0.01346	0.01023	0.00686	0.00550	0.00182	0.00900	0.00460	0.00341	0.01035
173	0.05719	0.30922	0.22487	0.01871	0.05290	0.07906	0.01874	0.05391	0.01789	0.05262	0.01349	0.01546	0.01075	0.00771	0.00720	0.00217	0.03793	0.00532	0.00403	0.01082
174	0.01155	0.00876	0.01072	0.01011	0.01231	0.00827	0.00762	0.01640	0.06928	0.03017	0.52203	0.05987	0.17017	0.01645	0.00926	0.00254	0.00398	0.01434	0.00845	0.00773
175	0.00980	0.00700	0.00936	0.01120	0.01172	0.00656	0.00760	0.01128	0.01532	0.02040	0.04363	0.68816	0.05214	0.02471	0.01016	0.00324	0.00472	0.04915	0.00736	0.00648
176	0.01589	0.01539	0.02361	0.12349	0.02674	0.03967	0.10077	0.01920	0.01424	0.02029	0.01517	0.02243	0.01347	0.02375	0.19571	0.00560	0.27993	0.00765	0.02848	0.00852
177	0.19935	0.08673	0.05053	0.01754	0.05565	0.02239	0.01434	0.35282	0.02719	0.07641	0.01673	0.01741	0.01220	0.00858	0.00696	0.00234	0.00816	0.00621	0.00652	0.01193
178	0.01933	0.01658	0.01764	0.01605	0.02038	0.01912	0.01256	0.04066	0.62089	0.03263	0.03283	0.03302	0.02543	0.01140	0.00823	0.00274	0.00633	0.04389	0.00802	0.01225
179	0.01153	0.00769	0.00865	0.00865	0.00865	0.00769	0.00480	0.01153	0.01153	0.01538	0.02499	0.05189	0.02883	0.72131	0.04036	0.00769	0.00769	0.01153	0.00480	0.00480
180	0.01256	0.00871	0.01103	0.01196	0.01317	0.00879	0.00926	0.01549	0.03926	0.02122	0.03467	0.09742	0.03768	0.27409	0.02116	0.00496	0.00709	0.31735	0.04758	0.00656
181	0.03558	0.01350	0.01840	0.01411	0.02024	0.01166	0.01166	0.03865	0.02270	0.67734	0.03128	0.02699	0.01963	0.00981	0.00797	0.00245	0.00675	0.00797	0.00981	0.01350
182	0.01161	0.00854	0.01093	0.01036	0.01231	0.00810	0.00775	0.01626	0.05659	0.03135	0.60488	0.08741	0.07106	0.01631	0.00932	0.00254	0.00392	0.01442	0.00863	0.00771
183	0.00999	0.00806	0.00890	0.00869	0.01109	0.00696	0.00651	0.01258	0.01954	0.02491	0.27763	0.07058	0.46915	0.01878	0.00937	0.00262	0.00392	0.01593	0.00782	0.00696
184	0.73706	0.01524	0.01202	0.01063	0.01560	0.01746	0.00875	0.02414	0.01399	0.07041	0.01214	0.01365	0.00919	0.00749	0.00507	0.00245	0.00617	0.00449	0.00517	0.00885
185	0.03317	0.01296	0.01763	0.01370	0.01941	0.01124	0.01124	0.03630	0.02267	0.61348	0.09424	0.03018	0.02509	0.01045	0.00811	0.00246	0.00645	0.00860	0.00971	0.01290
186	0.00966	0.00690	0.00920	0.01104	0.01150	0.00644	0.00736	0.01104	0.01518	0.02024	0.04371	0.71614	0.05245	0.02484	0.01012	0.00322	0.00460	0.02254	0.00736	0.00644
187	0.01619	0.02525	0.25352	0.05822	0.05623	0.01748	0.25950	0.02257	0.01706	0.02401	0.01920	0.12408	0.01731	0.01010	0.00949	0.00272	0.04266	0.00985	0.00424	0.01029
188	0.08093	0.06466	0.42512	0.02407	0.03400	0.01939	0.19149	0.02498	0.01697	0.02578	0.01430	0.01748	0.01046	0.00726	0.00769	0.00251	0.01155	0.00659	0.00366	0.01111
189	0.03013	0.02272	0.02375	0.01832	0.02459	0.04633	0.01508	0.62534	0.03680	0.04898	0.01882	0.01888	0.01338	0.00948	0.00791	0.00237	0.00891	0.00707	0.00781	0.01335
190	0.03014	0.02221	0.02380	0.01825	0.02459	0.02459	0.01507	0.64541	0.03728	0.04998	0.01904	0.01904	0.01349	0.00952	0.00793	0.00238	0.00873	0.00714	0.00793	0.01349
191	0.77733	0.01534	0.01166	0.01043	0.01534	0.01779	0.00859	0.02331	0.01350	0.03558	0.01104	0.01288	0.00859	0.00736	0.00491	0.00245	0.00613	0.00429	0.00491	0.00859
192	0.02732	0.01524	0.01851	0.01412	0.02044	0.01385	0.01150	0.12041	0.07593	0.32352	0.02408	0.02267	0.01659	0.00858	0.00730	0.00205	0.00671	0.00688	0.00775	0.25656
193	0.01589	0.03519	0.52900	0.02258	0.03253	0.01804	0.08786	0.02401	0.01714	0.02534	0.06567	0.02058	0.01536	0.00848	0.00886	0.00258	0.04899	0.00693	0.00384	0.01112
194	0.01539	0.01452	0.02454	0.64345	0.11015	0.01773	0.02223	0.02063	0.01605	0.02077	0.01417	0.02101	0.01075	0.00785	0.00792	0.00262	0.01047	0.00705	0.00356	0.00915
195	0.03186	0.01432	0.01829	0.01458	0.02033	0.01355	0.01187	0.03946	0.17141	0.52644	0.03152	0.02760	0.02070	0.01004	0.00800	0.00251	0.00664	0.00821	0.00941	0.01327
196	0.57902	0.01703	0.06516	0.06105	0.02017	0.01712	0.01150	0.02499	0.01497	0.10719	0.01383	0.01539	0.01011	0.00770	0.00568	0.00247	0.00695	0.00503	0.00525	0.00941
197	0.01059	0.00745	0.00925	0.01003	0.01051	0.00732	0.00646	0.01157	0.01358	0.01809	0.03576	0.33376	0.07466	0.32078	0.08870	0.00599	0.00748	0.01622	0.00598	0.00583
198	0.01153	0.00769	0.00865	0.00865	0.00865	0.00769	0.00480	0.01153	0.01153	0.01538	0.02499	0.05189	0.02883	0.72131	0.04036	0.00769	0.00769	0.01153	0.00480	0.00480
199	0.01092	0.00801	0.01003	0.01089	0.01213	0.00757	0.00762	0.04441	0.01777	0.02367	0.14132	0.50331	0.12837	0.02217	0.00980	0.00300	0.00461	0.01980	0.00760	0.00699
200	0.01498	0.01409	0.02378	0.70226	0.05462	0.01762	0.02202	0.02026	0.01586	0.02026	0.01409	0.02114	0.01057	0.00793	0.00793	0.00264	0.01057	0.00705	0.00352	0.00881
201	0.02120	0.72609	0.04155	0.01357	0.02035	0.03138	0.01357	0.02374	0.01611	0.01866	0.01102	0.01272	0.01018	0.00678	0.00509	0.00170	0.00848	0.00424	0.00339	0.01018
202	0.01153	0.00769	0.00865	0.00865	0.00865	0.00769	0.00480	0.01153	0.01153	0.01538	0.02499	0.05189	0.02883	0.72131	0.04036	0.00769	0.00769	0.01153	0.00480	0.00480
203	0.00966	0.00690	0.00920	0.01104	0.01150	0.00644	0.00736	0.01104	0.01518	0.02024	0.04371	0.71614	0.05245	0.02484	0.01012	0.00322	0.00460	0.02254	0.00736	0.00644
204	0.05557	0.00942	0.01132	0.01064	0.01301	0.00917	0.00802	0.01815	0.07729	0.05857	0.42663	0.09552	0.11612	0.01628	0.00977	0.03051	0.00443	0.01350	0.00810	0.00798
205	0.02095	0.01710	0.01822	0.01614	0.02078	0.01956	0.01262	0.06932	0.59914	0.06463	0.03163	0.02898	0.02350	0.01066	0.00806	0.00266	0.00641	0.00884	0.00815	0.01264
206	0.01872	0.02139	0.04679	0.03342	0.04144	0.02005	0.64305	0.02540	0.01872	0.02540	0.01604	0.02139	0.01203	0.00668	0.00936	0.00267	0.01337	0.00936	0.00401	0.01070
207	0.01046	0.00762	0.00997	0.01162	0.01241	0.00737	0.00810	0.01313	0.04876	0.02122	0.04296	0.62565	0.05039	0.02386	0.01009	0.00323	0.00492	0.07403	0.00739	0.00683
208	0.00937	0.00803	0.00803	0.00803	0.01071	0.00669	0.00602	0.01138	0.01807	0.02142	0.08033	0.07632	0.66863	0.02008	0.00937	0.00268	0.00402	0.01674	0.00736	0.00669
209	0.77733	0.01534	0.01166	0.01043	0.01534	0.01779	0.00859	0.02331	0.01350	0.03558	0.01104	0.01288	0.00859	0.00736	0.00491	0.00245	0.00613	0.00429	0.00491	0.00859
210	0.01942	0.01863	0.03181	0.07773	0.64441	0.01879	0.02423	0.02416	0.01796	0.02566	0.01488	0.01969	0.01247	0.00710	0.00785	0.00237	0.00947	0.00706	0.00391	0.01239
211	0.02120	0.72609	0.04155	0.01357	0.02035	0.03138	0.01357	0.02374	0.01611	0.01866	0.01102	0.01272	0.01018	0.00678	0.00509	0.00170	0.00848	0.00424	0.00339	0.01018
212	0.00966	0.00690	0.00920	0.01104	0.01150	0.00644	0.00736	0.01104	0.01518	0.02024	0.04371	0.71614	0.05245	0.02484	0.01012	0.00322	0.00460	0.02254	0.00736	0.00644
213	0.01153	0.00769	0.00865	0.00865	0.00865	0.00769	0.00480	0.01153	0.01153	0.01538	0.02499	0.05189	0.02883	0.72131	0.04036	0.00769	0.00769	0.01153	0.00480	0.00480
214	0.01990	0.55774	0.19850	0.01579	0.02379	0.02819	0.01743	0.02408	0.01627	0.02024	0.01181	0.01371	0.01014	0.00697	0.00569	0.00190	0.00928	0.00464	0.00338	0.01056
215	0.01182	0.00852	0.01161	0.01323	0.01480	0.00831	0.01095	0.01487	0.01773	0.02316	0.07155	0.22821	0.08412	0.02222	0.01061	0.00345	0.00635	0.42404	0.00738	0.00708
216	0.01377	0.00689	0.01033	0.01033	0.01033	0.00689	0.00689	0.01033	0.01033	0.01377	0.01377	0.02410	0.01377	0.02755	0.03099	0.76928	0.00689	0.00689	0.00344	0.00344
217	0.01937	0.01683	0.02121	0.12152	0.12394	0.01813	0.01540	0.08620	0.30012	0.03040	0.02265	0.02362	0.01733	0.00883	0.00762	0.00234	0.00753	0.00749	0.00618	0.14329
218	0.01122	0.00811	0.01060	0.00998	0.01185	0.00748	0.00748	0.01496	0.02245	0.03180	0.66766	0.05923	0.07482	0.01621	0.00935	0.00249	0.00374	0.01434	0.00873	0.00748
219	0.01156	0.00845	0.01078	0.01026	0.01208	0.00802	0.00758	0.01588	0.05177	0.03042	0.57186	0.09151	0.06888	0.05279	0.01093	0.00281	0.00411	0.01437	0.00842	0.00753
220	0.02836	0.14112	0.02534	0.01940	0.02389	0.59068	0.01506	0.03048	0.02152	0.01929	0.01207	0.01406	0.01021	0.00796	0.00684	0.00199	0.01343	0.00498	0.00398	0.00934
221	0.01644	0.01409	0.01644	0.01175	0.01879	0.01057	0.00940	0.01997	0.01644	0.02584	0.01409	0.01644	0.01175	0.00587	0.00587	0.00117	0.00587	0.00470	0.00470	0.76979
222	0.01278	0.00913	0.01278	0.01460	0.01643	0.00913	0.01278	0.01643	0.01825	0.02373	0.04199	0.08945	0.04564	0.02191	0.01095	0.00365	0.00730	0.61847	0.00730	0.00730
223	0.77733	0.01534	0.01166	0.01043	0.01534	0.01779	0.00859	0.02331	0.01350	0.03558	0.01104	0.01288	0.00859	0.00736	0.00491	0.00245	0.00613	0.00429	0.00491	0.00859
224	0.00974	0.00702	0.00923	0.01086	0.01149	0.00651	0.00731	0.01127	0.01571	0.02094	0.08002	0.65252	0.07971	0.02416	0.01005	0.00316	0.00453	0.02184	0.00744	0.00651
225	0.00966	0.00690	0.00920	0.01104	0.01150	0.00644	0.00736	0.01104	0.01518	0.02024	0.04371	0.71614	0.05245	0.02484	0.01012	0.00322	0.00460	0.02254	0.00736	0.00644
226	0.01160	0.00850	0.01093	0.01025	0.01224	0.00803	0.00771	0.01617	0.05068	0.03186	0.63942	0.05792	0.07257	0.01597	0.00930	0.00250	0.00385	0.01410	0.00870	0.00771
227	0.01628	0.06971	0.62776	0.02321	0.05823	0.01899	0.02843	0.02502	0.01677	0.02487	0.01412	0.01668	0.01015	0.00748	0.00744	0.00247	0.01149	0.00584	0.00337	0.01169
228	0.01590	0.04102	0.68023	0.02260	0.03432	0.01842	0.02930	0.02511	0.01674	0.02511	0.01423	0.01674	0.01005	0.00753	0.00753	0.00251	0.01172	0.00586	0.00335	0.01172
229	0.01023	0.00714	0.00944	0.01118	0.01184	0.00674	0.00777	0.01195	0.01555	0.02108	0.04258	0.62015	0.05007	0.02372	0.00995	0.00319	0.00480	0.07756	0.04850	0.00657
230	0.05779	0.01818	0.01928	0.01635	0.02145	0.02053	0.01301	0.20646	0.42384	0.07285	0.02763	0.02580	0.02031	0.01021	0.00788	0.00258	0.00697	0.00820	0.00798	0.01268
231	0.01880	0.01777	0.02785	0.18970	0.37976	0.04770	0.05074	0.05154	0.01848	0.02541	0.01659	0.04714	0.01400	0.00821	0.00787	0.00243	0.00954	0.00770	0.04779	0.01098
232	0.01537	0.01435	0.02411	0.59109	0.12129	0.01728	0.02177	0.02050	0.01624	0.02108	0.01574	0.02478	0.01275	0.00861	0.00809	0.00267	0.01026	0.04112	0.00378	0.00914
