[name]
unknown

[dist]
# distance from previous block
# <min> <max>
0	26

[block]
# block no. 0 follows, 23 sequences, length 66
# corresponding to MSA columns:
# 26-91
name=unknown_A
#
# <colnr> <probs for GDERKNQSTAVLIFYWHMCP>
#	G	D	E	R	K	N	Q	S	T	A	V	L	I	F	Y	W	H	M	C	P
0	0.01308	0.00934	0.01308	0.01494	0.01681	0.00934	0.01308	0.01681	0.01868	0.02428	0.04296	0.09153	0.04670	0.02242	0.01121	0.00374	0.00747	0.60960	0.00747	0.00747
1	0.01148	0.00829	0.01085	0.01021	0.01212	0.00766	0.00766	0.01531	0.02297	0.03254	0.65994	0.06061	0.07656	0.01659	0.00957	0.00255	0.00383	0.01467	0.00893	0.00766
2	0.01206	0.00849	0.01038	0.01004	0.01191	0.00769	0.00712	0.01446	0.01863	0.04623	0.29333	0.16518	0.15316	0.14865	0.01541	0.00363	0.00499	0.01519	0.00755	0.04589
3	0.00989	0.00706	0.00942	0.01130	0.01177	0.00659	0.00753	0.01130	0.01554	0.02071	0.04472	0.70954	0.05367	0.02542	0.01036	0.00330	0.00471	0.02307	0.00753	0.00659
4	0.01516	0.01432	0.02456	0.61606	0.05227	0.01740	0.05297	0.02038	0.01633	0.02100	0.01653	0.06723	0.01373	0.00919	0.00834	0.00274	0.01056	0.00838	0.00389	0.00895
5	0.01840	0.08960	0.50864	0.02058	0.03086	0.01836	0.02525	0.02624	0.01813	0.09135	0.06311	0.02105	0.01612	0.00853	0.00770	0.00250	0.01062	0.00672	0.00451	0.01174
6	0.69542	0.04906	0.01408	0.01140	0.01624	0.01922	0.00952	0.02364	0.01386	0.03466	0.01126	0.01342	0.00897	0.00787	0.00621	0.00253	0.04435	0.00454	0.00487	0.00887
7	0.01189	0.00863	0.01163	0.01331	0.01490	0.00837	0.01092	0.01485	0.01784	0.02311	0.04740	0.25193	0.11072	0.02301	0.01082	0.00352	0.00641	0.39608	0.00749	0.00718
8	0.01513	0.00756	0.00756	0.00756	0.00945	0.00756	0.00567	0.01891	0.01702	0.03025	0.02647	0.03025	0.02080	0.00945	0.00567	0.00189	0.00378	0.00756	0.75988	0.00756
9	0.01683	0.01442	0.01683	0.01202	0.01923	0.01082	0.00961	0.02043	0.01683	0.02644	0.01442	0.01683	0.01202	0.00601	0.00601	0.00120	0.00601	0.00481	0.00481	0.76444
10	0.77215	0.01569	0.01193	0.01067	0.01569	0.01820	0.00879	0.02385	0.01381	0.03641	0.01130	0.01318	0.00879	0.00753	0.00502	0.00251	0.00628	0.00439	0.00502	0.00879
11	0.01072	0.00777	0.00995	0.01141	0.01227	0.00737	0.00777	0.03688	0.01664	0.02203	0.04603	0.64188	0.09000	0.02448	0.01022	0.00323	0.00484	0.02205	0.00756	0.00690
12	0.02352	0.37585	0.06781	0.01635	0.02280	0.09399	0.01502	0.12974	0.13133	0.02742	0.01674	0.01749	0.01348	0.00830	0.00657	0.00211	0.00911	0.00585	0.00514	0.01138
13	0.08543	0.06652	0.44712	0.02158	0.05156	0.01874	0.04787	0.05318	0.01803	0.02756	0.03846	0.05637	0.01515	0.00898	0.00766	0.00256	0.01048	0.00725	0.00426	0.01125
14	0.06492	0.44483	0.17701	0.01709	0.02497	0.05004	0.05107	0.02547	0.01707	0.04388	0.01302	0.01496	0.01072	0.00729	0.00615	0.00206	0.00968	0.00515	0.00383	0.01077
15	0.01077	0.00763	0.00998	0.01125	0.01202	0.00726	0.00786	0.01260	0.01640	0.02205	0.12543	0.45037	0.05244	0.12319	0.01481	0.00391	0.00538	0.09273	0.00734	0.00660
16	0.01078	0.00801	0.01004	0.01007	0.01183	0.00727	0.00735	0.01375	0.02051	0.02796	0.41707	0.20532	0.18162	0.01926	0.00975	0.00275	0.00407	0.01696	0.00836	0.00727
17	0.04720	0.01748	0.05326	0.37763	0.16139	0.01832	0.13152	0.02253	0.01738	0.02403	0.04118	0.02248	0.01404	0.00803	0.00828	0.00264	0.01069	0.00778	0.00404	0.01011
18	0.02964	0.24627	0.02778	0.04397	0.02308	0.04771	0.01369	0.12336	0.02297	0.31108	0.02184	0.02086	0.01521	0.00884	0.00715	0.00224	0.00826	0.00663	0.00710	0.01232
19	0.00996	0.00709	0.00939	0.01121	0.01166	0.00664	0.00743	0.01132	0.01540	0.02053	0.04401	0.68506	0.05277	0.05113	0.01151	0.00347	0.00483	0.02265	0.00743	0.00653
20	0.01560	0.01513	0.02699	0.56426	0.05166	0.01780	0.11062	0.02101	0.01661	0.02149	0.01627	0.05698	0.01323	0.00882	0.00844	0.00274	0.01092	0.00837	0.00388	0.00917
21	0.06700	0.04892	0.04560	0.01579	0.02171	0.10895	0.01323	0.03713	0.11617	0.39982	0.02687	0.02447	0.01810	0.00961	0.00776	0.00246	0.00816	0.00747	0.00817	0.01259
22	0.02940	0.01969	0.14179	0.02000	0.08026	0.01413	0.04912	0.03406	0.02146	0.43636	0.05085	0.02601	0.01943	0.00945	0.00820	0.00253	0.00832	0.00801	0.00794	0.01300
23	0.02140	0.58759	0.07343	0.01527	0.02215	0.06087	0.04070	0.02457	0.01697	0.02030	0.01246	0.01451	0.01099	0.00717	0.00565	0.00185	0.00911	0.00485	0.03982	0.01033
24	0.00991	0.00823	0.00866	0.00856	0.01116	0.00699	0.00642	0.01226	0.01925	0.02371	0.17978	0.07514	0.56223	0.01988	0.00959	0.00271	0.00406	0.01671	0.00777	0.00699
25	0.01824	0.01675	0.02633	0.37621	0.24087	0.01906	0.02175	0.05840	0.09248	0.02576	0.01715	0.02204	0.01326	0.00826	0.00810	0.00260	0.00983	0.00745	0.00453	0.01093
26	0.02018	0.01743	0.01835	0.01651	0.02110	0.02018	0.01284	0.04312	0.64956	0.03394	0.03303	0.03027	0.02477	0.01101	0.00826	0.00275	0.00642	0.00917	0.00826	0.01284
27	0.01148	0.00829	0.01085	0.01021	0.01212	0.00766	0.00766	0.01531	0.02297	0.03254	0.65994	0.06061	0.07656	0.01659	0.00957	0.00255	0.00383	0.01467	0.00893	0.00766
28	0.01605	0.04036	0.64109	0.02251	0.03402	0.01831	0.02891	0.02520	0.01741	0.02602	0.04547	0.01921	0.01345	0.00813	0.00780	0.00257	0.01160	0.00641	0.00369	0.01178
29	0.02140	0.68263	0.07701	0.01439	0.02161	0.03138	0.01476	0.02437	0.01652	0.01945	0.01146	0.01324	0.01041	0.00698	0.00534	0.00178	0.00886	0.00443	0.00347	0.01050
30	0.01001	0.00711	0.00938	0.01115	0.01159	0.00667	0.00737	0.01133	0.01530	0.02040	0.04353	0.66850	0.05216	0.06852	0.01229	0.00358	0.00491	0.02236	0.00737	0.00649
31	0.01134	0.00824	0.01068	0.01017	0.01206	0.00758	0.00759	0.01500	0.02249	0.03163	0.61157	0.08782	0.09913	0.01711	0.00960	0.00259	0.00388	0.01512	0.00882	0.00758
32	0.02928	0.02153	0.02316	0.01800	0.02400	0.02376	0.01470	0.58813	0.03623	0.04856	0.02071	0.04780	0.01598	0.03804	0.00951	0.00268	0.00872	0.00810	0.00797	0.01317
33	0.02965	0.02076	0.02273	0.01772	0.02368	0.02273	0.01449	0.51886	0.06872	0.09615	0.02086	0.02103	0.01491	0.01099	0.00960	0.05006	0.00852	0.00746	0.00799	0.01311
34	0.02269	0.58277	0.07292	0.01541	0.02221	0.12796	0.01500	0.02557	0.01749	0.01955	0.01164	0.01347	0.01041	0.00719	0.00565	0.00183	0.00974	0.00456	0.00357	0.01035
35	0.01567	0.01208	0.01362	0.01273	0.01617	0.01207	0.00969	0.04490	0.20303	0.05779	0.04551	0.20863	0.18110	0.01668	0.00897	0.00274	0.00557	0.03931	0.00761	0.08613
36	0.01627	0.04197	0.67279	0.02313	0.03512	0.01884	0.02998	0.02570	0.01713	0.02570	0.01456	0.01713	0.01028	0.00771	0.00771	0.00257	0.01199	0.00600	0.00343	0.01199
37	0.03898	0.26213	0.31879	0.02215	0.09303	0.02274	0.04596	0.02454	0.01736	0.02426	0.04884	0.01852	0.01425	0.00785	0.00701	0.00228	0.01011	0.00614	0.00387	0.01119
38	0.01008	0.00721	0.00959	0.01117	0.01181	0.00672	0.00755	0.01177	0.01642	0.02212	0.11773	0.63253	0.05638	0.02437	0.01026	0.00321	0.00460	0.02207	0.00770	0.00672
39	0.03612	0.01427	0.01911	0.01465	0.02094	0.01261	0.01211	0.07022	0.02399	0.63808	0.03137	0.02720	0.01976	0.01003	0.00816	0.00251	0.00701	0.00812	0.00994	0.01381
40	0.01841	0.02049	0.04328	0.09331	0.04156	0.02000	0.52741	0.02469	0.01844	0.02502	0.01696	0.04594	0.01356	0.00796	0.01028	0.00279	0.04552	0.00972	0.00415	0.01052
41	0.01970	0.01889	0.03224	0.10206	0.61497	0.01918	0.02471	0.02456	0.01829	0.02604	0.01519	0.02021	0.01269	0.00730	0.00804	0.00243	0.00973	0.00723	0.00398	0.01254
42	0.01513	0.00756	0.00756	0.00756	0.00945	0.00756	0.00567	0.01891	0.01702	0.03025	0.02647	0.03025	0.02080	0.00945	0.00567	0.00189	0.00378	0.00756	0.75988	0.00756
43	0.03103	0.02244	0.02417	0.01853	0.02502	0.02473	0.01531	0.61758	0.03766	0.07141	0.01989	0.01975	0.01401	0.00975	0.00812	0.00244	0.00886	0.00733	0.00818	0.01380
44	0.01223	0.00836	0.01086	0.01043	0.01238	0.00765	0.00774	0.01561	0.02176	0.05738	0.52134	0.14610	0.10201	0.01769	0.00962	0.00266	0.00409	0.01564	0.00872	0.00773
45	0.03085	0.02273	0.02435	0.01867	0.02516	0.02516	0.01542	0.63716	0.03815	0.05114	0.01948	0.01948	0.01380	0.00974	0.00812	0.00244	0.00893	0.00731	0.00812	0.01380
46	0.01159	0.00869	0.01304	0.01304	0.01449	0.01014	0.01014	0.01449	0.01304	0.01884	0.02173	0.03188	0.02029	0.06086	0.68268	0.01304	0.02173	0.00869	0.00435	0.00724
47	0.02008	0.01928	0.03294	0.04981	0.66422	0.01928	0.02490	0.02490	0.01848	0.02651	0.01526	0.02008	0.01285	0.00723	0.00803	0.00241	0.00964	0.00723	0.00402	0.01285
48	0.03251	0.01355	0.01798	0.01418	0.01987	0.01218	0.01157	0.03737	0.07530	0.55193	0.09615	0.03120	0.02624	0.01079	0.00831	0.00254	0.00655	0.00891	0.00978	0.01310
49	0.01042	0.00711	0.00923	0.01092	0.01153	0.00669	0.00734	0.01207	0.01569	0.02169	0.04286	0.64024	0.05031	0.02379	0.00988	0.00315	0.00461	0.02149	0.08428	0.00669
50	0.01078	0.00772	0.00969	0.01029	0.01122	0.00734	0.00695	0.01255	0.01653	0.02234	0.18797	0.31576	0.10099	0.18919	0.04925	0.00463	0.00601	0.01723	0.00709	0.00650
51	0.03323	0.01388	0.01834	0.01448	0.02018	0.01251	0.01177	0.08744	0.02371	0.55106	0.03224	0.09649	0.02298	0.01159	0.00838	0.00258	0.00685	0.00961	0.00962	0.01307
52	0.01043	0.00820	0.00943	0.00924	0.01151	0.00719	0.00688	0.01323	0.02031	0.02651	0.33328	0.10073	0.37602	0.01905	0.00962	0.00268	0.00402	0.01634	0.00815	0.00719
53	0.01571	0.01466	0.02398	0.59466	0.08133	0.01735	0.02133	0.02090	0.01639	0.02159	0.01446	0.02107	0.01104	0.00786	0.00789	0.00254	0.01027	0.00697	0.00375	0.08626
54	0.01582	0.01473	0.02373	0.62608	0.05234	0.01825	0.02155	0.02302	0.08083	0.02208	0.01632	0.02251	0.01224	0.00841	0.00813	0.00271	0.01037	0.00741	0.00408	0.00940
55	0.01148	0.00829	0.01085	0.01021	0.01212	0.00766	0.00766	0.01531	0.02297	0.03254	0.65994	0.06061	0.07656	0.01659	0.00957	0.00255	0.00383	0.01467	0.00893	0.00766
56	0.00989	0.00706	0.00942	0.01130	0.01177	0.00659	0.00753	0.01130	0.01554	0.02071	0.04472	0.70954	0.05367	0.02542	0.01036	0.00330	0.00471	0.02307	0.00753	0.00659
57	0.01005	0.00719	0.00956	0.01119	0.01181	0.00670	0.00754	0.01171	0.01629	0.02192	0.10748	0.64334	0.05600	0.02452	0.01028	0.00322	0.00462	0.02221	0.00768	0.00670
58	0.03388	0.01456	0.02024	0.01815	0.08638	0.01311	0.01330	0.03824	0.05583	0.57061	0.03036	0.02699	0.01960	0.00981	0.00815	0.00251	0.00716	0.00812	0.00933	0.01366
59	0.01926	0.02143	0.04487	0.03240	0.04023	0.02049	0.57131	0.02774	0.08346	0.02680	0.01811	0.02274	0.01358	0.00727	0.00944	0.00274	0.01294	0.00953	0.00453	0.01114
60	0.01782	0.02066	0.09012	0.02095	0.02247	0.05480	0.01842	0.02046	0.01345	0.02013	0.01183	0.01842	0.01121	0.01618	0.06478	0.00397	0.55458	0.00700	0.00362	0.00912
61	0.02645	0.01706	0.01930	0.01618	0.02153	0.01839	0.01292	0.12189	0.38091	0.22558	0.03090	0.02803	0.02190	0.01055	0.00821	0.00264	0.00690	0.00862	0.00877	0.01326
62	0.07466	0.01644	0.01889	0.01490	0.02089	0.08064	0.01214	0.03799	0.02270	0.57007	0.02893	0.02553	0.01851	0.00974	0.00791	0.00247	0.00766	0.00766	0.00918	0.01309
63	0.01264	0.00889	0.01008	0.00989	0.01045	0.00927	0.00605	0.01516	0.07694	0.01778	0.02609	0.04944	0.02844	0.60216	0.07802	0.00767	0.00859	0.01134	0.00522	0.00587
64	0.01612	0.01367	0.01607	0.01195	0.01847	0.01039	0.00940	0.01950	0.01669	0.02586	0.01751	0.08749	0.01627	0.00799	0.00645	0.00142	0.00588	0.00667	0.00509	0.68713
65	0.01111	0.00816	0.01041	0.01010	0.01196	0.00746	0.00748	0.01450	0.02172	0.03016	0.53335	0.12874	0.13879	0.01793	0.00965	0.00265	0.00395	0.01580	0.00864	0.00746

[dist]
# distance from previous block
# <min> <max>
0	1

[block]
# block no. 1 follows, 23 sequences, length 15
# corresponding to MSA columns:
# 93-107
name=unknown_B
#
# <colnr> <probs for GDERKNQSTAVLIFYWHMCP>
#	G	D	E	R	K	N	Q	S	T	A	V	L	I	F	Y	W	H	M	C	P
0	0.52947	0.01732	0.01524	0.01279	0.01809	0.01970	0.01052	0.19680	0.02082	0.04029	0.01428	0.01571	0.01073	0.00824	0.00592	0.00246	0.00692	0.00536	0.03918	0.01015
1	0.02904	0.07700	0.01783	0.01245	0.01754	0.01255	0.01034	0.03231	0.02085	0.42938	0.02854	0.02702	0.01940	0.00959	0.00719	0.00226	0.00619	0.00764	0.22115	0.01173
2	0.03652	0.53166	0.04587	0.02455	0.03131	0.03562	0.01958	0.03364	0.02617	0.03465	0.02871	0.03727	0.02667	0.01835	0.01281	0.00498	0.01363	0.01015	0.00945	0.01841
3	0.00989	0.00706	0.00942	0.01130	0.01177	0.00659	0.00753	0.01130	0.01554	0.02071	0.04472	0.70954	0.05367	0.02542	0.01036	0.00330	0.00471	0.02307	0.00753	0.00659
4	0.01860	0.01014	0.01468	0.01343	0.01625	0.01065	0.01065	0.02156	0.01592	0.20264	0.02464	0.03067	0.02023	0.04651	0.49223	0.01007	0.01755	0.00854	0.00596	0.00910
5	0.02237	0.08505	0.44069	0.01998	0.02998	0.01789	0.02367	0.02950	0.01880	0.20707	0.01924	0.01978	0.01306	0.00831	0.00765	0.00249	0.01031	0.00648	0.00530	0.01239
6	0.01762	0.15137	0.38175	0.02103	0.02877	0.02282	0.02377	0.02372	0.01569	0.02282	0.01289	0.01660	0.01041	0.00941	0.01262	0.00270	0.20567	0.00602	0.00347	0.01084
7	0.01079	0.00770	0.01045	0.01233	0.01319	0.00737	0.00910	0.01285	0.01642	0.02172	0.04423	0.53505	0.05170	0.02457	0.01060	0.00342	0.00549	0.18867	0.00752	0.00684
8	0.02802	0.02033	0.02200	0.02241	0.02474	0.01733	0.01489	0.02434	0.02575	0.03593	0.05615	0.47903	0.11359	0.03117	0.01644	0.00605	0.01073	0.02305	0.01236	0.01569
9	0.02538	0.01957	0.02109	0.01719	0.02215	0.05399	0.01394	0.43092	0.03030	0.04044	0.01977	0.02274	0.01546	0.02410	0.19853	0.00541	0.01283	0.00759	0.00685	0.01173
10	0.03242	0.02021	0.02279	0.01747	0.02391	0.02143	0.01444	0.46843	0.03394	0.22582	0.02302	0.02178	0.01557	0.00983	0.00813	0.00246	0.00836	0.00755	0.00866	0.01380
11	0.01741	0.01449	0.01600	0.01466	0.01838	0.01617	0.01139	0.03411	0.44483	0.03312	0.21047	0.04154	0.04036	0.01309	0.00876	0.00274	0.00574	0.03720	0.00841	0.01114
12	0.03581	0.01476	0.01942	0.01489	0.02119	0.01334	0.01230	0.10356	0.02482	0.60357	0.03067	0.02675	0.01941	0.01001	0.00816	0.00250	0.00712	0.00807	0.00984	0.01381
13	0.01012	0.00824	0.00896	0.00878	0.01129	0.00708	0.00659	0.01268	0.01976	0.02492	0.24532	0.07316	0.49593	0.01943	0.00958	0.00269	0.00403	0.01643	0.00793	0.00708
14	0.01046	0.00760	0.00987	0.01069	0.01185	0.00701	0.00749	0.01282	0.01851	0.02522	0.27750	0.42510	0.10216	0.02179	0.01001	0.00298	0.00434	0.01953	0.00806	0.00701

[dist]
# distance from previous block
# <min> <max>
0	4

[block]
# block no. 2 follows, 23 sequences, length 32
# corresponding to MSA columns:
# 112-143
name=unknown_C
#
# <colnr> <probs for GDERKNQSTAVLIFYWHMCP>
#	G	D	E	R	K	N	Q	S	T	A	V	L	I	F	Y	W	H	M	C	P
0	0.02968	0.02229	0.02440	0.01890	0.02482	0.02514	0.01563	0.58221	0.03586	0.04833	0.01870	0.01933	0.01352	0.01014	0.00976	0.00253	0.07042	0.00729	0.00771	0.01336
1	0.01944	0.01658	0.01750	0.01583	0.02001	0.01909	0.01214	0.04033	0.59281	0.03232	0.03236	0.03230	0.02519	0.07363	0.01120	0.00321	0.00655	0.00941	0.00796	0.01214
2	0.70668	0.01552	0.01254	0.01101	0.01614	0.01764	0.00907	0.02525	0.01465	0.09277	0.01314	0.01447	0.00979	0.00776	0.00530	0.00251	0.00633	0.00473	0.00547	0.00923
3	0.02735	0.03194	0.02160	0.01918	0.02329	0.48182	0.01467	0.11064	0.02395	0.02428	0.02129	0.02266	0.08480	0.01025	0.00872	0.00229	0.04957	0.00696	0.00506	0.00968
4	0.02041	0.01663	0.05850	0.01415	0.02084	0.01327	0.01217	0.04659	0.01823	0.12583	0.01699	0.01869	0.01310	0.00761	0.00837	0.00174	0.06864	0.00570	0.00554	0.50700
5	0.02873	0.06017	0.02453	0.05429	0.02580	0.02430	0.01524	0.53949	0.03473	0.04669	0.01910	0.01977	0.01380	0.00948	0.00783	0.00238	0.00876	0.00715	0.04471	0.01305
6	0.01022	0.00731	0.00976	0.01141	0.01209	0.00685	0.00787	0.01200	0.01643	0.02205	0.10349	0.61165	0.05545	0.02440	0.01033	0.00325	0.00478	0.05623	0.00766	0.00674
7	0.02169	0.71972	0.04252	0.01388	0.02083	0.03211	0.01388	0.02430	0.01649	0.01909	0.01128	0.01302	0.01041	0.00694	0.00521	0.00174	0.00868	0.00434	0.00347	0.01041
8	0.02085	0.02065	0.06467	0.04230	0.51752	0.05653	0.02286	0.02560	0.01921	0.06211	0.05567	0.02252	0.01690	0.00805	0.00808	0.00241	0.00955	0.00756	0.00463	0.01234
9	0.00989	0.00706	0.00942	0.01130	0.01177	0.00659	0.00753	0.01130	0.01554	0.02071	0.04472	0.70954	0.05367	0.02542	0.01036	0.00330	0.00471	0.02307	0.00753	0.00659
10	0.00989	0.00706	0.00942	0.01130	0.01177	0.00659	0.00753	0.01130	0.01554	0.02071	0.04472	0.70954	0.05367	0.02542	0.01036	0.00330	0.00471	0.02307	0.00753	0.00659
11	0.02169	0.71972	0.04252	0.01388	0.02083	0.03211	0.01388	0.02430	0.01649	0.01909	0.01128	0.01302	0.01041	0.00694	0.00521	0.00174	0.00868	0.00434	0.00347	0.01041
12	0.03119	0.02218	0.02401	0.01841	0.02489	0.02435	0.01521	0.60038	0.03723	0.08922	0.02025	0.01998	0.01419	0.00976	0.00812	0.00244	0.00880	0.00736	0.00824	0.01380
13	0.77215	0.01569	0.01193	0.01067	0.01569	0.01820	0.00879	0.02385	0.01381	0.03641	0.01130	0.01318	0.00879	0.00753	0.00502	0.00251	0.00628	0.00439	0.00502	0.00879
14	0.01020	0.00724	0.00949	0.01098	0.01154	0.00680	0.00731	0.01170	0.01587	0.02133	0.09835	0.59276	0.05358	0.08597	0.01304	0.00364	0.00491	0.02131	0.00743	0.00654
15	0.01160	0.00866	0.01285	0.01285	0.01424	0.01004	0.00991	0.01437	0.01299	0.01870	0.02191	0.03283	0.02070	0.09011	0.65398	0.01281	0.02111	0.00883	0.00437	0.00714
16	0.02078	0.01773	0.01868	0.01663	0.02133	0.02046	0.01299	0.07619	0.61552	0.03490	0.03227	0.02967	0.02416	0.01094	0.00825	0.00273	0.00656	0.00907	0.00825	0.01290
17	0.77215	0.01569	0.01193	0.01067	0.01569	0.01820	0.00879	0.02385	0.01381	0.03641	0.01130	0.01318	0.00879	0.00753	0.00502	0.00251	0.00628	0.00439	0.00502	0.00879
18	0.01627	0.04197	0.67279	0.02313	0.03512	0.01884	0.02998	0.02570	0.01713	0.02570	0.01456	0.01713	0.01028	0.00771	0.00771	0.00257	0.01199	0.00600	0.00343	0.01199
19	0.00989	0.00787	0.00888	0.00939	0.01134	0.00686	0.00675	0.01195	0.01808	0.02273	0.13474	0.27038	0.40933	0.02161	0.00982	0.00289	0.00426	0.01868	0.00769	0.00686
20	0.02079	0.01773	0.01869	0.01664	0.02133	0.02046	0.01299	0.07678	0.61491	0.03492	0.03226	0.02966	0.02415	0.01094	0.00825	0.00273	0.00656	0.00907	0.00825	0.01290
21	0.01627	0.04197	0.67279	0.02313	0.03512	0.01884	0.02998	0.02570	0.01713	0.02570	0.01456	0.01713	0.01028	0.00771	0.00771	0.00257	0.01199	0.00600	0.00343	0.01199
22	0.00989	0.00706	0.00942	0.01130	0.01177	0.00659	0.00753	0.01130	0.01554	0.02071	0.04472	0.70954	0.05367	0.02542	0.01036	0.00330	0.00471	0.02307	0.00753	0.00659
23	0.02776	0.01683	0.01927	0.01534	0.02073	0.01745	0.01247	0.29662	0.07762	0.21939	0.08914	0.03008	0.05479	0.01110	0.00821	0.00248	0.00714	0.00890	0.05226	0.01243
24	0.77215	0.01569	0.01193	0.01067	0.01569	0.01820	0.00879	0.02385	0.01381	0.03641	0.01130	0.01318	0.00879	0.00753	0.00502	0.00251	0.00628	0.00439	0.00502	0.00879
25	0.66771	0.01583	0.01315	0.01140	0.01661	0.01792	0.00939	0.05323	0.01582	0.09799	0.01366	0.01486	0.01010	0.00787	0.00546	0.00251	0.00646	0.00489	0.00565	0.00950
26	0.01683	0.01442	0.01683	0.01202	0.01923	0.01082	0.00961	0.02043	0.01683	0.02644	0.01442	0.01683	0.01202	0.00601	0.00601	0.00120	0.00601	0.00481	0.00481	0.76444
27	0.70422	0.01552	0.01256	0.01102	0.01616	0.01762	0.00908	0.02530	0.01468	0.09489	0.01321	0.01451	0.00983	0.00776	0.00531	0.00251	0.00633	0.00474	0.00549	0.00925
28	0.02803	0.02133	0.02277	0.01810	0.02409	0.02385	0.01474	0.48027	0.19963	0.04660	0.02306	0.02233	0.01670	0.01008	0.00815	0.00252	0.00827	0.00780	0.00815	0.01355
29	0.77215	0.01569	0.01193	0.01067	0.01569	0.01820	0.00879	0.02385	0.01381	0.03641	0.01130	0.01318	0.00879	0.00753	0.00502	0.00251	0.00628	0.00439	0.00502	0.00879
30	0.02008	0.01928	0.03294	0.04981	0.66422	0.01928	0.02490	0.02490	0.01848	0.02651	0.01526	0.02008	0.01285	0.00723	0.00803	0.00241	0.00964	0.00723	0.00402	0.01285
31	0.02519	0.01992	0.02117	0.01753	0.02301	0.02252	0.01406	0.32223	0.36228	0.04202	0.02666	0.02520	0.01962	0.01041	0.00819	0.00260	0.00760	0.00830	0.00819	0.01329

[dist]
# distance from previous block
# <min> <max>
0	5

[block]
# block no. 3 follows, 23 sequences, length 37
# corresponding to MSA columns:
# 149-185
name=unknown_D
#
# <colnr> <probs for GDERKNQSTAVLIFYWHMCP>
#	G	D	E	R	K	N	Q	S	T	A	V	L	I	F	Y	W	H	M	C	P
0	0.01915	0.02189	0.04788	0.03420	0.04241	0.02052	0.63475	0.02599	0.01915	0.02599	0.01642	0.02189	0.01231	0.00684	0.00958	0.00274	0.01368	0.00958	0.00410	0.01094
1	0.01181	0.00874	0.01112	0.01073	0.01274	0.00827	0.00812	0.01635	0.05314	0.03092	0.52914	0.09602	0.10447	0.01733	0.00964	0.00268	0.00422	0.04810	0.00866	0.00780
2	0.01513	0.00756	0.00756	0.00756	0.00945	0.00756	0.00567	0.01891	0.01702	0.03025	0.02647	0.03025	0.02080	0.00945	0.00567	0.00189	0.00378	0.00756	0.75988	0.00756
3	0.01168	0.00774	0.00897	0.00925	0.00955	0.00762	0.00554	0.01235	0.01334	0.01837	0.06223	0.16097	0.03544	0.51870	0.03222	0.00645	0.00687	0.01355	0.05367	0.00551
4	0.51565	0.01725	0.01569	0.01303	0.01854	0.01931	0.01074	0.17762	0.02078	0.10249	0.01537	0.01617	0.01115	0.00833	0.00610	0.00249	0.00700	0.00549	0.00628	0.01053
5	0.01324	0.00906	0.01165	0.01076	0.01304	0.00853	0.00815	0.01802	0.05557	0.06583	0.59459	0.05731	0.07092	0.01596	0.00943	0.00256	0.00412	0.01405	0.00896	0.00825
6	0.03479	0.01531	0.01963	0.01517	0.02139	0.01430	0.01249	0.12841	0.05615	0.54683	0.03020	0.02654	0.01938	0.01005	0.00816	0.00251	0.00718	0.00808	0.00967	0.01376
7	0.01425	0.00894	0.01182	0.01091	0.01329	0.00820	0.00840	0.01800	0.02277	0.10067	0.55987	0.05869	0.06891	0.01619	0.00950	0.00261	0.00435	0.04532	0.00897	0.00831
8	0.02331	0.02701	0.02403	0.02113	0.02298	0.31569	0.01683	0.02522	0.01710	0.01967	0.01149	0.01637	0.01056	0.01162	0.01808	0.00290	0.39678	0.00627	0.00383	0.00911
9	0.01057	0.00875	0.00933	0.00909	0.01177	0.00776	0.00685	0.01416	0.05455	0.02479	0.19914	0.07181	0.50447	0.01920	0.00951	0.00270	0.00418	0.01617	0.00786	0.00735
10	0.03282	0.01957	0.02240	0.01717	0.02359	0.02047	0.01418	0.42538	0.03286	0.27039	0.02392	0.02236	0.01603	0.00985	0.00813	0.00246	0.00821	0.00761	0.00880	0.01380
11	0.01469	0.01205	0.01725	0.01548	0.01674	0.01458	0.04932	0.01729	0.01439	0.02215	0.02220	0.12536	0.02191	0.05561	0.14238	0.00508	0.24428	0.01019	0.17115	0.00789
12	0.01738	0.02517	0.21159	0.04706	0.03211	0.02085	0.20413	0.02301	0.01636	0.02383	0.04455	0.02098	0.01419	0.01012	0.01487	0.00296	0.24871	0.00789	0.00394	0.01031
13	0.00998	0.00713	0.00950	0.01124	0.01179	0.00665	0.00754	0.01153	0.01596	0.02139	0.07983	0.67251	0.05497	0.02492	0.01031	0.00325	0.00466	0.02259	0.00761	0.00665
14	0.01979	0.01898	0.03241	0.08929	0.62701	0.01920	0.02476	0.02465	0.01834	0.02616	0.01521	0.02018	0.01273	0.00728	0.00804	0.00243	0.00971	0.00723	0.00399	0.01262
15	0.01887	0.02122	0.04505	0.06478	0.04148	0.02072	0.55972	0.02526	0.01851	0.02526	0.01589	0.02157	0.01212	0.00745	0.01077	0.00279	0.06451	0.00928	0.00404	0.01070
16	0.02938	0.02447	0.02340	0.02010	0.05602	0.15463	0.01539	0.37283	0.10379	0.08762	0.02038	0.02040	0.01482	0.00951	0.00797	0.00241	0.00966	0.00717	0.00729	0.01276
17	0.01148	0.00829	0.01085	0.01021	0.01212	0.00766	0.00766	0.01531	0.02297	0.03254	0.65994	0.06061	0.07656	0.01659	0.00957	0.00255	0.00383	0.01467	0.00893	0.00766
18	0.01017	0.00797	0.00924	0.00975	0.01167	0.00704	0.00714	0.01244	0.01845	0.02353	0.16934	0.25056	0.36177	0.02131	0.00988	0.00291	0.00439	0.04772	0.00777	0.00695
19	0.01163	0.00855	0.01232	0.01232	0.01351	0.00975	0.00924	0.01402	0.01283	0.01830	0.02240	0.03554	0.02188	0.17388	0.57183	0.01215	0.01934	0.00923	0.00445	0.00684
20	0.01017	0.00824	0.00902	0.00883	0.01132	0.00710	0.00662	0.01277	0.01986	0.02517	0.25910	0.07274	0.48200	0.01934	0.00958	0.00268	0.00402	0.01637	0.00796	0.00710
21	0.02169	0.71972	0.04252	0.01388	0.02083	0.03211	0.01388	0.02430	0.01649	0.01909	0.01128	0.01302	0.01041	0.00694	0.00521	0.00174	0.00868	0.00434	0.00347	0.01041
22	0.02230	0.01848	0.01954	0.01694	0.02191	0.02117	0.01336	0.16104	0.52819	0.03736	0.03034	0.02813	0.02259	0.01076	0.00823	0.00269	0.00692	0.00880	0.00823	0.01303
23	0.02311	0.02270	0.02031	0.01892	0.04686	0.17312	0.01410	0.07301	0.44687	0.03137	0.02687	0.02568	0.02040	0.01018	0.00802	0.00257	0.00858	0.00808	0.00715	0.01210
24	0.77215	0.01569	0.01193	0.01067	0.01569	0.01820	0.00879	0.02385	0.01381	0.03641	0.01130	0.01318	0.00879	0.00753	0.00502	0.00251	0.00628	0.00439	0.00502	0.00879
25	0.77215	0.01569	0.01193	0.01067	0.01569	0.01820	0.00879	0.02385	0.01381	0.03641	0.01130	0.01318	0.00879	0.00753	0.00502	0.00251	0.00628	0.00439	0.00502	0.00879
26	0.01050	0.00758	0.00990	0.01142	0.01231	0.00712	0.00811	0.01236	0.01644	0.02174	0.08061	0.50769	0.09792	0.05615	0.01181	0.00349	0.00516	0.10549	0.00748	0.00672
27	0.02438	0.01774	0.01892	0.01567	0.02063	0.01968	0.01256	0.29930	0.23981	0.06012	0.02578	0.02545	0.01904	0.01012	0.00769	0.00244	0.00703	0.00801	0.15335	0.01227
28	0.09105	0.01395	0.01832	0.01416	0.02034	0.01239	0.01169	0.03838	0.02253	0.62280	0.03047	0.02655	0.01925	0.00986	0.00793	0.00251	0.00686	0.00788	0.00967	0.01344
29	0.20824	0.02383	0.06244	0.03692	0.04245	0.11888	0.01508	0.29673	0.02679	0.07047	0.01653	0.01758	0.01207	0.00877	0.00723	0.00242	0.00930	0.00625	0.00634	0.01167
30	0.01548	0.01463	0.02437	0.65238	0.05368	0.01846	0.02223	0.02066	0.01598	0.02066	0.01418	0.02139	0.01081	0.00850	0.00929	0.00276	0.05473	0.00720	0.00360	0.00901
31	0.01005	0.00718	0.00961	0.01149	0.01203	0.00673	0.00782	0.01159	0.01570	0.02090	0.04463	0.67739	0.05330	0.02526	0.01040	0.00332	0.00485	0.05358	0.00753	0.00664
32	0.01091	0.00861	0.01318	0.05484	0.01674	0.00832	0.05503	0.01297	0.01585	0.02111	0.04077	0.61639	0.04798	0.02298	0.01016	0.00322	0.00575	0.02110	0.00704	0.00706
33	0.01904	0.02270	0.07313	0.03375	0.04211	0.02045	0.61031	0.02598	0.01907	0.02598	0.01634	0.02170	0.01223	0.00688	0.00950	0.00273	0.01361	0.00943	0.00408	0.01099
34	0.01290	0.00928	0.01284	0.01461	0.01652	0.00922	0.01274	0.01656	0.01867	0.02417	0.04489	0.09087	0.07682	0.02232	0.01113	0.00369	0.00731	0.58055	0.00747	0.00744
35	0.01003	0.00735	0.00942	0.01077	0.01170	0.00674	0.00737	0.01179	0.01675	0.02219	0.11820	0.55430	0.13597	0.02380	0.01017	0.00314	0.00453	0.02135	0.00769	0.00674
36	0.01865	0.02171	0.07580	0.11566	0.11877	0.01998	0.45534	0.02521	0.01861	0.02540	0.01594	0.02139	0.01209	0.00709	0.00911	0.00268	0.01276	0.00882	0.00400	0.01100

[dist]
# distance from previous block
# <min> <max>
0	1

[block]
# block no. 4 follows, 23 sequences, length 35
# corresponding to MSA columns:
# 187-221
name=unknown_E
#
# <colnr> <probs for GDERKNQSTAVLIFYWHMCP>
#	G	D	E	R	K	N	Q	S	T	A	V	L	I	F	Y	W	H	M	C	P
0	0.01839	0.02907	0.30328	0.03710	0.34018	0.01922	0.08554	0.02534	0.01798	0.02612	0.01508	0.01902	0.01172	0.00739	0.00804	0.00251	0.01102	0.00694	0.00378	0.01231
1	0.02026	0.01705	0.01795	0.01587	0.02048	0.01933	0.01242	0.10696	0.51315	0.03461	0.03673	0.03415	0.09132	0.01188	0.00838	0.00272	0.00646	0.00981	0.00816	0.01231
2	0.04863	0.04627	0.02114	0.01635	0.02163	0.07839	0.01329	0.38888	0.07284	0.04188	0.04882	0.02273	0.01777	0.00980	0.00758	0.00233	0.00821	0.00742	0.11411	0.01192
3	0.02883	0.07359	0.02471	0.02139	0.05925	0.44523	0.01588	0.15057	0.05752	0.02703	0.01503	0.01659	0.01197	0.00862	0.00744	0.00219	0.01247	0.00589	0.00511	0.01069
4	0.06176	0.05301	0.04903	0.06087	0.02116	0.01560	0.01298	0.02783	0.24046	0.06159	0.05961	0.12231	0.05951	0.01437	0.00869	0.00287	0.00687	0.10422	0.00713	0.01013
5	0.01959	0.21951	0.36943	0.02027	0.02971	0.02153	0.07193	0.02620	0.01788	0.08182	0.03917	0.01894	0.01380	0.00797	0.00729	0.00235	0.01048	0.00635	0.00429	0.01148
6	0.01627	0.04197	0.67279	0.02313	0.03512	0.01884	0.02998	0.02570	0.01713	0.02570	0.01456	0.01713	0.01028	0.00771	0.00771	0.00257	0.01199	0.00600	0.00343	0.01199
7	0.01915	0.02189	0.04788	0.03420	0.04241	0.02052	0.63475	0.02599	0.01915	0.02599	0.01642	0.02189	0.01231	0.00684	0.00958	0.00274	0.01368	0.00958	0.00410	0.01094
8	0.01291	0.00923	0.01284	0.01445	0.01632	0.00916	0.01251	0.01665	0.01913	0.02515	0.10750	0.08829	0.04982	0.02181	0.01104	0.00361	0.00709	0.54737	0.00762	0.00749
9	0.01997	0.03735	0.51371	0.02311	0.06081	0.07210	0.02645	0.02785	0.01839	0.10154	0.01650	0.01830	0.01157	0.00802	0.00775	0.00252	0.01150	0.00624	0.00430	0.01204
10	0.03532	0.01405	0.01880	0.01458	0.02074	0.01248	0.01199	0.03978	0.06523	0.62719	0.03208	0.02780	0.02040	0.01011	0.00817	0.00253	0.00687	0.00823	0.00992	0.01374
11	0.00989	0.00706	0.00942	0.01130	0.01177	0.00659	0.00753	0.01130	0.01554	0.02071	0.04472	0.70954	0.05367	0.02542	0.01036	0.00330	0.00471	0.02307	0.00753	0.00659
12	0.05929	0.02239	0.04387	0.03297	0.06993	0.05774	0.53762	0.02619	0.01906	0.02622	0.01587	0.02093	0.01205	0.00698	0.00914	0.00267	0.01315	0.00895	0.00415	0.01084
13	0.01556	0.01466	0.02476	0.66377	0.08563	0.01809	0.02265	0.02094	0.01634	0.02101	0.01446	0.02156	0.01092	0.00807	0.00811	0.00269	0.01076	0.00721	0.00363	0.00920
14	0.00959	0.00822	0.00822	0.00822	0.01096	0.00685	0.00617	0.01165	0.01850	0.02192	0.08220	0.07809	0.66092	0.02055	0.00959	0.00274	0.00411	0.01713	0.00754	0.00685
15	0.01823	0.01819	0.03044	0.10845	0.06259	0.02124	0.19210	0.05015	0.05107	0.02411	0.01651	0.05937	0.01459	0.01129	0.01587	0.00305	0.27950	0.00884	0.00442	0.00998
16	0.01189	0.00897	0.01106	0.01042	0.01264	0.00849	0.00785	0.01691	0.06934	0.03124	0.53671	0.06064	0.14979	0.01669	0.00947	0.00259	0.00406	0.01459	0.00870	0.00794
17	0.01353	0.00930	0.01073	0.01035	0.01116	0.00995	0.00684	0.03473	0.04436	0.02051	0.02570	0.07372	0.02702	0.44823	0.06585	0.00639	0.04548	0.01097	0.11879	0.00639
18	0.01560	0.01459	0.02362	0.59366	0.05051	0.01767	0.02102	0.02064	0.01609	0.02123	0.01423	0.02096	0.01093	0.00822	0.00885	0.00260	0.04550	0.00697	0.00372	0.08339
19	0.01221	0.00811	0.01072	0.01087	0.01245	0.00747	0.00784	0.01505	0.02005	0.06254	0.38293	0.31497	0.06445	0.01972	0.00980	0.00284	0.00434	0.01763	0.00844	0.00757
20	0.01180	0.00787	0.00885	0.00885	0.00885	0.00787	0.00492	0.01180	0.01180	0.01573	0.02557	0.05310	0.02950	0.71483	0.04130	0.00787	0.00787	0.01180	0.00492	0.00492
21	0.02169	0.71972	0.04252	0.01388	0.02083	0.03211	0.01388	0.02430	0.01649	0.01909	0.01128	0.01302	0.01041	0.00694	0.00521	0.00174	0.00868	0.00434	0.00347	0.01041
22	0.01235	0.00860	0.01047	0.00982	0.01226	0.00765	0.00743	0.01556	0.02155	0.06673	0.43733	0.06428	0.26091	0.01747	0.00949	0.00261	0.00410	0.01508	0.00855	0.00776
23	0.01201	0.00801	0.00958	0.00958	0.01001	0.00829	0.00601	0.01287	0.01244	0.01744	0.02487	0.04718	0.02702	0.53236	0.16574	0.00844	0.01031	0.01087	0.06139	0.00558
24	0.03204	0.01981	0.02242	0.01730	0.02364	0.02097	0.01426	0.43107	0.06109	0.23615	0.02385	0.02241	0.01618	0.00989	0.00814	0.00247	0.00821	0.00765	0.00870	0.01376
25	0.00997	0.00712	0.00949	0.01124	0.01179	0.00665	0.00754	0.01150	0.01591	0.02132	0.07611	0.67643	0.05484	0.02497	0.01032	0.00326	0.00466	0.02264	0.00760	0.00665
26	0.01038	0.00764	0.01017	0.05125	0.01404	0.00741	0.00808	0.01192	0.01536	0.02028	0.04304	0.56878	0.08159	0.09342	0.01329	0.00369	0.00535	0.02068	0.00704	0.00658
27	0.07523	0.37366	0.13323	0.01698	0.05503	0.02476	0.01607	0.05197	0.01767	0.05594	0.01460	0.01664	0.01188	0.00790	0.00693	0.00211	0.03731	0.00545	0.06593	0.01069
28	0.01541	0.00812	0.00817	0.00807	0.01011	0.00828	0.00608	0.02028	0.05277	0.03046	0.02684	0.03025	0.02102	0.00954	0.00582	0.00194	0.00393	0.00765	0.71739	0.00786
29	0.00999	0.00714	0.00951	0.01123	0.01179	0.00666	0.00754	0.01157	0.01603	0.02151	0.08598	0.66602	0.05520	0.02483	0.01030	0.00325	0.00465	0.02250	0.00763	0.00666
30	0.01659	0.01537	0.02601	0.02097	0.02429	0.01737	0.18736	0.05599	0.01635	0.02369	0.01772	0.02478	0.01534	0.02782	0.24804	0.00645	0.18341	0.00839	0.05497	0.00909
31	0.18994	0.02318	0.02081	0.05417	0.02394	0.17340	0.01434	0.21018	0.05015	0.07176	0.01626	0.01787	0.01229	0.00936	0.00909	0.00251	0.07758	0.00630	0.00596	0.01091
32	0.01006	0.00720	0.00930	0.01090	0.01144	0.00673	0.00720	0.01137	0.01532	0.02029	0.04476	0.61247	0.08248	0.09305	0.01336	0.00372	0.00499	0.02165	0.00727	0.00644
33	0.08648	0.01410	0.02135	0.43362	0.04123	0.01660	0.05092	0.05263	0.01743	0.02580	0.01674	0.02235	0.01272	0.00832	0.00745	0.00252	0.00915	0.00715	0.14437	0.00907
34	0.14307	0.01762	0.01985	0.10094	0.02527	0.01927	0.01375	0.30537	0.02707	0.14346	0.02031	0.02118	0.01437	0.00921	0.00740	0.00244	0.00791	0.00701	0.08271	0.01180

[dist]
# distance from previous block
# <min> <max>
0	26

[block]
# block no. 5 follows, 23 sequences, length 7
# corresponding to MSA columns:
# 248-254
name=unknown_F
#
# <colnr> <probs for GDERKNQSTAVLIFYWHMCP>
#	G	D	E	R	K	N	Q	S	T	A	V	L	I	F	Y	W	H	M	C	P
0	0.36033	0.01762	0.01545	0.01359	0.01825	0.06352	0.01082	0.09760	0.18017	0.03577	0.06238	0.02234	0.01867	0.00942	0.00669	0.00251	0.00690	0.00684	0.04083	0.01030
1	0.55181	0.06652	0.08719	0.03647	0.01983	0.01913	0.01214	0.05117	0.01570	0.03366	0.01461	0.01645	0.03216	0.00809	0.00574	0.00248	0.00727	0.00524	0.00492	0.00941
2	0.01003	0.00733	0.00944	0.01083	0.01172	0.00674	0.00739	0.01178	0.01669	0.02215	0.11632	0.56649	0.12545	0.02390	0.01018	0.00315	0.00454	0.02147	0.00769	0.00674
3	0.02016	0.02247	0.12302	0.05152	0.03646	0.01914	0.38471	0.02622	0.01851	0.09845	0.01834	0.04546	0.01417	0.00868	0.01069	0.00278	0.07437	0.00910	0.00474	0.01100
4	0.01817	0.01859	0.03610	0.06247	0.19398	0.01786	0.32593	0.02379	0.01865	0.02566	0.01994	0.03165	0.01756	0.00930	0.00917	0.00272	0.01117	0.09923	0.00461	0.05344
5	0.15509	0.01383	0.01642	0.01336	0.01848	0.01349	0.01083	0.07143	0.05841	0.35984	0.15147	0.03129	0.02915	0.01094	0.00791	0.00253	0.00630	0.00881	0.00874	0.01169
6	0.02320	0.05601	0.01987	0.04807	0.02127	0.01887	0.01255	0.35108	0.02890	0.04004	0.09473	0.07099	0.02447	0.01126	0.00783	0.00238	0.00724	0.00905	0.14108	0.01110

[dist]
# distance from previous block
# <min> <max>
2	5

[block]
# block no. 6 follows, 23 sequences, length 56
# corresponding to MSA columns:
# 260-315
name=unknown_G
#
# <colnr> <probs for GDERKNQSTAVLIFYWHMCP>
#	G	D	E	R	K	N	Q	S	T	A	V	L	I	F	Y	W	H	M	C	P
0	0.60913	0.01626	0.01389	0.01199	0.01720	0.01845	0.00983	0.07942	0.05350	0.08491	0.01482	0.01580	0.01099	0.00811	0.00571	0.00252	0.00656	0.00521	0.00585	0.00983
1	0.02875	0.02105	0.02260	0.01740	0.02360	0.02290	0.01431	0.55035	0.03517	0.04795	0.01967	0.02011	0.01421	0.00947	0.00780	0.00231	0.00835	0.00716	0.06412	0.06272
2	0.01235	0.00846	0.01094	0.01031	0.01240	0.00773	0.00773	0.01591	0.02232	0.05850	0.56476	0.09234	0.11146	0.01700	0.00955	0.00260	0.00402	0.01497	0.00882	0.00781
3	0.01941	0.01860	0.03173	0.14055	0.57870	0.01910	0.02457	0.02432	0.01816	0.02570	0.01514	0.02030	0.01257	0.00735	0.00804	0.00245	0.00981	0.00723	0.00396	0.01231
4	0.03641	0.01381	0.01883	0.01444	0.02071	0.01193	0.01193	0.03954	0.02322	0.66984	0.03201	0.02762	0.02009	0.01004	0.00816	0.00251	0.00690	0.00816	0.01004	0.01381
5	0.01101	0.00803	0.01035	0.01029	0.01196	0.00737	0.00752	0.01420	0.02108	0.02927	0.48815	0.19755	0.11548	0.01873	0.00974	0.00272	0.00403	0.01661	0.00854	0.00737
6	0.00993	0.00825	0.00874	0.00904	0.01155	0.00706	0.00689	0.01210	0.01832	0.02206	0.07613	0.12087	0.56456	0.02104	0.00979	0.00287	0.00446	0.07193	0.00753	0.00689
7	0.01125	0.00822	0.01057	0.01012	0.01201	0.00753	0.00754	0.01481	0.02220	0.03106	0.58105	0.09955	0.11893	0.01740	0.00962	0.00261	0.00390	0.01534	0.00875	0.00753
8	0.02169	0.71972	0.04252	0.01388	0.02083	0.03211	0.01388	0.02430	0.01649	0.01909	0.01128	0.01302	0.01041	0.00694	0.00521	0.00174	0.00868	0.00434	0.00347	0.01041
9	0.03085	0.02273	0.02435	0.01867	0.02516	0.02516	0.01542	0.63716	0.03815	0.05114	0.01948	0.01948	0.01380	0.00974	0.00812	0.00244	0.00893	0.00731	0.00812	0.01380
10	0.01148	0.00829	0.01085	0.01021	0.01212	0.00766	0.00766	0.01531	0.02297	0.03254	0.65994	0.06061	0.07656	0.01659	0.00957	0.00255	0.00383	0.01467	0.00893	0.00766
11	0.03014	0.02238	0.02396	0.01853	0.02490	0.02484	0.01525	0.59808	0.07837	0.05001	0.02037	0.02019	0.01452	0.00982	0.00813	0.00246	0.00876	0.00743	0.00813	0.01374
12	0.03641	0.01381	0.01883	0.01444	0.02071	0.01193	0.01193	0.03954	0.02322	0.66984	0.03201	0.02762	0.02009	0.01004	0.00816	0.00251	0.00690	0.00816	0.01004	0.01381
13	0.01139	0.00822	0.01076	0.01027	0.01210	0.00760	0.00765	0.01508	0.02255	0.03187	0.62497	0.09750	0.07526	0.01709	0.00962	0.00259	0.00388	0.01515	0.00885	0.00760
14	0.00990	0.00789	0.00888	0.00936	0.01133	0.00687	0.00674	0.01197	0.01815	0.02281	0.13914	0.26164	0.41369	0.02152	0.00981	0.00288	0.00425	0.01858	0.00770	0.00687
15	0.03170	0.02008	0.02256	0.01743	0.02376	0.02139	0.01435	0.44592	0.06897	0.21319	0.02355	0.02224	0.01608	0.00989	0.00814	0.00247	0.00825	0.00764	0.00863	0.01375
16	0.01773	0.01618	0.01714	0.01342	0.01887	0.07592	0.01060	0.02092	0.01693	0.02513	0.01629	0.05190	0.01446	0.00828	0.00839	0.00168	0.07605	0.00619	0.06318	0.52075
17	0.01208	0.00821	0.01075	0.01182	0.01335	0.00765	0.00891	0.01447	0.01781	0.05495	0.11263	0.38134	0.12913	0.02241	0.01027	0.00321	0.00531	0.16059	0.00779	0.00730
18	0.00989	0.00706	0.00942	0.01130	0.01177	0.00659	0.00753	0.01130	0.01554	0.02071	0.04472	0.70954	0.05367	0.02542	0.01036	0.00330	0.00471	0.02307	0.00753	0.00659
19	0.77215	0.01569	0.01193	0.01067	0.01569	0.01820	0.00879	0.02385	0.01381	0.03641	0.01130	0.01318	0.00879	0.00753	0.00502	0.00251	0.00628	0.00439	0.00502	0.00879
20	0.63542	0.01699	0.01422	0.01215	0.01744	0.01949	0.01001	0.13698	0.01830	0.03912	0.01281	0.01434	0.00971	0.00794	0.00559	0.00250	0.00677	0.00493	0.00559	0.00971
21	0.01941	0.01902	0.03040	0.20414	0.48755	0.05005	0.02390	0.02425	0.01814	0.02480	0.01493	0.02020	0.01225	0.00750	0.00802	0.00247	0.01016	0.00713	0.00393	0.01177
22	0.01884	0.02097	0.04276	0.03133	0.03772	0.02148	0.49762	0.02456	0.01766	0.02456	0.01513	0.02097	0.01194	0.00848	0.01337	0.00292	0.16621	0.00903	0.00398	0.01048
23	0.02562	0.07464	0.02247	0.01851	0.02317	0.33017	0.01438	0.07062	0.28010	0.02736	0.02124	0.02121	0.01650	0.00943	0.00761	0.00236	0.01055	0.00690	0.00603	0.01113
24	0.01627	0.04197	0.67279	0.02313	0.03512	0.01884	0.02998	0.02570	0.01713	0.02570	0.01456	0.01713	0.01028	0.00771	0.00771	0.00257	0.01199	0.00600	0.00343	0.01199
25	0.73767	0.01560	0.01225	0.01085	0.01593	0.01791	0.00893	0.02459	0.01425	0.06609	0.01227	0.01386	0.00932	0.00765	0.00517	0.00251	0.00631	0.00457	0.00526	0.00902
26	0.01308	0.00934	0.01308	0.01494	0.01681	0.00934	0.01308	0.01681	0.01868	0.02428	0.04296	0.09153	0.04670	0.02242	0.01121	0.00374	0.00747	0.60960	0.00747	0.00747
27	0.02956	0.02179	0.02359	0.01829	0.02445	0.02416	0.01507	0.59549	0.03647	0.04898	0.01963	0.02031	0.01423	0.01316	0.05326	0.00314	0.00979	0.00740	0.00786	0.01336
28	0.01034	0.00739	0.00994	0.01182	0.01249	0.00699	0.00833	0.01209	0.01599	0.02123	0.04447	0.62071	0.05267	0.02499	0.01048	0.00336	0.00510	0.10737	0.00752	0.00672
29	0.01339	0.00989	0.01423	0.01710	0.05989	0.00987	0.01360	0.01708	0.01851	0.02426	0.04119	0.11703	0.04477	0.02155	0.01095	0.00363	0.00748	0.54055	0.00724	0.00779
30	0.01392	0.01085	0.01319	0.03707	0.01729	0.01097	0.01133	0.05938	0.08153	0.02614	0.05198	0.07396	0.23774	0.01935	0.01009	0.00320	0.00651	0.29976	0.00748	0.00828
31	0.01915	0.02189	0.04788	0.03420	0.04241	0.02052	0.63475	0.02599	0.01915	0.02599	0.01642	0.02189	0.01231	0.00684	0.00958	0.00274	0.01368	0.00958	0.00410	0.01094
32	0.01213	0.00839	0.01088	0.01034	0.01233	0.00768	0.00772	0.01566	0.02220	0.05304	0.56386	0.10887	0.10172	0.01722	0.00958	0.00262	0.00401	0.01520	0.00880	0.00775
33	0.06653	0.01389	0.01855	0.01428	0.02051	0.01218	0.01180	0.03890	0.02284	0.64390	0.03116	0.02703	0.01962	0.00994	0.00803	0.00251	0.00688	0.00801	0.00984	0.01360
34	0.47390	0.01407	0.01291	0.03763	0.01707	0.01565	0.00942	0.02413	0.06484	0.07707	0.09057	0.02672	0.06263	0.03427	0.00766	0.00274	0.00615	0.00736	0.00615	0.00907
35	0.01811	0.02014	0.21477	0.01536	0.02131	0.01256	0.01552	0.02436	0.06193	0.15437	0.17493	0.11400	0.09143	0.01356	0.00873	0.00266	0.00723	0.01154	0.00714	0.01035
36	0.00989	0.00706	0.00942	0.01130	0.01177	0.00659	0.00753	0.01130	0.01554	0.02071	0.04472	0.70954	0.05367	0.02542	0.01036	0.00330	0.00471	0.02307	0.00753	0.00659
37	0.01913	0.01831	0.03122	0.17860	0.54285	0.01903	0.02443	0.02407	0.01803	0.02536	0.01510	0.02039	0.01245	0.00741	0.00805	0.00247	0.00987	0.00723	0.00393	0.01209
38	0.02095	0.01507	0.01710	0.01553	0.01971	0.01648	0.01230	0.05551	0.39804	0.12247	0.05597	0.08302	0.03020	0.01341	0.00879	0.00286	0.00650	0.08595	0.00838	0.01174
39	0.01101	0.00848	0.01032	0.01134	0.01339	0.00779	0.00910	0.01362	0.01811	0.02266	0.06095	0.18131	0.32509	0.02204	0.01035	0.00322	0.00553	0.25114	0.00751	0.00705
40	0.03327	0.01370	0.01825	0.01421	0.02000	0.01221	0.01165	0.07147	0.02406	0.56204	0.10214	0.03087	0.02609	0.01076	0.00832	0.00251	0.00667	0.00885	0.00981	0.01311
41	0.02008	0.01928	0.03294	0.04981	0.66422	0.01928	0.02490	0.02490	0.01848	0.02651	0.01526	0.02008	0.01285	0.00723	0.00803	0.00241	0.00964	0.00723	0.00402	0.01285
