[name]
unknown

[dist]
# distance from previous block
# <min> <max>
5	70

[block]
# block no. 0 follows, 24 sequences, length 14
# corresponding to MSA columns:
# 80-93
name=unknown_A
#
# <colnr> <probs for GDERKNQSTAVLIFYWHMCP>
#	G	D	E	R	K	N	Q	S	T	A	V	L	I	F	Y	W	H	M	C	P
0	0.02655	0.01707	0.02300	0.01787	0.02345	0.05270	0.11702	0.14533	0.04428	0.27366	0.04838	0.07493	0.02118	0.03501	0.00940	0.00265	0.00836	0.00919	0.00752	0.04245
1	0.01976	0.12941	0.41684	0.02213	0.06071	0.02034	0.05837	0.08138	0.01912	0.07697	0.01567	0.01758	0.01134	0.00772	0.00738	0.00238	0.01061	0.00617	0.00433	0.01178
2	0.01699	0.07154	0.02546	0.55590	0.07962	0.07878	0.02088	0.02175	0.01658	0.02034	0.01373	0.01980	0.01061	0.00782	0.00764	0.00250	0.01069	0.00666	0.00358	0.00913
3	0.01712	0.01445	0.02499	0.32211	0.13631	0.01556	0.10121	0.02170	0.01745	0.08115	0.05560	0.11594	0.02095	0.01050	0.00848	0.00265	0.00926	0.00990	0.00501	0.00967
4	0.01838	0.02030	0.04227	0.03019	0.03807	0.01864	0.54863	0.02459	0.01838	0.02547	0.01575	0.02065	0.01199	0.00656	0.00884	0.00245	0.01225	0.00866	0.00411	0.12380
5	0.01120	0.00755	0.00875	0.00907	0.00916	0.00747	0.00526	0.01144	0.01218	0.01624	0.02832	0.17010	0.03303	0.59737	0.03498	0.00689	0.00714	0.01349	0.00526	0.00510
6	0.01478	0.00739	0.00739	0.00739	0.00924	0.00739	0.00554	0.01848	0.01663	0.02956	0.02587	0.02956	0.02033	0.00924	0.00554	0.00185	0.00370	0.00739	0.76534	0.00739
7	0.02144	0.02074	0.03595	0.02671	0.03288	0.02183	0.35386	0.18160	0.05722	0.03104	0.01681	0.02062	0.01281	0.00873	0.01150	0.00272	0.11879	0.00840	0.00514	0.01119
8	0.01377	0.00689	0.01033	0.01033	0.01033	0.00689	0.00689	0.01033	0.01033	0.01377	0.01377	0.02410	0.01377	0.02755	0.03099	0.76928	0.00689	0.00689	0.00344	0.00344
9	0.01644	0.01409	0.01644	0.01175	0.01879	0.01057	0.00940	0.01997	0.01644	0.02584	0.01409	0.01644	0.01175	0.00587	0.00587	0.00117	0.00587	0.00470	0.00470	0.76979
10	0.01478	0.00739	0.00739	0.00739	0.00924	0.00739	0.00554	0.01848	0.01663	0.02956	0.02587	0.02956	0.02033	0.00924	0.00554	0.00185	0.00370	0.00739	0.76534	0.00739
11	0.01926	0.01889	0.03020	0.16558	0.52910	0.05080	0.02349	0.02395	0.01787	0.02457	0.01464	0.01964	0.01209	0.00727	0.00783	0.00239	0.00986	0.00697	0.00386	0.01172
12	0.01478	0.00739	0.00739	0.00739	0.00924	0.00739	0.00554	0.01848	0.01663	0.02956	0.02587	0.02956	0.02033	0.00924	0.00554	0.00185	0.00370	0.00739	0.76534	0.00739
13	0.27712	0.01498	0.01912	0.22265	0.03005	0.01585	0.05504	0.02227	0.01565	0.05228	0.01383	0.01738	0.01063	0.00721	0.00648	0.00221	0.00792	0.00571	0.00456	0.19907

[dist]
# distance from previous block
# <min> <max>
0	1

[block]
# block no. 1 follows, 24 sequences, length 116
# corresponding to MSA columns:
# 95-210
name=unknown_B
#
# <colnr> <probs for GDERKNQSTAVLIFYWHMCP>
#	G	D	E	R	K	N	Q	S	T	A	V	L	I	F	Y	W	H	M	C	P
0	0.01999	0.02165	0.19286	0.01905	0.04911	0.01485	0.08833	0.07911	0.02074	0.13223	0.13436	0.02676	0.02405	0.00924	0.00791	0.00228	0.00839	0.00808	0.00606	0.13496
1	0.01555	0.01428	0.02385	0.50239	0.16848	0.01669	0.02081	0.02003	0.01603	0.02099	0.01717	0.02348	0.04032	0.00954	0.00943	0.05081	0.00983	0.00747	0.00377	0.00910
2	0.01705	0.01423	0.01747	0.05643	0.04193	0.01131	0.01074	0.02071	0.01665	0.04594	0.01466	0.01717	0.01194	0.00616	0.00613	0.00134	0.00631	0.00502	0.00476	0.67403
3	0.01637	0.01458	0.02600	0.05774	0.02651	0.01495	0.21820	0.02043	0.01598	0.06313	0.02015	0.08835	0.01813	0.02370	0.19627	0.00541	0.08401	0.00948	0.00473	0.07587
4	0.01478	0.00739	0.00739	0.00739	0.00924	0.00739	0.00554	0.01848	0.01663	0.02956	0.02587	0.02956	0.02033	0.00924	0.00554	0.00185	0.00370	0.00739	0.76534	0.00739
5	0.03245	0.01395	0.01833	0.01392	0.02021	0.01203	0.01146	0.06123	0.02236	0.55223	0.02816	0.02506	0.01818	0.00920	0.00765	0.00226	0.00670	0.00744	0.00896	0.12822
6	0.01644	0.01409	0.01644	0.01175	0.01879	0.01057	0.00940	0.01997	0.01644	0.02584	0.01409	0.01644	0.01175	0.00587	0.00587	0.00117	0.00587	0.00470	0.00470	0.76979
7	0.77733	0.01534	0.01166	0.01043	0.01534	0.01779	0.00859	0.02331	0.01350	0.03558	0.01104	0.01288	0.00859	0.00736	0.00491	0.00245	0.00613	0.00429	0.00491	0.00859
8	0.01122	0.00811	0.01060	0.00998	0.01185	0.00748	0.00748	0.01496	0.02245	0.03180	0.66766	0.05923	0.07482	0.01621	0.00935	0.00249	0.00374	0.01434	0.00873	0.00748
9	0.03014	0.02221	0.02380	0.01825	0.02459	0.02459	0.01507	0.64541	0.03728	0.04998	0.01904	0.01904	0.01349	0.00952	0.00793	0.00238	0.00873	0.00714	0.00793	0.01349
10	0.02813	0.01782	0.02033	0.01632	0.02176	0.01883	0.01333	0.37980	0.06365	0.19362	0.02606	0.08656	0.02068	0.01168	0.00831	0.00256	0.00769	0.04210	0.00830	0.01248
11	0.01112	0.00810	0.01046	0.00987	0.01179	0.00744	0.00740	0.01477	0.02221	0.03124	0.63613	0.06015	0.10671	0.01642	0.00935	0.00250	0.00376	0.01447	0.00866	0.00744
12	0.01054	0.00795	0.01122	0.01435	0.06951	0.00753	0.00885	0.01221	0.01543	0.02074	0.04118	0.65495	0.04894	0.02328	0.00992	0.00314	0.00502	0.02118	0.00706	0.00698
13	0.02120	0.72609	0.04155	0.01357	0.02035	0.03138	0.01357	0.02374	0.01611	0.01866	0.01102	0.01272	0.01018	0.00678	0.00509	0.00170	0.00848	0.00424	0.00339	0.01018
14	0.77733	0.01534	0.01166	0.01043	0.01534	0.01779	0.00859	0.02331	0.01350	0.03558	0.01104	0.01288	0.00859	0.00736	0.00491	0.00245	0.00613	0.00429	0.00491	0.00859
15	0.01478	0.00739	0.00739	0.00739	0.00924	0.00739	0.00554	0.01848	0.01663	0.02956	0.02587	0.02956	0.02033	0.00924	0.00554	0.00185	0.00370	0.00739	0.76534	0.00739
16	0.77733	0.01534	0.01166	0.01043	0.01534	0.01779	0.00859	0.02331	0.01350	0.03558	0.01104	0.01288	0.00859	0.00736	0.00491	0.00245	0.00613	0.00429	0.00491	0.00859
17	0.01478	0.00739	0.00739	0.00739	0.00924	0.00739	0.00554	0.01848	0.01663	0.02956	0.02587	0.02956	0.02033	0.00924	0.00554	0.00185	0.00370	0.00739	0.76534	0.00739
18	0.01478	0.00739	0.00739	0.00739	0.00924	0.00739	0.00554	0.01848	0.01663	0.02956	0.02587	0.02956	0.02033	0.00924	0.00554	0.00185	0.00370	0.00739	0.76534	0.00739
19	0.01935	0.01842	0.03080	0.04543	0.61448	0.01811	0.02302	0.02395	0.01791	0.02590	0.01484	0.01935	0.01249	0.00696	0.00768	0.00225	0.00911	0.00686	0.00399	0.07908
20	0.02757	0.02031	0.02189	0.01744	0.02326	0.02254	0.01419	0.44590	0.20761	0.07953	0.02336	0.02238	0.01678	0.00988	0.00797	0.00247	0.00794	0.00769	0.00807	0.01323
21	0.01478	0.00739	0.00739	0.00739	0.00924	0.00739	0.00554	0.01848	0.01663	0.02956	0.02587	0.02956	0.02033	0.00924	0.00554	0.00185	0.00370	0.00739	0.76534	0.00739
22	0.03558	0.01350	0.01840	0.01411	0.02024	0.01166	0.01166	0.03865	0.02270	0.67734	0.03128	0.02699	0.01963	0.00981	0.00797	0.00245	0.00675	0.00797	0.00981	0.01350
23	0.01579	0.01511	0.02613	0.57996	0.13549	0.01791	0.05567	0.02108	0.01630	0.02128	0.01431	0.02095	0.01091	0.00775	0.00799	0.00261	0.01057	0.00717	0.00360	0.00941
24	0.01872	0.02139	0.04679	0.03342	0.04144	0.02005	0.64305	0.02540	0.01872	0.02540	0.01604	0.02139	0.01203	0.00668	0.00936	0.00267	0.01337	0.00936	0.00401	0.01070
25	0.01334	0.00879	0.00968	0.00904	0.01200	0.00750	0.00683	0.01546	0.01855	0.11496	0.10093	0.06685	0.50461	0.06252	0.01112	0.00295	0.00462	0.01503	0.00762	0.00759
26	0.72938	0.01526	0.01242	0.05394	0.01781	0.01778	0.00943	0.02312	0.01364	0.03461	0.01123	0.01340	0.00871	0.00740	0.00510	0.00247	0.00641	0.00447	0.00482	0.00860
27	0.01695	0.16360	0.54500	0.02132	0.03204	0.02080	0.04619	0.02488	0.01669	0.02396	0.01371	0.01617	0.01013	0.00737	0.00715	0.00237	0.01119	0.00568	0.00338	0.01141
28	0.02457	0.01570	0.01901	0.05802	0.02274	0.01453	0.01211	0.15379	0.04645	0.21108	0.02055	0.02069	0.01468	0.00802	0.00709	0.00193	0.00701	0.00641	0.00683	0.32881
29	0.01478	0.00739	0.00739	0.00739	0.00924	0.00739	0.00554	0.01848	0.01663	0.02956	0.02587	0.02956	0.02033	0.00924	0.00554	0.00185	0.00370	0.00739	0.76534	0.00739
30	0.02918	0.07419	0.02348	0.02007	0.02429	0.65468	0.01523	0.03125	0.02214	0.01937	0.01219	0.01422	0.01021	0.00810	0.00704	0.00202	0.01399	0.00506	0.00405	0.00925
31	0.01590	0.04102	0.68023	0.02260	0.03432	0.01842	0.02930	0.02511	0.01674	0.02511	0.01423	0.01674	0.01005	0.00753	0.00753	0.00251	0.01172	0.00586	0.00335	0.01172
32	0.01679	0.01404	0.02331	0.64180	0.05160	0.01709	0.02111	0.02188	0.01646	0.07799	0.01560	0.02166	0.01137	0.00809	0.00793	0.00263	0.01023	0.00713	0.00408	0.00922
33	0.02100	0.68861	0.04064	0.01395	0.02038	0.03100	0.01377	0.02350	0.01590	0.01868	0.01099	0.01297	0.01019	0.00716	0.00620	0.00179	0.04541	0.00438	0.00340	0.01010
34	0.01068	0.00808	0.00985	0.00941	0.01151	0.00725	0.00705	0.01391	0.02116	0.02875	0.49509	0.06425	0.24930	0.01735	0.00936	0.00255	0.00382	0.01504	0.00833	0.00725
35	0.01478	0.00739	0.00739	0.00739	0.00924	0.00739	0.00554	0.01848	0.01663	0.02956	0.02587	0.02956	0.02033	0.00924	0.00554	0.00185	0.00370	0.00739	0.76534	0.00739
36	0.02120	0.72609	0.04155	0.01357	0.02035	0.03138	0.01357	0.02374	0.01611	0.01866	0.01102	0.01272	0.01018	0.00678	0.00509	0.00170	0.00848	0.00424	0.00339	0.01018
37	0.01628	0.01387	0.01628	0.01187	0.01869	0.01051	0.00955	0.01981	0.01652	0.02575	0.01533	0.01968	0.01325	0.00658	0.00610	0.00128	0.00594	0.03190	0.00481	0.73600
38	0.01735	0.01735	0.02429	0.02082	0.02082	0.02429	0.01735	0.01908	0.01214	0.01908	0.01041	0.01735	0.01041	0.01388	0.02602	0.00347	0.70680	0.00694	0.00347	0.00867
39	0.01916	0.01836	0.03134	0.11463	0.60956	0.01872	0.02410	0.02393	0.01783	0.02534	0.01483	0.01978	0.01236	0.00715	0.00786	0.00238	0.00954	0.00706	0.00388	0.01218
40	0.67809	0.01625	0.01327	0.01147	0.01656	0.01869	0.00945	0.10594	0.01665	0.03749	0.01210	0.01370	0.00924	0.00765	0.00531	0.00244	0.00648	0.00467	0.00531	0.00924
41	0.01258	0.00899	0.01255	0.01438	0.01612	0.00896	0.01244	0.01609	0.01806	0.02351	0.04209	0.12887	0.04607	0.02209	0.01090	0.00362	0.00713	0.58099	0.00731	0.00725
42	0.01134	0.00846	0.01257	0.01257	0.01393	0.00982	0.00970	0.01405	0.01269	0.01828	0.02140	0.03202	0.02020	0.08720	0.66268	0.01253	0.02067	0.00862	0.00427	0.00698
43	0.01478	0.00739	0.00739	0.00739	0.00924	0.00739	0.00554	0.01848	0.01663	0.02956	0.02587	0.02956	0.02033	0.00924	0.00554	0.00185	0.00370	0.00739	0.76534	0.00739
44	0.02152	0.69992	0.04083	0.01383	0.02051	0.05639	0.01364	0.02405	0.01635	0.01869	0.01107	0.01278	0.01018	0.00684	0.00517	0.00171	0.00870	0.00427	0.00342	0.01014
45	0.01151	0.00776	0.00901	0.00901	0.00913	0.00788	0.00525	0.01176	0.01164	0.01564	0.02466	0.05007	0.02804	0.66317	0.09742	0.00813	0.00888	0.01127	0.00476	0.00500
46	0.03062	0.02145	0.02332	0.01788	0.02421	0.02345	0.01477	0.59210	0.03600	0.10509	0.02011	0.01974	0.01403	0.00955	0.00794	0.00239	0.00855	0.00721	0.00810	0.01349
47	0.07042	0.01516	0.02083	0.12918	0.11086	0.03533	0.01493	0.03276	0.02048	0.43078	0.02468	0.02392	0.01635	0.00897	0.00776	0.00246	0.00792	0.00742	0.00759	0.01222
48	0.02120	0.72609	0.04155	0.01357	0.02035	0.03138	0.01357	0.02374	0.01611	0.01866	0.01102	0.01272	0.01018	0.00678	0.00509	0.00170	0.00848	0.00424	0.00339	0.01018
49	0.01917	0.01886	0.03434	0.13691	0.28178	0.01911	0.23482	0.07816	0.01954	0.02679	0.01662	0.04654	0.01366	0.00795	0.00847	0.00254	0.01071	0.00844	0.00438	0.01121
50	0.01644	0.01409	0.01644	0.01175	0.01879	0.01057	0.00940	0.01997	0.01644	0.02584	0.01409	0.01644	0.01175	0.00587	0.00587	0.00117	0.00587	0.00470	0.00470	0.76979
51	0.01526	0.01442	0.02413	0.64618	0.07653	0.01797	0.02190	0.02036	0.01577	0.02042	0.01396	0.02091	0.01064	0.00817	0.00875	0.00267	0.04243	0.00704	0.00354	0.00895
52	0.01142	0.00814	0.01095	0.01095	0.01174	0.00894	0.00767	0.01301	0.01221	0.01708	0.02288	0.04026	0.02378	0.35010	0.40467	0.01052	0.01529	0.00983	0.00449	0.00608
53	0.01654	0.03508	0.49824	0.05634	0.03696	0.01877	0.17615	0.02496	0.01717	0.02496	0.01466	0.01806	0.01055	0.00735	0.00799	0.00256	0.01206	0.00675	0.00352	0.01134
54	0.01294	0.01122	0.01233	0.03878	0.01484	0.06670	0.00892	0.01631	0.02125	0.02850	0.48696	0.05444	0.13895	0.01559	0.00974	0.00252	0.03134	0.01328	0.00775	0.00763
55	0.77733	0.01534	0.01166	0.01043	0.01534	0.01779	0.00859	0.02331	0.01350	0.03558	0.01104	0.01288	0.00859	0.00736	0.00491	0.00245	0.00613	0.00429	0.00491	0.00859
56	0.01136	0.00877	0.01141	0.01200	0.05312	0.00803	0.00823	0.01479	0.02124	0.02923	0.50221	0.06036	0.19667	0.01646	0.00926	0.00252	0.00416	0.01439	0.00814	0.00763
57	0.01478	0.00739	0.00739	0.00739	0.00924	0.00739	0.00554	0.01848	0.01663	0.02956	0.02587	0.02956	0.02033	0.00924	0.00554	0.00185	0.00370	0.00739	0.76534	0.00739
58	0.03558	0.01350	0.01840	0.01411	0.02024	0.01166	0.01166	0.03865	0.02270	0.67734	0.03128	0.02699	0.01963	0.00981	0.00797	0.00245	0.00675	0.00797	0.00981	0.01350
59	0.01133	0.00850	0.01274	0.01274	0.01416	0.00991	0.00991	0.01416	0.01274	0.01841	0.02124	0.03115	0.01982	0.05947	0.68989	0.01274	0.02124	0.00850	0.00425	0.00708
60	0.01191	0.00851	0.01178	0.01361	0.01506	0.00838	0.01127	0.01493	0.01740	0.02276	0.04247	0.26399	0.04753	0.02272	0.01072	0.00353	0.00655	0.45250	0.00732	0.00706
61	0.01261	0.00901	0.01258	0.01441	0.01616	0.00898	0.01248	0.01614	0.01809	0.02354	0.04208	0.12360	0.04601	0.02207	0.01091	0.00363	0.00715	0.58600	0.00731	0.00726
62	0.18429	0.01386	0.01705	0.01337	0.01926	0.01288	0.01104	0.03557	0.02085	0.54867	0.02723	0.02416	0.01742	0.00932	0.00736	0.00245	0.00662	0.00724	0.00883	0.01251
63	0.01122	0.00811	0.01060	0.00998	0.01185	0.00748	0.00748	0.01496	0.02245	0.03180	0.66766	0.05923	0.07482	0.01621	0.00935	0.00249	0.00374	0.01434	0.00873	0.00748
64	0.77733	0.01534	0.01166	0.01043	0.01534	0.01779	0.00859	0.02331	0.01350	0.03558	0.01104	0.01288	0.00859	0.00736	0.00491	0.00245	0.00613	0.00429	0.00491	0.00859
65	0.01478	0.00739	0.00739	0.00739	0.00924	0.00739	0.00554	0.01848	0.01663	0.02956	0.02587	0.02956	0.02033	0.00924	0.00554	0.00185	0.00370	0.00739	0.76534	0.00739
66	0.02045	0.62857	0.13247	0.01485	0.02234	0.02953	0.01581	0.02394	0.01620	0.01958	0.01148	0.01329	0.01016	0.00689	0.00544	0.00181	0.00894	0.00447	0.00339	0.01040
67	0.00978	0.00699	0.00934	0.01118	0.01170	0.00655	0.00758	0.01126	0.01530	0.02038	0.04364	0.69130	0.05218	0.02473	0.01015	0.00324	0.00471	0.04616	0.00736	0.00648
68	0.02962	0.03779	0.02247	0.02043	0.02451	0.68948	0.01532	0.03166	0.02247	0.01941	0.01226	0.01430	0.01021	0.00817	0.00715	0.00204	0.01430	0.00511	0.00409	0.00919
69	0.77733	0.01534	0.01166	0.01043	0.01534	0.01779	0.00859	0.02331	0.01350	0.03558	0.01104	0.01288	0.00859	0.00736	0.00491	0.00245	0.00613	0.00429	0.00491	0.00859
70	0.02380	0.01119	0.01520	0.01360	0.03941	0.00997	0.01034	0.02698	0.02155	0.35891	0.22333	0.08556	0.07326	0.01363	0.00871	0.00257	0.00569	0.03680	0.00889	0.01061
71	0.01608	0.01546	0.02215	0.04465	0.02069	0.02056	0.04029	0.01788	0.01262	0.01891	0.01461	0.05952	0.01533	0.11465	0.02588	0.00399	0.51623	0.00852	0.00389	0.00809
72	0.01133	0.00850	0.01274	0.01274	0.01416	0.00991	0.00991	0.01416	0.01274	0.01841	0.02124	0.03115	0.01982	0.05947	0.68989	0.01274	0.02124	0.00850	0.00425	0.00708
73	0.01936	0.23440	0.37492	0.01911	0.02806	0.08108	0.02191	0.06396	0.01856	0.02456	0.03639	0.01701	0.01259	0.00781	0.00689	0.00223	0.01055	0.00571	0.00390	0.01102
74	0.02962	0.03779	0.02247	0.02043	0.02451	0.68948	0.01532	0.03166	0.02247	0.01941	0.01226	0.01430	0.01021	0.00817	0.00715	0.00204	0.01430	0.00511	0.00409	0.00919
75	0.77733	0.01534	0.01166	0.01043	0.01534	0.01779	0.00859	0.02331	0.01350	0.03558	0.01104	0.01288	0.00859	0.00736	0.00491	0.00245	0.00613	0.00429	0.00491	0.00859
76	0.01696	0.03368	0.44335	0.02665	0.03698	0.01903	0.25881	0.02522	0.01748	0.02522	0.01491	0.01848	0.01079	0.00722	0.00822	0.00257	0.01234	0.00717	0.00360	0.01134
77	0.08554	0.01458	0.01806	0.01422	0.01992	0.01393	0.01165	0.11060	0.06437	0.47272	0.06842	0.02720	0.02185	0.01007	0.00784	0.00246	0.00673	0.00807	0.00905	0.01270
78	0.01153	0.00769	0.00865	0.00865	0.00865	0.00769	0.00480	0.01153	0.01153	0.01538	0.02499	0.05189	0.02883	0.72131	0.04036	0.00769	0.00769	0.01153	0.00480	0.00480
79	0.01872	0.02139	0.04679	0.03342	0.04144	0.02005	0.64305	0.02540	0.01872	0.02540	0.01604	0.02139	0.01203	0.00668	0.00936	0.00267	0.01337	0.00936	0.00401	0.01070
80	0.01738	0.01465	0.01695	0.01219	0.01919	0.01153	0.00978	0.06268	0.01787	0.02749	0.01443	0.01662	0.01186	0.00612	0.00601	0.00126	0.00607	0.00486	0.00492	0.71814
81	0.02960	0.02582	0.02324	0.01870	0.02441	0.18731	0.01503	0.47085	0.05851	0.04181	0.01791	0.01830	0.01311	0.00924	0.00775	0.00231	0.00999	0.00671	0.00700	0.01240
82	0.01761	0.01479	0.01707	0.01230	0.01929	0.01177	0.00988	0.07338	0.01822	0.02790	0.01452	0.01667	0.01189	0.00618	0.00605	0.00128	0.00612	0.00491	0.00497	0.70520
83	0.01153	0.00828	0.01046	0.01158	0.01254	0.00808	0.00794	0.06679	0.01698	0.02266	0.04080	0.62861	0.04809	0.05106	0.01113	0.00332	0.00509	0.02075	0.00731	0.00700
84	0.01133	0.00850	0.01274	0.01274	0.01416	0.00991	0.00991	0.01416	0.01274	0.01841	0.02124	0.03115	0.01982	0.05947	0.68989	0.01274	0.02124	0.00850	0.00425	0.00708
85	0.01985	0.01953	0.03062	0.07166	0.58575	0.06066	0.02331	0.02438	0.01825	0.02521	0.01558	0.02159	0.01339	0.00764	0.00791	0.00239	0.00971	0.02650	0.00403	0.01203
86	0.01478	0.00739	0.00739	0.00739	0.00924	0.00739	0.00554	0.01848	0.01663	0.02956	0.02587	0.02956	0.02033	0.00924	0.00554	0.00185	0.00370	0.00739	0.76534	0.00739
87	0.01696	0.01430	0.01552	0.01443	0.01818	0.01591	0.01133	0.03321	0.45475	0.03057	0.09362	0.04438	0.11131	0.01359	0.00865	0.00277	0.00589	0.07584	0.00795	0.01082
88	0.01478	0.00739	0.00739	0.00739	0.00924	0.00739	0.00554	0.01848	0.01663	0.02956	0.02587	0.02956	0.02033	0.00924	0.00554	0.00185	0.00370	0.00739	0.76534	0.00739
89	0.00953	0.00804	0.00826	0.00820	0.01081	0.00676	0.00615	0.01170	0.01846	0.02233	0.13193	0.07481	0.61646	0.01974	0.00937	0.00266	0.00399	0.01653	0.00748	0.00676
90	0.09251	0.01426	0.01814	0.01413	0.02011	0.01319	0.01164	0.07018	0.05090	0.56499	0.02909	0.02558	0.01864	0.00965	0.00774	0.00246	0.00679	0.00769	0.00925	0.01307
91	0.77733	0.01534	0.01166	0.01043	0.01534	0.01779	0.00859	0.02331	0.01350	0.03558	0.01104	0.01288	0.00859	0.00736	0.00491	0.00245	0.00613	0.00429	0.00491	0.00859
92	0.03529	0.01396	0.01869	0.01433	0.02048	0.01235	0.01184	0.07123	0.02348	0.64365	0.03063	0.02656	0.01930	0.00980	0.00797	0.00245	0.00685	0.00793	0.00971	0.01349
93	0.00937	0.00803	0.00803	0.00803	0.01071	0.00669	0.00602	0.01138	0.01807	0.02142	0.08033	0.07632	0.66863	0.02008	0.00937	0.00268	0.00402	0.01674	0.00736	0.00669
94	0.77733	0.01534	0.01166	0.01043	0.01534	0.01779	0.00859	0.02331	0.01350	0.03558	0.01104	0.01288	0.00859	0.00736	0.00491	0.00245	0.00613	0.00429	0.00491	0.00859
95	0.01478	0.00739	0.00739	0.00739	0.00924	0.00739	0.00554	0.01848	0.01663	0.02956	0.02587	0.02956	0.02033	0.00924	0.00554	0.00185	0.00370	0.00739	0.76534	0.00739
96	0.01974	0.01681	0.01788	0.01613	0.02055	0.01934	0.01266	0.06312	0.60075	0.03330	0.03230	0.03236	0.02494	0.01130	0.00822	0.00273	0.00642	0.04113	0.00802	0.01231
97	0.01607	0.01370	0.01605	0.01171	0.01840	0.01035	0.00929	0.01948	0.01637	0.02553	0.01571	0.05457	0.01396	0.00691	0.00610	0.00129	0.00580	0.00567	0.00484	0.72819
98	0.02953	0.01237	0.01661	0.01323	0.01834	0.01095	0.01073	0.03335	0.04219	0.51017	0.17656	0.03443	0.03237	0.01130	0.00829	0.00247	0.00605	0.00946	0.00951	0.01209
99	0.01153	0.00769	0.00865	0.00865	0.00865	0.00769	0.00480	0.01153	0.01153	0.01538	0.02499	0.05189	0.02883	0.72131	0.04036	0.00769	0.00769	0.01153	0.00480	0.00480
100	0.01262	0.00995	0.01054	0.01014	0.01315	0.00944	0.00767	0.01861	0.14289	0.05368	0.06572	0.11698	0.46296	0.01818	0.00911	0.00271	0.00463	0.01529	0.00761	0.00813
101	0.01839	0.02075	0.04477	0.09218	0.04260	0.01984	0.58849	0.02495	0.01847	0.02495	0.01587	0.02137	0.01190	0.00679	0.00923	0.00267	0.01312	0.00916	0.00397	0.01053
102	0.01963	0.01884	0.03219	0.04867	0.67185	0.01884	0.02434	0.02434	0.01806	0.02591	0.01492	0.01963	0.01256	0.00707	0.00785	0.00236	0.00942	0.00707	0.00393	0.01256
103	0.01644	0.01409	0.01644	0.01175	0.01879	0.01057	0.00940	0.01997	0.01644	0.02584	0.01409	0.01644	0.01175	0.00587	0.00587	0.00117	0.00587	0.00470	0.00470	0.76979
104	0.03473	0.01369	0.01838	0.01422	0.02026	0.01209	0.01170	0.03883	0.05678	0.64275	0.03134	0.02713	0.01988	0.00987	0.00798	0.00247	0.00672	0.00803	0.00972	0.01344
105	0.52900	0.01559	0.03975	0.01181	0.01717	0.01584	0.01013	0.02688	0.01631	0.19603	0.04376	0.01852	0.01419	0.00835	0.00597	0.00246	0.00641	0.00570	0.00624	0.00990
106	0.01127	0.00763	0.01013	0.01160	0.01267	0.00714	0.00839	0.01315	0.01621	0.04845	0.04519	0.53861	0.08865	0.02341	0.01013	0.00323	0.00512	0.12466	0.00745	0.00690
107	0.01034	0.01004	0.06827	0.01210	0.01370	0.00763	0.00948	0.01254	0.01557	0.02088	0.04249	0.60068	0.07278	0.02300	0.00990	0.00316	0.00533	0.04815	0.00701	0.00695
108	0.54645	0.01652	0.01514	0.07283	0.02065	0.01907	0.01109	0.13498	0.04377	0.03671	0.01359	0.01538	0.01026	0.00793	0.00584	0.00247	0.00699	0.00523	0.00545	0.00964
109	0.01901	0.01498	0.01727	0.01288	0.01951	0.01272	0.01032	0.06809	0.09475	0.06940	0.01769	0.01886	0.01385	0.00696	0.00641	0.00152	0.00618	0.00559	0.00565	0.57836
110	0.03212	0.01425	0.01832	0.01445	0.02020	0.01332	0.01180	0.07126	0.11163	0.52817	0.05592	0.02819	0.02211	0.01018	0.00804	0.00248	0.00667	0.00832	0.00943	0.01313
111	0.08504	0.01473	0.01684	0.01243	0.01912	0.01238	0.01005	0.06944	0.01858	0.11535	0.01649	0.01774	0.01266	0.00680	0.00622	0.00154	0.00622	0.00528	0.00564	0.54742
112	0.01055	0.00779	0.00997	0.01149	0.01230	0.00761	0.00782	0.01377	0.07161	0.02138	0.04270	0.65583	0.04997	0.02361	0.00994	0.00317	0.00475	0.02135	0.00742	0.00698
113	0.08176	0.01378	0.02224	0.16326	0.02951	0.01447	0.15150	0.02086	0.05762	0.02474	0.03140	0.04813	0.09642	0.01343	0.00907	0.00295	0.00878	0.19572	0.00563	0.00874
114	0.38425	0.01699	0.01726	0.07404	0.02222	0.01891	0.01212	0.20874	0.02203	0.12992	0.01655	0.01743	0.01178	0.00840	0.00650	0.00245	0.00738	0.00590	0.00638	0.01075
115	0.13495	0.02834	0.02233	0.06189	0.02580	0.36883	0.04825	0.13224	0.02306	0.06198	0.01454	0.01637	0.01115	0.00827	0.00717	0.00225	0.01152	0.00583	0.00511	0.01011

[dist]
# distance from previous block
# <min> <max>
2	17

[block]
# block no. 2 follows, 24 sequences, length 6
# corresponding to MSA columns:
# 228-233
name=unknown_C
#
# <colnr> <probs for GDERKNQSTAVLIFYWHMCP>
#	G	D	E	R	K	N	Q	S	T	A	V	L	I	F	Y	W	H	M	C	P
0	0.01883	0.01965	0.03477	0.02718	0.05898	0.04723	0.36506	0.05192	0.09768	0.02692	0.06675	0.04833	0.01945	0.00932	0.01042	0.00270	0.06966	0.00956	0.00509	0.01050
1	0.02096	0.02068	0.03799	0.02741	0.03494	0.01989	0.42655	0.16165	0.02254	0.03088	0.01647	0.02026	0.01232	0.00721	0.00862	0.00242	0.01142	0.00830	0.00496	0.10454
2	0.05595	0.20525	0.10779	0.02273	0.03032	0.02370	0.24633	0.16177	0.02169	0.02952	0.01499	0.01774	0.01150	0.00746	0.00754	0.00233	0.01057	0.00694	0.00469	0.01119
3	0.02377	0.27639	0.02670	0.01475	0.02044	0.02222	0.01273	0.03462	0.28201	0.17010	0.02426	0.02283	0.01805	0.00909	0.00695	0.00227	0.00719	0.00701	0.00674	0.01189
4	0.01842	0.01621	0.01991	0.02236	0.16316	0.01780	0.01437	0.03426	0.42908	0.03073	0.07857	0.03252	0.06584	0.01093	0.00820	0.00260	0.00664	0.00943	0.00716	0.01181
5	0.02138	0.01578	0.01758	0.01532	0.01922	0.05823	0.01216	0.16356	0.15565	0.10948	0.02374	0.02658	0.01872	0.02886	0.26910	0.00640	0.01311	0.00802	0.00654	0.01057

[dist]
# distance from previous block
# <min> <max>
2	12

[block]
# block no. 3 follows, 24 sequences, length 52
# corresponding to MSA columns:
# 246-297
name=unknown_D
#
# <colnr> <probs for GDERKNQSTAVLIFYWHMCP>
#	G	D	E	R	K	N	Q	S	T	A	V	L	I	F	Y	W	H	M	C	P
0	0.03259	0.01319	0.01768	0.01384	0.01951	0.01169	0.01133	0.03670	0.05515	0.58656	0.08834	0.03001	0.02481	0.01044	0.00810	0.00247	0.00645	0.00860	0.00963	0.01291
1	0.01430	0.00796	0.01229	0.01377	0.06958	0.00796	0.00845	0.01159	0.01102	0.01486	0.01388	0.02370	0.01367	0.02571	0.02892	0.70059	0.00711	0.00690	0.00349	0.00426
2	0.01867	0.01762	0.02983	0.09403	0.56742	0.01788	0.02313	0.02333	0.01791	0.02529	0.01728	0.02599	0.01538	0.00846	0.00813	0.00249	0.00932	0.06183	0.00420	0.01181
3	0.01979	0.01972	0.03021	0.13835	0.53205	0.07351	0.02327	0.02436	0.01811	0.02458	0.01458	0.01940	0.01209	0.00728	0.00780	0.00237	0.00998	0.00690	0.00388	0.01176
4	0.09662	0.03510	0.02156	0.01944	0.02370	0.60002	0.01471	0.05796	0.02232	0.02220	0.01245	0.01438	0.01021	0.00816	0.00698	0.00209	0.01332	0.00512	0.00433	0.00933
5	0.01478	0.00739	0.00739	0.00739	0.00924	0.00739	0.00554	0.01848	0.01663	0.02956	0.02587	0.02956	0.02033	0.00924	0.00554	0.00185	0.00370	0.00739	0.76534	0.00739
6	0.01198	0.00749	0.01003	0.01132	0.01228	0.00691	0.00775	0.01351	0.01586	0.07910	0.04259	0.65441	0.04951	0.02350	0.00993	0.00315	0.00479	0.02124	0.00758	0.00707
7	0.01042	0.00807	0.00948	0.00913	0.01135	0.00714	0.00685	0.01341	0.02055	0.02729	0.41237	0.06666	0.33293	0.01789	0.00936	0.00257	0.00386	0.01538	0.00814	0.00714
8	0.01872	0.02139	0.04679	0.03342	0.04144	0.02005	0.64305	0.02540	0.01872	0.02540	0.01604	0.02139	0.01203	0.00668	0.00936	0.00267	0.01337	0.00936	0.00401	0.01070
9	0.02063	0.01749	0.01844	0.01632	0.02097	0.02015	0.01277	0.09483	0.60335	0.03464	0.03112	0.02866	0.02327	0.01065	0.00806	0.00266	0.00649	0.00881	0.00806	0.01263
10	0.02009	0.01651	0.01757	0.01572	0.02021	0.01882	0.01225	0.04077	0.60174	0.06395	0.03411	0.03129	0.04918	0.01108	0.00812	0.00268	0.00621	0.00922	0.00813	0.01237
11	0.01879	0.01381	0.01659	0.01222	0.01855	0.01104	0.00974	0.02202	0.01689	0.11231	0.01681	0.01964	0.01360	0.04212	0.00855	0.00175	0.03012	0.00555	0.00535	0.60454
12	0.01377	0.00689	0.01033	0.01033	0.01033	0.00689	0.00689	0.01033	0.01033	0.01377	0.01377	0.02410	0.01377	0.02755	0.03099	0.76928	0.00689	0.00689	0.00344	0.00344
13	0.03041	0.02179	0.02354	0.01804	0.02438	0.02396	0.01491	0.61599	0.03658	0.08040	0.01963	0.01942	0.01378	0.00953	0.00793	0.00238	0.00863	0.00718	0.00802	0.01349
14	0.01644	0.01409	0.01644	0.01175	0.01879	0.01057	0.00940	0.01997	0.01644	0.02584	0.01409	0.01644	0.01175	0.00587	0.00587	0.00117	0.00587	0.00470	0.00470	0.76979
15	0.01478	0.00739	0.00739	0.00739	0.00924	0.00739	0.00554	0.01848	0.01663	0.02956	0.02587	0.02956	0.02033	0.00924	0.00554	0.00185	0.00370	0.00739	0.76534	0.00739
16	0.03014	0.02221	0.02380	0.01825	0.02459	0.02459	0.01507	0.64541	0.03728	0.04998	0.01904	0.01904	0.01349	0.00952	0.00793	0.00238	0.00873	0.00714	0.00793	0.01349
17	0.01848	0.01819	0.02953	0.26521	0.41199	0.04803	0.04780	0.02334	0.01754	0.02371	0.01457	0.01997	0.01177	0.00739	0.00791	0.00245	0.01018	0.00706	0.00380	0.01108
18	0.02205	0.01819	0.01924	0.01661	0.02151	0.02081	0.01311	0.17690	0.51897	0.03693	0.02932	0.02723	0.02181	0.01048	0.00804	0.00262	0.00682	0.00856	0.00804	0.01276
19	0.01478	0.00739	0.00739	0.00739	0.00924	0.00739	0.00554	0.01848	0.01663	0.02956	0.02587	0.02956	0.02033	0.00924	0.00554	0.00185	0.00370	0.00739	0.76534	0.00739
20	0.77733	0.01534	0.01166	0.01043	0.01534	0.01779	0.00859	0.02331	0.01350	0.03558	0.01104	0.01288	0.00859	0.00736	0.00491	0.00245	0.00613	0.00429	0.00491	0.00859
21	0.01122	0.00778	0.00972	0.01057	0.01192	0.00715	0.00754	0.01308	0.01664	0.04749	0.10031	0.38334	0.17852	0.08465	0.01260	0.00346	0.00502	0.07484	0.00734	0.00679
22	0.77733	0.01534	0.01166	0.01043	0.01534	0.01779	0.00859	0.02331	0.01350	0.03558	0.01104	0.01288	0.00859	0.00736	0.00491	0.00245	0.00613	0.00429	0.00491	0.00859
23	0.00939	0.00798	0.00809	0.00818	0.01075	0.00668	0.00609	0.01136	0.01793	0.02136	0.07851	0.10806	0.63806	0.02032	0.00941	0.00270	0.00405	0.01702	0.00736	0.00668
24	0.03014	0.02221	0.02380	0.01825	0.02459	0.02459	0.01507	0.64541	0.03728	0.04998	0.01904	0.01904	0.01349	0.00952	0.00793	0.00238	0.00873	0.00714	0.00793	0.01349
25	0.01213	0.00895	0.01124	0.01042	0.01259	0.00853	0.00788	0.03750	0.04845	0.03203	0.59430	0.05740	0.09642	0.01593	0.00925	0.00251	0.00403	0.01398	0.00862	0.00786
26	0.01498	0.01409	0.02378	0.70226	0.05462	0.01762	0.02202	0.02026	0.01586	0.02026	0.01409	0.02114	0.01057	0.00793	0.00793	0.00264	0.01057	0.00705	0.00352	0.00881
27	0.01073	0.00809	0.00991	0.00946	0.01154	0.00727	0.00709	0.01400	0.02127	0.02902	0.51018	0.06381	0.23404	0.01725	0.00936	0.00254	0.00381	0.01498	0.00836	0.00727
28	0.02846	0.03172	0.02267	0.02051	0.04632	0.45558	0.01531	0.16858	0.08574	0.02772	0.01575	0.01698	0.01235	0.00868	0.00743	0.00219	0.01214	0.00599	0.00531	0.01058
29	0.02962	0.03779	0.02247	0.02043	0.02451	0.68948	0.01532	0.03166	0.02247	0.01941	0.01226	0.01430	0.01021	0.00817	0.00715	0.00204	0.01430	0.00511	0.00409	0.00919
30	0.02192	0.57527	0.03759	0.01509	0.02092	0.11424	0.01413	0.02433	0.01656	0.01879	0.01113	0.01334	0.01020	0.00760	0.00723	0.00190	0.07177	0.00459	0.00349	0.00992
31	0.02962	0.03779	0.02247	0.02043	0.02451	0.68948	0.01532	0.03166	0.02247	0.01941	0.01226	0.01430	0.01021	0.00817	0.00715	0.00204	0.01430	0.00511	0.00409	0.00919
32	0.34542	0.01821	0.01791	0.01469	0.01994	0.02069	0.01206	0.27001	0.08087	0.06848	0.01695	0.01764	0.01249	0.00894	0.00756	0.00250	0.04190	0.00612	0.00652	0.01109
33	0.01963	0.01884	0.03219	0.04867	0.67185	0.01884	0.02434	0.02434	0.01806	0.02591	0.01492	0.01963	0.01256	0.00707	0.00785	0.00236	0.00942	0.00707	0.00393	0.01256
34	0.01478	0.00739	0.00739	0.00739	0.00924	0.00739	0.00554	0.01848	0.01663	0.02956	0.02587	0.02956	0.02033	0.00924	0.00554	0.00185	0.00370	0.00739	0.76534	0.00739
35	0.01684	0.16222	0.56723	0.02100	0.03185	0.02071	0.02652	0.02487	0.01663	0.02397	0.01366	0.01603	0.01007	0.00740	0.00710	0.00237	0.01115	0.00557	0.00336	0.01145
36	0.01278	0.00913	0.01278	0.01460	0.01643	0.00913	0.01278	0.01643	0.01825	0.02373	0.04199	0.08945	0.04564	0.02191	0.01095	0.00365	0.00730	0.61847	0.00730	0.00730
37	0.01498	0.01409	0.02378	0.70226	0.05462	0.01762	0.02202	0.02026	0.01586	0.02026	0.01409	0.02114	0.01057	0.00793	0.00793	0.00264	0.01057	0.00705	0.00352	0.00881
38	0.01963	0.01884	0.03219	0.04867	0.67185	0.01884	0.02434	0.02434	0.01806	0.02591	0.01492	0.01963	0.01256	0.00707	0.00785	0.00236	0.00942	0.00707	0.00393	0.01256
39	0.05234	0.41278	0.28010	0.01708	0.02541	0.02566	0.01940	0.02408	0.01610	0.02185	0.01221	0.01440	0.01007	0.00733	0.00671	0.00210	0.03337	0.00494	0.00344	0.01064
40	0.01564	0.01426	0.02324	0.63319	0.05119	0.01755	0.02121	0.05205	0.01707	0.02195	0.01573	0.02442	0.01246	0.00870	0.00808	0.00268	0.01031	0.03734	0.00394	0.00897
41	0.01498	0.01409	0.02378	0.70226	0.05462	0.01762	0.02202	0.02026	0.01586	0.02026	0.01409	0.02114	0.01057	0.00793	0.00793	0.00264	0.01057	0.00705	0.00352	0.00881
42	0.00966	0.00690	0.00920	0.01104	0.01150	0.00644	0.00736	0.01104	0.01518	0.02024	0.04371	0.71614	0.05245	0.02484	0.01012	0.00322	0.00460	0.02254	0.00736	0.00644
43	0.01478	0.00739	0.00739	0.00739	0.00924	0.00739	0.00554	0.01848	0.01663	0.02956	0.02587	0.02956	0.02033	0.00924	0.00554	0.00185	0.00370	0.00739	0.76534	0.00739
44	0.00965	0.00696	0.00914	0.01089	0.01146	0.00645	0.00729	0.01106	0.01533	0.02030	0.04554	0.68413	0.08327	0.02461	0.01008	0.00319	0.00457	0.02225	0.00736	0.00645
45	0.00966	0.00690	0.00920	0.01104	0.01150	0.00644	0.00736	0.01104	0.01518	0.02024	0.04371	0.71614	0.05245	0.02484	0.01012	0.00322	0.00460	0.02254	0.00736	0.00644
46	0.01516	0.01446	0.02493	0.66907	0.05396	0.01774	0.05283	0.02052	0.01600	0.02052	0.01419	0.02115	0.01064	0.00787	0.00800	0.00264	0.01071	0.00716	0.00355	0.00890
47	0.01644	0.01409	0.01644	0.01175	0.01879	0.01057	0.00940	0.01997	0.01644	0.02584	0.01409	0.01644	0.01175	0.00587	0.00587	0.00117	0.00587	0.00470	0.00470	0.76979
48	0.01478	0.00739	0.00739	0.00739	0.00924	0.00739	0.00554	0.01848	0.01663	0.02956	0.02587	0.02956	0.02033	0.00924	0.00554	0.00185	0.00370	0.00739	0.76534	0.00739
49	0.01888	0.36772	0.29338	0.02097	0.08521	0.02474	0.04210	0.02440	0.01662	0.02209	0.01281	0.01523	0.01040	0.00710	0.00645	0.00211	0.01001	0.00531	0.00344	0.01102
50	0.02086	0.01940	0.03107	0.04571	0.61108	0.04767	0.02331	0.02537	0.01848	0.05821	0.01562	0.01976	0.01281	0.00725	0.00783	0.00235	0.00950	0.00703	0.00423	0.01246
51	0.06476	0.02204	0.02417	0.05149	0.18746	0.12696	0.01689	0.23822	0.07272	0.09043	0.01837	0.01967	0.01370	0.00863	0.00765	0.00236	0.00937	0.00686	0.00616	0.01207

[dist]
# distance from previous block
# <min> <max>
0	3

[block]
# block no. 4 follows, 24 sequences, length 63
# corresponding to MSA columns:
# 301-363
name=unknown_E
#
# <colnr> <probs for GDERKNQSTAVLIFYWHMCP>
#	G	D	E	R	K	N	Q	S	T	A	V	L	I	F	Y	W	H	M	C	P
0	0.13482	0.05780	0.02206	0.04285	0.02382	0.18910	0.01417	0.29717	0.08326	0.03621	0.01681	0.01769	0.01265	0.00880	0.00718	0.00231	0.00959	0.00625	0.00617	0.01130
1	0.01058	0.00791	0.00982	0.00971	0.01154	0.00715	0.00714	0.01359	0.02040	0.02778	0.44469	0.16124	0.20257	0.01836	0.00947	0.00264	0.00393	0.01610	0.00822	0.00715
2	0.01914	0.01851	0.03244	0.04522	0.57330	0.01839	0.08255	0.02397	0.01813	0.02573	0.01662	0.02390	0.01446	0.00790	0.00818	0.00246	0.00967	0.04324	0.00413	0.01207
3	0.01269	0.00874	0.01069	0.01066	0.01317	0.00789	0.00854	0.01565	0.01962	0.07407	0.22126	0.07144	0.30632	0.01875	0.00966	0.00286	0.00498	0.16756	0.00789	0.00757
4	0.01785	0.01378	0.01635	0.01192	0.01865	0.01051	0.00952	0.02125	0.01694	0.08182	0.01666	0.04284	0.01391	0.00690	0.00621	0.00136	0.00590	0.00563	0.00524	0.67676
5	0.02100	0.01694	0.02817	0.19252	0.43176	0.01747	0.02188	0.02559	0.01826	0.12386	0.01722	0.02109	0.01318	0.00768	0.00789	0.00244	0.00928	0.00720	0.00473	0.01185
6	0.77733	0.01534	0.01166	0.01043	0.01534	0.01779	0.00859	0.02331	0.01350	0.03558	0.01104	0.01288	0.00859	0.00736	0.00491	0.00245	0.00613	0.00429	0.00491	0.00859
7	0.01958	0.01896	0.03288	0.04795	0.64189	0.01890	0.05374	0.02439	0.01809	0.02588	0.01497	0.01971	0.01254	0.00705	0.00792	0.00237	0.00961	0.00717	0.00393	0.01247
8	0.02088	0.01761	0.01858	0.01637	0.02106	0.02027	0.01283	0.10933	0.58844	0.03504	0.03080	0.02841	0.02301	0.01062	0.00805	0.00266	0.00655	0.00876	0.00805	0.01266
9	0.01478	0.00739	0.00739	0.00739	0.00924	0.00739	0.00554	0.01848	0.01663	0.02956	0.02587	0.02956	0.02033	0.00924	0.00554	0.00185	0.00370	0.00739	0.76534	0.00739
10	0.01708	0.01704	0.03145	0.30871	0.23420	0.01811	0.17814	0.02237	0.01720	0.02324	0.01611	0.05075	0.01334	0.00809	0.00836	0.00259	0.01067	0.00830	0.00393	0.01030
11	0.01793	0.01460	0.01698	0.01224	0.01921	0.01150	0.00983	0.06066	0.01798	0.04826	0.01496	0.01695	0.01211	0.00623	0.00607	0.00129	0.00608	0.00496	0.00507	0.69708
12	0.01927	0.02054	0.07755	0.04229	0.49613	0.01903	0.09971	0.02600	0.07130	0.02639	0.01645	0.02047	0.01329	0.00736	0.00803	0.00243	0.00980	0.00742	0.00424	0.01227
13	0.01153	0.00769	0.00865	0.00865	0.00865	0.00769	0.00480	0.01153	0.01153	0.01538	0.02499	0.05189	0.02883	0.72131	0.04036	0.00769	0.00769	0.01153	0.00480	0.00480
14	0.01865	0.02120	0.04575	0.03284	0.04049	0.02025	0.61417	0.02511	0.01841	0.02511	0.01578	0.02120	0.01196	0.00702	0.01013	0.00271	0.04538	0.00925	0.00399	0.01060
15	0.03267	0.01356	0.01800	0.01399	0.01985	0.01190	0.01143	0.06477	0.02258	0.57060	0.03042	0.06652	0.02080	0.01045	0.00798	0.00242	0.00666	0.00860	0.00928	0.05751
16	0.01874	0.01764	0.02932	0.16383	0.50769	0.01831	0.02278	0.04627	0.01838	0.02559	0.01774	0.02232	0.04049	0.00787	0.00793	0.00242	0.00937	0.00748	0.00415	0.01167
17	0.01866	0.01762	0.02914	0.12488	0.51967	0.01821	0.02244	0.02462	0.06216	0.02599	0.04704	0.02238	0.01608	0.00786	0.00795	0.00242	0.00907	0.00754	0.00439	0.01186
18	0.12558	0.01376	0.01746	0.01352	0.01955	0.01234	0.01115	0.03566	0.02120	0.56018	0.02779	0.02464	0.01781	0.00928	0.00747	0.00238	0.00662	0.00733	0.00891	0.05737
19	0.01590	0.04102	0.68023	0.02260	0.03432	0.01842	0.02930	0.02511	0.01674	0.02511	0.01423	0.01674	0.01005	0.00753	0.00753	0.00251	0.01172	0.00586	0.00335	0.01172
20	0.01985	0.01934	0.03014	0.08105	0.55570	0.05072	0.02285	0.02586	0.06834	0.02585	0.01611	0.02024	0.01325	0.00746	0.00784	0.00238	0.00947	0.00712	0.00424	0.01219
21	0.00989	0.00705	0.00908	0.01061	0.01110	0.00661	0.00698	0.01112	0.01484	0.01967	0.04286	0.60416	0.07550	0.11367	0.01396	0.00377	0.00497	0.02089	0.00703	0.00624
22	0.02054	0.01767	0.02009	0.12079	0.06256	0.04734	0.01466	0.15617	0.30521	0.03300	0.06466	0.02894	0.05235	0.01053	0.00811	0.00256	0.00768	0.00872	0.00696	0.01146
23	0.00981	0.00700	0.00937	0.01121	0.01173	0.00656	0.00761	0.01129	0.01532	0.02040	0.04363	0.68721	0.05213	0.02471	0.01016	0.00324	0.00473	0.05005	0.00736	0.00648
24	0.03014	0.02221	0.02380	0.01825	0.02459	0.02459	0.01507	0.64541	0.03728	0.04998	0.01904	0.01904	0.01349	0.00952	0.00793	0.00238	0.00873	0.00714	0.00793	0.01349
25	0.77733	0.01534	0.01166	0.01043	0.01534	0.01779	0.00859	0.02331	0.01350	0.03558	0.01104	0.01288	0.00859	0.00736	0.00491	0.00245	0.00613	0.00429	0.00491	0.00859
26	0.01478	0.00739	0.00739	0.00739	0.00924	0.00739	0.00554	0.01848	0.01663	0.02956	0.02587	0.02956	0.02033	0.00924	0.00554	0.00185	0.00370	0.00739	0.76534	0.00739
27	0.02010	0.01694	0.01797	0.01604	0.02047	0.01942	0.01249	0.09440	0.56636	0.03396	0.03173	0.06675	0.02481	0.01143	0.00817	0.00269	0.00640	0.00956	0.00802	0.01230
28	0.03014	0.02221	0.02380	0.01825	0.02459	0.02459	0.01507	0.64541	0.03728	0.04998	0.01904	0.01904	0.01349	0.00952	0.00793	0.00238	0.00873	0.00714	0.00793	0.01349
29	0.01713	0.01440	0.01527	0.01385	0.01745	0.03285	0.01067	0.07238	0.34967	0.03181	0.18815	0.07299	0.10302	0.01354	0.00857	0.00263	0.00574	0.01147	0.00801	0.01042
30	0.01856	0.01817	0.03221	0.18084	0.46991	0.01874	0.09786	0.02363	0.01768	0.02469	0.01488	0.02015	0.01209	0.00720	0.00805	0.00245	0.01013	0.00734	0.00385	0.01157
31	0.02114	0.01893	0.02949	0.12294	0.46769	0.01983	0.02222	0.14697	0.02160	0.02999	0.01563	0.01970	0.01250	0.00766	0.00788	0.00240	0.00942	0.00708	0.00467	0.01228
32	0.01193	0.00873	0.01126	0.01098	0.01145	0.00976	0.00750	0.01301	0.01198	0.01668	0.02257	0.04225	0.02437	0.44547	0.25405	0.00902	0.06843	0.01016	0.00451	0.00587
33	0.01735	0.01652	0.02808	0.36841	0.36989	0.01824	0.02320	0.02234	0.01698	0.02314	0.01451	0.02037	0.01159	0.00749	0.00789	0.00250	0.00998	0.00706	0.00373	0.01073
34	0.01615	0.01378	0.01613	0.01171	0.01848	0.01039	0.00931	0.01958	0.01639	0.02560	0.01537	0.04665	0.01350	0.00669	0.00606	0.00126	0.00582	0.00547	0.00481	0.73684
35	0.01992	0.01696	0.01795	0.03783	0.02103	0.05020	0.01270	0.03648	0.46963	0.06800	0.03332	0.03163	0.07756	0.01151	0.00937	0.00270	0.05501	0.00919	0.00746	0.01155
36	0.01135	0.00843	0.01240	0.01240	0.01370	0.00973	0.00949	0.01394	0.01264	0.01816	0.02155	0.03288	0.02057	0.11459	0.63580	0.01232	0.02011	0.00875	0.00429	0.00689
37	0.01478	0.00739	0.00739	0.00739	0.00924	0.00739	0.00554	0.01848	0.01663	0.02956	0.02587	0.02956	0.02033	0.00924	0.00554	0.00185	0.00370	0.00739	0.76534	0.00739
38	0.72943	0.01578	0.01243	0.01093	0.01593	0.01823	0.00900	0.06319	0.01502	0.03650	0.01155	0.01328	0.00890	0.00750	0.00510	0.00245	0.00630	0.00448	0.00510	0.00890
39	0.01257	0.00846	0.01067	0.00991	0.01222	0.00763	0.00751	0.01595	0.02167	0.07450	0.51715	0.06011	0.17874	0.01647	0.00926	0.00252	0.00400	0.01434	0.00856	0.00775
40	0.01478	0.00739	0.00739	0.00739	0.00924	0.00739	0.00554	0.01848	0.01663	0.02956	0.02587	0.02956	0.02033	0.00924	0.00554	0.00185	0.00370	0.00739	0.76534	0.00739
41	0.02266	0.01784	0.02011	0.06487	0.04367	0.02017	0.01408	0.17536	0.41715	0.07368	0.02746	0.02618	0.02023	0.01012	0.00802	0.00259	0.00725	0.00831	0.00770	0.01256
42	0.02120	0.72609	0.04155	0.01357	0.02035	0.03138	0.01357	0.02374	0.01611	0.01866	0.01102	0.01272	0.01018	0.00678	0.00509	0.00170	0.00848	0.00424	0.00339	0.01018
43	0.01887	0.01837	0.03222	0.14283	0.52722	0.01877	0.07745	0.02383	0.01779	0.02504	0.01489	0.02000	0.01222	0.00716	0.00799	0.00242	0.00993	0.00726	0.00387	0.01185
44	0.01498	0.01409	0.02378	0.70226	0.05462	0.01762	0.02202	0.02026	0.01586	0.02026	0.01409	0.02114	0.01057	0.00793	0.00793	0.00264	0.01057	0.00705	0.00352	0.00881
45	0.01478	0.00739	0.00739	0.00739	0.00924	0.00739	0.00554	0.01848	0.01663	0.02956	0.02587	0.02956	0.02033	0.00924	0.00554	0.00185	0.00370	0.00739	0.76534	0.00739
46	0.01478	0.00739	0.00739	0.00739	0.00924	0.00739	0.00554	0.01848	0.01663	0.02956	0.02587	0.02956	0.02033	0.00924	0.00554	0.00185	0.00370	0.00739	0.76534	0.00739
47	0.01299	0.00969	0.01191	0.01099	0.01334	0.00953	0.00833	0.05420	0.07980	0.03231	0.53522	0.07504	0.08439	0.01572	0.00918	0.00253	0.00430	0.01376	0.00854	0.00823
48	0.01644	0.01409	0.01644	0.01175	0.01879	0.01057	0.00940	0.01997	0.01644	0.02584	0.01409	0.01644	0.01175	0.00587	0.00587	0.00117	0.00587	0.00470	0.00470	0.76979
