[name]
unknown

[dist]
# distance from previous block
# <min> <max>
23	91

[block]
# block no. 0 follows, 25 sequences, length 176
# corresponding to MSA columns:
# 91-266
name=unknown_A
#
# <colnr> <probs for GDERKNQSTAVLIFYWHMCP>
#	G	D	E	R	K	N	Q	S	T	A	V	L	I	F	Y	W	H	M	C	P
0	0.02624	0.01897	0.02076	0.01639	0.02181	0.02053	0.01331	0.51494	0.03231	0.06486	0.04638	0.09876	0.01984	0.01111	0.00798	0.00238	0.00774	0.00887	0.00767	0.03914
1	0.01931	0.01509	0.01871	0.10044	0.02350	0.01511	0.03948	0.21491	0.02212	0.03140	0.01898	0.06632	0.01617	0.04437	0.00867	0.00227	0.00728	0.00755	0.08690	0.24143
2	0.01778	0.01514	0.02067	0.16728	0.06610	0.03974	0.01545	0.04829	0.01589	0.06637	0.03981	0.04952	0.01604	0.04216	0.01586	0.03632	0.24109	0.00770	0.00456	0.07423
3	0.01652	0.01404	0.01631	0.01169	0.01856	0.01078	0.00937	0.04021	0.01674	0.02604	0.01394	0.01616	0.01154	0.00586	0.00581	0.00119	0.00583	0.00467	0.00470	0.75004
4	0.01069	0.00749	0.00975	0.01018	0.01149	0.00700	0.00738	0.01348	0.01879	0.02642	0.37320	0.30427	0.06054	0.01881	0.00926	0.00271	0.00412	0.04275	0.05474	0.00692
5	0.03420	0.01333	0.01798	0.01387	0.01981	0.01169	0.01143	0.03792	0.04653	0.65982	0.03063	0.02649	0.01936	0.00963	0.00780	0.00241	0.00658	0.00783	0.00953	0.01316
6	0.03479	0.01320	0.01799	0.01380	0.01979	0.01140	0.01140	0.03779	0.02219	0.68451	0.03059	0.02639	0.01919	0.00960	0.00780	0.00240	0.00660	0.00780	0.00960	0.01320
7	0.01061	0.00772	0.00999	0.00983	0.01146	0.00710	0.00722	0.01377	0.02047	0.02856	0.53186	0.17530	0.10203	0.01754	0.00928	0.00257	0.00382	0.01556	0.00823	0.00710
8	0.01445	0.00723	0.00723	0.00723	0.00903	0.00723	0.00542	0.01807	0.01626	0.02891	0.02529	0.02891	0.01987	0.00903	0.00542	0.00181	0.00361	0.00723	0.77055	0.00723
9	0.01830	0.02092	0.04575	0.03268	0.04052	0.01961	0.65098	0.02484	0.01830	0.02484	0.01569	0.02092	0.01176	0.00654	0.00915	0.00261	0.01307	0.00915	0.00392	0.01046
10	0.01141	0.00820	0.01105	0.01157	0.01326	0.00784	0.00928	0.01482	0.01973	0.02705	0.37520	0.13037	0.06027	0.01875	0.00981	0.00294	0.00506	0.24836	0.00788	0.00716
11	0.02010	0.01861	0.01783	0.01619	0.02043	0.09393	0.01258	0.03911	0.56935	0.03059	0.02975	0.02949	0.02295	0.01065	0.00790	0.00260	0.00704	0.03175	0.00743	0.01171
12	0.03113	0.01492	0.01864	0.01447	0.02012	0.01431	0.01188	0.19625	0.02589	0.45616	0.08903	0.02737	0.02278	0.01012	0.00792	0.00238	0.00682	0.00818	0.00901	0.01263
13	0.01929	0.01666	0.01753	0.01578	0.02016	0.01929	0.01227	0.04120	0.66513	0.03243	0.03156	0.02893	0.02367	0.01052	0.00789	0.00263	0.00614	0.00877	0.00789	0.01227
14	0.01778	0.01421	0.01687	0.01234	0.01878	0.01163	0.00994	0.04459	0.01700	0.06627	0.01481	0.01685	0.01195	0.00653	0.00699	0.00139	0.04334	0.00500	0.00496	0.65877
15	0.02118	0.69445	0.03962	0.01363	0.02012	0.06680	0.01336	0.02364	0.01609	0.01828	0.01084	0.01252	0.00995	0.00671	0.00508	0.00168	0.00860	0.00419	0.00335	0.00990
16	0.01919	0.01842	0.03147	0.04759	0.67914	0.01842	0.02380	0.02380	0.01765	0.02533	0.01458	0.01919	0.01228	0.00691	0.00768	0.00230	0.00921	0.00691	0.00384	0.01228
17	0.01884	0.06483	0.48271	0.02241	0.05374	0.01782	0.08385	0.02633	0.01738	0.11600	0.01628	0.01811	0.01140	0.00755	0.00750	0.00242	0.01072	0.00631	0.00423	0.01157
18	0.03261	0.01340	0.01777	0.01384	0.01955	0.01203	0.01135	0.05733	0.05667	0.59651	0.06211	0.02783	0.02190	0.00995	0.00787	0.00241	0.00649	0.00813	0.00939	0.01286
19	0.02896	0.03695	0.02197	0.01998	0.02397	0.69638	0.01498	0.03096	0.02197	0.01898	0.01199	0.01398	0.00999	0.00799	0.00699	0.00200	0.01398	0.00499	0.00400	0.00899
20	0.01102	0.00741	0.00853	0.00878	0.00884	0.00735	0.00504	0.01121	0.01177	0.01569	0.02694	0.14292	0.03136	0.63100	0.03541	0.00692	0.00710	0.01275	0.00504	0.00492
21	0.02597	0.01753	0.01951	0.04098	0.02198	0.01909	0.01293	0.35359	0.14649	0.13163	0.02331	0.02293	0.01667	0.00948	0.00750	0.00234	0.00729	0.00745	0.10122	0.01212
22	0.02820	0.01430	0.01754	0.01415	0.01941	0.01402	0.01145	0.10107	0.16583	0.40346	0.07213	0.03017	0.05099	0.01059	0.00796	0.00245	0.00640	0.00868	0.00885	0.01234
23	0.05633	0.00800	0.00811	0.00779	0.01001	0.00802	0.00594	0.01953	0.01646	0.06945	0.02485	0.02789	0.01922	0.00897	0.00553	0.00187	0.00392	0.00710	0.68334	0.00765
24	0.01884	0.02019	0.11540	0.07172	0.37377	0.01756	0.05996	0.02611	0.09525	0.06091	0.05006	0.02246	0.01656	0.00801	0.00783	0.00241	0.00903	0.00751	0.00477	0.01166
25	0.11071	0.01846	0.05149	0.30506	0.07636	0.04715	0.23472	0.02274	0.01660	0.02378	0.01404	0.01926	0.01066	0.00722	0.00782	0.00253	0.01087	0.00721	0.00381	0.00952
26	0.00945	0.00675	0.00900	0.01080	0.01125	0.00630	0.00720	0.01080	0.01484	0.01979	0.04274	0.72245	0.05128	0.02429	0.00990	0.00315	0.00450	0.02204	0.00720	0.00630
27	0.01071	0.00777	0.01009	0.00982	0.01150	0.00715	0.00725	0.01400	0.02086	0.02924	0.57005	0.14499	0.09331	0.01709	0.00924	0.00254	0.00378	0.01515	0.00831	0.00715
28	0.01598	0.03726	0.59475	0.02420	0.05968	0.01819	0.09323	0.02455	0.01662	0.02461	0.01413	0.01695	0.01012	0.00726	0.00756	0.00247	0.01154	0.00613	0.00336	0.01139
29	0.01794	0.08068	0.40010	0.06602	0.06605	0.01870	0.14261	0.02514	0.01712	0.07135	0.01525	0.01807	0.01102	0.00732	0.00760	0.00243	0.01101	0.00654	0.00389	0.01116
30	0.03461	0.01349	0.01817	0.01393	0.01994	0.01183	0.01151	0.05887	0.02268	0.66274	0.03018	0.02612	0.01899	0.00959	0.00780	0.00240	0.00666	0.00777	0.00953	0.01320
31	0.04527	0.01737	0.02911	0.17951	0.52956	0.01815	0.02280	0.02296	0.01706	0.02455	0.01429	0.01926	0.01175	0.00709	0.00759	0.00236	0.00932	0.00681	0.00379	0.01141
32	0.04415	0.08196	0.40500	0.02204	0.03137	0.01827	0.15102	0.02522	0.01731	0.08115	0.03966	0.01926	0.01331	0.00764	0.00757	0.00242	0.01067	0.00674	0.00419	0.01104
33	0.27165	0.01498	0.02034	0.35220	0.07121	0.01739	0.04033	0.04629	0.01611	0.06155	0.01398	0.01814	0.01043	0.00763	0.00682	0.00249	0.00867	0.00613	0.00442	0.00923
34	0.75208	0.01495	0.01186	0.03768	0.01651	0.01739	0.00891	0.02267	0.01329	0.03420	0.01091	0.01291	0.00847	0.00722	0.00491	0.00241	0.00617	0.00430	0.00475	0.00841
35	0.03479	0.01320	0.01799	0.01380	0.01979	0.01140	0.01140	0.03779	0.02219	0.68451	0.03059	0.02639	0.01919	0.00960	0.00780	0.00240	0.00660	0.00780	0.00960	0.01320
36	0.02580	0.01836	0.01883	0.01503	0.01998	0.05240	0.01220	0.43164	0.02990	0.06975	0.02053	0.02138	0.01502	0.00918	0.00712	0.00218	0.00745	0.00698	0.20484	0.01144
37	0.01249	0.00892	0.01249	0.01428	0.01606	0.00892	0.01249	0.01606	0.01785	0.02320	0.04105	0.08746	0.04462	0.02142	0.01071	0.00357	0.00714	0.62695	0.00714	0.00714
38	0.01382	0.00857	0.01120	0.01018	0.01255	0.00779	0.00776	0.01733	0.02181	0.11066	0.57344	0.05470	0.08955	0.01523	0.00898	0.00244	0.00403	0.01335	0.00861	0.00801
39	0.01128	0.00752	0.00846	0.00846	0.00846	0.00752	0.00470	0.01128	0.01128	0.01503	0.02443	0.05074	0.02819	0.72751	0.03946	0.00752	0.00752	0.01128	0.00470	0.00470
40	0.00958	0.00685	0.00915	0.01095	0.01146	0.00642	0.00743	0.01103	0.01498	0.01995	0.04266	0.69400	0.05098	0.02416	0.00993	0.00317	0.00462	0.04915	0.00719	0.00634
41	0.01608	0.01378	0.01608	0.01148	0.01837	0.01034	0.00919	0.01952	0.01608	0.02527	0.01378	0.01608	0.01148	0.00574	0.00574	0.00115	0.00574	0.00459	0.00459	0.77491
42	0.01555	0.04011	0.68733	0.02210	0.03356	0.01801	0.02865	0.02455	0.01637	0.02455	0.01391	0.01637	0.00982	0.00737	0.00737	0.00246	0.01146	0.00573	0.00327	0.01146
43	0.68653	0.01476	0.01224	0.01066	0.01561	0.01663	0.00878	0.02471	0.01435	0.11801	0.01333	0.01436	0.00978	0.00750	0.00518	0.00240	0.00607	0.00466	0.00541	0.00901
44	0.01128	0.00752	0.00846	0.00846	0.00846	0.00752	0.00470	0.01128	0.01128	0.01503	0.02443	0.05074	0.02819	0.72751	0.03946	0.00752	0.00752	0.01128	0.00470	0.00470
45	0.02073	0.73217	0.04063	0.01327	0.01990	0.03068	0.01327	0.02322	0.01575	0.01824	0.01078	0.01244	0.00995	0.00663	0.00498	0.00166	0.00829	0.00415	0.00332	0.00995
46	0.01109	0.00826	0.01222	0.01222	0.01352	0.00956	0.00939	0.01369	0.01239	0.01782	0.02099	0.03170	0.01992	0.09898	0.65669	0.01216	0.01996	0.00849	0.00419	0.00679
47	0.00917	0.00781	0.00790	0.00797	0.01050	0.00654	0.00594	0.01111	0.01757	0.02090	0.07718	0.09933	0.65217	0.01981	0.00919	0.00264	0.00395	0.01658	0.00720	0.00654
48	0.78228	0.01499	0.01140	0.01020	0.01499	0.01739	0.00840	0.02279	0.01320	0.03479	0.01080	0.01260	0.00840	0.00720	0.00480	0.00240	0.00600	0.00420	0.00480	0.00840
49	0.02947	0.02172	0.02327	0.01784	0.02404	0.02404	0.01474	0.65329	0.03646	0.04887	0.01862	0.01862	0.01319	0.00931	0.00776	0.00233	0.00853	0.00698	0.00776	0.01319
50	0.07530	0.02389	0.02233	0.01774	0.02348	0.13749	0.01439	0.50945	0.03258	0.04295	0.01702	0.01746	0.01235	0.00896	0.00745	0.00228	0.00930	0.00647	0.00694	0.01218
51	0.01455	0.01376	0.02361	0.63849	0.05053	0.01677	0.05190	0.01958	0.01561	0.02006	0.01541	0.05782	0.01257	0.00857	0.00793	0.00262	0.01016	0.00780	0.00367	0.00858
52	0.01588	0.03802	0.62095	0.02392	0.06585	0.01811	0.06134	0.02453	0.01654	0.02461	0.01404	0.01675	0.01005	0.00730	0.00748	0.00246	0.01143	0.00597	0.00334	0.01145
53	0.01570	0.03909	0.65339	0.02266	0.03393	0.01809	0.06158	0.02457	0.01647	0.02457	0.01401	0.01661	0.00992	0.00732	0.00746	0.00246	0.01154	0.00591	0.00331	0.01141
54	0.01929	0.01666	0.01753	0.01578	0.02016	0.01929	0.01227	0.04120	0.66513	0.03243	0.03156	0.02893	0.02367	0.01052	0.00789	0.00263	0.00614	0.00877	0.00789	0.01227
55	0.00945	0.00675	0.00900	0.01080	0.01125	0.00630	0.00720	0.01080	0.01484	0.01979	0.04274	0.72245	0.05128	0.02429	0.00990	0.00315	0.00450	0.02204	0.00720	0.00630
56	0.02552	0.04940	0.07043	0.02193	0.02886	0.04420	0.19994	0.33098	0.02737	0.09656	0.01805	0.01947	0.01289	0.00826	0.00801	0.00239	0.01003	0.00743	0.00624	0.01202
57	0.00955	0.00682	0.00911	0.01091	0.01141	0.00639	0.00737	0.01097	0.01494	0.01991	0.04268	0.70129	0.05106	0.02420	0.00992	0.00316	0.00459	0.04220	0.00720	0.00633
58	0.02980	0.02120	0.02295	0.01759	0.02379	0.02327	0.01453	0.61574	0.03559	0.08764	0.01935	0.01909	0.01355	0.00933	0.00776	0.00233	0.00841	0.00703	0.00787	0.01319
59	0.01555	0.04011	0.68733	0.02210	0.03356	0.01801	0.02865	0.02455	0.01637	0.02455	0.01391	0.01637	0.00982	0.00737	0.00737	0.00246	0.01146	0.00573	0.00327	0.01146
60	0.02557	0.04691	0.02169	0.03972	0.02326	0.05401	0.01361	0.35947	0.13138	0.07832	0.02000	0.02002	0.01463	0.00884	0.00738	0.00219	0.00799	0.00680	0.00698	0.11123
61	0.00945	0.00675	0.00900	0.01080	0.01125	0.00630	0.00720	0.01080	0.01484	0.01979	0.04274	0.72245	0.05128	0.02429	0.00990	0.00315	0.00450	0.02204	0.00720	0.00630
62	0.12273	0.04621	0.11700	0.01750	0.02380	0.01816	0.08547	0.06568	0.24314	0.14636	0.02290	0.02248	0.01649	0.00881	0.00742	0.00248	0.00794	0.00734	0.00650	0.01157
63	0.78228	0.01499	0.01140	0.01020	0.01499	0.01739	0.00840	0.02279	0.01320	0.03479	0.01080	0.01260	0.00840	0.00720	0.00480	0.00240	0.00600	0.00420	0.00480	0.00840
64	0.01956	0.54173	0.13008	0.01590	0.02265	0.02784	0.04006	0.02305	0.01558	0.01942	0.01135	0.01373	0.01002	0.00737	0.00736	0.00197	0.07414	0.00480	0.00334	0.01005
65	0.01663	0.01420	0.01509	0.01393	0.01769	0.01582	0.01079	0.03307	0.48473	0.02958	0.06085	0.06372	0.14591	0.01316	0.00832	0.00267	0.00563	0.02976	0.00774	0.01071
66	0.00984	0.00800	0.00879	0.00892	0.01133	0.00695	0.00692	0.01224	0.01830	0.02266	0.15831	0.07386	0.51197	0.01932	0.00935	0.00271	0.00429	0.09213	0.00738	0.00673
67	0.07292	0.01921	0.02063	0.01659	0.02212	0.02122	0.01362	0.43913	0.13912	0.07815	0.02235	0.02463	0.01692	0.01014	0.00778	0.00246	0.00778	0.04520	0.00766	0.01237
68	0.01531	0.01494	0.02670	0.59212	0.07174	0.01760	0.11046	0.02065	0.01597	0.02070	0.01408	0.02066	0.01060	0.00755	0.00795	0.00258	0.01069	0.00721	0.00353	0.00899
69	0.01108	0.00827	0.01229	0.01229	0.01362	0.00960	0.00948	0.01374	0.01241	0.01787	0.02092	0.03133	0.01976	0.08673	0.66872	0.01225	0.02020	0.00843	0.00418	0.00683
70	0.02280	0.01564	0.01728	0.01458	0.01929	0.01685	0.01161	0.16708	0.30951	0.14953	0.05271	0.03138	0.08210	0.01104	0.00789	0.00248	0.00634	0.00901	0.04114	0.01173
71	0.01907	0.08599	0.07328	0.02890	0.09423	0.01980	0.39150	0.02442	0.01753	0.06386	0.01644	0.04347	0.01321	0.00795	0.00972	0.00255	0.06487	0.00847	0.00424	0.01051
72	0.00985	0.00704	0.00944	0.01110	0.01177	0.00663	0.00776	0.01155	0.01554	0.02076	0.07687	0.62031	0.05178	0.02353	0.00994	0.00315	0.00473	0.08456	0.00726	0.00644
73	0.03479	0.01320	0.01799	0.01380	0.01979	0.01140	0.01140	0.03779	0.02219	0.68451	0.03059	0.02639	0.01919	0.00960	0.00780	0.00240	0.00660	0.00780	0.00960	0.01320
74	0.01530	0.01446	0.02445	0.61268	0.14442	0.01740	0.02186	0.02039	0.01582	0.02061	0.01390	0.02046	0.01062	0.00763	0.00774	0.00254	0.01017	0.00689	0.00350	0.00915
75	0.01894	0.01973	0.05672	0.11676	0.52140	0.04872	0.05737	0.02377	0.01760	0.02439	0.01441	0.01910	0.01184	0.00705	0.00772	0.00234	0.00985	0.00690	0.00378	0.01160
76	0.00945	0.00675	0.00900	0.01080	0.01125	0.00630	0.00720	0.01080	0.01484	0.01979	0.04274	0.72245	0.05128	0.02429	0.00990	0.00315	0.00450	0.02204	0.00720	0.00630
77	0.19610	0.18671	0.20614	0.01942	0.07848	0.10447	0.03827	0.04583	0.01704	0.02570	0.01252	0.01478	0.00992	0.00724	0.00629	0.00219	0.00956	0.00518	0.00394	0.01020
78	0.01043	0.00778	0.00971	0.00969	0.01149	0.00707	0.00721	0.01338	0.01981	0.02691	0.42678	0.16039	0.19841	0.01814	0.00933	0.00263	0.00399	0.04187	0.00799	0.00699
79	0.01347	0.00673	0.01010	0.01010	0.01010	0.00673	0.00673	0.01010	0.01010	0.01347	0.01347	0.02357	0.01347	0.02694	0.03030	0.77441	0.00673	0.00673	0.00337	0.00337
80	0.00945	0.00675	0.00900	0.01080	0.01125	0.00630	0.00720	0.01080	0.01484	0.01979	0.04274	0.72245	0.05128	0.02429	0.00990	0.00315	0.00450	0.02204	0.00720	0.00630
81	0.02947	0.02172	0.02327	0.01784	0.02404	0.02404	0.01474	0.65329	0.03646	0.04887	0.01862	0.01862	0.01319	0.00931	0.00776	0.00233	0.00853	0.00698	0.00776	0.01319
82	0.00945	0.00675	0.00900	0.01080	0.01125	0.00630	0.00720	0.01080	0.01484	0.01979	0.04274	0.72245	0.05128	0.02429	0.00990	0.00315	0.00450	0.02204	0.00720	0.00630
83	0.78228	0.01499	0.01140	0.01020	0.01499	0.01739	0.00840	0.02279	0.01320	0.03479	0.01080	0.01260	0.00840	0.00720	0.00480	0.00240	0.00600	0.00420	0.00480	0.00840
84	0.78228	0.01499	0.01140	0.01020	0.01499	0.01739	0.00840	0.02279	0.01320	0.03479	0.01080	0.01260	0.00840	0.00720	0.00480	0.00240	0.00600	0.00420	0.00480	0.00840
85	0.01128	0.00752	0.00846	0.00846	0.00846	0.00752	0.00470	0.01128	0.01128	0.01503	0.02443	0.05074	0.02819	0.72751	0.03946	0.00752	0.00752	0.01128	0.00470	0.00470
86	0.01696	0.01696	0.02375	0.02036	0.02036	0.02375	0.01696	0.01866	0.01187	0.01866	0.01018	0.01696	0.01018	0.01357	0.02545	0.00339	0.71332	0.00679	0.00339	0.00848
87	0.01555	0.04011	0.68733	0.02210	0.03356	0.01801	0.02865	0.02455	0.01637	0.02455	0.01391	0.01637	0.00982	0.00737	0.00737	0.00246	0.01146	0.00573	0.00327	0.01146
88	0.01498	0.01443	0.02530	0.64734	0.05223	0.01744	0.07881	0.02027	0.01576	0.02027	0.01395	0.02069	0.01047	0.00764	0.00788	0.00259	0.01058	0.00710	0.00349	0.00878
89	0.78228	0.01499	0.01140	0.01020	0.01499	0.01739	0.00840	0.02279	0.01320	0.03479	0.01080	0.01260	0.00840	0.00720	0.00480	0.00240	0.00600	0.00420	0.00480	0.00840
90	0.01763	0.05481	0.09905	0.01879	0.02178	0.02155	0.01687	0.05862	0.01468	0.02210	0.01166	0.01665	0.01050	0.01115	0.01849	0.00282	0.45495	0.00624	0.00381	0.11783
91	0.02096	0.62514	0.08928	0.01447	0.02127	0.08086	0.01459	0.02392	0.01628	0.01879	0.01111	0.01286	0.00994	0.00679	0.00532	0.00175	0.00897	0.00433	0.00337	0.00999
92	0.01347	0.00673	0.01010	0.01010	0.01010	0.00673	0.00673	0.01010	0.01010	0.01347	0.01347	0.02357	0.01347	0.02694	0.03030	0.77441	0.00673	0.00673	0.00337	0.00337
93	0.04929	0.07183	0.52006	0.02368	0.10797	0.01829	0.02557	0.02394	0.01657	0.02501	0.03888	0.01792	0.01247	0.00759	0.00723	0.00239	0.01049	0.00604	0.00361	0.01119
94	0.02283	0.02033	0.02148	0.06105	0.04753	0.13879	0.04881	0.10153	0.26837	0.08923	0.02333	0.02527	0.01795	0.00991	0.00874	0.00252	0.04359	0.03110	0.00646	0.01117
95	0.02005	0.61439	0.11492	0.01610	0.05636	0.02857	0.01560	0.02340	0.01593	0.01935	0.01134	0.01325	0.01006	0.00673	0.00539	0.00178	0.00871	0.00448	0.00334	0.01025
96	0.01506	0.01460	0.02583	0.63160	0.05193	0.01750	0.09347	0.02038	0.01582	0.02038	0.01400	0.02070	0.01050	0.00761	0.00791	0.00259	0.01065	0.00715	0.00350	0.00882
97	0.01477	0.01395	0.02328	0.67151	0.05161	0.01758	0.02129	0.01975	0.01531	0.01975	0.01359	0.02047	0.01033	0.00807	0.00871	0.00263	0.04848	0.00688	0.00344	0.00861
98	0.00916	0.00785	0.00785	0.00785	0.01047	0.00655	0.00589	0.01113	0.01767	0.02095	0.07855	0.07462	0.67599	0.01964	0.00916	0.00262	0.00393	0.01636	0.00720	0.00655
99	0.01126	0.00855	0.01268	0.01258	0.01388	0.01005	0.00976	0.01391	0.01241	0.01793	0.02056	0.03067	0.01937	0.07735	0.65618	0.01203	0.04142	0.00835	0.00415	0.00690
100	0.02896	0.03695	0.02197	0.01998	0.02397	0.69638	0.01498	0.03096	0.02197	0.01898	0.01199	0.01398	0.00999	0.00799	0.00699	0.00200	0.01398	0.00499	0.00400	0.00899
101	0.02805	0.02058	0.02200	0.01709	0.02293	0.02278	0.01404	0.58403	0.06631	0.04683	0.01967	0.01976	0.01411	0.00935	0.00762	0.00231	0.00811	0.00708	0.05457	0.01278
102	0.01696	0.01696	0.02375	0.02036	0.02036	0.02375	0.01696	0.01866	0.01187	0.01866	0.01018	0.01696	0.01018	0.01357	0.02545	0.00339	0.71332	0.00679	0.00339	0.00848
103	0.01006	0.00783	0.00914	0.00893	0.01106	0.00691	0.00665	0.01283	0.01963	0.02586	0.36902	0.09848	0.34975	0.01801	0.00919	0.00256	0.00382	0.01550	0.00785	0.00691
104	0.00927	0.00786	0.00801	0.00797	0.01054	0.00659	0.00598	0.01134	0.01794	0.02157	0.11515	0.07359	0.63900	0.01940	0.00916	0.00261	0.00391	0.01622	0.00728	0.00659
105	0.00938	0.00783	0.00820	0.00835	0.01078	0.00665	0.00628	0.01143	0.01766	0.02132	0.09599	0.11405	0.59164	0.01986	0.00927	0.00268	0.00408	0.04073	0.00724	0.00658
106	0.02766	0.14719	0.02493	0.01891	0.02332	0.59083	0.01471	0.02973	0.02099	0.01886	0.01179	0.01374	0.00998	0.00777	0.00667	0.00194	0.01308	0.00486	0.00389	0.00914
107	0.14362	0.29120	0.16526	0.01628	0.02302	0.17469	0.01612	0.04919	0.01765	0.02353	0.01200	0.01386	0.00981	0.00728	0.00600	0.00204	0.00986	0.00478	0.00387	0.00992
108	0.01816	0.01928	0.05586	0.05841	0.34568	0.01864	0.23938	0.02336	0.01743	0.02445	0.01596	0.02298	0.01344	0.00795	0.00942	0.00255	0.05376	0.03830	0.00397	0.01103
109	0.78228	0.01499	0.01140	0.01020	0.01499	0.01739	0.00840	0.02279	0.01320	0.03479	0.01080	0.01260	0.00840	0.00720	0.00480	0.00240	0.00600	0.00420	0.00480	0.00840
110	0.04860	0.39871	0.21956	0.05990	0.05417	0.02489	0.01856	0.02317	0.01570	0.02110	0.01198	0.01457	0.00999	0.00729	0.00694	0.00208	0.04413	0.00501	0.00340	0.01026
111	0.00974	0.00820	0.00849	0.00844	0.01100	0.00714	0.00632	0.01265	0.04589	0.02208	0.11541	0.09709	0.58235	0.01917	0.00914	0.00263	0.00403	0.01610	0.00732	0.00684
112	0.01271	0.00865	0.01104	0.01044	0.01255	0.00817	0.00782	0.01715	0.06145	0.06936	0.50076	0.13361	0.08379	0.01626	0.00907	0.00254	0.00410	0.01434	0.00836	0.00784
113	0.02859	0.02060	0.02227	0.01735	0.02332	0.02271	0.01424	0.54312	0.11018	0.08569	0.02088	0.02031	0.01480	0.00947	0.00777	0.00237	0.00813	0.00724	0.00788	0.01308
114	0.01148	0.00846	0.01080	0.01012	0.01211	0.00805	0.00762	0.01626	0.06142	0.03118	0.63556	0.05614	0.07012	0.01552	0.00907	0.00245	0.00381	0.01370	0.00850	0.00762
115	0.01108	0.00831	0.01246	0.01246	0.01385	0.00969	0.00969	0.01385	0.01246	0.01800	0.02077	0.03046	0.01938	0.05815	0.69678	0.01246	0.02077	0.00831	0.00415	0.00692
116	0.01464	0.01378	0.02326	0.70887	0.05340	0.01723	0.02153	0.01981	0.01550	0.01981	0.01378	0.02067	0.01034	0.00775	0.00775	0.00258	0.01034	0.00689	0.00345	0.00861
117	0.01919	0.01842	0.03147	0.04759	0.67914	0.01842	0.02380	0.02380	0.01765	0.02533	0.01458	0.01919	0.01228	0.00691	0.00768	0.00230	0.00921	0.00691	0.00384	0.01228
118	0.15089	0.01723	0.01791	0.01435	0.01948	0.01885	0.01173	0.36728	0.05108	0.09475	0.01994	0.02041	0.01443	0.00898	0.00688	0.00227	0.00702	0.00670	0.13849	0.01134
119	0.01696	0.01696	0.02375	0.02036	0.02036	0.02375	0.01696	0.01866	0.01187	0.01866	0.01018	0.01696	0.01018	0.01357	0.02545	0.00339	0.71332	0.00679	0.00339	0.00848
120	0.00945	0.00675	0.00900	0.01080	0.01125	0.00630	0.00720	0.01080	0.01484	0.01979	0.04274	0.72245	0.05128	0.02429	0.00990	0.00315	0.00450	0.02204	0.00720	0.00630
121	0.01128	0.00752	0.00846	0.00846	0.00846	0.00752	0.00470	0.01128	0.01128	0.01503	0.02443	0.05074	0.02819	0.72751	0.03946	0.00752	0.00752	0.01128	0.00470	0.00470
122	0.02073	0.73217	0.04063	0.01327	0.01990	0.03068	0.01327	0.02322	0.01575	0.01824	0.01078	0.01244	0.00995	0.00663	0.00498	0.00166	0.00829	0.00415	0.00332	0.00995
123	0.01104	0.00797	0.01046	0.00995	0.01178	0.00739	0.00754	0.01469	0.02177	0.03075	0.64760	0.05920	0.07192	0.01609	0.00921	0.00249	0.00381	0.04056	0.00847	0.00731
124	0.01575	0.03893	0.65175	0.02348	0.06859	0.01803	0.02838	0.02451	0.01644	0.02460	0.01395	0.01652	0.00996	0.00734	0.00738	0.00245	0.01134	0.00579	0.00330	0.01150
125	0.00943	0.00680	0.00895	0.01066	0.01121	0.00631	0.00714	0.01081	0.01497	0.01984	0.04434	0.69342	0.07927	0.02408	0.00986	0.00313	0.00447	0.02179	0.00720	0.00631
126	0.01803	0.01470	0.01675	0.01278	0.01904	0.01290	0.01017	0.04842	0.16361	0.05368	0.01863	0.01948	0.01460	0.00710	0.00638	0.00158	0.00597	0.00575	0.00565	0.54478
127	0.18662	0.03203	0.43629	0.01876	0.02785	0.04476	0.02194	0.07285	0.01764	0.05358	0.01415	0.01600	0.01013	0.00759	0.00683	0.00241	0.00995	0.00554	0.00422	0.01089
128	0.01841	0.01762	0.03006	0.16147	0.57138	0.01822	0.02341	0.02311	0.01728	0.02438	0.01445	0.01945	0.01195	0.00705	0.00769	0.00235	0.00940	0.00691	0.00377	0.01165
129	0.68596	0.01505	0.01310	0.03864	0.04948	0.01720	0.00977	0.02332	0.01386	0.05940	0.01188	0.01377	0.00909	0.00730	0.00517	0.00240	0.00634	0.00458	0.00489	0.00879
130	0.01075	0.00792	0.01005	0.00952	0.01145	0.00722	0.00714	0.01419	0.02141	0.02983	0.60068	0.06000	0.14832	0.01632	0.00915	0.00246	0.00369	0.01431	0.00837	0.00722
131	0.02947	0.02172	0.02327	0.01784	0.02404	0.02404	0.01474	0.65329	0.03646	0.04887	0.01862	0.01862	0.01319	0.00931	0.00776	0.00233	0.00853	0.00698	0.00776	0.01319
132	0.00945	0.00675	0.00900	0.01080	0.01125	0.00630	0.00720	0.01080	0.01484	0.01979	0.04274	0.72245	0.05128	0.02429	0.00990	0.00315	0.00450	0.02204	0.00720	0.00630
133	0.01927	0.01888	0.02957	0.06748	0.58082	0.05947	0.02256	0.02368	0.01785	0.02463	0.01583	0.02263	0.01383	0.00779	0.00780	0.00236	0.00943	0.04043	0.00401	0.01167
134	0.01555	0.04011	0.68733	0.02210	0.03356	0.01801	0.02865	0.02455	0.01637	0.02455	0.01391	0.01637	0.00982	0.00737	0.00737	0.00246	0.01146	0.00573	0.00327	0.01146
135	0.02947	0.02172	0.02327	0.01784	0.02404	0.02404	0.01474	0.65329	0.03646	0.04887	0.01862	0.01862	0.01319	0.00931	0.00776	0.00233	0.00853	0.00698	0.00776	0.01319
136	0.06122	0.05301	0.01926	0.01400	0.01990	0.01393	0.01164	0.07418	0.06183	0.54482	0.02809	0.02479	0.01819	0.00938	0.00753	0.00237	0.00676	0.00747	0.00886	0.01278
137	0.01205	0.00812	0.00909	0.00886	0.00912	0.00822	0.00513	0.03869	0.01235	0.01648	0.02418	0.04937	0.02755	0.69684	0.03811	0.00730	0.00756	0.01109	0.00483	0.00506
138	0.01929	0.01666	0.01753	0.01578	0.02016	0.01929	0.01227	0.04120	0.66513	0.03243	0.03156	0.02893	0.02367	0.01052	0.00789	0.00263	0.00614	0.00877	0.00789	0.01227
139	0.00942	0.00780	0.00825	0.00827	0.01066	0.00663	0.00615	0.01157	0.01808	0.02222	0.15534	0.10757	0.56253	0.01939	0.00920	0.00262	0.00392	0.01636	0.00738	0.00663
140	0.01666	0.01412	0.01639	0.01176	0.01862	0.01093	0.00943	0.04697	0.01696	0.02629	0.01399	0.01619	0.01156	0.00590	0.00583	0.00120	0.00586	0.00470	0.00473	0.74192
141	0.78228	0.01499	0.01140	0.01020	0.01499	0.01739	0.00840	0.02279	0.01320	0.03479	0.01080	0.01260	0.00840	0.00720	0.00480	0.00240	0.00600	0.00420	0.00480	0.00840
142	0.01868	0.01448	0.01834	0.01339	0.01990	0.01197	0.04170	0.04311	0.01734	0.09618	0.01567	0.01754	0.01232	0.00666	0.00708	0.00149	0.03799	0.00534	0.00515	0.59564
143	0.02731	0.01920	0.02184	0.09588	0.02612	0.02116	0.01466	0.48971	0.03161	0.09843	0.01949	0.02014	0.01378	0.00914	0.00762	0.00233	0.00827	0.00705	0.05395	0.01230
144	0.00954	0.00689	0.00905	0.01074	0.01137	0.00641	0.00731	0.01100	0.01512	0.01998	0.04486	0.66047	0.08915	0.02391	0.00988	0.00313	0.00456	0.04310	0.00720	0.00634
145	0.01256	0.00925	0.01136	0.01045	0.01278	0.00886	0.00802	0.07448	0.02269	0.03135	0.52413	0.05709	0.13565	0.01585	0.00907	0.00249	0.00426	0.03363	0.00826	0.00778
146	0.02329	0.01535	0.01806	0.01338	0.01992	0.01352	0.01089	0.15953	0.02186	0.18328	0.01872	0.01901	0.01364	0.00740	0.00665	0.00169	0.00654	0.00585	0.00643	0.43498
147	0.01608	0.01378	0.01608	0.01148	0.01837	0.01034	0.00919	0.01952	0.01608	0.02527	0.01378	0.01608	0.01148	0.00574	0.00574	0.00115	0.00574	0.00459	0.00459	0.77491
148	0.01090	0.00792	0.01027	0.00968	0.01154	0.00729	0.00726	0.01449	0.02178	0.03069	0.65150	0.05858	0.09696	0.01600	0.00915	0.00245	0.00367	0.01411	0.00848	0.00729
149	0.01795	0.02244	0.10427	0.03084	0.03847	0.01974	0.54884	0.02438	0.01768	0.02438	0.01514	0.02022	0.01147	0.00710	0.01011	0.00265	0.06140	0.00867	0.00382	0.01041
150	0.01929	0.01666	0.01753	0.01578	0.02016	0.01929	0.01227	0.04120	0.66513	0.03243	0.03156	0.02893	0.02367	0.01052	0.00789	0.00263	0.00614	0.00877	0.00789	0.01227
151	0.01608	0.01378	0.01608	0.01148	0.01837	0.01034	0.00919	0.01952	0.01608	0.02527	0.01378	0.01608	0.01148	0.00574	0.00574	0.00115	0.00574	0.00459	0.00459	0.77491
152	0.00931	0.00779	0.00811	0.00817	0.01060	0.00659	0.00608	0.01137	0.01782	0.02162	0.12025	0.11290	0.59353	0.01964	0.00921	0.00264	0.00394	0.01654	0.00730	0.00659
153	0.78228	0.01499	0.01140	0.01020	0.01499	0.01739	0.00840	0.02279	0.01320	0.03479	0.01080	0.01260	0.00840	0.00720	0.00480	0.00240	0.00600	0.00420	0.00480	0.00840
154	0.01963	0.01925	0.03105	0.04635	0.64978	0.04880	0.02340	0.02412	0.01785	0.02505	0.01447	0.01896	0.01218	0.00696	0.00765	0.00229	0.00943	0.00682	0.00385	0.01213
155	0.01079	0.00778	0.01020	0.00988	0.01154	0.00719	0.00730	0.01416	0.02108	0.02971	0.59768	0.13923	0.07048	0.01688	0.00924	0.00253	0.00376	0.01500	0.00837	0.00719
156	0.74878	0.01491	0.01169	0.01036	0.01521	0.01713	0.00853	0.02346	0.01360	0.06390	0.01168	0.01321	0.00888	0.00730	0.00493	0.00240	0.00602	0.00436	0.00501	0.00861
157	0.00945	0.00675	0.00900	0.01080	0.01125	0.00630	0.00720	0.01080	0.01484	0.01979	0.04274	0.72245	0.05128	0.02429	0.00990	0.00315	0.00450	0.02204	0.00720	0.00630
158	0.74272	0.01490	0.01175	0.01039	0.01525	0.01708	0.00856	0.02359	0.01367	0.06917	0.01184	0.01333	0.00897	0.00732	0.00496	0.00240	0.00603	0.00439	0.00505	0.00865
159	0.00974	0.00788	0.00866	0.00846	0.01083	0.00679	0.00635	0.01225	0.01904	0.02419	0.26955	0.06927	0.48297	0.01842	0.00916	0.00256	0.00384	0.01561	0.00763	0.00679
160	0.01445	0.00723	0.00723	0.00723	0.00903	0.00723	0.00542	0.01807	0.01626	0.02891	0.02529	0.02891	0.01987	0.00903	0.00542	0.00181	0.00361	0.00723	0.77055	0.00723
161	0.01108	0.00831	0.01246	0.01246	0.01385	0.00969	0.00969	0.01385	0.01246	0.01800	0.02077	0.03046	0.01938	0.05815	0.69678	0.01246	0.02077	0.00831	0.00415	0.00692
162	0.02073	0.73217	0.04063	0.01327	0.01990	0.03068	0.01327	0.02322	0.01575	0.01824	0.01078	0.01244	0.00995	0.00663	0.00498	0.00166	0.00829	0.00415	0.00332	0.00995
163	0.00945	0.00675	0.00900	0.01080	0.01125	0.00630	0.00720	0.01080	0.01484	0.01979	0.04274	0.72245	0.05128	0.02429	0.00990	0.00315	0.00450	0.02204	0.00720	0.00630
164	0.01464	0.01378	0.02326	0.70887	0.05340	0.01723	0.02153	0.01981	0.01550	0.01981	0.01378	0.02067	0.01034	0.00775	0.00775	0.00258	0.01034	0.00689	0.00345	0.00861
165	0.01128	0.00752	0.00846	0.00846	0.00846	0.00752	0.00470	0.01128	0.01128	0.01503	0.02443	0.05074	0.02819	0.72751	0.03946	0.00752	0.00752	0.01128	0.00470	0.00470
166	0.01608	0.01378	0.01608	0.01148	0.01837	0.01034	0.00919	0.01952	0.01608	0.02527	0.01378	0.01608	0.01148	0.00574	0.00574	0.00115	0.00574	0.00459	0.00459	0.77491
167	0.01573	0.06375	0.66524	0.02180	0.03309	0.01844	0.02812	0.02451	0.01635	0.02434	0.01381	0.01624	0.00983	0.00734	0.00728	0.00243	0.01135	0.00568	0.00328	0.01141
168	0.01018	0.00747	0.00984	0.01115	0.01157	0.00747	0.00761	0.01147	0.01437	0.01928	0.03871	0.57871	0.04603	0.10966	0.01437	0.00371	0.04247	0.04299	0.00669	0.00625
169	0.02947	0.02172	0.02327	0.01784	0.02404	0.02404	0.01474	0.65329	0.03646	0.04887	0.01862	0.01862	0.01319	0.00931	0.00776	0.00233	0.00853	0.00698	0.00776	0.01319
170	0.01205	0.00824	0.01054	0.01137	0.01258	0.00794	0.00795	0.06196	0.01736	0.04737	0.09091	0.58917	0.04889	0.02191	0.00959	0.00300	0.00482	0.01971	0.00744	0.00717
171	0.03479	0.01320	0.01799	0.01380	0.01979	0.01140	0.01140	0.03779	0.02219	0.68451	0.03059	0.02639	0.01919	0.00960	0.00780	0.00240	0.00660	0.00780	0.00960	0.01320
172	0.00945	0.00675	0.00900	0.01080	0.01125	0.00630	0.00720	0.01080	0.01484	0.01979	0.04274	0.72245	0.05128	0.02429	0.00990	0.00315	0.00450	0.02204	0.00720	0.00630
173	0.01680	0.01824	0.03842	0.05540	0.03589	0.01728	0.50894	0.02264	0.01837	0.02495	0.08314	0.06151	0.02086	0.00889	0.00918	0.00265	0.01141	0.03106	0.00463	0.00976
174	0.01532	0.01447	0.02448	0.61003	0.14694	0.01741	0.02187	0.02041	0.01583	0.02064	0.01390	0.02045	0.01063	0.00763	0.00774	0.00254	0.01017	0.00689	0.00350	0.00916
175	0.01948	0.04980	0.03086	0.02469	0.06655	0.02264	0.18920	0.11489	0.01778	0.02520	0.01322	0.01822	0.01117	0.01032	0.01643	0.00288	0.34509	0.00735	0.00421	0.01001

[dist]
# distance from previous block
# <min> <max>
0	1

[block]
# block no. 1 follows, 25 sequences, length 68
# corresponding to MSA columns:
# 268-317,333,342-358
name=unknown_B
#
# <colnr> <probs for GDERKNQSTAVLIFYWHMCP>
#	G	D	E	R	K	N	Q	S	T	A	V	L	I	F	Y	W	H	M	C	P
0	0.78228	0.01499	0.01140	0.01020	0.01499	0.01739	0.00840	0.02279	0.01320	0.03479	0.01080	0.01260	0.00840	0.00720	0.00480	0.00240	0.00600	0.00420	0.00480	0.00840
1	0.03479	0.01320	0.01799	0.01380	0.01979	0.01140	0.01140	0.03779	0.02219	0.68451	0.03059	0.02639	0.01919	0.00960	0.00780	0.00240	0.00660	0.00780	0.00960	0.01320
2	0.01686	0.19666	0.51053	0.02058	0.03077	0.02096	0.05394	0.02426	0.01632	0.02313	0.01328	0.01569	0.00994	0.00716	0.00690	0.00228	0.01081	0.00553	0.00331	0.01107
3	0.00916	0.00785	0.00785	0.00785	0.01047	0.00655	0.00589	0.01113	0.01767	0.02095	0.07855	0.07462	0.67599	0.01964	0.00916	0.00262	0.00393	0.01636	0.00720	0.00655
4	0.00945	0.00675	0.00900	0.01080	0.01125	0.00630	0.00720	0.01080	0.01484	0.01979	0.04274	0.72245	0.05128	0.02429	0.00990	0.00315	0.00450	0.02204	0.00720	0.00630
5	0.01929	0.01666	0.01753	0.01578	0.02016	0.01929	0.01227	0.04120	0.66513	0.03243	0.03156	0.02893	0.02367	0.01052	0.00789	0.00263	0.00614	0.00877	0.00789	0.01227
6	0.01109	0.00826	0.01223	0.01223	0.01354	0.00957	0.00940	0.01370	0.01239	0.01783	0.02098	0.03163	0.01989	0.09668	0.65895	0.01218	0.02001	0.00848	0.00419	0.00679
7	0.01608	0.01378	0.01608	0.01148	0.01837	0.01034	0.00919	0.01952	0.01608	0.02527	0.01378	0.01608	0.01148	0.00574	0.00574	0.00115	0.00574	0.00459	0.00459	0.77491
8	0.02947	0.02172	0.02327	0.01784	0.02404	0.02404	0.01474	0.65329	0.03646	0.04887	0.01862	0.01862	0.01319	0.00931	0.00776	0.00233	0.00853	0.00698	0.00776	0.01319
9	0.03479	0.01320	0.01799	0.01380	0.01979	0.01140	0.01140	0.03779	0.02219	0.68451	0.03059	0.02639	0.01919	0.00960	0.00780	0.00240	0.00660	0.00780	0.00960	0.01320
10	0.01128	0.00752	0.00846	0.00846	0.00846	0.00752	0.00470	0.01128	0.01128	0.01503	0.02443	0.05074	0.02819	0.72751	0.03946	0.00752	0.00752	0.01128	0.00470	0.00470
11	0.01929	0.01666	0.01753	0.01578	0.02016	0.01929	0.01227	0.04120	0.66513	0.03243	0.03156	0.02893	0.02367	0.01052	0.00789	0.00263	0.00614	0.00877	0.00789	0.01227
12	0.01091	0.00788	0.01031	0.00980	0.01157	0.00727	0.00731	0.01447	0.02166	0.03063	0.64917	0.08512	0.07226	0.01620	0.00918	0.00247	0.00369	0.01435	0.00848	0.00727
13	0.03289	0.01317	0.01764	0.01374	0.01947	0.01168	0.01127	0.03700	0.05919	0.61925	0.05799	0.02787	0.02174	0.00992	0.00786	0.00241	0.00645	0.00812	0.00945	0.01289
14	0.01929	0.01666	0.01753	0.01578	0.02016	0.01929	0.01227	0.04120	0.66513	0.03243	0.03156	0.02893	0.02367	0.01052	0.00789	0.00263	0.00614	0.00877	0.00789	0.01227
15	0.78228	0.01499	0.01140	0.01020	0.01499	0.01739	0.00840	0.02279	0.01320	0.03479	0.01080	0.01260	0.00840	0.00720	0.00480	0.00240	0.00600	0.00420	0.00480	0.00840
16	0.02931	0.01377	0.01780	0.04622	0.02107	0.01327	0.01188	0.03671	0.16699	0.47793	0.05828	0.02808	0.02216	0.00999	0.00788	0.00246	0.00654	0.00825	0.00888	0.01252
17	0.03479	0.01320	0.01799	0.01380	0.01979	0.01140	0.01140	0.03779	0.02219	0.68451	0.03059	0.02639	0.01919	0.00960	0.00780	0.00240	0.00660	0.00780	0.00960	0.01320
18	0.01696	0.01696	0.02375	0.02036	0.02036	0.02375	0.01696	0.01866	0.01187	0.01866	0.01018	0.01696	0.01018	0.01357	0.02545	0.00339	0.71332	0.00679	0.00339	0.00848
19	0.01347	0.00673	0.01010	0.01010	0.01010	0.00673	0.00673	0.01010	0.01010	0.01347	0.01347	0.02357	0.01347	0.02694	0.03030	0.77441	0.00673	0.00673	0.00337	0.00337
20	0.01555	0.04011	0.68733	0.02210	0.03356	0.01801	0.02865	0.02455	0.01637	0.02455	0.01391	0.01637	0.00982	0.00737	0.00737	0.00246	0.01146	0.00573	0.00327	0.01146
21	0.01090	0.00792	0.01026	0.00968	0.01154	0.00729	0.00726	0.01449	0.02178	0.03069	0.65123	0.05859	0.09724	0.01600	0.00915	0.00245	0.00367	0.01412	0.00848	0.00729
22	0.00945	0.00675	0.00900	0.01080	0.01125	0.00630	0.00720	0.01080	0.01484	0.01979	0.04274	0.72245	0.05128	0.02429	0.00990	0.00315	0.00450	0.02204	0.00720	0.00630
23	0.00945	0.00675	0.00900	0.01080	0.01125	0.00630	0.00720	0.01080	0.01484	0.01979	0.04274	0.72245	0.05128	0.02429	0.00990	0.00315	0.00450	0.02204	0.00720	0.00630
24	0.01464	0.01378	0.02326	0.70887	0.05340	0.01723	0.02153	0.01981	0.01550	0.01981	0.01378	0.02067	0.01034	0.00775	0.00775	0.00258	0.01034	0.00689	0.00345	0.00861
25	0.03479	0.01320	0.01799	0.01380	0.01979	0.01140	0.01140	0.03779	0.02219	0.68451	0.03059	0.02639	0.01919	0.00960	0.00780	0.00240	0.00660	0.00780	0.00960	0.01320
26	0.01464	0.01378	0.02326	0.70887	0.05340	0.01723	0.02153	0.01981	0.01550	0.01981	0.01378	0.02067	0.01034	0.00775	0.00775	0.00258	0.01034	0.00689	0.00345	0.00861
27	0.03479	0.01320	0.01799	0.01380	0.01979	0.01140	0.01140	0.03779	0.02219	0.68451	0.03059	0.02639	0.01919	0.00960	0.00780	0.00240	0.00660	0.00780	0.00960	0.01320
28	0.00940	0.00786	0.00818	0.00810	0.01062	0.00664	0.00607	0.01158	0.01822	0.02225	0.15509	0.07248	0.59863	0.01915	0.00916	0.00260	0.00389	0.01606	0.00737	0.00664
29	0.01555	0.04011	0.68733	0.02210	0.03356	0.01801	0.02865	0.02455	0.01637	0.02455	0.01391	0.01637	0.00982	0.00737	0.00737	0.00246	0.01146	0.00573	0.00327	0.01146
30	0.02071	0.01897	0.01823	0.01630	0.02072	0.08978	0.01266	0.06539	0.57243	0.03172	0.02899	0.02695	0.02182	0.01021	0.00779	0.00255	0.00705	0.00830	0.00748	0.01197
31	0.01830	0.02092	0.04575	0.03268	0.04052	0.01961	0.65098	0.02484	0.01830	0.02484	0.01569	0.02092	0.01176	0.00654	0.00915	0.00261	0.01307	0.00915	0.00392	0.01046
32	0.01445	0.00723	0.00723	0.00723	0.00903	0.00723	0.00542	0.01807	0.01626	0.02891	0.02529	0.02891	0.01987	0.00903	0.00542	0.00181	0.00361	0.00723	0.77055	0.00723
33	0.01124	0.00767	0.00922	0.00922	0.00948	0.00793	0.00565	0.01176	0.01150	0.01560	0.02374	0.04689	0.02652	0.60058	0.16411	0.00845	0.01003	0.01071	0.00459	0.00512
34	0.01097	0.00793	0.01036	0.00975	0.01158	0.00732	0.00732	0.01463	0.02195	0.03109	0.67505	0.05792	0.07316	0.01585	0.00914	0.00244	0.00366	0.01402	0.00854	0.00732
35	0.00964	0.00687	0.00908	0.01063	0.01117	0.00642	0.00711	0.01112	0.01527	0.02050	0.09195	0.64452	0.05213	0.05029	0.01096	0.00326	0.00455	0.02100	0.00721	0.00632
36	0.03479	0.01320	0.01799	0.01380	0.01979	0.01140	0.01140	0.03779	0.02219	0.68451	0.03059	0.02639	0.01919	0.00960	0.00780	0.00240	0.00660	0.00780	0.00960	0.01320
37	0.03479	0.01320	0.01799	0.01380	0.01979	0.01140	0.01140	0.03779	0.02219	0.68451	0.03059	0.02639	0.01919	0.00960	0.00780	0.00240	0.00660	0.00780	0.00960	0.01320
38	0.03479	0.01320	0.01799	0.01380	0.01979	0.01140	0.01140	0.03779	0.02219	0.68451	0.03059	0.02639	0.01919	0.00960	0.00780	0.00240	0.00660	0.00780	0.00960	0.01320
39	0.01830	0.02092	0.04575	0.03268	0.04052	0.01961	0.65098	0.02484	0.01830	0.02484	0.01569	0.02092	0.01176	0.00654	0.00915	0.00261	0.01307	0.00915	0.00392	0.01046
40	0.01097	0.00793	0.01036	0.00975	0.01158	0.00732	0.00732	0.01463	0.02195	0.03109	0.67505	0.05792	0.07316	0.01585	0.00914	0.00244	0.00366	0.01402	0.00854	0.00732
41	0.78228	0.01499	0.01140	0.01020	0.01499	0.01739	0.00840	0.02279	0.01320	0.03479	0.01080	0.01260	0.00840	0.00720	0.00480	0.00240	0.00600	0.00420	0.00480	0.00840
42	0.01974	0.01466	0.02233	0.32191	0.03595	0.01558	0.07152	0.09091	0.01944	0.12955	0.04711	0.02278	0.01547	0.00826	0.00761	0.00232	0.00867	0.00729	0.03398	0.10492
43	0.01696	0.01696	0.02375	0.02036	0.02036	0.02375	0.01696	0.01866	0.01187	0.01866	0.01018	0.01696	0.01018	0.01357	0.02545	0.00339	0.71332	0.00679	0.00339	0.00848
44	0.01696	0.01696	0.02375	0.02036	0.02036	0.02375	0.01696	0.01866	0.01187	0.01866	0.01018	0.01696	0.01018	0.01357	0.02545	0.00339	0.71332	0.00679	0.00339	0.00848
45	0.02312	0.15730	0.28486	0.01817	0.02630	0.01885	0.04740	0.05384	0.01878	0.22548	0.01856	0.01902	0.01294	0.00817	0.00778	0.00233	0.03373	0.00631	0.00543	0.01163
46	0.01866	0.01780	0.02991	0.12405	0.57755	0.01832	0.02304	0.02407	0.04487	0.02498	0.01521	0.01978	0.01254	0.00716	0.00769	0.00235	0.00921	0.00699	0.00396	0.01185
47	0.01464	0.01378	0.02326	0.70887	0.05340	0.01723	0.02153	0.01981	0.01550	0.01981	0.01378	0.02067	0.01034	0.00775	0.00775	0.00258	0.01034	0.00689	0.00345	0.00861
48	0.02925	0.01939	0.02154	0.01669	0.02260	0.02086	0.01372	0.48905	0.06030	0.16292	0.04817	0.02208	0.01718	0.00968	0.00783	0.00236	0.00788	0.00749	0.00813	0.01291
49	0.02947	0.02172	0.02327	0.01784	0.02404	0.02404	0.01474	0.65329	0.03646	0.04887	0.01862	0.01862	0.01319	0.00931	0.00776	0.00233	0.00853	0.00698	0.00776	0.01319
50	0.01110	0.00823	0.01205	0.01205	0.01329	0.00947	0.00918	0.01358	0.01234	0.01769	0.02115	0.03255	0.02029	0.12716	0.62902	0.01195	0.01940	0.00861	0.00421	0.00669
51	0.78228	0.01499	0.01140	0.01020	0.01499	0.01739	0.00840	0.02279	0.01320	0.03479	0.01080	0.01260	0.00840	0.00720	0.00480	0.00240	0.00600	0.00420	0.00480	0.00840
52	0.01696	0.01696	0.02375	0.02036	0.02036	0.02375	0.01696	0.01866	0.01187	0.01866	0.01018	0.01696	0.01018	0.01357	0.02545	0.00339	0.71332	0.00679	0.00339	0.00848
53	0.03176	0.01460	0.01844	0.01451	0.02027	0.01392	0.01187	0.09915	0.12732	0.51651	0.02956	0.02603	0.01932	0.00972	0.00781	0.00243	0.00671	0.00787	0.00914	0.01305
54	0.00951	0.00680	0.00906	0.01075	0.01126	0.00634	0.00720	0.01096	0.01516	0.02029	0.07046	0.69331	0.05224	0.02392	0.00986	0.00312	0.00446	0.02169	0.00726	0.00634
55	0.03286	0.01277	0.01738	0.01347	0.01913	0.01107	0.01107	0.03591	0.02217	0.63156	0.08281	0.02895	0.02357	0.01010	0.00791	0.00240	0.00636	0.00830	0.00951	0.01272
56	0.01088	0.00785	0.01028	0.00982	0.01156	0.00725	0.00731	0.01440	0.02152	0.03041	0.63705	0.09786	0.07184	0.01636	0.00919	0.00248	0.00371	0.01450	0.00845	0.00725
57	0.06650	0.68907	0.03887	0.01308	0.01961	0.02988	0.01297	0.02319	0.01560	0.01924	0.01078	0.01245	0.00986	0.00667	0.00496	0.00170	0.00815	0.00415	0.00341	0.00986
58	0.01608	0.01378	0.01608	0.01148	0.01837	0.01034	0.00919	0.01952	0.01608	0.02527	0.01378	0.01608	0.01148	0.00574	0.00574	0.00115	0.00574	0.00459	0.00459	0.77491
59	0.01347	0.00673	0.01010	0.01010	0.01010	0.00673	0.00673	0.01010	0.01010	0.01347	0.01347	0.02357	0.01347	0.02694	0.03030	0.77441	0.00673	0.00673	0.00337	0.00337
60	0.78228	0.01499	0.01140	0.01020	0.01499	0.01739	0.00840	0.02279	0.01320	0.03479	0.01080	0.01260	0.00840	0.00720	0.00480	0.00240	0.00600	0.00420	0.00480	0.00840
61	0.01575	0.11564	0.41419	0.01811	0.02648	0.01774	0.02116	0.02439	0.08713	0.02582	0.13523	0.02477	0.02280	0.00915	0.00746	0.00237	0.00909	0.00737	0.00473	0.01061
62	0.01097	0.00793	0.01036	0.00975	0.01158	0.00732	0.00732	0.01463	0.02195	0.03109	0.67505	0.05792	0.07316	0.01585	0.00914	0.00244	0.00366	0.01402	0.00854	0.00732
63	0.01212	0.00812	0.01073	0.01165	0.01305	0.00778	0.00864	0.01521	0.04488	0.06098	0.13991	0.43382	0.05045	0.02102	0.00972	0.00305	0.00504	0.12901	0.00756	0.00726
64	0.60828	0.01500	0.01319	0.01124	0.01632	0.01663	0.00926	0.05709	0.01600	0.15397	0.01480	0.01541	0.01061	0.00774	0.00549	0.00240	0.00623	0.00499	0.00582	0.00951
