[name]
unknown

[dist]
# distance from previous block
# <min> <max>
0	99

[block]
# block no. 0 follows, 24 sequences, length 17
# corresponding to MSA columns:
# 99-115
name=unknown_A
#
# <colnr> <probs for GDERKNQSTAVLIFYWHMCP>
#	G	D	E	R	K	N	Q	S	T	A	V	L	I	F	Y	W	H	M	C	P
0	0.01278	0.00913	0.01278	0.01460	0.01643	0.00913	0.01278	0.01643	0.01825	0.02373	0.04199	0.08945	0.04564	0.02191	0.01095	0.00365	0.00730	0.61847	0.00730	0.00730
1	0.01644	0.01409	0.01644	0.01175	0.01879	0.01057	0.00940	0.01997	0.01644	0.02584	0.01409	0.01644	0.01175	0.00587	0.00587	0.00117	0.00587	0.00470	0.00470	0.76979
2	0.03014	0.02221	0.02380	0.01825	0.02459	0.02459	0.01507	0.64541	0.03728	0.04998	0.01904	0.01904	0.01349	0.00952	0.00793	0.00238	0.00873	0.00714	0.00793	0.01349
3	0.01644	0.01409	0.01644	0.01175	0.01879	0.01057	0.00940	0.01997	0.01644	0.02584	0.01409	0.01644	0.01175	0.00587	0.00587	0.00117	0.00587	0.00470	0.00470	0.76979
4	0.01200	0.00855	0.00923	0.00877	0.01170	0.00723	0.00668	0.01425	0.01888	0.08410	0.12493	0.07024	0.55772	0.01879	0.00924	0.00264	0.00425	0.01571	0.00771	0.00740
5	0.01644	0.01409	0.01644	0.01175	0.01879	0.01057	0.00940	0.01997	0.01644	0.02584	0.01409	0.01644	0.01175	0.00587	0.00587	0.00117	0.00587	0.00470	0.00470	0.76979
6	0.01467	0.04638	0.01528	0.01176	0.01551	0.01007	0.03656	0.01818	0.02016	0.07471	0.36094	0.07230	0.09212	0.01337	0.00836	0.00223	0.00511	0.01169	0.00736	0.16323
7	0.02279	0.01789	0.01916	0.01645	0.02141	0.02026	0.01302	0.16592	0.49316	0.07406	0.02950	0.02727	0.02174	0.01045	0.00804	0.00261	0.00681	0.00853	0.00814	0.01280
8	0.01498	0.01409	0.02378	0.70226	0.05462	0.01762	0.02202	0.02026	0.01586	0.02026	0.01409	0.02114	0.01057	0.00793	0.00793	0.00264	0.01057	0.00705	0.00352	0.00881
9	0.00984	0.00698	0.00915	0.01082	0.01123	0.00656	0.00712	0.01109	0.01484	0.01978	0.04194	0.65355	0.05022	0.09047	0.01297	0.00364	0.00489	0.02151	0.00712	0.00629
10	0.00966	0.00690	0.00920	0.01104	0.01150	0.00644	0.00736	0.01104	0.01518	0.02024	0.04371	0.71614	0.05245	0.02484	0.01012	0.00322	0.00460	0.02254	0.00736	0.00644
11	0.01727	0.01427	0.01738	0.04716	0.02078	0.01182	0.01062	0.02075	0.01642	0.05382	0.01462	0.01720	0.01195	0.00664	0.00731	0.00145	0.04945	0.00510	0.00479	0.65118
12	0.02016	0.01968	0.02857	0.20718	0.41020	0.08214	0.02224	0.06851	0.01930	0.02561	0.01476	0.01946	0.01191	0.00756	0.00781	0.00240	0.01012	0.00688	0.00413	0.01137
13	0.12061	0.49518	0.07866	0.01469	0.02092	0.06644	0.01435	0.02391	0.01590	0.02140	0.01127	0.01344	0.00998	0.00750	0.00685	0.00200	0.05877	0.00460	0.00363	0.00991
14	0.01045	0.00765	0.00882	0.00918	0.01025	0.00709	0.00604	0.01175	0.01543	0.02003	0.11574	0.21447	0.22031	0.28305	0.02114	0.00466	0.00550	0.01588	0.00656	0.00602
15	0.21929	0.01009	0.01117	0.01084	0.01302	0.01140	0.00822	0.01669	0.01319	0.02382	0.01961	0.02944	0.01832	0.14857	0.32037	0.00790	0.01294	0.00773	0.09024	0.00715
16	0.01601	0.01233	0.01483	0.01167	0.01709	0.00966	0.00904	0.01908	0.01683	0.06520	0.04921	0.16219	0.02327	0.01044	0.00702	0.00173	0.00557	0.00897	0.00573	0.53413

[dist]
# distance from previous block
# <min> <max>
0	2

[block]
# block no. 1 follows, 24 sequences, length 9
# corresponding to MSA columns:
# 118-126
name=unknown_B
#
# <colnr> <probs for GDERKNQSTAVLIFYWHMCP>
#	G	D	E	R	K	N	Q	S	T	A	V	L	I	F	Y	W	H	M	C	P
0	0.06467	0.45913	0.12106	0.06540	0.06209	0.02596	0.01647	0.02460	0.01654	0.06148	0.01314	0.01513	0.01081	0.00720	0.00594	0.00200	0.00887	0.00505	0.00391	0.01053
1	0.05862	0.00924	0.01040	0.01059	0.01235	0.00928	0.00746	0.01656	0.09967	0.02391	0.13421	0.26480	0.14910	0.14046	0.01453	0.00368	0.00522	0.01557	0.00706	0.00728
2	0.62510	0.01694	0.04606	0.01190	0.01727	0.01794	0.01030	0.05662	0.04725	0.06957	0.01373	0.01496	0.01026	0.00778	0.00551	0.00246	0.00658	0.00494	0.00540	0.00945
3	0.02443	0.01389	0.01667	0.01386	0.01882	0.01366	0.01103	0.03433	0.24397	0.29434	0.10648	0.03325	0.05897	0.01109	0.00807	0.00245	0.00603	0.00924	0.00856	0.07087
4	0.01414	0.00733	0.00762	0.00785	0.00952	0.00727	0.00577	0.01755	0.01645	0.02840	0.02809	0.11502	0.02432	0.01118	0.00611	0.00202	0.00381	0.00928	0.67099	0.00727
5	0.03014	0.02221	0.02380	0.01825	0.02459	0.02459	0.01507	0.64541	0.03728	0.04998	0.01904	0.01904	0.01349	0.00952	0.00793	0.00238	0.00873	0.00714	0.00793	0.01349
6	0.03014	0.02221	0.02380	0.01825	0.02459	0.02459	0.01507	0.64541	0.03728	0.04998	0.01904	0.01904	0.01349	0.00952	0.00793	0.00238	0.00873	0.00714	0.00793	0.01349
7	0.01644	0.01409	0.01644	0.01175	0.01879	0.01057	0.00940	0.01997	0.01644	0.02584	0.01409	0.01644	0.01175	0.00587	0.00587	0.00117	0.00587	0.00470	0.00470	0.76979
8	0.00966	0.00690	0.00920	0.01104	0.01150	0.00644	0.00736	0.01104	0.01518	0.02024	0.04371	0.71614	0.05245	0.02484	0.01012	0.00322	0.00460	0.02254	0.00736	0.00644

[dist]
# distance from previous block
# <min> <max>
7	19

[block]
# block no. 2 follows, 24 sequences, length 45
# corresponding to MSA columns:
# 146-190
name=unknown_C
#
# <colnr> <probs for GDERKNQSTAVLIFYWHMCP>
#	G	D	E	R	K	N	Q	S	T	A	V	L	I	F	Y	W	H	M	C	P
0	0.11178	0.01733	0.02774	0.19306	0.45028	0.01843	0.02187	0.02328	0.01699	0.02581	0.01425	0.01914	0.01162	0.00730	0.00751	0.00243	0.00928	0.00672	0.00395	0.01122
1	0.01524	0.01086	0.01269	0.05238	0.01609	0.04907	0.00925	0.01911	0.04178	0.09561	0.35724	0.14544	0.07558	0.01545	0.00887	0.00256	0.00530	0.01346	0.04574	0.00827
2	0.07698	0.01344	0.01662	0.01340	0.01852	0.01281	0.01079	0.05757	0.09425	0.43757	0.05836	0.02898	0.02227	0.04579	0.00934	0.00271	0.00646	0.00826	0.05388	0.01200
3	0.02330	0.01905	0.02240	0.04666	0.02408	0.04226	0.05085	0.31239	0.09966	0.03643	0.02039	0.06166	0.01655	0.01057	0.01006	0.00251	0.09182	0.00815	0.04157	0.05965
4	0.01548	0.01461	0.02470	0.63100	0.12191	0.01775	0.02227	0.02071	0.01610	0.02088	0.01418	0.02098	0.01079	0.00783	0.00792	0.00261	0.01045	0.00705	0.00357	0.00922
5	0.01205	0.00885	0.01110	0.01153	0.01300	0.00855	0.00813	0.04462	0.01627	0.02268	0.03646	0.51817	0.04197	0.04467	0.01094	0.00305	0.03178	0.01805	0.05503	0.08309
6	0.01384	0.00692	0.01014	0.01014	0.01026	0.00692	0.00680	0.01085	0.01073	0.01478	0.01454	0.02445	0.01419	0.02639	0.02938	0.72054	0.00668	0.00692	0.05184	0.00369
7	0.03042	0.02177	0.02353	0.01804	0.02437	0.02394	0.01490	0.61490	0.03655	0.08152	0.01965	0.01944	0.01379	0.00953	0.00793	0.00238	0.00863	0.00718	0.00803	0.01349
8	0.02844	0.02050	0.02206	0.01724	0.02314	0.02261	0.01414	0.52704	0.09529	0.07109	0.02119	0.02098	0.01516	0.00963	0.00781	0.00238	0.00812	0.00736	0.05280	0.01304
9	0.01342	0.00918	0.01158	0.01068	0.01291	0.00882	0.00800	0.01853	0.07781	0.06866	0.53353	0.05426	0.06420	0.06014	0.01113	0.00284	0.00439	0.01332	0.00849	0.00811
10	0.00974	0.00805	0.00855	0.00842	0.01094	0.00685	0.00632	0.01210	0.01895	0.02350	0.19821	0.07289	0.54945	0.01931	0.00937	0.00264	0.00396	0.01626	0.00764	0.00685
11	0.01675	0.04697	0.02597	0.02075	0.02293	0.05317	0.13236	0.01949	0.01457	0.02039	0.01749	0.12569	0.01783	0.01706	0.06867	0.00383	0.35343	0.00969	0.00425	0.00868
12	0.01377	0.00689	0.01033	0.01033	0.01033	0.00689	0.00689	0.01033	0.01033	0.01377	0.01377	0.02410	0.01377	0.02755	0.03099	0.76928	0.00689	0.00689	0.00344	0.00344
13	0.01839	0.10660	0.13875	0.17822	0.28907	0.04605	0.02213	0.02354	0.01721	0.02342	0.01400	0.01824	0.01128	0.00727	0.00734	0.00228	0.00992	0.00630	0.00373	0.05624
14	0.01703	0.03331	0.43473	0.02748	0.06592	0.01899	0.23821	0.02518	0.01747	0.02525	0.01488	0.01846	0.01084	0.00722	0.00817	0.00256	0.01218	0.00711	0.00360	0.01141
15	0.00966	0.00690	0.00920	0.01104	0.01150	0.00644	0.00736	0.01104	0.01518	0.02024	0.04371	0.71614	0.05245	0.02484	0.01012	0.00322	0.00460	0.02254	0.00736	0.00644
16	0.01589	0.01539	0.02673	0.47022	0.04576	0.01845	0.11872	0.02083	0.01583	0.02134	0.01444	0.02104	0.01123	0.00862	0.01055	0.00273	0.10707	0.00741	0.03873	0.00902
17	0.05638	0.05148	0.05919	0.01598	0.02146	0.01932	0.01369	0.29855	0.06384	0.10632	0.02098	0.06139	0.01655	0.01076	0.00922	0.02729	0.04257	0.00776	0.03748	0.05978
18	0.01173	0.00794	0.01055	0.01098	0.01246	0.00738	0.00807	0.01450	0.01920	0.05286	0.33848	0.32166	0.06110	0.01988	0.00974	0.00288	0.00452	0.07065	0.00810	0.00730
19	0.06198	0.02657	0.28282	0.02486	0.06382	0.01791	0.22121	0.02362	0.01739	0.02623	0.06329	0.02196	0.01604	0.00833	0.00911	0.00257	0.05191	0.00772	0.04211	0.01054
20	0.01812	0.01383	0.01643	0.01191	0.01869	0.01057	0.00955	0.02160	0.01726	0.08920	0.03866	0.01896	0.01472	0.00662	0.00620	0.00134	0.00588	0.00535	0.00534	0.66978
21	0.01124	0.00815	0.00982	0.00953	0.01170	0.00724	0.00710	0.01412	0.02019	0.04903	0.37612	0.12902	0.28125	0.01822	0.00939	0.00263	0.00403	0.01578	0.00815	0.00731
22	0.77733	0.01534	0.01166	0.01043	0.01534	0.01779	0.00859	0.02331	0.01350	0.03558	0.01104	0.01288	0.00859	0.00736	0.00491	0.00245	0.00613	0.00429	0.00491	0.00859
23	0.02925	0.02134	0.02284	0.01761	0.02369	0.02358	0.01451	0.60872	0.03608	0.04878	0.01944	0.01965	0.01389	0.00950	0.00779	0.00235	0.00843	0.00715	0.05226	0.01313
24	0.77733	0.01534	0.01166	0.01043	0.01534	0.01779	0.00859	0.02331	0.01350	0.03558	0.01104	0.01288	0.00859	0.00736	0.00491	0.00245	0.00613	0.00429	0.00491	0.00859
25	0.77733	0.01534	0.01166	0.01043	0.01534	0.01779	0.00859	0.02331	0.01350	0.03558	0.01104	0.01288	0.00859	0.00736	0.00491	0.00245	0.00613	0.00429	0.00491	0.00859
26	0.01153	0.00769	0.00865	0.00865	0.00865	0.00769	0.00480	0.01153	0.01153	0.01538	0.02499	0.05189	0.02883	0.72131	0.04036	0.00769	0.00769	0.01153	0.00480	0.00480
27	0.77733	0.01534	0.01166	0.01043	0.01534	0.01779	0.00859	0.02331	0.01350	0.03558	0.01104	0.01288	0.00859	0.00736	0.00491	0.00245	0.00613	0.00429	0.00491	0.00859
28	0.02754	0.02041	0.02205	0.01744	0.02310	0.02257	0.01429	0.53730	0.07823	0.04567	0.02158	0.02541	0.01682	0.04316	0.00961	0.00272	0.00842	0.04325	0.00776	0.01266
29	0.01122	0.00811	0.01060	0.00998	0.01185	0.00748	0.00748	0.01496	0.02245	0.03180	0.66766	0.05923	0.07482	0.01621	0.00935	0.00249	0.00374	0.01434	0.00873	0.00748
30	0.01140	0.00822	0.01135	0.01135	0.01229	0.00916	0.00818	0.01327	0.01233	0.01738	0.02251	0.03819	0.02288	0.28410	0.46944	0.01103	0.01664	0.00953	0.00444	0.00631
31	0.01814	0.01732	0.02950	0.25749	0.47465	0.01845	0.02360	0.02303	0.01735	0.02410	0.01465	0.02011	0.01193	0.00734	0.00788	0.00245	0.00979	0.00706	0.00380	0.01136
32	0.30480	0.01432	0.01585	0.01277	0.01830	0.01427	0.01051	0.05787	0.01995	0.39033	0.04937	0.02283	0.01760	0.00917	0.00691	0.00245	0.00649	0.00686	0.00790	0.01146
33	0.04130	0.05048	0.30971	0.05351	0.05329	0.01774	0.02012	0.02797	0.19361	0.02764	0.07784	0.05178	0.02143	0.00984	0.00781	0.00256	0.00879	0.00813	0.00537	0.01110
34	0.01133	0.00850	0.01274	0.01274	0.01416	0.00991	0.00991	0.01416	0.01274	0.01841	0.02124	0.03115	0.01982	0.05947	0.68989	0.01274	0.02124	0.00850	0.00425	0.00708
35	0.01073	0.00741	0.00912	0.00990	0.01017	0.00730	0.00618	0.01148	0.01314	0.01760	0.03262	0.32941	0.03821	0.38992	0.06607	0.00611	0.00719	0.01597	0.00584	0.00563
36	0.64726	0.13760	0.01680	0.01097	0.01620	0.02013	0.00944	0.02338	0.01395	0.03267	0.01104	0.01285	0.00886	0.00726	0.00494	0.00232	0.00654	0.00428	0.00465	0.00886
37	0.01649	0.03604	0.53659	0.05386	0.11375	0.01853	0.06491	0.02484	0.01698	0.02503	0.01442	0.01755	0.01049	0.00744	0.00770	0.00251	0.01149	0.00626	0.00347	0.01164
38	0.01945	0.01656	0.01742	0.01556	0.02000	0.01889	0.01214	0.07537	0.56524	0.03315	0.03565	0.03301	0.07938	0.01149	0.00817	0.00267	0.00623	0.00953	0.00800	0.01210
39	0.01122	0.00811	0.01060	0.00998	0.01185	0.00748	0.00748	0.01496	0.02245	0.03180	0.66766	0.05923	0.07482	0.01621	0.00935	0.00249	0.00374	0.01434	0.00873	0.00748
40	0.03558	0.01350	0.01840	0.01411	0.02024	0.01166	0.01166	0.03865	0.02270	0.67734	0.03128	0.02699	0.01963	0.00981	0.00797	0.00245	0.00675	0.00797	0.00981	0.01350
41	0.01041	0.00748	0.00987	0.01053	0.01167	0.00694	0.00742	0.01293	0.01867	0.02579	0.34329	0.40073	0.06319	0.02070	0.00975	0.00287	0.00419	0.01860	0.00802	0.00694
42	0.01963	0.01884	0.03219	0.04867	0.67185	0.01884	0.02434	0.02434	0.01806	0.02591	0.01492	0.01963	0.01256	0.00707	0.00785	0.00236	0.00942	0.00707	0.00393	0.01256
43	0.01810	0.01732	0.02927	0.24873	0.45446	0.01869	0.02333	0.02286	0.01713	0.02388	0.01447	0.02000	0.01186	0.00762	0.00864	0.00249	0.03907	0.00705	0.00378	0.01124
44	0.01122	0.00811	0.01060	0.00998	0.01185	0.00748	0.00748	0.01496	0.02245	0.03180	0.66766	0.05923	0.07482	0.01621	0.00935	0.00249	0.00374	0.01434	0.00873	0.00748

[dist]
# distance from previous block
# <min> <max>
0	1

[block]
# block no. 3 follows, 24 sequences, length 40
# corresponding to MSA columns:
# 192-231
name=unknown_D
#
# <colnr> <probs for GDERKNQSTAVLIFYWHMCP>
#	G	D	E	R	K	N	Q	S	T	A	V	L	I	F	Y	W	H	M	C	P
0	0.01834	0.01745	0.02929	0.22903	0.47444	0.01854	0.02323	0.02391	0.04284	0.02463	0.01538	0.02044	0.01247	0.00745	0.00788	0.00245	0.00962	0.00714	0.00398	0.01152
1	0.01951	0.01332	0.01422	0.08840	0.01903	0.04053	0.01032	0.18691	0.02230	0.03358	0.02218	0.02520	0.01700	0.00912	0.00651	0.00209	0.00623	0.00719	0.44710	0.00925
2	0.02422	0.01546	0.01778	0.01497	0.01977	0.01639	0.01191	0.11870	0.30754	0.21122	0.12304	0.03178	0.02890	0.01113	0.00821	0.00255	0.00637	0.00923	0.00862	0.01219
3	0.01911	0.01831	0.03125	0.12165	0.60293	0.01870	0.02408	0.02388	0.01781	0.02528	0.01482	0.01980	0.01234	0.00716	0.00786	0.00239	0.00955	0.00706	0.00388	0.01214
4	0.02962	0.03779	0.02247	0.02043	0.02451	0.68948	0.01532	0.03166	0.02247	0.01941	0.01226	0.01430	0.01021	0.00817	0.00715	0.00204	0.01430	0.00511	0.00409	0.00919
5	0.01830	0.01879	0.05684	0.19712	0.39695	0.01872	0.09120	0.02451	0.05284	0.02490	0.01578	0.02061	0.01258	0.00745	0.00803	0.00248	0.01004	0.00737	0.00405	0.01144
6	0.00966	0.00690	0.00920	0.01104	0.01150	0.00644	0.00736	0.01104	0.01518	0.02024	0.04371	0.71614	0.05245	0.02484	0.01012	0.00322	0.00460	0.02254	0.00736	0.00644
7	0.03558	0.01350	0.01840	0.01411	0.02024	0.01166	0.01166	0.03865	0.02270	0.67734	0.03128	0.02699	0.01963	0.00981	0.00797	0.00245	0.00675	0.00797	0.00981	0.01350
8	0.03014	0.02221	0.02380	0.01825	0.02459	0.02459	0.01507	0.64541	0.03728	0.04998	0.01904	0.01904	0.01349	0.00952	0.00793	0.00238	0.00873	0.00714	0.00793	0.01349
9	0.01509	0.01409	0.02419	0.64133	0.05202	0.01724	0.04874	0.02004	0.01573	0.02019	0.01417	0.02129	0.01078	0.00876	0.00904	0.03744	0.01053	0.00714	0.00354	0.00865
10	0.01865	0.02119	0.04570	0.03281	0.04045	0.02026	0.61278	0.02510	0.01840	0.02510	0.01577	0.02119	0.01195	0.00703	0.01016	0.00271	0.04692	0.00924	0.00398	0.01060
11	0.03014	0.02221	0.02380	0.01825	0.02459	0.02459	0.01507	0.64541	0.03728	0.04998	0.01904	0.01904	0.01349	0.00952	0.00793	0.00238	0.00873	0.00714	0.00793	0.01349
12	0.01153	0.00769	0.00865	0.00865	0.00865	0.00769	0.00480	0.01153	0.01153	0.01538	0.02499	0.05189	0.02883	0.72131	0.04036	0.00769	0.00769	0.01153	0.00480	0.00480
13	0.01377	0.00689	0.01033	0.01033	0.01033	0.00689	0.00689	0.01033	0.01033	0.01377	0.01377	0.02410	0.01377	0.02755	0.03099	0.76928	0.00689	0.00689	0.00344	0.00344
14	0.03508	0.01429	0.01890	0.01449	0.02064	0.01284	0.01197	0.09411	0.02403	0.61999	0.03017	0.02626	0.01907	0.00979	0.00797	0.00245	0.00693	0.00790	0.00964	0.01349
15	0.01590	0.04102	0.68023	0.02260	0.03432	0.01842	0.02930	0.02511	0.01674	0.02511	0.01423	0.01674	0.01005	0.00753	0.00753	0.00251	0.01172	0.00586	0.00335	0.01172
16	0.00966	0.00690	0.00920	0.01104	0.01150	0.00644	0.00736	0.01104	0.01518	0.02024	0.04371	0.71614	0.05245	0.02484	0.01012	0.00322	0.00460	0.02254	0.00736	0.00644
17	0.02962	0.03779	0.02247	0.02043	0.02451	0.68948	0.01532	0.03166	0.02247	0.01941	0.01226	0.01430	0.01021	0.00817	0.00715	0.00204	0.01430	0.00511	0.00409	0.00919
18	0.03419	0.01319	0.01796	0.01387	0.01976	0.01142	0.01142	0.03729	0.02268	0.64043	0.06767	0.02883	0.02279	0.01018	0.00805	0.00246	0.00658	0.00834	0.00975	0.01315
19	0.03558	0.01350	0.01840	0.01411	0.02024	0.01166	0.01166	0.03865	0.02270	0.67734	0.03128	0.02699	0.01963	0.00981	0.00797	0.00245	0.00675	0.00797	0.00981	0.01350
20	0.01735	0.01735	0.02429	0.02082	0.02082	0.02429	0.01735	0.01908	0.01214	0.01908	0.01041	0.01735	0.01041	0.01388	0.02602	0.00347	0.70680	0.00694	0.00347	0.00867
21	0.00966	0.00690	0.00920	0.01104	0.01150	0.00644	0.00736	0.01104	0.01518	0.02024	0.04371	0.71614	0.05245	0.02484	0.01012	0.00322	0.00460	0.02254	0.00736	0.00644
22	0.01617	0.01588	0.02677	0.44128	0.04438	0.01943	0.10482	0.02161	0.04173	0.02124	0.01433	0.02073	0.01129	0.00912	0.01191	0.00282	0.15613	0.00742	0.00376	0.00919
23	0.01735	0.01735	0.02429	0.02082	0.02082	0.02429	0.01735	0.01908	0.01214	0.01908	0.01041	0.01735	0.01041	0.01388	0.02602	0.00347	0.70680	0.00694	0.00347	0.00867
24	0.02071	0.10169	0.13966	0.13662	0.18428	0.05803	0.08507	0.04794	0.04380	0.08308	0.01649	0.01952	0.01249	0.00775	0.00764	0.00239	0.01019	0.00683	0.00455	0.01128
25	0.02962	0.03779	0.02247	0.02043	0.02451	0.68948	0.01532	0.03166	0.02247	0.01941	0.01226	0.01430	0.01021	0.00817	0.00715	0.00204	0.01430	0.00511	0.00409	0.00919
26	0.00978	0.00782	0.00874	0.00899	0.01108	0.00679	0.00656	0.01198	0.01832	0.02313	0.18279	0.19992	0.43560	0.02030	0.00952	0.00275	0.00408	0.01744	0.00762	0.00679
27	0.01122	0.00811	0.01060	0.00998	0.01185	0.00748	0.00748	0.01496	0.02245	0.03180	0.66766	0.05923	0.07482	0.01621	0.00935	0.00249	0.00374	0.01434	0.00873	0.00748
28	0.01498	0.01409	0.02378	0.70226	0.05462	0.01762	0.02202	0.02026	0.01586	0.02026	0.01409	0.02114	0.01057	0.00793	0.00793	0.00264	0.01057	0.00705	0.00352	0.00881
29	0.01086	0.00809	0.01009	0.00959	0.01162	0.00733	0.00719	0.01425	0.02158	0.02974	0.55108	0.06263	0.19270	0.01698	0.00936	0.00253	0.00380	0.01482	0.00846	0.00733
30	0.00951	0.00785	0.00835	0.00862	0.01090	0.00669	0.00632	0.01151	0.01783	0.02175	0.10398	0.17938	0.53863	0.02066	0.00949	0.00276	0.00410	0.01756	0.00743	0.00669
31	0.03558	0.01350	0.01840	0.01411	0.02024	0.01166	0.01166	0.03865	0.02270	0.67734	0.03128	0.02699	0.01963	0.00981	0.00797	0.00245	0.00675	0.00797	0.00981	0.01350
32	0.03558	0.01350	0.01840	0.01411	0.02024	0.01166	0.01166	0.03865	0.02270	0.67734	0.03128	0.02699	0.01963	0.00981	0.00797	0.00245	0.00675	0.00797	0.00981	0.01350
33	0.02256	0.01844	0.01953	0.01671	0.02170	0.02105	0.01324	0.20630	0.48874	0.03774	0.02867	0.02672	0.02129	0.01042	0.00803	0.00261	0.00694	0.00847	0.00803	0.01281
34	0.01972	0.01703	0.01793	0.01614	0.02062	0.01972	0.01255	0.04214	0.65752	0.03317	0.03228	0.02959	0.02421	0.01076	0.00807	0.00269	0.00628	0.00897	0.00807	0.01255
35	0.05050	0.00996	0.01152	0.01050	0.01317	0.01035	0.03788	0.05593	0.05391	0.03026	0.02541	0.03118	0.02060	0.01176	0.03253	0.00251	0.00558	0.04118	0.53707	0.00823
36	0.01470	0.00993	0.01211	0.01139	0.01421	0.00954	0.00895	0.02039	0.10235	0.09681	0.31949	0.05939	0.18014	0.01636	0.00925	0.00270	0.00489	0.09053	0.00830	0.00858
37	0.01699	0.01511	0.01653	0.01238	0.01888	0.04361	0.00978	0.02143	0.05289	0.02572	0.01621	0.04500	0.01400	0.00702	0.00623	0.00138	0.00625	0.00567	0.00497	0.65995
38	0.10643	0.07096	0.10613	0.01498	0.02167	0.01597	0.01383	0.05712	0.09139	0.32302	0.02357	0.02218	0.01610	0.00879	0.00721	0.00232	0.00741	0.00683	0.00727	0.07680
39	0.09567	0.28714	0.08684	0.01640	0.02238	0.07351	0.04235	0.08244	0.05420	0.06272	0.04443	0.01835	0.01466	0.00858	0.00791	0.00223	0.05873	0.00607	0.00490	0.01050

[dist]
# distance from previous block
# <min> <max>
4	22

[block]
# block no. 4 follows, 24 sequences, length 11
# corresponding to MSA columns:
# 254-264
name=unknown_E
#
# <colnr> <probs for GDERKNQSTAVLIFYWHMCP>
#	G	D	E	R	K	N	Q	S	T	A	V	L	I	F	Y	W	H	M	C	P
0	0.02716	0.02359	0.02178	0.05228	0.02431	0.18487	0.01459	0.34597	0.02894	0.06239	0.04426	0.02048	0.01555	0.00959	0.00856	0.00234	0.04411	0.00697	0.05090	0.01136
1	0.00961	0.00783	0.00851	0.00879	0.01097	0.00673	0.00642	0.01168	0.01797	0.02224	0.13216	0.19401	0.49434	0.02058	0.00951	0.00276	0.00410	0.01758	0.00750	0.00673
2	0.77733	0.01534	0.01166	0.01043	0.01534	0.01779	0.00859	0.02331	0.01350	0.03558	0.01104	0.01288	0.00859	0.00736	0.00491	0.00245	0.00613	0.00429	0.00491	0.00859
3	0.16339	0.01521	0.01618	0.01411	0.01875	0.01667	0.01117	0.03545	0.35579	0.15848	0.08654	0.02869	0.02506	0.01044	0.00758	0.00258	0.00611	0.00840	0.00788	0.01153
4	0.00990	0.00805	0.00876	0.00859	0.01103	0.00692	0.00644	0.01240	0.01932	0.02438	0.24755	0.07145	0.49956	0.01898	0.00937	0.00263	0.00394	0.01605	0.00775	0.00692
5	0.01015	0.00738	0.00957	0.01047	0.01156	0.00680	0.00730	0.01236	0.01779	0.02413	0.25180	0.45208	0.10591	0.02165	0.00981	0.00294	0.00427	0.01941	0.00781	0.00680
6	0.01278	0.00913	0.01278	0.01460	0.01643	0.00913	0.01278	0.01643	0.01825	0.02373	0.04199	0.08945	0.04564	0.02191	0.01095	0.00365	0.00730	0.61847	0.00730	0.00730
7	0.05873	0.07695	0.60805	0.02143	0.03250	0.01909	0.02728	0.02494	0.01653	0.02535	0.01388	0.01631	0.00997	0.00748	0.00725	0.00246	0.01123	0.00568	0.00344	0.01146
8	0.01115	0.00767	0.00942	0.00976	0.01008	0.00782	0.00611	0.01187	0.01241	0.01678	0.02787	0.17248	0.03178	0.48400	0.14007	0.00767	0.00931	0.01309	0.00519	0.00548
9	0.02265	0.01035	0.01345	0.01132	0.01507	0.00931	0.00896	0.02608	0.02147	0.31659	0.26673	0.03945	0.04027	0.01208	0.00803	0.00236	0.00506	0.01023	0.15040	0.01012
10	0.63437	0.01399	0.01146	0.01034	0.01468	0.01587	0.00838	0.02175	0.01517	0.03487	0.13357	0.02153	0.02095	0.00901	0.00574	0.00246	0.00569	0.00617	0.00562	0.00838

[dist]
# distance from previous block
# <min> <max>
0	1

[block]
# block no. 5 follows, 24 sequences, length 11
# corresponding to MSA columns:
# 266-276
name=unknown_F
#
# <colnr> <probs for GDERKNQSTAVLIFYWHMCP>
#	G	D	E	R	K	N	Q	S	T	A	V	L	I	F	Y	W	H	M	C	P
0	0.01620	0.01236	0.01871	0.38060	0.03591	0.01399	0.01586	0.05151	0.01836	0.08057	0.11616	0.07623	0.07184	0.01225	0.00944	0.03770	0.00813	0.00988	0.00557	0.00871
1	0.02730	0.12322	0.02462	0.01859	0.02347	0.40252	0.01469	0.13571	0.10739	0.02628	0.01586	0.01690	0.01260	0.00856	0.00713	0.00214	0.01154	0.00584	0.00517	0.01049
2	0.00966	0.00690	0.00920	0.01104	0.01150	0.00644	0.00736	0.01104	0.01518	0.02024	0.04371	0.71614	0.05245	0.02484	0.01012	0.00322	0.00460	0.02254	0.00736	0.00644
3	0.01839	0.02042	0.04139	0.03039	0.03649	0.02107	0.49272	0.02388	0.01714	0.02388	0.01469	0.02042	0.01164	0.00841	0.01336	0.00287	0.17997	0.00878	0.00388	0.01021
4	0.01851	0.02040	0.04125	0.03204	0.08359	0.02081	0.47346	0.02407	0.01736	0.02418	0.01484	0.02046	0.01175	0.00814	0.01256	0.00281	0.15073	0.00871	0.00390	0.01043
5	0.01042	0.00788	0.00964	0.00983	0.01165	0.00710	0.00726	0.01314	0.01943	0.02592	0.33374	0.20401	0.24486	0.01944	0.00959	0.00275	0.00417	0.04417	0.00797	0.00702
6	0.00937	0.00803	0.00803	0.00803	0.01071	0.00669	0.00602	0.01138	0.01807	0.02142	0.08033	0.07632	0.66863	0.02008	0.00937	0.00268	0.00402	0.01674	0.00736	0.00669
7	0.01133	0.00850	0.01274	0.01274	0.01416	0.00991	0.00991	0.01416	0.01274	0.01841	0.02124	0.03115	0.01982	0.05947	0.68989	0.01274	0.02124	0.00850	0.00425	0.00708
8	0.48794	0.05384	0.08598	0.01281	0.01823	0.07642	0.01163	0.05085	0.01609	0.03228	0.01326	0.01529	0.01031	0.00770	0.00559	0.00233	0.00744	0.00495	0.07792	0.00915
9	0.17706	0.04369	0.01667	0.01344	0.01740	0.01675	0.01086	0.14607	0.07295	0.10635	0.02257	0.09529	0.01896	0.01107	0.00862	0.00250	0.06739	0.00835	0.13392	0.01007
10	0.09487	0.01480	0.01724	0.01398	0.01935	0.01474	0.01129	0.08952	0.16520	0.31280	0.05907	0.02650	0.02131	0.00978	0.00754	0.00238	0.00644	0.00784	0.03548	0.06986

[dist]
# distance from previous block
# <min> <max>
3	5

[block]
# block no. 6 follows, 24 sequences, length 58
# corresponding to MSA columns:
# 282-339
name=unknown_G
#
# <colnr> <probs for GDERKNQSTAVLIFYWHMCP>
#	G	D	E	R	K	N	Q	S	T	A	V	L	I	F	Y	W	H	M	C	P
0	0.04106	0.05110	0.25337	0.01686	0.02397	0.01516	0.03716	0.04724	0.05473	0.02769	0.12056	0.03179	0.02526	0.01033	0.00780	0.00236	0.00826	0.07260	0.00538	0.14732
1	0.05897	0.27711	0.27176	0.01812	0.02623	0.11406	0.01951	0.08493	0.01910	0.02499	0.01315	0.01503	0.01037	0.00754	0.00653	0.00215	0.01037	0.00524	0.00398	0.01085
2	0.01582	0.01406	0.02223	0.48414	0.09612	0.01668	0.01934	0.04988	0.05299	0.02252	0.01793	0.08085	0.01538	0.01051	0.00927	0.04092	0.00945	0.00848	0.00434	0.00908
3	0.01497	0.00776	0.00919	0.00898	0.01026	0.00785	0.00644	0.03915	0.01490	0.02404	0.02078	0.02698	0.01745	0.01656	0.01579	0.30809	0.00516	0.00718	0.43242	0.00605
4	0.01097	0.00801	0.01011	0.01093	0.01213	0.00768	0.00785	0.01380	0.04135	0.02301	0.16983	0.34028	0.10311	0.10931	0.01373	0.00363	0.00518	0.09497	0.00734	0.00681
5	0.01736	0.01609	0.02617	0.43852	0.24347	0.01843	0.02203	0.05357	0.04252	0.02400	0.01530	0.02089	0.01186	0.00785	0.00791	0.00254	0.00995	0.00713	0.00404	0.01035
6	0.01166	0.00880	0.01262	0.01244	0.01355	0.01025	0.00941	0.01395	0.01251	0.01792	0.02134	0.03403	0.02090	0.17085	0.54523	0.01141	0.05313	0.00894	0.00430	0.00677
7	0.03238	0.01862	0.02158	0.01654	0.02280	0.01927	0.01367	0.39573	0.03128	0.30813	0.02408	0.02231	0.01601	0.00964	0.00795	0.00241	0.00791	0.00748	0.00871	0.01349
8	0.02058	0.01568	0.05683	0.01911	0.10612	0.01467	0.01378	0.09436	0.15523	0.14731	0.06162	0.15398	0.05643	0.01337	0.00857	0.00268	0.00689	0.03442	0.00739	0.01099
9	0.07321	0.62444	0.06314	0.01396	0.02070	0.05550	0.01390	0.02407	0.01620	0.02009	0.01120	0.01295	0.01006	0.00691	0.00525	0.00179	0.00867	0.00434	0.00352	0.01009
10	0.00965	0.00804	0.00842	0.00833	0.01088	0.00681	0.00624	0.01192	0.01873	0.02299	0.16902	0.07374	0.57896	0.01950	0.00937	0.00265	0.00398	0.01637	0.00757	0.00681
11	0.02814	0.01288	0.01672	0.01356	0.01846	0.01191	0.01090	0.07435	0.06034	0.43594	0.14532	0.07957	0.03161	0.01202	0.00837	0.00252	0.00617	0.01011	0.00922	0.01188
12	0.01838	0.04456	0.02317	0.24213	0.07156	0.08137	0.01751	0.06443	0.04031	0.02308	0.01615	0.06110	0.01424	0.01076	0.01271	0.00274	0.19977	0.00775	0.03894	0.00934
13	0.61827	0.01494	0.01310	0.01122	0.01639	0.01647	0.00925	0.02660	0.01547	0.17319	0.01538	0.01591	0.01096	0.00789	0.00557	0.00245	0.00627	0.00508	0.00596	0.00964
14	0.00988	0.00705	0.00945	0.01129	0.01184	0.00663	0.00773	0.01141	0.01539	0.02048	0.04359	0.67314	0.05198	0.02464	0.01018	0.00325	0.00479	0.06343	0.00736	0.00650
15	0.01744	0.06660	0.06730	0.29978	0.03843	0.02037	0.11871	0.05853	0.01693	0.02316	0.01421	0.01977	0.01127	0.00900	0.01155	0.00270	0.15335	0.00715	0.03418	0.00957
16	0.01276	0.00984	0.01239	0.01164	0.01177	0.01146	0.00797	0.01340	0.01178	0.01645	0.02151	0.04255	0.02404	0.50779	0.09796	0.00726	0.15887	0.01026	0.00447	0.00585
17	0.00966	0.00690	0.00920	0.01104	0.01150	0.00644	0.00736	0.01104	0.01518	0.02024	0.04371	0.71614	0.05245	0.02484	0.01012	0.00322	0.00460	0.02254	0.00736	0.00644
18	0.01735	0.01735	0.02429	0.02082	0.02082	0.02429	0.01735	0.01908	0.01214	0.01908	0.01041	0.01735	0.01041	0.01388	0.02602	0.00347	0.70680	0.00694	0.00347	0.00867
19	0.03249	0.01845	0.02147	0.01646	0.02271	0.01900	0.01360	0.38332	0.03098	0.32097	0.02433	0.02247	0.01614	0.00965	0.00795	0.00241	0.00787	0.00750	0.00875	0.01349
20	0.01826	0.01887	0.02415	0.02079	0.02109	0.07375	0.01720	0.02002	0.01291	0.01911	0.01055	0.01712	0.01039	0.01345	0.02462	0.00336	0.65531	0.00680	0.00352	0.00871
21	0.35011	0.08182	0.01776	0.03441	0.01888	0.01916	0.01106	0.18759	0.02036	0.03508	0.01644	0.05206	0.01373	0.01245	0.05312	0.00308	0.00800	0.00651	0.04861	0.00977
22	0.01032	0.00799	0.00940	0.00922	0.01134	0.00707	0.00685	0.01316	0.02007	0.02655	0.37263	0.11249	0.32742	0.01847	0.00941	0.00262	0.00392	0.01594	0.00805	0.00707
23	0.01369	0.00856	0.01116	0.01048	0.01269	0.00777	0.00786	0.01694	0.02126	0.10333	0.47841	0.14436	0.09911	0.01685	0.00930	0.00260	0.00421	0.01485	0.00859	0.00798
24	0.01735	0.01735	0.02429	0.02082	0.02082	0.02429	0.01735	0.01908	0.01214	0.01908	0.01041	0.01735	0.01041	0.01388	0.02602	0.00347	0.70680	0.00694	0.00347	0.00867
25	0.00966	0.00690	0.00920	0.01104	0.01150	0.00644	0.00736	0.01104	0.01518	0.02024	0.04371	0.71614	0.05245	0.02484	0.01012	0.00322	0.00460	0.02254	0.00736	0.00644
26	0.02120	0.72609	0.04155	0.01357	0.02035	0.03138	0.01357	0.02374	0.01611	0.01866	0.01102	0.01272	0.01018	0.00678	0.00509	0.00170	0.00848	0.00424	0.00339	0.01018
27	0.00958	0.00765	0.00858	0.00917	0.01105	0.00666	0.00657	0.01148	0.01735	0.02164	0.10296	0.29258	0.42393	0.02147	0.00963	0.00285	0.00420	0.01857	0.00744	0.00666
28	0.01963	0.01884	0.03219	0.04867	0.67185	0.01884	0.02434	0.02434	0.01806	0.02591	0.01492	0.01963	0.01256	0.00707	0.00785	0.00236	0.00942	0.00707	0.00393	0.01256
29	0.01644	0.01409	0.01644	0.01175	0.01879	0.01057	0.00940	0.01997	0.01644	0.02584	0.01409	0.01644	0.01175	0.00587	0.00587	0.00117	0.00587	0.00470	0.00470	0.76979
30	0.03558	0.01350	0.01840	0.01411	0.02024	0.01166	0.01166	0.03865	0.02270	0.67734	0.03128	0.02699	0.01963	0.00981	0.00797	0.00245	0.00675	0.00797	0.00981	0.01350
31	0.02962	0.03779	0.02247	0.02043	0.02451	0.68948	0.01532	0.03166	0.02247	0.01941	0.01226	0.01430	0.01021	0.00817	0.00715	0.00204	0.01430	0.00511	0.00409	0.00919
32	0.01113	0.00804	0.01052	0.01004	0.01183	0.00742	0.00748	0.01473	0.02202	0.03112	0.63110	0.09773	0.07351	0.01672	0.00940	0.00254	0.00379	0.01482	0.00865	0.00742
33	0.00963	0.00702	0.00908	0.01072	0.01142	0.00647	0.00722	0.01108	0.01549	0.02037	0.04761	0.64793	0.11814	0.02434	0.01004	0.00316	0.00454	0.02192	0.00736	0.00647
34	0.01076	0.00789	0.01009	0.00996	0.01167	0.00722	0.00731	0.01392	0.02075	0.02875	0.50003	0.17305	0.13289	0.01809	0.00949	0.00264	0.00392	0.01599	0.00835	0.00722
35	0.02851	0.02140	0.02288	0.01791	0.02397	0.02383	0.01468	0.55078	0.13457	0.04734	0.02111	0.02069	0.01517	0.00971	0.00795	0.00243	0.00834	0.00743	0.00795	0.01334
36	0.08879	0.10359	0.12467	0.22986	0.03469	0.04329	0.05517	0.12900	0.02031	0.07538	0.01562	0.01861	0.01149	0.00803	0.00733	0.00242	0.00981	0.00645	0.00485	0.01064
37	0.10999	0.09594	0.27274	0.02052	0.02885	0.01917	0.13332	0.02822	0.08013	0.11046	0.01783	0.01931	0.01287	0.00789	0.00742	0.00246	0.00987	0.00673	0.00495	0.01132
38	0.22063	0.38024	0.14356	0.01470	0.02169	0.06275	0.01508	0.02432	0.01589	0.02429	0.01166	0.01355	0.00974	0.00715	0.00558	0.00206	0.00875	0.00458	0.00382	0.00997
39	0.01167	0.05731	0.01243	0.01009	0.01231	0.00901	0.00776	0.01508	0.02132	0.02948	0.54350	0.08392	0.12421	0.01627	0.00909	0.00249	0.00413	0.01420	0.00818	0.00755
40	0.01457	0.00743	0.00758	0.00754	0.00939	0.00740	0.00566	0.01827	0.01697	0.02969	0.06348	0.03130	0.02352	0.00965	0.00577	0.00189	0.00370	0.00780	0.72100	0.00740
41	0.01935	0.01856	0.03169	0.08769	0.63500	0.01877	0.02420	0.02409	0.01792	0.02557	0.01487	0.01972	0.01244	0.00712	0.00786	0.00237	0.00949	0.00706	0.00390	0.01234
42	0.00944	0.00777	0.00830	0.00873	0.01089	0.00664	0.00633	0.01130	0.01741	0.02115	0.07190	0.22353	0.52685	0.02118	0.00954	0.00280	0.00415	0.01807	0.00736	0.00664
43	0.03024	0.01231	0.01669	0.01320	0.01840	0.01074	0.01074	0.03345	0.02264	0.53577	0.17085	0.03406	0.03173	0.01122	0.00828	0.00246	0.00609	0.00937	0.00958	0.01218
44	0.02120	0.72609	0.04155	0.01357	0.02035	0.03138	0.01357	0.02374	0.01611	0.01866	0.01102	0.01272	0.01018	0.00678	0.00509	0.00170	0.00848	0.00424	0.00339	0.01018
45	0.01153	0.00769	0.00865	0.00865	0.00865	0.00769	0.00480	0.01153	0.01153	0.01538	0.02499	0.05189	0.02883	0.72131	0.04036	0.00769	0.00769	0.01153	0.00480	0.00480
46	0.77733	0.01534	0.01166	0.01043	0.01534	0.01779	0.00859	0.02331	0.01350	0.03558	0.01104	0.01288	0.00859	0.00736	0.00491	0.00245	0.00613	0.00429	0.00491	0.00859
47	0.01539	0.00798	0.00804	0.00782	0.00985	0.00807	0.00592	0.04325	0.01745	0.03037	0.02560	0.02915	0.02005	0.00925	0.00564	0.00187	0.00389	0.00738	0.73541	0.00763
48	0.03014	0.02221	0.02380	0.01825	0.02459	0.02459	0.01507	0.64541	0.03728	0.04998	0.01904	0.01904	0.01349	0.00952	0.00793	0.00238	0.00873	0.00714	0.00793	0.01349
49	0.01167	0.00959	0.01553	0.01419	0.01609	0.00902	0.11088	0.01418	0.01665	0.02262	0.15348	0.39404	0.04698	0.11018	0.01376	0.00357	0.00627	0.01743	0.00674	0.00712
50	0.01951	0.01913	0.03368	0.04552	0.56478	0.01903	0.10762	0.02508	0.03956	0.02608	0.01565	0.02020	0.01288	0.00714	0.00806	0.00241	0.00985	0.00744	0.00408	0.01231
51	0.00992	0.00716	0.00940	0.01072	0.01153	0.00663	0.00732	0.01174	0.01658	0.02232	0.15469	0.57281	0.08351	0.02312	0.00995	0.00307	0.00442	0.02085	0.00760	0.00663
52	0.08455	0.28997	0.30719	0.01778	0.02635	0.05053	0.02000	0.07570	0.01815	0.02544	0.01309	0.01502	0.01026	0.00743	0.00642	0.00218	0.00990	0.00520	0.00390	0.01093
53	0.04142	0.01526	0.01915	0.20892	0.02896	0.05288	0.03896	0.12401	0.01987	0.02732	0.02152	0.16118	0.02032	0.01133	0.00782	0.00240	0.00808	0.00976	0.05080	0.13004
54	0.25476	0.17228	0.02171	0.04275	0.07627	0.01959	0.01221	0.06121	0.06535	0.05113	0.04666	0.02022	0.01576	0.01119	0.04483	0.00284	0.00788	0.00620	0.05733	0.00984
55	0.12160	0.01752	0.01727	0.07177	0.02090	0.10100	0.01228	0.15387	0.02066	0.03111	0.01727	0.02039	0.01360	0.00929	0.00909	0.00232	0.10005	0.00645	0.21511	0.03845
56	0.01860	0.21594	0.36864	0.02089	0.02986	0.02209	0.09014	0.02499	0.01675	0.05271	0.01410	0.01670	0.01076	0.00778	0.00838	0.00238	0.05851	0.00598	0.00373	0.01107
57	0.01906	0.01144	0.01473	0.07154	0.01928	0.01123	0.01069	0.02508	0.11561	0.19744	0.16724	0.13364	0.09451	0.01439	0.00873	0.00264	0.00584	0.03414	0.00798	0.03479

[dist]
# distance from previous block
# <min> <max>
1	6

[block]
# block no. 7 follows, 24 sequences, length 68
# corresponding to MSA columns:
# 346-413
name=unknown_H
#
# <colnr> <probs for GDERKNQSTAVLIFYWHMCP>
#	G	D	E	R	K	N	Q	S	T	A	V	L	I	F	Y	W	H	M	C	P
0	0.01478	0.01100	0.01395	0.04408	0.01732	0.04352	0.03576	0.01838	0.05013	0.08346	0.08975	0.33413	0.07936	0.01897	0.00957	0.00299	0.00632	0.11122	0.00725	0.00805
1	0.02558	0.02068	0.02140	0.04860	0.02375	0.08552	0.01437	0.40583	0.02962	0.03927	0.01997	0.05479	0.01639	0.01068	0.00896	0.00244	0.04985	0.03481	0.04500	0.04247
2	0.01626	0.02163	0.17050	0.05376	0.02472	0.02114	0.01942	0.01982	0.01362	0.02059	0.01425	0.07627	0.01388	0.01308	0.01964	0.00319	0.45725	0.00802	0.00377	0.00918
3	0.12105	0.00930	0.01038	0.01005	0.01263	0.00891	0.00769	0.01597	0.01898	0.05943	0.28269	0.12895	0.22237	0.01692	0.00882	0.00267	0.00457	0.04340	0.00764	0.00759
4	0.62726	0.01377	0.01082	0.00983	0.01414	0.01574	0.00799	0.02236	0.01411	0.03439	0.01396	0.01616	0.01090	0.00773	0.00503	0.00233	0.00565	0.00490	0.15456	0.00835
5	0.77733	0.01534	0.01166	0.01043	0.01534	0.01779	0.00859	0.02331	0.01350	0.03558	0.01104	0.01288	0.00859	0.00736	0.00491	0.00245	0.00613	0.00429	0.00491	0.00859
6	0.01972	0.01703	0.01793	0.01614	0.02062	0.01972	0.01255	0.04214	0.65752	0.03317	0.03228	0.02959	0.02421	0.01076	0.00807	0.00269	0.00628	0.00897	0.00807	0.01255
7	0.01136	0.00839	0.01219	0.01219	0.01342	0.00961	0.00922	0.01381	0.01258	0.01800	0.02175	0.03395	0.02104	0.14888	0.60215	0.01206	0.01941	0.00891	0.00432	0.00677
8	0.02049	0.01741	0.01836	0.01629	0.02091	0.02008	0.01274	0.08633	0.61209	0.03440	0.03131	0.02881	0.02342	0.01067	0.00806	0.00267	0.00646	0.00883	0.00806	0.01262
9	0.01735	0.01735	0.02429	0.02082	0.02082	0.02429	0.01735	0.01908	0.01214	0.01908	0.01041	0.01735	0.01041	0.01388	0.02602	0.00347	0.70680	0.00694	0.00347	0.00867
10	0.01521	0.01424	0.02350	0.66866	0.05295	0.01772	0.02156	0.02133	0.04727	0.02089	0.01498	0.02156	0.01124	0.00807	0.00794	0.00265	0.01036	0.00714	0.00375	0.00899
11	0.03558	0.01350	0.01840	0.01411	0.02024	0.01166	0.01166	0.03865	0.02270	0.67734	0.03128	0.02699	0.01963	0.00981	0.00797	0.00245	0.00675	0.00797	0.00981	0.01350
12	0.01644	0.01409	0.01644	0.01175	0.01879	0.01057	0.00940	0.01997	0.01644	0.02584	0.01409	0.01644	0.01175	0.00587	0.00587	0.00117	0.00587	0.00470	0.00470	0.76979
13	0.01590	0.04102	0.68023	0.02260	0.03432	0.01842	0.02930	0.02511	0.01674	0.02511	0.01423	0.01674	0.01005	0.00753	0.00753	0.00251	0.01172	0.00586	0.00335	0.01172
14	0.00965	0.00696	0.00914	0.01089	0.01146	0.00645	0.00729	0.01106	0.01533	0.02030	0.04556	0.68379	0.08360	0.02460	0.01008	0.00319	0.00457	0.02225	0.00736	0.00645
15	0.00966	0.00690	0.00920	0.01104	0.01150	0.00644	0.00736	0.01104	0.01518	0.02024	0.04371	0.71614	0.05245	0.02484	0.01012	0.00322	0.00460	0.02254	0.00736	0.00644
16	0.01848	0.01767	0.03011	0.21029	0.51922	0.01854	0.02376	0.02333	0.01751	0.02451	0.01471	0.02000	0.01207	0.00728	0.00787	0.00243	0.00971	0.00706	0.00383	0.01163
17	0.77733	0.01534	0.01166	0.01043	0.01534	0.01779	0.00859	0.02331	0.01350	0.03558	0.01104	0.01288	0.00859	0.00736	0.00491	0.00245	0.00613	0.00429	0.00491	0.00859
18	0.01673	0.03932	0.62277	0.02280	0.03410	0.01879	0.05209	0.05648	0.01786	0.02638	0.01454	0.01704	0.01030	0.00760	0.00762	0.00251	0.01163	0.00606	0.00361	0.01177
19	0.12553	0.10259	0.15450	0.10923	0.02938	0.05180	0.08673	0.02615	0.01756	0.13143	0.01628	0.01838	0.01188	0.00763	0.00705	0.00229	0.00939	0.00621	0.00488	0.08111
20	0.01240	0.00834	0.01095	0.01022	0.01226	0.00766	0.00769	0.01603	0.02223	0.06389	0.61566	0.07867	0.07133	0.01617	0.00931	0.00252	0.00392	0.01428	0.00874	0.00775
21	0.02665	0.02047	0.02183	0.01754	0.02326	0.02296	0.01423	0.44283	0.24556	0.04433	0.02348	0.02258	0.01709	0.00994	0.00798	0.00248	0.00790	0.00775	0.00798	0.01317
22	0.02003	0.01328	0.01598	0.01243	0.01793	0.01121	0.00976	0.07426	0.01928	0.15183	0.05150	0.09902	0.02160	0.04546	0.00881	0.00213	0.00613	0.00827	0.00643	0.40466
23	0.05273	0.01816	0.03081	0.13420	0.53070	0.01869	0.05164	0.02379	0.01759	0.02556	0.01468	0.01961	0.01209	0.00718	0.00780	0.00241	0.00961	0.00704	0.00392	0.01179
24	0.03192	0.01386	0.01808	0.01409	0.01972	0.01267	0.01154	0.10750	0.02439	0.52329	0.10854	0.03004	0.02573	0.01057	0.00814	0.00245	0.00661	0.00866	0.00946	0.01275
25	0.02120	0.72609	0.04155	0.01357	0.02035	0.03138	0.01357	0.02374	0.01611	0.01866	0.01102	0.01272	0.01018	0.00678	0.00509	0.00170	0.00848	0.00424	0.00339	0.01018
26	0.00990	0.00805	0.00877	0.00859	0.01104	0.00692	0.00644	0.01240	0.01932	0.02438	0.24797	0.07144	0.49915	0.01898	0.00937	0.00263	0.00394	0.01605	0.00775	0.00692
27	0.01144	0.00805	0.01051	0.01051	0.01115	0.00870	0.00712	0.01273	0.01208	0.01675	0.02329	0.04248	0.02474	0.42086	0.33523	0.00998	0.01384	0.01015	0.00455	0.00584
28	0.03036	0.02186	0.02358	0.01808	0.02442	0.02408	0.01494	0.62122	0.03670	0.07498	0.01953	0.01936	0.01373	0.00953	0.00793	0.00238	0.00865	0.00717	0.00801	0.01349
29	0.01132	0.00760	0.00871	0.00892	0.00897	0.00755	0.00509	0.01148	0.01194	0.01592	0.02709	0.12664	0.03149	0.64294	0.03696	0.00719	0.00734	0.01277	0.00509	0.00499
30	0.66877	0.01507	0.01264	0.01097	0.01605	0.01689	0.00904	0.02555	0.01484	0.12950	0.01400	0.01495	0.01020	0.00772	0.00536	0.00245	0.00622	0.00483	0.00563	0.00931
31	0.00963	0.00804	0.00839	0.00830	0.01087	0.00680	0.00622	0.01187	0.01867	0.02285	0.16091	0.07397	0.58717	0.01955	0.00937	0.00265	0.00398	0.01641	0.00755	0.00680
32	0.02034	0.01734	0.01828	0.01626	0.02085	0.02001	0.01270	0.07768	0.62098	0.03416	0.03150	0.02896	0.02357	0.01069	0.00806	0.00267	0.00642	0.00886	0.00806	0.01261
33	0.01013	0.00721	0.00936	0.01089	0.01147	0.00682	0.00739	0.01153	0.01504	0.01991	0.04247	0.55806	0.07148	0.11562	0.01412	0.00382	0.00519	0.06616	0.00702	0.00630
34	0.01377	0.00689	0.01033	0.01033	0.01033	0.00689	0.00689	0.01033	0.01033	0.01377	0.01377	0.02410	0.01377	0.02755	0.03099	0.76928	0.00689	0.00689	0.00344	0.00344
35	0.01872	0.02139	0.04679	0.03342	0.04144	0.02005	0.64305	0.02540	0.01872	0.02540	0.01604	0.02139	0.01203	0.00668	0.00936	0.00267	0.01337	0.00936	0.00401	0.01070
36	0.00978	0.00699	0.00934	0.01118	0.01170	0.00655	0.00757	0.01125	0.01530	0.02038	0.04364	0.69152	0.05218	0.02473	0.01015	0.00324	0.00471	0.04596	0.00736	0.00647
37	0.00986	0.00757	0.00910	0.01022	0.01168	0.00681	0.00737	0.01171	0.01662	0.02105	0.05789	0.40313	0.29332	0.02269	0.00991	0.00305	0.00464	0.07941	0.00736	0.00663
38	0.02128	0.01669	0.01798	0.01594	0.02058	0.01893	0.01246	0.04179	0.59507	0.09655	0.03218	0.02933	0.02376	0.01067	0.00806	0.00267	0.00632	0.00887	0.00824	0.01264
39	0.01496	0.01370	0.02282	0.66132	0.05194	0.01702	0.02105	0.02016	0.01590	0.02081	0.01479	0.02164	0.01115	0.00801	0.00779	0.00260	0.01017	0.00707	0.04841	0.00873
40	0.05576	0.15772	0.50528	0.02033	0.03049	0.05243	0.02488	0.02510	0.01674	0.02426	0.01342	0.01574	0.01000	0.00743	0.00696	0.00235	0.01100	0.00547	0.00347	0.01118
41	0.01672	0.01637	0.02786	0.02044	0.02690	0.01451	0.25464	0.02127	0.01732	0.02529	0.04703	0.06163	0.01714	0.00818	0.00861	0.00205	0.04253	0.00811	0.00472	0.35868
