[name]
unknown

[dist]
# distance from previous block
# <min> <max>
0	37

[block]
# block no. 0 follows, 25 sequences, length 20
# corresponding to MSA columns:
# 37-56
name=unknown_A
#
# <colnr> <probs for GDERKNQSTAVLIFYWHMCP>
#	G	D	E	R	K	N	Q	S	T	A	V	L	I	F	Y	W	H	M	C	P
0	0.01249	0.00892	0.01249	0.01428	0.01606	0.00892	0.01249	0.01606	0.01785	0.02320	0.04105	0.08746	0.04462	0.02142	0.01071	0.00357	0.00714	0.62695	0.00714	0.00714
1	0.03479	0.01320	0.01799	0.01380	0.01979	0.01140	0.01140	0.03779	0.02219	0.68451	0.03059	0.02639	0.01919	0.00960	0.00780	0.00240	0.00660	0.00780	0.00960	0.01320
2	0.01608	0.01378	0.01608	0.01148	0.01837	0.01034	0.00919	0.01952	0.01608	0.02527	0.01378	0.01608	0.01148	0.00574	0.00574	0.00115	0.00574	0.00459	0.00459	0.77491
3	0.01103	0.00741	0.00853	0.00878	0.00884	0.00735	0.00504	0.01121	0.01176	0.01568	0.02693	0.14237	0.03134	0.63158	0.03543	0.00692	0.00711	0.01274	0.00504	0.00492
4	0.78228	0.01499	0.01140	0.01020	0.01499	0.01739	0.00840	0.02279	0.01320	0.03479	0.01080	0.01260	0.00840	0.00720	0.00480	0.00240	0.00600	0.00420	0.00480	0.00840
5	0.01744	0.01664	0.02831	0.30179	0.43861	0.01796	0.02293	0.02226	0.01683	0.02321	0.01428	0.01976	0.01153	0.00723	0.00771	0.00241	0.00964	0.00690	0.00369	0.01087
6	0.02851	0.03400	0.02223	0.01970	0.02382	0.57510	0.01504	0.11531	0.02350	0.02304	0.01281	0.01475	0.01043	0.00842	0.00791	0.00210	0.04398	0.00534	0.00448	0.00954
7	0.01103	0.00741	0.00853	0.00878	0.00884	0.00735	0.00504	0.01121	0.01176	0.01568	0.02693	0.14237	0.03134	0.63158	0.03543	0.00692	0.00711	0.01274	0.00504	0.00492
8	0.00945	0.00675	0.00900	0.01080	0.01125	0.00630	0.00720	0.01080	0.01484	0.01979	0.04274	0.72245	0.05128	0.02429	0.00990	0.00315	0.00450	0.02204	0.00720	0.00630
9	0.01857	0.01779	0.03035	0.13780	0.59378	0.01826	0.02349	0.02325	0.01736	0.02458	0.01447	0.01939	0.01202	0.00702	0.00769	0.00234	0.00936	0.00691	0.00378	0.01178
10	0.03479	0.01320	0.01799	0.01380	0.01979	0.01140	0.01140	0.03779	0.02219	0.68451	0.03059	0.02639	0.01919	0.00960	0.00780	0.00240	0.00660	0.00780	0.00960	0.01320
11	0.01464	0.01378	0.02326	0.70887	0.05340	0.01723	0.02153	0.01981	0.01550	0.01981	0.01378	0.02067	0.01034	0.00775	0.00775	0.00258	0.01034	0.00689	0.00345	0.00861
12	0.01008	0.00759	0.01105	0.01211	0.01301	0.00713	0.03976	0.01183	0.01520	0.02026	0.04128	0.64797	0.04889	0.02322	0.00991	0.00315	0.00509	0.05888	0.00703	0.00656
13	0.01919	0.01842	0.03147	0.04759	0.67914	0.01842	0.02380	0.02380	0.01765	0.02533	0.01458	0.01919	0.01228	0.00691	0.00768	0.00230	0.00921	0.00691	0.00384	0.01228
14	0.02677	0.03177	0.02204	0.01960	0.02325	0.50958	0.01506	0.07905	0.06160	0.02213	0.01347	0.01568	0.01111	0.00901	0.00962	0.00225	0.10846	0.00563	0.00445	0.00945
15	0.01464	0.01378	0.02326	0.70887	0.05340	0.01723	0.02153	0.01981	0.01550	0.01981	0.01378	0.02067	0.01034	0.00775	0.00775	0.00258	0.01034	0.00689	0.00345	0.00861
16	0.02539	0.01889	0.02038	0.01665	0.02204	0.02105	0.01342	0.34114	0.31075	0.08721	0.02514	0.02369	0.01821	0.00986	0.00782	0.00246	0.00734	0.00782	0.00795	0.01279
17	0.01983	0.01930	0.06559	0.04444	0.60984	0.01803	0.02339	0.02458	0.01783	0.06030	0.01540	0.01942	0.01252	0.00708	0.00767	0.00232	0.00919	0.00689	0.00411	0.01229
18	0.04566	0.46095	0.10178	0.01531	0.02168	0.06162	0.03589	0.05649	0.01756	0.02228	0.06005	0.01701	0.01473	0.00785	0.00662	0.00197	0.03307	0.00548	0.00404	0.00995
19	0.06093	0.01334	0.01752	0.01821	0.12982	0.01296	0.01211	0.02890	0.11110	0.24839	0.09237	0.02782	0.02334	0.00948	0.00733	0.00226	0.00618	0.00797	0.11151	0.05845

[dist]
# distance from previous block
# <min> <max>
1	4

[block]
# block no. 1 follows, 25 sequences, length 101
# corresponding to MSA columns:
# 61-161
name=unknown_B
#
# <colnr> <probs for GDERKNQSTAVLIFYWHMCP>
#	G	D	E	R	K	N	Q	S	T	A	V	L	I	F	Y	W	H	M	C	P
0	0.01800	0.01886	0.14644	0.01428	0.02113	0.01307	0.01351	0.06868	0.05902	0.08082	0.07693	0.04342	0.01943	0.00840	0.00694	0.00186	0.00692	0.00689	0.00561	0.36979
1	0.01685	0.01274	0.01482	0.01247	0.01647	0.01258	0.00976	0.10647	0.14766	0.05574	0.31560	0.03808	0.04206	0.01182	0.00803	0.00222	0.00528	0.01007	0.00760	0.15369
2	0.08627	0.01285	0.03473	0.01143	0.01667	0.01042	0.00942	0.02122	0.01829	0.13318	0.17552	0.03101	0.06953	0.00981	0.00706	0.00190	0.00547	0.00808	0.00647	0.33069
3	0.68194	0.01537	0.01346	0.01379	0.07489	0.01757	0.00994	0.02365	0.04074	0.03384	0.01200	0.01387	0.00938	0.00731	0.00519	0.00240	0.00629	0.00463	0.00484	0.00891
4	0.02091	0.02168	0.02980	0.04274	0.56410	0.13747	0.02225	0.02505	0.01841	0.02422	0.01413	0.01828	0.01188	0.00710	0.00756	0.00225	0.01005	0.00657	0.00387	0.01170
5	0.01555	0.04011	0.68733	0.02210	0.03356	0.01801	0.02865	0.02455	0.01637	0.02455	0.01391	0.01637	0.00982	0.00737	0.00737	0.00246	0.01146	0.00573	0.00327	0.01146
6	0.00932	0.00786	0.00807	0.00802	0.01057	0.00661	0.00601	0.01143	0.01804	0.02182	0.12969	0.07319	0.62431	0.01931	0.00916	0.00260	0.00390	0.01616	0.00731	0.00661
7	0.01811	0.02030	0.04321	0.03086	0.03862	0.01881	0.59595	0.02438	0.01811	0.02487	0.01552	0.02050	0.01174	0.00647	0.00886	0.00249	0.01244	0.00876	0.00398	0.07600
8	0.01097	0.00793	0.01036	0.00975	0.01158	0.00732	0.00732	0.01463	0.02195	0.03109	0.67505	0.05792	0.07316	0.01585	0.00914	0.00244	0.00366	0.01402	0.00854	0.00732
9	0.01771	0.01359	0.01471	0.01358	0.01629	0.04319	0.01015	0.11350	0.23992	0.02703	0.02615	0.15164	0.02392	0.01676	0.01366	0.19423	0.00656	0.01020	0.03846	0.00875
10	0.01097	0.00793	0.01036	0.00975	0.01158	0.00732	0.00732	0.01463	0.02195	0.03109	0.67505	0.05792	0.07316	0.01585	0.00914	0.00244	0.00366	0.01402	0.00854	0.00732
11	0.04643	0.00755	0.00740	0.00735	0.00928	0.00765	0.00554	0.01826	0.01613	0.02915	0.02469	0.02823	0.01940	0.00896	0.00539	0.00183	0.00371	0.00710	0.73866	0.00728
12	0.05527	0.07565	0.08744	0.05338	0.09676	0.25355	0.19153	0.05223	0.01958	0.02361	0.01364	0.01692	0.01077	0.00735	0.00752	0.00227	0.01193	0.00646	0.00402	0.01014
13	0.01591	0.07224	0.63022	0.02211	0.03319	0.01868	0.05348	0.02450	0.01642	0.02427	0.01384	0.01637	0.00991	0.00730	0.00733	0.00242	0.01137	0.00579	0.00330	0.01135
14	0.01580	0.07303	0.65657	0.02168	0.03291	0.01861	0.02792	0.02449	0.01634	0.02425	0.01377	0.01618	0.00983	0.00733	0.00725	0.00242	0.01131	0.00565	0.00328	0.01139
15	0.01919	0.01842	0.03147	0.04759	0.67914	0.01842	0.02380	0.02380	0.01765	0.02533	0.01458	0.01919	0.01228	0.00691	0.00768	0.00230	0.00921	0.00691	0.00384	0.01228
16	0.01541	0.00896	0.01150	0.01027	0.01304	0.00801	0.00791	0.01869	0.02136	0.15869	0.45890	0.05418	0.15226	0.01518	0.00888	0.00246	0.00428	0.01314	0.00855	0.00836
17	0.01097	0.00793	0.01036	0.00975	0.01158	0.00732	0.00732	0.01463	0.02195	0.03109	0.67505	0.05792	0.07316	0.01585	0.00914	0.00244	0.00366	0.01402	0.00854	0.00732
18	0.01693	0.00961	0.00987	0.00897	0.01150	0.00999	0.00695	0.12260	0.01958	0.03219	0.02419	0.02721	0.01877	0.00908	0.00580	0.00189	0.00442	0.00719	0.64502	0.00821
19	0.78228	0.01499	0.01140	0.01020	0.01499	0.01739	0.00840	0.02279	0.01320	0.03479	0.01080	0.01260	0.00840	0.00720	0.00480	0.00240	0.00600	0.00420	0.00480	0.00840
20	0.01071	0.00781	0.01006	0.00971	0.01147	0.00717	0.00720	0.01403	0.02100	0.02934	0.57488	0.11884	0.11501	0.01688	0.00921	0.00252	0.00375	0.01491	0.00832	0.00717
21	0.02003	0.01702	0.01795	0.01593	0.02044	0.01963	0.01245	0.08569	0.61944	0.03363	0.03062	0.02818	0.02291	0.01043	0.00788	0.00261	0.00631	0.00864	0.00788	0.01234
22	0.01919	0.01842	0.03147	0.04759	0.67914	0.01842	0.02380	0.02380	0.01765	0.02533	0.01458	0.01919	0.01228	0.00691	0.00768	0.00230	0.00921	0.00691	0.00384	0.01228
23	0.01660	0.01646	0.02367	0.12943	0.02559	0.02272	0.01769	0.01884	0.01245	0.01884	0.01075	0.01755	0.01020	0.01265	0.02264	0.00326	0.60195	0.00680	0.00340	0.00850
24	0.01929	0.01666	0.01753	0.01578	0.02016	0.01929	0.01227	0.04120	0.66513	0.03243	0.03156	0.02893	0.02367	0.01052	0.00789	0.00263	0.00614	0.00877	0.00789	0.01227
25	0.01929	0.01666	0.01753	0.01578	0.02016	0.01929	0.01227	0.04120	0.66513	0.03243	0.03156	0.02893	0.02367	0.01052	0.00789	0.00263	0.00614	0.00877	0.00789	0.01227
26	0.01445	0.00723	0.00723	0.00723	0.00903	0.00723	0.00542	0.01807	0.01626	0.02891	0.02529	0.02891	0.01987	0.00903	0.00542	0.00181	0.00361	0.00723	0.77055	0.00723
27	0.02909	0.01568	0.07482	0.01451	0.02037	0.01285	0.01271	0.07882	0.06047	0.46913	0.07356	0.05733	0.02334	0.01051	0.00795	0.00245	0.00683	0.00866	0.00864	0.01229
28	0.02046	0.68019	0.03940	0.01378	0.01993	0.03018	0.01354	0.02289	0.01547	0.01827	0.01074	0.01277	0.00997	0.00714	0.00646	0.00178	0.05953	0.00434	0.00332	0.00984
29	0.01164	0.00849	0.01130	0.01214	0.01403	0.00815	0.01013	0.01505	0.01909	0.02536	0.24037	0.07687	0.12734	0.01950	0.01005	0.00311	0.00569	0.36700	0.00758	0.00712
30	0.01016	0.00789	0.00924	0.00890	0.01109	0.00697	0.00668	0.01306	0.02003	0.02655	0.40798	0.06540	0.34306	0.01755	0.00915	0.00252	0.00378	0.01507	0.00794	0.00697
31	0.01837	0.02072	0.04465	0.03383	0.08999	0.01952	0.60240	0.02476	0.01825	0.02487	0.01560	0.02078	0.01180	0.00656	0.00904	0.00259	0.01277	0.00898	0.00392	0.01060
32	0.03479	0.01320	0.01799	0.01380	0.01979	0.01140	0.01140	0.03779	0.02219	0.68451	0.03059	0.02639	0.01919	0.00960	0.00780	0.00240	0.00660	0.00780	0.00960	0.01320
33	0.00945	0.00675	0.00900	0.01080	0.01125	0.00630	0.00720	0.01080	0.01484	0.01979	0.04274	0.72245	0.05128	0.02429	0.00990	0.00315	0.00450	0.02204	0.00720	0.00630
34	0.00945	0.00675	0.00900	0.01080	0.01125	0.00630	0.00720	0.01080	0.01484	0.01979	0.04274	0.72245	0.05128	0.02429	0.00990	0.00315	0.00450	0.02204	0.00720	0.00630
35	0.01685	0.21419	0.52466	0.01988	0.03012	0.02119	0.02478	0.02422	0.01622	0.02297	0.01313	0.01538	0.00985	0.00718	0.00676	0.00225	0.01066	0.00533	0.00328	0.01108
36	0.02073	0.73217	0.04063	0.01327	0.01990	0.03068	0.01327	0.02322	0.01575	0.01824	0.01078	0.01244	0.00995	0.00663	0.00498	0.00166	0.00829	0.00415	0.00332	0.00995
37	0.01707	0.01728	0.02552	0.02135	0.02198	0.02341	0.06811	0.01916	0.01239	0.01916	0.01062	0.01728	0.01031	0.01300	0.02413	0.00333	0.65683	0.00698	0.00344	0.00864
38	0.01757	0.01919	0.08871	0.22777	0.42205	0.01810	0.04899	0.02280	0.01697	0.02371	0.01435	0.01942	0.01150	0.00717	0.00773	0.00241	0.00988	0.00689	0.00368	0.01112
39	0.02623	0.02055	0.02089	0.01702	0.02237	0.07045	0.01368	0.38758	0.21107	0.07145	0.02306	0.04224	0.01731	0.01001	0.00780	0.00242	0.00804	0.00782	0.00759	0.01242
40	0.07877	0.00915	0.01043	0.01008	0.01261	0.00867	0.00755	0.01681	0.04904	0.08475	0.21680	0.19358	0.23856	0.01720	0.00875	0.00264	0.00450	0.01475	0.00760	0.00773
41	0.01776	0.01373	0.01625	0.01169	0.01850	0.01043	0.00939	0.02116	0.01663	0.08450	0.01529	0.01700	0.01218	0.00609	0.00593	0.00126	0.00582	0.00488	0.00504	0.70646
42	0.08444	0.03785	0.62660	0.02103	0.03189	0.01795	0.02683	0.02440	0.01608	0.02547	0.01363	0.01603	0.00969	0.00735	0.00714	0.00245	0.01097	0.00559	0.00341	0.01118
43	0.02790	0.14758	0.02622	0.01719	0.02331	0.07407	0.01450	0.49742	0.03177	0.04132	0.01676	0.01719	0.01239	0.00874	0.00721	0.00219	0.00889	0.00634	0.00670	0.01231
44	0.08429	0.01831	0.03154	0.06992	0.50069	0.01846	0.11592	0.02370	0.01728	0.02584	0.01439	0.01894	0.01179	0.00691	0.00765	0.00237	0.00956	0.00701	0.00392	0.01152
45	0.01475	0.01400	0.02394	0.68818	0.05301	0.01730	0.04079	0.01996	0.01559	0.01996	0.01384	0.02068	0.01038	0.00771	0.00779	0.00258	0.01042	0.00696	0.00346	0.00867
46	0.01223	0.01038	0.01405	0.01358	0.01533	0.03184	0.06307	0.01627	0.07482	0.02308	0.13745	0.44712	0.04610	0.01930	0.00999	0.00292	0.03063	0.01739	0.00695	0.00751
47	0.00944	0.00679	0.00896	0.01070	0.01122	0.00631	0.00715	0.01081	0.01494	0.01983	0.04395	0.70045	0.07250	0.02413	0.00987	0.00313	0.00448	0.02185	0.00720	0.00631
48	0.01707	0.06126	0.08232	0.02005	0.02254	0.02220	0.05643	0.01990	0.01327	0.02012	0.01120	0.01681	0.01035	0.01149	0.01990	0.00296	0.50431	0.00649	0.00352	0.07781
49	0.78228	0.01499	0.01140	0.01020	0.01499	0.01739	0.00840	0.02279	0.01320	0.03479	0.01080	0.01260	0.00840	0.00720	0.00480	0.00240	0.00600	0.00420	0.00480	0.00840
50	0.01666	0.18760	0.54951	0.02022	0.03065	0.02071	0.02537	0.02427	0.01624	0.02321	0.01325	0.01553	0.00985	0.00721	0.00686	0.00229	0.01078	0.00539	0.00328	0.01114
51	0.01887	0.01466	0.01697	0.01254	0.01912	0.01230	0.01007	0.07937	0.06552	0.07573	0.01673	0.01799	0.01308	0.00669	0.00623	0.00145	0.00608	0.00534	0.00548	0.59578
52	0.01944	0.07922	0.03053	0.13336	0.48902	0.01972	0.02192	0.06895	0.01856	0.02568	0.01444	0.01877	0.01188	0.00718	0.00746	0.00229	0.00924	0.00667	0.00402	0.01164
53	0.01958	0.57808	0.18462	0.01523	0.02294	0.02786	0.01669	0.02352	0.01589	0.01965	0.01148	0.01331	0.00992	0.00680	0.00551	0.00184	0.00900	0.00450	0.00331	0.01029
54	0.01123	0.00771	0.00945	0.00945	0.00979	0.00806	0.00594	0.01191	0.01157	0.01577	0.02352	0.04571	0.02600	0.56133	0.20266	0.00874	0.01081	0.01054	0.00456	0.00525
55	0.01445	0.00723	0.00723	0.00723	0.00903	0.00723	0.00542	0.01807	0.01626	0.02891	0.02529	0.02891	0.01987	0.00903	0.00542	0.00181	0.00361	0.00723	0.77055	0.00723
56	0.00942	0.00683	0.00891	0.01057	0.01119	0.00632	0.00710	0.01082	0.01506	0.01988	0.04551	0.67226	0.09967	0.02393	0.00984	0.00311	0.00445	0.02160	0.00720	0.00632
57	0.01007	0.00727	0.00953	0.01027	0.01136	0.00673	0.00720	0.01240	0.01789	0.02453	0.30666	0.42488	0.08105	0.02063	0.00956	0.00284	0.00413	0.01852	0.00775	0.00673
58	0.01555	0.04011	0.68733	0.02210	0.03356	0.01801	0.02865	0.02455	0.01637	0.02455	0.01391	0.01637	0.00982	0.00737	0.00737	0.00246	0.01146	0.00573	0.00327	0.01146
59	0.01521	0.01436	0.02427	0.62700	0.13088	0.01737	0.02181	0.02030	0.01577	0.02049	0.01388	0.02049	0.01058	0.00765	0.00774	0.00255	0.01020	0.00689	0.00349	0.00907
60	0.01347	0.00673	0.01010	0.01010	0.01010	0.00673	0.00673	0.01010	0.01010	0.01347	0.01347	0.02357	0.01347	0.02694	0.03030	0.77441	0.00673	0.00673	0.00337	0.00337
61	0.01873	0.01796	0.03065	0.11392	0.61638	0.01830	0.02357	0.02340	0.01744	0.02478	0.01450	0.01934	0.01209	0.00699	0.00768	0.00233	0.00932	0.00691	0.00380	0.01191
62	0.78228	0.01499	0.01140	0.01020	0.01499	0.01739	0.00840	0.02279	0.01320	0.03479	0.01080	0.01260	0.00840	0.00720	0.00480	0.00240	0.00600	0.00420	0.00480	0.00840
63	0.01128	0.00752	0.00846	0.00846	0.00846	0.00752	0.00470	0.01128	0.01128	0.01503	0.02443	0.05074	0.02819	0.72751	0.03946	0.00752	0.00752	0.01128	0.00470	0.00470
64	0.01555	0.04011	0.68733	0.02210	0.03356	0.01801	0.02865	0.02455	0.01637	0.02455	0.01391	0.01637	0.00982	0.00737	0.00737	0.00246	0.01146	0.00573	0.00327	0.01146
65	0.01464	0.01378	0.02326	0.70887	0.05340	0.01723	0.02153	0.01981	0.01550	0.01981	0.01378	0.02067	0.01034	0.00775	0.00775	0.00258	0.01034	0.00689	0.00345	0.00861
66	0.03479	0.01320	0.01799	0.01380	0.01979	0.01140	0.01140	0.03779	0.02219	0.68451	0.03059	0.02639	0.01919	0.00960	0.00780	0.00240	0.00660	0.00780	0.00960	0.01320
67	0.00943	0.00680	0.00895	0.01067	0.01121	0.00631	0.00714	0.01081	0.01497	0.01984	0.04428	0.69450	0.07823	0.02409	0.00986	0.00313	0.00447	0.02180	0.00720	0.00631
68	0.01608	0.01378	0.01608	0.01148	0.01837	0.01034	0.00919	0.01952	0.01608	0.02527	0.01378	0.01608	0.01148	0.00574	0.00574	0.00115	0.00574	0.00459	0.00459	0.77491
69	0.01608	0.01378	0.01608	0.01148	0.01837	0.01034	0.00919	0.01952	0.01608	0.02527	0.01378	0.01608	0.01148	0.00574	0.00574	0.00115	0.00574	0.00459	0.00459	0.77491
70	0.00945	0.00675	0.00900	0.01080	0.01125	0.00630	0.00720	0.01080	0.01484	0.01979	0.04274	0.72245	0.05128	0.02429	0.00990	0.00315	0.00450	0.02204	0.00720	0.00630
71	0.02061	0.01636	0.01757	0.01561	0.02013	0.01861	0.01220	0.04091	0.61001	0.08834	0.03148	0.02871	0.02328	0.01044	0.00788	0.00261	0.00618	0.00868	0.00804	0.01235
72	0.01464	0.01378	0.02326	0.70887	0.05340	0.01723	0.02153	0.01981	0.01550	0.01981	0.01378	0.02067	0.01034	0.00775	0.00775	0.00258	0.01034	0.00689	0.00345	0.00861
73	0.00916	0.00785	0.00785	0.00785	0.01047	0.00655	0.00589	0.01113	0.01767	0.02095	0.07855	0.07462	0.67599	0.01964	0.00916	0.00262	0.00393	0.01636	0.00720	0.00655
74	0.00981	0.00675	0.00910	0.01073	0.01114	0.00634	0.00716	0.01073	0.01442	0.01922	0.04011	0.65965	0.04788	0.02453	0.01173	0.07245	0.00470	0.02067	0.00685	0.00603
75	0.01475	0.01378	0.02273	0.65819	0.05086	0.01673	0.02064	0.01979	0.01555	0.02021	0.01378	0.02034	0.01042	0.00761	0.00761	0.00248	0.01000	0.00672	0.00353	0.06431
76	0.00945	0.00675	0.00900	0.01080	0.01125	0.00630	0.00720	0.01080	0.01484	0.01979	0.04274	0.72245	0.05128	0.02429	0.00990	0.00315	0.00450	0.02204	0.00720	0.00630
77	0.01347	0.00673	0.01010	0.01010	0.01010	0.00673	0.00673	0.01010	0.01010	0.01347	0.01347	0.02357	0.01347	0.02694	0.03030	0.77441	0.00673	0.00673	0.00337	0.00337
78	0.01935	0.02101	0.07533	0.01883	0.07882	0.22007	0.01432	0.02260	0.01686	0.06796	0.01767	0.02293	0.01506	0.03041	0.31598	0.00678	0.01584	0.00692	0.00440	0.00888
79	0.03479	0.01320	0.01799	0.01380	0.01979	0.01140	0.01140	0.03779	0.02219	0.68451	0.03059	0.02639	0.01919	0.00960	0.00780	0.00240	0.00660	0.00780	0.00960	0.01320
80	0.01347	0.00673	0.01010	0.01010	0.01010	0.00673	0.00673	0.01010	0.01010	0.01347	0.01347	0.02357	0.01347	0.02694	0.03030	0.77441	0.00673	0.00673	0.00337	0.00337
81	0.78228	0.01499	0.01140	0.01020	0.01499	0.01739	0.00840	0.02279	0.01320	0.03479	0.01080	0.01260	0.00840	0.00720	0.00480	0.00240	0.00600	0.00420	0.00480	0.00840
82	0.02115	0.54887	0.13165	0.01513	0.02222	0.08529	0.01557	0.02456	0.01659	0.04125	0.01199	0.01360	0.01024	0.00695	0.00559	0.00183	0.00918	0.00457	0.00358	0.01019
83	0.01684	0.03111	0.38667	0.02706	0.03682	0.01876	0.32029	0.02469	0.01727	0.02469	0.01474	0.01850	0.01073	0.00698	0.00820	0.00253	0.01221	0.00733	0.00358	0.01099
84	0.01682	0.01634	0.02903	0.41930	0.18862	0.01815	0.13232	0.04399	0.01721	0.02294	0.01446	0.02031	0.01112	0.00741	0.00798	0.00252	0.01050	0.00729	0.00377	0.00991
85	0.01700	0.01442	0.01655	0.01217	0.01881	0.01179	0.00973	0.05162	0.07537	0.02703	0.01561	0.01735	0.01266	0.00634	0.00603	0.00134	0.00591	0.00508	0.00504	0.67015
86	0.01326	0.00958	0.01136	0.01062	0.01126	0.01048	0.00703	0.06546	0.01352	0.01842	0.02240	0.04335	0.02461	0.54650	0.09469	0.00718	0.06931	0.01027	0.00479	0.00593
87	0.00963	0.00777	0.00857	0.00858	0.01081	0.00671	0.00636	0.01195	0.01846	0.02332	0.22102	0.12875	0.47262	0.01913	0.00923	0.00262	0.00391	0.01630	0.00753	0.00671
88	0.01796	0.02005	0.04239	0.09070	0.06442	0.01953	0.54777	0.02411	0.01777	0.02417	0.01526	0.02067	0.01160	0.00694	0.00965	0.00263	0.04146	0.00878	0.00386	0.01029
89	0.01128	0.00752	0.00846	0.00846	0.00846	0.00752	0.00470	0.01128	0.01128	0.01503	0.02443	0.05074	0.02819	0.72751	0.03946	0.00752	0.00752	0.01128	0.00470	0.00470
90	0.01085	0.00837	0.00997	0.00965	0.01177	0.00777	0.00720	0.01499	0.06087	0.02734	0.41132	0.10961	0.24708	0.01725	0.00913	0.00256	0.00396	0.01497	0.00800	0.00733
91	0.00945	0.00675	0.00900	0.01080	0.01125	0.00630	0.00720	0.01080	0.01484	0.01979	0.04274	0.72245	0.05128	0.02429	0.00990	0.00315	0.00450	0.02204	0.00720	0.00630
92	0.01105	0.00799	0.01040	0.01001	0.01181	0.00742	0.00760	0.01455	0.02120	0.02973	0.58997	0.06048	0.08704	0.03691	0.01014	0.00268	0.00405	0.06149	0.00828	0.00720
93	0.01955	0.01818	0.02983	0.12026	0.55179	0.01877	0.02276	0.07732	0.01902	0.02672	0.01484	0.01931	0.01214	0.00721	0.00769	0.00234	0.00928	0.00691	0.00413	0.01194
94	0.02374	0.01602	0.01729	0.01472	0.01950	0.04395	0.01166	0.08907	0.33748	0.21185	0.03446	0.03167	0.09155	0.01104	0.00795	0.00251	0.00655	0.00901	0.00811	0.01185
95	0.14795	0.08449	0.02295	0.01622	0.02224	0.02359	0.01360	0.49679	0.03091	0.04388	0.01667	0.01711	0.01214	0.00873	0.00704	0.00228	0.00811	0.00629	0.00689	0.01214
96	0.08542	0.56112	0.09257	0.01515	0.02212	0.02768	0.06048	0.02341	0.01577	0.02067	0.01140	0.01340	0.00994	0.00674	0.00546	0.00186	0.00871	0.00465	0.00348	0.00998
97	0.01125	0.00744	0.00845	0.00861	0.00872	0.00740	0.00494	0.01152	0.01179	0.01602	0.02604	0.10742	0.02982	0.63706	0.03550	0.00690	0.00709	0.01203	0.03706	0.00494
98	0.01661	0.00920	0.01228	0.01115	0.01389	0.00837	0.00873	0.02001	0.02135	0.18249	0.44202	0.08011	0.05711	0.01523	0.00900	0.00256	0.00469	0.06797	0.00860	0.00863
99	0.01927	0.01368	0.01640	0.01188	0.01862	0.01052	0.00956	0.02264	0.01712	0.13768	0.01665	0.01784	0.01280	0.00640	0.00609	0.00136	0.00589	0.00514	0.00545	0.64502
100	0.01964	0.02011	0.03788	0.02872	0.06123	0.02033	0.42567	0.11191	0.01989	0.02744	0.01525	0.01980	0.01177	0.00783	0.01088	0.00260	0.10365	0.00825	0.00441	0.04274

[dist]
# distance from previous block
# <min> <max>
9	17

[block]
# block no. 2 follows, 25 sequences, length 7
# corresponding to MSA columns:
# 180-186
name=unknown_C
#
# <colnr> <probs for GDERKNQSTAVLIFYWHMCP>
#	G	D	E	R	K	N	Q	S	T	A	V	L	I	F	Y	W	H	M	C	P
0	0.02141	0.01538	0.01942	0.01482	0.02072	0.01413	0.05582	0.18158	0.02208	0.12118	0.02085	0.10143	0.01767	0.00941	0.00726	0.00196	0.00693	0.00801	0.00634	0.33361
1	0.01869	0.01792	0.03057	0.11990	0.61072	0.01829	0.02355	0.02336	0.01742	0.02473	0.01450	0.01935	0.01207	0.00700	0.00768	0.00233	0.00933	0.00691	0.00380	0.01188
2	0.01541	0.01501	0.02673	0.57818	0.09136	0.01761	0.10433	0.02072	0.01601	0.02082	0.01408	0.02061	0.01065	0.00754	0.00793	0.00257	0.01062	0.00719	0.00353	0.00909
3	0.01476	0.00739	0.01066	0.01045	0.01117	0.00731	0.00728	0.01308	0.01193	0.06886	0.01819	0.07644	0.01751	0.02655	0.07253	0.55843	0.00737	0.00809	0.04718	0.00484
4	0.01731	0.27488	0.46794	0.01910	0.02893	0.02231	0.02343	0.02410	0.01616	0.02241	0.01285	0.01504	0.00987	0.00712	0.00656	0.00219	0.01038	0.00519	0.00329	0.01095
5	0.01712	0.01795	0.03093	0.08749	0.03124	0.04840	0.29403	0.02145	0.01610	0.02218	0.01540	0.04331	0.01336	0.03801	0.03510	0.00308	0.14969	0.00820	0.00400	0.10296
6	0.51999	0.01606	0.01281	0.01138	0.01578	0.06440	0.00915	0.07039	0.05600	0.03375	0.01475	0.01641	0.01140	0.00787	0.00545	0.00230	0.00642	0.00516	0.11167	0.00887

[dist]
# distance from previous block
# <min> <max>
1	5

[block]
# block no. 3 follows, 25 sequences, length 25
# corresponding to MSA columns:
# 192-216
name=unknown_D
#
# <colnr> <probs for GDERKNQSTAVLIFYWHMCP>
#	G	D	E	R	K	N	Q	S	T	A	V	L	I	F	Y	W	H	M	C	P
0	0.09428	0.01373	0.01574	0.01283	0.01789	0.01322	0.01026	0.08611	0.11487	0.22525	0.06377	0.06005	0.07935	0.01066	0.00744	0.00225	0.00601	0.00867	0.00744	0.15018
1	0.01823	0.01921	0.03762	0.09620	0.26793	0.01919	0.34140	0.02372	0.01751	0.02427	0.01485	0.02008	0.01175	0.00712	0.00932	0.00254	0.04636	0.00804	0.00382	0.01085
2	0.02431	0.01910	0.02011	0.01585	0.02172	0.04766	0.01279	0.32487	0.16517	0.06141	0.02040	0.02031	0.01511	0.00868	0.00728	0.00210	0.00752	0.00675	0.00695	0.19188
3	0.01035	0.00785	0.01110	0.01163	0.01290	0.00720	0.03482	0.01232	0.01597	0.02173	0.12139	0.57187	0.05042	0.02152	0.00956	0.00294	0.00482	0.01959	0.00710	0.04491
4	0.01732	0.01452	0.01674	0.01207	0.01890	0.01160	0.00970	0.07816	0.01796	0.02745	0.01423	0.01631	0.01164	0.00607	0.00593	0.00126	0.00600	0.00481	0.00489	0.70443
5	0.01917	0.01311	0.07313	0.01227	0.01665	0.01016	0.01066	0.04521	0.02143	0.22251	0.32499	0.04271	0.09200	0.01280	0.00837	0.00237	0.00551	0.01091	0.00806	0.04798
6	0.01668	0.19053	0.54677	0.02018	0.03059	0.02076	0.02530	0.02426	0.01624	0.02318	0.01323	0.01552	0.00985	0.00721	0.00685	0.00228	0.01077	0.00539	0.00328	0.01113
7	0.01676	0.01581	0.02673	0.35110	0.35719	0.01740	0.02219	0.02157	0.01667	0.02268	0.01554	0.02329	0.01300	0.00802	0.00786	0.00250	0.00963	0.03793	0.00382	0.01033
8	0.01798	0.02028	0.04376	0.09257	0.04166	0.01940	0.59523	0.02439	0.01805	0.02439	0.01552	0.02089	0.01164	0.00664	0.00903	0.00261	0.01283	0.00895	0.00388	0.01029
9	0.01834	0.01774	0.03078	0.16331	0.53492	0.01827	0.05676	0.02315	0.01731	0.02433	0.01450	0.01954	0.01191	0.00704	0.00777	0.00237	0.00961	0.00702	0.00377	0.01154
10	0.01464	0.01378	0.02326	0.70887	0.05340	0.01723	0.02153	0.01981	0.01550	0.01981	0.01378	0.02067	0.01034	0.00775	0.00775	0.00258	0.01034	0.00689	0.00345	0.00861
11	0.01382	0.00906	0.01253	0.04379	0.01669	0.00887	0.01126	0.01700	0.01799	0.08162	0.09087	0.17169	0.07570	0.01967	0.01000	0.00322	0.00640	0.37491	0.00732	0.00760
12	0.01097	0.00793	0.01036	0.00975	0.01158	0.00732	0.00732	0.01463	0.02195	0.03109	0.67505	0.05792	0.07316	0.01585	0.00914	0.00244	0.00366	0.01402	0.00854	0.00732
13	0.01862	0.01858	0.03046	0.18864	0.45291	0.05305	0.07840	0.02339	0.01747	0.02376	0.01437	0.01940	0.01170	0.00711	0.00779	0.00238	0.01004	0.00700	0.00377	0.01115
14	0.01919	0.01842	0.03147	0.04759	0.67914	0.01842	0.02380	0.02380	0.01765	0.02533	0.01458	0.01919	0.01228	0.00691	0.00768	0.00230	0.00921	0.00691	0.00384	0.01228
15	0.03479	0.01320	0.01799	0.01380	0.01979	0.01140	0.01140	0.03779	0.02219	0.68451	0.03059	0.02639	0.01919	0.00960	0.00780	0.00240	0.00660	0.00780	0.00960	0.01320
16	0.01128	0.00752	0.00846	0.00846	0.00846	0.00752	0.00470	0.01128	0.01128	0.01503	0.02443	0.05074	0.02819	0.72751	0.03946	0.00752	0.00752	0.01128	0.00470	0.00470
17	0.01464	0.01378	0.02326	0.70887	0.05340	0.01723	0.02153	0.01981	0.01550	0.01981	0.01378	0.02067	0.01034	0.00775	0.00775	0.00258	0.01034	0.00689	0.00345	0.00861
18	0.01919	0.01842	0.03147	0.04759	0.67914	0.01842	0.02380	0.02380	0.01765	0.02533	0.01458	0.01919	0.01228	0.00691	0.00768	0.00230	0.00921	0.00691	0.00384	0.01228
19	0.00945	0.00675	0.00900	0.01080	0.01125	0.00630	0.00720	0.01080	0.01484	0.01979	0.04274	0.72245	0.05128	0.02429	0.00990	0.00315	0.00450	0.02204	0.00720	0.00630
20	0.01587	0.08216	0.64804	0.02156	0.03273	0.01878	0.02771	0.02447	0.01633	0.02417	0.01372	0.01613	0.00983	0.00732	0.00722	0.00241	0.01127	0.00563	0.00328	0.01137
21	0.01844	0.01794	0.03144	0.14510	0.53237	0.01834	0.07583	0.02329	0.01739	0.02447	0.01456	0.01956	0.01195	0.00700	0.00781	0.00237	0.00970	0.00709	0.00379	0.01158
22	0.00972	0.00749	0.00896	0.01000	0.01153	0.00674	0.00732	0.01161	0.01642	0.02071	0.05764	0.36803	0.31417	0.02196	0.00969	0.00298	0.00459	0.09674	0.00719	0.00651
23	0.01665	0.01695	0.02793	0.19312	0.03247	0.02133	0.14204	0.02015	0.01403	0.02015	0.01215	0.01865	0.01053	0.01076	0.01788	0.00304	0.40249	0.00727	0.00351	0.00890
24	0.01920	0.01916	0.02866	0.14251	0.49939	0.08265	0.02221	0.02361	0.01775	0.02382	0.01516	0.02136	0.01293	0.00766	0.00773	0.00236	0.00976	0.02892	0.00391	0.01124

[dist]
# distance from previous block
# <min> <max>
3	10

[block]
# block no. 4 follows, 25 sequences, length 45
# corresponding to MSA columns:
# 227-271
name=unknown_E
#
# <colnr> <probs for GDERKNQSTAVLIFYWHMCP>
#	G	D	E	R	K	N	Q	S	T	A	V	L	I	F	Y	W	H	M	C	P
0	0.02474	0.01925	0.02307	0.06718	0.02577	0.02036	0.05757	0.43549	0.02939	0.03996	0.01747	0.01967	0.01314	0.03452	0.00867	0.00236	0.00847	0.00688	0.00654	0.13949
1	0.01587	0.02172	0.21273	0.01842	0.07122	0.01345	0.05535	0.02106	0.01633	0.02469	0.01583	0.06152	0.01360	0.00752	0.00683	0.00183	0.00802	0.00648	0.00428	0.40325
2	0.63953	0.06808	0.05585	0.04813	0.01853	0.01838	0.01069	0.02277	0.01370	0.03217	0.01115	0.01324	0.00870	0.00720	0.00513	0.00236	0.00673	0.00443	0.00453	0.00871
3	0.02855	0.01916	0.06379	0.05423	0.02572	0.01832	0.06045	0.29444	0.05058	0.26971	0.02259	0.02189	0.01524	0.00905	0.00785	0.00241	0.00836	0.00741	0.00764	0.01261
4	0.01631	0.13017	0.56690	0.02084	0.03106	0.01998	0.02600	0.02407	0.01605	0.02341	0.01330	0.01588	0.00986	0.00760	0.00801	0.00240	0.04819	0.00558	0.00329	0.01110
5	0.01599	0.07899	0.52231	0.10692	0.03435	0.01879	0.02578	0.02491	0.05627	0.02405	0.01479	0.01743	0.01075	0.00756	0.00730	0.00243	0.01079	0.00596	0.00358	0.01106
6	0.00993	0.00795	0.00892	0.00887	0.01120	0.00694	0.00678	0.01250	0.01893	0.02406	0.24921	0.07069	0.45536	0.01866	0.00927	0.00263	0.00408	0.05962	0.00758	0.00681
7	0.02053	0.42392	0.15182	0.01914	0.06197	0.06360	0.07305	0.06377	0.01785	0.02230	0.01254	0.01473	0.01043	0.00701	0.00620	0.00198	0.00965	0.00525	0.00371	0.01054
8	0.06899	0.01559	0.02471	0.39085	0.20409	0.01809	0.03660	0.02263	0.06251	0.02321	0.01492	0.02015	0.01168	0.00797	0.00850	0.00255	0.04625	0.00690	0.00397	0.00983
9	0.01191	0.00851	0.01183	0.01361	0.01514	0.00842	0.01148	0.01506	0.01728	0.02255	0.04137	0.20868	0.04589	0.02197	0.01055	0.00349	0.00664	0.51148	0.00715	0.00698
10	0.01095	0.00790	0.01039	0.01008	0.01181	0.00734	0.00760	0.01445	0.02123	0.02988	0.59623	0.10515	0.07006	0.01674	0.00928	0.00255	0.00391	0.04885	0.00837	0.00724
11	0.01783	0.02075	0.07204	0.07804	0.07489	0.01872	0.50321	0.02409	0.01784	0.02453	0.01529	0.02028	0.01159	0.00663	0.00867	0.00250	0.01213	0.00842	0.00390	0.05866
12	0.00962	0.00687	0.00919	0.01099	0.01152	0.00644	0.00749	0.01109	0.01501	0.01998	0.04264	0.68694	0.05091	0.02413	0.00994	0.00317	0.00465	0.05587	0.00719	0.00634
13	0.00929	0.00775	0.00810	0.00824	0.01061	0.00656	0.00609	0.01128	0.01762	0.02136	0.10624	0.13662	0.58387	0.01989	0.00923	0.00266	0.00397	0.01679	0.00727	0.00656
14	0.00952	0.00734	0.00875	0.00980	0.01123	0.00657	0.00699	0.01127	0.01620	0.02048	0.05742	0.41484	0.30890	0.02219	0.00965	0.00296	0.00443	0.05782	0.00719	0.00645
15	0.02627	0.07339	0.02465	0.01891	0.02385	0.23169	0.05390	0.23332	0.08748	0.06554	0.01702	0.01817	0.01297	0.00904	0.00891	0.00232	0.06927	0.00651	0.00579	0.01101
16	0.01830	0.02092	0.04575	0.03268	0.04052	0.01961	0.65098	0.02484	0.01830	0.02484	0.01569	0.02092	0.01176	0.00654	0.00915	0.00261	0.01307	0.00915	0.00392	0.01046
17	0.02073	0.73217	0.04063	0.01327	0.01990	0.03068	0.01327	0.02322	0.01575	0.01824	0.01078	0.01244	0.00995	0.00663	0.00498	0.00166	0.00829	0.00415	0.00332	0.00995
18	0.01630	0.01642	0.02617	0.05754	0.02480	0.02082	0.13075	0.01907	0.01346	0.01989	0.01414	0.06919	0.01381	0.01461	0.04823	0.00357	0.47043	0.00838	0.00380	0.00862
19	0.01941	0.01604	0.01723	0.01561	0.01989	0.01835	0.01226	0.03949	0.60119	0.05512	0.03213	0.03255	0.02484	0.01118	0.00806	0.00268	0.00622	0.04789	0.00790	0.01198
20	0.00918	0.00778	0.00793	0.00806	0.01053	0.00653	0.00598	0.01110	0.01748	0.02087	0.07609	0.11905	0.63315	0.01996	0.00921	0.00265	0.00397	0.01675	0.00720	0.00653
21	0.01518	0.01483	0.02655	0.60972	0.05151	0.01758	0.11383	0.02055	0.01591	0.02055	0.01406	0.02071	0.01055	0.00757	0.00796	0.00259	0.01074	0.00722	0.00352	0.00888
22	0.01689	0.02937	0.34000	0.02650	0.03520	0.01930	0.29718	0.02406	0.01674	0.02406	0.01429	0.01840	0.01070	0.00765	0.01003	0.00262	0.08539	0.00732	0.00357	0.01071
23	0.01830	0.02092	0.04575	0.03268	0.04052	0.01961	0.65098	0.02484	0.01830	0.02484	0.01569	0.02092	0.01176	0.00654	0.00915	0.00261	0.01307	0.00915	0.00392	0.01046
24	0.00927	0.00772	0.00800	0.00820	0.01048	0.00655	0.00599	0.01110	0.01713	0.02060	0.07264	0.14498	0.58375	0.04589	0.01035	0.00285	0.00412	0.01680	0.00711	0.00645
25	0.01805	0.05745	0.03927	0.02817	0.03374	0.02136	0.43819	0.02301	0.01635	0.02274	0.01387	0.01935	0.01122	0.00853	0.01353	0.00278	0.21055	0.00822	0.00374	0.00987
26	0.01578	0.01568	0.02778	0.47187	0.06873	0.01855	0.13783	0.02074	0.01563	0.02079	0.01370	0.02019	0.01065	0.00824	0.01028	0.00268	0.10098	0.00730	0.00354	0.00907
27	0.01214	0.00881	0.01200	0.01360	0.01547	0.00867	0.01180	0.01554	0.01783	0.02297	0.04502	0.08610	0.11140	0.02123	0.01055	0.00347	0.00680	0.56238	0.00715	0.00708
28	0.01479	0.01398	0.02329	0.66548	0.05132	0.01764	0.02125	0.01974	0.01528	0.01974	0.01355	0.02044	0.01033	0.00812	0.00887	0.00263	0.05464	0.00688	0.00344	0.00860
29	0.01640	0.13269	0.56636	0.02146	0.03208	0.01980	0.05908	0.02439	0.01639	0.02372	0.01358	0.01608	0.00994	0.00722	0.00714	0.00236	0.01111	0.00569	0.00331	0.01120
30	0.00952	0.00680	0.00906	0.01075	0.01126	0.00635	0.00720	0.01098	0.01518	0.02033	0.07278	0.69087	0.05232	0.02389	0.00986	0.00312	0.00446	0.02166	0.00726	0.00635
31	0.02073	0.73217	0.04063	0.01327	0.01990	0.03068	0.01327	0.02322	0.01575	0.01824	0.01078	0.01244	0.00995	0.00663	0.00498	0.00166	0.00829	0.00415	0.00332	0.00995
32	0.01297	0.00938	0.01128	0.01160	0.01326	0.00933	0.00830	0.11806	0.01894	0.02541	0.06353	0.51235	0.08966	0.02067	0.00932	0.00290	0.00507	0.01836	0.03206	0.00753
33	0.04419	0.05319	0.53823	0.02276	0.03310	0.04461	0.10812	0.02474	0.01671	0.02459	0.01388	0.01664	0.01003	0.00726	0.00743	0.00244	0.01149	0.00605	0.00344	0.01109
34	0.00959	0.00783	0.00854	0.00891	0.01116	0.00678	0.00675	0.01171	0.01751	0.02142	0.09350	0.15354	0.51541	0.02023	0.00940	0.00277	0.00430	0.07679	0.00725	0.00660
35	0.01618	0.08066	0.57518	0.02275	0.03350	0.01897	0.09777	0.02450	0.01655	0.02420	0.01392	0.01664	0.01005	0.00723	0.00742	0.00242	0.01145	0.00602	0.00335	0.01125
36	0.01641	0.01622	0.03017	0.21513	0.08297	0.01746	0.25965	0.02132	0.01635	0.02299	0.01659	0.05015	0.01374	0.00874	0.01022	0.00261	0.09394	0.00841	0.08760	0.00932
37	0.01622	0.01163	0.01245	0.01192	0.01416	0.05679	0.00888	0.02055	0.09716	0.10040	0.08144	0.07167	0.09290	0.24079	0.01858	0.00427	0.00690	0.11886	0.00665	0.00778
38	0.01722	0.07900	0.53798	0.02288	0.05582	0.01858	0.07603	0.02516	0.01684	0.05870	0.01476	0.01711	0.01056	0.00736	0.00739	0.00241	0.01106	0.00605	0.00368	0.01141
39	0.01505	0.03667	0.05774	0.06106	0.06361	0.01306	0.11121	0.06134	0.01837	0.04431	0.10647	0.23804	0.03369	0.01684	0.04160	0.00320	0.00818	0.05477	0.00603	0.00875
40	0.01691	0.02319	0.18387	0.10114	0.03652	0.01804	0.33780	0.04269	0.01763	0.02447	0.01680	0.06763	0.01387	0.00834	0.00897	0.00258	0.03215	0.00873	0.00407	0.03458
41	0.04249	0.01246	0.05036	0.03562	0.04352	0.01117	0.05047	0.01985	0.08218	0.06931	0.10862	0.25864	0.03686	0.03813	0.00976	0.00290	0.00640	0.06969	0.00665	0.04494
42	0.01884	0.06779	0.05774	0.13005	0.09375	0.01921	0.24807	0.10277	0.01902	0.02583	0.01482	0.01941	0.01161	0.00861	0.00995	0.05005	0.03549	0.00734	0.00425	0.05540
43	0.06707	0.08045	0.14411	0.12136	0.06615	0.06075	0.07403	0.10152	0.01904	0.07069	0.01752	0.05767	0.01472	0.06039	0.00974	0.00276	0.00952	0.00756	0.00483	0.01010
44	0.09726	0.11337	0.32378	0.01886	0.04928	0.04728	0.01988	0.10100	0.01844	0.02724	0.01421	0.01674	0.01095	0.01090	0.05405	0.00293	0.01050	0.00566	0.00417	0.05349

[dist]
# distance from previous block
# <min> <max>
0	29

[block]
# block no. 5 follows, 25 sequences, length 48
# corresponding to MSA columns:
# 301-348
name=unknown_F
#
# <colnr> <probs for GDERKNQSTAVLIFYWHMCP>
#	G	D	E	R	K	N	Q	S	T	A	V	L	I	F	Y	W	H	M	C	P
0	0.05626	0.08966	0.02256	0.01657	0.02124	0.07875	0.08484	0.17579	0.07032	0.09295	0.02352	0.15297	0.02128	0.02907	0.00857	0.00257	0.00813	0.00981	0.02492	0.01023
1	0.05060	0.01619	0.08820	0.01443	0.01874	0.01425	0.01246	0.17633	0.02130	0.08045	0.08676	0.19390	0.02785	0.01404	0.01006	0.03722	0.04545	0.01092	0.00652	0.07435
2	0.16895	0.04975	0.14603	0.01691	0.04340	0.01664	0.05233	0.12287	0.02014	0.11674	0.05809	0.05063	0.03491	0.00966	0.00728	0.00240	0.00791	0.02704	0.00589	0.04244
3	0.01973	0.01471	0.08216	0.01451	0.01911	0.01171	0.05891	0.07233	0.01871	0.18877	0.05502	0.14902	0.04565	0.08111	0.01246	0.04859	0.00715	0.01060	0.00655	0.08321
4	0.01947	0.06779	0.04503	0.01807	0.02234	0.06407	0.09374	0.14333	0.02013	0.02765	0.06682	0.06254	0.01874	0.01058	0.01160	0.00245	0.16820	0.00803	0.03703	0.09238
5	0.03874	0.07288	0.08637	0.04208	0.02237	0.01769	0.07438	0.19318	0.08756	0.03041	0.02416	0.02853	0.06700	0.10382	0.01166	0.00302	0.00810	0.00827	0.06978	0.00999
6	0.01708	0.15829	0.44145	0.02365	0.07362	0.02050	0.11242	0.02431	0.01661	0.02353	0.01365	0.01649	0.01027	0.00709	0.00721	0.00233	0.01098	0.00600	0.00341	0.01111
7	0.06512	0.10995	0.36049	0.02042	0.02911	0.09927	0.07012	0.10973	0.01962	0.02712	0.01393	0.01609	0.01037	0.00755	0.00710	0.00231	0.01081	0.00581	0.00411	0.01098
8	0.01593	0.01852	0.08344	0.06552	0.03257	0.01624	0.36649	0.02114	0.01688	0.02331	0.02032	0.15629	0.01912	0.01035	0.00950	0.00263	0.03980	0.01082	0.00451	0.06663
9	0.01117	0.00801	0.01017	0.01112	0.01212	0.00777	0.00767	0.05917	0.01699	0.02286	0.10113	0.57778	0.04958	0.05171	0.01090	0.00320	0.00484	0.01969	0.00726	0.00684
10	0.01794	0.02482	0.16808	0.02889	0.03672	0.04953	0.45487	0.02440	0.01771	0.02410	0.01567	0.03884	0.01232	0.00756	0.00945	0.00260	0.04370	0.00854	0.00386	0.01038
11	0.06168	0.08554	0.46179	0.07400	0.09190	0.01897	0.05331	0.02395	0.01628	0.02442	0.01363	0.01663	0.01010	0.00725	0.00717	0.00240	0.01069	0.00587	0.00346	0.01099
12	0.01540	0.06832	0.01567	0.01300	0.01522	0.10357	0.01003	0.05170	0.01529	0.01987	0.01945	0.02917	0.01839	0.14211	0.38616	0.00848	0.01552	0.00787	0.03732	0.00746
13	0.01049	0.00797	0.01034	0.01112	0.01217	0.00766	0.00774	0.01209	0.01507	0.02051	0.06675	0.54916	0.07207	0.04767	0.01146	0.00312	0.04350	0.01889	0.00675	0.06546
14	0.01208	0.00853	0.01188	0.01175	0.01311	0.00987	0.00912	0.01492	0.01333	0.02043	0.02194	0.05541	0.02015	0.04376	0.48365	0.00930	0.05746	0.00850	0.16777	0.00706
15	0.02124	0.01539	0.01689	0.01484	0.01937	0.01695	0.01164	0.03836	0.50430	0.14565	0.03490	0.03190	0.07160	0.01104	0.00797	0.00259	0.00605	0.00916	0.00814	0.01201
16	0.07162	0.02020	0.02054	0.03925	0.02266	0.06115	0.01347	0.48085	0.03107	0.04287	0.01841	0.01931	0.01343	0.00902	0.00725	0.00226	0.00817	0.00673	0.09997	0.01178
17	0.09515	0.54287	0.06221	0.01406	0.02043	0.09916	0.01357	0.02441	0.01635	0.03635	0.01152	0.01312	0.01002	0.00693	0.00534	0.00182	0.00877	0.00440	0.00368	0.00984
18	0.53108	0.01529	0.01486	0.14582	0.02333	0.01790	0.01160	0.06093	0.06510	0.03255	0.01343	0.01576	0.01023	0.00768	0.00578	0.00245	0.00700	0.00523	0.00495	0.00902
19	0.01020	0.00774	0.00939	0.00930	0.01119	0.00694	0.00685	0.01302	0.01965	0.02639	0.40317	0.15263	0.25893	0.01817	0.00925	0.00259	0.00386	0.01584	0.00794	0.00694
20	0.07673	0.08260	0.31005	0.04837	0.05383	0.08274	0.04382	0.02559	0.01786	0.10604	0.06642	0.02046	0.01598	0.00825	0.00724	0.00234	0.00977	0.00654	0.00470	0.01065
21	0.01827	0.02043	0.04302	0.03289	0.08750	0.01983	0.55583	0.02429	0.01777	0.02441	0.01519	0.02049	0.01169	0.00709	0.01026	0.00265	0.06527	0.00880	0.00388	0.01045
22	0.00953	0.00681	0.00907	0.01074	0.01126	0.00635	0.00720	0.01101	0.01523	0.02041	0.07739	0.68602	0.05248	0.02383	0.00986	0.00311	0.00445	0.02160	0.00727	0.00635
23	0.01713	0.25150	0.48979	0.01940	0.02939	0.02188	0.02395	0.02415	0.01618	0.02263	0.01296	0.01517	0.00986	0.00714	0.00664	0.00221	0.01049	0.00525	0.00329	0.01100
24	0.01437	0.01513	0.10491	0.05312	0.02062	0.01268	0.03956	0.07337	0.11090	0.02550	0.04511	0.32424	0.03442	0.01667	0.00900	0.00289	0.00693	0.07525	0.00650	0.00884
25	0.01742	0.02013	0.06185	0.02967	0.03644	0.01886	0.53075	0.02325	0.01746	0.02395	0.01727	0.07435	0.01461	0.00849	0.01045	0.00271	0.06837	0.00984	0.00411	0.01001
26	0.01169	0.00798	0.01002	0.00977	0.01167	0.00723	0.00717	0.01447	0.01957	0.06253	0.39798	0.17652	0.17421	0.04140	0.01022	0.00276	0.00415	0.01543	0.00799	0.00723
27	0.01746	0.02094	0.12253	0.13384	0.03713	0.01797	0.35099	0.07107	0.01868	0.02567	0.01760	0.06847	0.01441	0.00836	0.00849	0.00257	0.01113	0.00898	0.03360	0.01010
28	0.01644	0.01644	0.02430	0.34841	0.06745	0.06785	0.09787	0.02249	0.07883	0.02181	0.01993	0.06801	0.04227	0.00985	0.00944	0.00264	0.06386	0.00858	0.00439	0.00915
29	0.01709	0.01734	0.02587	0.02154	0.02230	0.02335	0.07809	0.01926	0.01249	0.01926	0.01071	0.01734	0.01033	0.01289	0.02387	0.00332	0.64581	0.00701	0.00344	0.00867
30	0.01783	0.01884	0.08126	0.17514	0.06166	0.01748	0.32052	0.02330	0.01727	0.07235	0.01805	0.07459	0.01485	0.00878	0.00935	0.00264	0.04255	0.00911	0.00442	0.00999
31	0.07608	0.25510	0.43270	0.01842	0.02785	0.02193	0.02227	0.02400	0.01593	0.02336	0.01269	0.01485	0.00975	0.00712	0.00642	0.00220	0.01005	0.00512	0.00340	0.01075
32	0.00964	0.00683	0.00894	0.01055	0.01095	0.00643	0.00693	0.01085	0.01446	0.01928	0.04078	0.65060	0.04881	0.09951	0.01306	0.00362	0.00482	0.02089	0.00693	0.00613
33	0.00934	0.00786	0.00810	0.00804	0.01058	0.00662	0.00603	0.01147	0.01809	0.02192	0.13605	0.07301	0.61788	0.01927	0.00916	0.00260	0.00390	0.01614	0.00733	0.00662
34	0.07528	0.13079	0.08151	0.01308	0.01671	0.06433	0.01118	0.01923	0.01605	0.08585	0.02777	0.32433	0.02972	0.05744	0.00979	0.00288	0.00699	0.01290	0.00586	0.00833
35	0.01806	0.02107	0.09173	0.03624	0.26365	0.01856	0.35513	0.02392	0.01779	0.02480	0.01617	0.04637	0.01328	0.00740	0.00851	0.00251	0.01126	0.00857	0.00396	0.01102
36	0.00945	0.00675	0.00900	0.01080	0.01125	0.00630	0.00720	0.01080	0.01484	0.01979	0.04274	0.72245	0.05128	0.02429	0.00990	0.00315	0.00450	0.02204	0.00720	0.00630
37	0.02849	0.02123	0.02272	0.01764	0.02367	0.02359	0.01450	0.59428	0.09706	0.04728	0.01986	0.01961	0.01420	0.00942	0.00777	0.00236	0.00830	0.00715	0.00777	0.01310
