[name]
unknown

[dist]
# distance from previous block
# <min> <max>
0	51

[block]
# block no. 0 follows, 24 sequences, length 46
# corresponding to MSA columns:
# 63-108
name=unknown_A
#
# <colnr> <probs for GDERKNQSTAVLIFYWHMCP>
#	G	D	E	R	K	N	Q	S	T	A	V	L	I	F	Y	W	H	M	C	P
0	0.01421	0.01205	0.05529	0.01144	0.01337	0.01091	0.00856	0.08326	0.05289	0.02169	0.02790	0.07789	0.05208	0.46122	0.02873	0.00588	0.00768	0.04245	0.00558	0.00693
1	0.06684	0.01989	0.06566	0.01837	0.04526	0.01929	0.06598	0.29531	0.05476	0.03731	0.01804	0.01971	0.01356	0.00856	0.00793	0.00223	0.03166	0.00679	0.07429	0.12855
2	0.01964	0.14279	0.23078	0.09877	0.05441	0.02096	0.13547	0.05113	0.01794	0.07733	0.01534	0.01849	0.01153	0.00804	0.00899	0.00248	0.06400	0.00671	0.00425	0.01096
3	0.01233	0.01041	0.05485	0.01097	0.01360	0.00828	0.00903	0.01621	0.02151	0.05564	0.54397	0.09383	0.08685	0.01602	0.00922	0.00254	0.00444	0.01409	0.00829	0.00791
4	0.02224	0.06501	0.21722	0.01753	0.02443	0.05236	0.01742	0.12485	0.12726	0.13380	0.04319	0.07885	0.01995	0.01041	0.00786	0.00250	0.00868	0.00840	0.00641	0.01163
5	0.06124	0.01640	0.01909	0.08339	0.02342	0.05060	0.01316	0.15994	0.05863	0.26563	0.06751	0.02544	0.02005	0.01004	0.00868	0.00247	0.04395	0.00780	0.05106	0.01152
6	0.01197	0.00813	0.01060	0.01028	0.01212	0.00745	0.00759	0.01519	0.02098	0.05849	0.50379	0.17621	0.09184	0.01762	0.00943	0.00263	0.00404	0.01562	0.00848	0.00754
7	0.02814	0.01185	0.01602	0.01285	0.01768	0.01038	0.01038	0.03142	0.02262	0.48025	0.22558	0.03684	0.03648	0.01177	0.00840	0.00247	0.00583	0.00992	0.00948	0.01166
8	0.02202	0.01978	0.02612	0.13695	0.16981	0.07430	0.07836	0.13236	0.17254	0.05662	0.02013	0.02216	0.01519	0.00865	0.00802	0.00249	0.00942	0.00762	0.00577	0.01169
9	0.22324	0.07109	0.06348	0.08404	0.06212	0.02099	0.01488	0.26680	0.02387	0.03696	0.01566	0.01758	0.01174	0.00831	0.00677	0.00235	0.00818	0.00609	0.04480	0.01101
10	0.01369	0.00707	0.01053	0.01068	0.01083	0.00707	0.00737	0.01083	0.01098	0.01459	0.01607	0.02943	0.01637	0.02709	0.02936	0.70687	0.00692	0.05674	0.00376	0.00376
11	0.01262	0.00948	0.01224	0.01346	0.01564	0.00942	0.01147	0.01730	0.06376	0.02396	0.04861	0.08268	0.16298	0.02076	0.01045	0.00340	0.00660	0.46024	0.00737	0.00756
12	0.01352	0.00904	0.01097	0.01121	0.01322	0.00851	0.00831	0.05493	0.01807	0.07609	0.04908	0.32583	0.20549	0.07217	0.01193	0.00334	0.00543	0.08795	0.00740	0.00752
13	0.02120	0.72609	0.04155	0.01357	0.02035	0.03138	0.01357	0.02374	0.01611	0.01866	0.01102	0.01272	0.01018	0.00678	0.00509	0.00170	0.00848	0.00424	0.00339	0.01018
14	0.01149	0.00784	0.00941	0.00941	0.00968	0.00810	0.00576	0.01202	0.01176	0.01594	0.02429	0.04802	0.02715	0.59758	0.16180	0.00863	0.01022	0.01096	0.00470	0.00523
15	0.07604	0.00997	0.01185	0.01213	0.01427	0.01046	0.00960	0.05907	0.04311	0.02677	0.06525	0.17298	0.03522	0.04417	0.07580	0.00401	0.00736	0.18412	0.13006	0.00779
16	0.01127	0.00764	0.00866	0.00881	0.00899	0.00753	0.00508	0.01148	0.01217	0.01609	0.02939	0.10731	0.06407	0.62803	0.03628	0.00706	0.00725	0.01270	0.00515	0.00504
17	0.05457	0.01024	0.01329	0.09225	0.01847	0.01033	0.01000	0.05380	0.02021	0.09114	0.28725	0.20084	0.07471	0.01595	0.00892	0.00268	0.00546	0.01394	0.00760	0.00835
18	0.02717	0.01977	0.02231	0.01920	0.06486	0.02155	0.01462	0.46367	0.08952	0.08085	0.02269	0.07732	0.01793	0.01074	0.00812	0.00248	0.00810	0.00860	0.00775	0.01277
19	0.00981	0.00717	0.00923	0.01057	0.01145	0.00659	0.00722	0.01154	0.01637	0.02173	0.12112	0.56533	0.12610	0.02328	0.00994	0.00307	0.00443	0.02091	0.00752	0.00659
20	0.01492	0.00799	0.00822	0.00812	0.01010	0.00820	0.00613	0.01965	0.05318	0.02930	0.02604	0.02963	0.02053	0.01144	0.03450	0.00235	0.00458	0.00753	0.68991	0.00767
21	0.01725	0.01656	0.02476	0.51071	0.07188	0.05340	0.03873	0.06222	0.01742	0.02243	0.01406	0.02023	0.01085	0.00855	0.00969	0.00266	0.07839	0.00701	0.00387	0.00933
22	0.01734	0.01446	0.01821	0.13949	0.02416	0.04239	0.01368	0.14419	0.01885	0.02561	0.02019	0.09202	0.01894	0.07177	0.17392	0.00545	0.11140	0.00914	0.03000	0.00879
23	0.01150	0.00781	0.00929	0.00929	0.00951	0.00803	0.00560	0.01194	0.01172	0.01585	0.02440	0.04867	0.02743	0.61835	0.14141	0.00847	0.00980	0.01106	0.00472	0.00516
24	0.01919	0.01899	0.02819	0.22062	0.40959	0.07324	0.02220	0.02501	0.05995	0.02433	0.01562	0.02026	0.01260	0.00763	0.00783	0.00243	0.00992	0.00703	0.00410	0.01127
25	0.01655	0.15012	0.44149	0.06512	0.03116	0.02008	0.02422	0.02354	0.01646	0.02329	0.01575	0.02232	0.01302	0.00894	0.00839	0.00253	0.04693	0.05566	0.00370	0.01075
26	0.27615	0.12255	0.02488	0.14642	0.06505	0.02041	0.08425	0.06564	0.05022	0.05446	0.01480	0.01756	0.01137	0.00770	0.00665	0.00240	0.00851	0.00610	0.00482	0.01005
27	0.02438	0.02797	0.05441	0.02997	0.22275	0.29557	0.06991	0.08732	0.02135	0.02504	0.01399	0.01726	0.01140	0.00819	0.00888	0.00233	0.05771	0.00640	0.00433	0.01082
28	0.01560	0.01191	0.01612	0.13965	0.02217	0.01363	0.01216	0.08440	0.01712	0.05277	0.04974	0.20441	0.02811	0.14401	0.05238	0.00429	0.10558	0.01217	0.00572	0.00805
29	0.01755	0.27206	0.33552	0.02070	0.08576	0.02182	0.02130	0.02341	0.01687	0.02308	0.04806	0.04971	0.01558	0.00847	0.00693	0.00225	0.00966	0.00661	0.00388	0.01081
30	0.01753	0.03164	0.43107	0.12621	0.12084	0.01804	0.05428	0.02509	0.01722	0.06233	0.01537	0.01857	0.01110	0.00762	0.00774	0.00251	0.01103	0.00647	0.00386	0.01146
31	0.01152	0.00772	0.00882	0.00882	0.00887	0.00778	0.00501	0.01164	0.01158	0.01550	0.02483	0.05105	0.02846	0.69439	0.06678	0.00789	0.00824	0.01141	0.00478	0.00490
32	0.02597	0.03127	0.02208	0.14142	0.02916	0.50507	0.01606	0.05216	0.02186	0.02144	0.05039	0.01828	0.01410	0.00864	0.00745	0.00219	0.01282	0.00606	0.00440	0.00919
33	0.06193	0.10266	0.20262	0.09745	0.14567	0.02057	0.16415	0.02389	0.01677	0.02432	0.01396	0.01813	0.01095	0.00762	0.00884	0.00250	0.05668	0.00679	0.00372	0.01078
34	0.02223	0.02084	0.08912	0.01594	0.02093	0.12118	0.01373	0.06463	0.24563	0.11316	0.05262	0.02812	0.02167	0.01022	0.00768	0.00244	0.00791	0.02778	0.10310	0.01107
35	0.00986	0.00730	0.00924	0.01059	0.01162	0.00669	0.00739	0.01161	0.01631	0.02131	0.08641	0.52326	0.17184	0.02328	0.00998	0.00310	0.00458	0.05161	0.00744	0.00659
36	0.02400	0.01887	0.02366	0.19685	0.11876	0.04994	0.01738	0.28329	0.02591	0.08331	0.01865	0.04728	0.01440	0.00923	0.00791	0.00243	0.00914	0.00760	0.00611	0.03528
37	0.03596	0.01333	0.04368	0.01309	0.01611	0.03169	0.01038	0.08110	0.12785	0.05075	0.22408	0.18272	0.04223	0.01635	0.01062	0.06517	0.00592	0.01276	0.00737	0.00883
38	0.01090	0.00761	0.00966	0.01024	0.01067	0.00775	0.00665	0.01192	0.01293	0.01752	0.03010	0.25624	0.03441	0.36731	0.16364	0.00732	0.00949	0.01437	0.00549	0.00578
39	0.01636	0.03796	0.58392	0.02475	0.05660	0.01862	0.10133	0.02512	0.01702	0.02517	0.01447	0.01739	0.01036	0.00742	0.00776	0.00253	0.01184	0.00631	0.00345	0.01163
40	0.10057	0.01559	0.04014	0.01442	0.02022	0.01441	0.01216	0.11839	0.06301	0.41911	0.07679	0.02691	0.02202	0.01003	0.00778	0.00246	0.00687	0.00800	0.00869	0.01245
41	0.01040	0.00803	0.00928	0.00991	0.01172	0.00727	0.00743	0.01241	0.01693	0.02116	0.07353	0.17613	0.35543	0.10995	0.01372	0.00358	0.00521	0.13430	0.00706	0.00655
42	0.01787	0.01367	0.01803	0.01483	0.01871	0.01373	0.08227	0.18335	0.04033	0.05807	0.17187	0.10032	0.14707	0.06966	0.01139	0.00299	0.00678	0.01236	0.00734	0.00938
43	0.01922	0.31636	0.10561	0.02432	0.12175	0.02352	0.17176	0.02389	0.01733	0.02287	0.03540	0.01804	0.01322	0.00715	0.00698	0.00212	0.00987	0.00645	0.00387	0.05027
44	0.19252	0.18313	0.05687	0.01485	0.02051	0.10188	0.01304	0.13159	0.05762	0.08311	0.01717	0.04033	0.01371	0.00874	0.00649	0.00224	0.00831	0.00622	0.03113	0.01053
45	0.01756	0.01914	0.14207	0.01837	0.08228	0.01486	0.01503	0.15802	0.03756	0.02916	0.02629	0.19512	0.04921	0.04975	0.00987	0.00275	0.00766	0.01105	0.00595	0.10830

[dist]
# distance from previous block
# <min> <max>
1	8

[block]
# block no. 1 follows, 24 sequences, length 24
# corresponding to MSA columns:
# 117-140
name=unknown_B
#
# <colnr> <probs for GDERKNQSTAVLIFYWHMCP>
#	G	D	E	R	K	N	Q	S	T	A	V	L	I	F	Y	W	H	M	C	P
0	0.01810	0.05859	0.03329	0.10097	0.03278	0.04204	0.28290	0.04796	0.01732	0.02328	0.01807	0.02312	0.04854	0.01174	0.04271	0.00321	0.17315	0.00840	0.00416	0.00967
1	0.02197	0.09546	0.06760	0.02828	0.20730	0.09277	0.10486	0.08327	0.02006	0.06964	0.01689	0.02209	0.01391	0.00862	0.00878	0.00239	0.04912	0.03757	0.00481	0.04459
2	0.01759	0.02891	0.34127	0.08883	0.17190	0.01860	0.06443	0.05178	0.06682	0.02649	0.01697	0.02151	0.01315	0.00821	0.00792	0.00255	0.01054	0.02675	0.00421	0.01157
3	0.01890	0.01814	0.03161	0.04414	0.55553	0.01803	0.07661	0.02368	0.01813	0.02566	0.01757	0.02638	0.01564	0.00844	0.00827	0.00251	0.00956	0.06504	0.00425	0.01190
4	0.01672	0.01370	0.01860	0.22593	0.07988	0.01519	0.01482	0.05900	0.16486	0.05564	0.05723	0.11757	0.10268	0.01260	0.00846	0.00268	0.00741	0.01093	0.00628	0.00983
5	0.01536	0.01548	0.05387	0.03547	0.04825	0.07625	0.03239	0.02258	0.16470	0.02375	0.03230	0.31434	0.03365	0.05428	0.01068	0.00313	0.00727	0.04094	0.00647	0.00885
6	0.00986	0.00805	0.00871	0.00854	0.01101	0.00690	0.00641	0.01232	0.01922	0.02414	0.23421	0.07184	0.51305	0.01907	0.00937	0.00263	0.00394	0.01611	0.00772	0.00690
7	0.01603	0.00881	0.00895	0.00850	0.01077	0.00909	0.00649	0.06144	0.04629	0.03109	0.02569	0.02886	0.02004	0.00932	0.00581	0.00192	0.00415	0.00744	0.68128	0.00803
8	0.11223	0.04433	0.01536	0.01173	0.01615	0.01247	0.00944	0.05797	0.01953	0.32550	0.02557	0.02732	0.01868	0.07648	0.00997	0.00276	0.00621	0.00754	0.19026	0.01049
9	0.01134	0.00766	0.00888	0.00899	0.00920	0.00756	0.00528	0.01181	0.01289	0.01736	0.08737	0.11124	0.03526	0.59318	0.03476	0.00680	0.00704	0.01277	0.00540	0.00520
10	0.00966	0.00690	0.00920	0.01104	0.01150	0.00644	0.00736	0.01104	0.01518	0.02024	0.04371	0.71614	0.05245	0.02484	0.01012	0.00322	0.00460	0.02254	0.00736	0.00644
11	0.03065	0.01751	0.05759	0.01568	0.02187	0.01601	0.01348	0.21362	0.06055	0.38627	0.06246	0.02603	0.02063	0.01001	0.00802	0.00245	0.00742	0.00802	0.00874	0.01300
12	0.01498	0.01409	0.02378	0.70226	0.05462	0.01762	0.02202	0.02026	0.01586	0.02026	0.01409	0.02114	0.01057	0.00793	0.00793	0.00264	0.01057	0.00705	0.00352	0.00881
13	0.01059	0.00808	0.00972	0.00931	0.01146	0.00721	0.00698	0.01373	0.02094	0.02823	0.46584	0.06510	0.27887	0.01754	0.00936	0.00256	0.00384	0.01516	0.00826	0.00721
14	0.01254	0.00925	0.01220	0.01318	0.01523	0.00915	0.01111	0.01706	0.05327	0.02565	0.17007	0.07904	0.10540	0.02001	0.01034	0.00328	0.00624	0.41179	0.00763	0.00757
15	0.01954	0.25831	0.03027	0.01843	0.02151	0.08860	0.04150	0.02185	0.01477	0.01920	0.01161	0.01640	0.01088	0.01308	0.05198	0.00320	0.34004	0.00604	0.00357	0.00923
16	0.73995	0.01524	0.01200	0.01061	0.01558	0.01748	0.00874	0.02408	0.01396	0.06792	0.01206	0.01359	0.00914	0.00748	0.00506	0.00245	0.00617	0.00448	0.00515	0.00884
17	0.01927	0.02086	0.08867	0.04582	0.59170	0.01885	0.04945	0.02445	0.01797	0.02582	0.01490	0.01945	0.01232	0.00709	0.00788	0.00238	0.00978	0.00705	0.00388	0.01241
18	0.01976	0.05675	0.14138	0.02613	0.09072	0.14614	0.21517	0.02478	0.01807	0.02341	0.01600	0.05024	0.01347	0.00875	0.00958	0.00250	0.07253	0.00780	0.04666	0.01018
19	0.01163	0.00914	0.01234	0.01289	0.01433	0.00911	0.03871	0.01646	0.11302	0.02246	0.04064	0.57835	0.04621	0.02183	0.00977	0.00311	0.00528	0.01984	0.00731	0.00757
20	0.05247	0.53770	0.07787	0.01422	0.02088	0.02773	0.01411	0.08198	0.01847	0.02362	0.05590	0.01669	0.01474	0.00775	0.00579	0.00190	0.00830	0.00530	0.00424	0.01034
21	0.01338	0.03075	0.04936	0.01133	0.01398	0.00915	0.00927	0.01668	0.01947	0.07465	0.35331	0.11578	0.10061	0.06599	0.05041	0.00354	0.00608	0.04086	0.00754	0.00787
22	0.06659	0.01630	0.05968	0.14185	0.03014	0.01636	0.16744	0.04074	0.03725	0.02436	0.02431	0.08642	0.05826	0.01474	0.04962	0.00343	0.07771	0.07075	0.00496	0.00910
23	0.01132	0.00799	0.01046	0.01058	0.01123	0.00857	0.00719	0.01264	0.01230	0.01702	0.02461	0.08732	0.02650	0.38771	0.32003	0.00958	0.01336	0.01095	0.00473	0.00590

[dist]
# distance from previous block
# <min> <max>
0	10

[block]
# block no. 2 follows, 24 sequences, length 22
# corresponding to MSA columns:
# 151-172
name=unknown_C
#
# <colnr> <probs for GDERKNQSTAVLIFYWHMCP>
#	G	D	E	R	K	N	Q	S	T	A	V	L	I	F	Y	W	H	M	C	P
0	0.05293	0.35516	0.28749	0.01713	0.02560	0.02418	0.01935	0.02597	0.05292	0.05206	0.01439	0.01589	0.01127	0.00746	0.00633	0.00214	0.00944	0.00531	0.00399	0.01099
1	0.05318	0.17611	0.17738	0.07994	0.07003	0.02124	0.01849	0.07662	0.01781	0.05235	0.01542	0.04946	0.01302	0.00918	0.00944	0.00241	0.09994	0.00668	0.00442	0.04687
2	0.02155	0.48805	0.09193	0.01523	0.02171	0.11564	0.01481	0.05399	0.01849	0.02179	0.06011	0.01700	0.01508	0.00786	0.00603	0.00191	0.00920	0.00538	0.00409	0.01014
3	0.02309	0.15458	0.24573	0.04672	0.10504	0.09445	0.02020	0.02827	0.01869	0.16501	0.01722	0.01848	0.01249	0.00792	0.00720	0.00229	0.01003	0.00613	0.00492	0.01154
4	0.05101	0.01530	0.02227	0.28228	0.08288	0.01784	0.04484	0.10973	0.01918	0.02712	0.05537	0.02524	0.04604	0.00991	0.01016	0.00262	0.09880	0.00792	0.06196	0.00954
5	0.01055	0.00793	0.00977	0.00963	0.01152	0.00715	0.00710	0.01355	0.02039	0.02767	0.43778	0.14994	0.22132	0.01832	0.00946	0.00264	0.00392	0.01602	0.00821	0.00715
6	0.01823	0.01410	0.01692	0.01717	0.05496	0.01527	0.01324	0.07813	0.28229	0.05718	0.03549	0.05238	0.05171	0.01496	0.00918	0.00300	0.00698	0.24076	0.00759	0.01048
7	0.01644	0.01409	0.01644	0.01175	0.01879	0.01057	0.00940	0.01997	0.01644	0.02584	0.01409	0.01644	0.01175	0.00587	0.00587	0.00117	0.00587	0.00470	0.00470	0.76979
8	0.00966	0.00690	0.00920	0.01104	0.01150	0.00644	0.00736	0.01104	0.01518	0.02024	0.04371	0.71614	0.05245	0.02484	0.01012	0.00322	0.00460	0.02254	0.00736	0.00644
9	0.01278	0.00913	0.01278	0.01460	0.01643	0.00913	0.01278	0.01643	0.01825	0.02373	0.04199	0.08945	0.04564	0.02191	0.01095	0.00365	0.00730	0.61847	0.00730	0.00730
10	0.03014	0.02221	0.02380	0.01825	0.02459	0.02459	0.01507	0.64541	0.03728	0.04998	0.01904	0.01904	0.01349	0.00952	0.00793	0.00238	0.00873	0.00714	0.00793	0.01349
11	0.03558	0.01350	0.01840	0.01411	0.02024	0.01166	0.01166	0.03865	0.02270	0.67734	0.03128	0.02699	0.01963	0.00981	0.00797	0.00245	0.00675	0.00797	0.00981	0.01350
12	0.02126	0.01153	0.01444	0.01242	0.01602	0.01098	0.00962	0.08784	0.04974	0.24237	0.22820	0.12469	0.06773	0.05335	0.01051	0.00286	0.00568	0.01224	0.00853	0.00998
13	0.05099	0.01733	0.02446	0.09109	0.28329	0.01843	0.01810	0.08246	0.13022	0.02878	0.01854	0.02278	0.01511	0.00873	0.00870	0.00241	0.04883	0.02556	0.00518	0.09899
14	0.01113	0.00867	0.01019	0.00989	0.01211	0.00807	0.00738	0.01552	0.06923	0.02746	0.36963	0.11892	0.26687	0.01782	0.00933	0.00263	0.00410	0.01543	0.00811	0.00752
15	0.01377	0.00689	0.01033	0.01033	0.01033	0.00689	0.00689	0.01033	0.01033	0.01377	0.01377	0.02410	0.01377	0.02755	0.03099	0.76928	0.00689	0.00689	0.00344	0.00344
16	0.02306	0.05825	0.15718	0.01828	0.02447	0.14648	0.05076	0.15816	0.02223	0.08554	0.01876	0.06634	0.01568	0.04152	0.01012	0.03562	0.00995	0.00765	0.00548	0.04446
17	0.02369	0.10625	0.07696	0.01859	0.05150	0.08578	0.03422	0.23661	0.02444	0.06900	0.05509	0.02245	0.01714	0.04346	0.01043	0.00261	0.06238	0.00723	0.04119	0.01099
18	0.01025	0.00777	0.01110	0.01212	0.01314	0.00725	0.03737	0.01204	0.01569	0.02075	0.04444	0.61087	0.08597	0.02355	0.01009	0.00319	0.00513	0.05539	0.00720	0.00670
19	0.01916	0.10661	0.25684	0.06042	0.23970	0.04832	0.07734	0.05445	0.01845	0.02541	0.01439	0.01783	0.01124	0.00736	0.00754	0.00236	0.01067	0.00645	0.00385	0.01158
20	0.01981	0.33132	0.20480	0.01935	0.02674	0.07484	0.08937	0.02533	0.04483	0.02183	0.01340	0.01596	0.01099	0.00779	0.00809	0.00222	0.06334	0.00572	0.00371	0.01055
21	0.01986	0.01552	0.05439	0.01443	0.01891	0.01511	0.01188	0.03323	0.34999	0.13855	0.13779	0.03671	0.06669	0.03914	0.00955	0.00280	0.00618	0.01003	0.00803	0.01121

[dist]
# distance from previous block
# <min> <max>
0	1

[block]
# block no. 3 follows, 24 sequences, length 26
# corresponding to MSA columns:
# 174-199
name=unknown_D
#
# <colnr> <probs for GDERKNQSTAVLIFYWHMCP>
#	G	D	E	R	K	N	Q	S	T	A	V	L	I	F	Y	W	H	M	C	P
0	0.05652	0.07662	0.12017	0.01645	0.02266	0.08047	0.04139	0.09960	0.02235	0.23765	0.12162	0.02641	0.02366	0.00981	0.00774	0.00237	0.00837	0.00789	0.00696	0.01130
1	0.02144	0.65212	0.04099	0.01507	0.02181	0.06104	0.05137	0.02421	0.01656	0.01910	0.01138	0.01331	0.01029	0.00684	0.00544	0.00177	0.00904	0.00459	0.00346	0.01016
2	0.05199	0.08595	0.32122	0.02249	0.11881	0.01794	0.02121	0.05634	0.01813	0.07560	0.01680	0.04976	0.01339	0.00829	0.00726	0.00230	0.00940	0.00670	0.00455	0.09186
3	0.05120	0.05692	0.02244	0.01721	0.02282	0.09793	0.03224	0.24736	0.18647	0.14879	0.02296	0.02208	0.01651	0.00943	0.00769	0.00241	0.00845	0.00734	0.00741	0.01235
4	0.00986	0.00705	0.00938	0.01091	0.01154	0.00657	0.00738	0.01153	0.01609	0.02169	0.12158	0.63415	0.05524	0.02377	0.01003	0.00313	0.00449	0.02152	0.00753	0.00657
5	0.01379	0.00970	0.01256	0.01177	0.01246	0.01098	0.00830	0.01488	0.01256	0.05549	0.02226	0.04039	0.02340	0.41969	0.18471	0.00789	0.11806	0.00992	0.00477	0.00643
6	0.06778	0.05053	0.18871	0.12608	0.23827	0.05775	0.07507	0.02511	0.01761	0.05813	0.01502	0.01866	0.01150	0.00748	0.00759	0.00243	0.01038	0.00661	0.00409	0.01118
7	0.02465	0.07104	0.04567	0.04908	0.12101	0.35476	0.01717	0.05470	0.07858	0.02303	0.01464	0.01720	0.01200	0.00871	0.00902	0.00231	0.07570	0.00605	0.00444	0.01025
8	0.00981	0.00798	0.00869	0.00865	0.01102	0.00686	0.00644	0.01218	0.01890	0.02372	0.21230	0.10997	0.49687	0.01948	0.00941	0.00267	0.00399	0.01653	0.00768	0.00686
9	0.02103	0.02093	0.05008	0.11199	0.23469	0.09661	0.05871	0.05843	0.18948	0.04799	0.01988	0.02206	0.01529	0.00847	0.00793	0.00247	0.00951	0.00748	0.00535	0.01163
10	0.01877	0.01901	0.01802	0.10940	0.05253	0.17606	0.01332	0.07171	0.09397	0.02547	0.09555	0.03745	0.18183	0.01246	0.00901	0.00250	0.03782	0.00991	0.00600	0.00921
11	0.01031	0.00778	0.01047	0.01186	0.01229	0.00794	0.00820	0.01172	0.01493	0.02015	0.04090	0.65734	0.04891	0.02392	0.01146	0.00324	0.06369	0.02123	0.00703	0.00663
12	0.00966	0.00690	0.00920	0.01104	0.01150	0.00644	0.00736	0.01104	0.01518	0.02024	0.04371	0.71614	0.05245	0.02484	0.01012	0.00322	0.00460	0.02254	0.00736	0.00644
13	0.01094	0.00778	0.00938	0.00980	0.01059	0.00761	0.00653	0.01212	0.01411	0.01861	0.06433	0.17442	0.12567	0.36261	0.08710	0.00617	0.00767	0.05280	0.00590	0.00585
14	0.01066	0.00808	0.00982	0.00939	0.01150	0.00724	0.00704	0.01388	0.02112	0.02865	0.48940	0.06442	0.25506	0.01739	0.00936	0.00255	0.00382	0.01507	0.00831	0.00724
15	0.01872	0.02139	0.04679	0.03342	0.04144	0.02005	0.64305	0.02540	0.01872	0.02540	0.01604	0.02139	0.01203	0.00668	0.00936	0.00267	0.01337	0.00936	0.00401	0.01070
16	0.02780	0.01795	0.01983	0.01559	0.02110	0.01911	0.01275	0.40680	0.05390	0.15721	0.02575	0.02511	0.05023	0.01014	0.00773	0.00236	0.00743	0.00789	0.09895	0.01237
17	0.01122	0.00811	0.01060	0.00998	0.01185	0.00748	0.00748	0.01496	0.02245	0.03180	0.66766	0.05923	0.07482	0.01621	0.00935	0.00249	0.00374	0.01434	0.00873	0.00748
18	0.11641	0.01369	0.01707	0.01343	0.01901	0.01275	0.01103	0.07339	0.02232	0.49991	0.06535	0.02690	0.02126	0.00987	0.00761	0.00243	0.00650	0.00786	0.04090	0.01233
19	0.01122	0.00811	0.01060	0.00998	0.01185	0.00748	0.00748	0.01496	0.02245	0.03180	0.66766	0.05923	0.07482	0.01621	0.00935	0.00249	0.00374	0.01434	0.00873	0.00748
20	0.01493	0.00797	0.00838	0.00817	0.00991	0.00838	0.00623	0.01851	0.01637	0.02895	0.02497	0.02885	0.01975	0.00951	0.00674	0.00194	0.04465	0.00736	0.72096	0.00747
21	0.01007	0.00721	0.00960	0.01102	0.01178	0.00674	0.00763	0.01196	0.01658	0.02240	0.15166	0.57415	0.05601	0.02322	0.01003	0.00311	0.00457	0.04799	0.00760	0.00666
22	0.01674	0.06868	0.53854	0.02583	0.10736	0.01916	0.06479	0.02498	0.01698	0.02493	0.01427	0.01717	0.01046	0.00739	0.00757	0.00247	0.01141	0.00613	0.00346	0.01168
23	0.02031	0.01837	0.03036	0.11322	0.54752	0.01882	0.02312	0.06161	0.01914	0.04853	0.01563	0.01999	0.01265	0.00739	0.00787	0.00239	0.00941	0.00710	0.00432	0.01226
24	0.70515	0.04663	0.01359	0.01098	0.01604	0.01874	0.00915	0.05603	0.01486	0.03560	0.01146	0.01320	0.00891	0.00745	0.00507	0.00242	0.00637	0.00444	0.00500	0.00891
25	0.02137	0.12935	0.05479	0.02565	0.08202	0.16337	0.24405	0.06172	0.01970	0.02408	0.01585	0.02141	0.01323	0.01120	0.05147	0.00303	0.01246	0.03072	0.00428	0.01028

[dist]
# distance from previous block
# <min> <max>
0	2

[block]
# block no. 4 follows, 24 sequences, length 91
# corresponding to MSA columns:
# 202-292
name=unknown_E
#
# <colnr> <probs for GDERKNQSTAVLIFYWHMCP>
#	G	D	E	R	K	N	Q	S	T	A	V	L	I	F	Y	W	H	M	C	P
0	0.02144	0.01700	0.02112	0.02133	0.12406	0.04932	0.04381	0.24275	0.02479	0.06506	0.02888	0.17639	0.06194	0.01365	0.00870	0.00266	0.00798	0.05163	0.00682	0.01069
1	0.03558	0.01350	0.01840	0.01411	0.02024	0.01166	0.01166	0.03865	0.02270	0.67734	0.03128	0.02699	0.01963	0.00981	0.00797	0.00245	0.00675	0.00797	0.00981	0.01350
2	0.02582	0.02068	0.04759	0.02310	0.12555	0.04356	0.05224	0.33881	0.05986	0.08970	0.01930	0.02085	0.01429	0.01151	0.03244	0.03909	0.00946	0.00733	0.00661	0.01223
3	0.05841	0.04591	0.11010	0.01647	0.02162	0.05788	0.01474	0.28401	0.02417	0.03340	0.01658	0.01979	0.01305	0.01445	0.04519	0.12496	0.03866	0.00664	0.04376	0.01023
4	0.02757	0.01348	0.01702	0.01385	0.01884	0.01291	0.01115	0.06500	0.13686	0.40084	0.15883	0.03354	0.03124	0.01126	0.00827	0.00250	0.00616	0.00939	0.00919	0.01212
5	0.00963	0.00702	0.00908	0.01073	0.01142	0.00647	0.00722	0.01108	0.01548	0.02036	0.04745	0.65073	0.11544	0.02436	0.01004	0.00316	0.00454	0.02195	0.00736	0.00647
6	0.01875	0.06402	0.13404	0.12006	0.23587	0.05148	0.21244	0.02457	0.01787	0.02419	0.01470	0.01927	0.01152	0.00717	0.00808	0.00246	0.01130	0.00732	0.00379	0.01109
7	0.01383	0.00724	0.01100	0.04466	0.01253	0.00742	0.00764	0.01082	0.01060	0.01410	0.01379	0.02396	0.01362	0.02657	0.02985	0.73125	0.00707	0.00689	0.00345	0.00371
8	0.01042	0.00722	0.00898	0.01007	0.01035	0.00695	0.00633	0.01124	0.01370	0.01827	0.03612	0.44704	0.04288	0.30700	0.02237	0.00503	0.00585	0.01808	0.00633	0.00578
9	0.01717	0.06210	0.46652	0.02597	0.13156	0.01919	0.04570	0.02668	0.08207	0.02580	0.01610	0.01848	0.01194	0.00773	0.00760	0.00248	0.01073	0.00641	0.00394	0.01184
10	0.01951	0.02978	0.27904	0.10336	0.24413	0.11793	0.02437	0.04502	0.01858	0.02480	0.01430	0.01787	0.01106	0.00758	0.00764	0.00240	0.01113	0.00631	0.00381	0.01137
11	0.02040	0.05444	0.22981	0.07285	0.02923	0.19570	0.04989	0.04822	0.05049	0.02390	0.04821	0.01952	0.01447	0.00916	0.00996	0.00250	0.10009	0.00664	0.00428	0.01023
12	0.01631	0.01244	0.01616	0.01418	0.01681	0.01366	0.05436	0.04849	0.13690	0.04991	0.09150	0.11380	0.06001	0.05408	0.01239	0.00293	0.10244	0.01092	0.16377	0.00895
13	0.10359	0.21390	0.21057	0.01912	0.07005	0.04109	0.03960	0.04946	0.04469	0.07067	0.01900	0.02030	0.04950	0.00836	0.00684	0.00228	0.00908	0.00639	0.00467	0.01085
14	0.01105	0.00766	0.00905	0.00960	0.01101	0.00721	0.00685	0.01320	0.01641	0.02266	0.10692	0.24149	0.19183	0.10713	0.04507	0.00382	0.00554	0.04685	0.13002	0.00663
15	0.01823	0.01516	0.01740	0.01259	0.01955	0.01240	0.01014	0.10171	0.01917	0.02899	0.01474	0.01678	0.01197	0.00635	0.00614	0.00133	0.00625	0.00502	0.00512	0.67095
16	0.01916	0.02280	0.15088	0.11573	0.13971	0.01851	0.25602	0.05515	0.01887	0.05890	0.01609	0.02012	0.01201	0.00731	0.00827	0.00248	0.01109	0.00762	0.00434	0.05495
17	0.04631	0.02825	0.02522	0.02870	0.23069	0.34446	0.01785	0.10350	0.05360	0.02627	0.01487	0.01728	0.01200	0.00809	0.00745	0.00223	0.01146	0.00614	0.00471	0.01093
18	0.00992	0.00708	0.00936	0.01083	0.01146	0.00661	0.00730	0.01156	0.01601	0.02159	0.12367	0.61103	0.05461	0.04503	0.01095	0.00326	0.00458	0.02115	0.00746	0.00653
19	0.14942	0.01682	0.02793	0.21349	0.10479	0.01769	0.18702	0.02591	0.03976	0.11592	0.01720	0.02074	0.01257	0.00776	0.00780	0.00256	0.00977	0.00740	0.00496	0.01046
20	0.05314	0.01045	0.01438	0.15903	0.02283	0.01081	0.01204	0.01863	0.01900	0.08909	0.21367	0.07491	0.10967	0.01530	0.00906	0.00281	0.00644	0.14344	0.00703	0.00825
21	0.01987	0.01964	0.03178	0.07936	0.58689	0.05253	0.04498	0.02454	0.01819	0.02528	0.01478	0.01949	0.01233	0.00715	0.00787	0.00236	0.00986	0.00704	0.00392	0.01214
22	0.00972	0.00695	0.00926	0.01100	0.01152	0.00648	0.00737	0.01120	0.01547	0.02071	0.06883	0.68969	0.05335	0.02450	0.01009	0.00319	0.00457	0.02221	0.00742	0.00648
23	0.06553	0.01941	0.02121	0.01673	0.02252	0.02106	0.01366	0.44505	0.08389	0.13812	0.02276	0.05557	0.01697	0.01032	0.00791	0.00246	0.00790	0.00804	0.00804	0.01282
24	0.02030	0.01615	0.01789	0.01753	0.05725	0.04839	0.01303	0.06912	0.35655	0.08490	0.03181	0.09332	0.02727	0.01303	0.00858	0.00278	0.00703	0.09620	0.00761	0.01127
25	0.00992	0.00804	0.00883	0.00880	0.01118	0.00694	0.00662	0.01236	0.01900	0.02390	0.21644	0.09733	0.48610	0.01941	0.00944	0.00268	0.00407	0.03436	0.00768	0.00689
26	0.01119	0.00807	0.01060	0.01020	0.01199	0.00748	0.00767	0.01479	0.02188	0.03084	0.60929	0.09816	0.07249	0.01691	0.00945	0.00258	0.00392	0.03647	0.00860	0.00742
27	0.02615	0.02125	0.02262	0.04419	0.05829	0.12348	0.04613	0.19256	0.21351	0.13327	0.02325	0.02287	0.01687	0.00940	0.00793	0.00245	0.00890	0.00760	0.00710	0.01219
28	0.02015	0.02008	0.05810	0.04108	0.41812	0.01878	0.21419	0.02552	0.01848	0.06357	0.01619	0.02050	0.01272	0.00712	0.00831	0.00246	0.01056	0.00778	0.00427	0.01201
29	0.01906	0.01775	0.02592	0.19206	0.34824	0.07612	0.02065	0.02345	0.01827	0.05123	0.03608	0.02912	0.01777	0.00948	0.00822	0.00256	0.00960	0.07914	0.00462	0.01067
30	0.02040	0.49867	0.18826	0.01748	0.05006	0.06610	0.01775	0.02455	0.01671	0.02049	0.01200	0.01402	0.01024	0.00705	0.00589	0.00193	0.00961	0.00478	0.00344	0.01057
31	0.02045	0.01379	0.01559	0.01373	0.01791	0.01447	0.01073	0.05118	0.32198	0.16343	0.09109	0.07292	0.13216	0.01317	0.00846	0.00264	0.00580	0.01107	0.00833	0.01112
32	0.01227	0.05083	0.01612	0.01382	0.01588	0.01167	0.04174	0.01528	0.01324	0.01877	0.02039	0.02959	0.01887	0.05378	0.61613	0.01160	0.02011	0.00829	0.00419	0.00744
33	0.01889	0.20654	0.02880	0.01888	0.02085	0.05406	0.01626	0.02085	0.01363	0.01898	0.01065	0.01599	0.01034	0.01175	0.01967	0.00294	0.49220	0.00615	0.00347	0.00910
34	0.01765	0.01628	0.02459	0.01794	0.02479	0.01414	0.17662	0.05385	0.05533	0.02767	0.04987	0.02086	0.01590	0.00709	0.00720	0.00179	0.00790	0.00679	0.00508	0.44866
35	0.01075	0.00756	0.00907	0.00958	0.01013	0.00735	0.00608	0.01167	0.01376	0.01825	0.06256	0.24646	0.09965	0.38231	0.06498	0.00598	0.00705	0.01518	0.00593	0.00571
36	0.00973	0.00704	0.00907	0.01065	0.01129	0.00653	0.00711	0.01110	0.01526	0.02011	0.04609	0.62470	0.10717	0.05941	0.01157	0.00340	0.00470	0.02146	0.00723	0.00638
37	0.01685	0.01462	0.01816	0.06590	0.05414	0.04833	0.04388	0.05767	0.20096	0.02818	0.10699	0.10066	0.03438	0.01449	0.00908	0.00287	0.00742	0.15874	0.00697	0.00969
38	0.02656	0.02437	0.02174	0.04672	0.02450	0.19851	0.01461	0.31588	0.14596	0.03669	0.05020	0.02172	0.01738	0.00964	0.00782	0.00236	0.00959	0.00728	0.00679	0.01170
39	0.01153	0.00769	0.00865	0.00865	0.00865	0.00769	0.00480	0.01153	0.01153	0.01538	0.02499	0.05189	0.02883	0.72131	0.04036	0.00769	0.00769	0.01153	0.00480	0.00480
40	0.02882	0.02118	0.02265	0.01757	0.02359	0.02345	0.01445	0.58239	0.06751	0.04807	0.02006	0.02012	0.01438	0.00957	0.00782	0.00237	0.00834	0.00724	0.04730	0.01312
41	0.01154	0.00777	0.00967	0.00976	0.01008	0.00805	0.00617	0.01199	0.01190	0.01616	0.02438	0.07899	0.02709	0.49851	0.17731	0.05913	0.01038	0.01113	0.00472	0.00528
42	0.05579	0.11864	0.02366	0.01693	0.02225	0.22473	0.01373	0.22743	0.05885	0.06965	0.05420	0.01976	0.01625	0.00900	0.00722	0.00217	0.00966	0.00650	0.00609	0.03750
43	0.01706	0.01555	0.02474	0.47194	0.07529	0.01861	0.05160	0.08886	0.01848	0.02452	0.04690	0.02243	0.01423	0.00890	0.00955	0.00266	0.06733	0.00753	0.00430	0.00952
44	0.00966	0.00690	0.00920	0.01104	0.01150	0.00644	0.00736	0.01104	0.01518	0.02024	0.04371	0.71614	0.05245	0.02484	0.01012	0.00322	0.00460	0.02254	0.00736	0.00644
45	0.01075	0.00814	0.01182	0.03588	0.01477	0.00780	0.03506	0.01304	0.01667	0.02241	0.12836	0.51012	0.05177	0.02201	0.00999	0.00312	0.00532	0.07877	0.00727	0.00693
46	0.01767	0.14873	0.49007	0.05582	0.05923	0.02022	0.02547	0.02516	0.01689	0.05011	0.01442	0.01684	0.01058	0.00750	0.00719	0.00238	0.01084	0.00579	0.00365	0.01143
47	0.02230	0.02027	0.02143	0.04562	0.11552	0.11287	0.01550	0.15949	0.25444	0.03218	0.02472	0.03032	0.02032	0.01078	0.00820	0.00259	0.00862	0.07663	0.00665	0.01155
48	0.01043	0.00849	0.00928	0.00901	0.01153	0.00756	0.00678	0.01395	0.05059	0.02508	0.25281	0.06895	0.46043	0.01848	0.00930	0.00262	0.00404	0.01564	0.00780	0.00721
49	0.01999	0.09231	0.06879	0.05522	0.16642	0.09846	0.25922	0.02486	0.01784	0.02327	0.01411	0.01867	0.01142	0.00781	0.01004	0.00252	0.08725	0.00737	0.00383	0.01062
50	0.02310	0.01791	0.01934	0.01616	0.02106	0.01986	0.01298	0.32445	0.24871	0.03974	0.06569	0.05271	0.05571	0.01182	0.00832	0.00258	0.00717	0.03270	0.00796	0.01202
51	0.01141	0.00777	0.00928	0.00937	0.00960	0.00795	0.00568	0.01189	0.01189	0.01606	0.02536	0.08179	0.02868	0.58933	0.13448	0.00821	0.00953	0.01163	0.00485	0.00522
52	0.00972	0.00702	0.00921	0.01083	0.01148	0.00650	0.00730	0.01125	0.01569	0.02087	0.07607	0.65083	0.08556	0.02417	0.01004	0.00316	0.00453	0.02184	0.00743	0.00650
53	0.02137	0.65858	0.07115	0.01435	0.02123	0.06397	0.01441	0.02421	0.01646	0.01900	0.01124	0.01299	0.01017	0.00689	0.00531	0.00175	0.00893	0.00436	0.00343	0.01020
54	0.02585	0.01880	0.07639	0.06270	0.02517	0.04450	0.05071	0.13168	0.12483	0.25592	0.04485	0.06079	0.02048	0.01032	0.00814	0.00253	0.00816	0.00866	0.00753	0.01199
55	0.01131	0.00807	0.01047	0.01047	0.01127	0.00864	0.00719	0.01272	0.01246	0.01710	0.02650	0.04390	0.06191	0.38024	0.33331	0.00969	0.01362	0.01046	0.00470	0.00595
56	0.01209	0.00992	0.01239	0.01284	0.01424	0.04072	0.03961	0.04477	0.01694	0.02201	0.04112	0.58609	0.07229	0.02217	0.00980	0.00307	0.00568	0.02003	0.00707	0.00715
57	0.01713	0.05553	0.39280	0.02964	0.20188	0.01862	0.08674	0.02441	0.01753	0.02544	0.04543	0.01983	0.01398	0.00771	0.00780	0.00246	0.01078	0.00687	0.00382	0.01159
58	0.01849	0.09955	0.18376	0.09334	0.37155	0.02004	0.05374	0.02416	0.01739	0.02444	0.01432	0.01843	0.01153	0.00720	0.00756	0.00236	0.01014	0.00659	0.00370	0.01170
59	0.02268	0.02642	0.02177	0.05391	0.02351	0.36153	0.01554	0.02490	0.01768	0.01922	0.01301	0.01786	0.01160	0.01687	0.10575	0.00396	0.22497	0.00622	0.00389	0.00873
60	0.01771	0.01412	0.01655	0.01215	0.01879	0.01113	0.00969	0.05198	0.01773	0.05795	0.01664	0.05179	0.01423	0.00719	0.00629	0.00140	0.00600	0.00586	0.00524	0.65757
61	0.02950	0.02159	0.02311	0.01779	0.02395	0.02387	0.01467	0.61913	0.03642	0.04912	0.01932	0.01948	0.01377	0.00951	0.00783	0.00236	0.00852	0.00715	0.03968	0.01323
62	0.02071	0.61552	0.03740	0.01361	0.01976	0.06726	0.01307	0.02334	0.01710	0.01999	0.07565	0.01738	0.01653	0.00779	0.00563	0.00179	0.00835	0.00528	0.00396	0.00985
63	0.01165	0.00793	0.00988	0.00988	0.01043	0.00838	0.00647	0.01277	0.01221	0.01715	0.02385	0.04403	0.02548	0.47041	0.24434	0.00895	0.01176	0.01033	0.04844	0.00568
64	0.00963	0.00701	0.00909	0.01076	0.01143	0.00646	0.00724	0.01107	0.01545	0.02035	0.04708	0.65717	0.10924	0.02440	0.01005	0.00317	0.00455	0.02201	0.00736	0.00646
65	0.01029	0.00754	0.01042	0.01142	0.01207	0.00713	0.02915	0.01163	0.01469	0.01960	0.03958	0.57965	0.04705	0.14186	0.01520	0.00396	0.00543	0.02022	0.00681	0.00631
66	0.01934	0.02022	0.06501	0.04553	0.56286	0.01897	0.10161	0.02451	0.01808	0.02581	0.01502	0.01971	0.01237	0.00704	0.00802	0.00240	0.01002	0.00729	0.00391	0.01229
67	0.02919	0.01800	0.11905	0.01562	0.02212	0.01365	0.01449	0.07905	0.04924	0.44063	0.05942	0.02964	0.02190	0.01040	0.00812	0.00253	0.00751	0.03842	0.00844	0.01258
68	0.07867	0.01360	0.01801	0.01389	0.01996	0.01201	0.01148	0.03775	0.02216	0.64006	0.03011	0.02617	0.01899	0.00967	0.00780	0.00245	0.00671	0.00776	0.00953	0.01321
69	0.02257	0.01808	0.01974	0.01753	0.04625	0.02020	0.01337	0.26112	0.34122	0.03789	0.02957	0.06217	0.05175	0.01131	0.00818	0.00259	0.00711	0.00927	0.00779	0.01231
70	0.05143	0.02071	0.08663	0.04378	0.56727	0.01896	0.02378	0.04582	0.01842	0.02708	0.01484	0.01908	0.01221	0.00720	0.00770	0.00237	0.00946	0.00685	0.00406	0.01235
71	0.01495	0.01081	0.05024	0.01160	0.01450	0.00885	0.00962	0.01856	0.02073	0.11704	0.40848	0.05560	0.07579	0.06950	0.01160	0.00302	0.00530	0.07744	0.00807	0.00830
72	0.01582	0.00951	0.01220	0.01099	0.01375	0.00884	0.00842	0.02034	0.05859	0.14372	0.46698	0.07633	0.09232	0.01529	0.00907	0.00253	0.00446	0.01334	0.00876	0.00875
73	0.01805	0.02052	0.07129	0.06183	0.05724	0.01911	0.44878	0.04850	0.01853	0.02535	0.01793	0.07894	0.01523	0.00885	0.01013	0.00273	0.05239	0.00988	0.00436	0.01035
74	0.02876	0.01722	0.02003	0.01579	0.02128	0.01789	0.01288	0.35641	0.02971	0.24124	0.07388	0.05804	0.02217	0.01258	0.03173	0.00281	0.00797	0.00873	0.00842	0.01247
75	0.04797	0.01837	0.02396	0.21730	0.03324	0.02047	0.06195	0.33570	0.02714	0.06956	0.01810	0.02057	0.01304	0.00878	0.00782	0.00246	0.00916	0.00724	0.04572	0.01145
76	0.05429	0.01847	0.05478	0.07635	0.11284	0.01803	0.27727	0.02220	0.01676	0.02435	0.01714	0.08395	0.01527	0.00940	0.01065	0.00264	0.09780	0.00906	0.00429	0.07446
77	0.02112	0.10805	0.27973	0.02206	0.07836	0.16637	0.02097	0.08582	0.04017	0.02547	0.01633	0.01844	0.03075	0.00854	0.00824	0.00235	0.04576	0.00622	0.00428	0.01096
78	0.01703	0.01306	0.01874	0.19874	0.11944	0.01403	0.01518	0.02361	0.10907	0.08482	0.07179	0.04051	0.08747	0.03324	0.00943	0.00283	0.00758	0.08706	0.03671	0.00965
79	0.18220	0.13198	0.19745	0.01645	0.02371	0.01907	0.04758	0.08523	0.01859	0.07679	0.03608	0.04711	0.01478	0.00857	0.00680	0.00230	0.00849	0.00661	0.00508	0.06512
80	0.10257	0.16620	0.18729	0.04443	0.08292	0.02003	0.05373	0.05683	0.04954	0.08057	0.04868	0.02026	0.01544	0.00821	0.00701	0.00232	0.00884	0.00657	0.02763	0.01091
81	0.04761	0.03852	0.05270	0.10076	0.05705	0.01636	0.04042	0.17299	0.05177	0.03009	0.04702	0.15273	0.02484	0.04717	0.00987	0.00285	0.00790	0.04540	0.00612	0.04782
82	0.02011	0.05801	0.22925	0.02381	0.12778	0.01851	0.05617	0.08316	0.12916	0.07807	0.02018	0.02364	0.01560	0.00984	0.00904	0.04080	0.00931	0.03064	0.00535	0.01157
83	0.02217	0.26421	0.19399	0.01652	0.02393	0.02202	0.01709	0.11395	0.02044	0.11421	0.05395	0.01955	0.01571	0.00849	0.00740	0.00218	0.02956	0.00625	0.00526	0.04313
84	0.06784	0.02062	0.10800	0.01869	0.05495	0.05185	0.05155	0.14060	0.10541	0.18094	0.09595	0.02608	0.02226	0.00977	0.00793	0.00247	0.00823	0.00808	0.00707	0.01173
85	0.10108	0.09571	0.27315	0.01768	0.02536	0.01830	0.03822	0.05956	0.08764	0.10786	0.06295	0.02393	0.01831	0.00917	0.00743	0.00247	0.00883	0.02561	0.00556	0.01118
86	0.01946	0.05208	0.18417	0.02252	0.05900	0.01885	0.15808	0.15352	0.06397	0.03065	0.05087	0.07463	0.01876	0.00958	0.00818	0.00248	0.00964	0.00874	0.00543	0.04938
87	0.01837	0.08461	0.18961	0.04341	0.08490	0.04662	0.20949	0.02497	0.04846	0.04502	0.02016	0.04593	0.04609	0.00857	0.00804	0.00243	0.01048	0.00816	0.00447	0.05022
88	0.05744	0.29917	0.12604	0.01591	0.02223	0.04990	0.04588	0.07763	0.01847	0.02474	0.04728	0.08538	0.01802	0.01121	0.03066	0.00253	0.00907	0.00745	0.00466	0.04635
89	0.06057	0.08013	0.12210	0.01912	0.05496	0.07354	0.03799	0.24317	0.04993	0.03348	0.01741	0.04253	0.01393	0.01037	0.02889	0.00258	0.00953	0.00690	0.00565	0.08723
90	0.02266	0.02639	0.22960	0.01862	0.02609	0.02061	0.01850	0.30373	0.12691	0.03703	0.01975	0.02150	0.01479	0.04372	0.00935	0.00269	0.00915	0.00716	0.00625	0.03549

[dist]
# distance from previous block
# <min> <max>
1	74

[block]
# block no. 5 follows, 24 sequences, length 15
# corresponding to MSA columns:
# 371-385
name=unknown_F
#
# <colnr> <probs for GDERKNQSTAVLIFYWHMCP>
#	G	D	E	R	K	N	Q	S	T	A	V	L	I	F	Y	W	H	M	C	P
0	0.08077	0.06864	0.22225	0.02143	0.11388	0.01671	0.04354	0.02482	0.08333	0.06528	0.08143	0.10036	0.02318	0.01058	0.00781	0.00253	0.00840	0.00903	0.00541	0.01064
1	0.05525	0.05296	0.07039	0.01895	0.06896	0.05549	0.01503	0.28016	0.06587	0.03497	0.02067	0.10855	0.01810	0.01091	0.00850	0.00244	0.03709	0.00862	0.00630	0.06080
2	0.02124	0.01958	0.07626	0.05342	0.04692	0.09914	0.01418	0.09491	0.17963	0.09910	0.10021	0.07254	0.02602	0.01111	0.00802	0.00249	0.00786	0.00917	0.04741	0.01079
3	0.01890	0.02290	0.16985	0.02628	0.18589	0.04009	0.06627	0.05045	0.07041	0.04869	0.05903	0.02195	0.01692	0.00845	0.00867	0.00233	0.04637	0.00721	0.00491	0.12444
4	0.07185	0.01619	0.04798	0.02515	0.22372	0.04018	0.03656	0.07261	0.04664	0.02778	0.09475	0.20719	0.02998	0.01319	0.00843	0.00263	0.00751	0.01178	0.00593	0.00996
5	0.02194	0.02141	0.04678	0.04796	0.15765	0.17336	0.05277	0.06948	0.06482	0.07968	0.02294	0.07539	0.04452	0.04253	0.00941	0.00265	0.00953	0.00867	0.03812	0.01037
6	0.01553	0.01283	0.01933	0.07896	0.17202	0.01308	0.04002	0.01984	0.05142	0.05346	0.07705	0.13933	0.09194	0.06335	0.01177	0.00307	0.03728	0.06135	0.00592	0.03245
7	0.07971	0.01541	0.02492	0.47733	0.20930	0.01795	0.02150	0.02156	0.01622	0.02298	0.01405	0.02007	0.01091	0.00766	0.00766	0.00255	0.00991	0.00682	0.00374	0.00975
8	0.02190	0.01662	0.01901	0.04868	0.02246	0.01650	0.01229	0.16797	0.18476	0.08763	0.02128	0.02149	0.01591	0.00837	0.00717	0.00201	0.00692	0.00673	0.00666	0.30564
9	0.01930	0.01851	0.03160	0.09431	0.62875	0.01876	0.02418	0.02405	0.01790	0.02551	0.01486	0.01973	0.01242	0.00713	0.00786	0.00238	0.00950	0.00706	0.00390	0.01230
10	0.01639	0.01554	0.02635	0.50282	0.24295	0.01799	0.02273	0.02150	0.01653	0.02198	0.01435	0.02068	0.01118	0.00766	0.00790	0.00255	0.01022	0.00705	0.00365	0.00995
11	0.01992	0.01870	0.02783	0.20119	0.38166	0.05184	0.02145	0.08962	0.01969	0.02677	0.01497	0.01948	0.01201	0.00752	0.00773	0.00234	0.00966	0.00683	0.00431	0.05648
12	0.00966	0.00690	0.00920	0.01104	0.01150	0.00644	0.00736	0.01104	0.01518	0.02024	0.04371	0.71614	0.05245	0.02484	0.01012	0.00322	0.00460	0.02254	0.00736	0.00644
13	0.01049	0.00733	0.00936	0.01053	0.01096	0.00712	0.00693	0.01161	0.01408	0.01880	0.03673	0.44303	0.04323	0.24896	0.04686	0.00505	0.00639	0.05013	0.00642	0.00599
14	0.02874	0.02096	0.02174	0.01680	0.02304	0.07591	0.01370	0.40719	0.03064	0.13533	0.01949	0.01940	0.01384	0.00888	0.00755	0.00217	0.00845	0.00671	0.00738	0.13209

[dist]
# distance from previous block
# <min> <max>
2	3

[block]
# block no. 6 follows, 24 sequences, length 6
# corresponding to MSA columns:
# 389-394
name=unknown_G
#
# <colnr> <probs for GDERKNQSTAVLIFYWHMCP>
#	G	D	E	R	K	N	Q	S	T	A	V	L	I	F	Y	W	H	M	C	P
0	0.02218	0.01522	0.01681	0.01421	0.01862	0.03382	0.01126	0.14241	0.18377	0.15228	0.07288	0.06521	0.09872	0.01215	0.00864	0.00249	0.02755	0.00987	0.04575	0.04613
1	0.01760	0.23276	0.09036	0.01924	0.02503	0.05372	0.17309	0.02167	0.01750	0.02235	0.06923	0.06191	0.09226	0.01050	0.00901	0.00240	0.05827	0.00899	0.00462	0.00951
2	0.01359	0.00999	0.01248	0.01145	0.01421	0.00902	0.00856	0.01602	0.01681	0.05373	0.13122	0.22029	0.06985	0.09618	0.01296	0.00307	0.03577	0.05655	0.00655	0.20168
3	0.01672	0.11401	0.01644	0.01170	0.01342	0.01249	0.00880	0.08446	0.01424	0.01860	0.01397	0.02186	0.01321	0.02246	0.02458	0.56966	0.00733	0.00653	0.00395	0.00557
4	0.02165	0.01835	0.04910	0.06196	0.22741	0.04256	0.06214	0.06993	0.13565	0.12319	0.02509	0.05954	0.04773	0.00986	0.00817	0.00252	0.00854	0.00881	0.00610	0.01170
5	0.01800	0.01481	0.01704	0.01265	0.01916	0.01235	0.01009	0.11102	0.01941	0.02901	0.01678	0.06314	0.01469	0.00766	0.00646	0.00149	0.00621	0.00624	0.00535	0.60844

[dist]
# distance from previous block
# <min> <max>
2	50

[block]
# block no. 7 follows, 24 sequences, length 8
# corresponding to MSA columns:
# 445-452
name=unknown_H
#
# <colnr> <probs for GDERKNQSTAVLIFYWHMCP>
#	G	D	E	R	K	N	Q	S	T	A	V	L	I	F	Y	W	H	M	C	P
0	0.05902	0.01387	0.04079	0.06513	0.01957	0.01354	0.01121	0.12191	0.07090	0.14928	0.07502	0.05672	0.03897	0.05550	0.00954	0.00271	0.00650	0.00894	0.17090	0.00999
1	0.01999	0.01735	0.02906	0.09019	0.52810	0.01747	0.02232	0.02453	0.01827	0.07498	0.01817	0.02562	0.01548	0.00847	0.00810	0.00248	0.00914	0.05373	0.00460	0.01196
2	0.02015	0.01944	0.03388	0.04443	0.53499	0.01939	0.11805	0.06363	0.01937	0.02735	0.01535	0.01986	0.01254	0.00716	0.00809	0.00241	0.00998	0.00742	0.00419	0.01233
