[name]
unknown

[dist]
# distance from previous block
# <min> <max>
0	24

[block]
# block no. 0 follows, 24 sequences, length 8
# corresponding to MSA columns:
# 26-33
name=unknown_A
#
# <colnr> <probs for GDERKNQSTAVLIFYWHMCP>
#	G	D	E	R	K	N	Q	S	T	A	V	L	I	F	Y	W	H	M	C	P
0	0.01367	0.01114	0.01724	0.29348	0.03192	0.01257	0.01653	0.01798	0.01728	0.02232	0.03067	0.06175	0.03142	0.01624	0.00973	0.00324	0.00863	0.37051	0.00577	0.00791
1	0.01919	0.01753	0.02699	0.05879	0.16159	0.01626	0.13903	0.09985	0.01979	0.02850	0.01527	0.01864	0.01213	0.00684	0.00733	0.00194	0.00868	0.00653	0.00475	0.33038
2	0.01387	0.01673	0.15087	0.01376	0.01815	0.01202	0.01284	0.06776	0.08762	0.02738	0.15980	0.19272	0.16298	0.01597	0.00890	0.00271	0.00631	0.01373	0.00691	0.00899
3	0.01381	0.00869	0.01116	0.15263	0.01912	0.00933	0.00933	0.01738	0.01618	0.02579	0.02694	0.16346	0.02464	0.01205	0.00694	0.00228	0.00530	0.01031	0.45714	0.00750
4	0.01438	0.00834	0.01269	0.01194	0.01268	0.00834	0.03942	0.04091	0.01250	0.01670	0.01709	0.09208	0.01749	0.02538	0.02676	0.61902	0.00707	0.00857	0.00407	0.00458
5	0.01167	0.00935	0.01259	0.01274	0.01335	0.01043	0.00932	0.01352	0.01579	0.02202	0.15904	0.40513	0.04685	0.05849	0.01491	0.00337	0.15065	0.01708	0.00668	0.00702
6	0.01272	0.01579	0.14344	0.01241	0.01744	0.01005	0.01183	0.01698	0.01872	0.02626	0.23505	0.07318	0.19137	0.01364	0.00831	0.00230	0.00586	0.01158	0.00644	0.16664
7	0.02728	0.01948	0.02751	0.09094	0.03033	0.02037	0.14572	0.33227	0.02834	0.16576	0.02033	0.02132	0.01410	0.00882	0.00824	0.00248	0.00949	0.00776	0.00704	0.01243

[dist]
# distance from previous block
# <min> <max>
0	4

[block]
# block no. 1 follows, 24 sequences, length 9
# corresponding to MSA columns:
# 38-46
name=unknown_B
#
# <colnr> <probs for GDERKNQSTAVLIFYWHMCP>
#	G	D	E	R	K	N	Q	S	T	A	V	L	I	F	Y	W	H	M	C	P
0	0.02099	0.01853	0.02310	0.01938	0.02174	0.02360	0.01597	0.18165	0.12703	0.02928	0.01627	0.01983	0.01351	0.01225	0.01842	0.00306	0.41214	0.00733	0.00537	0.01055
1	0.02167	0.02183	0.03075	0.06520	0.47228	0.13138	0.06548	0.02603	0.01894	0.04893	0.01513	0.01918	0.01232	0.00736	0.00785	0.00234	0.01046	0.00693	0.00416	0.01176
2	0.01727	0.01484	0.01682	0.01286	0.01926	0.01289	0.01020	0.02558	0.17888	0.02770	0.01870	0.01977	0.01490	0.00711	0.00643	0.00156	0.00597	0.00578	0.00555	0.57793
3	0.01197	0.01077	0.01415	0.01833	0.17823	0.00977	0.01066	0.01466	0.01807	0.02256	0.06376	0.06195	0.50240	0.01678	0.00899	0.00260	0.00539	0.01429	0.00649	0.00818
4	0.04065	0.01982	0.05813	0.09202	0.03088	0.02024	0.18663	0.18358	0.12969	0.03205	0.01981	0.04917	0.01562	0.00945	0.00945	0.00262	0.05487	0.00845	0.00575	0.03111
5	0.01350	0.00978	0.01201	0.01198	0.01379	0.00976	0.00869	0.11870	0.02074	0.02817	0.19765	0.43248	0.05157	0.02008	0.00956	0.00290	0.00508	0.01787	0.00780	0.00789
6	0.01607	0.01389	0.01660	0.01243	0.01848	0.01141	0.00991	0.01931	0.01601	0.02493	0.01573	0.06213	0.01429	0.00776	0.00777	0.00149	0.06232	0.00604	0.00477	0.65864
7	0.01793	0.19638	0.02858	0.13356	0.02638	0.02496	0.01718	0.02046	0.01377	0.01917	0.01118	0.01681	0.01038	0.01108	0.01768	0.00288	0.41280	0.00627	0.00346	0.00908
8	0.01777	0.01714	0.01895	0.01694	0.02022	0.12730	0.08469	0.05267	0.18026	0.02500	0.02883	0.24650	0.02844	0.01800	0.05386	0.02633	0.00902	0.01256	0.00630	0.00922

[dist]
# distance from previous block
# <min> <max>
0	13

[block]
# block no. 2 follows, 24 sequences, length 10
# corresponding to MSA columns:
# 60-69
name=unknown_C
#
# <colnr> <probs for GDERKNQSTAVLIFYWHMCP>
#	G	D	E	R	K	N	Q	S	T	A	V	L	I	F	Y	W	H	M	C	P
0	0.01845	0.02137	0.08356	0.06275	0.19576	0.02000	0.35360	0.02422	0.01759	0.02461	0.01495	0.02018	0.01179	0.00767	0.01060	0.00267	0.08725	0.00819	0.00387	0.01093
1	0.02217	0.01491	0.01935	0.01990	0.13137	0.01507	0.01334	0.10612	0.15201	0.17118	0.18446	0.03286	0.03197	0.01093	0.00823	0.00244	0.00658	0.00937	0.00775	0.03999
2	0.01357	0.01073	0.01304	0.01209	0.01446	0.01132	0.00923	0.02175	0.17930	0.03103	0.45162	0.07671	0.05813	0.01510	0.00990	0.00262	0.03942	0.01297	0.00825	0.00876
3	0.01277	0.00955	0.01073	0.01016	0.01187	0.00960	0.00702	0.03776	0.10013	0.02386	0.18983	0.05391	0.15058	0.31289	0.02220	0.00473	0.00595	0.01263	0.00673	0.00708
4	0.01559	0.01325	0.02118	0.01775	0.02123	0.01305	0.16652	0.12461	0.02051	0.02766	0.08648	0.36640	0.03761	0.01694	0.00949	0.00288	0.00742	0.01590	0.00675	0.00880
5	0.58844	0.01503	0.01284	0.01076	0.01619	0.01600	0.00879	0.02248	0.01423	0.03316	0.01180	0.01377	0.00937	0.00699	0.00515	0.00214	0.00607	0.00439	0.00486	0.19756
6	0.01972	0.01472	0.02140	0.41296	0.04023	0.01711	0.01788	0.02887	0.17633	0.13706	0.02158	0.02425	0.01552	0.00896	0.00797	0.00262	0.00884	0.00768	0.00574	0.01055
7	0.46402	0.01607	0.01543	0.01269	0.01815	0.01744	0.01047	0.13466	0.01989	0.19739	0.01745	0.01745	0.01218	0.00834	0.00619	0.00244	0.00673	0.00570	0.00665	0.01065
8	0.02029	0.01291	0.01592	0.01203	0.01795	0.01031	0.00963	0.02374	0.01903	0.18861	0.13135	0.02646	0.02461	0.00864	0.00700	0.00172	0.00572	0.00718	0.00667	0.45025
9	0.01681	0.07508	0.50662	0.02445	0.03509	0.01950	0.16200	0.02510	0.01714	0.02481	0.01445	0.01753	0.01048	0.00731	0.00779	0.00250	0.01190	0.00653	0.00349	0.01141

[dist]
# distance from previous block
# <min> <max>
4	6

[block]
# block no. 3 follows, 24 sequences, length 69
# corresponding to MSA columns:
# 76-107,111-147
name=unknown_D
#
# <colnr> <probs for GDERKNQSTAVLIFYWHMCP>
#	G	D	E	R	K	N	Q	S	T	A	V	L	I	F	Y	W	H	M	C	P
0	0.02020	0.01965	0.03480	0.04306	0.48493	0.01953	0.16035	0.07028	0.01962	0.02757	0.01547	0.01997	0.01251	0.00716	0.00819	0.00243	0.01024	0.00758	0.00424	0.01222
1	0.02041	0.01897	0.03066	0.04435	0.58249	0.01932	0.02290	0.07119	0.06044	0.02814	0.01633	0.02022	0.01337	0.00748	0.00787	0.00238	0.00917	0.00719	0.00449	0.01263
2	0.01472	0.00809	0.00911	0.01030	0.05185	0.00805	0.00688	0.01831	0.01661	0.02864	0.02648	0.07946	0.02219	0.01025	0.00603	0.00198	0.00413	0.00849	0.66077	0.00765
3	0.08441	0.02165	0.02438	0.01864	0.02499	0.02380	0.05483	0.55990	0.03434	0.04734	0.01826	0.01874	0.01303	0.00918	0.00780	0.00240	0.00883	0.00707	0.00746	0.01295
4	0.01706	0.01521	0.02379	0.60809	0.05048	0.01858	0.02107	0.10632	0.01881	0.02435	0.01478	0.02085	0.01097	0.00815	0.00793	0.00261	0.01032	0.00706	0.00413	0.00945
5	0.01672	0.02888	0.31992	0.02276	0.03048	0.07238	0.17108	0.02299	0.01733	0.02359	0.02162	0.09533	0.05723	0.01040	0.00946	0.00266	0.05356	0.00916	0.00426	0.01020
6	0.01871	0.06600	0.04422	0.03056	0.03843	0.02008	0.55608	0.02490	0.01838	0.02500	0.01558	0.02047	0.01189	0.00663	0.00883	0.00250	0.01250	0.00869	0.00402	0.06653
7	0.01122	0.00811	0.01060	0.00998	0.01185	0.00748	0.00748	0.01496	0.02245	0.03180	0.66766	0.05923	0.07482	0.01621	0.00935	0.00249	0.00374	0.01434	0.00873	0.00748
8	0.01619	0.03835	0.59960	0.02331	0.03415	0.01884	0.07385	0.02482	0.01665	0.02482	0.01417	0.01712	0.01021	0.00780	0.00863	0.00257	0.04787	0.00617	0.00340	0.01149
9	0.00990	0.00708	0.00944	0.01105	0.01168	0.00662	0.00753	0.01157	0.01595	0.02143	0.10195	0.63610	0.05434	0.02395	0.01007	0.00317	0.00460	0.03953	0.00749	0.00656
10	0.01782	0.01714	0.02960	0.29671	0.41084	0.01843	0.04914	0.02283	0.01725	0.02374	0.01465	0.02028	0.01178	0.00738	0.00794	0.00248	0.01002	0.00715	0.00378	0.01106
11	0.03558	0.01350	0.01840	0.01411	0.02024	0.01166	0.01166	0.03865	0.02270	0.67734	0.03128	0.02699	0.01963	0.00981	0.00797	0.00245	0.00675	0.00797	0.00981	0.01350
12	0.01920	0.46756	0.28257	0.01698	0.02562	0.02649	0.01950	0.02426	0.01635	0.02109	0.01223	0.01424	0.01013	0.00707	0.00601	0.00200	0.00970	0.00485	0.00338	0.01076
13	0.01433	0.00816	0.00930	0.00910	0.01077	0.00881	0.00699	0.01776	0.01569	0.02702	0.02417	0.02913	0.01966	0.01825	0.12589	0.00384	0.04742	0.00756	0.58875	0.00741
14	0.02923	0.07063	0.02346	0.02000	0.02432	0.62882	0.01523	0.05770	0.02280	0.02069	0.01249	0.01443	0.01035	0.00816	0.00708	0.00204	0.01378	0.00515	0.00422	0.00943
15	0.01865	0.01784	0.03042	0.18624	0.54193	0.01858	0.02385	0.02348	0.01759	0.02472	0.01474	0.01995	0.01214	0.00725	0.00787	0.00242	0.00966	0.00706	0.00384	0.01177
16	0.73387	0.01680	0.04981	0.01112	0.01642	0.01783	0.00977	0.02341	0.01368	0.03498	0.01122	0.01310	0.00867	0.00737	0.00506	0.00246	0.00645	0.00438	0.00482	0.00877
17	0.01264	0.00992	0.01196	0.01184	0.01308	0.04851	0.00868	0.01475	0.01322	0.01833	0.02193	0.03535	0.02158	0.22144	0.44667	0.01022	0.01640	0.00901	0.04782	0.00664
18	0.01074	0.00809	0.00993	0.00947	0.01155	0.00728	0.00710	0.01403	0.02131	0.02910	0.51477	0.06368	0.22940	0.01722	0.00936	0.00254	0.00381	0.01496	0.00837	0.00728
19	0.02138	0.01905	0.02518	0.03139	0.32295	0.05167	0.01837	0.15247	0.13729	0.03143	0.02341	0.02776	0.04771	0.00976	0.00812	0.00250	0.00857	0.04315	0.00585	0.01200
20	0.01122	0.00811	0.01060	0.00998	0.01185	0.00748	0.00748	0.01496	0.02245	0.03180	0.66766	0.05923	0.07482	0.01621	0.00935	0.00249	0.00374	0.01434	0.00873	0.00748
21	0.01963	0.01884	0.03219	0.04867	0.67185	0.01884	0.02434	0.02434	0.01806	0.02591	0.01492	0.01963	0.01256	0.00707	0.00785	0.00236	0.00942	0.00707	0.00393	0.01256
22	0.01872	0.02139	0.04679	0.03342	0.04144	0.02005	0.64305	0.02540	0.01872	0.02540	0.01604	0.02139	0.01203	0.00668	0.00936	0.00267	0.01337	0.00936	0.00401	0.01070
23	0.00966	0.00690	0.00920	0.01104	0.01150	0.00644	0.00736	0.01104	0.01518	0.02024	0.04371	0.71614	0.05245	0.02484	0.01012	0.00322	0.00460	0.02254	0.00736	0.00644
24	0.77733	0.01534	0.01166	0.01043	0.01534	0.01779	0.00859	0.02331	0.01350	0.03558	0.01104	0.01288	0.00859	0.00736	0.00491	0.00245	0.00613	0.00429	0.00491	0.00859
25	0.01770	0.01103	0.01361	0.01247	0.01540	0.01091	0.00946	0.07511	0.10154	0.14242	0.24667	0.23105	0.04736	0.01627	0.00905	0.00271	0.00525	0.01425	0.00838	0.00938
26	0.02962	0.03779	0.02247	0.02043	0.02451	0.68948	0.01532	0.03166	0.02247	0.01941	0.01226	0.01430	0.01021	0.00817	0.00715	0.00204	0.01430	0.00511	0.00409	0.00919
27	0.01644	0.01409	0.01644	0.01175	0.01879	0.01057	0.00940	0.01997	0.01644	0.02584	0.01409	0.01644	0.01175	0.00587	0.00587	0.00117	0.00587	0.00470	0.00470	0.76979
28	0.02098	0.01719	0.01829	0.01618	0.02083	0.01967	0.01266	0.07689	0.59557	0.06061	0.03147	0.02887	0.02340	0.01065	0.00806	0.00266	0.00644	0.00882	0.00813	0.01264
29	0.02841	0.02229	0.02239	0.01771	0.02333	0.08171	0.01432	0.53636	0.03390	0.04449	0.01976	0.05018	0.01555	0.04095	0.00937	0.00262	0.00899	0.00782	0.00743	0.01243
30	0.01066	0.00803	0.00986	0.00951	0.01153	0.00723	0.00709	0.01384	0.02096	0.02853	0.48399	0.09276	0.23170	0.01762	0.00939	0.00257	0.00385	0.01534	0.00831	0.00723
31	0.06966	0.62613	0.06927	0.01401	0.02083	0.05091	0.01405	0.02403	0.01618	0.02007	0.01122	0.01297	0.01007	0.00690	0.00526	0.00179	0.00867	0.00435	0.00351	0.01012
32	0.02627	0.08295	0.02347	0.01735	0.02259	0.08149	0.01431	0.42916	0.03042	0.03962	0.02069	0.07653	0.01770	0.01123	0.00859	0.00247	0.03319	0.04326	0.00696	0.01174
33	0.01646	0.01090	0.03782	0.01348	0.05193	0.00929	0.01004	0.02023	0.02173	0.15400	0.45903	0.07653	0.05743	0.01451	0.00897	0.00251	0.00497	0.01274	0.00841	0.00903
34	0.01326	0.01026	0.04589	0.01111	0.01384	0.00841	0.00915	0.01715	0.02172	0.07802	0.52343	0.05719	0.09385	0.01580	0.00925	0.00257	0.00459	0.04803	0.00838	0.00810
35	0.01104	0.00810	0.01035	0.00978	0.01173	0.00740	0.00734	0.01461	0.02201	0.03077	0.60957	0.06092	0.13356	0.01659	0.00935	0.00251	0.00377	0.01458	0.00859	0.00740
36	0.77733	0.01534	0.01166	0.01043	0.01534	0.01779	0.00859	0.02331	0.01350	0.03558	0.01104	0.01288	0.00859	0.00736	0.00491	0.00245	0.00613	0.00429	0.00491	0.00859
37	0.01930	0.01835	0.03000	0.07814	0.54754	0.01910	0.02275	0.02566	0.08081	0.02604	0.01639	0.02059	0.01351	0.00777	0.00866	0.00245	0.03919	0.00725	0.00429	0.01220
38	0.77733	0.01534	0.01166	0.01043	0.01534	0.01779	0.00859	0.02331	0.01350	0.03558	0.01104	0.01288	0.00859	0.00736	0.00491	0.00245	0.00613	0.00429	0.00491	0.00859
39	0.02841	0.03482	0.02372	0.02381	0.10415	0.57938	0.01642	0.05624	0.02254	0.02148	0.01287	0.01515	0.01064	0.00809	0.00727	0.00210	0.01347	0.00543	0.00423	0.00979
40	0.01652	0.03213	0.42177	0.06417	0.03672	0.01842	0.21517	0.02450	0.01753	0.02520	0.04190	0.02017	0.01337	0.00766	0.00819	0.00257	0.01183	0.00735	0.00378	0.01107
41	0.01234	0.00907	0.01152	0.01080	0.01288	0.00883	0.00814	0.04220	0.05314	0.03138	0.54614	0.09240	0.06615	0.01804	0.03881	0.00299	0.00488	0.01399	0.00839	0.00790
42	0.04741	0.01760	0.02641	0.07441	0.40357	0.01802	0.01955	0.08372	0.07404	0.02917	0.05378	0.02226	0.01686	0.00810	0.00770	0.00232	0.00842	0.00735	0.00501	0.07431
43	0.01128	0.00822	0.01065	0.01192	0.01337	0.00787	0.00938	0.01376	0.01699	0.02203	0.07242	0.23771	0.14577	0.08923	0.01325	0.00373	0.00600	0.29250	0.00715	0.00676
44	0.01788	0.01694	0.02872	0.25152	0.45068	0.01804	0.02312	0.02272	0.01738	0.02405	0.01582	0.02311	0.01336	0.00797	0.00801	0.00250	0.00969	0.03338	0.00395	0.01116
45	0.01823	0.01453	0.01691	0.01237	0.01919	0.01168	0.00992	0.04525	0.05464	0.06433	0.01631	0.01790	0.01298	0.00651	0.00620	0.00138	0.00605	0.00522	0.00530	0.65509
46	0.77733	0.01534	0.01166	0.01043	0.01534	0.01779	0.00859	0.02331	0.01350	0.03558	0.01104	0.01288	0.00859	0.00736	0.00491	0.00245	0.00613	0.00429	0.00491	0.00859
47	0.01854	0.02265	0.08737	0.03273	0.04099	0.01995	0.60373	0.02538	0.01859	0.02538	0.01593	0.02109	0.01190	0.00674	0.00924	0.00266	0.01326	0.00913	0.00397	0.01076
48	0.01682	0.01651	0.03002	0.12246	0.13050	0.01699	0.24165	0.04839	0.03829	0.02460	0.02194	0.17190	0.02105	0.01151	0.00992	0.00277	0.04861	0.01131	0.00493	0.00986
49	0.00989	0.00706	0.00946	0.01130	0.01186	0.00664	0.00776	0.01144	0.01541	0.02050	0.04358	0.67001	0.05195	0.02463	0.01018	0.00325	0.00480	0.06641	0.00736	0.00650
50	0.01476	0.01332	0.01897	0.05651	0.01960	0.01757	0.01415	0.01711	0.01295	0.01952	0.01679	0.06713	0.01645	0.02793	0.22555	0.00616	0.37908	0.00844	0.04003	0.00799
51	0.01117	0.00840	0.01053	0.01083	0.01292	0.00776	0.00868	0.01439	0.01992	0.02637	0.30891	0.07333	0.23570	0.01906	0.00985	0.00290	0.00491	0.19928	0.00790	0.00720
52	0.01122	0.00811	0.01060	0.00998	0.01185	0.00748	0.00748	0.01496	0.02245	0.03180	0.66766	0.05923	0.07482	0.01621	0.00935	0.00249	0.00374	0.01434	0.00873	0.00748
53	0.02962	0.03779	0.02247	0.02043	0.02451	0.68948	0.01532	0.03166	0.02247	0.01941	0.01226	0.01430	0.01021	0.00817	0.00715	0.00204	0.01430	0.00511	0.00409	0.00919
54	0.01993	0.05209	0.09001	0.08779	0.03820	0.02014	0.41803	0.06514	0.01941	0.06323	0.01640	0.02068	0.01215	0.00745	0.00926	0.00261	0.03381	0.00837	0.00446	0.01086
55	0.01042	0.00812	0.01236	0.01292	0.01402	0.00759	0.06080	0.01225	0.01548	0.02068	0.04138	0.65774	0.04905	0.02332	0.01006	0.00317	0.00534	0.02143	0.00708	0.00680
56	0.01134	0.00847	0.01260	0.01260	0.01396	0.00983	0.00973	0.01407	0.01270	0.01830	0.02137	0.03189	0.02014	0.08302	0.66678	0.01256	0.02076	0.00860	0.00427	0.00700
57	0.01837	0.01403	0.01664	0.01198	0.01894	0.01068	0.00962	0.02184	0.01707	0.09133	0.01582	0.01750	0.01254	0.00627	0.00608	0.00130	0.00596	0.00503	0.00521	0.69377
58	0.01147	0.00845	0.01252	0.01252	0.01396	0.00981	0.00973	0.01434	0.01290	0.01887	0.02143	0.03109	0.01984	0.05741	0.66178	0.01230	0.02052	0.00845	0.03551	0.00709
59	0.02015	0.01645	0.01787	0.04368	0.02159	0.01870	0.01263	0.06537	0.53662	0.06405	0.03369	0.03136	0.06024	0.01108	0.00813	0.00266	0.00645	0.00921	0.00792	0.01215
60	0.01083	0.00804	0.01009	0.00969	0.01163	0.00730	0.00722	0.01417	0.02137	0.02948	0.53795	0.09119	0.17714	0.01727	0.00939	0.00256	0.00383	0.01512	0.00843	0.00730
61	0.01730	0.01907	0.06744	0.20138	0.06868	0.01811	0.36856	0.02338	0.01767	0.02449	0.01633	0.02179	0.01236	0.00730	0.00848	0.00257	0.01150	0.00832	0.07522	0.01004
62	0.01153	0.00769	0.00865	0.00865	0.00865	0.00769	0.00480	0.01153	0.01153	0.01538	0.02499	0.05189	0.02883	0.72131	0.04036	0.00769	0.00769	0.01153	0.00480	0.00480
63	0.02046	0.01817	0.02695	0.11055	0.38143	0.01924	0.02020	0.13353	0.09727	0.03012	0.02071	0.02356	0.04495	0.00864	0.00797	0.00245	0.00880	0.00776	0.00523	0.01202
64	0.01590	0.03846	0.61767	0.02353	0.06649	0.01807	0.02820	0.02460	0.01664	0.02486	0.01457	0.01752	0.01060	0.00976	0.03716	0.00295	0.01201	0.00604	0.00342	0.01156
65	0.05312	0.57908	0.14855	0.01496	0.02250	0.02859	0.01602	0.02396	0.01611	0.02049	0.01157	0.01341	0.01009	0.00694	0.00550	0.00187	0.00893	0.00452	0.00345	0.01037
66	0.01969	0.01410	0.01698	0.01621	0.06614	0.01404	0.01157	0.08150	0.19694	0.11983	0.03205	0.16225	0.06653	0.01279	0.00815	0.00246	0.00625	0.01098	0.00727	0.13426
67	0.05897	0.02010	0.02122	0.03854	0.02373	0.03927	0.01410	0.37336	0.21980	0.07315	0.02291	0.02225	0.01660	0.00973	0.00782	0.00248	0.00799	0.00755	0.00770	0.01274
68	0.31610	0.05686	0.06678	0.06561	0.02259	0.08233	0.01325	0.10972	0.07540	0.03232	0.03770	0.01804	0.01362	0.00828	0.00645	0.00233	0.00804	0.00586	0.00534	0.05340

[dist]
# distance from previous block
# <min> <max>
0	12

[block]
# block no. 4 follows, 24 sequences, length 6
# corresponding to MSA columns:
# 160-165
name=unknown_E
#
# <colnr> <probs for GDERKNQSTAVLIFYWHMCP>
#	G	D	E	R	K	N	Q	S	T	A	V	L	I	F	Y	W	H	M	C	P
0	0.02079	0.05446	0.02037	0.01919	0.11415	0.01731	0.01335	0.15339	0.17837	0.07245	0.06967	0.03200	0.07629	0.01085	0.00787	0.00240	0.00690	0.02872	0.05038	0.05109
1	0.01888	0.01808	0.03084	0.15321	0.57313	0.01865	0.02397	0.02368	0.01770	0.02500	0.01478	0.01987	0.01224	0.00720	0.00786	0.00240	0.00960	0.00706	0.00386	0.01196
2	0.01579	0.01428	0.02251	0.58874	0.04854	0.01732	0.02014	0.07186	0.01783	0.02284	0.01988	0.02544	0.06415	0.00905	0.00805	0.00262	0.00989	0.00784	0.00420	0.00903
3	0.01941	0.01490	0.01878	0.01359	0.02055	0.01201	0.04567	0.05754	0.01842	0.09762	0.01634	0.01801	0.01271	0.00655	0.00641	0.00147	0.00655	0.00545	0.00539	0.60262
4	0.01579	0.01678	0.06808	0.29482	0.06500	0.01794	0.10939	0.02039	0.01555	0.02171	0.01625	0.06065	0.01406	0.01206	0.04030	0.00321	0.14958	0.00825	0.04106	0.00913
5	0.08274	0.12094	0.31680	0.06890	0.03423	0.02046	0.19809	0.02454	0.01688	0.02493	0.01404	0.01749	0.01053	0.00721	0.00753	0.00245	0.01121	0.00658	0.00369	0.01077

[dist]
# distance from previous block
# <min> <max>
28	62

[block]
# block no. 5 follows, 24 sequences, length 63
# corresponding to MSA columns:
# 230-292
name=unknown_F
#
# <colnr> <probs for GDERKNQSTAVLIFYWHMCP>
#	G	D	E	R	K	N	Q	S	T	A	V	L	I	F	Y	W	H	M	C	P
0	0.02490	0.02304	0.02559	0.04962	0.11832	0.19599	0.09701	0.12175	0.08413	0.10490	0.05989	0.02274	0.01782	0.00896	0.00801	0.00238	0.01019	0.00760	0.00595	0.01121
1	0.11940	0.03442	0.50414	0.02148	0.03155	0.01806	0.08333	0.02450	0.01671	0.02682	0.03910	0.01829	0.01253	0.00776	0.00742	0.00252	0.01081	0.00630	0.00383	0.01103
2	0.11364	0.02020	0.01910	0.04513	0.02240	0.12055	0.01300	0.21449	0.10978	0.06328	0.02223	0.02474	0.04298	0.00975	0.00743	0.00232	0.00833	0.03440	0.00647	0.09978
3	0.06720	0.01171	0.01547	0.01419	0.04557	0.01133	0.03634	0.06894	0.02042	0.17347	0.21444	0.10938	0.05281	0.10795	0.01280	0.00325	0.00623	0.01171	0.00756	0.00924
4	0.70584	0.01516	0.01231	0.01078	0.01581	0.01720	0.00888	0.02479	0.01438	0.09743	0.01299	0.01424	0.00965	0.00760	0.00520	0.00245	0.00619	0.00465	0.00538	0.00906
5	0.01700	0.01684	0.02362	0.02035	0.02044	0.02346	0.01692	0.01880	0.01218	0.01905	0.01103	0.01814	0.01095	0.01650	0.06422	0.00400	0.66736	0.00703	0.00351	0.00858
6	0.01377	0.00689	0.01033	0.01033	0.01033	0.00689	0.00689	0.01033	0.01033	0.01377	0.01377	0.02410	0.01377	0.02755	0.03099	0.76928	0.00689	0.00689	0.00344	0.00344
7	0.03009	0.02378	0.02366	0.01847	0.02458	0.09154	0.01510	0.58361	0.03579	0.04690	0.01836	0.01856	0.01316	0.00938	0.00785	0.00235	0.00929	0.00693	0.00755	0.01305
8	0.01831	0.02073	0.04508	0.03241	0.04008	0.01944	0.61417	0.02475	0.01856	0.02517	0.01730	0.05295	0.01387	0.00751	0.00939	0.00270	0.01297	0.00996	0.00416	0.01050
9	0.77733	0.01534	0.01166	0.01043	0.01534	0.01779	0.00859	0.02331	0.01350	0.03558	0.01104	0.01288	0.00859	0.00736	0.00491	0.00245	0.00613	0.00429	0.00491	0.00859
10	0.00966	0.00690	0.00920	0.01104	0.01150	0.00644	0.00736	0.01104	0.01518	0.02024	0.04371	0.71614	0.05245	0.02484	0.01012	0.00322	0.00460	0.02254	0.00736	0.00644
11	0.01963	0.01884	0.03219	0.04867	0.67185	0.01884	0.02434	0.02434	0.01806	0.02591	0.01492	0.01963	0.01256	0.00707	0.00785	0.00236	0.00942	0.00707	0.00393	0.01256
12	0.02222	0.01308	0.01574	0.01341	0.01763	0.01317	0.01059	0.05874	0.21111	0.23659	0.22851	0.03906	0.06062	0.01241	0.00847	0.00254	0.00568	0.01050	0.00879	0.01113
13	0.03014	0.02221	0.02380	0.01825	0.02459	0.02459	0.01507	0.64541	0.03728	0.04998	0.01904	0.01904	0.01349	0.00952	0.00793	0.00238	0.00873	0.00714	0.00793	0.01349
14	0.01278	0.00913	0.01278	0.01460	0.01643	0.00913	0.01278	0.01643	0.01825	0.02373	0.04199	0.08945	0.04564	0.02191	0.01095	0.00365	0.00730	0.61847	0.00730	0.00730
15	0.01872	0.02139	0.04679	0.03342	0.04144	0.02005	0.64305	0.02540	0.01872	0.02540	0.01604	0.02139	0.01203	0.00668	0.00936	0.00267	0.01337	0.00936	0.00401	0.01070
16	0.02120	0.72609	0.04155	0.01357	0.02035	0.03138	0.01357	0.02374	0.01611	0.01866	0.01102	0.01272	0.01018	0.00678	0.00509	0.00170	0.00848	0.00424	0.00339	0.01018
17	0.01644	0.01409	0.01644	0.01175	0.01879	0.01057	0.00940	0.01997	0.01644	0.02584	0.01409	0.01644	0.01175	0.00587	0.00587	0.00117	0.00587	0.00470	0.00470	0.76979
18	0.02092	0.02342	0.10222	0.03964	0.44374	0.07920	0.06957	0.07683	0.01996	0.02721	0.01503	0.01892	0.01212	0.00739	0.00787	0.00237	0.01034	0.00694	0.00422	0.01211
19	0.01265	0.00903	0.01263	0.01445	0.01622	0.00901	0.01255	0.01620	0.01812	0.02358	0.04206	0.11615	0.04593	0.02203	0.01092	0.00363	0.00719	0.59308	0.00730	0.00727
20	0.01872	0.02139	0.04679	0.03342	0.04144	0.02005	0.64305	0.02540	0.01872	0.02540	0.01604	0.02139	0.01203	0.00668	0.00936	0.00267	0.01337	0.00936	0.00401	0.01070
21	0.01104	0.00805	0.01037	0.00990	0.01176	0.00739	0.00738	0.01456	0.02184	0.03062	0.60237	0.08988	0.11144	0.01685	0.00939	0.00254	0.00380	0.01486	0.00858	0.00739
22	0.01134	0.00845	0.01253	0.01253	0.01388	0.00980	0.00965	0.01402	0.01268	0.01825	0.02143	0.03222	0.02029	0.09365	0.65635	0.01248	0.02054	0.00865	0.00428	0.00696
23	0.01963	0.01884	0.03219	0.04867	0.67185	0.01884	0.02434	0.02434	0.01806	0.02591	0.01492	0.01963	0.01256	0.00707	0.00785	0.00236	0.00942	0.00707	0.00393	0.01256
24	0.02120	0.72609	0.04155	0.01357	0.02035	0.03138	0.01357	0.02374	0.01611	0.01866	0.01102	0.01272	0.01018	0.00678	0.00509	0.00170	0.00848	0.00424	0.00339	0.01018
25	0.01964	0.52389	0.23005	0.01623	0.02448	0.02755	0.01821	0.02415	0.01630	0.02056	0.01197	0.01391	0.01014	0.00701	0.00581	0.00194	0.00944	0.00472	0.00338	0.01063
26	0.01868	0.04746	0.02870	0.19861	0.41128	0.01893	0.02187	0.04573	0.05347	0.02541	0.01678	0.02311	0.01403	0.00816	0.00789	0.00247	0.00937	0.03235	0.00432	0.01138
27	0.01122	0.00811	0.01060	0.00998	0.01185	0.00748	0.00748	0.01496	0.02245	0.03180	0.66766	0.05923	0.07482	0.01621	0.00935	0.00249	0.00374	0.01434	0.00873	0.00748
28	0.01122	0.00811	0.01060	0.00998	0.01185	0.00748	0.00748	0.01496	0.02245	0.03180	0.66766	0.05923	0.07482	0.01621	0.00935	0.00249	0.00374	0.01434	0.00873	0.00748
29	0.01122	0.00811	0.01060	0.00998	0.01185	0.00748	0.00748	0.01496	0.02245	0.03180	0.66766	0.05923	0.07482	0.01621	0.00935	0.00249	0.00374	0.01434	0.00873	0.00748
30	0.00937	0.00803	0.00803	0.00803	0.01071	0.00669	0.00602	0.01138	0.01807	0.02142	0.08033	0.07632	0.66863	0.02008	0.00937	0.00268	0.00402	0.01674	0.00736	0.00669
31	0.01905	0.01796	0.02969	0.07061	0.56176	0.01830	0.02272	0.02502	0.06469	0.02609	0.01771	0.02443	0.01523	0.00822	0.00805	0.00247	0.00912	0.04238	0.00441	0.01211
32	0.02120	0.72609	0.04155	0.01357	0.02035	0.03138	0.01357	0.02374	0.01611	0.01866	0.01102	0.01272	0.01018	0.00678	0.00509	0.00170	0.00848	0.00424	0.00339	0.01018
33	0.01963	0.01884	0.03219	0.04867	0.67185	0.01884	0.02434	0.02434	0.01806	0.02591	0.01492	0.01963	0.01256	0.00707	0.00785	0.00236	0.00942	0.00707	0.00393	0.01256
34	0.01133	0.00850	0.01274	0.01274	0.01416	0.00991	0.00991	0.01416	0.01274	0.01841	0.02124	0.03115	0.01982	0.05947	0.68989	0.01274	0.02124	0.00850	0.00425	0.00708
35	0.01644	0.01409	0.01644	0.01175	0.01879	0.01057	0.00940	0.01997	0.01644	0.02584	0.01409	0.01644	0.01175	0.00587	0.00587	0.00117	0.00587	0.00470	0.00470	0.76979
36	0.01963	0.01884	0.03219	0.04867	0.67185	0.01884	0.02434	0.02434	0.01806	0.02591	0.01492	0.01963	0.01256	0.00707	0.00785	0.00236	0.00942	0.00707	0.00393	0.01256
37	0.03558	0.01350	0.01840	0.01411	0.02024	0.01166	0.01166	0.03865	0.02270	0.67734	0.03128	0.02699	0.01963	0.00981	0.00797	0.00245	0.00675	0.00797	0.00981	0.01350
38	0.01511	0.01428	0.02381	0.66305	0.05267	0.01800	0.02175	0.02019	0.01564	0.02019	0.01388	0.02092	0.01056	0.00827	0.00897	0.00269	0.05063	0.00704	0.00352	0.00880
39	0.01203	0.00947	0.01388	0.01349	0.01468	0.01146	0.01053	0.01461	0.01262	0.01835	0.02017	0.03050	0.01915	0.08387	0.58484	0.01146	0.09910	0.00845	0.00418	0.00716
40	0.01735	0.01735	0.02429	0.02082	0.02082	0.02429	0.01735	0.01908	0.01214	0.01908	0.01041	0.01735	0.01041	0.01388	0.02602	0.00347	0.70680	0.00694	0.00347	0.00867
41	0.01511	0.00792	0.01130	0.01124	0.01138	0.00772	0.00749	0.01137	0.01122	0.01511	0.01508	0.02576	0.01497	0.02799	0.03102	0.75258	0.00731	0.00729	0.00391	0.00422
42	0.01109	0.00793	0.01020	0.01194	0.01253	0.00728	0.00795	0.01207	0.01597	0.02143	0.04435	0.70251	0.05279	0.02534	0.01061	0.00344	0.00508	0.02260	0.00774	0.00715
43	0.01261	0.00911	0.01157	0.01090	0.01287	0.00830	0.00807	0.01590	0.02307	0.03274	0.65453	0.06011	0.07467	0.01690	0.00986	0.00273	0.00424	0.01457	0.00908	0.00817
44	0.01109	0.00793	0.01020	0.01194	0.01253	0.00728	0.00795	0.01207	0.01597	0.02143	0.04435	0.70251	0.05279	0.02534	0.01061	0.00344	0.00508	0.02260	0.00774	0.00715
45	0.01772	0.01497	0.01728	0.01263	0.01966	0.01132	0.00994	0.02079	0.01720	0.02691	0.01540	0.01827	0.01299	0.00679	0.00645	0.00144	0.00632	0.00515	0.00514	0.75364
46	0.01511	0.00792	0.01130	0.01124	0.01138	0.00772	0.00749	0.01137	0.01122	0.01511	0.01508	0.02576	0.01497	0.02799	0.03102	0.75258	0.00731	0.00729	0.00391	0.00422
47	0.01881	0.10834	0.25439	0.02666	0.03545	0.02065	0.32137	0.02510	0.01844	0.02541	0.01945	0.02341	0.04630	0.00857	0.00877	0.00274	0.01207	0.00834	0.00435	0.01139
48	0.03146	0.02235	0.02413	0.01872	0.02505	0.02421	0.01527	0.59397	0.03666	0.09027	0.02101	0.02131	0.01508	0.01037	0.00847	0.00262	0.00899	0.00759	0.00842	0.01404
49	0.01091	0.00905	0.00920	0.00910	0.01182	0.00757	0.00672	0.01259	0.01904	0.02316	0.11263	0.07587	0.62254	0.02047	0.00987	0.00290	0.00449	0.01678	0.00782	0.00745
50	0.02352	0.01806	0.02046	0.01558	0.02193	0.01720	0.01253	0.24772	0.02476	0.06222	0.01769	0.01969	0.01387	0.00871	0.00840	0.00206	0.04613	0.00629	0.00645	0.40676
51	0.03106	0.02476	0.02432	0.01924	0.02532	0.10391	0.01552	0.55961	0.03582	0.04688	0.01943	0.02024	0.01430	0.01020	0.00837	0.00258	0.00977	0.00729	0.00785	0.01353
52	0.01109	0.00793	0.01020	0.01194	0.01253	0.00728	0.00795	0.01207	0.01597	0.02143	0.04435	0.70251	0.05279	0.02534	0.01061	0.00344	0.00508	0.02260	0.00774	0.00715
53	0.02054	0.01931	0.03214	0.09016	0.61918	0.01933	0.02440	0.02481	0.01864	0.02662	0.01615	0.02147	0.01366	0.00801	0.00839	0.00261	0.00986	0.00746	0.00436	0.01290
54	0.03448	0.01436	0.01884	0.01488	0.02074	0.01267	0.01202	0.03825	0.05983	0.59930	0.05952	0.03011	0.02333	0.01097	0.00857	0.00271	0.00702	0.00868	0.01000	0.01374
55	0.01116	0.00799	0.01026	0.01189	0.01254	0.00733	0.00796	0.01224	0.01630	0.02196	0.07261	0.67276	0.05380	0.02495	0.01057	0.00341	0.00504	0.02222	0.00780	0.00720
56	0.04656	0.01510	0.02264	0.55076	0.04710	0.01792	0.01987	0.06978	0.01827	0.02512	0.01664	0.02308	0.01280	0.00901	0.00815	0.00278	0.01004	0.00737	0.06730	0.00971
57	0.10837	0.05632	0.09640	0.12019	0.12071	0.01797	0.01723	0.09261	0.02029	0.13587	0.01837	0.02084	0.01378	0.00869	0.00763	0.00248	0.00878	0.00668	0.00585	0.12093
58	0.01760	0.09395	0.61731	0.02255	0.03377	0.01999	0.02819	0.02572	0.01745	0.02570	0.01528	0.01825	0.01134	0.00836	0.00789	0.00269	0.01179	0.00616	0.00382	0.01220
59	0.01860	0.01815	0.02495	0.02150	0.02164	0.02474	0.01772	0.01993	0.01300	0.02030	0.01179	0.01915	0.01168	0.01462	0.02616	0.00369	0.69177	0.00734	0.00394	0.00934
60	0.01722	0.01044	0.01063	0.01028	0.01260	0.03508	0.00778	0.02118	0.04608	0.05763	0.10083	0.03757	0.02892	0.01172	0.00718	0.00236	0.00507	0.04730	0.52149	0.00864
61	0.05541	0.36829	0.18052	0.01738	0.02488	0.08430	0.01757	0.08397	0.01973	0.05487	0.01489	0.01691	0.01210	0.00839	0.00681	0.00230	0.00996	0.00558	0.00469	0.01146
62	0.01109	0.00793	0.01020	0.01194	0.01253	0.00728	0.00795	0.01207	0.01597	0.02143	0.04435	0.70251	0.05279	0.02534	0.01061	0.00344	0.00508	0.02260	0.00774	0.00715

[dist]
# distance from previous block
# <min> <max>
0	1

[block]
# block no. 6 follows, 24 sequences, length 13
# corresponding to MSA columns:
# 294-306
name=unknown_G
#
# <colnr> <probs for GDERKNQSTAVLIFYWHMCP>
#	G	D	E	R	K	N	Q	S	T	A	V	L	I	F	Y	W	H	M	C	P
0	0.00988	0.00707	0.00940	0.01089	0.01155	0.00659	0.00738	0.01160	0.01622	0.02189	0.13246	0.62270	0.05563	0.02362	0.01001	0.00312	0.00448	0.02138	0.00756	0.00659
1	0.01832	0.01755	0.02961	0.22312	0.41820	0.01864	0.05737	0.02467	0.06707	0.02491	0.01610	0.02091	0.01289	0.00757	0.00797	0.00248	0.00971	0.00734	0.00414	0.01144
2	0.01735	0.01735	0.02429	0.02082	0.02082	0.02429	0.01735	0.01908	0.01214	0.01908	0.01041	0.01735	0.01041	0.01388	0.02602	0.00347	0.70680	0.00694	0.00347	0.00867
3	0.01278	0.00913	0.01278	0.01460	0.01643	0.00913	0.01278	0.01643	0.01825	0.02373	0.04199	0.08945	0.04564	0.02191	0.01095	0.00365	0.00730	0.61847	0.00730	0.00730
4	0.01916	0.02402	0.10290	0.02847	0.03479	0.08304	0.39102	0.02462	0.01748	0.02348	0.01432	0.01941	0.01132	0.00843	0.01250	0.00277	0.16011	0.00810	0.00384	0.01023
5	0.01880	0.07332	0.03417	0.21136	0.19680	0.02047	0.20791	0.06261	0.01846	0.02490	0.01479	0.01988	0.01165	0.00763	0.00897	0.00253	0.04347	0.00753	0.00404	0.01070
6	0.01091	0.00809	0.01017	0.00965	0.01166	0.00735	0.00724	0.01436	0.02171	0.03005	0.56866	0.06211	0.17492	0.01686	0.00936	0.00253	0.00379	0.01474	0.00850	0.00735
7	0.30950	0.01417	0.01591	0.01275	0.01843	0.01392	0.01052	0.03298	0.01930	0.44034	0.02381	0.02178	0.01555	0.00891	0.00684	0.00245	0.00652	0.00662	0.00800	0.01168
8	0.02086	0.39598	0.23026	0.01786	0.02615	0.02467	0.06687	0.02577	0.01716	0.08676	0.01439	0.01602	0.01122	0.00730	0.00644	0.00209	0.00965	0.00549	0.00407	0.01101
9	0.01654	0.01682	0.03156	0.42255	0.08816	0.01874	0.21686	0.02208	0.01674	0.02218	0.01460	0.02097	0.01115	0.00773	0.00913	0.00267	0.04042	0.00777	0.00370	0.00963
10	0.01229	0.00886	0.01217	0.01389	0.01564	0.00874	0.01189	0.01564	0.01796	0.02328	0.04439	0.14609	0.08281	0.02207	0.01078	0.00355	0.00686	0.52858	0.00731	0.00719
11	0.01310	0.00857	0.01065	0.00994	0.01237	0.00764	0.00751	0.01621	0.02100	0.09291	0.42262	0.09146	0.22209	0.01698	0.00926	0.00257	0.00415	0.01471	0.00842	0.00783
12	0.01702	0.02094	0.11019	0.17408	0.06870	0.01836	0.37057	0.02324	0.01761	0.02394	0.01728	0.06860	0.01430	0.00831	0.00883	0.00267	0.01181	0.00928	0.00406	0.01020

[dist]
# distance from previous block
# <min> <max>
5	7

[block]
# block no. 7 follows, 24 sequences, length 98
# corresponding to MSA columns:
# 314-411
name=unknown_H
#
# <colnr> <probs for GDERKNQSTAVLIFYWHMCP>
#	G	D	E	R	K	N	Q	S	T	A	V	L	I	F	Y	W	H	M	C	P
0	0.02410	0.01884	0.02354	0.02446	0.17482	0.02051	0.01622	0.31516	0.10664	0.06059	0.02199	0.08388	0.01822	0.01070	0.00898	0.00254	0.04093	0.00877	0.00681	0.01229
1	0.01007	0.00731	0.00962	0.01102	0.01187	0.00669	0.00747	0.01168	0.01562	0.02111	0.07473	0.64817	0.05164	0.02348	0.00988	0.00308	0.00462	0.02125	0.00730	0.04337
2	0.05235	0.04192	0.02645	0.41148	0.07420	0.01982	0.07718	0.10141	0.01859	0.02537	0.01441	0.01985	0.01106	0.00837	0.00923	0.00262	0.06464	0.00704	0.00421	0.00980
3	0.01153	0.00769	0.00865	0.00865	0.00865	0.00769	0.00480	0.01153	0.01153	0.01538	0.02499	0.05189	0.02883	0.72131	0.04036	0.00769	0.00769	0.01153	0.00480	0.00480
4	0.01498	0.01409	0.02378	0.70226	0.05462	0.01762	0.02202	0.02026	0.01586	0.02026	0.01409	0.02114	0.01057	0.00793	0.00793	0.00264	0.01057	0.00705	0.00352	0.00881
5	0.01698	0.01381	0.01814	0.01709	0.04123	0.01458	0.06490	0.12457	0.17742	0.02935	0.03334	0.26971	0.03351	0.01637	0.00923	0.00293	0.00694	0.09291	0.00722	0.00977
6	0.77733	0.01534	0.01166	0.01043	0.01534	0.01779	0.00859	0.02331	0.01350	0.03558	0.01104	0.01288	0.00859	0.00736	0.00491	0.00245	0.00613	0.00429	0.00491	0.00859
7	0.01134	0.00846	0.01258	0.01258	0.01394	0.00982	0.00971	0.01405	0.01270	0.01829	0.02139	0.03199	0.02019	0.08626	0.66360	0.01254	0.02069	0.00862	0.00427	0.00699
8	0.01735	0.01735	0.02429	0.02082	0.02082	0.02429	0.01735	0.01908	0.01214	0.01908	0.01041	0.01735	0.01041	0.01388	0.02602	0.00347	0.70680	0.00694	0.00347	0.00867
9	0.03558	0.01350	0.01840	0.01411	0.02024	0.01166	0.01166	0.03865	0.02270	0.67734	0.03128	0.02699	0.01963	0.00981	0.00797	0.00245	0.00675	0.00797	0.00981	0.01350
10	0.00937	0.00803	0.00803	0.00803	0.01071	0.00669	0.00602	0.01138	0.01807	0.02142	0.08033	0.07632	0.66863	0.02008	0.00937	0.00268	0.00402	0.01674	0.00736	0.00669
11	0.01644	0.01409	0.01644	0.01175	0.01879	0.01057	0.00940	0.01997	0.01644	0.02584	0.01409	0.01644	0.01175	0.00587	0.00587	0.00117	0.00587	0.00470	0.00470	0.76979
12	0.03014	0.02221	0.02380	0.01825	0.02459	0.02459	0.01507	0.64541	0.03728	0.04998	0.01904	0.01904	0.01349	0.00952	0.00793	0.00238	0.00873	0.00714	0.00793	0.01349
13	0.01278	0.00913	0.01278	0.01460	0.01643	0.00913	0.01278	0.01643	0.01825	0.02373	0.04199	0.08945	0.04564	0.02191	0.01095	0.00365	0.00730	0.61847	0.00730	0.00730
14	0.03014	0.02221	0.02380	0.01825	0.02459	0.02459	0.01507	0.64541	0.03728	0.04998	0.01904	0.01904	0.01349	0.00952	0.00793	0.00238	0.00873	0.00714	0.00793	0.01349
15	0.01735	0.01735	0.02429	0.02082	0.02082	0.02429	0.01735	0.01908	0.01214	0.01908	0.01041	0.01735	0.01041	0.01388	0.02602	0.00347	0.70680	0.00694	0.00347	0.00867
16	0.01068	0.00803	0.00988	0.00954	0.01154	0.00723	0.00711	0.01386	0.02098	0.02860	0.48818	0.09728	0.22272	0.01763	0.00940	0.00258	0.00385	0.01536	0.00832	0.00723
17	0.01735	0.01735	0.02429	0.02082	0.02082	0.02429	0.01735	0.01908	0.01214	0.01908	0.01041	0.01735	0.01041	0.01388	0.02602	0.00347	0.70680	0.00694	0.00347	0.00867
18	0.00966	0.00690	0.00920	0.01104	0.01150	0.00644	0.00736	0.01104	0.01518	0.02024	0.04371	0.71614	0.05245	0.02484	0.01012	0.00322	0.00460	0.02254	0.00736	0.00644
19	0.01735	0.01735	0.02429	0.02082	0.02082	0.02429	0.01735	0.01908	0.01214	0.01908	0.01041	0.01735	0.01041	0.01388	0.02602	0.00347	0.70680	0.00694	0.00347	0.00867
20	0.01122	0.00811	0.01060	0.00998	0.01185	0.00748	0.00748	0.01496	0.02245	0.03180	0.66766	0.05923	0.07482	0.01621	0.00935	0.00249	0.00374	0.01434	0.00873	0.00748
21	0.00937	0.00803	0.00803	0.00803	0.01071	0.00669	0.00602	0.01138	0.01807	0.02142	0.08033	0.07632	0.66863	0.02008	0.00937	0.00268	0.00402	0.01674	0.00736	0.00669
22	0.03014	0.02221	0.02380	0.01825	0.02459	0.02459	0.01507	0.64541	0.03728	0.04998	0.01904	0.01904	0.01349	0.00952	0.00793	0.00238	0.00873	0.00714	0.00793	0.01349
23	0.01872	0.02139	0.04679	0.03342	0.04144	0.02005	0.64305	0.02540	0.01872	0.02540	0.01604	0.02139	0.01203	0.00668	0.00936	0.00267	0.01337	0.00936	0.00401	0.01070
24	0.02120	0.72609	0.04155	0.01357	0.02035	0.03138	0.01357	0.02374	0.01611	0.01866	0.01102	0.01272	0.01018	0.00678	0.00509	0.00170	0.00848	0.00424	0.00339	0.01018
25	0.01153	0.00769	0.00865	0.00865	0.00865	0.00769	0.00480	0.01153	0.01153	0.01538	0.02499	0.05189	0.02883	0.72131	0.04036	0.00769	0.00769	0.01153	0.00480	0.00480
26	0.02120	0.72609	0.04155	0.01357	0.02035	0.03138	0.01357	0.02374	0.01611	0.01866	0.01102	0.01272	0.01018	0.00678	0.00509	0.00170	0.00848	0.00424	0.00339	0.01018
27	0.03014	0.02221	0.02380	0.01825	0.02459	0.02459	0.01507	0.64541	0.03728	0.04998	0.01904	0.01904	0.01349	0.00952	0.00793	0.00238	0.00873	0.00714	0.00793	0.01349
28	0.01644	0.01409	0.01644	0.01175	0.01879	0.01057	0.00940	0.01997	0.01644	0.02584	0.01409	0.01644	0.01175	0.00587	0.00587	0.00117	0.00587	0.00470	0.00470	0.76979
29	0.01550	0.00809	0.00816	0.00790	0.00996	0.00820	0.00599	0.04793	0.01760	0.03052	0.02555	0.02907	0.02000	0.00925	0.00566	0.00187	0.00393	0.00738	0.72976	0.00768
30	0.00966	0.00690	0.00920	0.01104	0.01150	0.00644	0.00736	0.01104	0.01518	0.02024	0.04371	0.71614	0.05245	0.02484	0.01012	0.00322	0.00460	0.02254	0.00736	0.00644
31	0.01963	0.01884	0.03219	0.04867	0.67185	0.01884	0.02434	0.02434	0.01806	0.02591	0.01492	0.01963	0.01256	0.00707	0.00785	0.00236	0.00942	0.00707	0.00393	0.01256
32	0.02962	0.03779	0.02247	0.02043	0.02451	0.68948	0.01532	0.03166	0.02247	0.01941	0.01226	0.01430	0.01021	0.00817	0.00715	0.00204	0.01430	0.00511	0.00409	0.00919
33	0.01963	0.01884	0.03219	0.04867	0.67185	0.01884	0.02434	0.02434	0.01806	0.02591	0.01492	0.01963	0.01256	0.00707	0.00785	0.00236	0.00942	0.00707	0.00393	0.01256
34	0.01963	0.01884	0.03219	0.04867	0.67185	0.01884	0.02434	0.02434	0.01806	0.02591	0.01492	0.01963	0.01256	0.00707	0.00785	0.00236	0.00942	0.00707	0.00393	0.01256
35	0.01735	0.01735	0.02429	0.02082	0.02082	0.02429	0.01735	0.01908	0.01214	0.01908	0.01041	0.01735	0.01041	0.01388	0.02602	0.00347	0.70680	0.00694	0.00347	0.00867
36	0.01377	0.00689	0.01033	0.01033	0.01033	0.00689	0.00689	0.01033	0.01033	0.01377	0.01377	0.02410	0.01377	0.02755	0.03099	0.76928	0.00689	0.00689	0.00344	0.00344
37	0.02962	0.03779	0.02247	0.02043	0.02451	0.68948	0.01532	0.03166	0.02247	0.01941	0.01226	0.01430	0.01021	0.00817	0.00715	0.00204	0.01430	0.00511	0.00409	0.00919
38	0.03014	0.02221	0.02380	0.01825	0.02459	0.02459	0.01507	0.64541	0.03728	0.04998	0.01904	0.01904	0.01349	0.00952	0.00793	0.00238	0.00873	0.00714	0.00793	0.01349
39	0.01153	0.00769	0.00865	0.00865	0.00865	0.00769	0.00480	0.01153	0.01153	0.01538	0.02499	0.05189	0.02883	0.72131	0.04036	0.00769	0.00769	0.01153	0.00480	0.00480
40	0.01972	0.01703	0.01793	0.01614	0.02062	0.01972	0.01255	0.04214	0.65752	0.03317	0.03228	0.02959	0.02421	0.01076	0.00807	0.00269	0.00628	0.00897	0.00807	0.01255
41	0.01972	0.01703	0.01793	0.01614	0.02062	0.01972	0.01255	0.04214	0.65752	0.03317	0.03228	0.02959	0.02421	0.01076	0.00807	0.00269	0.00628	0.00897	0.00807	0.01255
42	0.02078	0.58065	0.14319	0.01537	0.02281	0.06312	0.01619	0.02437	0.01654	0.01973	0.01160	0.01345	0.01016	0.00698	0.00559	0.00184	0.00930	0.00454	0.00342	0.01037
43	0.01133	0.00850	0.01274	0.01274	0.01416	0.00991	0.00991	0.01416	0.01274	0.01841	0.02124	0.03115	0.01982	0.05947	0.68989	0.01274	0.02124	0.00850	0.00425	0.00708
44	0.01153	0.00769	0.00865	0.00865	0.00865	0.00769	0.00480	0.01153	0.01153	0.01538	0.02499	0.05189	0.02883	0.72131	0.04036	0.00769	0.00769	0.01153	0.00480	0.00480
45	0.00978	0.00799	0.00868	0.00888	0.01121	0.00688	0.00667	0.01201	0.01830	0.02259	0.14061	0.13599	0.51109	0.02020	0.00952	0.00276	0.00421	0.04832	0.00751	0.00679
46	0.01787	0.20943	0.45754	0.01970	0.02961	0.05154	0.02373	0.02480	0.01683	0.02329	0.01334	0.01562	0.01017	0.00729	0.00682	0.00222	0.01073	0.00536	0.00346	0.05065
47	0.03014	0.02221	0.02380	0.01825	0.02459	0.02459	0.01507	0.64541	0.03728	0.04998	0.01904	0.01904	0.01349	0.00952	0.00793	0.00238	0.00873	0.00714	0.00793	0.01349
48	0.01820	0.04838	0.09533	0.02870	0.05930	0.02151	0.36004	0.02345	0.01652	0.02332	0.01402	0.01942	0.01134	0.00885	0.01378	0.00284	0.21289	0.00807	0.00377	0.01026
49	0.02319	0.44574	0.15193	0.01557	0.02302	0.05113	0.01613	0.02701	0.01767	0.13980	0.01534	0.01611	0.01188	0.00753	0.00614	0.00199	0.00898	0.00525	0.00458	0.01102
50	0.01107	0.00810	0.01039	0.00982	0.01175	0.00742	0.00736	0.01467	0.02209	0.03096	0.62009	0.06062	0.12292	0.01653	0.00935	0.00251	0.00376	0.01453	0.00862	0.00742
51	0.00957	0.00805	0.00833	0.00851	0.01105	0.00681	0.00644	0.01164	0.01797	0.02150	0.07681	0.10262	0.61063	0.02037	0.00949	0.00275	0.00422	0.04917	0.00736	0.00672
52	0.05815	0.02335	0.17597	0.05932	0.03277	0.01862	0.24396	0.05093	0.04871	0.12811	0.01812	0.02079	0.01304	0.00830	0.00960	0.00264	0.06361	0.00771	0.00509	0.01120
53	0.01307	0.00954	0.01361	0.01607	0.04460	0.00954	0.01328	0.01677	0.01825	0.02382	0.04082	0.08645	0.04422	0.02127	0.01082	0.00360	0.00739	0.59219	0.00716	0.00753
54	0.00966	0.00690	0.00920	0.01104	0.01150	0.00644	0.00736	0.01104	0.01518	0.02024	0.04371	0.71614	0.05245	0.02484	0.01012	0.00322	0.00460	0.02254	0.00736	0.00644
