[name]
unknown

[dist]
# distance from previous block
# <min> <max>
4	16

[block]
# block no. 0 follows, 25 sequences, length 10
# corresponding to MSA columns:
# 17-26
name=unknown_A
#
# <colnr> <probs for GDERKNQSTAVLIFYWHMCP>
#	G	D	E	R	K	N	Q	S	T	A	V	L	I	F	Y	W	H	M	C	P
0	0.02262	0.01654	0.05027	0.01499	0.02015	0.01588	0.01257	0.20776	0.14363	0.14618	0.07152	0.08390	0.02476	0.01143	0.00799	0.00242	0.00687	0.04258	0.00753	0.09043
1	0.01166	0.00868	0.01040	0.01096	0.01207	0.00884	0.00744	0.01630	0.12273	0.02168	0.08983	0.38572	0.04286	0.19424	0.01677	0.00408	0.00544	0.01651	0.00681	0.00698
2	0.59230	0.01902	0.12437	0.01248	0.01848	0.01699	0.01202	0.02434	0.01448	0.08737	0.01297	0.01438	0.00954	0.00743	0.00548	0.00241	0.00696	0.00475	0.00495	0.00931
3	0.02109	0.02311	0.06414	0.06644	0.44081	0.15231	0.02148	0.04755	0.04341	0.02489	0.01478	0.01842	0.01207	0.00740	0.00754	0.00228	0.01018	0.00654	0.00411	0.01146
4	0.41528	0.11724	0.12936	0.04726	0.02128	0.01916	0.01359	0.05767	0.01581	0.05812	0.01305	0.01509	0.01002	0.00905	0.02813	0.00264	0.00807	0.00502	0.00462	0.00955
5	0.02260	0.57446	0.03640	0.01479	0.02082	0.18169	0.01366	0.02497	0.01717	0.01841	0.01105	0.01279	0.00996	0.00694	0.00543	0.00174	0.00958	0.00434	0.00347	0.00973
6	0.11495	0.05476	0.02218	0.01730	0.02259	0.18679	0.01400	0.36607	0.04705	0.03731	0.01590	0.01679	0.01194	0.00879	0.00763	0.00227	0.03010	0.00610	0.00619	0.01131
7	0.00966	0.00691	0.00918	0.01065	0.01129	0.00644	0.00721	0.01132	0.01582	0.02134	0.12919	0.63159	0.05427	0.02314	0.00979	0.00305	0.00438	0.02095	0.00738	0.00644
8	0.01463	0.01367	0.01922	0.01731	0.01764	0.01826	0.01400	0.01647	0.01248	0.01873	0.01754	0.13678	0.01871	0.02355	0.14628	0.00502	0.46810	0.00960	0.00417	0.00783
9	0.01788	0.02351	0.14910	0.03217	0.12539	0.01944	0.42121	0.02425	0.01748	0.02446	0.01489	0.01967	0.01141	0.00717	0.00969	0.00260	0.05702	0.00812	0.00377	0.01075

[dist]
# distance from previous block
# <min> <max>
0	5

[block]
# block no. 1 follows, 25 sequences, length 48
# corresponding to MSA columns:
# 32-79
name=unknown_B
#
# <colnr> <probs for GDERKNQSTAVLIFYWHMCP>
#	G	D	E	R	K	N	Q	S	T	A	V	L	I	F	Y	W	H	M	C	P
0	0.01845	0.02050	0.04337	0.03517	0.14705	0.01941	0.54636	0.02466	0.01819	0.02492	0.01550	0.02063	0.01185	0.00660	0.00890	0.00256	0.01243	0.00878	0.00391	0.01076
1	0.01097	0.00793	0.01036	0.00975	0.01158	0.00732	0.00732	0.01463	0.02195	0.03109	0.67505	0.05792	0.07316	0.01585	0.00914	0.00244	0.00366	0.01402	0.00854	0.00732
2	0.00945	0.00675	0.00900	0.01080	0.01125	0.00630	0.00720	0.01080	0.01484	0.01979	0.04274	0.72245	0.05128	0.02429	0.00990	0.00315	0.00450	0.02204	0.00720	0.00630
3	0.08684	0.01423	0.01875	0.01600	0.06252	0.01312	0.01221	0.07676	0.02220	0.55300	0.02734	0.02442	0.01757	0.00923	0.00757	0.00239	0.00685	0.00743	0.00876	0.01279
4	0.03040	0.01907	0.02149	0.01660	0.02265	0.02026	0.01367	0.44853	0.06688	0.22485	0.02266	0.02134	0.01543	0.00945	0.00778	0.00236	0.00786	0.00731	0.00828	0.01314
5	0.01117	0.00749	0.00856	0.00863	0.00872	0.00745	0.00493	0.01139	0.01188	0.01592	0.05131	0.08515	0.03116	0.66340	0.03675	0.00709	0.00721	0.01193	0.00498	0.00488
6	0.01608	0.01378	0.01608	0.01148	0.01837	0.01034	0.00919	0.01952	0.01608	0.02527	0.01378	0.01608	0.01148	0.00574	0.00574	0.00115	0.00574	0.00459	0.00459	0.77491
7	0.01075	0.00772	0.00992	0.01125	0.01208	0.00745	0.00769	0.05249	0.01625	0.02168	0.04117	0.67677	0.04881	0.02332	0.00976	0.00310	0.00476	0.02106	0.00723	0.00674
8	0.01577	0.00761	0.00793	0.00765	0.00973	0.00750	0.00581	0.01935	0.01665	0.07146	0.02564	0.02874	0.01983	0.00907	0.00557	0.00185	0.00381	0.00726	0.72117	0.00761
9	0.01942	0.42191	0.10729	0.05257	0.02633	0.02564	0.11343	0.04479	0.01669	0.02132	0.01235	0.01518	0.01041	0.00723	0.00736	0.00205	0.05165	0.00549	0.00361	0.03527
10	0.01044	0.00769	0.00989	0.01073	0.01218	0.00715	0.00808	0.01297	0.01788	0.02379	0.22308	0.30430	0.15849	0.02061	0.00973	0.00295	0.00471	0.14096	0.00756	0.00679
11	0.02074	0.01742	0.01827	0.01642	0.02084	0.01944	0.01262	0.07042	0.57438	0.03374	0.03512	0.03337	0.06614	0.01211	0.00867	0.00292	0.00670	0.00963	0.00833	0.01272
12	0.01576	0.06771	0.66154	0.02175	0.03301	0.01851	0.02803	0.02450	0.01635	0.02430	0.01379	0.01621	0.00983	0.00734	0.00727	0.00242	0.01133	0.00567	0.00328	0.01140
13	0.01693	0.16124	0.55089	0.02048	0.03083	0.04382	0.02548	0.02454	0.01646	0.02325	0.01330	0.01560	0.00985	0.00726	0.00693	0.00230	0.01099	0.00543	0.00331	0.01111
14	0.02073	0.73217	0.04063	0.01327	0.01990	0.03068	0.01327	0.02322	0.01575	0.01824	0.01078	0.01244	0.00995	0.00663	0.00498	0.00166	0.00829	0.00415	0.00332	0.00995
15	0.00957	0.00683	0.00913	0.01093	0.01144	0.00640	0.00741	0.01100	0.01496	0.01993	0.04267	0.69744	0.05102	0.02418	0.00993	0.00317	0.00460	0.04586	0.00720	0.00633
16	0.01783	0.01417	0.01509	0.01350	0.01737	0.01549	0.01041	0.07124	0.40107	0.06117	0.04077	0.04001	0.17027	0.06369	0.01042	0.00295	0.00591	0.01050	0.00758	0.01054
17	0.01774	0.02073	0.06448	0.06866	0.04011	0.01902	0.57661	0.02413	0.01798	0.02440	0.01634	0.04200	0.01282	0.00717	0.00904	0.00262	0.01261	0.00930	0.00397	0.01026
18	0.02862	0.03557	0.02209	0.01988	0.02386	0.64169	0.01503	0.06220	0.02240	0.02048	0.01227	0.01431	0.01016	0.00823	0.00759	0.00206	0.03505	0.00515	0.00417	0.00919
19	0.01673	0.01376	0.01614	0.01156	0.01842	0.01037	0.00926	0.02016	0.01629	0.04815	0.01436	0.01644	0.01175	0.00588	0.00581	0.00119	0.00577	0.00470	0.00477	0.74846
20	0.01587	0.01690	0.03449	0.02603	0.03136	0.01639	0.43590	0.02069	0.01693	0.02307	0.02243	0.20563	0.02207	0.01172	0.01051	0.00281	0.06085	0.01238	0.00475	0.00922
21	0.01128	0.00757	0.00869	0.00885	0.00896	0.00756	0.00520	0.01152	0.01175	0.01563	0.02592	0.07408	0.02982	0.66655	0.03695	0.00716	0.00740	0.04530	0.00491	0.00488
22	0.01474	0.00778	0.00810	0.00792	0.00984	0.00795	0.00601	0.03912	0.01670	0.02888	0.02478	0.02866	0.01962	0.01218	0.04970	0.00251	0.00488	0.00729	0.69595	0.00741
23	0.01934	0.01899	0.03043	0.09352	0.60275	0.05111	0.02321	0.02386	0.01771	0.02463	0.01440	0.01904	0.01203	0.00702	0.00765	0.00231	0.00952	0.00681	0.00382	0.01186
24	0.00953	0.00678	0.00897	0.01069	0.01111	0.00636	0.00708	0.01082	0.01468	0.01957	0.04187	0.69073	0.05019	0.05749	0.01129	0.00336	0.00464	0.02153	0.00708	0.00622
25	0.00981	0.00701	0.00941	0.01121	0.01182	0.00661	0.00783	0.01142	0.01520	0.02020	0.04254	0.64712	0.05049	0.02395	0.00999	0.00320	0.00481	0.09381	0.00719	0.00640
26	0.03127	0.01355	0.01765	0.01385	0.01938	0.01244	0.01132	0.07990	0.06429	0.53847	0.08792	0.02884	0.02392	0.01020	0.00792	0.00241	0.00644	0.00836	0.00926	0.01261
27	0.02098	0.01692	0.01883	0.01770	0.06303	0.01896	0.01304	0.12152	0.47982	0.06524	0.03062	0.02869	0.04859	0.01046	0.00791	0.00256	0.00659	0.00868	0.00766	0.01220
28	0.00955	0.00682	0.00912	0.01092	0.01142	0.00639	0.00739	0.01098	0.01495	0.01991	0.04268	0.69992	0.05105	0.02419	0.00993	0.00316	0.00459	0.04350	0.00720	0.00633
29	0.02991	0.01808	0.02066	0.01616	0.02204	0.01903	0.01325	0.35685	0.11798	0.26583	0.02452	0.02272	0.01670	0.00957	0.00779	0.00239	0.00754	0.00751	0.00841	0.01306
30	0.01943	0.02120	0.04010	0.03036	0.06314	0.05302	0.48223	0.06519	0.01892	0.02545	0.01504	0.01992	0.01162	0.00758	0.01070	0.00264	0.09049	0.00845	0.00411	0.01042
31	0.01680	0.01674	0.02371	0.06956	0.02272	0.02328	0.01729	0.01874	0.01213	0.01874	0.01044	0.01723	0.01019	0.01315	0.02418	0.00333	0.66308	0.00679	0.00340	0.00849
32	0.01091	0.00796	0.01027	0.00981	0.01169	0.00733	0.00743	0.01444	0.02147	0.03004	0.60589	0.06035	0.11505	0.01635	0.00921	0.00250	0.00382	0.03984	0.00838	0.00725
33	0.02073	0.73217	0.04063	0.01327	0.01990	0.03068	0.01327	0.02322	0.01575	0.01824	0.01078	0.01244	0.00995	0.00663	0.00498	0.00166	0.00829	0.00415	0.00332	0.00995
34	0.01854	0.01743	0.02854	0.26645	0.17479	0.01976	0.11740	0.10764	0.01870	0.02554	0.01436	0.01955	0.01133	0.00848	0.01063	0.00262	0.11655	0.00724	0.00418	0.01028
35	0.02128	0.01709	0.01824	0.01593	0.02061	0.01946	0.01252	0.11392	0.55805	0.06706	0.02997	0.02757	0.02220	0.01033	0.00787	0.00258	0.00644	0.00851	0.00796	0.01243
36	0.78228	0.01499	0.01140	0.01020	0.01499	0.01739	0.00840	0.02279	0.01320	0.03479	0.01080	0.01260	0.00840	0.00720	0.00480	0.00240	0.00600	0.00420	0.00480	0.00840
37	0.00945	0.00675	0.00900	0.01080	0.01125	0.00630	0.00720	0.01080	0.01484	0.01979	0.04274	0.72245	0.05128	0.02429	0.00990	0.00315	0.00450	0.02204	0.00720	0.00630
38	0.02037	0.01667	0.01775	0.01576	0.02028	0.01908	0.01232	0.06217	0.61308	0.06379	0.03107	0.02845	0.02310	0.01043	0.00788	0.00261	0.00624	0.00866	0.00797	0.01235
39	0.01530	0.01206	0.05890	0.05795	0.01928	0.01015	0.06043	0.01929	0.01997	0.11836	0.35015	0.11510	0.04900	0.01436	0.00892	0.00259	0.00601	0.04614	0.00744	0.00861
40	0.02128	0.01674	0.02009	0.01561	0.02074	0.01730	0.03154	0.21810	0.06473	0.06340	0.01738	0.02038	0.01392	0.04799	0.01141	0.00239	0.10961	0.00659	0.00585	0.27493
41	0.00945	0.00675	0.00900	0.01080	0.01125	0.00630	0.00720	0.01080	0.01484	0.01979	0.04274	0.72245	0.05128	0.02429	0.00990	0.00315	0.00450	0.02204	0.00720	0.00630
42	0.01844	0.01809	0.02950	0.20789	0.48166	0.04486	0.04112	0.02313	0.01732	0.02372	0.01432	0.01940	0.01170	0.00715	0.00771	0.00237	0.00979	0.00689	0.00375	0.01120
43	0.02134	0.01791	0.05443	0.15188	0.18943	0.01832	0.01780	0.11023	0.19974	0.10621	0.02150	0.02280	0.01589	0.00871	0.00776	0.00247	0.00828	0.00748	0.00604	0.01179
44	0.01680	0.20670	0.53166	0.01997	0.03027	0.02106	0.02495	0.02423	0.01622	0.02304	0.01316	0.01542	0.00985	0.00719	0.00679	0.00226	0.01070	0.00535	0.00328	0.01110
45	0.00980	0.00718	0.00980	0.04571	0.01338	0.00691	0.00792	0.01149	0.01533	0.02052	0.08171	0.64480	0.05063	0.02292	0.00974	0.00308	0.00474	0.02077	0.00710	0.00648
46	0.01738	0.28420	0.45924	0.01898	0.02874	0.02248	0.02322	0.02408	0.01615	0.02233	0.01281	0.01498	0.00987	0.00711	0.00652	0.00217	0.01034	0.00517	0.00329	0.01093
47	0.01896	0.01819	0.03105	0.08118	0.64735	0.01836	0.02368	0.02359	0.01755	0.02505	0.01454	0.01927	0.01218	0.00695	0.00768	0.00232	0.00927	0.00691	0.00382	0.01210

[dist]
# distance from previous block
# <min> <max>
0	25

[block]
# block no. 2 follows, 25 sequences, length 33
# corresponding to MSA columns:
# 105-137
name=unknown_C
#
# <colnr> <probs for GDERKNQSTAVLIFYWHMCP>
#	G	D	E	R	K	N	Q	S	T	A	V	L	I	F	Y	W	H	M	C	P
0	0.03270	0.01335	0.01773	0.01386	0.01959	0.01199	0.01136	0.03742	0.07993	0.60683	0.04953	0.02754	0.02117	0.00986	0.00784	0.00242	0.00647	0.00807	0.00941	0.01294
1	0.01577	0.06996	0.65943	0.02172	0.03297	0.01855	0.02798	0.02450	0.01634	0.02428	0.01378	0.01620	0.00983	0.00733	0.00726	0.00242	0.01132	0.00566	0.00328	0.01139
2	0.01699	0.02042	0.10797	0.20818	0.15168	0.01826	0.29334	0.02304	0.01735	0.02377	0.03341	0.02109	0.01300	0.00727	0.00834	0.00253	0.01126	0.00794	0.00384	0.01032
3	0.01775	0.10268	0.35811	0.06815	0.22218	0.05264	0.02458	0.02424	0.01691	0.02359	0.01369	0.01693	0.01059	0.00721	0.00722	0.00231	0.01054	0.00594	0.00349	0.01126
4	0.00960	0.00685	0.00917	0.01097	0.01148	0.00643	0.00746	0.01106	0.01499	0.01996	0.04265	0.69124	0.05095	0.02415	0.00994	0.00317	0.00463	0.05177	0.00719	0.00634
5	0.01736	0.01906	0.03924	0.12383	0.03932	0.01923	0.48021	0.02306	0.01717	0.02337	0.01581	0.04459	0.01277	0.00800	0.01058	0.00270	0.08087	0.00905	0.00392	0.00987
6	0.02585	0.02050	0.02012	0.03762	0.02272	0.11548	0.01349	0.25627	0.22351	0.12119	0.02507	0.02408	0.03894	0.00983	0.00774	0.00240	0.00822	0.00767	0.00736	0.01195
7	0.01792	0.02283	0.11596	0.03079	0.03858	0.01967	0.54512	0.02445	0.01772	0.02445	0.01517	0.02018	0.01146	0.00703	0.00989	0.00264	0.05324	0.00863	0.00382	0.01046
8	0.01665	0.01563	0.02532	0.41448	0.25521	0.01785	0.02124	0.02350	0.08858	0.02303	0.01603	0.02111	0.01246	0.00778	0.00774	0.00250	0.00950	0.00711	0.00407	0.01023
9	0.01325	0.01133	0.01764	0.29328	0.10286	0.01257	0.01500	0.03647	0.01611	0.02135	0.02729	0.34186	0.02940	0.01528	0.00873	0.00280	0.00748	0.01384	0.00535	0.00811
10	0.14688	0.01536	0.02342	0.09524	0.02637	0.01643	0.17808	0.09534	0.01832	0.05312	0.04009	0.03904	0.01622	0.03345	0.05323	0.00327	0.04659	0.00792	0.08232	0.00930
11	0.01347	0.00673	0.01010	0.01010	0.01010	0.00673	0.00673	0.01010	0.01010	0.01347	0.01347	0.02357	0.01347	0.02694	0.03030	0.77441	0.00673	0.00673	0.00337	0.00337
12	0.00990	0.00707	0.00952	0.01132	0.01196	0.00669	0.00799	0.01158	0.01529	0.02030	0.04248	0.62774	0.05029	0.02386	0.01002	0.00321	0.00489	0.11226	0.00719	0.00642
13	0.01524	0.01396	0.02367	0.46007	0.04220	0.01670	0.09131	0.01978	0.01538	0.02113	0.01495	0.02135	0.01167	0.00892	0.01011	0.02569	0.08086	0.00717	0.09133	0.00850
14	0.02260	0.01686	0.01861	0.01494	0.01987	0.01782	0.01200	0.38530	0.06046	0.03976	0.11933	0.08525	0.02593	0.01123	0.00787	0.00228	0.00690	0.00915	0.02748	0.09637
15	0.01521	0.03663	0.61216	0.02123	0.03161	0.01700	0.02685	0.02361	0.01653	0.02440	0.01694	0.02429	0.01370	0.00893	0.00774	0.00258	0.01098	0.07494	0.00370	0.01098
16	0.05156	0.01882	0.02002	0.01575	0.02117	0.02048	0.01289	0.50811	0.03225	0.04350	0.05914	0.02837	0.11109	0.01104	0.00792	0.00238	0.00755	0.00858	0.00761	0.01178
17	0.00963	0.00713	0.00902	0.01025	0.01128	0.00652	0.00712	0.01138	0.01613	0.02117	0.10840	0.51840	0.17138	0.02254	0.00971	0.00300	0.00439	0.03876	0.00732	0.00647
18	0.01640	0.01574	0.02029	0.01786	0.01864	0.05622	0.01453	0.04038	0.01342	0.01945	0.01371	0.02144	0.01321	0.05099	0.18886	0.00566	0.45400	0.00724	0.00382	0.00815
19	0.01586	0.01529	0.02641	0.51521	0.12423	0.01775	0.09139	0.02208	0.05351	0.02175	0.01511	0.02100	0.01149	0.00768	0.00791	0.00256	0.01027	0.00725	0.00380	0.00946
20	0.25846	0.01067	0.01106	0.01089	0.01358	0.01114	0.00814	0.04840	0.01642	0.07261	0.06578	0.33332	0.05818	0.01604	0.00783	0.00272	0.00523	0.01357	0.02809	0.00787
21	0.00953	0.00681	0.00907	0.01074	0.01126	0.00635	0.00720	0.01100	0.01521	0.02038	0.07567	0.68783	0.05242	0.02385	0.00986	0.00311	0.00445	0.02162	0.00727	0.00635
22	0.01722	0.02150	0.11244	0.09717	0.06928	0.01845	0.45730	0.02353	0.01760	0.02407	0.01666	0.05685	0.01349	0.00769	0.00878	0.00261	0.01200	0.00912	0.00397	0.01026
23	0.01555	0.04011	0.68733	0.02210	0.03356	0.01801	0.02865	0.02455	0.01637	0.02455	0.01391	0.01637	0.00982	0.00737	0.00737	0.00246	0.01146	0.00573	0.00327	0.01146
24	0.01217	0.00882	0.01204	0.01365	0.01552	0.00869	0.01185	0.01558	0.01783	0.02298	0.04472	0.08621	0.10636	0.02124	0.01056	0.00348	0.00683	0.56725	0.00715	0.00708
25	0.01200	0.00959	0.01056	0.01001	0.01268	0.00915	0.00757	0.05766	0.08441	0.02641	0.21700	0.11213	0.36714	0.01745	0.00899	0.00260	0.00443	0.01483	0.00764	0.00773
26	0.01830	0.02092	0.04575	0.03268	0.04052	0.01961	0.65098	0.02484	0.01830	0.02484	0.01569	0.02092	0.01176	0.00654	0.00915	0.00261	0.01307	0.00915	0.00392	0.01046
27	0.01856	0.38243	0.34497	0.01766	0.02648	0.04710	0.02058	0.02411	0.01625	0.02124	0.01230	0.01434	0.00989	0.00702	0.00617	0.00205	0.00998	0.00492	0.00332	0.01063
28	0.01622	0.01571	0.01919	0.05088	0.01955	0.08415	0.01400	0.01839	0.01340	0.01899	0.01459	0.02245	0.01380	0.06091	0.17639	0.00543	0.37292	0.00723	0.04791	0.00791
29	0.01477	0.01043	0.01340	0.16799	0.02117	0.01184	0.01077	0.04883	0.01672	0.02566	0.02676	0.03057	0.08957	0.01185	0.02931	0.00257	0.07160	0.00815	0.38017	0.00786
30	0.04887	0.00815	0.00959	0.00917	0.01090	0.00775	0.00661	0.01412	0.01870	0.02686	0.41401	0.05509	0.13503	0.14994	0.01448	0.00339	0.00453	0.01300	0.04302	0.00677
31	0.10324	0.01564	0.02223	0.47177	0.06555	0.01863	0.01881	0.14478	0.01944	0.02739	0.01443	0.01932	0.01075	0.00797	0.00742	0.00250	0.00946	0.00661	0.00446	0.00962
32	0.01882	0.02011	0.07177	0.04351	0.52990	0.01861	0.13411	0.02402	0.01769	0.02520	0.01474	0.01933	0.01205	0.00687	0.00792	0.00237	0.01002	0.00723	0.00382	0.01191

[dist]
# distance from previous block
# <min> <max>
8	16

[block]
# block no. 3 follows, 25 sequences, length 21
# corresponding to MSA columns:
# 154-174
name=unknown_D
#
# <colnr> <probs for GDERKNQSTAVLIFYWHMCP>
#	G	D	E	R	K	N	Q	S	T	A	V	L	I	F	Y	W	H	M	C	P
0	0.01110	0.00744	0.00851	0.00868	0.00872	0.00740	0.00494	0.01123	0.01161	0.01549	0.02617	0.11442	0.03038	0.66084	0.03666	0.00710	0.00723	0.01230	0.00494	0.00485
1	0.01188	0.00864	0.01236	0.01217	0.01353	0.01013	0.00950	0.01471	0.01296	0.01957	0.02081	0.02949	0.01894	0.04876	0.56219	0.01046	0.05709	0.00807	0.11169	0.00705
2	0.15307	0.11406	0.37143	0.01761	0.02606	0.01938	0.02021	0.09499	0.01797	0.02837	0.01481	0.03848	0.01162	0.00807	0.00669	0.00234	0.00931	0.00598	0.02893	0.01063
3	0.01929	0.01666	0.01753	0.01578	0.02016	0.01929	0.01227	0.04120	0.66513	0.03243	0.03156	0.02893	0.02367	0.01052	0.00789	0.00263	0.00614	0.00877	0.00789	0.01227
4	0.01082	0.00782	0.01049	0.01196	0.01321	0.00748	0.00931	0.01332	0.01688	0.02227	0.10003	0.36228	0.08923	0.02208	0.01012	0.00323	0.00548	0.26997	0.00729	0.00675
5	0.01630	0.03523	0.53047	0.02598	0.09157	0.01829	0.12426	0.02453	0.01678	0.02467	0.01425	0.01732	0.01034	0.00720	0.00767	0.00247	0.01151	0.00636	0.00342	0.01138
6	0.01852	0.01858	0.03429	0.16729	0.24415	0.01899	0.26465	0.05830	0.04910	0.02568	0.01587	0.02057	0.01229	0.00723	0.00827	0.00249	0.01074	0.00786	0.00420	0.01091
7	0.01600	0.00872	0.00888	0.00832	0.01058	0.00896	0.00638	0.08367	0.01835	0.03097	0.02460	0.02784	0.01918	0.00906	0.00566	0.00186	0.00412	0.00720	0.69177	0.00784
8	0.00981	0.00701	0.00940	0.01112	0.01176	0.00660	0.00775	0.01147	0.01540	0.02053	0.06394	0.63440	0.05133	0.02371	0.00996	0.00317	0.00474	0.08425	0.00724	0.00642
9	0.01069	0.00951	0.04731	0.06444	0.01633	0.00821	0.01017	0.01322	0.01592	0.02123	0.07563	0.47783	0.06867	0.02107	0.00965	0.00307	0.00563	0.10771	0.00677	0.00694
10	0.01355	0.00850	0.01119	0.01019	0.01247	0.00776	0.00776	0.01713	0.02197	0.10170	0.60541	0.05451	0.06733	0.01518	0.00900	0.00243	0.00398	0.01335	0.00865	0.00795
11	0.08184	0.01446	0.01797	0.01414	0.01990	0.01381	0.01159	0.09164	0.09639	0.51086	0.02834	0.02508	0.01846	0.00952	0.00761	0.00242	0.00668	0.00760	0.00892	0.01277
12	0.01807	0.02103	0.07737	0.08089	0.16322	0.01913	0.45339	0.02428	0.01788	0.02457	0.01525	0.02031	0.01166	0.00674	0.00867	0.00254	0.01206	0.00838	0.00384	0.01074
13	0.01445	0.00723	0.00723	0.00723	0.00903	0.00723	0.00542	0.01807	0.01626	0.02891	0.02529	0.02891	0.01987	0.00903	0.00542	0.00181	0.00361	0.00723	0.77055	0.00723
14	0.01774	0.08746	0.01522	0.01098	0.01440	0.01074	0.00882	0.02083	0.02060	0.19189	0.35214	0.07246	0.11802	0.01403	0.00839	0.00239	0.00496	0.01196	0.00804	0.00895
15	0.01507	0.01391	0.02314	0.45204	0.19040	0.01596	0.01990	0.01978	0.01666	0.02229	0.08666	0.05435	0.01932	0.00914	0.00798	0.00253	0.00911	0.00831	0.00425	0.00921
16	0.01771	0.01957	0.04137	0.07745	0.09211	0.01873	0.52785	0.02376	0.01790	0.02431	0.01675	0.05391	0.01358	0.00749	0.00897	0.00261	0.01217	0.00943	0.00404	0.01029
17	0.00979	0.00700	0.00939	0.01119	0.01179	0.00660	0.00780	0.01140	0.01519	0.02018	0.04254	0.65018	0.05052	0.02396	0.00999	0.00320	0.00480	0.09089	0.00719	0.00639
18	0.02006	0.61956	0.07182	0.01448	0.02065	0.02928	0.01445	0.02279	0.01537	0.01861	0.01087	0.01313	0.00997	0.00742	0.00731	0.00189	0.08464	0.00451	0.00332	0.00987
19	0.01468	0.03985	0.01546	0.01172	0.01661	0.01110	0.00920	0.01853	0.04921	0.02419	0.05504	0.13704	0.06522	0.01076	0.00773	0.00182	0.03568	0.00894	0.00544	0.46179
20	0.02837	0.02117	0.02265	0.01762	0.02363	0.02353	0.01447	0.58714	0.10439	0.04709	0.02001	0.01973	0.01432	0.00944	0.00777	0.00236	0.00827	0.00717	0.00777	0.01309

[dist]
# distance from previous block
# <min> <max>
0	4

[block]
# block no. 4 follows, 25 sequences, length 227
# corresponding to MSA columns:
# 179-405
name=unknown_E
#
# <colnr> <probs for GDERKNQSTAVLIFYWHMCP>
#	G	D	E	R	K	N	Q	S	T	A	V	L	I	F	Y	W	H	M	C	P
0	0.01741	0.02422	0.17791	0.03041	0.07384	0.01866	0.45890	0.02414	0.01772	0.02460	0.01636	0.04855	0.01300	0.00746	0.00872	0.00259	0.01217	0.00883	0.00392	0.01060
1	0.08181	0.55602	0.11818	0.01405	0.02115	0.02713	0.01462	0.02319	0.01564	0.02068	0.01130	0.01310	0.00987	0.00673	0.00529	0.00180	0.00839	0.00437	0.00349	0.04319
2	0.01772	0.01919	0.03832	0.06746	0.05646	0.01869	0.45754	0.02329	0.01725	0.02404	0.01479	0.01988	0.01152	0.00718	0.01014	0.00250	0.07771	0.00817	0.00393	0.10423
3	0.01899	0.01537	0.01748	0.01298	0.01941	0.01344	0.01043	0.17111	0.02091	0.03068	0.01625	0.04875	0.01370	0.00744	0.00641	0.00152	0.00635	0.00596	0.00547	0.55735
4	0.09436	0.01598	0.01909	0.01516	0.02029	0.01621	0.05126	0.26208	0.02405	0.11213	0.02223	0.12540	0.01943	0.04058	0.00890	0.00252	0.00728	0.00902	0.00676	0.12726
5	0.01027	0.00769	0.00952	0.00950	0.01126	0.00695	0.00696	0.01310	0.01964	0.02663	0.41869	0.18428	0.21046	0.01829	0.00929	0.00261	0.00388	0.01605	0.00798	0.00695
6	0.00945	0.00675	0.00900	0.01080	0.01125	0.00630	0.00720	0.01080	0.01484	0.01979	0.04274	0.72245	0.05128	0.02429	0.00990	0.00315	0.00450	0.02204	0.00720	0.00630
7	0.72882	0.01509	0.01200	0.01056	0.01545	0.01729	0.00870	0.03983	0.01421	0.06464	0.01190	0.01338	0.00901	0.00736	0.00501	0.00240	0.00609	0.00443	0.00509	0.00874
8	0.00942	0.00684	0.00890	0.01056	0.01118	0.00632	0.00709	0.01082	0.01507	0.01989	0.04565	0.66976	0.10209	0.02391	0.00984	0.00311	0.00445	0.02158	0.00720	0.00632
9	0.02413	0.02007	0.02085	0.04153	0.04057	0.06432	0.01413	0.30281	0.31430	0.03803	0.02369	0.02300	0.01753	0.00965	0.00776	0.00245	0.00789	0.00764	0.00733	0.01233
10	0.02558	0.01537	0.01831	0.01384	0.02014	0.01403	0.01128	0.15772	0.05855	0.26168	0.02166	0.02093	0.01522	0.00809	0.00700	0.00191	0.00664	0.00644	0.00718	0.30842
11	0.01778	0.02502	0.19176	0.03212	0.11913	0.01909	0.42883	0.02464	0.01777	0.02483	0.01514	0.01965	0.01138	0.00677	0.00855	0.00254	0.01222	0.00808	0.00376	0.01092
12	0.01741	0.05908	0.05266	0.09079	0.09727	0.04784	0.23138	0.02163	0.01603	0.02181	0.01599	0.08201	0.01461	0.01011	0.01257	0.00273	0.18381	0.00872	0.00398	0.00955
13	0.01079	0.00793	0.01014	0.00977	0.01164	0.00727	0.00738	0.01419	0.02109	0.02929	0.56229	0.07952	0.13959	0.01676	0.00924	0.00253	0.00386	0.04125	0.00829	0.00719
14	0.01253	0.01044	0.01698	0.01796	0.07360	0.01004	0.09541	0.01567	0.01673	0.02220	0.03750	0.31668	0.06369	0.01926	0.00988	0.00314	0.00696	0.23720	0.00646	0.00767
15	0.01885	0.13870	0.32148	0.14109	0.03365	0.06241	0.06523	0.04940	0.01772	0.06054	0.01453	0.01733	0.01074	0.00751	0.00720	0.00233	0.01065	0.00604	0.00393	0.01067
16	0.01084	0.00903	0.01450	0.01381	0.01555	0.00840	0.10532	0.01299	0.01547	0.02048	0.04083	0.53731	0.09518	0.04770	0.01084	0.00319	0.00588	0.01921	0.00660	0.00689
17	0.01176	0.00837	0.01149	0.01316	0.01455	0.00827	0.01086	0.01463	0.01679	0.02196	0.04037	0.22193	0.04503	0.06633	0.01234	0.00373	0.00659	0.45804	0.00700	0.00681
18	0.01608	0.01378	0.01608	0.01148	0.01837	0.01034	0.00919	0.01952	0.01608	0.02527	0.01378	0.01608	0.01148	0.00574	0.00574	0.00115	0.00574	0.00459	0.00459	0.77491
19	0.02322	0.01664	0.01978	0.01514	0.02101	0.01627	0.03150	0.26974	0.02466	0.11388	0.01973	0.06891	0.01589	0.00921	0.00781	0.00202	0.02967	0.00737	0.00657	0.28098
20	0.01627	0.06583	0.56422	0.02491	0.10311	0.01864	0.05195	0.02443	0.01656	0.02439	0.01393	0.01669	0.01017	0.00725	0.00737	0.00241	0.01115	0.00593	0.00336	0.01145
21	0.01865	0.02035	0.06409	0.03839	0.33520	0.01898	0.30596	0.02509	0.04728	0.02540	0.01582	0.02029	0.01247	0.00692	0.00834	0.00246	0.01090	0.00795	0.00404	0.01143
22	0.02351	0.37268	0.08623	0.01669	0.02266	0.27460	0.01518	0.04345	0.04291	0.02038	0.01247	0.01411	0.01055	0.00741	0.00610	0.00190	0.01058	0.00484	0.00385	0.00989
23	0.01131	0.00834	0.01041	0.00990	0.01188	0.00776	0.00740	0.03793	0.02137	0.02953	0.52185	0.11232	0.14730	0.01678	0.00916	0.00252	0.00394	0.01471	0.00822	0.00735
24	0.01698	0.01697	0.03395	0.09012	0.07446	0.01655	0.38741	0.04129	0.01753	0.02376	0.04979	0.05336	0.01676	0.01071	0.01173	0.10517	0.01074	0.00922	0.00430	0.00921
25	0.01689	0.07559	0.06279	0.39484	0.08385	0.01945	0.13197	0.05017	0.01699	0.02242	0.01399	0.01948	0.01078	0.00770	0.00853	0.00251	0.04169	0.00701	0.00373	0.00962
26	0.01238	0.00889	0.01234	0.01406	0.01587	0.00884	0.01227	0.01590	0.01784	0.02313	0.04234	0.08702	0.06626	0.02136	0.01066	0.00354	0.00703	0.60603	0.00714	0.00712
27	0.01858	0.01986	0.08424	0.09140	0.58323	0.01831	0.02403	0.02358	0.01740	0.02488	0.01447	0.01906	0.01195	0.00700	0.00766	0.00233	0.00947	0.00681	0.00376	0.01196
28	0.01865	0.02196	0.09617	0.04980	0.03947	0.01908	0.55677	0.02520	0.01823	0.05164	0.01610	0.02076	0.01187	0.00676	0.00891	0.00259	0.01260	0.00875	0.00409	0.01060
29	0.06516	0.01518	0.02105	0.32923	0.06360	0.01692	0.01669	0.14907	0.02104	0.15512	0.02150	0.02388	0.05008	0.00902	0.00767	0.00248	0.00860	0.00746	0.00580	0.01044
30	0.00966	0.00677	0.00892	0.01064	0.01115	0.00634	0.00712	0.01111	0.01491	0.02019	0.04198	0.69237	0.04992	0.02363	0.00970	0.00309	0.00446	0.02140	0.04030	0.00634
31	0.01543	0.01278	0.01503	0.01167	0.01724	0.01022	0.00907	0.04986	0.01686	0.02537	0.01981	0.15743	0.01953	0.00963	0.00667	0.00161	0.00563	0.00820	0.00527	0.58268
32	0.13242	0.01606	0.02114	0.25107	0.14132	0.04061	0.01689	0.08243	0.05890	0.05607	0.01947	0.02476	0.03965	0.00922	0.00797	0.00253	0.02811	0.03644	0.00501	0.00992
33	0.01569	0.03339	0.50437	0.02187	0.03106	0.01794	0.07918	0.02399	0.04552	0.02415	0.01637	0.06167	0.01325	0.00901	0.00919	0.00260	0.06885	0.00727	0.00380	0.01084
34	0.00957	0.00684	0.00910	0.01071	0.01127	0.00638	0.00721	0.01110	0.01540	0.02068	0.09241	0.67024	0.05300	0.02363	0.00984	0.00309	0.00443	0.02141	0.00730	0.00638
35	0.01535	0.03440	0.53758	0.02246	0.03240	0.01712	0.11005	0.02330	0.01649	0.02415	0.01686	0.08334	0.01398	0.00885	0.00784	0.00254	0.01102	0.00772	0.00373	0.01084
36	0.05383	0.01831	0.06988	0.08598	0.42375	0.01708	0.08029	0.02242	0.01747	0.02530	0.04795	0.02507	0.04480	0.00835	0.00788	0.00242	0.00910	0.02485	0.00428	0.01099
37	0.01693	0.01670	0.02332	0.07193	0.02283	0.02298	0.01701	0.02016	0.05312	0.01961	0.01179	0.01799	0.01104	0.01294	0.02301	0.00328	0.61601	0.00692	0.00368	0.00873
38	0.00945	0.00675	0.00900	0.01080	0.01125	0.00630	0.00720	0.01080	0.01484	0.01979	0.04274	0.72245	0.05128	0.02429	0.00990	0.00315	0.00450	0.02204	0.00720	0.00630
39	0.01881	0.01825	0.03178	0.09385	0.59443	0.01841	0.06297	0.02358	0.01754	0.02491	0.01460	0.01940	0.01211	0.00695	0.00777	0.00234	0.00953	0.00705	0.00382	0.01191
40	0.01775	0.02220	0.16923	0.13710	0.38223	0.01824	0.02335	0.02511	0.08178	0.02506	0.01602	0.01978	0.01260	0.00749	0.00764	0.00241	0.00955	0.00684	0.00406	0.01156
41	0.01919	0.01842	0.03147	0.04759	0.67914	0.01842	0.02380	0.02380	0.01765	0.02533	0.01458	0.01919	0.01228	0.00691	0.00768	0.00230	0.00921	0.00691	0.00384	0.01228
42	0.01728	0.00859	0.00952	0.00892	0.01133	0.00841	0.00679	0.04747	0.01777	0.11534	0.02748	0.09895	0.02270	0.01068	0.00629	0.00204	0.00431	0.00880	0.55912	0.00818
43	0.01100	0.00811	0.01118	0.01098	0.01181	0.00780	0.04642	0.01226	0.01406	0.01895	0.09193	0.30280	0.04009	0.35027	0.02357	0.00509	0.00636	0.01546	0.00595	0.00591
44	0.05689	0.02398	0.02170	0.01764	0.02310	0.17331	0.01415	0.39959	0.09733	0.06749	0.01871	0.01876	0.01364	0.00907	0.00749	0.00229	0.00932	0.00665	0.00690	0.01197
45	0.00950	0.00719	0.00863	0.00966	0.01084	0.00648	0.00663	0.01105	0.01580	0.02025	0.07298	0.45047	0.25672	0.06210	0.01130	0.00320	0.00445	0.01932	0.00710	0.00632
46	0.00955	0.00683	0.00909	0.01072	0.01127	0.00637	0.00721	0.01106	0.01533	0.02057	0.08600	0.67698	0.05278	0.02371	0.00985	0.00310	0.00444	0.02149	0.00729	0.00637
47	0.02844	0.01976	0.02215	0.01835	0.05591	0.02143	0.01431	0.49930	0.06031	0.11618	0.02058	0.02040	0.01455	0.00926	0.00766	0.00232	0.00803	0.00716	0.04105	0.01284
48	0.01108	0.00831	0.01246	0.01246	0.01385	0.00969	0.00969	0.01385	0.01246	0.01800	0.02077	0.03046	0.01938	0.05815	0.69678	0.01246	0.02077	0.00831	0.00415	0.00692
49	0.01108	0.00820	0.01172	0.01172	0.01318	0.00925	0.00903	0.01373	0.01302	0.01864	0.02579	0.03463	0.07309	0.07416	0.58849	0.01102	0.01820	0.00901	0.03920	0.00683
50	0.01809	0.02051	0.04448	0.07077	0.04125	0.01947	0.61553	0.02455	0.01814	0.02455	0.01558	0.02090	0.01168	0.00660	0.00907	0.00261	0.01292	0.00902	0.00389	0.01035
51	0.01608	0.01378	0.01608	0.01148	0.01837	0.01034	0.00919	0.01952	0.01608	0.02527	0.01378	0.01608	0.01148	0.00574	0.00574	0.00115	0.00574	0.00459	0.00459	0.77491
52	0.01658	0.17707	0.55934	0.02035	0.03086	0.02052	0.02560	0.02429	0.01625	0.02331	0.01329	0.01559	0.00985	0.00722	0.00689	0.00230	0.01083	0.00542	0.00328	0.01116
53	0.01491	0.00802	0.01077	0.01033	0.01109	0.00821	0.00720	0.06352	0.01310	0.01850	0.01554	0.02391	0.01434	0.02301	0.02500	0.60392	0.00645	0.00682	0.11066	0.00470
54	0.01555	0.04011	0.68733	0.02210	0.03356	0.01801	0.02865	0.02455	0.01637	0.02455	0.01391	0.01637	0.00982	0.00737	0.00737	0.00246	0.01146	0.00573	0.00327	0.01146
55	0.07370	0.13948	0.02514	0.02042	0.07592	0.41494	0.01508	0.07753	0.02085	0.02273	0.01239	0.01457	0.01033	0.00798	0.00741	0.00208	0.04037	0.00520	0.00420	0.00968
56	0.01613	0.09531	0.59860	0.02198	0.03284	0.01913	0.06245	0.02446	0.01643	0.02406	0.01376	0.01631	0.00994	0.00726	0.00727	0.00240	0.01129	0.00579	0.00331	0.01128
57	0.02947	0.02172	0.02327	0.01784	0.02404	0.02404	0.01474	0.65329	0.03646	0.04887	0.01862	0.01862	0.01319	0.00931	0.00776	0.00233	0.00853	0.00698	0.00776	0.01319
58	0.01767	0.15976	0.53196	0.02003	0.03030	0.01981	0.02487	0.02515	0.01663	0.06484	0.01441	0.01631	0.01043	0.00738	0.00697	0.00231	0.01060	0.00558	0.00368	0.01130
59	0.70571	0.01568	0.01260	0.01097	0.01592	0.01807	0.00904	0.08692	0.01556	0.03622	0.01159	0.01321	0.00888	0.00741	0.00510	0.00239	0.00626	0.00448	0.00510	0.00888
60	0.00945	0.00675	0.00900	0.01080	0.01125	0.00630	0.00720	0.01080	0.01484	0.01979	0.04274	0.72245	0.05128	0.02429	0.00990	0.00315	0.00450	0.02204	0.00720	0.00630
61	0.01858	0.01780	0.03038	0.13574	0.59573	0.01826	0.02349	0.02326	0.01737	0.02460	0.01448	0.01939	0.01202	0.00702	0.00769	0.00234	0.00936	0.00691	0.00379	0.01179
62	0.02234	0.02132	0.01755	0.01594	0.01967	0.23478	0.01236	0.11325	0.17644	0.04747	0.02460	0.08431	0.02146	0.01146	0.00774	0.00242	0.00870	0.06387	0.08442	0.00990
63	0.02044	0.01860	0.07116	0.01502	0.01948	0.09461	0.01278	0.19360	0.06645	0.07346	0.18103	0.06709	0.06958	0.01266	0.00834	0.00248	0.00744	0.04858	0.00716	0.01003
64	0.01914	0.01856	0.03228	0.04675	0.64317	0.01849	0.05912	0.02385	0.01769	0.02530	0.01465	0.01929	0.01225	0.00689	0.00776	0.00232	0.00943	0.00703	0.00384	0.01218
65	0.00972	0.00690	0.00910	0.01075	0.01122	0.00651	0.00721	0.01105	0.01468	0.01955	0.04118	0.64137	0.04913	0.08136	0.01234	0.00352	0.00485	0.04636	0.00699	0.00620
66	0.02777	0.02171	0.02199	0.01736	0.02295	0.07724	0.01411	0.54740	0.03370	0.04439	0.04601	0.05179	0.01711	0.01015	0.00785	0.00234	0.00859	0.00779	0.00746	0.01229
67	0.01713	0.01701	0.02657	0.13287	0.15591	0.02144	0.05878	0.02023	0.01397	0.02053	0.01194	0.01822	0.01071	0.01092	0.01820	0.00301	0.42268	0.00697	0.00352	0.00937
68	0.00945	0.00675	0.00900	0.01080	0.01125	0.00630	0.00720	0.01080	0.01484	0.01979	0.04274	0.72245	0.05128	0.02429	0.00990	0.00315	0.00450	0.02204	0.00720	0.00630
69	0.02319	0.01799	0.01989	0.01486	0.02138	0.01761	0.01213	0.35584	0.02689	0.03779	0.01635	0.01742	0.01239	0.00763	0.00681	0.00177	0.00722	0.00586	0.00627	0.37069
70	0.16406	0.06380	0.14399	0.01567	0.02233	0.01518	0.06569	0.02773	0.01835	0.26305	0.05996	0.02362	0.03754	0.00884	0.00714	0.00234	0.00774	0.00714	0.00636	0.03948
71	0.01324	0.01251	0.02009	0.01746	0.02029	0.04334	0.18464	0.01696	0.04493	0.02170	0.03335	0.46535	0.03724	0.01803	0.00946	0.00292	0.00738	0.01710	0.00618	0.00783
72	0.00966	0.00690	0.00925	0.01104	0.01159	0.00648	0.00757	0.01117	0.01506	0.02004	0.04262	0.67738	0.05081	0.02409	0.00995	0.00318	0.00469	0.06497	0.00719	0.00636
73	0.05220	0.35143	0.28359	0.01956	0.07866	0.05150	0.01983	0.02407	0.01629	0.02197	0.01233	0.01455	0.01002	0.00701	0.00618	0.00206	0.00970	0.00501	0.00344	0.01061
74	0.07578	0.02341	0.14345	0.04929	0.24730	0.04909	0.01989	0.20643	0.02289	0.06556	0.01604	0.01824	0.01202	0.00791	0.00742	0.00234	0.00930	0.00649	0.00522	0.01191
75	0.01642	0.14399	0.56920	0.02110	0.03172	0.01997	0.04620	0.02436	0.01634	0.02361	0.01350	0.01592	0.00990	0.00723	0.00706	0.00234	0.01103	0.00560	0.00330	0.01120
76	0.01890	0.01766	0.02917	0.20558	0.41157	0.01888	0.05393	0.08050	0.01870	0.02589	0.01467	0.01952	0.01179	0.00753	0.00836	0.00243	0.03256	0.00702	0.00409	0.01125
77	0.02083	0.02088	0.02823	0.06671	0.47602	0.11638	0.02107	0.05093	0.07528	0.02573	0.01581	0.01933	0.01290	0.00751	0.00760	0.00230	0.00965	0.00680	0.00435	0.01169
78	0.01528	0.01558	0.05447	0.59142	0.13415	0.01742	0.02215	0.02055	0.01582	0.02075	0.01389	0.02028	0.01057	0.00762	0.00772	0.00254	0.01024	0.00684	0.00349	0.00922
79	0.02534	0.01242	0.01566	0.01298	0.01754	0.01169	0.01035	0.05622	0.11003	0.37942	0.12768	0.07854	0.08276	0.01235	0.00825	0.00250	0.00584	0.01038	0.00879	0.01125
80	0.01626	0.07027	0.57358	0.02491	0.11461	0.01866	0.02730	0.02440	0.01650	0.02435	0.01385	0.01654	0.01014	0.00727	0.00729	0.00240	0.01102	0.00580	0.00335	0.01149
81	0.02612	0.01871	0.02159	0.01710	0.02221	0.02070	0.03335	0.41305	0.08488	0.10040	0.02133	0.04704	0.01615	0.01024	0.00920	0.00246	0.06518	0.00784	0.05041	0.01205
82	0.00983	0.00884	0.05154	0.01151	0.01265	0.00703	0.00854	0.01166	0.01494	0.02009	0.04093	0.67816	0.04868	0.02323	0.00974	0.00311	0.00494	0.02102	0.00695	0.00662
83	0.01817	0.01730	0.02579	0.19128	0.36366	0.04116	0.02016	0.02608	0.14242	0.02507	0.01967	0.02304	0.03558	0.00825	0.00776	0.00243	0.00887	0.00751	0.00465	0.01114
84	0.04780	0.03698	0.59391	0.02203	0.03272	0.01813	0.06623	0.02512	0.04060	0.02529	0.01456	0.01697	0.01040	0.00743	0.00739	0.00247	0.01113	0.00599	0.00355	0.01130
85	0.02107	0.01714	0.02339	0.04873	0.27368	0.01828	0.01696	0.09379	0.25806	0.08396	0.04739	0.02480	0.01936	0.00906	0.00783	0.00245	0.00762	0.00794	0.00635	0.01215
86	0.02419	0.02108	0.04667	0.01491	0.01924	0.20346	0.01217	0.17499	0.02313	0.10250	0.01989	0.02156	0.01500	0.01103	0.03814	0.00256	0.00911	0.00659	0.22380	0.00996
87	0.01683	0.01387	0.02325	0.46775	0.10542	0.01612	0.04551	0.02085	0.01571	0.07394	0.01516	0.02118	0.01161	0.00989	0.01064	0.08022	0.03212	0.00704	0.00399	0.00889
88	0.01612	0.09333	0.60691	0.02256	0.06179	0.01902	0.02722	0.02442	0.01638	0.02410	0.01370	0.01619	0.00994	0.00729	0.00719	0.00239	0.01111	0.00566	0.00330	0.01138
89	0.02614	0.03078	0.02222	0.05235	0.08399	0.49631	0.01585	0.07735	0.02209	0.02227	0.01518	0.02109	0.01328	0.00908	0.00745	0.00220	0.01241	0.05599	0.00451	0.00945
90	0.05468	0.01647	0.05217	0.08316	0.02393	0.01630	0.01365	0.06301	0.28323	0.26727	0.02719	0.02547	0.01899	0.00957	0.00769	0.00251	0.00708	0.00782	0.00771	0.01209
91	0.01657	0.01104	0.01310	0.01185	0.01479	0.01115	0.00898	0.04304	0.17536	0.11790	0.27431	0.09638	0.08458	0.07227	0.01114	0.00295	0.00520	0.01223	0.00800	0.00915
92	0.01097	0.00897	0.01435	0.07012	0.01810	0.00876	0.07957	0.01329	0.01540	0.02049	0.03733	0.56206	0.04332	0.02087	0.00967	0.00306	0.00603	0.04412	0.00653	0.00698
93	0.00945	0.00675	0.00900	0.01080	0.01125	0.00630	0.00720	0.01080	0.01484	0.01979	0.04274	0.72245	0.05128	0.02429	0.00990	0.00315	0.00450	0.02204	0.00720	0.00630
94	0.01838	0.02057	0.04346	0.03131	0.03887	0.01958	0.59904	0.02617	0.07091	0.02545	0.01698	0.02157	0.01273	0.00686	0.00905	0.00262	0.01251	0.00912	0.00424	0.01061
95	0.01557	0.01428	0.02326	0.66553	0.05156	0.01765	0.02111	0.05954	0.01682	0.02163	0.01408	0.02054	0.01051	0.00785	0.00775	0.00257	0.01022	0.00690	0.00372	0.00890
96	0.01771	0.01992	0.04287	0.03098	0.03816	0.01888	0.59390	0.02379	0.01791	0.02436	0.01724	0.06481	0.01420	0.00783	0.00963	0.00267	0.03098	0.00990	0.00411	0.01014
97	0.01848	0.01595	0.01676	0.01515	0.01939	0.01827	0.01176	0.03881	0.61355	0.03152	0.03530	0.03257	0.07563	0.01125	0.00799	0.00263	0.00596	0.00937	0.00783	0.01182
98	0.01739	0.01910	0.05090	0.05141	0.03024	0.02165	0.27777	0.02140	0.01477	0.02140	0.01268	0.01871	0.01083	0.01029	0.01759	0.00302	0.38013	0.00773	0.00361	0.00938
99	0.01671	0.01131	0.01329	0.01258	0.01509	0.01174	0.00940	0.17258	0.04879	0.06207	0.03280	0.37677	0.03421	0.01908	0.03910	0.00315	0.00629	0.01480	0.09152	0.00873
100	0.01144	0.00895	0.01415	0.01348	0.01520	0.01019	0.04215	0.01440	0.01276	0.01835	0.02051	0.02998	0.01900	0.05554	0.66198	0.01196	0.02038	0.00835	0.00414	0.00710
101	0.00977	0.00713	0.00924	0.01084	0.01152	0.00675	0.00732	0.01185	0.03725	0.02027	0.04384	0.67170	0.07635	0.02363	0.00980	0.00311	0.00453	0.02135	0.00722	0.00651
102	0.05688	0.02225	0.02220	0.01754	0.02335	0.07805	0.01430	0.52380	0.09102	0.04442	0.01895	0.01894	0.01369	0.00923	0.00759	0.00233	0.00866	0.00688	0.00735	0.01258
103	0.01597	0.09639	0.63474	0.02138	0.03245	0.01904	0.02740	0.02445	0.01632	0.02404	0.01366	0.01605	0.00983	0.00731	0.00717	0.00239	0.01120	0.00560	0.00328	0.01134
104	0.01013	0.00758	0.01092	0.01196	0.01289	0.00712	0.03568	0.01197	0.01555	0.02080	0.07149	0.61401	0.05011	0.02291	0.00989	0.00312	0.00502	0.06515	0.00711	0.00659
105	0.01152	0.00906	0.01069	0.01132	0.01323	0.00898	0.00844	0.01694	0.12782	0.02313	0.07337	0.32885	0.20606	0.02004	0.00944	0.00295	0.00495	0.09829	0.00736	0.00754
106	0.18457	0.02229	0.14607	0.03179	0.35076	0.05590	0.02035	0.02379	0.01670	0.02679	0.01464	0.01991	0.01226	0.00775	0.00709	0.00239	0.00910	0.03288	0.00410	0.01088
107	0.01522	0.00856	0.00917	0.00869	0.01052	0.00920	0.00671	0.04185	0.01666	0.02882	0.02381	0.02755	0.01884	0.00941	0.00714	0.00196	0.06152	0.00718	0.67965	0.00755
108	0.01041	0.00816	0.00962	0.01021	0.01240	0.00737	0.00820	0.01302	0.01800	0.02254	0.11906	0.10372	0.39272	0.02006	0.00969	0.00293	0.00496	0.21281	0.00730	0.00680
109	0.01858	0.02104	0.04210	0.08768	0.06843	0.05362	0.54040	0.02469	0.01823	0.02415	0.01530	0.02047	0.01158	0.00672	0.00886	0.00257	0.01273	0.00866	0.00388	0.01031
110	0.00935	0.00713	0.00861	0.00979	0.01098	0.00638	0.00675	0.01091	0.01581	0.02019	0.05495	0.50156	0.26428	0.02270	0.00965	0.00297	0.00430	0.02011	0.00720	0.00638
111	0.00945	0.00675	0.00900	0.01080	0.01125	0.00630	0.00720	0.01080	0.01484	0.01979	0.04274	0.72245	0.05128	0.02429	0.00990	0.00315	0.00450	0.02204	0.00720	0.00630
112	0.01830	0.02092	0.04575	0.03268	0.04052	0.01961	0.65098	0.02484	0.01830	0.02484	0.01569	0.02092	0.01176	0.00654	0.00915	0.00261	0.01307	0.00915	0.00392	0.01046
113	0.02532	0.01962	0.02135	0.05213	0.02423	0.02211	0.01426	0.41654	0.24562	0.04190	0.02270	0.02217	0.01655	0.00963	0.00780	0.00244	0.00782	0.00757	0.00758	0.01265
114	0.00966	0.00686	0.00900	0.01056	0.01103	0.00644	0.00699	0.01098	0.01481	0.01982	0.06503	0.64121	0.05017	0.08280	0.01234	0.00349	0.00472	0.02084	0.00704	0.00620
115	0.00961	0.00775	0.00856	0.00862	0.01082	0.00670	0.00637	0.01190	0.01834	0.02315	0.21194	0.14357	0.46692	0.01929	0.00924	0.00264	0.00393	0.01646	0.00751	0.00670
116	0.00945	0.00675	0.00900	0.01080	0.01125	0.00630	0.00720	0.01080	0.01484	0.01979	0.04274	0.72245	0.05128	0.02429	0.00990	0.00315	0.00450	0.02204	0.00720	0.00630
117	0.02002	0.58789	0.15719	0.01505	0.02248	0.04658	0.01610	0.02367	0.01604	0.01940	0.01138	0.01319	0.00993	0.00680	0.00546	0.00181	0.00902	0.00446	0.00333	0.01020
118	0.01660	0.01692	0.01958	0.01770	0.01847	0.11163	0.01411	0.01837	0.01390	0.01886	0.01778	0.15614	0.01906	0.01900	0.08150	0.00399	0.41446	0.00967	0.00429	0.00798
119	0.01475	0.01392	0.02328	0.67838	0.05194	0.01752	0.02133	0.01976	0.01534	0.01976	0.01362	0.02051	0.01033	0.00801	0.00854	0.00262	0.04146	0.00689	0.00344	0.00861
120	0.00945	0.00675	0.00900	0.01080	0.01125	0.00630	0.00720	0.01080	0.01484	0.01979	0.04274	0.72245	0.05128	0.02429	0.00990	0.00315	0.00450	0.02204	0.00720	0.00630
121	0.01925	0.01873	0.02986	0.09356	0.57758	0.04503	0.02276	0.02458	0.04706	0.02500	0.01519	0.01954	0.01257	0.00718	0.00766	0.00233	0.00934	0.00692	0.00400	0.01188
122	0.01792	0.00986	0.01193	0.01042	0.01398	0.00871	0.00816	0.02133	0.04442	0.23015	0.19357	0.05420	0.31387	0.01533	0.00869	0.00251	0.00478	0.01289	0.00827	0.00900
123	0.01791	0.02030	0.04415	0.03172	0.03925	0.01903	0.62289	0.02422	0.01815	0.02462	0.01687	0.05153	0.01349	0.00731	0.00918	0.00264	0.01270	0.00971	0.00406	0.01028
124	0.01986	0.01808	0.02224	0.05834	0.22160	0.06069	0.01618	0.03296	0.34442	0.04535	0.02331	0.02386	0.01792	0.00884	0.00764	0.00240	0.00775	0.00762	0.00606	0.05487
