[name]
unknown

[dist]
# distance from previous block
# <min> <max>
31	45

[block]
# block no. 0 follows, 24 sequences, length 18
# corresponding to MSA columns:
# 46-63
name=unknown_A
#
# <colnr> <probs for GDERKNQSTAVLIFYWHMCP>
#	G	D	E	R	K	N	Q	S	T	A	V	L	I	F	Y	W	H	M	C	P
0	0.13271	0.01948	0.10156	0.02246	0.02850	0.01745	0.26314	0.02427	0.05107	0.05717	0.01828	0.02454	0.01484	0.01562	0.10302	0.00409	0.05126	0.03587	0.00472	0.00996
1	0.32531	0.01865	0.04726	0.16834	0.02844	0.05301	0.04463	0.14297	0.01965	0.03270	0.01497	0.01970	0.01181	0.00852	0.00685	0.00252	0.00867	0.03108	0.00513	0.00979
2	0.10737	0.15088	0.41206	0.01876	0.02815	0.02054	0.02212	0.05474	0.03846	0.02675	0.01414	0.01613	0.01060	0.00752	0.00678	0.00231	0.00994	0.00552	0.00397	0.04327
3	0.01133	0.00850	0.01274	0.01274	0.01416	0.00991	0.00991	0.01416	0.01274	0.01841	0.02124	0.03115	0.01982	0.05947	0.68989	0.01274	0.02124	0.00850	0.00425	0.00708
4	0.01577	0.01506	0.02597	0.58436	0.13581	0.01789	0.05137	0.02104	0.01628	0.02125	0.01429	0.02095	0.01090	0.00776	0.00798	0.00261	0.01055	0.00716	0.00360	0.00939
5	0.01498	0.01409	0.02378	0.70226	0.05462	0.01762	0.02202	0.02026	0.01586	0.02026	0.01409	0.02114	0.01057	0.00793	0.00793	0.00264	0.01057	0.00705	0.00352	0.00881
6	0.01760	0.01406	0.01656	0.01189	0.01888	0.01064	0.00953	0.02110	0.01682	0.06538	0.01514	0.01708	0.01222	0.00611	0.00600	0.00125	0.00593	0.00490	0.00501	0.72389
7	0.77733	0.01534	0.01166	0.01043	0.01534	0.01779	0.00859	0.02331	0.01350	0.03558	0.01104	0.01288	0.00859	0.00736	0.00491	0.00245	0.00613	0.00429	0.00491	0.00859
8	0.01864	0.02177	0.07707	0.03475	0.14875	0.02000	0.46711	0.02484	0.01812	0.02511	0.01543	0.02060	0.01192	0.00721	0.00996	0.00266	0.05254	0.00863	0.00393	0.01096
9	0.01897	0.01477	0.01714	0.01268	0.01939	0.01225	0.01017	0.05933	0.07332	0.07751	0.01725	0.01853	0.01352	0.00680	0.00634	0.00147	0.00614	0.00546	0.00556	0.60338
10	0.01658	0.01588	0.02654	0.27868	0.18819	0.01620	0.10363	0.02138	0.01700	0.02349	0.01812	0.02283	0.04690	0.00779	0.00776	0.00228	0.00937	0.00741	0.00413	0.16587
11	0.01887	0.42582	0.25629	0.01832	0.05677	0.02537	0.01926	0.02379	0.01627	0.02119	0.01278	0.01528	0.01070	0.00950	0.03782	0.00252	0.01022	0.00513	0.00344	0.01067
12	0.02434	0.15457	0.02521	0.04763	0.07147	0.30771	0.01499	0.03034	0.12745	0.05434	0.01713	0.01884	0.01376	0.01123	0.04552	0.00276	0.01139	0.00616	0.00489	0.01027
13	0.01822	0.01646	0.02462	0.25722	0.25144	0.01834	0.01959	0.06383	0.15622	0.02675	0.02010	0.05767	0.01649	0.00920	0.00804	0.00257	0.00884	0.00826	0.00510	0.01104
14	0.01419	0.01052	0.01340	0.04978	0.01634	0.00928	0.00861	0.01535	0.01384	0.02010	0.01815	0.07139	0.01813	0.13662	0.04969	0.18967	0.00732	0.00788	0.00450	0.32525
15	0.01521	0.01292	0.01505	0.01134	0.01742	0.00986	0.00891	0.01841	0.01649	0.02496	0.02279	0.08078	0.07673	0.00880	0.00656	0.00149	0.00559	0.00732	0.00517	0.63420
16	0.01377	0.00689	0.01033	0.01033	0.01033	0.00689	0.00689	0.01033	0.01033	0.01377	0.01377	0.02410	0.01377	0.02755	0.03099	0.76928	0.00689	0.00689	0.00344	0.00344
17	0.01813	0.06154	0.12415	0.03407	0.25654	0.01881	0.24962	0.02355	0.01755	0.02442	0.01643	0.05510	0.01397	0.00872	0.00927	0.03406	0.01078	0.00836	0.00400	0.01094

[dist]
# distance from previous block
# <min> <max>
1	3

[block]
# block no. 1 follows, 24 sequences, length 25
# corresponding to MSA columns:
# 67-91
name=unknown_B
#
# <colnr> <probs for GDERKNQSTAVLIFYWHMCP>
#	G	D	E	R	K	N	Q	S	T	A	V	L	I	F	Y	W	H	M	C	P
0	0.01153	0.00769	0.00865	0.00865	0.00865	0.00769	0.00480	0.01153	0.01153	0.01538	0.02499	0.05189	0.02883	0.72131	0.04036	0.00769	0.00769	0.01153	0.00480	0.00480
1	0.02308	0.57619	0.03766	0.01472	0.02126	0.07474	0.01391	0.11569	0.01965	0.02331	0.01229	0.01376	0.01067	0.00728	0.00565	0.00182	0.00891	0.00472	0.00411	0.01060
2	0.01122	0.00756	0.00874	0.00905	0.00913	0.00748	0.00523	0.01145	0.01214	0.01619	0.02811	0.16288	0.03278	0.60494	0.03531	0.00694	0.00717	0.01337	0.00523	0.00508
3	0.02646	0.04269	0.02353	0.02054	0.09791	0.02118	0.01505	0.39151	0.04901	0.08835	0.01871	0.02003	0.01390	0.01056	0.01019	0.05804	0.03746	0.00704	0.00683	0.04102
4	0.01919	0.01839	0.03139	0.11040	0.61355	0.01873	0.02412	0.02395	0.01785	0.02537	0.01484	0.01977	0.01237	0.00715	0.00786	0.00238	0.00953	0.00706	0.00389	0.01221
5	0.69101	0.01512	0.01244	0.01086	0.01591	0.01708	0.00894	0.02509	0.01457	0.11026	0.01340	0.01452	0.00987	0.00765	0.00526	0.00245	0.00621	0.00472	0.00548	0.00916
6	0.01046	0.00752	0.00992	0.01049	0.01168	0.00698	0.00742	0.01306	0.01891	0.02618	0.36411	0.37882	0.06394	0.02041	0.00973	0.00285	0.00416	0.01833	0.00806	0.00698
7	0.04468	0.10916	0.37166	0.02401	0.09301	0.01929	0.09723	0.02643	0.01762	0.10075	0.01603	0.01819	0.01161	0.00756	0.00747	0.00242	0.01057	0.00640	0.00429	0.01161
8	0.62875	0.01504	0.01250	0.01100	0.01567	0.01713	0.00897	0.07182	0.01643	0.03628	0.08809	0.01877	0.01669	0.00856	0.00567	0.00245	0.00606	0.00569	0.00559	0.00885
9	0.01012	0.00792	0.00924	0.00969	0.01166	0.00703	0.00726	0.01249	0.01830	0.02335	0.17865	0.20933	0.36501	0.02055	0.00969	0.00286	0.00442	0.07798	0.00761	0.00685
10	0.01857	0.01937	0.06316	0.15603	0.46858	0.01875	0.09174	0.02380	0.01769	0.02486	0.01487	0.01994	0.01205	0.00719	0.00801	0.00245	0.01016	0.00726	0.00384	0.01168
11	0.01986	0.02293	0.10619	0.08138	0.50025	0.08206	0.02393	0.02488	0.01819	0.02487	0.01454	0.01888	0.01193	0.00728	0.00775	0.00236	0.01022	0.00674	0.00385	0.01192
12	0.01963	0.05103	0.02471	0.02044	0.02144	0.13908	0.01684	0.02145	0.01409	0.01912	0.01075	0.01663	0.01037	0.01259	0.02188	0.00315	0.55789	0.00651	0.00357	0.00883
13	0.01111	0.00767	0.00862	0.00877	0.00913	0.00746	0.00516	0.01147	0.01264	0.01652	0.03335	0.10857	0.10991	0.57828	0.03408	0.00671	0.00698	0.01307	0.00533	0.00517
14	0.25937	0.01558	0.01606	0.01533	0.04424	0.01752	0.01172	0.03282	0.32445	0.07751	0.02573	0.02939	0.02052	0.01053	0.00733	0.00268	0.00648	0.06491	0.00696	0.01087
15	0.00966	0.00690	0.00920	0.01104	0.01150	0.00644	0.00736	0.01104	0.01518	0.02024	0.04371	0.71614	0.05245	0.02484	0.01012	0.00322	0.00460	0.02254	0.00736	0.00644
16	0.00963	0.00701	0.00909	0.01076	0.01143	0.00646	0.00723	0.01107	0.01546	0.02035	0.04717	0.65571	0.11064	0.02439	0.01005	0.00317	0.00455	0.02199	0.00736	0.00646
17	0.01952	0.01914	0.03389	0.04690	0.59848	0.01898	0.09634	0.02446	0.01813	0.02585	0.01505	0.01983	0.01250	0.00702	0.00803	0.00239	0.00988	0.00733	0.00394	0.01234
18	0.02173	0.17036	0.12366	0.02970	0.24684	0.04436	0.08286	0.11699	0.02067	0.04787	0.01516	0.01793	0.01194	0.00752	0.00738	0.00227	0.00992	0.00651	0.00452	0.01181
19	0.01590	0.04102	0.68023	0.02260	0.03432	0.01842	0.02930	0.02511	0.01674	0.02511	0.01423	0.01674	0.01005	0.00753	0.00753	0.00251	0.01172	0.00586	0.00335	0.01172
20	0.01190	0.00783	0.00951	0.00980	0.01054	0.00752	0.00636	0.01300	0.01463	0.04378	0.10742	0.21870	0.06493	0.38665	0.02574	0.00544	0.00627	0.03769	0.00628	0.00601
21	0.01652	0.01211	0.01460	0.01344	0.01559	0.01330	0.01024	0.11186	0.08241	0.05207	0.11124	0.17139	0.03494	0.13330	0.01617	0.00367	0.08773	0.05388	0.03699	0.00858
22	0.12201	0.33881	0.17067	0.01744	0.02509	0.02416	0.08468	0.05097	0.01745	0.06302	0.01377	0.01564	0.01083	0.00730	0.00633	0.00215	0.00929	0.00549	0.00422	0.01068
23	0.01562	0.01476	0.02439	0.49927	0.04606	0.01640	0.07639	0.02067	0.01624	0.02188	0.01427	0.02020	0.01095	0.00739	0.00764	0.00234	0.00986	0.00678	0.00381	0.16507
24	0.01355	0.00772	0.01046	0.01035	0.01096	0.00763	0.00705	0.03760	0.01278	0.01674	0.02445	0.07899	0.09350	0.06649	0.02662	0.55022	0.00652	0.00939	0.00444	0.00453

[dist]
# distance from previous block
# <min> <max>
0	1

[block]
# block no. 2 follows, 24 sequences, length 52
# corresponding to MSA columns:
# 93-144
name=unknown_C
#
# <colnr> <probs for GDERKNQSTAVLIFYWHMCP>
#	G	D	E	R	K	N	Q	S	T	A	V	L	I	F	Y	W	H	M	C	P
0	0.01244	0.00985	0.01247	0.04230	0.03918	0.00972	0.00913	0.01829	0.09895	0.02957	0.44263	0.05520	0.15883	0.01546	0.00908	0.00255	0.00461	0.01348	0.00802	0.00822
1	0.77733	0.01534	0.01166	0.01043	0.01534	0.01779	0.00859	0.02331	0.01350	0.03558	0.01104	0.01288	0.00859	0.00736	0.00491	0.00245	0.00613	0.00429	0.00491	0.00859
2	0.01644	0.01409	0.01644	0.01175	0.01879	0.01057	0.00940	0.01997	0.01644	0.02584	0.01409	0.01644	0.01175	0.00587	0.00587	0.00117	0.00587	0.00470	0.00470	0.76979
3	0.01618	0.03593	0.53740	0.02389	0.03442	0.01813	0.12826	0.02464	0.01715	0.02508	0.01618	0.02182	0.01248	0.00825	0.00803	0.00261	0.01173	0.04285	0.00369	0.01129
4	0.77733	0.01534	0.01166	0.01043	0.01534	0.01779	0.00859	0.02331	0.01350	0.03558	0.01104	0.01288	0.00859	0.00736	0.00491	0.00245	0.00613	0.00429	0.00491	0.00859
5	0.01784	0.01702	0.02896	0.29969	0.43479	0.01837	0.02345	0.02277	0.01721	0.02374	0.01460	0.02021	0.01180	0.00740	0.00788	0.00247	0.00986	0.00706	0.00377	0.01112
6	0.01789	0.01519	0.01839	0.01326	0.02027	0.01234	0.03531	0.08203	0.01860	0.02821	0.01466	0.01690	0.01193	0.00627	0.00622	0.00135	0.00645	0.00513	0.00499	0.66462
7	0.00955	0.00733	0.00876	0.00990	0.01120	0.00654	0.00685	0.01117	0.01628	0.02069	0.05759	0.47353	0.28609	0.02304	0.00984	0.00301	0.00438	0.02034	0.00736	0.00654
8	0.01140	0.01043	0.03758	0.04226	0.05027	0.00943	0.01007	0.01418	0.01769	0.02334	0.16594	0.22167	0.25652	0.01857	0.01034	0.00283	0.04483	0.03823	0.00689	0.00751
9	0.01591	0.06954	0.61959	0.02159	0.03261	0.01845	0.02755	0.02456	0.01699	0.02515	0.04585	0.01863	0.01320	0.00792	0.00751	0.00247	0.01119	0.00620	0.00361	0.01145
10	0.01735	0.01735	0.02429	0.02082	0.02082	0.02429	0.01735	0.01908	0.01214	0.01908	0.01041	0.01735	0.01041	0.01388	0.02602	0.00347	0.70680	0.00694	0.00347	0.00867
11	0.01265	0.00909	0.01260	0.01436	0.01621	0.00904	0.01252	0.01624	0.01825	0.02364	0.04343	0.08895	0.06912	0.02184	0.01089	0.00361	0.00718	0.59579	0.00730	0.00728
12	0.01014	0.00748	0.01031	0.01286	0.04346	0.00704	0.00818	0.01168	0.01532	0.02052	0.04231	0.68243	0.05052	0.02398	0.01001	0.00318	0.00483	0.02179	0.00719	0.00674
13	0.01590	0.04102	0.68023	0.02260	0.03432	0.01842	0.02930	0.02511	0.01674	0.02511	0.01423	0.01674	0.01005	0.00753	0.00753	0.00251	0.01172	0.00586	0.00335	0.01172
14	0.01872	0.02139	0.04679	0.03342	0.04144	0.02005	0.64305	0.02540	0.01872	0.02540	0.01604	0.02139	0.01203	0.00668	0.00936	0.00267	0.01337	0.00936	0.00401	0.01070
15	0.02513	0.02838	0.02041	0.01848	0.02275	0.38581	0.01407	0.03641	0.31041	0.02565	0.02133	0.02123	0.01656	0.00934	0.00757	0.00234	0.01066	0.00686	0.00589	0.01072
16	0.01530	0.01468	0.02572	0.57953	0.07759	0.01741	0.08151	0.02052	0.01620	0.02100	0.01562	0.05166	0.01264	0.00852	0.00816	0.00266	0.01053	0.00795	0.00376	0.00905
17	0.01201	0.00821	0.01078	0.01021	0.01213	0.00756	0.00763	0.01554	0.02190	0.05487	0.59650	0.10810	0.07107	0.01663	0.00936	0.00255	0.00392	0.01473	0.00867	0.00763
18	0.01226	0.01075	0.01759	0.01488	0.01799	0.00988	0.14128	0.01592	0.01953	0.02633	0.29476	0.15467	0.17498	0.01650	0.00954	0.00272	0.00610	0.03927	0.00720	0.00784
19	0.01377	0.00689	0.01033	0.01033	0.01033	0.00689	0.00689	0.01033	0.01033	0.01377	0.01377	0.02410	0.01377	0.02755	0.03099	0.76928	0.00689	0.00689	0.00344	0.00344
20	0.01619	0.07791	0.64583	0.02212	0.03357	0.01911	0.02845	0.02504	0.01671	0.02477	0.01406	0.01653	0.01005	0.00749	0.00740	0.00247	0.01154	0.00577	0.00335	0.01164
21	0.01153	0.00769	0.00865	0.00865	0.00865	0.00769	0.00480	0.01153	0.01153	0.01538	0.02499	0.05189	0.02883	0.72131	0.04036	0.00769	0.00769	0.01153	0.00480	0.00480
22	0.01525	0.01437	0.02428	0.66399	0.09075	0.01769	0.02216	0.02050	0.01599	0.02059	0.01414	0.02105	0.01069	0.00788	0.00792	0.00263	0.01050	0.00705	0.00355	0.00903
23	0.77733	0.01534	0.01166	0.01043	0.01534	0.01779	0.00859	0.02331	0.01350	0.03558	0.01104	0.01288	0.00859	0.00736	0.00491	0.00245	0.00613	0.00429	0.00491	0.00859
24	0.01651	0.01545	0.04417	0.01301	0.02028	0.01125	0.03443	0.02038	0.01654	0.02579	0.01417	0.01664	0.01169	0.00597	0.00607	0.00129	0.00639	0.00492	0.00462	0.71042
25	0.01630	0.07542	0.58017	0.02157	0.03214	0.01915	0.02694	0.02447	0.01642	0.02444	0.01383	0.01655	0.01014	0.00780	0.00843	0.00247	0.05263	0.00579	0.00341	0.04191
26	0.03014	0.02221	0.02380	0.01825	0.02459	0.02459	0.01507	0.64541	0.03728	0.04998	0.01904	0.01904	0.01349	0.00952	0.00793	0.00238	0.00873	0.00714	0.00793	0.01349
27	0.00966	0.00690	0.00920	0.01104	0.01150	0.00644	0.00736	0.01104	0.01518	0.02024	0.04371	0.71614	0.05245	0.02484	0.01012	0.00322	0.00460	0.02254	0.00736	0.00644
28	0.07704	0.11056	0.27670	0.02380	0.09451	0.13200	0.09346	0.02653	0.01804	0.05588	0.01440	0.01692	0.01093	0.00751	0.00726	0.00234	0.01109	0.00606	0.00404	0.01094
29	0.05484	0.06605	0.20982	0.02837	0.03713	0.02016	0.41686	0.02513	0.01780	0.02544	0.01504	0.01928	0.01124	0.00694	0.00843	0.00257	0.01231	0.00791	0.00385	0.01083
30	0.01377	0.00689	0.01033	0.01033	0.01033	0.00689	0.00689	0.01033	0.01033	0.01377	0.01377	0.02410	0.01377	0.02755	0.03099	0.76928	0.00689	0.00689	0.00344	0.00344
31	0.01466	0.01221	0.01332	0.01241	0.01564	0.01296	0.00948	0.02659	0.31748	0.02937	0.19858	0.07573	0.19972	0.01498	0.00879	0.00266	0.00503	0.01276	0.00802	0.00961
32	0.01092	0.00795	0.01027	0.01000	0.01174	0.00730	0.00738	0.01426	0.02127	0.02973	0.55409	0.14307	0.10730	0.01753	0.00945	0.00260	0.00387	0.01552	0.00848	0.00730
33	0.02964	0.02196	0.02351	0.01814	0.02440	0.02435	0.01495	0.61608	0.06743	0.04916	0.01968	0.01955	0.01401	0.00958	0.00794	0.00239	0.00861	0.00723	0.00794	0.01344
34	0.02807	0.02041	0.02180	0.01699	0.02278	0.02254	0.01394	0.55389	0.05964	0.04711	0.02030	0.02059	0.01465	0.00954	0.00768	0.00233	0.00809	0.00724	0.08962	0.01279
35	0.02120	0.72609	0.04155	0.01357	0.02035	0.03138	0.01357	0.02374	0.01611	0.01866	0.01102	0.01272	0.01018	0.00678	0.00509	0.00170	0.00848	0.00424	0.00339	0.01018
36	0.01640	0.01775	0.06756	0.28110	0.12174	0.01732	0.22172	0.02185	0.01696	0.02305	0.01728	0.06269	0.01459	0.03061	0.00942	0.00277	0.01074	0.00879	0.02791	0.00975
37	0.01564	0.03916	0.64237	0.02189	0.03305	0.01780	0.02807	0.02454	0.01706	0.02549	0.05117	0.01914	0.01371	0.00802	0.00764	0.00251	0.01127	0.00634	0.00365	0.01148
38	0.00937	0.00803	0.00803	0.00803	0.01071	0.00669	0.00602	0.01138	0.01807	0.02142	0.08033	0.07632	0.66863	0.02008	0.00937	0.00268	0.00402	0.01674	0.00736	0.00669
39	0.77733	0.01534	0.01166	0.01043	0.01534	0.01779	0.00859	0.02331	0.01350	0.03558	0.01104	0.01288	0.00859	0.00736	0.00491	0.00245	0.00613	0.00429	0.00491	0.00859
40	0.77733	0.01534	0.01166	0.01043	0.01534	0.01779	0.00859	0.02331	0.01350	0.03558	0.01104	0.01288	0.00859	0.00736	0.00491	0.00245	0.00613	0.00429	0.00491	0.00859
41	0.01739	0.01802	0.03441	0.28049	0.14590	0.01927	0.27147	0.02290	0.01709	0.02315	0.01475	0.02073	0.01147	0.00771	0.00977	0.00267	0.06091	0.00797	0.00378	0.01016
42	0.03014	0.02221	0.02380	0.01825	0.02459	0.02459	0.01507	0.64541	0.03728	0.04998	0.01904	0.01904	0.01349	0.00952	0.00793	0.00238	0.00873	0.00714	0.00793	0.01349
43	0.01592	0.03837	0.61513	0.02354	0.06941	0.01798	0.02809	0.02464	0.01706	0.02544	0.04204	0.01871	0.01294	0.00788	0.00763	0.00250	0.01125	0.00629	0.00361	0.01159
44	0.02403	0.01100	0.01435	0.01185	0.01617	0.00959	0.00947	0.02710	0.02179	0.37832	0.21781	0.04493	0.15260	0.01346	0.00861	0.00251	0.00541	0.01134	0.00907	0.01058
45	0.01350	0.01117	0.01424	0.01374	0.01549	0.05090	0.01073	0.04540	0.01446	0.01999	0.02023	0.02911	0.01863	0.05250	0.59433	0.01130	0.04412	0.00818	0.00439	0.00756
46	0.00979	0.00705	0.00929	0.01084	0.01150	0.00654	0.00732	0.01141	0.01595	0.02134	0.10188	0.63327	0.07666	0.02389	0.01002	0.00313	0.00450	0.02159	0.00749	0.00654
47	0.01961	0.01981	0.06556	0.08269	0.54287	0.01903	0.02351	0.05138	0.04911	0.02690	0.01583	0.02001	0.01290	0.00742	0.00785	0.00240	0.00943	0.00709	0.00424	0.01233
48	0.00994	0.00710	0.00949	0.01119	0.01181	0.00666	0.00769	0.01159	0.01579	0.02113	0.08070	0.64040	0.05338	0.02416	0.01012	0.00320	0.00471	0.05694	0.00744	0.00655
49	0.68264	0.01621	0.01319	0.01142	0.01651	0.01865	0.00941	0.10214	0.01651	0.03740	0.01205	0.01366	0.00921	0.00763	0.00529	0.00244	0.00646	0.00465	0.00529	0.00921
50	0.01717	0.01634	0.02775	0.39375	0.34596	0.01820	0.02311	0.02218	0.01689	0.02293	0.01448	0.02043	0.01151	0.00752	0.00789	0.00251	0.01003	0.00706	0.00371	0.01058
51	0.02904	0.03682	0.02256	0.02045	0.02434	0.65782	0.01542	0.03107	0.02198	0.01939	0.01217	0.01445	0.01022	0.00844	0.00805	0.00211	0.04726	0.00519	0.00406	0.00917

[dist]
# distance from previous block
# <min> <max>
0	1

[block]
# block no. 3 follows, 24 sequences, length 120
# corresponding to MSA columns:
# 146-265
name=unknown_D
#
# <colnr> <probs for GDERKNQSTAVLIFYWHMCP>
#	G	D	E	R	K	N	Q	S	T	A	V	L	I	F	Y	W	H	M	C	P
0	0.02387	0.05521	0.05241	0.01933	0.02460	0.22934	0.07533	0.13423	0.20454	0.02987	0.05597	0.02266	0.01850	0.00935	0.00781	0.00237	0.01006	0.00746	0.00605	0.01106
1	0.02102	0.01716	0.01828	0.01616	0.02082	0.01963	0.01265	0.07562	0.59447	0.06300	0.03149	0.02888	0.02340	0.01065	0.00806	0.00266	0.00643	0.00882	0.00814	0.01265
2	0.01609	0.00777	0.00808	0.00781	0.00993	0.00766	0.00593	0.01975	0.01701	0.07030	0.02621	0.02940	0.02028	0.00927	0.00570	0.00189	0.00389	0.00743	0.71783	0.00777
3	0.01104	0.00763	0.00954	0.01053	0.01100	0.00746	0.00708	0.01216	0.01401	0.01858	0.03478	0.30570	0.04042	0.34572	0.02421	0.00535	0.00647	0.11630	0.00617	0.00583
4	0.00984	0.00704	0.00939	0.01112	0.01170	0.00659	0.00756	0.01141	0.01562	0.02088	0.07134	0.66406	0.05319	0.02435	0.01012	0.00320	0.00466	0.04397	0.00742	0.00652
5	0.01327	0.01057	0.01506	0.01424	0.01572	0.01285	0.01130	0.05008	0.01402	0.02027	0.01952	0.02844	0.01808	0.04996	0.55394	0.01080	0.12167	0.00819	0.00434	0.00767
6	0.77733	0.01534	0.01166	0.01043	0.01534	0.01779	0.00859	0.02331	0.01350	0.03558	0.01104	0.01288	0.00859	0.00736	0.00491	0.00245	0.00613	0.00429	0.00491	0.00859
7	0.02121	0.01954	0.01865	0.01669	0.02120	0.09455	0.01295	0.06299	0.56411	0.03225	0.02956	0.02750	0.02226	0.01042	0.00796	0.00261	0.00726	0.00847	0.00762	0.01221
8	0.00966	0.00690	0.00920	0.01104	0.01150	0.00644	0.00736	0.01104	0.01518	0.02024	0.04371	0.71614	0.05245	0.02484	0.01012	0.00322	0.00460	0.02254	0.00736	0.00644
9	0.02117	0.05515	0.01615	0.03644	0.01748	0.09748	0.01038	0.16593	0.02214	0.05619	0.02139	0.02398	0.01655	0.01107	0.03450	0.00248	0.00751	0.00693	0.36762	0.00944
10	0.02922	0.02175	0.02328	0.01806	0.02424	0.02416	0.01485	0.59206	0.09213	0.04849	0.02021	0.01997	0.01443	0.00963	0.00794	0.00241	0.00851	0.00730	0.00794	0.01340
11	0.02078	0.04499	0.01731	0.01419	0.01846	0.01581	0.01123	0.03425	0.35929	0.15427	0.18139	0.03537	0.03470	0.01170	0.00823	0.00256	0.00586	0.00984	0.00835	0.01143
12	0.01644	0.01409	0.01644	0.01175	0.01879	0.01057	0.00940	0.01997	0.01644	0.02584	0.01409	0.01644	0.01175	0.00587	0.00587	0.00117	0.00587	0.00470	0.00470	0.76979
13	0.01644	0.01409	0.01644	0.01175	0.01879	0.01057	0.00940	0.01997	0.01644	0.02584	0.01409	0.01644	0.01175	0.00587	0.00587	0.00117	0.00587	0.00470	0.00470	0.76979
14	0.01594	0.01508	0.02553	0.56643	0.18289	0.01787	0.02250	0.02111	0.01631	0.02143	0.01427	0.02083	0.01098	0.00775	0.00791	0.00258	0.01033	0.00705	0.00361	0.00959
15	0.02120	0.72609	0.04155	0.01357	0.02035	0.03138	0.01357	0.02374	0.01611	0.01866	0.01102	0.01272	0.01018	0.00678	0.00509	0.00170	0.00848	0.00424	0.00339	0.01018
16	0.77733	0.01534	0.01166	0.01043	0.01534	0.01779	0.00859	0.02331	0.01350	0.03558	0.01104	0.01288	0.00859	0.00736	0.00491	0.00245	0.00613	0.00429	0.00491	0.00859
17	0.01590	0.04102	0.68023	0.02260	0.03432	0.01842	0.02930	0.02511	0.01674	0.02511	0.01423	0.01674	0.01005	0.00753	0.00753	0.00251	0.01172	0.00586	0.00335	0.01172
18	0.01972	0.01703	0.01793	0.01614	0.02062	0.01972	0.01255	0.04214	0.65752	0.03317	0.03228	0.02959	0.02421	0.01076	0.00807	0.00269	0.00628	0.00897	0.00807	0.01255
19	0.01497	0.01379	0.02305	0.67109	0.05258	0.01716	0.02128	0.02018	0.01589	0.02068	0.01462	0.02152	0.01101	0.00799	0.00782	0.00261	0.01026	0.00706	0.03769	0.00875
20	0.01133	0.00850	0.01274	0.01274	0.01416	0.00991	0.00991	0.01416	0.01274	0.01841	0.02124	0.03115	0.01982	0.05947	0.68989	0.01274	0.02124	0.00850	0.00425	0.00708
21	0.03014	0.02221	0.02380	0.01825	0.02459	0.02459	0.01507	0.64541	0.03728	0.04998	0.01904	0.01904	0.01349	0.00952	0.00793	0.00238	0.00873	0.00714	0.00793	0.01349
22	0.77733	0.01534	0.01166	0.01043	0.01534	0.01779	0.00859	0.02331	0.01350	0.03558	0.01104	0.01288	0.00859	0.00736	0.00491	0.00245	0.00613	0.00429	0.00491	0.00859
23	0.01133	0.00850	0.01274	0.01274	0.01416	0.00991	0.00991	0.01416	0.01274	0.01841	0.02124	0.03115	0.01982	0.05947	0.68989	0.01274	0.02124	0.00850	0.00425	0.00708
24	0.01444	0.00743	0.00743	0.00743	0.00933	0.00735	0.00557	0.01803	0.01672	0.02905	0.02929	0.03250	0.06109	0.00992	0.00578	0.00190	0.00372	0.00798	0.71767	0.00735
25	0.02235	0.01772	0.01895	0.01638	0.02127	0.02011	0.01293	0.14386	0.51823	0.07103	0.02999	0.02766	0.02215	0.01050	0.00804	0.00262	0.00672	0.00860	0.00814	0.01276
26	0.01169	0.00836	0.01150	0.01313	0.01454	0.00816	0.01068	0.01465	0.01764	0.02330	0.09302	0.28075	0.05010	0.02235	0.01057	0.00342	0.00618	0.38548	0.00744	0.00705
27	0.01497	0.01380	0.02306	0.67141	0.05260	0.01716	0.02129	0.02018	0.01589	0.02067	0.01462	0.02152	0.01100	0.00799	0.00782	0.00261	0.01027	0.00706	0.03734	0.00875
28	0.03060	0.02148	0.02335	0.01790	0.02423	0.02351	0.01479	0.59482	0.03607	0.10229	0.02006	0.01970	0.01400	0.00954	0.00794	0.00239	0.00856	0.00721	0.00809	0.01349
29	0.01873	0.01792	0.03056	0.17490	0.55264	0.01861	0.02389	0.02355	0.01763	0.02482	0.01476	0.01992	0.01218	0.00723	0.00787	0.00241	0.00964	0.00706	0.00385	0.01184
30	0.01832	0.02032	0.04267	0.06090	0.03972	0.01898	0.55078	0.02462	0.01836	0.02522	0.01576	0.02087	0.01194	0.00666	0.00894	0.00252	0.01248	0.00878	0.00406	0.08812
31	0.01779	0.01372	0.01665	0.01353	0.04379	0.01105	0.01014	0.02201	0.04683	0.08278	0.01912	0.08055	0.01668	0.00819	0.00662	0.00159	0.00599	0.00687	0.00551	0.57059
32	0.01231	0.01032	0.01636	0.12380	0.09466	0.01049	0.04720	0.01518	0.01632	0.02193	0.06817	0.43232	0.04016	0.01862	0.00947	0.00298	0.00661	0.03900	0.00626	0.00782
33	0.12961	0.01608	0.01871	0.01631	0.05529	0.04269	0.01243	0.14407	0.02306	0.35310	0.02479	0.05506	0.01781	0.01227	0.03996	0.00294	0.00807	0.00787	0.00789	0.01198
34	0.02834	0.01960	0.02151	0.01686	0.02246	0.02126	0.01368	0.51150	0.03305	0.10684	0.02211	0.06548	0.01739	0.05020	0.00988	0.00274	0.00822	0.00843	0.00790	0.01256
35	0.01141	0.00764	0.00868	0.00880	0.00883	0.00761	0.00497	0.01150	0.01176	0.01568	0.02616	0.09366	0.03031	0.67752	0.03846	0.00741	0.00749	0.01222	0.00497	0.00491
36	0.02246	0.62329	0.03870	0.01459	0.02097	0.12966	0.01383	0.02493	0.01706	0.01877	0.01121	0.01296	0.01018	0.00699	0.00540	0.00175	0.00935	0.00437	0.00350	0.01003
37	0.01604	0.01466	0.02379	0.65444	0.05252	0.01811	0.02154	0.06396	0.01735	0.02234	0.01444	0.02099	0.01077	0.00804	0.00793	0.00262	0.01044	0.00705	0.00383	0.00914
38	0.01963	0.01884	0.03219	0.04867	0.67185	0.01884	0.02434	0.02434	0.01806	0.02591	0.01492	0.01963	0.01256	0.00707	0.00785	0.00236	0.00942	0.00707	0.00393	0.01256
39	0.01872	0.01814	0.03179	0.12973	0.51413	0.01847	0.07959	0.02365	0.01784	0.02507	0.01581	0.02230	0.01336	0.00764	0.00810	0.00246	0.00985	0.02762	0.00399	0.01174
40	0.01764	0.01784	0.02411	0.02039	0.02139	0.05247	0.04149	0.01974	0.01317	0.01975	0.01142	0.01792	0.01096	0.01481	0.05202	0.00363	0.57419	0.00688	0.00363	0.05657
41	0.01416	0.01264	0.01717	0.01547	0.01601	0.01624	0.01219	0.01580	0.01268	0.01840	0.02195	0.03259	0.07491	0.16729	0.17147	0.00626	0.35405	0.00908	0.00426	0.00737
42	0.02167	0.68775	0.04049	0.01395	0.02058	0.06803	0.01367	0.02419	0.01647	0.01870	0.01109	0.01281	0.01018	0.00686	0.00520	0.00172	0.00880	0.00429	0.00343	0.01012
43	0.01352	0.00689	0.01026	0.01038	0.01040	0.00686	0.00692	0.01038	0.01064	0.01418	0.01566	0.06762	0.01621	0.02738	0.02968	0.72111	0.00674	0.00787	0.00369	0.00363
44	0.02710	0.02070	0.02208	0.01763	0.02343	0.02317	0.01434	0.46906	0.21860	0.04506	0.02291	0.02212	0.01662	0.00988	0.00797	0.00247	0.00801	0.00767	0.00797	0.01321
45	0.02963	0.02284	0.02345	0.01827	0.02440	0.06139	0.01497	0.58311	0.06537	0.04749	0.01928	0.01927	0.01380	0.00950	0.00790	0.00238	0.00892	0.00711	0.00772	0.01320
46	0.01153	0.00769	0.00865	0.00865	0.00865	0.00769	0.00480	0.01153	0.01153	0.01538	0.02499	0.05189	0.02883	0.72131	0.04036	0.00769	0.00769	0.01153	0.00480	0.00480
47	0.02962	0.03779	0.02247	0.02043	0.02451	0.68948	0.01532	0.03166	0.02247	0.01941	0.01226	0.01430	0.01021	0.00817	0.00715	0.00204	0.01430	0.00511	0.00409	0.00919
48	0.02056	0.01745	0.01840	0.01631	0.02094	0.02012	0.01275	0.09083	0.60746	0.03453	0.03121	0.02873	0.02334	0.01066	0.00806	0.00266	0.00647	0.00882	0.00806	0.01263
49	0.00966	0.00690	0.00920	0.01104	0.01150	0.00644	0.00736	0.01104	0.01518	0.02024	0.04371	0.71614	0.05245	0.02484	0.01012	0.00322	0.00460	0.02254	0.00736	0.00644
50	0.01635	0.01587	0.02229	0.01937	0.01963	0.02181	0.01602	0.01830	0.01261	0.01948	0.03670	0.02070	0.01406	0.01980	0.11034	0.00462	0.59243	0.00742	0.00377	0.00843
51	0.00962	0.00705	0.00905	0.01065	0.01140	0.00647	0.00719	0.01109	0.01556	0.02040	0.04852	0.63200	0.13348	0.02422	0.01002	0.00315	0.00452	0.02178	0.00736	0.00647
52	0.01498	0.01409	0.02378	0.70226	0.05462	0.01762	0.02202	0.02026	0.01586	0.02026	0.01409	0.02114	0.01057	0.00793	0.00793	0.00264	0.01057	0.00705	0.00352	0.00881
53	0.01007	0.00799	0.00892	0.00881	0.01101	0.00698	0.00649	0.01250	0.01902	0.02436	0.26107	0.09849	0.42417	0.05176	0.01084	0.00288	0.00413	0.01600	0.00767	0.00684
54	0.01498	0.01409	0.02378	0.70226	0.05462	0.01762	0.02202	0.02026	0.01586	0.02026	0.01409	0.02114	0.01057	0.00793	0.00793	0.00264	0.01057	0.00705	0.00352	0.00881
55	0.77733	0.01534	0.01166	0.01043	0.01534	0.01779	0.00859	0.02331	0.01350	0.03558	0.01104	0.01288	0.00859	0.00736	0.00491	0.00245	0.00613	0.00429	0.00491	0.00859
56	0.02120	0.72609	0.04155	0.01357	0.02035	0.03138	0.01357	0.02374	0.01611	0.01866	0.01102	0.01272	0.01018	0.00678	0.00509	0.00170	0.00848	0.00424	0.00339	0.01018
57	0.77733	0.01534	0.01166	0.01043	0.01534	0.01779	0.00859	0.02331	0.01350	0.03558	0.01104	0.01288	0.00859	0.00736	0.00491	0.00245	0.00613	0.00429	0.00491	0.00859
58	0.01498	0.01409	0.02378	0.70226	0.05462	0.01762	0.02202	0.02026	0.01586	0.02026	0.01409	0.02114	0.01057	0.00793	0.00793	0.00264	0.01057	0.00705	0.00352	0.00881
59	0.01644	0.01409	0.01644	0.01175	0.01879	0.01057	0.00940	0.01997	0.01644	0.02584	0.01409	0.01644	0.01175	0.00587	0.00587	0.00117	0.00587	0.00470	0.00470	0.76979
60	0.01377	0.00689	0.01033	0.01033	0.01033	0.00689	0.00689	0.01033	0.01033	0.01377	0.01377	0.02410	0.01377	0.02755	0.03099	0.76928	0.00689	0.00689	0.00344	0.00344
61	0.01278	0.00913	0.01278	0.01460	0.01643	0.00913	0.01278	0.01643	0.01825	0.02373	0.04199	0.08945	0.04564	0.02191	0.01095	0.00365	0.00730	0.61847	0.00730	0.00730
62	0.00954	0.00804	0.00827	0.00821	0.01081	0.00677	0.00616	0.01171	0.01847	0.02236	0.13369	0.07476	0.61468	0.01973	0.00937	0.00266	0.00399	0.01652	0.00749	0.00677
63	0.02965	0.03695	0.02254	0.02031	0.02452	0.65334	0.01531	0.06503	0.02328	0.02107	0.01263	0.01456	0.01039	0.00824	0.00719	0.00206	0.01400	0.00522	0.00429	0.00943
64	0.00981	0.00794	0.00871	0.00875	0.01104	0.00685	0.00648	0.01214	0.01877	0.02361	0.20724	0.13320	0.47838	0.01968	0.00944	0.00269	0.00401	0.01675	0.00767	0.00685
65	0.20167	0.01612	0.01793	0.01417	0.01993	0.01647	0.01167	0.20433	0.02450	0.32677	0.02537	0.02369	0.04352	0.00962	0.00733	0.00244	0.00705	0.00728	0.00806	0.01208
66	0.02739	0.01477	0.01771	0.01460	0.01976	0.01496	0.01172	0.07595	0.25065	0.34607	0.06610	0.02932	0.02398	0.01047	0.00799	0.00251	0.00642	0.00861	0.03844	0.01258
67	0.01631	0.07841	0.61998	0.02252	0.03382	0.01920	0.05233	0.02505	0.01678	0.02476	0.01412	0.01670	0.01013	0.00746	0.00747	0.00247	0.01160	0.00591	0.00338	0.01159
68	0.06793	0.01842	0.01770	0.01609	0.02044	0.07909	0.01256	0.03882	0.53035	0.03165	0.02960	0.02996	0.02297	0.01083	0.00792	0.00266	0.00703	0.03674	0.00748	0.01176
69	0.01136	0.00836	0.01204	0.01204	0.01322	0.00953	0.00904	0.01371	0.01254	0.01789	0.02188	0.03470	0.02137	0.17281	0.57866	0.01188	0.01892	0.00902	0.00434	0.00669
70	0.01150	0.00781	0.00924	0.00924	0.00945	0.00801	0.00555	0.01191	0.01171	0.01582	0.02444	0.04888	0.02752	0.62526	0.13463	0.00842	0.00965	0.01109	0.00472	0.00514
71	0.02841	0.02279	0.05982	0.01830	0.02477	0.02381	0.01564	0.55610	0.09244	0.04707	0.01997	0.01987	0.01427	0.00952	0.00792	0.00242	0.00867	0.00723	0.00769	0.01330
72	0.01735	0.01735	0.02429	0.02082	0.02082	0.02429	0.01735	0.01908	0.01214	0.01908	0.01041	0.01735	0.01041	0.01388	0.02602	0.00347	0.70680	0.00694	0.00347	0.00867
73	0.01983	0.02307	0.04430	0.03209	0.03971	0.08854	0.57883	0.02604	0.01910	0.02479	0.01566	0.02067	0.01185	0.00684	0.00913	0.00261	0.01346	0.00892	0.00402	0.01054
74	0.01995	0.01856	0.03040	0.16737	0.45576	0.04442	0.06177	0.02470	0.01811	0.05997	0.01562	0.02021	0.01245	0.00740	0.00794	0.00242	0.00993	0.00718	0.00418	0.01166
75	0.02244	0.62507	0.03875	0.01458	0.02096	0.12796	0.01383	0.02491	0.01705	0.01877	0.01121	0.01295	0.01018	0.00699	0.00539	0.00175	0.00933	0.00437	0.00349	0.01003
76	0.02120	0.72609	0.04155	0.01357	0.02035	0.03138	0.01357	0.02374	0.01611	0.01866	0.01102	0.01272	0.01018	0.00678	0.00509	0.00170	0.00848	0.00424	0.00339	0.01018
77	0.01113	0.00893	0.01201	0.01217	0.01445	0.00821	0.04317	0.01390	0.01785	0.02261	0.08096	0.18465	0.29964	0.02061	0.01002	0.00308	0.00570	0.21658	0.00721	0.00710
78	0.01206	0.00967	0.01313	0.01305	0.01457	0.03712	0.01013	0.01486	0.01313	0.01845	0.02088	0.03048	0.01944	0.05742	0.66256	0.01232	0.02096	0.00836	0.00424	0.00716
79	0.05189	0.02358	0.02076	0.01719	0.02197	0.18932	0.01371	0.33566	0.05508	0.03704	0.01808	0.01934	0.01367	0.00933	0.00820	0.00229	0.04241	0.00663	0.10264	0.01120
80	0.01133	0.00850	0.01274	0.01274	0.01416	0.00991	0.00991	0.01416	0.01274	0.01841	0.02124	0.03115	0.01982	0.05947	0.68989	0.01274	0.02124	0.00850	0.00425	0.00708
81	0.01153	0.00769	0.00865	0.00865	0.00865	0.00769	0.00480	0.01153	0.01153	0.01538	0.02499	0.05189	0.02883	0.72131	0.04036	0.00769	0.00769	0.01153	0.00480	0.00480
82	0.00998	0.00713	0.00957	0.01141	0.01201	0.00672	0.00792	0.01160	0.01550	0.02060	0.04353	0.65147	0.05174	0.02454	0.01021	0.00326	0.00488	0.08404	0.00735	0.00653
83	0.01137	0.00835	0.01198	0.01198	0.01313	0.00950	0.00896	0.01367	0.01252	0.01784	0.02194	0.03502	0.02150	0.18274	0.56891	0.01180	0.01872	0.00906	0.00435	0.00666
84	0.01972	0.01703	0.01793	0.01614	0.02062	0.01972	0.01255	0.04214	0.65752	0.03317	0.03228	0.02959	0.02421	0.01076	0.00807	0.00269	0.00628	0.00897	0.00807	0.01255
85	0.01498	0.01409	0.02378	0.70226	0.05462	0.01762	0.02202	0.02026	0.01586	0.02026	0.01409	0.02114	0.01057	0.00793	0.00793	0.00264	0.01057	0.00705	0.00352	0.00881
86	0.77733	0.01534	0.01166	0.01043	0.01534	0.01779	0.00859	0.02331	0.01350	0.03558	0.01104	0.01288	0.00859	0.00736	0.00491	0.00245	0.00613	0.00429	0.00491	0.00859
87	0.77733	0.01534	0.01166	0.01043	0.01534	0.01779	0.00859	0.02331	0.01350	0.03558	0.01104	0.01288	0.00859	0.00736	0.00491	0.00245	0.00613	0.00429	0.00491	0.00859
88	0.01644	0.01409	0.01644	0.01175	0.01879	0.01057	0.00940	0.01997	0.01644	0.02584	0.01409	0.01644	0.01175	0.00587	0.00587	0.00117	0.00587	0.00470	0.00470	0.76979
89	0.01134	0.00846	0.01258	0.01258	0.01393	0.00982	0.00970	0.01405	0.01269	0.01828	0.02139	0.03200	0.02019	0.08661	0.66326	0.01254	0.02068	0.00862	0.00427	0.00699
90	0.01377	0.00689	0.01033	0.01033	0.01033	0.00689	0.00689	0.01033	0.01033	0.01377	0.01377	0.02410	0.01377	0.02755	0.03099	0.76928	0.00689	0.00689	0.00344	0.00344
91	0.01872	0.02139	0.04679	0.03342	0.04144	0.02005	0.64305	0.02540	0.01872	0.02540	0.01604	0.02139	0.01203	0.00668	0.00936	0.00267	0.01337	0.00936	0.00401	0.01070
92	0.02047	0.63218	0.12910	0.01481	0.02227	0.02960	0.01572	0.02393	0.01620	0.01954	0.01146	0.01327	0.01016	0.00689	0.00542	0.00181	0.00892	0.00446	0.00339	0.01039
93	0.01112	0.00810	0.01046	0.00987	0.01178	0.00744	0.00740	0.01476	0.02220	0.03122	0.63492	0.06019	0.10793	0.01643	0.00935	0.00250	0.00376	0.01447	0.00865	0.00744
94	0.01963	0.01884	0.03219	0.04867	0.67185	0.01884	0.02434	0.02434	0.01806	0.02591	0.01492	0.01963	0.01256	0.00707	0.00785	0.00236	0.00942	0.00707	0.00393	0.01256
95	0.00937	0.00803	0.00803	0.00803	0.01071	0.00669	0.00602	0.01138	0.01807	0.02142	0.08033	0.07632	0.66863	0.02008	0.00937	0.00268	0.00402	0.01674	0.00736	0.00669
96	0.01644	0.01409	0.01644	0.01175	0.01879	0.01057	0.00940	0.01997	0.01644	0.02584	0.01409	0.01644	0.01175	0.00587	0.00587	0.00117	0.00587	0.00470	0.00470	0.76979
97	0.01153	0.00769	0.00865	0.00865	0.00865	0.00769	0.00480	0.01153	0.01153	0.01538	0.02499	0.05189	0.02883	0.72131	0.04036	0.00769	0.00769	0.01153	0.00480	0.00480
98	0.03014	0.02221	0.02380	0.01825	0.02459	0.02459	0.01507	0.64541	0.03728	0.04998	0.01904	0.01904	0.01349	0.00952	0.00793	0.00238	0.00873	0.00714	0.00793	0.01349
99	0.01963	0.01884	0.03219	0.04867	0.67185	0.01884	0.02434	0.02434	0.01806	0.02591	0.01492	0.01963	0.01256	0.00707	0.00785	0.00236	0.00942	0.00707	0.00393	0.01256
100	0.01153	0.00769	0.00865	0.00865	0.00865	0.00769	0.00480	0.01153	0.01153	0.01538	0.02499	0.05189	0.02883	0.72131	0.04036	0.00769	0.00769	0.01153	0.00480	0.00480
101	0.01153	0.00769	0.00865	0.00865	0.00865	0.00769	0.00480	0.01153	0.01153	0.01538	0.02499	0.05189	0.02883	0.72131	0.04036	0.00769	0.00769	0.01153	0.00480	0.00480
102	0.01000	0.00717	0.00939	0.01097	0.01163	0.00673	0.00751	0.01155	0.01554	0.02063	0.06520	0.59057	0.07742	0.06295	0.01180	0.00345	0.00489	0.05888	0.00726	0.00645
103	0.02890	0.02016	0.02203	0.01734	0.02331	0.02207	0.01418	0.45746	0.15040	0.12559	0.02303	0.02199	0.01624	0.00979	0.00796	0.00245	0.00802	0.00758	0.00819	0.01331
104	0.02435	0.01982	0.02445	0.01952	0.02358	0.02348	0.04533	0.37470	0.02676	0.03689	0.01616	0.01925	0.01274	0.01354	0.05105	0.00332	0.24033	0.00725	0.00607	0.01142
105	0.01496	0.01372	0.02287	0.66351	0.05209	0.01705	0.02110	0.02016	0.01590	0.02078	0.01475	0.02161	0.01111	0.00800	0.00780	0.00260	0.01019	0.00707	0.04600	0.00873
106	0.77733	0.01534	0.01166	0.01043	0.01534	0.01779	0.00859	0.02331	0.01350	0.03558	0.01104	0.01288	0.00859	0.00736	0.00491	0.00245	0.00613	0.00429	0.00491	0.00859
107	0.01498	0.01409	0.02378	0.70226	0.05462	0.01762	0.02202	0.02026	0.01586	0.02026	0.01409	0.02114	0.01057	0.00793	0.00793	0.00264	0.01057	0.00705	0.00352	0.00881
108	0.00989	0.00801	0.00878	0.00868	0.01105	0.00690	0.00647	0.01234	0.01915	0.02420	0.23871	0.09671	0.48294	0.01922	0.00940	0.00265	0.00396	0.01631	0.00774	0.00690
109	0.01866	0.02122	0.04584	0.03289	0.04057	0.02023	0.61669	0.02513	0.01844	0.02513	0.01581	0.02122	0.01196	0.00699	0.01006	0.00271	0.04258	0.00926	0.00399	0.01061
110	0.02120	0.72609	0.04155	0.01357	0.02035	0.03138	0.01357	0.02374	0.01611	0.01866	0.01102	0.01272	0.01018	0.00678	0.00509	0.00170	0.00848	0.00424	0.00339	0.01018
111	0.02345	0.40066	0.03287	0.01635	0.02215	0.20914	0.04023	0.07989	0.01995	0.02208	0.01664	0.01807	0.05196	0.00824	0.00635	0.00195	0.01002	0.00573	0.00426	0.01000
112	0.01872	0.02139	0.04679	0.03342	0.04144	0.02005	0.64305	0.02540	0.01872	0.02540	0.01604	0.02139	0.01203	0.00668	0.00936	0.00267	0.01337	0.00936	0.00401	0.01070
113	0.01682	0.01657	0.02327	0.02011	0.02023	0.02302	0.01669	0.01865	0.01220	0.01902	0.01136	0.01857	0.01124	0.01790	0.08456	0.00429	0.64635	0.00708	0.00354	0.00853
114	0.06450	0.01443	0.04409	0.01207	0.01805	0.01144	0.01013	0.02058	0.01680	0.05161	0.06369	0.02095	0.01711	0.00755	0.00698	0.00161	0.03327	0.00588	0.07018	0.50908
115	0.01068	0.00737	0.00943	0.01066	0.01173	0.00672	0.00733	0.01230	0.01615	0.04651	0.06873	0.56944	0.14704	0.02325	0.00990	0.00308	0.00457	0.02082	0.00750	0.00679
116	0.01482	0.00730	0.01066	0.01043	0.01076	0.00720	0.00702	0.01195	0.01108	0.04995	0.01543	0.02601	0.01504	0.07021	0.03033	0.67971	0.00693	0.00724	0.00388	0.00408
117	0.00966	0.00690	0.00920	0.01104	0.01150	0.00644	0.00736	0.01104	0.01518	0.02024	0.04371	0.71614	0.05245	0.02484	0.01012	0.00322	0.00460	0.02254	0.00736	0.00644
118	0.02120	0.72609	0.04155	0.01357	0.02035	0.03138	0.01357	0.02374	0.01611	0.01866	0.01102	0.01272	0.01018	0.00678	0.00509	0.00170	0.00848	0.00424	0.00339	0.01018
119	0.01963	0.01884	0.03219	0.04867	0.67185	0.01884	0.02434	0.02434	0.01806	0.02591	0.01492	0.01963	0.01256	0.00707	0.00785	0.00236	0.00942	0.00707	0.00393	0.01256

[dist]
# distance from previous block
# <min> <max>
0	6

[block]
# block no. 4 follows, 24 sequences, length 44
# corresponding to MSA columns:
# 272-315
name=unknown_E
#
# <colnr> <probs for GDERKNQSTAVLIFYWHMCP>
#	G	D	E	R	K	N	Q	S	T	A	V	L	I	F	Y	W	H	M	C	P
0	0.01040	0.00812	0.00946	0.00926	0.01152	0.00718	0.00704	0.01330	0.02012	0.02636	0.35143	0.06903	0.36146	0.01837	0.00944	0.00264	0.00405	0.04571	0.00800	0.00709
1	0.02913	0.03551	0.02310	0.02177	0.05928	0.59957	0.01579	0.08103	0.02344	0.02223	0.01295	0.01497	0.01061	0.00822	0.00725	0.00209	0.01359	0.00538	0.00439	0.00972
2	0.02137	0.01825	0.01850	0.01640	0.02102	0.05426	0.01280	0.07386	0.56821	0.05693	0.03050	0.02814	0.02274	0.01052	0.00801	0.00263	0.00684	0.00863	0.00792	0.01246
3	0.00962	0.00804	0.00838	0.00829	0.01086	0.00680	0.00622	0.01186	0.01866	0.02281	0.15909	0.07402	0.58900	0.01956	0.00937	0.00265	0.00398	0.01641	0.00755	0.00680
4	0.73810	0.01524	0.01201	0.01062	0.01560	0.01746	0.00875	0.02412	0.01398	0.06952	0.01211	0.01363	0.00917	0.00749	0.00507	0.00245	0.00617	0.00449	0.00517	0.00885
5	0.01143	0.00770	0.00862	0.00862	0.00875	0.00764	0.00486	0.01152	0.01184	0.01566	0.02762	0.05306	0.05932	0.68789	0.03888	0.00745	0.00751	0.01178	0.00493	0.00489
6	0.01972	0.01703	0.01793	0.01614	0.02062	0.01972	0.01255	0.04214	0.65752	0.03317	0.03228	0.02959	0.02421	0.01076	0.00807	0.00269	0.00628	0.00897	0.00807	0.01255
7	0.00966	0.00690	0.00920	0.01104	0.01150	0.00644	0.00736	0.01104	0.01518	0.02024	0.04371	0.71614	0.05245	0.02484	0.01012	0.00322	0.00460	0.02254	0.00736	0.00644
8	0.73810	0.01524	0.01201	0.01062	0.01560	0.01746	0.00875	0.02412	0.01398	0.06952	0.01211	0.01363	0.00917	0.00749	0.00507	0.00245	0.00617	0.00449	0.00517	0.00885
9	0.02120	0.72609	0.04155	0.01357	0.02035	0.03138	0.01357	0.02374	0.01611	0.01866	0.01102	0.01272	0.01018	0.00678	0.00509	0.00170	0.00848	0.00424	0.00339	0.01018
10	0.02046	0.02041	0.03138	0.04633	0.61810	0.07452	0.02359	0.02495	0.01842	0.02537	0.01470	0.01918	0.01237	0.00716	0.00779	0.00233	0.00983	0.00690	0.00394	0.01228
11	0.03291	0.01377	0.01815	0.01415	0.01993	0.01245	0.01160	0.06981	0.05359	0.57008	0.07307	0.02883	0.02319	0.01027	0.00807	0.00246	0.00663	0.00840	0.00956	0.01305
12	0.02120	0.72609	0.04155	0.01357	0.02035	0.03138	0.01357	0.02374	0.01611	0.01866	0.01102	0.01272	0.01018	0.00678	0.00509	0.00170	0.00848	0.00424	0.00339	0.01018
13	0.77733	0.01534	0.01166	0.01043	0.01534	0.01779	0.00859	0.02331	0.01350	0.03558	0.01104	0.01288	0.00859	0.00736	0.00491	0.00245	0.00613	0.00429	0.00491	0.00859
14	0.01723	0.01407	0.01652	0.01184	0.01885	0.01062	0.00949	0.02074	0.01670	0.05278	0.01481	0.01688	0.01207	0.00604	0.00596	0.00123	0.00591	0.00483	0.00491	0.73851
15	0.01153	0.00769	0.00865	0.00865	0.00865	0.00769	0.00480	0.01153	0.01153	0.01538	0.02499	0.05189	0.02883	0.72131	0.04036	0.00769	0.00769	0.01153	0.00480	0.00480
16	0.01872	0.02139	0.04679	0.03342	0.04144	0.02005	0.64305	0.02540	0.01872	0.02540	0.01604	0.02139	0.01203	0.00668	0.00936	0.00267	0.01337	0.00936	0.00401	0.01070
17	0.00966	0.00690	0.00920	0.01104	0.01150	0.00644	0.00736	0.01104	0.01518	0.02024	0.04371	0.71614	0.05245	0.02484	0.01012	0.00322	0.00460	0.02254	0.00736	0.00644
18	0.01590	0.04102	0.68023	0.02260	0.03432	0.01842	0.02930	0.02511	0.01674	0.02511	0.01423	0.01674	0.01005	0.00753	0.00753	0.00251	0.01172	0.00586	0.00335	0.01172
19	0.00937	0.00803	0.00803	0.00803	0.01071	0.00669	0.00602	0.01138	0.01807	0.02142	0.08033	0.07632	0.66863	0.02008	0.00937	0.00268	0.00402	0.01674	0.00736	0.00669
20	0.02120	0.72609	0.04155	0.01357	0.02035	0.03138	0.01357	0.02374	0.01611	0.01866	0.01102	0.01272	0.01018	0.00678	0.00509	0.00170	0.00848	0.00424	0.00339	0.01018
21	0.01151	0.00776	0.00899	0.00899	0.00911	0.00788	0.00524	0.01175	0.01163	0.01563	0.02467	0.05015	0.02807	0.66557	0.09507	0.00811	0.00883	0.01128	0.00476	0.00500
