[name]
unknown

[dist]
# distance from previous block
# <min> <max>
0	391

[block]
# block no. 0 follows, 25 sequences, length 27
# corresponding to MSA columns:
# 421-447
name=unknown_A
#
# <colnr> <probs for GDERKNQSTAVLIFYWHMCP>
#	G	D	E	R	K	N	Q	S	T	A	V	L	I	F	Y	W	H	M	C	P
0	0.01083	0.00773	0.01058	0.01238	0.01343	0.00749	0.00960	0.01319	0.01621	0.02134	0.04197	0.43448	0.04826	0.02299	0.01027	0.00334	0.00570	0.29637	0.00717	0.00668
1	0.01818	0.02052	0.04410	0.03150	0.03929	0.01909	0.61536	0.02454	0.01818	0.02486	0.01558	0.02065	0.01175	0.00649	0.00896	0.00253	0.01267	0.00890	0.00396	0.05288
2	0.01703	0.01613	0.02690	0.36061	0.35025	0.01789	0.02217	0.02273	0.04735	0.02304	0.01501	0.02036	0.01190	0.00748	0.00772	0.00245	0.00960	0.00699	0.00384	0.01054
3	0.00916	0.00785	0.00785	0.00785	0.01047	0.00655	0.00589	0.01113	0.01767	0.02095	0.07855	0.07462	0.67599	0.01964	0.00916	0.00262	0.00393	0.01636	0.00720	0.00655
4	0.01405	0.01213	0.01410	0.01290	0.01311	0.04968	0.00919	0.01470	0.01204	0.01641	0.01918	0.03791	0.02142	0.45947	0.03322	0.00590	0.23469	0.00950	0.00424	0.00614
5	0.01249	0.00892	0.01249	0.01428	0.01606	0.00892	0.01249	0.01606	0.01785	0.02320	0.04105	0.08746	0.04462	0.02142	0.01071	0.00357	0.00714	0.62695	0.00714	0.00714
6	0.01929	0.01666	0.01753	0.01578	0.02016	0.01929	0.01227	0.04120	0.66513	0.03243	0.03156	0.02893	0.02367	0.01052	0.00789	0.00263	0.00614	0.00877	0.00789	0.01227
7	0.02821	0.08111	0.02408	0.01842	0.02358	0.29076	0.01480	0.33886	0.02837	0.03375	0.01513	0.01626	0.01158	0.00872	0.00782	0.00218	0.03349	0.00597	0.00579	0.01113
8	0.01681	0.03710	0.60374	0.02360	0.08148	0.01770	0.02740	0.02517	0.01676	0.05833	0.01482	0.01709	0.01049	0.00745	0.00741	0.00244	0.01104	0.00592	0.00364	0.01161
9	0.02896	0.03695	0.02197	0.01998	0.02397	0.69638	0.01498	0.03096	0.02197	0.01898	0.01199	0.01398	0.00999	0.00799	0.00699	0.00200	0.01398	0.00499	0.00400	0.00899
10	0.01819	0.02032	0.04330	0.06905	0.09874	0.01938	0.56185	0.02448	0.01810	0.02462	0.01549	0.02075	0.01174	0.00663	0.00895	0.00258	0.01258	0.00883	0.00389	0.01053
11	0.01592	0.02836	0.42303	0.02054	0.07338	0.01469	0.02175	0.02228	0.01657	0.07734	0.02223	0.18668	0.02070	0.01157	0.00803	0.00261	0.00923	0.00989	0.00477	0.01042
12	0.01688	0.01841	0.03818	0.09792	0.03745	0.01815	0.48020	0.02243	0.01727	0.02342	0.01814	0.09748	0.01586	0.00901	0.01003	0.00271	0.05234	0.01020	0.00420	0.00970
13	0.01010	0.00725	0.00958	0.01035	0.01139	0.00673	0.00725	0.01243	0.01787	0.02461	0.31243	0.43901	0.06061	0.02069	0.00958	0.00285	0.00414	0.01862	0.00777	0.00673
14	0.01886	0.01809	0.03088	0.09501	0.63427	0.01834	0.02363	0.02351	0.01750	0.02494	0.01453	0.01930	0.01214	0.00697	0.00768	0.00232	0.00929	0.00691	0.00381	0.01202
15	0.01552	0.03713	0.61310	0.02291	0.06971	0.01746	0.02722	0.02398	0.01674	0.02495	0.04942	0.01876	0.01336	0.00780	0.00748	0.00245	0.01091	0.00624	0.00359	0.01128
16	0.00945	0.00675	0.00900	0.01080	0.01125	0.00630	0.00720	0.01080	0.01484	0.01979	0.04274	0.72245	0.05128	0.02429	0.00990	0.00315	0.00450	0.02204	0.00720	0.00630
17	0.00945	0.00675	0.00900	0.01080	0.01125	0.00630	0.00720	0.01080	0.01484	0.01979	0.04274	0.72245	0.05128	0.02429	0.00990	0.00315	0.00450	0.02204	0.00720	0.00630
18	0.01466	0.01313	0.02232	0.53143	0.07813	0.01561	0.04390	0.01862	0.01502	0.01949	0.01503	0.04944	0.01255	0.01076	0.01074	0.10016	0.00969	0.00758	0.00363	0.00812
19	0.01769	0.24991	0.46277	0.01933	0.02901	0.05080	0.02340	0.02442	0.01642	0.02240	0.01288	0.01508	0.00987	0.00717	0.00663	0.00219	0.01061	0.00522	0.00332	0.01090
20	0.00945	0.00675	0.00900	0.01080	0.01125	0.00630	0.00720	0.01080	0.01484	0.01979	0.04274	0.72245	0.05128	0.02429	0.00990	0.00315	0.00450	0.02204	0.00720	0.00630
21	0.01787	0.02149	0.08115	0.08300	0.04109	0.01934	0.56759	0.02444	0.01798	0.02444	0.01544	0.02063	0.01154	0.00668	0.00894	0.00260	0.01277	0.00878	0.00385	0.01038
22	0.02268	0.01944	0.01971	0.04479	0.02288	0.06960	0.01354	0.21246	0.41463	0.03559	0.02576	0.02460	0.01918	0.00988	0.00778	0.00250	0.00755	0.00791	0.00739	0.01214
23	0.01795	0.01910	0.04047	0.08140	0.03869	0.01819	0.53555	0.02389	0.01798	0.04663	0.01799	0.07139	0.01474	0.00801	0.00905	0.00264	0.01203	0.00986	0.00431	0.01011
24	0.06092	0.41533	0.29789	0.01663	0.02510	0.02487	0.01915	0.02373	0.01586	0.02169	0.01204	0.01402	0.00981	0.00696	0.00592	0.00202	0.00943	0.00478	0.00338	0.01047
25	0.01226	0.00881	0.01076	0.01020	0.01146	0.00901	0.00693	0.03999	0.01329	0.01829	0.02449	0.04200	0.04924	0.42507	0.22330	0.00807	0.01110	0.00996	0.00476	0.06100
26	0.04586	0.40109	0.14000	0.01731	0.02436	0.09640	0.07321	0.04512	0.05094	0.02217	0.01317	0.01505	0.01086	0.00719	0.00618	0.00200	0.00965	0.00527	0.00386	0.01031

[dist]
# distance from previous block
# <min> <max>
12	18

[block]
# block no. 1 follows, 25 sequences, length 33
# corresponding to MSA columns:
# 467-499
name=unknown_B
#
# <colnr> <probs for GDERKNQSTAVLIFYWHMCP>
#	G	D	E	R	K	N	Q	S	T	A	V	L	I	F	Y	W	H	M	C	P
0	0.04488	0.07046	0.54447	0.02092	0.04868	0.01778	0.02508	0.02462	0.01683	0.05936	0.04582	0.01860	0.01333	0.00783	0.00727	0.00241	0.01041	0.00613	0.00393	0.01119
1	0.01537	0.03885	0.66080	0.02162	0.03270	0.01759	0.02781	0.02417	0.01659	0.02481	0.03982	0.01800	0.01230	0.00770	0.00744	0.00245	0.01115	0.00605	0.00348	0.01130
2	0.01579	0.07204	0.65749	0.02169	0.03293	0.01859	0.02794	0.02449	0.01634	0.02426	0.01377	0.01619	0.00983	0.00733	0.00726	0.00242	0.01131	0.00566	0.00328	0.01139
3	0.01160	0.00848	0.01163	0.01146	0.01238	0.00967	0.00841	0.01353	0.01226	0.01766	0.02150	0.03565	0.02151	0.25035	0.43688	0.01005	0.05221	0.00905	0.03936	0.00636
4	0.02073	0.73217	0.04063	0.01327	0.01990	0.03068	0.01327	0.02322	0.01575	0.01824	0.01078	0.01244	0.00995	0.00663	0.00498	0.00166	0.00829	0.00415	0.00332	0.00995
5	0.01596	0.09536	0.63570	0.02139	0.03247	0.01902	0.02742	0.02445	0.01632	0.02405	0.01366	0.01606	0.00983	0.00731	0.00718	0.00239	0.01121	0.00560	0.00328	0.01134
6	0.00973	0.00695	0.00932	0.01112	0.01169	0.00654	0.00769	0.01128	0.01512	0.02011	0.04258	0.66367	0.05067	0.02403	0.00997	0.00319	0.00474	0.07803	0.00719	0.00638
7	0.02073	0.73217	0.04063	0.01327	0.01990	0.03068	0.01327	0.02322	0.01575	0.01824	0.01078	0.01244	0.00995	0.00663	0.00498	0.00166	0.00829	0.00415	0.00332	0.00995
8	0.01497	0.01390	0.01957	0.04864	0.01960	0.01800	0.01423	0.01734	0.01305	0.01971	0.04937	0.02271	0.01603	0.02414	0.19239	0.00543	0.41460	0.00741	0.00396	0.06495
9	0.01464	0.01378	0.02326	0.70887	0.05340	0.01723	0.02153	0.01981	0.01550	0.01981	0.01378	0.02067	0.01034	0.00775	0.00775	0.00258	0.01034	0.00689	0.00345	0.00861
10	0.01644	0.15838	0.57681	0.02059	0.03122	0.02017	0.02602	0.02433	0.01626	0.02348	0.01338	0.01570	0.00984	0.00724	0.00696	0.00232	0.01092	0.00546	0.00328	0.01120
11	0.01654	0.17217	0.56393	0.02041	0.03095	0.02043	0.02571	0.02430	0.01625	0.02335	0.01332	0.01562	0.00985	0.00723	0.00691	0.00230	0.01085	0.00543	0.00328	0.01117
12	0.78228	0.01499	0.01140	0.01020	0.01499	0.01739	0.00840	0.02279	0.01320	0.03479	0.01080	0.01260	0.00840	0.00720	0.00480	0.00240	0.00600	0.00420	0.00480	0.00840
13	0.01830	0.02092	0.04575	0.03268	0.04052	0.01961	0.65098	0.02484	0.01830	0.02484	0.01569	0.02092	0.01176	0.00654	0.00915	0.00261	0.01307	0.00915	0.00392	0.01046
14	0.01124	0.00767	0.00922	0.00922	0.00948	0.00793	0.00564	0.01176	0.01150	0.01560	0.02374	0.04690	0.02652	0.60072	0.16397	0.00845	0.01003	0.01071	0.00460	0.00512
15	0.01347	0.00673	0.01010	0.01010	0.01010	0.00673	0.00673	0.01010	0.01010	0.01347	0.01347	0.02357	0.01347	0.02694	0.03030	0.77441	0.00673	0.00673	0.00337	0.00337
16	0.02505	0.01830	0.07720	0.01582	0.02148	0.05529	0.04225	0.13661	0.10293	0.25890	0.07219	0.03045	0.08699	0.01065	0.00800	0.00243	0.00757	0.00877	0.00762	0.01150
17	0.01929	0.01666	0.01753	0.01578	0.02016	0.01929	0.01227	0.04120	0.66513	0.03243	0.03156	0.02893	0.02367	0.01052	0.00789	0.00263	0.00614	0.00877	0.00789	0.01227
18	0.02248	0.02320	0.02390	0.04895	0.05908	0.22535	0.04838	0.06022	0.06973	0.05694	0.01461	0.01807	0.01203	0.01026	0.01410	0.00267	0.26914	0.00660	0.00455	0.00975
19	0.02073	0.73217	0.04063	0.01327	0.01990	0.03068	0.01327	0.02322	0.01575	0.01824	0.01078	0.01244	0.00995	0.00663	0.00498	0.00166	0.00829	0.00415	0.00332	0.00995
20	0.01761	0.31540	0.43008	0.01859	0.02813	0.02305	0.02253	0.02402	0.01613	0.02204	0.01267	0.01481	0.00987	0.00707	0.00642	0.00214	0.01020	0.00510	0.00329	0.01086
21	0.22491	0.01411	0.01480	0.01113	0.01745	0.01226	0.00897	0.02041	0.01529	0.02786	0.01297	0.01513	0.01064	0.00614	0.00548	0.00149	0.00581	0.00449	0.00465	0.56599
22	0.01139	0.04653	0.01188	0.01012	0.01216	0.00854	0.00780	0.01477	0.02082	0.02890	0.54496	0.09380	0.09792	0.01627	0.00904	0.00250	0.00413	0.04306	0.00805	0.00735
23	0.07674	0.06443	0.57279	0.02016	0.03041	0.01793	0.02532	0.02386	0.01638	0.02545	0.04718	0.01802	0.01294	0.00776	0.00716	0.00242	0.01050	0.00597	0.00367	0.01094
24	0.05801	0.01441	0.02077	0.39735	0.07470	0.01694	0.01740	0.12599	0.01883	0.02644	0.01608	0.02136	0.01243	0.01236	0.06632	0.00329	0.01005	0.00691	0.07104	0.00931
25	0.03031	0.04176	0.05452	0.01451	0.02049	0.01393	0.01252	0.08481	0.07731	0.48589	0.06052	0.02652	0.02097	0.00974	0.00774	0.00239	0.00689	0.00788	0.00868	0.01261
26	0.01635	0.11540	0.56432	0.02196	0.03260	0.01954	0.07663	0.02443	0.01646	0.02388	0.01371	0.01630	0.00999	0.00722	0.00724	0.00238	0.01124	0.00583	0.00333	0.01121
27	0.04722	0.04937	0.10942	0.01788	0.02432	0.07370	0.01598	0.39496	0.12249	0.03956	0.01888	0.01908	0.01377	0.00898	0.00748	0.00234	0.00890	0.00675	0.00666	0.01226
28	0.10957	0.08392	0.05364	0.01178	0.01830	0.01327	0.01028	0.01988	0.01584	0.02537	0.01831	0.01999	0.06392	0.00720	0.00591	0.00154	0.00618	0.00550	0.00463	0.50496
29	0.02094	0.05103	0.08038	0.04993	0.02031	0.01355	0.01269	0.09350	0.05167	0.20168	0.21588	0.03639	0.03421	0.01161	0.00808	0.00243	0.00658	0.04265	0.03618	0.01030
30	0.01252	0.04681	0.01339	0.01208	0.01364	0.03570	0.00931	0.01457	0.01371	0.01887	0.05300	0.08758	0.02434	0.06172	0.41392	0.08265	0.01490	0.03391	0.03063	0.00674
31	0.01731	0.21631	0.14687	0.04164	0.02253	0.01819	0.04879	0.04966	0.01644	0.04555	0.01798	0.02736	0.01641	0.07165	0.07219	0.04547	0.00989	0.06602	0.00439	0.04535
32	0.01742	0.02575	0.31364	0.01837	0.05547	0.01505	0.01881	0.07757	0.01811	0.05275	0.01682	0.05564	0.01384	0.02848	0.00799	0.00222	0.00869	0.00666	0.00459	0.24213

[dist]
# distance from previous block
# <min> <max>
2	9

[block]
# block no. 2 follows, 25 sequences, length 34
# corresponding to MSA columns:
# 509-542
name=unknown_C
#
# <colnr> <probs for GDERKNQSTAVLIFYWHMCP>
#	G	D	E	R	K	N	Q	S	T	A	V	L	I	F	Y	W	H	M	C	P
0	0.04654	0.24954	0.35824	0.06431	0.06768	0.04539	0.02193	0.02395	0.01628	0.02254	0.01279	0.01537	0.00999	0.00715	0.00656	0.00219	0.01016	0.00530	0.00341	0.01066
1	0.05049	0.05255	0.36940	0.07624	0.10837	0.01863	0.02288	0.06646	0.08422	0.05389	0.01654	0.01859	0.01212	0.00785	0.00734	0.00243	0.00984	0.00632	0.00444	0.01142
2	0.01679	0.01602	0.04402	0.37388	0.03939	0.01788	0.08425	0.09642	0.05956	0.02466	0.01819	0.08740	0.01555	0.00998	0.00940	0.00267	0.06119	0.00866	0.00464	0.00944
3	0.01879	0.01458	0.02054	0.07361	0.04462	0.01329	0.07264	0.02331	0.04398	0.11524	0.04720	0.02095	0.01575	0.00771	0.00808	0.00188	0.05225	0.00648	0.00534	0.39376
4	0.02073	0.01503	0.01969	0.02093	0.16486	0.01476	0.01352	0.05779	0.17861	0.13758	0.08465	0.02612	0.02214	0.00904	0.00745	0.00217	0.00662	0.00775	0.02978	0.16080
5	0.01891	0.01445	0.01770	0.01470	0.06580	0.01194	0.01079	0.06901	0.01851	0.09002	0.03873	0.01892	0.01454	0.00681	0.00635	0.00148	0.00621	0.00557	0.00539	0.56417
6	0.01640	0.03820	0.63237	0.02228	0.03337	0.01783	0.05695	0.02506	0.01668	0.04934	0.01462	0.01696	0.01026	0.00741	0.00747	0.00246	0.01135	0.00597	0.00354	0.01148
7	0.01786	0.01373	0.01626	0.01170	0.01851	0.01044	0.00940	0.02126	0.01666	0.08804	0.01538	0.01706	0.01222	0.00611	0.00594	0.00127	0.00582	0.00490	0.00507	0.70237
8	0.01351	0.00923	0.01175	0.01046	0.01318	0.00840	0.00799	0.01787	0.04853	0.07717	0.53900	0.05046	0.06135	0.01422	0.00867	0.00232	0.00417	0.01246	0.00821	0.08104
9	0.01157	0.00821	0.00946	0.00896	0.01138	0.00719	0.00671	0.01413	0.01923	0.06686	0.29226	0.06423	0.38089	0.05185	0.01054	0.00278	0.00417	0.01471	0.00772	0.00717
10	0.08773	0.02120	0.02235	0.01725	0.02334	0.02353	0.01425	0.60450	0.03466	0.04778	0.01801	0.01815	0.01282	0.00914	0.00753	0.00233	0.00834	0.00677	0.00753	0.01282
11	0.00945	0.00675	0.00900	0.01080	0.01125	0.00630	0.00720	0.01080	0.01484	0.01979	0.04274	0.72245	0.05128	0.02429	0.00990	0.00315	0.00450	0.02204	0.00720	0.00630
12	0.01128	0.00752	0.00846	0.00846	0.00846	0.00752	0.00470	0.01128	0.01128	0.01503	0.02443	0.05074	0.02819	0.72751	0.03946	0.00752	0.00752	0.01128	0.00470	0.00470
13	0.03479	0.01320	0.01799	0.01380	0.01979	0.01140	0.01140	0.03779	0.02219	0.68451	0.03059	0.02639	0.01919	0.00960	0.00780	0.00240	0.00660	0.00780	0.00960	0.01320
14	0.00952	0.00762	0.00852	0.00882	0.01083	0.00662	0.00641	0.01163	0.01774	0.02235	0.16800	0.21550	0.43908	0.02005	0.00932	0.00271	0.00401	0.01724	0.00742	0.00662
15	0.75150	0.01492	0.01167	0.01034	0.01519	0.01715	0.00852	0.02341	0.01357	0.06154	0.01161	0.01316	0.00884	0.00730	0.00492	0.00240	0.00602	0.00435	0.00500	0.00859
16	0.01878	0.01748	0.02671	0.10147	0.43130	0.01856	0.02029	0.02839	0.20242	0.02683	0.01936	0.02211	0.01535	0.00802	0.00774	0.00242	0.00844	0.00744	0.00496	0.01193
17	0.00943	0.00680	0.00894	0.01066	0.01121	0.00631	0.00714	0.01081	0.01497	0.01985	0.04438	0.69266	0.08001	0.02408	0.00986	0.00312	0.00447	0.02178	0.00720	0.00631
18	0.01597	0.00869	0.00885	0.00830	0.01055	0.00893	0.00636	0.08230	0.01830	0.03093	0.02462	0.02787	0.01920	0.00906	0.00566	0.00186	0.00411	0.00720	0.69342	0.00783
19	0.01464	0.01378	0.02326	0.70887	0.05340	0.01723	0.02153	0.01981	0.01550	0.01981	0.01378	0.02067	0.01034	0.00775	0.00775	0.00258	0.01034	0.00689	0.00345	0.00861
20	0.01110	0.00821	0.01199	0.01199	0.01321	0.00944	0.00910	0.01354	0.01232	0.01765	0.02120	0.03285	0.02042	0.13696	0.61939	0.01188	0.01921	0.00866	0.00422	0.00666
21	0.78228	0.01499	0.01140	0.01020	0.01499	0.01739	0.00840	0.02279	0.01320	0.03479	0.01080	0.01260	0.00840	0.00720	0.00480	0.00240	0.00600	0.00420	0.00480	0.00840
22	0.01128	0.00752	0.00846	0.00846	0.00846	0.00752	0.00470	0.01128	0.01128	0.01503	0.02443	0.05074	0.02819	0.72751	0.03946	0.00752	0.00752	0.01128	0.00470	0.00470
23	0.02073	0.73217	0.04063	0.01327	0.01990	0.03068	0.01327	0.02322	0.01575	0.01824	0.01078	0.01244	0.00995	0.00663	0.00498	0.00166	0.00829	0.00415	0.00332	0.00995
24	0.01464	0.01378	0.02326	0.70887	0.05340	0.01723	0.02153	0.01981	0.01550	0.01981	0.01378	0.02067	0.01034	0.00775	0.00775	0.00258	0.01034	0.00689	0.00345	0.00861
25	0.08993	0.03580	0.57526	0.02037	0.03081	0.01748	0.02549	0.02533	0.01648	0.07257	0.01481	0.01672	0.01035	0.00751	0.00715	0.00245	0.01059	0.00573	0.00387	0.01129
26	0.01490	0.01429	0.02486	0.66067	0.05248	0.01740	0.06640	0.02017	0.01570	0.02017	0.01392	0.02069	0.01044	0.00767	0.00785	0.00259	0.01053	0.00705	0.00348	0.00874
27	0.05968	0.02084	0.02212	0.01709	0.02305	0.02308	0.01409	0.60119	0.03467	0.04746	0.01857	0.01879	0.01327	0.00921	0.00754	0.00231	0.00822	0.00688	0.03919	0.01274
28	0.01694	0.01613	0.02741	0.37433	0.36996	0.01783	0.02268	0.02183	0.01659	0.02260	0.01419	0.01992	0.01132	0.00733	0.00771	0.00244	0.00977	0.00690	0.00364	0.01047
29	0.01574	0.01647	0.03340	0.10485	0.05830	0.01596	0.39280	0.02082	0.01737	0.02346	0.04763	0.17183	0.02251	0.01085	0.00909	0.00271	0.01041	0.01175	0.00475	0.00930
30	0.03331	0.01352	0.01795	0.01398	0.01983	0.01215	0.01148	0.03811	0.08341	0.62242	0.03068	0.02663	0.01962	0.00968	0.00781	0.00242	0.00655	0.00789	0.00943	0.01311
31	0.00959	0.00685	0.00917	0.01096	0.01148	0.00642	0.00745	0.01105	0.01499	0.01996	0.04265	0.69173	0.05096	0.02415	0.00994	0.00317	0.00463	0.05131	0.00719	0.00634
32	0.01599	0.08363	0.62022	0.02196	0.03296	0.01888	0.05262	0.02448	0.01641	0.02416	0.01378	0.01630	0.00991	0.00729	0.00728	0.00241	0.01132	0.00577	0.00330	0.01132
33	0.08335	0.01526	0.01791	0.01425	0.01965	0.01536	0.01162	0.19532	0.07845	0.35673	0.02614	0.04348	0.01819	0.00981	0.00749	0.00238	0.00677	0.00778	0.05786	0.01219

[dist]
# distance from previous block
# <min> <max>
0	9

[block]
# block no. 3 follows, 25 sequences, length 83
# corresponding to MSA columns:
# 552-634
name=unknown_D
#
# <colnr> <probs for GDERKNQSTAVLIFYWHMCP>
#	G	D	E	R	K	N	Q	S	T	A	V	L	I	F	Y	W	H	M	C	P
0	0.62259	0.01428	0.01190	0.03909	0.01625	0.01643	0.00885	0.04992	0.01470	0.03406	0.01305	0.01521	0.01010	0.00754	0.00513	0.00233	0.00600	0.00481	0.09930	0.00847
1	0.41230	0.04471	0.01736	0.04369	0.01979	0.01696	0.06769	0.04866	0.07257	0.03171	0.05869	0.01929	0.01539	0.00805	0.00610	0.00230	0.00677	0.00608	0.03549	0.06639
2	0.78228	0.01499	0.01140	0.01020	0.01499	0.01739	0.00840	0.02279	0.01320	0.03479	0.01080	0.01260	0.00840	0.00720	0.00480	0.00240	0.00600	0.00420	0.00480	0.00840
3	0.01611	0.11470	0.61763	0.02115	0.03209	0.01937	0.02699	0.02441	0.01630	0.02387	0.01358	0.01595	0.00984	0.00729	0.00711	0.00237	0.01112	0.00556	0.00328	0.01130
4	0.01105	0.00767	0.00938	0.00917	0.01005	0.00737	0.00604	0.01283	0.01644	0.02278	0.33040	0.08460	0.05033	0.36182	0.02390	0.00494	0.00557	0.01305	0.00661	0.00600
5	0.78228	0.01499	0.01140	0.01020	0.01499	0.01739	0.00840	0.02279	0.01320	0.03479	0.01080	0.01260	0.00840	0.00720	0.00480	0.00240	0.00600	0.00420	0.00480	0.00840
6	0.08827	0.01394	0.01752	0.01377	0.01941	0.01309	0.01129	0.07936	0.06514	0.52003	0.05574	0.02632	0.02055	0.00972	0.00763	0.00241	0.00653	0.00780	0.00895	0.01252
7	0.02011	0.01706	0.01800	0.01595	0.02048	0.01967	0.01247	0.09064	0.61435	0.03376	0.03051	0.02810	0.02282	0.01042	0.00788	0.00261	0.00633	0.00862	0.00788	0.01235
8	0.00954	0.00682	0.00911	0.01091	0.01140	0.00638	0.00737	0.01096	0.01494	0.01990	0.04268	0.70212	0.05107	0.02420	0.00992	0.00316	0.00458	0.04141	0.00720	0.00632
9	0.01555	0.04011	0.68733	0.02210	0.03356	0.01801	0.02865	0.02455	0.01637	0.02455	0.01391	0.01637	0.00982	0.00737	0.00737	0.00246	0.01146	0.00573	0.00327	0.01146
10	0.01493	0.01512	0.02909	0.05400	0.02819	0.01523	0.32221	0.01892	0.01598	0.02179	0.02345	0.22538	0.02412	0.06387	0.01321	0.00320	0.08522	0.01267	0.00485	0.00855
11	0.00945	0.00675	0.00900	0.01080	0.01125	0.00630	0.00720	0.01080	0.01484	0.01979	0.04274	0.72245	0.05128	0.02429	0.00990	0.00315	0.00450	0.02204	0.00720	0.00630
12	0.00945	0.00675	0.00900	0.01080	0.01125	0.00630	0.00720	0.01080	0.01484	0.01979	0.04274	0.72245	0.05128	0.02429	0.00990	0.00315	0.00450	0.02204	0.00720	0.00630
13	0.07940	0.01539	0.02116	0.01782	0.02055	0.01790	0.08931	0.14749	0.01862	0.02721	0.02175	0.21524	0.02237	0.01434	0.01384	0.00293	0.22891	0.01118	0.00553	0.00906
14	0.01830	0.02092	0.04575	0.03268	0.04052	0.01961	0.65098	0.02484	0.01830	0.02484	0.01569	0.02092	0.01176	0.00654	0.00915	0.00261	0.01307	0.00915	0.00392	0.01046
15	0.01111	0.00804	0.01061	0.01070	0.01244	0.00754	0.00832	0.01452	0.02043	0.02829	0.47799	0.11422	0.08584	0.01775	0.00952	0.00273	0.00444	0.14021	0.00810	0.00718
16	0.01189	0.00837	0.00977	0.00963	0.01018	0.00878	0.00603	0.01407	0.06426	0.01687	0.02447	0.04604	0.02655	0.57250	0.13226	0.00784	0.00933	0.01064	0.00488	0.00563
17	0.02517	0.01824	0.02019	0.04678	0.02293	0.02019	0.01348	0.35412	0.21564	0.09366	0.04442	0.02396	0.01876	0.00981	0.00776	0.00242	0.00743	0.00780	0.03493	0.01232
18	0.01555	0.04011	0.68733	0.02210	0.03356	0.01801	0.02865	0.02455	0.01637	0.02455	0.01391	0.01637	0.00982	0.00737	0.00737	0.00246	0.01146	0.00573	0.00327	0.01146
19	0.01517	0.01437	0.02395	0.60818	0.10168	0.01777	0.02140	0.02005	0.01543	0.02018	0.01360	0.02030	0.01048	0.00808	0.00896	0.00262	0.05851	0.00688	0.00347	0.00890
20	0.01116	0.00797	0.01073	0.01073	0.01151	0.00875	0.00753	0.01273	0.01195	0.01672	0.02235	0.03924	0.02319	0.34782	0.41232	0.01032	0.01503	0.00959	0.00439	0.00596
21	0.75554	0.01495	0.01181	0.03453	0.01633	0.01739	0.00885	0.02269	0.01328	0.03427	0.01090	0.01288	0.00846	0.00722	0.00490	0.00241	0.00615	0.00429	0.00475	0.00840
22	0.02195	0.02061	0.08542	0.05406	0.03226	0.01829	0.29604	0.15426	0.02197	0.10884	0.01764	0.02020	0.01270	0.00751	0.00813	0.00236	0.01032	0.00767	0.00539	0.09441
23	0.14772	0.07363	0.10553	0.02830	0.28522	0.01940	0.01852	0.07801	0.09682	0.02905	0.01678	0.02043	0.01359	0.00807	0.00708	0.00237	0.00838	0.02503	0.00481	0.01127
24	0.03269	0.01373	0.01802	0.01399	0.01975	0.01247	0.01150	0.08290	0.04882	0.58138	0.05899	0.02734	0.02137	0.00990	0.00786	0.00240	0.00659	0.00806	0.00934	0.01289
25	0.01132	0.00851	0.01124	0.06685	0.01528	0.00836	0.00864	0.04002	0.01896	0.02581	0.30617	0.31630	0.09612	0.01850	0.00927	0.00274	0.00475	0.01647	0.00748	0.00721
26	0.17302	0.05274	0.01861	0.01414	0.01907	0.01918	0.01157	0.32149	0.05403	0.06808	0.04607	0.02203	0.01664	0.03932	0.03027	0.00282	0.00760	0.00694	0.06557	0.01080
27	0.01734	0.01342	0.01581	0.01191	0.01806	0.01081	0.00944	0.02206	0.06600	0.07897	0.03824	0.05461	0.01692	0.00766	0.00638	0.00150	0.00571	0.00633	0.00550	0.59332
28	0.04751	0.28204	0.09129	0.04551	0.07938	0.02197	0.14576	0.04514	0.01805	0.10100	0.04146	0.01900	0.01416	0.00756	0.00694	0.00217	0.00924	0.00654	0.00462	0.01065
29	0.43357	0.11595	0.01673	0.01181	0.01641	0.04304	0.00980	0.02507	0.11801	0.03107	0.09480	0.02071	0.01895	0.00872	0.00592	0.00232	0.00635	0.00614	0.00550	0.00912
30	0.01446	0.00990	0.01230	0.01176	0.01440	0.00898	0.00856	0.06822	0.01748	0.07698	0.03406	0.46896	0.03771	0.01822	0.00873	0.00263	0.00525	0.01621	0.00693	0.15826
31	0.08145	0.24348	0.12803	0.02245	0.07104	0.02264	0.19246	0.05098	0.01740	0.04833	0.01386	0.01678	0.01095	0.00731	0.00778	0.00227	0.04189	0.00632	0.00405	0.01052
32	0.27908	0.01758	0.06254	0.01379	0.01957	0.04342	0.03073	0.09742	0.01838	0.08778	0.01705	0.04970	0.01409	0.00860	0.00647	0.00216	0.00719	0.02866	0.00554	0.19026
33	0.01407	0.01030	0.01305	0.01211	0.04241	0.00879	0.00880	0.01730	0.01902	0.07068	0.28611	0.09310	0.11630	0.01344	0.00814	0.00218	0.00487	0.02999	0.00701	0.22234
34	0.01981	0.01576	0.01782	0.01344	0.01963	0.01436	0.01079	0.21895	0.02242	0.03231	0.01747	0.06970	0.01500	0.00826	0.00669	0.00167	0.00653	0.00665	0.00579	0.47695
35	0.01464	0.01057	0.01680	0.04379	0.02003	0.01043	0.08511	0.01829	0.01756	0.07604	0.03537	0.13809	0.03689	0.02037	0.04451	0.00373	0.00830	0.38483	0.00668	0.00797
36	0.04925	0.47896	0.17092	0.06836	0.05152	0.02605	0.01728	0.02324	0.01584	0.02060	0.01180	0.01414	0.00998	0.00690	0.00578	0.00195	0.00904	0.00479	0.00340	0.01019
37	0.01652	0.16901	0.56688	0.02045	0.03101	0.02037	0.02578	0.02431	0.01626	0.02338	0.01333	0.01564	0.00985	0.00723	0.00692	0.00231	0.01087	0.00543	0.00328	0.01118
38	0.01431	0.00727	0.00746	0.00746	0.00924	0.00733	0.00561	0.01788	0.01609	0.02843	0.02510	0.02897	0.01985	0.01118	0.03569	0.00227	0.00436	0.00727	0.73699	0.00721
39	0.01028	0.00957	0.06007	0.01156	0.01318	0.00747	0.00904	0.01269	0.01630	0.02211	0.13945	0.51339	0.07212	0.02142	0.00961	0.00299	0.00500	0.04974	0.00711	0.00689
40	0.02903	0.02123	0.01993	0.01639	0.02165	0.17215	0.01306	0.19985	0.11855	0.24919	0.02474	0.02331	0.03594	0.00959	0.00766	0.00233	0.00865	0.00734	0.00751	0.01190
41	0.01540	0.01633	0.03315	0.02503	0.03040	0.01552	0.42274	0.02016	0.01718	0.02309	0.02681	0.19634	0.07105	0.01211	0.00991	0.00277	0.03521	0.01276	0.00495	0.00908
42	0.01464	0.01378	0.02326	0.70887	0.05340	0.01723	0.02153	0.01981	0.01550	0.01981	0.01378	0.02067	0.01034	0.00775	0.00775	0.00258	0.01034	0.00689	0.00345	0.00861
43	0.01783	0.02160	0.08595	0.08661	0.04111	0.01931	0.55938	0.02441	0.01795	0.02441	0.01542	0.02060	0.01152	0.00669	0.00892	0.00260	0.01275	0.00874	0.00384	0.01037
44	0.01555	0.04011	0.68733	0.02210	0.03356	0.01801	0.02865	0.02455	0.01637	0.02455	0.01391	0.01637	0.00982	0.00737	0.00737	0.00246	0.01146	0.00573	0.00327	0.01146
45	0.01555	0.04011	0.68733	0.02210	0.03356	0.01801	0.02865	0.02455	0.01637	0.02455	0.01391	0.01637	0.00982	0.00737	0.00737	0.00246	0.01146	0.00573	0.00327	0.01146
46	0.03276	0.01275	0.01734	0.01345	0.01909	0.01105	0.01105	0.03581	0.02217	0.62876	0.08557	0.02908	0.02380	0.01013	0.00791	0.00240	0.00635	0.00833	0.00951	0.01269
47	0.00957	0.00688	0.00897	0.01051	0.01111	0.00640	0.00704	0.01098	0.01513	0.02011	0.06895	0.63697	0.08258	0.05152	0.01100	0.00327	0.00456	0.02101	0.00715	0.00629
48	0.03384	0.01298	0.01769	0.01363	0.01947	0.01123	0.01123	0.03686	0.02218	0.65842	0.05632	0.02765	0.02135	0.00985	0.00785	0.00240	0.00648	0.00805	0.00955	0.01296
49	0.00945	0.00675	0.00900	0.01080	0.01125	0.00630	0.00720	0.01080	0.01484	0.01979	0.04274	0.72245	0.05128	0.02429	0.00990	0.00315	0.00450	0.02204	0.00720	0.00630
50	0.02693	0.04371	0.01889	0.01484	0.02014	0.01628	0.01200	0.06334	0.31653	0.33443	0.02977	0.02669	0.02063	0.00989	0.00773	0.00247	0.00653	0.00806	0.00849	0.01264
51	0.03436	0.01388	0.01842	0.01412	0.02014	0.01242	0.01167	0.08751	0.02334	0.63316	0.02962	0.02576	0.01871	0.00957	0.00779	0.00239	0.00675	0.00773	0.00945	0.01319
52	0.00916	0.00785	0.00785	0.00785	0.01047	0.00655	0.00589	0.01113	0.01767	0.02095	0.07855	0.07462	0.67599	0.01964	0.00916	0.00262	0.00393	0.01636	0.00720	0.00655
53	0.01112	0.00815	0.01168	0.01168	0.01279	0.00927	0.00871	0.01334	0.01223	0.01742	0.02149	0.03443	0.02111	0.18930	0.56799	0.01149	0.01817	0.00889	0.00426	0.00649
54	0.75488	0.01524	0.01183	0.01047	0.01532	0.01764	0.00863	0.04573	0.01404	0.03530	0.01108	0.01281	0.00857	0.00727	0.00491	0.00240	0.00609	0.00430	0.00491	0.00857
55	0.01725	0.26777	0.47459	0.01919	0.02907	0.02218	0.02359	0.02411	0.01617	0.02248	0.01288	0.01508	0.00986	0.00713	0.00658	0.00219	0.01042	0.00521	0.00329	0.01096
56	0.01464	0.01378	0.02326	0.70887	0.05340	0.01723	0.02153	0.01981	0.01550	0.01981	0.01378	0.02067	0.01034	0.00775	0.00775	0.00258	0.01034	0.00689	0.00345	0.00861
57	0.01128	0.00752	0.00846	0.00846	0.00846	0.00752	0.00470	0.01128	0.01128	0.01503	0.02443	0.05074	0.02819	0.72751	0.03946	0.00752	0.00752	0.01128	0.00470	0.00470
58	0.02066	0.01620	0.01836	0.01699	0.06621	0.04385	0.03902	0.18950	0.20279	0.03390	0.02348	0.02467	0.01791	0.01065	0.02728	0.00256	0.00731	0.00759	0.22034	0.01073
59	0.01576	0.03867	0.63935	0.02289	0.03408	0.01813	0.07519	0.02458	0.01651	0.02458	0.01405	0.01671	0.00997	0.00730	0.00750	0.00247	0.01158	0.00599	0.00332	0.01138
60	0.01483	0.01397	0.02360	0.68149	0.07931	0.01728	0.02163	0.01998	0.01559	0.02004	0.01381	0.02061	0.01042	0.00772	0.00775	0.00257	0.01029	0.00689	0.00346	0.00877
61	0.00916	0.00785	0.00785	0.00785	0.01047	0.00655	0.00589	0.01113	0.01767	0.02095	0.07855	0.07462	0.67599	0.01964	0.00916	0.00262	0.00393	0.01636	0.00720	0.00655
62	0.02891	0.01605	0.01926	0.07093	0.02320	0.04243	0.01287	0.16386	0.07234	0.36842	0.05232	0.02490	0.01913	0.00950	0.00773	0.00235	0.00741	0.00765	0.00812	0.04263
63	0.06491	0.19290	0.02573	0.01787	0.02260	0.48186	0.01425	0.05604	0.02076	0.02091	0.01194	0.01377	0.01004	0.00770	0.00646	0.00196	0.01205	0.00485	0.00405	0.00936
64	0.02378	0.01525	0.02051	0.21352	0.02978	0.01689	0.01524	0.16576	0.05060	0.21792	0.04789	0.02393	0.01710	0.01181	0.04043	0.00298	0.06145	0.00761	0.00660	0.01096
65	0.01097	0.00793	0.01036	0.00975	0.01158	0.00732	0.00732	0.01463	0.02195	0.03109	0.67505	0.05792	0.07316	0.01585	0.00914	0.00244	0.00366	0.01402	0.00854	0.00732
66	0.01347	0.00673	0.01010	0.01010	0.01010	0.00673	0.00673	0.01010	0.01010	0.01347	0.01347	0.02357	0.01347	0.02694	0.03030	0.77441	0.00673	0.00673	0.00337	0.00337
67	0.02041	0.01657	0.01773	0.01562	0.02011	0.01886	0.01223	0.09139	0.55936	0.05969	0.05780	0.02919	0.02471	0.01061	0.00793	0.00259	0.00625	0.00880	0.00797	0.01218
68	0.01025	0.00790	0.00937	0.00900	0.01114	0.00701	0.00675	0.01324	0.02025	0.02705	0.43763	0.06457	0.31310	0.01736	0.00915	0.00251	0.00377	0.01495	0.00800	0.00701
69	0.02338	0.07156	0.02345	0.01743	0.02270	0.02080	0.06628	0.23659	0.24580	0.08765	0.02518	0.02468	0.04339	0.00994	0.00866	0.00248	0.04309	0.00799	0.00706	0.01190
70	0.00956	0.00684	0.00910	0.01072	0.01127	0.00637	0.00721	0.01108	0.01538	0.02064	0.09002	0.67275	0.05292	0.02366	0.00984	0.00310	0.00444	0.02144	0.00730	0.00637
71	0.02013	0.62308	0.09325	0.01543	0.02255	0.02883	0.06220	0.02345	0.01599	0.01925	0.01140	0.01339	0.01008	0.00669	0.00548	0.00179	0.00891	0.00465	0.00336	0.01011
72	0.01224	0.00878	0.01109	0.01095	0.01320	0.00757	0.00775	0.01417	0.01550	0.04950	0.05293	0.47454	0.04000	0.05002	0.01010	0.00281	0.00499	0.01655	0.00660	0.19072
73	0.01764	0.11535	0.02056	0.01440	0.01858	0.01612	0.03996	0.16124	0.01994	0.02720	0.02315	0.21739	0.02351	0.01652	0.06407	0.00313	0.03752	0.01061	0.00575	0.14737
74	0.01173	0.00723	0.00896	0.00912	0.00916	0.00719	0.00548	0.01091	0.01125	0.01501	0.02294	0.10089	0.02606	0.47121	0.03436	0.22153	0.00704	0.01093	0.00454	0.00446
75	0.00994	0.00720	0.00964	0.04552	0.01301	0.00700	0.00760	0.01131	0.01443	0.01919	0.03897	0.60251	0.04631	0.11217	0.01352	0.00367	0.00517	0.01992	0.00669	0.00621
76	0.02551	0.07658	0.02100	0.01537	0.02069	0.01902	0.01257	0.29129	0.13207	0.16240	0.02477	0.09544	0.01975	0.01079	0.00771	0.00238	0.00722	0.00870	0.00759	0.03915
77	0.07232	0.20560	0.21109	0.04209	0.05310	0.04503	0.07262	0.06940	0.01731	0.02407	0.01459	0.04759	0.01243	0.00959	0.00874	0.06462	0.00946	0.00647	0.00402	0.00987
78	0.05163	0.01761	0.02077	0.07719	0.17856	0.09021	0.01492	0.14118	0.02215	0.08254	0.10483	0.02903	0.08440	0.01008	0.00776	0.00231	0.00800	0.00838	0.00601	0.04243
79	0.20886	0.01398	0.01649	0.15481	0.02458	0.02966	0.01219	0.04794	0.01807	0.21213	0.04541	0.05262	0.04481	0.00950	0.00704	0.00235	0.00707	0.00753	0.00627	0.07868
80	0.14250	0.04049	0.07403	0.12008	0.02504	0.07579	0.01405	0.11541	0.02067	0.13759	0.08468	0.02449	0.04441	0.00934	0.00722	0.00233	0.00803	0.00727	0.00603	0.04057
81	0.10178	0.10914	0.07660	0.14369	0.31084	0.04709	0.01957	0.02265	0.01651	0.02396	0.01481	0.05272	0.01292	0.00800	0.00709	0.00232	0.00906	0.00685	0.00395	0.01046
82	0.02052	0.03875	0.02285	0.05242	0.10843	0.12881	0.08411	0.14402	0.07445	0.02878	0.05151	0.05417	0.07585	0.01018	0.00779	0.00234	0.00873	0.00868	0.06748	0.01012

[dist]
# distance from previous block
# <min> <max>
3	13

[block]
# block no. 4 follows, 25 sequences, length 15
# corresponding to MSA columns:
# 648-662
name=unknown_E
#
# <colnr> <probs for GDERKNQSTAVLIFYWHMCP>
#	G	D	E	R	K	N	Q	S	T	A	V	L	I	F	Y	W	H	M	C	P
0	0.36961	0.04940	0.04942	0.10113	0.12809	0.01796	0.01426	0.05138	0.03965	0.09166	0.01483	0.01691	0.01115	0.00763	0.00625	0.00238	0.00755	0.00564	0.00503	0.01005
1	0.23362	0.01614	0.01980	0.01664	0.05063	0.01666	0.07371	0.14093	0.06498	0.16946	0.06270	0.02198	0.01753	0.00871	0.00706	0.00235	0.00726	0.00704	0.00664	0.05616
2	0.07861	0.01359	0.01731	0.01710	0.10448	0.01340	0.01178	0.13033	0.02293	0.16739	0.25832	0.03399	0.03565	0.01108	0.00793	0.00232	0.00611	0.00936	0.00751	0.05080
3	0.09674	0.02512	0.05120	0.02214	0.09188	0.22896	0.06286	0.17567	0.02236	0.02896	0.01498	0.04128	0.01243	0.00913	0.00921	0.00239	0.08267	0.00671	0.00497	0.01034
4	0.02071	0.01677	0.01792	0.01646	0.06336	0.05235	0.01211	0.29982	0.06950	0.03490	0.07970	0.07989	0.17748	0.01301	0.00829	0.00246	0.00702	0.01066	0.00719	0.01043
5	0.05963	0.01780	0.02402	0.32285	0.11563	0.09234	0.06048	0.02550	0.08291	0.07294	0.01659	0.02048	0.01254	0.00820	0.00827	0.00250	0.03588	0.00695	0.00457	0.00992
6	0.07209	0.25310	0.11480	0.06541	0.07321	0.04482	0.19646	0.02449	0.01696	0.05009	0.01385	0.01691	0.01090	0.00699	0.00697	0.00222	0.01018	0.00629	0.00391	0.01034
7	0.01032	0.00773	0.00957	0.00947	0.01127	0.00698	0.00697	0.01323	0.01986	0.02699	0.43895	0.16387	0.21026	0.01803	0.00926	0.00259	0.00385	0.01580	0.00802	0.00698
8	0.01445	0.00723	0.00723	0.00723	0.00903	0.00723	0.00542	0.01807	0.01626	0.02891	0.02529	0.02891	0.01987	0.00903	0.00542	0.00181	0.00361	0.00723	0.77055	0.00723
9	0.01828	0.01761	0.03066	0.22762	0.39353	0.01850	0.10358	0.05152	0.01800	0.02481	0.01469	0.01980	0.01172	0.00720	0.00789	0.00242	0.00999	0.00720	0.00392	0.01107
10	0.01126	0.00758	0.00876	0.00876	0.00886	0.00768	0.00508	0.01147	0.01137	0.01526	0.02415	0.04921	0.02752	0.67697	0.08910	0.00789	0.00852	0.01105	0.00466	0.00487
11	0.01111	0.00819	0.01188	0.01188	0.01307	0.00938	0.00897	0.01347	0.01229	0.01757	0.02130	0.03339	0.02065	0.15469	0.60198	0.01175	0.01886	0.00874	0.00423	0.00660
12	0.00994	0.00710	0.00956	0.01136	0.01202	0.00672	0.00805	0.01164	0.01533	0.02034	0.04246	0.62038	0.05021	0.02383	0.01003	0.00322	0.00492	0.11927	0.00719	0.00643
13	0.01852	0.01795	0.03124	0.13678	0.55415	0.01833	0.06250	0.02332	0.01740	0.02455	0.01454	0.01950	0.01198	0.00700	0.00778	0.00236	0.00960	0.00705	0.00379	0.01167
14	0.58560	0.11654	0.01680	0.01169	0.01676	0.06568	0.00986	0.05663	0.01537	0.03216	0.01129	0.01299	0.00897	0.00728	0.00513	0.00227	0.00699	0.00439	0.00469	0.00891

[dist]
# distance from previous block
# <min> <max>
0	1

[block]
# block no. 5 follows, 25 sequences, length 17
# corresponding to MSA columns:
# 664-680
name=unknown_F
#
# <colnr> <probs for GDERKNQSTAVLIFYWHMCP>
#	G	D	E	R	K	N	Q	S	T	A	V	L	I	F	Y	W	H	M	C	P
0	0.72534	0.01490	0.01228	0.06202	0.01784	0.01738	0.00937	0.02257	0.01337	0.03368	0.01102	0.01319	0.00854	0.00724	0.00502	0.00241	0.00632	0.00440	0.00470	0.00841
1	0.01445	0.00723	0.00723	0.00723	0.00903	0.00723	0.00542	0.01807	0.01626	0.02891	0.02529	0.02891	0.01987	0.00903	0.00542	0.00181	0.00361	0.00723	0.77055	0.00723
2	0.01593	0.01513	0.02539	0.50388	0.21206	0.01787	0.02188	0.02077	0.01587	0.02117	0.01380	0.02010	0.01083	0.00784	0.00865	0.00255	0.04631	0.00689	0.00354	0.00955
3	0.01221	0.00917	0.00952	0.00941	0.00974	0.04490	0.00566	0.01255	0.01195	0.01549	0.02346	0.04709	0.02648	0.63364	0.09173	0.00763	0.00896	0.01069	0.00462	0.00511
4	0.78228	0.01499	0.01140	0.01020	0.01499	0.01739	0.00840	0.02279	0.01320	0.03479	0.01080	0.01260	0.00840	0.00720	0.00480	0.00240	0.00600	0.00420	0.00480	0.00840
5	0.02339	0.34061	0.10468	0.01841	0.07079	0.11921	0.01604	0.08215	0.01926	0.09464	0.01441	0.01580	0.01141	0.00771	0.00693	0.00204	0.03188	0.00538	0.00453	0.01075
6	0.01747	0.01673	0.02809	0.27187	0.41663	0.01840	0.02252	0.02205	0.01649	0.02295	0.01399	0.01953	0.01146	0.00769	0.00901	0.00248	0.06132	0.00689	0.00367	0.01075
7	0.01445	0.00723	0.00723	0.00723	0.00903	0.00723	0.00542	0.01807	0.01626	0.02891	0.02529	0.02891	0.01987	0.00903	0.00542	0.00181	0.00361	0.00723	0.77055	0.00723
8	0.01726	0.01651	0.02771	0.30311	0.38707	0.01835	0.02241	0.02187	0.01639	0.02269	0.01395	0.01960	0.01137	0.00773	0.00901	0.00249	0.06137	0.00689	0.00365	0.01057
9	0.01126	0.00758	0.00879	0.00879	0.00890	0.00770	0.00511	0.01149	0.01137	0.01528	0.02413	0.04906	0.02746	0.67208	0.09389	0.00793	0.00861	0.01103	0.00465	0.00488
10	0.01782	0.01703	0.02900	0.24632	0.49109	0.01806	0.02312	0.02260	0.01701	0.02367	0.01434	0.01964	0.01170	0.00716	0.00770	0.00239	0.00955	0.00690	0.00372	0.01118
11	0.01696	0.01696	0.02375	0.02036	0.02036	0.02375	0.01696	0.01866	0.01187	0.01866	0.01018	0.01696	0.01018	0.01357	0.02545	0.00339	0.71332	0.00679	0.00339	0.00848
12	0.01754	0.02626	0.22431	0.02974	0.03858	0.01916	0.47778	0.02476	0.01776	0.02476	0.01519	0.01965	0.01122	0.00677	0.00865	0.00257	0.01262	0.00820	0.00374	0.01074
13	0.01312	0.00940	0.01242	0.08798	0.01755	0.00959	0.00982	0.04217	0.05229	0.05506	0.11673	0.34588	0.07007	0.05689	0.01090	0.00315	0.00575	0.06662	0.00699	0.00761
14	0.01630	0.01476	0.02025	0.05197	0.02290	0.01245	0.08372	0.02010	0.01609	0.02459	0.01382	0.01692	0.01139	0.00634	0.00724	0.00151	0.04267	0.00535	0.00439	0.60725
15	0.09765	0.05358	0.11465	0.01877	0.09028	0.01816	0.01499	0.07076	0.28761	0.02976	0.02609	0.07635	0.04774	0.01049	0.00753	0.00252	0.00725	0.00863	0.00617	0.01101
16	0.04863	0.07708	0.20165	0.05663	0.29473	0.01980	0.04256	0.09038	0.04684	0.02751	0.01514	0.01817	0.01181	0.00745	0.00735	0.00234	0.00957	0.00645	0.00426	0.01164

[dist]
# distance from previous block
# <min> <max>
1	7

[block]
# block no. 6 follows, 25 sequences, length 113
# corresponding to MSA columns:
# 688-800
name=unknown_G
#
# <colnr> <probs for GDERKNQSTAVLIFYWHMCP>
#	G	D	E	R	K	N	Q	S	T	A	V	L	I	F	Y	W	H	M	C	P
0	0.02011	0.01572	0.02134	0.18892	0.06039	0.01657	0.03480	0.16617	0.02088	0.08160	0.01815	0.06897	0.01499	0.00929	0.00869	0.00227	0.05563	0.00760	0.00548	0.18243
1	0.02089	0.53802	0.12067	0.01720	0.07481	0.02678	0.01595	0.02442	0.01642	0.06456	0.01282	0.01442	0.01075	0.00695	0.00569	0.00186	0.00865	0.00482	0.00378	0.01055
2	0.01409	0.01077	0.01418	0.01218	0.01589	0.00905	0.03952	0.01657	0.01563	0.05415	0.02719	0.28074	0.02911	0.08224	0.01091	0.00270	0.00590	0.03243	0.00585	0.32089
3	0.05515	0.01565	0.01953	0.05714	0.21555	0.07977	0.01464	0.02308	0.06573	0.05758	0.09328	0.07479	0.02435	0.01071	0.00841	0.00242	0.03854	0.03051	0.10345	0.00969
4	0.68499	0.01557	0.01363	0.01376	0.07308	0.01776	0.01000	0.04883	0.01454	0.03455	0.01145	0.01342	0.00893	0.00726	0.00517	0.00239	0.00638	0.00455	0.00484	0.00893
5	0.07057	0.01378	0.01605	0.01174	0.01836	0.01097	0.00947	0.02248	0.01680	0.12467	0.01610	0.01739	0.01243	0.00642	0.00599	0.00142	0.00589	0.00505	0.00536	0.60909
6	0.05984	0.02069	0.02214	0.01719	0.02321	0.02284	0.01415	0.55622	0.07722	0.07815	0.01975	0.01944	0.01399	0.00932	0.00765	0.00235	0.00817	0.00703	0.00773	0.01293
7	0.01790	0.02002	0.04210	0.08450	0.03980	0.01978	0.54724	0.02391	0.01753	0.02391	0.01506	0.02056	0.01152	0.00724	0.01044	0.00268	0.07307	0.00877	0.00384	0.01014
8	0.01799	0.01413	0.01656	0.01195	0.01875	0.01108	0.00961	0.05164	0.01748	0.07089	0.01515	0.01690	0.01209	0.00618	0.00598	0.00129	0.00594	0.00493	0.00509	0.68641
9	0.72229	0.01634	0.01338	0.01203	0.01664	0.01858	0.00964	0.02371	0.01435	0.03528	0.01278	0.01560	0.01041	0.00880	0.00668	0.00280	0.04093	0.00499	0.00537	0.00938
10	0.01088	0.00761	0.00849	0.00845	0.00905	0.00733	0.00511	0.01151	0.01323	0.01731	0.08364	0.05553	0.14683	0.54737	0.03176	0.00626	0.00658	0.01239	0.00544	0.00523
11	0.02802	0.05484	0.02315	0.01705	0.02300	0.02341	0.01414	0.57409	0.05326	0.04594	0.01895	0.01913	0.01367	0.00920	0.00751	0.00228	0.00821	0.00691	0.04452	0.01272
12	0.02945	0.02238	0.02321	0.01793	0.02404	0.05338	0.01475	0.62613	0.03582	0.04756	0.01833	0.01841	0.01305	0.00925	0.00772	0.00231	0.00877	0.00689	0.00759	0.01300
13	0.01526	0.01082	0.01379	0.01317	0.01541	0.04087	0.01029	0.01958	0.06923	0.09344	0.02340	0.03233	0.02071	0.06689	0.47989	0.00950	0.01662	0.03548	0.00522	0.00810
14	0.02654	0.16222	0.08519	0.01732	0.02407	0.02481	0.01568	0.47471	0.03064	0.04074	0.01667	0.01721	0.01226	0.00861	0.00718	0.00221	0.00874	0.00632	0.00649	0.01240
15	0.01938	0.01495	0.01812	0.04821	0.05006	0.01315	0.01141	0.08870	0.06256	0.08523	0.01698	0.01847	0.01313	0.00692	0.00646	0.00160	0.00651	0.00562	0.00549	0.50706
16	0.01608	0.01374	0.01594	0.01175	0.01826	0.01081	0.00933	0.02070	0.05982	0.02557	0.01593	0.04014	0.01361	0.00667	0.00602	0.00131	0.00573	0.00545	0.00490	0.69822
17	0.01407	0.03090	0.49513	0.01859	0.02725	0.01487	0.02253	0.02133	0.01729	0.02520	0.13274	0.07371	0.05262	0.01051	0.00792	0.00251	0.00931	0.00872	0.00462	0.01018
18	0.01108	0.00831	0.01246	0.01246	0.01385	0.00969	0.00969	0.01385	0.01246	0.01800	0.02077	0.03046	0.01938	0.05815	0.69678	0.01246	0.02077	0.00831	0.00415	0.00692
19	0.01660	0.07086	0.47155	0.02464	0.03482	0.01912	0.20434	0.02456	0.01689	0.02430	0.01425	0.01745	0.01038	0.00709	0.00775	0.00246	0.01175	0.00662	0.00346	0.01110
20	0.00954	0.00682	0.00911	0.01091	0.01140	0.00638	0.00737	0.01096	0.01494	0.01990	0.04268	0.70231	0.05107	0.02420	0.00992	0.00316	0.00458	0.04122	0.00720	0.00632
21	0.01565	0.03943	0.66468	0.02247	0.03380	0.01806	0.05063	0.02456	0.01644	0.02456	0.01398	0.01653	0.00989	0.00734	0.00743	0.00246	0.01152	0.00585	0.00330	0.01142
22	0.01015	0.00789	0.00922	0.00889	0.01108	0.00696	0.00666	0.01303	0.01999	0.02645	0.40227	0.06556	0.34884	0.01758	0.00915	0.00252	0.00378	0.01509	0.00792	0.00696
23	0.01464	0.01378	0.02326	0.70887	0.05340	0.01723	0.02153	0.01981	0.01550	0.01981	0.01378	0.02067	0.01034	0.00775	0.00775	0.00258	0.01034	0.00689	0.00345	0.00861
24	0.01128	0.00752	0.00846	0.00846	0.00846	0.00752	0.00470	0.01128	0.01128	0.01503	0.02443	0.05074	0.02819	0.72751	0.03946	0.00752	0.00752	0.01128	0.00470	0.00470
