[name]
unknown

[dist]
# distance from previous block
# <min> <max>
0	4

[block]
# block no. 0 follows, 22 sequences, length 6
# corresponding to MSA columns:
# 4-9
name=unknown_A
#
# <colnr> <probs for GDERKNQSTAVLIFYWHMCP>
#	G	D	E	R	K	N	Q	S	T	A	V	L	I	F	Y	W	H	M	C	P
0	0.01372	0.01047	0.01597	0.01639	0.01881	0.01030	0.06112	0.01780	0.01958	0.02581	0.10028	0.08505	0.04798	0.02112	0.01118	0.00363	0.00779	0.49752	0.00752	0.00795
1	0.02318	0.01664	0.01812	0.01581	0.02059	0.01848	0.01244	0.07919	0.45095	0.12385	0.03207	0.02989	0.02353	0.01088	0.00816	0.00267	0.00653	0.00895	0.08525	0.01280
2	0.01548	0.02863	0.35602	0.06104	0.03185	0.01622	0.11351	0.02257	0.01835	0.02626	0.10367	0.12091	0.02609	0.01154	0.00884	0.00277	0.01031	0.01040	0.00496	0.01057
3	0.01176	0.00849	0.01110	0.01045	0.01241	0.00784	0.00784	0.01568	0.02352	0.03331	0.65184	0.06206	0.07839	0.01698	0.00980	0.00261	0.00392	0.01502	0.00914	0.00784
4	0.02212	0.01725	0.02183	0.07124	0.12987	0.01893	0.01567	0.19590	0.14885	0.05972	0.02583	0.11948	0.02229	0.01212	0.00926	0.00271	0.03517	0.01016	0.04980	0.01180
5	0.02041	0.01938	0.02941	0.09967	0.22591	0.05714	0.11304	0.08370	0.02013	0.02764	0.01828	0.02672	0.01574	0.01009	0.01114	0.00277	0.10311	0.05456	0.05011	0.01103

[dist]
# distance from previous block
# <min> <max>
5	11

[block]
# block no. 1 follows, 22 sequences, length 131
# corresponding to MSA columns:
# 21-40,42-66,68-153
name=unknown_B
#
# <colnr> <probs for GDERKNQSTAVLIFYWHMCP>
#	G	D	E	R	K	N	Q	S	T	A	V	L	I	F	Y	W	H	M	C	P
0	0.01302	0.00877	0.01151	0.01067	0.01285	0.00805	0.00805	0.01690	0.02353	0.06440	0.62122	0.06038	0.07553	0.01665	0.00973	0.00261	0.00408	0.01469	0.00920	0.00815
1	0.01961	0.34933	0.27937	0.02032	0.02911	0.02610	0.08146	0.02531	0.01716	0.02284	0.01331	0.01611	0.01082	0.00783	0.00802	0.00231	0.05036	0.00578	0.00361	0.01124
2	0.01586	0.01396	0.02259	0.15006	0.27446	0.01451	0.01857	0.01987	0.01783	0.02424	0.02798	0.19481	0.02922	0.01491	0.00942	0.00299	0.00848	0.12480	0.00556	0.00989
3	0.01428	0.00727	0.01071	0.01071	0.01071	0.00727	0.00708	0.01090	0.01090	0.01453	0.01516	0.02706	0.01541	0.07094	0.03308	0.71181	0.00727	0.00752	0.00370	0.00370
4	0.01705	0.01460	0.01845	0.08952	0.02354	0.01586	0.05019	0.05845	0.27584	0.03166	0.18281	0.04274	0.11774	0.01325	0.00901	0.00275	0.00672	0.01151	0.00772	0.01058
5	0.01027	0.00735	0.00978	0.01146	0.01208	0.00685	0.00772	0.01195	0.01661	0.02233	0.10191	0.64331	0.05712	0.02519	0.01053	0.00330	0.00474	0.02282	0.00784	0.00685
6	0.01856	0.02104	0.09865	0.19141	0.14106	0.01910	0.23745	0.05589	0.01946	0.02675	0.01927	0.02412	0.03829	0.00831	0.00873	0.00267	0.01134	0.00855	0.03837	0.01098
7	0.03046	0.02272	0.02430	0.01889	0.02534	0.02524	0.01552	0.56883	0.10056	0.05056	0.02136	0.02107	0.01527	0.01011	0.00833	0.00253	0.00888	0.00767	0.00833	0.01403
8	0.05993	0.02041	0.06041	0.05737	0.08925	0.01894	0.11196	0.19812	0.02417	0.06382	0.01734	0.01974	0.01302	0.00798	0.00780	0.00224	0.00924	0.00699	0.00582	0.20542
9	0.02547	0.06516	0.03284	0.05366	0.03190	0.07876	0.22131	0.20376	0.05800	0.08984	0.02027	0.02407	0.01536	0.00917	0.00869	0.00261	0.01099	0.02989	0.00623	0.01203
10	0.01147	0.00833	0.01080	0.01049	0.01231	0.00767	0.00775	0.01500	0.02237	0.03133	0.55142	0.14083	0.10254	0.01827	0.00990	0.00271	0.00404	0.01619	0.00890	0.00767
11	0.02237	0.01888	0.02502	0.21432	0.14871	0.02133	0.01898	0.20222	0.17723	0.03458	0.02110	0.02340	0.01585	0.00935	0.00833	0.00265	0.00919	0.00791	0.00627	0.01232
12	0.01166	0.00841	0.01101	0.01052	0.01239	0.00777	0.00783	0.01542	0.02304	0.03256	0.61429	0.10174	0.07693	0.01754	0.00985	0.00266	0.00398	0.01556	0.00906	0.00777
13	0.01682	0.04190	0.63295	0.02427	0.03634	0.01938	0.06167	0.02632	0.01765	0.02632	0.01501	0.01779	0.01063	0.00785	0.00799	0.00264	0.01237	0.00633	0.00354	0.01222
14	0.01067	0.00833	0.00968	0.00959	0.01181	0.00734	0.00710	0.01348	0.02058	0.02693	0.32122	0.13346	0.35047	0.01981	0.00989	0.00278	0.00415	0.01707	0.00832	0.00734
15	0.01000	0.00770	0.00916	0.01032	0.01172	0.00685	0.00716	0.01171	0.01710	0.02169	0.06093	0.45685	0.29094	0.02406	0.01029	0.00315	0.00458	0.02122	0.00771	0.00685
16	0.02562	0.02031	0.02158	0.01791	0.02349	0.02298	0.01435	0.30968	0.36760	0.04275	0.02751	0.02597	0.02026	0.01068	0.00839	0.00267	0.00774	0.00852	0.00839	0.01359
17	0.01011	0.00728	0.00958	0.01142	0.01201	0.00676	0.00765	0.01158	0.01604	0.02126	0.04753	0.67438	0.08207	0.02580	0.01057	0.00335	0.00479	0.02334	0.00771	0.00676
18	0.76672	0.01607	0.01221	0.01092	0.01607	0.01864	0.00900	0.02442	0.01414	0.03727	0.01157	0.01350	0.00900	0.00771	0.00514	0.00257	0.00643	0.00450	0.00514	0.00900
19	0.02740	0.01124	0.01405	0.01159	0.01599	0.01019	0.00931	0.03092	0.02090	0.37617	0.03020	0.02950	0.02089	0.01001	0.00720	0.00228	0.00562	0.00808	0.34722	0.01124
20	0.05008	0.01001	0.01066	0.01006	0.01320	0.00932	0.00769	0.01781	0.07938	0.05965	0.17865	0.06596	0.42119	0.01813	0.00938	0.00275	0.00464	0.01516	0.00806	0.00822
21	0.00984	0.00835	0.00849	0.00860	0.01127	0.00700	0.00639	0.01190	0.01876	0.02237	0.08193	0.11607	0.61816	0.02133	0.00986	0.00284	0.00424	0.01789	0.00771	0.00700
22	0.01939	0.01678	0.02419	0.29908	0.09460	0.01925	0.04864	0.03191	0.26388	0.06009	0.02338	0.02582	0.01746	0.00943	0.00843	0.00275	0.00913	0.00835	0.00597	0.01148
23	0.03267	0.02153	0.02385	0.01829	0.02489	0.02318	0.01511	0.51626	0.03614	0.16874	0.02239	0.02154	0.01536	0.01003	0.00832	0.00251	0.00875	0.00765	0.00869	0.01413
24	0.01066	0.00833	0.00967	0.00959	0.01180	0.00733	0.00709	0.01346	0.02055	0.02687	0.31801	0.13571	0.35151	0.01985	0.00989	0.00278	0.00415	0.01710	0.00831	0.00733
25	0.01882	0.01572	0.02192	0.09397	0.23974	0.04519	0.01642	0.08922	0.01921	0.02641	0.02053	0.09390	0.01912	0.04540	0.03742	0.10042	0.00915	0.00925	0.06842	0.00980
26	0.01957	0.01426	0.01521	0.01364	0.01736	0.01593	0.01065	0.10770	0.29514	0.03453	0.02880	0.02969	0.02214	0.01418	0.05509	0.00321	0.00705	0.00852	0.27641	0.01092
27	0.01777	0.01544	0.02458	0.31229	0.21606	0.01634	0.01986	0.02237	0.01762	0.05343	0.01877	0.08544	0.01643	0.00949	0.00818	0.00250	0.00923	0.00860	0.00468	0.12090
28	0.43801	0.28258	0.02482	0.01283	0.01866	0.06470	0.01142	0.02514	0.01576	0.02948	0.01164	0.01352	0.00974	0.00753	0.00536	0.00224	0.00789	0.00453	0.00448	0.00967
29	0.01866	0.01770	0.02971	0.33240	0.30463	0.01974	0.05054	0.04726	0.01841	0.02512	0.01523	0.02121	0.01213	0.00824	0.00928	0.00268	0.04434	0.00750	0.00407	0.01115
30	0.02528	0.23728	0.03087	0.06152	0.05801	0.16504	0.01662	0.16850	0.02308	0.02802	0.01413	0.01679	0.01167	0.00916	0.00970	0.00236	0.09992	0.00606	0.00488	0.01109
31	0.69597	0.04210	0.01550	0.01244	0.01785	0.01930	0.04499	0.02456	0.01456	0.03600	0.01187	0.01401	0.00927	0.00765	0.00542	0.00255	0.00696	0.00480	0.00503	0.00919
32	0.01859	0.05335	0.17808	0.08170	0.06149	0.02149	0.31559	0.02508	0.01781	0.02492	0.01514	0.02029	0.01173	0.00838	0.01150	0.00283	0.10895	0.00815	0.00390	0.01104
33	0.01732	0.01263	0.01501	0.01432	0.01698	0.01338	0.01129	0.13640	0.09912	0.02986	0.08648	0.09009	0.03670	0.13334	0.01666	0.04779	0.00737	0.19904	0.00734	0.00888
34	0.09126	0.07083	0.23319	0.01962	0.05019	0.10903	0.01916	0.03189	0.02025	0.24606	0.02033	0.02040	0.01400	0.00873	0.00761	0.00248	0.01004	0.00660	0.00613	0.01220
35	0.02221	0.71304	0.04353	0.01421	0.02132	0.03287	0.01421	0.02488	0.01688	0.01955	0.01155	0.01333	0.01066	0.00711	0.00533	0.00178	0.00888	0.00444	0.00355	0.01066
36	0.01081	0.00845	0.00979	0.00946	0.01183	0.00744	0.00709	0.01385	0.02128	0.02801	0.37503	0.07078	0.35850	0.01896	0.00981	0.00271	0.00406	0.01625	0.00845	0.00744
37	0.01210	0.00886	0.01140	0.01070	0.01277	0.00834	0.00805	0.01678	0.04754	0.03337	0.62780	0.06085	0.07632	0.01676	0.00975	0.00262	0.00402	0.01480	0.00912	0.00805
38	0.01012	0.00723	0.00964	0.01157	0.01205	0.00675	0.00771	0.01157	0.01591	0.02121	0.04579	0.70262	0.05495	0.02603	0.01060	0.00337	0.00482	0.02362	0.00771	0.00675
39	0.76672	0.01607	0.01221	0.01092	0.01607	0.01864	0.00900	0.02442	0.01414	0.03727	0.01157	0.01350	0.00900	0.00771	0.00514	0.00257	0.00643	0.00450	0.00514	0.00900
40	0.01197	0.00849	0.01126	0.01126	0.01203	0.00925	0.00778	0.01350	0.01273	0.01774	0.02416	0.04321	0.02536	0.37642	0.36728	0.01077	0.01535	0.01045	0.00473	0.00626
41	0.06063	0.60523	0.03931	0.01396	0.02095	0.02994	0.01360	0.02533	0.01707	0.05003	0.01270	0.01424	0.01112	0.00723	0.00551	0.00182	0.00852	0.00465	0.00402	0.05414
42	0.02376	0.54653	0.06778	0.01597	0.02287	0.12741	0.01532	0.05758	0.01906	0.02168	0.01233	0.01411	0.01084	0.00751	0.00592	0.00191	0.00996	0.00481	0.00391	0.01076
43	0.01019	0.00735	0.00966	0.01137	0.01203	0.00681	0.00765	0.01179	0.01642	0.02186	0.07754	0.64211	0.08379	0.02535	0.01053	0.00331	0.00475	0.02291	0.00778	0.00681
44	0.08951	0.05982	0.39977	0.06004	0.06376	0.02006	0.14051	0.02583	0.01759	0.02693	0.01484	0.01829	0.01092	0.00768	0.00793	0.00262	0.01174	0.00673	0.00383	0.01158
45	0.59542	0.04543	0.01591	0.01263	0.01814	0.02058	0.01051	0.14065	0.01904	0.03946	0.01318	0.01473	0.01005	0.00812	0.00576	0.00252	0.00705	0.00507	0.00569	0.01005
46	0.01187	0.00890	0.01335	0.01335	0.01483	0.01038	0.01038	0.01483	0.01335	0.01928	0.02225	0.03264	0.02077	0.06231	0.67512	0.01335	0.02225	0.00890	0.00445	0.00742
47	0.01073	0.00767	0.01008	0.01110	0.01203	0.00716	0.00763	0.01290	0.01816	0.02483	0.23817	0.46831	0.06128	0.05472	0.01181	0.00335	0.00468	0.02034	0.00804	0.00702
48	0.03049	0.02342	0.02344	0.01867	0.02478	0.09156	0.01514	0.43354	0.12022	0.09969	0.02226	0.02170	0.01590	0.01003	0.00825	0.00251	0.00921	0.00760	0.00808	0.01352
49	0.02699	0.34834	0.03271	0.01811	0.02368	0.38045	0.01521	0.02937	0.02049	0.01997	0.01225	0.01422	0.01068	0.00789	0.00650	0.00197	0.01219	0.00493	0.00395	0.01010
50	0.02072	0.01761	0.02537	0.03076	0.31200	0.01635	0.01762	0.05628	0.05193	0.06199	0.01736	0.02019	0.01390	0.00740	0.00745	0.00201	0.00808	0.00660	0.00519	0.30120
51	0.01725	0.01496	0.02498	0.61641	0.08314	0.01813	0.02251	0.02262	0.01716	0.06120	0.01592	0.02245	0.01176	0.00839	0.00830	0.00274	0.01077	0.00744	0.00412	0.00972
52	0.01226	0.00878	0.01275	0.01275	0.01428	0.01010	0.00989	0.01532	0.01379	0.02055	0.02278	0.03246	0.02083	0.05662	0.60280	0.01212	0.02027	0.00878	0.08546	0.00745
53	0.01186	0.00845	0.01102	0.01106	0.01170	0.00823	0.02970	0.01290	0.01437	0.01926	0.06826	0.23472	0.03989	0.42544	0.02918	0.00608	0.00713	0.03867	0.00609	0.00601
54	0.76672	0.01607	0.01221	0.01092	0.01607	0.01864	0.00900	0.02442	0.01414	0.03727	0.01157	0.01350	0.00900	0.00771	0.00514	0.00257	0.00643	0.00450	0.00514	0.00900
55	0.03727	0.01414	0.01928	0.01478	0.02121	0.01221	0.01221	0.04049	0.02378	0.66198	0.03277	0.02828	0.02056	0.01028	0.00835	0.00257	0.00707	0.00835	0.01028	0.01414
56	0.01156	0.00834	0.01093	0.01059	0.01237	0.00771	0.00782	0.01518	0.02259	0.03184	0.57794	0.14017	0.07553	0.01809	0.00990	0.00271	0.00403	0.01607	0.00897	0.00771
57	0.01166	0.00849	0.01096	0.01034	0.01235	0.00780	0.00776	0.01548	0.02328	0.03275	0.62216	0.06299	0.10842	0.01720	0.00980	0.00262	0.00393	0.01516	0.00907	0.00780
58	0.76672	0.01607	0.01221	0.01092	0.01607	0.01864	0.00900	0.02442	0.01414	0.03727	0.01157	0.01350	0.00900	0.00771	0.00514	0.00257	0.00643	0.00450	0.00514	0.00900
59	0.01569	0.01477	0.02492	0.68808	0.05722	0.01846	0.02307	0.02123	0.01661	0.02123	0.01477	0.02215	0.01107	0.00831	0.00831	0.00277	0.01107	0.00738	0.00369	0.00923
60	0.01176	0.00849	0.01110	0.01045	0.01241	0.00784	0.00784	0.01568	0.02352	0.03331	0.65184	0.06206	0.07839	0.01698	0.00980	0.00261	0.00392	0.01502	0.00914	0.00784
61	0.03727	0.01414	0.01928	0.01478	0.02121	0.01221	0.01221	0.04049	0.02378	0.66198	0.03277	0.02828	0.02056	0.01028	0.00835	0.00257	0.00707	0.00835	0.01028	0.01414
62	0.03103	0.03959	0.02354	0.02140	0.02568	0.67469	0.01605	0.03317	0.02354	0.02033	0.01284	0.01498	0.01070	0.00856	0.00749	0.00214	0.01498	0.00535	0.00428	0.00963
63	0.01569	0.01477	0.02492	0.68808	0.05722	0.01846	0.02307	0.02123	0.01661	0.02123	0.01477	0.02215	0.01107	0.00831	0.00831	0.00277	0.01107	0.00738	0.00369	0.00923
64	0.00991	0.00835	0.00859	0.00868	0.01131	0.00703	0.00645	0.01205	0.01894	0.02279	0.10383	0.11538	0.59600	0.02117	0.00986	0.00283	0.00423	0.01779	0.00777	0.00703
65	0.03701	0.01456	0.01954	0.01498	0.02142	0.01284	0.01238	0.06771	0.02448	0.63375	0.03218	0.02789	0.02027	0.01027	0.00835	0.00257	0.00716	0.00831	0.01019	0.01414
66	0.12694	0.01833	0.02955	0.17316	0.41484	0.01938	0.05031	0.02453	0.01779	0.02738	0.01492	0.01995	0.01211	0.00761	0.00787	0.00256	0.00981	0.00709	0.00418	0.01168
67	0.76672	0.01607	0.01221	0.01092	0.01607	0.01864	0.00900	0.02442	0.01414	0.03727	0.01157	0.01350	0.00900	0.00771	0.00514	0.00257	0.00643	0.00450	0.00514	0.00900
68	0.01708	0.01641	0.02835	0.40405	0.11652	0.01918	0.10598	0.02221	0.01687	0.02307	0.01540	0.02203	0.01210	0.00886	0.01066	0.00280	0.09352	0.00773	0.04734	0.00985
69	0.01208	0.00805	0.00906	0.00906	0.00906	0.00805	0.00503	0.01208	0.01208	0.01611	0.02618	0.05436	0.03020	0.70804	0.04228	0.00805	0.00805	0.01208	0.00503	0.00503
70	0.01499	0.01328	0.06839	0.01288	0.01640	0.01118	0.01090	0.02262	0.12613	0.06567	0.46233	0.05133	0.06076	0.01491	0.00934	0.00265	0.00524	0.01298	0.00861	0.00943
71	0.01101	0.00825	0.01021	0.01016	0.01206	0.00745	0.00745	0.01406	0.02109	0.02860	0.41013	0.17860	0.21138	0.01954	0.00994	0.00279	0.00415	0.01713	0.00855	0.00745
72	0.01946	0.38046	0.35199	0.01891	0.02859	0.02613	0.02239	0.02559	0.01721	0.02290	0.01322	0.01542	0.01059	0.00750	0.00660	0.00220	0.01057	0.00528	0.00353	0.01146
73	0.69490	0.01864	0.07472	0.01215	0.01797	0.01870	0.01107	0.02460	0.01446	0.03622	0.01189	0.01388	0.00914	0.00773	0.00540	0.00258	0.00699	0.00466	0.00498	0.00931
74	0.02034	0.02092	0.06277	0.04893	0.59618	0.01979	0.05737	0.02559	0.01889	0.02708	0.01566	0.02052	0.01301	0.00740	0.00829	0.00249	0.01019	0.00747	0.00409	0.01302
75	0.01672	0.10740	0.41741	0.02146	0.06216	0.01877	0.02373	0.02487	0.04706	0.02678	0.10562	0.05072	0.02257	0.00991	0.00803	0.00256	0.01006	0.00809	0.00472	0.01135
76	0.01189	0.00883	0.01299	0.01299	0.01435	0.01019	0.00993	0.01460	0.01324	0.01902	0.02258	0.03447	0.02156	0.11676	0.62176	0.01290	0.02105	0.00917	0.00450	0.00722
77	0.02034	0.02215	0.04197	0.06454	0.23603	0.05390	0.38251	0.02639	0.01948	0.02625	0.01615	0.02144	0.01262	0.00726	0.00913	0.00266	0.01264	0.00873	0.00416	0.01166
78	0.01012	0.00723	0.00964	0.01157	0.01205	0.00675	0.00771	0.01157	0.01591	0.02121	0.04579	0.70262	0.05495	0.02603	0.01060	0.00337	0.00482	0.02362	0.00771	0.00675
79	0.02990	0.27866	0.08224	0.01531	0.02248	0.02055	0.01450	0.03345	0.02067	0.36802	0.02332	0.02177	0.01601	0.00889	0.00718	0.00228	0.00818	0.00670	0.00719	0.01268
80	0.01131	0.00951	0.00996	0.00978	0.01262	0.00873	0.00734	0.01613	0.09502	0.02474	0.12103	0.10536	0.49926	0.01979	0.00969	0.00282	0.00451	0.01666	0.00792	0.00781
81	0.03103	0.03959	0.02354	0.02140	0.02568	0.67469	0.01605	0.03317	0.02354	0.02033	0.01284	0.01498	0.01070	0.00856	0.00749	0.00214	0.01498	0.00535	0.00428	0.00963
82	0.03103	0.03959	0.02354	0.02140	0.02568	0.67469	0.01605	0.03317	0.02354	0.02033	0.01284	0.01498	0.01070	0.00856	0.00749	0.00214	0.01498	0.00535	0.00428	0.00963
83	0.76672	0.01607	0.01221	0.01092	0.01607	0.01864	0.00900	0.02442	0.01414	0.03727	0.01157	0.01350	0.00900	0.00771	0.00514	0.00257	0.00643	0.00450	0.00514	0.00900
84	0.01691	0.01443	0.01689	0.01227	0.01935	0.01088	0.00975	0.02050	0.01717	0.02681	0.01615	0.04789	0.01421	0.00704	0.00635	0.00133	0.00609	0.00576	0.00505	0.72518
85	0.03044	0.03861	0.02363	0.02142	0.02550	0.64477	0.01615	0.03257	0.02304	0.02032	0.01275	0.01513	0.01071	0.00884	0.00840	0.00221	0.04623	0.00544	0.00425	0.00961
86	0.03549	0.01579	0.02016	0.01559	0.02196	0.01482	0.01283	0.13479	0.05851	0.53162	0.03078	0.02708	0.01978	0.01028	0.00835	0.00257	0.00737	0.00827	0.00987	0.01408
87	0.01124	0.00813	0.01039	0.01183	0.01274	0.00776	0.00808	0.04409	0.01726	0.02290	0.04611	0.63939	0.07897	0.02496	0.01045	0.00330	0.00502	0.02250	0.00774	0.00715
88	0.01818	0.01818	0.02545	0.02181	0.02181	0.02545	0.01818	0.01999	0.01272	0.01999	0.01091	0.01818	0.01091	0.01454	0.02726	0.00364	0.69284	0.00727	0.00364	0.00909
89	0.76672	0.01607	0.01221	0.01092	0.01607	0.01864	0.00900	0.02442	0.01414	0.03727	0.01157	0.01350	0.00900	0.00771	0.00514	0.00257	0.00643	0.00450	0.00514	0.00900
90	0.76672	0.01607	0.01221	0.01092	0.01607	0.01864	0.00900	0.02442	0.01414	0.03727	0.01157	0.01350	0.00900	0.00771	0.00514	0.00257	0.00643	0.00450	0.00514	0.00900
91	0.01026	0.00741	0.00972	0.01130	0.01204	0.00687	0.00765	0.01198	0.01679	0.02243	0.10597	0.60928	0.08773	0.02490	0.01049	0.00327	0.00470	0.02248	0.00785	0.00687
92	0.01690	0.01604	0.02720	0.44180	0.19930	0.01853	0.04533	0.02210	0.01753	0.02353	0.05186	0.02393	0.01554	0.00879	0.00918	0.00272	0.03750	0.00792	0.00413	0.01018
93	0.76672	0.01607	0.01221	0.01092	0.01607	0.01864	0.00900	0.02442	0.01414	0.03727	0.01157	0.01350	0.00900	0.00771	0.00514	0.00257	0.00643	0.00450	0.00514	0.00900
94	0.01208	0.00805	0.00906	0.00906	0.00906	0.00805	0.00503	0.01208	0.01208	0.01611	0.02618	0.05436	0.03020	0.70804	0.04228	0.00805	0.00805	0.01208	0.00503	0.00503
95	0.02741	0.26585	0.03056	0.01878	0.02400	0.36587	0.01552	0.08155	0.02206	0.02284	0.01292	0.01502	0.01100	0.00850	0.00787	0.00213	0.04811	0.00533	0.00435	0.01034
96	0.02056	0.01974	0.03372	0.05099	0.65622	0.01974	0.02550	0.02550	0.01892	0.02714	0.01563	0.02056	0.01316	0.00740	0.00822	0.00247	0.00987	0.00740	0.00411	0.01316
97	0.03207	0.01434	0.04345	0.01445	0.02036	0.01183	0.01225	0.03554	0.02287	0.52936	0.08756	0.03299	0.04981	0.01344	0.03736	0.00305	0.00755	0.00923	0.00956	0.01295
98	0.01066	0.00835	0.00966	0.00954	0.01179	0.00734	0.00707	0.01348	0.02062	0.02694	0.32137	0.12385	0.36016	0.01973	0.00987	0.00277	0.00414	0.01697	0.00832	0.00734
99	0.01443	0.00722	0.01082	0.01082	0.01082	0.00722	0.00722	0.01082	0.01082	0.01443	0.01443	0.02525	0.01443	0.02886	0.03247	0.75830	0.00722	0.00722	0.00361	0.00361
100	0.05545	0.01620	0.01774	0.01724	0.05580	0.04594	0.01249	0.11798	0.20341	0.06462	0.03256	0.18400	0.05632	0.01444	0.00942	0.00282	0.03412	0.01204	0.03654	0.01086
101	0.02949	0.01530	0.01813	0.01462	0.01997	0.01534	0.01184	0.15563	0.11689	0.32513	0.02925	0.02751	0.02011	0.01025	0.00787	0.00247	0.00680	0.00821	0.15241	0.01276
102	0.01885	0.02854	0.30397	0.02136	0.02958	0.01896	0.08440	0.03248	0.24296	0.05425	0.02443	0.06307	0.01907	0.01017	0.00847	0.00276	0.00976	0.00880	0.00588	0.01223
103	0.08972	0.02026	0.14578	0.01635	0.02359	0.01455	0.04228	0.06049	0.02108	0.25573	0.06443	0.02736	0.05256	0.00980	0.00789	0.00241	0.00797	0.00799	0.00713	0.12263
104	0.01291	0.00870	0.01134	0.01067	0.01280	0.00797	0.00800	0.01657	0.02288	0.06486	0.56066	0.10066	0.09560	0.01735	0.00977	0.00267	0.00415	0.01530	0.00906	0.00807
105	0.01808	0.21729	0.36835	0.02156	0.05863	0.02184	0.04961	0.02471	0.01740	0.02427	0.01603	0.05919	0.01362	0.00865	0.00738	0.00238	0.01056	0.00692	0.00391	0.04962
106	0.37947	0.14474	0.02172	0.01502	0.02035	0.21058	0.01236	0.06445	0.01887	0.03024	0.01245	0.01429	0.01010	0.00799	0.00605	0.00230	0.00949	0.00492	0.00481	0.00979
107	0.76672	0.01607	0.01221	0.01092	0.01607	0.01864	0.00900	0.02442	0.01414	0.03727	0.01157	0.01350	0.00900	0.00771	0.00514	0.00257	0.00643	0.00450	0.00514	0.00900
108	0.01176	0.00849	0.01110	0.01045	0.01241	0.00784	0.00784	0.01568	0.02352	0.03331	0.65184	0.06206	0.07839	0.01698	0.00980	0.00261	0.00392	0.01502	0.00914	0.00784
109	0.01894	0.01835	0.03229	0.22943	0.22243	0.01918	0.17421	0.07264	0.02005	0.02695	0.02138	0.02609	0.06248	0.00884	0.00878	0.00267	0.01077	0.00880	0.00463	0.01110
110	0.01035	0.00732	0.00957	0.01128	0.01171	0.00690	0.00740	0.01163	0.01547	0.02062	0.04354	0.62830	0.05211	0.10421	0.01424	0.00391	0.00519	0.02229	0.00740	0.00655
111	0.02775	0.02055	0.02190	0.01746	0.02323	0.02284	0.01421	0.45081	0.15202	0.04667	0.02337	0.02325	0.01705	0.01019	0.00807	0.00250	0.00808	0.00787	0.08893	0.01325
112	0.01323	0.01145	0.01574	0.01552	0.01581	0.01396	0.01175	0.01482	0.01468	0.02074	0.03233	0.43862	0.03796	0.02160	0.01703	0.00347	0.27020	0.01731	0.00614	0.00765
113	0.02192	0.01835	0.01873	0.01650	0.02115	0.04828	0.01303	0.14703	0.40598	0.03602	0.03314	0.03402	0.05639	0.01194	0.00847	0.00273	0.00720	0.03938	0.04745	0.01229
114	0.03158	0.02327	0.02493	0.01911	0.02576	0.02576	0.01579	0.62852	0.03906	0.05236	0.01995	0.01995	0.01413	0.00997	0.00831	0.00249	0.00914	0.00748	0.00831	0.01413
115	0.01809	0.01474	0.01732	0.01241	0.01975	0.01112	0.00995	0.02176	0.01751	0.05453	0.01554	0.01770	0.01266	0.00633	0.00625	0.00129	0.00619	0.00507	0.00515	0.72662
116	0.02242	0.64967	0.06939	0.01499	0.02218	0.06506	0.01502	0.02536	0.01725	0.01988	0.01176	0.01359	0.01066	0.00722	0.00555	0.00183	0.00934	0.00456	0.00359	0.01068
117	0.76672	0.01607	0.01221	0.01092	0.01607	0.01864	0.00900	0.02442	0.01414	0.03727	0.01157	0.01350	0.00900	0.00771	0.00514	0.00257	0.00643	0.00450	0.00514	0.00900
118	0.02221	0.71304	0.04353	0.01421	0.02132	0.03287	0.01421	0.02488	0.01688	0.01955	0.01155	0.01333	0.01066	0.00711	0.00533	0.00178	0.00888	0.00444	0.00355	0.01066
119	0.01827	0.03175	0.32892	0.02986	0.04003	0.02023	0.35552	0.02647	0.01867	0.02647	0.01594	0.02020	0.01166	0.00741	0.00894	0.00272	0.01322	0.00814	0.00389	0.01169
120	0.73214	0.01717	0.01274	0.01142	0.01652	0.04948	0.00933	0.02483	0.01458	0.03648	0.01163	0.01357	0.00908	0.00775	0.00525	0.00255	0.00683	0.00454	0.00510	0.00903
121	0.01188	0.00886	0.01313	0.01313	0.01453	0.01026	0.01010	0.01469	0.01328	0.01912	0.02246	0.03377	0.02126	0.09607	0.64203	0.01307	0.02151	0.00907	0.00448	0.00729
122	0.01723	0.01477	0.01723	0.01230	0.01969	0.01107	0.00984	0.02092	0.01723	0.02707	0.01477	0.01723	0.01230	0.00615	0.00615	0.00123	0.00615	0.00492	0.00492	0.75883
123	0.76672	0.01607	0.01221	0.01092	0.01607	0.01864	0.00900	0.02442	0.01414	0.03727	0.01157	0.01350	0.00900	0.00771	0.00514	0.00257	0.00643	0.00450	0.00514	0.00900
124	0.02099	0.04084	0.45040	0.02271	0.03233	0.20819	0.02567	0.02911	0.04802	0.02498	0.01518	0.01742	0.01126	0.00824	0.00780	0.00250	0.01279	0.00606	0.00396	0.01156
125	0.01087	0.00781	0.01031	0.01105	0.01222	0.00725	0.00777	0.01346	0.01941	0.02678	0.32453	0.40801	0.06573	0.02187	0.01023	0.00302	0.00441	0.01966	0.00837	0.00725
126	0.01944	0.02222	0.07207	0.17028	0.18865	0.07766	0.24162	0.02511	0.01889	0.02480	0.01698	0.05232	0.01408	0.00843	0.00884	0.00267	0.01198	0.00876	0.00420	0.01098
127	0.01949	0.01020	0.01358	0.01176	0.01508	0.00916	0.00916	0.02319	0.02359	0.22373	0.46433	0.05182	0.06087	0.01495	0.00936	0.00260	0.00487	0.01300	0.00949	0.00975
128	0.02882	0.02117	0.02260	0.01777	0.02375	0.02346	0.01454	0.50530	0.10339	0.04835	0.02216	0.02223	0.01606	0.01009	0.00808	0.00248	0.00835	0.00772	0.08028	0.01340
129	0.01159	0.00842	0.01091	0.01044	0.01234	0.00774	0.00777	0.01529	0.02289	0.03218	0.59421	0.09993	0.09976	0.01767	0.00985	0.00266	0.00398	0.01562	0.00901	0.00774
130	0.02363	0.01932	0.02045	0.01751	0.02273	0.02205	0.01387	0.20290	0.47763	0.03953	0.03005	0.02799	0.02231	0.01092	0.00841	0.00273	0.00727	0.00887	0.00841	0.01342

[dist]
# distance from previous block
# <min> <max>
0	65

[block]
# block no. 2 follows, 22 sequences, length 35
# corresponding to MSA columns:
# 219-253
name=unknown_C
#
# <colnr> <probs for GDERKNQSTAVLIFYWHMCP>
#	G	D	E	R	K	N	Q	S	T	A	V	L	I	F	Y	W	H	M	C	P
0	0.01187	0.00890	0.01335	0.01335	0.01483	0.01038	0.01038	0.01483	0.01335	0.01928	0.02225	0.03264	0.02077	0.06231	0.67512	0.01335	0.02225	0.00890	0.00445	0.00742
1	0.01940	0.01638	0.01800	0.05364	0.02223	0.01860	0.01288	0.07697	0.45991	0.03363	0.06982	0.06973	0.06715	0.01271	0.00871	0.00281	0.00661	0.01071	0.00813	0.01198
2	0.01012	0.00723	0.00964	0.01157	0.01205	0.00675	0.00771	0.01157	0.01591	0.02121	0.04579	0.70262	0.05495	0.02603	0.01060	0.00337	0.00482	0.02362	0.00771	0.00675
3	0.02012	0.05679	0.29041	0.02789	0.03748	0.04844	0.30234	0.02757	0.01911	0.06530	0.01667	0.02018	0.01212	0.00763	0.00869	0.00265	0.01274	0.00787	0.00428	0.01172
4	0.45270	0.02166	0.13887	0.02067	0.13421	0.01860	0.01619	0.02585	0.01616	0.06793	0.01409	0.01633	0.01066	0.00783	0.00638	0.00256	0.00817	0.00554	0.00494	0.01064
5	0.02119	0.16044	0.35819	0.02118	0.02994	0.14171	0.02340	0.05977	0.01936	0.02500	0.01393	0.01649	0.01080	0.00843	0.00869	0.00245	0.05787	0.00584	0.00393	0.01139
6	0.01946	0.01829	0.05360	0.01654	0.02142	0.01926	0.01352	0.04012	0.54438	0.03365	0.06931	0.03419	0.05584	0.01184	0.00856	0.00280	0.00664	0.00989	0.00818	0.01253
7	0.01012	0.00723	0.00964	0.01157	0.01205	0.00675	0.00771	0.01157	0.01591	0.02121	0.04579	0.70262	0.05495	0.02603	0.01060	0.00337	0.00482	0.02362	0.00771	0.00675
8	0.02663	0.02081	0.02215	0.01811	0.02388	0.02345	0.01459	0.36377	0.31187	0.04438	0.02623	0.02495	0.01922	0.01056	0.00838	0.00264	0.00798	0.00835	0.00838	0.01368
9	0.02102	0.01090	0.01376	0.01180	0.01571	0.00973	0.00928	0.02498	0.04550	0.26206	0.26728	0.05269	0.19059	0.01526	0.00922	0.00265	0.00524	0.01295	0.00920	0.01016
10	0.01704	0.08012	0.27620	0.02384	0.03138	0.01960	0.18082	0.02323	0.01719	0.02431	0.01942	0.12409	0.01797	0.01121	0.01100	0.00285	0.09494	0.00980	0.00436	0.01063
11	0.01187	0.00890	0.01335	0.01335	0.01483	0.01038	0.01038	0.01483	0.01335	0.01928	0.02225	0.03264	0.02077	0.06231	0.67512	0.01335	0.02225	0.00890	0.00445	0.00742
12	0.02021	0.02003	0.06456	0.17760	0.09984	0.02040	0.18349	0.12565	0.02116	0.02946	0.01689	0.02175	0.01299	0.00886	0.01040	0.00271	0.07998	0.00801	0.06500	0.01101
13	0.03727	0.01414	0.01928	0.01478	0.02121	0.01221	0.01221	0.04049	0.02378	0.66198	0.03277	0.02828	0.02056	0.01028	0.00835	0.00257	0.00707	0.00835	0.01028	0.01414
14	0.01732	0.01816	0.06603	0.27112	0.07392	0.01826	0.20852	0.02274	0.01733	0.02422	0.01652	0.02269	0.01285	0.00915	0.01063	0.03018	0.05703	0.00809	0.08538	0.00984
15	0.02756	0.02061	0.02218	0.01800	0.02386	0.02299	0.01454	0.36403	0.27726	0.07906	0.02616	0.02479	0.01894	0.01051	0.00837	0.00263	0.00801	0.00829	0.00848	0.01374
16	0.02477	0.23258	0.02825	0.01706	0.02291	0.09038	0.01439	0.17677	0.24646	0.03291	0.02166	0.02140	0.01676	0.00943	0.00737	0.00236	0.00872	0.00703	0.00652	0.01228
17	0.01965	0.01933	0.03406	0.13277	0.46207	0.02004	0.10235	0.02477	0.01836	0.02589	0.01541	0.02088	0.01268	0.00786	0.00948	0.00261	0.04787	0.00770	0.00404	0.01216
18	0.02194	0.01882	0.01906	0.01705	0.02180	0.05459	0.01326	0.04341	0.58166	0.06158	0.03267	0.03004	0.02438	0.01109	0.00840	0.00277	0.00704	0.00913	0.00831	0.01301
19	0.02066	0.01785	0.01878	0.01691	0.02160	0.02066	0.01315	0.04414	0.64121	0.03475	0.03381	0.03099	0.02536	0.01127	0.00845	0.00282	0.00657	0.00939	0.00845	0.01315
20	0.01742	0.01494	0.01731	0.01256	0.01980	0.01161	0.01003	0.02222	0.05232	0.02750	0.01584	0.01800	0.01304	0.00644	0.00628	0.00132	0.00618	0.00517	0.00512	0.71689
21	0.01022	0.00835	0.00903	0.00903	0.01151	0.00716	0.00671	0.01264	0.01963	0.02449	0.19297	0.11842	0.49981	0.02058	0.00987	0.00281	0.00419	0.01745	0.00799	0.00716
22	0.03106	0.03886	0.02360	0.02130	0.02569	0.64547	0.01604	0.05998	0.02424	0.02177	0.01316	0.01520	0.01086	0.00862	0.00753	0.00216	0.01472	0.00545	0.00446	0.00983
23	0.01026	0.00739	0.00976	0.01160	0.01225	0.00689	0.00792	0.01185	0.01619	0.02143	0.04738	0.64691	0.08080	0.02566	0.01061	0.00337	0.00493	0.05028	0.00771	0.00680
24	0.02066	0.01785	0.01878	0.01691	0.02160	0.02066	0.01315	0.04414	0.64121	0.03475	0.03381	0.03099	0.02536	0.01127	0.00845	0.00282	0.00657	0.00939	0.00845	0.01315
25	0.03103	0.03959	0.02354	0.02140	0.02568	0.67469	0.01605	0.03317	0.02354	0.02033	0.01284	0.01498	0.01070	0.00856	0.00749	0.00214	0.01498	0.00535	0.00428	0.00963
26	0.01818	0.01818	0.02545	0.02181	0.02181	0.02545	0.01818	0.01999	0.01272	0.01999	0.01091	0.01818	0.01091	0.01454	0.02726	0.00364	0.69284	0.00727	0.00364	0.00909
27	0.03183	0.02287	0.02468	0.01892	0.02556	0.02517	0.01563	0.60284	0.03839	0.07898	0.02051	0.02031	0.01441	0.00999	0.00831	0.00250	0.00905	0.00752	0.00840	0.01413
28	0.01187	0.00890	0.01335	0.01335	0.01483	0.01038	0.01038	0.01483	0.01335	0.01928	0.02225	0.03264	0.02077	0.06231	0.67512	0.01335	0.02225	0.00890	0.00445	0.00742
29	0.01208	0.00805	0.00906	0.00906	0.00906	0.00805	0.00503	0.01208	0.01208	0.01611	0.02618	0.05436	0.03020	0.70804	0.04228	0.00805	0.00805	0.01208	0.00503	0.00503
30	0.03103	0.03959	0.02354	0.02140	0.02568	0.67469	0.01605	0.03317	0.02354	0.02033	0.01284	0.01498	0.01070	0.00856	0.00749	0.00214	0.01498	0.00535	0.00428	0.00963
31	0.01012	0.00723	0.00964	0.01157	0.01205	0.00675	0.00771	0.01157	0.01591	0.02121	0.04579	0.70262	0.05495	0.02603	0.01060	0.00337	0.00482	0.02362	0.00771	0.00675
32	0.08581	0.01530	0.01944	0.01501	0.02138	0.01418	0.01240	0.10587	0.02485	0.55094	0.02989	0.02634	0.01906	0.01007	0.00813	0.00256	0.00726	0.00800	0.00971	0.01379
33	0.72062	0.05923	0.01415	0.01113	0.01639	0.01952	0.00932	0.02445	0.01431	0.03617	0.01157	0.01348	0.00910	0.00767	0.00515	0.00252	0.00658	0.00449	0.00504	0.00910
34	0.01931	0.02293	0.07933	0.03345	0.06350	0.02139	0.49961	0.02578	0.01866	0.02584	0.01597	0.02158	0.01231	0.00795	0.01169	0.00288	0.09343	0.00922	0.00409	0.01109

[dist]
# distance from previous block
# <min> <max>
0	2

[block]
# block no. 3 follows, 22 sequences, length 69
# corresponding to MSA columns:
# 256-265,268-326
name=unknown_D
#
# <colnr> <probs for GDERKNQSTAVLIFYWHMCP>
#	G	D	E	R	K	N	Q	S	T	A	V	L	I	F	Y	W	H	M	C	P
0	0.53723	0.01849	0.01493	0.01292	0.01821	0.09532	0.01046	0.02859	0.01713	0.15695	0.01585	0.01655	0.01145	0.00831	0.00605	0.00252	0.00757	0.00535	0.00604	0.01007
1	0.02978	0.01690	0.04380	0.01739	0.04965	0.01591	0.01381	0.09152	0.17950	0.36612	0.06265	0.02923	0.02350	0.01064	0.00843	0.00263	0.00728	0.00876	0.00907	0.01345
2	0.02645	0.13108	0.02256	0.01396	0.02072	0.01586	0.01177	0.03121	0.06483	0.28446	0.02292	0.02206	0.01633	0.00836	0.00708	0.00198	0.00701	0.00656	0.00713	0.27767
3	0.02374	0.59661	0.04008	0.01546	0.02208	0.14384	0.01453	0.02631	0.01803	0.01968	0.01177	0.01361	0.01067	0.00736	0.00570	0.00184	0.00994	0.00460	0.00368	0.01048
4	0.01012	0.00843	0.00883	0.00873	0.01140	0.00714	0.00655	0.01250	0.01964	0.02412	0.17162	0.07719	0.56435	0.02041	0.00982	0.00278	0.00416	0.01715	0.00793	0.00714
5	0.01187	0.00890	0.01335	0.01335	0.01483	0.01038	0.01038	0.01483	0.01335	0.01928	0.02225	0.03264	0.02077	0.06231	0.67512	0.01335	0.02225	0.00890	0.00445	0.00742
6	0.02221	0.71304	0.04353	0.01421	0.02132	0.03287	0.01421	0.02488	0.01688	0.01955	0.01155	0.01333	0.01066	0.00711	0.00533	0.00178	0.00888	0.00444	0.00355	0.01066
7	0.01818	0.01818	0.02545	0.02181	0.02181	0.02545	0.01818	0.01999	0.01272	0.01999	0.01091	0.01818	0.01091	0.01454	0.02726	0.00364	0.69284	0.00727	0.00364	0.00909
8	0.01709	0.03645	0.48907	0.02561	0.03646	0.01910	0.16695	0.02583	0.01833	0.02674	0.04820	0.02096	0.01450	0.00816	0.00843	0.00267	0.01225	0.00744	0.00396	0.01180
9	0.01176	0.00849	0.01110	0.01045	0.01241	0.00784	0.00784	0.01568	0.02352	0.03331	0.65184	0.06206	0.07839	0.01698	0.00980	0.00261	0.00392	0.01502	0.00914	0.00784
10	0.02934	0.02215	0.02367	0.01866	0.02491	0.02471	0.01525	0.50846	0.16278	0.04874	0.02279	0.02222	0.01644	0.01024	0.00834	0.00256	0.00861	0.00787	0.00834	0.01393
11	0.00982	0.00842	0.00842	0.00842	0.01122	0.00701	0.00631	0.01192	0.01894	0.02244	0.08416	0.07995	0.65285	0.02104	0.00982	0.00281	0.00421	0.01753	0.00771	0.00701
12	0.02644	0.02282	0.02102	0.01751	0.02262	0.13619	0.01384	0.31360	0.15842	0.03890	0.02566	0.02658	0.05143	0.03959	0.00957	0.00272	0.00907	0.00825	0.04371	0.01206
13	0.03695	0.01466	0.01960	0.01503	0.02147	0.01298	0.01241	0.07403	0.02465	0.62720	0.03204	0.02780	0.02020	0.01026	0.00835	0.00257	0.00719	0.00830	0.01017	0.01414
14	0.01929	0.09862	0.26354	0.02643	0.03535	0.05866	0.25870	0.02610	0.01835	0.02511	0.01497	0.01889	0.01146	0.00779	0.00933	0.00258	0.04932	0.00736	0.00390	0.04426
15	0.03207	0.01870	0.02147	0.01669	0.02286	0.01945	0.01371	0.35004	0.05862	0.26976	0.02566	0.02417	0.01742	0.01012	0.00816	0.00250	0.00793	0.00790	0.05910	0.01366
16	0.01189	0.00882	0.01292	0.01292	0.01426	0.01015	0.00985	0.01456	0.01322	0.01897	0.02264	0.03481	0.02171	0.12700	0.61172	0.01282	0.02083	0.00922	0.00451	0.00718
17	0.01029	0.00735	0.00983	0.01176	0.01232	0.00689	0.00801	0.01186	0.01607	0.02140	0.04569	0.67097	0.05457	0.02587	0.01065	0.00340	0.00497	0.05359	0.00771	0.00679
18	0.01723	0.01477	0.01723	0.01230	0.01969	0.01107	0.00984	0.02092	0.01723	0.02707	0.01477	0.01723	0.01230	0.00615	0.00615	0.00123	0.00615	0.00492	0.00492	0.75883
19	0.01187	0.00856	0.01126	0.01078	0.01273	0.00795	0.00821	0.01578	0.02322	0.03275	0.61103	0.06418	0.07633	0.01738	0.00991	0.00269	0.00417	0.05432	0.00904	0.00783
20	0.02221	0.71304	0.04353	0.01421	0.02132	0.03287	0.01421	0.02488	0.01688	0.01955	0.01155	0.01333	0.01066	0.00711	0.00533	0.00178	0.00888	0.00444	0.00355	0.01066
21	0.10031	0.44631	0.17596	0.01644	0.02429	0.07146	0.01742	0.02570	0.01718	0.02296	0.01238	0.01438	0.01046	0.00744	0.00602	0.00207	0.00978	0.00488	0.00376	0.01077
22	0.02172	0.02046	0.01911	0.01725	0.02177	0.11125	0.01332	0.04136	0.52792	0.03268	0.05811	0.03013	0.02565	0.01114	0.00838	0.00271	0.00763	0.00908	0.00790	0.01242
23	0.02262	0.01653	0.01919	0.01701	0.02135	0.01777	0.01434	0.33011	0.02955	0.03935	0.06158	0.05439	0.03207	0.01601	0.00977	0.00308	0.00823	0.26801	0.00806	0.01098
24	0.00982	0.00842	0.00842	0.00842	0.01122	0.00701	0.00631	0.01192	0.01894	0.02244	0.08416	0.07995	0.65285	0.02104	0.00982	0.00281	0.00421	0.01753	0.00771	0.00701
25	0.01723	0.01477	0.01723	0.01230	0.01969	0.01107	0.00984	0.02092	0.01723	0.02707	0.01477	0.01723	0.01230	0.00615	0.00615	0.00123	0.00615	0.00492	0.00492	0.75883
26	0.02066	0.01785	0.01878	0.01691	0.02160	0.02066	0.01315	0.04414	0.64121	0.03475	0.03381	0.03099	0.02536	0.01127	0.00845	0.00282	0.00657	0.00939	0.00845	0.01315
27	0.76672	0.01607	0.01221	0.01092	0.01607	0.01864	0.00900	0.02442	0.01414	0.03727	0.01157	0.01350	0.00900	0.00771	0.00514	0.00257	0.00643	0.00450	0.00514	0.00900
28	0.01666	0.04297	0.66500	0.02368	0.03596	0.01929	0.03069	0.02631	0.01754	0.02631	0.01491	0.01754	0.01052	0.00789	0.00789	0.00263	0.01228	0.00614	0.00351	0.01228
29	0.01087	0.00889	0.00964	0.00938	0.01205	0.00790	0.00705	0.01450	0.05041	0.02596	0.23419	0.07276	0.46805	0.01948	0.00975	0.00275	0.00425	0.01646	0.00813	0.00753
30	0.01803	0.01607	0.02702	0.48449	0.21680	0.01850	0.02321	0.02329	0.01757	0.05330	0.01585	0.02201	0.01209	0.00816	0.00829	0.00268	0.01056	0.00743	0.00412	0.01052
31	0.05276	0.01689	0.05354	0.01545	0.02239	0.01381	0.04724	0.07983	0.02167	0.24286	0.05572	0.02376	0.01861	0.00865	0.00753	0.00207	0.00737	0.00716	0.00713	0.29555
32	0.01216	0.00892	0.01145	0.01074	0.01283	0.00842	0.00808	0.01697	0.05155	0.03338	0.62379	0.06065	0.07598	0.01672	0.00974	0.00262	0.00404	0.01477	0.00911	0.00808
33	0.01896	0.18329	0.41208	0.02406	0.06533	0.05063	0.08352	0.02628	0.01793	0.02467	0.01432	0.01715	0.01090	0.00764	0.00753	0.00243	0.01171	0.00616	0.00365	0.01176
34	0.42134	0.11471	0.02111	0.01734	0.07259	0.15481	0.01292	0.02616	0.01676	0.02983	0.01214	0.01457	0.01000	0.00808	0.00688	0.00241	0.03902	0.00503	0.00460	0.00970
35	0.02456	0.01978	0.02098	0.01769	0.02309	0.02248	0.01409	0.25288	0.42613	0.04104	0.02886	0.02705	0.02135	0.01081	0.00840	0.00270	0.00749	0.00871	0.00840	0.01350
36	0.01583	0.01328	0.01573	0.01216	0.01818	0.01022	0.00942	0.01908	0.01697	0.02592	0.02087	0.15220	0.02070	0.01007	0.00703	0.00165	0.00589	0.00860	0.00547	0.61072
37	0.01208	0.00805	0.00906	0.00906	0.00906	0.00805	0.00503	0.01208	0.01208	0.01611	0.02618	0.05436	0.03020	0.70804	0.04228	0.00805	0.00805	0.01208	0.00503	0.00503
38	0.02221	0.71304	0.04353	0.01421	0.02132	0.03287	0.01421	0.02488	0.01688	0.01955	0.01155	0.01333	0.01066	0.00711	0.00533	0.00178	0.00888	0.00444	0.00355	0.01066
39	0.01012	0.00723	0.00964	0.01157	0.01205	0.00675	0.00771	0.01157	0.01591	0.02121	0.04579	0.70262	0.05495	0.02603	0.01060	0.00337	0.00482	0.02362	0.00771	0.00675
40	0.01568	0.01447	0.02419	0.65937	0.05521	0.01800	0.02234	0.02115	0.01665	0.02164	0.01529	0.02252	0.01151	0.00836	0.00820	0.00273	0.01077	0.00740	0.03536	0.00917
41	0.08472	0.05396	0.09799	0.10383	0.23095	0.01880	0.08426	0.05571	0.01973	0.05644	0.07208	0.02624	0.01940	0.00919	0.00822	0.00260	0.00960	0.02980	0.00512	0.01136
42	0.01913	0.01724	0.04877	0.01618	0.02383	0.01334	0.09305	0.04541	0.01872	0.06226	0.01621	0.01863	0.01278	0.00670	0.00691	0.00162	0.00761	0.00590	0.00518	0.56052
43	0.01334	0.00922	0.01186	0.01097	0.01327	0.00869	0.00830	0.01824	0.05543	0.06096	0.59277	0.05897	0.07311	0.01639	0.00967	0.00262	0.00419	0.01444	0.00916	0.00839
44	0.01085	0.00800	0.01020	0.01131	0.01247	0.00722	0.00765	0.01243	0.01591	0.02143	0.04368	0.56918	0.07901	0.06985	0.01231	0.00347	0.00512	0.02093	0.00729	0.07170
45	0.01008	0.00804	0.00904	0.00961	0.01159	0.00700	0.00690	0.01213	0.01835	0.02298	0.12088	0.27936	0.41020	0.02230	0.01007	0.00297	0.00438	0.01928	0.00784	0.00700
46	0.76672	0.01607	0.01221	0.01092	0.01607	0.01864	0.00900	0.02442	0.01414	0.03727	0.01157	0.01350	0.00900	0.00771	0.00514	0.00257	0.00643	0.00450	0.00514	0.00900
47	0.02266	0.01611	0.02108	0.01567	0.02227	0.01422	0.06815	0.11987	0.02203	0.13967	0.04708	0.02381	0.01779	0.04254	0.00915	0.00220	0.00751	0.00716	0.00650	0.37456
48	0.01569	0.01487	0.02516	0.58850	0.05233	0.01830	0.04816	0.02087	0.01650	0.02139	0.01633	0.05877	0.01351	0.00953	0.00948	0.00285	0.04630	0.00836	0.00393	0.00917
49	0.01021	0.00730	0.00972	0.01150	0.01207	0.00681	0.00772	0.01180	0.01634	0.02190	0.08036	0.66608	0.05628	0.02551	0.01056	0.00333	0.00477	0.02313	0.00779	0.00681
50	0.02057	0.02022	0.03224	0.11867	0.55858	0.05343	0.02474	0.02543	0.01890	0.02615	0.01539	0.02045	0.01281	0.00756	0.00820	0.00248	0.01026	0.00729	0.00408	0.01255
51	0.01711	0.07303	0.52764	0.02529	0.09442	0.01938	0.02817	0.02554	0.01775	0.02594	0.01676	0.02273	0.01329	0.00882	0.00803	0.00265	0.01156	0.04607	0.00385	0.01197
52	0.01236	0.00827	0.01077	0.01097	0.01255	0.00761	0.00785	0.01506	0.01996	0.05994	0.33681	0.31099	0.08931	0.04458	0.01118	0.00311	0.00459	0.01804	0.00844	0.00760
53	0.01901	0.01555	0.01936	0.01394	0.02129	0.01237	0.04228	0.05203	0.01874	0.05850	0.01598	0.01816	0.01280	0.00658	0.00655	0.00144	0.00675	0.00546	0.00531	0.64791
54	0.68094	0.05103	0.05753	0.01194	0.01765	0.01936	0.01070	0.02457	0.01450	0.03569	0.01179	0.01376	0.00918	0.00769	0.00533	0.00254	0.00694	0.00461	0.00496	0.00930
55	0.05725	0.01448	0.01752	0.01304	0.01974	0.01149	0.03323	0.02052	0.01704	0.02710	0.01735	0.07651	0.01583	0.00799	0.00662	0.00155	0.00635	0.00670	0.00515	0.62456
56	0.76672	0.01607	0.01221	0.01092	0.01607	0.01864	0.00900	0.02442	0.01414	0.03727	0.01157	0.01350	0.00900	0.00771	0.00514	0.00257	0.00643	0.00450	0.00514	0.00900
57	0.01208	0.00805	0.00906	0.00906	0.00906	0.00805	0.00503	0.01208	0.01208	0.01611	0.02618	0.05436	0.03020	0.70804	0.04228	0.00805	0.00805	0.01208	0.00503	0.00503
58	0.02221	0.71304	0.04353	0.01421	0.02132	0.03287	0.01421	0.02488	0.01688	0.01955	0.01155	0.01333	0.01066	0.00711	0.00533	0.00178	0.00888	0.00444	0.00355	0.01066
59	0.01818	0.01818	0.02545	0.02181	0.02181	0.02545	0.01818	0.01999	0.01272	0.01999	0.01091	0.01818	0.01091	0.01454	0.02726	0.00364	0.69284	0.00727	0.00364	0.00909
60	0.03103	0.03959	0.02354	0.02140	0.02568	0.67469	0.01605	0.03317	0.02354	0.02033	0.01284	0.01498	0.01070	0.00856	0.00749	0.00214	0.01498	0.00535	0.00428	0.00963
61	0.01208	0.00805	0.00906	0.00906	0.00906	0.00805	0.00503	0.01208	0.01208	0.01611	0.02618	0.05436	0.03020	0.70804	0.04228	0.00805	0.00805	0.01208	0.00503	0.00503
62	0.01549	0.00774	0.00774	0.00774	0.00968	0.00774	0.00581	0.01936	0.01742	0.03097	0.02710	0.03097	0.02129	0.00968	0.00581	0.00194	0.00387	0.00774	0.75416	0.00774
63	0.01012	0.00723	0.00964	0.01157	0.01205	0.00675	0.00771	0.01157	0.01591	0.02121	0.04579	0.70262	0.05495	0.02603	0.01060	0.00337	0.00482	0.02362	0.00771	0.00675
64	0.02437	0.01613	0.01857	0.04964	0.02119	0.01752	0.01246	0.32082	0.02721	0.07386	0.02099	0.02408	0.01606	0.01542	0.04448	0.12286	0.00847	0.00760	0.14760	0.01067
65	0.06177	0.01838	0.04710	0.01604	0.02075	0.01875	0.01308	0.35947	0.02881	0.03972	0.04799	0.17198	0.02630	0.07688	0.01176	0.00320	0.00792	0.01145	0.00754	0.01113
