[name]
unknown

[dist]
# distance from previous block
# <min> <max>
0	48

[block]
# block no. 0 follows, 22 sequences, length 11
# corresponding to MSA columns:
# 50-60
name=unknown_A
#
# <colnr> <probs for GDERKNQSTAVLIFYWHMCP>
#	G	D	E	R	K	N	Q	S	T	A	V	L	I	F	Y	W	H	M	C	P
0	0.01339	0.00956	0.01339	0.01530	0.01721	0.00956	0.01339	0.01721	0.01912	0.02486	0.04399	0.09371	0.04781	0.02295	0.01147	0.00382	0.00765	0.60031	0.00765	0.00765
1	0.03727	0.01414	0.01928	0.01478	0.02121	0.01221	0.01221	0.04049	0.02378	0.66198	0.03277	0.02828	0.02056	0.01028	0.00835	0.00257	0.00707	0.00835	0.01028	0.01414
2	0.03531	0.01370	0.01865	0.01445	0.02053	0.01187	0.01187	0.03857	0.02376	0.61352	0.08049	0.03088	0.02502	0.01080	0.00847	0.00257	0.00683	0.00887	0.01019	0.01365
3	0.01012	0.00723	0.00964	0.01157	0.01205	0.00675	0.00771	0.01157	0.01591	0.02121	0.04579	0.70262	0.05495	0.02603	0.01060	0.00337	0.00482	0.02362	0.00771	0.00675
4	0.01012	0.00723	0.00964	0.01157	0.01205	0.00675	0.00771	0.01157	0.01591	0.02121	0.04579	0.70262	0.05495	0.02603	0.01060	0.00337	0.00482	0.02362	0.00771	0.00675
5	0.01569	0.01477	0.02492	0.68808	0.05722	0.01846	0.02307	0.02123	0.01661	0.02123	0.01477	0.02215	0.01107	0.00831	0.00831	0.00277	0.01107	0.00738	0.00369	0.00923
6	0.03040	0.02268	0.02426	0.01887	0.02531	0.02521	0.01550	0.56513	0.10438	0.05045	0.02145	0.02114	0.01535	0.01011	0.00833	0.00253	0.00886	0.00769	0.00833	0.01402
7	0.03416	0.01461	0.01895	0.01483	0.02094	0.01332	0.01215	0.07172	0.07180	0.54467	0.03499	0.03088	0.05555	0.01094	0.00844	0.00260	0.00699	0.00889	0.00989	0.01367
8	0.01607	0.01552	0.02729	0.62368	0.05586	0.01871	0.08253	0.02176	0.01691	0.02176	0.01497	0.02217	0.01123	0.00818	0.00845	0.00277	0.01136	0.00762	0.00374	0.00942
9	0.01091	0.00811	0.01118	0.07802	0.01629	0.00806	0.00903	0.01279	0.01610	0.02149	0.07475	0.55027	0.05001	0.07619	0.01277	0.00363	0.00564	0.02065	0.00719	0.00692
10	0.01012	0.00723	0.00964	0.01157	0.01205	0.00675	0.00771	0.01157	0.01591	0.02121	0.04579	0.70262	0.05495	0.02603	0.01060	0.00337	0.00482	0.02362	0.00771	0.00675

[dist]
# distance from previous block
# <min> <max>
0	1

[block]
# block no. 1 follows, 22 sequences, length 12
# corresponding to MSA columns:
# 62-73
name=unknown_B
#
# <colnr> <probs for GDERKNQSTAVLIFYWHMCP>
#	G	D	E	R	K	N	Q	S	T	A	V	L	I	F	Y	W	H	M	C	P
0	0.01242	0.00896	0.01026	0.01038	0.01195	0.00901	0.00724	0.01608	0.07156	0.02224	0.04292	0.15058	0.17595	0.21547	0.10308	0.00559	0.00784	0.01392	0.09745	0.00711
1	0.02960	0.02207	0.02451	0.02056	0.06267	0.02423	0.01587	0.55434	0.03642	0.04892	0.02128	0.06211	0.01659	0.01081	0.00845	0.00255	0.00892	0.00847	0.00802	0.01361
2	0.01884	0.01607	0.01882	0.01414	0.02057	0.01443	0.01140	0.07696	0.06087	0.02918	0.01614	0.01849	0.01321	0.00765	0.00854	0.00168	0.07271	0.00568	0.00534	0.56928
3	0.03148	0.01997	0.02235	0.01739	0.02364	0.02130	0.01428	0.41843	0.07500	0.19796	0.02432	0.02322	0.01678	0.01012	0.00822	0.00251	0.00822	0.00783	0.04321	0.01377
4	0.33569	0.01764	0.01747	0.01417	0.01966	0.01932	0.01164	0.21190	0.02297	0.08330	0.01685	0.01815	0.01254	0.00887	0.00750	0.00243	0.03854	0.00605	0.05125	0.08407
5	0.01035	0.00736	0.00970	0.01134	0.01189	0.00690	0.00756	0.01188	0.01619	0.02172	0.08572	0.62029	0.05505	0.06632	0.01245	0.00360	0.00495	0.02234	0.00765	0.00672
6	0.01051	0.00773	0.01011	0.03911	0.01357	0.00738	0.00797	0.01205	0.01585	0.02084	0.04610	0.55748	0.10449	0.08902	0.01342	0.00374	0.00533	0.02131	0.00729	0.00671
7	0.01972	0.02045	0.03921	0.09430	0.03856	0.02122	0.39369	0.08109	0.01998	0.02730	0.01733	0.05177	0.01423	0.00935	0.01210	0.00292	0.11178	0.00959	0.00461	0.01078
8	0.01238	0.01068	0.01162	0.05117	0.01569	0.03844	0.00875	0.01648	0.05845	0.02609	0.23591	0.12394	0.32305	0.01840	0.00961	0.00277	0.00522	0.01572	0.00778	0.00786
9	0.06624	0.01748	0.02137	0.02114	0.11948	0.01813	0.02881	0.12826	0.21172	0.09358	0.02933	0.02896	0.07483	0.01036	0.00809	0.00249	0.00745	0.00863	0.00717	0.09649
10	0.56595	0.01524	0.01444	0.14579	0.02384	0.01786	0.01159	0.02344	0.01485	0.03364	0.01326	0.01641	0.01025	0.00796	0.00582	0.00257	0.00718	0.00529	0.05566	0.00896
11	0.06098	0.01988	0.01881	0.01659	0.02120	0.10824	0.01289	0.11098	0.32266	0.07033	0.04445	0.09001	0.02464	0.01191	0.00831	0.00266	0.00783	0.00966	0.00766	0.03030

[dist]
# distance from previous block
# <min> <max>
0	1

[block]
# block no. 2 follows, 22 sequences, length 15
# corresponding to MSA columns:
# 75-89
name=unknown_C
#
# <colnr> <probs for GDERKNQSTAVLIFYWHMCP>
#	G	D	E	R	K	N	Q	S	T	A	V	L	I	F	Y	W	H	M	C	P
0	0.01784	0.01567	0.02419	0.42585	0.12737	0.01818	0.02047	0.10461	0.01994	0.02632	0.01947	0.10656	0.01725	0.01063	0.00858	0.00277	0.00987	0.00942	0.00489	0.01012
1	0.02536	0.02504	0.02292	0.01965	0.02340	0.20822	0.01564	0.17086	0.14396	0.03089	0.01854	0.02059	0.01474	0.01098	0.01287	0.00273	0.18492	0.00720	0.03035	0.01117
2	0.53984	0.01479	0.01365	0.05191	0.01866	0.01649	0.01006	0.02497	0.01661	0.10832	0.09663	0.02198	0.01939	0.00924	0.00630	0.00259	0.00646	0.00647	0.00617	0.00946
3	0.02503	0.01575	0.01875	0.01425	0.02078	0.01411	0.01153	0.12038	0.06494	0.21175	0.05675	0.02415	0.01942	0.00884	0.00746	0.00199	0.00677	0.00714	0.00743	0.34278
4	0.02075	0.01571	0.01870	0.01483	0.02087	0.01465	0.02901	0.06223	0.19242	0.10009	0.02455	0.07043	0.01993	0.00965	0.00757	0.00208	0.00667	0.00813	0.00685	0.35490
5	0.01588	0.00974	0.01206	0.01142	0.01423	0.00846	0.00826	0.01791	0.01758	0.13111	0.04403	0.31895	0.14533	0.08791	0.01263	0.00331	0.00560	0.01621	0.00750	0.11189
6	0.32251	0.01917	0.01819	0.06012	0.02253	0.05210	0.01266	0.26116	0.02484	0.04070	0.01657	0.01830	0.01237	0.00886	0.00677	0.00247	0.00798	0.00620	0.07553	0.01094
7	0.08530	0.01414	0.02193	0.51419	0.04664	0.01693	0.01957	0.02204	0.01685	0.06981	0.01867	0.08475	0.01564	0.01004	0.00823	0.00279	0.00978	0.00869	0.00468	0.00934
8	0.01122	0.00844	0.01119	0.01215	0.01270	0.00870	0.00843	0.01284	0.01611	0.02197	0.10806	0.50910	0.05124	0.08706	0.01496	0.00375	0.06780	0.02010	0.00725	0.00692
9	0.01382	0.01052	0.01276	0.01263	0.01438	0.05037	0.00974	0.01693	0.01485	0.02187	0.02272	0.03120	0.02027	0.04765	0.48976	0.01020	0.01784	0.00843	0.16642	0.00762
10	0.07925	0.02280	0.02411	0.01858	0.02513	0.02530	0.01535	0.58935	0.03744	0.05138	0.01940	0.01953	0.01380	0.00983	0.00810	0.00250	0.00897	0.00729	0.00810	0.01380
11	0.60667	0.01579	0.01492	0.15523	0.02484	0.01860	0.01200	0.02374	0.01466	0.03385	0.01225	0.01534	0.00944	0.00784	0.00582	0.00261	0.00742	0.00511	0.00483	0.00905
12	0.03002	0.01504	0.01905	0.04596	0.02244	0.01480	0.01274	0.07411	0.16023	0.40161	0.08632	0.03108	0.02592	0.01098	0.00850	0.00263	0.00699	0.00908	0.00936	0.01314
13	0.01528	0.00965	0.01198	0.01092	0.01384	0.00846	0.00816	0.01814	0.02032	0.11662	0.27278	0.14736	0.16732	0.05928	0.01136	0.00296	0.00501	0.01467	0.00819	0.07771
14	0.34596	0.04651	0.01531	0.03573	0.01795	0.01663	0.01013	0.09943	0.01955	0.09329	0.04399	0.02499	0.05877	0.00977	0.00654	0.00244	0.00645	0.00710	0.12964	0.00982

[dist]
# distance from previous block
# <min> <max>
29	46

[block]
# block no. 3 follows, 22 sequences, length 7
# corresponding to MSA columns:
# 138-144
name=unknown_D
#
# <colnr> <probs for GDERKNQSTAVLIFYWHMCP>
#	G	D	E	R	K	N	Q	S	T	A	V	L	I	F	Y	W	H	M	C	P
0	0.02122	0.02335	0.14876	0.15892	0.23807	0.01998	0.04664	0.11056	0.06355	0.06150	0.01806	0.02138	0.01357	0.00842	0.00827	0.00260	0.01025	0.00745	0.00511	0.01234
1	0.02355	0.29358	0.21963	0.01903	0.02706	0.14897	0.01962	0.11062	0.02141	0.02623	0.01394	0.01579	0.01111	0.00801	0.00690	0.00220	0.01107	0.00553	0.00434	0.01142
2	0.01754	0.16561	0.42558	0.14720	0.03717	0.02173	0.02611	0.02508	0.01724	0.02406	0.01424	0.01760	0.01065	0.00782	0.00748	0.00249	0.01140	0.00605	0.00355	0.01139
3	0.05766	0.24411	0.02656	0.01447	0.02061	0.02120	0.01255	0.11932	0.05963	0.14094	0.06224	0.04682	0.02009	0.00960	0.00710	0.00216	0.00750	0.00736	0.00654	0.11355
4	0.18345	0.02547	0.14299	0.01825	0.02564	0.02304	0.01717	0.38781	0.02976	0.04427	0.01723	0.01813	0.01237	0.00910	0.00756	0.00254	0.00916	0.00660	0.00674	0.01270
5	0.16245	0.01345	0.01455	0.01307	0.01691	0.01416	0.01016	0.07675	0.13822	0.10894	0.16530	0.13420	0.07040	0.01428	0.00847	0.00275	0.00587	0.01190	0.00803	0.01014
6	0.30352	0.01497	0.01627	0.01288	0.01901	0.01437	0.01057	0.03079	0.01895	0.30905	0.02147	0.02069	0.01470	0.00854	0.00674	0.00231	0.00666	0.00627	0.00735	0.15489

[dist]
# distance from previous block
# <min> <max>
0	4

[block]
# block no. 4 follows, 22 sequences, length 37
# corresponding to MSA columns:
# 149-185
name=unknown_E
#
# <colnr> <probs for GDERKNQSTAVLIFYWHMCP>
#	G	D	E	R	K	N	Q	S	T	A	V	L	I	F	Y	W	H	M	C	P
0	0.02030	0.01806	0.02774	0.13883	0.37042	0.01909	0.02118	0.11172	0.05416	0.02965	0.02028	0.09354	0.01805	0.01009	0.00851	0.00263	0.00924	0.00923	0.00527	0.01201
1	0.01860	0.02080	0.04485	0.03253	0.04009	0.01950	0.56053	0.02502	0.01922	0.02604	0.01988	0.09448	0.01709	0.00902	0.00989	0.00286	0.01303	0.01127	0.00457	0.01073
2	0.03237	0.01654	0.04207	0.01536	0.02201	0.01441	0.01301	0.13353	0.02526	0.44221	0.04664	0.02620	0.01990	0.00984	0.00810	0.00240	0.00738	0.00791	0.00903	0.10581
3	0.02216	0.05814	0.04124	0.05239	0.03748	0.04868	0.42193	0.02779	0.01949	0.10369	0.01778	0.02198	0.01321	0.00813	0.01064	0.00276	0.06755	0.00886	0.00486	0.01123
4	0.01940	0.04319	0.04106	0.16607	0.04321	0.05581	0.41236	0.02538	0.01868	0.02453	0.01564	0.02140	0.01202	0.00784	0.01036	0.00278	0.05691	0.00874	0.00404	0.01056
5	0.01652	0.01042	0.01184	0.01076	0.01210	0.01058	0.00694	0.09047	0.01635	0.07266	0.02594	0.04801	0.02744	0.56560	0.03535	0.00693	0.00811	0.01121	0.00586	0.00689
6	0.02221	0.71304	0.04353	0.01421	0.02132	0.03287	0.01421	0.02488	0.01688	0.01955	0.01155	0.01333	0.01066	0.00711	0.00533	0.00178	0.00888	0.00444	0.00355	0.01066
7	0.01397	0.00722	0.01070	0.01090	0.01095	0.00717	0.00727	0.01090	0.01136	0.01515	0.01775	0.09703	0.01872	0.02856	0.03015	0.67831	0.00696	0.00895	0.00404	0.00394
8	0.03667	0.01511	0.01988	0.01524	0.02169	0.01365	0.01259	0.10279	0.02540	0.59738	0.03141	0.02739	0.01988	0.01025	0.00835	0.00256	0.00729	0.00826	0.01007	0.01414
9	0.01012	0.00723	0.00964	0.01157	0.01205	0.00675	0.00771	0.01157	0.01591	0.02121	0.04579	0.70262	0.05495	0.02603	0.01060	0.00337	0.00482	0.02362	0.00771	0.00675
10	0.02748	0.16219	0.02523	0.01666	0.02242	0.10458	0.01380	0.10221	0.22103	0.18236	0.02484	0.02349	0.01812	0.00970	0.00765	0.00242	0.00851	0.00741	0.00735	0.01254
11	0.01818	0.01681	0.02809	0.12895	0.44497	0.01726	0.02224	0.02278	0.01839	0.02559	0.02144	0.08480	0.02053	0.01094	0.00883	0.00275	0.00935	0.08190	0.00478	0.01143
12	0.01033	0.00738	0.00988	0.01181	0.01238	0.00693	0.00808	0.01193	0.01611	0.02144	0.04567	0.66350	0.05449	0.02583	0.01066	0.00340	0.00500	0.06067	0.00771	0.00681
13	0.02221	0.71304	0.04353	0.01421	0.02132	0.03287	0.01421	0.02488	0.01688	0.01955	0.01155	0.01333	0.01066	0.00711	0.00533	0.00178	0.00888	0.00444	0.00355	0.01066
14	0.02852	0.02315	0.02419	0.07312	0.02768	0.07854	0.01622	0.44223	0.09864	0.04394	0.02002	0.02081	0.01465	0.01005	0.00906	0.00257	0.03865	0.00749	0.00742	0.01304
15	0.03228	0.02214	0.02423	0.01858	0.02520	0.02409	0.01535	0.55593	0.03717	0.12761	0.02153	0.02097	0.01492	0.01001	0.00832	0.00250	0.00889	0.00759	0.00855	0.01413
16	0.01176	0.00849	0.01110	0.01045	0.01241	0.00784	0.00784	0.01568	0.02352	0.03331	0.65184	0.06206	0.07839	0.01698	0.00980	0.00261	0.00392	0.01502	0.00914	0.00784
17	0.01621	0.01530	0.02586	0.61999	0.12123	0.01859	0.02333	0.02168	0.01686	0.02186	0.01486	0.02198	0.01130	0.00821	0.00830	0.00274	0.01095	0.00738	0.00374	0.00965
18	0.01620	0.01529	0.02585	0.62057	0.12069	0.01859	0.02333	0.02168	0.01686	0.02185	0.01486	0.02198	0.01130	0.00821	0.00830	0.00274	0.01095	0.00738	0.00374	0.00964
19	0.02066	0.01785	0.01878	0.01691	0.02160	0.02066	0.01315	0.04414	0.64121	0.03475	0.03381	0.03099	0.02536	0.01127	0.00845	0.00282	0.00657	0.00939	0.00845	0.01315
20	0.76672	0.01607	0.01221	0.01092	0.01607	0.01864	0.00900	0.02442	0.01414	0.03727	0.01157	0.01350	0.00900	0.00771	0.00514	0.00257	0.00643	0.00450	0.00514	0.00900
21	0.01765	0.01582	0.02492	0.60549	0.05333	0.01936	0.02217	0.09620	0.01938	0.02507	0.01541	0.02188	0.01145	0.00851	0.00831	0.00273	0.01084	0.00739	0.00426	0.00983
22	0.01015	0.00843	0.00887	0.00876	0.01142	0.00715	0.00657	0.01256	0.01972	0.02430	0.18110	0.07689	0.55475	0.02035	0.00981	0.00277	0.00416	0.01710	0.00796	0.00715
23	0.02194	0.02053	0.01937	0.01746	0.02211	0.10140	0.01351	0.04279	0.56496	0.03297	0.03122	0.02902	0.02355	0.01094	0.00833	0.00273	0.00761	0.00889	0.00794	0.01271
24	0.02035	0.01952	0.03333	0.07919	0.62971	0.01968	0.02539	0.02531	0.01881	0.02688	0.01559	0.02063	0.01307	0.00744	0.00823	0.00248	0.00992	0.00740	0.00409	0.01299
25	0.02196	0.06556	0.02340	0.01875	0.02385	0.10222	0.06300	0.04014	0.47473	0.03134	0.02842	0.02719	0.02158	0.01032	0.00824	0.00267	0.00836	0.00861	0.00728	0.01240
26	0.01012	0.00723	0.00964	0.01157	0.01205	0.00675	0.00771	0.01157	0.01591	0.02121	0.04579	0.70262	0.05495	0.02603	0.01060	0.00337	0.00482	0.02362	0.00771	0.00675
27	0.01018	0.00730	0.00957	0.01136	0.01192	0.00680	0.00757	0.01160	0.01589	0.02108	0.04659	0.65687	0.07696	0.04893	0.01165	0.00351	0.00491	0.02299	0.00762	0.00670
28	0.01186	0.00949	0.01508	0.01508	0.01678	0.00898	0.08349	0.01441	0.01693	0.02252	0.04196	0.51026	0.04854	0.02317	0.01066	0.00339	0.00644	0.12624	0.00728	0.00745
29	0.01816	0.01674	0.02710	0.48499	0.10130	0.01991	0.05748	0.08617	0.01912	0.02526	0.01527	0.02156	0.01165	0.00871	0.00954	0.00277	0.05230	0.00753	0.00424	0.01019
30	0.00997	0.00842	0.00863	0.00858	0.01132	0.00708	0.00643	0.01223	0.01930	0.02332	0.12993	0.07851	0.60653	0.02071	0.00982	0.00279	0.00418	0.01733	0.00783	0.00708
31	0.01208	0.00805	0.00906	0.00906	0.00906	0.00805	0.00503	0.01208	0.01208	0.01611	0.02618	0.05436	0.03020	0.70804	0.04228	0.00805	0.00805	0.01208	0.00503	0.00503
32	0.01917	0.01969	0.02755	0.07981	0.10438	0.06565	0.05157	0.02197	0.01486	0.02135	0.01224	0.01881	0.01127	0.01237	0.02119	0.00328	0.47401	0.00731	0.00377	0.00975
33	0.02273	0.67364	0.04236	0.01464	0.02158	0.07042	0.01432	0.02536	0.01727	0.01959	0.01162	0.01342	0.01066	0.00719	0.00546	0.00180	0.00924	0.00450	0.00360	0.01060
34	0.00995	0.00839	0.00845	0.00845	0.01109	0.00707	0.00624	0.01193	0.01853	0.02207	0.08077	0.07845	0.61643	0.06123	0.01172	0.00311	0.00443	0.01721	0.00756	0.00690
35	0.01819	0.01035	0.01063	0.00965	0.01238	0.01077	0.00748	0.12152	0.02105	0.03456	0.02590	0.02912	0.02009	0.00973	0.00623	0.00203	0.00476	0.00770	0.62907	0.00881
36	0.01682	0.01567	0.02509	0.53772	0.11629	0.01887	0.02210	0.02451	0.09396	0.02352	0.01721	0.02307	0.01306	0.00858	0.00832	0.00274	0.01039	0.00763	0.00432	0.01013

[dist]
# distance from previous block
# <min> <max>
0	1

[block]
# block no. 5 follows, 22 sequences, length 250
# corresponding to MSA columns:
# 187-436
name=unknown_F
#
# <colnr> <probs for GDERKNQSTAVLIFYWHMCP>
#	G	D	E	R	K	N	Q	S	T	A	V	L	I	F	Y	W	H	M	C	P
0	0.76672	0.01607	0.01221	0.01092	0.01607	0.01864	0.00900	0.02442	0.01414	0.03727	0.01157	0.01350	0.00900	0.00771	0.00514	0.00257	0.00643	0.00450	0.00514	0.00900
1	0.01258	0.00995	0.01472	0.01431	0.01563	0.01210	0.01127	0.01542	0.01328	0.01937	0.02096	0.03099	0.01965	0.05688	0.60153	0.01225	0.09843	0.00872	0.00436	0.00761
2	0.01723	0.01477	0.01723	0.01230	0.01969	0.01107	0.00984	0.02092	0.01723	0.02707	0.01477	0.01723	0.01230	0.00615	0.00615	0.00123	0.00615	0.00492	0.00492	0.75883
3	0.03158	0.02327	0.02493	0.01911	0.02576	0.02576	0.01579	0.62852	0.03906	0.05236	0.01995	0.01995	0.01413	0.00997	0.00831	0.00249	0.00914	0.00748	0.00831	0.01413
4	0.63581	0.01685	0.01417	0.01215	0.01755	0.01917	0.01001	0.10010	0.01775	0.07330	0.01376	0.01510	0.01026	0.00813	0.00571	0.00256	0.00680	0.00508	0.00581	0.00991
5	0.03103	0.03959	0.02354	0.02140	0.02568	0.67469	0.01605	0.03317	0.02354	0.02033	0.01284	0.01498	0.01070	0.00856	0.00749	0.00214	0.01498	0.00535	0.00428	0.00963
6	0.01886	0.02114	0.04525	0.03280	0.04031	0.02013	0.55807	0.02526	0.01908	0.02597	0.01871	0.07215	0.01565	0.00868	0.01051	0.00287	0.03858	0.01072	0.00444	0.01080
7	0.03578	0.01383	0.01869	0.01443	0.02066	0.01193	0.01189	0.03893	0.02351	0.62717	0.03557	0.03109	0.05498	0.01087	0.00843	0.00258	0.00691	0.00885	0.01014	0.01375
8	0.01012	0.00723	0.00964	0.01157	0.01205	0.00675	0.00771	0.01157	0.01591	0.02121	0.04579	0.70262	0.05495	0.02603	0.01060	0.00337	0.00482	0.02362	0.00771	0.00675
9	0.01012	0.00723	0.00964	0.01157	0.01205	0.00675	0.00771	0.01157	0.01591	0.02121	0.04579	0.70262	0.05495	0.02603	0.01060	0.00337	0.00482	0.02362	0.00771	0.00675
10	0.01012	0.00723	0.00964	0.01157	0.01205	0.00675	0.00771	0.01157	0.01591	0.02121	0.04579	0.70262	0.05495	0.02603	0.01060	0.00337	0.00482	0.02362	0.00771	0.00675
11	0.01012	0.00723	0.00964	0.01157	0.01205	0.00675	0.00771	0.01157	0.01591	0.02121	0.04579	0.70262	0.05495	0.02603	0.01060	0.00337	0.00482	0.02362	0.00771	0.00675
12	0.01569	0.01477	0.02492	0.68808	0.05722	0.01846	0.02307	0.02123	0.01661	0.02123	0.01477	0.02215	0.01107	0.00831	0.00831	0.00277	0.01107	0.00738	0.00369	0.00923
13	0.03158	0.02327	0.02493	0.01911	0.02576	0.02576	0.01579	0.62852	0.03906	0.05236	0.01995	0.01995	0.01413	0.00997	0.00831	0.00249	0.00914	0.00748	0.00831	0.01413
14	0.01549	0.00774	0.00774	0.00774	0.00968	0.00774	0.00581	0.01936	0.01742	0.03097	0.02710	0.03097	0.02129	0.00968	0.00581	0.00194	0.00387	0.00774	0.75416	0.00774
15	0.76672	0.01607	0.01221	0.01092	0.01607	0.01864	0.00900	0.02442	0.01414	0.03727	0.01157	0.01350	0.00900	0.00771	0.00514	0.00257	0.00643	0.00450	0.00514	0.00900
16	0.03064	0.02217	0.02404	0.01865	0.02502	0.02447	0.01535	0.56057	0.06028	0.07395	0.02105	0.02116	0.01505	0.01201	0.03349	0.00292	0.00946	0.00764	0.00825	0.01384
17	0.01012	0.00723	0.00964	0.01157	0.01205	0.00675	0.00771	0.01157	0.01591	0.02121	0.04579	0.70262	0.05495	0.02603	0.01060	0.00337	0.00482	0.02362	0.00771	0.00675
18	0.01012	0.00723	0.00964	0.01157	0.01205	0.00675	0.00771	0.01157	0.01591	0.02121	0.04579	0.70262	0.05495	0.02603	0.01060	0.00337	0.00482	0.02362	0.00771	0.00675
19	0.01808	0.01527	0.01768	0.01271	0.02005	0.01194	0.01020	0.05687	0.01852	0.02857	0.01507	0.01739	0.01241	0.00638	0.00628	0.00131	0.00633	0.00507	0.00512	0.71477
20	0.01666	0.04297	0.66500	0.02368	0.03596	0.01929	0.03069	0.02631	0.01754	0.02631	0.01491	0.01754	0.01052	0.00789	0.00789	0.00263	0.01228	0.00614	0.00351	0.01228
21	0.01203	0.00866	0.01156	0.01177	0.01359	0.00818	0.00923	0.01572	0.02177	0.03017	0.44761	0.12380	0.06870	0.01925	0.01029	0.00298	0.00494	0.16342	0.00865	0.00770
22	0.05344	0.01659	0.01887	0.01391	0.02100	0.05118	0.03720	0.02312	0.01792	0.06183	0.01558	0.01775	0.01252	0.00663	0.00647	0.00149	0.00708	0.00533	0.00516	0.60693
23	0.01126	0.00844	0.01185	0.01259	0.01388	0.00784	0.03151	0.01337	0.01692	0.02288	0.09900	0.51560	0.05231	0.04941	0.01160	0.00341	0.00549	0.06830	0.00749	0.03686
24	0.02423	0.11078	0.26279	0.02045	0.02927	0.05019	0.07667	0.08846	0.02138	0.16559	0.01895	0.01992	0.01338	0.00837	0.00778	0.00241	0.01036	0.00678	0.00564	0.05662
25	0.01710	0.06804	0.59516	0.02413	0.03592	0.01996	0.07372	0.02627	0.01766	0.02606	0.01491	0.01773	0.01068	0.00780	0.00793	0.00261	0.01227	0.00634	0.00356	0.01213
26	0.01569	0.01477	0.02492	0.68808	0.05722	0.01846	0.02307	0.02123	0.01661	0.02123	0.01477	0.02215	0.01107	0.00831	0.00831	0.00277	0.01107	0.00738	0.00369	0.00923
27	0.02401	0.02167	0.02053	0.01789	0.02289	0.10682	0.01401	0.14933	0.45087	0.03608	0.02855	0.02689	0.02140	0.01068	0.00830	0.00267	0.00814	0.00852	0.00788	0.01287
28	0.02098	0.05833	0.41395	0.02353	0.06610	0.01820	0.07187	0.02849	0.01914	0.14539	0.04236	0.02162	0.01528	0.00856	0.00812	0.00259	0.01086	0.00718	0.00508	0.01236
29	0.01023	0.00727	0.00961	0.01143	0.01189	0.00682	0.00757	0.01160	0.01570	0.02093	0.04472	0.66739	0.05360	0.06310	0.01233	0.00363	0.00500	0.02299	0.00757	0.00665
30	0.03472	0.01357	0.01846	0.01435	0.02033	0.01177	0.01177	0.03800	0.02375	0.59903	0.09476	0.03166	0.02635	0.01095	0.00850	0.00257	0.00675	0.00902	0.01017	0.01351
31	0.01825	0.01827	0.02677	0.05368	0.06002	0.02465	0.04142	0.02060	0.01350	0.02070	0.01156	0.01864	0.01110	0.01358	0.02469	0.00350	0.59860	0.00738	0.00369	0.00940
32	0.01718	0.01724	0.02959	0.36223	0.04381	0.02107	0.13446	0.02186	0.01598	0.02186	0.01397	0.02098	0.01131	0.00997	0.01438	0.00304	0.21994	0.00780	0.00377	0.00956
33	0.01084	0.00849	0.00983	0.00961	0.01199	0.00749	0.00728	0.01384	0.02104	0.02751	0.34259	0.07227	0.36696	0.01925	0.00987	0.00276	0.00421	0.03838	0.00837	0.00742
34	0.01443	0.00722	0.01082	0.01082	0.01082	0.00722	0.00722	0.01082	0.01082	0.01443	0.01443	0.02525	0.01443	0.02886	0.03247	0.75830	0.00722	0.00722	0.00361	0.00361
35	0.05428	0.30406	0.36733	0.01929	0.02892	0.04896	0.02268	0.02591	0.01735	0.02395	0.01336	0.01561	0.01051	0.00760	0.00675	0.00228	0.01078	0.00537	0.00363	0.01139
36	0.02056	0.01974	0.03372	0.05099	0.65622	0.01974	0.02550	0.02550	0.01892	0.02714	0.01563	0.02056	0.01316	0.00740	0.00822	0.00247	0.00987	0.00740	0.00411	0.01316
37	0.01019	0.00729	0.00970	0.01152	0.01207	0.00680	0.00772	0.01175	0.01624	0.02174	0.07245	0.67445	0.05598	0.02563	0.01057	0.00334	0.00478	0.02324	0.00777	0.00680
38	0.01908	0.02081	0.04331	0.06109	0.14530	0.01989	0.46725	0.02537	0.01917	0.02619	0.01817	0.06050	0.01503	0.00819	0.00953	0.00278	0.01268	0.01009	0.00437	0.01121
39	0.10649	0.06375	0.52855	0.02143	0.03225	0.01980	0.02653	0.02700	0.05101	0.02782	0.01541	0.01763	0.01115	0.00802	0.00750	0.00260	0.01114	0.00606	0.00397	0.01187
40	0.01043	0.00764	0.01047	0.04856	0.01452	0.00739	0.00855	0.01210	0.01594	0.02121	0.04409	0.66542	0.05255	0.02506	0.01048	0.00334	0.00516	0.02273	0.00749	0.00688
41	0.73177	0.01601	0.01280	0.04244	0.01798	0.01863	0.00965	0.02427	0.01425	0.03653	0.01172	0.01390	0.00909	0.00774	0.00529	0.00258	0.00664	0.00463	0.00507	0.00901
42	0.02967	0.01246	0.01684	0.01349	0.01859	0.01091	0.01091	0.03309	0.02370	0.47462	0.21727	0.03834	0.03780	0.01228	0.00878	0.00258	0.00613	0.01034	0.00994	0.01226
43	0.02195	0.01998	0.03416	0.06387	0.07992	0.02032	0.28635	0.11349	0.14186	0.06632	0.04890	0.02562	0.01853	0.00895	0.00906	0.00271	0.01062	0.00924	0.00610	0.01203
44	0.01190	0.00876	0.01264	0.01264	0.01388	0.01000	0.00950	0.01438	0.01314	0.01876	0.02290	0.03623	0.02233	0.16920	0.57036	0.01247	0.01990	0.00943	0.00455	0.00702
45	0.02221	0.71304	0.04353	0.01421	0.02132	0.03287	0.01421	0.02488	0.01688	0.01955	0.01155	0.01333	0.01066	0.00711	0.00533	0.00178	0.00888	0.00444	0.00355	0.01066
46	0.01788	0.00985	0.01307	0.01149	0.01452	0.00889	0.00889	0.02163	0.02358	0.18416	0.50330	0.05395	0.06451	0.01538	0.00945	0.00260	0.00468	0.01342	0.00942	0.00935
47	0.03158	0.02327	0.02493	0.01911	0.02576	0.02576	0.01579	0.62852	0.03906	0.05236	0.01995	0.01995	0.01413	0.00997	0.00831	0.00249	0.00914	0.00748	0.00831	0.01413
48	0.01818	0.01818	0.02545	0.02181	0.02181	0.02545	0.01818	0.01999	0.01272	0.01999	0.01091	0.01818	0.01091	0.01454	0.02726	0.00364	0.69284	0.00727	0.00364	0.00909
49	0.01187	0.00890	0.01335	0.01335	0.01483	0.01038	0.01038	0.01483	0.01335	0.01928	0.02225	0.03264	0.02077	0.06231	0.67512	0.01335	0.02225	0.00890	0.00445	0.00742
50	0.03103	0.03959	0.02354	0.02140	0.02568	0.67469	0.01605	0.03317	0.02354	0.02033	0.01284	0.01498	0.01070	0.00856	0.00749	0.00214	0.01498	0.00535	0.00428	0.00963
51	0.03727	0.01414	0.01928	0.01478	0.02121	0.01221	0.01221	0.04049	0.02378	0.66198	0.03277	0.02828	0.02056	0.01028	0.00835	0.00257	0.00707	0.00835	0.01028	0.01414
52	0.01025	0.00732	0.00978	0.01171	0.01225	0.00686	0.00793	0.01179	0.01603	0.02135	0.04572	0.67907	0.05467	0.02591	0.01064	0.00339	0.00493	0.04593	0.00771	0.00678
53	0.01019	0.00729	0.00970	0.01152	0.01207	0.00680	0.00772	0.01175	0.01624	0.02175	0.07283	0.67404	0.05599	0.02562	0.01057	0.00334	0.00478	0.02323	0.00778	0.00680
54	0.02056	0.01974	0.03372	0.05099	0.65622	0.01974	0.02550	0.02550	0.01892	0.02714	0.01563	0.02056	0.01316	0.00740	0.00822	0.00247	0.00987	0.00740	0.00411	0.01316
55	0.01226	0.00902	0.01154	0.01082	0.01293	0.00856	0.00814	0.01728	0.05839	0.03339	0.61694	0.06030	0.07539	0.01666	0.00972	0.00262	0.00407	0.01471	0.00911	0.00814
56	0.01188	0.00886	0.01316	0.01316	0.01458	0.01028	0.01015	0.01471	0.01329	0.01914	0.02243	0.03361	0.02119	0.09112	0.64688	0.01311	0.02162	0.00904	0.00448	0.00731
57	0.01020	0.00729	0.00971	0.01152	0.01207	0.00680	0.00772	0.01176	0.01625	0.02176	0.07356	0.67327	0.05602	0.02561	0.01057	0.00334	0.00478	0.02322	0.00778	0.00680
58	0.01961	0.02241	0.04902	0.03501	0.04342	0.02101	0.62605	0.02661	0.01961	0.02661	0.01681	0.02241	0.01261	0.00700	0.00980	0.00280	0.01401	0.00980	0.00420	0.01120
59	0.03103	0.03959	0.02354	0.02140	0.02568	0.67469	0.01605	0.03317	0.02354	0.02033	0.01284	0.01498	0.01070	0.00856	0.00749	0.00214	0.01498	0.00535	0.00428	0.00963
60	0.01806	0.10357	0.56984	0.02254	0.03400	0.02093	0.02829	0.06181	0.01875	0.02723	0.01490	0.01729	0.01075	0.00794	0.00768	0.00254	0.01178	0.00606	0.00380	0.01224
61	0.01207	0.00809	0.00923	0.00923	0.00928	0.00814	0.00524	0.01219	0.01213	0.01623	0.02602	0.05352	0.02984	0.68306	0.06677	0.00826	0.00860	0.01196	0.00501	0.00513
62	0.02041	0.02184	0.06211	0.14114	0.44356	0.07113	0.06869	0.02558	0.01892	0.02565	0.01533	0.02035	0.01249	0.00762	0.00828	0.00252	0.01087	0.00736	0.00404	0.01211
63	0.01208	0.00805	0.00906	0.00906	0.00906	0.00805	0.00503	0.01208	0.01208	0.01611	0.02618	0.05436	0.03020	0.70804	0.04228	0.00805	0.00805	0.01208	0.00503	0.00503
64	0.03158	0.02327	0.02493	0.01911	0.02576	0.02576	0.01579	0.62852	0.03906	0.05236	0.01995	0.01995	0.01413	0.00997	0.00831	0.00249	0.00914	0.00748	0.00831	0.01413
65	0.01723	0.01477	0.01723	0.01230	0.01969	0.01107	0.00984	0.02092	0.01723	0.02707	0.01477	0.01723	0.01230	0.00615	0.00615	0.00123	0.00615	0.00492	0.00492	0.75883
66	0.02164	0.01889	0.01923	0.01721	0.02192	0.04978	0.01348	0.08546	0.54480	0.03501	0.03226	0.03196	0.02477	0.01152	0.00852	0.00280	0.00718	0.03251	0.00822	0.01285
67	0.02151	0.62854	0.12190	0.01541	0.02317	0.03116	0.01629	0.02506	0.01696	0.02040	0.01197	0.01386	0.01064	0.00721	0.00565	0.00188	0.00931	0.00466	0.00355	0.01086
68	0.01208	0.00805	0.00906	0.00906	0.00906	0.00805	0.00503	0.01208	0.01208	0.01611	0.02618	0.05436	0.03020	0.70804	0.04228	0.00805	0.00805	0.01208	0.00503	0.00503
69	0.01012	0.00723	0.00964	0.01157	0.01205	0.00675	0.00771	0.01157	0.01591	0.02121	0.04579	0.70262	0.05495	0.02603	0.01060	0.00337	0.00482	0.02362	0.00771	0.00675
70	0.06469	0.06565	0.02075	0.01468	0.02103	0.01435	0.01227	0.03886	0.04984	0.56242	0.03041	0.02671	0.01958	0.00999	0.00801	0.00252	0.00715	0.00796	0.00950	0.01363
71	0.02056	0.01974	0.03372	0.05099	0.65622	0.01974	0.02550	0.02550	0.01892	0.02714	0.01563	0.02056	0.01316	0.00740	0.00822	0.00247	0.00987	0.00740	0.00411	0.01316
72	0.01339	0.00956	0.01339	0.01530	0.01721	0.00956	0.01339	0.01721	0.01912	0.02486	0.04399	0.09371	0.04781	0.02295	0.01147	0.00382	0.00765	0.60031	0.00765	0.00765
73	0.07169	0.04100	0.61711	0.02274	0.03450	0.01924	0.02910	0.02617	0.01729	0.02711	0.01466	0.01724	0.01041	0.00788	0.00769	0.00263	0.01185	0.00602	0.00363	0.01204
74	0.03412	0.01866	0.10232	0.01631	0.02351	0.01435	0.01490	0.09246	0.02438	0.52498	0.02932	0.02614	0.01869	0.00995	0.00829	0.00257	0.00792	0.00799	0.00924	0.01390
75	0.03604	0.01427	0.01917	0.01478	0.02103	0.01256	0.01217	0.06218	0.02436	0.61353	0.05683	0.02929	0.02261	0.01054	0.00841	0.00257	0.00702	0.00859	0.01016	0.01389
76	0.09084	0.06751	0.02404	0.02141	0.05222	0.53742	0.01579	0.05441	0.02285	0.02321	0.01307	0.01521	0.01080	0.00843	0.00726	0.00219	0.01355	0.00541	0.00446	0.00995
77	0.01146	0.00884	0.01050	0.01002	0.01238	0.00807	0.00754	0.01554	0.04647	0.02971	0.43630	0.06684	0.26959	0.01812	0.00975	0.00269	0.00412	0.01564	0.00864	0.00777
78	0.01835	0.02045	0.04378	0.03180	0.03925	0.01914	0.54448	0.02464	0.01924	0.02595	0.02215	0.08739	0.04190	0.00931	0.00988	0.00285	0.01277	0.01138	0.00466	0.01063
79	0.01723	0.01477	0.01723	0.01230	0.01969	0.01107	0.00984	0.02092	0.01723	0.02707	0.01477	0.01723	0.01230	0.00615	0.00615	0.00123	0.00615	0.00492	0.00492	0.75883
80	0.03103	0.03959	0.02354	0.02140	0.02568	0.67469	0.01605	0.03317	0.02354	0.02033	0.01284	0.01498	0.01070	0.00856	0.00749	0.00214	0.01498	0.00535	0.00428	0.00963
81	0.01569	0.01477	0.02492	0.68808	0.05722	0.01846	0.02307	0.02123	0.01661	0.02123	0.01477	0.02215	0.01107	0.00831	0.00831	0.00277	0.01107	0.00738	0.00369	0.00923
82	0.01176	0.00849	0.01110	0.01045	0.01241	0.00784	0.00784	0.01568	0.02352	0.03331	0.65184	0.06206	0.07839	0.01698	0.00980	0.00261	0.00392	0.01502	0.00914	0.00784
83	0.02066	0.01785	0.01878	0.01691	0.02160	0.02066	0.01315	0.04414	0.64121	0.03475	0.03381	0.03099	0.02536	0.01127	0.00845	0.00282	0.00657	0.00939	0.00845	0.01315
84	0.01188	0.00887	0.01319	0.01319	0.01462	0.01030	0.01018	0.01473	0.01330	0.01916	0.02240	0.03346	0.02113	0.08673	0.65118	0.01315	0.02171	0.00902	0.00447	0.00733
85	0.01961	0.02241	0.04902	0.03501	0.04342	0.02101	0.62605	0.02661	0.01961	0.02661	0.01681	0.02241	0.01261	0.00700	0.00980	0.00280	0.01401	0.00980	0.00420	0.01120
86	0.01569	0.01477	0.02492	0.68808	0.05722	0.01846	0.02307	0.02123	0.01661	0.02123	0.01477	0.02215	0.01107	0.00831	0.00831	0.00277	0.01107	0.00738	0.00369	0.00923
87	0.01012	0.00723	0.00964	0.01157	0.01205	0.00675	0.00771	0.01157	0.01591	0.02121	0.04579	0.70262	0.05495	0.02603	0.01060	0.00337	0.00482	0.02362	0.00771	0.00675
88	0.00983	0.00835	0.00848	0.00859	0.01127	0.00700	0.00639	0.01190	0.01877	0.02237	0.08207	0.11379	0.62035	0.02131	0.00986	0.00284	0.00424	0.01786	0.00771	0.00700
89	0.03625	0.01471	0.01950	0.01507	0.02142	0.01320	0.01241	0.06633	0.05318	0.60617	0.03226	0.02804	0.02051	0.01031	0.00836	0.00258	0.00714	0.00836	0.01011	0.01409
90	0.03727	0.01414	0.01928	0.01478	0.02121	0.01221	0.01221	0.04049	0.02378	0.66198	0.03277	0.02828	0.02056	0.01028	0.00835	0.00257	0.00707	0.00835	0.01028	0.01414
91	0.01187	0.00890	0.01335	0.01335	0.01483	0.01038	0.01038	0.01483	0.01335	0.01928	0.02225	0.03264	0.02077	0.06231	0.67512	0.01335	0.02225	0.00890	0.00445	0.00742
92	0.01549	0.00774	0.00774	0.00774	0.00968	0.00774	0.00581	0.01936	0.01742	0.03097	0.02710	0.03097	0.02129	0.00968	0.00581	0.00194	0.00387	0.00774	0.75416	0.00774
93	0.01974	0.02530	0.11545	0.03265	0.04098	0.05015	0.50967	0.02662	0.01929	0.02605	0.01620	0.02138	0.01222	0.00746	0.01015	0.00278	0.03954	0.00910	0.00411	0.01117
94	0.02558	0.15985	0.12909	0.02094	0.05514	0.30796	0.01794	0.03192	0.10008	0.05193	0.01663	0.01798	0.01309	0.00855	0.00735	0.00227	0.01176	0.00605	0.00482	0.01106
95	0.76672	0.01607	0.01221	0.01092	0.01607	0.01864	0.00900	0.02442	0.01414	0.03727	0.01157	0.01350	0.00900	0.00771	0.00514	0.00257	0.00643	0.00450	0.00514	0.00900
96	0.02305	0.64905	0.04163	0.01490	0.02174	0.09386	0.01439	0.02566	0.01751	0.01962	0.01167	0.01348	0.01066	0.00725	0.00554	0.00181	0.00946	0.00453	0.00362	0.01056
97	0.01008	0.00850	0.00878	0.00892	0.01166	0.00720	0.00683	0.01231	0.01895	0.02262	0.08121	0.08096	0.60846	0.02118	0.00994	0.00288	0.00446	0.06029	0.00771	0.00706
98	0.01679	0.04207	0.63791	0.02418	0.03628	0.01937	0.05688	0.02632	0.01763	0.02632	0.01499	0.01775	0.01062	0.00785	0.00798	0.00264	0.01235	0.00630	0.00354	0.01223
99	0.76672	0.01607	0.01221	0.01092	0.01607	0.01864	0.00900	0.02442	0.01414	0.03727	0.01157	0.01350	0.00900	0.00771	0.00514	0.00257	0.00643	0.00450	0.00514	0.00900
100	0.03727	0.01414	0.01928	0.01478	0.02121	0.01221	0.01221	0.04049	0.02378	0.66198	0.03277	0.02828	0.02056	0.01028	0.00835	0.00257	0.00707	0.00835	0.01028	0.01414
101	0.07177	0.02288	0.02424	0.01867	0.02523	0.02537	0.01542	0.59549	0.03770	0.05153	0.01949	0.01959	0.01385	0.00985	0.00814	0.00250	0.00899	0.00732	0.00814	0.01385
102	0.02157	0.01819	0.02314	0.02667	0.20564	0.01992	0.01668	0.03853	0.42586	0.06796	0.02848	0.02781	0.02155	0.01009	0.00838	0.00270	0.00756	0.00876	0.00730	0.01321
103	0.00982	0.00842	0.00842	0.00842	0.01122	0.00701	0.00631	0.01192	0.01894	0.02244	0.08416	0.07995	0.65285	0.02104	0.00982	0.00281	0.00421	0.01753	0.00771	0.00701
104	0.01012	0.00723	0.00964	0.01157	0.01205	0.00675	0.00771	0.01157	0.01591	0.02121	0.04579	0.70262	0.05495	0.02603	0.01060	0.00337	0.00482	0.02362	0.00771	0.00675
105	0.69929	0.01589	0.01286	0.01128	0.01654	0.01804	0.00929	0.02591	0.01503	0.09502	0.01353	0.01486	0.01007	0.00795	0.00544	0.00257	0.00649	0.00485	0.00562	0.00947
106	0.01208	0.00805	0.00906	0.00906	0.00906	0.00805	0.00503	0.01208	0.01208	0.01611	0.02618	0.05436	0.03020	0.70804	0.04228	0.00805	0.00805	0.01208	0.00503	0.00503
107	0.01330	0.00950	0.01326	0.01504	0.01695	0.00947	0.01308	0.01713	0.01936	0.02532	0.07707	0.09199	0.04947	0.02262	0.01138	0.00376	0.00745	0.56845	0.00773	0.00766
108	0.02056	0.01974	0.03372	0.05099	0.65622	0.01974	0.02550	0.02550	0.01892	0.02714	0.01563	0.02056	0.01316	0.00740	0.00822	0.00247	0.00987	0.00740	0.00411	0.01316
109	0.02966	0.10294	0.02647	0.01861	0.02494	0.08739	0.01544	0.46079	0.07925	0.04431	0.01934	0.01953	0.01423	0.00961	0.00790	0.00240	0.00947	0.00707	0.00740	0.01324
110	0.02056	0.01974	0.03372	0.05099	0.65622	0.01974	0.02550	0.02550	0.01892	0.02714	0.01563	0.02056	0.01316	0.00740	0.00822	0.00247	0.00987	0.00740	0.00411	0.01316
111	0.02236	0.63674	0.07921	0.01517	0.02243	0.06700	0.01529	0.02541	0.01728	0.01999	0.01182	0.01367	0.01066	0.00723	0.00560	0.00185	0.00942	0.00459	0.00359	0.01070
112	0.01028	0.00743	0.00977	0.01158	0.01228	0.00692	0.00794	0.01190	0.01626	0.02148	0.04796	0.63249	0.08993	0.02556	0.01060	0.00336	0.00494	0.05479	0.00771	0.00681
113	0.01723	0.01477	0.01723	0.01230	0.01969	0.01107	0.00984	0.02092	0.01723	0.02707	0.01477	0.01723	0.01230	0.00615	0.00615	0.00123	0.00615	0.00492	0.00492	0.75883
114	0.00992	0.00842	0.00856	0.00853	0.01129	0.00706	0.00639	0.01213	0.01918	0.02303	0.11501	0.07898	0.62163	0.02082	0.00982	0.00279	0.00419	0.01740	0.00779	0.00706
115	0.02066	0.01785	0.01878	0.01691	0.02160	0.02066	0.01315	0.04414	0.64121	0.03475	0.03381	0.03099	0.02536	0.01127	0.00845	0.00282	0.00657	0.00939	0.00845	0.01315
116	0.01688	0.06881	0.64104	0.02331	0.03539	0.01982	0.03006	0.02625	0.01751	0.02605	0.01478	0.01738	0.01053	0.00786	0.00779	0.00260	0.01215	0.00607	0.00351	0.01222
117	0.03658	0.04617	0.02039	0.01475	0.02121	0.01316	0.01230	0.03977	0.02346	0.63253	0.03180	0.02759	0.02011	0.01014	0.00822	0.00253	0.00715	0.00817	0.00997	0.01398
118	0.01176	0.00849	0.01110	0.01045	0.01241	0.00784	0.00784	0.01568	0.02352	0.03331	0.65184	0.06206	0.07839	0.01698	0.00980	0.00261	0.00392	0.01502	0.00914	0.00784
119	0.01208	0.00805	0.00906	0.00906	0.00906	0.00805	0.00503	0.01208	0.01208	0.01611	0.02618	0.05436	0.03020	0.70804	0.04228	0.00805	0.00805	0.01208	0.00503	0.00503
120	0.03079	0.06545	0.02487	0.02039	0.02551	0.45187	0.01589	0.21035	0.02787	0.02985	0.01490	0.01639	0.01172	0.00892	0.00764	0.00223	0.01296	0.00594	0.00545	0.01102
121	0.03184	0.02285	0.02467	0.01892	0.02555	0.02514	0.01563	0.60169	0.03836	0.08017	0.02053	0.02033	0.01442	0.00999	0.00831	0.00250	0.00905	0.00752	0.00840	0.01413
122	0.01012	0.00723	0.00964	0.01157	0.01205	0.00675	0.00771	0.01157	0.01591	0.02121	0.04579	0.70262	0.05495	0.02603	0.01060	0.00337	0.00482	0.02362	0.00771	0.00675
123	0.01134	0.00829	0.01065	0.01046	0.01226	0.00760	0.00769	0.01472	0.02194	0.03050	0.50917	0.16464	0.12227	0.01875	0.00993	0.00275	0.00409	0.01659	0.00880	0.00760
124	0.02016	0.01732	0.01835	0.01654	0.02108	0.01994	0.01285	0.04254	0.60633	0.03467	0.06871	0.03275	0.02835	0.01159	0.00853	0.00281	0.00642	0.00971	0.00849	0.01285
125	0.76672	0.01607	0.01221	0.01092	0.01607	0.01864	0.00900	0.02442	0.01414	0.03727	0.01157	0.01350	0.00900	0.00771	0.00514	0.00257	0.00643	0.00450	0.00514	0.00900
126	0.01818	0.01818	0.02545	0.02181	0.02181	0.02545	0.01818	0.01999	0.01272	0.01999	0.01091	0.01818	0.01091	0.01454	0.02726	0.00364	0.69284	0.00727	0.00364	0.00909
127	0.03589	0.01636	0.02065	0.01583	0.02231	0.01550	0.01308	0.18344	0.02749	0.51378	0.02966	0.02625	0.01900	0.01021	0.00834	0.00255	0.00757	0.00814	0.00980	0.01414
128	0.01542	0.01447	0.02416	0.65693	0.05511	0.01793	0.02230	0.02080	0.01672	0.02128	0.01795	0.02480	0.04049	0.00889	0.00837	0.00277	0.01076	0.00785	0.00388	0.00913
129	0.03628	0.01466	0.01947	0.01505	0.02140	0.01313	0.01239	0.06341	0.05310	0.60920	0.03233	0.02808	0.02054	0.01032	0.00836	0.00258	0.00713	0.00837	0.01012	0.01409
130	0.73350	0.04717	0.01361	0.01107	0.01630	0.01927	0.00923	0.02444	0.01426	0.03648	0.01157	0.01349	0.00907	0.00768	0.00515	0.00254	0.00654	0.00450	0.00507	0.00907
131	0.02221	0.71304	0.04353	0.01421	0.02132	0.03287	0.01421	0.02488	0.01688	0.01955	0.01155	0.01333	0.01066	0.00711	0.00533	0.00178	0.00888	0.00444	0.00355	0.01066
132	0.01085	0.00860	0.00992	0.01054	0.01286	0.00767	0.00830	0.01342	0.01895	0.02353	0.10159	0.13998	0.41461	0.02176	0.01030	0.00310	0.00511	0.16393	0.00778	0.00719
133	0.01954	0.07474	0.52117	0.02177	0.03267	0.01930	0.02670	0.02885	0.05343	0.09878	0.01783	0.01929	0.01251	0.00831	0.00784	0.00259	0.01118	0.00648	0.00456	0.01245
134	0.08551	0.02274	0.02400	0.01851	0.02505	0.02524	0.01529	0.58420	0.03723	0.05125	0.01933	0.01947	0.01375	0.00981	0.00808	0.00250	0.00894	0.00726	0.00808	0.01375
135	0.03674	0.01500	0.01981	0.01519	0.02164	0.01349	0.01255	0.09593	0.02522	0.60449	0.03156	0.02749	0.01996	0.01025	0.00835	0.00256	0.00726	0.00827	0.01010	0.01414
136	0.02253	0.02430	0.21278	0.03132	0.27555	0.01689	0.02249	0.02836	0.02002	0.17336	0.07236	0.02491	0.01953	0.00901	0.00829	0.00255	0.00943	0.00789	0.00577	0.01268
137	0.07265	0.03603	0.02309	0.02050	0.02515	0.54866	0.01562	0.11432	0.02514	0.02568	0.01374	0.01558	0.01107	0.00871	0.00747	0.00221	0.01370	0.00559	0.00488	0.01021
138	0.01003	0.00848	0.00871	0.00882	0.01158	0.00716	0.00673	0.01224	0.01895	0.02259	0.08178	0.08076	0.61705	0.02115	0.00992	0.00287	0.00441	0.05201	0.00771	0.00705
139	0.01052	0.00761	0.00996	0.01150	0.01228	0.00700	0.00771	0.01201	0.01582	0.02128	0.04362	0.64635	0.05205	0.05142	0.01162	0.00346	0.00501	0.02232	0.00748	0.04100
140	0.02677	0.02073	0.02348	0.01788	0.02462	0.02159	0.03722	0.41174	0.07965	0.04383	0.01963	0.02023	0.01449	0.00903	0.00785	0.00222	0.00839	0.00709	0.00734	0.19623
141	0.01175	0.00848	0.01114	0.01078	0.01265	0.00787	0.00813	0.01552	0.02283	0.03214	0.58275	0.10169	0.07533	0.01784	0.00994	0.00272	0.00418	0.04753	0.00898	0.00776
142	0.01339	0.00956	0.01339	0.01530	0.01721	0.00956	0.01339	0.01721	0.01912	0.02486	0.04399	0.09371	0.04781	0.02295	0.01147	0.00382	0.00765	0.60031	0.00765	0.00765
143	0.04167	0.01714	0.02896	0.41130	0.21797	0.01931	0.07384	0.04609	0.01827	0.02500	0.01527	0.02138	0.01183	0.00799	0.00831	0.00267	0.01077	0.00750	0.00407	0.01065
144	0.49301	0.05012	0.05317	0.01465	0.02052	0.04637	0.04046	0.09358	0.06385	0.03623	0.01461	0.01618	0.01116	0.00821	0.00620	0.00254	0.00786	0.00556	0.00550	0.01025
145	0.03663	0.01518	0.01992	0.01527	0.02172	0.01375	0.01262	0.10729	0.02551	0.59272	0.03132	0.02733	0.01983	0.01025	0.00835	0.00256	0.00730	0.00825	0.01006	0.01414
146	0.76672	0.01607	0.01221	0.01092	0.01607	0.01864	0.00900	0.02442	0.01414	0.03727	0.01157	0.01350	0.00900	0.00771	0.00514	0.00257	0.00643	0.00450	0.00514	0.00900
147	0.01015	0.00839	0.00894	0.00912	0.01165	0.00717	0.00685	0.01242	0.01907	0.02329	0.12259	0.12490	0.53778	0.02118	0.00995	0.00288	0.00439	0.04438	0.00782	0.00709
148	0.01666	0.04297	0.66500	0.02368	0.03596	0.01929	0.03069	0.02631	0.01754	0.02631	0.01491	0.01754	0.01052	0.00789	0.00789	0.00263	0.01228	0.00614	0.00351	0.01228
149	0.01723	0.01477	0.01723	0.01230	0.01969	0.01107	0.00984	0.02092	0.01723	0.02707	0.01477	0.01723	0.01230	0.00615	0.00615	0.00123	0.00615	0.00492	0.00492	0.75883
150	0.55501	0.01814	0.01587	0.01328	0.01886	0.02069	0.01095	0.19840	0.02132	0.04162	0.01398	0.01535	0.01047	0.00836	0.00605	0.00255	0.00721	0.00536	0.00605	0.01047
151	0.01864	0.01560	0.01798	0.01297	0.02028	0.01252	0.01043	0.08067	0.01937	0.02956	0.01527	0.01749	0.01248	0.00653	0.00636	0.00135	0.00645	0.00517	0.00526	0.68560
152	0.02173	0.68075	0.04205	0.01404	0.02091	0.03172	0.01392	0.02445	0.01718	0.02018	0.04089	0.01556	0.01376	0.00756	0.00554	0.00182	0.00866	0.00493	0.00381	0.01053
