[name]
unknown

[dist]
# distance from previous block
# <min> <max>
0	0

[block]
# block no. 0 follows, 25 sequences, length 8
# corresponding to MSA columns:
# 0-7
name=unknown_A
#
# <colnr> <probs for GDERKNQSTAVLIFYWHMCP>
#	G	D	E	R	K	N	Q	S	T	A	V	L	I	F	Y	W	H	M	C	P
0	0.01249	0.00892	0.01249	0.01428	0.01606	0.00892	0.01249	0.01606	0.01785	0.02320	0.04105	0.08746	0.04462	0.02142	0.01071	0.00357	0.00714	0.62695	0.00714	0.00714
1	0.01097	0.00793	0.01036	0.00975	0.01158	0.00732	0.00732	0.01463	0.02195	0.03109	0.67505	0.05792	0.07316	0.01585	0.00914	0.00244	0.00366	0.01402	0.00854	0.00732
2	0.78228	0.01499	0.01140	0.01020	0.01499	0.01739	0.00840	0.02279	0.01320	0.03479	0.01080	0.01260	0.00840	0.00720	0.00480	0.00240	0.00600	0.00420	0.00480	0.00840
3	0.01111	0.00816	0.01171	0.01171	0.01283	0.00928	0.00875	0.01336	0.01224	0.01744	0.02146	0.03428	0.02104	0.18426	0.57294	0.01153	0.01827	0.00887	0.00426	0.00650
4	0.02146	0.67030	0.03897	0.01386	0.02026	0.08993	0.01342	0.02391	0.01631	0.01831	0.01089	0.01258	0.00995	0.00675	0.00515	0.00169	0.00880	0.00422	0.00338	0.00986
5	0.01608	0.01378	0.01608	0.01148	0.01837	0.01034	0.00919	0.01952	0.01608	0.02527	0.01378	0.01608	0.01148	0.00574	0.00574	0.00115	0.00574	0.00459	0.00459	0.77491
6	0.32408	0.08468	0.02178	0.16183	0.05686	0.10926	0.05484	0.05992	0.01695	0.02777	0.01252	0.01564	0.00983	0.00743	0.00631	0.00232	0.00892	0.00547	0.00434	0.00925
7	0.02883	0.01624	0.01865	0.01495	0.02011	0.05264	0.01210	0.22333	0.02556	0.34234	0.05693	0.06153	0.02112	0.01361	0.05220	0.00304	0.00826	0.00847	0.00819	0.01191

[dist]
# distance from previous block
# <min> <max>
0	3

[block]
# block no. 1 follows, 25 sequences, length 41
# corresponding to MSA columns:
# 11-51
name=unknown_B
#
# <colnr> <probs for GDERKNQSTAVLIFYWHMCP>
#	G	D	E	R	K	N	Q	S	T	A	V	L	I	F	Y	W	H	M	C	P
0	0.05459	0.01331	0.01669	0.01319	0.01849	0.01224	0.01070	0.07619	0.06105	0.40153	0.12964	0.02939	0.02639	0.01013	0.00769	0.00228	0.00613	0.00831	0.00848	0.09358
1	0.01127	0.00879	0.01120	0.03452	0.01442	0.00769	0.00812	0.01329	0.01530	0.02121	0.03610	0.49384	0.06744	0.01890	0.00875	0.00261	0.00498	0.01692	0.00642	0.19823
2	0.02718	0.01885	0.02114	0.04667	0.02375	0.02040	0.01384	0.39750	0.14304	0.13689	0.02221	0.02154	0.01571	0.00933	0.00769	0.00235	0.00777	0.00730	0.00771	0.04913
3	0.01815	0.01435	0.01764	0.01449	0.05577	0.01220	0.01084	0.02264	0.05568	0.08353	0.01618	0.01799	0.01287	0.00689	0.00730	0.00154	0.04698	0.00539	0.00512	0.57446
4	0.01598	0.03467	0.53654	0.02442	0.08448	0.01754	0.08437	0.02368	0.01629	0.02400	0.01411	0.01743	0.01041	0.00839	0.00888	0.04713	0.01115	0.00620	0.00338	0.01096
5	0.01677	0.15546	0.51635	0.02153	0.06141	0.02023	0.02507	0.02504	0.04536	0.02387	0.01420	0.01640	0.01058	0.00736	0.00700	0.00232	0.01058	0.00565	0.00351	0.01128
6	0.03335	0.01288	0.01753	0.01355	0.01930	0.01115	0.01115	0.03639	0.02218	0.64503	0.06953	0.02830	0.02245	0.00997	0.00788	0.00240	0.00642	0.00817	0.00953	0.01284
7	0.03123	0.01245	0.01695	0.01345	0.01881	0.01087	0.01108	0.03433	0.02191	0.58403	0.09092	0.03300	0.02573	0.01089	0.00810	0.00247	0.00636	0.04578	0.00935	0.01228
8	0.00948	0.00689	0.00886	0.01040	0.01106	0.00637	0.00697	0.01085	0.01502	0.01975	0.04590	0.62951	0.11700	0.04886	0.01087	0.00325	0.00455	0.02105	0.00711	0.00627
9	0.03456	0.01356	0.01822	0.01397	0.01998	0.01194	0.01154	0.06416	0.02280	0.65728	0.03008	0.02606	0.01894	0.00958	0.00780	0.00240	0.00668	0.00776	0.00952	0.01319
10	0.78228	0.01499	0.01140	0.01020	0.01499	0.01739	0.00840	0.02279	0.01320	0.03479	0.01080	0.01260	0.00840	0.00720	0.00480	0.00240	0.00600	0.00420	0.00480	0.00840
11	0.02947	0.02172	0.02327	0.01784	0.02404	0.02404	0.01474	0.65329	0.03646	0.04887	0.01862	0.01862	0.01319	0.00931	0.00776	0.00233	0.00853	0.00698	0.00776	0.01319
12	0.03085	0.01267	0.01695	0.01356	0.01876	0.01127	0.01095	0.06381	0.02182	0.55715	0.03177	0.12699	0.02356	0.01171	0.00810	0.00250	0.00639	0.00982	0.00916	0.01219
13	0.11498	0.01451	0.01797	0.01394	0.01983	0.01371	0.01151	0.11701	0.02309	0.53070	0.02687	0.02388	0.01724	0.00930	0.00747	0.00239	0.00679	0.00730	0.00884	0.01267
14	0.78228	0.01499	0.01140	0.01020	0.01499	0.01739	0.00840	0.02279	0.01320	0.03479	0.01080	0.01260	0.00840	0.00720	0.00480	0.00240	0.00600	0.00420	0.00480	0.00840
15	0.01284	0.00879	0.01212	0.01361	0.01543	0.00862	0.01159	0.01607	0.01766	0.04719	0.04235	0.15704	0.06951	0.02124	0.01045	0.00344	0.00669	0.51089	0.00724	0.00724
16	0.01235	0.00823	0.01081	0.00999	0.01206	0.00755	0.00755	0.01597	0.02196	0.06890	0.63776	0.05609	0.07004	0.01549	0.00907	0.00244	0.00383	0.01366	0.00860	0.00766
17	0.01929	0.01666	0.01753	0.01578	0.02016	0.01929	0.01227	0.04120	0.66513	0.03243	0.03156	0.02893	0.02367	0.01052	0.00789	0.00263	0.00614	0.00877	0.00789	0.01227
18	0.01464	0.01378	0.02326	0.70887	0.05340	0.01723	0.02153	0.01981	0.01550	0.01981	0.01378	0.02067	0.01034	0.00775	0.00775	0.00258	0.01034	0.00689	0.00345	0.00861
19	0.03371	0.01296	0.01765	0.01361	0.01942	0.01121	0.01121	0.03674	0.02218	0.65484	0.05985	0.02782	0.02164	0.00988	0.00786	0.00240	0.00646	0.00808	0.00955	0.01293
20	0.00982	0.00726	0.00913	0.01038	0.01143	0.00669	0.00732	0.01154	0.01583	0.02061	0.07643	0.47504	0.17524	0.05466	0.01114	0.00325	0.00473	0.07598	0.00714	0.00640
21	0.00916	0.00785	0.00785	0.00785	0.01047	0.00655	0.00589	0.01113	0.01767	0.02095	0.07855	0.07462	0.67599	0.01964	0.00916	0.00262	0.00393	0.01636	0.00720	0.00655
22	0.02947	0.02172	0.02327	0.01784	0.02404	0.02404	0.01474	0.65329	0.03646	0.04887	0.01862	0.01862	0.01319	0.00931	0.00776	0.00233	0.00853	0.00698	0.00776	0.01319
23	0.01608	0.01378	0.01608	0.01148	0.01837	0.01034	0.00919	0.01952	0.01608	0.02527	0.01378	0.01608	0.01148	0.00574	0.00574	0.00115	0.00574	0.00459	0.00459	0.77491
24	0.01051	0.00725	0.00893	0.00985	0.01015	0.00704	0.00627	0.01133	0.01327	0.01766	0.03368	0.35809	0.03961	0.36831	0.02441	0.00531	0.00612	0.05069	0.00597	0.00556
25	0.02073	0.73217	0.04063	0.01327	0.01990	0.03068	0.01327	0.02322	0.01575	0.01824	0.01078	0.01244	0.00995	0.00663	0.00498	0.00166	0.00829	0.00415	0.00332	0.00995
26	0.01089	0.00792	0.01025	0.00967	0.01153	0.00728	0.00725	0.01448	0.02176	0.03064	0.64839	0.05866	0.10010	0.01602	0.00915	0.00245	0.00367	0.01413	0.00848	0.00728
27	0.00962	0.00758	0.00868	0.00902	0.01091	0.00664	0.00653	0.01178	0.01784	0.02279	0.19543	0.23902	0.38655	0.02004	0.00935	0.00272	0.00402	0.01734	0.00748	0.00664
28	0.01919	0.01842	0.03147	0.04759	0.67914	0.01842	0.02380	0.02380	0.01765	0.02533	0.01458	0.01919	0.01228	0.00691	0.00768	0.00230	0.00921	0.00691	0.00384	0.01228
29	0.00916	0.00785	0.00785	0.00785	0.01047	0.00655	0.00589	0.01113	0.01767	0.02095	0.07855	0.07462	0.67599	0.01964	0.00916	0.00262	0.00393	0.01636	0.00720	0.00655
30	0.01464	0.01378	0.02326	0.70887	0.05340	0.01723	0.02153	0.01981	0.01550	0.01981	0.01378	0.02067	0.01034	0.00775	0.00775	0.00258	0.01034	0.00689	0.00345	0.00861
31	0.01128	0.00752	0.00846	0.00846	0.00846	0.00752	0.00470	0.01128	0.01128	0.01503	0.02443	0.05074	0.02819	0.72751	0.03946	0.00752	0.00752	0.01128	0.00470	0.00470
32	0.01830	0.02092	0.04575	0.03268	0.04052	0.01961	0.65098	0.02484	0.01830	0.02484	0.01569	0.02092	0.01176	0.00654	0.00915	0.00261	0.01307	0.00915	0.00392	0.01046
33	0.00945	0.00675	0.00900	0.01080	0.01125	0.00630	0.00720	0.01080	0.01484	0.01979	0.04274	0.72245	0.05128	0.02429	0.00990	0.00315	0.00450	0.02204	0.00720	0.00630
34	0.01830	0.02092	0.04575	0.03268	0.04052	0.01961	0.65098	0.02484	0.01830	0.02484	0.01569	0.02092	0.01176	0.00654	0.00915	0.00261	0.01307	0.00915	0.00392	0.01046
35	0.00927	0.00786	0.00800	0.00796	0.01054	0.00659	0.00597	0.01132	0.01791	0.02151	0.11199	0.07368	0.64219	0.01942	0.00916	0.00261	0.00391	0.01623	0.00727	0.00659
36	0.01555	0.04011	0.68733	0.02210	0.03356	0.01801	0.02865	0.02455	0.01637	0.02455	0.01391	0.01637	0.00982	0.00737	0.00737	0.00246	0.01146	0.00573	0.00327	0.01146
37	0.01705	0.01535	0.02468	0.35543	0.15683	0.01681	0.06782	0.07538	0.01811	0.02473	0.01623	0.02321	0.01310	0.00814	0.00770	0.00240	0.00936	0.03465	0.03847	0.07455
38	0.01082	0.00780	0.01026	0.01007	0.01171	0.00724	0.00750	0.01416	0.02081	0.02924	0.56367	0.15018	0.06905	0.01723	0.00931	0.00258	0.00391	0.03899	0.00830	0.00717
39	0.02947	0.02172	0.02327	0.01784	0.02404	0.02404	0.01474	0.65329	0.03646	0.04887	0.01862	0.01862	0.01319	0.00931	0.00776	0.00233	0.00853	0.00698	0.00776	0.01319
40	0.02843	0.01902	0.02112	0.01642	0.02195	0.02054	0.01338	0.50263	0.03180	0.13089	0.02006	0.02110	0.01452	0.03483	0.01044	0.05776	0.00811	0.00722	0.00759	0.01220

[dist]
# distance from previous block
# <min> <max>
0	6

[block]
# block no. 2 follows, 25 sequences, length 155
# corresponding to MSA columns:
# 58-212
name=unknown_C
#
# <colnr> <probs for GDERKNQSTAVLIFYWHMCP>
#	G	D	E	R	K	N	Q	S	T	A	V	L	I	F	Y	W	H	M	C	P
0	0.01663	0.01447	0.01858	0.09901	0.08306	0.01236	0.01219	0.04082	0.01682	0.02539	0.01401	0.01700	0.01147	0.00621	0.00623	0.00147	0.00670	0.00516	0.00449	0.58792
1	0.08899	0.02989	0.37148	0.02582	0.09114	0.01845	0.18936	0.02500	0.04045	0.02595	0.01479	0.01792	0.01093	0.00721	0.00764	0.00248	0.01097	0.00670	0.00381	0.01101
2	0.78228	0.01499	0.01140	0.01020	0.01499	0.01739	0.00840	0.02279	0.01320	0.03479	0.01080	0.01260	0.00840	0.00720	0.00480	0.00240	0.00600	0.00420	0.00480	0.00840
3	0.01919	0.01842	0.03147	0.04759	0.67914	0.01842	0.02380	0.02380	0.01765	0.02533	0.01458	0.01919	0.01228	0.00691	0.00768	0.00230	0.00921	0.00691	0.00384	0.01228
4	0.01108	0.00831	0.01246	0.01246	0.01385	0.00969	0.00969	0.01385	0.01246	0.01800	0.02077	0.03046	0.01938	0.05815	0.69678	0.01246	0.02077	0.00831	0.00415	0.00692
5	0.01734	0.01133	0.01599	0.08275	0.01903	0.01228	0.03769	0.11860	0.01643	0.05152	0.01687	0.04821	0.01499	0.01990	0.04074	0.38023	0.04198	0.00757	0.03968	0.00687
6	0.70983	0.01564	0.01254	0.01093	0.01587	0.01803	0.00901	0.08347	0.01543	0.03614	0.01155	0.01317	0.00886	0.00740	0.00508	0.00239	0.00624	0.00447	0.00508	0.00886
7	0.00981	0.00780	0.01031	0.01073	0.01230	0.00702	0.03539	0.01170	0.01627	0.02091	0.08170	0.44359	0.26083	0.02156	0.00958	0.00291	0.00465	0.01920	0.00711	0.00661
8	0.01147	0.00760	0.00984	0.04271	0.01199	0.00764	0.00690	0.01173	0.01276	0.01701	0.04860	0.19511	0.03225	0.35480	0.02730	0.13962	0.00670	0.04552	0.00522	0.00522
9	0.01830	0.02092	0.04575	0.03268	0.04052	0.01961	0.65098	0.02484	0.01830	0.02484	0.01569	0.02092	0.01176	0.00654	0.00915	0.00261	0.01307	0.00915	0.00392	0.01046
10	0.03479	0.01320	0.01799	0.01380	0.01979	0.01140	0.01140	0.03779	0.02219	0.68451	0.03059	0.02639	0.01919	0.00960	0.00780	0.00240	0.00660	0.00780	0.00960	0.01320
11	0.02434	0.01614	0.01767	0.01442	0.01903	0.01741	0.01150	0.30452	0.14428	0.12184	0.02411	0.02574	0.01818	0.06537	0.00986	0.00271	0.00693	0.00779	0.13680	0.01135
12	0.01492	0.01393	0.02352	0.60664	0.04888	0.01712	0.05087	0.01991	0.01551	0.02048	0.01431	0.02094	0.01090	0.00804	0.00853	0.00258	0.04333	0.00701	0.04395	0.00862
13	0.01554	0.01010	0.01276	0.18831	0.02174	0.01114	0.01039	0.06901	0.01794	0.02826	0.05147	0.02730	0.01932	0.00904	0.00638	0.00208	0.00573	0.00743	0.47800	0.00806
14	0.00925	0.00786	0.00797	0.00794	0.01052	0.00658	0.00596	0.01129	0.01787	0.02141	0.10586	0.07385	0.64839	0.01946	0.00916	0.00261	0.00392	0.01626	0.00726	0.00658
15	0.01210	0.00997	0.01445	0.10428	0.01907	0.01177	0.01148	0.01451	0.01405	0.01953	0.05474	0.24022	0.03004	0.06114	0.20000	0.00583	0.12863	0.03585	0.00519	0.00714
16	0.06635	0.01853	0.02036	0.01729	0.04446	0.02040	0.01349	0.31791	0.24659	0.11600	0.02386	0.02273	0.01716	0.00956	0.00765	0.00244	0.00738	0.00753	0.00772	0.01259
17	0.01555	0.04011	0.68733	0.02210	0.03356	0.01801	0.02865	0.02455	0.01637	0.02455	0.01391	0.01637	0.00982	0.00737	0.00737	0.00246	0.01146	0.00573	0.00327	0.01146
18	0.01555	0.04011	0.68733	0.02210	0.03356	0.01801	0.02865	0.02455	0.01637	0.02455	0.01391	0.01637	0.00982	0.00737	0.00737	0.00246	0.01146	0.00573	0.00327	0.01146
19	0.78228	0.01499	0.01140	0.01020	0.01499	0.01739	0.00840	0.02279	0.01320	0.03479	0.01080	0.01260	0.00840	0.00720	0.00480	0.00240	0.00600	0.00420	0.00480	0.00840
20	0.01045	0.00777	0.00982	0.01084	0.01196	0.00730	0.00742	0.01306	0.04948	0.02106	0.06802	0.56637	0.07048	0.05331	0.01083	0.00316	0.00473	0.01938	0.00704	0.04751
21	0.02496	0.01749	0.01992	0.04882	0.02275	0.01810	0.01286	0.31578	0.10401	0.12685	0.02080	0.02158	0.01529	0.03258	0.00843	0.00232	0.00747	0.00696	0.00708	0.16596
22	0.03479	0.01320	0.01799	0.01380	0.01979	0.01140	0.01140	0.03779	0.02219	0.68451	0.03059	0.02639	0.01919	0.00960	0.00780	0.00240	0.00660	0.00780	0.00960	0.01320
23	0.01128	0.00752	0.00846	0.00846	0.00846	0.00752	0.00470	0.01128	0.01128	0.01503	0.02443	0.05074	0.02819	0.72751	0.03946	0.00752	0.00752	0.01128	0.00470	0.00470
24	0.01347	0.00673	0.01010	0.01010	0.01010	0.00673	0.00673	0.01010	0.01010	0.01347	0.01347	0.02357	0.01347	0.02694	0.03030	0.77441	0.00673	0.00673	0.00337	0.00337
25	0.01919	0.01842	0.03147	0.04759	0.67914	0.01842	0.02380	0.02380	0.01765	0.02533	0.01458	0.01919	0.01228	0.00691	0.00768	0.00230	0.00921	0.00691	0.00384	0.01228
26	0.78228	0.01499	0.01140	0.01020	0.01499	0.01739	0.00840	0.02279	0.01320	0.03479	0.01080	0.01260	0.00840	0.00720	0.00480	0.00240	0.00600	0.00420	0.00480	0.00840
27	0.01696	0.01696	0.02375	0.02036	0.02036	0.02375	0.01696	0.01866	0.01187	0.01866	0.01018	0.01696	0.01018	0.01357	0.02545	0.00339	0.71332	0.00679	0.00339	0.00848
28	0.01005	0.00789	0.00909	0.00879	0.01102	0.00692	0.00659	0.01285	0.01977	0.02592	0.37108	0.06643	0.38036	0.01778	0.00915	0.00253	0.00380	0.01522	0.00785	0.00692
29	0.01707	0.01375	0.01618	0.01161	0.01845	0.01039	0.00931	0.02050	0.01640	0.06036	0.01468	0.01663	0.01189	0.00595	0.00585	0.00122	0.00579	0.00476	0.00486	0.73435
30	0.03479	0.01320	0.01799	0.01380	0.01979	0.01140	0.01140	0.03779	0.02219	0.68451	0.03059	0.02639	0.01919	0.00960	0.00780	0.00240	0.00660	0.00780	0.00960	0.01320
31	0.01830	0.02092	0.04575	0.03268	0.04052	0.01961	0.65098	0.02484	0.01830	0.02484	0.01569	0.02092	0.01176	0.00654	0.00915	0.00261	0.01307	0.00915	0.00392	0.01046
32	0.00968	0.00689	0.00916	0.01090	0.01140	0.00648	0.00739	0.01109	0.01487	0.01980	0.04198	0.66405	0.05008	0.04988	0.01102	0.00333	0.00475	0.05385	0.00710	0.00628
33	0.00945	0.00675	0.00900	0.01080	0.01125	0.00630	0.00720	0.01080	0.01484	0.01979	0.04274	0.72245	0.05128	0.02429	0.00990	0.00315	0.00450	0.02204	0.00720	0.00630
34	0.02947	0.02172	0.02327	0.01784	0.02404	0.02404	0.01474	0.65329	0.03646	0.04887	0.01862	0.01862	0.01319	0.00931	0.00776	0.00233	0.00853	0.00698	0.00776	0.01319
35	0.04303	0.00822	0.00886	0.00870	0.01117	0.00731	0.00662	0.01277	0.01868	0.02445	0.24068	0.06773	0.45776	0.01811	0.00902	0.00259	0.00405	0.03592	0.00747	0.00686
36	0.11111	0.00877	0.00852	0.00815	0.01058	0.00910	0.00626	0.02023	0.04103	0.05251	0.02391	0.02679	0.01856	0.00888	0.00552	0.00193	0.00411	0.00693	0.61934	0.00777
37	0.01117	0.00795	0.01066	0.01066	0.01143	0.00872	0.00745	0.01269	0.01193	0.01667	0.02241	0.03957	0.02334	0.35880	0.40154	0.01024	0.01482	0.00964	0.00440	0.00592
38	0.78228	0.01499	0.01140	0.01020	0.01499	0.01739	0.00840	0.02279	0.01320	0.03479	0.01080	0.01260	0.00840	0.00720	0.00480	0.00240	0.00600	0.00420	0.00480	0.00840
39	0.03479	0.01320	0.01799	0.01380	0.01979	0.01140	0.01140	0.03779	0.02219	0.68451	0.03059	0.02639	0.01919	0.00960	0.00780	0.00240	0.00660	0.00780	0.00960	0.01320
40	0.01097	0.00793	0.01036	0.00975	0.01158	0.00732	0.00732	0.01463	0.02195	0.03109	0.67505	0.05792	0.07316	0.01585	0.00914	0.00244	0.00366	0.01402	0.00854	0.00732
41	0.01830	0.02092	0.04575	0.03268	0.04052	0.01961	0.65098	0.02484	0.01830	0.02484	0.01569	0.02092	0.01176	0.00654	0.00915	0.00261	0.01307	0.00915	0.00392	0.01046
42	0.01128	0.00752	0.00846	0.00846	0.00846	0.00752	0.00470	0.01128	0.01128	0.01503	0.02443	0.05074	0.02819	0.72751	0.03946	0.00752	0.00752	0.01128	0.00470	0.00470
43	0.02661	0.01294	0.01639	0.01345	0.01826	0.01237	0.01079	0.03399	0.16666	0.40925	0.15773	0.03317	0.03083	0.01104	0.00808	0.00246	0.00592	0.00924	0.00900	0.01183
44	0.02729	0.02047	0.02187	0.01715	0.02296	0.02268	0.01404	0.54688	0.11658	0.04555	0.02286	0.02235	0.04304	0.00991	0.00783	0.00238	0.00803	0.00761	0.00775	0.01278
45	0.01128	0.00752	0.00846	0.00846	0.00846	0.00752	0.00470	0.01128	0.01128	0.01503	0.02443	0.05074	0.02819	0.72751	0.03946	0.00752	0.00752	0.01128	0.00470	0.00470
46	0.01570	0.03908	0.65318	0.02266	0.03393	0.01809	0.06178	0.02457	0.01647	0.02457	0.01401	0.01661	0.00993	0.00732	0.00746	0.00246	0.01154	0.00591	0.00331	0.01141
47	0.01206	0.00940	0.04522	0.00986	0.01117	0.00794	0.00704	0.01353	0.01431	0.04438	0.10950	0.15930	0.06549	0.40409	0.02552	0.00531	0.00644	0.01305	0.03028	0.00613
48	0.00945	0.00675	0.00900	0.01080	0.01125	0.00630	0.00720	0.01080	0.01484	0.01979	0.04274	0.72245	0.05128	0.02429	0.00990	0.00315	0.00450	0.02204	0.00720	0.00630
49	0.01929	0.01666	0.01753	0.01578	0.02016	0.01929	0.01227	0.04120	0.66513	0.03243	0.03156	0.02893	0.02367	0.01052	0.00789	0.00263	0.00614	0.00877	0.00789	0.01227
50	0.01631	0.03557	0.55008	0.02743	0.16866	0.01809	0.02763	0.02440	0.01664	0.02472	0.01405	0.01696	0.01034	0.00727	0.00743	0.00242	0.01099	0.00598	0.00339	0.01163
51	0.01600	0.00922	0.01211	0.01170	0.01405	0.00868	0.00897	0.01961	0.04852	0.15759	0.23800	0.21585	0.04839	0.05160	0.01069	0.00302	0.00526	0.10442	0.00800	0.00832
52	0.01277	0.00858	0.01100	0.01014	0.01238	0.00797	0.00769	0.01694	0.04439	0.07452	0.57731	0.05567	0.09988	0.01544	0.00901	0.00245	0.00396	0.01354	0.00851	0.00784
53	0.01670	0.01658	0.02325	0.02001	0.02007	0.02312	0.01664	0.01845	0.01190	0.01863	0.01065	0.01756	0.01059	0.01555	0.05530	0.00380	0.68252	0.00685	0.00343	0.00841
54	0.02035	0.05814	0.07983	0.04015	0.50724	0.11280	0.02242	0.02482	0.01806	0.02404	0.01399	0.01792	0.01166	0.00708	0.00742	0.00224	0.00999	0.00642	0.00379	0.01165
55	0.06580	0.02063	0.02155	0.01989	0.09016	0.08743	0.01447	0.33556	0.13214	0.06947	0.02088	0.05125	0.01621	0.00969	0.00764	0.00238	0.00835	0.00763	0.00691	0.01197
56	0.01898	0.01631	0.01731	0.01571	0.01998	0.01882	0.01228	0.04008	0.63635	0.03202	0.03198	0.03153	0.02460	0.01100	0.00801	0.00267	0.00618	0.03625	0.00786	0.01204
57	0.01825	0.01416	0.01621	0.01276	0.01817	0.01283	0.01008	0.14768	0.05478	0.05145	0.04612	0.10995	0.05029	0.01015	0.00713	0.00187	0.00604	0.00845	0.00615	0.39749
58	0.01109	0.00827	0.01226	0.01226	0.01358	0.00958	0.00944	0.01372	0.01240	0.01785	0.02095	0.03147	0.01982	0.09147	0.66406	0.01221	0.02011	0.00846	0.00418	0.00681
59	0.02237	0.50923	0.03530	0.01627	0.04583	0.12038	0.01423	0.07992	0.01831	0.02135	0.01175	0.01369	0.01034	0.00743	0.00668	0.00188	0.04634	0.00476	0.00383	0.01012
60	0.02947	0.02172	0.02327	0.01784	0.02404	0.02404	0.01474	0.65329	0.03646	0.04887	0.01862	0.01862	0.01319	0.00931	0.00776	0.00233	0.00853	0.00698	0.00776	0.01319
61	0.01796	0.02025	0.04366	0.09541	0.04172	0.01939	0.59258	0.02437	0.01804	0.02437	0.01551	0.02089	0.01163	0.00665	0.00902	0.00261	0.01282	0.00894	0.00388	0.01029
62	0.01991	0.01601	0.01779	0.01667	0.04162	0.01806	0.01274	0.06526	0.51963	0.06676	0.03128	0.03362	0.02460	0.01134	0.00814	0.00268	0.00646	0.06778	0.00777	0.01187
63	0.02753	0.01477	0.01819	0.01366	0.01999	0.01307	0.01118	0.13071	0.02240	0.35642	0.02291	0.02161	0.01559	0.00823	0.00709	0.00196	0.00662	0.00657	0.00759	0.27395
64	0.67203	0.01489	0.01226	0.01073	0.01552	0.01693	0.00881	0.05300	0.01517	0.06958	0.04254	0.01568	0.01215	0.00782	0.00529	0.00240	0.00604	0.00497	0.00536	0.00883
65	0.01105	0.00797	0.01046	0.00997	0.01180	0.00739	0.00756	0.01470	0.02175	0.03072	0.64509	0.05931	0.07181	0.01611	0.00922	0.00249	0.00382	0.04299	0.00847	0.00731
66	0.01696	0.01696	0.02375	0.02036	0.02036	0.02375	0.01696	0.01866	0.01187	0.01866	0.01018	0.01696	0.01018	0.01357	0.02545	0.00339	0.71332	0.00679	0.00339	0.00848
67	0.01128	0.00752	0.00846	0.00846	0.00846	0.00752	0.00470	0.01128	0.01128	0.01503	0.02443	0.05074	0.02819	0.72751	0.03946	0.00752	0.00752	0.01128	0.00470	0.00470
68	0.01047	0.00762	0.00965	0.00968	0.01115	0.00702	0.00693	0.01315	0.01908	0.02626	0.42095	0.20659	0.12819	0.07394	0.01169	0.00301	0.00418	0.01583	0.00780	0.00680
69	0.01445	0.00723	0.00723	0.00723	0.00903	0.00723	0.00542	0.01807	0.01626	0.02891	0.02529	0.02891	0.01987	0.00903	0.00542	0.00181	0.00361	0.00723	0.77055	0.00723
70	0.78228	0.01499	0.01140	0.01020	0.01499	0.01739	0.00840	0.02279	0.01320	0.03479	0.01080	0.01260	0.00840	0.00720	0.00480	0.00240	0.00600	0.00420	0.00480	0.00840
71	0.78228	0.01499	0.01140	0.01020	0.01499	0.01739	0.00840	0.02279	0.01320	0.03479	0.01080	0.01260	0.00840	0.00720	0.00480	0.00240	0.00600	0.00420	0.00480	0.00840
72	0.00961	0.00686	0.00918	0.01098	0.01150	0.00644	0.00748	0.01108	0.01500	0.01997	0.04265	0.68864	0.05093	0.02414	0.00994	0.00317	0.00464	0.05425	0.00719	0.00634
73	0.03426	0.01403	0.01851	0.01419	0.02021	0.01264	0.01172	0.09838	0.02360	0.62194	0.02941	0.02563	0.01860	0.00957	0.00779	0.00239	0.00679	0.00772	0.00942	0.01319
74	0.03479	0.01320	0.01799	0.01380	0.01979	0.01140	0.01140	0.03779	0.02219	0.68451	0.03059	0.02639	0.01919	0.00960	0.00780	0.00240	0.00660	0.00780	0.00960	0.01320
75	0.01445	0.00723	0.00723	0.00723	0.00903	0.00723	0.00542	0.01807	0.01626	0.02891	0.02529	0.02891	0.01987	0.00903	0.00542	0.00181	0.00361	0.00723	0.77055	0.00723
76	0.02820	0.02071	0.02215	0.01718	0.02307	0.02293	0.01413	0.59084	0.06510	0.04704	0.01958	0.01965	0.01403	0.00935	0.00764	0.00231	0.00816	0.00708	0.04802	0.01283
77	0.03479	0.01320	0.01799	0.01380	0.01979	0.01140	0.01140	0.03779	0.02219	0.68451	0.03059	0.02639	0.01919	0.00960	0.00780	0.00240	0.00660	0.00780	0.00960	0.01320
78	0.02000	0.01650	0.01755	0.01569	0.02015	0.01892	0.01223	0.04104	0.63570	0.06229	0.03151	0.02881	0.02346	0.01048	0.00789	0.00262	0.00616	0.00872	0.00797	0.01231
79	0.01095	0.00796	0.01033	0.00982	0.01169	0.00734	0.00743	0.01453	0.02163	0.03039	0.62829	0.05962	0.09813	0.01620	0.00920	0.00248	0.00379	0.03453	0.00843	0.00728
80	0.02417	0.01117	0.01475	0.01218	0.01631	0.01011	0.00966	0.02826	0.05372	0.38105	0.27482	0.03932	0.04019	0.03691	0.00941	0.00260	0.00549	0.01033	0.00894	0.01063
81	0.01429	0.00726	0.00737	0.00734	0.00915	0.00723	0.00551	0.01791	0.01652	0.02901	0.05496	0.03023	0.02231	0.00934	0.00559	0.00184	0.00362	0.00754	0.73576	0.00723
82	0.01830	0.02092	0.04575	0.03268	0.04052	0.01961	0.65098	0.02484	0.01830	0.02484	0.01569	0.02092	0.01176	0.00654	0.00915	0.00261	0.01307	0.00915	0.00392	0.01046
83	0.01608	0.01378	0.01608	0.01148	0.01837	0.01034	0.00919	0.01952	0.01608	0.02527	0.01378	0.01608	0.01148	0.00574	0.00574	0.00115	0.00574	0.00459	0.00459	0.77491
84	0.00945	0.00675	0.00900	0.01080	0.01125	0.00630	0.00720	0.01080	0.01484	0.01979	0.04274	0.72245	0.05128	0.02429	0.00990	0.00315	0.00450	0.02204	0.00720	0.00630
85	0.02073	0.73217	0.04063	0.01327	0.01990	0.03068	0.01327	0.02322	0.01575	0.01824	0.01078	0.01244	0.00995	0.00663	0.00498	0.00166	0.00829	0.00415	0.00332	0.00995
86	0.01861	0.01600	0.01694	0.01539	0.01960	0.01836	0.01201	0.03900	0.61387	0.03161	0.03391	0.03302	0.05221	0.01131	0.00805	0.00266	0.00608	0.03172	0.00783	0.01184
87	0.00945	0.00675	0.00900	0.01080	0.01125	0.00630	0.00720	0.01080	0.01484	0.01979	0.04274	0.72245	0.05128	0.02429	0.00990	0.00315	0.00450	0.02204	0.00720	0.00630
88	0.01464	0.01378	0.02326	0.70887	0.05340	0.01723	0.02153	0.01981	0.01550	0.01981	0.01378	0.02067	0.01034	0.00775	0.00775	0.00258	0.01034	0.00689	0.00345	0.00861
89	0.01929	0.01666	0.01753	0.01578	0.02016	0.01929	0.01227	0.04120	0.66513	0.03243	0.03156	0.02893	0.02367	0.01052	0.00789	0.00263	0.00614	0.00877	0.00789	0.01227
90	0.01464	0.01378	0.02326	0.70887	0.05340	0.01723	0.02153	0.01981	0.01550	0.01981	0.01378	0.02067	0.01034	0.00775	0.00775	0.00258	0.01034	0.00689	0.00345	0.00861
91	0.01128	0.00752	0.00846	0.00846	0.00846	0.00752	0.00470	0.01128	0.01128	0.01503	0.02443	0.05074	0.02819	0.72751	0.03946	0.00752	0.00752	0.01128	0.00470	0.00470
92	0.03479	0.01320	0.01799	0.01380	0.01979	0.01140	0.01140	0.03779	0.02219	0.68451	0.03059	0.02639	0.01919	0.00960	0.00780	0.00240	0.00660	0.00780	0.00960	0.01320
93	0.03479	0.01320	0.01799	0.01380	0.01979	0.01140	0.01140	0.03779	0.02219	0.68451	0.03059	0.02639	0.01919	0.00960	0.00780	0.00240	0.00660	0.00780	0.00960	0.01320
94	0.01830	0.02092	0.04575	0.03268	0.04052	0.01961	0.65098	0.02484	0.01830	0.02484	0.01569	0.02092	0.01176	0.00654	0.00915	0.00261	0.01307	0.00915	0.00392	0.01046
95	0.78228	0.01499	0.01140	0.01020	0.01499	0.01739	0.00840	0.02279	0.01320	0.03479	0.01080	0.01260	0.00840	0.00720	0.00480	0.00240	0.00600	0.00420	0.00480	0.00840
96	0.01567	0.03929	0.66002	0.02255	0.03385	0.01808	0.05514	0.02457	0.01645	0.02457	0.01399	0.01656	0.00990	0.00733	0.00744	0.00246	0.01153	0.00588	0.00330	0.01142
97	0.01621	0.01390	0.01614	0.01167	0.01845	0.01072	0.00932	0.02045	0.04371	0.02557	0.01454	0.01663	0.01200	0.00595	0.00583	0.00121	0.00576	0.00477	0.00473	0.74244
98	0.01879	0.01801	0.03075	0.10578	0.62408	0.01832	0.02360	0.02345	0.01747	0.02485	0.01451	0.01932	0.01211	0.00698	0.00768	0.00233	0.00931	0.00691	0.00380	0.01196
99	0.01069	0.00785	0.01003	0.00980	0.01160	0.00720	0.00734	0.01394	0.02067	0.02862	0.52624	0.11960	0.13988	0.01724	0.00927	0.00256	0.00390	0.03823	0.00821	0.00713
100	0.01108	0.00831	0.01246	0.01246	0.01385	0.00969	0.00969	0.01385	0.01246	0.01800	0.02077	0.03046	0.01938	0.05815	0.69678	0.01246	0.02077	0.00831	0.00415	0.00692
101	0.01665	0.01500	0.02333	0.51714	0.07721	0.01831	0.02019	0.09058	0.01773	0.02335	0.01501	0.02237	0.01193	0.00884	0.00933	0.00264	0.06868	0.02839	0.00407	0.00924
102	0.02861	0.03420	0.02194	0.01953	0.02382	0.58443	0.01483	0.10807	0.05141	0.02324	0.01364	0.01520	0.01097	0.00826	0.00712	0.00207	0.01297	0.00540	0.00463	0.00965
103	0.00952	0.00678	0.00898	0.01071	0.01114	0.00634	0.00710	0.01081	0.01471	0.01961	0.04203	0.69662	0.05039	0.05133	0.01103	0.00332	0.00461	0.02163	0.00710	0.00624
104	0.04439	0.01397	0.02251	0.64751	0.05027	0.01734	0.02057	0.02099	0.04775	0.02101	0.01455	0.02077	0.01093	0.00787	0.00765	0.00258	0.00996	0.00688	0.00372	0.00879
105	0.01686	0.05229	0.02553	0.02043	0.02146	0.02283	0.06536	0.01904	0.01260	0.01907	0.01135	0.01795	0.01091	0.01568	0.06835	0.00386	0.57742	0.00694	0.00348	0.00860
106	0.07200	0.01328	0.01767	0.01362	0.01955	0.01169	0.01125	0.03704	0.02174	0.65217	0.02960	0.02570	0.01866	0.00948	0.00765	0.00240	0.00657	0.00762	0.00936	0.01296
107	0.01127	0.00833	0.01059	0.01006	0.01198	0.00787	0.00752	0.01573	0.05540	0.03026	0.58947	0.08908	0.09079	0.01611	0.00912	0.00249	0.00384	0.01421	0.00839	0.00750
108	0.05163	0.01744	0.01977	0.08680	0.02369	0.01917	0.01319	0.38839	0.04883	0.09157	0.02022	0.02492	0.01605	0.12829	0.01292	0.00323	0.00822	0.00771	0.00686	0.01111
109	0.02069	0.01680	0.01801	0.01589	0.02043	0.01914	0.01255	0.11281	0.54100	0.05482	0.03041	0.03022	0.02321	0.01083	0.00800	0.00263	0.00648	0.03601	0.00789	0.01218
110	0.01234	0.00888	0.01228	0.01399	0.01581	0.00882	0.01219	0.01584	0.01784	0.02310	0.04277	0.08687	0.07353	0.02134	0.01064	0.00353	0.00699	0.59900	0.00714	0.00711
111	0.01225	0.00744	0.01057	0.01070	0.01148	0.00795	0.00771	0.01255	0.01210	0.01747	0.02022	0.07947	0.01985	0.06362	0.28898	0.30354	0.01179	0.00871	0.08815	0.00546
112	0.01571	0.01382	0.02173	0.47175	0.04172	0.01639	0.04704	0.07175	0.01753	0.02334	0.01977	0.02705	0.04843	0.00941	0.00847	0.00258	0.03405	0.03683	0.06385	0.00878
113	0.02476	0.02002	0.02478	0.02172	0.09017	0.02184	0.07624	0.37314	0.19377	0.03999	0.02124	0.02153	0.01564	0.00911	0.00792	0.00243	0.00842	0.00764	0.00703	0.01260
114	0.08335	0.07060	0.59722	0.02063	0.03128	0.01855	0.02614	0.02434	0.01606	0.02516	0.01349	0.01585	0.00970	0.00732	0.00703	0.00241	0.01083	0.00552	0.00341	0.01112
115	0.78228	0.01499	0.01140	0.01020	0.01499	0.01739	0.00840	0.02279	0.01320	0.03479	0.01080	0.01260	0.00840	0.00720	0.00480	0.00240	0.00600	0.00420	0.00480	0.00840
116	0.04934	0.01028	0.01263	0.01094	0.01449	0.00921	0.00847	0.02054	0.03943	0.16194	0.29008	0.10423	0.10332	0.01373	0.00824	0.00233	0.00483	0.01179	0.00777	0.11642
117	0.01107	0.00796	0.00999	0.01068	0.01173	0.00756	0.00723	0.04016	0.01585	0.02147	0.08775	0.49604	0.04571	0.13592	0.01433	0.00367	0.00516	0.01817	0.00680	0.04275
118	0.07584	0.01622	0.01742	0.01517	0.01991	0.01814	0.01197	0.06544	0.49341	0.13376	0.02940	0.02695	0.02146	0.01009	0.00765	0.00257	0.00630	0.00822	0.00793	0.01218
119	0.01119	0.00748	0.00848	0.00856	0.00858	0.00746	0.00481	0.01125	0.01144	0.01525	0.02527	0.08149	0.02925	0.69531	0.03811	0.00732	0.00738	0.01177	0.00481	0.00477
120	0.01108	0.00831	0.01246	0.01246	0.01385	0.00969	0.00969	0.01385	0.01246	0.01800	0.02077	0.03046	0.01938	0.05815	0.69678	0.01246	0.02077	0.00831	0.00415	0.00692
121	0.01464	0.01378	0.02326	0.70887	0.05340	0.01723	0.02153	0.01981	0.01550	0.01981	0.01378	0.02067	0.01034	0.00775	0.00775	0.00258	0.01034	0.00689	0.00345	0.00861
122	0.78228	0.01499	0.01140	0.01020	0.01499	0.01739	0.00840	0.02279	0.01320	0.03479	0.01080	0.01260	0.00840	0.00720	0.00480	0.00240	0.00600	0.00420	0.00480	0.00840
123	0.00945	0.00675	0.00900	0.01080	0.01125	0.00630	0.00720	0.01080	0.01484	0.01979	0.04274	0.72245	0.05128	0.02429	0.00990	0.00315	0.00450	0.02204	0.00720	0.00630
124	0.05198	0.01754	0.01896	0.01532	0.02057	0.01900	0.01241	0.34302	0.16455	0.11856	0.02867	0.02740	0.08173	0.01054	0.00775	0.00241	0.00709	0.00830	0.03223	0.01198
125	0.01608	0.01378	0.01608	0.01148	0.01837	0.01034	0.00919	0.01952	0.01608	0.02527	0.01378	0.01608	0.01148	0.00574	0.00574	0.00115	0.00574	0.00459	0.00459	0.77491
126	0.01887	0.01622	0.01718	0.01548	0.01974	0.01869	0.01203	0.03988	0.63312	0.03237	0.06359	0.03037	0.02613	0.01078	0.00795	0.00262	0.00601	0.00903	0.00792	0.01203
127	0.00993	0.00709	0.00953	0.01120	0.01189	0.00670	0.00790	0.01169	0.01561	0.02084	0.07589	0.60434	0.05157	0.02347	0.00996	0.00317	0.00480	0.10072	0.00726	0.00646
128	0.01074	0.00791	0.01016	0.01044	0.01216	0.00733	0.00801	0.01378	0.01949	0.02646	0.37728	0.16929	0.15230	0.01871	0.00954	0.00278	0.00445	0.12428	0.00789	0.00701
129	0.03479	0.01320	0.01799	0.01380	0.01979	0.01140	0.01140	0.03779	0.02219	0.68451	0.03059	0.02639	0.01919	0.00960	0.00780	0.00240	0.00660	0.00780	0.00960	0.01320
130	0.01197	0.00816	0.01058	0.00984	0.01190	0.00746	0.00743	0.01551	0.02173	0.06047	0.61406	0.05736	0.10251	0.01576	0.00908	0.00245	0.00381	0.01386	0.00851	0.00754
131	0.01127	0.00755	0.00863	0.00863	0.00870	0.00761	0.00492	0.01139	0.01133	0.01517	0.02427	0.04984	0.02780	0.69774	0.06870	0.00774	0.00811	0.01114	0.00467	0.00480
132	0.01608	0.01378	0.01608	0.01148	0.01837	0.01034	0.00919	0.01952	0.01608	0.02527	0.01378	0.01608	0.01148	0.00574	0.00574	0.00115	0.00574	0.00459	0.00459	0.77491
133	0.01108	0.00831	0.01246	0.01246	0.01385	0.00969	0.00969	0.01385	0.01246	0.01800	0.02077	0.03046	0.01938	0.05815	0.69678	0.01246	0.02077	0.00831	0.00415	0.00692
134	0.03479	0.01320	0.01799	0.01380	0.01979	0.01140	0.01140	0.03779	0.02219	0.68451	0.03059	0.02639	0.01919	0.00960	0.00780	0.00240	0.00660	0.00780	0.00960	0.01320
135	0.78228	0.01499	0.01140	0.01020	0.01499	0.01739	0.00840	0.02279	0.01320	0.03479	0.01080	0.01260	0.00840	0.00720	0.00480	0.00240	0.00600	0.00420	0.00480	0.00840
136	0.00998	0.00713	0.00961	0.01140	0.01209	0.00676	0.00812	0.01172	0.01537	0.02039	0.04244	0.61169	0.05012	0.02379	0.01004	0.00322	0.00496	0.12756	0.00719	0.00644
137	0.01830	0.02092	0.04575	0.03268	0.04052	0.01961	0.65098	0.02484	0.01830	0.02484	0.01569	0.02092	0.01176	0.00654	0.00915	0.00261	0.01307	0.00915	0.00392	0.01046
138	0.01128	0.00752	0.00846	0.00846	0.00846	0.00752	0.00470	0.01128	0.01128	0.01503	0.02443	0.05074	0.02819	0.72751	0.03946	0.00752	0.00752	0.01128	0.00470	0.00470
139	0.01188	0.00799	0.00895	0.00877	0.00898	0.00807	0.00503	0.03268	0.01212	0.01616	0.02424	0.04967	0.02769	0.70356	0.03841	0.00734	0.00755	0.01113	0.00480	0.00498
140	0.01482	0.01038	0.01142	0.01039	0.01165	0.01088	0.00676	0.12776	0.03755	0.02170	0.02362	0.04424	0.02534	0.57447	0.03271	0.00642	0.00765	0.01042	0.00535	0.00648
141	0.01108	0.00831	0.01246	0.01246	0.01385	0.00969	0.00969	0.01385	0.01246	0.01800	0.02077	0.03046	0.01938	0.05815	0.69678	0.01246	0.02077	0.00831	0.00415	0.00692
142	0.02828	0.03565	0.02264	0.02192	0.07011	0.64863	0.01560	0.03046	0.02167	0.01942	0.01217	0.01435	0.01015	0.00791	0.00704	0.00202	0.01365	0.00513	0.00398	0.00922
143	0.01055	0.00789	0.00967	0.00924	0.01118	0.00714	0.00686	0.01364	0.02044	0.02793	0.50207	0.06163	0.21674	0.04841	0.01050	0.00271	0.00389	0.01447	0.00804	0.00701
144	0.01048	0.00718	0.00869	0.00947	0.00967	0.00699	0.00578	0.01107	0.01282	0.01710	0.03237	0.34219	0.03821	0.42239	0.02664	0.00562	0.00621	0.01595	0.00578	0.00539
145	0.01915	0.01854	0.03216	0.04687	0.64829	0.01848	0.05409	0.02385	0.01769	0.02531	0.01464	0.01927	0.01226	0.00689	0.00775	0.00232	0.00940	0.00702	0.00384	0.01219
146	0.01996	0.05778	0.03044	0.13217	0.35873	0.09335	0.08408	0.05258	0.01836	0.02419	0.01407	0.01852	0.01152	0.00753	0.00848	0.00236	0.04421	0.00677	0.00394	0.01096
147	0.01016	0.00740	0.00986	0.03712	0.01313	0.00705	0.00803	0.01188	0.01576	0.02082	0.09535	0.49468	0.11179	0.02240	0.01065	0.03735	0.00491	0.06823	0.00699	0.00643
148	0.01142	0.00781	0.01035	0.01164	0.01271	0.00758	0.00835	0.01411	0.04509	0.04927	0.04044	0.55270	0.04632	0.02433	0.04299	0.00359	0.00576	0.09135	0.00718	0.00700
149	0.14549	0.04839	0.10231	0.01453	0.02021	0.01393	0.03995	0.04948	0.01872	0.26702	0.04592	0.12563	0.02156	0.01088	0.00746	0.00244	0.00709	0.00901	0.00683	0.04315
150	0.05200	0.01355	0.01631	0.04925	0.01955	0.01210	0.01032	0.01975	0.04056	0.02492	0.04893	0.01929	0.01499	0.00827	0.00880	0.03894	0.06138	0.00563	0.00472	0.53075
151	0.02016	0.08629	0.04855	0.03895	0.02576	0.01657	0.15198	0.10101	0.01955	0.08192	0.01591	0.01811	0.01216	0.00688	0.00695	0.00186	0.00834	0.00622	0.00505	0.32780
152	0.09362	0.10100	0.02013	0.01356	0.01959	0.04781	0.01127	0.14942	0.04786	0.03004	0.01611	0.01973	0.01340	0.00777	0.00636	0.00179	0.00709	0.03524	0.00534	0.35289
153	0.02149	0.04326	0.02587	0.03041	0.30848	0.06514	0.01821	0.14491	0.14621	0.03005	0.01904	0.02269	0.01546	0.00895	0.00856	0.00243	0.04271	0.02889	0.00544	0.01179
154	0.05967	0.06993	0.11906	0.01959	0.09884	0.01733	0.01607	0.14682	0.04594	0.25776	0.02237	0.02439	0.01629	0.00925	0.00754	0.00240	0.00808	0.03982	0.00681	0.01204

[dist]
# distance from previous block
# <min> <max>
0	6

[block]
# block no. 3 follows, 25 sequences, length 102
# corresponding to MSA columns:
# 219-320
name=unknown_D
#
# <colnr> <probs for GDERKNQSTAVLIFYWHMCP>
#	G	D	E	R	K	N	Q	S	T	A	V	L	I	F	Y	W	H	M	C	P
0	0.62523	0.05078	0.04643	0.01120	0.01641	0.01729	0.00983	0.02381	0.01445	0.08401	0.03327	0.01527	0.01141	0.00764	0.00530	0.00237	0.00635	0.00486	0.00514	0.00896
1	0.24426	0.02578	0.01826	0.01618	0.02061	0.32861	0.01254	0.11617	0.06886	0.02876	0.01526	0.04368	0.01265	0.00879	0.00665	0.00225	0.00996	0.00601	0.00517	0.00955
2	0.01002	0.00710	0.00926	0.01052	0.01114	0.00671	0.00713	0.01157	0.01536	0.02067	0.11602	0.52126	0.05046	0.11829	0.01385	0.00368	0.00493	0.04876	0.00702	0.00624
3	0.04705	0.01590	0.02713	0.45051	0.06523	0.01854	0.13383	0.05138	0.01671	0.02280	0.01398	0.01995	0.01070	0.00802	0.00928	0.00262	0.06611	0.00719	0.00380	0.00926
4	0.06693	0.02198	0.02295	0.01879	0.05072	0.05621	0.01481	0.56517	0.03380	0.04573	0.01773	0.01811	0.01275	0.00904	0.00757	0.00231	0.00870	0.00674	0.00726	0.01270
5	0.00943	0.00680	0.00894	0.01065	0.01121	0.00631	0.00713	0.01081	0.01498	0.01985	0.04449	0.69070	0.08190	0.02406	0.00986	0.00312	0.00447	0.02176	0.00720	0.00631
6	0.01017	0.00771	0.00941	0.00964	0.01142	0.00695	0.00714	0.01280	0.01887	0.02507	0.31813	0.20688	0.25473	0.01915	0.00940	0.00271	0.00412	0.05111	0.00775	0.00685
7	0.01750	0.01017	0.01048	0.00938	0.01208	0.01064	0.00731	0.14687	0.02035	0.03295	0.02394	0.02682	0.01852	0.00909	0.00589	0.00191	0.00461	0.00718	0.61588	0.00844
8	0.78228	0.01499	0.01140	0.01020	0.01499	0.01739	0.00840	0.02279	0.01320	0.03479	0.01080	0.01260	0.00840	0.00720	0.00480	0.00240	0.00600	0.00420	0.00480	0.00840
9	0.13032	0.02082	0.02168	0.01682	0.02283	0.02315	0.01389	0.56882	0.03334	0.04698	0.01757	0.01781	0.01254	0.00903	0.00736	0.00234	0.00819	0.00661	0.00736	0.01254
10	0.38227	0.01148	0.01026	0.00932	0.01293	0.01239	0.00743	0.02148	0.01560	0.08455	0.05107	0.02412	0.04345	0.00895	0.00564	0.00220	0.00501	0.00651	0.27711	0.00824
11	0.03449	0.01368	0.01829	0.01402	0.02003	0.01211	0.01158	0.07257	0.02300	0.64859	0.02991	0.02595	0.01885	0.00958	0.00779	0.00240	0.00671	0.00775	0.00949	0.01319
12	0.78228	0.01499	0.01140	0.01020	0.01499	0.01739	0.00840	0.02279	0.01320	0.03479	0.01080	0.01260	0.00840	0.00720	0.00480	0.00240	0.00600	0.00420	0.00480	0.00840
13	0.01134	0.00832	0.01088	0.01132	0.01324	0.00786	0.00921	0.01474	0.01973	0.02656	0.34010	0.07204	0.14262	0.01860	0.00978	0.00292	0.00509	0.26073	0.00780	0.00714
14	0.00924	0.00786	0.00795	0.00793	0.01052	0.00658	0.00595	0.01127	0.01784	0.02135	0.10233	0.07395	0.65196	0.01949	0.00916	0.00261	0.00392	0.01627	0.00725	0.00658
15	0.02947	0.02172	0.02327	0.01784	0.02404	0.02404	0.01474	0.65329	0.03646	0.04887	0.01862	0.01862	0.01319	0.00931	0.00776	0.00233	0.00853	0.00698	0.00776	0.01319
16	0.01919	0.01842	0.03147	0.04759	0.67914	0.01842	0.02380	0.02380	0.01765	0.02533	0.01458	0.01919	0.01228	0.00691	0.00768	0.00230	0.00921	0.00691	0.00384	0.01228
17	0.01978	0.01690	0.01781	0.01588	0.02035	0.01951	0.01239	0.07068	0.63485	0.03323	0.03093	0.02843	0.02316	0.01046	0.00788	0.00262	0.00625	0.00868	0.00788	0.01232
18	0.00965	0.00757	0.00862	0.00914	0.01089	0.00669	0.00658	0.01154	0.01689	0.02127	0.11696	0.25644	0.38369	0.06070	0.01114	0.00307	0.00439	0.04111	0.00717	0.00646
19	0.01929	0.01666	0.01753	0.01578	0.02016	0.01929	0.01227	0.04120	0.66513	0.03243	0.03156	0.02893	0.02367	0.01052	0.00789	0.00263	0.00614	0.00877	0.00789	0.01227
20	0.01108	0.00831	0.01246	0.01246	0.01385	0.00969	0.00969	0.01385	0.01246	0.01800	0.02077	0.03046	0.01938	0.05815	0.69678	0.01246	0.02077	0.00831	0.00415	0.00692
21	0.01608	0.01378	0.01608	0.01148	0.01837	0.01034	0.00919	0.01952	0.01608	0.02527	0.01378	0.01608	0.01148	0.00574	0.00574	0.00115	0.00574	0.00459	0.00459	0.77491
22	0.01140	0.00742	0.00839	0.00856	0.00877	0.00738	0.00500	0.01187	0.01208	0.01678	0.02623	0.11161	0.02957	0.59418	0.03350	0.00657	0.00687	0.01190	0.07684	0.00509
23	0.02073	0.73217	0.04063	0.01327	0.01990	0.03068	0.01327	0.02322	0.01575	0.01824	0.01078	0.01244	0.00995	0.00663	0.00498	0.00166	0.00829	0.00415	0.00332	0.00995
24	0.00945	0.00675	0.00900	0.01080	0.01125	0.00630	0.00720	0.01080	0.01484	0.01979	0.04274	0.72245	0.05128	0.02429	0.00990	0.00315	0.00450	0.02204	0.00720	0.00630
25	0.01067	0.00756	0.00834	0.00843	0.00909	0.00722	0.00511	0.01122	0.01301	0.01671	0.03849	0.09036	0.18659	0.52028	0.03062	0.00611	0.00649	0.01305	0.00543	0.00523
26	0.01919	0.01842	0.03147	0.04759	0.67914	0.01842	0.02380	0.02380	0.01765	0.02533	0.01458	0.01919	0.01228	0.00691	0.00768	0.00230	0.00921	0.00691	0.00384	0.01228
27	0.01919	0.01842	0.03147	0.04759	0.67914	0.01842	0.02380	0.02380	0.01765	0.02533	0.01458	0.01919	0.01228	0.00691	0.00768	0.00230	0.00921	0.00691	0.00384	0.01228
28	0.01464	0.01378	0.02326	0.70887	0.05340	0.01723	0.02153	0.01981	0.01550	0.01981	0.01378	0.02067	0.01034	0.00775	0.00775	0.00258	0.01034	0.00689	0.00345	0.00861
29	0.00945	0.00675	0.00900	0.01080	0.01125	0.00630	0.00720	0.01080	0.01484	0.01979	0.04274	0.72245	0.05128	0.02429	0.00990	0.00315	0.00450	0.02204	0.00720	0.00630
30	0.01830	0.02092	0.04575	0.03268	0.04052	0.01961	0.65098	0.02484	0.01830	0.02484	0.01569	0.02092	0.01176	0.00654	0.00915	0.00261	0.01307	0.00915	0.00392	0.01046
31	0.01097	0.00793	0.01036	0.00975	0.01158	0.00732	0.00732	0.01463	0.02195	0.03109	0.67505	0.05792	0.07316	0.01585	0.00914	0.00244	0.00366	0.01402	0.00854	0.00732
32	0.67197	0.01584	0.03940	0.04489	0.01788	0.01707	0.01002	0.02356	0.01394	0.07037	0.01218	0.01392	0.00916	0.00737	0.00521	0.00241	0.00646	0.00459	0.00494	0.00880
33	0.78228	0.01499	0.01140	0.01020	0.01499	0.01739	0.00840	0.02279	0.01320	0.03479	0.01080	0.01260	0.00840	0.00720	0.00480	0.00240	0.00600	0.00420	0.00480	0.00840
