[name]
unknown

[dist]
# distance from previous block
# <min> <max>
0	46

[block]
# block no. 0 follows, 25 sequences, length 16
# corresponding to MSA columns:
# 52-67
name=unknown_A
#
# <colnr> <probs for GDERKNQSTAVLIFYWHMCP>
#	G	D	E	R	K	N	Q	S	T	A	V	L	I	F	Y	W	H	M	C	P
0	0.01249	0.00892	0.01249	0.01428	0.01606	0.00892	0.01249	0.01606	0.01785	0.02320	0.04105	0.08746	0.04462	0.02142	0.01071	0.00357	0.00714	0.62695	0.00714	0.00714
1	0.02537	0.13685	0.25945	0.01694	0.02499	0.01768	0.01805	0.07421	0.02012	0.30031	0.02070	0.02008	0.01398	0.00832	0.00720	0.00230	0.00873	0.00643	0.00623	0.01207
2	0.08652	0.48869	0.17272	0.01508	0.02254	0.02653	0.01614	0.05530	0.01671	0.02256	0.01183	0.01359	0.00995	0.00697	0.00560	0.00192	0.00877	0.00463	0.00366	0.01029
3	0.02010	0.51091	0.19650	0.01593	0.02353	0.07828	0.01714	0.02413	0.01638	0.01983	0.01163	0.01351	0.00992	0.00692	0.00571	0.00188	0.00950	0.00460	0.00336	0.01024
4	0.01115	0.00754	0.00842	0.00842	0.00858	0.00746	0.00477	0.01127	0.01167	0.01540	0.02776	0.05221	0.06807	0.68393	0.03760	0.00722	0.00730	0.01159	0.00485	0.00481
5	0.06805	0.02242	0.02257	0.01759	0.02358	0.06982	0.01443	0.57826	0.03427	0.04609	0.01776	0.01799	0.01272	0.00911	0.00755	0.00231	0.00878	0.00670	0.00735	0.01265
6	0.01759	0.02290	0.13949	0.02827	0.03654	0.01814	0.47158	0.02409	0.01771	0.02485	0.01517	0.01959	0.01143	0.00656	0.00843	0.00240	0.01186	0.00803	0.00391	0.11146
7	0.02947	0.02172	0.02327	0.01784	0.02404	0.02404	0.01474	0.65329	0.03646	0.04887	0.01862	0.01862	0.01319	0.00931	0.00776	0.00233	0.00853	0.00698	0.00776	0.01319
8	0.00945	0.00675	0.00900	0.01080	0.01125	0.00630	0.00720	0.01080	0.01484	0.01979	0.04274	0.72245	0.05128	0.02429	0.00990	0.00315	0.00450	0.02204	0.00720	0.00630
9	0.01929	0.01666	0.01753	0.01578	0.02016	0.01929	0.01227	0.04120	0.66513	0.03243	0.03156	0.02893	0.02367	0.01052	0.00789	0.00263	0.00614	0.00877	0.00789	0.01227
10	0.01608	0.01378	0.01608	0.01148	0.01837	0.01034	0.00919	0.01952	0.01608	0.02527	0.01378	0.01608	0.01148	0.00574	0.00574	0.00115	0.00574	0.00459	0.00459	0.77491
11	0.01608	0.01378	0.01608	0.01148	0.01837	0.01034	0.00919	0.01952	0.01608	0.02527	0.01378	0.01608	0.01148	0.00574	0.00574	0.00115	0.00574	0.00459	0.00459	0.77491
12	0.01080	0.00786	0.01016	0.00970	0.01151	0.00722	0.00723	0.01425	0.02137	0.02998	0.61131	0.09127	0.10532	0.01647	0.00918	0.00248	0.00371	0.01454	0.00840	0.00722
13	0.02947	0.02172	0.02327	0.01784	0.02404	0.02404	0.01474	0.65329	0.03646	0.04887	0.01862	0.01862	0.01319	0.00931	0.00776	0.00233	0.00853	0.00698	0.00776	0.01319
14	0.01608	0.01378	0.01608	0.01148	0.01837	0.01034	0.00919	0.01952	0.01608	0.02527	0.01378	0.01608	0.01148	0.00574	0.00574	0.00115	0.00574	0.00459	0.00459	0.77491
15	0.01494	0.01058	0.01162	0.01057	0.01193	0.01116	0.00694	0.12333	0.06044	0.02202	0.02392	0.04374	0.02531	0.55526	0.03187	0.00629	0.00760	0.01037	0.00544	0.00667

[dist]
# distance from previous block
# <min> <max>
0	4

[block]
# block no. 1 follows, 25 sequences, length 6
# corresponding to MSA columns:
# 72-77
name=unknown_B
#
# <colnr> <probs for GDERKNQSTAVLIFYWHMCP>
#	G	D	E	R	K	N	Q	S	T	A	V	L	I	F	Y	W	H	M	C	P
0	0.05997	0.42925	0.23130	0.01631	0.02407	0.08153	0.01776	0.02424	0.01632	0.02107	0.01182	0.01375	0.00983	0.00700	0.00585	0.00196	0.00959	0.00469	0.00344	0.01024
1	0.06259	0.09038	0.06158	0.01761	0.02302	0.07118	0.01522	0.36257	0.06844	0.03687	0.01651	0.01773	0.01252	0.00937	0.00953	0.00241	0.09833	0.00645	0.00612	0.01159
2	0.01249	0.01106	0.01911	0.01621	0.01914	0.01059	0.16651	0.01565	0.01586	0.02178	0.09106	0.25960	0.05597	0.06566	0.14306	0.00488	0.00987	0.01385	0.00567	0.04199
3	0.15602	0.01039	0.00928	0.00895	0.01139	0.04723	0.00688	0.01926	0.01566	0.02844	0.02148	0.02523	0.01718	0.01314	0.06880	0.00290	0.00620	0.00665	0.51739	0.00751
4	0.08886	0.26754	0.36553	0.01751	0.02639	0.02176	0.02052	0.02481	0.01625	0.06627	0.01366	0.01536	0.01034	0.00725	0.00636	0.00218	0.00958	0.00519	0.00384	0.01079
5	0.01691	0.01227	0.01498	0.05787	0.01865	0.01250	0.01079	0.18530	0.02147	0.05254	0.05361	0.33621	0.03391	0.01646	0.00874	0.00267	0.00627	0.04989	0.00699	0.08197

[dist]
# distance from previous block
# <min> <max>
0	1

[block]
# block no. 2 follows, 25 sequences, length 10
# corresponding to MSA columns:
# 79-88
name=unknown_C
#
# <colnr> <probs for GDERKNQSTAVLIFYWHMCP>
#	G	D	E	R	K	N	Q	S	T	A	V	L	I	F	Y	W	H	M	C	P
0	0.01995	0.01405	0.01636	0.01298	0.01837	0.01276	0.01048	0.15901	0.02136	0.10339	0.02454	0.07697	0.05130	0.01032	0.00726	0.00198	0.00631	0.05680	0.03323	0.34260
1	0.02681	0.04639	0.01934	0.01427	0.02005	0.01552	0.01172	0.17710	0.08743	0.29332	0.06793	0.02470	0.02025	0.00930	0.00744	0.00218	0.00674	0.00745	0.00786	0.13421
2	0.01566	0.01492	0.02622	0.33517	0.07392	0.01621	0.15318	0.01990	0.01562	0.02118	0.01509	0.04655	0.01264	0.00971	0.01071	0.06378	0.04960	0.00769	0.00382	0.08842
3	0.01608	0.01378	0.01608	0.01148	0.01837	0.01034	0.00919	0.01952	0.01608	0.02527	0.01378	0.01608	0.01148	0.00574	0.00574	0.00115	0.00574	0.00459	0.00459	0.77491
4	0.01555	0.01322	0.01551	0.01143	0.01780	0.01001	0.00903	0.01882	0.01598	0.02483	0.01611	0.07280	0.01468	0.00723	0.00608	0.00131	0.00564	0.00599	0.00480	0.71319
5	0.01550	0.00881	0.00963	0.00906	0.01102	0.00935	0.00694	0.06786	0.01714	0.02862	0.02325	0.02740	0.01857	0.01298	0.04684	0.04427	0.03420	0.00722	0.59381	0.00753
6	0.01128	0.00752	0.00846	0.00846	0.00846	0.00752	0.00470	0.01128	0.01128	0.01503	0.02443	0.05074	0.02819	0.72751	0.03946	0.00752	0.00752	0.01128	0.00470	0.00470
7	0.02136	0.01571	0.01592	0.04261	0.01868	0.05500	0.01093	0.25095	0.11121	0.03562	0.02248	0.02399	0.01700	0.00922	0.00678	0.00215	0.00661	0.00720	0.31636	0.01021
8	0.01445	0.00723	0.00723	0.00723	0.00903	0.00723	0.00542	0.01807	0.01626	0.02891	0.02529	0.02891	0.01987	0.00903	0.00542	0.00181	0.00361	0.00723	0.77055	0.00723
9	0.02466	0.01564	0.01792	0.01454	0.01923	0.01637	0.01169	0.31199	0.06485	0.16740	0.13389	0.07862	0.02811	0.01160	0.00805	0.00241	0.00666	0.00952	0.04548	0.01136

[dist]
# distance from previous block
# <min> <max>
3	10

[block]
# block no. 3 follows, 25 sequences, length 71
# corresponding to MSA columns:
# 99-169
name=unknown_D
#
# <colnr> <probs for GDERKNQSTAVLIFYWHMCP>
#	G	D	E	R	K	N	Q	S	T	A	V	L	I	F	Y	W	H	M	C	P
0	0.38811	0.01609	0.03978	0.17675	0.05244	0.01779	0.01399	0.06077	0.01603	0.08176	0.01374	0.01664	0.01032	0.00809	0.00757	0.00251	0.05778	0.00562	0.00485	0.00938
1	0.05707	0.01460	0.01985	0.05880	0.02299	0.01444	0.06705	0.09240	0.10574	0.29996	0.04640	0.06874	0.02168	0.01054	0.00798	0.00249	0.00726	0.03075	0.00764	0.04363
2	0.00987	0.00715	0.00960	0.04265	0.01290	0.00692	0.00761	0.01126	0.01452	0.01932	0.03957	0.62285	0.04708	0.09403	0.01276	0.00356	0.00507	0.02027	0.00677	0.00624
3	0.02708	0.01944	0.02119	0.01631	0.02235	0.02072	0.01338	0.48497	0.06118	0.08228	0.01956	0.01961	0.01406	0.00892	0.00742	0.00218	0.00777	0.00682	0.03544	0.10933
4	0.02173	0.06050	0.02005	0.01493	0.02036	0.01862	0.01211	0.27189	0.17346	0.03581	0.06042	0.05477	0.02037	0.00975	0.00737	0.00215	0.00690	0.00782	0.00687	0.17412
5	0.01810	0.28501	0.36157	0.01835	0.02673	0.06462	0.02104	0.02374	0.01624	0.02152	0.01347	0.03856	0.01129	0.00800	0.00740	0.00221	0.04251	0.00571	0.00347	0.01046
6	0.71363	0.01561	0.01248	0.01089	0.01582	0.01800	0.00898	0.08029	0.01532	0.03607	0.01151	0.01314	0.00883	0.00739	0.00507	0.00239	0.00623	0.00445	0.00507	0.00883
7	0.01108	0.00831	0.01246	0.01246	0.01385	0.00969	0.00969	0.01385	0.01246	0.01800	0.02077	0.03046	0.01938	0.05815	0.69678	0.01246	0.02077	0.00831	0.00415	0.00692
8	0.01386	0.01019	0.01149	0.01074	0.01368	0.00995	0.00818	0.02076	0.16443	0.07652	0.20946	0.09725	0.29114	0.01618	0.00881	0.00259	0.00460	0.01378	0.00787	0.00851
9	0.17172	0.01548	0.01740	0.01392	0.01927	0.01591	0.01138	0.19299	0.06169	0.29947	0.08194	0.02475	0.02072	0.00969	0.00735	0.00240	0.00669	0.00752	0.00802	0.01170
10	0.04315	0.01541	0.02335	0.53194	0.08456	0.01843	0.02011	0.12470	0.01901	0.02544	0.01453	0.01997	0.01086	0.00794	0.00765	0.00252	0.00983	0.00682	0.00423	0.00958
11	0.78228	0.01499	0.01140	0.01020	0.01499	0.01739	0.00840	0.02279	0.01320	0.03479	0.01080	0.01260	0.00840	0.00720	0.00480	0.00240	0.00600	0.00420	0.00480	0.00840
12	0.02999	0.01705	0.02000	0.01549	0.02123	0.01745	0.01273	0.34809	0.02941	0.30419	0.08146	0.02523	0.02091	0.01000	0.00790	0.00237	0.00732	0.00793	0.00857	0.01267
13	0.00945	0.00675	0.00900	0.01080	0.01125	0.00630	0.00720	0.01080	0.01484	0.01979	0.04274	0.72245	0.05128	0.02429	0.00990	0.00315	0.00450	0.02204	0.00720	0.00630
14	0.01919	0.01842	0.03147	0.04759	0.67914	0.01842	0.02380	0.02380	0.01765	0.02533	0.01458	0.01919	0.01228	0.00691	0.00768	0.00230	0.00921	0.00691	0.00384	0.01228
15	0.01464	0.01378	0.02326	0.70887	0.05340	0.01723	0.02153	0.01981	0.01550	0.01981	0.01378	0.02067	0.01034	0.00775	0.00775	0.00258	0.01034	0.00689	0.00345	0.00861
16	0.01071	0.00777	0.00992	0.01108	0.01210	0.00743	0.00775	0.04532	0.01671	0.02222	0.08126	0.58059	0.08674	0.02260	0.00973	0.00305	0.00474	0.04620	0.00730	0.00677
17	0.00943	0.00681	0.00894	0.01064	0.01121	0.00631	0.00713	0.01081	0.01499	0.01985	0.04463	0.68811	0.08439	0.02404	0.00986	0.00312	0.00447	0.02174	0.00720	0.00631
18	0.00945	0.00675	0.00900	0.01080	0.01125	0.00630	0.00720	0.01080	0.01484	0.01979	0.04274	0.72245	0.05128	0.02429	0.00990	0.00315	0.00450	0.02204	0.00720	0.00630
19	0.01625	0.01485	0.02461	0.35212	0.22373	0.01694	0.04623	0.02086	0.01605	0.02263	0.01523	0.02099	0.01211	0.00807	0.00886	0.00247	0.06345	0.00702	0.09798	0.00956
20	0.00945	0.00675	0.00900	0.01080	0.01125	0.00630	0.00720	0.01080	0.01484	0.01979	0.04274	0.72245	0.05128	0.02429	0.00990	0.00315	0.00450	0.02204	0.00720	0.00630
21	0.02127	0.70471	0.03977	0.01329	0.01990	0.02994	0.01320	0.02377	0.01600	0.04369	0.01154	0.01297	0.01030	0.00675	0.00508	0.00169	0.00823	0.00429	0.00356	0.01007
22	0.01608	0.01378	0.01608	0.01148	0.01837	0.01034	0.00919	0.01952	0.01608	0.02527	0.01378	0.01608	0.01148	0.00574	0.00574	0.00115	0.00574	0.00459	0.00459	0.77491
23	0.03346	0.01380	0.01815	0.01399	0.01979	0.01245	0.01147	0.09473	0.02315	0.60106	0.02925	0.02652	0.01895	0.03496	0.00891	0.00257	0.00681	0.00784	0.00925	0.01289
24	0.01608	0.01378	0.01608	0.01148	0.01837	0.01034	0.00919	0.01952	0.01608	0.02527	0.01378	0.01608	0.01148	0.00574	0.00574	0.00115	0.00574	0.00459	0.00459	0.77491
25	0.06088	0.01421	0.01772	0.01411	0.01965	0.01363	0.01150	0.07381	0.13476	0.48568	0.05016	0.02684	0.02093	0.00985	0.00773	0.00244	0.00651	0.00798	0.00896	0.01265
26	0.01919	0.37876	0.30521	0.01673	0.02515	0.02349	0.01923	0.02444	0.01640	0.06010	0.01374	0.01546	0.01079	0.00719	0.00614	0.00204	0.00934	0.00512	0.03080	0.01067
27	0.01128	0.00800	0.01092	0.01092	0.01186	0.00887	0.00786	0.01317	0.01223	0.01747	0.02217	0.03711	0.02232	0.27779	0.45009	0.01038	0.01566	0.00925	0.03645	0.00620
28	0.01555	0.04011	0.68733	0.02210	0.03356	0.01801	0.02865	0.02455	0.01637	0.02455	0.01391	0.01637	0.00982	0.00737	0.00737	0.00246	0.01146	0.00573	0.00327	0.01146
29	0.09950	0.04326	0.01797	0.01568	0.04120	0.01839	0.01197	0.07268	0.42795	0.06055	0.08427	0.02810	0.02473	0.01026	0.00755	0.00251	0.00625	0.00837	0.00738	0.01143
30	0.02052	0.70451	0.06648	0.01362	0.02045	0.03017	0.01388	0.02327	0.01578	0.01849	0.01090	0.01260	0.00995	0.00666	0.00507	0.00169	0.00842	0.00421	0.00332	0.01001
31	0.01808	0.01529	0.01624	0.01487	0.01889	0.01742	0.01163	0.03698	0.56193	0.03106	0.03468	0.03515	0.06375	0.01165	0.00804	0.00265	0.00596	0.04600	0.03829	0.01142
32	0.01090	0.00792	0.01026	0.00967	0.01154	0.00728	0.00726	0.01449	0.02177	0.03067	0.65005	0.05862	0.09842	0.01601	0.00915	0.00245	0.00367	0.01412	0.00848	0.00728
33	0.01797	0.36350	0.38513	0.01797	0.02718	0.02393	0.02146	0.02393	0.01608	0.02161	0.01245	0.01453	0.00988	0.00702	0.00625	0.00208	0.00998	0.00499	0.00329	0.01075
34	0.00937	0.00766	0.00802	0.00830	0.01055	0.00653	0.00608	0.01129	0.01718	0.02101	0.07121	0.17591	0.55644	0.02004	0.00916	0.00268	0.00401	0.01698	0.03104	0.00653
35	0.01128	0.00752	0.00846	0.00846	0.00846	0.00752	0.00470	0.01128	0.01128	0.01503	0.02443	0.05074	0.02819	0.72751	0.03946	0.00752	0.00752	0.01128	0.00470	0.00470
36	0.73489	0.05962	0.01322	0.01039	0.01530	0.01822	0.00870	0.02282	0.01335	0.03376	0.01080	0.01259	0.00849	0.00716	0.00481	0.00235	0.00614	0.00420	0.00471	0.00849
37	0.01116	0.00747	0.00849	0.00860	0.00863	0.00744	0.00485	0.01125	0.01149	0.01532	0.02554	0.09153	0.02959	0.68480	0.03767	0.00725	0.00733	0.01193	0.00485	0.00480
38	0.02008	0.01582	0.01774	0.01384	0.01946	0.01530	0.01107	0.23463	0.08299	0.03407	0.07461	0.06287	0.02071	0.00932	0.00715	0.00191	0.00647	0.00760	0.00645	0.33790
39	0.01347	0.00673	0.01010	0.01010	0.01010	0.00673	0.00673	0.01010	0.01010	0.01347	0.01347	0.02357	0.01347	0.02694	0.03030	0.77441	0.00673	0.00673	0.00337	0.00337
40	0.01097	0.00793	0.01036	0.00975	0.01158	0.00732	0.00732	0.01463	0.02195	0.03109	0.67505	0.05792	0.07316	0.01585	0.00914	0.00244	0.00366	0.01402	0.00854	0.00732
41	0.01929	0.01666	0.01753	0.01578	0.02016	0.01929	0.01227	0.04120	0.66513	0.03243	0.03156	0.02893	0.02367	0.01052	0.00789	0.00263	0.00614	0.00877	0.00789	0.01227
42	0.04367	0.03919	0.66255	0.02166	0.03288	0.01798	0.02790	0.02449	0.01625	0.02493	0.01380	0.01623	0.00977	0.00736	0.00727	0.00245	0.01126	0.00567	0.00333	0.01135
43	0.01868	0.01613	0.01695	0.01531	0.01958	0.01852	0.01189	0.03940	0.62644	0.03175	0.03437	0.03166	0.06265	0.01106	0.00797	0.00263	0.00600	0.00922	0.00785	0.01193
44	0.03391	0.01300	0.01771	0.01365	0.01949	0.01125	0.01125	0.03693	0.02218	0.66047	0.05430	0.02755	0.02118	0.00983	0.00785	0.00240	0.00649	0.00803	0.00956	0.01298
45	0.00963	0.00688	0.00921	0.01100	0.01153	0.00645	0.00751	0.01111	0.01502	0.02000	0.04263	0.68460	0.05089	0.02412	0.00994	0.00317	0.00466	0.05809	0.00719	0.00635
46	0.01089	0.00786	0.01029	0.00981	0.01157	0.00726	0.00731	0.01443	0.02157	0.03049	0.64154	0.09314	0.07200	0.01630	0.00918	0.00248	0.00370	0.01445	0.00846	0.00726
47	0.01576	0.06795	0.66132	0.02174	0.03301	0.01852	0.02803	0.02450	0.01635	0.02430	0.01379	0.01621	0.00983	0.00734	0.00727	0.00242	0.01133	0.00567	0.00328	0.01140
48	0.02834	0.02121	0.02384	0.01828	0.02438	0.02334	0.04166	0.60370	0.03483	0.04674	0.01857	0.01914	0.01335	0.01093	0.03241	0.00270	0.00916	0.00712	0.00746	0.01285
49	0.01939	0.01576	0.01680	0.01504	0.01938	0.01782	0.01172	0.03863	0.57653	0.06958	0.03521	0.03239	0.07488	0.01119	0.00798	0.00262	0.00599	0.00931	0.00793	0.01187
50	0.01915	0.01837	0.03076	0.04344	0.57573	0.01858	0.05582	0.02569	0.08604	0.02605	0.01643	0.02031	0.01346	0.00727	0.00778	0.00235	0.00909	0.00722	0.00427	0.01218
51	0.00956	0.00684	0.00910	0.01072	0.01127	0.00638	0.00721	0.01109	0.01539	0.02066	0.09144	0.67126	0.05297	0.02364	0.00984	0.00309	0.00443	0.02142	0.00730	0.00638
52	0.00951	0.00680	0.00905	0.01075	0.01126	0.00634	0.00720	0.01096	0.01514	0.02027	0.06937	0.69446	0.05220	0.02394	0.00986	0.00312	0.00446	0.02170	0.00725	0.00634
53	0.01128	0.00752	0.00846	0.00846	0.00846	0.00752	0.00470	0.01128	0.01128	0.01503	0.02443	0.05074	0.02819	0.72751	0.03946	0.00752	0.00752	0.01128	0.00470	0.00470
54	0.63494	0.01746	0.01308	0.01158	0.01628	0.08914	0.00937	0.06030	0.01557	0.03376	0.01183	0.01360	0.00920	0.00746	0.00522	0.00233	0.00691	0.00454	0.02871	0.00870
55	0.00945	0.00675	0.00900	0.01080	0.01125	0.00630	0.00720	0.01080	0.01484	0.01979	0.04274	0.72245	0.05128	0.02429	0.00990	0.00315	0.00450	0.02204	0.00720	0.00630
56	0.01100	0.00740	0.00854	0.00881	0.00888	0.00733	0.00507	0.01120	0.01181	0.01575	0.02718	0.15171	0.03166	0.62180	0.03502	0.00686	0.00706	0.01289	0.00507	0.00494
57	0.01541	0.01432	0.02374	0.64708	0.08893	0.01753	0.02144	0.04132	0.01633	0.02111	0.01399	0.02052	0.01055	0.00775	0.00775	0.00256	0.01021	0.00689	0.00361	0.00898
58	0.01830	0.02092	0.04575	0.03268	0.04052	0.01961	0.65098	0.02484	0.01830	0.02484	0.01569	0.02092	0.01176	0.00654	0.00915	0.00261	0.01307	0.00915	0.00392	0.01046
59	0.02027	0.01842	0.02824	0.08166	0.50171	0.04690	0.02129	0.02658	0.08842	0.06478	0.01722	0.02055	0.01371	0.00756	0.00768	0.00235	0.00899	0.00708	0.00460	0.01197
60	0.01064	0.00774	0.00951	0.00930	0.01079	0.00716	0.00659	0.01315	0.01867	0.02555	0.40860	0.11243	0.15372	0.15451	0.01506	0.00350	0.00451	0.01449	0.00749	0.00661
61	0.01098	0.00825	0.01153	0.01185	0.01268	0.00921	0.00865	0.01287	0.01294	0.01811	0.02702	0.23204	0.02935	0.14535	0.36196	0.00851	0.05452	0.01262	0.00507	0.00650
62	0.01637	0.01538	0.02596	0.39633	0.30696	0.01721	0.02191	0.02121	0.01653	0.02227	0.01577	0.02412	0.01321	0.00824	0.00790	0.00253	0.00968	0.04455	0.00383	0.01002
63	0.00963	0.00688	0.00921	0.01100	0.01153	0.00645	0.00751	0.01111	0.01502	0.02000	0.04263	0.68450	0.05088	0.02412	0.00995	0.00317	0.00466	0.05819	0.00719	0.00635
64	0.01577	0.03881	0.64814	0.02362	0.07214	0.01803	0.02836	0.02451	0.01645	0.02460	0.01395	0.01654	0.00997	0.00734	0.00738	0.00245	0.01132	0.00580	0.00331	0.01151
65	0.02174	0.01999	0.01833	0.01645	0.02079	0.13995	0.01281	0.05873	0.47416	0.05796	0.02798	0.02826	0.02156	0.01045	0.00784	0.00254	0.00768	0.03403	0.00723	0.01154
66	0.00975	0.00697	0.00935	0.01115	0.01173	0.00656	0.00773	0.01133	0.01515	0.02014	0.04257	0.65834	0.05061	0.02400	0.00998	0.00319	0.00477	0.08311	0.00719	0.00638
67	0.01384	0.00856	0.01128	0.01024	0.01257	0.00781	0.00781	0.01742	0.02198	0.10972	0.59750	0.05412	0.06667	0.01510	0.00898	0.00243	0.00401	0.01327	0.00866	0.00802
68	0.01788	0.01977	0.04186	0.03315	0.11479	0.01867	0.53796	0.02388	0.01802	0.02459	0.01717	0.06252	0.01418	0.00764	0.00902	0.00261	0.01210	0.00965	0.00411	0.01043
69	0.02871	0.02143	0.02330	0.01799	0.02382	0.02403	0.01487	0.61475	0.03496	0.04703	0.01810	0.01852	0.01300	0.00957	0.00883	0.00239	0.05133	0.00697	0.00749	0.01290
70	0.10270	0.02146	0.02031	0.01628	0.02168	0.10390	0.01320	0.44842	0.03037	0.04127	0.02094	0.02128	0.05285	0.00955	0.00735	0.00229	0.00846	0.00704	0.03910	0.01154

[dist]
# distance from previous block
# <min> <max>
0	1

[block]
# block no. 4 follows, 25 sequences, length 39
# corresponding to MSA columns:
# 171-209
name=unknown_E
#
# <colnr> <probs for GDERKNQSTAVLIFYWHMCP>
#	G	D	E	R	K	N	Q	S	T	A	V	L	I	F	Y	W	H	M	C	P
0	0.02755	0.02076	0.02218	0.01745	0.02331	0.02315	0.01427	0.53755	0.15533	0.04576	0.02106	0.02057	0.01517	0.00954	0.00778	0.00238	0.00808	0.00732	0.00778	0.01301
1	0.01764	0.01807	0.02315	0.08904	0.02386	0.07597	0.01685	0.01980	0.01327	0.01915	0.01087	0.01705	0.01025	0.01213	0.02116	0.00308	0.54960	0.00654	0.00351	0.04901
2	0.02073	0.73217	0.04063	0.01327	0.01990	0.03068	0.01327	0.02322	0.01575	0.01824	0.01078	0.01244	0.00995	0.00663	0.00498	0.00166	0.00829	0.00415	0.00332	0.00995
3	0.01110	0.00754	0.00841	0.00841	0.00862	0.00744	0.00480	0.01126	0.01180	0.01552	0.02889	0.05271	0.08154	0.66921	0.03697	0.00711	0.00722	0.01169	0.00490	0.00485
4	0.74750	0.01531	0.01194	0.01055	0.01541	0.01770	0.00869	0.05191	0.01427	0.03544	0.01116	0.01287	0.00862	0.00729	0.00493	0.00240	0.00611	0.00433	0.00493	0.00862
5	0.01791	0.02014	0.04277	0.03097	0.03793	0.01953	0.57829	0.02388	0.01766	0.02417	0.01609	0.04290	0.01289	0.00768	0.01052	0.00270	0.07047	0.00937	0.00398	0.01016
6	0.05373	0.01356	0.01809	0.05048	0.02135	0.01245	0.01188	0.07108	0.02240	0.56848	0.05380	0.02649	0.02019	0.00966	0.00776	0.00241	0.00677	0.00784	0.00899	0.01259
7	0.33169	0.01627	0.01618	0.01341	0.01824	0.01813	0.01095	0.26093	0.02304	0.06504	0.07020	0.02082	0.01700	0.01349	0.07002	0.00330	0.00815	0.00659	0.00637	0.01019
8	0.08903	0.02711	0.02079	0.01756	0.02245	0.32194	0.01379	0.28570	0.02697	0.03270	0.01869	0.01949	0.05189	0.00918	0.00726	0.00220	0.01047	0.00644	0.00581	0.01052
9	0.01175	0.01017	0.01142	0.01243	0.01313	0.06473	0.00874	0.01318	0.01516	0.01962	0.03721	0.59924	0.04410	0.02196	0.01109	0.00308	0.07045	0.01924	0.00658	0.00672
10	0.01696	0.01696	0.02375	0.02036	0.02036	0.02375	0.01696	0.01866	0.01187	0.01866	0.01018	0.01696	0.01018	0.01357	0.02545	0.00339	0.71332	0.00679	0.00339	0.00848
11	0.01271	0.00935	0.01271	0.01231	0.01389	0.01053	0.00932	0.07211	0.01463	0.02052	0.02224	0.06876	0.02173	0.14569	0.50503	0.01034	0.01693	0.00933	0.00472	0.00715
12	0.01603	0.03676	0.57551	0.02394	0.03477	0.01829	0.13711	0.02460	0.01671	0.02460	0.01422	0.01716	0.01016	0.00722	0.00768	0.00248	0.01174	0.00633	0.00339	0.01128
13	0.03429	0.01399	0.01849	0.01417	0.02019	0.01258	0.01171	0.09524	0.02352	0.62518	0.02947	0.02567	0.01863	0.00957	0.00779	0.00239	0.00678	0.00772	0.00942	0.01319
14	0.01645	0.06089	0.63193	0.02160	0.03263	0.01872	0.02743	0.05772	0.01741	0.02564	0.01406	0.01636	0.01000	0.00745	0.00731	0.00242	0.01120	0.00575	0.00351	0.01150
15	0.01825	0.36563	0.32251	0.01890	0.02774	0.02415	0.07859	0.02395	0.01626	0.02160	0.01259	0.01493	0.01006	0.00694	0.00640	0.00209	0.01011	0.00530	0.00335	0.01065
16	0.00943	0.00681	0.00893	0.01063	0.01120	0.00631	0.00712	0.01082	0.01501	0.01986	0.04481	0.68500	0.08740	0.02402	0.00985	0.00312	0.00447	0.02171	0.00720	0.00631
17	0.01492	0.01406	0.02376	0.66845	0.09165	0.01730	0.02167	0.02005	0.01564	0.02015	0.01383	0.02058	0.01045	0.00770	0.00775	0.00257	0.01027	0.00689	0.00347	0.00884
18	0.01757	0.01945	0.04101	0.03132	0.07638	0.01860	0.53541	0.02338	0.01773	0.02422	0.01764	0.07843	0.01499	0.00829	0.00974	0.00267	0.03887	0.00998	0.00417	0.01015
19	0.01807	0.02129	0.06842	0.03114	0.03840	0.01993	0.56874	0.02426	0.01764	0.02426	0.01511	0.02038	0.01154	0.00721	0.01058	0.00268	0.07739	0.00880	0.00385	0.01031
20	0.01445	0.00723	0.00723	0.00723	0.00903	0.00723	0.00542	0.01807	0.01626	0.02891	0.02529	0.02891	0.01987	0.00903	0.00542	0.00181	0.00361	0.00723	0.77055	0.00723
21	0.01097	0.00793	0.01036	0.00975	0.01158	0.00732	0.00732	0.01463	0.02195	0.03109	0.67505	0.05792	0.07316	0.01585	0.00914	0.00244	0.00366	0.01402	0.00854	0.00732
22	0.01756	0.01350	0.01676	0.07831	0.02087	0.01457	0.03064	0.21649	0.08643	0.03014	0.02977	0.32757	0.03058	0.01624	0.00938	0.02441	0.00678	0.01379	0.00689	0.00931
23	0.01128	0.00752	0.00846	0.00846	0.00846	0.00752	0.00470	0.01128	0.01128	0.01503	0.02443	0.05074	0.02819	0.72751	0.03946	0.00752	0.00752	0.01128	0.00470	0.00470
24	0.00945	0.00675	0.00900	0.01080	0.01125	0.00630	0.00720	0.01080	0.01484	0.01979	0.04274	0.72245	0.05128	0.02429	0.00990	0.00315	0.00450	0.02204	0.00720	0.00630
25	0.01941	0.02063	0.04135	0.02992	0.03732	0.01999	0.53961	0.08373	0.07376	0.02767	0.01727	0.02137	0.01288	0.00712	0.00892	0.00259	0.01208	0.00892	0.00460	0.01086
26	0.01109	0.00827	0.01229	0.01229	0.01361	0.00960	0.00948	0.01374	0.01241	0.01787	0.02093	0.03133	0.01976	0.08689	0.66856	0.01225	0.02020	0.00843	0.00418	0.00683
27	0.01056	0.00791	0.00979	0.00932	0.01133	0.00714	0.00699	0.01384	0.02098	0.02879	0.53969	0.06171	0.20996	0.01671	0.00915	0.00248	0.00372	0.01455	0.00823	0.00714
28	0.01877	0.01800	0.03072	0.10839	0.62161	0.01831	0.02359	0.02343	0.01746	0.02482	0.01451	0.01933	0.01210	0.00699	0.00768	0.00233	0.00931	0.00691	0.00380	0.01194
29	0.01097	0.00793	0.01036	0.00975	0.01158	0.00732	0.00732	0.01463	0.02195	0.03109	0.67505	0.05792	0.07316	0.01585	0.00914	0.00244	0.00366	0.01402	0.00854	0.00732
30	0.01203	0.00824	0.00967	0.00943	0.00990	0.00854	0.00585	0.03921	0.01253	0.01691	0.02366	0.04645	0.02628	0.60063	0.13242	0.00800	0.00946	0.01067	0.00475	0.00538
31	0.00969	0.00737	0.00893	0.00961	0.01107	0.00660	0.00680	0.01175	0.01733	0.02265	0.19352	0.36599	0.25880	0.02092	0.00949	0.00282	0.00413	0.01843	0.00749	0.00660
32	0.01910	0.01653	0.02143	0.01816	0.02006	0.02110	0.01497	0.18401	0.01843	0.02645	0.01445	0.02002	0.01275	0.02111	0.15123	0.00488	0.39411	0.00713	0.00468	0.00941
33	0.01464	0.01378	0.02326	0.70887	0.05340	0.01723	0.02153	0.01981	0.01550	0.01981	0.01378	0.02067	0.01034	0.00775	0.00775	0.00258	0.01034	0.00689	0.00345	0.00861
34	0.01525	0.01116	0.01406	0.01376	0.01489	0.01163	0.00970	0.01579	0.01436	0.02041	0.02483	0.04131	0.02511	0.29391	0.39453	0.01037	0.04491	0.01032	0.00557	0.00814
35	0.01036	0.00732	0.00956	0.01082	0.01153	0.00700	0.00758	0.01204	0.01539	0.02061	0.10142	0.44851	0.04852	0.14202	0.01495	0.00388	0.00532	0.11002	0.00690	0.00625
36	0.01768	0.05467	0.42053	0.05607	0.03003	0.01692	0.04668	0.06233	0.01793	0.07952	0.01817	0.08250	0.01478	0.00912	0.00760	0.00244	0.00991	0.00757	0.00452	0.04103
37	0.01970	0.01687	0.04289	0.01447	0.02078	0.01310	0.01150	0.05801	0.02017	0.03037	0.10622	0.02690	0.02323	0.00991	0.00799	0.00218	0.00709	0.00728	0.00648	0.55487
38	0.02541	0.01901	0.02046	0.01643	0.02213	0.01860	0.01284	0.30900	0.06105	0.03953	0.02424	0.02659	0.04263	0.01104	0.00847	0.00262	0.00797	0.00787	0.09139	0.23270

[dist]
# distance from previous block
# <min> <max>
0	2

[block]
# block no. 5 follows, 25 sequences, length 180
# corresponding to MSA columns:
# 212-391
name=unknown_F
#
# <colnr> <probs for GDERKNQSTAVLIFYWHMCP>
#	G	D	E	R	K	N	Q	S	T	A	V	L	I	F	Y	W	H	M	C	P
0	0.01063	0.00762	0.01000	0.01142	0.01229	0.00733	0.00808	0.03693	0.01630	0.02175	0.06592	0.59947	0.04989	0.02306	0.00987	0.00314	0.00492	0.08742	0.00726	0.00670
1	0.02064	0.47120	0.20689	0.01599	0.02369	0.06544	0.01727	0.02483	0.01664	0.05670	0.01276	0.01432	0.01043	0.00707	0.00587	0.00193	0.00936	0.00481	0.00369	0.01047
2	0.04742	0.13507	0.24605	0.01653	0.02414	0.01775	0.01742	0.05612	0.06561	0.23633	0.04835	0.02160	0.01663	0.00863	0.00718	0.00232	0.00840	0.00672	0.00609	0.01164
3	0.40196	0.04683	0.05326	0.01343	0.01861	0.05460	0.01161	0.09265	0.05662	0.11011	0.01580	0.01674	0.01170	0.00825	0.00682	0.00238	0.03731	0.00551	0.02586	0.00994
4	0.01934	0.03732	0.02006	0.01488	0.01984	0.01468	0.06125	0.10359	0.01833	0.09186	0.01737	0.02276	0.01473	0.10287	0.03483	0.00299	0.08412	0.00680	0.00529	0.30710
5	0.02231	0.01674	0.01918	0.07984	0.02301	0.01822	0.01303	0.37516	0.05629	0.03937	0.14767	0.05357	0.02665	0.01091	0.00796	0.00236	0.00723	0.00891	0.03220	0.03939
6	0.01770	0.01737	0.02452	0.02067	0.02129	0.02361	0.03987	0.05391	0.01346	0.02055	0.01084	0.01720	0.01040	0.01308	0.02388	0.00331	0.64899	0.00688	0.00365	0.00881
7	0.01710	0.01429	0.01651	0.01204	0.01867	0.01146	0.00963	0.07724	0.01790	0.02725	0.01513	0.03846	0.01289	0.00665	0.00606	0.00132	0.00596	0.00536	0.00496	0.68110
8	0.01113	0.00811	0.01144	0.01144	0.01247	0.00914	0.00841	0.01319	0.01216	0.01724	0.02171	0.03565	0.02164	0.22950	0.52851	0.01120	0.01738	0.00907	0.00429	0.00635
9	0.01724	0.02849	0.39073	0.02090	0.07913	0.01651	0.02167	0.08048	0.01921	0.05542	0.11545	0.02402	0.02071	0.00920	0.00837	0.00244	0.03750	0.00738	0.03431	0.01085
10	0.01883	0.08818	0.41740	0.02400	0.08532	0.01852	0.10995	0.02593	0.01735	0.09926	0.01586	0.01805	0.01137	0.00741	0.00749	0.00239	0.01069	0.00640	0.00413	0.01147
11	0.01217	0.00822	0.01207	0.01252	0.01392	0.00763	0.04567	0.01408	0.01580	0.07363	0.04008	0.59030	0.04602	0.02191	0.00973	0.00308	0.00532	0.05352	0.00719	0.00714
12	0.01555	0.04011	0.68733	0.02210	0.03356	0.01801	0.02865	0.02455	0.01637	0.02455	0.01391	0.01637	0.00982	0.00737	0.00737	0.00246	0.01146	0.00573	0.00327	0.01146
13	0.06213	0.01503	0.05459	0.01497	0.02066	0.01295	0.03737	0.05597	0.02116	0.49125	0.05492	0.05155	0.02083	0.01022	0.00857	0.00248	0.03658	0.00831	0.00837	0.01208
14	0.01818	0.02053	0.04429	0.06157	0.06414	0.01947	0.60193	0.02459	0.01816	0.02464	0.01557	0.02084	0.01172	0.00660	0.00904	0.00260	0.01282	0.00897	0.00390	0.01045
15	0.01012	0.00703	0.00880	0.00993	0.01021	0.00675	0.00627	0.01097	0.01352	0.01803	0.03595	0.47336	0.04272	0.28506	0.02086	0.00477	0.00562	0.01805	0.00627	0.00570
16	0.01608	0.01378	0.01608	0.01148	0.01837	0.01034	0.00919	0.01952	0.01608	0.02527	0.01378	0.01608	0.01148	0.00574	0.00574	0.00115	0.00574	0.00459	0.00459	0.77491
17	0.02947	0.02172	0.02327	0.01784	0.02404	0.02404	0.01474	0.65329	0.03646	0.04887	0.01862	0.01862	0.01319	0.00931	0.00776	0.00233	0.00853	0.00698	0.00776	0.01319
18	0.07235	0.01259	0.01602	0.01282	0.01766	0.01166	0.01036	0.07632	0.02232	0.43468	0.17019	0.03271	0.03028	0.03332	0.00891	0.00256	0.00609	0.00900	0.00879	0.01135
19	0.00945	0.00675	0.00900	0.01080	0.01125	0.00630	0.00720	0.01080	0.01484	0.01979	0.04274	0.72245	0.05128	0.02429	0.00990	0.00315	0.00450	0.02204	0.00720	0.00630
20	0.00996	0.00714	0.00945	0.01045	0.01136	0.00664	0.00724	0.01207	0.01721	0.02356	0.25329	0.50117	0.05857	0.02148	0.00965	0.00291	0.00422	0.01937	0.00764	0.00664
21	0.01555	0.04011	0.68733	0.02210	0.03356	0.01801	0.02865	0.02455	0.01637	0.02455	0.01391	0.01637	0.00982	0.00737	0.00737	0.00246	0.01146	0.00573	0.00327	0.01146
22	0.01602	0.03686	0.57891	0.02389	0.03474	0.01828	0.13382	0.02460	0.01670	0.02460	0.01421	0.01714	0.01015	0.00723	0.00767	0.00248	0.01173	0.00631	0.00338	0.01129
23	0.00949	0.00678	0.00904	0.01076	0.01126	0.00633	0.00720	0.01092	0.01507	0.02015	0.06265	0.70151	0.05197	0.02403	0.00987	0.00313	0.00447	0.02179	0.00724	0.00633
24	0.01154	0.00806	0.00943	0.00927	0.00934	0.00843	0.00558	0.01180	0.01176	0.01591	0.04485	0.07024	0.02929	0.64068	0.03674	0.00698	0.04878	0.01144	0.00482	0.00505
25	0.54660	0.01677	0.01491	0.01243	0.01766	0.01898	0.01025	0.19615	0.01992	0.06419	0.01372	0.01479	0.01013	0.00787	0.00573	0.00238	0.00672	0.00510	0.00580	0.00990
26	0.00974	0.00777	0.00873	0.00872	0.01089	0.00676	0.00645	0.01216	0.01870	0.02392	0.25664	0.13246	0.43182	0.01894	0.00923	0.00262	0.00390	0.01620	0.00761	0.00676
27	0.01836	0.01577	0.01670	0.01509	0.01924	0.01804	0.01171	0.03835	0.59968	0.03187	0.07139	0.03258	0.05444	0.01122	0.00802	0.00262	0.00590	0.00940	0.00790	0.01174
28	0.00980	0.00731	0.01046	0.01167	0.01241	0.00683	0.03276	0.01135	0.01498	0.01999	0.04166	0.69459	0.04971	0.02359	0.00987	0.00313	0.00484	0.02153	0.00707	0.00646
29	0.00960	0.00686	0.00918	0.01082	0.01131	0.00654	0.00726	0.01099	0.01459	0.01953	0.04085	0.65991	0.04866	0.04917	0.05123	0.00384	0.00555	0.02088	0.00694	0.00628
30	0.01151	0.00959	0.01011	0.00969	0.01242	0.00922	0.00727	0.01753	0.14615	0.02416	0.13987	0.06222	0.43756	0.05545	0.01054	0.00286	0.00452	0.01430	0.00737	0.00768
31	0.73657	0.05803	0.01315	0.01038	0.01529	0.01819	0.00869	0.02282	0.01335	0.03379	0.01080	0.01259	0.00849	0.00716	0.00481	0.00235	0.00614	0.00420	0.00471	0.00849
32	0.01478	0.01397	0.02328	0.66840	0.05146	0.01761	0.02126	0.01974	0.01529	0.01974	0.01357	0.02045	0.01033	0.00809	0.00879	0.00263	0.05166	0.00688	0.00344	0.00861
33	0.00942	0.00684	0.00891	0.01056	0.01118	0.00632	0.00709	0.01082	0.01507	0.01989	0.04561	0.67045	0.10142	0.02392	0.00984	0.00311	0.00445	0.02159	0.00720	0.00632
34	0.04962	0.01776	0.02973	0.12052	0.58176	0.01825	0.02292	0.02331	0.01723	0.02509	0.01434	0.01909	0.01191	0.00702	0.00757	0.00234	0.00921	0.00680	0.00383	0.01171
35	0.02188	0.63465	0.03801	0.01421	0.02047	0.12406	0.01351	0.02430	0.01663	0.01835	0.01095	0.01265	0.00996	0.00682	0.00526	0.00171	0.00909	0.00426	0.00341	0.00982
36	0.00944	0.00679	0.00895	0.01068	0.01122	0.00631	0.00715	0.01081	0.01496	0.01984	0.04415	0.69683	0.07599	0.02411	0.00987	0.00313	0.00448	0.02182	0.00720	0.00631
37	0.01608	0.01378	0.01608	0.01148	0.01837	0.01034	0.00919	0.01952	0.01608	0.02527	0.01378	0.01608	0.01148	0.00574	0.00574	0.00115	0.00574	0.00459	0.00459	0.77491
38	0.03368	0.01497	0.01909	0.01464	0.02068	0.01404	0.01209	0.16626	0.02517	0.55184	0.02809	0.02477	0.01794	0.00954	0.00779	0.00238	0.00700	0.00763	0.00921	0.01319
39	0.09020	0.03399	0.02121	0.01902	0.02325	0.58928	0.01443	0.07838	0.02238	0.02257	0.01240	0.01423	0.01011	0.00803	0.00687	0.00206	0.01291	0.00508	0.00435	0.00926
40	0.01037	0.00773	0.00964	0.00952	0.01130	0.00700	0.00700	0.01332	0.01998	0.02727	0.45501	0.16366	0.19378	0.01793	0.00926	0.00258	0.00384	0.01574	0.00805	0.00700
41	0.01824	0.02075	0.04481	0.03215	0.03966	0.01978	0.62392	0.02457	0.01803	0.02457	0.01545	0.02075	0.01170	0.00684	0.00985	0.00265	0.04296	0.00905	0.00390	0.01037
42	0.07449	0.02127	0.02166	0.01695	0.02286	0.07702	0.01387	0.47079	0.03171	0.14292	0.01944	0.01907	0.01356	0.00912	0.00753	0.00232	0.00854	0.00678	0.00755	0.01256
43	0.03035	0.01268	0.01652	0.01305	0.01829	0.01148	0.01065	0.05724	0.04746	0.52446	0.06515	0.02823	0.02220	0.00990	0.00760	0.00234	0.00615	0.00808	0.09601	0.01215
44	0.01073	0.00729	0.00862	0.00915	0.00929	0.00715	0.00544	0.01113	0.01234	0.01645	0.02989	0.25105	0.03508	0.51780	0.03065	0.00621	0.00662	0.01449	0.00544	0.00518
45	0.02112	0.01698	0.01749	0.01526	0.01971	0.04696	0.01198	0.12018	0.44064	0.07258	0.05443	0.02963	0.04889	0.01070	0.00783	0.00251	0.00655	0.00874	0.03611	0.01171
46	0.01002	0.00807	0.00909	0.00963	0.01193	0.00713	0.00763	0.01236	0.01757	0.02145	0.06716	0.11271	0.48309	0.02034	0.00959	0.00289	0.00477	0.17072	0.00718	0.00668
47	0.01927	0.01968	0.03805	0.05749	0.03536	0.02037	0.43575	0.07192	0.01848	0.04608	0.01526	0.02016	0.01175	0.00822	0.01201	0.00273	0.14445	0.00840	0.00427	0.01030
48	0.02306	0.02711	0.02285	0.02016	0.02219	0.36526	0.01596	0.02491	0.01700	0.01882	0.01110	0.01545	0.01008	0.01074	0.01608	0.00268	0.35824	0.00588	0.00370	0.00874
49	0.01749	0.01887	0.03738	0.05631	0.03494	0.01874	0.44437	0.02283	0.01685	0.02360	0.01478	0.02011	0.01169	0.00910	0.03255	0.00287	0.11031	0.00819	0.00391	0.09510
50	0.78228	0.01499	0.01140	0.01020	0.01499	0.01739	0.00840	0.02279	0.01320	0.03479	0.01080	0.01260	0.00840	0.00720	0.00480	0.00240	0.00600	0.00420	0.00480	0.00840
51	0.01886	0.01787	0.02926	0.09395	0.55685	0.01843	0.02231	0.02548	0.09118	0.02572	0.01646	0.02041	0.01343	0.00738	0.00771	0.00236	0.00895	0.00712	0.00427	0.01200
52	0.00991	0.00807	0.01008	0.08886	0.01568	0.00766	0.00821	0.01198	0.01625	0.02034	0.05627	0.33807	0.34026	0.02022	0.00931	0.00284	0.00489	0.01765	0.00677	0.00668
53	0.01107	0.00736	0.00850	0.00883	0.00899	0.00728	0.00519	0.01147	0.01214	0.01649	0.02781	0.17254	0.03206	0.56891	0.03264	0.00648	0.00680	0.01307	0.03726	0.00510
54	0.01656	0.01407	0.01634	0.01172	0.01858	0.01083	0.00939	0.04254	0.01682	0.02612	0.01396	0.01617	0.01155	0.00587	0.00582	0.00119	0.00584	0.00468	0.00471	0.74724
55	0.01608	0.01378	0.01608	0.01148	0.01837	0.01034	0.00919	0.01952	0.01608	0.02527	0.01378	0.01608	0.01148	0.00574	0.00574	0.00115	0.00574	0.00459	0.00459	0.77491
56	0.02952	0.02021	0.02207	0.01699	0.02300	0.02198	0.01401	0.55966	0.03408	0.12047	0.02023	0.01988	0.01412	0.00933	0.00767	0.00232	0.00813	0.00708	0.03628	0.01297
57	0.01347	0.00673	0.01010	0.01010	0.01010	0.00673	0.00673	0.01010	0.01010	0.01347	0.01347	0.02357	0.01347	0.02694	0.03030	0.77441	0.00673	0.00673	0.00337	0.00337
58	0.01707	0.01728	0.02551	0.02135	0.02197	0.02342	0.06785	0.01916	0.01239	0.01916	0.01062	0.01728	0.01031	0.01301	0.02414	0.00333	0.65711	0.00698	0.00344	0.00864
59	0.00956	0.00683	0.00913	0.01093	0.01143	0.00640	0.00740	0.01099	0.01496	0.01992	0.04267	0.69851	0.05103	0.02418	0.00993	0.00316	0.00460	0.04484	0.00720	0.00633
60	0.00950	0.00679	0.00905	0.01076	0.01126	0.00634	0.00720	0.01094	0.01511	0.02021	0.06621	0.69778	0.05209	0.02398	0.00987	0.00312	0.00447	0.02174	0.00725	0.00634
61	0.01696	0.01696	0.02375	0.02036	0.02036	0.02375	0.01696	0.01866	0.01187	0.01866	0.01018	0.01696	0.01018	0.01357	0.02545	0.00339	0.71332	0.00679	0.00339	0.00848
62	0.00945	0.00675	0.00900	0.01080	0.01125	0.00630	0.00720	0.01080	0.01484	0.01979	0.04274	0.72245	0.05128	0.02429	0.00990	0.00315	0.00450	0.02204	0.00720	0.00630
63	0.01696	0.01696	0.02375	0.02036	0.02036	0.02375	0.01696	0.01866	0.01187	0.01866	0.01018	0.01696	0.01018	0.01357	0.02545	0.00339	0.71332	0.00679	0.00339	0.00848
64	0.00963	0.00688	0.00921	0.01101	0.01154	0.00646	0.00752	0.01111	0.01503	0.02000	0.04263	0.68434	0.05088	0.02412	0.00995	0.00317	0.00466	0.05834	0.00719	0.00635
65	0.02073	0.73217	0.04063	0.01327	0.01990	0.03068	0.01327	0.02322	0.01575	0.01824	0.01078	0.01244	0.00995	0.00663	0.00498	0.00166	0.00829	0.00415	0.00332	0.00995
66	0.00966	0.00787	0.00854	0.00837	0.01078	0.00676	0.00628	0.01209	0.01884	0.02372	0.24184	0.07005	0.51097	0.01860	0.00916	0.00257	0.00385	0.01572	0.00757	0.00676
67	0.01696	0.01696	0.02375	0.02036	0.02036	0.02375	0.01696	0.01866	0.01187	0.01866	0.01018	0.01696	0.01018	0.01357	0.02545	0.00339	0.71332	0.00679	0.00339	0.00848
68	0.01347	0.00673	0.01010	0.01010	0.01010	0.00673	0.00673	0.01010	0.01010	0.01347	0.01347	0.02357	0.01347	0.02694	0.03030	0.77441	0.00673	0.00673	0.00337	0.00337
69	0.02883	0.02011	0.02186	0.01695	0.02287	0.02199	0.01394	0.53971	0.06820	0.10526	0.02066	0.02028	0.01456	0.00939	0.00768	0.00233	0.00804	0.00716	0.03728	0.01291
70	0.01081	0.00792	0.01013	0.00958	0.01148	0.00724	0.00718	0.01431	0.02155	0.03015	0.61965	0.05947	0.12915	0.01620	0.00915	0.00246	0.00368	0.01424	0.00841	0.00724
71	0.00945	0.00675	0.00900	0.01080	0.01125	0.00630	0.00720	0.01080	0.01484	0.01979	0.04274	0.72245	0.05128	0.02429	0.00990	0.00315	0.00450	0.02204	0.00720	0.00630
72	0.01555	0.04011	0.68733	0.02210	0.03356	0.01801	0.02865	0.02455	0.01637	0.02455	0.01391	0.01637	0.00982	0.00737	0.00737	0.00246	0.01146	0.00573	0.00327	0.01146
73	0.00918	0.00780	0.00792	0.00801	0.01051	0.00653	0.00596	0.01111	0.01752	0.02088	0.07662	0.10947	0.64238	0.01989	0.00920	0.00265	0.00396	0.01667	0.00720	0.00653
74	0.00945	0.00675	0.00900	0.01080	0.01125	0.00630	0.00720	0.01080	0.01484	0.01979	0.04274	0.72245	0.05128	0.02429	0.00990	0.00315	0.00450	0.02204	0.00720	0.00630
75	0.01671	0.01659	0.02327	0.02002	0.02008	0.02315	0.01665	0.01845	0.01190	0.01863	0.01063	0.01754	0.01057	0.01547	0.05410	0.00378	0.68375	0.00685	0.00343	0.00842
76	0.01008	0.00747	0.00950	0.01085	0.01188	0.00706	0.00765	0.01254	0.03985	0.02112	0.07148	0.53982	0.12793	0.02264	0.00977	0.00307	0.00467	0.06869	0.00727	0.00666
77	0.00955	0.00679	0.00897	0.01067	0.01109	0.00637	0.00706	0.01082	0.01465	0.01953	0.04172	0.68538	0.05001	0.06310	0.01153	0.00339	0.00467	0.02145	0.00706	0.00621
78	0.52394	0.02020	0.14391	0.01331	0.01959	0.01751	0.01300	0.06791	0.01611	0.08371	0.01346	0.01480	0.00983	0.00756	0.00573	0.00241	0.00728	0.00496	0.00508	0.00969
79	0.01720	0.02253	0.14565	0.02462	0.02986	0.04678	0.26725	0.02199	0.01567	0.02201	0.01490	0.04633	0.01305	0.04039	0.01519	0.00304	0.23198	0.00823	0.00380	0.00955
80	0.01823	0.01745	0.02974	0.18669	0.54751	0.01817	0.02332	0.02296	0.01720	0.02417	0.01442	0.01950	0.01187	0.00709	0.00769	0.00236	0.00945	0.00690	0.00376	0.01151
81	0.01287	0.00941	0.01273	0.01425	0.01617	0.00958	0.01227	0.01770	0.06542	0.02375	0.04042	0.10864	0.04335	0.02073	0.01047	0.00348	0.00696	0.55712	0.00720	0.00748
82	0.01563	0.01553	0.02895	0.04855	0.02870	0.01566	0.30651	0.02127	0.05303	0.02365	0.02759	0.07872	0.06170	0.01286	0.01080	0.00295	0.06769	0.16591	0.00526	0.00904
83	0.75072	0.01528	0.01189	0.01052	0.01537	0.01767	0.00866	0.04922	0.01417	0.03538	0.01112	0.01285	0.00860	0.00729	0.00492	0.00240	0.00610	0.00432	0.00492	0.00860
84	0.01814	0.02061	0.04479	0.06156	0.04107	0.01951	0.62410	0.02462	0.01818	0.02462	0.01560	0.02090	0.01170	0.00659	0.00909	0.00261	0.01296	0.00905	0.00390	0.01038
85	0.01173	0.00809	0.01061	0.00988	0.01184	0.00745	0.00745	0.01536	0.02196	0.05177	0.65466	0.05692	0.07145	0.01565	0.00910	0.00244	0.00375	0.01383	0.00857	0.00750
86	0.01097	0.00793	0.01036	0.00975	0.01158	0.00732	0.00732	0.01463	0.02195	0.03109	0.67505	0.05792	0.07316	0.01585	0.00914	0.00244	0.00366	0.01402	0.00854	0.00732
87	0.01108	0.00831	0.01246	0.01246	0.01385	0.00969	0.00969	0.01385	0.01246	0.01800	0.02077	0.03046	0.01938	0.05815	0.69678	0.01246	0.02077	0.00831	0.00415	0.00692
88	0.03479	0.01320	0.01799	0.01380	0.01979	0.01140	0.01140	0.03779	0.02219	0.68451	0.03059	0.02639	0.01919	0.00960	0.00780	0.00240	0.00660	0.00780	0.00960	0.01320
89	0.01671	0.01687	0.02569	0.05941	0.02414	0.02228	0.08902	0.01914	0.01291	0.01947	0.01219	0.04324	0.01186	0.01284	0.02205	0.00325	0.56908	0.00761	0.00359	0.00863
90	0.01786	0.01978	0.04158	0.09592	0.06084	0.01885	0.53704	0.02404	0.01790	0.02440	0.01537	0.02058	0.01163	0.00662	0.00879	0.00252	0.01230	0.00862	0.00391	0.05147
91	0.01096	0.00738	0.00855	0.00886	0.00894	0.00731	0.00513	0.01119	0.01189	0.01586	0.02759	0.16667	0.03217	0.60614	0.03436	0.00676	0.00700	0.01313	0.00513	0.00497
92	0.01093	0.00796	0.01031	0.00984	0.01171	0.00734	0.00745	0.01449	0.02152	0.03016	0.61291	0.06016	0.10737	0.01631	0.00921	0.00250	0.00382	0.04034	0.00840	0.00726
93	0.02679	0.22014	0.02689	0.01821	0.02290	0.52097	0.01453	0.02892	0.02033	0.01878	0.01167	0.01358	0.00998	0.00763	0.00646	0.00191	0.01248	0.00477	0.00382	0.00924
