[name]
unknown

[dist]
# distance from previous block
# <min> <max>
4	24

[block]
# block no. 0 follows, 26 sequences, length 35
# corresponding to MSA columns:
# 28-62
name=unknown_A
#
# <colnr> <probs for GDERKNQSTAVLIFYWHMCP>
#	G	D	E	R	K	N	Q	S	T	A	V	L	I	F	Y	W	H	M	C	P
0	0.06101	0.09548	0.07508	0.01664	0.02192	0.24277	0.01425	0.12026	0.02077	0.10328	0.01507	0.01654	0.01159	0.00940	0.02605	0.00235	0.05458	0.00559	0.00503	0.08234
1	0.05293	0.01584	0.01935	0.01533	0.02043	0.01616	0.05955	0.23684	0.10262	0.11514	0.06068	0.07431	0.02100	0.03800	0.00875	0.00244	0.00708	0.00848	0.00689	0.11817
2	0.14881	0.29336	0.18068	0.01479	0.02183	0.04615	0.01531	0.02535	0.04333	0.09592	0.01436	0.01543	0.01105	0.00723	0.00590	0.00203	0.00829	0.00504	0.00440	0.04074
3	0.02385	0.01801	0.10116	0.01526	0.02107	0.01551	0.01353	0.16076	0.15433	0.22930	0.02556	0.08873	0.01969	0.01031	0.00763	0.00236	0.00708	0.00848	0.00732	0.07006
4	0.05588	0.17551	0.49715	0.01882	0.02854	0.01969	0.02312	0.02344	0.01572	0.02334	0.01284	0.01505	0.00964	0.00698	0.00654	0.00218	0.01006	0.00517	0.00335	0.04698
5	0.02326	0.01532	0.02016	0.01534	0.02117	0.01444	0.07526	0.15690	0.07296	0.20642	0.08004	0.02400	0.01991	0.00865	0.00734	0.00205	0.00696	0.00738	0.00695	0.21550
6	0.01380	0.01161	0.01584	0.01313	0.01733	0.00988	0.06833	0.04270	0.01626	0.02343	0.02552	0.30995	0.02737	0.01331	0.00768	0.00211	0.00589	0.01204	0.00561	0.35820
7	0.01889	0.01848	0.02917	0.09695	0.57785	0.05134	0.02225	0.02397	0.04269	0.02432	0.01472	0.01901	0.01219	0.00701	0.00749	0.00227	0.00921	0.00674	0.00389	0.01157
8	0.00932	0.00667	0.00888	0.01050	0.01102	0.00622	0.00705	0.01077	0.01491	0.01998	0.07760	0.69093	0.05136	0.02330	0.00964	0.00304	0.00435	0.02112	0.00711	0.00622
9	0.02545	0.01905	0.02061	0.01581	0.02175	0.02021	0.01296	0.49311	0.05584	0.04216	0.01811	0.01857	0.01326	0.00850	0.00714	0.00206	0.00756	0.00648	0.03891	0.15247
10	0.01771	0.41156	0.31069	0.01641	0.02463	0.02374	0.01896	0.02285	0.01596	0.02103	0.04454	0.01594	0.01269	0.00723	0.00604	0.00198	0.00918	0.00517	0.00348	0.01022
11	0.00952	0.00680	0.00912	0.01088	0.01144	0.00640	0.00752	0.01104	0.01479	0.01967	0.04165	0.66917	0.04957	0.02350	0.00975	0.00312	0.00464	0.07816	0.00704	0.00624
12	0.00944	0.00668	0.00874	0.01031	0.01070	0.00629	0.00677	0.01061	0.01413	0.01885	0.03982	0.65315	0.04766	0.10251	0.01289	0.00355	0.00473	0.02039	0.00677	0.00599
13	0.01866	0.51435	0.24919	0.01574	0.02374	0.02605	0.01779	0.02313	0.01560	0.01982	0.01153	0.01340	0.00969	0.00672	0.00562	0.00187	0.00910	0.00455	0.00323	0.01021
14	0.09476	0.01372	0.02045	0.52129	0.04239	0.01662	0.01803	0.07359	0.01654	0.02324	0.01529	0.05596	0.01253	0.01029	0.03284	0.00287	0.00960	0.00729	0.00408	0.00861
15	0.70577	0.01537	0.01239	0.01078	0.01562	0.01771	0.00888	0.09071	0.01535	0.03551	0.01138	0.01295	0.00872	0.00726	0.00500	0.00234	0.00613	0.00440	0.00500	0.00872
16	0.01318	0.00659	0.00988	0.00988	0.00988	0.00659	0.00659	0.00988	0.00988	0.01318	0.01318	0.02306	0.01318	0.02635	0.02964	0.77931	0.00659	0.00659	0.00329	0.00329
17	0.01844	0.01768	0.03018	0.09728	0.63803	0.01793	0.02311	0.02298	0.01711	0.02437	0.01421	0.01888	0.01187	0.00682	0.00751	0.00227	0.00909	0.00676	0.00373	0.01174
18	0.01149	0.00797	0.00936	0.00965	0.01162	0.00717	0.00702	0.01386	0.03463	0.07152	0.07859	0.29594	0.32338	0.04736	0.01028	0.00294	0.00453	0.03856	0.00719	0.00694
19	0.01075	0.00746	0.00934	0.00957	0.00997	0.00775	0.00616	0.01161	0.01177	0.01604	0.02527	0.13115	0.02825	0.46978	0.20504	0.00805	0.01029	0.01163	0.00477	0.00535
20	0.01643	0.18639	0.52184	0.02032	0.03035	0.02032	0.05743	0.02376	0.01598	0.02273	0.01305	0.01543	0.00973	0.00701	0.00680	0.00224	0.01063	0.00545	0.00324	0.01085
21	0.01618	0.17192	0.56987	0.01998	0.03029	0.01997	0.02517	0.02377	0.01590	0.02285	0.01303	0.01528	0.00963	0.00707	0.00676	0.00225	0.01062	0.00531	0.00321	0.01093
22	0.01040	0.00750	0.00984	0.00977	0.01126	0.00694	0.00713	0.01348	0.01993	0.02796	0.53976	0.20601	0.06681	0.01734	0.00911	0.00254	0.00376	0.01546	0.00806	0.00694
23	0.01988	0.68270	0.09153	0.01366	0.02053	0.02903	0.01417	0.02282	0.01546	0.01833	0.01079	0.01247	0.00972	0.00655	0.00505	0.00168	0.00836	0.00418	0.00324	0.00985
24	0.02451	0.02111	0.02154	0.04517	0.05465	0.10603	0.01460	0.33284	0.19768	0.03629	0.01993	0.02031	0.01490	0.00930	0.00841	0.00238	0.04502	0.00703	0.00661	0.01171
25	0.02033	0.01702	0.01797	0.01573	0.02028	0.01955	0.01236	0.13118	0.57916	0.03408	0.02902	0.02682	0.02165	0.01012	0.00770	0.00253	0.00635	0.00832	0.00770	0.01214
26	0.02759	0.05117	0.02368	0.01991	0.02442	0.55299	0.06331	0.07966	0.02219	0.04750	0.01319	0.01498	0.01050	0.00784	0.00704	0.00203	0.01276	0.00543	0.00439	0.00941
27	0.01592	0.11497	0.58593	0.02125	0.03174	0.01907	0.06162	0.02389	0.01605	0.02336	0.01337	0.01584	0.00973	0.00708	0.00705	0.00233	0.01096	0.00562	0.00324	0.01099
28	0.01775	0.01381	0.01621	0.01170	0.01835	0.01083	0.00941	0.05103	0.01713	0.07667	0.01496	0.01662	0.01189	0.00607	0.00586	0.00127	0.00581	0.00484	0.00501	0.68476
29	0.01393	0.01077	0.01235	0.01215	0.01434	0.01136	0.00894	0.08099	0.18366	0.02544	0.06183	0.30780	0.08530	0.08863	0.01182	0.00325	0.00554	0.04660	0.00707	0.00823
30	0.38631	0.01791	0.01648	0.01367	0.01877	0.11675	0.03551	0.06340	0.01817	0.22156	0.01692	0.01705	0.01188	0.00792	0.00618	0.00229	0.00759	0.00558	0.00606	0.00999
31	0.02792	0.01985	0.02168	0.01654	0.02266	0.02126	0.01363	0.55043	0.03264	0.09363	0.01862	0.01853	0.01317	0.00878	0.00740	0.00217	0.00793	0.00666	0.00742	0.08907
32	0.02385	0.09574	0.02216	0.01758	0.02143	0.37673	0.01384	0.07134	0.11915	0.02253	0.01810	0.01943	0.04660	0.00935	0.00897	0.00222	0.09048	0.00626	0.00477	0.00947
33	0.02472	0.01711	0.01981	0.01545	0.02084	0.01792	0.01264	0.28403	0.08968	0.15393	0.01972	0.01988	0.01432	0.00894	0.00893	0.00218	0.07901	0.00662	0.00683	0.17742
34	0.01020	0.00773	0.00940	0.00898	0.01101	0.00693	0.00674	0.01329	0.02022	0.02744	0.50049	0.06156	0.25506	0.01662	0.00895	0.00244	0.00366	0.01440	0.00796	0.00693

[dist]
# distance from previous block
# <min> <max>
0	1

[block]
# block no. 1 follows, 26 sequences, length 94
# corresponding to MSA columns:
# 64-157
name=unknown_B
#
# <colnr> <probs for GDERKNQSTAVLIFYWHMCP>
#	G	D	E	R	K	N	Q	S	T	A	V	L	I	F	Y	W	H	M	C	P
0	0.01371	0.05956	0.09293	0.01250	0.01573	0.04545	0.01103	0.01733	0.01903	0.04813	0.38082	0.09507	0.08060	0.01405	0.00951	0.00244	0.05560	0.01174	0.00673	0.00803
1	0.01755	0.01621	0.02649	0.34869	0.34489	0.01793	0.02157	0.07213	0.01777	0.02415	0.01422	0.01939	0.01122	0.00732	0.00755	0.00238	0.00946	0.00676	0.00388	0.01045
2	0.01042	0.00774	0.00970	0.00921	0.01114	0.00702	0.00691	0.01370	0.02072	0.02863	0.57295	0.05961	0.18185	0.01617	0.00895	0.00242	0.00363	0.01413	0.00811	0.00702
3	0.01789	0.01735	0.03028	0.16933	0.52348	0.01789	0.06736	0.02263	0.01693	0.02375	0.01420	0.01916	0.01163	0.00689	0.00762	0.00233	0.00948	0.00691	0.00369	0.01123
4	0.01571	0.01422	0.02275	0.64847	0.04949	0.01749	0.02043	0.08072	0.01713	0.02210	0.01393	0.02003	0.01038	0.00773	0.00758	0.00250	0.00994	0.00675	0.00377	0.00885
5	0.62688	0.01455	0.01268	0.01084	0.01579	0.01615	0.00894	0.04463	0.01521	0.15386	0.01431	0.01495	0.01028	0.00753	0.00532	0.00234	0.00605	0.00483	0.00564	0.00921
6	0.00960	0.00768	0.00863	0.00883	0.01097	0.00672	0.00668	0.01191	0.01785	0.02249	0.18789	0.13212	0.45327	0.01906	0.00915	0.00265	0.00410	0.06652	0.00729	0.00657
7	0.13362	0.01822	0.02218	0.10198	0.11308	0.08826	0.07847	0.14062	0.05840	0.05212	0.02007	0.02642	0.03495	0.00944	0.00754	0.00245	0.00880	0.06789	0.00541	0.01007
8	0.07003	0.01302	0.02258	0.01896	0.02304	0.01256	0.21601	0.02034	0.01736	0.08726	0.02944	0.12616	0.02935	0.01458	0.00923	0.00296	0.00840	0.26408	0.00606	0.00857
9	0.00924	0.00660	0.00880	0.01056	0.01100	0.00616	0.00704	0.01056	0.01452	0.01936	0.04181	0.72848	0.05017	0.02376	0.00968	0.00308	0.00440	0.02156	0.00704	0.00616
10	0.01533	0.03841	0.66562	0.02207	0.03313	0.01768	0.05571	0.02403	0.01610	0.02403	0.01369	0.01621	0.00969	0.00717	0.00728	0.00241	0.01128	0.00575	0.00323	0.01117
11	0.01676	0.11983	0.57045	0.02032	0.03061	0.01948	0.02531	0.06847	0.01732	0.02496	0.01357	0.01572	0.00985	0.00726	0.00696	0.00230	0.01065	0.00551	0.00351	0.01116
12	0.03262	0.01288	0.01733	0.01344	0.01911	0.01134	0.01105	0.03634	0.04889	0.64159	0.05188	0.02696	0.02073	0.00963	0.00768	0.00236	0.00634	0.00787	0.00928	0.01268
13	0.02477	0.01766	0.01937	0.01586	0.02090	0.01937	0.01273	0.35282	0.22567	0.10945	0.02523	0.07995	0.01968	0.01069	0.00780	0.00244	0.00711	0.00864	0.00778	0.01208
14	0.01709	0.01426	0.02225	0.52857	0.07732	0.01690	0.01935	0.07366	0.04391	0.06495	0.01654	0.02286	0.01263	0.00834	0.00769	0.00252	0.00941	0.02800	0.00441	0.00935
15	0.01237	0.00906	0.01296	0.06308	0.01827	0.00930	0.01284	0.01597	0.01730	0.02247	0.03829	0.08098	0.04130	0.02002	0.01027	0.00342	0.00720	0.59106	0.00673	0.00709
16	0.01379	0.00843	0.01112	0.01006	0.01238	0.00768	0.00768	0.01728	0.02150	0.11696	0.59672	0.05262	0.06466	0.01471	0.00877	0.00238	0.00396	0.01292	0.00849	0.00791
17	0.03099	0.01689	0.07298	0.01463	0.02066	0.05983	0.01278	0.06614	0.02193	0.53396	0.05059	0.02493	0.01904	0.00931	0.00759	0.00232	0.00733	0.00746	0.00838	0.01228
18	0.01790	0.02046	0.04476	0.03197	0.03964	0.01918	0.65857	0.02430	0.01790	0.02430	0.01535	0.02046	0.01151	0.00639	0.00895	0.00256	0.01279	0.00895	0.00384	0.01023
19	0.00924	0.00660	0.00880	0.01056	0.01100	0.00616	0.00704	0.01056	0.01452	0.01936	0.04181	0.72848	0.05017	0.02376	0.00968	0.00308	0.00440	0.02156	0.00704	0.00616
20	0.02148	0.46417	0.14520	0.01560	0.02240	0.14529	0.01571	0.02492	0.01687	0.05004	0.01216	0.01371	0.01014	0.00698	0.00573	0.00184	0.00953	0.00463	0.00364	0.00996
21	0.00924	0.00660	0.00880	0.01056	0.01100	0.00616	0.00704	0.01056	0.01452	0.01936	0.04181	0.72848	0.05017	0.02376	0.00968	0.00308	0.00440	0.02156	0.00704	0.00616
22	0.01103	0.00735	0.00827	0.00827	0.00827	0.00735	0.00460	0.01103	0.01103	0.01471	0.02390	0.04964	0.02758	0.73343	0.03861	0.00735	0.00735	0.01103	0.00460	0.00460
23	0.02883	0.02125	0.02276	0.01745	0.02352	0.02352	0.01442	0.66082	0.03566	0.04780	0.01821	0.01821	0.01290	0.00911	0.00759	0.00228	0.00835	0.00683	0.00759	0.01290
24	0.01441	0.01411	0.04501	0.63331	0.04839	0.01620	0.02017	0.01946	0.01525	0.02012	0.01394	0.02021	0.01052	0.00754	0.00740	0.00243	0.00970	0.00662	0.03452	0.04070
25	0.02833	0.03615	0.02149	0.01954	0.02345	0.70298	0.01466	0.03029	0.02149	0.01856	0.01172	0.01368	0.00977	0.00782	0.00684	0.00195	0.01368	0.00489	0.00391	0.00879
26	0.01521	0.03923	0.69413	0.02162	0.03283	0.01762	0.02802	0.02402	0.01601	0.02402	0.01361	0.01601	0.00961	0.00721	0.00721	0.00240	0.01121	0.00560	0.00320	0.01121
27	0.01712	0.12093	0.56931	0.02003	0.03030	0.01865	0.02506	0.02476	0.01633	0.06927	0.01437	0.01623	0.01026	0.00727	0.00696	0.00231	0.01051	0.00556	0.00363	0.01115
28	0.00935	0.00668	0.00890	0.01049	0.01102	0.00623	0.00705	0.01082	0.01501	0.02014	0.08668	0.68140	0.05167	0.02318	0.00963	0.00303	0.00434	0.02101	0.00713	0.00623
29	0.01588	0.13147	0.60776	0.02048	0.03107	0.01925	0.02604	0.02385	0.01593	0.02321	0.01321	0.01551	0.00963	0.00711	0.00690	0.00230	0.01080	0.00540	0.00321	0.01102
30	0.01521	0.03923	0.69413	0.02162	0.03283	0.01762	0.02802	0.02402	0.01601	0.02402	0.01361	0.01601	0.00961	0.00721	0.00721	0.00240	0.01121	0.00560	0.00320	0.01121
31	0.00985	0.00772	0.00892	0.00862	0.01079	0.00678	0.00646	0.01261	0.01939	0.02548	0.38114	0.06478	0.37562	0.01735	0.00896	0.00247	0.00371	0.01486	0.00770	0.00678
32	0.03164	0.01410	0.01786	0.01381	0.01942	0.01324	0.01137	0.15544	0.02398	0.52132	0.02731	0.02453	0.01769	0.00930	0.00746	0.00229	0.00661	0.00744	0.06270	0.01250
33	0.01887	0.01629	0.01715	0.01544	0.01972	0.01887	0.01201	0.04031	0.67241	0.03173	0.03087	0.02830	0.02315	0.01029	0.00772	0.00257	0.00600	0.00858	0.00772	0.01201
34	0.02751	0.01360	0.01695	0.01371	0.01875	0.01321	0.01108	0.07862	0.16478	0.42148	0.10898	0.02959	0.02577	0.01031	0.00781	0.00240	0.00614	0.00852	0.00877	0.01201
35	0.01992	0.68906	0.08558	0.01358	0.02040	0.02914	0.01403	0.02280	0.01545	0.01828	0.01076	0.01244	0.00973	0.00654	0.00503	0.00168	0.00833	0.00416	0.00324	0.00984
36	0.00924	0.00660	0.00880	0.01056	0.01100	0.00616	0.00704	0.01056	0.01452	0.01936	0.04181	0.72848	0.05017	0.02376	0.00968	0.00308	0.00440	0.02156	0.00704	0.00616
37	0.01817	0.01741	0.02970	0.13713	0.60026	0.01786	0.02298	0.02275	0.01699	0.02405	0.01416	0.01897	0.01176	0.00687	0.00752	0.00229	0.00916	0.00676	0.00370	0.01153
38	0.01086	0.00801	0.01161	0.01161	0.01276	0.00917	0.00876	0.01317	0.01202	0.01718	0.02085	0.03274	0.02024	0.15708	0.60493	0.01147	0.01840	0.00856	0.00414	0.00645
39	0.00939	0.00671	0.00897	0.01073	0.01124	0.00629	0.00730	0.01082	0.01467	0.01953	0.04172	0.69662	0.04984	0.02362	0.00972	0.00310	0.00453	0.05197	0.00704	0.00620
40	0.00956	0.00683	0.00915	0.01084	0.01144	0.00642	0.00752	0.01114	0.01499	0.01998	0.05987	0.65059	0.05018	0.02327	0.00973	0.00310	0.00461	0.07743	0.00707	0.00626
41	0.00945	0.00662	0.00873	0.01042	0.01091	0.00620	0.00697	0.01086	0.01458	0.01974	0.04109	0.69922	0.04888	0.02314	0.00950	0.00303	0.00436	0.02096	0.03915	0.00620
42	0.01573	0.01348	0.01573	0.01123	0.01798	0.01011	0.00899	0.01910	0.01573	0.02472	0.01348	0.01573	0.01123	0.00562	0.00562	0.00112	0.00562	0.00449	0.00449	0.77980
43	0.03238	0.01254	0.01707	0.01322	0.01879	0.01087	0.01087	0.03536	0.02169	0.64464	0.07603	0.02800	0.02251	0.00982	0.00772	0.00235	0.00625	0.00806	0.00931	0.01250
44	0.00924	0.00660	0.00880	0.01056	0.01100	0.00616	0.00704	0.01056	0.01452	0.01936	0.04181	0.72848	0.05017	0.02376	0.00968	0.00308	0.00440	0.02156	0.00704	0.00616
45	0.00944	0.00662	0.00873	0.01042	0.01091	0.00620	0.00697	0.01085	0.01458	0.01972	0.04112	0.70027	0.04893	0.02316	0.00950	0.00303	0.00437	0.02098	0.03800	0.00620
46	0.68762	0.01444	0.01200	0.01044	0.01529	0.01624	0.00860	0.02423	0.01407	0.12080	0.01312	0.01410	0.00961	0.00735	0.00508	0.00235	0.00594	0.00457	0.00531	0.00883
47	0.08677	0.01303	0.01715	0.01325	0.01903	0.01156	0.01094	0.03594	0.02109	0.64533	0.02857	0.02487	0.01804	0.00922	0.00742	0.00235	0.00641	0.00738	0.00906	0.01258
48	0.00924	0.00660	0.00880	0.01056	0.01100	0.00616	0.00704	0.01056	0.01452	0.01936	0.04181	0.72848	0.05017	0.02376	0.00968	0.00308	0.00440	0.02156	0.00704	0.00616
49	0.01942	0.01614	0.01867	0.06008	0.02177	0.01903	0.01325	0.10060	0.40876	0.05336	0.05817	0.02631	0.02156	0.01067	0.01032	0.00263	0.11307	0.00821	0.00686	0.01111
50	0.01118	0.00799	0.01103	0.01278	0.01407	0.00784	0.01042	0.01392	0.01644	0.02154	0.04073	0.30950	0.04592	0.02193	0.01020	0.00335	0.00608	0.42137	0.00700	0.00670
51	0.01877	0.01802	0.03079	0.04656	0.68612	0.01802	0.02328	0.02328	0.01727	0.02478	0.01427	0.01877	0.01201	0.00676	0.00751	0.00225	0.00901	0.00676	0.00375	0.01201
52	0.01665	0.01815	0.03814	0.06117	0.06832	0.01726	0.50769	0.02228	0.01757	0.02387	0.04562	0.09012	0.01771	0.00852	0.00889	0.00258	0.01128	0.01016	0.00431	0.00971
53	0.01697	0.01344	0.01496	0.01313	0.01668	0.01455	0.01025	0.13646	0.27895	0.03345	0.28163	0.03968	0.07272	0.01253	0.00823	0.00245	0.00537	0.01062	0.00791	0.01002
54	0.15269	0.07031	0.02131	0.01659	0.02167	0.25562	0.01331	0.28017	0.04539	0.03313	0.01463	0.01562	0.01117	0.00820	0.00669	0.00215	0.00968	0.00559	0.00558	0.01049
55	0.01538	0.01259	0.02037	0.39630	0.03686	0.01375	0.05957	0.01954	0.01617	0.07558	0.05296	0.12794	0.02012	0.01026	0.00786	0.00244	0.00834	0.00929	0.00481	0.08987
56	0.02454	0.23501	0.14917	0.01556	0.02207	0.04349	0.01533	0.02890	0.03994	0.27481	0.01914	0.01895	0.01361	0.00837	0.00791	0.00220	0.05804	0.00606	0.00574	0.01115
57	0.06657	0.01774	0.03112	0.11545	0.46013	0.01803	0.13384	0.02297	0.01688	0.02468	0.01414	0.01882	0.01148	0.00680	0.00759	0.00234	0.00960	0.00697	0.00379	0.01107
58	0.01432	0.01348	0.02275	0.71520	0.05224	0.01685	0.02107	0.01938	0.01517	0.01938	0.01348	0.02022	0.01011	0.00758	0.00758	0.00253	0.01011	0.00674	0.00337	0.00843
59	0.00924	0.00660	0.00880	0.01056	0.01100	0.00616	0.00704	0.01056	0.01452	0.01936	0.04181	0.72848	0.05017	0.02376	0.00968	0.00308	0.00440	0.02156	0.00704	0.00616
60	0.01678	0.08507	0.53265	0.02126	0.03112	0.06512	0.06513	0.02509	0.04529	0.02358	0.01414	0.01641	0.01034	0.00728	0.00715	0.00234	0.01103	0.00579	0.00349	0.01092
61	0.01486	0.01328	0.01962	0.05154	0.02082	0.01475	0.10797	0.01988	0.09062	0.05282	0.05682	0.06191	0.21233	0.01515	0.03714	0.00309	0.18251	0.01079	0.00558	0.00851
62	0.01045	0.00760	0.00984	0.00959	0.01123	0.00699	0.00707	0.01364	0.02034	0.02845	0.56689	0.14688	0.09903	0.01679	0.00904	0.00249	0.00370	0.01488	0.00811	0.00699
63	0.01759	0.01978	0.04201	0.07442	0.03919	0.01929	0.57777	0.02360	0.01733	0.02360	0.01489	0.02020	0.01132	0.00690	0.00987	0.00260	0.05718	0.00867	0.00377	0.00999
64	0.02162	0.01480	0.01826	0.01853	0.11495	0.01536	0.01278	0.09268	0.25526	0.17908	0.03395	0.03348	0.11585	0.01106	0.00791	0.00247	0.00648	0.02674	0.00739	0.01134
65	0.03403	0.01291	0.01760	0.01350	0.01936	0.01115	0.01115	0.03697	0.02171	0.69137	0.02992	0.02582	0.01878	0.00939	0.00763	0.00235	0.00645	0.00763	0.00939	0.01291
66	0.01465	0.01398	0.02411	0.65887	0.07292	0.01701	0.05274	0.01975	0.01537	0.01981	0.01360	0.02019	0.01024	0.00750	0.00765	0.00252	0.01021	0.00685	0.00341	0.00864
67	0.02203	0.06906	0.06057	0.04174	0.01955	0.03997	0.03803	0.02563	0.01980	0.28235	0.19635	0.05500	0.03142	0.01082	0.00769	0.00230	0.00659	0.00917	0.05190	0.01003
68	0.01193	0.00979	0.01427	0.01369	0.01471	0.01213	0.01081	0.01434	0.01222	0.01785	0.01952	0.07111	0.01906	0.04573	0.51850	0.00977	0.16477	0.00866	0.00410	0.00705
69	0.01102	0.00739	0.00845	0.00845	0.00852	0.00745	0.00482	0.01115	0.01108	0.01484	0.02373	0.04872	0.02718	0.70226	0.06923	0.00758	0.00795	0.01090	0.00457	0.00470
70	0.01161	0.00914	0.01100	0.01227	0.01366	0.04191	0.00962	0.01415	0.01693	0.02190	0.10465	0.32573	0.06983	0.02078	0.00978	0.00311	0.00587	0.28431	0.00699	0.00675
71	0.02071	0.70178	0.03889	0.01320	0.01967	0.02969	0.01305	0.05495	0.01644	0.01936	0.01093	0.01247	0.00989	0.00662	0.00500	0.00166	0.00812	0.00420	0.00346	0.00989
72	0.01102	0.00741	0.00855	0.00855	0.00864	0.00750	0.00494	0.01121	0.01111	0.01491	0.02365	0.04825	0.02697	0.68605	0.08516	0.00769	0.00826	0.01083	0.00456	0.00475
73	0.00924	0.00660	0.00880	0.01056	0.01100	0.00616	0.00704	0.01056	0.01452	0.01936	0.04181	0.72848	0.05017	0.02376	0.00968	0.00308	0.00440	0.02156	0.00704	0.00616
74	0.01688	0.01651	0.02926	0.24968	0.33604	0.01763	0.11695	0.02168	0.01649	0.02268	0.01515	0.02232	0.01265	0.00785	0.00858	0.00248	0.03846	0.03467	0.00377	0.01026
75	0.01463	0.01341	0.02202	0.63142	0.07011	0.01647	0.02001	0.02019	0.03930	0.02046	0.01471	0.02088	0.01112	0.00772	0.00747	0.00248	0.00959	0.00683	0.04255	0.00861
76	0.01414	0.00707	0.00707	0.00707	0.00884	0.00707	0.00530	0.01767	0.01591	0.02828	0.02474	0.02828	0.01944	0.00884	0.00530	0.00177	0.00353	0.00707	0.77554	0.00707
77	0.01764	0.01778	0.04959	0.11640	0.49455	0.01793	0.04867	0.02210	0.01650	0.02345	0.01480	0.04255	0.01283	0.00792	0.00898	0.00241	0.06381	0.00730	0.00377	0.01103
78	0.01889	0.35784	0.32574	0.01746	0.02576	0.09431	0.01977	0.02407	0.01631	0.02064	0.01202	0.01402	0.00968	0.00694	0.00610	0.00200	0.01005	0.00482	0.00330	0.01029
79	0.01084	0.00813	0.01219	0.01219	0.01354	0.00948	0.00948	0.01354	0.01219	0.01761	0.02032	0.02980	0.01896	0.05689	0.70337	0.01219	0.02032	0.00813	0.00406	0.00677
80	0.10460	0.14854	0.02505	0.01948	0.06553	0.36983	0.03580	0.07417	0.01981	0.02283	0.01210	0.01431	0.01005	0.00773	0.00725	0.00206	0.04219	0.00514	0.00412	0.00944
81	0.00976	0.00760	0.00889	0.00895	0.01092	0.00672	0.00665	0.01227	0.01849	0.02412	0.29742	0.15385	0.35110	0.01848	0.00910	0.00259	0.00391	0.03495	0.00753	0.00667
82	0.05506	0.01718	0.01825	0.01481	0.01964	0.01891	0.01205	0.40770	0.11121	0.04035	0.04535	0.02575	0.04089	0.01005	0.00736	0.00230	0.00696	0.02613	0.10881	0.01123
83	0.02072	0.05506	0.03354	0.08700	0.15388	0.02059	0.26381	0.19128	0.02190	0.02964	0.01532	0.01899	0.01171	0.00752	0.00856	0.00240	0.03486	0.00748	0.00472	0.01102
84	0.01215	0.00823	0.00919	0.00885	0.00923	0.00837	0.00522	0.05200	0.01258	0.01679	0.02354	0.04766	0.02665	0.68776	0.03665	0.00703	0.00742	0.01077	0.00478	0.00512
85	0.01725	0.09904	0.38421	0.02254	0.06773	0.06790	0.06684	0.02331	0.01578	0.02211	0.01271	0.01605	0.00997	0.00815	0.01017	0.00246	0.13416	0.00589	0.00335	0.01037
86	0.01007	0.00719	0.00975	0.01150	0.01230	0.00687	0.00847	0.01199	0.01533	0.02029	0.04135	0.55078	0.04837	0.02299	0.00990	0.00319	0.00511	0.19113	0.00703	0.00639
87	0.01573	0.01348	0.01573	0.01123	0.01798	0.01011	0.00899	0.01910	0.01573	0.02472	0.01348	0.01573	0.01123	0.00562	0.00562	0.00112	0.00562	0.00449	0.00449	0.77980
88	0.05004	0.04117	0.08682	0.18189	0.24172	0.03838	0.04628	0.04517	0.06626	0.07240	0.01604	0.01940	0.01231	0.00783	0.00817	0.00240	0.04190	0.00669	0.00445	0.01067
89	0.02384	0.16340	0.02478	0.04737	0.05316	0.02146	0.01374	0.28697	0.10652	0.08252	0.01825	0.01868	0.01365	0.00822	0.00686	0.00208	0.00770	0.00631	0.00619	0.08831
90	0.05343	0.01924	0.06048	0.09019	0.02343	0.10705	0.01362	0.16604	0.14287	0.08707	0.04072	0.04584	0.01785	0.00946	0.00724	0.00231	0.00794	0.00749	0.08733	0.01041
91	0.06606	0.13284	0.28274	0.01882	0.04734	0.04396	0.05107	0.05449	0.06768	0.06760	0.06228	0.01997	0.01584	0.00827	0.00750	0.00230	0.02951	0.00647	0.00468	0.01057
92	0.11962	0.09318	0.19076	0.01774	0.02429	0.15710	0.03815	0.12725	0.04092	0.04636	0.01422	0.01591	0.01083	0.00787	0.00742	0.00222	0.03900	0.00559	0.00463	0.03693
93	0.05212	0.11432	0.02232	0.01607	0.04113	0.09771	0.01283	0.22783	0.06919	0.15809	0.04557	0.02021	0.01600	0.00860	0.00697	0.00211	0.00795	0.00652	0.00653	0.06792

[dist]
# distance from previous block
# <min> <max>
9	15

[block]
# block no. 2 follows, 26 sequences, length 89
# corresponding to MSA columns:
# 173-261
name=unknown_C
#
# <colnr> <probs for GDERKNQSTAVLIFYWHMCP>
#	G	D	E	R	K	N	Q	S	T	A	V	L	I	F	Y	W	H	M	C	P
0	0.02247	0.01717	0.01988	0.01975	0.13078	0.07627	0.01348	0.13838	0.07710	0.13962	0.04304	0.04484	0.01842	0.00919	0.00735	0.00212	0.00751	0.03487	0.00627	0.17149
1	0.11683	0.01316	0.01498	0.01216	0.01687	0.01250	0.00975	0.11832	0.01989	0.13990	0.10458	0.03042	0.02374	0.06521	0.00945	0.00247	0.00618	0.05438	0.00649	0.22275
2	0.12571	0.01395	0.01619	0.06521	0.02013	0.01412	0.01107	0.07560	0.08940	0.08695	0.06378	0.02492	0.01877	0.02883	0.00862	0.00224	0.04593	0.03432	0.00579	0.24848
3	0.01728	0.01200	0.01479	0.01201	0.01655	0.01049	0.00954	0.03861	0.01724	0.12322	0.06629	0.08975	0.04945	0.04082	0.00947	0.00220	0.04532	0.05531	0.00601	0.36365
4	0.26839	0.01628	0.02092	0.01860	0.08142	0.01749	0.10968	0.15895	0.01969	0.06948	0.01663	0.04111	0.01312	0.00846	0.00743	0.00237	0.03716	0.00681	0.07607	0.00996
5	0.01834	0.01726	0.02784	0.02017	0.02708	0.01566	0.25969	0.10209	0.04807	0.02774	0.01556	0.01841	0.01207	0.00656	0.00724	0.00188	0.00873	0.00668	0.00477	0.35415
6	0.02183	0.01634	0.01843	0.01383	0.02013	0.01541	0.01123	0.24833	0.05974	0.08030	0.01728	0.01802	0.01302	0.00738	0.00657	0.00170	0.00666	0.00577	0.00611	0.41194
7	0.05238	0.49783	0.03323	0.01470	0.02049	0.18832	0.01328	0.06556	0.01806	0.02057	0.01132	0.01292	0.00989	0.00699	0.00550	0.00177	0.00936	0.00443	0.00374	0.00966
8	0.00931	0.00663	0.00878	0.01047	0.01089	0.00621	0.00694	0.01058	0.01438	0.01917	0.04107	0.70065	0.04924	0.05286	0.01087	0.00326	0.00452	0.02113	0.00694	0.00610
9	0.01163	0.00805	0.00969	0.00910	0.01136	0.00716	0.00683	0.01446	0.01964	0.06892	0.40481	0.06011	0.27970	0.04294	0.00996	0.00263	0.00399	0.01402	0.00782	0.00717
10	0.03114	0.01487	0.01849	0.01447	0.02017	0.01441	0.01186	0.15196	0.10755	0.48876	0.02789	0.02474	0.01826	0.00945	0.00763	0.00236	0.00674	0.00760	0.00884	0.01279
11	0.01222	0.00873	0.01222	0.01397	0.01572	0.00873	0.01222	0.01572	0.01746	0.02270	0.04016	0.08556	0.04365	0.02095	0.01048	0.00349	0.00698	0.63506	0.00698	0.00698
12	0.03403	0.01291	0.01760	0.01350	0.01936	0.01115	0.01115	0.03697	0.02171	0.69137	0.02992	0.02582	0.01878	0.00939	0.00763	0.00235	0.00645	0.00763	0.00939	0.01291
13	0.02368	0.01434	0.01672	0.01423	0.01888	0.01506	0.01128	0.03688	0.38060	0.27114	0.08609	0.02982	0.02569	0.01041	0.00779	0.00247	0.00596	0.00867	0.00838	0.01192
14	0.01698	0.01816	0.03631	0.12016	0.11041	0.01836	0.40804	0.02240	0.01715	0.02356	0.05574	0.02214	0.01496	0.00775	0.01000	0.00258	0.07296	0.00851	0.00400	0.00984
15	0.01432	0.01348	0.02275	0.71520	0.05224	0.01685	0.02107	0.01938	0.01517	0.01938	0.01348	0.02022	0.01011	0.00758	0.00758	0.00253	0.01011	0.00674	0.00337	0.00843
16	0.01870	0.01961	0.04185	0.06885	0.03909	0.01856	0.58306	0.02481	0.01799	0.06527	0.01614	0.02078	0.01188	0.00665	0.00879	0.00254	0.01225	0.00875	0.00415	0.01030
17	0.03197	0.06062	0.01957	0.01397	0.01983	0.01401	0.01165	0.10336	0.04939	0.55178	0.02745	0.02422	0.01774	0.00921	0.00745	0.00230	0.00675	0.00735	0.00873	0.01267
18	0.01877	0.01802	0.03079	0.04656	0.68612	0.01802	0.02328	0.02328	0.01727	0.02478	0.01427	0.01877	0.01201	0.00676	0.00751	0.00225	0.00901	0.00676	0.00375	0.01201
19	0.00896	0.00768	0.00768	0.00768	0.01025	0.00640	0.00576	0.01089	0.01729	0.02049	0.07684	0.07300	0.68304	0.01921	0.00896	0.00256	0.00384	0.01601	0.00704	0.00640
20	0.01521	0.03923	0.69413	0.02162	0.03283	0.01762	0.02802	0.02402	0.01601	0.02402	0.01361	0.01601	0.00961	0.00721	0.00721	0.00240	0.01121	0.00560	0.00320	0.01121
21	0.01455	0.01393	0.02417	0.67122	0.05143	0.01700	0.06210	0.01970	0.01534	0.01970	0.01360	0.02024	0.01020	0.00751	0.00767	0.00253	0.01028	0.00688	0.00340	0.00854
22	0.01086	0.00801	0.01160	0.01160	0.01275	0.00916	0.00875	0.01317	0.01202	0.01717	0.02085	0.03277	0.02025	0.15825	0.60378	0.01147	0.01837	0.00856	0.00414	0.00645
23	0.01743	0.01678	0.02516	0.37755	0.25510	0.05593	0.02069	0.05022	0.03756	0.02271	0.01426	0.01941	0.01124	0.00770	0.00819	0.00243	0.03717	0.00670	0.00385	0.00993
24	0.01790	0.02046	0.04476	0.03197	0.03964	0.01918	0.65857	0.02430	0.01790	0.02430	0.01535	0.02046	0.01151	0.00639	0.00895	0.00256	0.01279	0.00895	0.00384	0.01023
25	0.01699	0.01639	0.02843	0.30641	0.40313	0.01763	0.05768	0.02182	0.01649	0.02265	0.01402	0.01943	0.01124	0.00706	0.00762	0.00238	0.00965	0.00687	0.00361	0.01052
26	0.01877	0.01802	0.03079	0.04656	0.68612	0.01802	0.02328	0.02328	0.01727	0.02478	0.01427	0.01877	0.01201	0.00676	0.00751	0.00225	0.00901	0.00676	0.00375	0.01201
27	0.01680	0.15591	0.49329	0.01998	0.02958	0.01916	0.05900	0.02387	0.01620	0.05054	0.01486	0.04131	0.01156	0.00772	0.00701	0.00230	0.01033	0.00618	0.00364	0.01079
28	0.01480	0.01004	0.01220	0.01208	0.01427	0.01020	0.00884	0.04423	0.16046	0.09420	0.10383	0.40638	0.04185	0.01793	0.00889	0.00279	0.00502	0.01592	0.00759	0.00849
29	0.01521	0.03923	0.69413	0.02162	0.03283	0.01762	0.02802	0.02402	0.01601	0.02402	0.01361	0.01601	0.00961	0.00721	0.00721	0.00240	0.01121	0.00560	0.00320	0.01121
30	0.02950	0.01416	0.01910	0.01507	0.02063	0.01342	0.04745	0.07064	0.12665	0.48475	0.02904	0.02798	0.01978	0.00983	0.00783	0.00244	0.00686	0.03388	0.00861	0.01237
31	0.01693	0.01642	0.02875	0.31198	0.37911	0.01765	0.07568	0.02181	0.01648	0.02259	0.01404	0.01949	0.01121	0.00706	0.00766	0.00239	0.00977	0.00694	0.00361	0.01043
32	0.00924	0.00660	0.00880	0.01056	0.01100	0.00616	0.00704	0.01056	0.01452	0.01936	0.04181	0.72848	0.05017	0.02376	0.00968	0.00308	0.00440	0.02156	0.00704	0.00616
33	0.02783	0.02014	0.05371	0.01675	0.02282	0.02062	0.01424	0.45163	0.10937	0.15135	0.02146	0.02058	0.01495	0.00920	0.00759	0.00233	0.00789	0.00711	0.00769	0.01271
34	0.01833	0.34268	0.37604	0.01746	0.02635	0.02271	0.02065	0.02408	0.01603	0.05361	0.01306	0.01481	0.01011	0.00700	0.00621	0.00206	0.00963	0.00503	0.00352	0.01065
35	0.00994	0.00750	0.00920	0.00941	0.01110	0.00677	0.00691	0.01251	0.01852	0.02474	0.33762	0.21903	0.23971	0.01868	0.00918	0.00264	0.00397	0.03826	0.00762	0.00670
36	0.01606	0.01568	0.02760	0.42303	0.22172	0.01771	0.09800	0.02098	0.01592	0.02139	0.01377	0.01971	0.01079	0.00745	0.00843	0.00249	0.03911	0.00701	0.00353	0.00961
37	0.07699	0.01439	0.02068	0.32746	0.10595	0.01610	0.01665	0.08889	0.04576	0.11979	0.07649	0.02363	0.01770	0.00868	0.00749	0.00242	0.00823	0.00738	0.00541	0.00992
38	0.02831	0.01369	0.01935	0.01500	0.02035	0.01263	0.06749	0.10498	0.02267	0.45423	0.10146	0.05833	0.02478	0.01041	0.00798	0.00239	0.00682	0.00894	0.00847	0.01173
39	0.01068	0.00775	0.01006	0.00948	0.01130	0.00713	0.00711	0.01420	0.02133	0.03009	0.66241	0.05719	0.09148	0.01563	0.00895	0.00239	0.00359	0.01379	0.00831	0.00713
40	0.01774	0.29404	0.43057	0.01817	0.02746	0.02192	0.02192	0.02400	0.01600	0.04550	0.01307	0.01495	0.00998	0.00702	0.00637	0.00211	0.00991	0.00511	0.00344	0.01073
41	0.21243	0.01933	0.01994	0.04414	0.02254	0.02167	0.01318	0.47950	0.02930	0.04330	0.01616	0.01686	0.01165	0.00854	0.00688	0.00230	0.00782	0.00616	0.00671	0.01158
42	0.78701	0.01467	0.01115	0.00997	0.01467	0.01702	0.00821	0.02230	0.01291	0.03403	0.01056	0.01232	0.00821	0.00704	0.00469	0.00235	0.00587	0.00411	0.00469	0.00821
43	0.01989	0.01992	0.03750	0.02874	0.07291	0.01978	0.44400	0.15429	0.02116	0.02877	0.01643	0.04055	0.01290	0.00776	0.00924	0.00253	0.03960	0.00866	0.00468	0.01069
44	0.03274	0.01262	0.01719	0.01328	0.01892	0.01093	0.01093	0.03571	0.02170	0.65468	0.06613	0.02753	0.02171	0.00973	0.00770	0.00235	0.00629	0.00797	0.00933	0.01259
45	0.01989	0.68389	0.09042	0.01365	0.02050	0.02905	0.01414	0.02281	0.01546	0.01832	0.01078	0.01247	0.00972	0.00654	0.00505	0.00168	0.00835	0.00418	0.00324	0.00985
46	0.01909	0.57401	0.19331	0.01501	0.02260	0.02710	0.01651	0.02302	0.01555	0.01929	0.01126	0.01307	0.00970	0.00666	0.00542	0.00181	0.00884	0.00442	0.00323	0.01008
47	0.01543	0.06945	0.66584	0.02125	0.03225	0.01815	0.02737	0.02396	0.01599	0.02375	0.01348	0.01585	0.00961	0.00718	0.00711	0.00237	0.01108	0.00554	0.00320	0.01115
48	0.01265	0.00889	0.01101	0.01037	0.01273	0.00847	0.00800	0.01760	0.08085	0.06536	0.45342	0.05673	0.14791	0.01560	0.00887	0.00251	0.00425	0.05888	0.00807	0.00781
49	0.01915	0.01537	0.01634	0.01404	0.01793	0.04053	0.01103	0.21518	0.22508	0.03490	0.22046	0.05809	0.05496	0.01211	0.00811	0.00242	0.00614	0.01011	0.00769	0.01036
50	0.01432	0.01348	0.02275	0.71520	0.05224	0.01685	0.02107	0.01938	0.01517	0.01938	0.01348	0.02022	0.01011	0.00758	0.00758	0.00253	0.01011	0.00674	0.00337	0.00843
51	0.01845	0.49012	0.23823	0.04958	0.02512	0.02560	0.01795	0.02295	0.01558	0.01980	0.01162	0.01373	0.00971	0.00676	0.00571	0.00190	0.00915	0.00466	0.00324	0.01012
52	0.01103	0.00735	0.00827	0.00827	0.00827	0.00735	0.00460	0.01103	0.01103	0.01471	0.02390	0.04964	0.02758	0.73343	0.03861	0.00735	0.00735	0.01103	0.00460	0.00460
53	0.01121	0.00867	0.01290	0.01269	0.01395	0.01037	0.00994	0.01385	0.01215	0.01765	0.01965	0.02895	0.01838	0.05408	0.65970	0.01162	0.06532	0.00803	0.00402	0.00687
54	0.00923	0.00664	0.00876	0.01045	0.01097	0.00617	0.00699	0.01057	0.01463	0.01941	0.04320	0.70233	0.07542	0.02358	0.00965	0.00306	0.00438	0.02134	0.00704	0.00617
55	0.00924	0.00660	0.00880	0.01056	0.01100	0.00616	0.00704	0.01056	0.01452	0.01936	0.04181	0.72848	0.05017	0.02376	0.00968	0.00308	0.00440	0.02156	0.00704	0.00616
56	0.02430	0.02913	0.02492	0.06592	0.02687	0.44173	0.09919	0.04935	0.01961	0.02035	0.01227	0.01559	0.01016	0.00850	0.00995	0.00229	0.12107	0.00587	0.00390	0.00903
57	0.01118	0.00781	0.00982	0.00948	0.01142	0.00706	0.00704	0.01415	0.01986	0.05433	0.46505	0.13880	0.18176	0.01694	0.00898	0.00250	0.00384	0.01484	0.00799	0.00713
58	0.01508	0.01472	0.02632	0.58104	0.08573	0.01725	0.11165	0.02029	0.01567	0.02038	0.01379	0.02018	0.01042	0.00737	0.00777	0.00252	0.01043	0.00706	0.00346	0.00888
59	0.01570	0.01489	0.02524	0.50828	0.24840	0.01721	0.02175	0.02059	0.01582	0.02105	0.01372	0.01977	0.01070	0.00733	0.00756	0.00244	0.00977	0.00675	0.00349	0.00954
60	0.01318	0.00659	0.00988	0.00988	0.00988	0.00659	0.00659	0.00988	0.00988	0.01318	0.01318	0.02306	0.01318	0.02635	0.02964	0.77931	0.00659	0.00659	0.00329	0.00329
61	0.00949	0.00770	0.00842	0.00824	0.01057	0.00663	0.00618	0.01191	0.01854	0.02346	0.25779	0.06811	0.50023	0.01810	0.00896	0.00251	0.00376	0.01532	0.00743	0.00663
62	0.05094	0.01632	0.01693	0.01475	0.01921	0.04526	0.01160	0.08674	0.43356	0.11528	0.05426	0.02898	0.05159	0.01044	0.00764	0.00248	0.00637	0.00851	0.00764	0.01149
63	0.00989	0.00740	0.00919	0.00942	0.01099	0.00669	0.00680	0.01243	0.01849	0.02492	0.35675	0.25656	0.20514	0.01876	0.00917	0.00263	0.00388	0.01653	0.00767	0.00669
64	0.06610	0.01190	0.01346	0.01114	0.01514	0.01189	0.00896	0.14028	0.02115	0.24177	0.02441	0.02479	0.01742	0.00896	0.00642	0.00207	0.00546	0.00704	0.35160	0.01003
65	0.00927	0.00678	0.00873	0.01018	0.01093	0.00623	0.00690	0.01076	0.01514	0.01996	0.07254	0.62327	0.12569	0.02288	0.00957	0.00299	0.00430	0.02058	0.00710	0.00623
66	0.01563	0.09713	0.63991	0.02090	0.03172	0.01864	0.02678	0.02391	0.01596	0.02351	0.01336	0.01570	0.00962	0.00715	0.00701	0.00234	0.01095	0.00548	0.00321	0.01109
67	0.01521	0.03923	0.69413	0.02162	0.03283	0.01762	0.02802	0.02402	0.01601	0.02402	0.01361	0.01601	0.00961	0.00721	0.00721	0.00240	0.01121	0.00560	0.00320	0.01121
68	0.00958	0.00768	0.00862	0.00896	0.01108	0.00673	0.00681	0.01180	0.01748	0.02179	0.14112	0.15112	0.46170	0.01951	0.00922	0.00271	0.00423	0.08613	0.00719	0.00653
69	0.01626	0.14189	0.52560	0.02145	0.03157	0.01964	0.09422	0.02385	0.01613	0.02313	0.01334	0.01592	0.00983	0.00701	0.00705	0.00230	0.01092	0.00574	0.00328	0.01088
70	0.02923	0.02061	0.02237	0.01715	0.02320	0.02257	0.01417	0.61296	0.03459	0.09718	0.01911	0.01879	0.01335	0.00913	0.00759	0.00228	0.00820	0.00689	0.00773	0.01290
71	0.00908	0.00772	0.00785	0.00791	0.01044	0.00649	0.00600	0.01106	0.01730	0.02057	0.07551	0.07345	0.65988	0.01927	0.00902	0.00260	0.00396	0.03843	0.00704	0.00642
72	0.04741	0.62061	0.03618	0.01340	0.01960	0.07909	0.01284	0.02406	0.01614	0.05593	0.01171	0.01305	0.01019	0.00677	0.00516	0.00171	0.00836	0.00432	0.00369	0.00979
73	0.01704	0.01902	0.04095	0.02962	0.03657	0.01782	0.58846	0.02298	0.01784	0.02424	0.04588	0.06760	0.01659	0.00791	0.00900	0.00258	0.01185	0.00997	0.00424	0.00984
74	0.01521	0.03923	0.69413	0.02162	0.03283	0.01762	0.02802	0.02402	0.01601	0.02402	0.01361	0.01601	0.00961	0.00721	0.00721	0.00240	0.01121	0.00560	0.00320	0.01121
75	0.01182	0.00922	0.03353	0.01128	0.01356	0.00795	0.00939	0.01504	0.01867	0.05057	0.26547	0.12316	0.16554	0.01811	0.00940	0.00283	0.00516	0.21464	0.00743	0.00724
76	0.04338	0.03322	0.50949	0.02201	0.03205	0.01723	0.12719	0.02360	0.01618	0.02448	0.01377	0.01657	0.01000	0.00694	0.00727	0.00232	0.01081	0.00600	0.00346	0.07401
77	0.00909	0.00765	0.00788	0.00791	0.01034	0.00644	0.00590	0.01109	0.01746	0.02109	0.11455	0.09526	0.62117	0.01913	0.00899	0.00257	0.00384	0.01606	0.00713	0.00644
78	0.00924	0.00660	0.00880	0.01056	0.01100	0.00616	0.00704	0.01056	0.01452	0.01936	0.04181	0.72848	0.05017	0.02376	0.00968	0.00308	0.00440	0.02156	0.00704	0.00616
79	0.01787	0.01838	0.05622	0.14033	0.44245	0.01804	0.10477	0.02392	0.05750	0.02432	0.01529	0.01969	0.01226	0.00707	0.00771	0.00236	0.00956	0.00711	0.00393	0.01122
80	0.05060	0.02093	0.02414	0.28442	0.13728	0.17409	0.04380	0.12810	0.02032	0.02546	0.01394	0.01788	0.01077	0.00769	0.00735	0.00231	0.01040	0.00632	0.00431	0.00986
81	0.01272	0.00972	0.01434	0.01497	0.01722	0.00969	0.05360	0.01700	0.04121	0.02306	0.03946	0.07887	0.06232	0.01957	0.01023	0.00337	0.00722	0.55127	0.00681	0.00736
82	0.09941	0.49589	0.12597	0.01405	0.02092	0.05379	0.01443	0.02297	0.01551	0.02080	0.01119	0.01298	0.00964	0.00665	0.00530	0.00179	0.00840	0.00434	0.00349	0.05249
83	0.10564	0.00981	0.01244	0.01136	0.01384	0.00969	0.03651	0.01808	0.04955	0.08532	0.30017	0.14801	0.04578	0.08956	0.01151	0.00305	0.00524	0.02953	0.00715	0.00774
84	0.05322	0.00750	0.00944	0.01073	0.01162	0.00731	0.00761	0.01221	0.01488	0.02080	0.07354	0.48909	0.04577	0.09475	0.01244	0.00350	0.00511	0.10746	0.00672	0.00629
85	0.01963	0.01998	0.03007	0.06762	0.56046	0.09417	0.05031	0.02396	0.01769	0.02387	0.01400	0.01833	0.01167	0.00689	0.00750	0.00224	0.00974	0.00665	0.00376	0.01145
86	0.01771	0.02117	0.07836	0.04970	0.06313	0.05174	0.47382	0.02338	0.01730	0.02327	0.01578	0.05082	0.01290	0.00778	0.00972	0.00258	0.05822	0.00880	0.00389	0.00993
87	0.20965	0.01866	0.04443	0.01471	0.01977	0.06014	0.01234	0.22670	0.10630	0.10857	0.02015	0.02030	0.03130	0.00907	0.00752	0.00236	0.03693	0.00656	0.03378	0.01076
88	0.02510	0.01532	0.01893	0.04364	0.04782	0.01425	0.01207	0.17823	0.02254	0.25527	0.02020	0.02003	0.01416	0.00785	0.00692	0.00191	0.00687	0.00629	0.00681	0.27577

[dist]
# distance from previous block
# <min> <max>
2	12

[block]
# block no. 3 follows, 26 sequences, length 56
# corresponding to MSA columns:
# 274-329
name=unknown_D
#
# <colnr> <probs for GDERKNQSTAVLIFYWHMCP>
#	G	D	E	R	K	N	Q	S	T	A	V	L	I	F	Y	W	H	M	C	P
0	0.01819	0.01909	0.03694	0.07239	0.06121	0.01917	0.43275	0.06758	0.01809	0.02499	0.01465	0.01948	0.01134	0.00741	0.01032	0.00252	0.09232	0.00803	0.00405	0.05949
1	0.01751	0.01557	0.02170	0.04902	0.02370	0.01388	0.11226	0.09213	0.01813	0.02674	0.01417	0.01700	0.01136	0.00652	0.00721	0.00163	0.03521	0.00565	0.00464	0.50598
2	0.05802	0.01652	0.02364	0.11686	0.13207	0.01707	0.08639	0.17638	0.04718	0.10935	0.06492	0.02236	0.01713	0.00838	0.00754	0.00228	0.00820	0.00738	0.00588	0.07244
3	0.01439	0.01348	0.02243	0.68273	0.05066	0.01654	0.02051	0.01937	0.01519	0.01963	0.01348	0.02002	0.01016	0.00749	0.00749	0.00246	0.00990	0.00664	0.00342	0.04401
4	0.01695	0.01498	0.01893	0.12648	0.02492	0.04421	0.04255	0.02057	0.01605	0.04958	0.01397	0.01702	0.01124	0.00658	0.00712	0.00161	0.04028	0.00531	0.00439	0.51726
5	0.01652	0.01345	0.01609	0.03890	0.01938	0.01042	0.00956	0.01994	0.01598	0.05550	0.01425	0.01637	0.01154	0.00587	0.00579	0.00124	0.00583	0.00473	0.00468	0.71395
6	0.01207	0.00868	0.01201	0.01368	0.01546	0.00862	0.01192	0.01549	0.01745	0.02260	0.04185	0.08498	0.07315	0.02087	0.01041	0.00345	0.00684	0.60651	0.00699	0.00696
7	0.01877	0.01802	0.03079	0.04656	0.68612	0.01802	0.02328	0.02328	0.01727	0.02478	0.01427	0.01877	0.01201	0.00676	0.00751	0.00225	0.00901	0.00676	0.00375	0.01201
8	0.01573	0.01348	0.01573	0.01123	0.01798	0.01011	0.00899	0.01910	0.01573	0.02472	0.01348	0.01573	0.01123	0.00562	0.00562	0.00112	0.00562	0.00449	0.00449	0.77980
9	0.01103	0.00735	0.00827	0.00827	0.00827	0.00735	0.00460	0.01103	0.01103	0.01471	0.02390	0.04964	0.02758	0.73343	0.03861	0.00735	0.00735	0.01103	0.00460	0.00460
10	0.00896	0.00768	0.00768	0.00768	0.01025	0.00640	0.00576	0.01089	0.01729	0.02049	0.07684	0.07300	0.68304	0.01921	0.00896	0.00256	0.00384	0.01601	0.00704	0.00640
11	0.00923	0.00666	0.00874	0.01041	0.01096	0.00617	0.00697	0.01058	0.01467	0.01942	0.04362	0.69462	0.08286	0.02353	0.00964	0.00305	0.00437	0.02128	0.00704	0.00617
12	0.01887	0.01629	0.01715	0.01544	0.01972	0.01887	0.01201	0.04031	0.67241	0.03173	0.03087	0.02830	0.02315	0.01029	0.00772	0.00257	0.00600	0.00858	0.00772	0.01201
13	0.01815	0.01739	0.02966	0.14027	0.59727	0.01786	0.02297	0.02273	0.01698	0.02402	0.01416	0.01898	0.01175	0.00687	0.00752	0.00229	0.00917	0.00676	0.00370	0.01151
14	0.02059	0.71097	0.03904	0.01323	0.01962	0.05593	0.01304	0.02300	0.01565	0.01787	0.01059	0.01223	0.00974	0.00654	0.00494	0.00164	0.00833	0.00409	0.00327	0.00970
15	0.03083	0.01266	0.01697	0.01339	0.01873	0.01127	0.01104	0.06231	0.02210	0.57537	0.08157	0.03100	0.02398	0.01046	0.00788	0.00241	0.00634	0.04048	0.00910	0.01215
16	0.01361	0.00832	0.01105	0.01048	0.01260	0.00764	0.00799	0.01680	0.02031	0.11287	0.47140	0.14364	0.06014	0.01618	0.00898	0.00255	0.00428	0.05519	0.00822	0.00775
17	0.01790	0.02046	0.04476	0.03197	0.03964	0.01918	0.65857	0.02430	0.01790	0.02430	0.01535	0.02046	0.01151	0.00639	0.00895	0.00256	0.01279	0.00895	0.00384	0.01023
18	0.03403	0.01291	0.01760	0.01350	0.01936	0.01115	0.01115	0.03697	0.02171	0.69137	0.02992	0.02582	0.01878	0.00939	0.00763	0.00235	0.00645	0.00763	0.00939	0.01291
19	0.01715	0.01765	0.03325	0.20855	0.23566	0.01857	0.25441	0.02226	0.01651	0.02271	0.01412	0.01958	0.01118	0.00736	0.00945	0.00252	0.06771	0.00755	0.00365	0.01015
20	0.01074	0.00775	0.01014	0.00954	0.01133	0.00716	0.00716	0.01431	0.02147	0.03042	0.68211	0.05666	0.07157	0.01551	0.00895	0.00239	0.00358	0.01372	0.00835	0.00716
