[name]
unknown

[dist]
# distance from previous block
# <min> <max>
0	3

[block]
# block no. 0 follows, 23 sequences, length 11
# corresponding to MSA columns:
# 3-13
name=unknown_A
#
# <colnr> <probs for GDERKNQSTAVLIFYWHMCP>
#	G	D	E	R	K	N	Q	S	T	A	V	L	I	F	Y	W	H	M	C	P
0	0.01308	0.00934	0.01308	0.01494	0.01681	0.00934	0.01308	0.01681	0.01868	0.02428	0.04296	0.09153	0.04670	0.02242	0.01121	0.00374	0.00747	0.60960	0.00747	0.00747
1	0.03641	0.01381	0.01883	0.01444	0.02071	0.01193	0.01193	0.03954	0.02322	0.66984	0.03201	0.02762	0.02009	0.01004	0.00816	0.00251	0.00690	0.00816	0.01004	0.01381
2	0.06167	0.03887	0.58552	0.02323	0.03452	0.01893	0.07494	0.02561	0.01709	0.02636	0.01451	0.01726	0.01035	0.00763	0.00769	0.00258	0.01178	0.00617	0.00357	0.01172
3	0.02495	0.01429	0.02075	0.25384	0.03269	0.01549	0.01598	0.03020	0.06739	0.30861	0.02480	0.05847	0.01808	0.01054	0.00976	0.00272	0.06461	0.00855	0.00700	0.01130
4	0.77215	0.01569	0.01193	0.01067	0.01569	0.01820	0.00879	0.02385	0.01381	0.03641	0.01130	0.01318	0.00879	0.00753	0.00502	0.00251	0.00628	0.00439	0.00502	0.00879
5	0.03641	0.01381	0.01883	0.01444	0.02071	0.01193	0.01193	0.03954	0.02322	0.66984	0.03201	0.02762	0.02009	0.01004	0.00816	0.00251	0.00690	0.00816	0.01004	0.01381
6	0.01775	0.01775	0.02485	0.02130	0.02130	0.02485	0.01775	0.01953	0.01243	0.01953	0.01065	0.01775	0.01065	0.01420	0.02663	0.00355	0.69998	0.00710	0.00355	0.00888
7	0.00986	0.00715	0.00932	0.01106	0.01171	0.00661	0.00743	0.01133	0.01577	0.02081	0.04763	0.66051	0.10081	0.02504	0.01030	0.00325	0.00466	0.02261	0.00753	0.00661
8	0.02099	0.01783	0.01880	0.01668	0.02141	0.02056	0.01304	0.08827	0.60308	0.03525	0.03200	0.02945	0.02394	0.01091	0.00825	0.00273	0.00661	0.00903	0.00825	0.01292
9	0.02750	0.02036	0.02195	0.01767	0.02349	0.02265	0.01432	0.39609	0.24838	0.08240	0.02491	0.02370	0.01797	0.01020	0.00817	0.00255	0.00794	0.00800	0.00828	0.01347
10	0.06619	0.01615	0.01852	0.01548	0.02087	0.01700	0.01240	0.07142	0.33219	0.29165	0.03079	0.02776	0.02148	0.01037	0.00804	0.00263	0.00674	0.00842	0.00880	0.01307

[dist]
# distance from previous block
# <min> <max>
0	4

[block]
# block no. 1 follows, 23 sequences, length 29
# corresponding to MSA columns:
# 18-46
name=unknown_B
#
# <colnr> <probs for GDERKNQSTAVLIFYWHMCP>
#	G	D	E	R	K	N	Q	S	T	A	V	L	I	F	Y	W	H	M	C	P
0	0.04632	0.01142	0.01457	0.04642	0.01782	0.01101	0.01016	0.04722	0.05590	0.21645	0.30610	0.07456	0.08044	0.01401	0.00884	0.00260	0.00554	0.01200	0.00864	0.00996
1	0.09716	0.19191	0.16467	0.05386	0.02752	0.24225	0.04053	0.05147	0.01946	0.02405	0.01307	0.01546	0.01046	0.00780	0.00684	0.00222	0.01142	0.00545	0.00406	0.01033
2	0.02007	0.21600	0.41457	0.02004	0.02970	0.08072	0.02351	0.02671	0.01783	0.05992	0.01452	0.01644	0.01088	0.00770	0.00705	0.00231	0.01108	0.00562	0.00388	0.01146
3	0.01701	0.01766	0.03444	0.29421	0.04459	0.01851	0.31855	0.02362	0.04620	0.02388	0.01841	0.07159	0.01525	0.00887	0.00899	0.00276	0.01157	0.00959	0.00434	0.00995
4	0.01787	0.01439	0.01693	0.01215	0.01931	0.01088	0.00974	0.02145	0.01717	0.06087	0.01536	0.01740	0.01245	0.00623	0.00612	0.00127	0.00606	0.00499	0.00509	0.72427
5	0.03085	0.02273	0.02435	0.01867	0.02516	0.02516	0.01542	0.63716	0.03815	0.05114	0.01948	0.01948	0.01380	0.00974	0.00812	0.00244	0.00893	0.00731	0.00812	0.01380
6	0.01006	0.00824	0.00887	0.00871	0.01125	0.00705	0.00653	0.01255	0.01960	0.02453	0.22446	0.07379	0.51703	0.01957	0.00959	0.00269	0.00404	0.01652	0.00788	0.00705
7	0.01180	0.00787	0.00885	0.00885	0.00885	0.00787	0.00492	0.01180	0.01180	0.01573	0.02557	0.05310	0.02950	0.71483	0.04130	0.00787	0.00787	0.01180	0.00492	0.00492
8	0.01627	0.04197	0.67279	0.02313	0.03512	0.01884	0.02998	0.02570	0.01713	0.02570	0.01456	0.01713	0.01028	0.00771	0.00771	0.00257	0.01199	0.00600	0.00343	0.01199
9	0.01140	0.00823	0.01077	0.01026	0.01210	0.00760	0.00765	0.01511	0.02259	0.03193	0.62827	0.09402	0.07538	0.01704	0.00961	0.00259	0.00387	0.01511	0.00886	0.00760
10	0.00989	0.00706	0.00942	0.01130	0.01177	0.00659	0.00753	0.01130	0.01554	0.02071	0.04472	0.70954	0.05367	0.02542	0.01036	0.00330	0.00471	0.02307	0.00753	0.00659
11	0.03641	0.01381	0.01883	0.01444	0.02071	0.01193	0.01193	0.03954	0.02322	0.66984	0.03201	0.02762	0.02009	0.01004	0.00816	0.00251	0.00690	0.00816	0.01004	0.01381
12	0.01915	0.02189	0.04788	0.03420	0.04241	0.02052	0.63475	0.02599	0.01915	0.02599	0.01642	0.02189	0.01231	0.00684	0.00958	0.00274	0.01368	0.00958	0.00410	0.01094
13	0.01867	0.34163	0.39412	0.01904	0.02880	0.02471	0.02286	0.02508	0.01685	0.02278	0.01311	0.01531	0.01034	0.00737	0.00660	0.00220	0.01053	0.00526	0.00345	0.01129
14	0.03085	0.02273	0.02435	0.01867	0.02516	0.02516	0.01542	0.63716	0.03815	0.05114	0.01948	0.01948	0.01380	0.00974	0.00812	0.00244	0.00893	0.00731	0.00812	0.01380
15	0.00989	0.00706	0.00942	0.01130	0.01177	0.00659	0.00753	0.01130	0.01554	0.02071	0.04472	0.70954	0.05367	0.02542	0.01036	0.00330	0.00471	0.02307	0.00753	0.00659
16	0.01272	0.00909	0.01267	0.01454	0.01625	0.00903	0.01246	0.01620	0.01833	0.02389	0.04316	0.16040	0.04748	0.02275	0.01111	0.00369	0.00716	0.54424	0.00748	0.00737
17	0.18906	0.12479	0.25847	0.01730	0.02542	0.02069	0.01853	0.10434	0.04732	0.09837	0.01664	0.01765	0.01208	0.00821	0.00688	0.00242	0.00909	0.00594	0.00528	0.01151
18	0.08901	0.01439	0.01861	0.01438	0.02058	0.01304	0.01188	0.06840	0.02330	0.59327	0.02989	0.02617	0.01896	0.00985	0.00793	0.00251	0.00696	0.00785	0.00959	0.01345
19	0.01137	0.00821	0.01074	0.01029	0.01210	0.00758	0.00765	0.01502	0.02243	0.03169	0.61572	0.10725	0.07492	0.01722	0.00963	0.00261	0.00389	0.01528	0.00883	0.00758
20	0.01772	0.01686	0.02866	0.37080	0.36172	0.01866	0.02373	0.02283	0.01736	0.02364	0.01484	0.02085	0.01184	0.00767	0.00807	0.00256	0.01022	0.00722	0.00381	0.01094
21	0.01683	0.01442	0.01683	0.01202	0.01923	0.01082	0.00961	0.02043	0.01683	0.02644	0.01442	0.01683	0.01202	0.00601	0.00601	0.00120	0.00601	0.00481	0.00481	0.76444
22	0.03641	0.01381	0.01883	0.01444	0.02071	0.01193	0.01193	0.03954	0.02322	0.66984	0.03201	0.02762	0.02009	0.01004	0.00816	0.00251	0.00690	0.00816	0.01004	0.01381
23	0.01006	0.00720	0.00957	0.01118	0.01181	0.00671	0.00755	0.01175	0.01636	0.02203	0.11328	0.63722	0.05622	0.02444	0.01027	0.00321	0.00461	0.02213	0.00769	0.00671
24	0.01684	0.01697	0.03206	0.32393	0.14044	0.01807	0.22113	0.02229	0.01746	0.02332	0.01775	0.07943	0.01522	0.00902	0.00877	0.00272	0.01106	0.00932	0.00416	0.01002
25	0.01775	0.01775	0.02485	0.02130	0.02130	0.02485	0.01775	0.01953	0.01243	0.01953	0.01065	0.01775	0.01065	0.01420	0.02663	0.00355	0.69998	0.00710	0.00355	0.00888
26	0.03547	0.01402	0.01880	0.01456	0.02074	0.01240	0.01198	0.03975	0.05929	0.63322	0.03207	0.02777	0.02036	0.01010	0.00817	0.00252	0.00688	0.00822	0.00994	0.01375
27	0.01130	0.00829	0.01059	0.01001	0.01201	0.00758	0.00751	0.01495	0.02253	0.03149	0.60314	0.06233	0.13401	0.01698	0.00957	0.00257	0.00386	0.01492	0.00879	0.00758
28	0.01983	0.01919	0.03328	0.07713	0.60774	0.01928	0.05423	0.02477	0.01841	0.02623	0.01528	0.02024	0.01274	0.00725	0.00811	0.00244	0.00989	0.00734	0.00400	0.01259

[dist]
# distance from previous block
# <min> <max>
0	6

[block]
# block no. 2 follows, 23 sequences, length 51
# corresponding to MSA columns:
# 53-103
name=unknown_C
#
# <colnr> <probs for GDERKNQSTAVLIFYWHMCP>
#	G	D	E	R	K	N	Q	S	T	A	V	L	I	F	Y	W	H	M	C	P
0	0.01109	0.00828	0.01030	0.00979	0.01188	0.00749	0.00735	0.01455	0.02204	0.03033	0.53954	0.06425	0.19834	0.01741	0.00957	0.00259	0.00389	0.01519	0.00864	0.00749
1	0.00989	0.00706	0.00942	0.01130	0.01177	0.00659	0.00753	0.01130	0.01554	0.02071	0.04472	0.70954	0.05367	0.02542	0.01036	0.00330	0.00471	0.02307	0.00753	0.00659
2	0.03641	0.01381	0.01883	0.01444	0.02071	0.01193	0.01193	0.03954	0.02322	0.66984	0.03201	0.02762	0.02009	0.01004	0.00816	0.00251	0.00690	0.00816	0.01004	0.01381
3	0.01709	0.10151	0.56135	0.02174	0.03266	0.02016	0.02710	0.02701	0.06943	0.02578	0.01579	0.01785	0.01149	0.00791	0.00753	0.00251	0.01123	0.00611	0.00383	0.01192
4	0.03041	0.02251	0.02410	0.01858	0.02500	0.02496	0.01532	0.61263	0.06340	0.05043	0.02004	0.01993	0.01425	0.00979	0.00812	0.00245	0.00883	0.00738	0.00812	0.01376
5	0.02986	0.03646	0.02319	0.02073	0.02494	0.59927	0.01574	0.08427	0.02389	0.02255	0.01307	0.01518	0.01075	0.00871	0.00815	0.00218	0.04133	0.00548	0.00450	0.00977
6	0.01683	0.01442	0.01683	0.01202	0.01923	0.01082	0.00961	0.02043	0.01683	0.02644	0.01442	0.01683	0.01202	0.00601	0.00601	0.00120	0.00601	0.00481	0.00481	0.76444
7	0.06153	0.04934	0.02365	0.05207	0.02541	0.02255	0.01485	0.45342	0.03259	0.15245	0.02066	0.02044	0.01436	0.00950	0.00787	0.00244	0.00856	0.00720	0.00789	0.01321
8	0.01578	0.01519	0.02594	0.59626	0.05215	0.01875	0.06260	0.02098	0.01611	0.02098	0.01424	0.02133	0.01090	0.00853	0.00973	0.00278	0.06764	0.00736	0.00363	0.00913
9	0.01169	0.00829	0.01101	0.01101	0.01176	0.00904	0.00761	0.01319	0.01244	0.01733	0.02359	0.04215	0.02474	0.37733	0.37230	0.01054	0.01502	0.01020	0.00462	0.00612
10	0.77215	0.01569	0.01193	0.01067	0.01569	0.01820	0.00879	0.02385	0.01381	0.03641	0.01130	0.01318	0.00879	0.00753	0.00502	0.00251	0.00628	0.00439	0.00502	0.00879
11	0.04825	0.00919	0.01047	0.00971	0.01147	0.00871	0.00651	0.01416	0.01509	0.02164	0.13950	0.04913	0.08667	0.38245	0.05805	0.00569	0.00721	0.01139	0.00580	0.09889
12	0.00987	0.00714	0.00934	0.01109	0.01172	0.00661	0.00744	0.01132	0.01573	0.02079	0.04720	0.66781	0.09379	0.02510	0.01031	0.00326	0.00467	0.02267	0.00753	0.00661
13	0.01409	0.00705	0.01057	0.01057	0.01057	0.00705	0.00705	0.01057	0.01057	0.01409	0.01409	0.02467	0.01409	0.02819	0.03171	0.76392	0.00705	0.00705	0.00352	0.00352
14	0.01657	0.01657	0.03066	0.49108	0.09279	0.01872	0.17233	0.02229	0.01709	0.02240	0.01497	0.02159	0.01132	0.00774	0.00846	0.00269	0.01144	0.00779	0.00375	0.00974
15	0.05612	0.01533	0.02093	0.31377	0.06090	0.04498	0.01703	0.07081	0.01717	0.02369	0.01726	0.02312	0.03731	0.01217	0.01342	0.10229	0.10121	0.00736	0.03644	0.00869
16	0.01180	0.00787	0.00885	0.00885	0.00885	0.00787	0.00492	0.01180	0.01180	0.01573	0.02557	0.05310	0.02950	0.71483	0.04130	0.00787	0.00787	0.01180	0.00492	0.00492
17	0.02213	0.68562	0.04154	0.01424	0.02104	0.06465	0.01397	0.02470	0.01681	0.01913	0.01134	0.01310	0.01042	0.00701	0.00531	0.00175	0.00898	0.00438	0.00351	0.01036
18	0.01627	0.04197	0.67279	0.02313	0.03512	0.01884	0.02998	0.02570	0.01713	0.02570	0.01456	0.01713	0.01028	0.00771	0.00771	0.00257	0.01199	0.00600	0.00343	0.01199
19	0.00986	0.00760	0.00888	0.00986	0.01128	0.00677	0.00682	0.01147	0.01660	0.02097	0.05968	0.40746	0.31061	0.05865	0.01162	0.00329	0.00462	0.01996	0.00740	0.00662
20	0.01189	0.00914	0.01362	0.01345	0.01482	0.01087	0.01052	0.01474	0.01301	0.01887	0.02119	0.03118	0.01981	0.05856	0.65045	0.01257	0.05505	0.00862	0.00431	0.00732
21	0.05265	0.00959	0.01198	0.01206	0.01422	0.00929	0.00876	0.01962	0.07051	0.12804	0.12167	0.42351	0.04672	0.01971	0.00946	0.00299	0.00516	0.01749	0.00806	0.00852
22	0.01160	0.00779	0.00981	0.01060	0.01201	0.00710	0.00745	0.01370	0.01764	0.05407	0.14803	0.43892	0.15216	0.02173	0.00978	0.00298	0.00453	0.01932	0.04359	0.00719
23	0.00989	0.00706	0.00942	0.01130	0.01177	0.00659	0.00753	0.01130	0.01554	0.02071	0.04472	0.70954	0.05367	0.02542	0.01036	0.00330	0.00471	0.02307	0.00753	0.00659
24	0.02169	0.71972	0.04252	0.01388	0.02083	0.03211	0.01388	0.02430	0.01649	0.01909	0.01128	0.01302	0.01041	0.00694	0.00521	0.00174	0.00868	0.00434	0.00347	0.01041
25	0.01066	0.00759	0.00994	0.01092	0.01183	0.00714	0.00757	0.01276	0.01751	0.02388	0.22294	0.43367	0.05789	0.08479	0.01295	0.00351	0.00485	0.04509	0.00770	0.00679
26	0.01013	0.00731	0.00959	0.01098	0.01179	0.00677	0.00749	0.01196	0.01687	0.02267	0.14542	0.57522	0.08617	0.02377	0.01019	0.00315	0.00454	0.02144	0.00776	0.00677
27	0.00989	0.00706	0.00942	0.01130	0.01177	0.00659	0.00753	0.01130	0.01554	0.02071	0.04472	0.70954	0.05367	0.02542	0.01036	0.00330	0.00471	0.02307	0.00753	0.00659
28	0.01915	0.02189	0.04788	0.03420	0.04241	0.02052	0.63475	0.02599	0.01915	0.02599	0.01642	0.02189	0.01231	0.00684	0.00958	0.00274	0.01368	0.00958	0.00410	0.01094
29	0.02377	0.02771	0.02428	0.05684	0.05227	0.34052	0.01730	0.02601	0.01796	0.02005	0.01195	0.01655	0.01066	0.01078	0.01560	0.00276	0.30560	0.00621	0.00388	0.00931
30	0.01775	0.01775	0.02485	0.02130	0.02130	0.02485	0.01775	0.01953	0.01243	0.01953	0.01065	0.01775	0.01065	0.01420	0.02663	0.00355	0.69998	0.00710	0.00355	0.00888
31	0.01180	0.00787	0.00885	0.00885	0.00885	0.00787	0.00492	0.01180	0.01180	0.01573	0.02557	0.05310	0.02950	0.71483	0.04130	0.00787	0.00787	0.01180	0.00492	0.00492
32	0.00989	0.00706	0.00942	0.01130	0.01177	0.00659	0.00753	0.01130	0.01554	0.02071	0.04472	0.70954	0.05367	0.02542	0.01036	0.00330	0.00471	0.02307	0.00753	0.00659
33	0.02860	0.02088	0.02274	0.04973	0.02512	0.02314	0.01483	0.54867	0.03509	0.04769	0.01991	0.02062	0.01433	0.00964	0.00788	0.00240	0.00853	0.00733	0.07993	0.01297
34	0.01729	0.01739	0.02723	0.34664	0.07062	0.04426	0.08211	0.02146	0.01558	0.02109	0.01332	0.02002	0.01099	0.01001	0.01449	0.00296	0.24415	0.00734	0.00368	0.00936
35	0.01791	0.01285	0.01407	0.01282	0.01567	0.01463	0.00996	0.05407	0.25923	0.03079	0.02666	0.02842	0.02079	0.01144	0.00993	0.04141	0.06609	0.00810	0.33542	0.00976
36	0.06793	0.02315	0.02366	0.01838	0.02469	0.05658	0.01510	0.57722	0.03620	0.04889	0.01874	0.01893	0.01339	0.00956	0.00792	0.00242	0.00907	0.00706	0.00777	0.01334
37	0.03604	0.01440	0.01920	0.01472	0.02101	0.01280	0.01216	0.07903	0.02421	0.62895	0.03118	0.02708	0.01967	0.01002	0.00816	0.00251	0.00704	0.00810	0.00992	0.01381
38	0.03085	0.02273	0.02435	0.01867	0.02516	0.02516	0.01542	0.63716	0.03815	0.05114	0.01948	0.01948	0.01380	0.00974	0.00812	0.00244	0.00893	0.00731	0.00812	0.01380
39	0.01180	0.00787	0.00885	0.00885	0.00885	0.00787	0.00492	0.01180	0.01180	0.01573	0.02557	0.05310	0.02950	0.71483	0.04130	0.00787	0.00787	0.01180	0.00492	0.00492
40	0.03085	0.02273	0.02435	0.01867	0.02516	0.02516	0.01542	0.63716	0.03815	0.05114	0.01948	0.01948	0.01380	0.00974	0.00812	0.00244	0.00893	0.00731	0.00812	0.01380
41	0.01627	0.04197	0.67279	0.02313	0.03512	0.01884	0.02998	0.02570	0.01713	0.02570	0.01456	0.01713	0.01028	0.00771	0.00771	0.00257	0.01199	0.00600	0.00343	0.01199
42	0.03031	0.03867	0.02299	0.02090	0.02508	0.68226	0.01568	0.03240	0.02299	0.01986	0.01254	0.01463	0.01045	0.00836	0.00732	0.00209	0.01463	0.00523	0.00418	0.00941
43	0.01180	0.00787	0.00885	0.00885	0.00885	0.00787	0.00492	0.01180	0.01180	0.01573	0.02557	0.05310	0.02950	0.71483	0.04130	0.00787	0.00787	0.01180	0.00492	0.00492
44	0.01159	0.00869	0.01304	0.01304	0.01449	0.01014	0.01014	0.01449	0.01304	0.01884	0.02173	0.03188	0.02029	0.06086	0.68268	0.01304	0.02173	0.00869	0.00435	0.00724
45	0.67325	0.01663	0.01358	0.01174	0.01696	0.01913	0.00967	0.10568	0.01706	0.03837	0.01239	0.01402	0.00946	0.00783	0.00543	0.00250	0.00663	0.00478	0.00543	0.00946
46	0.00989	0.00706	0.00942	0.01130	0.01177	0.00659	0.00753	0.01130	0.01554	0.02071	0.04472	0.70954	0.05367	0.02542	0.01036	0.00330	0.00471	0.02307	0.00753	0.00659
47	0.02008	0.01928	0.03294	0.04981	0.66422	0.01928	0.02490	0.02490	0.01848	0.02651	0.01526	0.02008	0.01285	0.00723	0.00803	0.00241	0.00964	0.00723	0.00402	0.01285
48	0.01532	0.01442	0.02434	0.69533	0.05589	0.01803	0.02253	0.02073	0.01622	0.02073	0.01442	0.02163	0.01082	0.00811	0.00811	0.00270	0.01082	0.00721	0.00361	0.00901
49	0.01260	0.00854	0.01120	0.01040	0.01251	0.00785	0.00785	0.01639	0.02298	0.06100	0.63190	0.05914	0.07404	0.01630	0.00951	0.00255	0.00397	0.01438	0.00898	0.00793
50	0.14943	0.01732	0.01842	0.01481	0.02019	0.01840	0.01200	0.29903	0.05515	0.09522	0.07412	0.05260	0.02107	0.01036	0.00754	0.00238	0.00712	0.00806	0.03954	0.07725

[dist]
# distance from previous block
# <min> <max>
8	13

[block]
# block no. 3 follows, 23 sequences, length 109
# corresponding to MSA columns:
# 122-230
name=unknown_D
#
# <colnr> <probs for GDERKNQSTAVLIFYWHMCP>
#	G	D	E	R	K	N	Q	S	T	A	V	L	I	F	Y	W	H	M	C	P
0	0.10912	0.01475	0.02189	0.48630	0.06970	0.01747	0.01910	0.04644	0.01699	0.02493	0.01492	0.02066	0.01136	0.00804	0.00749	0.00254	0.00952	0.00677	0.04412	0.04791
1	0.04329	0.01679	0.02688	0.31225	0.30331	0.01820	0.02166	0.04799	0.01828	0.05153	0.01559	0.02061	0.01216	0.00775	0.00787	0.00247	0.00968	0.00704	0.00433	0.05231
2	0.02544	0.02072	0.03224	0.02393	0.03054	0.02142	0.24518	0.27097	0.02653	0.10370	0.01874	0.02099	0.01358	0.00890	0.01008	0.00259	0.06653	0.00812	0.00632	0.04347
3	0.01656	0.01606	0.02370	0.20550	0.03021	0.02172	0.01841	0.01943	0.01352	0.01980	0.01264	0.02003	0.01152	0.01653	0.07774	0.00413	0.45283	0.00727	0.00363	0.00877
4	0.01356	0.00743	0.01111	0.04571	0.01306	0.00754	0.00791	0.01119	0.01156	0.01537	0.01843	0.12117	0.01951	0.02677	0.02749	0.61763	0.00691	0.00932	0.00409	0.00424
5	0.01548	0.01400	0.02124	0.52561	0.04536	0.04314	0.01908	0.01998	0.01617	0.02112	0.01691	0.05188	0.01398	0.01205	0.03791	0.03399	0.01046	0.00789	0.06523	0.00851
6	0.03085	0.02273	0.02435	0.01867	0.02516	0.02516	0.01542	0.63716	0.03815	0.05114	0.01948	0.01948	0.01380	0.00974	0.00812	0.00244	0.00893	0.00731	0.00812	0.01380
7	0.00989	0.00706	0.00942	0.01130	0.01177	0.00659	0.00753	0.01130	0.01554	0.02071	0.04472	0.70954	0.05367	0.02542	0.01036	0.00330	0.00471	0.02307	0.00753	0.00659
8	0.00993	0.00719	0.00930	0.01096	0.01159	0.00666	0.00732	0.01135	0.01564	0.02062	0.04705	0.63347	0.10211	0.05101	0.01146	0.00342	0.00478	0.02216	0.00743	0.00655
9	0.00999	0.00710	0.00939	0.01117	0.01161	0.00666	0.00739	0.01132	0.01534	0.02045	0.04371	0.67475	0.05239	0.06196	0.01200	0.00354	0.00488	0.02247	0.00739	0.00650
10	0.00989	0.00706	0.00942	0.01130	0.01177	0.00659	0.00753	0.01130	0.01554	0.02071	0.04472	0.70954	0.05367	0.02542	0.01036	0.00330	0.00471	0.02307	0.00753	0.00659
11	0.02143	0.00965	0.01160	0.01011	0.01340	0.00897	0.00793	0.02501	0.01979	0.23460	0.11307	0.03348	0.02804	0.01060	0.00699	0.00218	0.00478	0.00871	0.42010	0.00957
12	0.00995	0.00711	0.00947	0.01126	0.01178	0.00663	0.00754	0.01146	0.01583	0.02118	0.06918	0.68374	0.05458	0.02507	0.01033	0.00327	0.00467	0.02273	0.00759	0.00663
13	0.01202	0.00817	0.01068	0.01063	0.01235	0.00750	0.00775	0.01507	0.02070	0.05590	0.43686	0.24552	0.08814	0.01898	0.00974	0.00277	0.00422	0.01689	0.00853	0.00758
14	0.01683	0.01442	0.01683	0.01202	0.01923	0.01082	0.00961	0.02043	0.01683	0.02644	0.01442	0.01683	0.01202	0.00601	0.00601	0.00120	0.00601	0.00481	0.00481	0.76444
15	0.01159	0.00869	0.01304	0.01304	0.01449	0.01014	0.01014	0.01449	0.01304	0.01884	0.02173	0.03188	0.02029	0.06086	0.68268	0.01304	0.02173	0.00869	0.00435	0.00724
16	0.00989	0.00706	0.00942	0.01130	0.01177	0.00659	0.00753	0.01130	0.01554	0.02071	0.04472	0.70954	0.05367	0.02542	0.01036	0.00330	0.00471	0.02307	0.00753	0.00659
17	0.01576	0.01510	0.02535	0.59176	0.05140	0.01891	0.04685	0.02081	0.01591	0.02081	0.01407	0.02120	0.01086	0.00875	0.01028	0.00280	0.08938	0.00729	0.00362	0.00908
18	0.03301	0.04475	0.01977	0.01477	0.02078	0.01420	0.01217	0.03950	0.12957	0.53363	0.03129	0.02744	0.02047	0.01007	0.00805	0.00252	0.00690	0.00817	0.00946	0.01350
19	0.02008	0.01928	0.03294	0.04981	0.66422	0.01928	0.02490	0.02490	0.01848	0.02651	0.01526	0.02008	0.01285	0.00723	0.00803	0.00241	0.00964	0.00723	0.00402	0.01285
20	0.01010	0.00722	0.00964	0.01141	0.01201	0.00676	0.00778	0.01172	0.01600	0.02139	0.07182	0.65385	0.05437	0.02490	0.01036	0.00328	0.00479	0.04834	0.00759	0.00668
21	0.01627	0.04197	0.67279	0.02313	0.03512	0.01884	0.02998	0.02570	0.01713	0.02570	0.01456	0.01713	0.01028	0.00771	0.00771	0.00257	0.01199	0.00600	0.00343	0.01199
22	0.02466	0.01530	0.02459	0.07159	0.21968	0.01460	0.06653	0.02888	0.02094	0.27683	0.12416	0.02969	0.02560	0.00984	0.00846	0.00252	0.00806	0.00896	0.00712	0.01199
23	0.01409	0.01146	0.01466	0.08020	0.04520	0.01205	0.01132	0.02223	0.16650	0.02911	0.28480	0.09544	0.10132	0.01549	0.00925	0.00277	0.00573	0.06162	0.00773	0.00905
24	0.00998	0.00710	0.00939	0.01117	0.01162	0.00666	0.00740	0.01132	0.01534	0.02046	0.04374	0.67595	0.05243	0.06069	0.01194	0.00353	0.00487	0.02249	0.00740	0.00651
25	0.08414	0.01363	0.01793	0.01395	0.01991	0.01211	0.01148	0.03717	0.02258	0.59271	0.06498	0.02846	0.02242	0.01023	0.00803	0.00251	0.00669	0.00826	0.00965	0.01314
26	0.01639	0.01576	0.02746	0.54090	0.15541	0.01841	0.06717	0.02180	0.01681	0.02207	0.01471	0.02140	0.01126	0.00787	0.00821	0.00266	0.01083	0.00739	0.00371	0.00979
27	0.01847	0.02072	0.04431	0.03211	0.03944	0.01978	0.56592	0.02473	0.01862	0.02536	0.01805	0.06760	0.01500	0.00840	0.01037	0.00281	0.04308	0.01037	0.00431	0.01056
28	0.01553	0.01464	0.02472	0.66666	0.08291	0.01808	0.02264	0.02092	0.01632	0.02099	0.01446	0.02156	0.01091	0.00807	0.00811	0.00269	0.01076	0.00721	0.00362	0.00918
29	0.01996	0.50229	0.24471	0.01685	0.02541	0.02785	0.01905	0.02475	0.01669	0.02121	0.01233	0.01434	0.01037	0.00719	0.00601	0.00200	0.00974	0.00487	0.00346	0.01092
30	0.01627	0.04197	0.67279	0.02313	0.03512	0.01884	0.02998	0.02570	0.01713	0.02570	0.01456	0.01713	0.01028	0.00771	0.00771	0.00257	0.01199	0.00600	0.00343	0.01199
31	0.01929	0.34649	0.33532	0.01808	0.02715	0.02413	0.02109	0.02515	0.01731	0.04717	0.04050	0.01746	0.01346	0.00782	0.00667	0.00219	0.00996	0.00569	0.00392	0.01117
32	0.02169	0.71972	0.04252	0.01388	0.02083	0.03211	0.01388	0.02430	0.01649	0.01909	0.01128	0.01302	0.01041	0.00694	0.00521	0.00174	0.00868	0.00434	0.00347	0.01041
33	0.01179	0.00791	0.00906	0.00906	0.00913	0.00798	0.00518	0.01193	0.01186	0.01589	0.02538	0.05204	0.02904	0.68216	0.07335	0.00813	0.00856	0.01164	0.00489	0.00503
34	0.03085	0.02273	0.02435	0.01867	0.02516	0.02516	0.01542	0.63716	0.03815	0.05114	0.01948	0.01948	0.01380	0.00974	0.00812	0.00244	0.00893	0.00731	0.00812	0.01380
35	0.00959	0.00822	0.00822	0.00822	0.01096	0.00685	0.00617	0.01165	0.01850	0.02192	0.08220	0.07809	0.66092	0.02055	0.00959	0.00274	0.00411	0.01713	0.00754	0.00685
36	0.01634	0.01640	0.03056	0.52051	0.05232	0.01869	0.18442	0.02212	0.01700	0.02212	0.01495	0.02170	0.01121	0.00778	0.00850	0.00271	0.01157	0.00784	0.00374	0.00952
37	0.00999	0.00714	0.00951	0.01123	0.01179	0.00666	0.00754	0.01157	0.01603	0.02150	0.08578	0.66623	0.05520	0.02483	0.01030	0.00325	0.00465	0.02251	0.00763	0.00666
38	0.02612	0.01487	0.01864	0.04447	0.02201	0.01281	0.01165	0.08036	0.02127	0.29699	0.02219	0.02177	0.01548	0.00810	0.00718	0.00192	0.00685	0.00653	0.00722	0.35358
39	0.01846	0.02047	0.04286	0.14008	0.04346	0.02035	0.50337	0.02480	0.01832	0.02480	0.01579	0.02163	0.01198	0.00744	0.01024	0.00277	0.04959	0.00906	0.00399	0.01052
40	0.02723	0.02093	0.02232	0.01794	0.02379	0.02347	0.01455	0.43570	0.24550	0.04531	0.02407	0.02314	0.01752	0.01017	0.00816	0.00254	0.00808	0.00794	0.00816	0.01348
41	0.01577	0.01258	0.01945	0.41674	0.03881	0.01420	0.01661	0.01954	0.01615	0.06386	0.02195	0.09294	0.04182	0.06735	0.01192	0.03744	0.00892	0.00934	0.00476	0.06984
42	0.02080	0.01523	0.01820	0.07616	0.07443	0.03697	0.01303	0.14458	0.11624	0.09198	0.02683	0.11028	0.02408	0.10714	0.01281	0.00335	0.00773	0.03275	0.05711	0.01033
43	0.06888	0.02155	0.06961	0.10135	0.04173	0.02003	0.50316	0.02529	0.01840	0.02612	0.01579	0.02108	0.01183	0.00706	0.00904	0.00271	0.01281	0.00883	0.00408	0.01064
44	0.01634	0.01546	0.02618	0.55721	0.18605	0.01830	0.02304	0.02162	0.01671	0.02197	0.01460	0.02130	0.01125	0.00792	0.00810	0.00264	0.01056	0.00722	0.00369	0.00984
45	0.01121	0.00801	0.01092	0.01268	0.01377	0.00772	0.00971	0.01364	0.01711	0.02265	0.07184	0.43753	0.05197	0.02384	0.01066	0.00343	0.00575	0.25301	0.00757	0.00698
46	0.01183	0.00862	0.01268	0.01268	0.01415	0.00997	0.00984	0.01478	0.01331	0.01960	0.02205	0.03177	0.02032	0.05743	0.63750	0.01230	0.02054	0.00862	0.05477	0.00727
47	0.05691	0.01468	0.02400	0.63222	0.07787	0.01809	0.02188	0.02107	0.01618	0.02182	0.01428	0.02111	0.01079	0.00805	0.00794	0.00268	0.01052	0.00706	0.00370	0.00915
48	0.03537	0.01358	0.01850	0.01426	0.02036	0.01175	0.01175	0.03854	0.02321	0.64341	0.05805	0.02899	0.02243	0.01031	0.00822	0.00251	0.00678	0.00843	0.01000	0.01355
49	0.05776	0.01120	0.01401	0.01174	0.01512	0.01036	0.00861	0.02628	0.01763	0.34559	0.02818	0.03852	0.02385	0.32916	0.02303	0.00494	0.00731	0.00964	0.00750	0.00956
50	0.01097	0.00788	0.01045	0.01106	0.01238	0.00736	0.00807	0.01380	0.01956	0.02700	0.35562	0.32880	0.06465	0.02070	0.01003	0.00296	0.00450	0.06879	0.00823	0.00720
51	0.03532	0.01357	0.01848	0.01425	0.02034	0.01174	0.01174	0.03848	0.02321	0.64198	0.05946	0.02906	0.02255	0.01033	0.00822	0.00251	0.00677	0.00844	0.00999	0.01354
52	0.03422	0.01381	0.01844	0.01439	0.02036	0.01229	0.01180	0.03871	0.06501	0.59910	0.05997	0.02926	0.02291	0.01040	0.00823	0.00253	0.00674	0.00852	0.00987	0.01347
53	0.01177	0.00854	0.01265	0.01265	0.01392	0.00981	0.00965	0.01408	0.01281	0.01835	0.02143	0.03256	0.02038	0.09445	0.60415	0.06287	0.02000	0.00875	0.00432	0.00687
54	0.01683	0.01442	0.01683	0.01202	0.01923	0.01082	0.00961	0.02043	0.01683	0.02644	0.01442	0.01683	0.01202	0.00601	0.00601	0.00120	0.00601	0.00481	0.00481	0.76444
55	0.01165	0.00847	0.01189	0.01189	0.01294	0.00952	0.00871	0.01375	0.01270	0.01799	0.02279	0.03770	0.02281	0.24021	0.50678	0.01162	0.01793	0.00955	0.00450	0.00661
56	0.01154	0.00824	0.01037	0.00984	0.01183	0.00757	0.00738	0.01519	0.02213	0.03135	0.56129	0.06029	0.12986	0.01650	0.00931	0.00253	0.00385	0.01444	0.05891	0.00757
57	0.06106	0.02033	0.02086	0.04193	0.02321	0.05520	0.01374	0.45010	0.03185	0.04417	0.01976	0.02086	0.01448	0.00946	0.00752	0.00234	0.00830	0.00711	0.13559	0.01211
58	0.02252	0.01694	0.01920	0.01694	0.02142	0.01855	0.01411	0.30709	0.13971	0.03836	0.03039	0.04748	0.02766	0.01455	0.00926	0.00296	0.00796	0.22565	0.00791	0.01134
59	0.09432	0.01393	0.01792	0.01407	0.01997	0.01270	0.01154	0.03746	0.05564	0.55852	0.05613	0.02794	0.02173	0.01016	0.00797	0.00253	0.00670	0.00817	0.00949	0.01310
60	0.01409	0.00705	0.01057	0.01057	0.01057	0.00705	0.00705	0.01057	0.01057	0.01409	0.01409	0.02467	0.01409	0.02819	0.03171	0.76392	0.00705	0.00705	0.00352	0.00352
61	0.01916	0.19348	0.13863	0.14407	0.03661	0.05787	0.22064	0.02466	0.01758	0.02273	0.01407	0.01838	0.01110	0.00762	0.00857	0.00246	0.04117	0.00698	0.00374	0.01047
62	0.30467	0.01525	0.01593	0.01325	0.01834	0.01607	0.01075	0.12647	0.04721	0.21746	0.08561	0.05358	0.02215	0.01041	0.00723	0.00255	0.00658	0.00795	0.00758	0.01098
63	0.01375	0.00705	0.01048	0.01063	0.01067	0.00701	0.00709	0.01063	0.01098	0.01464	0.01660	0.08063	0.01733	0.02796	0.02997	0.70176	0.00686	0.00836	0.00385	0.00377
64	0.01525	0.01085	0.01250	0.01135	0.01452	0.01057	0.00874	0.04434	0.12912	0.08487	0.29533	0.05649	0.24224	0.01605	0.00918	0.00264	0.00481	0.01366	0.00845	0.00905
65	0.01180	0.00787	0.00885	0.00885	0.00885	0.00787	0.00492	0.01180	0.01180	0.01573	0.02557	0.05310	0.02950	0.71483	0.04130	0.00787	0.00787	0.01180	0.00492	0.00492
66	0.01458	0.00757	0.00777	0.00785	0.00949	0.00755	0.00568	0.01789	0.01644	0.02843	0.02716	0.06160	0.02305	0.07885	0.00934	0.00253	0.00422	0.00864	0.65408	0.00726
67	0.01890	0.02115	0.04378	0.03190	0.03865	0.02129	0.52493	0.02484	0.01795	0.02484	0.01539	0.02115	0.01202	0.00815	0.01261	0.00288	0.13583	0.00914	0.00401	0.01058
68	0.01873	0.02122	0.04614	0.03316	0.04102	0.01989	0.60640	0.02533	0.01899	0.02575	0.01770	0.05297	0.01418	0.00768	0.00961	0.00276	0.01327	0.01019	0.00426	0.01075
69	0.01000	0.00714	0.00954	0.01142	0.01194	0.00669	0.00772	0.01149	0.01564	0.02084	0.04466	0.68807	0.05343	0.02532	0.01039	0.00331	0.00480	0.04344	0.00753	0.00662
70	0.01130	0.00743	0.00986	0.01135	0.01209	0.00691	0.00764	0.01273	0.01575	0.05293	0.04324	0.64631	0.05092	0.05527	0.01162	0.00346	0.00496	0.02182	0.00754	0.00688
71	0.01169	0.00830	0.01103	0.01103	0.01178	0.00905	0.00763	0.01320	0.01245	0.01735	0.02357	0.04207	0.02471	0.37480	0.37478	0.01056	0.01508	0.01018	0.00462	0.00613
72	0.01106	0.00828	0.01026	0.00977	0.01186	0.00748	0.00733	0.01450	0.02198	0.03018	0.53184	0.06449	0.20613	0.01747	0.00957	0.00259	0.00389	0.01522	0.00862	0.00748
73	0.01180	0.00787	0.00885	0.00885	0.00885	0.00787	0.00492	0.01180	0.01180	0.01573	0.02557	0.05310	0.02950	0.71483	0.04130	0.00787	0.00787	0.01180	0.00492	0.00492
74	0.77215	0.01569	0.01193	0.01067	0.01569	0.01820	0.00879	0.02385	0.01381	0.03641	0.01130	0.01318	0.00879	0.00753	0.00502	0.00251	0.00628	0.00439	0.00502	0.00879
75	0.01534	0.01214	0.01864	0.21071	0.13564	0.01281	0.01476	0.01939	0.01926	0.05919	0.27566	0.04030	0.03980	0.07821	0.01182	0.00307	0.00733	0.01069	0.00627	0.00898
76	0.02675	0.01736	0.01963	0.01619	0.02158	0.01863	0.01299	0.19263	0.29554	0.20644	0.06137	0.02836	0.02338	0.01071	0.00826	0.00260	0.00706	0.00871	0.00873	0.01308
77	0.05077	0.01538	0.02586	0.41032	0.19694	0.01747	0.05353	0.02124	0.01630	0.02252	0.01456	0.02116	0.01160	0.00963	0.01018	0.07187	0.01013	0.00720	0.00379	0.00954
78	0.02096	0.01807	0.01958	0.04498	0.02270	0.04860	0.01389	0.03880	0.49033	0.06365	0.02872	0.02765	0.02170	0.01110	0.01035	0.00280	0.08791	0.00863	0.00743	0.01213
79	0.01775	0.01775	0.02485	0.02130	0.02130	0.02485	0.01775	0.01953	0.01243	0.01953	0.01065	0.01775	0.01065	0.01420	0.02663	0.00355	0.69998	0.00710	0.00355	0.00888
80	0.03080	0.02410	0.02424	0.01886	0.02516	0.08160	0.01544	0.58522	0.03685	0.04845	0.01889	0.01906	0.01351	0.00962	0.00805	0.00241	0.00942	0.00713	0.00778	0.01342
81	0.01683	0.01442	0.01683	0.01202	0.01923	0.01082	0.00961	0.02043	0.01683	0.02644	0.01442	0.01683	0.01202	0.00601	0.00601	0.00120	0.00601	0.00481	0.00481	0.76444
82	0.01004	0.00713	0.00937	0.01110	0.01153	0.00669	0.00732	0.01134	0.01523	0.02031	0.04317	0.65618	0.05170	0.08146	0.01287	0.00367	0.00496	0.02215	0.00732	0.00645
83	0.01010	0.00722	0.00964	0.01140	0.01200	0.00676	0.00777	0.01173	0.01604	0.02146	0.07539	0.65082	0.05451	0.02485	0.01035	0.00328	0.00478	0.04761	0.00760	0.00668
84	0.01418	0.00754	0.01149	0.05627	0.01359	0.00778	0.00808	0.01125	0.01095	0.01454	0.01412	0.02446	0.01388	0.02685	0.03014	0.71312	0.00730	0.00706	0.00353	0.00389
85	0.01018	0.00725	0.00961	0.01131	0.01188	0.00681	0.00767	0.01173	0.01583	0.02116	0.07021	0.62677	0.05332	0.05425	0.01168	0.00348	0.00493	0.04787	0.00748	0.00660
86	0.03641	0.01381	0.01883	0.01444	0.02071	0.01193	0.01193	0.03954	0.02322	0.66984	0.03201	0.02762	0.02009	0.01004	0.00816	0.00251	0.00690	0.00816	0.01004	0.01381
87	0.43237	0.04098	0.01795	0.21180	0.02878	0.10345	0.01384	0.02405	0.01577	0.02916	0.01237	0.01583	0.00964	0.00779	0.00622	0.00249	0.00875	0.00532	0.00445	0.00899
88	0.01138	0.00829	0.01071	0.01010	0.01206	0.00761	0.00758	0.01512	0.02273	0.03198	0.62932	0.06154	0.10753	0.01680	0.00957	0.00256	0.00384	0.01480	0.00886	0.00761
89	0.01672	0.01585	0.02686	0.50621	0.23411	0.01839	0.02323	0.02195	0.01688	0.02242	0.01467	0.02118	0.01141	0.00785	0.00809	0.00262	0.01047	0.00722	0.00373	0.01014
90	0.00989	0.00706	0.00942	0.01130	0.01177	0.00659	0.00753	0.01130	0.01554	0.02071	0.04472	0.70954	0.05367	0.02542	0.01036	0.00330	0.00471	0.02307	0.00753	0.00659
91	0.03320	0.01797	0.04718	0.01692	0.02298	0.01600	0.01392	0.13952	0.06100	0.41868	0.08820	0.03218	0.02618	0.01223	0.00935	0.00300	0.00802	0.00933	0.00991	0.01425
92	0.01509	0.01400	0.02250	0.46729	0.04310	0.01782	0.01963	0.01947	0.01505	0.02021	0.01504	0.02273	0.01240	0.01810	0.12603	0.00460	0.12707	0.00745	0.00372	0.00869
93	0.00989	0.00706	0.00942	0.01130	0.01177	0.00659	0.00753	0.01130	0.01554	0.02071	0.04472	0.70954	0.05367	0.02542	0.01036	0.00330	0.00471	0.02307	0.00753	0.00659
94	0.02501	0.02359	0.02082	0.01803	0.02297	0.17482	0.01410	0.17865	0.36225	0.03467	0.02513	0.02414	0.01890	0.01010	0.00801	0.00253	0.00891	0.00782	0.00728	0.01227
95	0.09380	0.01429	0.01851	0.04914	0.02214	0.01342	0.01229	0.03760	0.07314	0.53332	0.02951	0.02636	0.01908	0.00982	0.00791	0.00254	0.00701	0.00789	0.00916	0.01308
96	0.01975	0.02005	0.03354	0.08935	0.03343	0.06881	0.27960	0.02417	0.01703	0.05795	0.01532	0.02089	0.01236	0.01218	0.04800	0.00344	0.22176	0.00816	0.00423	0.00999
97	0.02169	0.71972	0.04252	0.01388	0.02083	0.03211	0.01388	0.02430	0.01649	0.01909	0.01128	0.01302	0.01041	0.00694	0.00521	0.00174	0.00868	0.00434	0.00347	0.01041
98	0.00984	0.00807	0.00852	0.00871	0.01100	0.00692	0.00633	0.01180	0.01801	0.02197	0.10360	0.14940	0.52645	0.05890	0.01141	0.00308	0.00437	0.01740	0.00746	0.00675
99	0.01670	0.01574	0.02610	0.47322	0.07453	0.01873	0.07784	0.04827	0.04150	0.02320	0.01654	0.04975	0.01345	0.00929	0.00969	0.00277	0.06072	0.00815	0.00420	0.00961
100	0.02549	0.25136	0.11178	0.01745	0.02417	0.14125	0.01627	0.18830	0.02416	0.07253	0.04307	0.01853	0.01476	0.00865	0.00705	0.00218	0.00990	0.00619	0.00549	0.01144
101	0.01297	0.00884	0.01207	0.01360	0.01531	0.00857	0.01118	0.01597	0.01800	0.04903	0.04496	0.25622	0.07822	0.02264	0.01077	0.00352	0.00653	0.39656	0.00759	0.00745
102	0.01975	0.34687	0.33275	0.01899	0.02829	0.02461	0.04608	0.02570	0.01720	0.05183	0.01394	0.01593	0.01086	0.00743	0.00667	0.00220	0.01033	0.00549	0.00377	0.01132
103	0.01317	0.01019	0.01684	0.04306	0.01915	0.00969	0.10899	0.01580	0.01669	0.05721	0.03820	0.50968	0.04319	0.02078	0.01005	0.00316	0.00662	0.04276	0.00696	0.00782
104	0.02058	0.01961	0.03083	0.07395	0.54868	0.04604	0.02340	0.05817	0.01965	0.02724	0.01653	0.02296	0.01417	0.00810	0.00815	0.00247	0.00976	0.03298	0.00438	0.01236
105	0.02063	0.05473	0.04786	0.01406	0.02065	0.01452	0.01196	0.05022	0.12387	0.11472	0.02113	0.02360	0.01660	0.00835	0.00700	0.00188	0.00678	0.03184	0.00619	0.40340
106	0.09667	0.05806	0.05087	0.07491	0.02569	0.02121	0.01498	0.26575	0.15343	0.12387	0.02203	0.02189	0.01579	0.00945	0.00768	0.00251	0.00818	0.00730	0.00726	0.01246
107	0.17574	0.01969	0.02011	0.06906	0.02436	0.09753	0.04484	0.13314	0.16008	0.07612	0.02027	0.02112	0.01509	0.00894	0.00729	0.00243	0.00841	0.00692	0.03653	0.05235
108	0.05028	0.01493	0.01844	0.04177	0.02180	0.01407	0.03891	0.02886	0.17452	0.12862	0.02608	0.02854	0.04566	0.00952	0.00752	0.00216	0.00679	0.03817	0.00666	0.29671

[dist]
# distance from previous block
# <min> <max>
2	28

[block]
# block no. 4 follows, 23 sequences, length 68
# corresponding to MSA columns:
# 259-326
name=unknown_E
#
# <colnr> <probs for GDERKNQSTAVLIFYWHMCP>
#	G	D	E	R	K	N	Q	S	T	A	V	L	I	F	Y	W	H	M	C	P
0	0.02469	0.01650	0.06647	0.01460	0.02032	0.01421	0.01267	0.12292	0.04728	0.26023	0.05833	0.03408	0.13161	0.01166	0.00898	0.00245	0.03702	0.00929	0.00781	0.09890
1	0.23662	0.18568	0.04978	0.01812	0.09363	0.02212	0.01406	0.14636	0.02035	0.03246	0.01390	0.01579	0.01110	0.00761	0.00625	0.00214	0.00794	0.00540	0.00507	0.10561
2	0.23640	0.01770	0.02534	0.02201	0.07782	0.04615	0.19821	0.07004	0.01865	0.03044	0.01940	0.08814	0.01729	0.00994	0.00777	0.00262	0.00905	0.03152	0.06167	0.00983
3	0.02694	0.02031	0.02323	0.11993	0.02878	0.02270	0.01590	0.49759	0.03316	0.04429	0.02061	0.07143	0.01633	0.01067	0.00828	0.00254	0.00890	0.00847	0.00739	0.01254
4	0.01266	0.00831	0.01017	0.01025	0.01179	0.00764	0.00706	0.01459	0.01674	0.05559	0.14163	0.28435	0.09370	0.17354	0.01634	0.00389	0.00533	0.01582	0.06345	0.04716
5	0.31300	0.01399	0.01354	0.01242	0.01627	0.04034	0.00982	0.06592	0.01860	0.08492	0.09817	0.15201	0.02927	0.01333	0.00762	0.00268	0.00637	0.05728	0.00672	0.03773
6	0.01726	0.02706	0.26719	0.02648	0.03513	0.01802	0.32458	0.02458	0.01854	0.02668	0.06305	0.02360	0.01686	0.00805	0.00861	0.00260	0.01162	0.00851	0.06075	0.01083
7	0.01721	0.01634	0.02774	0.43992	0.29658	0.01852	0.02347	0.02238	0.01712	0.02302	0.01475	0.02102	0.01162	0.00776	0.00808	0.00259	0.01035	0.00722	0.00377	0.01053
8	0.01949	0.01010	0.01332	0.01245	0.01532	0.00933	0.00942	0.02297	0.04830	0.23385	0.15647	0.27711	0.04458	0.04331	0.01058	0.00307	0.00559	0.04679	0.00855	0.00940
9	0.07263	0.01317	0.02314	0.07862	0.04974	0.01363	0.17358	0.01744	0.01394	0.02018	0.01441	0.02233	0.01274	0.01786	0.02071	0.37785	0.03971	0.00753	0.00382	0.00694
10	0.01569	0.01251	0.02090	0.22782	0.07550	0.01425	0.06440	0.01691	0.01377	0.01856	0.01411	0.02246	0.01249	0.01732	0.02042	0.33400	0.08092	0.00732	0.00363	0.00704
11	0.01139	0.00840	0.01070	0.01185	0.01308	0.00819	0.00859	0.01494	0.06266	0.02335	0.11315	0.43026	0.07945	0.05766	0.01178	0.00345	0.00529	0.11097	0.00760	0.00723
12	0.01288	0.00968	0.01202	0.01274	0.01450	0.00986	0.00977	0.01857	0.11734	0.02478	0.11242	0.24064	0.07115	0.09494	0.01349	0.00373	0.00605	0.20014	0.00751	0.00781
13	0.03044	0.02253	0.02412	0.01859	0.02501	0.02497	0.01532	0.61452	0.06145	0.05048	0.02000	0.01989	0.01422	0.00979	0.00812	0.00245	0.00883	0.00738	0.00812	0.01376
14	0.02081	0.01908	0.03270	0.10277	0.03491	0.01972	0.29527	0.05955	0.21829	0.07560	0.02268	0.02480	0.01669	0.00866	0.00882	0.00271	0.01036	0.00897	0.00596	0.01166
15	0.02903	0.01274	0.01687	0.01389	0.01887	0.01158	0.01121	0.03380	0.07451	0.46294	0.10941	0.08562	0.03098	0.01261	0.00864	0.00265	0.00635	0.03667	0.00946	0.01217
16	0.02402	0.01167	0.01523	0.01288	0.01701	0.01076	0.01016	0.02911	0.08035	0.33477	0.25911	0.08907	0.04328	0.01360	0.00884	0.00260	0.00559	0.01168	0.00930	0.01098
17	0.37174	0.01552	0.01978	0.31906	0.06396	0.01826	0.03931	0.02259	0.01530	0.02857	0.01307	0.01760	0.01001	0.00775	0.00671	0.00260	0.00874	0.00598	0.00431	0.00915
18	0.71853	0.01620	0.01282	0.01125	0.01638	0.01871	0.00927	0.06821	0.01557	0.03747	0.01189	0.01364	0.00915	0.00769	0.00525	0.00251	0.00647	0.00460	0.00525	0.00915
19	0.01337	0.00870	0.01130	0.01062	0.01275	0.00800	0.00800	0.01678	0.02177	0.08006	0.50697	0.08347	0.09020	0.05393	0.01125	0.00291	0.00448	0.03888	0.00864	0.00791
20	0.03641	0.01381	0.01883	0.01444	0.02071	0.01193	0.01193	0.03954	0.02322	0.66984	0.03201	0.02762	0.02009	0.01004	0.00816	0.00251	0.00690	0.00816	0.01004	0.01381
21	0.01173	0.00878	0.01096	0.01068	0.01264	0.00836	0.00790	0.01646	0.06832	0.02993	0.46945	0.15948	0.11884	0.01786	0.00959	0.00270	0.00418	0.01576	0.00855	0.00781
22	0.03069	0.02175	0.02365	0.01810	0.02461	0.02363	0.01494	0.56938	0.03622	0.09491	0.02019	0.01996	0.01418	0.00961	0.00804	0.00239	0.00867	0.00727	0.00812	0.04368
23	0.00992	0.00725	0.00933	0.01087	0.01168	0.00667	0.00737	0.01151	0.01621	0.02135	0.07463	0.60517	0.12932	0.02446	0.01023	0.00320	0.00460	0.02199	0.00759	0.00667
24	0.03085	0.02273	0.02435	0.01867	0.02516	0.02516	0.01542	0.63716	0.03815	0.05114	0.01948	0.01948	0.01380	0.00974	0.00812	0.00244	0.00893	0.00731	0.00812	0.01380
25	0.02144	0.01806	0.01906	0.01677	0.02158	0.02077	0.01315	0.11331	0.57732	0.03598	0.03143	0.02900	0.02347	0.01086	0.00824	0.00271	0.00672	0.00895	0.00824	0.01296
26	0.06644	0.02098	0.02224	0.01741	0.02325	0.02325	0.01416	0.52768	0.06746	0.04683	0.02024	0.02225	0.01530	0.06245	0.01045	0.00286	0.00858	0.00759	0.00773	0.01283
27	0.00989	0.00706	0.00942	0.01130	0.01177	0.00659	0.00753	0.01130	0.01554	0.02071	0.04472	0.70954	0.05367	0.02542	0.01036	0.00330	0.00471	0.02307	0.00753	0.00659
28	0.03085	0.02273	0.02435	0.01867	0.02516	0.02516	0.01542	0.63716	0.03815	0.05114	0.01948	0.01948	0.01380	0.00974	0.00812	0.00244	0.00893	0.00731	0.00812	0.01380
29	0.01068	0.00774	0.01022	0.01164	0.01272	0.00727	0.00851	0.01289	0.01730	0.02301	0.12673	0.46367	0.09760	0.02336	0.01036	0.00324	0.00508	0.13335	0.00770	0.00691
30	0.77215	0.01569	0.01193	0.01067	0.01569	0.01820	0.00879	0.02385	0.01381	0.03641	0.01130	0.01318	0.00879	0.00753	0.00502	0.00251	0.00628	0.00439	0.00502	0.00879
31	0.01148	0.00829	0.01085	0.01021	0.01212	0.00766	0.00766	0.01531	0.02297	0.03254	0.65994	0.06061	0.07656	0.01659	0.00957	0.00255	0.00383	0.01467	0.00893	0.00766
32	0.01180	0.00787	0.00885	0.00885	0.00885	0.00787	0.00492	0.01180	0.01180	0.01573	0.02557	0.05310	0.02950	0.71483	0.04130	0.00787	0.00787	0.01180	0.00492	0.00492
33	0.01180	0.00787	0.00885	0.00885	0.00885	0.00787	0.00492	0.01180	0.01180	0.01573	0.02557	0.05310	0.02950	0.71483	0.04130	0.00787	0.00787	0.01180	0.00492	0.00492
34	0.00989	0.00706	0.00942	0.01130	0.01177	0.00659	0.00753	0.01130	0.01554	0.02071	0.04472	0.70954	0.05367	0.02542	0.01036	0.00330	0.00471	0.02307	0.00753	0.00659
35	0.01915	0.02189	0.04788	0.03420	0.04241	0.02052	0.63475	0.02599	0.01915	0.02599	0.01642	0.02189	0.01231	0.00684	0.00958	0.00274	0.01368	0.00958	0.00410	0.01094
36	0.01180	0.00787	0.00885	0.00885	0.00885	0.00787	0.00492	0.01180	0.01180	0.01573	0.02557	0.05310	0.02950	0.71483	0.04130	0.00787	0.00787	0.01180	0.00492	0.00492
