[name]
unknown

[dist]
# distance from previous block
# <min> <max>
0	32

[block]
# block no. 0 follows, 23 sequences, length 93
# corresponding to MSA columns:
# 32-124
name=unknown_A
#
# <colnr> <probs for GDERKNQSTAVLIFYWHMCP>
#	G	D	E	R	K	N	Q	S	T	A	V	L	I	F	Y	W	H	M	C	P
0	0.02919	0.02148	0.02330	0.01832	0.02439	0.02369	0.01520	0.57941	0.03634	0.04864	0.02167	0.02619	0.01686	0.01092	0.00840	0.00256	0.00879	0.06338	0.00806	0.01321
1	0.01778	0.01731	0.03135	0.38925	0.04680	0.01902	0.21977	0.07943	0.01919	0.02527	0.01681	0.05037	0.01338	0.00858	0.00868	0.00271	0.01131	0.00865	0.00435	0.00998
2	0.08328	0.04043	0.01591	0.01353	0.01649	0.01117	0.07476	0.01690	0.04352	0.02510	0.11465	0.32304	0.11592	0.01774	0.00906	0.00281	0.00593	0.01585	0.00682	0.04708
3	0.01493	0.00773	0.00808	0.00825	0.01014	0.00773	0.00636	0.01871	0.01717	0.02970	0.02801	0.03596	0.02321	0.01066	0.00619	0.00206	0.00413	0.06361	0.68983	0.00755
4	0.02944	0.08734	0.02573	0.01811	0.02455	0.02555	0.01515	0.54934	0.06779	0.04726	0.01942	0.01944	0.01405	0.00955	0.00785	0.00239	0.00878	0.00713	0.00769	0.01343
5	0.01124	0.00828	0.01051	0.00995	0.01197	0.00755	0.00746	0.01484	0.02239	0.03117	0.58550	0.06286	0.15185	0.01710	0.00957	0.00258	0.00386	0.01499	0.00875	0.00755
6	0.01409	0.00705	0.01057	0.01057	0.01057	0.00705	0.00705	0.01057	0.01057	0.01409	0.01409	0.02467	0.01409	0.02819	0.03171	0.76392	0.00705	0.00705	0.00352	0.00352
7	0.01041	0.00746	0.00988	0.01094	0.01188	0.00694	0.00757	0.01261	0.01796	0.02458	0.24573	0.49751	0.06115	0.02254	0.01010	0.00305	0.00442	0.02033	0.00799	0.00694
8	0.77215	0.01569	0.01193	0.01067	0.01569	0.01820	0.00879	0.02385	0.01381	0.03641	0.01130	0.01318	0.00879	0.00753	0.00502	0.00251	0.00628	0.00439	0.00502	0.00879
9	0.03122	0.02101	0.02315	0.01787	0.02423	0.02275	0.01472	0.50989	0.06633	0.15124	0.02220	0.02135	0.01537	0.00985	0.00813	0.00246	0.00847	0.00754	0.00844	0.01375
10	0.01627	0.04197	0.67279	0.02313	0.03512	0.01884	0.02998	0.02570	0.01713	0.02570	0.01456	0.01713	0.01028	0.00771	0.00771	0.00257	0.01199	0.00600	0.00343	0.01199
11	0.02018	0.01743	0.01835	0.01651	0.02110	0.02018	0.01284	0.04312	0.64956	0.03394	0.03303	0.03027	0.02477	0.01101	0.00826	0.00275	0.00642	0.00917	0.00826	0.01284
12	0.77215	0.01569	0.01193	0.01067	0.01569	0.01820	0.00879	0.02385	0.01381	0.03641	0.01130	0.01318	0.00879	0.00753	0.00502	0.00251	0.00628	0.00439	0.00502	0.00879
13	0.00962	0.00811	0.00833	0.00851	0.01104	0.00683	0.00629	0.01161	0.01822	0.02181	0.07871	0.13688	0.60439	0.02100	0.00966	0.00279	0.00417	0.01768	0.00753	0.00683
14	0.00989	0.00706	0.00942	0.01130	0.01177	0.00659	0.00753	0.01130	0.01554	0.02071	0.04472	0.70954	0.05367	0.02542	0.01036	0.00330	0.00471	0.02307	0.00753	0.00659
15	0.02008	0.01928	0.03294	0.04981	0.66422	0.01928	0.02490	0.02490	0.01848	0.02651	0.01526	0.02008	0.01285	0.00723	0.00803	0.00241	0.00964	0.00723	0.00402	0.01285
16	0.77215	0.01569	0.01193	0.01067	0.01569	0.01820	0.00879	0.02385	0.01381	0.03641	0.01130	0.01318	0.00879	0.00753	0.00502	0.00251	0.00628	0.00439	0.00502	0.00879
17	0.01133	0.00829	0.01063	0.01005	0.01203	0.00759	0.00754	0.01502	0.02261	0.03168	0.61341	0.06202	0.12362	0.01691	0.00957	0.00257	0.00385	0.01487	0.00882	0.00759
18	0.06146	0.02136	0.02264	0.01755	0.02366	0.02363	0.01446	0.56759	0.03563	0.04904	0.01962	0.01997	0.01408	0.00963	0.00781	0.00240	0.00845	0.00720	0.06067	0.01315
19	0.01032	0.00740	0.00981	0.01100	0.01187	0.00688	0.00757	0.01240	0.01757	0.02395	0.21286	0.53219	0.05992	0.02301	0.01014	0.00309	0.00447	0.02077	0.00791	0.00688
20	0.02892	0.07139	0.02481	0.04873	0.05208	0.02293	0.01534	0.41127	0.08253	0.12787	0.02126	0.02110	0.01512	0.00950	0.00792	0.00243	0.00855	0.00735	0.00768	0.01323
21	0.01735	0.01656	0.02769	0.39214	0.28739	0.01906	0.02306	0.02224	0.01678	0.02286	0.01444	0.02072	0.01159	0.00827	0.00958	0.00266	0.06615	0.00721	0.00376	0.01048
22	0.01991	0.01910	0.03262	0.07317	0.64219	0.01923	0.02482	0.02475	0.01839	0.02630	0.01523	0.02014	0.01278	0.00726	0.00804	0.00242	0.00968	0.00723	0.00400	0.01271
23	0.01877	0.02114	0.04551	0.10082	0.04377	0.02027	0.57305	0.02546	0.01886	0.02546	0.01621	0.02186	0.01216	0.00697	0.00943	0.00273	0.01339	0.00934	0.00405	0.01075
24	0.03370	0.01364	0.01824	0.01426	0.02013	0.01212	0.01168	0.03806	0.06025	0.58756	0.07608	0.03009	0.02432	0.01056	0.00826	0.00253	0.00666	0.00868	0.00986	0.01332
25	0.01176	0.00796	0.00933	0.00927	0.00955	0.00801	0.00554	0.01232	0.01293	0.01752	0.08436	0.05231	0.03324	0.60399	0.08330	0.00773	0.00846	0.01185	0.00525	0.00533
26	0.03031	0.03867	0.02299	0.02090	0.02508	0.68226	0.01568	0.03240	0.02299	0.01986	0.01254	0.01463	0.01045	0.00836	0.00732	0.00209	0.01463	0.00523	0.00418	0.00941
27	0.01180	0.00787	0.00885	0.00885	0.00885	0.00787	0.00492	0.01180	0.01180	0.01573	0.02557	0.05310	0.02950	0.71483	0.04130	0.00787	0.00787	0.01180	0.00492	0.00492
28	0.08674	0.00941	0.00918	0.00865	0.01117	0.00982	0.00667	0.06401	0.01824	0.03233	0.02455	0.02788	0.01917	0.00930	0.00579	0.00199	0.00439	0.00725	0.63532	0.00813
29	0.02418	0.13327	0.25618	0.02051	0.02806	0.29531	0.02047	0.08520	0.02142	0.02473	0.01373	0.01574	0.01070	0.00806	0.00724	0.00224	0.01234	0.00557	0.00418	0.01087
30	0.01878	0.01463	0.01686	0.01597	0.01959	0.01607	0.01313	0.13543	0.25460	0.03228	0.03458	0.05497	0.03224	0.03928	0.01059	0.00328	0.00735	0.26207	0.00779	0.01048
31	0.02631	0.02126	0.02432	0.17544	0.03199	0.05640	0.01724	0.42104	0.03052	0.04033	0.01735	0.01961	0.01272	0.00961	0.00937	0.00256	0.05808	0.00717	0.00656	0.01213
32	0.02012	0.01635	0.02396	0.08202	0.02586	0.01865	0.12014	0.12771	0.04326	0.05280	0.01898	0.02300	0.01484	0.01018	0.01233	0.00267	0.17877	0.00780	0.19047	0.01009
33	0.01007	0.00728	0.00956	0.01123	0.01195	0.00677	0.00769	0.01172	0.01615	0.02143	0.07247	0.61874	0.09024	0.02464	0.01032	0.00325	0.00475	0.04746	0.00759	0.00669
34	0.03000	0.02344	0.02380	0.01866	0.02485	0.07084	0.01525	0.54973	0.08345	0.04764	0.02002	0.01996	0.01440	0.00974	0.00807	0.00244	0.00914	0.00730	0.00785	0.01342
35	0.01532	0.01442	0.02434	0.69533	0.05589	0.01803	0.02253	0.02073	0.01622	0.02073	0.01442	0.02163	0.01082	0.00811	0.00811	0.00270	0.01082	0.00721	0.00361	0.00901
36	0.02220	0.52646	0.12559	0.01623	0.02386	0.02784	0.04802	0.02599	0.01734	0.08092	0.01392	0.01539	0.01139	0.00733	0.00605	0.00197	0.00922	0.00519	0.00411	0.01097
37	0.01879	0.02284	0.08912	0.03199	0.03956	0.02088	0.52392	0.02525	0.01826	0.02525	0.01565	0.02110	0.01199	0.00772	0.01134	0.00281	0.08969	0.00905	0.00400	0.01079
38	0.06099	0.04042	0.63370	0.02239	0.03397	0.01881	0.02873	0.02559	0.01693	0.02633	0.01437	0.01690	0.01019	0.00770	0.00755	0.00257	0.01165	0.00590	0.00352	0.01180
39	0.01093	0.00827	0.01008	0.00963	0.01178	0.00742	0.00722	0.01425	0.02167	0.02945	0.49202	0.06569	0.24640	0.01774	0.00958	0.00261	0.00391	0.01539	0.00853	0.00742
40	0.01523	0.01130	0.01670	0.38222	0.03475	0.01326	0.01486	0.01990	0.01659	0.02507	0.01991	0.02556	0.01536	0.00872	0.00700	0.00233	0.00761	0.00737	0.34790	0.00835
41	0.02664	0.01281	0.01646	0.01356	0.01831	0.01203	0.01085	0.03316	0.12380	0.38454	0.21259	0.03752	0.03707	0.01208	0.00858	0.00256	0.00594	0.01019	0.00944	0.01189
42	0.01014	0.00734	0.00965	0.01140	0.01215	0.00685	0.00792	0.01180	0.01602	0.02111	0.04720	0.61158	0.09562	0.02482	0.01038	0.00329	0.00491	0.07362	0.00753	0.00669
43	0.10237	0.01187	0.01245	0.01094	0.01454	0.01240	0.00863	0.08272	0.09020	0.12669	0.02572	0.02702	0.01918	0.00953	0.00648	0.00220	0.00528	0.00746	0.41454	0.00978
44	0.01409	0.00705	0.01057	0.01057	0.01057	0.00705	0.00705	0.01057	0.01057	0.01409	0.01409	0.02467	0.01409	0.02819	0.03171	0.76392	0.00705	0.00705	0.00352	0.00352
45	0.55642	0.01530	0.01364	0.01198	0.01702	0.01704	0.00983	0.02779	0.07466	0.13390	0.01785	0.02028	0.01361	0.00887	0.00607	0.00258	0.00644	0.03064	0.00620	0.00989
46	0.09156	0.65417	0.03967	0.01358	0.02035	0.03081	0.01341	0.02426	0.01624	0.02070	0.01128	0.01303	0.01026	0.00700	0.00519	0.00181	0.00845	0.00434	0.00362	0.01026
47	0.01957	0.01823	0.10396	0.10675	0.02713	0.01373	0.03499	0.04763	0.01878	0.11229	0.04219	0.02092	0.01530	0.00763	0.00714	0.00191	0.00783	0.00637	0.00543	0.38224
48	0.09567	0.01826	0.02596	0.02023	0.02566	0.05682	0.16051	0.05624	0.07100	0.23908	0.02189	0.02308	0.01566	0.01173	0.04003	0.00314	0.08904	0.00792	0.00660	0.01147
49	0.01652	0.04023	0.61872	0.02409	0.03575	0.01899	0.08231	0.02572	0.01731	0.02572	0.01472	0.01754	0.01045	0.00763	0.00787	0.00258	0.01214	0.00631	0.00348	0.01190
50	0.02816	0.02031	0.02203	0.01763	0.02353	0.02243	0.01432	0.40297	0.22053	0.10357	0.02472	0.02348	0.01768	0.01015	0.00816	0.00254	0.00799	0.00795	0.00834	0.01351
51	0.01627	0.04197	0.67279	0.02313	0.03512	0.01884	0.02998	0.02570	0.01713	0.02570	0.01456	0.01713	0.01028	0.00771	0.00771	0.00257	0.01199	0.00600	0.00343	0.01199
52	0.01075	0.00773	0.01019	0.01071	0.01196	0.00717	0.00760	0.01348	0.01957	0.02714	0.37883	0.35712	0.06610	0.02062	0.00993	0.00289	0.00423	0.01851	0.00829	0.00717
53	0.00989	0.00706	0.00942	0.01130	0.01177	0.00659	0.00753	0.01130	0.01554	0.02071	0.04472	0.70954	0.05367	0.02542	0.01036	0.00330	0.00471	0.02307	0.00753	0.00659
54	0.01116	0.00803	0.01061	0.01084	0.01235	0.00748	0.00800	0.01431	0.02062	0.02870	0.44722	0.24154	0.06816	0.01943	0.00990	0.00284	0.00433	0.05868	0.00844	0.00735
55	0.73405	0.01559	0.01228	0.01087	0.01595	0.01788	0.00895	0.02466	0.01430	0.06920	0.01237	0.01393	0.00937	0.00766	0.00518	0.00251	0.00631	0.00459	0.00528	0.00905
56	0.02380	0.01581	0.01700	0.01396	0.01845	0.01697	0.01121	0.32530	0.05613	0.07316	0.02632	0.05274	0.04186	0.01071	0.00744	0.00231	0.00665	0.00848	0.26055	0.01113
57	0.01763	0.01013	0.01315	0.01156	0.01457	0.00939	0.00894	0.05140	0.02351	0.16694	0.47331	0.07547	0.06071	0.01519	0.00923	0.00256	0.00476	0.01325	0.00907	0.00922
58	0.02562	0.40967	0.03363	0.01708	0.02276	0.32809	0.01470	0.02799	0.01945	0.01944	0.01186	0.01375	0.01043	0.00759	0.00617	0.00190	0.01139	0.00474	0.00379	0.00995
59	0.72070	0.01556	0.01241	0.01093	0.01604	0.01776	0.00901	0.02495	0.01447	0.08070	0.01275	0.01419	0.00958	0.00771	0.00524	0.00251	0.00632	0.00466	0.00537	0.00914
60	0.01951	0.01940	0.07660	0.06430	0.02406	0.04614	0.01468	0.08680	0.38457	0.03189	0.05544	0.09143	0.02582	0.01187	0.00840	0.00272	0.00752	0.00995	0.00728	0.01164
61	0.01140	0.00823	0.01077	0.01026	0.01210	0.00760	0.00765	0.01511	0.02260	0.03195	0.62913	0.09311	0.07542	0.01703	0.00961	0.00259	0.00387	0.01509	0.00886	0.00760
62	0.01894	0.01811	0.03087	0.20515	0.51782	0.01898	0.02433	0.02390	0.01793	0.02512	0.01506	0.02046	0.01236	0.00744	0.00805	0.00248	0.00992	0.00723	0.00392	0.01193
63	0.02018	0.01743	0.01835	0.01651	0.02110	0.02018	0.01284	0.04312	0.64956	0.03394	0.03303	0.03027	0.02477	0.01101	0.00826	0.00275	0.00642	0.00917	0.00826	0.01284
64	0.01180	0.00787	0.00885	0.00885	0.00885	0.00787	0.00492	0.01180	0.01180	0.01573	0.02557	0.05310	0.02950	0.71483	0.04130	0.00787	0.00787	0.01180	0.00492	0.00492
65	0.03023	0.02214	0.02370	0.01824	0.02455	0.02448	0.01504	0.61315	0.03733	0.05033	0.01975	0.01990	0.01407	0.00973	0.00802	0.00241	0.00873	0.00732	0.03731	0.01356
66	0.01928	0.01486	0.01615	0.01447	0.01870	0.01624	0.01126	0.03544	0.43823	0.09110	0.09276	0.04020	0.13054	0.01291	0.00857	0.00271	0.00588	0.01081	0.00836	0.01154
67	0.01675	0.10087	0.61802	0.02232	0.03388	0.02000	0.02858	0.02558	0.01708	0.02512	0.01428	0.01677	0.01029	0.00764	0.00749	0.00250	0.01170	0.00585	0.00343	0.01185
68	0.02008	0.01928	0.03294	0.04981	0.66422	0.01928	0.02490	0.02490	0.01848	0.02651	0.01526	0.02008	0.01285	0.00723	0.00803	0.00241	0.00964	0.00723	0.00402	0.01285
69	0.77215	0.01569	0.01193	0.01067	0.01569	0.01820	0.00879	0.02385	0.01381	0.03641	0.01130	0.01318	0.00879	0.00753	0.00502	0.00251	0.00628	0.00439	0.00502	0.00879
70	0.01857	0.01132	0.03977	0.01131	0.01526	0.00907	0.00930	0.02158	0.02062	0.22518	0.17302	0.08814	0.29211	0.01624	0.00910	0.00265	0.00528	0.01370	0.00841	0.00937
71	0.01180	0.00787	0.00885	0.00885	0.00885	0.00787	0.00492	0.01180	0.01180	0.01573	0.02557	0.05310	0.02950	0.71483	0.04130	0.00787	0.00787	0.01180	0.00492	0.00492
72	0.01917	0.01655	0.01738	0.01572	0.02013	0.01891	0.01221	0.04012	0.58938	0.03280	0.03771	0.03483	0.08543	0.01192	0.00838	0.00275	0.00620	0.00993	0.00819	0.01227
73	0.02019	0.13907	0.46136	0.02058	0.03080	0.02081	0.02465	0.08362	0.01952	0.08305	0.01605	0.01765	0.01148	0.00799	0.00741	0.00243	0.01077	0.00606	0.00444	0.01208
74	0.02510	0.01818	0.01994	0.01654	0.02178	0.02003	0.01324	0.25264	0.31066	0.11085	0.07882	0.02858	0.02452	0.01090	0.00830	0.00260	0.00716	0.00884	0.00846	0.01287
75	0.01553	0.01464	0.02472	0.66686	0.08272	0.01808	0.02264	0.02092	0.01632	0.02099	0.01446	0.02156	0.01091	0.00807	0.00811	0.00269	0.01076	0.00721	0.00362	0.00918
76	0.01843	0.02147	0.15424	0.27633	0.03906	0.01848	0.09219	0.13497	0.02106	0.02881	0.04416	0.04915	0.01625	0.00927	0.00825	0.00261	0.01022	0.00821	0.03635	0.01050
77	0.01513	0.00756	0.00756	0.00756	0.00945	0.00756	0.00567	0.01891	0.01702	0.03025	0.02647	0.03025	0.02080	0.00945	0.00567	0.00189	0.00378	0.00756	0.75988	0.00756
78	0.72019	0.01619	0.01280	0.01123	0.01636	0.01869	0.00925	0.06684	0.01552	0.03744	0.01187	0.01362	0.00914	0.00769	0.00524	0.00251	0.00646	0.00460	0.00524	0.00914
79	0.02060	0.54940	0.14360	0.01717	0.02503	0.02896	0.07173	0.02467	0.01683	0.02076	0.01226	0.01446	0.01056	0.00706	0.00600	0.00196	0.00965	0.00507	0.00352	0.01071
80	0.01757	0.01438	0.01659	0.01285	0.01839	0.01273	0.01011	0.10954	0.01953	0.02840	0.02325	0.07289	0.06846	0.05136	0.00987	0.00215	0.03541	0.00796	0.00566	0.46290
81	0.02515	0.08237	0.07839	0.01898	0.02502	0.02028	0.08422	0.14579	0.13530	0.17951	0.04087	0.02381	0.01796	0.00991	0.00979	0.00260	0.07296	0.00791	0.00694	0.01223
82	0.01797	0.11533	0.36887	0.02608	0.03609	0.02104	0.24954	0.02564	0.01779	0.02502	0.01485	0.01838	0.01104	0.00730	0.00809	0.00253	0.01222	0.00711	0.00368	0.01142
83	0.77215	0.01569	0.01193	0.01067	0.01569	0.01820	0.00879	0.02385	0.01381	0.03641	0.01130	0.01318	0.00879	0.00753	0.00502	0.00251	0.00628	0.00439	0.00502	0.00879
84	0.01628	0.01198	0.01810	0.16854	0.13630	0.01269	0.04998	0.02078	0.01722	0.02724	0.02125	0.02607	0.01670	0.00861	0.00686	0.00221	0.00695	0.00755	0.41569	0.00901
85	0.01180	0.00787	0.00885	0.00885	0.00885	0.00787	0.00492	0.01180	0.01180	0.01573	0.02557	0.05310	0.02950	0.71483	0.04130	0.00787	0.00787	0.01180	0.00492	0.00492
86	0.02296	0.01791	0.01933	0.01644	0.02138	0.02008	0.01304	0.20553	0.39686	0.06313	0.08781	0.03001	0.02638	0.01114	0.00834	0.00264	0.00690	0.00913	0.00835	0.01266
87	0.77215	0.01569	0.01193	0.01067	0.01569	0.01820	0.00879	0.02385	0.01381	0.03641	0.01130	0.01318	0.00879	0.00753	0.00502	0.00251	0.00628	0.00439	0.00502	0.00879
88	0.01002	0.00730	0.00948	0.01118	0.01195	0.00676	0.00768	0.01162	0.01600	0.02102	0.04841	0.61391	0.11450	0.02477	0.01032	0.00326	0.00479	0.05284	0.00753	0.00666
89	0.03303	0.01444	0.04729	0.01453	0.02053	0.01174	0.01233	0.03629	0.02224	0.58051	0.03241	0.09063	0.02277	0.01137	0.00834	0.00259	0.00693	0.00945	0.00951	0.01306
90	0.02247	0.01146	0.01490	0.01245	0.01637	0.01057	0.00986	0.06994	0.02417	0.27862	0.37213	0.04494	0.05030	0.01358	0.00892	0.00253	0.00538	0.01164	0.00930	0.01047
91	0.01528	0.01162	0.01383	0.04388	0.01759	0.01240	0.01032	0.02496	0.24856	0.05858	0.06397	0.34418	0.06568	0.01805	0.00931	0.00298	0.00566	0.01595	0.00780	0.00940
92	0.20509	0.33330	0.02892	0.06367	0.02280	0.07504	0.01331	0.08620	0.01852	0.02715	0.01262	0.01469	0.01049	0.00751	0.00587	0.00206	0.00857	0.00496	0.00446	0.05478

[dist]
# distance from previous block
# <min> <max>
0	3

[block]
# block no. 1 follows, 23 sequences, length 19
# corresponding to MSA columns:
# 128-146
name=unknown_B
#
# <colnr> <probs for GDERKNQSTAVLIFYWHMCP>
#	G	D	E	R	K	N	Q	S	T	A	V	L	I	F	Y	W	H	M	C	P
0	0.08803	0.02032	0.02249	0.07749	0.02645	0.02218	0.01490	0.45454	0.03184	0.07911	0.01868	0.01941	0.01334	0.00916	0.00771	0.00238	0.00856	0.00692	0.00733	0.06918
1	0.03215	0.01687	0.02027	0.01595	0.02200	0.01695	0.01304	0.20420	0.13261	0.39310	0.02874	0.02583	0.01915	0.01012	0.00816	0.00253	0.00738	0.00810	0.00921	0.01364
2	0.01075	0.00819	0.01184	0.01253	0.01376	0.00765	0.04200	0.01288	0.01684	0.02252	0.10937	0.53767	0.07979	0.02308	0.01025	0.00319	0.00525	0.05797	0.00749	0.00701
3	0.01249	0.00852	0.01036	0.01000	0.01232	0.00756	0.00745	0.01534	0.02047	0.07506	0.33379	0.15170	0.26755	0.01864	0.00958	0.00271	0.00427	0.01615	0.00835	0.00770
4	0.02095	0.01781	0.01878	0.01667	0.02139	0.02054	0.01303	0.08606	0.60536	0.03519	0.03205	0.02949	0.02398	0.01092	0.00825	0.00273	0.00660	0.00904	0.00825	0.01291
5	0.01659	0.00898	0.00913	0.00860	0.01092	0.00920	0.00658	0.07656	0.01899	0.03220	0.02582	0.02925	0.02015	0.00948	0.00590	0.00194	0.00426	0.00754	0.68977	0.00814
6	0.04747	0.01148	0.01394	0.01224	0.01562	0.01136	0.00953	0.04861	0.11547	0.14677	0.40572	0.04682	0.05380	0.01398	0.00889	0.00257	0.00505	0.01202	0.00885	0.00980
7	0.01659	0.08169	0.63586	0.02259	0.03428	0.01962	0.02904	0.02562	0.01709	0.02531	0.01437	0.01689	0.01029	0.00766	0.00756	0.00252	0.01180	0.00590	0.00343	0.01190
8	0.02735	0.01956	0.02192	0.01901	0.07021	0.02129	0.01437	0.45178	0.05365	0.06648	0.02117	0.02189	0.01544	0.00956	0.00773	0.00236	0.00800	0.00743	0.12811	0.01270
9	0.77215	0.01569	0.01193	0.01067	0.01569	0.01820	0.00879	0.02385	0.01381	0.03641	0.01130	0.01318	0.00879	0.00753	0.00502	0.00251	0.00628	0.00439	0.00502	0.00879
10	0.01677	0.01206	0.01637	0.01915	0.12557	0.01215	0.01205	0.02345	0.14420	0.09786	0.08492	0.32870	0.03902	0.01703	0.00923	0.00289	0.00606	0.01526	0.00747	0.00980
11	0.01069	0.00768	0.01013	0.01075	0.01195	0.00712	0.00759	0.01331	0.01926	0.02664	0.35278	0.38460	0.06513	0.02100	0.00996	0.00292	0.00427	0.01886	0.00823	0.00712
12	0.01732	0.01612	0.02666	0.48988	0.21893	0.01869	0.02285	0.05005	0.01784	0.02368	0.01488	0.02112	0.01150	0.00795	0.00809	0.00261	0.01041	0.00722	0.00392	0.01027
13	0.01148	0.00829	0.01085	0.01021	0.01212	0.00766	0.00766	0.01531	0.02297	0.03254	0.65994	0.06061	0.07656	0.01659	0.00957	0.00255	0.00383	0.01467	0.00893	0.00766
14	0.01409	0.00705	0.01057	0.01057	0.01057	0.00705	0.00705	0.01057	0.01057	0.01409	0.01409	0.02467	0.01409	0.02819	0.03171	0.76392	0.00705	0.00705	0.00352	0.00352
15	0.01887	0.01620	0.02584	0.34498	0.24596	0.01778	0.02106	0.02524	0.06883	0.07091	0.01747	0.02201	0.01334	0.00809	0.00799	0.00252	0.00954	0.00732	0.00465	0.05141
16	0.05028	0.14387	0.54795	0.02118	0.03209	0.02083	0.02660	0.02540	0.01689	0.02516	0.01392	0.01633	0.01023	0.00758	0.00721	0.00244	0.01124	0.00567	0.00350	0.01161
17	0.27002	0.35392	0.09240	0.01461	0.02142	0.02465	0.03990	0.02517	0.01614	0.06063	0.01293	0.01463	0.01046	0.00737	0.00573	0.00216	0.00832	0.00494	0.00436	0.01023
18	0.13336	0.02012	0.02106	0.01649	0.02242	0.02214	0.01357	0.47228	0.03235	0.08174	0.01956	0.01986	0.01397	0.00943	0.00750	0.00241	0.00806	0.00697	0.06408	0.01263

[dist]
# distance from previous block
# <min> <max>
0	3

[block]
# block no. 2 follows, 23 sequences, length 91
# corresponding to MSA columns:
# 150-240
name=unknown_C
#
# <colnr> <probs for GDERKNQSTAVLIFYWHMCP>
#	G	D	E	R	K	N	Q	S	T	A	V	L	I	F	Y	W	H	M	C	P
0	0.01818	0.20257	0.11061	0.01572	0.05162	0.01783	0.01412	0.02234	0.01685	0.02443	0.01366	0.01602	0.01141	0.00653	0.00612	0.00158	0.00766	0.00495	0.00424	0.43356
1	0.01823	0.01344	0.01604	0.01494	0.04421	0.01393	0.01104	0.05912	0.24332	0.08729	0.29761	0.04138	0.04479	0.01285	0.00869	0.00254	0.00560	0.01105	0.00835	0.04559
2	0.01965	0.01352	0.01571	0.01388	0.01770	0.01424	0.01079	0.06132	0.27908	0.12838	0.25291	0.06835	0.04292	0.01336	0.00878	0.00265	0.00564	0.01144	0.00872	0.01095
3	0.01665	0.03935	0.59124	0.02457	0.03607	0.01906	0.10891	0.02574	0.01740	0.02574	0.01480	0.01775	0.01054	0.00760	0.00795	0.00259	0.01221	0.00646	0.00351	0.01186
4	0.01024	0.00785	0.00941	0.01007	0.01176	0.00703	0.00729	0.01249	0.01830	0.02371	0.18237	0.31041	0.28933	0.02166	0.00995	0.00295	0.00443	0.04598	0.00781	0.00694
5	0.02540	0.26251	0.05909	0.09103	0.02728	0.33941	0.01633	0.02839	0.01984	0.04347	0.01312	0.01543	0.01082	0.00789	0.00675	0.00208	0.01184	0.00528	0.00406	0.00998
6	0.02873	0.01247	0.01661	0.01338	0.01837	0.01117	0.01080	0.03306	0.05460	0.46254	0.20485	0.03683	0.03586	0.01189	0.00855	0.00253	0.00603	0.01000	0.00965	0.01207
7	0.77215	0.01569	0.01193	0.01067	0.01569	0.01820	0.00879	0.02385	0.01381	0.03641	0.01130	0.01318	0.00879	0.00753	0.00502	0.00251	0.00628	0.00439	0.00502	0.00879
8	0.08637	0.02151	0.06732	0.06706	0.38406	0.05072	0.02129	0.12461	0.04604	0.03100	0.01609	0.01943	0.01276	0.00793	0.00775	0.00244	0.00954	0.00691	0.00488	0.01227
9	0.15968	0.10132	0.04915	0.01792	0.02296	0.32348	0.01477	0.09974	0.02159	0.05616	0.01385	0.01565	0.01099	0.00863	0.00802	0.00230	0.05319	0.00551	0.00491	0.01018
10	0.01129	0.00829	0.01057	0.01000	0.01200	0.00757	0.00750	0.01493	0.02251	0.03144	0.60012	0.06242	0.13706	0.01700	0.00957	0.00257	0.00386	0.01493	0.00879	0.00757
11	0.01694	0.00912	0.00985	0.00919	0.01136	0.00956	0.00711	0.04599	0.01792	0.06034	0.02547	0.02891	0.01985	0.00978	0.00717	0.00204	0.04658	0.00755	0.64705	0.00820
12	0.01581	0.01492	0.02521	0.62964	0.11780	0.01816	0.02278	0.02116	0.01645	0.02132	0.01451	0.02148	0.01102	0.00802	0.00810	0.00267	0.01070	0.00721	0.00365	0.00940
13	0.01308	0.00934	0.01308	0.01494	0.01681	0.00934	0.01308	0.01681	0.01868	0.02428	0.04296	0.09153	0.04670	0.02242	0.01121	0.00374	0.00747	0.60960	0.00747	0.00747
14	0.01532	0.01448	0.02480	0.63304	0.05324	0.01766	0.05013	0.02072	0.01667	0.02152	0.04443	0.02345	0.01393	0.00845	0.00825	0.00270	0.01063	0.00767	0.00388	0.00904
15	0.01915	0.02189	0.04788	0.03420	0.04241	0.02052	0.63475	0.02599	0.01915	0.02599	0.01642	0.02189	0.01231	0.00684	0.00958	0.00274	0.01368	0.00958	0.00410	0.01094
16	0.03054	0.03193	0.02357	0.01996	0.02512	0.40442	0.01557	0.28811	0.02940	0.03308	0.01548	0.01668	0.01187	0.00894	0.00766	0.00224	0.01222	0.00611	0.00585	0.01126
17	0.01812	0.01539	0.02087	0.01616	0.05123	0.01226	0.07515	0.02210	0.01744	0.05621	0.01548	0.01800	0.01246	0.00634	0.00657	0.00148	0.00701	0.00557	0.00494	0.61723
18	0.02118	0.01541	0.04716	0.01445	0.01886	0.01467	0.01202	0.21482	0.05185	0.11853	0.21546	0.09895	0.07069	0.01415	0.00892	0.00264	0.00655	0.03477	0.00829	0.01065
19	0.02046	0.12817	0.06541	0.05374	0.03286	0.04933	0.29445	0.02522	0.01751	0.06233	0.01504	0.01950	0.01192	0.00876	0.01221	0.00271	0.15794	0.00774	0.00421	0.01050
20	0.01611	0.01451	0.02185	0.39987	0.04047	0.01546	0.03899	0.02159	0.04050	0.02364	0.01570	0.02080	0.01220	0.00756	0.00740	0.00219	0.00893	0.00662	0.03609	0.24952
21	0.02469	0.02793	0.02394	0.02090	0.02339	0.33186	0.01659	0.07616	0.01947	0.02227	0.01226	0.01644	0.01082	0.01111	0.01609	0.00278	0.32331	0.00624	0.00422	0.00953
22	0.01805	0.01776	0.02803	0.29713	0.22084	0.05017	0.07134	0.02265	0.01690	0.02300	0.01469	0.02067	0.01190	0.00872	0.01079	0.00268	0.11181	0.00731	0.03535	0.01021
23	0.01148	0.00829	0.01085	0.01021	0.01212	0.00766	0.00766	0.01531	0.02297	0.03254	0.65994	0.06061	0.07656	0.01659	0.00957	0.00255	0.00383	0.01467	0.00893	0.00766
24	0.10071	0.01397	0.01823	0.01411	0.02027	0.01247	0.01165	0.03817	0.02240	0.61447	0.03020	0.02636	0.01910	0.00982	0.00789	0.00251	0.00685	0.00783	0.00960	0.01337
25	0.02018	0.01743	0.01835	0.01651	0.02110	0.02018	0.01284	0.04312	0.64956	0.03394	0.03303	0.03027	0.02477	0.01101	0.00826	0.00275	0.00642	0.00917	0.00826	0.01284
26	0.77215	0.01569	0.01193	0.01067	0.01569	0.01820	0.00879	0.02385	0.01381	0.03641	0.01130	0.01318	0.00879	0.00753	0.00502	0.00251	0.00628	0.00439	0.00502	0.00879
27	0.77215	0.01569	0.01193	0.01067	0.01569	0.01820	0.00879	0.02385	0.01381	0.03641	0.01130	0.01318	0.00879	0.00753	0.00502	0.00251	0.00628	0.00439	0.00502	0.00879
28	0.02008	0.01928	0.03294	0.04981	0.66422	0.01928	0.02490	0.02490	0.01848	0.02651	0.01526	0.02008	0.01285	0.00723	0.00803	0.00241	0.00964	0.00723	0.00402	0.01285
29	0.01674	0.09984	0.61898	0.02234	0.03390	0.01998	0.02861	0.02558	0.01708	0.02513	0.01428	0.01678	0.01029	0.00764	0.00750	0.00250	0.01171	0.00585	0.00343	0.01186
30	0.03031	0.03867	0.02299	0.02090	0.02508	0.68226	0.01568	0.03240	0.02299	0.01986	0.01254	0.01463	0.01045	0.00836	0.00732	0.00209	0.01463	0.00523	0.00418	0.00941
31	0.48360	0.01489	0.01336	0.01098	0.01659	0.01523	0.00892	0.02247	0.01497	0.03278	0.01305	0.01520	0.01043	0.00711	0.00538	0.00204	0.00607	0.00468	0.04020	0.26204
32	0.00989	0.00706	0.00942	0.01130	0.01177	0.00659	0.00753	0.01130	0.01554	0.02071	0.04472	0.70954	0.05367	0.02542	0.01036	0.00330	0.00471	0.02307	0.00753	0.00659
33	0.01984	0.01904	0.03250	0.08222	0.63367	0.01922	0.02478	0.02469	0.01836	0.02622	0.01522	0.02016	0.01275	0.00727	0.00804	0.00242	0.00970	0.00723	0.00400	0.01266
34	0.01076	0.00831	0.00984	0.00959	0.01184	0.00739	0.00727	0.01384	0.02090	0.02772	0.39033	0.06931	0.32020	0.01851	0.00965	0.00268	0.00411	0.04214	0.00828	0.00731
35	0.01409	0.00705	0.01057	0.01057	0.01057	0.00705	0.00705	0.01057	0.01057	0.01409	0.01409	0.02467	0.01409	0.02819	0.03171	0.76392	0.00705	0.00705	0.00352	0.00352
36	0.02169	0.71972	0.04252	0.01388	0.02083	0.03211	0.01388	0.02430	0.01649	0.01909	0.01128	0.01302	0.01041	0.00694	0.00521	0.00174	0.00868	0.00434	0.00347	0.01041
37	0.00989	0.00706	0.00942	0.01130	0.01177	0.00659	0.00753	0.01130	0.01554	0.02071	0.04472	0.70954	0.05367	0.02542	0.01036	0.00330	0.00471	0.02307	0.00753	0.00659
38	0.01687	0.06718	0.56616	0.02418	0.03548	0.01961	0.10749	0.02568	0.01737	0.02546	0.01467	0.01758	0.01055	0.00757	0.00785	0.00256	0.01207	0.00639	0.00352	0.01179
39	0.01662	0.01627	0.02465	0.52907	0.13703	0.05813	0.02162	0.02157	0.01707	0.02155	0.01784	0.02384	0.04387	0.00863	0.00813	0.00263	0.01055	0.00759	0.00390	0.00947
40	0.01683	0.01442	0.01683	0.01202	0.01923	0.01082	0.00961	0.02043	0.01683	0.02644	0.01442	0.01683	0.01202	0.00601	0.00601	0.00120	0.00601	0.00481	0.00481	0.76444
41	0.01927	0.41597	0.32499	0.01803	0.02723	0.02616	0.02110	0.02492	0.01678	0.02205	0.01275	0.01486	0.01035	0.00729	0.00633	0.00211	0.01016	0.00508	0.00345	0.01112
42	0.05430	0.01905	0.02809	0.03740	0.41874	0.04400	0.04518	0.02860	0.15248	0.02854	0.04866	0.02367	0.01803	0.00851	0.00805	0.00249	0.00889	0.00788	0.00520	0.01222
43	0.01983	0.01464	0.01735	0.01256	0.01963	0.01147	0.01012	0.04469	0.01840	0.10986	0.01686	0.01830	0.01312	0.00666	0.00636	0.00141	0.00623	0.00533	0.00560	0.64159
44	0.01164	0.00829	0.01011	0.00993	0.01205	0.00740	0.00734	0.01449	0.02037	0.05312	0.35334	0.16998	0.25403	0.01900	0.00965	0.00273	0.00418	0.01654	0.00831	0.00748
45	0.01180	0.00787	0.00885	0.00885	0.00885	0.00787	0.00492	0.01180	0.01180	0.01573	0.02557	0.05310	0.02950	0.71483	0.04130	0.00787	0.00787	0.01180	0.00492	0.00492
46	0.02247	0.01791	0.01909	0.01647	0.02142	0.02022	0.01301	0.15883	0.47424	0.06288	0.03256	0.03022	0.05154	0.01116	0.00829	0.00268	0.00683	0.00913	0.00827	0.01280
47	0.03595	0.01454	0.01928	0.01478	0.02108	0.01300	0.01221	0.08821	0.02444	0.61945	0.03099	0.02696	0.01957	0.01002	0.00816	0.00250	0.00707	0.00809	0.00989	0.01381
48	0.02008	0.01928	0.03294	0.04981	0.66422	0.01928	0.02490	0.02490	0.01848	0.02651	0.01526	0.02008	0.01285	0.00723	0.00803	0.00241	0.00964	0.00723	0.00402	0.01285
49	0.03031	0.03867	0.02299	0.02090	0.02508	0.68226	0.01568	0.03240	0.02299	0.01986	0.01254	0.01463	0.01045	0.00836	0.00732	0.00209	0.01463	0.00523	0.00418	0.00941
50	0.01075	0.00772	0.01023	0.01100	0.01218	0.00720	0.00787	0.01334	0.01896	0.02609	0.31486	0.39334	0.06337	0.02139	0.01005	0.00299	0.00446	0.04896	0.00814	0.00710
51	0.02111	0.01425	0.02283	0.50858	0.04624	0.01635	0.01963	0.02589	0.01814	0.19876	0.01925	0.02327	0.01336	0.00864	0.00813	0.00265	0.00974	0.00747	0.00537	0.01033
52	0.02450	0.35164	0.03338	0.01830	0.02351	0.28231	0.04341	0.02702	0.01871	0.01975	0.01194	0.01454	0.01054	0.00824	0.00844	0.00211	0.08279	0.00521	0.00378	0.00989
53	0.02222	0.67820	0.04133	0.01431	0.02109	0.07174	0.01399	0.02479	0.01688	0.01914	0.01136	0.01311	0.01042	0.00703	0.00534	0.00176	0.00904	0.00439	0.00351	0.01035
54	0.01398	0.00712	0.01068	0.01068	0.01074	0.00718	0.00718	0.01074	0.01068	0.01431	0.01443	0.02499	0.01437	0.02964	0.06064	0.73055	0.00770	0.00712	0.00356	0.00369
55	0.00989	0.00706	0.00942	0.01130	0.01177	0.00659	0.00753	0.01130	0.01554	0.02071	0.04472	0.70954	0.05367	0.02542	0.01036	0.00330	0.00471	0.02307	0.00753	0.00659
56	0.02205	0.64871	0.07758	0.01444	0.02164	0.03043	0.01472	0.02507	0.01683	0.04910	0.01241	0.01392	0.01085	0.00713	0.00548	0.00182	0.00879	0.00461	0.00377	0.01066
57	0.01022	0.00730	0.00979	0.01168	0.01229	0.00688	0.00811	0.01187	0.01586	0.02108	0.04454	0.64555	0.05295	0.02511	0.01044	0.00334	0.00499	0.08379	0.00753	0.00668
58	0.01561	0.01472	0.02486	0.65598	0.09297	0.01810	0.02268	0.02099	0.01636	0.02108	0.01447	0.02154	0.01094	0.00806	0.00811	0.00269	0.01074	0.00721	0.00363	0.00925
59	0.01402	0.01247	0.02074	0.32911	0.03533	0.01372	0.07646	0.01887	0.01948	0.02644	0.29815	0.03878	0.03984	0.01171	0.00890	0.00264	0.00803	0.01072	0.00599	0.00861
60	0.01683	0.01442	0.01683	0.01202	0.01923	0.01082	0.00961	0.02043	0.01683	0.02644	0.01442	0.01683	0.01202	0.00601	0.00601	0.00120	0.00601	0.00481	0.00481	0.76444
61	0.01520	0.01841	0.12682	0.01780	0.02046	0.01791	0.01631	0.01881	0.01594	0.02357	0.16383	0.03136	0.05621	0.01777	0.07233	0.00390	0.34025	0.00924	0.00501	0.00889
62	0.01409	0.00705	0.01057	0.01057	0.01057	0.00705	0.00705	0.01057	0.01057	0.01409	0.01409	0.02467	0.01409	0.02819	0.03171	0.76392	0.00705	0.00705	0.00352	0.00352
63	0.01148	0.00829	0.01085	0.01021	0.01212	0.00766	0.00766	0.01531	0.02297	0.03254	0.65994	0.06061	0.07656	0.01659	0.00957	0.00255	0.00383	0.01467	0.00893	0.00766
64	0.01597	0.01508	0.02550	0.60823	0.13797	0.01820	0.02285	0.02129	0.01653	0.02151	0.01454	0.02142	0.01109	0.00799	0.00810	0.00266	0.01066	0.00721	0.00366	0.00953
65	0.02169	0.71972	0.04252	0.01388	0.02083	0.03211	0.01388	0.02430	0.01649	0.01909	0.01128	0.01302	0.01041	0.00694	0.00521	0.00174	0.00868	0.00434	0.00347	0.01041
66	0.01171	0.00869	0.01128	0.01251	0.01440	0.00826	0.01029	0.01475	0.01856	0.02393	0.10231	0.16855	0.19283	0.02191	0.01059	0.00335	0.00603	0.34522	0.00761	0.00722
67	0.09683	0.04971	0.01944	0.01417	0.02021	0.01406	0.01179	0.07076	0.02293	0.52290	0.05314	0.02649	0.02050	0.00991	0.00780	0.00247	0.00694	0.00786	0.00913	0.01297
68	0.01180	0.00787	0.00885	0.00885	0.00885	0.00787	0.00492	0.01180	0.01180	0.01573	0.02557	0.05310	0.02950	0.71483	0.04130	0.00787	0.00787	0.01180	0.00492	0.00492
69	0.00985	0.00815	0.00866	0.00892	0.01135	0.00697	0.00668	0.01198	0.01836	0.02230	0.09800	0.14382	0.54798	0.02099	0.00974	0.00284	0.00431	0.04463	0.00758	0.00688
70	0.01818	0.01481	0.01821	0.01321	0.02029	0.01166	0.03407	0.02272	0.04461	0.06363	0.01631	0.01822	0.01304	0.00649	0.00637	0.00140	0.00638	0.00537	0.00523	0.65978
71	0.13410	0.47392	0.05641	0.01550	0.02202	0.11376	0.04071	0.02541	0.01707	0.02228	0.01178	0.01377	0.01025	0.00724	0.00572	0.00197	0.00942	0.00474	0.00382	0.01012
72	0.02941	0.02164	0.02314	0.01798	0.02413	0.02398	0.01478	0.56991	0.07436	0.04904	0.02066	0.02068	0.01482	0.00980	0.00800	0.00243	0.00852	0.00743	0.04587	0.01343
73	0.02146	0.54595	0.15029	0.01607	0.02366	0.08340	0.01683	0.02521	0.01714	0.02030	0.01195	0.01386	0.01039	0.00719	0.00581	0.00191	0.00974	0.00470	0.00352	0.01060
74	0.01989	0.01909	0.03259	0.07563	0.63988	0.01923	0.02481	0.02474	0.01839	0.02628	0.01523	0.02014	0.01277	0.00727	0.00804	0.00242	0.00969	0.00723	0.00400	0.01270
75	0.01057	0.00820	0.00962	0.00939	0.01159	0.00725	0.00699	0.01350	0.02063	0.02728	0.37514	0.10102	0.33208	0.01877	0.00962	0.00267	0.00400	0.01617	0.00825	0.00725
76	0.01148	0.00829	0.01085	0.01021	0.01212	0.00766	0.00766	0.01531	0.02297	0.03254	0.65994	0.06061	0.07656	0.01659	0.00957	0.00255	0.00383	0.01467	0.00893	0.00766
77	0.02018	0.01743	0.01835	0.01651	0.02110	0.02018	0.01284	0.04312	0.64956	0.03394	0.03303	0.03027	0.02477	0.01101	0.00826	0.00275	0.00642	0.00917	0.00826	0.01284
78	0.01513	0.00756	0.00756	0.00756	0.00945	0.00756	0.00567	0.01891	0.01702	0.03025	0.02647	0.03025	0.02080	0.00945	0.00567	0.00189	0.00378	0.00756	0.75988	0.00756
79	0.02018	0.01743	0.01835	0.01651	0.02110	0.02018	0.01284	0.04312	0.64956	0.03394	0.03303	0.03027	0.02477	0.01101	0.00826	0.00275	0.00642	0.00917	0.00826	0.01284
80	0.77215	0.01569	0.01193	0.01067	0.01569	0.01820	0.00879	0.02385	0.01381	0.03641	0.01130	0.01318	0.00879	0.00753	0.00502	0.00251	0.00628	0.00439	0.00502	0.00879
81	0.01377	0.01183	0.01677	0.01556	0.01631	0.01510	0.01229	0.01592	0.01281	0.01887	0.01906	0.05737	0.01908	0.10452	0.35598	0.00870	0.26522	0.00902	0.00425	0.00759
82	0.01775	0.01775	0.02485	0.02130	0.02130	0.02485	0.01775	0.01953	0.01243	0.01953	0.01065	0.01775	0.01065	0.01420	0.02663	0.00355	0.69998	0.00710	0.00355	0.00888
83	0.01921	0.02174	0.04702	0.03509	0.07806	0.02045	0.59978	0.02593	0.01911	0.02602	0.01635	0.02178	0.01234	0.00686	0.00949	0.00272	0.01345	0.00944	0.00410	0.01105
84	0.01148	0.00829	0.01085	0.01021	0.01212	0.00766	0.00766	0.01531	0.02297	0.03254	0.65994	0.06061	0.07656	0.01659	0.00957	0.00255	0.00383	0.01467	0.00893	0.00766
85	0.01669	0.01629	0.02463	0.31736	0.03649	0.02186	0.01985	0.02006	0.01410	0.02006	0.01231	0.01946	0.01072	0.01153	0.01850	0.00318	0.39727	0.00715	0.00357	0.00894
86	0.01139	0.00829	0.01071	0.01011	0.01206	0.00762	0.00758	0.01513	0.02274	0.03200	0.63080	0.06149	0.10603	0.01679	0.00957	0.00256	0.00384	0.01480	0.00886	0.00762
87	0.01169	0.00832	0.01114	0.01114	0.01193	0.00911	0.00777	0.01327	0.01248	0.01743	0.02347	0.04149	0.02446	0.35718	0.39206	0.01070	0.01545	0.01010	0.00461	0.00619
88	0.02169	0.71972	0.04252	0.01388	0.02083	0.03211	0.01388	0.02430	0.01649	0.01909	0.01128	0.01302	0.01041	0.00694	0.00521	0.00174	0.00868	0.00434	0.00347	0.01041
89	0.01683	0.01442	0.01683	0.01202	0.01923	0.01082	0.00961	0.02043	0.01683	0.02644	0.01442	0.01683	0.01202	0.00601	0.00601	0.00120	0.00601	0.00481	0.00481	0.76444
90	0.07604	0.01845	0.02080	0.01636	0.02223	0.01939	0.01337	0.37478	0.03050	0.23032	0.02464	0.07526	0.01845	0.01092	0.00812	0.00253	0.00784	0.00861	0.00845	0.01294

[dist]
# distance from previous block
# <min> <max>
0	1

[block]
# block no. 3 follows, 23 sequences, length 117
# corresponding to MSA columns:
# 242-358
name=unknown_D
#
# <colnr> <probs for GDERKNQSTAVLIFYWHMCP>
#	G	D	E	R	K	N	Q	S	T	A	V	L	I	F	Y	W	H	M	C	P
0	0.01673	0.01405	0.01632	0.01177	0.01869	0.01064	0.00940	0.02035	0.01684	0.02665	0.01508	0.01756	0.01250	0.00620	0.00599	0.00124	0.00589	0.00496	0.04615	0.72299
1	0.01857	0.02049	0.04366	0.10554	0.04254	0.01972	0.54207	0.02513	0.01874	0.02559	0.01661	0.02220	0.01249	0.00709	0.00926	0.00270	0.01296	0.00923	0.03482	0.01059
2	0.01555	0.01465	0.02474	0.66525	0.08423	0.01809	0.02265	0.02093	0.01633	0.02100	0.01446	0.02156	0.01091	0.00807	0.00811	0.00269	0.01076	0.00721	0.00362	0.00919
3	0.01532	0.01442	0.02434	0.69533	0.05589	0.01803	0.02253	0.02073	0.01622	0.02073	0.01442	0.02163	0.01082	0.00811	0.00811	0.00270	0.01082	0.00721	0.00361	0.00901
4	0.01683	0.01442	0.01683	0.01202	0.01923	0.01082	0.00961	0.02043	0.01683	0.02644	0.01442	0.01683	0.01202	0.00601	0.00601	0.00120	0.00601	0.00481	0.00481	0.76444
5	0.01148	0.00829	0.01085	0.01021	0.01212	0.00766	0.00766	0.01531	0.02297	0.03254	0.65994	0.06061	0.07656	0.01659	0.00957	0.00255	0.00383	0.01467	0.00893	0.00766
6	0.00989	0.00706	0.00942	0.01130	0.01177	0.00659	0.00753	0.01130	0.01554	0.02071	0.04472	0.70954	0.05367	0.02542	0.01036	0.00330	0.00471	0.02307	0.00753	0.00659
7	0.01644	0.04101	0.64574	0.02426	0.06172	0.01886	0.02977	0.02566	0.01719	0.02573	0.01459	0.01726	0.01039	0.00769	0.00772	0.00256	0.01189	0.00605	0.00345	0.01203
8	0.03418	0.01401	0.01859	0.01446	0.02044	0.01255	0.01187	0.06059	0.05099	0.58565	0.06468	0.02917	0.02303	0.01042	0.00824	0.00252	0.00680	0.00852	0.00984	0.01344
9	0.01748	0.12545	0.34366	0.04935	0.09411	0.02025	0.07730	0.02505	0.04542	0.02537	0.06312	0.02129	0.01634	0.00852	0.00838	0.00250	0.03389	0.00708	0.00418	0.01127
10	0.01174	0.00810	0.01002	0.01002	0.01042	0.00850	0.00638	0.01255	0.01215	0.01660	0.02450	0.04717	0.02693	0.53221	0.22040	0.00931	0.01174	0.01093	0.00476	0.00557
11	0.77215	0.01569	0.01193	0.01067	0.01569	0.01820	0.00879	0.02385	0.01381	0.03641	0.01130	0.01318	0.00879	0.00753	0.00502	0.00251	0.00628	0.00439	0.00502	0.00879
12	0.01654	0.07467	0.64238	0.02268	0.03443	0.01948	0.02920	0.02563	0.01710	0.02538	0.01440	0.01693	0.01029	0.00767	0.00759	0.00253	0.01183	0.00592	0.00343	0.01192
13	0.01188	0.00908	0.01333	0.01307	0.01451	0.01053	0.01019	0.01484	0.01429	0.02064	0.10371	0.03491	0.02710	0.05288	0.56400	0.01123	0.05215	0.00939	0.00490	0.00738
14	0.01683	0.01442	0.01683	0.01202	0.01923	0.01082	0.00961	0.02043	0.01683	0.02644	0.01442	0.01683	0.01202	0.00601	0.00601	0.00120	0.00601	0.00481	0.00481	0.76444
15	0.00989	0.00706	0.00942	0.01130	0.01177	0.00659	0.00753	0.01130	0.01554	0.02071	0.04472	0.70954	0.05367	0.02542	0.01036	0.00330	0.00471	0.02307	0.00753	0.00659
16	0.02018	0.01743	0.01835	0.01651	0.02110	0.02018	0.01284	0.04312	0.64956	0.03394	0.03303	0.03027	0.02477	0.01101	0.00826	0.00275	0.00642	0.00917	0.00826	0.01284
17	0.03329	0.01508	0.01916	0.01510	0.02111	0.01429	0.01234	0.08468	0.12870	0.51776	0.03125	0.02745	0.02040	0.01018	0.00817	0.00255	0.00697	0.00827	0.00960	0.01365
18	0.00989	0.00706	0.00942	0.01130	0.01177	0.00659	0.00753	0.01130	0.01554	0.02071	0.04472	0.70954	0.05367	0.02542	0.01036	0.00330	0.00471	0.02307	0.00753	0.00659
19	0.03210	0.02071	0.02310	0.01771	0.02416	0.02217	0.01463	0.50202	0.03478	0.19105	0.02231	0.02132	0.01522	0.00981	0.00813	0.00245	0.00847	0.00750	0.00855	0.01380
20	0.01009	0.00722	0.00960	0.01116	0.01181	0.00673	0.00755	0.01182	0.01650	0.02224	0.12426	0.62564	0.05663	0.02428	0.01026	0.00320	0.00459	0.02198	0.00771	0.00673
21	0.01939	0.01460	0.01719	0.01268	0.01956	0.01173	0.01016	0.02457	0.07069	0.10223	0.01804	0.01922	0.01403	0.00690	0.00645	0.00148	0.00615	0.00557	0.00571	0.61365
22	0.08863	0.01502	0.01874	0.01439	0.02069	0.01378	0.01185	0.10421	0.02357	0.48725	0.02726	0.02453	0.01771	0.00941	0.00770	0.00237	0.00700	0.00744	0.00892	0.08951
23	0.23122	0.10473	0.02166	0.01511	0.02095	0.09207	0.01259	0.18106	0.02355	0.19588	0.01869	0.01852	0.01326	0.00873	0.00685	0.00235	0.00829	0.00615	0.00678	0.01156
24	0.48829	0.01837	0.05469	0.01670	0.04477	0.01911	0.07901	0.05091	0.01583	0.03304	0.01262	0.01544	0.00993	0.00809	0.00789	0.00257	0.06999	0.00553	0.00479	0.04243
25	0.14348	0.25986	0.02557	0.01475	0.01968	0.14033	0.01245	0.02622	0.09282	0.02486	0.04491	0.06971	0.01805	0.00979	0.00728	0.00224	0.03266	0.00705	0.00502	0.04327
26	0.02649	0.01779	0.02055	0.07746	0.02502	0.01943	0.01409	0.24196	0.22735	0.16902	0.02623	0.02527	0.01863	0.01005	0.00806	0.00255	0.00765	0.00808	0.04152	0.01279
27	0.01148	0.00829	0.01085	0.01021	0.01212	0.00766	0.00766	0.01531	0.02297	0.03254	0.65994	0.06061	0.07656	0.01659	0.00957	0.00255	0.00383	0.01467	0.00893	0.00766
28	0.01450	0.00896	0.01181	0.01072	0.01316	0.00817	0.00817	0.01825	0.02300	0.10973	0.58388	0.05662	0.06972	0.01580	0.00940	0.00255	0.00420	0.01389	0.00907	0.00840
29	0.01148	0.00829	0.01085	0.01021	0.01212	0.00766	0.00766	0.01531	0.02297	0.03254	0.65994	0.06061	0.07656	0.01659	0.00957	0.00255	0.00383	0.01467	0.00893	0.00766
30	0.67854	0.01545	0.01280	0.01115	0.01633	0.01740	0.00919	0.02585	0.01501	0.11700	0.01393	0.01502	0.01023	0.00785	0.00542	0.00251	0.00636	0.00487	0.00566	0.00943
31	0.03031	0.03867	0.02299	0.02090	0.02508	0.68226	0.01568	0.03240	0.02299	0.01986	0.01254	0.01463	0.01045	0.00836	0.00732	0.00209	0.01463	0.00523	0.00418	0.00941
32	0.02018	0.01743	0.01835	0.01651	0.02110	0.02018	0.01284	0.04312	0.64956	0.03394	0.03303	0.03027	0.02477	0.01101	0.00826	0.00275	0.00642	0.00917	0.00826	0.01284
33	0.01849	0.01993	0.03700	0.02810	0.03243	0.02257	0.34309	0.02294	0.01597	0.02294	0.01369	0.01993	0.01153	0.01032	0.01764	0.00312	0.33810	0.00841	0.00384	0.00997
34	0.77215	0.01569	0.01193	0.01067	0.01569	0.01820	0.00879	0.02385	0.01381	0.03641	0.01130	0.01318	0.00879	0.00753	0.00502	0.00251	0.00628	0.00439	0.00502	0.00879
35	0.01884	0.05719	0.11279	0.03089	0.03871	0.02128	0.48505	0.02530	0.01821	0.02505	0.01546	0.02058	0.01185	0.00759	0.01068	0.00274	0.07426	0.00872	0.00395	0.01085
