[name]
unknown

[dist]
# distance from previous block
# <min> <max>
0	46

[block]
# block no. 0 follows, 25 sequences, length 12
# corresponding to MSA columns:
# 46-57
name=unknown_A
#
# <colnr> <probs for GDERKNQSTAVLIFYWHMCP>
#	G	D	E	R	K	N	Q	S	T	A	V	L	I	F	Y	W	H	M	C	P
0	0.01378	0.00989	0.01331	0.01455	0.01667	0.01007	0.01266	0.06427	0.01926	0.02515	0.03936	0.08225	0.04224	0.02050	0.01049	0.00348	0.00725	0.58005	0.00719	0.00760
1	0.01555	0.04011	0.68733	0.02210	0.03356	0.01801	0.02865	0.02455	0.01637	0.02455	0.01391	0.01637	0.00982	0.00737	0.00737	0.00246	0.01146	0.00573	0.00327	0.01146
2	0.01608	0.01378	0.01608	0.01148	0.01837	0.01034	0.00919	0.01952	0.01608	0.02527	0.01378	0.01608	0.01148	0.00574	0.00574	0.00115	0.00574	0.00459	0.00459	0.77491
3	0.01763	0.06477	0.14163	0.08831	0.03403	0.01754	0.30817	0.02336	0.01728	0.05443	0.01703	0.06181	0.01391	0.00792	0.00806	0.00238	0.01059	0.00826	0.00427	0.09863
4	0.01750	0.01217	0.01489	0.09127	0.02030	0.01255	0.01115	0.05377	0.15043	0.08551	0.06273	0.06443	0.02550	0.01141	0.00761	0.00237	0.00614	0.08535	0.15631	0.10864
5	0.01919	0.01842	0.03147	0.04759	0.67914	0.01842	0.02380	0.02380	0.01765	0.02533	0.01458	0.01919	0.01228	0.00691	0.00768	0.00230	0.00921	0.00691	0.00384	0.01228
6	0.01494	0.01409	0.02380	0.66503	0.09488	0.01731	0.02168	0.02007	0.01565	0.02018	0.01383	0.02057	0.01046	0.00770	0.00775	0.00257	0.01026	0.00689	0.00347	0.00886
7	0.01376	0.01072	0.01728	0.40013	0.03423	0.01262	0.01489	0.01564	0.01346	0.01746	0.01599	0.06255	0.01478	0.06200	0.01718	0.25042	0.00867	0.00797	0.00371	0.00655
8	0.01877	0.01799	0.03070	0.10940	0.62065	0.01831	0.02358	0.02342	0.01745	0.02482	0.01451	0.01933	0.01210	0.00699	0.00768	0.00233	0.00932	0.00691	0.00380	0.01194
9	0.48387	0.01844	0.10114	0.01279	0.01848	0.01720	0.01182	0.08291	0.05179	0.06503	0.01845	0.01927	0.05414	0.00853	0.00601	0.00243	0.00685	0.00588	0.00543	0.00956
10	0.02385	0.01766	0.05509	0.01603	0.02137	0.01726	0.01382	0.29714	0.07790	0.12768	0.02494	0.03332	0.02058	0.01342	0.03788	0.00295	0.00831	0.12025	0.00730	0.06327
11	0.06012	0.15124	0.22011	0.01794	0.04489	0.01800	0.04775	0.02366	0.01676	0.10462	0.03800	0.06033	0.01687	0.00949	0.00833	0.00235	0.05478	0.03175	0.00483	0.06818

[dist]
# distance from previous block
# <min> <max>
1	10

[block]
# block no. 1 follows, 25 sequences, length 59
# corresponding to MSA columns:
# 68-126
name=unknown_B
#
# <colnr> <probs for GDERKNQSTAVLIFYWHMCP>
#	G	D	E	R	K	N	Q	S	T	A	V	L	I	F	Y	W	H	M	C	P
0	0.02029	0.59555	0.03545	0.01309	0.01904	0.02658	0.01266	0.02295	0.01670	0.05628	0.06449	0.02099	0.01729	0.00835	0.00578	0.00187	0.00778	0.04082	0.00428	0.00977
1	0.02714	0.02031	0.02187	0.01705	0.02294	0.02223	0.01394	0.54288	0.08712	0.04510	0.02028	0.04436	0.01532	0.00974	0.00773	0.00231	0.00803	0.00753	0.00757	0.05655
2	0.01347	0.00673	0.01010	0.01010	0.01010	0.00673	0.00673	0.01010	0.01010	0.01347	0.01347	0.02357	0.01347	0.02694	0.03030	0.77441	0.00673	0.00673	0.00337	0.00337
3	0.01635	0.13093	0.13608	0.01446	0.01916	0.01622	0.01376	0.02301	0.10594	0.06445	0.27057	0.03404	0.03663	0.01162	0.00938	0.00243	0.06981	0.00929	0.00630	0.00957
4	0.02306	0.01102	0.01448	0.01179	0.01615	0.00954	0.00941	0.02628	0.02132	0.35238	0.26604	0.03972	0.07580	0.01211	0.00819	0.00232	0.00530	0.01027	0.00864	0.07616
5	0.01119	0.00869	0.01221	0.04543	0.01472	0.00969	0.00937	0.01331	0.01425	0.01982	0.09019	0.29051	0.03580	0.08977	0.22668	0.00632	0.07563	0.01400	0.00564	0.00677
6	0.01608	0.01378	0.01608	0.01148	0.01837	0.01034	0.00919	0.01952	0.01608	0.02527	0.01378	0.01608	0.01148	0.00574	0.00574	0.00115	0.00574	0.00459	0.00459	0.77491
7	0.01089	0.00792	0.01025	0.00967	0.01153	0.00728	0.00725	0.01448	0.02176	0.03064	0.64860	0.05866	0.09989	0.01602	0.00915	0.00245	0.00367	0.01413	0.00848	0.00728
8	0.00945	0.00675	0.00900	0.01080	0.01125	0.00630	0.00720	0.01080	0.01484	0.01979	0.04274	0.72245	0.05128	0.02429	0.00990	0.00315	0.00450	0.02204	0.00720	0.00630
9	0.02947	0.02172	0.02327	0.01784	0.02404	0.02404	0.01474	0.65329	0.03646	0.04887	0.01862	0.01862	0.01319	0.00931	0.00776	0.00233	0.00853	0.00698	0.00776	0.01319
10	0.02129	0.68471	0.03936	0.01372	0.02018	0.07613	0.01338	0.02375	0.01618	0.01829	0.01086	0.01254	0.00995	0.00673	0.00511	0.00168	0.00868	0.00420	0.00336	0.00988
11	0.01637	0.06471	0.63382	0.02158	0.03263	0.01874	0.02746	0.05268	0.01725	0.02541	0.01401	0.01633	0.00998	0.00743	0.00730	0.00242	0.01121	0.00573	0.00348	0.01148
12	0.01731	0.02032	0.07253	0.05175	0.03793	0.01826	0.53782	0.02351	0.01791	0.02431	0.01813	0.06227	0.01522	0.00824	0.00913	0.00268	0.01218	0.03624	0.00419	0.01007
13	0.02779	0.02030	0.02190	0.01714	0.02288	0.02238	0.01417	0.58670	0.03443	0.04645	0.02023	0.02310	0.01533	0.01000	0.00782	0.00238	0.00822	0.04307	0.04316	0.01256
14	0.05499	0.04956	0.03763	0.07815	0.03550	0.01945	0.43458	0.02365	0.01710	0.04829	0.01604	0.04467	0.01292	0.00812	0.01030	0.00265	0.08357	0.00869	0.00417	0.00995
15	0.02112	0.63270	0.09318	0.01403	0.02103	0.02850	0.01444	0.02418	0.01618	0.05753	0.01219	0.01358	0.01048	0.00687	0.00534	0.00177	0.00846	0.00449	0.00368	0.01026
16	0.01205	0.00970	0.01104	0.01043	0.01310	0.00935	0.00786	0.01837	0.13937	0.02693	0.28423	0.10919	0.25214	0.01629	0.00882	0.00253	0.00437	0.01401	0.00770	0.04253
17	0.01675	0.07409	0.47064	0.02695	0.13877	0.01898	0.09751	0.02439	0.01676	0.02435	0.01404	0.01712	0.01045	0.00716	0.00748	0.00240	0.01109	0.00622	0.00344	0.01139
18	0.00959	0.00685	0.00917	0.01096	0.01148	0.00642	0.00745	0.01105	0.01499	0.01996	0.04265	0.69181	0.05096	0.02415	0.00994	0.00317	0.00463	0.05123	0.00719	0.00634
19	0.00998	0.00754	0.00911	0.00943	0.01102	0.00678	0.00674	0.01229	0.01811	0.02400	0.27894	0.26057	0.24965	0.04697	0.01054	0.00290	0.00414	0.01702	0.00758	0.00668
20	0.01718	0.26972	0.38979	0.01860	0.02767	0.02153	0.04464	0.02336	0.01616	0.02229	0.01403	0.04243	0.01161	0.00767	0.00665	0.00216	0.00993	0.00590	0.00352	0.04515
21	0.03247	0.01268	0.01725	0.01340	0.01899	0.01100	0.01100	0.03553	0.02217	0.62094	0.09329	0.02946	0.02444	0.01021	0.00793	0.00240	0.00631	0.00840	0.00949	0.01262
22	0.01111	0.00777	0.00998	0.01006	0.01060	0.00827	0.00668	0.01221	0.01189	0.01637	0.02394	0.07544	0.02601	0.44407	0.28321	0.00915	0.01231	0.01069	0.00462	0.00560
23	0.03479	0.01320	0.01799	0.01380	0.01979	0.01140	0.01140	0.03779	0.02219	0.68451	0.03059	0.02639	0.01919	0.00960	0.00780	0.00240	0.00660	0.00780	0.00960	0.01320
24	0.03342	0.01289	0.01756	0.01356	0.01932	0.01116	0.01116	0.03646	0.02218	0.64704	0.06755	0.02820	0.02229	0.00996	0.00787	0.00240	0.00643	0.00815	0.00954	0.01286
25	0.01608	0.01378	0.01608	0.01148	0.01837	0.01034	0.00919	0.01952	0.01608	0.02527	0.01378	0.01608	0.01148	0.00574	0.00574	0.00115	0.00574	0.00459	0.00459	0.77491
26	0.00948	0.00787	0.00829	0.00818	0.01067	0.00668	0.00614	0.01174	0.01842	0.02271	0.18224	0.07172	0.57120	0.01898	0.00916	0.00259	0.00388	0.01596	0.00743	0.00668
27	0.01293	0.00945	0.01133	0.01131	0.01347	0.00936	0.00839	0.01897	0.13883	0.05626	0.20869	0.26900	0.14127	0.01806	0.00916	0.00277	0.00471	0.04019	0.00778	0.00807
28	0.02328	0.33703	0.13595	0.01742	0.02374	0.30152	0.01642	0.02660	0.01840	0.01955	0.01177	0.01370	0.00995	0.00731	0.00618	0.00192	0.01113	0.00475	0.00359	0.00980
29	0.01882	0.01804	0.03080	0.10192	0.62773	0.01832	0.02361	0.02347	0.01748	0.02488	0.01452	0.01931	0.01212	0.00698	0.00768	0.00233	0.00930	0.00691	0.00381	0.01198
30	0.01723	0.01642	0.02793	0.33272	0.40934	0.01791	0.02282	0.02208	0.01673	0.02295	0.01424	0.01983	0.01144	0.00727	0.00771	0.00242	0.00970	0.00690	0.00367	0.01070
31	0.01935	0.03199	0.45525	0.02262	0.03248	0.01717	0.13976	0.02687	0.01772	0.13750	0.01709	0.01892	0.01178	0.00760	0.00777	0.00247	0.01092	0.00671	0.00447	0.01157
32	0.01929	0.01666	0.01753	0.01578	0.02016	0.01929	0.01227	0.04120	0.66513	0.03243	0.03156	0.02893	0.02367	0.01052	0.00789	0.00263	0.00614	0.00877	0.00789	0.01227
33	0.02947	0.02172	0.02327	0.01784	0.02404	0.02404	0.01474	0.65329	0.03646	0.04887	0.01862	0.01862	0.01319	0.00931	0.00776	0.00233	0.00853	0.00698	0.00776	0.01319
34	0.01501	0.01425	0.02439	0.65177	0.08754	0.01737	0.04085	0.02018	0.01571	0.02027	0.01388	0.02060	0.01049	0.00767	0.00779	0.00257	0.01036	0.00696	0.00348	0.00887
35	0.00942	0.00685	0.00889	0.01052	0.01117	0.00632	0.00708	0.01083	0.01511	0.01990	0.04606	0.66231	0.10928	0.02386	0.00983	0.00310	0.00445	0.02152	0.00720	0.00632
36	0.01048	0.00781	0.00974	0.00946	0.01133	0.00707	0.00702	0.01360	0.02048	0.02808	0.50047	0.11741	0.19379	0.01733	0.00921	0.00254	0.00378	0.01518	0.00815	0.00707
37	0.09524	0.01539	0.02455	0.33230	0.29891	0.01712	0.02030	0.02122	0.01610	0.02357	0.01539	0.05797	0.01318	0.00827	0.00754	0.00248	0.00911	0.00746	0.00395	0.00994
38	0.01782	0.09807	0.56755	0.02054	0.03106	0.01849	0.02567	0.02569	0.01687	0.08636	0.01522	0.01697	0.01072	0.00751	0.00720	0.00238	0.01072	0.00579	0.00388	0.01149
39	0.00945	0.00675	0.00900	0.01080	0.01125	0.00630	0.00720	0.01080	0.01484	0.01979	0.04274	0.72245	0.05128	0.02429	0.00990	0.00315	0.00450	0.02204	0.00720	0.00630
40	0.06680	0.02600	0.02093	0.01746	0.02260	0.31052	0.01377	0.21346	0.02582	0.18118	0.01813	0.01811	0.01296	0.00870	0.00729	0.00221	0.01031	0.00618	0.00642	0.01115
41	0.09383	0.05017	0.01815	0.04623	0.04167	0.05572	0.01199	0.12607	0.14792	0.12254	0.07716	0.11009	0.04268	0.01163	0.00773	0.00248	0.00696	0.00955	0.00698	0.01045
42	0.01163	0.00909	0.01156	0.07688	0.01633	0.00905	0.00912	0.03994	0.04703	0.02456	0.19200	0.26663	0.18639	0.01839	0.00923	0.00278	0.00511	0.04970	0.00720	0.00739
43	0.01234	0.00989	0.01426	0.01361	0.01469	0.01220	0.01072	0.01483	0.01245	0.01843	0.01906	0.02862	0.01799	0.07445	0.51482	0.01011	0.15228	0.00809	0.03400	0.00714
44	0.01608	0.01378	0.01608	0.01148	0.01837	0.01034	0.00919	0.01952	0.01608	0.02527	0.01378	0.01608	0.01148	0.00574	0.00574	0.00115	0.00574	0.00459	0.00459	0.77491
45	0.00971	0.00694	0.00930	0.01110	0.01166	0.00653	0.00766	0.01125	0.01510	0.02009	0.04259	0.66749	0.05071	0.02404	0.00997	0.00319	0.00473	0.07439	0.00719	0.00637
46	0.02225	0.03667	0.02052	0.04277	0.02264	0.08818	0.04871	0.12068	0.13785	0.11202	0.02257	0.02284	0.04445	0.00863	0.00723	0.00206	0.00779	0.00701	0.00622	0.21891
47	0.59239	0.10165	0.01638	0.01167	0.01677	0.05017	0.00982	0.07813	0.01592	0.03334	0.01153	0.01316	0.00907	0.00735	0.00518	0.00229	0.00685	0.00447	0.00484	0.00903
48	0.00945	0.00675	0.00900	0.01080	0.01125	0.00630	0.00720	0.01080	0.01484	0.01979	0.04274	0.72245	0.05128	0.02429	0.00990	0.00315	0.00450	0.02204	0.00720	0.00630
49	0.01860	0.02220	0.07276	0.02974	0.03715	0.05801	0.52175	0.02461	0.01802	0.02424	0.01505	0.01986	0.01149	0.00692	0.00945	0.00252	0.04281	0.00839	0.00391	0.05252
50	0.01696	0.01696	0.02375	0.02036	0.02036	0.02375	0.01696	0.01866	0.01187	0.01866	0.01018	0.01696	0.01018	0.01357	0.02545	0.00339	0.71332	0.00679	0.00339	0.00848
51	0.00945	0.00770	0.00836	0.00855	0.01074	0.00661	0.00628	0.01155	0.01783	0.02214	0.15338	0.16841	0.50240	0.01982	0.00927	0.00267	0.00398	0.01689	0.00738	0.00661
52	0.01919	0.01842	0.03147	0.04759	0.67914	0.01842	0.02380	0.02380	0.01765	0.02533	0.01458	0.01919	0.01228	0.00691	0.00768	0.00230	0.00921	0.00691	0.00384	0.01228
53	0.01464	0.01378	0.02326	0.70887	0.05340	0.01723	0.02153	0.01981	0.01550	0.01981	0.01378	0.02067	0.01034	0.00775	0.00775	0.00258	0.01034	0.00689	0.00345	0.00861
54	0.01097	0.00793	0.01036	0.00975	0.01158	0.00732	0.00732	0.01463	0.02195	0.03109	0.67505	0.05792	0.07316	0.01585	0.00914	0.00244	0.00366	0.01402	0.00854	0.00732
55	0.01464	0.01378	0.02326	0.70887	0.05340	0.01723	0.02153	0.01981	0.01550	0.01981	0.01378	0.02067	0.01034	0.00775	0.00775	0.00258	0.01034	0.00689	0.00345	0.00861
56	0.03107	0.01419	0.01819	0.01392	0.02000	0.01272	0.01143	0.09151	0.04841	0.50851	0.02719	0.02435	0.01775	0.00907	0.00751	0.00223	0.00664	0.00732	0.00866	0.11933
57	0.01436	0.00943	0.01205	0.17652	0.02064	0.01034	0.00992	0.01942	0.05452	0.02719	0.10103	0.03042	0.02421	0.00963	0.00657	0.00212	0.00538	0.00805	0.45033	0.00786
58	0.01864	0.01786	0.03048	0.12759	0.60345	0.01828	0.02352	0.02331	0.01739	0.02466	0.01449	0.01937	0.01205	0.00701	0.00769	0.00234	0.00935	0.00691	0.00379	0.01184

[dist]
# distance from previous block
# <min> <max>
0	3

[block]
# block no. 2 follows, 25 sequences, length 20
# corresponding to MSA columns:
# 130-149
name=unknown_C
#
# <colnr> <probs for GDERKNQSTAVLIFYWHMCP>
#	G	D	E	R	K	N	Q	S	T	A	V	L	I	F	Y	W	H	M	C	P
0	0.32054	0.14789	0.08543	0.01668	0.06687	0.10812	0.01387	0.08647	0.01802	0.05439	0.01304	0.01469	0.01017	0.00749	0.00597	0.00221	0.00846	0.00504	0.00469	0.00997
1	0.06456	0.01951	0.02216	0.06564	0.04699	0.02203	0.01495	0.42206	0.09815	0.06627	0.01900	0.01976	0.01386	0.00946	0.00887	0.00246	0.05810	0.00704	0.00695	0.01217
2	0.01612	0.01390	0.01768	0.01309	0.01941	0.01112	0.05234	0.04410	0.01692	0.02565	0.01687	0.08395	0.01537	0.00771	0.00645	0.00148	0.00623	0.00666	0.00492	0.62003
3	0.01777	0.01831	0.02363	0.02033	0.02060	0.06895	0.01683	0.01949	0.01255	0.01868	0.01030	0.01676	0.01017	0.01320	0.02421	0.00330	0.66633	0.00667	0.00343	0.00852
4	0.01892	0.01551	0.01759	0.01295	0.01960	0.01349	0.01044	0.14865	0.04756	0.03034	0.01551	0.01713	0.01234	0.00666	0.00624	0.00145	0.00632	0.00525	0.00537	0.58867
5	0.00975	0.00707	0.00932	0.01083	0.01157	0.00648	0.00729	0.01119	0.01490	0.02004	0.04142	0.69045	0.04948	0.02345	0.00971	0.00306	0.00455	0.02125	0.00708	0.04111
6	0.01569	0.03913	0.65476	0.02264	0.03391	0.01809	0.06025	0.02457	0.01647	0.02457	0.01400	0.01660	0.00992	0.00732	0.00746	0.00246	0.01154	0.00590	0.00331	0.01141
7	0.01064	0.00797	0.00991	0.00959	0.01160	0.00723	0.00730	0.01390	0.02069	0.02822	0.49590	0.06366	0.21290	0.01708	0.00925	0.00255	0.00394	0.05241	0.00814	0.00712
8	0.00946	0.00721	0.00870	0.00971	0.01100	0.00645	0.00676	0.01118	0.01632	0.02099	0.09977	0.45319	0.26713	0.02210	0.00959	0.00292	0.00424	0.01953	0.00729	0.00645
9	0.01012	0.00749	0.00945	0.00982	0.01128	0.00682	0.00704	0.01266	0.01866	0.02531	0.34645	0.30181	0.16545	0.01954	0.00942	0.00273	0.00401	0.01732	0.00783	0.00682
10	0.01445	0.00723	0.00723	0.00723	0.00903	0.00723	0.00542	0.01807	0.01626	0.02891	0.02529	0.02891	0.01987	0.00903	0.00542	0.00181	0.00361	0.00723	0.77055	0.00723
11	0.00990	0.00723	0.00948	0.01084	0.01173	0.00657	0.00733	0.01139	0.01493	0.02017	0.04075	0.67401	0.04855	0.02302	0.00961	0.00301	0.00458	0.02085	0.00702	0.05900
12	0.01672	0.07812	0.01455	0.01085	0.01400	0.01027	0.00861	0.01979	0.02048	0.16801	0.36986	0.09706	0.11202	0.01461	0.00851	0.00242	0.00482	0.01256	0.00804	0.00868
13	0.04710	0.07139	0.02404	0.16443	0.02958	0.08706	0.01600	0.37204	0.02754	0.03611	0.01585	0.01793	0.01179	0.00876	0.00808	0.00235	0.03630	0.00648	0.00591	0.01127
14	0.07494	0.49986	0.07986	0.01693	0.06660	0.02713	0.03120	0.08352	0.01779	0.02342	0.01213	0.01398	0.01035	0.00699	0.00568	0.00190	0.00855	0.00484	0.00389	0.01042
15	0.02291	0.01119	0.01444	0.01221	0.01623	0.01029	0.00964	0.02773	0.08272	0.34156	0.22461	0.08809	0.07835	0.01319	0.00844	0.00250	0.00537	0.01126	0.00880	0.01048
16	0.06574	0.01730	0.01967	0.01467	0.02120	0.07812	0.07114	0.06537	0.01809	0.02685	0.01394	0.01630	0.01130	0.00637	0.00627	0.00153	0.00744	0.00521	0.00471	0.52878
17	0.04948	0.25984	0.16326	0.01718	0.02309	0.08972	0.03806	0.04085	0.01721	0.04461	0.06727	0.01875	0.01557	0.00890	0.00937	0.00228	0.11431	0.00613	0.00423	0.00988
18	0.01679	0.01329	0.01646	0.02977	0.01887	0.01333	0.03623	0.14240	0.09826	0.03067	0.14593	0.08458	0.06716	0.01351	0.00848	0.00250	0.00642	0.11878	0.00700	0.12957
19	0.06045	0.12605	0.13502	0.08172	0.21179	0.01905	0.06696	0.02376	0.03632	0.04496	0.01559	0.01898	0.01233	0.00764	0.00764	0.00229	0.03526	0.00644	0.07720	0.01056

[dist]
# distance from previous block
# <min> <max>
3	20

[block]
# block no. 3 follows, 25 sequences, length 101
# corresponding to MSA columns:
# 170-270
name=unknown_D
#
# <colnr> <probs for GDERKNQSTAVLIFYWHMCP>
#	G	D	E	R	K	N	Q	S	T	A	V	L	I	F	Y	W	H	M	C	P
0	0.04940	0.00885	0.01075	0.01000	0.01208	0.00837	0.00721	0.01620	0.01727	0.09508	0.25394	0.09438	0.10132	0.19622	0.05686	0.00432	0.00621	0.01232	0.00691	0.03231
1	0.09028	0.18752	0.02779	0.09587	0.11740	0.19027	0.03672	0.12099	0.02055	0.02593	0.01329	0.01589	0.01074	0.00758	0.00670	0.00213	0.01004	0.00564	0.00440	0.01027
2	0.01926	0.01475	0.01623	0.05987	0.01905	0.05464	0.01107	0.17359	0.04976	0.02854	0.01816	0.02293	0.01499	0.04699	0.01334	0.12165	0.05812	0.00688	0.15676	0.09341
3	0.01978	0.23922	0.18733	0.09759	0.02728	0.09854	0.01775	0.10583	0.01922	0.02422	0.01612	0.08334	0.01435	0.00914	0.00694	0.00223	0.00961	0.00703	0.00436	0.01013
4	0.72067	0.01485	0.01194	0.01049	0.01539	0.01690	0.00864	0.02403	0.01394	0.08833	0.01243	0.01373	0.00929	0.00740	0.00505	0.00240	0.00605	0.00450	0.00519	0.00879
5	0.00945	0.00675	0.00900	0.01080	0.01125	0.00630	0.00720	0.01080	0.01484	0.01979	0.04274	0.72245	0.05128	0.02429	0.00990	0.00315	0.00450	0.02204	0.00720	0.00630
6	0.78228	0.01499	0.01140	0.01020	0.01499	0.01739	0.00840	0.02279	0.01320	0.03479	0.01080	0.01260	0.00840	0.00720	0.00480	0.00240	0.00600	0.00420	0.00480	0.00840
7	0.01643	0.11121	0.55191	0.02309	0.06865	0.01945	0.05606	0.02438	0.01647	0.02394	0.01370	0.01633	0.01006	0.00722	0.00721	0.00237	0.01107	0.00579	0.00334	0.01130
8	0.01559	0.01326	0.01555	0.01143	0.01785	0.01004	0.00904	0.01888	0.01599	0.02486	0.01593	0.06847	0.01444	0.00712	0.00605	0.00130	0.00565	0.00589	0.00479	0.71790
9	0.01128	0.00752	0.00846	0.00846	0.00846	0.00752	0.00470	0.01128	0.01128	0.01503	0.02443	0.05074	0.02819	0.72751	0.03946	0.00752	0.00752	0.01128	0.00470	0.00470
10	0.01260	0.00883	0.01134	0.03605	0.01419	0.00833	0.00828	0.01640	0.05267	0.06480	0.31125	0.25232	0.10131	0.01724	0.00901	0.00262	0.00458	0.01525	0.00768	0.04525
11	0.01097	0.00793	0.01036	0.00975	0.01158	0.00732	0.00732	0.01463	0.02195	0.03109	0.67505	0.05792	0.07316	0.01585	0.00914	0.00244	0.00366	0.01402	0.00854	0.00732
12	0.01905	0.01944	0.03347	0.10204	0.45007	0.05051	0.16295	0.02401	0.01781	0.02443	0.01464	0.01946	0.01188	0.00695	0.00798	0.00238	0.01040	0.00732	0.00383	0.01139
13	0.00971	0.00788	0.00861	0.00843	0.01081	0.00678	0.00632	0.01219	0.01897	0.02402	0.25908	0.06956	0.49355	0.01849	0.00916	0.00256	0.00385	0.01566	0.00760	0.00678
14	0.01608	0.01378	0.01608	0.01148	0.01837	0.01034	0.00919	0.01952	0.01608	0.02527	0.01378	0.01608	0.01148	0.00574	0.00574	0.00115	0.00574	0.00459	0.00459	0.77491
15	0.03206	0.01327	0.01808	0.05469	0.02148	0.01201	0.01190	0.05959	0.02234	0.58373	0.06527	0.02752	0.02146	0.00983	0.00787	0.00241	0.00673	0.00806	0.00910	0.01260
16	0.01783	0.01558	0.02014	0.37382	0.03621	0.06505	0.01665	0.09991	0.05658	0.02511	0.01673	0.02150	0.01290	0.00928	0.00909	0.02918	0.04588	0.00691	0.11263	0.00904
17	0.02184	0.01360	0.01667	0.01220	0.01881	0.01066	0.00987	0.02515	0.01796	0.22819	0.01895	0.01925	0.01386	0.00693	0.00637	0.00153	0.00601	0.00558	0.00613	0.54045
18	0.01783	0.01416	0.01656	0.01195	0.01875	0.01111	0.00960	0.05375	0.01749	0.06347	0.01498	0.01679	0.01201	0.00615	0.00596	0.00128	0.00594	0.00490	0.00504	0.69228
19	0.00945	0.00675	0.00900	0.01080	0.01125	0.00630	0.00720	0.01080	0.01484	0.01979	0.04274	0.72245	0.05128	0.02429	0.00990	0.00315	0.00450	0.02204	0.00720	0.00630
20	0.01929	0.01666	0.01753	0.01578	0.02016	0.01929	0.01227	0.04120	0.66513	0.03243	0.03156	0.02893	0.02367	0.01052	0.00789	0.00263	0.00614	0.00877	0.00789	0.01227
21	0.01464	0.01378	0.02326	0.70887	0.05340	0.01723	0.02153	0.01981	0.01550	0.01981	0.01378	0.02067	0.01034	0.00775	0.00775	0.00258	0.01034	0.00689	0.00345	0.00861
22	0.01619	0.01388	0.01613	0.01164	0.01844	0.01066	0.00930	0.02030	0.03926	0.02552	0.01442	0.01654	0.01192	0.00591	0.00582	0.00120	0.00576	0.00474	0.00471	0.74767
23	0.01830	0.02092	0.04575	0.03268	0.04052	0.01961	0.65098	0.02484	0.01830	0.02484	0.01569	0.02092	0.01176	0.00654	0.00915	0.00261	0.01307	0.00915	0.00392	0.01046
24	0.01128	0.00752	0.00846	0.00846	0.00846	0.00752	0.00470	0.01128	0.01128	0.01503	0.02443	0.05074	0.02819	0.72751	0.03946	0.00752	0.00752	0.01128	0.00470	0.00470
25	0.01555	0.04011	0.68733	0.02210	0.03356	0.01801	0.02865	0.02455	0.01637	0.02455	0.01391	0.01637	0.00982	0.00737	0.00737	0.00246	0.01146	0.00573	0.00327	0.01146
26	0.01410	0.01254	0.02260	0.07535	0.09563	0.01217	0.18080	0.01753	0.01636	0.04365	0.02982	0.38184	0.03229	0.01591	0.00922	0.00285	0.00781	0.01532	0.00575	0.00846
27	0.03367	0.01295	0.01763	0.01360	0.01941	0.01120	0.01120	0.03670	0.02218	0.65374	0.06094	0.02788	0.02173	0.00989	0.00786	0.00240	0.00646	0.00809	0.00955	0.01292
28	0.05642	0.02121	0.02284	0.04062	0.02469	0.02358	0.01473	0.60917	0.03491	0.04738	0.01817	0.01846	0.01292	0.00918	0.00765	0.00234	0.00850	0.00688	0.00750	0.01286
29	0.01787	0.01745	0.03102	0.15489	0.44774	0.01781	0.11192	0.02279	0.01761	0.02463	0.04921	0.02171	0.01507	0.00747	0.00798	0.00240	0.00966	0.00760	0.00403	0.01114
30	0.01657	0.01656	0.02498	0.09959	0.02546	0.02211	0.06738	0.01909	0.01282	0.01925	0.01145	0.01824	0.01069	0.01415	0.04918	0.00360	0.54977	0.00705	0.00347	0.00859
31	0.01347	0.00673	0.01010	0.01010	0.01010	0.00673	0.00673	0.01010	0.01010	0.01347	0.01347	0.02357	0.01347	0.02694	0.03030	0.77441	0.00673	0.00673	0.00337	0.00337
32	0.01608	0.01378	0.01608	0.01148	0.01837	0.01034	0.00919	0.01952	0.01608	0.02527	0.01378	0.01608	0.01148	0.00574	0.00574	0.00115	0.00574	0.00459	0.00459	0.77491
33	0.01929	0.01666	0.01753	0.01578	0.02016	0.01929	0.01227	0.04120	0.66513	0.03243	0.03156	0.02893	0.02367	0.01052	0.00789	0.00263	0.00614	0.00877	0.00789	0.01227
34	0.02847	0.02122	0.02270	0.01764	0.02366	0.02357	0.01449	0.59275	0.09863	0.04724	0.01990	0.01964	0.01422	0.00943	0.00777	0.00236	0.00830	0.00716	0.00777	0.01310
35	0.01128	0.00752	0.00846	0.00846	0.00846	0.00752	0.00470	0.01128	0.01128	0.01503	0.02443	0.05074	0.02819	0.72751	0.03946	0.00752	0.00752	0.01128	0.00470	0.00470
36	0.01696	0.01696	0.02375	0.02036	0.02036	0.02375	0.01696	0.01866	0.01187	0.01866	0.01018	0.01696	0.01018	0.01357	0.02545	0.00339	0.71332	0.00679	0.00339	0.00848
37	0.01555	0.04011	0.68733	0.02210	0.03356	0.01801	0.02865	0.02455	0.01637	0.02455	0.01391	0.01637	0.00982	0.00737	0.00737	0.00246	0.01146	0.00573	0.00327	0.01146
38	0.02073	0.73217	0.04063	0.01327	0.01990	0.03068	0.01327	0.02322	0.01575	0.01824	0.01078	0.01244	0.00995	0.00663	0.00498	0.00166	0.00829	0.00415	0.00332	0.00995
39	0.01919	0.01842	0.03147	0.04759	0.67914	0.01842	0.02380	0.02380	0.01765	0.02533	0.01458	0.01919	0.01228	0.00691	0.00768	0.00230	0.00921	0.00691	0.00384	0.01228
40	0.01704	0.01870	0.03915	0.09508	0.03812	0.01826	0.50269	0.02275	0.01744	0.02362	0.01790	0.08855	0.01538	0.00865	0.00974	0.00269	0.04019	0.01008	0.00417	0.00980
41	0.01090	0.00792	0.01026	0.00967	0.01154	0.00728	0.00725	0.01448	0.02176	0.03065	0.64928	0.05864	0.09920	0.01601	0.00915	0.00245	0.00367	0.01412	0.00848	0.00728
42	0.01929	0.01666	0.01753	0.01578	0.02016	0.01929	0.01227	0.04120	0.66513	0.03243	0.03156	0.02893	0.02367	0.01052	0.00789	0.00263	0.00614	0.00877	0.00789	0.01227
43	0.01519	0.05075	0.01412	0.01147	0.01423	0.01132	0.00887	0.08869	0.06005	0.06497	0.40749	0.11124	0.05338	0.04163	0.00983	0.00265	0.00499	0.01271	0.00790	0.00852
44	0.07145	0.01328	0.01767	0.01362	0.01956	0.01169	0.01125	0.03705	0.02175	0.65265	0.02962	0.02571	0.01866	0.00948	0.00765	0.00240	0.00657	0.00762	0.00936	0.01296
45	0.00945	0.00675	0.00900	0.01080	0.01125	0.00630	0.00720	0.01080	0.01484	0.01979	0.04274	0.72245	0.05128	0.02429	0.00990	0.00315	0.00450	0.02204	0.00720	0.00630
46	0.01666	0.01617	0.02586	0.46910	0.25422	0.04361	0.02201	0.02152	0.01645	0.02156	0.01397	0.01994	0.01095	0.00749	0.00770	0.00247	0.01011	0.00682	0.00359	0.00981
47	0.78228	0.01499	0.01140	0.01020	0.01499	0.01739	0.00840	0.02279	0.01320	0.03479	0.01080	0.01260	0.00840	0.00720	0.00480	0.00240	0.00600	0.00420	0.00480	0.00840
48	0.01676	0.06513	0.43064	0.02544	0.03539	0.01916	0.24810	0.02459	0.01702	0.02436	0.01440	0.01780	0.01052	0.00704	0.00789	0.00248	0.01188	0.00687	0.00351	0.01104
49	0.01057	0.00759	0.00980	0.01119	0.01196	0.00729	0.00762	0.04683	0.01606	0.02142	0.04138	0.68297	0.04915	0.02345	0.00978	0.00310	0.00472	0.02120	0.00723	0.00668
50	0.01128	0.00752	0.00846	0.00846	0.00846	0.00752	0.00470	0.01128	0.01128	0.01503	0.02443	0.05074	0.02819	0.72751	0.03946	0.00752	0.00752	0.01128	0.00470	0.00470
51	0.11152	0.02003	0.01978	0.01635	0.02161	0.06120	0.01314	0.32485	0.25886	0.03960	0.02199	0.02136	0.01622	0.00943	0.00742	0.00242	0.00770	0.00719	0.00725	0.01206
52	0.02537	0.01557	0.01874	0.04254	0.02168	0.01454	0.01184	0.17505	0.04897	0.24513	0.02109	0.02073	0.01483	0.00811	0.00705	0.00195	0.00688	0.00646	0.00705	0.28642
53	0.05724	0.06620	0.05538	0.07646	0.09013	0.01763	0.06654	0.11420	0.01975	0.14980	0.01760	0.02039	0.01336	0.03473	0.00982	0.00247	0.06390	0.00674	0.00552	0.11216
54	0.01785	0.02407	0.15129	0.03094	0.03938	0.01934	0.54860	0.02479	0.01798	0.02479	0.01539	0.02017	0.01145	0.00667	0.00886	0.00259	0.01281	0.00859	0.00382	0.01062
55	0.01898	0.01821	0.03109	0.07835	0.65003	0.01837	0.02369	0.02361	0.01755	0.02507	0.01455	0.01926	0.01219	0.00695	0.00768	0.00232	0.00926	0.00691	0.00382	0.01211
56	0.03137	0.01563	0.04596	0.01481	0.02084	0.01401	0.01256	0.09975	0.11015	0.50534	0.02883	0.02554	0.01881	0.00960	0.00779	0.00243	0.00693	0.00776	0.00892	0.01300
57	0.01953	0.01738	0.02695	0.09473	0.37773	0.04375	0.05503	0.04696	0.04159	0.06815	0.03696	0.05611	0.01746	0.00918	0.00859	0.00247	0.03201	0.02946	0.00486	0.01110
58	0.01233	0.00887	0.01227	0.01396	0.01579	0.00881	0.01217	0.01582	0.01784	0.02309	0.04289	0.08683	0.07559	0.02133	0.01063	0.00352	0.00698	0.59701	0.00714	0.00711
59	0.04409	0.01906	0.05705	0.07327	0.03068	0.02127	0.25872	0.02146	0.01479	0.02188	0.01269	0.01855	0.01072	0.01002	0.01658	0.00297	0.34562	0.00756	0.00364	0.00935
60	0.10842	0.06557	0.24220	0.01845	0.05800	0.01772	0.01787	0.05671	0.15848	0.05511	0.02174	0.05037	0.01812	0.01008	0.00750	0.00255	0.00836	0.06650	0.00547	0.01079
61	0.01201	0.00955	0.01370	0.01318	0.01418	0.01159	0.01019	0.01427	0.01222	0.01773	0.01959	0.03092	0.01906	0.13522	0.51052	0.01044	0.12619	0.00844	0.00410	0.00688
62	0.01249	0.00892	0.01249	0.01428	0.01606	0.00892	0.01249	0.01606	0.01785	0.02320	0.04105	0.08746	0.04462	0.02142	0.01071	0.00357	0.00714	0.62695	0.00714	0.00714
63	0.01770	0.01424	0.04630	0.01609	0.04359	0.03686	0.01311	0.06003	0.15798	0.08453	0.03308	0.09797	0.03160	0.01542	0.00903	0.00295	0.00716	0.26690	0.03595	0.00952
64	0.02339	0.01638	0.04653	0.01499	0.01985	0.01621	0.01240	0.21904	0.16569	0.17100	0.11184	0.09594	0.02811	0.01186	0.00817	0.00251	0.00671	0.00987	0.00802	0.01148
65	0.03479	0.01320	0.01799	0.01380	0.01979	0.01140	0.01140	0.03779	0.02219	0.68451	0.03059	0.02639	0.01919	0.00960	0.00780	0.00240	0.00660	0.00780	0.00960	0.01320
66	0.01010	0.00763	0.00933	0.00946	0.01119	0.00686	0.00689	0.01274	0.01907	0.02557	0.35776	0.21939	0.23791	0.01891	0.00933	0.00266	0.00393	0.01657	0.00784	0.00686
67	0.02451	0.02007	0.10421	0.05442	0.04949	0.05671	0.03767	0.06942	0.22878	0.23378	0.02503	0.02402	0.01759	0.00920	0.00776	0.00247	0.00812	0.00761	0.00708	0.01206
68	0.03447	0.01370	0.01830	0.01403	0.02004	0.01214	0.01159	0.07406	0.02303	0.64705	0.02988	0.02593	0.01884	0.00958	0.00779	0.00239	0.00671	0.00775	0.00949	0.01319
69	0.03479	0.01320	0.01799	0.01380	0.01979	0.01140	0.01140	0.03779	0.02219	0.68451	0.03059	0.02639	0.01919	0.00960	0.00780	0.00240	0.00660	0.00780	0.00960	0.01320
70	0.01696	0.01767	0.06018	0.33143	0.31612	0.01800	0.08348	0.02221	0.01672	0.02286	0.01431	0.01987	0.01127	0.00726	0.00784	0.00246	0.01018	0.00706	0.00365	0.01048
71	0.02914	0.04794	0.09780	0.01616	0.02280	0.01608	0.03761	0.18108	0.02435	0.37981	0.02629	0.02445	0.04117	0.00942	0.00772	0.00237	0.00782	0.00759	0.00787	0.01250
72	0.66215	0.01471	0.01246	0.01077	0.01577	0.01643	0.00888	0.02520	0.01464	0.13920	0.01398	0.01481	0.01013	0.00758	0.00528	0.00240	0.00609	0.00478	0.00557	0.00917
73	0.07575	0.01737	0.02965	0.13195	0.23026	0.01849	0.17180	0.04591	0.01714	0.05544	0.01481	0.01956	0.01174	0.00865	0.01064	0.03100	0.08799	0.00727	0.00422	0.01033
74	0.04794	0.05241	0.35370	0.07680	0.09234	0.01732	0.05172	0.02605	0.04519	0.10791	0.01780	0.02163	0.01334	0.00828	0.00754	0.00248	0.00989	0.03189	0.00459	0.01117
75	0.01377	0.01337	0.10334	0.03997	0.01884	0.01017	0.04540	0.03634	0.01679	0.07245	0.03456	0.42664	0.03788	0.01862	0.00930	0.00297	0.00664	0.07827	0.00656	0.00811
76	0.73922	0.01493	0.01206	0.04938	0.01715	0.01738	0.00913	0.02262	0.01332	0.03395	0.01096	0.01305	0.00851	0.00723	0.00496	0.00241	0.00624	0.00435	0.00472	0.00841
77	0.01232	0.00880	0.01230	0.01408	0.01579	0.00878	0.01220	0.01577	0.01768	0.02301	0.04115	0.12307	0.04500	0.02158	0.01066	0.00355	0.00699	0.59303	0.00714	0.00709
78	0.01780	0.24686	0.38740	0.01914	0.02803	0.06134	0.05067	0.02402	0.01689	0.02267	0.04757	0.01742	0.01328	0.00759	0.00680	0.00219	0.01031	0.00580	0.00363	0.01059
79	0.06031	0.01362	0.01775	0.01358	0.01963	0.01195	0.01118	0.05692	0.02176	0.57355	0.02779	0.02460	0.01783	0.00912	0.00748	0.00227	0.00656	0.00732	0.00886	0.08793
80	0.01090	0.00792	0.01026	0.00968	0.01154	0.00728	0.00726	0.01449	0.02177	0.03068	0.65055	0.05860	0.09792	0.01601	0.00915	0.00245	0.00367	0.01412	0.00848	0.00728
81	0.78228	0.01499	0.01140	0.01020	0.01499	0.01739	0.00840	0.02279	0.01320	0.03479	0.01080	0.01260	0.00840	0.00720	0.00480	0.00240	0.00600	0.00420	0.00480	0.00840
82	0.06914	0.01328	0.01769	0.01363	0.01957	0.01167	0.01126	0.03710	0.02178	0.65465	0.02968	0.02576	0.01870	0.00949	0.00766	0.00240	0.00657	0.00763	0.00938	0.01297
83	0.01395	0.00858	0.01132	0.01026	0.01261	0.00783	0.00783	0.01752	0.02198	0.11266	0.59460	0.05398	0.06642	0.01507	0.00898	0.00243	0.00402	0.01325	0.00867	0.00805
84	0.01059	0.00800	0.00984	0.00964	0.01170	0.00725	0.00741	0.01374	0.02028	0.02731	0.43600	0.06578	0.24816	0.01752	0.00931	0.00260	0.00408	0.07569	0.00800	0.00707
85	0.01097	0.00793	0.01036	0.00975	0.01158	0.00732	0.00732	0.01463	0.02195	0.03109	0.67505	0.05792	0.07316	0.01585	0.00914	0.00244	0.00366	0.01402	0.00854	0.00732
86	0.02129	0.68505	0.03937	0.01372	0.02018	0.07580	0.01338	0.02374	0.01618	0.01829	0.01086	0.01254	0.00995	0.00673	0.00511	0.00168	0.00868	0.00420	0.00336	0.00989
87	0.01660	0.01409	0.01636	0.01173	0.01860	0.01087	0.00941	0.04441	0.01688	0.02619	0.01397	0.01618	0.01155	0.00588	0.00582	0.00119	0.00585	0.00469	0.00472	0.74500
88	0.02151	0.02465	0.22085	0.02380	0.11125	0.05657	0.11988	0.07881	0.02020	0.15023	0.04296	0.02401	0.05193	0.00876	0.00794	0.00242	0.00974	0.00774	0.00544	0.01132
89	0.02164	0.01965	0.09375	0.04067	0.04617	0.01893	0.01531	0.17452	0.32245	0.07841	0.02603	0.02811	0.01994	0.01030	0.00796	0.00257	0.00761	0.04683	0.00713	0.01201
90	0.11445	0.16372	0.40507	0.02018	0.02947	0.02048	0.09654	0.02411	0.01608	0.02471	0.01314	0.01569	0.00989	0.00711	0.00680	0.00232	0.01036	0.00564	0.00355	0.01067
91	0.04758	0.01671	0.02983	0.34541	0.12829	0.01823	0.20024	0.02359	0.06792	0.02358	0.01572	0.02087	0.01198	0.00749	0.00803	0.00255	0.01046	0.00758	0.00404	0.00991
92	0.00990	0.00813	0.00921	0.03866	0.01263	0.00722	0.00696	0.01247	0.01876	0.02369	0.24006	0.06769	0.48118	0.01808	0.00910	0.00257	0.00413	0.01531	0.00741	0.00685
93	0.00989	0.00762	0.00904	0.00924	0.01106	0.00677	0.00672	0.01233	0.01856	0.02437	0.28749	0.22196	0.30831	0.01936	0.00933	0.00268	0.00396	0.01686	0.00769	0.00677
94	0.03479	0.01320	0.01799	0.01380	0.01979	0.01140	0.01140	0.03779	0.02219	0.68451	0.03059	0.02639	0.01919	0.00960	0.00780	0.00240	0.00660	0.00780	0.00960	0.01320
95	0.01130	0.00838	0.01059	0.00996	0.01197	0.00790	0.00749	0.01582	0.05539	0.03057	0.60618	0.05738	0.10610	0.01580	0.00908	0.00246	0.00380	0.01388	0.00842	0.00753
96	0.63826	0.01515	0.01298	0.01113	0.01617	0.01699	0.00917	0.06195	0.01577	0.12224	0.01390	0.01479	0.01012	0.00764	0.00537	0.00239	0.00623	0.00484	0.00561	0.00932
97	0.01696	0.01696	0.02375	0.02036	0.02036	0.02375	0.01696	0.01866	0.01187	0.01866	0.01018	0.01696	0.01018	0.01357	0.02545	0.00339	0.71332	0.00679	0.00339	0.00848
98	0.02073	0.73217	0.04063	0.01327	0.01990	0.03068	0.01327	0.02322	0.01575	0.01824	0.01078	0.01244	0.00995	0.00663	0.00498	0.00166	0.00829	0.00415	0.00332	0.00995
99	0.01422	0.00751	0.00806	0.04004	0.01121	0.00765	0.00626	0.01779	0.01616	0.02804	0.02561	0.06254	0.02097	0.00972	0.00575	0.00191	0.00397	0.00794	0.69743	0.00725
100	0.01780	0.01505	0.02329	0.51896	0.09142	0.01782	0.02000	0.08853	0.05007	0.05869	0.01610	0.02106	0.01189	0.00809	0.00776	0.00253	0.00966	0.00704	0.00447	0.00977

[dist]
# distance from previous block
# <min> <max>
0	1

[block]
# block no. 4 follows, 25 sequences, length 27
# corresponding to MSA columns:
# 272-298
name=unknown_E
#
# <colnr> <probs for GDERKNQSTAVLIFYWHMCP>
#	G	D	E	R	K	N	Q	S	T	A	V	L	I	F	Y	W	H	M	C	P
0	0.56289	0.01509	0.01503	0.05616	0.05102	0.01697	0.03657	0.04780	0.01522	0.06054	0.01331	0.01548	0.01012	0.00748	0.00558	0.00238	0.00670	0.00513	0.04755	0.00901
1	0.07123	0.29182	0.06202	0.04914	0.05862	0.05407	0.01434	0.07002	0.09131	0.06723	0.01608	0.01822	0.01303	0.03126	0.00796	0.00227	0.03031	0.00584	0.00481	0.04038
2	0.01710	0.01726	0.02310	0.01994	0.02015	0.04794	0.01652	0.01887	0.01228	0.01864	0.01079	0.01755	0.01065	0.01566	0.05938	0.00381	0.65170	0.00680	0.00345	0.00842
3	0.01608	0.01378	0.01608	0.01148	0.01837	0.01034	0.00919	0.01952	0.01608	0.02527	0.01378	0.01608	0.01148	0.00574	0.00574	0.00115	0.00574	0.00459	0.00459	0.77491
4	0.00945	0.00675	0.00900	0.01080	0.01125	0.00630	0.00720	0.01080	0.01484	0.01979	0.04274	0.72245	0.05128	0.02429	0.00990	0.00315	0.00450	0.02204	0.00720	0.00630
5	0.01635	0.01645	0.02576	0.02131	0.02271	0.02111	0.12055	0.01887	0.01318	0.01973	0.01399	0.07037	0.01391	0.01530	0.05323	0.00367	0.51275	0.00837	0.00380	0.00857
6	0.01696	0.01696	0.02375	0.02036	0.02036	0.02375	0.01696	0.01866	0.01187	0.01866	0.01018	0.01696	0.01018	0.01357	0.02545	0.00339	0.71332	0.00679	0.00339	0.00848
7	0.03479	0.01320	0.01799	0.01380	0.01979	0.01140	0.01140	0.03779	0.02219	0.68451	0.03059	0.02639	0.01919	0.00960	0.00780	0.00240	0.00660	0.00780	0.00960	0.01320
8	0.01191	0.00814	0.01059	0.00985	0.01189	0.00746	0.00743	0.01547	0.02179	0.05817	0.62485	0.05724	0.09424	0.01573	0.00909	0.00244	0.00379	0.01385	0.00853	0.00753
9	0.01284	0.00932	0.01275	0.01436	0.01628	0.00946	0.01248	0.01736	0.05115	0.02368	0.04056	0.08445	0.04355	0.02086	0.01056	0.00352	0.00709	0.59515	0.00718	0.00740
10	0.01097	0.00793	0.01036	0.00975	0.01158	0.00732	0.00732	0.01463	0.02195	0.03109	0.67505	0.05792	0.07316	0.01585	0.00914	0.00244	0.00366	0.01402	0.00854	0.00732
11	0.01426	0.00727	0.00740	0.00737	0.00918	0.00723	0.00553	0.01788	0.01658	0.02903	0.06144	0.03052	0.02284	0.00941	0.00563	0.00184	0.00362	0.00760	0.72816	0.00723
12	0.00933	0.00786	0.00808	0.00803	0.01057	0.00662	0.00602	0.01145	0.01806	0.02187	0.13270	0.07310	0.62127	0.01929	0.00916	0.00260	0.00390	0.01615	0.00732	0.00662
13	0.02073	0.73217	0.04063	0.01327	0.01990	0.03068	0.01327	0.02322	0.01575	0.01824	0.01078	0.01244	0.00995	0.00663	0.00498	0.00166	0.00829	0.00415	0.00332	0.00995
14	0.00945	0.00675	0.00900	0.01080	0.01125	0.00630	0.00720	0.01080	0.01484	0.01979	0.04274	0.72245	0.05128	0.02429	0.00990	0.00315	0.00450	0.02204	0.00720	0.00630
15	0.01097	0.00793	0.01036	0.00975	0.01158	0.00732	0.00732	0.01463	0.02195	0.03109	0.67505	0.05792	0.07316	0.01585	0.00914	0.00244	0.00366	0.01402	0.00854	0.00732
16	0.03479	0.01320	0.01799	0.01380	0.01979	0.01140	0.01140	0.03779	0.02219	0.68451	0.03059	0.02639	0.01919	0.00960	0.00780	0.00240	0.00660	0.00780	0.00960	0.01320
17	0.01627	0.01448	0.02528	0.37010	0.07120	0.01648	0.12973	0.02075	0.01581	0.04738	0.01568	0.02172	0.01222	0.01087	0.03722	0.03467	0.06231	0.00739	0.06152	0.00890
18	0.28154	0.01837	0.01851	0.01477	0.02041	0.02029	0.01216	0.35304	0.05195	0.11077	0.01778	0.01783	0.01263	0.00868	0.00678	0.00237	0.00738	0.00621	0.00697	0.01155
19	0.01821	0.02066	0.04433	0.03188	0.03922	0.01988	0.60994	0.02444	0.01788	0.02444	0.01533	0.02066	0.01166	0.00699	0.01021	0.00266	0.05840	0.00900	0.00389	0.01033
20	0.71584	0.04557	0.01294	0.01049	0.01542	0.01769	0.00874	0.02349	0.01371	0.06353	0.01169	0.01321	0.00895	0.00728	0.00494	0.00237	0.00612	0.00436	0.00495	0.00868
21	0.74722	0.01531	0.01195	0.01055	0.01542	0.01770	0.00869	0.05215	0.01428	0.03544	0.01116	0.01288	0.00862	0.00730	0.00494	0.00240	0.00612	0.00433	0.00494	0.00862
22	0.78228	0.01499	0.01140	0.01020	0.01499	0.01739	0.00840	0.02279	0.01320	0.03479	0.01080	0.01260	0.00840	0.00720	0.00480	0.00240	0.00600	0.00420	0.00480	0.00840
23	0.02351	0.01126	0.01432	0.01266	0.03764	0.01088	0.00967	0.05492	0.02003	0.30119	0.08896	0.02931	0.02373	0.01008	0.00789	0.00223	0.03869	0.00808	0.28475	0.01021
24	0.01162	0.00882	0.01294	0.01272	0.01403	0.01048	0.00995	0.01436	0.01261	0.01857	0.02030	0.02951	0.01881	0.05287	0.61961	0.01135	0.06477	0.00816	0.04148	0.00704
25	0.06205	0.04353	0.06797	0.16845	0.05814	0.04057	0.08212	0.15260	0.08958	0.02955	0.01759	0.02065	0.01342	0.01041	0.03862	0.00281	0.00956	0.00697	0.05105	0.03434
26	0.01134	0.00832	0.01119	0.01115	0.01184	0.00929	0.00789	0.01284	0.01214	0.01699	0.02335	0.09037	0.02483	0.31957	0.34852	0.00932	0.04997	0.01045	0.00456	0.00607

[dist]
# distance from previous block
# <min> <max>
0	1

[block]
# block no. 5 follows, 25 sequences, length 11
# corresponding to MSA columns:
# 300-310
name=unknown_F
#
# <colnr> <probs for GDERKNQSTAVLIFYWHMCP>
#	G	D	E	R	K	N	Q	S	T	A	V	L	I	F	Y	W	H	M	C	P
0	0.09996	0.01745	0.02677	0.15477	0.31896	0.01843	0.06826	0.08665	0.05106	0.02801	0.01534	0.01918	0.01211	0.00743	0.00743	0.00235	0.00899	0.00679	0.00450	0.04554
1	0.01144	0.00873	0.01273	0.01253	0.01370	0.01030	0.00963	0.01387	0.01231	0.01775	0.02051	0.03166	0.01971	0.12088	0.59370	0.01145	0.05965	0.00851	0.00416	0.00680
2	0.01811	0.05611	0.05086	0.01287	0.01956	0.01319	0.01097	0.02432	0.10735	0.07314	0.01731	0.01842	0.01357	0.00682	0.00623	0.00154	0.00628	0.00544	0.00528	0.53263
3	0.09335	0.01498	0.04021	0.01449	0.02008	0.01382	0.01229	0.05916	0.04776	0.50946	0.02652	0.02405	0.01730	0.00964	0.00881	0.00248	0.05747	0.00737	0.00841	0.01237
4	0.01445	0.00723	0.00723	0.00723	0.00903	0.00723	0.00542	0.01807	0.01626	0.02891	0.02529	0.02891	0.01987	0.00903	0.00542	0.00181	0.00361	0.00723	0.77055	0.00723
5	0.01764	0.01675	0.02843	0.37590	0.11068	0.01865	0.15408	0.08128	0.07137	0.02516	0.01617	0.02105	0.01220	0.00777	0.00805	0.00254	0.01029	0.00753	0.00435	0.01011
6	0.01301	0.00887	0.01036	0.00986	0.01059	0.00925	0.00630	0.07017	0.01366	0.01841	0.02298	0.04420	0.02513	0.55169	0.11397	0.04156	0.00914	0.01033	0.00485	0.00568
7	0.02026	0.01596	0.01660	0.01434	0.01844	0.04737	0.01121	0.16986	0.26874	0.06937	0.07948	0.03500	0.10705	0.05466	0.03363	0.00313	0.00718	0.00961	0.00742	0.01067
8	0.02071	0.01624	0.06552	0.01580	0.05743	0.01401	0.01255	0.17624	0.02249	0.11859	0.09031	0.09526	0.02370	0.01038	0.00751	0.00213	0.00673	0.00868	0.03261	0.20310
9	0.02122	0.01454	0.01709	0.01301	0.01909	0.01288	0.01046	0.09740	0.08913	0.15462	0.05761	0.02212	0.01801	0.00798	0.00679	0.00175	0.00615	0.00647	0.00649	0.41719
10	0.10937	0.25255	0.11284	0.01672	0.05589	0.06478	0.01491	0.09699	0.04714	0.05029	0.03522	0.01768	0.01361	0.00985	0.03482	0.00250	0.00898	0.00572	0.00475	0.04539

[dist]
# distance from previous block
# <min> <max>
0	24

[block]
# block no. 6 follows, 25 sequences, length 78
# corresponding to MSA columns:
# 335-412
name=unknown_G
#
# <colnr> <probs for GDERKNQSTAVLIFYWHMCP>
#	G	D	E	R	K	N	Q	S	T	A	V	L	I	F	Y	W	H	M	C	P
0	0.14644	0.02285	0.22615	0.01733	0.02435	0.03691	0.08105	0.02523	0.04399	0.12086	0.07336	0.05285	0.01897	0.00906	0.00733	0.00238	0.00848	0.00755	0.00542	0.06943
1	0.19077	0.02141	0.04532	0.06056	0.02341	0.12828	0.01373	0.21115	0.10161	0.10353	0.01819	0.01868	0.01322	0.00864	0.00700	0.00236	0.00860	0.00630	0.00627	0.01100
2	0.30503	0.01544	0.01676	0.01339	0.01875	0.01596	0.03855	0.13326	0.04052	0.14306	0.04506	0.02053	0.01549	0.03318	0.00761	0.00241	0.00677	0.00636	0.00629	0.11557
3	0.01599	0.01912	0.09829	0.05263	0.08572	0.01624	0.36742	0.02146	0.01744	0.02395	0.04651	0.15560	0.02152	0.01045	0.00895	0.00267	0.01049	0.01120	0.00464	0.00972
