[name]
unknown

[dist]
# distance from previous block
# <min> <max>
0	72

[block]
# block no. 0 follows, 25 sequences, length 7
# corresponding to MSA columns:
# 72-78
name=unknown_A
#
# <colnr> <probs for GDERKNQSTAVLIFYWHMCP>
#	G	D	E	R	K	N	Q	S	T	A	V	L	I	F	Y	W	H	M	C	P
0	0.05577	0.00946	0.01201	0.06117	0.01625	0.00958	0.00963	0.05578	0.01746	0.04666	0.08530	0.29330	0.10717	0.01926	0.01061	0.05417	0.00579	0.11655	0.00675	0.00731
1	0.01316	0.00883	0.01088	0.01083	0.01248	0.00823	0.00743	0.04574	0.01562	0.06112	0.03316	0.40287	0.03744	0.19486	0.01654	0.00393	0.00571	0.01589	0.00647	0.08880
2	0.01293	0.01146	0.01872	0.01631	0.01916	0.01114	0.16035	0.01779	0.08527	0.02225	0.03628	0.33151	0.08581	0.07807	0.01202	0.00333	0.00709	0.05637	0.00628	0.00786
3	0.09586	0.01650	0.02023	0.04633	0.17098	0.04079	0.01437	0.17820	0.05548	0.09362	0.08962	0.07731	0.04615	0.01069	0.00778	0.00243	0.00743	0.00896	0.00648	0.01080
4	0.01553	0.01014	0.01217	0.01187	0.01416	0.01019	0.00861	0.02185	0.16455	0.11627	0.07940	0.31391	0.07406	0.09523	0.01229	0.00333	0.00541	0.01500	0.00751	0.00853
5	0.01246	0.00904	0.01097	0.01132	0.01262	0.00916	0.00803	0.05578	0.06764	0.02296	0.09863	0.31862	0.04229	0.19849	0.01707	0.00413	0.00585	0.08115	0.00679	0.00700
6	0.01843	0.01108	0.01319	0.01151	0.01433	0.01114	0.00870	0.13710	0.02108	0.12790	0.17954	0.07978	0.03456	0.14578	0.04883	0.00381	0.00663	0.01058	0.10731	0.00872

[dist]
# distance from previous block
# <min> <max>
0	1

[block]
# block no. 1 follows, 25 sequences, length 8
# corresponding to MSA columns:
# 80-87
name=unknown_B
#
# <colnr> <probs for GDERKNQSTAVLIFYWHMCP>
#	G	D	E	R	K	N	Q	S	T	A	V	L	I	F	Y	W	H	M	C	P
0	0.01208	0.00747	0.00985	0.01061	0.01155	0.00698	0.00721	0.01332	0.01538	0.07278	0.09816	0.47893	0.04568	0.10771	0.01450	0.05127	0.00509	0.01789	0.00698	0.00657
1	0.01290	0.00769	0.00869	0.00914	0.01045	0.00762	0.00642	0.04168	0.01611	0.02500	0.03149	0.29153	0.03220	0.08345	0.01046	0.00288	0.00453	0.01318	0.37770	0.00689
2	0.01101	0.00860	0.01192	0.01252	0.01381	0.00845	0.04237	0.01491	0.08694	0.02146	0.04004	0.60804	0.04610	0.02181	0.00963	0.00306	0.00514	0.01988	0.00710	0.00718
3	0.06877	0.01056	0.01303	0.01150	0.01474	0.01017	0.00888	0.02363	0.08197	0.20917	0.32032	0.09614	0.04608	0.03853	0.00949	0.00268	0.00506	0.01171	0.00828	0.00930
4	0.35789	0.07273	0.01751	0.01331	0.01756	0.01927	0.01102	0.14103	0.05636	0.03342	0.07463	0.04053	0.01767	0.00975	0.00838	0.00248	0.08462	0.00670	0.00567	0.00950
5	0.01883	0.01423	0.02050	0.01645	0.02119	0.01364	0.12175	0.10223	0.09162	0.10643	0.06886	0.18864	0.02741	0.01234	0.00827	0.00242	0.00709	0.01125	0.00670	0.14015
6	0.10137	0.01082	0.01266	0.01113	0.01438	0.01068	0.00870	0.05606	0.06136	0.13279	0.38957	0.04508	0.08792	0.01347	0.00830	0.00244	0.00481	0.01140	0.00812	0.00893
7	0.01477	0.03589	0.01614	0.12484	0.02082	0.01316	0.01176	0.05198	0.01660	0.05882	0.08689	0.24247	0.06796	0.04421	0.01350	0.03340	0.12023	0.01282	0.00588	0.00785

[dist]
# distance from previous block
# <min> <max>
0	2

[block]
# block no. 2 follows, 25 sequences, length 279
# corresponding to MSA columns:
# 90-368
name=unknown_C
#
# <colnr> <probs for GDERKNQSTAVLIFYWHMCP>
#	G	D	E	R	K	N	Q	S	T	A	V	L	I	F	Y	W	H	M	C	P
0	0.10329	0.02105	0.02116	0.01663	0.02250	0.06836	0.01359	0.46054	0.05378	0.08381	0.01839	0.01845	0.01317	0.00892	0.00733	0.00228	0.00833	0.00658	0.00719	0.04463
1	0.01864	0.04630	0.06959	0.03022	0.03807	0.01977	0.55511	0.04945	0.01877	0.02556	0.01549	0.02017	0.01167	0.00665	0.00875	0.00251	0.01239	0.00859	0.00405	0.03825
2	0.01925	0.53493	0.22494	0.01578	0.02379	0.02707	0.01765	0.02360	0.01593	0.02004	0.01167	0.01356	0.00991	0.00684	0.00566	0.00189	0.00919	0.00460	0.00330	0.01038
3	0.01177	0.00855	0.01156	0.01305	0.01480	0.00834	0.01105	0.01494	0.01769	0.02291	0.06915	0.14782	0.11612	0.02130	0.01040	0.00338	0.00639	0.47658	0.00720	0.00700
4	0.01878	0.01492	0.01717	0.01258	0.01926	0.01253	0.01013	0.10600	0.04184	0.05658	0.01576	0.01731	0.01247	0.00655	0.00617	0.00141	0.00617	0.00520	0.00535	0.61382
5	0.01128	0.00861	0.01286	0.01274	0.01407	0.01019	0.00995	0.01401	0.01244	0.01802	0.02040	0.02999	0.01906	0.05659	0.67323	0.01214	0.04507	0.00825	0.00413	0.00698
6	0.01696	0.03814	0.63832	0.02149	0.03255	0.01752	0.02738	0.02552	0.01680	0.07288	0.01514	0.01710	0.01051	0.00753	0.00740	0.00245	0.01110	0.00588	0.00374	0.01159
7	0.01653	0.15552	0.39829	0.01968	0.02735	0.02103	0.02249	0.02252	0.01511	0.02186	0.01292	0.01652	0.01041	0.01115	0.04608	0.00303	0.16001	0.00581	0.00335	0.01033
8	0.01116	0.00852	0.01201	0.04223	0.01515	0.00932	0.00969	0.01449	0.04072	0.01970	0.03131	0.21053	0.06645	0.04041	0.37276	0.00803	0.01360	0.06140	0.00545	0.00705
9	0.01055	0.00768	0.01016	0.01167	0.01288	0.00729	0.00894	0.01284	0.01647	0.02153	0.06855	0.40337	0.11761	0.02247	0.01008	0.00322	0.00534	0.23547	0.00722	0.00666
10	0.03038	0.01959	0.13439	0.01606	0.02304	0.01514	0.01506	0.16243	0.02413	0.43975	0.02525	0.02306	0.01634	0.00915	0.00771	0.00239	0.00783	0.00727	0.00813	0.01289
11	0.01830	0.02092	0.04575	0.03268	0.04052	0.01961	0.65098	0.02484	0.01830	0.02484	0.01569	0.02092	0.01176	0.00654	0.00915	0.00261	0.01307	0.00915	0.00392	0.01046
12	0.00965	0.00758	0.00880	0.00965	0.01139	0.00673	0.00712	0.01157	0.01667	0.02079	0.06137	0.30949	0.37887	0.02152	0.00960	0.00292	0.00450	0.08809	0.00719	0.00652
13	0.01774	0.02049	0.06502	0.10929	0.06333	0.01947	0.49793	0.02386	0.01752	0.02392	0.01505	0.02043	0.01146	0.00712	0.00980	0.00264	0.05232	0.00855	0.00381	0.01024
14	0.05931	0.01342	0.01745	0.01366	0.01928	0.01223	0.01120	0.05859	0.05531	0.56317	0.07003	0.02772	0.02221	0.00994	0.00778	0.00241	0.00644	0.00808	0.00920	0.01260
15	0.01445	0.00723	0.00723	0.00723	0.00903	0.00723	0.00542	0.01807	0.01626	0.02891	0.02529	0.02891	0.01987	0.00903	0.00542	0.00181	0.00361	0.00723	0.77055	0.00723
16	0.01608	0.01378	0.01608	0.01148	0.01837	0.01034	0.00919	0.01952	0.01608	0.02527	0.01378	0.01608	0.01148	0.00574	0.00574	0.00115	0.00574	0.00459	0.00459	0.77491
17	0.01867	0.01806	0.03120	0.09251	0.56138	0.01807	0.06639	0.02340	0.01748	0.02490	0.01457	0.01928	0.01207	0.00689	0.00770	0.00229	0.00941	0.00696	0.00385	0.04493
18	0.01555	0.04011	0.68733	0.02210	0.03356	0.01801	0.02865	0.02455	0.01637	0.02455	0.01391	0.01637	0.00982	0.00737	0.00737	0.00246	0.01146	0.00573	0.00327	0.01146
19	0.01445	0.00723	0.00723	0.00723	0.00903	0.00723	0.00542	0.01807	0.01626	0.02891	0.02529	0.02891	0.01987	0.00903	0.00542	0.00181	0.00361	0.00723	0.77055	0.00723
20	0.01746	0.01674	0.02230	0.33794	0.03578	0.06738	0.01805	0.06689	0.05979	0.02227	0.01461	0.02015	0.01188	0.01250	0.05162	0.00331	0.20117	0.00694	0.00412	0.00908
21	0.01445	0.00723	0.00723	0.00723	0.00903	0.00723	0.00542	0.01807	0.01626	0.02891	0.02529	0.02891	0.01987	0.00903	0.00542	0.00181	0.00361	0.00723	0.77055	0.00723
22	0.01538	0.01304	0.01533	0.01141	0.01762	0.00991	0.00898	0.01860	0.01595	0.02469	0.01684	0.09071	0.01569	0.00770	0.00618	0.00136	0.00561	0.00644	0.00487	0.69370
23	0.01691	0.01512	0.02083	0.04336	0.02315	0.01251	0.09962	0.04773	0.01725	0.02600	0.01426	0.01705	0.01155	0.00609	0.00639	0.00146	0.00708	0.00543	0.00459	0.60362
24	0.02883	0.05937	0.02326	0.01884	0.02383	0.39828	0.01481	0.28126	0.02755	0.03098	0.01461	0.01578	0.01127	0.00846	0.00722	0.00212	0.01155	0.00576	0.00548	0.01072
25	0.01103	0.00756	0.00839	0.00839	0.00869	0.00741	0.00483	0.01126	0.01201	0.01571	0.03061	0.05347	0.10212	0.64672	0.03601	0.00696	0.00711	0.01186	0.00498	0.00491
26	0.01674	0.01376	0.01615	0.01157	0.01843	0.01037	0.00927	0.02017	0.01630	0.04874	0.01438	0.01645	0.01176	0.00588	0.00582	0.00119	0.00577	0.00471	0.00477	0.74778
27	0.02125	0.02331	0.02314	0.33504	0.06308	0.27107	0.01844	0.06389	0.01906	0.02147	0.01320	0.01774	0.01045	0.00831	0.00869	0.00239	0.06017	0.00618	0.00393	0.00918
28	0.03399	0.01337	0.01797	0.01390	0.01981	0.01180	0.01144	0.03796	0.05512	0.65111	0.03064	0.02652	0.01942	0.00964	0.00780	0.00241	0.00657	0.00785	0.00951	0.01315
29	0.01107	0.00799	0.01050	0.01004	0.01187	0.00742	0.00764	0.01472	0.02169	0.03060	0.63517	0.05978	0.07136	0.01620	0.00924	0.00251	0.00388	0.05258	0.00845	0.00730
30	0.01108	0.00831	0.01246	0.01246	0.01385	0.00969	0.00969	0.01385	0.01246	0.01800	0.02077	0.03046	0.01938	0.05815	0.69678	0.01246	0.02077	0.00831	0.00415	0.00692
31	0.01445	0.00723	0.00723	0.00723	0.00903	0.00723	0.00542	0.01807	0.01626	0.02891	0.02529	0.02891	0.01987	0.00903	0.00542	0.00181	0.00361	0.00723	0.77055	0.00723
32	0.02120	0.69270	0.03957	0.01365	0.02013	0.06848	0.01336	0.02366	0.01611	0.01828	0.01085	0.01253	0.00995	0.00671	0.00509	0.00168	0.00861	0.00419	0.00336	0.00990
33	0.07639	0.03446	0.02140	0.01920	0.02341	0.60443	0.01455	0.07602	0.02248	0.02216	0.01240	0.01423	0.01012	0.00804	0.00691	0.00205	0.01308	0.00509	0.00432	0.00926
34	0.01836	0.01773	0.03067	0.16143	0.54315	0.01827	0.05057	0.02315	0.01731	0.02435	0.01449	0.01952	0.01192	0.00704	0.00775	0.00236	0.00957	0.00700	0.00377	0.01157
35	0.57194	0.08194	0.01565	0.01150	0.01663	0.03952	0.00964	0.04835	0.01564	0.11001	0.01346	0.01448	0.01004	0.00753	0.00535	0.00232	0.00663	0.00475	0.00531	0.00930
36	0.00955	0.00682	0.00912	0.01092	0.01142	0.00639	0.00738	0.01098	0.01495	0.01991	0.04268	0.70017	0.05105	0.02419	0.00993	0.00316	0.00459	0.04327	0.00720	0.00633
37	0.01920	0.01823	0.02996	0.04415	0.60777	0.01852	0.02255	0.02568	0.08778	0.02610	0.01642	0.02024	0.01352	0.00730	0.00770	0.00234	0.00888	0.00711	0.00428	0.01228
38	0.02358	0.02009	0.02431	0.18833	0.03195	0.06669	0.06287	0.33014	0.08612	0.03534	0.01765	0.01987	0.01302	0.00891	0.00848	0.00246	0.03571	0.00714	0.00602	0.01132
39	0.00929	0.00782	0.00806	0.00808	0.01057	0.00659	0.00603	0.01135	0.01785	0.02157	0.11655	0.09659	0.61405	0.01955	0.00919	0.00263	0.00393	0.01641	0.00729	0.00659
40	0.01608	0.01378	0.01608	0.01148	0.01837	0.01034	0.00919	0.01952	0.01608	0.02527	0.01378	0.01608	0.01148	0.00574	0.00574	0.00115	0.00574	0.00459	0.00459	0.77491
41	0.02021	0.04829	0.02526	0.05408	0.26317	0.09001	0.04045	0.06112	0.20369	0.02758	0.04224	0.02245	0.01724	0.00844	0.00758	0.00232	0.00860	0.00736	0.00537	0.04454
42	0.00926	0.00786	0.00798	0.00795	0.01053	0.00659	0.00596	0.01131	0.01789	0.02147	0.10910	0.07376	0.64512	0.01944	0.00916	0.00261	0.00391	0.01624	0.00727	0.00659
43	0.01608	0.01378	0.01608	0.01148	0.01837	0.01034	0.00919	0.01952	0.01608	0.02527	0.01378	0.01608	0.01148	0.00574	0.00574	0.00115	0.00574	0.00459	0.00459	0.77491
44	0.01657	0.01407	0.01634	0.01172	0.01858	0.01084	0.00939	0.04283	0.01683	0.02613	0.01396	0.01617	0.01155	0.00587	0.00582	0.00119	0.00584	0.00468	0.00471	0.74690
45	0.01355	0.01117	0.01522	0.01401	0.01482	0.01385	0.01080	0.03815	0.01288	0.01860	0.01845	0.03103	0.01860	0.20842	0.31008	0.00818	0.22239	0.00854	0.00419	0.00707
46	0.01929	0.01666	0.01753	0.01578	0.02016	0.01929	0.01227	0.04120	0.66513	0.03243	0.03156	0.02893	0.02367	0.01052	0.00789	0.00263	0.00614	0.00877	0.00789	0.01227
47	0.01449	0.00829	0.01217	0.08072	0.01524	0.00877	0.00867	0.04759	0.01214	0.01611	0.01379	0.02300	0.01314	0.02401	0.02676	0.65306	0.00720	0.00676	0.00362	0.00445
48	0.01108	0.00831	0.01246	0.01246	0.01385	0.00969	0.00969	0.01385	0.01246	0.01800	0.02077	0.03046	0.01938	0.05815	0.69678	0.01246	0.02077	0.00831	0.00415	0.00692
49	0.00945	0.00675	0.00900	0.01080	0.01125	0.00630	0.00720	0.01080	0.01484	0.01979	0.04274	0.72245	0.05128	0.02429	0.00990	0.00315	0.00450	0.02204	0.00720	0.00630
50	0.01108	0.00831	0.01246	0.01246	0.01385	0.00969	0.00969	0.01385	0.01246	0.01800	0.02077	0.03046	0.01938	0.05815	0.69678	0.01246	0.02077	0.00831	0.00415	0.00692
51	0.00945	0.00675	0.00900	0.01080	0.01125	0.00630	0.00720	0.01080	0.01484	0.01979	0.04274	0.72245	0.05128	0.02429	0.00990	0.00315	0.00450	0.02204	0.00720	0.00630
52	0.01825	0.02077	0.04496	0.03223	0.03979	0.01976	0.62807	0.02461	0.01807	0.02461	0.01549	0.02077	0.01171	0.00679	0.00974	0.00264	0.03837	0.00906	0.00390	0.01039
53	0.02898	0.03647	0.02201	0.01991	0.02397	0.67523	0.01497	0.05054	0.02243	0.01992	0.01219	0.01413	0.01009	0.00803	0.00702	0.00201	0.01381	0.00506	0.00411	0.00912
54	0.02896	0.03695	0.02197	0.01998	0.02397	0.69638	0.01498	0.03096	0.02197	0.01898	0.01199	0.01398	0.00999	0.00799	0.00699	0.00200	0.01398	0.00499	0.00400	0.00899
55	0.01236	0.01099	0.01701	0.01582	0.01801	0.03754	0.13050	0.01504	0.01622	0.02120	0.03610	0.46967	0.04113	0.01984	0.00975	0.00306	0.00689	0.10510	0.00644	0.00732
56	0.00916	0.00785	0.00785	0.00785	0.01047	0.00655	0.00589	0.01113	0.01767	0.02095	0.07855	0.07462	0.67599	0.01964	0.00916	0.00262	0.00393	0.01636	0.00720	0.00655
57	0.01714	0.23577	0.47593	0.02005	0.02998	0.02167	0.05124	0.02419	0.01628	0.02277	0.01310	0.01545	0.00994	0.00712	0.00676	0.00224	0.01063	0.00543	0.00331	0.01099
58	0.04466	0.01122	0.01343	0.01187	0.01509	0.01130	0.00922	0.04759	0.15132	0.12709	0.40363	0.04441	0.05080	0.01331	0.00849	0.00247	0.00485	0.01144	0.00840	0.00942
59	0.00972	0.00713	0.00915	0.01038	0.01136	0.00656	0.00723	0.01155	0.01629	0.02159	0.13235	0.52224	0.13902	0.02242	0.00973	0.00300	0.00440	0.04200	0.00738	0.00650
60	0.02657	0.01931	0.02114	0.01634	0.02227	0.02048	0.01335	0.49826	0.03164	0.07064	0.01996	0.06287	0.01560	0.00976	0.00761	0.00222	0.00781	0.00763	0.00736	0.11919
61	0.02937	0.01614	0.06780	0.01685	0.06217	0.01371	0.01355	0.10564	0.04587	0.44884	0.02789	0.07507	0.01987	0.01033	0.00791	0.00245	0.00717	0.00857	0.00832	0.01247
62	0.02089	0.58601	0.07929	0.01682	0.06933	0.07721	0.01513	0.02390	0.01638	0.01921	0.01134	0.01329	0.01012	0.00680	0.00547	0.00178	0.00897	0.00451	0.00340	0.01015
63	0.03197	0.01413	0.01812	0.01403	0.01977	0.01305	0.01154	0.13355	0.02426	0.53095	0.05490	0.02838	0.04807	0.01021	0.00790	0.00240	0.00668	0.00826	0.00916	0.01269
64	0.01007	0.00701	0.00881	0.01000	0.01030	0.00671	0.00635	0.01096	0.01363	0.01817	0.03650	0.49378	0.04342	0.26369	0.01996	0.00464	0.00553	0.01838	0.00635	0.00575
65	0.01760	0.01771	0.05357	0.36442	0.11396	0.01895	0.14594	0.08802	0.01833	0.02459	0.01456	0.01997	0.01111	0.00790	0.00901	0.00257	0.05052	0.00730	0.00403	0.00996
66	0.02896	0.03695	0.02197	0.01998	0.02397	0.69638	0.01498	0.03096	0.02197	0.01898	0.01199	0.01398	0.00999	0.00799	0.00699	0.00200	0.01398	0.00499	0.00400	0.00899
67	0.03391	0.01339	0.01797	0.01391	0.01981	0.01184	0.01145	0.03798	0.05870	0.64749	0.03064	0.02653	0.01945	0.00965	0.00780	0.00241	0.00657	0.00785	0.00950	0.01314
68	0.01929	0.01666	0.01753	0.01578	0.02016	0.01929	0.01227	0.04120	0.66513	0.03243	0.03156	0.02893	0.02367	0.01052	0.00789	0.00263	0.00614	0.00877	0.00789	0.01227
69	0.01821	0.02157	0.06781	0.03232	0.04028	0.01955	0.62959	0.02483	0.01823	0.02483	0.01563	0.02076	0.01170	0.00656	0.00909	0.00261	0.01302	0.00903	0.00390	0.01049
70	0.00943	0.00683	0.00891	0.01057	0.01119	0.00632	0.00710	0.01082	0.01506	0.01988	0.04547	0.67299	0.09897	0.02394	0.00984	0.00311	0.00445	0.02161	0.00720	0.00632
71	0.01551	0.01470	0.02468	0.56977	0.15934	0.01768	0.02175	0.02045	0.01574	0.02071	0.01378	0.02028	0.01066	0.00783	0.00840	0.00257	0.03652	0.00689	0.00351	0.00924
72	0.01347	0.00673	0.01010	0.01010	0.01010	0.00673	0.00673	0.01010	0.01010	0.01347	0.01347	0.02357	0.01347	0.02694	0.03030	0.77441	0.00673	0.00673	0.00337	0.00337
73	0.00982	0.00750	0.00906	0.00976	0.01133	0.00674	0.00708	0.01197	0.01740	0.02257	0.17615	0.32369	0.27943	0.02083	0.00954	0.00285	0.00430	0.05587	0.00745	0.00663
74	0.02896	0.03695	0.02197	0.01998	0.02397	0.69638	0.01498	0.03096	0.02197	0.01898	0.01199	0.01398	0.00999	0.00799	0.00699	0.00200	0.01398	0.00499	0.00400	0.00899
75	0.00944	0.00679	0.00896	0.01070	0.01122	0.00631	0.00715	0.01081	0.01494	0.01983	0.04397	0.70018	0.07276	0.02413	0.00987	0.00313	0.00448	0.02185	0.00720	0.00631
76	0.02901	0.03572	0.02208	0.01980	0.02398	0.64203	0.01496	0.08127	0.02314	0.02139	0.01252	0.01436	0.01025	0.00810	0.00705	0.00202	0.01354	0.00515	0.00430	0.00933
77	0.04388	0.01454	0.02414	0.57863	0.04808	0.01799	0.05634	0.02010	0.01523	0.02055	0.01343	0.02003	0.01033	0.00822	0.00941	0.00266	0.07734	0.00691	0.00352	0.00870
78	0.02896	0.03695	0.02197	0.01998	0.02397	0.69638	0.01498	0.03096	0.02197	0.01898	0.01199	0.01398	0.00999	0.00799	0.00699	0.00200	0.01398	0.00499	0.00400	0.00899
79	0.01868	0.01791	0.03056	0.12124	0.60945	0.01829	0.02354	0.02335	0.01742	0.02472	0.01450	0.01936	0.01207	0.00700	0.00768	0.00233	0.00934	0.00691	0.00379	0.01187
80	0.00929	0.00786	0.00804	0.00799	0.01055	0.00660	0.00599	0.01138	0.01798	0.02168	0.12150	0.07342	0.63259	0.01936	0.00916	0.00261	0.00391	0.01620	0.00730	0.00660
81	0.02067	0.01741	0.01884	0.01725	0.04542	0.01990	0.01304	0.12402	0.55511	0.03441	0.02916	0.02716	0.02181	0.01022	0.00786	0.00258	0.00658	0.00845	0.00772	0.01240
82	0.02790	0.05161	0.02291	0.01805	0.02345	0.21464	0.01448	0.38682	0.10003	0.03747	0.01785	0.01820	0.01330	0.00897	0.00745	0.00224	0.00981	0.00651	0.00654	0.01178
83	0.01797	0.08065	0.48530	0.02482	0.12812	0.04642	0.02547	0.02529	0.01705	0.05783	0.01458	0.01695	0.01069	0.00739	0.00726	0.00236	0.01077	0.00588	0.00371	0.01147
84	0.75477	0.01512	0.01212	0.01154	0.03894	0.01743	0.00895	0.02283	0.01336	0.03445	0.01093	0.01283	0.00854	0.00719	0.00490	0.00240	0.00611	0.00430	0.00476	0.00854
85	0.01043	0.00769	0.00977	0.00987	0.01151	0.00704	0.00727	0.01332	0.01960	0.02682	0.42487	0.20779	0.15623	0.01847	0.00937	0.00266	0.00401	0.03831	0.00799	0.00697
86	0.10057	0.08513	0.48248	0.02239	0.09293	0.01871	0.02433	0.02458	0.01628	0.04490	0.01391	0.01624	0.01019	0.00732	0.00695	0.00237	0.01027	0.00562	0.00369	0.01115
87	0.01708	0.08501	0.48668	0.02409	0.10676	0.01840	0.05108	0.02457	0.01698	0.05115	0.03759	0.01846	0.01279	0.00761	0.00738	0.00238	0.01056	0.00627	0.00381	0.01133
88	0.56832	0.07247	0.01533	0.01205	0.01673	0.13157	0.00982	0.02387	0.01520	0.03075	0.03728	0.01461	0.01134	0.00763	0.00535	0.00228	0.00741	0.00472	0.00470	0.00857
89	0.04851	0.01031	0.01287	0.01130	0.01449	0.00978	0.00873	0.02307	0.07597	0.20550	0.35482	0.06912	0.06898	0.03995	0.00965	0.00266	0.00493	0.01177	0.00839	0.00920
90	0.00981	0.00695	0.00884	0.01020	0.01065	0.00656	0.00664	0.01091	0.01424	0.01887	0.04047	0.55992	0.07189	0.16679	0.01587	0.00401	0.00509	0.01963	0.00669	0.00598
91	0.17804	0.05125	0.08827	0.07553	0.16035	0.06372	0.01654	0.13330	0.02011	0.07977	0.01669	0.05350	0.01351	0.00865	0.00704	0.00237	0.00859	0.00684	0.00522	0.01072
92	0.10519	0.01438	0.01743	0.01390	0.01941	0.01401	0.01135	0.08928	0.11126	0.44858	0.05382	0.02598	0.02041	0.00971	0.00756	0.00243	0.00652	0.00776	0.00868	0.01235
93	0.01188	0.00870	0.01215	0.01437	0.03797	0.00854	0.01138	0.01490	0.01713	0.02239	0.04204	0.23380	0.07062	0.02151	0.01035	0.00339	0.00646	0.43829	0.00704	0.00710
94	0.02356	0.01837	0.01993	0.01699	0.04496	0.03895	0.01309	0.27555	0.23298	0.07019	0.02327	0.04733	0.01788	0.00965	0.00758	0.00229	0.00733	0.00776	0.00720	0.11514
95	0.02184	0.02053	0.02496	0.10109	0.02739	0.13051	0.08592	0.13121	0.01953	0.06656	0.01462	0.01872	0.01176	0.01187	0.03912	0.00307	0.24982	0.00692	0.00472	0.00984
96	0.00945	0.00675	0.00900	0.01080	0.01125	0.00630	0.00720	0.01080	0.01484	0.01979	0.04274	0.72245	0.05128	0.02429	0.00990	0.00315	0.00450	0.02204	0.00720	0.00630
97	0.01668	0.01142	0.06601	0.01205	0.01524	0.00885	0.00998	0.01988	0.01935	0.18649	0.26774	0.25404	0.04810	0.01628	0.00891	0.00265	0.00526	0.01434	0.00796	0.00877
98	0.01616	0.01579	0.02221	0.01928	0.01947	0.02184	0.01597	0.01800	0.01195	0.01857	0.01162	0.01880	0.01143	0.01964	0.11684	0.00463	0.61903	0.00699	0.00350	0.00827
99	0.00945	0.00675	0.00900	0.01080	0.01125	0.00630	0.00720	0.01080	0.01484	0.01979	0.04274	0.72245	0.05128	0.02429	0.00990	0.00315	0.00450	0.02204	0.00720	0.00630
100	0.01186	0.00952	0.01273	0.01264	0.01409	0.03936	0.00974	0.01449	0.01283	0.01793	0.02052	0.03048	0.01929	0.08016	0.64315	0.01183	0.02000	0.00827	0.00417	0.00693
101	0.01187	0.00867	0.01166	0.01319	0.01504	0.00846	0.01130	0.01511	0.01769	0.02272	0.04663	0.11308	0.13757	0.02128	0.01045	0.00341	0.00655	0.51115	0.00715	0.00702
102	0.01886	0.48261	0.27383	0.01645	0.02483	0.02611	0.01881	0.02370	0.01598	0.02052	0.01191	0.01386	0.00990	0.00690	0.00584	0.00195	0.00943	0.00472	0.00330	0.01049
103	0.02025	0.66743	0.10112	0.01409	0.02118	0.02949	0.01471	0.02334	0.01581	0.01883	0.01107	0.01281	0.00994	0.00670	0.00520	0.00173	0.00859	0.00429	0.00331	0.01009
104	0.02896	0.03695	0.02197	0.01998	0.02397	0.69638	0.01498	0.03096	0.02197	0.01898	0.01199	0.01398	0.00999	0.00799	0.00699	0.00200	0.01398	0.00499	0.00400	0.00899
105	0.00945	0.00675	0.00900	0.01080	0.01125	0.00630	0.00720	0.01080	0.01484	0.01979	0.04274	0.72245	0.05128	0.02429	0.00990	0.00315	0.00450	0.02204	0.00720	0.00630
106	0.00964	0.00688	0.00922	0.01102	0.01155	0.00646	0.00753	0.01113	0.01503	0.02001	0.04263	0.68250	0.05086	0.02411	0.00995	0.00318	0.00466	0.06010	0.00719	0.00635
107	0.02547	0.07207	0.02264	0.01682	0.02246	0.02296	0.01381	0.40481	0.24276	0.04119	0.02232	0.02157	0.01641	0.00951	0.00760	0.00238	0.00772	0.00736	0.00748	0.01265
108	0.02666	0.02079	0.07046	0.06078	0.02533	0.02093	0.01536	0.44189	0.07234	0.10211	0.01971	0.02020	0.01402	0.00994	0.00872	0.03582	0.00844	0.00707	0.00715	0.01229
109	0.01064	0.00791	0.00990	0.00941	0.01138	0.00717	0.00705	0.01399	0.02116	0.02923	0.56565	0.06098	0.18372	0.01655	0.00915	0.00247	0.00371	0.01445	0.00829	0.00717
110	0.01608	0.01378	0.01608	0.01148	0.01837	0.01034	0.00919	0.01952	0.01608	0.02527	0.01378	0.01608	0.01148	0.00574	0.00574	0.00115	0.00574	0.00459	0.00459	0.77491
111	0.02793	0.01988	0.02157	0.01689	0.02260	0.02183	0.01377	0.50899	0.10603	0.09368	0.02125	0.02177	0.01549	0.04058	0.00915	0.00259	0.00807	0.00743	0.00778	0.01271
112	0.01829	0.01614	0.01829	0.01437	0.04358	0.06334	0.03059	0.04000	0.01747	0.04860	0.01447	0.01662	0.01173	0.00622	0.00615	0.00138	0.00683	0.00503	0.00477	0.61614
113	0.00945	0.00675	0.00900	0.01080	0.01125	0.00630	0.00720	0.01080	0.01484	0.01979	0.04274	0.72245	0.05128	0.02429	0.00990	0.00315	0.00450	0.02204	0.00720	0.00630
114	0.01608	0.01378	0.01608	0.01148	0.01837	0.01034	0.00919	0.01952	0.01608	0.02527	0.01378	0.01608	0.01148	0.00574	0.00574	0.00115	0.00574	0.00459	0.00459	0.77491
115	0.02694	0.01408	0.01753	0.01343	0.01943	0.01248	0.01092	0.07851	0.06856	0.37284	0.04808	0.02412	0.01876	0.00874	0.00725	0.00205	0.00636	0.00710	0.00784	0.23500
116	0.02699	0.02262	0.02392	0.02254	0.12526	0.10326	0.01597	0.43170	0.08269	0.04031	0.01824	0.01898	0.01351	0.00888	0.00766	0.00231	0.00910	0.00688	0.00671	0.01247
117	0.00951	0.00680	0.00905	0.01075	0.01126	0.00634	0.00720	0.01095	0.01514	0.02026	0.06870	0.69516	0.05218	0.02394	0.00987	0.00312	0.00446	0.02171	0.00725	0.00634
118	0.01555	0.04011	0.68733	0.02210	0.03356	0.01801	0.02865	0.02455	0.01637	0.02455	0.01391	0.01637	0.00982	0.00737	0.00737	0.00246	0.01146	0.00573	0.00327	0.01146
119	0.01799	0.01901	0.03487	0.05440	0.03205	0.02139	0.33870	0.04411	0.01614	0.02290	0.01341	0.01918	0.01109	0.00962	0.01584	0.00293	0.30489	0.00800	0.00382	0.00965
120	0.00945	0.00675	0.00900	0.01080	0.01125	0.00630	0.00720	0.01080	0.01484	0.01979	0.04274	0.72245	0.05128	0.02429	0.00990	0.00315	0.00450	0.02204	0.00720	0.00630
121	0.01552	0.01444	0.02331	0.61070	0.04886	0.01817	0.02079	0.04714	0.01605	0.02096	0.01363	0.02022	0.01044	0.00840	0.00951	0.00265	0.07993	0.00688	0.00363	0.00880
122	0.00952	0.00678	0.00897	0.01070	0.01113	0.00635	0.00709	0.01082	0.01469	0.01959	0.04196	0.69401	0.05030	0.05406	0.01115	0.00333	0.00463	0.02159	0.00709	0.00623
123	0.02968	0.02138	0.02306	0.01768	0.02388	0.02354	0.01461	0.62893	0.03589	0.07402	0.01909	0.01892	0.01342	0.00932	0.00776	0.00233	0.00846	0.00701	0.00783	0.01319
124	0.01488	0.01402	0.02368	0.67500	0.08545	0.01729	0.02165	0.02001	0.01561	0.02009	0.01382	0.02060	0.01044	0.00771	0.00775	0.00257	0.01028	0.00689	0.00347	0.00880
125	0.02896	0.03695	0.02197	0.01998	0.02397	0.69638	0.01498	0.03096	0.02197	0.01898	0.01199	0.01398	0.00999	0.00799	0.00699	0.00200	0.01398	0.00499	0.00400	0.00899
126	0.01589	0.01542	0.02723	0.51170	0.16948	0.01771	0.08993	0.02110	0.01621	0.02139	0.01414	0.02042	0.01086	0.00746	0.00789	0.00253	0.01042	0.00714	0.00357	0.00950
127	0.00916	0.00785	0.00785	0.00785	0.01047	0.00655	0.00589	0.01113	0.01767	0.02095	0.07855	0.07462	0.67599	0.01964	0.00916	0.00262	0.00393	0.01636	0.00720	0.00655
128	0.02947	0.02172	0.02327	0.01784	0.02404	0.02404	0.01474	0.65329	0.03646	0.04887	0.01862	0.01862	0.01319	0.00931	0.00776	0.00233	0.00853	0.00698	0.00776	0.01319
129	0.01901	0.01818	0.03073	0.07343	0.63441	0.01840	0.02337	0.02415	0.03662	0.02532	0.01505	0.01954	0.01254	0.00705	0.00769	0.00232	0.00917	0.00696	0.00394	0.01213
130	0.00916	0.00785	0.00785	0.00785	0.01047	0.00655	0.00589	0.01113	0.01767	0.02095	0.07855	0.07462	0.67599	0.01964	0.00916	0.00262	0.00393	0.01636	0.00720	0.00655
131	0.01608	0.01378	0.01608	0.01148	0.01837	0.01034	0.00919	0.01952	0.01608	0.02527	0.01378	0.01608	0.01148	0.00574	0.00574	0.00115	0.00574	0.00459	0.00459	0.77491
132	0.05392	0.04485	0.01801	0.01295	0.01914	0.01260	0.01063	0.03029	0.06244	0.35204	0.02305	0.02176	0.01594	0.00806	0.00684	0.00193	0.00631	0.00642	0.00724	0.28559
133	0.78228	0.01499	0.01140	0.01020	0.01499	0.01739	0.00840	0.02279	0.01320	0.03479	0.01080	0.01260	0.00840	0.00720	0.00480	0.00240	0.00600	0.00420	0.00480	0.00840
134	0.01212	0.00819	0.01065	0.00988	0.01196	0.00749	0.00747	0.01567	0.02178	0.06414	0.61754	0.05699	0.09515	0.01569	0.00908	0.00244	0.00382	0.01380	0.00853	0.00759
135	0.01128	0.00752	0.00846	0.00846	0.00846	0.00752	0.00470	0.01128	0.01128	0.01503	0.02443	0.05074	0.02819	0.72751	0.03946	0.00752	0.00752	0.01128	0.00470	0.00470
136	0.02129	0.01641	0.01679	0.01500	0.03939	0.08760	0.01148	0.22416	0.02484	0.09754	0.10453	0.04157	0.15980	0.04402	0.00972	0.00269	0.00731	0.05877	0.00720	0.00985
137	0.67914	0.01570	0.01353	0.01311	0.05744	0.01795	0.00983	0.06903	0.01518	0.03522	0.01161	0.01345	0.00899	0.00733	0.00520	0.00239	0.00639	0.00457	0.00495	0.00899
138	0.01045	0.00773	0.01079	0.01340	0.04988	0.00738	0.00893	0.01232	0.01545	0.02061	0.04089	0.58814	0.04808	0.02288	0.00989	0.00316	0.00516	0.11109	0.00700	0.00676
139	0.04761	0.40001	0.17135	0.01799	0.06073	0.10018	0.01720	0.06401	0.01789	0.02255	0.01228	0.01421	0.01021	0.00714	0.00602	0.00197	0.00957	0.00491	0.00374	0.01044
140	0.01883	0.01851	0.02721	0.21156	0.34820	0.06875	0.02122	0.04841	0.01736	0.02345	0.01372	0.01885	0.01135	0.00826	0.01019	0.00251	0.11044	0.00675	0.00385	0.01059
141	0.00945	0.00675	0.00900	0.01080	0.01125	0.00630	0.00720	0.01080	0.01484	0.01979	0.04274	0.72245	0.05128	0.02429	0.00990	0.00315	0.00450	0.02204	0.00720	0.00630
142	0.02422	0.02129	0.01884	0.01644	0.02068	0.20409	0.01294	0.11801	0.19649	0.11827	0.05866	0.02906	0.04467	0.01086	0.00851	0.00245	0.03404	0.04292	0.00683	0.01073
143	0.00975	0.00694	0.00923	0.01095	0.01148	0.00654	0.00748	0.01120	0.01491	0.01984	0.04182	0.64685	0.04979	0.05454	0.01124	0.00337	0.00482	0.06587	0.00708	0.00629
144	0.00945	0.00675	0.00900	0.01080	0.01125	0.00630	0.00720	0.01080	0.01484	0.01979	0.04274	0.72245	0.05128	0.02429	0.00990	0.00315	0.00450	0.02204	0.00720	0.00630
145	0.02080	0.64027	0.08857	0.01432	0.02117	0.06752	0.01453	0.02376	0.01615	0.01876	0.01109	0.01282	0.00994	0.00677	0.00527	0.00174	0.00885	0.00431	0.00335	0.01001
146	0.00945	0.00675	0.00900	0.01080	0.01125	0.00630	0.00720	0.01080	0.01484	0.01979	0.04274	0.72245	0.05128	0.02429	0.00990	0.00315	0.00450	0.02204	0.00720	0.00630
147	0.01822	0.02067	0.04437	0.03190	0.03925	0.01987	0.61110	0.02445	0.01790	0.02445	0.01534	0.02067	0.01166	0.00698	0.01018	0.00266	0.05712	0.00900	0.00389	0.01033
148	0.57468	0.01688	0.01391	0.01195	0.01695	0.06686	0.00974	0.07320	0.01675	0.11748	0.01400	0.01491	0.01025	0.00772	0.00557	0.00236	0.00685	0.00493	0.00558	0.00942
149	0.02896	0.03695	0.02197	0.01998	0.02397	0.69638	0.01498	0.03096	0.02197	0.01898	0.01199	0.01398	0.00999	0.00799	0.00699	0.00200	0.01398	0.00499	0.00400	0.00899
150	0.01913	0.01858	0.03237	0.04665	0.63897	0.01850	0.06325	0.02386	0.01770	0.02530	0.01465	0.01930	0.01225	0.00689	0.00777	0.00232	0.00945	0.00705	0.00384	0.01217
151	0.00945	0.00675	0.00900	0.01080	0.01125	0.00630	0.00720	0.01080	0.01484	0.01979	0.04274	0.72245	0.05128	0.02429	0.00990	0.00315	0.00450	0.02204	0.00720	0.00630
152	0.01505	0.01602	0.07527	0.02224	0.02717	0.01388	0.27013	0.02021	0.01792	0.02396	0.02888	0.05553	0.02888	0.01441	0.00984	0.00310	0.00984	0.33331	0.00556	0.00879
153	0.02073	0.73217	0.04063	0.01327	0.01990	0.03068	0.01327	0.02322	0.01575	0.01824	0.01078	0.01244	0.00995	0.00663	0.00498	0.00166	0.00829	0.00415	0.00332	0.00995
154	0.02176	0.67952	0.03897	0.01331	0.01989	0.02927	0.01313	0.02428	0.01623	0.06703	0.01223	0.01346	0.01063	0.00685	0.00518	0.00171	0.00817	0.00441	0.00378	0.01019
155	0.05790	0.03899	0.01919	0.01415	0.02015	0.01377	0.01176	0.11078	0.02339	0.56414	0.02783	0.02453	0.01780	0.00938	0.00760	0.00237	0.00687	0.00746	0.00900	0.01293
156	0.01084	0.00792	0.01018	0.00962	0.01150	0.00726	0.00721	0.01438	0.02163	0.03035	0.63137	0.05914	0.11730	0.01613	0.00915	0.00245	0.00368	0.01419	0.00844	0.00726
157	0.01885	0.01630	0.01824	0.01801	0.06816	0.01857	0.01313	0.03835	0.57700	0.03133	0.03091	0.03190	0.02415	0.01094	0.00805	0.00267	0.00642	0.04752	0.00755	0.01195
158	0.01571	0.03902	0.65091	0.02270	0.03395	0.01810	0.06398	0.02457	0.01648	0.02457	0.01402	0.01663	0.00993	0.00732	0.00747	0.00246	0.01155	0.00592	0.00331	0.01140
159	0.01556	0.05177	0.01380	0.01116	0.01390	0.05957	0.00868	0.01896	0.02163	0.10405	0.51523	0.04852	0.05879	0.01404	0.00860	0.00236	0.00501	0.01209	0.00803	0.00826
160	0.02865	0.02382	0.02264	0.01803	0.02375	0.13262	0.01460	0.50764	0.08015	0.04282	0.01849	0.01862	0.01344	0.00918	0.00764	0.00230	0.00924	0.00679	0.00716	0.01244
161	0.00987	0.00696	0.00902	0.01051	0.01093	0.00660	0.00695	0.01106	0.01433	0.01909	0.03952	0.58486	0.04707	0.14538	0.01502	0.00392	0.00511	0.04098	0.00676	0.00605
162	0.01919	0.01842	0.03147	0.04759	0.67914	0.01842	0.02380	0.02380	0.01765	0.02533	0.01458	0.01919	0.01228	0.00691	0.00768	0.00230	0.00921	0.00691	0.00384	0.01228
163	0.73904	0.05571	0.01306	0.01037	0.01527	0.01815	0.00867	0.02282	0.01334	0.03385	0.01080	0.01259	0.00849	0.00717	0.00481	0.00236	0.00613	0.00420	0.00471	0.00849
164	0.00945	0.00675	0.00900	0.01080	0.01125	0.00630	0.00720	0.01080	0.01484	0.01979	0.04274	0.72245	0.05128	0.02429	0.00990	0.00315	0.00450	0.02204	0.00720	0.00630
165	0.02624	0.02743	0.02200	0.02055	0.07113	0.33451	0.01497	0.18341	0.16708	0.02965	0.01810	0.01878	0.01395	0.00879	0.00742	0.00224	0.01058	0.00645	0.00575	0.01097
166	0.07182	0.03322	0.02158	0.01907	0.02347	0.54820	0.01457	0.13197	0.02384	0.02475	0.01300	0.01466	0.01042	0.00816	0.00699	0.00207	0.01264	0.00527	0.00465	0.00964
167	0.00945	0.00675	0.00900	0.01080	0.01125	0.00630	0.00720	0.01080	0.01484	0.01979	0.04274	0.72245	0.05128	0.02429	0.00990	0.00315	0.00450	0.02204	0.00720	0.00630
168	0.01063	0.00791	0.00989	0.00940	0.01137	0.00717	0.00705	0.01397	0.02114	0.02918	0.56278	0.06106	0.18662	0.01656	0.00915	0.00247	0.00371	0.01446	0.00828	0.00717
169	0.01830	0.02092	0.04575	0.03268	0.04052	0.01961	0.65098	0.02484	0.01830	0.02484	0.01569	0.02092	0.01176	0.00654	0.00915	0.00261	0.01307	0.00915	0.00392	0.01046
170	0.00916	0.00785	0.00785	0.00785	0.01047	0.00655	0.00589	0.01113	0.01767	0.02095	0.07855	0.07462	0.67599	0.01964	0.00916	0.00262	0.00393	0.01636	0.00720	0.00655
171	0.02896	0.03695	0.02197	0.01998	0.02397	0.69638	0.01498	0.03096	0.02197	0.01898	0.01199	0.01398	0.00999	0.00799	0.00699	0.00200	0.01398	0.00499	0.00400	0.00899
172	0.00955	0.00679	0.00897	0.01066	0.01109	0.00637	0.00706	0.01082	0.01464	0.01952	0.04170	0.68431	0.04997	0.06422	0.01158	0.00340	0.00467	0.02143	0.00706	0.00621
173	0.03440	0.01382	0.01838	0.01409	0.02010	0.01232	0.01164	0.08286	0.02324	0.63796	0.02971	0.02582	0.01875	0.00958	0.00779	0.00239	0.00674	0.00774	0.00946	0.01319
174	0.01919	0.01842	0.03147	0.04759	0.67914	0.01842	0.02380	0.02380	0.01765	0.02533	0.01458	0.01919	0.01228	0.00691	0.00768	0.00230	0.00921	0.00691	0.00384	0.01228
175	0.02896	0.03695	0.02197	0.01998	0.02397	0.69638	0.01498	0.03096	0.02197	0.01898	0.01199	0.01398	0.00999	0.00799	0.00699	0.00200	0.01398	0.00499	0.00400	0.00899
176	0.05820	0.02048	0.04153	0.03169	0.08494	0.01969	0.53212	0.06419	0.01913	0.02689	0.01554	0.02022	0.01172	0.00677	0.00873	0.00256	0.01214	0.00860	0.00420	0.01066
177	0.00945	0.00675	0.00900	0.01080	0.01125	0.00630	0.00720	0.01080	0.01484	0.01979	0.04274	0.72245	0.05128	0.02429	0.00990	0.00315	0.00450	0.02204	0.00720	0.00630
178	0.02538	0.02383	0.02271	0.06510	0.10655	0.20761	0.01580	0.23101	0.14532	0.05149	0.01874	0.01968	0.01414	0.00878	0.00756	0.00231	0.00973	0.00677	0.00604	0.01146
179	0.02402	0.02180	0.02111	0.09329	0.04884	0.15374	0.01474	0.27887	0.14556	0.03388	0.02342	0.02395	0.06269	0.00977	0.00773	0.00237	0.00905	0.00759	0.00639	0.01117
180	0.01249	0.00892	0.01249	0.01428	0.01606	0.00892	0.01249	0.01606	0.01785	0.02320	0.04105	0.08746	0.04462	0.02142	0.01071	0.00357	0.00714	0.62695	0.00714	0.00714
181	0.01608	0.01378	0.01608	0.01148	0.01837	0.01034	0.00919	0.01952	0.01608	0.02527	0.01378	0.01608	0.01148	0.00574	0.00574	0.00115	0.00574	0.00459	0.00459	0.77491
182	0.01141	0.00901	0.01171	0.01281	0.05065	0.00788	0.00847	0.01344	0.01549	0.02138	0.03762	0.48080	0.08806	0.01895	0.00882	0.00263	0.00499	0.01699	0.00645	0.17247
183	0.70235	0.01484	0.01242	0.05430	0.01761	0.01713	0.00935	0.02324	0.01372	0.06135	0.01182	0.01369	0.00898	0.00733	0.00511	0.00241	0.00630	0.00452	0.00492	0.00861
184	0.00945	0.00675	0.00900	0.01080	0.01125	0.00630	0.00720	0.01080	0.01484	0.01979	0.04274	0.72245	0.05128	0.02429	0.00990	0.00315	0.00450	0.02204	0.00720	0.00630
185	0.01608	0.01378	0.01608	0.01148	0.01837	0.01034	0.00919	0.01952	0.01608	0.02527	0.01378	0.01608	0.01148	0.00574	0.00574	0.00115	0.00574	0.00459	0.00459	0.77491
186	0.01965	0.01321	0.01597	0.01178	0.01813	0.01031	0.00947	0.02296	0.01768	0.16723	0.04592	0.02207	0.03963	0.00747	0.00644	0.00152	0.00578	0.00608	0.00592	0.55278
187	0.02055	0.01728	0.01824	0.01603	0.02064	0.01987	0.01258	0.11700	0.58727	0.03447	0.02996	0.02765	0.02237	0.01037	0.00787	0.00259	0.00643	0.00855	0.00787	0.01239
188	0.01818	0.01569	0.01647	0.01491	0.01910	0.01789	0.01157	0.03791	0.59429	0.03118	0.03670	0.03393	0.09504	0.01152	0.00803	0.00263	0.00589	0.00960	0.00781	0.01165
189	0.01691	0.01440	0.01540	0.01422	0.01804	0.01611	0.01112	0.03372	0.49367	0.02992	0.06282	0.04138	0.12858	0.01293	0.00834	0.00269	0.00578	0.05541	0.00775	0.01083
190	0.01830	0.02092	0.04575	0.03268	0.04052	0.01961	0.65098	0.02484	0.01830	0.02484	0.01569	0.02092	0.01176	0.00654	0.00915	0.00261	0.01307	0.00915	0.00392	0.01046
191	0.00941	0.00690	0.00884	0.01039	0.01114	0.00633	0.00702	0.01084	0.01524	0.01995	0.04769	0.63284	0.13769	0.02365	0.00980	0.00308	0.00442	0.02126	0.00720	0.00633
192	0.01123	0.00768	0.00928	0.00928	0.00956	0.00796	0.00572	0.01180	0.01152	0.01564	0.02368	0.04659	0.02639	0.59069	0.17382	0.00853	0.01023	0.01067	0.00459	0.00515
193	0.00945	0.00675	0.00900	0.01080	0.01125	0.00630	0.00720	0.01080	0.01484	0.01979	0.04274	0.72245	0.05128	0.02429	0.00990	0.00315	0.00450	0.02204	0.00720	0.00630
194	0.02073	0.73217	0.04063	0.01327	0.01990	0.03068	0.01327	0.02322	0.01575	0.01824	0.01078	0.01244	0.00995	0.00663	0.00498	0.00166	0.00829	0.00415	0.00332	0.00995
195	0.59226	0.01724	0.01435	0.01220	0.01728	0.04340	0.01001	0.15941	0.01854	0.03726	0.01253	0.01395	0.00949	0.00768	0.00552	0.00237	0.00683	0.00483	0.00541	0.00945
196	0.02896	0.03695	0.02197	0.01998	0.02397	0.69638	0.01498	0.03096	0.02197	0.01898	0.01199	0.01398	0.00999	0.00799	0.00699	0.00200	0.01398	0.00499	0.00400	0.00899
197	0.02953	0.03129	0.02200	0.01897	0.02367	0.47402	0.01465	0.18927	0.02566	0.07698	0.01508	0.01610	0.01150	0.00845	0.00725	0.00211	0.01204	0.00571	0.00537	0.01037
198	0.00916	0.00785	0.00785	0.00785	0.01047	0.00655	0.00589	0.01113	0.01767	0.02095	0.07855	0.07462	0.67599	0.01964	0.00916	0.00262	0.00393	0.01636	0.00720	0.00655
199	0.01739	0.26349	0.44115	0.01984	0.02952	0.02221	0.05899	0.02414	0.01628	0.02252	0.01300	0.01535	0.00997	0.00708	0.00669	0.00221	0.01052	0.00541	0.00332	0.01091
200	0.01955	0.01910	0.03112	0.04658	0.65506	0.04334	0.02347	0.02406	0.01781	0.02510	0.01449	0.01900	0.01220	0.00695	0.00765	0.00229	0.00939	0.00684	0.00384	0.01216
201	0.00916	0.00785	0.00785	0.00785	0.01047	0.00655	0.00589	0.01113	0.01767	0.02095	0.07855	0.07462	0.67599	0.01964	0.00916	0.00262	0.00393	0.01636	0.00720	0.00655
202	0.01608	0.01378	0.01608	0.01148	0.01837	0.01034	0.00919	0.01952	0.01608	0.02527	0.01378	0.01608	0.01148	0.00574	0.00574	0.00115	0.00574	0.00459	0.00459	0.77491
203	0.03026	0.09330	0.02050	0.01390	0.01989	0.01463	0.01164	0.05636	0.08232	0.48057	0.02689	0.02409	0.01784	0.00907	0.00735	0.00225	0.00675	0.00723	0.00832	0.06686
204	0.28050	0.24376	0.18908	0.01503	0.02203	0.07155	0.01558	0.04251	0.01610	0.02642	0.01188	0.01376	0.00949	0.00719	0.00574	0.00215	0.00872	0.00470	0.00399	0.00982
205	0.01108	0.00831	0.01246	0.01246	0.01385	0.00969	0.00969	0.01385	0.01246	0.01800	0.02077	0.03046	0.01938	0.05815	0.69678	0.01246	0.02077	0.00831	0.00415	0.00692
206	0.01128	0.00752	0.00846	0.00846	0.00846	0.00752	0.00470	0.01128	0.01128	0.01503	0.02443	0.05074	0.02819	0.72751	0.03946	0.00752	0.00752	0.01128	0.00470	0.00470
207	0.02036	0.02064	0.03033	0.04429	0.60073	0.09956	0.02274	0.02465	0.01817	0.02457	0.01427	0.01857	0.01201	0.00704	0.00759	0.00227	0.00978	0.00668	0.00386	0.01189
208	0.65999	0.05381	0.06282	0.01150	0.01693	0.01836	0.01036	0.04567	0.01440	0.03370	0.01131	0.01308	0.00875	0.00726	0.00510	0.00236	0.00661	0.00441	0.00472	0.00887
209	0.01017	0.00747	0.00962	0.01116	0.01190	0.00725	0.00757	0.01302	0.06246	0.02072	0.04192	0.67166	0.04926	0.02328	0.00975	0.00311	0.00462	0.02107	0.00725	0.00674
210	0.01608	0.01378	0.01608	0.01148	0.01837	0.01034	0.00919	0.01952	0.01608	0.02527	0.01378	0.01608	0.01148	0.00574	0.00574	0.00115	0.00574	0.00459	0.00459	0.77491
211	0.01906	0.01828	0.03123	0.06724	0.66054	0.01839	0.02373	0.02368	0.01759	0.02517	0.01456	0.01923	0.01222	0.00693	0.00768	0.00231	0.00924	0.00691	0.00383	0.01217
212	0.01068	0.00792	0.01000	0.00983	0.01171	0.00725	0.00746	0.01390	0.02046	0.02803	0.48331	0.10093	0.17733	0.01744	0.00931	0.00260	0.00402	0.06260	0.00811	0.00711
213	0.03265	0.01409	0.01828	0.01417	0.01997	0.01298	0.01165	0.10810	0.04701	0.56109	0.05534	0.02686	0.02085	0.00985	0.00785	0.00240	0.00669	0.00799	0.00928	0.01292
214	0.01265	0.00859	0.00957	0.00916	0.00963	0.00876	0.00546	0.05969	0.01317	0.01759	0.02399	0.04832	0.02706	0.67335	0.03707	0.00713	0.00759	0.01095	0.00493	0.00534
215	0.00944	0.00679	0.00895	0.01068	0.01121	0.00631	0.00714	0.01081	0.01496	0.01984	0.04421	0.69584	0.07694	0.02410	0.00987	0.00313	0.00447	0.02181	0.00720	0.00631
216	0.01464	0.01378	0.02326	0.70887	0.05340	0.01723	0.02153	0.01981	0.01550	0.01981	0.01378	0.02067	0.01034	0.00775	0.00775	0.00258	0.01034	0.00689	0.00345	0.00861
217	0.00945	0.00675	0.00900	0.01080	0.01125	0.00630	0.00720	0.01080	0.01484	0.01979	0.04274	0.72245	0.05128	0.02429	0.00990	0.00315	0.00450	0.02204	0.00720	0.00630
218	0.02896	0.03695	0.02197	0.01998	0.02397	0.69638	0.01498	0.03096	0.02197	0.01898	0.01199	0.01398	0.00999	0.00799	0.00699	0.00200	0.01398	0.00499	0.00400	0.00899
219	0.01614	0.01601	0.02177	0.25661	0.03104	0.06765	0.01731	0.01922	0.01394	0.01898	0.01313	0.02004	0.01159	0.01782	0.11831	0.00437	0.31724	0.00692	0.00357	0.00833
220	0.02896	0.03695	0.02197	0.01998	0.02397	0.69638	0.01498	0.03096	0.02197	0.01898	0.01199	0.01398	0.00999	0.00799	0.00699	0.00200	0.01398	0.00499	0.00400	0.00899
221	0.01919	0.01842	0.03147	0.04759	0.67914	0.01842	0.02380	0.02380	0.01765	0.02533	0.01458	0.01919	0.01228	0.00691	0.00768	0.00230	0.00921	0.00691	0.00384	0.01228
222	0.00945	0.00675	0.00900	0.01080	0.01125	0.00630	0.00720	0.01080	0.01484	0.01979	0.04274	0.72245	0.05128	0.02429	0.00990	0.00315	0.00450	0.02204	0.00720	0.00630
223	0.39561	0.01307	0.01332	0.01127	0.01589	0.01355	0.00916	0.02606	0.01775	0.24286	0.14330	0.02564	0.02416	0.00961	0.00659	0.00241	0.00575	0.00722	0.00705	0.00973
