[name]
unknown

[dist]
# distance from previous block
# <min> <max>
0	51

[block]
# block no. 0 follows, 22 sequences, length 101
# corresponding to MSA columns:
# 51-151
name=unknown_A
#
# <colnr> <probs for GDERKNQSTAVLIFYWHMCP>
#	G	D	E	R	K	N	Q	S	T	A	V	L	I	F	Y	W	H	M	C	P
0	0.01339	0.00956	0.01339	0.01530	0.01721	0.00956	0.01339	0.01721	0.01912	0.02486	0.04399	0.09371	0.04781	0.02295	0.01147	0.00382	0.00765	0.60031	0.00765	0.00765
1	0.01755	0.13109	0.55883	0.02217	0.03349	0.02115	0.02786	0.02677	0.04022	0.02572	0.01515	0.01747	0.01108	0.00791	0.00757	0.00252	0.01162	0.00603	0.00369	0.01209
2	0.02262	0.01824	0.02652	0.05037	0.12753	0.04769	0.12960	0.06049	0.08532	0.13555	0.02701	0.02815	0.07541	0.00954	0.00839	0.00243	0.00901	0.00872	0.00629	0.12113
3	0.01683	0.01435	0.01681	0.01226	0.01927	0.01084	0.00973	0.02040	0.01715	0.02675	0.01648	0.05506	0.01466	0.00725	0.00640	0.00135	0.00608	0.00595	0.00508	0.71731
4	0.01026	0.00733	0.00980	0.01173	0.01228	0.00687	0.00796	0.01181	0.01605	0.02137	0.04571	0.67596	0.05463	0.02589	0.01064	0.00339	0.00494	0.04887	0.00771	0.00679
5	0.01808	0.01399	0.01532	0.01362	0.01709	0.03794	0.01024	0.16546	0.02184	0.02982	0.02926	0.24946	0.03070	0.09951	0.01277	0.00324	0.00698	0.03901	0.03864	0.14703
6	0.01723	0.01477	0.01723	0.01230	0.01969	0.01107	0.00984	0.02092	0.01723	0.02707	0.01477	0.01723	0.01230	0.00615	0.00615	0.00123	0.00615	0.00492	0.00492	0.75883
7	0.01569	0.01477	0.02492	0.68808	0.05722	0.01846	0.02307	0.02123	0.01661	0.02123	0.01477	0.02215	0.01107	0.00831	0.00831	0.00277	0.01107	0.00738	0.00369	0.00923
8	0.01754	0.14931	0.56637	0.02218	0.03363	0.02145	0.02808	0.02608	0.01743	0.02524	0.01438	0.01687	0.01055	0.00777	0.00749	0.00250	0.01174	0.00587	0.00352	0.01202
9	0.03158	0.02327	0.02493	0.01911	0.02576	0.02576	0.01579	0.62852	0.03906	0.05236	0.01995	0.01995	0.01413	0.00997	0.00831	0.00249	0.00914	0.00748	0.00831	0.01413
10	0.76672	0.01607	0.01221	0.01092	0.01607	0.01864	0.00900	0.02442	0.01414	0.03727	0.01157	0.01350	0.00900	0.00771	0.00514	0.00257	0.00643	0.00450	0.00514	0.00900
11	0.01793	0.01885	0.03735	0.32538	0.08920	0.01980	0.32003	0.02415	0.01824	0.02426	0.01583	0.02217	0.01196	0.00761	0.00904	0.00277	0.01244	0.00858	0.00397	0.01046
12	0.01207	0.00809	0.00925	0.00925	0.00932	0.00816	0.00527	0.01220	0.01214	0.01625	0.02600	0.05340	0.02978	0.67944	0.07031	0.00829	0.00868	0.01194	0.00501	0.00514
13	0.01132	0.00847	0.01049	0.00999	0.01214	0.00765	0.00749	0.01482	0.02247	0.03084	0.52244	0.06613	0.20933	0.01791	0.00980	0.00266	0.00399	0.01560	0.00882	0.00765
14	0.03582	0.01474	0.01948	0.01501	0.02129	0.01326	0.01237	0.09193	0.02513	0.58441	0.05455	0.02878	0.02213	0.01050	0.00840	0.00257	0.00714	0.00852	0.01006	0.01390
15	0.05241	0.04064	0.60256	0.02365	0.03539	0.01935	0.06007	0.02623	0.01748	0.02684	0.01485	0.01760	0.01056	0.00784	0.00786	0.00264	0.01209	0.00625	0.00362	0.01207
16	0.01965	0.01894	0.02854	0.41908	0.04684	0.06257	0.10652	0.02384	0.01831	0.02418	0.01719	0.02448	0.01381	0.01036	0.01145	0.00318	0.09214	0.00824	0.04018	0.01052
17	0.03158	0.02327	0.02493	0.01911	0.02576	0.02576	0.01579	0.62852	0.03906	0.05236	0.01995	0.01995	0.01413	0.00997	0.00831	0.00249	0.00914	0.00748	0.00831	0.01413
18	0.01715	0.01739	0.03304	0.39253	0.08918	0.01891	0.22777	0.02307	0.01811	0.02401	0.04559	0.02402	0.01491	0.00821	0.00888	0.00275	0.01166	0.00857	0.00415	0.01009
19	0.02221	0.71304	0.04353	0.01421	0.02132	0.03287	0.01421	0.02488	0.01688	0.01955	0.01155	0.01333	0.01066	0.00711	0.00533	0.00178	0.00888	0.00444	0.00355	0.01066
20	0.01176	0.00849	0.01110	0.01045	0.01241	0.00784	0.00784	0.01568	0.02352	0.03331	0.65184	0.06206	0.07839	0.01698	0.00980	0.00261	0.00392	0.01502	0.00914	0.00784
21	0.01601	0.01140	0.01321	0.01304	0.04287	0.01183	0.00813	0.12737	0.01761	0.02363	0.02550	0.07883	0.02765	0.51094	0.03277	0.00652	0.00818	0.01158	0.00573	0.00720
22	0.01110	0.00847	0.01019	0.00976	0.01201	0.00756	0.00732	0.01440	0.02196	0.02963	0.45944	0.06812	0.27308	0.01836	0.00981	0.00268	0.00402	0.01587	0.00866	0.00756
23	0.01779	0.15872	0.49094	0.05668	0.06612	0.02167	0.02714	0.02576	0.01745	0.02490	0.01434	0.01718	0.01071	0.00775	0.00748	0.00248	0.01149	0.00597	0.00356	0.01188
24	0.05345	0.18540	0.50074	0.02104	0.03187	0.02217	0.02613	0.02591	0.01724	0.02538	0.01403	0.01644	0.01048	0.00772	0.00721	0.00244	0.01127	0.00570	0.00360	0.01178
25	0.05260	0.12288	0.41865	0.02032	0.03029	0.02057	0.02389	0.05717	0.05030	0.10189	0.01761	0.01887	0.01256	0.00833	0.00755	0.00251	0.01055	0.00634	0.00485	0.01228
26	0.76672	0.01607	0.01221	0.01092	0.01607	0.01864	0.00900	0.02442	0.01414	0.03727	0.01157	0.01350	0.00900	0.00771	0.00514	0.00257	0.00643	0.00450	0.00514	0.00900
27	0.01176	0.00849	0.01110	0.01045	0.01241	0.00784	0.00784	0.01568	0.02352	0.03331	0.65184	0.06206	0.07839	0.01698	0.00980	0.00261	0.00392	0.01502	0.00914	0.00784
28	0.01824	0.01994	0.06661	0.21664	0.12911	0.01918	0.30730	0.02447	0.01844	0.02545	0.01665	0.02241	0.01272	0.00764	0.00882	0.00268	0.01188	0.00849	0.05256	0.01075
29	0.01881	0.01911	0.05771	0.25728	0.43478	0.01930	0.02493	0.02414	0.01811	0.02518	0.01532	0.02095	0.01237	0.00772	0.00824	0.00257	0.01036	0.00734	0.00395	0.01184
30	0.01251	0.00866	0.01083	0.01034	0.01258	0.00779	0.00773	0.01580	0.02191	0.06209	0.44846	0.11854	0.19515	0.01827	0.00980	0.00272	0.00422	0.01594	0.00878	0.00789
31	0.03727	0.01414	0.01928	0.01478	0.02121	0.01221	0.01221	0.04049	0.02378	0.66198	0.03277	0.02828	0.02056	0.01028	0.00835	0.00257	0.00707	0.00835	0.01028	0.01414
32	0.01830	0.03901	0.56054	0.02426	0.03576	0.01901	0.09006	0.02726	0.01815	0.06749	0.01626	0.01873	0.01139	0.00796	0.00812	0.00264	0.01212	0.00665	0.00402	0.01229
33	0.01339	0.00956	0.01339	0.01530	0.01721	0.00956	0.01339	0.01721	0.01912	0.02486	0.04399	0.09371	0.04781	0.02295	0.01147	0.00382	0.00765	0.60031	0.00765	0.00765
34	0.01022	0.00733	0.00955	0.01128	0.01185	0.00683	0.00750	0.01161	0.01583	0.02098	0.04649	0.63787	0.08139	0.06344	0.01232	0.00361	0.00497	0.02270	0.00756	0.00667
35	0.01189	0.00881	0.01289	0.01289	0.01421	0.01013	0.00980	0.01454	0.01321	0.01894	0.02268	0.03499	0.02179	0.13233	0.60650	0.01278	0.02071	0.00925	0.00451	0.00716
36	0.11504	0.04482	0.05077	0.07645	0.02540	0.07877	0.01467	0.11311	0.04384	0.28811	0.02404	0.02560	0.01712	0.00997	0.00790	0.00258	0.00869	0.03343	0.00753	0.01215
37	0.01077	0.00815	0.01108	0.01382	0.05367	0.00761	0.00873	0.01250	0.01638	0.02171	0.04744	0.59996	0.10842	0.02435	0.01038	0.00326	0.00509	0.02200	0.00748	0.00719
38	0.01611	0.01519	0.02567	0.63341	0.10862	0.01857	0.02328	0.02159	0.01681	0.02173	0.01484	0.02201	0.01125	0.00823	0.00830	0.00274	0.01097	0.00738	0.00373	0.00957
39	0.22007	0.14231	0.02552	0.05308	0.06996	0.08562	0.01562	0.02376	0.01552	0.02516	0.01193	0.01614	0.01051	0.00999	0.01323	0.00275	0.23912	0.00586	0.00412	0.00971
40	0.06117	0.02205	0.05236	0.01763	0.02392	0.02302	0.01501	0.50201	0.03441	0.04795	0.02019	0.02085	0.01458	0.00974	0.00786	0.00244	0.00855	0.00732	0.09588	0.01306
41	0.02022	0.30971	0.28009	0.02257	0.07034	0.06114	0.07884	0.02609	0.01789	0.02333	0.01366	0.01635	0.01095	0.00750	0.00704	0.00226	0.01106	0.00584	0.00367	0.01144
42	0.09101	0.12951	0.31429	0.01772	0.02619	0.01849	0.01996	0.02711	0.01879	0.13743	0.08000	0.02321	0.01915	0.00912	0.00745	0.00246	0.00923	0.00704	0.03036	0.01147
43	0.01088	0.00755	0.00941	0.01059	0.01089	0.00726	0.00667	0.01177	0.01442	0.01923	0.03817	0.45079	0.04533	0.29098	0.02291	0.00519	0.00608	0.01914	0.00667	0.00608
44	0.02424	0.01850	0.01996	0.01711	0.02233	0.02081	0.01355	0.15155	0.47217	0.09693	0.03116	0.02870	0.02284	0.01094	0.00842	0.00273	0.00709	0.00894	0.00860	0.01342
45	0.03366	0.01352	0.01826	0.01435	0.02027	0.01164	0.01166	0.03673	0.02269	0.56801	0.03304	0.09105	0.02336	0.01154	0.00845	0.00257	0.00681	0.00961	0.00976	0.05303
46	0.02697	0.05609	0.06979	0.02095	0.02799	0.02393	0.10593	0.41960	0.05955	0.04324	0.02219	0.02296	0.04197	0.00981	0.00843	0.00254	0.00972	0.00812	0.00715	0.01306
47	0.67226	0.01755	0.01380	0.01206	0.01731	0.04195	0.00988	0.08149	0.01680	0.03811	0.01240	0.01415	0.00954	0.00795	0.00552	0.00255	0.00698	0.00481	0.00541	0.00950
48	0.01403	0.00722	0.01071	0.01089	0.01094	0.00717	0.00726	0.01089	0.01130	0.01507	0.01738	0.08890	0.01824	0.02859	0.03041	0.68736	0.00699	0.00876	0.00399	0.00390
49	0.02016	0.02052	0.06095	0.07987	0.60078	0.01966	0.02561	0.02533	0.01875	0.02682	0.01555	0.02050	0.01295	0.00747	0.00821	0.00249	0.01003	0.00735	0.00407	0.01293
50	0.01773	0.01585	0.02575	0.03642	0.39531	0.01608	0.02045	0.02214	0.01899	0.02646	0.05644	0.04608	0.02749	0.01314	0.01004	0.00295	0.03380	0.19845	0.00548	0.01097
51	0.02799	0.01236	0.01699	0.01498	0.01965	0.01118	0.01267	0.03144	0.02197	0.41447	0.03713	0.05370	0.03115	0.01520	0.00957	0.00306	0.00729	0.23832	0.00926	0.01162
52	0.03103	0.03959	0.02354	0.02140	0.02568	0.67469	0.01605	0.03317	0.02354	0.02033	0.01284	0.01498	0.01070	0.00856	0.00749	0.00214	0.01498	0.00535	0.00428	0.00963
53	0.01897	0.01479	0.01864	0.01358	0.02067	0.01149	0.03889	0.02269	0.01791	0.08650	0.01767	0.04309	0.01462	0.00729	0.00669	0.00151	0.00656	0.00614	0.00549	0.62682
54	0.01012	0.00723	0.00964	0.01157	0.01205	0.00675	0.00771	0.01157	0.01591	0.02121	0.04579	0.70262	0.05495	0.02603	0.01060	0.00337	0.00482	0.02362	0.00771	0.00675
55	0.03571	0.01449	0.01923	0.01498	0.02124	0.01300	0.01230	0.04083	0.08179	0.60304	0.03287	0.02853	0.02101	0.01038	0.00836	0.00259	0.00702	0.00845	0.01011	0.01405
56	0.01692	0.01445	0.01690	0.01227	0.01936	0.01089	0.00975	0.02052	0.01717	0.02682	0.01609	0.04638	0.01412	0.00700	0.00634	0.00132	0.00610	0.00572	0.00504	0.72684
57	0.02870	0.05175	0.06332	0.01634	0.02255	0.01826	0.01405	0.24196	0.05633	0.24704	0.02542	0.05392	0.01910	0.05556	0.01036	0.00285	0.00813	0.00850	0.00804	0.04782
58	0.01810	0.01403	0.01642	0.01246	0.01833	0.01172	0.00978	0.07860	0.01843	0.02793	0.01602	0.01956	0.01338	0.01009	0.01021	0.11278	0.00645	0.00569	0.05356	0.52645
59	0.02373	0.14309	0.02466	0.01715	0.02263	0.06615	0.01404	0.15360	0.37394	0.03455	0.02583	0.02469	0.01963	0.01011	0.00781	0.00253	0.00803	0.00788	0.00729	0.01267
60	0.02885	0.02191	0.02340	0.01856	0.02472	0.02449	0.01513	0.48249	0.18953	0.04796	0.02341	0.02271	0.01693	0.01030	0.00835	0.00257	0.00850	0.00796	0.00835	0.01388
61	0.02221	0.71304	0.04353	0.01421	0.02132	0.03287	0.01421	0.02488	0.01688	0.01955	0.01155	0.01333	0.01066	0.00711	0.00533	0.00178	0.00888	0.00444	0.00355	0.01066
62	0.02017	0.10224	0.15224	0.02931	0.03783	0.02178	0.40415	0.02677	0.01889	0.05532	0.01643	0.02068	0.01234	0.00760	0.00956	0.00268	0.03795	0.00841	0.00427	0.01139
63	0.03501	0.01534	0.05187	0.01503	0.02154	0.01236	0.01295	0.03858	0.02345	0.59967	0.06124	0.02933	0.02280	0.01048	0.00840	0.00258	0.00719	0.00856	0.00988	0.01374
64	0.01248	0.00887	0.01036	0.01074	0.01268	0.00813	0.00764	0.04400	0.01840	0.05338	0.05770	0.35874	0.28218	0.06019	0.01183	0.00333	0.00508	0.01908	0.00772	0.00748
65	0.02982	0.03758	0.02372	0.02144	0.02532	0.61369	0.01625	0.03193	0.02253	0.02030	0.01266	0.01528	0.01072	0.00912	0.00935	0.00228	0.07867	0.00553	0.00422	0.00958
66	0.01443	0.00722	0.01082	0.01082	0.01082	0.00722	0.00722	0.01082	0.01082	0.01443	0.01443	0.02525	0.01443	0.02886	0.03247	0.75830	0.00722	0.00722	0.00361	0.00361
67	0.01176	0.00849	0.01110	0.01045	0.01241	0.00784	0.00784	0.01568	0.02352	0.03331	0.65184	0.06206	0.07839	0.01698	0.00980	0.00261	0.00392	0.01502	0.00914	0.00784
68	0.01208	0.00805	0.00906	0.00906	0.00906	0.00805	0.00503	0.01208	0.01208	0.01611	0.02618	0.05436	0.03020	0.70804	0.04228	0.00805	0.00805	0.01208	0.00503	0.00503
69	0.01176	0.00849	0.01110	0.01045	0.01241	0.00784	0.00784	0.01568	0.02352	0.03331	0.65184	0.06206	0.07839	0.01698	0.00980	0.00261	0.00392	0.01502	0.00914	0.00784
70	0.01341	0.01020	0.01258	0.01184	0.01428	0.01019	0.00906	0.02078	0.13239	0.03314	0.51164	0.05819	0.06746	0.01628	0.00965	0.00271	0.00458	0.04392	0.00895	0.00877
71	0.02265	0.67931	0.04253	0.01457	0.02154	0.06502	0.01431	0.02529	0.01721	0.01958	0.01161	0.01341	0.01066	0.00718	0.00544	0.00180	0.00919	0.00449	0.00359	0.01061
72	0.02066	0.01785	0.01878	0.01691	0.02160	0.02066	0.01315	0.04414	0.64121	0.03475	0.03381	0.03099	0.02536	0.01127	0.00845	0.00282	0.00657	0.00939	0.00845	0.01315
73	0.01339	0.00956	0.01339	0.01530	0.01721	0.00956	0.01339	0.01721	0.01912	0.02486	0.04399	0.09371	0.04781	0.02295	0.01147	0.00382	0.00765	0.60031	0.00765	0.00765
74	0.03103	0.03959	0.02354	0.02140	0.02568	0.67469	0.01605	0.03317	0.02354	0.02033	0.01284	0.01498	0.01070	0.00856	0.00749	0.00214	0.01498	0.00535	0.00428	0.00963
75	0.01208	0.00805	0.00906	0.00906	0.00906	0.00805	0.00503	0.01208	0.01208	0.01611	0.02618	0.05436	0.03020	0.70804	0.04228	0.00805	0.00805	0.01208	0.00503	0.00503
76	0.03158	0.02327	0.02493	0.01911	0.02576	0.02576	0.01579	0.62852	0.03906	0.05236	0.01995	0.01995	0.01413	0.00997	0.00831	0.00249	0.00914	0.00748	0.00831	0.01413
77	0.01208	0.00805	0.00906	0.00906	0.00906	0.00805	0.00503	0.01208	0.01208	0.01611	0.02618	0.05436	0.03020	0.70804	0.04228	0.00805	0.00805	0.01208	0.00503	0.00503
78	0.01443	0.00722	0.01082	0.01082	0.01082	0.00722	0.00722	0.01082	0.01082	0.01443	0.01443	0.02525	0.01443	0.02886	0.03247	0.75830	0.00722	0.00722	0.00361	0.00361
79	0.01737	0.01527	0.01844	0.01370	0.02000	0.01319	0.01107	0.02078	0.01656	0.02603	0.01420	0.01737	0.01210	0.00739	0.00926	0.00158	0.10718	0.00527	0.00473	0.64852
80	0.01937	0.25989	0.32908	0.01875	0.02816	0.05875	0.02138	0.02542	0.01761	0.02386	0.01366	0.01596	0.01084	0.00741	0.00677	0.00212	0.01041	0.00536	0.00377	0.12144
81	0.02054	0.05949	0.04631	0.14167	0.25772	0.11942	0.04272	0.05286	0.01999	0.02559	0.02211	0.02565	0.07278	0.00924	0.00804	0.00245	0.01015	0.00795	0.04444	0.01090
82	0.12759	0.10764	0.50531	0.02083	0.03153	0.02059	0.02581	0.02588	0.01697	0.02723	0.01407	0.01651	0.01031	0.00779	0.00723	0.00253	0.01107	0.00572	0.00375	0.01163
83	0.02516	0.21037	0.15198	0.01749	0.02495	0.02305	0.01713	0.13518	0.13765	0.14466	0.02158	0.02124	0.01573	0.00909	0.00746	0.00240	0.00883	0.00691	0.00648	0.01265
84	0.05705	0.02572	0.17676	0.06973	0.13133	0.02019	0.34414	0.02597	0.01861	0.02687	0.01584	0.02061	0.01197	0.00736	0.00884	0.00270	0.01247	0.00825	0.00406	0.01150
85	0.01926	0.02128	0.04434	0.03167	0.03993	0.01955	0.53539	0.02577	0.01926	0.02668	0.01651	0.02165	0.01256	0.00688	0.00927	0.00257	0.01285	0.00909	0.00431	0.12120
86	0.01549	0.00774	0.00774	0.00774	0.00968	0.00774	0.00581	0.01936	0.01742	0.03097	0.02710	0.03097	0.02129	0.00968	0.00581	0.00194	0.00387	0.00774	0.75416	0.00774
87	0.01771	0.03648	0.49647	0.02361	0.06398	0.01961	0.02672	0.03005	0.14974	0.02814	0.01895	0.02054	0.01380	0.00858	0.00803	0.00266	0.01095	0.00689	0.00459	0.01251
88	0.01147	0.00848	0.01071	0.01015	0.01224	0.00772	0.00761	0.01512	0.02284	0.03171	0.56832	0.06469	0.16290	0.01758	0.00980	0.00264	0.00396	0.01539	0.00893	0.00772
89	0.01978	0.01756	0.01775	0.01608	0.02046	0.04787	0.01244	0.03957	0.53172	0.03299	0.06595	0.03593	0.08102	0.01225	0.00859	0.00278	0.00662	0.01017	0.00824	0.01222
90	0.01228	0.00910	0.01310	0.01297	0.01427	0.01057	0.00992	0.01496	0.01339	0.01954	0.02246	0.03419	0.02137	0.12207	0.55811	0.01195	0.04404	0.00910	0.03935	0.00726
91	0.01945	0.01935	0.03203	0.24198	0.38883	0.04815	0.08077	0.02464	0.01848	0.02499	0.01535	0.02097	0.01237	0.00769	0.00837	0.00258	0.01085	0.00753	0.00400	0.01163
92	0.66810	0.08131	0.01520	0.01140	0.01660	0.01963	0.00965	0.02419	0.01459	0.03513	0.01280	0.01653	0.01063	0.00823	0.00540	0.00254	0.00670	0.02717	0.00509	0.00910
93	0.02096	0.05226	0.02331	0.05568	0.15743	0.09853	0.01618	0.03446	0.32370	0.02994	0.07835	0.02827	0.02419	0.01028	0.00825	0.00259	0.00838	0.00864	0.00664	0.01197
94	0.06770	0.01657	0.01721	0.01567	0.02012	0.01888	0.01225	0.03894	0.52145	0.03343	0.03744	0.03655	0.08401	0.01235	0.00847	0.00283	0.00638	0.02950	0.00814	0.01212
95	0.01222	0.00941	0.01402	0.01382	0.01522	0.01122	0.01081	0.01512	0.01332	0.01932	0.02163	0.03184	0.02022	0.05967	0.63936	0.01281	0.05927	0.00881	0.00441	0.00751
96	0.02158	0.01800	0.02120	0.16133	0.02988	0.02089	0.01574	0.16195	0.35630	0.03500	0.02636	0.02682	0.01974	0.01225	0.03307	0.00313	0.00866	0.00854	0.00725	0.01230
97	0.76672	0.01607	0.01221	0.01092	0.01607	0.01864	0.00900	0.02442	0.01414	0.03727	0.01157	0.01350	0.00900	0.00771	0.00514	0.00257	0.00643	0.00450	0.00514	0.00900
98	0.01188	0.00886	0.01313	0.01313	0.01454	0.01027	0.01011	0.01469	0.01329	0.01912	0.02245	0.03375	0.02125	0.09529	0.64280	0.01308	0.02153	0.00906	0.00448	0.00730
99	0.01339	0.00956	0.01339	0.01530	0.01721	0.00956	0.01339	0.01721	0.01912	0.02486	0.04399	0.09371	0.04781	0.02295	0.01147	0.00382	0.00765	0.60031	0.00765	0.00765
100	0.02574	0.01861	0.02034	0.01713	0.02255	0.02065	0.01365	0.18465	0.40504	0.13128	0.03031	0.02793	0.02194	0.01081	0.00840	0.00270	0.00727	0.00878	0.00869	0.01353

[dist]
# distance from previous block
# <min> <max>
0	26

[block]
# block no. 1 follows, 22 sequences, length 118
# corresponding to MSA columns:
# 178-295
name=unknown_B
#
# <colnr> <probs for GDERKNQSTAVLIFYWHMCP>
#	G	D	E	R	K	N	Q	S	T	A	V	L	I	F	Y	W	H	M	C	P
0	0.01012	0.00723	0.00964	0.01157	0.01205	0.00675	0.00771	0.01157	0.01591	0.02121	0.04579	0.70262	0.05495	0.02603	0.01060	0.00337	0.00482	0.02362	0.00771	0.00675
1	0.01549	0.00774	0.00774	0.00774	0.00968	0.00774	0.00581	0.01936	0.01742	0.03097	0.02710	0.03097	0.02129	0.00968	0.00581	0.00194	0.00387	0.00774	0.75416	0.00774
2	0.03727	0.01414	0.01928	0.01478	0.02121	0.01221	0.01221	0.04049	0.02378	0.66198	0.03277	0.02828	0.02056	0.01028	0.00835	0.00257	0.00707	0.00835	0.01028	0.01414
3	0.03658	0.01525	0.01997	0.01531	0.02176	0.01386	0.01265	0.11219	0.02564	0.58764	0.03121	0.02726	0.01978	0.01024	0.00835	0.00256	0.00732	0.00825	0.01004	0.01414
4	0.01038	0.00844	0.00919	0.00900	0.01156	0.00725	0.00675	0.01301	0.02026	0.02558	0.24800	0.07478	0.48705	0.01987	0.00981	0.00275	0.00412	0.01681	0.00813	0.00725
5	0.02199	0.01806	0.01920	0.01697	0.02186	0.02068	0.01329	0.08199	0.57910	0.05923	0.03287	0.03018	0.02445	0.01115	0.00844	0.00279	0.00676	0.00923	0.00851	0.01325
6	0.01569	0.01477	0.02492	0.68808	0.05722	0.01846	0.02307	0.02123	0.01661	0.02123	0.01477	0.02215	0.01107	0.00831	0.00831	0.00277	0.01107	0.00738	0.00369	0.00923
7	0.03727	0.01414	0.01928	0.01478	0.02121	0.01221	0.01221	0.04049	0.02378	0.66198	0.03277	0.02828	0.02056	0.01028	0.00835	0.00257	0.00707	0.00835	0.01028	0.01414
8	0.01288	0.00921	0.01277	0.01447	0.01623	0.00910	0.01228	0.01645	0.01913	0.02517	0.09556	0.15923	0.05119	0.02279	0.01124	0.00367	0.00702	0.48625	0.00778	0.00756
9	0.01901	0.32670	0.40185	0.01967	0.02976	0.02504	0.02372	0.02570	0.01726	0.02344	0.01349	0.01576	0.01058	0.00756	0.00681	0.00227	0.01084	0.00542	0.00353	0.01159
10	0.01666	0.04297	0.66500	0.02368	0.03596	0.01929	0.03069	0.02631	0.01754	0.02631	0.01491	0.01754	0.01052	0.00789	0.00789	0.00263	0.01228	0.00614	0.00351	0.01228
11	0.70672	0.07224	0.01473	0.01119	0.01649	0.01978	0.00942	0.02446	0.01436	0.03584	0.01157	0.01348	0.00913	0.00766	0.00516	0.00251	0.00662	0.00449	0.00501	0.00913
12	0.01094	0.00846	0.00996	0.00959	0.01191	0.00749	0.00719	0.01409	0.02157	0.02870	0.41116	0.06964	0.32194	0.01870	0.00981	0.00269	0.00404	0.01609	0.00854	0.00749
13	0.01723	0.01477	0.01723	0.01230	0.01969	0.01107	0.00984	0.02092	0.01723	0.02707	0.01477	0.01723	0.01230	0.00615	0.00615	0.00123	0.00615	0.00492	0.00492	0.75883
14	0.00982	0.00842	0.00842	0.00842	0.01122	0.00701	0.00631	0.01192	0.01894	0.02244	0.08416	0.07995	0.65285	0.02104	0.00982	0.00281	0.00421	0.01753	0.00771	0.00701
15	0.02066	0.01785	0.01878	0.01691	0.02160	0.02066	0.01315	0.04414	0.64121	0.03475	0.03381	0.03099	0.02536	0.01127	0.00845	0.00282	0.00657	0.00939	0.00845	0.01315
16	0.02157	0.52583	0.14241	0.01751	0.02539	0.06089	0.05896	0.02562	0.01749	0.02115	0.01251	0.01470	0.01077	0.00730	0.00615	0.00200	0.01007	0.00513	0.00363	0.01091
17	0.02143	0.01463	0.01766	0.01282	0.02001	0.01131	0.01034	0.02502	0.01860	0.16009	0.01854	0.01954	0.01404	0.00702	0.00661	0.00151	0.00634	0.00564	0.00604	0.60281
18	0.02635	0.01907	0.02701	0.03156	0.29042	0.01983	0.01902	0.19472	0.02523	0.15751	0.04583	0.02343	0.01739	0.00953	0.00958	0.00258	0.05327	0.00791	0.00665	0.01314
19	0.01220	0.00906	0.01264	0.01248	0.01347	0.01036	0.00918	0.01426	0.01296	0.01840	0.02289	0.03827	0.02306	0.24631	0.46479	0.01141	0.04712	0.00975	0.00458	0.00680
20	0.01226	0.00827	0.00967	0.00994	0.01021	0.00827	0.00621	0.01280	0.01307	0.01734	0.02868	0.05990	0.03268	0.61157	0.03794	0.00746	0.00800	0.09492	0.00540	0.00540
21	0.03277	0.02136	0.02375	0.01821	0.02481	0.02292	0.01504	0.50532	0.03586	0.18008	0.02263	0.02169	0.01548	0.01004	0.00832	0.00251	0.00871	0.00766	0.00872	0.01413
22	0.02184	0.02443	0.07210	0.03043	0.03795	0.06678	0.42995	0.11138	0.02207	0.02936	0.01650	0.02104	0.01248	0.00806	0.01048	0.00276	0.05742	0.00883	0.00472	0.01142
23	0.01211	0.00904	0.01160	0.01248	0.01464	0.00853	0.01037	0.01550	0.01998	0.02596	0.17973	0.08355	0.21434	0.02122	0.01069	0.00331	0.00597	0.32551	0.00797	0.00752
24	0.02807	0.02153	0.02296	0.01840	0.02443	0.02412	0.01494	0.44078	0.23251	0.04670	0.02440	0.02349	0.01774	0.01039	0.00836	0.00260	0.00832	0.00809	0.00836	0.01381
25	0.01345	0.01474	0.13070	0.01378	0.01737	0.00992	0.01259	0.01760	0.01971	0.05699	0.27037	0.25667	0.05362	0.01830	0.00976	0.00294	0.00615	0.05913	0.00761	0.00859
26	0.02025	0.13847	0.45668	0.02235	0.05726	0.02101	0.02562	0.05644	0.01911	0.08453	0.01631	0.01813	0.01174	0.00807	0.00759	0.00248	0.01105	0.00620	0.00439	0.01233
27	0.01766	0.11551	0.52592	0.02463	0.06381	0.02094	0.06730	0.02613	0.01766	0.02561	0.01469	0.01753	0.01080	0.00772	0.00775	0.00254	0.01190	0.00625	0.00359	0.01207
28	0.01012	0.00723	0.00964	0.01157	0.01205	0.00675	0.00771	0.01157	0.01591	0.02121	0.04579	0.70262	0.05495	0.02603	0.01060	0.00337	0.00482	0.02362	0.00771	0.00675
29	0.30954	0.01744	0.05108	0.10514	0.14895	0.01727	0.01583	0.02831	0.01794	0.18766	0.01818	0.01982	0.01301	0.00837	0.00707	0.00258	0.00812	0.00646	0.00595	0.01127
30	0.01796	0.01797	0.02978	0.11580	0.08533	0.02179	0.14460	0.02168	0.01549	0.02258	0.01490	0.04526	0.01345	0.01177	0.01809	0.00318	0.35212	0.00844	0.03008	0.00977
31	0.01136	0.00848	0.01056	0.01004	0.01217	0.00767	0.00753	0.01491	0.02258	0.03110	0.53608	0.06570	0.19553	0.01781	0.00980	0.00265	0.00398	0.01554	0.00885	0.00767
32	0.01012	0.00723	0.00964	0.01157	0.01205	0.00675	0.00771	0.01157	0.01591	0.02121	0.04579	0.70262	0.05495	0.02603	0.01060	0.00337	0.00482	0.02362	0.00771	0.00675
33	0.01569	0.01477	0.02492	0.68808	0.05722	0.01846	0.02307	0.02123	0.01661	0.02123	0.01477	0.02215	0.01107	0.00831	0.00831	0.00277	0.01107	0.00738	0.00369	0.00923
34	0.03158	0.02327	0.02493	0.01911	0.02576	0.02576	0.01579	0.62852	0.03906	0.05236	0.01995	0.01995	0.01413	0.00997	0.00831	0.00249	0.00914	0.00748	0.00831	0.01413
35	0.02221	0.71304	0.04353	0.01421	0.02132	0.03287	0.01421	0.02488	0.01688	0.01955	0.01155	0.01333	0.01066	0.00711	0.00533	0.00178	0.00888	0.00444	0.00355	0.01066
36	0.03111	0.03731	0.02374	0.02108	0.02569	0.58411	0.01601	0.11627	0.02571	0.02480	0.01383	0.01567	0.01118	0.00876	0.00761	0.00219	0.01417	0.00565	0.00484	0.01026
37	0.05559	0.18712	0.27257	0.02157	0.08862	0.04866	0.02093	0.02806	0.01858	0.12444	0.01676	0.01824	0.01241	0.00797	0.00719	0.00232	0.01001	0.00605	0.00481	0.04809
38	0.01929	0.01654	0.01753	0.01587	0.02024	0.01883	0.01231	0.03993	0.55518	0.03379	0.07979	0.03656	0.07297	0.01235	0.00864	0.00280	0.00623	0.01035	0.00845	0.01235
39	0.01887	0.01456	0.01720	0.01261	0.01947	0.01148	0.01010	0.04581	0.01907	0.07619	0.06605	0.02166	0.01815	0.00746	0.00669	0.00149	0.00616	0.00607	0.00579	0.61511
40	0.01371	0.00993	0.01363	0.01537	0.01741	0.01006	0.01338	0.01841	0.04684	0.02530	0.04353	0.09091	0.04681	0.02243	0.01134	0.00378	0.00760	0.57398	0.00769	0.00789
41	0.01723	0.01477	0.01723	0.01230	0.01969	0.01107	0.00984	0.02092	0.01723	0.02707	0.01477	0.01723	0.01230	0.00615	0.00615	0.00123	0.00615	0.00492	0.00492	0.75883
42	0.01339	0.00956	0.01339	0.01530	0.01721	0.00956	0.01339	0.01721	0.01912	0.02486	0.04399	0.09371	0.04781	0.02295	0.01147	0.00382	0.00765	0.60031	0.00765	0.00765
43	0.01005	0.00752	0.00934	0.01079	0.01184	0.00681	0.00736	0.01166	0.01666	0.02151	0.05530	0.54833	0.20310	0.02479	0.01041	0.00323	0.00467	0.02211	0.00771	0.00681
44	0.01803	0.02738	0.24815	0.08666	0.14924	0.01977	0.20705	0.02490	0.01796	0.02553	0.01644	0.04434	0.01327	0.00865	0.00992	0.00276	0.05623	0.00827	0.00400	0.01145
45	0.01666	0.04297	0.66500	0.02368	0.03596	0.01929	0.03069	0.02631	0.01754	0.02631	0.01491	0.01754	0.01052	0.00789	0.00789	0.00263	0.01228	0.00614	0.00351	0.01228
46	0.01569	0.01477	0.02492	0.68808	0.05722	0.01846	0.02307	0.02123	0.01661	0.02123	0.01477	0.02215	0.01107	0.00831	0.00831	0.00277	0.01107	0.00738	0.00369	0.00923
47	0.01818	0.01818	0.02545	0.02181	0.02181	0.02545	0.01818	0.01999	0.01272	0.01999	0.01091	0.01818	0.01091	0.01454	0.02726	0.00364	0.69284	0.00727	0.00364	0.00909
48	0.01876	0.02122	0.06804	0.18075	0.13702	0.02018	0.37845	0.02525	0.01876	0.02549	0.01610	0.02187	0.01226	0.00739	0.00916	0.00274	0.01267	0.00876	0.00405	0.01111
49	0.02106	0.01055	0.01408	0.01203	0.01562	0.00943	0.00943	0.02472	0.02361	0.26240	0.42625	0.04975	0.05732	0.01454	0.00927	0.00260	0.00507	0.01259	0.00956	0.01013
50	0.01012	0.00723	0.00964	0.01157	0.01205	0.00675	0.00771	0.01157	0.01591	0.02121	0.04579	0.70262	0.05495	0.02603	0.01060	0.00337	0.00482	0.02362	0.00771	0.00675
51	0.02212	0.02091	0.01945	0.01754	0.02218	0.11277	0.01356	0.04260	0.55423	0.03272	0.03086	0.02874	0.02330	0.01089	0.00832	0.00272	0.00776	0.00882	0.00787	0.01265
52	0.01666	0.04297	0.66500	0.02368	0.03596	0.01929	0.03069	0.02631	0.01754	0.02631	0.01491	0.01754	0.01052	0.00789	0.00789	0.00263	0.01228	0.00614	0.00351	0.01228
53	0.43317	0.01518	0.01544	0.01269	0.01842	0.01570	0.01047	0.03177	0.01855	0.32293	0.02126	0.02025	0.01429	0.00889	0.00661	0.00257	0.00672	0.00626	0.00749	0.01135
54	0.76672	0.01607	0.01221	0.01092	0.01607	0.01864	0.00900	0.02442	0.01414	0.03727	0.01157	0.01350	0.00900	0.00771	0.00514	0.00257	0.00643	0.00450	0.00514	0.00900
55	0.01660	0.01544	0.02547	0.51028	0.14171	0.01868	0.02225	0.02168	0.01670	0.02247	0.01518	0.02202	0.01185	0.00871	0.00962	0.00275	0.06261	0.00739	0.03885	0.00974
56	0.01176	0.00849	0.01110	0.01045	0.01241	0.00784	0.00784	0.01568	0.02352	0.03331	0.65184	0.06206	0.07839	0.01698	0.00980	0.00261	0.00392	0.01502	0.00914	0.00784
57	0.01012	0.00723	0.00964	0.01157	0.01205	0.00675	0.00771	0.01157	0.01591	0.02121	0.04579	0.70262	0.05495	0.02603	0.01060	0.00337	0.00482	0.02362	0.00771	0.00675
58	0.01071	0.00766	0.01030	0.01210	0.01287	0.00724	0.00860	0.01265	0.01678	0.02236	0.07478	0.57653	0.05496	0.02511	0.01070	0.00341	0.00522	0.11332	0.00777	0.00694
59	0.01843	0.05606	0.32497	0.03014	0.07618	0.02058	0.30034	0.02635	0.01854	0.02626	0.01569	0.01978	0.01163	0.00743	0.00869	0.00267	0.01280	0.00782	0.00386	0.01179
60	0.01783	0.01776	0.02242	0.01966	0.02017	0.07036	0.01595	0.01967	0.01356	0.01961	0.01374	0.02272	0.01372	0.07615	0.11052	0.00513	0.50082	0.00773	0.00390	0.00859
61	0.71559	0.06394	0.01436	0.01115	0.01643	0.01961	0.00936	0.02445	0.01433	0.03606	0.01157	0.01348	0.00911	0.00767	0.00515	0.00252	0.00660	0.00449	0.00503	0.00911
62	0.73782	0.01602	0.01270	0.03698	0.01765	0.01863	0.00954	0.02430	0.01423	0.03666	0.01169	0.01383	0.00908	0.00773	0.00526	0.00258	0.00661	0.00461	0.00509	0.00901
63	0.03158	0.02327	0.02493	0.01911	0.02576	0.02576	0.01579	0.62852	0.03906	0.05236	0.01995	0.01995	0.01413	0.00997	0.00831	0.00249	0.00914	0.00748	0.00831	0.01413
64	0.01194	0.00804	0.00926	0.00932	0.00951	0.00796	0.00542	0.01234	0.01323	0.01780	0.07778	0.09402	0.03558	0.61127	0.03776	0.00733	0.00753	0.01301	0.00553	0.00536
65	0.01602	0.01541	0.02694	0.63339	0.05606	0.01867	0.07357	0.02168	0.01686	0.02168	0.01494	0.02217	0.01120	0.00820	0.00843	0.00277	0.01132	0.00759	0.00373	0.00939
66	0.02819	0.02244	0.02507	0.01971	0.02584	0.05206	0.05707	0.44656	0.12382	0.04504	0.02156	0.02212	0.01583	0.01241	0.04038	0.00307	0.00998	0.00789	0.00769	0.01327
67	0.01208	0.00805	0.00906	0.00906	0.00906	0.00805	0.00503	0.01208	0.01208	0.01611	0.02618	0.05436	0.03020	0.70804	0.04228	0.00805	0.00805	0.01208	0.00503	0.00503
68	0.01092	0.00872	0.00998	0.01064	0.01309	0.00778	0.00853	0.01353	0.01887	0.02313	0.07037	0.10858	0.44439	0.02182	0.01036	0.00314	0.00528	0.19597	0.00769	0.00720
69	0.07631	0.02210	0.02371	0.01827	0.02481	0.02424	0.01509	0.54474	0.03633	0.10058	0.02047	0.02023	0.01434	0.00986	0.00812	0.00250	0.00881	0.00737	0.00828	0.01382
70	0.01910	0.01988	0.03735	0.09495	0.19107	0.02027	0.29218	0.02450	0.01805	0.02540	0.01537	0.02095	0.01235	0.00817	0.01133	0.00270	0.10337	0.00826	0.00411	0.07062
71	0.28713	0.01449	0.01629	0.01311	0.01888	0.01420	0.01080	0.03394	0.02015	0.41662	0.02521	0.02332	0.01662	0.00937	0.00713	0.00254	0.00669	0.00700	0.04445	0.01206
72	0.41393	0.06518	0.17565	0.01826	0.05158	0.01968	0.07160	0.02575	0.01619	0.05540	0.01381	0.01613	0.01040	0.00774	0.00649	0.00255	0.00885	0.00564	0.00471	0.01046
73	0.03059	0.03737	0.02413	0.02260	0.05518	0.59250	0.01647	0.08012	0.02456	0.02319	0.01354	0.01564	0.01109	0.00862	0.00759	0.00218	0.01428	0.00562	0.00459	0.01015
74	0.02285	0.66567	0.04225	0.01455	0.02163	0.03238	0.01432	0.06634	0.01840	0.02180	0.01213	0.01378	0.01090	0.00730	0.00554	0.00183	0.00890	0.00465	0.00388	0.01090
75	0.03619	0.01390	0.01893	0.01460	0.02083	0.01202	0.01202	0.03944	0.02377	0.63536	0.05898	0.02971	0.02301	0.01057	0.00842	0.00257	0.00694	0.00864	0.01023	0.01387
76	0.01732	0.02680	0.25281	0.20870	0.04334	0.01918	0.23215	0.02442	0.01773	0.02456	0.01550	0.02077	0.01154	0.00852	0.00963	0.03237	0.01234	0.00778	0.00380	0.01074
77	0.01993	0.02129	0.08403	0.09019	0.56730	0.01962	0.02576	0.02528	0.01866	0.02669	0.01551	0.02042	0.01281	0.00750	0.00820	0.00250	0.01014	0.00730	0.00404	0.01283
78	0.01293	0.00923	0.01286	0.01477	0.01648	0.00917	0.01259	0.01642	0.01867	0.02435	0.04424	0.17946	0.04882	0.02338	0.01135	0.00376	0.00725	0.51909	0.00766	0.00752
79	0.01167	0.00853	0.01099	0.01050	0.01252	0.00785	0.00796	0.01544	0.02296	0.03207	0.57975	0.06487	0.12336	0.01757	0.00987	0.00268	0.00410	0.04058	0.00896	0.00776
80	0.06301	0.03209	0.39395	0.05450	0.08491	0.01858	0.10991	0.02582	0.01802	0.04889	0.01764	0.02402	0.01387	0.00885	0.00830	0.00272	0.01142	0.04759	0.00428	0.01162
81	0.01252	0.01031	0.01419	0.01434	0.01481	0.01212	0.01065	0.01420	0.01457	0.02041	0.03276	0.40719	0.03789	0.05833	0.10566	0.00499	0.18469	0.01691	0.00610	0.00736
82	0.01000	0.00842	0.00866	0.00860	0.01133	0.00709	0.00645	0.01227	0.01936	0.02345	0.13667	0.07829	0.59971	0.02066	0.00982	0.00279	0.00418	0.01730	0.00785	0.00709
83	0.01234	0.00910	0.01160	0.01087	0.01301	0.00867	0.00818	0.01753	0.06366	0.03341	0.61167	0.06004	0.07494	0.01661	0.00971	0.00263	0.00409	0.01466	0.00910	0.00818
84	0.01849	0.19850	0.42363	0.02424	0.07570	0.02268	0.07545	0.02594	0.01765	0.02479	0.01432	0.01715	0.01091	0.00760	0.00747	0.00243	0.01145	0.00613	0.00362	0.01187
85	0.02432	0.02447	0.02863	0.03560	0.34069	0.16845	0.02068	0.11307	0.06513	0.02922	0.01655	0.01978	0.01343	0.00875	0.00932	0.00250	0.05508	0.00708	0.00501	0.01224
86	0.00991	0.00807	0.00877	0.00933	0.01146	0.00694	0.00672	0.01182	0.01806	0.02209	0.07307	0.25988	0.48008	0.02248	0.01005	0.00297	0.00438	0.01929	0.00771	0.00694
87	0.01723	0.01477	0.01723	0.01230	0.01969	0.01107	0.00984	0.02092	0.01723	0.02707	0.01477	0.01723	0.01230	0.00615	0.00615	0.00123	0.00615	0.00492	0.00492	0.75883
88	0.03158	0.02327	0.02493	0.01911	0.02576	0.02576	0.01579	0.62852	0.03906	0.05236	0.01995	0.01995	0.01413	0.00997	0.00831	0.00249	0.00914	0.00748	0.00831	0.01413
89	0.01187	0.00890	0.01335	0.01335	0.01483	0.01038	0.01038	0.01483	0.01335	0.01928	0.02225	0.03264	0.02077	0.06231	0.67512	0.01335	0.02225	0.00890	0.00445	0.00742
90	0.01569	0.01477	0.02492	0.68808	0.05722	0.01846	0.02307	0.02123	0.01661	0.02123	0.01477	0.02215	0.01107	0.00831	0.00831	0.00277	0.01107	0.00738	0.00369	0.00923
91	0.02221	0.71304	0.04353	0.01421	0.02132	0.03287	0.01421	0.02488	0.01688	0.01955	0.01155	0.01333	0.01066	0.00711	0.00533	0.00178	0.00888	0.00444	0.00355	0.01066
92	0.01685	0.04163	0.62497	0.02441	0.03644	0.01940	0.06939	0.02633	0.01767	0.02633	0.01503	0.01786	0.01066	0.00783	0.00802	0.00264	0.01239	0.00638	0.00355	0.01221
93	0.03444	0.01386	0.01860	0.01453	0.02052	0.01225	0.01190	0.03866	0.05263	0.58197	0.08272	0.03113	0.02545	0.01087	0.00848	0.00259	0.00679	0.00894	0.01010	0.01358
94	0.01816	0.01521	0.01662	0.01509	0.01901	0.01705	0.01165	0.03613	0.46728	0.03435	0.20784	0.03974	0.04029	0.01288	0.00883	0.00276	0.00583	0.01098	0.00865	0.01165
95	0.01193	0.00865	0.01206	0.01206	0.01310	0.00968	0.00878	0.01401	0.01297	0.01833	0.02343	0.03917	0.02360	0.25645	0.48486	0.01176	0.01798	0.00986	0.00463	0.00670
96	0.01743	0.03794	0.51956	0.02760	0.08639	0.01959	0.12237	0.02629	0.01797	0.02642	0.01526	0.01853	0.01105	0.00772	0.00821	0.00264	0.01235	0.00681	0.00366	0.01218
97	0.76672	0.01607	0.01221	0.01092	0.01607	0.01864	0.00900	0.02442	0.01414	0.03727	0.01157	0.01350	0.00900	0.00771	0.00514	0.00257	0.00643	0.00450	0.00514	0.00900
98	0.01963	0.01888	0.03219	0.16445	0.48973	0.01961	0.05331	0.02560	0.04626	0.02638	0.01634	0.02140	0.01330	0.00772	0.00833	0.00255	0.01014	0.00760	0.00423	0.01235
99	0.01978	0.01802	0.02766	0.37302	0.27031	0.05804	0.02282	0.02475	0.01833	0.06496	0.01613	0.02154	0.01242	0.00812	0.00823	0.00261	0.01061	0.00733	0.00431	0.01100
100	0.01000	0.00825	0.00878	0.00901	0.01142	0.00703	0.00662	0.01213	0.01881	0.02301	0.11756	0.16938	0.52635	0.02149	0.00993	0.00287	0.00428	0.01825	0.00781	0.00703
101	0.03227	0.02216	0.02425	0.01859	0.02521	0.02412	0.01536	0.55712	0.03720	0.12638	0.02150	0.02096	0.01491	0.01001	0.00832	0.00250	0.00889	0.00759	0.00855	0.01413
102	0.01178	0.00793	0.00915	0.00945	0.00952	0.00785	0.00545	0.01200	0.01267	0.01689	0.02919	0.15398	0.03400	0.60324	0.03742	0.00733	0.00756	0.01385	0.00545	0.00530
103	0.01322	0.01104	0.01490	0.01452	0.01588	0.03745	0.01133	0.01592	0.01384	0.01953	0.02211	0.07383	0.02146	0.05236	0.53145	0.01115	0.09826	0.00953	0.00456	0.00765
104	0.02056	0.01974	0.03372	0.05099	0.65622	0.01974	0.02550	0.02550	0.01892	0.02714	0.01563	0.02056	0.01316	0.00740	0.00822	0.00247	0.00987	0.00740	0.00411	0.01316
105	0.01569	0.01477	0.02492	0.68808	0.05722	0.01846	0.02307	0.02123	0.01661	0.02123	0.01477	0.02215	0.01107	0.00831	0.00831	0.00277	0.01107	0.00738	0.00369	0.00923
106	0.03727	0.01414	0.01928	0.01478	0.02121	0.01221	0.01221	0.04049	0.02378	0.66198	0.03277	0.02828	0.02056	0.01028	0.00835	0.00257	0.00707	0.00835	0.01028	0.01414
107	0.01961	0.02241	0.04902	0.03501	0.04342	0.02101	0.62605	0.02661	0.01961	0.02661	0.01681	0.02241	0.01261	0.00700	0.00980	0.00280	0.01401	0.00980	0.00420	0.01120
108	0.00982	0.00842	0.00842	0.00842	0.01122	0.00701	0.00631	0.01192	0.01894	0.02244	0.08416	0.07995	0.65285	0.02104	0.00982	0.00281	0.00421	0.01753	0.00771	0.00701
109	0.01012	0.00723	0.00964	0.01157	0.01205	0.00675	0.00771	0.01157	0.01591	0.02121	0.04579	0.70262	0.05495	0.02603	0.01060	0.00337	0.00482	0.02362	0.00771	0.00675
110	0.01176	0.00849	0.01110	0.01045	0.01241	0.00784	0.00784	0.01568	0.02352	0.03331	0.65184	0.06206	0.07839	0.01698	0.00980	0.00261	0.00392	0.01502	0.00914	0.00784
111	0.03727	0.01414	0.01928	0.01478	0.02121	0.01221	0.01221	0.04049	0.02378	0.66198	0.03277	0.02828	0.02056	0.01028	0.00835	0.00257	0.00707	0.00835	0.01028	0.01414
112	0.02221	0.71304	0.04353	0.01421	0.02132	0.03287	0.01421	0.02488	0.01688	0.01955	0.01155	0.01333	0.01066	0.00711	0.00533	0.00178	0.00888	0.00444	0.00355	0.01066
113	0.01178	0.00800	0.00947	0.00975	0.00994	0.00804	0.00583	0.01221	0.01274	0.01710	0.02875	0.14773	0.03311	0.55925	0.08551	0.00777	0.00865	0.01353	0.00538	0.00547
114	0.01452	0.00726	0.01057	0.01057	0.01073	0.00726	0.00710	0.01151	0.01135	0.01576	0.01545	0.02571	0.01498	0.02731	0.03032	0.69733	0.00695	0.00726	0.06410	0.00394
115	0.61672	0.01522	0.01298	0.01136	0.01640	0.01698	0.00930	0.02568	0.01607	0.11331	0.06576	0.01922	0.01600	0.00877	0.00591	0.00257	0.00630	0.00582	0.00609	0.00953
116	0.01084	0.00854	0.00984	0.00976	0.01218	0.00754	0.00749	0.01376	0.02063	0.02664	0.28885	0.07459	0.38924	0.01972	0.00996	0.00282	0.00440	0.06759	0.00823	0.00737
117	0.01441	0.00976	0.01364	0.01528	0.01738	0.00968	0.01334	0.01821	0.01932	0.05221	0.04350	0.09090	0.04664	0.02241	0.01134	0.00377	0.00762	0.57490	0.00776	0.00793

[dist]
# distance from previous block
# <min> <max>
0	1

[block]
# block no. 2 follows, 22 sequences, length 83
# corresponding to MSA columns:
# 297-379
name=unknown_C
#
# <colnr> <probs for GDERKNQSTAVLIFYWHMCP>
#	G	D	E	R	K	N	Q	S	T	A	V	L	I	F	Y	W	H	M	C	P
0	0.02109	0.03539	0.48418	0.02341	0.05694	0.01796	0.05242	0.02915	0.01894	0.15455	0.01862	0.02003	0.01274	0.00832	0.00808	0.00262	0.01121	0.00679	0.00493	0.01264
1	0.03644	0.01432	0.01925	0.01489	0.02123	0.01263	0.01226	0.04067	0.05464	0.63063	0.03283	0.02841	0.02080	0.01033	0.00836	0.00258	0.00704	0.00841	0.01019	0.01409
2	0.01613	0.01522	0.02572	0.62974	0.11206	0.01857	0.02329	0.02162	0.01682	0.02177	0.01484	0.02200	0.01127	0.00822	0.00830	0.00274	0.01096	0.00738	0.00373	0.00959
3	0.70435	0.01602	0.01370	0.01191	0.01706	0.01829	0.03472	0.02415	0.01475	0.03666	0.03822	0.01587	0.01201	0.00806	0.00553	0.00258	0.00664	0.00515	0.00527	0.00904
4	0.01851	0.03759	0.52505	0.02491	0.05861	0.01919	0.07435	0.02703	0.01799	0.06965	0.01615	0.01879	0.01149	0.00822	0.00883	0.00267	0.03804	0.00666	0.00405	0.01223
5	0.55823	0.01612	0.01413	0.01235	0.01758	0.01818	0.01005	0.02954	0.11582	0.11302	0.01772	0.01810	0.01303	0.00860	0.00606	0.00261	0.00653	0.00575	0.00630	0.01029
6	0.08511	0.36789	0.03135	0.01562	0.02134	0.16925	0.01371	0.08522	0.02015	0.02499	0.01402	0.01626	0.01194	0.01065	0.03958	0.00258	0.01045	0.00534	0.04423	0.01032
7	0.01005	0.00847	0.00874	0.00879	0.01152	0.00715	0.00667	0.01230	0.01914	0.02301	0.10699	0.07975	0.60309	0.02094	0.00989	0.00284	0.00434	0.04148	0.00777	0.00708
8	0.01578	0.01303	0.01476	0.01203	0.01702	0.01152	0.00941	0.05477	0.09297	0.02957	0.15385	0.04118	0.16584	0.01227	0.00803	0.00209	0.00552	0.01026	0.00694	0.32316
9	0.03053	0.07884	0.02478	0.02089	0.02543	0.61125	0.01593	0.05601	0.02376	0.02154	0.01304	0.01508	0.01083	0.00853	0.00739	0.00213	0.01439	0.00538	0.00440	0.00987
10	0.01249	0.00914	0.01217	0.01381	0.01546	0.00903	0.01121	0.01633	0.04498	0.02403	0.04661	0.27466	0.08693	0.02326	0.01098	0.00358	0.00653	0.36353	0.00771	0.00757
11	0.06698	0.56659	0.03869	0.01515	0.02148	0.09669	0.01430	0.02543	0.01717	0.02070	0.01165	0.01376	0.01058	0.00769	0.00670	0.00196	0.04569	0.00469	0.00373	0.01037
12	0.01473	0.00923	0.01262	0.01210	0.01293	0.01012	0.00870	0.04752	0.01360	0.01906	0.01854	0.03029	0.01807	0.11939	0.18506	0.36490	0.04729	0.00827	0.04177	0.00579
13	0.01012	0.00723	0.00964	0.01157	0.01205	0.00675	0.00771	0.01157	0.01591	0.02121	0.04579	0.70262	0.05495	0.02603	0.01060	0.00337	0.00482	0.02362	0.00771	0.00675
14	0.02066	0.01785	0.01878	0.01691	0.02160	0.02066	0.01315	0.04414	0.64121	0.03475	0.03381	0.03099	0.02536	0.01127	0.00845	0.00282	0.00657	0.00939	0.00845	0.01315
15	0.01339	0.00956	0.01339	0.01530	0.01721	0.00956	0.01339	0.01721	0.01912	0.02486	0.04399	0.09371	0.04781	0.02295	0.01147	0.00382	0.00765	0.60031	0.00765	0.00765
16	0.01208	0.00805	0.00906	0.00906	0.00906	0.00805	0.00503	0.01208	0.01208	0.01611	0.02618	0.05436	0.03020	0.70804	0.04228	0.00805	0.00805	0.01208	0.00503	0.00503
17	0.03621	0.01417	0.01917	0.01465	0.02113	0.01215	0.01208	0.03945	0.02343	0.62840	0.03182	0.02769	0.02013	0.01006	0.00824	0.00250	0.00702	0.00817	0.01000	0.05352
18	0.02221	0.71304	0.04353	0.01421	0.02132	0.03287	0.01421	0.02488	0.01688	0.01955	0.01155	0.01333	0.01066	0.00711	0.00533	0.00178	0.00888	0.00444	0.00355	0.01066
19	0.01187	0.00890	0.01335	0.01335	0.01483	0.01038	0.01038	0.01483	0.01335	0.01928	0.02225	0.03264	0.02077	0.06231	0.67512	0.01335	0.02225	0.00890	0.00445	0.00742
20	0.01569	0.01477	0.02492	0.68808	0.05722	0.01846	0.02307	0.02123	0.01661	0.02123	0.01477	0.02215	0.01107	0.00831	0.00831	0.00277	0.01107	0.00738	0.00369	0.00923
