[name]
unknown

[dist]
# distance from previous block
# <min> <max>
0	19

[block]
# block no. 0 follows, 26 sequences, length 76
# corresponding to MSA columns:
# 19-94
name=unknown_A
#
# <colnr> <probs for GDERKNQSTAVLIFYWHMCP>
#	G	D	E	R	K	N	Q	S	T	A	V	L	I	F	Y	W	H	M	C	P
0	0.05172	0.08701	0.02541	0.10292	0.28354	0.08429	0.01774	0.07405	0.03796	0.06718	0.01775	0.02476	0.01514	0.00878	0.00740	0.00234	0.00887	0.06779	0.00481	0.01058
1	0.13463	0.05945	0.02043	0.01849	0.11108	0.01779	0.01311	0.16823	0.12712	0.16282	0.02131	0.05100	0.01628	0.00909	0.00705	0.00230	0.00705	0.00726	0.00662	0.03890
2	0.11679	0.13465	0.18795	0.01899	0.07131	0.05048	0.06518	0.02610	0.08311	0.10037	0.01643	0.01819	0.01243	0.00878	0.00818	0.05129	0.00877	0.00607	0.00469	0.01025
3	0.01527	0.01266	0.01473	0.05795	0.04113	0.08642	0.03354	0.01913	0.04965	0.07162	0.30374	0.14185	0.04451	0.06120	0.01048	0.00278	0.00632	0.01219	0.00682	0.00802
4	0.01648	0.01818	0.05501	0.11848	0.09575	0.01711	0.41254	0.02222	0.01792	0.02452	0.10453	0.02501	0.01939	0.00783	0.00859	0.00250	0.01082	0.00901	0.00436	0.00977
5	0.01442	0.01348	0.02229	0.66862	0.04997	0.01641	0.02027	0.01936	0.01520	0.01973	0.01348	0.01993	0.01019	0.00745	0.00745	0.00243	0.00981	0.00659	0.00344	0.05946
6	0.01432	0.01348	0.02275	0.71520	0.05224	0.01685	0.02107	0.01938	0.01517	0.01938	0.01348	0.02022	0.01011	0.00758	0.00758	0.00253	0.01011	0.00674	0.00337	0.00843
7	0.00955	0.00757	0.00859	0.00863	0.01068	0.00661	0.00636	0.01192	0.01825	0.02345	0.26152	0.15005	0.41271	0.01862	0.00905	0.00257	0.00383	0.01599	0.00745	0.00661
8	0.01081	0.00780	0.01025	0.00977	0.01155	0.00724	0.00741	0.01439	0.02127	0.03002	0.64943	0.05813	0.07015	0.01578	0.00902	0.00244	0.00375	0.04535	0.00828	0.00715
9	0.02843	0.02105	0.02254	0.01737	0.02337	0.02334	0.01432	0.63590	0.06124	0.04716	0.01872	0.01862	0.01331	0.00915	0.00759	0.00229	0.00825	0.00690	0.00759	0.01286
10	0.01877	0.01802	0.03079	0.04656	0.68612	0.01802	0.02328	0.02328	0.01727	0.02478	0.01427	0.01877	0.01201	0.00676	0.00751	0.00225	0.00901	0.00676	0.00375	0.01201
11	0.02141	0.63913	0.03718	0.01390	0.02003	0.12481	0.01321	0.02378	0.01627	0.01795	0.01071	0.01238	0.00974	0.00668	0.00514	0.00167	0.00890	0.00417	0.00334	0.00960
12	0.78701	0.01467	0.01115	0.00997	0.01467	0.01702	0.00821	0.02230	0.01291	0.03403	0.01056	0.01232	0.00821	0.00704	0.00469	0.00235	0.00587	0.00411	0.00469	0.00821
13	0.01637	0.01629	0.02319	0.08794	0.02308	0.02261	0.01703	0.01836	0.01196	0.01836	0.01030	0.01695	0.00997	0.01272	0.02320	0.00324	0.65014	0.00665	0.00332	0.00831
14	0.02843	0.03325	0.02174	0.01913	0.02346	0.57071	0.01461	0.15303	0.02425	0.02426	0.01299	0.01456	0.01038	0.00807	0.00698	0.00202	0.01264	0.00526	0.00462	0.00959
15	0.02584	0.03235	0.02208	0.01955	0.02359	0.58684	0.06208	0.02817	0.02084	0.01924	0.01697	0.02012	0.05342	0.00883	0.00724	0.00208	0.01279	0.02508	0.00419	0.00869
16	0.01062	0.00775	0.00998	0.00942	0.01126	0.00711	0.00706	0.01409	0.02119	0.02976	0.64207	0.05774	0.11203	0.01575	0.00895	0.00240	0.00360	0.01387	0.00826	0.00711
17	0.01575	0.01527	0.02651	0.41910	0.19906	0.01747	0.08536	0.02047	0.01569	0.02109	0.01448	0.04098	0.01190	0.00813	0.00891	0.00253	0.05689	0.00741	0.00362	0.00939
18	0.00915	0.00762	0.00798	0.00805	0.01040	0.00646	0.00598	0.01118	0.01749	0.02133	0.13038	0.11486	0.58473	0.01917	0.00901	0.00258	0.00385	0.01616	0.00716	0.00646
19	0.02036	0.68952	0.06304	0.01351	0.02009	0.05158	0.01358	0.02301	0.01563	0.01809	0.01070	0.01236	0.00973	0.00656	0.00502	0.00166	0.00841	0.00414	0.00326	0.00976
20	0.02833	0.03615	0.02149	0.01954	0.02345	0.70298	0.01466	0.03029	0.02149	0.01856	0.01172	0.01368	0.00977	0.00782	0.00684	0.00195	0.01368	0.00489	0.00391	0.00879
21	0.01062	0.00775	0.00998	0.00943	0.01126	0.00711	0.00707	0.01410	0.02121	0.02979	0.64392	0.05769	0.11016	0.01574	0.00895	0.00240	0.00360	0.01386	0.00827	0.00711
22	0.01521	0.03923	0.69413	0.02162	0.03283	0.01762	0.02802	0.02402	0.01601	0.02402	0.01361	0.01601	0.00961	0.00721	0.00721	0.00240	0.01121	0.00560	0.00320	0.01121
23	0.75404	0.01495	0.01165	0.01030	0.01505	0.01730	0.00848	0.05007	0.01390	0.03463	0.01089	0.01258	0.00842	0.00713	0.00482	0.00234	0.00598	0.00423	0.00482	0.00842
24	0.01222	0.00873	0.01222	0.01397	0.01572	0.00873	0.01222	0.01572	0.01746	0.02270	0.04016	0.08556	0.04365	0.02095	0.01048	0.00349	0.00698	0.63506	0.00698	0.00698
25	0.01079	0.00779	0.01021	0.00970	0.01149	0.00721	0.00733	0.01436	0.02133	0.03015	0.65957	0.05767	0.07059	0.01570	0.00900	0.00242	0.00370	0.03554	0.00830	0.00715
26	0.01859	0.01798	0.03113	0.06790	0.63717	0.01803	0.05083	0.02319	0.01723	0.02458	0.01429	0.01889	0.01193	0.00677	0.00757	0.00228	0.00921	0.00685	0.00375	0.01182
27	0.00923	0.00664	0.00876	0.01045	0.01097	0.00617	0.00699	0.01057	0.01463	0.01941	0.04319	0.70264	0.07512	0.02358	0.00965	0.00306	0.00438	0.02134	0.00704	0.00617
28	0.01085	0.00805	0.01181	0.01181	0.01303	0.00927	0.00900	0.01330	0.01208	0.01732	0.02067	0.03174	0.01981	0.12308	0.63833	0.01172	0.01905	0.00841	0.00412	0.00656
29	0.00924	0.00660	0.00880	0.01056	0.01100	0.00616	0.00704	0.01056	0.01452	0.01936	0.04181	0.72848	0.05017	0.02376	0.00968	0.00308	0.00440	0.02156	0.00704	0.00616
30	0.01659	0.01659	0.02323	0.01991	0.01991	0.02323	0.01659	0.01825	0.01162	0.01825	0.00996	0.01659	0.00996	0.01328	0.02489	0.00332	0.71955	0.00664	0.00332	0.00830
31	0.02028	0.73799	0.03975	0.01298	0.01947	0.03001	0.01298	0.02271	0.01541	0.01785	0.01055	0.01217	0.00973	0.00649	0.00487	0.00162	0.00811	0.00406	0.00324	0.00973
32	0.00900	0.00755	0.00783	0.00805	0.01034	0.00637	0.00593	0.01084	0.01694	0.02035	0.07236	0.15675	0.60217	0.01979	0.00906	0.00263	0.00391	0.01672	0.00704	0.00637
33	0.01318	0.00659	0.00988	0.00988	0.00988	0.00659	0.00659	0.00988	0.00988	0.01318	0.01318	0.02306	0.01318	0.02635	0.02964	0.77931	0.00659	0.00659	0.00329	0.00329
34	0.01887	0.01629	0.01715	0.01544	0.01972	0.01887	0.01201	0.04031	0.67241	0.03173	0.03087	0.02830	0.02315	0.01029	0.00772	0.00257	0.00600	0.00858	0.00772	0.01201
35	0.01887	0.01629	0.01715	0.01544	0.01972	0.01887	0.01201	0.04031	0.67241	0.03173	0.03087	0.02830	0.02315	0.01029	0.00772	0.00257	0.00600	0.00858	0.00772	0.01201
36	0.01074	0.00775	0.01014	0.00954	0.01133	0.00716	0.00716	0.01431	0.02147	0.03042	0.68211	0.05666	0.07157	0.01551	0.00895	0.00239	0.00358	0.01372	0.00835	0.00716
37	0.01074	0.00775	0.01014	0.00954	0.01133	0.00716	0.00716	0.01431	0.02147	0.03042	0.68211	0.05666	0.07157	0.01551	0.00895	0.00239	0.00358	0.01372	0.00835	0.00716
38	0.02028	0.73799	0.03975	0.01298	0.01947	0.03001	0.01298	0.02271	0.01541	0.01785	0.01055	0.01217	0.00973	0.00649	0.00487	0.00162	0.00811	0.00406	0.00324	0.00973
39	0.01168	0.00853	0.01146	0.01282	0.01468	0.00831	0.01101	0.01495	0.01768	0.02285	0.08378	0.08206	0.13508	0.02038	0.01017	0.00330	0.00634	0.51092	0.00707	0.00691
40	0.01851	0.01775	0.03031	0.08663	0.64813	0.01795	0.02315	0.02304	0.01715	0.02446	0.01422	0.01886	0.01190	0.00681	0.00751	0.00227	0.00908	0.00676	0.00373	0.01180
41	0.01318	0.00659	0.00988	0.00988	0.00988	0.00659	0.00659	0.00988	0.00988	0.01318	0.01318	0.02306	0.01318	0.02635	0.02964	0.77931	0.00659	0.00659	0.00329	0.00329
42	0.01432	0.01348	0.02275	0.71520	0.05224	0.01685	0.02107	0.01938	0.01517	0.01938	0.01348	0.02022	0.01011	0.00758	0.00758	0.00253	0.01011	0.00674	0.00337	0.00843
43	0.01084	0.00813	0.01219	0.01219	0.01354	0.00948	0.00948	0.01354	0.01219	0.01761	0.02032	0.02980	0.01896	0.05689	0.70337	0.01219	0.02032	0.00813	0.00406	0.00677
44	0.01877	0.01802	0.03079	0.04656	0.68612	0.01802	0.02328	0.02328	0.01727	0.02478	0.01427	0.01877	0.01201	0.00676	0.00751	0.00225	0.00901	0.00676	0.00375	0.01201
45	0.00921	0.00671	0.00869	0.01028	0.01093	0.00618	0.00692	0.01059	0.01479	0.01947	0.04523	0.66435	0.11209	0.02332	0.00961	0.00303	0.00435	0.02102	0.00704	0.00618
46	0.01887	0.01629	0.01715	0.01544	0.01972	0.01887	0.01201	0.04031	0.67241	0.03173	0.03087	0.02830	0.02315	0.01029	0.00772	0.00257	0.00600	0.00858	0.00772	0.01201
47	0.00924	0.00660	0.00880	0.01056	0.01100	0.00616	0.00704	0.01056	0.01452	0.01936	0.04181	0.72848	0.05017	0.02376	0.00968	0.00308	0.00440	0.02156	0.00704	0.00616
48	0.01103	0.00735	0.00827	0.00827	0.00827	0.00735	0.00460	0.01103	0.01103	0.01471	0.02390	0.04964	0.02758	0.73343	0.03861	0.00735	0.00735	0.01103	0.00460	0.00460
49	0.02846	0.01337	0.01696	0.01340	0.01843	0.01262	0.01086	0.13150	0.04365	0.44683	0.12215	0.03009	0.02596	0.03880	0.00904	0.00255	0.00636	0.00855	0.00871	0.01172
50	0.02795	0.01983	0.02145	0.01665	0.02242	0.02178	0.01369	0.55757	0.07212	0.08664	0.01998	0.01971	0.01416	0.00918	0.00750	0.00228	0.00789	0.00699	0.03958	0.01260
51	0.01887	0.01629	0.01715	0.01544	0.01972	0.01887	0.01201	0.04031	0.67241	0.03173	0.03087	0.02830	0.02315	0.01029	0.00772	0.00257	0.00600	0.00858	0.00772	0.01201
52	0.01103	0.00735	0.00827	0.00827	0.00827	0.00735	0.00460	0.01103	0.01103	0.01471	0.02390	0.04964	0.02758	0.73343	0.03861	0.00735	0.00735	0.01103	0.00460	0.00460
53	0.01018	0.00751	0.00953	0.00949	0.01111	0.00685	0.00694	0.01307	0.01947	0.02678	0.46741	0.19631	0.15181	0.01771	0.00910	0.00255	0.00378	0.01564	0.00790	0.00685
54	0.07374	0.01031	0.01248	0.01315	0.01553	0.01083	0.01092	0.02004	0.13519	0.02545	0.08314	0.11155	0.06207	0.01769	0.00931	0.00310	0.00619	0.36437	0.00704	0.00792
55	0.02081	0.01761	0.01846	0.01671	0.02107	0.01977	0.01278	0.04090	0.65058	0.03322	0.03235	0.03078	0.02473	0.01159	0.00858	0.00295	0.00671	0.00915	0.00831	0.01294
56	0.01318	0.00659	0.00988	0.00988	0.00988	0.00659	0.00659	0.00988	0.00988	0.01318	0.01318	0.02306	0.01318	0.02635	0.02964	0.77931	0.00659	0.00659	0.00329	0.00329
57	0.01103	0.00735	0.00827	0.00827	0.00827	0.00735	0.00460	0.01103	0.01103	0.01471	0.02390	0.04964	0.02758	0.73343	0.03861	0.00735	0.00735	0.01103	0.00460	0.00460
58	0.01018	0.00816	0.00903	0.00918	0.01127	0.00749	0.00677	0.01348	0.06190	0.02189	0.12800	0.16079	0.40620	0.06620	0.01102	0.00298	0.00443	0.04723	0.00706	0.00674
59	0.01103	0.00735	0.00827	0.00827	0.00827	0.00735	0.00460	0.01103	0.01103	0.01471	0.02390	0.04964	0.02758	0.73343	0.03861	0.00735	0.00735	0.01103	0.00460	0.00460
60	0.78701	0.01467	0.01115	0.00997	0.01467	0.01702	0.00821	0.02230	0.01291	0.03403	0.01056	0.01232	0.00821	0.00704	0.00469	0.00235	0.00587	0.00411	0.00469	0.00821
61	0.01056	0.00781	0.00990	0.00955	0.01146	0.00715	0.00728	0.01388	0.02057	0.02839	0.54695	0.06107	0.16336	0.01643	0.00905	0.00249	0.00384	0.05518	0.00806	0.00703
62	0.00991	0.00740	0.00875	0.00923	0.01056	0.00678	0.00648	0.01165	0.01599	0.02073	0.14861	0.24247	0.25328	0.15849	0.01499	0.00366	0.00482	0.05328	0.00677	0.00614
63	0.01100	0.00746	0.00882	0.00882	0.00901	0.00765	0.00528	0.01138	0.01119	0.01511	0.02340	0.04688	0.02638	0.63927	0.13113	0.00803	0.00916	0.01063	0.00452	0.00490
64	0.01085	0.00807	0.01190	0.01190	0.01316	0.00932	0.00912	0.01336	0.01210	0.01739	0.02058	0.03126	0.01960	0.10658	0.65454	0.01183	0.01936	0.00834	0.00410	0.00661
65	0.01009	0.00703	0.00885	0.00973	0.01010	0.00687	0.00624	0.01108	0.01330	0.01789	0.05958	0.39478	0.04037	0.30193	0.06249	0.00526	0.00647	0.01633	0.00596	0.00563
66	0.00896	0.00768	0.00768	0.00768	0.01025	0.00640	0.00576	0.01089	0.01729	0.02049	0.07684	0.07300	0.68304	0.01921	0.00896	0.00256	0.00384	0.01601	0.00704	0.00640
67	0.60180	0.01508	0.01325	0.01124	0.01624	0.01682	0.00926	0.08872	0.01647	0.13045	0.01413	0.01487	0.01021	0.00759	0.00541	0.00234	0.00620	0.00489	0.00566	0.00936
68	0.01219	0.00900	0.01286	0.01540	0.05723	0.00892	0.01204	0.01546	0.01723	0.02271	0.06485	0.16420	0.04364	0.02020	0.01012	0.00332	0.00664	0.48995	0.00684	0.00720
69	0.49635	0.01603	0.04196	0.12278	0.02253	0.01743	0.01188	0.07369	0.05913	0.05624	0.01380	0.01573	0.01031	0.00760	0.00578	0.00239	0.00698	0.00522	0.00502	0.00916
70	0.02759	0.03492	0.02160	0.01956	0.02323	0.66008	0.01478	0.02953	0.02087	0.01854	0.01161	0.01386	0.00978	0.00816	0.00798	0.00204	0.05822	0.00500	0.00387	0.00876
71	0.71011	0.01632	0.01224	0.01087	0.01556	0.06263	0.00886	0.04531	0.01428	0.03349	0.01091	0.01262	0.00848	0.00717	0.00494	0.00232	0.00647	0.00425	0.00474	0.00842
72	0.02028	0.73799	0.03975	0.01298	0.01947	0.03001	0.01298	0.02271	0.01541	0.01785	0.01055	0.01217	0.00973	0.00649	0.00487	0.00162	0.00811	0.00406	0.00324	0.00973
73	0.01115	0.00783	0.00960	0.01006	0.01066	0.00798	0.00675	0.01296	0.03946	0.01751	0.02906	0.17366	0.03261	0.42218	0.09372	0.00639	0.00799	0.08933	0.00541	0.00569
74	0.07922	0.23801	0.26934	0.01860	0.05125	0.06749	0.01900	0.06351	0.01682	0.02360	0.01231	0.01475	0.00989	0.00772	0.00806	0.00222	0.07908	0.00521	0.00369	0.01024
75	0.10002	0.10615	0.02033	0.01382	0.01896	0.03453	0.06101	0.04897	0.05840	0.20720	0.11257	0.02811	0.06609	0.00966	0.00714	0.00217	0.00671	0.00794	0.00661	0.08360

[dist]
# distance from previous block
# <min> <max>
0	1

[block]
# block no. 1 follows, 26 sequences, length 220
# corresponding to MSA columns:
# 96-315
name=unknown_B
#
# <colnr> <probs for GDERKNQSTAVLIFYWHMCP>
#	G	D	E	R	K	N	Q	S	T	A	V	L	I	F	Y	W	H	M	C	P
0	0.23655	0.16663	0.21156	0.01481	0.02137	0.03978	0.01533	0.02440	0.07337	0.05193	0.01521	0.04052	0.01235	0.00871	0.00703	0.03251	0.00808	0.00578	0.00444	0.00965
1	0.01264	0.00982	0.01337	0.09599	0.05218	0.00911	0.01003	0.01518	0.01564	0.04452	0.05423	0.36874	0.07052	0.01599	0.00830	0.00247	0.00559	0.01427	0.00601	0.17541
2	0.06399	0.06034	0.07531	0.01658	0.02193	0.24456	0.01399	0.19560	0.02305	0.06263	0.01684	0.06920	0.01413	0.00907	0.00700	0.00211	0.00956	0.00673	0.00541	0.08197
3	0.02808	0.02028	0.02204	0.01704	0.02286	0.02236	0.01405	0.60553	0.03396	0.06869	0.01873	0.01908	0.01342	0.01159	0.04363	0.00279	0.00890	0.00692	0.00747	0.01258
4	0.02613	0.03099	0.02052	0.01851	0.02258	0.51971	0.01403	0.05355	0.17490	0.02263	0.01644	0.01726	0.01302	0.00844	0.00707	0.00211	0.01170	0.00582	0.00493	0.00968
5	0.01636	0.01632	0.02350	0.04427	0.02143	0.02243	0.03602	0.01832	0.01195	0.01846	0.01059	0.01728	0.01031	0.01431	0.04631	0.00356	0.65014	0.00676	0.00336	0.00831
6	0.01828	0.01574	0.01661	0.01499	0.01914	0.01808	0.01164	0.03850	0.62995	0.03130	0.05225	0.03071	0.04747	0.01076	0.00780	0.00257	0.00585	0.00899	0.00771	0.01166
7	0.01701	0.01349	0.01574	0.01189	0.01781	0.01111	0.00941	0.08641	0.01790	0.04979	0.01779	0.09777	0.01612	0.00819	0.00636	0.00151	0.00580	0.00680	0.00528	0.58380
8	0.01414	0.00707	0.00707	0.00707	0.00884	0.00707	0.00530	0.01767	0.01591	0.02828	0.02474	0.02828	0.01944	0.00884	0.00530	0.00177	0.00353	0.00707	0.77554	0.00707
9	0.01052	0.00763	0.00992	0.00958	0.01126	0.00703	0.00710	0.01381	0.02061	0.02893	0.59494	0.12678	0.09045	0.01649	0.00902	0.00246	0.00367	0.01461	0.00817	0.00703
10	0.01340	0.01333	0.08111	0.01680	0.03848	0.01122	0.07037	0.01877	0.05898	0.02402	0.07767	0.06526	0.06052	0.01685	0.00961	0.00310	0.00756	0.39842	0.00639	0.00813
11	0.02793	0.03554	0.02240	0.02002	0.02408	0.67635	0.03973	0.03005	0.02135	0.01879	0.01187	0.01394	0.00984	0.00776	0.00692	0.00198	0.01364	0.00504	0.00391	0.00885
12	0.01081	0.00780	0.01024	0.00976	0.01155	0.00723	0.00741	0.01438	0.02127	0.03004	0.65051	0.05808	0.07019	0.01577	0.00902	0.00244	0.00375	0.04431	0.00828	0.00715
13	0.07486	0.05536	0.26888	0.04933	0.14228	0.01746	0.07983	0.02550	0.01688	0.13840	0.01614	0.01833	0.01171	0.00770	0.00811	0.00239	0.04489	0.00638	0.00454	0.01103
14	0.01999	0.01685	0.01778	0.01566	0.02015	0.01939	0.01228	0.11016	0.60073	0.03354	0.02945	0.02716	0.02200	0.01016	0.00770	0.00254	0.00627	0.00838	0.00770	0.01211
15	0.00947	0.00674	0.00894	0.01062	0.01111	0.00634	0.00718	0.01084	0.01450	0.01931	0.04089	0.66506	0.04879	0.05684	0.01107	0.00330	0.00467	0.05127	0.00692	0.00613
16	0.01887	0.01629	0.01715	0.01544	0.01972	0.01887	0.01201	0.04031	0.67241	0.03173	0.03087	0.02830	0.02315	0.01029	0.00772	0.00257	0.00600	0.00858	0.00772	0.01201
17	0.78701	0.01467	0.01115	0.00997	0.01467	0.01702	0.00821	0.02230	0.01291	0.03403	0.01056	0.01232	0.00821	0.00704	0.00469	0.00235	0.00587	0.00411	0.00469	0.00821
18	0.03403	0.01291	0.01760	0.01350	0.01936	0.01115	0.01115	0.03697	0.02171	0.69137	0.02992	0.02582	0.01878	0.00939	0.00763	0.00235	0.00645	0.00763	0.00939	0.01291
19	0.01098	0.00756	0.00930	0.00930	0.00965	0.00791	0.00587	0.01169	0.01133	0.01547	0.02296	0.04445	0.02532	0.55644	0.21252	0.00862	0.01074	0.01027	0.00446	0.00517
20	0.00924	0.00660	0.00880	0.01056	0.01100	0.00616	0.00704	0.01056	0.01452	0.01936	0.04181	0.72848	0.05017	0.02376	0.00968	0.00308	0.00440	0.02156	0.00704	0.00616
21	0.01103	0.00735	0.00827	0.00827	0.00827	0.00735	0.00460	0.01103	0.01103	0.01471	0.02390	0.04964	0.02758	0.73343	0.03861	0.00735	0.00735	0.01103	0.00460	0.00460
22	0.02883	0.02125	0.02276	0.01745	0.02352	0.02352	0.01442	0.66082	0.03566	0.04780	0.01821	0.01821	0.01290	0.00911	0.00759	0.00228	0.00835	0.00683	0.00759	0.01290
23	0.00924	0.00660	0.00880	0.01056	0.01100	0.00616	0.00704	0.01056	0.01452	0.01936	0.04181	0.72848	0.05017	0.02376	0.00968	0.00308	0.00440	0.02156	0.00704	0.00616
24	0.01521	0.03923	0.69413	0.02162	0.03283	0.01762	0.02802	0.02402	0.01601	0.02402	0.01361	0.01601	0.00961	0.00721	0.00721	0.00240	0.01121	0.00560	0.00320	0.01121
25	0.02757	0.02062	0.02205	0.01720	0.02304	0.02293	0.01411	0.58194	0.11661	0.04576	0.01982	0.01949	0.01420	0.00926	0.00760	0.00231	0.00805	0.00705	0.00760	0.01279
26	0.01790	0.02046	0.04476	0.03197	0.03964	0.01918	0.65857	0.02430	0.01790	0.02430	0.01535	0.02046	0.01151	0.00639	0.00895	0.00256	0.01279	0.00895	0.00384	0.01023
27	0.01887	0.01629	0.01715	0.01544	0.01972	0.01887	0.01201	0.04031	0.67241	0.03173	0.03087	0.02830	0.02315	0.01029	0.00772	0.00257	0.00600	0.00858	0.00772	0.01201
28	0.01887	0.01629	0.01715	0.01544	0.01972	0.01887	0.01201	0.04031	0.67241	0.03173	0.03087	0.02830	0.02315	0.01029	0.00772	0.00257	0.00600	0.00858	0.00772	0.01201
29	0.00896	0.00768	0.00768	0.00768	0.01025	0.00640	0.00576	0.01089	0.01729	0.02049	0.07684	0.07300	0.68304	0.01921	0.00896	0.00256	0.00384	0.01601	0.00704	0.00640
30	0.78701	0.01467	0.01115	0.00997	0.01467	0.01702	0.00821	0.02230	0.01291	0.03403	0.01056	0.01232	0.00821	0.00704	0.00469	0.00235	0.00587	0.00411	0.00469	0.00821
31	0.01084	0.00813	0.01219	0.01219	0.01354	0.00948	0.00948	0.01354	0.01219	0.01761	0.02032	0.02980	0.01896	0.05689	0.70337	0.01219	0.02032	0.00813	0.00406	0.00677
32	0.78701	0.01467	0.01115	0.00997	0.01467	0.01702	0.00821	0.02230	0.01291	0.03403	0.01056	0.01232	0.00821	0.00704	0.00469	0.00235	0.00587	0.00411	0.00469	0.00821
33	0.01095	0.00739	0.00860	0.00866	0.00878	0.00748	0.00506	0.01121	0.01124	0.01510	0.02424	0.07177	0.02769	0.65594	0.08942	0.00758	0.00826	0.01117	0.00464	0.00482
34	0.01432	0.01348	0.02275	0.71520	0.05224	0.01685	0.02107	0.01938	0.01517	0.01938	0.01348	0.02022	0.01011	0.00758	0.00758	0.00253	0.01011	0.00674	0.00337	0.00843
35	0.01273	0.01092	0.01583	0.01474	0.01564	0.01401	0.01183	0.01510	0.01200	0.01782	0.01690	0.02545	0.01599	0.04251	0.47977	0.00927	0.25076	0.00764	0.00382	0.00727
36	0.00905	0.00769	0.00781	0.00778	0.01030	0.00644	0.00583	0.01106	0.01750	0.02098	0.10699	0.07218	0.65258	0.01903	0.00896	0.00255	0.00383	0.01589	0.00711	0.00644
37	0.02690	0.02029	0.02168	0.01706	0.02279	0.02262	0.01395	0.54064	0.15899	0.04469	0.02066	0.02016	0.01489	0.00933	0.00761	0.00233	0.00789	0.00717	0.00761	0.01273
38	0.01589	0.06676	0.64461	0.02113	0.03197	0.01832	0.02695	0.04594	0.01667	0.02459	0.01365	0.01593	0.00973	0.00724	0.00713	0.00237	0.01099	0.00558	0.00336	0.01121
39	0.01545	0.07193	0.66351	0.02121	0.03220	0.01820	0.02732	0.02396	0.01599	0.02373	0.01347	0.01583	0.00961	0.00717	0.00710	0.00237	0.01106	0.00553	0.00320	0.01114
40	0.01414	0.00707	0.00707	0.00707	0.00884	0.00707	0.00530	0.01767	0.01591	0.02828	0.02474	0.02828	0.01944	0.00884	0.00530	0.00177	0.00353	0.00707	0.77554	0.00707
41	0.01573	0.01348	0.01573	0.01123	0.01798	0.01011	0.00899	0.01910	0.01573	0.02472	0.01348	0.01573	0.01123	0.00562	0.00562	0.00112	0.00562	0.00449	0.00449	0.77980
42	0.00924	0.00660	0.00880	0.01056	0.01100	0.00616	0.00704	0.01056	0.01452	0.01936	0.04181	0.72848	0.05017	0.02376	0.00968	0.00308	0.00440	0.02156	0.00704	0.00616
43	0.03353	0.01302	0.01759	0.01356	0.01937	0.01140	0.01118	0.03708	0.04329	0.66949	0.02996	0.02590	0.01892	0.00942	0.00763	0.00235	0.00644	0.00766	0.00933	0.01288
44	0.00906	0.00769	0.00781	0.00778	0.01030	0.00644	0.00584	0.01106	0.01751	0.02100	0.10819	0.07215	0.65136	0.01902	0.00896	0.00255	0.00383	0.01589	0.00711	0.00644
45	0.04958	0.00770	0.00852	0.00853	0.00886	0.00777	0.00501	0.01171	0.01175	0.01658	0.05227	0.08278	0.02965	0.63030	0.03417	0.00667	0.00697	0.01134	0.00489	0.00497
46	0.01901	0.01549	0.01665	0.01490	0.01908	0.01761	0.01160	0.03820	0.59132	0.06449	0.07952	0.03030	0.02656	0.01064	0.00781	0.00255	0.00584	0.00891	0.00785	0.01169
47	0.00924	0.00660	0.00880	0.01056	0.01100	0.00616	0.00704	0.01056	0.01452	0.01936	0.04181	0.72848	0.05017	0.02376	0.00968	0.00308	0.00440	0.02156	0.00704	0.00616
48	0.01068	0.00771	0.01009	0.00958	0.01132	0.00712	0.00715	0.01416	0.02119	0.02997	0.65632	0.08372	0.07071	0.01584	0.00898	0.00241	0.00361	0.01403	0.00830	0.00712
49	0.02683	0.01120	0.01517	0.01246	0.01691	0.00981	0.00993	0.02963	0.02064	0.49156	0.13353	0.13158	0.03153	0.01241	0.00813	0.00246	0.00571	0.01058	0.00889	0.01104
50	0.01790	0.02046	0.04476	0.03197	0.03964	0.01918	0.65857	0.02430	0.01790	0.02430	0.01535	0.02046	0.01151	0.00639	0.00895	0.00256	0.01279	0.00895	0.00384	0.01023
51	0.00924	0.00660	0.00880	0.01056	0.01100	0.00616	0.00704	0.01056	0.01452	0.01936	0.04181	0.72848	0.05017	0.02376	0.00968	0.00308	0.00440	0.02156	0.00704	0.00616
52	0.01074	0.00775	0.01014	0.00954	0.01133	0.00716	0.00716	0.01431	0.02147	0.03042	0.68211	0.05666	0.07157	0.01551	0.00895	0.00239	0.00358	0.01372	0.00835	0.00716
53	0.01031	0.00842	0.00903	0.00919	0.01132	0.00785	0.00664	0.01418	0.09072	0.02107	0.06022	0.19839	0.42678	0.07730	0.01138	0.00306	0.00449	0.01588	0.00692	0.00684
54	0.01887	0.01629	0.01715	0.01544	0.01972	0.01887	0.01201	0.04031	0.67241	0.03173	0.03087	0.02830	0.02315	0.01029	0.00772	0.00257	0.00600	0.00858	0.00772	0.01201
55	0.70391	0.01458	0.01152	0.01020	0.01480	0.01679	0.00837	0.05511	0.01426	0.03442	0.01176	0.01353	0.00909	0.00725	0.00488	0.00231	0.00586	0.00442	0.04855	0.00839
56	0.00924	0.00660	0.00880	0.01056	0.01100	0.00616	0.00704	0.01056	0.01452	0.01936	0.04181	0.72848	0.05017	0.02376	0.00968	0.00308	0.00440	0.02156	0.00704	0.00616
57	0.03403	0.01291	0.01760	0.01350	0.01936	0.01115	0.01115	0.03697	0.02171	0.69137	0.02992	0.02582	0.01878	0.00939	0.00763	0.00235	0.00645	0.00763	0.00939	0.01291
58	0.01521	0.03923	0.69413	0.02162	0.03283	0.01762	0.02802	0.02402	0.01601	0.02402	0.01361	0.01601	0.00961	0.00721	0.00721	0.00240	0.01121	0.00560	0.00320	0.01121
59	0.01026	0.00795	0.00820	0.00798	0.01072	0.00665	0.00604	0.01224	0.01752	0.05524	0.07441	0.07055	0.64863	0.01870	0.00890	0.00255	0.00398	0.01557	0.00717	0.00674
60	0.01103	0.00735	0.00827	0.00827	0.00827	0.00735	0.00460	0.01103	0.01103	0.01471	0.02390	0.04964	0.02758	0.73343	0.03861	0.00735	0.00735	0.01103	0.00460	0.00460
61	0.01059	0.00775	0.00993	0.00939	0.01124	0.00709	0.00704	0.01403	0.02112	0.02959	0.63173	0.05802	0.12247	0.01581	0.00895	0.00240	0.00360	0.01391	0.00824	0.00709
62	0.01887	0.01629	0.01715	0.01544	0.01972	0.01887	0.01201	0.04031	0.67241	0.03173	0.03087	0.02830	0.02315	0.01029	0.00772	0.00257	0.00600	0.00858	0.00772	0.01201
63	0.72567	0.01453	0.01167	0.01026	0.01505	0.01654	0.00845	0.02349	0.01363	0.08758	0.01214	0.01342	0.00907	0.00723	0.00493	0.00235	0.00592	0.00439	0.00508	0.00860
64	0.03251	0.01325	0.01756	0.01369	0.01940	0.01192	0.01123	0.03730	0.08701	0.62517	0.03002	0.02607	0.01922	0.00948	0.00764	0.00237	0.00641	0.00772	0.00922	0.01282
65	0.01097	0.00733	0.00829	0.00836	0.00837	0.00731	0.00469	0.01101	0.01116	0.01488	0.02455	0.07441	0.02840	0.70754	0.03755	0.00720	0.00725	0.01141	0.00469	0.00465
66	0.00924	0.00660	0.00880	0.01056	0.01100	0.00616	0.00704	0.01056	0.01452	0.01936	0.04181	0.72848	0.05017	0.02376	0.00968	0.00308	0.00440	0.02156	0.00704	0.00616
67	0.03403	0.01291	0.01760	0.01350	0.01936	0.01115	0.01115	0.03697	0.02171	0.69137	0.02992	0.02582	0.01878	0.00939	0.00763	0.00235	0.00645	0.00763	0.00939	0.01291
68	0.01877	0.01802	0.03079	0.04656	0.68612	0.01802	0.02328	0.02328	0.01727	0.02478	0.01427	0.01877	0.01201	0.00676	0.00751	0.00225	0.00901	0.00676	0.00375	0.01201
69	0.00924	0.00660	0.00880	0.01056	0.01100	0.00616	0.00704	0.01056	0.01452	0.01936	0.04181	0.72848	0.05017	0.02376	0.00968	0.00308	0.00440	0.02156	0.00704	0.00616
70	0.07110	0.01300	0.01728	0.01332	0.01913	0.01144	0.01100	0.03624	0.02128	0.65901	0.02897	0.02515	0.01826	0.00927	0.00748	0.00235	0.00643	0.00745	0.00916	0.01268
71	0.01432	0.01348	0.02275	0.71520	0.05224	0.01685	0.02107	0.01938	0.01517	0.01938	0.01348	0.02022	0.01011	0.00758	0.00758	0.00253	0.01011	0.00674	0.00337	0.00843
72	0.01573	0.01348	0.01573	0.01123	0.01798	0.01011	0.00899	0.01910	0.01573	0.02472	0.01348	0.01573	0.01123	0.00562	0.00562	0.00112	0.00562	0.00449	0.00449	0.77980
73	0.01877	0.01802	0.03079	0.04656	0.68612	0.01802	0.02328	0.02328	0.01727	0.02478	0.01427	0.01877	0.01201	0.00676	0.00751	0.00225	0.00901	0.00676	0.00375	0.01201
74	0.01877	0.01802	0.03079	0.04656	0.68612	0.01802	0.02328	0.02328	0.01727	0.02478	0.01427	0.01877	0.01201	0.00676	0.00751	0.00225	0.00901	0.00676	0.00375	0.01201
75	0.01432	0.01348	0.02275	0.71520	0.05224	0.01685	0.02107	0.01938	0.01517	0.01938	0.01348	0.02022	0.01011	0.00758	0.00758	0.00253	0.01011	0.00674	0.00337	0.00843
76	0.03334	0.01401	0.01829	0.01402	0.01991	0.01279	0.01158	0.11971	0.02356	0.60601	0.02837	0.02481	0.01800	0.00935	0.00762	0.00234	0.00671	0.00752	0.00915	0.01291
77	0.08663	0.03696	0.63093	0.02054	0.03115	0.01756	0.02619	0.02386	0.01573	0.02495	0.01333	0.01567	0.00948	0.00719	0.00697	0.00240	0.01072	0.00547	0.00334	0.01093
78	0.01929	0.01651	0.01739	0.01552	0.01989	0.01907	0.01211	0.06682	0.64521	0.03242	0.03033	0.02787	0.02272	0.01024	0.00771	0.00256	0.00610	0.00850	0.00771	0.01204
79	0.00913	0.00769	0.00791	0.00786	0.01035	0.00647	0.00589	0.01120	0.01768	0.02141	0.13317	0.07148	0.62613	0.01887	0.00896	0.00254	0.00382	0.01579	0.00717	0.00647
80	0.01794	0.01726	0.02964	0.04279	0.59926	0.01712	0.05318	0.02231	0.01719	0.02436	0.01803	0.04917	0.04165	0.00793	0.00773	0.00231	0.00880	0.00784	0.00403	0.01146
81	0.01103	0.00735	0.00827	0.00827	0.00827	0.00735	0.00460	0.01103	0.01103	0.01471	0.02390	0.04964	0.02758	0.73343	0.03861	0.00735	0.00735	0.01103	0.00460	0.00460
82	0.02883	0.02125	0.02276	0.01745	0.02352	0.02352	0.01442	0.66082	0.03566	0.04780	0.01821	0.01821	0.01290	0.00911	0.00759	0.00228	0.00835	0.00683	0.00759	0.01290
83	0.01705	0.01833	0.03644	0.12606	0.09217	0.01898	0.40589	0.02233	0.01641	0.02259	0.01443	0.02008	0.01140	0.00928	0.03485	0.00297	0.10921	0.00811	0.00370	0.00974
84	0.01605	0.01291	0.03688	0.01258	0.01543	0.03563	0.00993	0.18148	0.02171	0.02989	0.16249	0.25001	0.03739	0.01759	0.04771	0.00306	0.00663	0.01285	0.08129	0.00850
85	0.03403	0.01291	0.01760	0.01350	0.01936	0.01115	0.01115	0.03697	0.02171	0.69137	0.02992	0.02582	0.01878	0.00939	0.00763	0.00235	0.00645	0.00763	0.00939	0.01291
86	0.01066	0.00769	0.01007	0.00959	0.01131	0.00711	0.00715	0.01412	0.02112	0.02985	0.64938	0.09100	0.07048	0.01593	0.00898	0.00242	0.00362	0.01412	0.00828	0.00711
87	0.00974	0.00771	0.00876	0.00850	0.01072	0.00673	0.00637	0.01239	0.01912	0.02484	0.34178	0.06585	0.41538	0.01759	0.00896	0.00248	0.00373	0.01501	0.00762	0.00673
88	0.01597	0.00908	0.00928	0.00862	0.01098	0.00945	0.00663	0.08819	0.05205	0.03056	0.02436	0.02719	0.01893	0.00894	0.00567	0.00186	0.00418	0.00712	0.65296	0.00795
89	0.01637	0.01426	0.02444	0.34011	0.20655	0.01550	0.07126	0.02011	0.01546	0.04484	0.01439	0.02031	0.01149	0.00985	0.01065	0.10932	0.00928	0.00686	0.00375	0.03520
90	0.01480	0.01381	0.02142	0.29451	0.03198	0.01777	0.04012	0.01822	0.01356	0.01935	0.01379	0.02065	0.01184	0.01672	0.11266	0.00416	0.27605	0.00700	0.04347	0.00814
91	0.08910	0.05163	0.16195	0.12460	0.06878	0.04203	0.28142	0.02389	0.01681	0.04727	0.01443	0.01834	0.01078	0.00696	0.00767	0.00242	0.01089	0.00704	0.00389	0.01009
92	0.70114	0.07609	0.01487	0.01151	0.01641	0.01895	0.00941	0.02342	0.01429	0.03393	0.01249	0.01499	0.01019	0.00824	0.00556	0.00262	0.00668	0.00475	0.00519	0.00929
93	0.01841	0.01752	0.03062	0.09890	0.47782	0.01773	0.11070	0.04963	0.01758	0.02463	0.01446	0.01933	0.01188	0.00789	0.00887	0.04257	0.00948	0.00706	0.00387	0.01104
94	0.01080	0.00791	0.01070	0.06067	0.01468	0.00777	0.00846	0.01297	0.04189	0.01969	0.03518	0.52729	0.04056	0.02127	0.01111	0.07476	0.00522	0.03634	0.00633	0.04640
95	0.01414	0.00707	0.00707	0.00707	0.00884	0.00707	0.00530	0.01767	0.01591	0.02828	0.02474	0.02828	0.01944	0.00884	0.00530	0.00177	0.00353	0.00707	0.77554	0.00707
96	0.00932	0.00666	0.00887	0.01051	0.01102	0.00621	0.00705	0.01075	0.01488	0.01993	0.07454	0.69414	0.05126	0.02334	0.00964	0.00304	0.00436	0.02116	0.00711	0.00621
97	0.01200	0.00864	0.01192	0.01349	0.01528	0.00856	0.01172	0.01542	0.01759	0.02285	0.06390	0.08393	0.07772	0.02068	0.01035	0.00341	0.00671	0.58186	0.00703	0.00696
98	0.01053	0.00775	0.00985	0.00933	0.01121	0.00707	0.00700	0.01392	0.02099	0.02927	0.61195	0.05855	0.14245	0.01594	0.00895	0.00241	0.00361	0.01398	0.00820	0.00707
99	0.01449	0.01381	0.02378	0.68323	0.05165	0.01696	0.05090	0.01961	0.01529	0.01961	0.01357	0.02023	0.01018	0.00753	0.00765	0.00253	0.01024	0.00684	0.00339	0.00851
100	0.01074	0.00775	0.01014	0.00954	0.01133	0.00716	0.00716	0.01431	0.02147	0.03042	0.68211	0.05666	0.07157	0.01551	0.00895	0.00239	0.00358	0.01372	0.00835	0.00716
101	0.03403	0.01291	0.01760	0.01350	0.01936	0.01115	0.01115	0.03697	0.02171	0.69137	0.02992	0.02582	0.01878	0.00939	0.00763	0.00235	0.00645	0.00763	0.00939	0.01291
102	0.02833	0.03615	0.02149	0.01954	0.02345	0.70298	0.01466	0.03029	0.02149	0.01856	0.01172	0.01368	0.00977	0.00782	0.00684	0.00195	0.01368	0.00489	0.00391	0.00879
103	0.01195	0.00853	0.01191	0.01366	0.01528	0.00849	0.01175	0.01524	0.01719	0.02239	0.04031	0.14476	0.04425	0.02121	0.01040	0.00345	0.00675	0.57857	0.00699	0.00691
104	0.01432	0.01348	0.02275	0.71520	0.05224	0.01685	0.02107	0.01938	0.01517	0.01938	0.01348	0.02022	0.01011	0.00758	0.00758	0.00253	0.01011	0.00674	0.00337	0.00843
105	0.01931	0.01858	0.02932	0.10000	0.57167	0.04746	0.02228	0.05501	0.01819	0.02521	0.01429	0.01865	0.01180	0.00699	0.00749	0.00226	0.00927	0.00668	0.00392	0.01162
106	0.02883	0.02125	0.02276	0.01745	0.02352	0.02352	0.01442	0.66082	0.03566	0.04780	0.01821	0.01821	0.01290	0.00911	0.00759	0.00228	0.00835	0.00683	0.00759	0.01290
107	0.00988	0.00727	0.00948	0.01063	0.01168	0.00655	0.00723	0.01140	0.01464	0.01989	0.03903	0.65869	0.04636	0.02199	0.00928	0.00289	0.00452	0.01989	0.00679	0.08191
108	0.00924	0.00660	0.00880	0.01056	0.01100	0.00616	0.00704	0.01056	0.01452	0.01936	0.04181	0.72848	0.05017	0.02376	0.00968	0.00308	0.00440	0.02156	0.00704	0.00616
109	0.00906	0.00769	0.00781	0.00778	0.01030	0.00644	0.00583	0.01106	0.01750	0.02100	0.10778	0.07216	0.65178	0.01902	0.00896	0.00255	0.00383	0.01589	0.00711	0.00644
110	0.01790	0.02046	0.04476	0.03197	0.03964	0.01918	0.65857	0.02430	0.01790	0.02430	0.01535	0.02046	0.01151	0.00639	0.00895	0.00256	0.01279	0.00895	0.00384	0.01023
111	0.01414	0.00707	0.00707	0.00707	0.00884	0.00707	0.00530	0.01767	0.01591	0.02828	0.02474	0.02828	0.01944	0.00884	0.00530	0.00177	0.00353	0.00707	0.77554	0.00707
112	0.01808	0.02064	0.04266	0.07025	0.03977	0.04400	0.59893	0.02424	0.01788	0.02381	0.01511	0.02020	0.01137	0.00651	0.00880	0.00253	0.01267	0.00868	0.00381	0.01008
113	0.00935	0.00668	0.00890	0.01049	0.01103	0.00623	0.00705	0.01083	0.01502	0.02016	0.08770	0.68033	0.05170	0.02317	0.00963	0.00303	0.00434	0.02100	0.00713	0.00623
114	0.02284	0.01756	0.01894	0.01599	0.02088	0.01971	0.01282	0.25654	0.39092	0.06947	0.02676	0.02695	0.02017	0.01026	0.00778	0.00249	0.00689	0.03315	0.00773	0.01216
115	0.78701	0.01467	0.01115	0.00997	0.01467	0.01702	0.00821	0.02230	0.01291	0.03403	0.01056	0.01232	0.00821	0.00704	0.00469	0.00235	0.00587	0.00411	0.00469	0.00821
116	0.01870	0.01828	0.02961	0.11304	0.59589	0.04497	0.02271	0.02316	0.01723	0.02399	0.01409	0.01872	0.01173	0.00688	0.00749	0.00227	0.00931	0.00668	0.00372	0.01152
117	0.00930	0.00663	0.00878	0.01048	0.01091	0.00620	0.00696	0.01058	0.01440	0.01920	0.04118	0.70480	0.04938	0.04852	0.01069	0.00323	0.00450	0.02120	0.00696	0.00611
118	0.00971	0.00680	0.00866	0.00997	0.01029	0.00647	0.00641	0.01068	0.01362	0.01816	0.03716	0.55238	0.04431	0.20786	0.01718	0.00419	0.00517	0.01883	0.00641	0.00575
119	0.01937	0.01595	0.02376	0.01982	0.04752	0.01829	0.12236	0.12072	0.01749	0.08527	0.01679	0.02467	0.01489	0.14670	0.01980	0.00366	0.26086	0.00798	0.00489	0.00922
120	0.02213	0.01570	0.01780	0.01346	0.01950	0.01480	0.01092	0.23108	0.05097	0.10870	0.01828	0.01894	0.01361	0.00757	0.00656	0.00174	0.00650	0.00593	0.04992	0.36590
121	0.02081	0.02339	0.01892	0.01722	0.01972	0.34175	0.01336	0.04577	0.01736	0.01927	0.01435	0.01941	0.01280	0.02422	0.22869	0.00542	0.13905	0.00628	0.00399	0.00822
122	0.01257	0.01320	0.11854	0.01179	0.01530	0.00936	0.01076	0.01757	0.04314	0.05349	0.53043	0.04815	0.05820	0.01379	0.00858	0.00239	0.00497	0.01204	0.00755	0.00817
123	0.01887	0.01629	0.01715	0.01544	0.01972	0.01887	0.01201	0.04031	0.67241	0.03173	0.03087	0.02830	0.02315	0.01029	0.00772	0.00257	0.00600	0.00858	0.00772	0.01201
124	0.01557	0.02959	0.40844	0.02481	0.06960	0.01694	0.20065	0.02272	0.01646	0.02368	0.01692	0.08797	0.01429	0.00860	0.00795	0.00250	0.01085	0.00818	0.00379	0.01048
125	0.01521	0.03923	0.69413	0.02162	0.03283	0.01762	0.02802	0.02402	0.01601	0.02402	0.01361	0.01601	0.00961	0.00721	0.00721	0.00240	0.01121	0.00560	0.00320	0.01121
126	0.75484	0.01459	0.01142	0.01013	0.01487	0.01677	0.00834	0.02292	0.01328	0.06212	0.01139	0.01290	0.00867	0.00714	0.00482	0.00235	0.00589	0.00426	0.00489	0.00842
127	0.01535	0.03830	0.66178	0.02213	0.03317	0.01769	0.05943	0.02403	0.01611	0.02403	0.01370	0.01624	0.00970	0.00717	0.00729	0.00241	0.01129	0.00577	0.00323	0.01116
128	0.01874	0.01811	0.03127	0.04605	0.66373	0.01806	0.04528	0.02331	0.01729	0.02476	0.01430	0.01883	0.01200	0.00675	0.00756	0.00226	0.00914	0.00683	0.00376	0.01195
129	0.01735	0.01484	0.01556	0.01404	0.01807	0.01668	0.01091	0.05721	0.52534	0.03018	0.03911	0.03639	0.14769	0.01194	0.00795	0.00256	0.00568	0.00992	0.00759	0.01098
130	0.01449	0.01480	0.02946	0.02267	0.02754	0.01373	0.37446	0.01879	0.01650	0.02245	0.02528	0.28891	0.02617	0.01294	0.00904	0.00267	0.00920	0.01349	0.00509	0.05232
131	0.00983	0.00751	0.00903	0.00909	0.01089	0.00670	0.00665	0.01241	0.01869	0.02485	0.34930	0.18954	0.28130	0.01836	0.00909	0.00258	0.00383	0.01600	0.00765	0.00670
132	0.01785	0.01795	0.02654	0.04964	0.02484	0.04235	0.12456	0.05691	0.03841	0.02149	0.01228	0.01782	0.01086	0.01138	0.01937	0.00303	0.48478	0.00706	0.00383	0.00904
133	0.01790	0.02046	0.04476	0.03197	0.03964	0.01918	0.65857	0.02430	0.01790	0.02430	0.01535	0.02046	0.01151	0.00639	0.00895	0.00256	0.01279	0.00895	0.00384	0.01023
134	0.02386	0.02100	0.10980	0.06531	0.02534	0.01989	0.01573	0.30892	0.19968	0.09839	0.02173	0.02145	0.01555	0.00909	0.00758	0.00240	0.00805	0.00720	0.00692	0.01213
135	0.06268	0.01814	0.01930	0.01502	0.02075	0.04283	0.01222	0.35215	0.05967	0.10646	0.05291	0.02055	0.01639	0.00870	0.00711	0.00207	0.00732	0.00669	0.00694	0.16208
136	0.01074	0.00775	0.01014	0.00954	0.01133	0.00716	0.00716	0.01431	0.02147	0.03042	0.68211	0.05666	0.07157	0.01551	0.00895	0.00239	0.00358	0.01372	0.00835	0.00716
137	0.02111	0.66536	0.03786	0.01366	0.01988	0.09966	0.01315	0.02350	0.01604	0.01792	0.01067	0.01232	0.00974	0.00663	0.00507	0.00166	0.00869	0.00414	0.00331	0.00964
138	0.01103	0.00735	0.00827	0.00827	0.00827	0.00735	0.00460	0.01103	0.01103	0.01471	0.02390	0.04964	0.02758	0.73343	0.03861	0.00735	0.00735	0.01103	0.00460	0.00460
139	0.01498	0.01472	0.02458	0.11918	0.02769	0.05859	0.22805	0.01892	0.01513	0.02020	0.01768	0.02650	0.01562	0.10636	0.22510	0.00600	0.01383	0.00829	0.03055	0.00806
140	0.01124	0.00806	0.01090	0.01224	0.01366	0.00786	0.00995	0.01404	0.01692	0.02229	0.10760	0.21684	0.07286	0.05734	0.01153	0.00345	0.00598	0.38356	0.00702	0.00668
141	0.02028	0.73799	0.03975	0.01298	0.01947	0.03001	0.01298	0.02271	0.01541	0.01785	0.01055	0.01217	0.00973	0.00649	0.00487	0.00162	0.00811	0.00406	0.00324	0.00973
142	0.06577	0.02073	0.02197	0.01701	0.02294	0.02302	0.01402	0.60522	0.05934	0.04650	0.01833	0.01831	0.01307	0.00905	0.00745	0.00229	0.00813	0.00676	0.00745	0.01263
143	0.05525	0.02155	0.02103	0.01663	0.02209	0.09531	0.01354	0.52153	0.03183	0.04269	0.01772	0.01826	0.01288	0.00887	0.00723	0.00221	0.00847	0.00654	0.06451	0.01185
144	0.43636	0.01857	0.07275	0.01471	0.02040	0.01867	0.06439	0.14520	0.08773	0.03478	0.01480	0.01609	0.01107	0.00774	0.00611	0.00238	0.00735	0.00561	0.00537	0.00991
145	0.01653	0.18968	0.50011	0.02056	0.03047	0.02044	0.07497	0.02376	0.01603	0.02270	0.01308	0.01553	0.00979	0.00699	0.00684	0.00224	0.01066	0.00553	0.00326	0.01081
146	0.01497	0.00787	0.00796	0.00766	0.00967	0.00800	0.00582	0.05414	0.01703	0.02939	0.02437	0.02771	0.01907	0.00885	0.00543	0.00180	0.00381	0.00706	0.73200	0.00740
147	0.01641	0.01388	0.01609	0.01156	0.01826	0.01081	0.00927	0.05234	0.01676	0.02591	0.01373	0.01586	0.01132	0.00580	0.00572	0.00118	0.00576	0.00461	0.00465	0.74007
148	0.01144	0.00782	0.00873	0.00864	0.00887	0.00795	0.00498	0.01255	0.04529	0.01559	0.02426	0.04853	0.02735	0.69597	0.03701	0.00711	0.00728	0.01090	0.00476	0.00498
149	0.00924	0.00660	0.00880	0.01056	0.01100	0.00616	0.00704	0.01056	0.01452	0.01936	0.04181	0.72848	0.05017	0.02376	0.00968	0.00308	0.00440	0.02156	0.00704	0.00616
150	0.00984	0.00794	0.00861	0.00879	0.01096	0.00701	0.00644	0.03470	0.01755	0.02174	0.09773	0.21817	0.48442	0.01968	0.00908	0.00266	0.00412	0.01681	0.00713	0.00662
151	0.00924	0.00660	0.00880	0.01056	0.01100	0.00616	0.00704	0.01056	0.01452	0.01936	0.04181	0.72848	0.05017	0.02376	0.00968	0.00308	0.00440	0.02156	0.00704	0.00616
152	0.01573	0.01348	0.01573	0.01123	0.01798	0.01011	0.00899	0.01910	0.01573	0.02472	0.01348	0.01573	0.01123	0.00562	0.00562	0.00112	0.00562	0.00449	0.00449	0.77980
153	0.00924	0.00660	0.00880	0.01056	0.01100	0.00616	0.00704	0.01056	0.01452	0.01936	0.04181	0.72848	0.05017	0.02376	0.00968	0.00308	0.00440	0.02156	0.00704	0.00616
154	0.01870	0.01602	0.01686	0.01511	0.01937	0.01839	0.01177	0.06027	0.61690	0.03171	0.03278	0.03024	0.05653	0.01071	0.00778	0.00256	0.00597	0.00890	0.00768	0.01175
155	0.01103	0.00735	0.00827	0.00827	0.00827	0.00735	0.00460	0.01103	0.01103	0.01471	0.02390	0.04964	0.02758	0.73343	0.03861	0.00735	0.00735	0.01103	0.00460	0.00460
156	0.01103	0.00841	0.01257	0.01245	0.01376	0.00995	0.00972	0.01370	0.01217	0.01763	0.01996	0.02935	0.01866	0.05540	0.68029	0.01189	0.04410	0.00808	0.00404	0.00682
157	0.01659	0.01659	0.02323	0.01991	0.01991	0.02323	0.01659	0.01825	0.01162	0.01825	0.00996	0.01659	0.00996	0.01328	0.02489	0.00332	0.71955	0.00664	0.00332	0.00830
158	0.01049	0.00778	0.00980	0.00940	0.01132	0.00709	0.00712	0.01378	0.02059	0.02840	0.55256	0.06061	0.17572	0.01636	0.00901	0.00246	0.00376	0.03866	0.00807	0.00702
159	0.00919	0.00681	0.00858	0.01000	0.01085	0.00621	0.00679	0.01062	0.01506	0.01958	0.04864	0.60053	0.17370	0.02287	0.00954	0.00298	0.00429	0.02048	0.00704	0.00621
160	0.02028	0.73799	0.03975	0.01298	0.01947	0.03001	0.01298	0.02271	0.01541	0.01785	0.01055	0.01217	0.00973	0.00649	0.00487	0.00162	0.00811	0.00406	0.00324	0.00973
161	0.01529	0.05698	0.62723	0.02131	0.03192	0.01764	0.04977	0.02364	0.01627	0.02409	0.03798	0.01755	0.01194	0.00746	0.00727	0.00239	0.01090	0.00598	0.00341	0.01098
162	0.02102	0.01986	0.06199	0.15953	0.12067	0.04955	0.01823	0.23793	0.02192	0.02974	0.01433	0.01800	0.01124	0.00927	0.01145	0.00255	0.17067	0.00661	0.00486	0.01058
163	0.02883	0.02125	0.02276	0.01745	0.02352	0.02352	0.01442	0.66082	0.03566	0.04780	0.01821	0.01821	0.01290	0.00911	0.00759	0.00228	0.00835	0.00683	0.00759	0.01290
164	0.01573	0.01348	0.01573	0.01123	0.01798	0.01011	0.00899	0.01910	0.01573	0.02472	0.01348	0.01573	0.01123	0.00562	0.00562	0.00112	0.00562	0.00449	0.00449	0.77980
