[name]
unknown

[dist]
# distance from previous block
# <min> <max>
0	45

[block]
# block no. 0 follows, 23 sequences, length 13
# corresponding to MSA columns:
# 45-57
name=unknown_A
#
# <colnr> <probs for GDERKNQSTAVLIFYWHMCP>
#	G	D	E	R	K	N	Q	S	T	A	V	L	I	F	Y	W	H	M	C	P
0	0.01033	0.00797	0.00955	0.01060	0.01232	0.00719	0.00792	0.01243	0.01739	0.02188	0.06077	0.32350	0.31760	0.02276	0.01017	0.00313	0.00494	0.12515	0.00752	0.00686
1	0.77215	0.01569	0.01193	0.01067	0.01569	0.01820	0.00879	0.02385	0.01381	0.03641	0.01130	0.01318	0.00879	0.00753	0.00502	0.00251	0.00628	0.00439	0.00502	0.00879
2	0.01683	0.01442	0.01683	0.01202	0.01923	0.01082	0.00961	0.02043	0.01683	0.02644	0.01442	0.01683	0.01202	0.00601	0.00601	0.00120	0.00601	0.00481	0.00481	0.76444
3	0.02169	0.71972	0.04252	0.01388	0.02083	0.03211	0.01388	0.02430	0.01649	0.01909	0.01128	0.01302	0.01041	0.00694	0.00521	0.00174	0.00868	0.00434	0.00347	0.01041
4	0.01683	0.01442	0.01683	0.01202	0.01923	0.01082	0.00961	0.02043	0.01683	0.02644	0.01442	0.01683	0.01202	0.00601	0.00601	0.00120	0.00601	0.00481	0.00481	0.76444
5	0.03079	0.02438	0.02421	0.01890	0.02516	0.09305	0.01545	0.57468	0.03658	0.04791	0.01876	0.01898	0.01345	0.00960	0.00803	0.00240	0.00952	0.00709	0.00771	0.01335
6	0.01098	0.01072	0.06301	0.01370	0.01556	0.00844	0.05008	0.01336	0.01589	0.02144	0.04056	0.61146	0.04763	0.02285	0.01010	0.00320	0.00585	0.02087	0.00699	0.00729
7	0.02581	0.01407	0.06951	0.01374	0.01883	0.01090	0.01189	0.02952	0.02206	0.39049	0.20550	0.08842	0.03751	0.01285	0.00868	0.00259	0.00630	0.01094	0.00900	0.01140
8	0.01159	0.00869	0.01304	0.01304	0.01449	0.01014	0.01014	0.01449	0.01304	0.01884	0.02173	0.03188	0.02029	0.06086	0.68268	0.01304	0.02173	0.00869	0.00435	0.00724
9	0.01584	0.01519	0.02615	0.57100	0.05149	0.01769	0.08473	0.02125	0.01658	0.02174	0.01463	0.02127	0.01107	0.00781	0.00809	0.00258	0.01072	0.00726	0.00376	0.07115
10	0.01708	0.01465	0.01694	0.01236	0.01937	0.01152	0.00986	0.02215	0.06463	0.02701	0.01583	0.01784	0.01298	0.00639	0.00618	0.00132	0.00604	0.00514	0.00507	0.70765
11	0.02473	0.07026	0.19518	0.02064	0.02676	0.41654	0.01907	0.02877	0.02045	0.02144	0.01586	0.01803	0.03781	0.00890	0.00831	0.00229	0.04493	0.00597	0.00406	0.01001
12	0.01327	0.01268	0.05950	0.08532	0.02215	0.01092	0.08928	0.01681	0.01634	0.02318	0.03055	0.34446	0.03267	0.01821	0.03693	0.00319	0.00765	0.01476	0.09214	0.07001

[dist]
# distance from previous block
# <min> <max>
0	7

[block]
# block no. 1 follows, 23 sequences, length 90
# corresponding to MSA columns:
# 65-154
name=unknown_B
#
# <colnr> <probs for GDERKNQSTAVLIFYWHMCP>
#	G	D	E	R	K	N	Q	S	T	A	V	L	I	F	Y	W	H	M	C	P
0	0.02094	0.24299	0.33087	0.02088	0.05532	0.02208	0.05687	0.02711	0.01792	0.10986	0.01603	0.01767	0.01185	0.00772	0.00713	0.00231	0.01030	0.00603	0.00439	0.01173
1	0.02001	0.02123	0.06261	0.11444	0.49799	0.06224	0.05385	0.02504	0.01850	0.02540	0.01502	0.01984	0.01233	0.00740	0.00805	0.00244	0.01040	0.00715	0.00396	0.01209
2	0.02136	0.05989	0.29438	0.02105	0.06391	0.02006	0.02095	0.17188	0.10561	0.06468	0.06080	0.02273	0.01794	0.00925	0.00793	0.00251	0.00948	0.00739	0.00588	0.01231
3	0.14387	0.25076	0.27478	0.01923	0.05097	0.02272	0.04942	0.02564	0.01684	0.05821	0.01398	0.01604	0.01077	0.00749	0.00659	0.00229	0.00972	0.00553	0.00410	0.01103
4	0.01167	0.00840	0.01153	0.01153	0.01246	0.00932	0.00826	0.01352	0.01259	0.01772	0.02311	0.03951	0.02360	0.29602	0.45204	0.01118	0.01675	0.00981	0.00455	0.00641
5	0.01532	0.01442	0.02434	0.69533	0.05589	0.01803	0.02253	0.02073	0.01622	0.02073	0.01442	0.02163	0.01082	0.00811	0.00811	0.00270	0.01082	0.00721	0.00361	0.00901
6	0.03031	0.03867	0.02299	0.02090	0.02508	0.68226	0.01568	0.03240	0.02299	0.01986	0.01254	0.01463	0.01045	0.00836	0.00732	0.00209	0.01463	0.00523	0.00418	0.00941
7	0.01177	0.00797	0.00937	0.00937	0.00954	0.00815	0.00556	0.01213	0.01195	0.01612	0.02509	0.05049	0.02836	0.63428	0.12030	0.00850	0.00957	0.01142	0.00485	0.00520
8	0.01670	0.03441	0.47289	0.02637	0.09758	0.01828	0.11129	0.02488	0.01798	0.02633	0.06303	0.02133	0.01576	0.00820	0.00814	0.00258	0.01138	0.00726	0.00399	0.01161
9	0.06125	0.07480	0.02408	0.01792	0.02359	0.08430	0.01471	0.38752	0.13148	0.04116	0.01969	0.01994	0.01465	0.00970	0.00848	0.00245	0.03755	0.00706	0.00711	0.01256
10	0.77215	0.01569	0.01193	0.01067	0.01569	0.01820	0.00879	0.02385	0.01381	0.03641	0.01130	0.01318	0.00879	0.00753	0.00502	0.00251	0.00628	0.00439	0.00502	0.00879
11	0.05463	0.26362	0.09279	0.01590	0.02270	0.02399	0.01500	0.23610	0.02466	0.08758	0.02214	0.02236	0.06671	0.00941	0.00707	0.00224	0.00846	0.00693	0.00604	0.01167
12	0.00998	0.00713	0.00950	0.01124	0.01179	0.00665	0.00754	0.01153	0.01596	0.02139	0.07975	0.67259	0.05497	0.02492	0.01031	0.00325	0.00466	0.02259	0.00761	0.00665
13	0.01227	0.00838	0.00929	0.00900	0.01061	0.00767	0.00601	0.01354	0.01593	0.05661	0.09041	0.06241	0.29158	0.34397	0.02432	0.00511	0.00601	0.01397	0.00655	0.00640
14	0.02180	0.42732	0.16885	0.01812	0.02583	0.10616	0.05777	0.04928	0.01841	0.02222	0.01275	0.01488	0.01064	0.00737	0.00637	0.00204	0.01040	0.00524	0.00377	0.01078
15	0.01546	0.01461	0.02437	0.65696	0.05392	0.01842	0.02226	0.02066	0.01601	0.02066	0.01421	0.02141	0.01081	0.00846	0.00917	0.00275	0.05005	0.00720	0.00360	0.00901
16	0.01148	0.00829	0.01085	0.01021	0.01212	0.00766	0.00766	0.01531	0.02297	0.03254	0.65994	0.06061	0.07656	0.01659	0.00957	0.00255	0.00383	0.01467	0.00893	0.00766
17	0.01172	0.00818	0.01046	0.01046	0.01101	0.00874	0.00692	0.01283	0.01228	0.01692	0.02410	0.04496	0.02596	0.46385	0.28745	0.00985	0.01319	0.01061	0.00470	0.00581
18	0.02724	0.03166	0.02549	0.06020	0.17551	0.44147	0.01814	0.07984	0.02286	0.02402	0.01384	0.01664	0.01130	0.00820	0.00759	0.00222	0.01281	0.00596	0.00444	0.01055
19	0.02018	0.01743	0.01835	0.01651	0.02110	0.02018	0.01284	0.04312	0.64956	0.03394	0.03303	0.03027	0.02477	0.01101	0.00826	0.00275	0.00642	0.00917	0.00826	0.01284
20	0.01159	0.00869	0.01304	0.01304	0.01449	0.01014	0.01014	0.01449	0.01304	0.01884	0.02173	0.03188	0.02029	0.06086	0.68268	0.01304	0.02173	0.00869	0.00435	0.00724
21	0.02189	0.01969	0.03086	0.07675	0.51134	0.02034	0.02297	0.14146	0.02211	0.03091	0.01602	0.02005	0.01293	0.00775	0.00805	0.00243	0.00956	0.00724	0.00478	0.01284
22	0.01021	0.00737	0.00970	0.01121	0.01202	0.00686	0.00775	0.01204	0.01667	0.02228	0.11582	0.57527	0.08539	0.02404	0.01027	0.00321	0.00472	0.05072	0.00769	0.00677
23	0.01308	0.00934	0.01308	0.01494	0.01681	0.00934	0.01308	0.01681	0.01868	0.02428	0.04296	0.09153	0.04670	0.02242	0.01121	0.00374	0.00747	0.60960	0.00747	0.00747
24	0.01775	0.01775	0.02485	0.02130	0.02130	0.02485	0.01775	0.01953	0.01243	0.01953	0.01065	0.01775	0.01065	0.01420	0.02663	0.00355	0.69998	0.00710	0.00355	0.00888
25	0.02018	0.01752	0.01905	0.01812	0.05214	0.02014	0.01343	0.04224	0.61910	0.03358	0.03217	0.02978	0.02419	0.01083	0.00825	0.00274	0.00658	0.00908	0.00805	0.01284
26	0.02505	0.02987	0.02349	0.02176	0.04776	0.41661	0.01642	0.02718	0.01900	0.01996	0.01249	0.01665	0.01108	0.01267	0.04566	0.00309	0.23195	0.00606	0.00398	0.00927
27	0.01915	0.02189	0.04788	0.03420	0.04241	0.02052	0.63475	0.02599	0.01915	0.02599	0.01642	0.02189	0.01231	0.00684	0.00958	0.00274	0.01368	0.00958	0.00410	0.01094
28	0.02145	0.01898	0.01900	0.01690	0.02159	0.05820	0.01317	0.08108	0.57418	0.03426	0.03098	0.02868	0.02324	0.01078	0.00819	0.00269	0.00705	0.00883	0.00802	0.01271
29	0.01043	0.00748	0.00995	0.01122	0.01211	0.00699	0.00785	0.01255	0.01749	0.02374	0.19275	0.52161	0.05882	0.02314	0.01021	0.00314	0.00464	0.05113	0.00787	0.00689
30	0.02136	0.50814	0.13639	0.01674	0.02440	0.02787	0.05651	0.02614	0.04333	0.05276	0.01402	0.01564	0.01158	0.00737	0.00614	0.00201	0.00933	0.00532	0.00402	0.01095
31	0.01180	0.00787	0.00885	0.00885	0.00885	0.00787	0.00492	0.01180	0.01180	0.01573	0.02557	0.05310	0.02950	0.71483	0.04130	0.00787	0.00787	0.01180	0.00492	0.00492
32	0.01148	0.00829	0.01085	0.01021	0.01212	0.00766	0.00766	0.01531	0.02297	0.03254	0.65994	0.06061	0.07656	0.01659	0.00957	0.00255	0.00383	0.01467	0.00893	0.00766
33	0.02096	0.02167	0.03303	0.07740	0.48405	0.09924	0.09445	0.02572	0.01898	0.02535	0.01503	0.01971	0.01240	0.00737	0.00813	0.00242	0.01077	0.00726	0.00403	0.01202
34	0.01842	0.02093	0.07106	0.15644	0.14974	0.01991	0.36907	0.02462	0.01818	0.02489	0.01557	0.02116	0.01198	0.00742	0.00952	0.00269	0.03504	0.00849	0.00395	0.01090
35	0.01972	0.01877	0.03192	0.04802	0.63102	0.01877	0.02430	0.02449	0.01849	0.02640	0.01668	0.02375	0.01459	0.00801	0.00820	0.00248	0.00953	0.03812	0.00419	0.01258
36	0.01875	0.01870	0.02428	0.02085	0.02141	0.05801	0.01725	0.04782	0.01415	0.02094	0.01157	0.01821	0.01115	0.01550	0.05009	0.00379	0.60756	0.00708	0.00382	0.00906
37	0.02300	0.01651	0.05035	0.01563	0.02058	0.01575	0.03872	0.21839	0.07061	0.14674	0.13194	0.10338	0.05692	0.01285	0.00861	0.00259	0.00707	0.01088	0.03823	0.01123
38	0.01714	0.03631	0.54694	0.02141	0.03183	0.01762	0.02644	0.02639	0.04891	0.05936	0.04509	0.02377	0.01607	0.00908	0.00801	0.00263	0.01089	0.03594	0.00443	0.01172
39	0.01409	0.00705	0.01057	0.01057	0.01057	0.00705	0.00705	0.01057	0.01057	0.01409	0.01409	0.02467	0.01409	0.02819	0.03171	0.76392	0.00705	0.00705	0.00352	0.00352
40	0.02606	0.01943	0.02000	0.01669	0.02180	0.06652	0.01320	0.22512	0.28112	0.13053	0.02672	0.02689	0.01995	0.05599	0.01028	0.00290	0.00795	0.00833	0.00797	0.01253
41	0.44044	0.05401	0.01991	0.01533	0.02075	0.07986	0.06331	0.11446	0.01885	0.03436	0.01313	0.01526	0.01024	0.00803	0.00689	0.00243	0.03326	0.00544	0.00519	0.03886
42	0.01449	0.00762	0.00781	0.00781	0.00934	0.00762	0.00553	0.01756	0.01603	0.02749	0.02630	0.03459	0.02245	0.14346	0.01244	0.00303	0.00456	0.00837	0.61645	0.00706
43	0.08757	0.02904	0.02130	0.01867	0.02344	0.35629	0.01443	0.14668	0.16748	0.03021	0.01839	0.01897	0.01420	0.00915	0.00750	0.00234	0.01104	0.00644	0.00591	0.01096
44	0.01737	0.01720	0.02427	0.04482	0.02221	0.02391	0.01756	0.01933	0.01259	0.01954	0.01131	0.01856	0.01112	0.01621	0.05725	0.00397	0.64320	0.00718	0.00359	0.00880
45	0.02444	0.01593	0.01803	0.01537	0.02005	0.01711	0.01202	0.11298	0.33375	0.19340	0.03084	0.05639	0.02375	0.07454	0.01127	0.00313	0.00692	0.00945	0.00836	0.01225
46	0.01947	0.02186	0.09638	0.15520	0.19297	0.02003	0.26410	0.07978	0.01998	0.02740	0.01588	0.02074	0.01212	0.00751	0.00863	0.00261	0.01160	0.00804	0.00429	0.01141
47	0.01278	0.00913	0.01273	0.01460	0.01634	0.00908	0.01256	0.01630	0.01838	0.02395	0.04313	0.14941	0.04735	0.02270	0.01113	0.00369	0.00721	0.55467	0.00748	0.00739
48	0.28239	0.01920	0.04423	0.07055	0.04892	0.05188	0.01377	0.09169	0.23653	0.03414	0.02021	0.02088	0.01526	0.00903	0.00703	0.00258	0.00772	0.00677	0.00619	0.01102
49	0.01275	0.00913	0.01262	0.01398	0.01585	0.00900	0.01197	0.01651	0.01956	0.02597	0.16897	0.08521	0.05280	0.02123	0.01087	0.00349	0.00673	0.48810	0.00777	0.00751
50	0.01308	0.00934	0.01308	0.01494	0.01681	0.00934	0.01308	0.01681	0.01868	0.02428	0.04296	0.09153	0.04670	0.02242	0.01121	0.00374	0.00747	0.60960	0.00747	0.00747
51	0.01923	0.39363	0.31457	0.01885	0.02804	0.02583	0.05092	0.02498	0.01689	0.02227	0.01294	0.01522	0.01045	0.00727	0.00650	0.00214	0.01035	0.00531	0.00348	0.01112
52	0.03273	0.01683	0.02040	0.01581	0.02191	0.01670	0.01300	0.24894	0.05144	0.40002	0.05593	0.02634	0.02059	0.01027	0.00821	0.00249	0.00746	0.00819	0.00925	0.01349
53	0.01010	0.00816	0.00897	0.00893	0.01131	0.00704	0.00664	0.01257	0.01946	0.02458	0.22877	0.11459	0.47078	0.01984	0.00963	0.00273	0.00408	0.01688	0.00790	0.00704
54	0.05261	0.19205	0.08657	0.01509	0.01956	0.01684	0.01448	0.02091	0.04615	0.02405	0.03173	0.05721	0.05571	0.01574	0.00885	0.00297	0.00799	0.31658	0.00598	0.00895
55	0.02962	0.01994	0.02236	0.05001	0.02497	0.02166	0.01461	0.45603	0.06343	0.14202	0.02216	0.02190	0.01550	0.00976	0.00801	0.00245	0.00833	0.00753	0.04650	0.01321
56	0.00989	0.00706	0.00942	0.01130	0.01177	0.00659	0.00753	0.01130	0.01554	0.02071	0.04472	0.70954	0.05367	0.02542	0.01036	0.00330	0.00471	0.02307	0.00753	0.00659
57	0.02212	0.68618	0.04156	0.01423	0.02104	0.06413	0.01397	0.02470	0.01681	0.01913	0.01134	0.01310	0.01041	0.00701	0.00531	0.00175	0.00897	0.00438	0.00351	0.01036
58	0.01893	0.02359	0.10355	0.03383	0.06667	0.02032	0.55585	0.02592	0.01894	0.02599	0.01620	0.02139	0.01215	0.00693	0.00935	0.00271	0.01337	0.00916	0.00404	0.01111
59	0.00994	0.00711	0.00947	0.01126	0.01178	0.00663	0.00754	0.01144	0.01580	0.02114	0.06666	0.68639	0.05448	0.02511	0.01033	0.00327	0.00468	0.02277	0.00758	0.00663
60	0.01139	0.00829	0.01072	0.01011	0.01207	0.00762	0.00758	0.01514	0.02275	0.03203	0.63205	0.06146	0.10476	0.01678	0.00957	0.00256	0.00384	0.01479	0.00886	0.00762
61	0.02169	0.71972	0.04252	0.01388	0.02083	0.03211	0.01388	0.02430	0.01649	0.01909	0.01128	0.01302	0.01041	0.00694	0.00521	0.00174	0.00868	0.00434	0.00347	0.01041
62	0.01646	0.04067	0.63221	0.02385	0.03559	0.01895	0.06925	0.02572	0.01726	0.02572	0.01468	0.01744	0.01041	0.00765	0.00783	0.00258	0.01210	0.00623	0.00347	0.01192
63	0.03085	0.02273	0.02435	0.01867	0.02516	0.02516	0.01542	0.63716	0.03815	0.05114	0.01948	0.01948	0.01380	0.00974	0.00812	0.00244	0.00893	0.00731	0.00812	0.01380
64	0.02169	0.71972	0.04252	0.01388	0.02083	0.03211	0.01388	0.02430	0.01649	0.01909	0.01128	0.01302	0.01041	0.00694	0.00521	0.00174	0.00868	0.00434	0.00347	0.01041
65	0.01683	0.01442	0.01683	0.01202	0.01923	0.01082	0.00961	0.02043	0.01683	0.02644	0.01442	0.01683	0.01202	0.00601	0.00601	0.00120	0.00601	0.00481	0.00481	0.76444
66	0.02169	0.71972	0.04252	0.01388	0.02083	0.03211	0.01388	0.02430	0.01649	0.01909	0.01128	0.01302	0.01041	0.00694	0.00521	0.00174	0.00868	0.00434	0.00347	0.01041
67	0.01148	0.00829	0.01085	0.01021	0.01212	0.00766	0.00766	0.01531	0.02297	0.03254	0.65994	0.06061	0.07656	0.01659	0.00957	0.00255	0.00383	0.01467	0.00893	0.00766
68	0.02169	0.71972	0.04252	0.01388	0.02083	0.03211	0.01388	0.02430	0.01649	0.01909	0.01128	0.01302	0.01041	0.00694	0.00521	0.00174	0.00868	0.00434	0.00347	0.01041
69	0.01180	0.00787	0.00885	0.00885	0.00885	0.00787	0.00492	0.01180	0.01180	0.01573	0.02557	0.05310	0.02950	0.71483	0.04130	0.00787	0.00787	0.01180	0.00492	0.00492
70	0.01782	0.01439	0.01693	0.01214	0.01931	0.01087	0.00973	0.02141	0.01715	0.05922	0.01532	0.01738	0.01243	0.00621	0.00612	0.00127	0.00605	0.00498	0.00507	0.72620
71	0.03031	0.03867	0.02299	0.02090	0.02508	0.68226	0.01568	0.03240	0.02299	0.01986	0.01254	0.01463	0.01045	0.00836	0.00732	0.00209	0.01463	0.00523	0.00418	0.00941
72	0.03085	0.02273	0.02435	0.01867	0.02516	0.02516	0.01542	0.63716	0.03815	0.05114	0.01948	0.01948	0.01380	0.00974	0.00812	0.00244	0.00893	0.00731	0.00812	0.01380
73	0.01174	0.00810	0.01002	0.01002	0.01043	0.00850	0.00638	0.01255	0.01215	0.01660	0.02449	0.04716	0.02692	0.53165	0.22095	0.00932	0.01175	0.01093	0.00476	0.00557
74	0.01775	0.01775	0.02485	0.02130	0.02130	0.02485	0.01775	0.01953	0.01243	0.01953	0.01065	0.01775	0.01065	0.01420	0.02663	0.00355	0.69998	0.00710	0.00355	0.00888
75	0.03641	0.01381	0.01883	0.01444	0.02071	0.01193	0.01193	0.03954	0.02322	0.66984	0.03201	0.02762	0.02009	0.01004	0.00816	0.00251	0.00690	0.00816	0.01004	0.01381
76	0.01179	0.00792	0.00912	0.00912	0.00922	0.00801	0.00526	0.01197	0.01188	0.01593	0.02532	0.05172	0.02890	0.67237	0.08295	0.00820	0.00877	0.01160	0.00488	0.00507
77	0.01915	0.02189	0.04788	0.03420	0.04241	0.02052	0.63475	0.02599	0.01915	0.02599	0.01642	0.02189	0.01231	0.00684	0.00958	0.00274	0.01368	0.00958	0.00410	0.01094
78	0.02018	0.01743	0.01835	0.01651	0.02110	0.02018	0.01284	0.04312	0.64956	0.03394	0.03303	0.03027	0.02477	0.01101	0.00826	0.00275	0.00642	0.00917	0.00826	0.01284
79	0.03641	0.01381	0.01883	0.01444	0.02071	0.01193	0.01193	0.03954	0.02322	0.66984	0.03201	0.02762	0.02009	0.01004	0.00816	0.00251	0.00690	0.00816	0.01004	0.01381
80	0.01627	0.04197	0.67279	0.02313	0.03512	0.01884	0.02998	0.02570	0.01713	0.02570	0.01456	0.01713	0.01028	0.00771	0.00771	0.00257	0.01199	0.00600	0.00343	0.01199
81	0.77215	0.01569	0.01193	0.01067	0.01569	0.01820	0.00879	0.02385	0.01381	0.03641	0.01130	0.01318	0.00879	0.00753	0.00502	0.00251	0.00628	0.00439	0.00502	0.00879
82	0.00959	0.00822	0.00822	0.00822	0.01096	0.00685	0.00617	0.01165	0.01850	0.02192	0.08220	0.07809	0.66092	0.02055	0.00959	0.00274	0.00411	0.01713	0.00754	0.00685
83	0.01532	0.01442	0.02434	0.69533	0.05589	0.01803	0.02253	0.02073	0.01622	0.02073	0.01442	0.02163	0.01082	0.00811	0.00811	0.00270	0.01082	0.00721	0.00361	0.00901
84	0.02022	0.02044	0.03684	0.15066	0.21569	0.05700	0.29423	0.02580	0.01888	0.05609	0.01629	0.02121	0.01248	0.00741	0.00870	0.00259	0.01179	0.00820	0.00429	0.01119
85	0.02105	0.03451	0.49192	0.02166	0.03216	0.01733	0.05514	0.02890	0.01863	0.17403	0.01867	0.01978	0.01264	0.00820	0.00790	0.00256	0.01090	0.00667	0.00498	0.01236
86	0.01775	0.01775	0.02485	0.02130	0.02130	0.02485	0.01775	0.01953	0.01243	0.01953	0.01065	0.01775	0.01065	0.01420	0.02663	0.00355	0.69998	0.00710	0.00355	0.00888
87	0.01683	0.01442	0.01683	0.01202	0.01923	0.01082	0.00961	0.02043	0.01683	0.02644	0.01442	0.01683	0.01202	0.00601	0.00601	0.00120	0.00601	0.00481	0.00481	0.76444
88	0.02128	0.65927	0.07186	0.01462	0.02153	0.03118	0.01481	0.02417	0.01636	0.01942	0.01141	0.01340	0.01042	0.00727	0.00618	0.00185	0.03655	0.00453	0.00347	0.01043
89	0.02042	0.02137	0.06344	0.04703	0.60095	0.05326	0.02468	0.02533	0.01864	0.02613	0.01509	0.01966	0.01261	0.00731	0.00798	0.00240	0.01001	0.00707	0.00400	0.01263

[dist]
# distance from previous block
# <min> <max>
0	10

[block]
# block no. 2 follows, 23 sequences, length 54
# corresponding to MSA columns:
# 165-218
name=unknown_C
#
# <colnr> <probs for GDERKNQSTAVLIFYWHMCP>
#	G	D	E	R	K	N	Q	S	T	A	V	L	I	F	Y	W	H	M	C	P
0	0.02117	0.65437	0.10329	0.01478	0.02220	0.03083	0.01544	0.02443	0.01655	0.01973	0.01160	0.01341	0.01040	0.00702	0.00545	0.00182	0.00900	0.00450	0.00347	0.01057
1	0.01409	0.00705	0.01057	0.01057	0.01057	0.00705	0.00705	0.01057	0.01057	0.01409	0.01409	0.02467	0.01409	0.02819	0.03171	0.76392	0.00705	0.00705	0.00352	0.00352
2	0.01167	0.00789	0.00881	0.00881	0.00897	0.00781	0.00499	0.01179	0.01219	0.01609	0.02883	0.05454	0.06584	0.67487	0.03947	0.00757	0.00765	0.01211	0.00507	0.00503
3	0.01901	0.02146	0.04548	0.03285	0.04020	0.02097	0.57034	0.02532	0.01845	0.02532	0.01581	0.02146	0.01214	0.00761	0.01136	0.00282	0.08533	0.00932	0.00405	0.01073
4	0.00989	0.00706	0.00942	0.01130	0.01177	0.00659	0.00753	0.01130	0.01554	0.02071	0.04472	0.70954	0.05367	0.02542	0.01036	0.00330	0.00471	0.02307	0.00753	0.00659
5	0.01140	0.00829	0.01072	0.01011	0.01207	0.00762	0.00759	0.01514	0.02276	0.03204	0.63280	0.06143	0.10401	0.01677	0.00957	0.00256	0.00384	0.01479	0.00887	0.00762
6	0.77215	0.01569	0.01193	0.01067	0.01569	0.01820	0.00879	0.02385	0.01381	0.03641	0.01130	0.01318	0.00879	0.00753	0.00502	0.00251	0.00628	0.00439	0.00502	0.00879
7	0.00989	0.00706	0.00942	0.01130	0.01177	0.00659	0.00753	0.01130	0.01554	0.02071	0.04472	0.70954	0.05367	0.02542	0.01036	0.00330	0.00471	0.02307	0.00753	0.00659
8	0.00959	0.00822	0.00822	0.00822	0.01096	0.00685	0.00617	0.01165	0.01850	0.02192	0.08220	0.07809	0.66092	0.02055	0.00959	0.00274	0.00411	0.01713	0.00754	0.00685
9	0.01775	0.01775	0.02485	0.02130	0.02130	0.02485	0.01775	0.01953	0.01243	0.01953	0.01065	0.01775	0.01065	0.01420	0.02663	0.00355	0.69998	0.00710	0.00355	0.00888
10	0.02169	0.71972	0.04252	0.01388	0.02083	0.03211	0.01388	0.02430	0.01649	0.01909	0.01128	0.01302	0.01041	0.00694	0.00521	0.00174	0.00868	0.00434	0.00347	0.01041
11	0.01078	0.00827	0.00987	0.00947	0.01169	0.00736	0.00710	0.01395	0.02131	0.02861	0.44594	0.06709	0.29301	0.01806	0.00958	0.00262	0.00393	0.01558	0.00841	0.00736
12	0.77215	0.01569	0.01193	0.01067	0.01569	0.01820	0.00879	0.02385	0.01381	0.03641	0.01130	0.01318	0.00879	0.00753	0.00502	0.00251	0.00628	0.00439	0.00502	0.00879
13	0.02008	0.01928	0.03294	0.04981	0.66422	0.01928	0.02490	0.02490	0.01848	0.02651	0.01526	0.02008	0.01285	0.00723	0.00803	0.00241	0.00964	0.00723	0.00402	0.01285
14	0.01145	0.01019	0.00990	0.00972	0.01253	0.03838	0.00739	0.01496	0.05641	0.02355	0.12483	0.07139	0.51932	0.01916	0.00947	0.00273	0.00483	0.03882	0.00754	0.00741
15	0.01241	0.00887	0.01229	0.01405	0.01566	0.00875	0.01180	0.01572	0.01829	0.02399	0.07122	0.20512	0.04935	0.02271	0.01098	0.00360	0.00679	0.47354	0.00755	0.00732
16	0.03641	0.01381	0.01883	0.01444	0.02071	0.01193	0.01193	0.03954	0.02322	0.66984	0.03201	0.02762	0.02009	0.01004	0.00816	0.00251	0.00690	0.00816	0.01004	0.01381
17	0.01007	0.00717	0.00947	0.01112	0.01165	0.00671	0.00742	0.01155	0.01579	0.02116	0.07923	0.64135	0.05385	0.05730	0.01177	0.00347	0.00481	0.02206	0.00749	0.00657
18	0.01498	0.00873	0.01254	0.01199	0.01233	0.00954	0.00851	0.03717	0.01199	0.01634	0.01440	0.02421	0.01410	0.02788	0.06412	0.62576	0.06989	0.00715	0.00376	0.00462
19	0.35589	0.33169	0.02687	0.01311	0.01902	0.06299	0.01180	0.05641	0.01680	0.02849	0.01179	0.01352	0.00987	0.00743	0.00540	0.00214	0.00797	0.00457	0.00444	0.00981
20	0.01610	0.03924	0.61059	0.02277	0.03403	0.01824	0.05097	0.02509	0.01755	0.02611	0.05279	0.01988	0.01427	0.00820	0.00789	0.00257	0.01157	0.00664	0.00378	0.01170
21	0.01777	0.01439	0.01692	0.01214	0.01930	0.01087	0.00973	0.02136	0.01714	0.05754	0.01527	0.01735	0.01241	0.00620	0.00611	0.00127	0.00605	0.00497	0.00506	0.72816
22	0.01915	0.02189	0.04788	0.03420	0.04241	0.02052	0.63475	0.02599	0.01915	0.02599	0.01642	0.02189	0.01231	0.00684	0.00958	0.00274	0.01368	0.00958	0.00410	0.01094
23	0.01409	0.00705	0.01057	0.01057	0.01057	0.00705	0.00705	0.01057	0.01057	0.01409	0.01409	0.02467	0.01409	0.02819	0.03171	0.76392	0.00705	0.00705	0.00352	0.00352
24	0.03641	0.01381	0.01883	0.01444	0.02071	0.01193	0.01193	0.03954	0.02322	0.66984	0.03201	0.02762	0.02009	0.01004	0.00816	0.00251	0.00690	0.00816	0.01004	0.01381
25	0.01148	0.00829	0.01085	0.01021	0.01212	0.00766	0.00766	0.01531	0.02297	0.03254	0.65994	0.06061	0.07656	0.01659	0.00957	0.00255	0.00383	0.01467	0.00893	0.00766
26	0.01148	0.00829	0.01085	0.01021	0.01212	0.00766	0.00766	0.01531	0.02297	0.03254	0.65994	0.06061	0.07656	0.01659	0.00957	0.00255	0.00383	0.01467	0.00893	0.00766
27	0.77215	0.01569	0.01193	0.01067	0.01569	0.01820	0.00879	0.02385	0.01381	0.03641	0.01130	0.01318	0.00879	0.00753	0.00502	0.00251	0.00628	0.00439	0.00502	0.00879
28	0.02169	0.71972	0.04252	0.01388	0.02083	0.03211	0.01388	0.02430	0.01649	0.01909	0.01128	0.01302	0.01041	0.00694	0.00521	0.00174	0.00868	0.00434	0.00347	0.01041
29	0.02018	0.01743	0.01835	0.01651	0.02110	0.02018	0.01284	0.04312	0.64956	0.03394	0.03303	0.03027	0.02477	0.01101	0.00826	0.00275	0.00642	0.00917	0.00826	0.01284
30	0.01177	0.00797	0.00939	0.00939	0.00957	0.00816	0.00559	0.01214	0.01196	0.01613	0.02508	0.05038	0.02832	0.63099	0.12353	0.00853	0.00964	0.01140	0.00484	0.00522
31	0.01683	0.01442	0.01683	0.01202	0.01923	0.01082	0.00961	0.02043	0.01683	0.02644	0.01442	0.01683	0.01202	0.00601	0.00601	0.00120	0.00601	0.00481	0.00481	0.76444
32	0.01148	0.00829	0.01085	0.01021	0.01212	0.00766	0.00766	0.01531	0.02297	0.03254	0.65994	0.06061	0.07656	0.01659	0.00957	0.00255	0.00383	0.01467	0.00893	0.00766
33	0.77215	0.01569	0.01193	0.01067	0.01569	0.01820	0.00879	0.02385	0.01381	0.03641	0.01130	0.01318	0.00879	0.00753	0.00502	0.00251	0.00628	0.00439	0.00502	0.00879
34	0.01513	0.00756	0.00756	0.00756	0.00945	0.00756	0.00567	0.01891	0.01702	0.03025	0.02647	0.03025	0.02080	0.00945	0.00567	0.00189	0.00378	0.00756	0.75988	0.00756
35	0.01935	0.01899	0.05598	0.19598	0.43998	0.01879	0.06016	0.02454	0.01811	0.04759	0.01569	0.02070	0.01250	0.00753	0.00813	0.00251	0.01015	0.00735	0.00411	0.01185
36	0.01200	0.00827	0.00967	0.00955	0.00963	0.00861	0.00569	0.01224	0.01190	0.01605	0.02480	0.05057	0.02828	0.65094	0.07870	0.00802	0.03360	0.01145	0.00483	0.00520
37	0.01915	0.02189	0.04788	0.03420	0.04241	0.02052	0.63475	0.02599	0.01915	0.02599	0.01642	0.02189	0.01231	0.00684	0.00958	0.00274	0.01368	0.00958	0.00410	0.01094
38	0.02861	0.11727	0.02553	0.02084	0.04635	0.53716	0.01568	0.05254	0.04407	0.02156	0.01343	0.01533	0.01114	0.00829	0.00715	0.00209	0.01328	0.00540	0.00437	0.00991
39	0.06133	0.02269	0.02357	0.01826	0.02460	0.04937	0.01502	0.56546	0.03599	0.07381	0.01938	0.01936	0.01372	0.00961	0.00796	0.00243	0.00896	0.00714	0.00792	0.01343
40	0.00967	0.00822	0.00833	0.00830	0.01101	0.00688	0.00623	0.01180	0.01868	0.02236	0.10623	0.07736	0.63662	0.02039	0.00959	0.00273	0.00410	0.01702	0.00759	0.00688
41	0.01134	0.00818	0.01072	0.01031	0.01209	0.00756	0.00765	0.01495	0.02230	0.03148	0.60489	0.11868	0.07451	0.01738	0.00964	0.00262	0.00391	0.01543	0.00881	0.00756
42	0.01169	0.00792	0.00932	0.00940	0.00958	0.00805	0.00559	0.01206	0.01210	0.01628	0.02602	0.08020	0.02960	0.61477	0.10783	0.00821	0.00919	0.01197	0.00497	0.00524
43	0.01531	0.01381	0.02284	0.63379	0.05173	0.01709	0.02103	0.02057	0.01630	0.02158	0.01550	0.02240	0.01171	0.00823	0.00789	0.00263	0.01019	0.00724	0.07128	0.00888
44	0.08900	0.38497	0.08573	0.01907	0.08008	0.15097	0.01613	0.04955	0.01854	0.02319	0.01246	0.01455	0.01062	0.00746	0.00616	0.00203	0.00995	0.00502	0.00397	0.01056
45	0.02803	0.06716	0.02375	0.01872	0.02408	0.24557	0.01491	0.28090	0.15284	0.03537	0.01936	0.01962	0.01465	0.00937	0.00771	0.00234	0.01034	0.00681	0.00655	0.01194
46	0.02269	0.01867	0.01976	0.01702	0.02205	0.02135	0.01345	0.18263	0.50596	0.03798	0.02984	0.02774	0.02219	0.01071	0.00822	0.00268	0.00701	0.00874	0.00822	0.01307
47	0.01163	0.00779	0.00890	0.00907	0.00911	0.00775	0.00515	0.01176	0.01213	0.01618	0.02728	0.11184	0.03166	0.65315	0.03853	0.00746	0.00758	0.01281	0.00515	0.00507
48	0.07019	0.01448	0.05491	0.01990	0.07066	0.01324	0.13629	0.02000	0.04639	0.02683	0.15759	0.14889	0.03654	0.01849	0.06947	0.00376	0.00905	0.06807	0.00621	0.00902
49	0.06060	0.46021	0.11459	0.01815	0.04829	0.02781	0.06374	0.07943	0.01864	0.02445	0.01295	0.01504	0.01085	0.00732	0.00620	0.00204	0.00939	0.00531	0.00403	0.01095
50	0.02848	0.03523	0.02173	0.01967	0.02382	0.59245	0.01482	0.05758	0.02327	0.02144	0.01909	0.02053	0.06881	0.00951	0.00756	0.00216	0.01344	0.00638	0.00466	0.00937
51	0.01688	0.01416	0.01653	0.01228	0.01885	0.01113	0.00971	0.04942	0.01774	0.02712	0.01738	0.07894	0.01583	0.00793	0.00650	0.00145	0.00603	0.00656	0.00521	0.66035
52	0.02126	0.65661	0.04022	0.01372	0.02068	0.03020	0.01350	0.02395	0.01652	0.01975	0.01156	0.01336	0.01056	0.00686	0.00528	0.00169	0.00844	0.00438	0.00359	0.07788
53	0.05929	0.37606	0.27728	0.01773	0.02627	0.07539	0.01983	0.02541	0.01708	0.02254	0.01261	0.01470	0.01028	0.00737	0.00630	0.00212	0.01025	0.00503	0.00359	0.01085

[dist]
# distance from previous block
# <min> <max>
0	5

[block]
# block no. 3 follows, 23 sequences, length 6
# corresponding to MSA columns:
# 224-229
name=unknown_D
#
# <colnr> <probs for GDERKNQSTAVLIFYWHMCP>
#	G	D	E	R	K	N	Q	S	T	A	V	L	I	F	Y	W	H	M	C	P
0	0.01918	0.01755	0.02562	0.03400	0.37507	0.04532	0.04333	0.02654	0.11892	0.02771	0.02333	0.02621	0.05080	0.00892	0.00783	0.00240	0.00832	0.00813	0.11932	0.01150
1	0.02573	0.17437	0.02488	0.01763	0.02175	0.44617	0.01368	0.02761	0.01996	0.01908	0.01425	0.02012	0.01333	0.11502	0.01203	0.00289	0.01238	0.00604	0.00415	0.00893
2	0.02215	0.07132	0.02400	0.01632	0.02336	0.01813	0.06564	0.23058	0.02424	0.03423	0.01607	0.01787	0.01253	0.00742	0.00697	0.00179	0.00786	0.00603	0.00577	0.38771
3	0.02282	0.01615	0.02143	0.05037	0.11228	0.01789	0.01514	0.10399	0.12320	0.15666	0.09889	0.02798	0.02374	0.01120	0.01158	0.00271	0.13267	0.00862	0.03119	0.01148
4	0.01262	0.00929	0.01333	0.09394	0.01861	0.01033	0.01063	0.01582	0.01448	0.02135	0.02386	0.10699	0.02265	0.04019	0.39150	0.00846	0.01504	0.00981	0.11902	0.04209
5	0.02856	0.03005	0.02460	0.05935	0.09723	0.35983	0.01698	0.22779	0.02707	0.03082	0.01520	0.01719	0.01183	0.00867	0.00770	0.00227	0.01202	0.00623	0.00541	0.01120

[dist]
# distance from previous block
# <min> <max>
0	18

[block]
# block no. 4 follows, 23 sequences, length 112
# corresponding to MSA columns:
# 248-359
name=unknown_E
#
# <colnr> <probs for GDERKNQSTAVLIFYWHMCP>
#	G	D	E	R	K	N	Q	S	T	A	V	L	I	F	Y	W	H	M	C	P
0	0.02234	0.01850	0.01956	0.01695	0.02192	0.02119	0.01337	0.16338	0.52578	0.03742	0.03028	0.02809	0.02255	0.01075	0.00823	0.00269	0.00693	0.00880	0.00823	0.01304
1	0.01711	0.06598	0.54453	0.02703	0.13536	0.01946	0.02851	0.02551	0.01732	0.02556	0.01454	0.01744	0.01070	0.00760	0.00766	0.00251	0.01148	0.00613	0.00352	0.01207
2	0.01339	0.00896	0.01133	0.01112	0.01258	0.00999	0.00832	0.01705	0.04458	0.02277	0.02397	0.03401	0.02172	0.14041	0.31116	0.00783	0.03814	0.00877	0.24657	0.00732
3	0.77215	0.01569	0.01193	0.01067	0.01569	0.01820	0.00879	0.02385	0.01381	0.03641	0.01130	0.01318	0.00879	0.00753	0.00502	0.00251	0.00628	0.00439	0.00502	0.00879
4	0.00992	0.00833	0.00868	0.00886	0.01152	0.00709	0.00682	0.01214	0.01851	0.02215	0.07846	0.07937	0.60234	0.02073	0.00974	0.00283	0.00443	0.07363	0.00753	0.00691
5	0.01159	0.00869	0.01304	0.01304	0.01449	0.01014	0.01014	0.01449	0.01304	0.01884	0.02173	0.03188	0.02029	0.06086	0.68268	0.01304	0.02173	0.00869	0.00435	0.00724
6	0.01942	0.03085	0.36850	0.03213	0.25276	0.01848	0.05252	0.02660	0.01820	0.08048	0.01636	0.01925	0.01209	0.00770	0.00794	0.00252	0.01082	0.00676	0.00422	0.01240
7	0.01846	0.01414	0.01672	0.01240	0.01909	0.01111	0.00986	0.02272	0.04371	0.08640	0.01829	0.05157	0.01530	0.00752	0.00651	0.00149	0.00605	0.00618	0.00557	0.62693
8	0.02682	0.03282	0.02713	0.02560	0.09560	0.47680	0.08923	0.02973	0.02115	0.02126	0.01313	0.01634	0.01095	0.00857	0.00932	0.00233	0.07311	0.00611	0.00410	0.00991
9	0.01513	0.00756	0.00756	0.00756	0.00945	0.00756	0.00567	0.01891	0.01702	0.03025	0.02647	0.03025	0.02080	0.00945	0.00567	0.00189	0.00378	0.00756	0.75988	0.00756
10	0.77215	0.01569	0.01193	0.01067	0.01569	0.01820	0.00879	0.02385	0.01381	0.03641	0.01130	0.01318	0.00879	0.00753	0.00502	0.00251	0.00628	0.00439	0.00502	0.00879
11	0.00989	0.00706	0.00942	0.01130	0.01177	0.00659	0.00753	0.01130	0.01554	0.02071	0.04472	0.70954	0.05367	0.02542	0.01036	0.00330	0.00471	0.02307	0.00753	0.00659
12	0.05282	0.58418	0.10757	0.01497	0.02235	0.02978	0.01546	0.05427	0.01750	0.02208	0.01203	0.01378	0.01050	0.00718	0.00561	0.00189	0.00894	0.00466	0.00376	0.01068
13	0.02775	0.03372	0.02478	0.02653	0.15410	0.51598	0.01740	0.03141	0.05259	0.02189	0.01409	0.01650	0.01163	0.00826	0.00751	0.00219	0.01322	0.00582	0.00435	0.01027
14	0.01139	0.00829	0.01072	0.01011	0.01207	0.00762	0.00758	0.01513	0.02275	0.03202	0.63171	0.06147	0.10511	0.01678	0.00957	0.00256	0.00384	0.01479	0.00886	0.00762
15	0.01070	0.00774	0.01054	0.01178	0.01232	0.00787	0.00814	0.01205	0.01468	0.01989	0.03806	0.53034	0.04463	0.06328	0.10325	0.03731	0.03494	0.01928	0.00665	0.00656
16	0.01287	0.00920	0.01285	0.01471	0.01649	0.00917	0.01273	0.01646	0.01848	0.02406	0.04307	0.13040	0.04714	0.02260	0.01115	0.00371	0.00730	0.57271	0.00748	0.00742
17	0.03085	0.02273	0.02435	0.01867	0.02516	0.02516	0.01542	0.63716	0.03815	0.05114	0.01948	0.01948	0.01380	0.00974	0.00812	0.00244	0.00893	0.00731	0.00812	0.01380
18	0.01409	0.00705	0.01057	0.01057	0.01057	0.00705	0.00705	0.01057	0.01057	0.01409	0.01409	0.02467	0.01409	0.02819	0.03171	0.76392	0.00705	0.00705	0.00352	0.00352
19	0.77215	0.01569	0.01193	0.01067	0.01569	0.01820	0.00879	0.02385	0.01381	0.03641	0.01130	0.01318	0.00879	0.00753	0.00502	0.00251	0.00628	0.00439	0.00502	0.00879
20	0.01775	0.01775	0.02485	0.02130	0.02130	0.02485	0.01775	0.01953	0.01243	0.01953	0.01065	0.01775	0.01065	0.01420	0.02663	0.00355	0.69998	0.00710	0.00355	0.00888
21	0.02169	0.71972	0.04252	0.01388	0.02083	0.03211	0.01388	0.02430	0.01649	0.01909	0.01128	0.01302	0.01041	0.00694	0.00521	0.00174	0.00868	0.00434	0.00347	0.01041
22	0.01627	0.04197	0.67279	0.02313	0.03512	0.01884	0.02998	0.02570	0.01713	0.02570	0.01456	0.01713	0.01028	0.00771	0.00771	0.00257	0.01199	0.00600	0.00343	0.01199
23	0.01159	0.00869	0.01304	0.01304	0.01449	0.01014	0.01014	0.01449	0.01304	0.01884	0.02173	0.03188	0.02029	0.06086	0.68268	0.01304	0.02173	0.00869	0.00435	0.00724
24	0.01004	0.00717	0.00959	0.01148	0.01201	0.00672	0.00780	0.01157	0.01569	0.02089	0.04464	0.67955	0.05333	0.02528	0.01040	0.00332	0.00484	0.05153	0.00753	0.00663
25	0.01159	0.00869	0.01304	0.01304	0.01449	0.01014	0.01014	0.01449	0.01304	0.01884	0.02173	0.03188	0.02029	0.06086	0.68268	0.01304	0.02173	0.00869	0.00435	0.00724
26	0.01603	0.01581	0.02870	0.57276	0.05339	0.01849	0.13603	0.02171	0.01677	0.02171	0.01479	0.02168	0.01109	0.00788	0.00838	0.00271	0.01135	0.00765	0.00370	0.00937
27	0.01148	0.00829	0.01085	0.01021	0.01212	0.00766	0.00766	0.01531	0.02297	0.03254	0.65994	0.06061	0.07656	0.01659	0.00957	0.00255	0.00383	0.01467	0.00893	0.00766
28	0.01295	0.00928	0.01254	0.01410	0.01577	0.00925	0.01164	0.04170	0.01864	0.02444	0.04245	0.25921	0.04722	0.02271	0.01084	0.00356	0.00677	0.42191	0.00752	0.00750
29	0.02002	0.01944	0.03388	0.04882	0.62510	0.01936	0.06326	0.02497	0.01852	0.02648	0.01534	0.02020	0.01282	0.00721	0.00813	0.00243	0.00989	0.00738	0.00402	0.01273
30	0.01244	0.00882	0.01067	0.01135	0.04136	0.00910	0.00641	0.01275	0.01215	0.01641	0.02447	0.05007	0.02793	0.65221	0.03909	0.00743	0.03567	0.01139	0.00482	0.00546
31	0.03031	0.03867	0.02299	0.02090	0.02508	0.68226	0.01568	0.03240	0.02299	0.01986	0.01254	0.01463	0.01045	0.00836	0.00732	0.00209	0.01463	0.00523	0.00418	0.00941
32	0.02346	0.05426	0.06127	0.03714	0.39062	0.21351	0.02156	0.05643	0.02059	0.02541	0.01448	0.01804	0.01197	0.00769	0.00770	0.00230	0.01114	0.00647	0.00421	0.01175
33	0.01513	0.00756	0.00756	0.00756	0.00945	0.00756	0.00567	0.01891	0.01702	0.03025	0.02647	0.03025	0.02080	0.00945	0.00567	0.00189	0.00378	0.00756	0.75988	0.00756
34	0.02434	0.01887	0.02046	0.01609	0.02215	0.01978	0.01301	0.32579	0.16959	0.04031	0.02155	0.02168	0.01611	0.00909	0.00753	0.00218	0.00743	0.00712	0.03743	0.19948
35	0.00970	0.00816	0.00842	0.00850	0.01106	0.00687	0.00632	0.01180	0.01854	0.02237	0.10821	0.11459	0.59646	0.02064	0.00963	0.00276	0.00413	0.01736	0.00760	0.00687
36	0.01683	0.01442	0.01683	0.01202	0.01923	0.01082	0.00961	0.02043	0.01683	0.02644	0.01442	0.01683	0.01202	0.00601	0.00601	0.00120	0.00601	0.00481	0.00481	0.76444
37	0.01627	0.04197	0.67279	0.02313	0.03512	0.01884	0.02998	0.02570	0.01713	0.02570	0.01456	0.01713	0.01028	0.00771	0.00771	0.00257	0.01199	0.00600	0.00343	0.01199
38	0.01627	0.04197	0.67279	0.02313	0.03512	0.01884	0.02998	0.02570	0.01713	0.02570	0.01456	0.01713	0.01028	0.00771	0.00771	0.00257	0.01199	0.00600	0.00343	0.01199
39	0.77215	0.01569	0.01193	0.01067	0.01569	0.01820	0.00879	0.02385	0.01381	0.03641	0.01130	0.01318	0.00879	0.00753	0.00502	0.00251	0.00628	0.00439	0.00502	0.00879
40	0.00989	0.00706	0.00942	0.01130	0.01177	0.00659	0.00753	0.01130	0.01554	0.02071	0.04472	0.70954	0.05367	0.02542	0.01036	0.00330	0.00471	0.02307	0.00753	0.00659
41	0.01277	0.01058	0.01367	0.01354	0.01516	0.05242	0.01049	0.01562	0.01367	0.01890	0.02116	0.03079	0.01967	0.05755	0.64020	0.01235	0.02129	0.00848	0.00434	0.00738
42	0.01292	0.00929	0.01286	0.01464	0.01655	0.00923	0.01277	0.01658	0.01867	0.02418	0.04471	0.09093	0.07410	0.02233	0.01114	0.00369	0.00732	0.58317	0.00747	0.00744
43	0.00962	0.00811	0.00833	0.00850	0.01103	0.00683	0.00629	0.01161	0.01823	0.02181	0.07878	0.13569	0.60553	0.02099	0.00966	0.00279	0.00416	0.01767	0.00753	0.00683
44	0.01532	0.01442	0.02434	0.69533	0.05589	0.01803	0.02253	0.02073	0.01622	0.02073	0.01442	0.02163	0.01082	0.00811	0.00811	0.00270	0.01082	0.00721	0.00361	0.00901
45	0.01177	0.00799	0.00949	0.00949	0.00971	0.00821	0.00572	0.01221	0.01199	0.01621	0.02498	0.04986	0.02809	0.61488	0.13933	0.00866	0.00999	0.01133	0.00483	0.00527
46	0.01775	0.01775	0.02485	0.02130	0.02130	0.02485	0.01775	0.01953	0.01243	0.01953	0.01065	0.01775	0.01065	0.01420	0.02663	0.00355	0.69998	0.00710	0.00355	0.00888
47	0.03085	0.02273	0.02435	0.01867	0.02516	0.02516	0.01542	0.63716	0.03815	0.05114	0.01948	0.01948	0.01380	0.00974	0.00812	0.00244	0.00893	0.00731	0.00812	0.01380
48	0.01180	0.00787	0.00885	0.00885	0.00885	0.00787	0.00492	0.01180	0.01180	0.01573	0.02557	0.05310	0.02950	0.71483	0.04130	0.00787	0.00787	0.01180	0.00492	0.00492
49	0.01159	0.00869	0.01304	0.01304	0.01449	0.01014	0.01014	0.01449	0.01304	0.01884	0.02173	0.03188	0.02029	0.06086	0.68268	0.01304	0.02173	0.00869	0.00435	0.00724
50	0.01683	0.01442	0.01683	0.01202	0.01923	0.01082	0.00961	0.02043	0.01683	0.02644	0.01442	0.01683	0.01202	0.00601	0.00601	0.00120	0.00601	0.00481	0.00481	0.76444
51	0.01409	0.00705	0.01057	0.01057	0.01057	0.00705	0.00705	0.01057	0.01057	0.01409	0.01409	0.02467	0.01409	0.02819	0.03171	0.76392	0.00705	0.00705	0.00352	0.00352
52	0.01775	0.01775	0.02485	0.02130	0.02130	0.02485	0.01775	0.01953	0.01243	0.01953	0.01065	0.01775	0.01065	0.01420	0.02663	0.00355	0.69998	0.00710	0.00355	0.00888
53	0.02738	0.02021	0.02155	0.01712	0.02280	0.02244	0.01394	0.47184	0.13752	0.04603	0.02249	0.02244	0.01638	0.00992	0.00788	0.00243	0.00796	0.00764	0.08909	0.01297
54	0.06400	0.02045	0.02531	0.02144	0.02276	0.10446	0.05578	0.02176	0.01422	0.02097	0.01128	0.01736	0.01062	0.01263	0.02192	0.00326	0.53210	0.00687	0.00375	0.00907
55	0.72827	0.01705	0.01258	0.01128	0.01625	0.05748	0.00920	0.02436	0.01435	0.03543	0.01137	0.01327	0.00889	0.00758	0.00516	0.00249	0.00677	0.00444	0.00497	0.00882
56	0.02298	0.61974	0.03976	0.01477	0.02145	0.08778	0.01413	0.06125	0.01833	0.02105	0.01187	0.01354	0.01062	0.00723	0.00556	0.00181	0.00921	0.00459	0.00381	0.01053
57	0.01159	0.00869	0.01304	0.01304	0.01449	0.01014	0.01014	0.01449	0.01304	0.01884	0.02173	0.03188	0.02029	0.06086	0.68268	0.01304	0.02173	0.00869	0.00435	0.00724
58	0.01510	0.01178	0.01502	0.01644	0.04409	0.01250	0.01300	0.02381	0.18737	0.02653	0.03861	0.09374	0.03908	0.04357	0.01133	0.00355	0.00719	0.38084	0.00745	0.00901
59	0.01736	0.01718	0.02411	0.02078	0.02087	0.02393	0.01727	0.01921	0.01247	0.01948	0.01135	0.01864	0.01126	0.01714	0.06790	0.00415	0.65732	0.00720	0.00360	0.00877
60	0.00989	0.00706	0.00942	0.01130	0.01177	0.00659	0.00753	0.01130	0.01554	0.02071	0.04472	0.70954	0.05367	0.02542	0.01036	0.00330	0.00471	0.02307	0.00753	0.00659
61	0.01513	0.00756	0.00756	0.00756	0.00945	0.00756	0.00567	0.01891	0.01702	0.03025	0.02647	0.03025	0.02080	0.00945	0.00567	0.00189	0.00378	0.00756	0.75988	0.00756
62	0.02809	0.12611	0.02497	0.01918	0.02376	0.50784	0.01495	0.07468	0.02324	0.02280	0.05118	0.01749	0.01460	0.00876	0.00723	0.00210	0.01278	0.00582	0.00466	0.00976
63	0.01996	0.49355	0.22101	0.01687	0.02492	0.02799	0.01865	0.02447	0.01648	0.02099	0.01218	0.01441	0.01039	0.00751	0.00694	0.00206	0.04245	0.00494	0.00346	0.01079
64	0.02061	0.01945	0.03252	0.04829	0.63309	0.01957	0.02444	0.05472	0.01943	0.02771	0.01547	0.02005	0.01290	0.00735	0.00804	0.00241	0.00961	0.00723	0.00422	0.01290
65	0.02169	0.71972	0.04252	0.01388	0.02083	0.03211	0.01388	0.02430	0.01649	0.01909	0.01128	0.01302	0.01041	0.00694	0.00521	0.00174	0.00868	0.00434	0.00347	0.01041
66	0.01143	0.00905	0.01396	0.01533	0.04596	0.00858	0.05864	0.01368	0.01628	0.02177	0.04089	0.55891	0.04772	0.02277	0.01027	0.00325	0.00594	0.08113	0.00709	0.00733
67	0.01985	0.02123	0.06500	0.18957	0.13733	0.05191	0.22129	0.08673	0.01982	0.02655	0.01532	0.02038	0.01187	0.00823	0.01007	0.00268	0.06916	0.00783	0.00431	0.01088
68	0.01330	0.00960	0.01308	0.01471	0.01660	0.00971	0.01267	0.01764	0.04408	0.02426	0.04171	0.08716	0.04497	0.05567	0.01255	0.00390	0.00745	0.55600	0.00738	0.00757
69	0.01064	0.00780	0.01060	0.03970	0.01440	0.00754	0.00904	0.01264	0.01623	0.02138	0.04479	0.54826	0.07681	0.02399	0.01038	0.00332	0.00541	0.12285	0.00736	0.00685
70	0.01828	0.01528	0.01761	0.01271	0.01985	0.01231	0.01022	0.08443	0.01904	0.02900	0.01495	0.01710	0.01220	0.00640	0.00623	0.00133	0.00631	0.00507	0.00515	0.68654
71	0.01409	0.00705	0.01057	0.01057	0.01057	0.00705	0.00705	0.01057	0.01057	0.01409	0.01409	0.02467	0.01409	0.02819	0.03171	0.76392	0.00705	0.00705	0.00352	0.00352
72	0.01148	0.00829	0.01085	0.01021	0.01212	0.00766	0.00766	0.01531	0.02297	0.03254	0.65994	0.06061	0.07656	0.01659	0.00957	0.00255	0.00383	0.01467	0.00893	0.00766
73	0.02028	0.02115	0.03407	0.12853	0.38459	0.08569	0.15665	0.02534	0.01878	0.02497	0.01513	0.02014	0.01223	0.00737	0.00831	0.00249	0.01118	0.00754	0.00400	0.01159
