[name]
unknown

[dist]
# distance from previous block
# <min> <max>
2	75

[block]
# block no. 0 follows, 25 sequences, length 35
# corresponding to MSA columns:
# 75-109
name=unknown_A
#
# <colnr> <probs for GDERKNQSTAVLIFYWHMCP>
#	G	D	E	R	K	N	Q	S	T	A	V	L	I	F	Y	W	H	M	C	P
0	0.18490	0.01862	0.01906	0.04268	0.02194	0.04044	0.01282	0.34694	0.08874	0.07544	0.01990	0.06009	0.01555	0.00978	0.00725	0.00242	0.00766	0.00744	0.00693	0.01138
1	0.07069	0.01715	0.01890	0.01515	0.02065	0.04486	0.01231	0.21590	0.13527	0.30361	0.02524	0.02337	0.01726	0.00945	0.00753	0.00238	0.00726	0.00739	0.03324	0.01240
2	0.01227	0.00818	0.01060	0.01114	0.01264	0.00772	0.00809	0.03894	0.01806	0.06285	0.18510	0.43316	0.07712	0.02054	0.00955	0.00292	0.00476	0.06143	0.00766	0.00727
3	0.63955	0.01468	0.01290	0.04380	0.01750	0.01653	0.00945	0.02478	0.01459	0.12654	0.01375	0.01494	0.01003	0.00757	0.00536	0.00241	0.00629	0.00484	0.00542	0.00909
4	0.01605	0.01501	0.02515	0.56853	0.12797	0.01779	0.04644	0.05050	0.01687	0.02206	0.01418	0.02040	0.01077	0.00767	0.00780	0.00254	0.01022	0.00699	0.00372	0.00935
5	0.01523	0.01473	0.02487	0.56328	0.04776	0.01833	0.06404	0.01999	0.01517	0.01999	0.01339	0.02015	0.01041	0.00851	0.01040	0.00270	0.11183	0.00703	0.00347	0.00872
6	0.00966	0.00690	0.00924	0.01104	0.01158	0.00648	0.00757	0.01116	0.01505	0.02003	0.04262	0.67828	0.05082	0.02409	0.00995	0.00318	0.00468	0.06411	0.00719	0.00636
7	0.01391	0.00858	0.01131	0.01025	0.01260	0.00782	0.00782	0.01749	0.02198	0.11174	0.59550	0.05403	0.06650	0.01508	0.00898	0.00243	0.00402	0.01325	0.00867	0.00804
8	0.03315	0.01356	0.01794	0.01400	0.01983	0.01223	0.01149	0.03815	0.09017	0.61556	0.03069	0.02666	0.01967	0.00969	0.00781	0.00242	0.00655	0.00790	0.00942	0.01310
9	0.01445	0.00723	0.00723	0.00723	0.00903	0.00723	0.00542	0.01807	0.01626	0.02891	0.02529	0.02891	0.01987	0.00903	0.00542	0.00181	0.00361	0.00723	0.77055	0.00723
10	0.00993	0.00726	0.00951	0.01085	0.01176	0.00659	0.00734	0.01143	0.01493	0.02019	0.04063	0.67105	0.04839	0.02294	0.00959	0.00300	0.00459	0.02077	0.00701	0.06222
11	0.00958	0.00680	0.00896	0.01063	0.01104	0.00639	0.00702	0.01083	0.01459	0.01945	0.04140	0.67357	0.04960	0.07546	0.01205	0.00347	0.00472	0.02126	0.00702	0.00618
12	0.02896	0.03695	0.02197	0.01998	0.02397	0.69638	0.01498	0.03096	0.02197	0.01898	0.01199	0.01398	0.00999	0.00799	0.00699	0.00200	0.01398	0.00499	0.00400	0.00899
13	0.00990	0.00788	0.00887	0.00863	0.01092	0.00686	0.00647	0.01255	0.01941	0.02506	0.32049	0.06785	0.43148	0.01810	0.00916	0.00255	0.00382	0.01541	0.00774	0.00686
14	0.02947	0.02172	0.02327	0.01784	0.02404	0.02404	0.01474	0.65329	0.03646	0.04887	0.01862	0.01862	0.01319	0.00931	0.00776	0.00233	0.00853	0.00698	0.00776	0.01319
15	0.01555	0.04011	0.68733	0.02210	0.03356	0.01801	0.02865	0.02455	0.01637	0.02455	0.01391	0.01637	0.00982	0.00737	0.00737	0.00246	0.01146	0.00573	0.00327	0.01146
16	0.03479	0.01320	0.01799	0.01380	0.01979	0.01140	0.01140	0.03779	0.02219	0.68451	0.03059	0.02639	0.01919	0.00960	0.00780	0.00240	0.00660	0.00780	0.00960	0.01320
17	0.01464	0.01378	0.02326	0.70887	0.05340	0.01723	0.02153	0.01981	0.01550	0.01981	0.01378	0.02067	0.01034	0.00775	0.00775	0.00258	0.01034	0.00689	0.00345	0.00861
18	0.01774	0.01894	0.05213	0.48377	0.06422	0.10501	0.06885	0.05668	0.01779	0.02203	0.01399	0.01950	0.01059	0.00773	0.00774	0.00248	0.01093	0.00678	0.00379	0.00928
19	0.01781	0.01680	0.02734	0.24653	0.41100	0.01816	0.02177	0.02459	0.09207	0.02446	0.01631	0.02077	0.01301	0.00759	0.00772	0.00243	0.00920	0.00712	0.00419	0.01116
20	0.04738	0.51921	0.11383	0.01514	0.02169	0.05100	0.01531	0.04927	0.01652	0.02089	0.01147	0.01355	0.01003	0.00740	0.00693	0.00194	0.06009	0.00467	0.00358	0.01007
21	0.01111	0.00735	0.00962	0.01064	0.01174	0.00674	0.00737	0.01289	0.01638	0.06038	0.12487	0.55202	0.09563	0.02203	0.00963	0.00298	0.00448	0.01979	0.00751	0.00685
22	0.01097	0.00793	0.01036	0.00975	0.01158	0.00732	0.00732	0.01463	0.02195	0.03109	0.67505	0.05792	0.07316	0.01585	0.00914	0.00244	0.00366	0.01402	0.00854	0.00732
23	0.01585	0.08520	0.56205	0.02155	0.03191	0.01842	0.06911	0.02395	0.01676	0.02449	0.04927	0.01864	0.01336	0.00771	0.00742	0.00241	0.01093	0.00630	0.00360	0.01106
24	0.02042	0.01898	0.02245	0.08760	0.19385	0.07795	0.01650	0.07837	0.33743	0.02948	0.02292	0.02362	0.01757	0.00903	0.00773	0.00246	0.00817	0.00766	0.00609	0.01172
25	0.01088	0.00792	0.01023	0.00965	0.01152	0.00727	0.00724	0.01444	0.02172	0.03055	0.64306	0.05881	0.10549	0.01605	0.00915	0.00245	0.00367	0.01415	0.00846	0.00727
26	0.03479	0.01320	0.01799	0.01380	0.01979	0.01140	0.01140	0.03779	0.02219	0.68451	0.03059	0.02639	0.01919	0.00960	0.00780	0.00240	0.00660	0.00780	0.00960	0.01320
27	0.01694	0.01649	0.02887	0.31544	0.24118	0.01788	0.12886	0.02334	0.06399	0.02341	0.01654	0.02305	0.01328	0.00793	0.00807	0.00254	0.01005	0.02776	0.00409	0.01028
28	0.03340	0.01395	0.01828	0.01418	0.02008	0.01271	0.01166	0.07561	0.06716	0.60097	0.02992	0.02609	0.01913	0.00964	0.00780	0.00241	0.00668	0.00781	0.00937	0.01313
29	0.03479	0.01320	0.01799	0.01380	0.01979	0.01140	0.01140	0.03779	0.02219	0.68451	0.03059	0.02639	0.01919	0.00960	0.00780	0.00240	0.00660	0.00780	0.00960	0.01320
30	0.01131	0.00777	0.00962	0.00988	0.01164	0.00696	0.00713	0.01360	0.01812	0.06250	0.23760	0.31327	0.22243	0.01970	0.00936	0.00275	0.00422	0.01733	0.00773	0.00707
31	0.01493	0.01149	0.01444	0.05397	0.01768	0.01300	0.01066	0.09169	0.14048	0.02476	0.02485	0.09959	0.02286	0.08491	0.30086	0.00712	0.01266	0.00973	0.03577	0.00854
32	0.02257	0.30499	0.06579	0.01851	0.06073	0.23513	0.01527	0.02810	0.10946	0.02126	0.01446	0.01605	0.01204	0.00795	0.00714	0.00205	0.03874	0.00542	0.00421	0.01014
33	0.04911	0.04342	0.02290	0.06220	0.13240	0.05500	0.04087	0.14282	0.18961	0.10383	0.02310	0.02350	0.03680	0.00904	0.00758	0.00237	0.00807	0.00753	0.00637	0.03346
34	0.07086	0.09922	0.21182	0.02253	0.06620	0.08433	0.09713	0.02326	0.01569	0.02255	0.01243	0.01637	0.01024	0.00891	0.01212	0.00259	0.20398	0.00617	0.00360	0.00997

[dist]
# distance from previous block
# <min> <max>
0	7

[block]
# block no. 1 follows, 25 sequences, length 31
# corresponding to MSA columns:
# 117-147
name=unknown_B
#
# <colnr> <probs for GDERKNQSTAVLIFYWHMCP>
#	G	D	E	R	K	N	Q	S	T	A	V	L	I	F	Y	W	H	M	C	P
0	0.78228	0.01499	0.01140	0.01020	0.01499	0.01739	0.00840	0.02279	0.01320	0.03479	0.01080	0.01260	0.00840	0.00720	0.00480	0.00240	0.00600	0.00420	0.00480	0.00840
1	0.24604	0.01285	0.05087	0.07247	0.04974	0.01230	0.01081	0.01828	0.01777	0.02977	0.29974	0.06497	0.06204	0.01210	0.00757	0.00247	0.00570	0.01003	0.00634	0.00816
2	0.01567	0.01416	0.02421	0.43264	0.19148	0.01614	0.04467	0.01958	0.01536	0.02040	0.01400	0.02074	0.01128	0.01017	0.01092	0.10958	0.00968	0.00696	0.00354	0.00881
3	0.01483	0.01387	0.02365	0.62192	0.04964	0.01705	0.04888	0.01953	0.01525	0.01969	0.01373	0.02070	0.01054	0.00881	0.00949	0.03947	0.03406	0.00698	0.00346	0.00844
4	0.04592	0.08671	0.47104	0.02490	0.14304	0.01859	0.02500	0.02386	0.01665	0.02487	0.04021	0.01808	0.01275	0.00757	0.00721	0.00237	0.01030	0.00609	0.00365	0.01120
5	0.64573	0.05049	0.10300	0.01192	0.01769	0.01807	0.01132	0.02305	0.01373	0.03268	0.01121	0.01309	0.00866	0.00719	0.00515	0.00237	0.00683	0.00440	0.00453	0.00888
6	0.01852	0.01503	0.01618	0.01446	0.01855	0.01680	0.01126	0.05929	0.49192	0.05707	0.10442	0.03543	0.08364	0.01178	0.00812	0.00259	0.00579	0.00987	0.00796	0.01132
7	0.01990	0.01696	0.01788	0.01590	0.02039	0.01957	0.01242	0.07790	0.62744	0.03342	0.03078	0.02831	0.02304	0.01045	0.00788	0.00261	0.00628	0.00866	0.00788	0.01233
8	0.01097	0.00793	0.01036	0.00975	0.01158	0.00732	0.00732	0.01463	0.02195	0.03109	0.67505	0.05792	0.07316	0.01585	0.00914	0.00244	0.00366	0.01402	0.00854	0.00732
9	0.00945	0.00675	0.00900	0.01080	0.01125	0.00630	0.00720	0.01080	0.01484	0.01979	0.04274	0.72245	0.05128	0.02429	0.00990	0.00315	0.00450	0.02204	0.00720	0.00630
10	0.02896	0.03695	0.02197	0.01998	0.02397	0.69638	0.01498	0.03096	0.02197	0.01898	0.01199	0.01398	0.00999	0.00799	0.00699	0.00200	0.01398	0.00499	0.00400	0.00899
11	0.00916	0.00785	0.00785	0.00785	0.01047	0.00655	0.00589	0.01113	0.01767	0.02095	0.07855	0.07462	0.67599	0.01964	0.00916	0.00262	0.00393	0.01636	0.00720	0.00655
12	0.01128	0.00752	0.00846	0.00846	0.00846	0.00752	0.00470	0.01128	0.01128	0.01503	0.02443	0.05074	0.02819	0.72751	0.03946	0.00752	0.00752	0.01128	0.00470	0.00470
13	0.02908	0.03344	0.02227	0.01948	0.02399	0.54132	0.01492	0.17449	0.02531	0.02587	0.01351	0.01505	0.01073	0.00829	0.00717	0.00207	0.01273	0.00545	0.00486	0.00996
14	0.02073	0.73217	0.04063	0.01327	0.01990	0.03068	0.01327	0.02322	0.01575	0.01824	0.01078	0.01244	0.00995	0.00663	0.00498	0.00166	0.00829	0.00415	0.00332	0.00995
15	0.01567	0.04158	0.02179	0.13600	0.02497	0.01789	0.05824	0.05357	0.01502	0.02114	0.04703	0.02515	0.01675	0.08240	0.13982	0.00501	0.25761	0.00789	0.00418	0.00829
16	0.05059	0.63807	0.06948	0.01389	0.02055	0.06123	0.01389	0.02363	0.01598	0.01922	0.01099	0.01271	0.00989	0.00676	0.00518	0.00174	0.00862	0.00426	0.00340	0.00992
17	0.01108	0.00831	0.01246	0.01246	0.01385	0.00969	0.00969	0.01385	0.01246	0.01800	0.02077	0.03046	0.01938	0.05815	0.69678	0.01246	0.02077	0.00831	0.00415	0.00692
18	0.02896	0.03695	0.02197	0.01998	0.02397	0.69638	0.01498	0.03096	0.02197	0.01898	0.01199	0.01398	0.00999	0.00799	0.00699	0.00200	0.01398	0.00499	0.00400	0.00899
19	0.01464	0.01378	0.02326	0.70887	0.05340	0.01723	0.02153	0.01981	0.01550	0.01981	0.01378	0.02067	0.01034	0.00775	0.00775	0.00258	0.01034	0.00689	0.00345	0.00861
20	0.02947	0.02172	0.02327	0.01784	0.02404	0.02404	0.01474	0.65329	0.03646	0.04887	0.01862	0.01862	0.01319	0.00931	0.00776	0.00233	0.00853	0.00698	0.00776	0.01319
21	0.01097	0.00793	0.01036	0.00975	0.01158	0.00732	0.00732	0.01463	0.02195	0.03109	0.67505	0.05792	0.07316	0.01585	0.00914	0.00244	0.00366	0.01402	0.00854	0.00732
22	0.00918	0.00780	0.00791	0.00801	0.01051	0.00653	0.00596	0.01111	0.01753	0.02089	0.07670	0.10795	0.64386	0.01988	0.00920	0.00265	0.00396	0.01666	0.00720	0.00653
23	0.01929	0.01666	0.01753	0.01578	0.02016	0.01929	0.01227	0.04120	0.66513	0.03243	0.03156	0.02893	0.02367	0.01052	0.00789	0.00263	0.00614	0.00877	0.00789	0.01227
24	0.00927	0.00786	0.00800	0.00796	0.01054	0.00659	0.00597	0.01133	0.01791	0.02152	0.11221	0.07368	0.64197	0.01942	0.00916	0.00261	0.00391	0.01623	0.00728	0.00659
25	0.01324	0.00901	0.01151	0.01044	0.01273	0.00852	0.00796	0.05405	0.02283	0.06381	0.60447	0.05403	0.06695	0.01516	0.00900	0.00243	0.00409	0.01330	0.00854	0.00795
26	0.03438	0.01385	0.01840	0.01411	0.02012	0.01237	0.01165	0.08533	0.02329	0.63541	0.02966	0.02579	0.01873	0.00957	0.00779	0.00239	0.00675	0.00773	0.00945	0.01319
27	0.09224	0.02033	0.02030	0.04296	0.02297	0.07804	0.01356	0.36079	0.14795	0.06672	0.02032	0.02036	0.01481	0.00918	0.00738	0.00236	0.00815	0.00694	0.03277	0.01187
28	0.00963	0.00792	0.00850	0.00848	0.01092	0.00679	0.00644	0.01195	0.01841	0.02277	0.17799	0.07239	0.54428	0.01908	0.00923	0.00263	0.00403	0.04444	0.00742	0.00670
29	0.01987	0.47172	0.21871	0.01587	0.02371	0.02571	0.01742	0.02513	0.04712	0.05175	0.01357	0.01497	0.01100	0.00716	0.00591	0.00196	0.00899	0.00498	0.00382	0.01063
30	0.02261	0.04405	0.02007	0.01574	0.02009	0.01827	0.03523	0.36101	0.02694	0.06083	0.02454	0.18785	0.02268	0.01285	0.00876	0.00252	0.03561	0.01059	0.05903	0.01072

[dist]
# distance from previous block
# <min> <max>
0	7

[block]
# block no. 2 follows, 25 sequences, length 182
# corresponding to MSA columns:
# 155-336
name=unknown_C
#
# <colnr> <probs for GDERKNQSTAVLIFYWHMCP>
#	G	D	E	R	K	N	Q	S	T	A	V	L	I	F	Y	W	H	M	C	P
0	0.01046	0.00813	0.00837	0.00816	0.01095	0.00679	0.00617	0.01248	0.01790	0.05463	0.07611	0.07217	0.64265	0.01913	0.00909	0.00261	0.00406	0.01593	0.00732	0.00688
1	0.17314	0.01476	0.02156	0.44727	0.12247	0.01752	0.01865	0.02200	0.04808	0.02422	0.01417	0.01924	0.01085	0.00767	0.00714	0.00251	0.00909	0.00643	0.00400	0.00921
2	0.06080	0.13293	0.55996	0.02020	0.03062	0.01970	0.02538	0.02427	0.01610	0.02429	0.01331	0.01561	0.00976	0.00726	0.00689	0.00234	0.01071	0.00542	0.00337	0.01108
3	0.03213	0.01256	0.01700	0.01324	0.01875	0.01092	0.01086	0.03521	0.02197	0.60836	0.08349	0.02907	0.02366	0.01009	0.00783	0.00238	0.00625	0.00829	0.03544	0.01251
4	0.01068	0.00791	0.00996	0.00945	0.01140	0.00719	0.00708	0.01406	0.02125	0.02944	0.57803	0.06063	0.17121	0.01647	0.00915	0.00247	0.00370	0.01440	0.00832	0.00719
5	0.00962	0.00685	0.00905	0.01063	0.01114	0.00641	0.00709	0.01104	0.01510	0.02024	0.07866	0.65426	0.05154	0.05476	0.01115	0.00330	0.00458	0.02110	0.00717	0.00629
6	0.02825	0.02054	0.02197	0.01698	0.02283	0.02268	0.01398	0.60168	0.03481	0.04724	0.01916	0.01945	0.01373	0.00929	0.00757	0.00228	0.00813	0.00700	0.06972	0.01270
7	0.03479	0.01320	0.01799	0.01380	0.01979	0.01140	0.01140	0.03779	0.02219	0.68451	0.03059	0.02639	0.01919	0.00960	0.00780	0.00240	0.00660	0.00780	0.00960	0.01320
8	0.01564	0.00837	0.00850	0.00807	0.01022	0.00856	0.00616	0.06835	0.01786	0.03049	0.02477	0.02809	0.01934	0.00906	0.00560	0.00185	0.00400	0.00721	0.71017	0.00770
9	0.01635	0.03146	0.45684	0.02219	0.03157	0.01671	0.14036	0.02398	0.01766	0.05446	0.09544	0.02271	0.01830	0.00834	0.00793	0.00248	0.01059	0.00746	0.00431	0.01085
10	0.01778	0.02083	0.11982	0.11644	0.32096	0.01809	0.16783	0.02407	0.04078	0.02486	0.01569	0.02013	0.01232	0.00720	0.00790	0.00242	0.01020	0.00735	0.03422	0.01112
11	0.03479	0.01320	0.01799	0.01380	0.01979	0.01140	0.01140	0.03779	0.02219	0.68451	0.03059	0.02639	0.01919	0.00960	0.00780	0.00240	0.00660	0.00780	0.00960	0.01320
12	0.01391	0.00723	0.00743	0.00752	0.00910	0.00720	0.00545	0.01709	0.01574	0.02720	0.02612	0.06663	0.02223	0.07376	0.00868	0.00238	0.00401	0.00835	0.66301	0.00695
13	0.26804	0.05701	0.10697	0.07702	0.02429	0.01960	0.01468	0.20380	0.04569	0.09015	0.01614	0.01729	0.01168	0.00817	0.00662	0.00237	0.00800	0.00590	0.00576	0.01081
14	0.00960	0.00686	0.00918	0.01098	0.01149	0.00643	0.00747	0.01107	0.01500	0.01997	0.04265	0.68969	0.05094	0.02414	0.00994	0.00317	0.00463	0.05325	0.00719	0.00634
15	0.00934	0.00785	0.00801	0.00797	0.01045	0.00662	0.00592	0.01131	0.01764	0.02123	0.10671	0.07284	0.62002	0.04717	0.01035	0.00280	0.00405	0.01605	0.00717	0.00651
16	0.02073	0.73217	0.04063	0.01327	0.01990	0.03068	0.01327	0.02322	0.01575	0.01824	0.01078	0.01244	0.00995	0.00663	0.00498	0.00166	0.00829	0.00415	0.00332	0.00995
17	0.01236	0.00883	0.01230	0.01387	0.01566	0.00878	0.01203	0.01593	0.01822	0.02392	0.09831	0.08479	0.04720	0.02092	0.01057	0.00347	0.00683	0.57160	0.00727	0.00716
18	0.02021	0.04996	0.02317	0.29984	0.03502	0.09894	0.04041	0.14983	0.08322	0.02738	0.01679	0.02031	0.01278	0.00854	0.00807	0.00241	0.03362	0.00685	0.05272	0.00996
19	0.10196	0.06958	0.04867	0.05513	0.02201	0.05032	0.04059	0.07658	0.08692	0.21669	0.12732	0.02707	0.02442	0.00980	0.00750	0.00237	0.00737	0.00798	0.00698	0.01074
20	0.01674	0.01663	0.02331	0.02005	0.02011	0.02321	0.01668	0.01847	0.01190	0.01863	0.01059	0.01748	0.01053	0.01529	0.05134	0.00374	0.68660	0.00684	0.00342	0.00842
21	0.01822	0.01983	0.16225	0.04145	0.02237	0.01584	0.01501	0.15179	0.15118	0.05705	0.14781	0.05719	0.08333	0.01169	0.00815	0.00250	0.00725	0.00972	0.00679	0.01057
22	0.78228	0.01499	0.01140	0.01020	0.01499	0.01739	0.00840	0.02279	0.01320	0.03479	0.01080	0.01260	0.00840	0.00720	0.00480	0.00240	0.00600	0.00420	0.00480	0.00840
23	0.08277	0.00932	0.01100	0.00995	0.01285	0.00864	0.00768	0.01798	0.02019	0.12654	0.37854	0.05313	0.20203	0.01504	0.00856	0.00247	0.00437	0.01277	0.00804	0.00811
24	0.01696	0.01696	0.02375	0.02036	0.02036	0.02375	0.01696	0.01866	0.01187	0.01866	0.01018	0.01696	0.01018	0.01357	0.02545	0.00339	0.71332	0.00679	0.00339	0.00848
25	0.01608	0.01378	0.01608	0.01148	0.01837	0.01034	0.00919	0.01952	0.01608	0.02527	0.01378	0.01608	0.01148	0.00574	0.00574	0.00115	0.00574	0.00459	0.00459	0.77491
26	0.01644	0.00864	0.00899	0.00843	0.01078	0.00877	0.00647	0.05269	0.04263	0.06315	0.02546	0.02825	0.01964	0.00913	0.00576	0.00190	0.00411	0.00730	0.66343	0.00803
27	0.01160	0.00828	0.01146	0.01325	0.01464	0.00815	0.01093	0.01451	0.01696	0.02220	0.04155	0.27473	0.04659	0.02227	0.01047	0.00345	0.00636	0.44855	0.00716	0.00689
28	0.78228	0.01499	0.01140	0.01020	0.01499	0.01739	0.00840	0.02279	0.01320	0.03479	0.01080	0.01260	0.00840	0.00720	0.00480	0.00240	0.00600	0.00420	0.00480	0.00840
29	0.03425	0.01406	0.01853	0.01421	0.02023	0.01269	0.01174	0.10056	0.02365	0.61968	0.02937	0.02560	0.01858	0.00957	0.00779	0.00239	0.00679	0.00771	0.00941	0.01319
30	0.01091	0.00792	0.01027	0.00969	0.01154	0.00729	0.00726	0.01450	0.02179	0.03073	0.65343	0.05852	0.09500	0.01599	0.00915	0.00245	0.00367	0.01411	0.00849	0.00729
31	0.02073	0.73217	0.04063	0.01327	0.01990	0.03068	0.01327	0.02322	0.01575	0.01824	0.01078	0.01244	0.00995	0.00663	0.00498	0.00166	0.00829	0.00415	0.00332	0.00995
32	0.00945	0.00675	0.00900	0.01080	0.01125	0.00630	0.00720	0.01080	0.01484	0.01979	0.04274	0.72245	0.05128	0.02429	0.00990	0.00315	0.00450	0.02204	0.00720	0.00630
33	0.01021	0.00790	0.00930	0.00895	0.01111	0.00699	0.00671	0.01315	0.02014	0.02680	0.42267	0.06498	0.32822	0.01745	0.00915	0.00251	0.00377	0.01501	0.00797	0.00699
34	0.01608	0.01378	0.01608	0.01148	0.01837	0.01034	0.00919	0.01952	0.01608	0.02527	0.01378	0.01608	0.01148	0.00574	0.00574	0.00115	0.00574	0.00459	0.00459	0.77491
35	0.00946	0.00740	0.00835	0.00904	0.01059	0.00654	0.00629	0.01101	0.01601	0.01997	0.05990	0.32272	0.37705	0.08443	0.01214	0.00326	0.00447	0.01810	0.00698	0.00629
36	0.01108	0.00831	0.01246	0.01246	0.01385	0.00969	0.00969	0.01385	0.01246	0.01800	0.02077	0.03046	0.01938	0.05815	0.69678	0.01246	0.02077	0.00831	0.00415	0.00692
37	0.01608	0.01378	0.01608	0.01148	0.01837	0.01034	0.00919	0.01952	0.01608	0.02527	0.01378	0.01608	0.01148	0.00574	0.00574	0.00115	0.00574	0.00459	0.00459	0.77491
38	0.00945	0.00675	0.00900	0.01080	0.01125	0.00630	0.00720	0.01080	0.01484	0.01979	0.04274	0.72245	0.05128	0.02429	0.00990	0.00315	0.00450	0.02204	0.00720	0.00630
39	0.78228	0.01499	0.01140	0.01020	0.01499	0.01739	0.00840	0.02279	0.01320	0.03479	0.01080	0.01260	0.00840	0.00720	0.00480	0.00240	0.00600	0.00420	0.00480	0.00840
40	0.01555	0.04011	0.68733	0.02210	0.03356	0.01801	0.02865	0.02455	0.01637	0.02455	0.01391	0.01637	0.00982	0.00737	0.00737	0.00246	0.01146	0.00573	0.00327	0.01146
41	0.01791	0.20828	0.41981	0.01914	0.02837	0.02028	0.05398	0.02454	0.01661	0.05726	0.01474	0.01686	0.01102	0.00735	0.00677	0.00222	0.01004	0.00570	0.04822	0.01088
42	0.01097	0.00793	0.01036	0.00975	0.01158	0.00732	0.00732	0.01463	0.02195	0.03109	0.67505	0.05792	0.07316	0.01585	0.00914	0.00244	0.00366	0.01402	0.00854	0.00732
43	0.53363	0.07890	0.04975	0.05824	0.01954	0.01872	0.01121	0.07557	0.01576	0.03246	0.01301	0.04036	0.01074	0.00801	0.00558	0.00237	0.00692	0.00535	0.00484	0.00903
44	0.01177	0.00967	0.04536	0.01135	0.01353	0.00780	0.00883	0.01451	0.01753	0.04870	0.22839	0.38484	0.05125	0.01882	0.00917	0.00273	0.00487	0.03760	0.00728	0.06600
45	0.04575	0.06175	0.49982	0.05900	0.06193	0.01864	0.09812	0.02419	0.01646	0.02452	0.01390	0.01694	0.01013	0.00724	0.00741	0.00244	0.01115	0.00611	0.00344	0.01106
46	0.01915	0.52750	0.18570	0.01553	0.02288	0.02683	0.01684	0.02313	0.01585	0.01986	0.01253	0.01609	0.01114	0.00753	0.00636	0.00196	0.03116	0.02637	0.00344	0.01015
47	0.01445	0.00723	0.00723	0.00723	0.00903	0.00723	0.00542	0.01807	0.01626	0.02891	0.02529	0.02891	0.01987	0.00903	0.00542	0.00181	0.00361	0.00723	0.77055	0.00723
48	0.31001	0.01355	0.01488	0.01219	0.01733	0.01357	0.00997	0.03038	0.04275	0.36347	0.07781	0.02403	0.01991	0.00927	0.00680	0.00241	0.00611	0.00702	0.00766	0.01088
49	0.01742	0.01832	0.05754	0.17651	0.35826	0.01781	0.15381	0.02259	0.01730	0.02385	0.01787	0.02256	0.04537	0.00767	0.00806	0.00245	0.01007	0.00781	0.00392	0.01083
50	0.01560	0.03721	0.60624	0.02251	0.03328	0.01772	0.08048	0.02419	0.01675	0.02484	0.04023	0.01840	0.01249	0.00763	0.00759	0.00247	0.01129	0.00635	0.00354	0.01121
51	0.03458	0.01353	0.01820	0.01395	0.01996	0.01189	0.01153	0.06190	0.02275	0.65961	0.03012	0.02609	0.01896	0.00959	0.00780	0.00240	0.00667	0.00777	0.00952	0.01320
52	0.01511	0.01486	0.02731	0.42882	0.07676	0.01652	0.17036	0.02011	0.01620	0.02129	0.01780	0.10616	0.01576	0.00943	0.00834	0.00265	0.01022	0.00928	0.00404	0.00896
53	0.06550	0.01440	0.05185	0.01386	0.01988	0.01179	0.01195	0.03527	0.02148	0.58868	0.06157	0.02687	0.02097	0.00969	0.00771	0.00240	0.00667	0.00785	0.00901	0.01260
54	0.01045	0.00752	0.00990	0.01011	0.01147	0.00697	0.00728	0.01333	0.01953	0.02725	0.45988	0.28405	0.06571	0.01872	0.00940	0.00268	0.00394	0.01675	0.00808	0.00697
55	0.06840	0.01328	0.01770	0.01363	0.01958	0.01167	0.01126	0.03711	0.02179	0.65529	0.02970	0.02577	0.01871	0.00949	0.00766	0.00240	0.00657	0.00764	0.00938	0.01298
56	0.02033	0.01708	0.05031	0.07906	0.02792	0.01676	0.18351	0.11492	0.10411	0.11613	0.08593	0.07992	0.02326	0.01049	0.00902	0.00259	0.03199	0.00969	0.00635	0.01063
57	0.42032	0.01683	0.06525	0.08400	0.02202	0.01666	0.01238	0.06303	0.04265	0.16561	0.01664	0.01751	0.01178	0.00801	0.00620	0.00243	0.00712	0.00566	0.00582	0.01006
58	0.00945	0.00675	0.00900	0.01080	0.01125	0.00630	0.00720	0.01080	0.01484	0.01979	0.04274	0.72245	0.05128	0.02429	0.00990	0.00315	0.00450	0.02204	0.00720	0.00630
59	0.01946	0.01614	0.01713	0.01536	0.01973	0.01842	0.01196	0.03977	0.61181	0.05774	0.03354	0.03080	0.05158	0.01088	0.00794	0.00262	0.00606	0.00906	0.00793	0.01206
60	0.01636	0.07220	0.53817	0.02430	0.06633	0.01889	0.10787	0.02448	0.01665	0.02431	0.01402	0.01690	0.01020	0.00720	0.00749	0.00243	0.01139	0.00615	0.00339	0.01129
61	0.01525	0.01440	0.02389	0.53235	0.04626	0.01712	0.07639	0.02228	0.09091	0.02172	0.01748	0.05727	0.01409	0.00880	0.00800	0.00262	0.00980	0.00808	0.00419	0.00909
62	0.01097	0.00793	0.01036	0.00975	0.01158	0.00732	0.00732	0.01463	0.02195	0.03109	0.67505	0.05792	0.07316	0.01585	0.00914	0.00244	0.00366	0.01402	0.00854	0.00732
63	0.01785	0.01570	0.02481	0.07780	0.02723	0.01463	0.18764	0.07806	0.04451	0.05291	0.04478	0.08212	0.01831	0.00881	0.00770	0.00211	0.00826	0.00844	0.00530	0.27303
64	0.78228	0.01499	0.01140	0.01020	0.01499	0.01739	0.00840	0.02279	0.01320	0.03479	0.01080	0.01260	0.00840	0.00720	0.00480	0.00240	0.00600	0.00420	0.00480	0.00840
65	0.02189	0.01724	0.01847	0.01598	0.02075	0.01954	0.01261	0.13800	0.52459	0.07652	0.02945	0.02713	0.02172	0.01027	0.00786	0.00257	0.00655	0.00842	0.00798	0.01248
66	0.02974	0.02129	0.02300	0.01763	0.02383	0.02340	0.01457	0.62204	0.03573	0.08113	0.01922	0.01901	0.01349	0.00932	0.00776	0.00233	0.00843	0.00702	0.00785	0.01319
67	0.02797	0.01196	0.01599	0.01282	0.01767	0.01064	0.01037	0.03188	0.04756	0.48836	0.19866	0.03471	0.03344	0.01126	0.00815	0.00242	0.00581	0.00946	0.00925	0.01163
68	0.01117	0.00753	0.00843	0.00843	0.00856	0.00747	0.00476	0.01127	0.01161	0.01534	0.02722	0.05197	0.06161	0.69099	0.03790	0.00726	0.00733	0.01154	0.00483	0.00479
69	0.01053	0.00770	0.01007	0.01091	0.01131	0.00798	0.00737	0.01169	0.01350	0.01830	0.03382	0.43555	0.03961	0.21042	0.08882	0.00525	0.04813	0.01694	0.00601	0.00607
70	0.01128	0.00752	0.00846	0.00846	0.00846	0.00752	0.00470	0.01128	0.01128	0.01503	0.02443	0.05074	0.02819	0.72751	0.03946	0.00752	0.00752	0.01128	0.00470	0.00470
71	0.74842	0.01530	0.01193	0.01054	0.01540	0.01769	0.00868	0.05114	0.01424	0.03542	0.01115	0.01287	0.00861	0.00729	0.00493	0.00240	0.00611	0.00432	0.00493	0.00861
72	0.01513	0.00793	0.01109	0.01057	0.01129	0.00793	0.00729	0.04448	0.01273	0.05087	0.04863	0.02677	0.01762	0.06529	0.02746	0.61188	0.00671	0.00743	0.00425	0.00465
73	0.03479	0.01320	0.01799	0.01380	0.01979	0.01140	0.01140	0.03779	0.02219	0.68451	0.03059	0.02639	0.01919	0.00960	0.00780	0.00240	0.00660	0.00780	0.00960	0.01320
74	0.02073	0.73217	0.04063	0.01327	0.01990	0.03068	0.01327	0.02322	0.01575	0.01824	0.01078	0.01244	0.00995	0.00663	0.00498	0.00166	0.00829	0.00415	0.00332	0.00995
75	0.02255	0.01573	0.01821	0.04012	0.02065	0.01695	0.01249	0.31947	0.06419	0.09555	0.08257	0.03434	0.05318	0.04229	0.06709	0.00354	0.00851	0.06445	0.00735	0.01077
76	0.01700	0.01375	0.01640	0.03355	0.01955	0.01061	0.00969	0.02047	0.01638	0.05907	0.01465	0.01675	0.01185	0.00600	0.00591	0.00126	0.00593	0.00483	0.00482	0.71154
77	0.01380	0.01225	0.02052	0.01747	0.02045	0.01205	0.17930	0.06996	0.01762	0.02363	0.03374	0.42006	0.06280	0.01767	0.01009	0.00292	0.03486	0.01648	0.00623	0.00809
78	0.01737	0.01831	0.03485	0.11140	0.06054	0.01992	0.34885	0.02221	0.01608	0.02270	0.01427	0.02004	0.01149	0.00874	0.01327	0.00278	0.20543	0.00806	0.03405	0.00963
79	0.01464	0.01378	0.02326	0.70887	0.05340	0.01723	0.02153	0.01981	0.01550	0.01981	0.01378	0.02067	0.01034	0.00775	0.00775	0.00258	0.01034	0.00689	0.00345	0.00861
80	0.70877	0.01565	0.01256	0.01094	0.01588	0.01804	0.00902	0.08436	0.01547	0.03616	0.01156	0.01318	0.00886	0.00740	0.00509	0.00239	0.00625	0.00447	0.00509	0.00886
81	0.00945	0.00675	0.00900	0.01080	0.01125	0.00630	0.00720	0.01080	0.01484	0.01979	0.04274	0.72245	0.05128	0.02429	0.00990	0.00315	0.00450	0.02204	0.00720	0.00630
82	0.03321	0.01320	0.01774	0.01371	0.01947	0.01162	0.01128	0.05875	0.02269	0.62351	0.06760	0.02794	0.02211	0.00995	0.00787	0.00240	0.00650	0.00813	0.00947	0.01285
83	0.01767	0.01945	0.04028	0.08734	0.06419	0.01927	0.49953	0.02352	0.01764	0.02415	0.03809	0.02180	0.01368	0.00756	0.01032	0.00266	0.06991	0.00885	0.00400	0.01011
84	0.01464	0.01378	0.02326	0.70887	0.05340	0.01723	0.02153	0.01981	0.01550	0.01981	0.01378	0.02067	0.01034	0.00775	0.00775	0.00258	0.01034	0.00689	0.00345	0.00861
85	0.01464	0.01378	0.02326	0.70887	0.05340	0.01723	0.02153	0.01981	0.01550	0.01981	0.01378	0.02067	0.01034	0.00775	0.00775	0.00258	0.01034	0.00689	0.00345	0.00861
86	0.01902	0.01825	0.03116	0.07260	0.65547	0.01838	0.02371	0.02365	0.01757	0.02512	0.01455	0.01925	0.01221	0.00694	0.00768	0.00231	0.00925	0.00691	0.00382	0.01214
87	0.01591	0.08781	0.64276	0.02149	0.03262	0.01888	0.02759	0.02446	0.01633	0.02412	0.01370	0.01610	0.00983	0.00732	0.00720	0.00240	0.01124	0.00562	0.00328	0.01135
88	0.01137	0.00835	0.01104	0.01240	0.01413	0.00803	0.01027	0.01433	0.01757	0.02270	0.08051	0.18120	0.15633	0.02126	0.01024	0.00328	0.00600	0.39684	0.00723	0.00692
89	0.71401	0.01474	0.01200	0.01150	0.03949	0.01692	0.00878	0.02224	0.01326	0.03342	0.01164	0.01481	0.00956	0.04431	0.00669	0.00266	0.00620	0.00466	0.00476	0.00835
90	0.01347	0.00673	0.01010	0.01010	0.01010	0.00673	0.00673	0.01010	0.01010	0.01347	0.01347	0.02357	0.01347	0.02694	0.03030	0.77441	0.00673	0.00673	0.00337	0.00337
91	0.01206	0.00813	0.00909	0.00886	0.00913	0.00823	0.00513	0.03892	0.01236	0.01649	0.02418	0.04936	0.02754	0.69658	0.03810	0.00729	0.00756	0.01109	0.00483	0.00506
92	0.01686	0.01631	0.02848	0.37491	0.31969	0.01792	0.07044	0.02190	0.01664	0.02255	0.01427	0.02006	0.01128	0.00730	0.00783	0.00247	0.01006	0.00707	0.00365	0.01032
93	0.01919	0.01842	0.03147	0.04759	0.67914	0.01842	0.02380	0.02380	0.01765	0.02533	0.01458	0.01919	0.01228	0.00691	0.00768	0.00230	0.00921	0.00691	0.00384	0.01228
94	0.05522	0.02016	0.01766	0.01563	0.01950	0.17571	0.01214	0.10561	0.25214	0.03012	0.12868	0.02963	0.05462	0.01101	0.00848	0.00243	0.03573	0.00856	0.00672	0.01025
95	0.01587	0.01336	0.01578	0.01234	0.01772	0.01148	0.00969	0.04773	0.04954	0.02551	0.01918	0.12592	0.01825	0.00941	0.00760	0.00170	0.04220	0.00772	0.00524	0.54376
96	0.02214	0.61285	0.03743	0.01442	0.02060	0.14494	0.01356	0.02455	0.01682	0.01837	0.01099	0.01270	0.00996	0.00687	0.00532	0.00172	0.00927	0.00429	0.00343	0.00979
97	0.01155	0.00890	0.01159	0.01350	0.04658	0.00886	0.00922	0.01597	0.09578	0.02252	0.06631	0.47433	0.07292	0.02085	0.00957	0.00304	0.00518	0.08869	0.00716	0.00748
98	0.05218	0.02110	0.08377	0.12317	0.05228	0.07025	0.16506	0.16458	0.02220	0.11628	0.01829	0.04378	0.01379	0.00856	0.00795	0.00246	0.01006	0.00773	0.00554	0.01096
99	0.08553	0.03912	0.03952	0.05024	0.02166	0.04093	0.03592	0.03240	0.09515	0.37100	0.02747	0.02590	0.04320	0.00945	0.00742	0.00238	0.00718	0.00765	0.04641	0.01149
100	0.01209	0.00944	0.01070	0.01025	0.01279	0.00898	0.00785	0.06696	0.05309	0.02677	0.23663	0.11847	0.32614	0.01774	0.00913	0.00264	0.00458	0.05049	0.00766	0.00762
101	0.01690	0.01736	0.03059	0.38572	0.09475	0.04278	0.21794	0.02320	0.05026	0.02243	0.01529	0.02082	0.01161	0.00746	0.00816	0.00255	0.01102	0.00763	0.00387	0.00967
102	0.01915	0.01417	0.01673	0.01214	0.01888	0.01126	0.00978	0.05859	0.01801	0.10760	0.01613	0.01749	0.01253	0.00642	0.00611	0.00137	0.00601	0.00513	0.00539	0.63710
103	0.02048	0.70378	0.03932	0.01303	0.01947	0.02976	0.01296	0.02302	0.01577	0.01866	0.01135	0.01308	0.01034	0.00673	0.00499	0.00166	0.00811	0.00427	0.03337	0.00984
104	0.01075	0.00789	0.01003	0.00983	0.01161	0.00726	0.00738	0.01391	0.02030	0.02799	0.49372	0.10607	0.14466	0.04158	0.01034	0.00276	0.00411	0.05471	0.00805	0.00705
105	0.78228	0.01499	0.01140	0.01020	0.01499	0.01739	0.00840	0.02279	0.01320	0.03479	0.01080	0.01260	0.00840	0.00720	0.00480	0.00240	0.00600	0.00420	0.00480	0.00840
106	0.05652	0.01412	0.01661	0.04779	0.02032	0.01165	0.01013	0.04584	0.01706	0.06470	0.01480	0.01684	0.01178	0.00628	0.00600	0.00141	0.00615	0.00497	0.00496	0.62206
107	0.01783	0.01771	0.07314	0.08059	0.03069	0.01570	0.27106	0.04833	0.05189	0.07198	0.04692	0.08860	0.02051	0.00996	0.00852	0.00253	0.00955	0.04532	0.00532	0.08385
108	0.01608	0.01378	0.01608	0.01148	0.01837	0.01034	0.00919	0.01952	0.01608	0.02527	0.01378	0.01608	0.01148	0.00574	0.00574	0.00115	0.00574	0.00459	0.00459	0.77491
109	0.06174	0.01985	0.09106	0.08209	0.03353	0.01801	0.34513	0.02611	0.12502	0.02622	0.02093	0.02407	0.04344	0.00810	0.00827	0.00256	0.01035	0.00855	0.03471	0.01027
110	0.01788	0.01782	0.06146	0.31474	0.24902	0.01825	0.06909	0.08643	0.01868	0.02530	0.01562	0.02206	0.01251	0.00799	0.00791	0.00250	0.00994	0.02814	0.00417	0.01050
111	0.01554	0.01535	0.02796	0.55099	0.07566	0.01774	0.14423	0.02095	0.01613	0.02101	0.01418	0.02066	0.01069	0.00748	0.00802	0.00258	0.01082	0.00733	0.00355	0.00912
112	0.01113	0.00809	0.01136	0.01136	0.01237	0.00910	0.00832	0.01314	0.01214	0.01719	0.02177	0.03602	0.02180	0.24173	0.51651	0.01111	0.01713	0.00912	0.00430	0.00631
113	0.78228	0.01499	0.01140	0.01020	0.01499	0.01739	0.00840	0.02279	0.01320	0.03479	0.01080	0.01260	0.00840	0.00720	0.00480	0.00240	0.00600	0.00420	0.00480	0.00840
114	0.00955	0.00688	0.00905	0.01061	0.01124	0.00638	0.00715	0.01108	0.01547	0.02065	0.08950	0.64916	0.07757	0.02350	0.00981	0.00308	0.00442	0.02124	0.00729	0.00638
115	0.01929	0.01666	0.01753	0.01578	0.02016	0.01929	0.01227	0.04120	0.66513	0.03243	0.03156	0.02893	0.02367	0.01052	0.00789	0.00263	0.00614	0.00877	0.00789	0.01227
116	0.78228	0.01499	0.01140	0.01020	0.01499	0.01739	0.00840	0.02279	0.01320	0.03479	0.01080	0.01260	0.00840	0.00720	0.00480	0.00240	0.00600	0.00420	0.00480	0.00840
117	0.01065	0.00791	0.00992	0.00942	0.01139	0.00718	0.00706	0.01401	0.02119	0.02929	0.56885	0.06089	0.18048	0.01653	0.00915	0.00247	0.00371	0.01444	0.00830	0.00718
118	0.78228	0.01499	0.01140	0.01020	0.01499	0.01739	0.00840	0.02279	0.01320	0.03479	0.01080	0.01260	0.00840	0.00720	0.00480	0.00240	0.00600	0.00420	0.00480	0.00840
119	0.03444	0.01376	0.01834	0.01406	0.02007	0.01223	0.01162	0.07854	0.02314	0.64242	0.02980	0.02588	0.01880	0.00958	0.00779	0.00239	0.00673	0.00774	0.00947	0.01319
120	0.08427	0.02123	0.02241	0.01728	0.02339	0.02356	0.01428	0.60739	0.03476	0.04784	0.01805	0.01818	0.01284	0.00915	0.00754	0.00233	0.00835	0.00678	0.00754	0.01284
121	0.01608	0.01378	0.01608	0.01148	0.01837	0.01034	0.00919	0.01952	0.01608	0.02527	0.01378	0.01608	0.01148	0.00574	0.00574	0.00115	0.00574	0.00459	0.00459	0.77491
122	0.01108	0.00831	0.01246	0.01246	0.01385	0.00969	0.00969	0.01385	0.01246	0.01800	0.02077	0.03046	0.01938	0.05815	0.69678	0.01246	0.02077	0.00831	0.00415	0.00692
123	0.01097	0.00793	0.01036	0.00975	0.01158	0.00732	0.00732	0.01463	0.02195	0.03109	0.67505	0.05792	0.07316	0.01585	0.00914	0.00244	0.00366	0.01402	0.00854	0.00732
124	0.01284	0.00931	0.01275	0.01436	0.01627	0.00945	0.01248	0.01733	0.05051	0.02367	0.04057	0.08451	0.04357	0.02087	0.01057	0.00352	0.00709	0.59576	0.00718	0.00740
125	0.02896	0.03695	0.02197	0.01998	0.02397	0.69638	0.01498	0.03096	0.02197	0.01898	0.01199	0.01398	0.00999	0.00799	0.00699	0.00200	0.01398	0.00499	0.00400	0.00899
126	0.01428	0.00728	0.00749	0.00749	0.00928	0.00735	0.00564	0.01785	0.01607	0.02836	0.02507	0.02899	0.01985	0.01151	0.04031	0.00234	0.00448	0.00728	0.73188	0.00721
127	0.02896	0.03695	0.02197	0.01998	0.02397	0.69638	0.01498	0.03096	0.02197	0.01898	0.01199	0.01398	0.00999	0.00799	0.00699	0.00200	0.01398	0.00499	0.00400	0.00899
128	0.01088	0.00792	0.01024	0.00966	0.01153	0.00728	0.00724	0.01446	0.02173	0.03058	0.64495	0.05876	0.10358	0.01604	0.00915	0.00245	0.00367	0.01414	0.00847	0.00728
129	0.01981	0.01692	0.01783	0.01589	0.02036	0.01953	0.01240	0.07274	0.63274	0.03328	0.03089	0.02840	0.02313	0.01046	0.00788	0.00261	0.00626	0.00867	0.00788	0.01232
130	0.00918	0.00780	0.00791	0.00801	0.01051	0.00653	0.00596	0.01111	0.01753	0.02089	0.07670	0.10804	0.64376	0.01988	0.00920	0.00265	0.00396	0.01666	0.00720	0.00653
131	0.05234	0.53854	0.03503	0.01427	0.02047	0.07770	0.01331	0.09380	0.05135	0.02303	0.01278	0.01407	0.01094	0.00725	0.00557	0.00184	0.00854	0.00476	0.00414	0.01029
132	0.02000	0.01701	0.01794	0.01592	0.02044	0.01962	0.01245	0.08435	0.62082	0.03359	0.03065	0.02820	0.02293	0.01043	0.00788	0.00261	0.00631	0.00864	0.00788	0.01234
133	0.01836	0.02190	0.09957	0.07531	0.03883	0.01915	0.48731	0.06075	0.01890	0.02589	0.01548	0.02014	0.01156	0.00682	0.00866	0.00252	0.01216	0.00836	0.00408	0.04424
134	0.02155	0.69040	0.03932	0.01330	0.01989	0.02956	0.01316	0.02406	0.01613	0.05695	0.01193	0.01325	0.01049	0.00681	0.00514	0.00170	0.00819	0.00436	0.00368	0.01014
135	0.00972	0.00731	0.00900	0.00978	0.01112	0.00659	0.00688	0.01175	0.01721	0.02266	0.19565	0.39946	0.22239	0.02114	0.00953	0.00285	0.00416	0.01871	0.00750	0.00659
136	0.07119	0.01546	0.01826	0.03820	0.02086	0.01591	0.01209	0.21002	0.09690	0.28472	0.10917	0.02754	0.02404	0.01023	0.00779	0.00242	0.00681	0.00824	0.00825	0.01189
137	0.01041	0.00756	0.00980	0.01054	0.01181	0.00705	0.00771	0.01285	0.01781	0.02409	0.26531	0.33100	0.11029	0.04607	0.01075	0.00307	0.00460	0.09500	0.00757	0.00672
138	0.78228	0.01499	0.01140	0.01020	0.01499	0.01739	0.00840	0.02279	0.01320	0.03479	0.01080	0.01260	0.00840	0.00720	0.00480	0.00240	0.00600	0.00420	0.00480	0.00840
139	0.01478	0.01374	0.02269	0.63909	0.04966	0.01727	0.02064	0.01967	0.01530	0.02008	0.01398	0.02074	0.01068	0.00817	0.00879	0.00261	0.05467	0.00690	0.03198	0.00855
140	0.08997	0.05088	0.02413	0.14461	0.06208	0.02129	0.05243	0.36097	0.02694	0.03728	0.01870	0.02057	0.03821	0.00885	0.00751	0.00238	0.00874	0.00709	0.00607	0.01132
141	0.01028	0.00790	0.00940	0.00902	0.01116	0.00702	0.00677	0.01328	0.02030	0.02719	0.44567	0.06434	0.30497	0.01731	0.00915	0.00251	0.00376	0.01492	0.00802	0.00702
142	0.03479	0.01320	0.01799	0.01380	0.01979	0.01140	0.01140	0.03779	0.02219	0.68451	0.03059	0.02639	0.01919	0.00960	0.00780	0.00240	0.00660	0.00780	0.00960	0.01320
143	0.02619	0.01714	0.05844	0.01841	0.07892	0.01616	0.01433	0.13798	0.17282	0.28251	0.02720	0.02891	0.01993	0.01026	0.00799	0.00252	0.00737	0.05273	0.00784	0.01236
144	0.07180	0.01416	0.01812	0.01404	0.01994	0.01307	0.01157	0.09262	0.04189	0.57507	0.02853	0.02506	0.01823	0.00948	0.00764	0.00240	0.00673	0.00757	0.00914	0.01292
145	0.00924	0.00754	0.00818	0.00869	0.01069	0.00648	0.00626	0.01103	0.01687	0.02062	0.06835	0.25902	0.49818	0.02096	0.00937	0.00277	0.00409	0.01798	0.00720	0.00648
146	0.01464	0.01378	0.02326	0.70887	0.05340	0.01723	0.02153	0.01981	0.01550	0.01981	0.01378	0.02067	0.01034	0.00775	0.00775	0.00258	0.01034	0.00689	0.00345	0.00861
147	0.08691	0.03777	0.62443	0.02099	0.03183	0.01795	0.02676	0.02439	0.01607	0.02551	0.01362	0.01602	0.00969	0.00735	0.00713	0.00245	0.01095	0.00559	0.00342	0.01117
148	0.02947	0.02172	0.02327	0.01784	0.02404	0.02404	0.01474	0.65329	0.03646	0.04887	0.01862	0.01862	0.01319	0.00931	0.00776	0.00233	0.00853	0.00698	0.00776	0.01319
149	0.02409	0.01847	0.01981	0.01649	0.02167	0.02075	0.01320	0.28191	0.38458	0.07250	0.02641	0.02474	0.01931	0.00999	0.00783	0.00250	0.00710	0.00801	0.00793	0.01268
150	0.01596	0.03685	0.04168	0.01191	0.01872	0.01111	0.00997	0.01950	0.01603	0.02482	0.01477	0.04226	0.01286	0.00652	0.00593	0.00129	0.00599	0.00527	0.00460	0.69397
151	0.72271	0.01553	0.01234	0.01080	0.01571	0.01792	0.00890	0.07268	0.01504	0.03590	0.01141	0.01307	0.00878	0.00736	0.00503	0.00239	0.00620	0.00442	0.00503	0.00878
152	0.78228	0.01499	0.01140	0.01020	0.01499	0.01739	0.00840	0.02279	0.01320	0.03479	0.01080	0.01260	0.00840	0.00720	0.00480	0.00240	0.00600	0.00420	0.00480	0.00840
153	0.00947	0.00731	0.00865	0.00949	0.01096	0.00649	0.00667	0.01129	0.01667	0.02131	0.11579	0.39397	0.31099	0.02159	0.00953	0.00286	0.00419	0.01896	0.00732	0.00649
154	0.01617	0.01409	0.01736	0.01240	0.01933	0.01074	0.03683	0.01975	0.01617	0.02525	0.01386	0.01629	0.01150	0.00578	0.00589	0.00121	0.00606	0.00479	0.00456	0.74199
155	0.78228	0.01499	0.01140	0.01020	0.01499	0.01739	0.00840	0.02279	0.01320	0.03479	0.01080	0.01260	0.00840	0.00720	0.00480	0.00240	0.00600	0.00420	0.00480	0.00840
156	0.01078	0.00777	0.01019	0.00989	0.01154	0.00719	0.00730	0.01414	0.02104	0.02964	0.59379	0.14332	0.07035	0.01694	0.00924	0.00253	0.00377	0.01505	0.00836	0.00719
157	0.01830	0.02092	0.04575	0.03268	0.04052	0.01961	0.65098	0.02484	0.01830	0.02484	0.01569	0.02092	0.01176	0.00654	0.00915	0.00261	0.01307	0.00915	0.00392	0.01046
158	0.01097	0.00793	0.01036	0.00975	0.01158	0.00732	0.00732	0.01463	0.02195	0.03109	0.67505	0.05792	0.07316	0.01585	0.00914	0.00244	0.00366	0.01402	0.00854	0.00732
159	0.01038	0.00742	0.01007	0.01187	0.01273	0.00710	0.00882	0.01241	0.01577	0.02084	0.04222	0.52743	0.04924	0.02341	0.01015	0.00328	0.00531	0.20783	0.00718	0.00656
160	0.03479	0.01320	0.01799	0.01380	0.01979	0.01140	0.01140	0.03779	0.02219	0.68451	0.03059	0.02639	0.01919	0.00960	0.00780	0.00240	0.00660	0.00780	0.00960	0.01320
161	0.00952	0.00678	0.00898	0.01071	0.01114	0.00634	0.00710	0.01081	0.01471	0.01961	0.04204	0.69704	0.05041	0.05089	0.01101	0.00331	0.00461	0.02164	0.00710	0.00624
162	0.01679	0.01430	0.01673	0.01214	0.01874	0.01153	0.00976	0.05147	0.01695	0.02621	0.01389	0.01624	0.01152	0.00622	0.00659	0.00129	0.03264	0.00480	0.00471	0.70748
163	0.01696	0.01696	0.02375	0.02036	0.02036	0.02375	0.01696	0.01866	0.01187	0.01866	0.01018	0.01696	0.01018	0.01357	0.02545	0.00339	0.71332	0.00679	0.00339	0.00848
164	0.04233	0.03435	0.51933	0.02547	0.12643	0.01784	0.04975	0.02492	0.01675	0.05113	0.01463	0.01722	0.01058	0.00735	0.00741	0.00244	0.01082	0.00606	0.00368	0.01151
165	0.78228	0.01499	0.01140	0.01020	0.01499	0.01739	0.00840	0.02279	0.01320	0.03479	0.01080	0.01260	0.00840	0.00720	0.00480	0.00240	0.00600	0.00420	0.00480	0.00840
166	0.03212	0.01379	0.01791	0.01414	0.01986	0.01275	0.01155	0.03837	0.13278	0.57235	0.03076	0.02683	0.01996	0.00976	0.00781	0.00244	0.00652	0.00796	0.00930	0.01304
167	0.01090	0.00791	0.01030	0.00996	0.01175	0.00731	0.00752	0.01436	0.02119	0.02967	0.58407	0.09445	0.09652	0.01674	0.00927	0.00254	0.00389	0.04612	0.00834	0.00722
168	0.01555	0.04011	0.68733	0.02210	0.03356	0.01801	0.02865	0.02455	0.01637	0.02455	0.01391	0.01637	0.00982	0.00737	0.00737	0.00246	0.01146	0.00573	0.00327	0.01146
169	0.00929	0.00790	0.00803	0.00810	0.01069	0.00664	0.00615	0.01132	0.01768	0.02103	0.07710	0.07511	0.65164	0.01971	0.00922	0.00265	0.00405	0.03991	0.00720	0.00657
170	0.03479	0.01320	0.01799	0.01380	0.01979	0.01140	0.01140	0.03779	0.02219	0.68451	0.03059	0.02639	0.01919	0.00960	0.00780	0.00240	0.00660	0.00780	0.00960	0.01320
171	0.01445	0.00723	0.00723	0.00723	0.00903	0.00723	0.00542	0.01807	0.01626	0.02891	0.02529	0.02891	0.01987	0.00903	0.00542	0.00181	0.00361	0.00723	0.77055	0.00723
172	0.02896	0.03695	0.02197	0.01998	0.02397	0.69638	0.01498	0.03096	0.02197	0.01898	0.01199	0.01398	0.00999	0.00799	0.00699	0.00200	0.01398	0.00499	0.00400	0.00899
173	0.01097	0.00793	0.01036	0.00975	0.01158	0.00732	0.00732	0.01463	0.02195	0.03109	0.67505	0.05792	0.07316	0.01585	0.00914	0.00244	0.00366	0.01402	0.00854	0.00732
