[name]
unknown

[dist]
# distance from previous block
# <min> <max>
0	331

[block]
# block no. 0 follows, 23 sequences, length 16
# corresponding to MSA columns:
# 331-346
name=unknown_A
#
# <colnr> <probs for GDERKNQSTAVLIFYWHMCP>
#	G	D	E	R	K	N	Q	S	T	A	V	L	I	F	Y	W	H	M	C	P
0	0.01335	0.01081	0.01450	0.01769	0.12824	0.01053	0.01109	0.01707	0.05013	0.02368	0.11159	0.06081	0.19642	0.16317	0.01621	0.00393	0.00663	0.12958	0.00654	0.00803
1	0.02049	0.02026	0.01766	0.01650	0.02019	0.16913	0.01245	0.03443	0.38195	0.02813	0.03063	0.15969	0.02715	0.01322	0.00845	0.00271	0.00797	0.01099	0.00718	0.01083
2	0.04825	0.01697	0.02615	0.02126	0.05805	0.01724	0.13545	0.07389	0.02062	0.26742	0.03899	0.02348	0.01672	0.00981	0.01150	0.00264	0.13135	0.00797	0.00672	0.06555
3	0.07760	0.03151	0.30034	0.02512	0.14093	0.14769	0.02208	0.02703	0.01844	0.07220	0.01589	0.01949	0.01237	0.04434	0.00925	0.00271	0.01108	0.00640	0.00436	0.01117
4	0.01765	0.01923	0.04063	0.02950	0.03648	0.01800	0.51196	0.02390	0.01990	0.02727	0.14241	0.02947	0.02489	0.00875	0.00957	0.00270	0.01175	0.01057	0.00505	0.01030
5	0.01098	0.00934	0.01159	0.13055	0.01916	0.00899	0.00936	0.01398	0.01897	0.02379	0.18329	0.06465	0.43114	0.01757	0.00932	0.00270	0.00524	0.01489	0.00711	0.00739
6	0.02430	0.01801	0.02454	0.01896	0.02486	0.01842	0.13420	0.24455	0.10402	0.13083	0.03354	0.03289	0.13063	0.01129	0.00869	0.00260	0.00839	0.00985	0.00753	0.01189
7	0.03702	0.20007	0.22661	0.15366	0.07645	0.07972	0.02155	0.02441	0.01697	0.02244	0.01323	0.01693	0.01060	0.00809	0.00848	0.00241	0.06130	0.00588	0.00363	0.01055
8	0.01484	0.00937	0.01253	0.01217	0.01333	0.01017	0.00873	0.01764	0.13612	0.01882	0.01916	0.02704	0.01728	0.03062	0.14264	0.48163	0.00953	0.00776	0.00460	0.00601
9	0.01140	0.00781	0.00934	0.00955	0.01001	0.00760	0.00592	0.01240	0.01465	0.01991	0.15317	0.17106	0.04300	0.45578	0.02960	0.00601	0.00652	0.01436	0.00617	0.00575
10	0.01875	0.01536	0.01794	0.01593	0.01913	0.01805	0.01259	0.03256	0.36233	0.06071	0.13962	0.03308	0.03084	0.01253	0.01199	0.00283	0.14169	0.00964	0.03341	0.01101
11	0.01903	0.01489	0.01846	0.01949	0.13199	0.01487	0.01281	0.20038	0.02440	0.04933	0.08556	0.09864	0.20407	0.01398	0.00869	0.00253	0.00673	0.01183	0.00709	0.05523
12	0.56441	0.01440	0.01264	0.01257	0.03926	0.01630	0.00940	0.02281	0.05208	0.03311	0.01867	0.13803	0.01785	0.01090	0.00627	0.00266	0.00613	0.00810	0.00562	0.00879
13	0.02719	0.01877	0.02277	0.02248	0.13617	0.03583	0.01545	0.22719	0.15693	0.18388	0.05064	0.02527	0.01985	0.00987	0.00818	0.00251	0.00800	0.00813	0.00780	0.01307
14	0.02285	0.01989	0.02983	0.04321	0.16946	0.02069	0.15149	0.19145	0.12341	0.05113	0.01970	0.02190	0.01491	0.00863	0.00883	0.00251	0.02898	0.00794	0.00599	0.05720
15	0.01584	0.13670	0.01771	0.01141	0.01466	0.01423	0.00853	0.04701	0.05297	0.02144	0.02200	0.07000	0.02292	0.33958	0.02285	0.00468	0.00745	0.00932	0.00512	0.15558

[dist]
# distance from previous block
# <min> <max>
0	1

[block]
# block no. 1 follows, 23 sequences, length 10
# corresponding to MSA columns:
# 348-357
name=unknown_B
#
# <colnr> <probs for GDERKNQSTAVLIFYWHMCP>
#	G	D	E	R	K	N	Q	S	T	A	V	L	I	F	Y	W	H	M	C	P
0	0.16046	0.02473	0.02293	0.02390	0.14335	0.22168	0.01615	0.11896	0.06744	0.02976	0.01516	0.01759	0.01217	0.00901	0.00926	0.00248	0.08280	0.00625	0.00512	0.01080
1	0.01474	0.01147	0.01517	0.01350	0.01654	0.01128	0.06733	0.08746	0.04868	0.02806	0.11899	0.13037	0.18390	0.06071	0.01121	0.00309	0.00625	0.07630	0.08658	0.00838
2	0.02290	0.02017	0.02436	0.15892	0.20969	0.12831	0.01827	0.09624	0.04120	0.09559	0.08535	0.02478	0.02000	0.00927	0.00812	0.00245	0.00962	0.00784	0.00571	0.01119
3	0.01363	0.00948	0.01286	0.01517	0.08687	0.00871	0.00963	0.01600	0.01804	0.08369	0.11335	0.35596	0.18564	0.01988	0.00963	0.00292	0.00525	0.01764	0.00751	0.00815
4	0.01812	0.01800	0.08044	0.01919	0.06850	0.01711	0.04218	0.06964	0.31888	0.03140	0.09610	0.10984	0.03074	0.01275	0.00871	0.00276	0.00723	0.02985	0.00726	0.01131
5	0.01834	0.15662	0.30210	0.02323	0.08862	0.07598	0.08638	0.02436	0.01800	0.02368	0.02177	0.02390	0.08497	0.00895	0.00766	0.00240	0.01067	0.00739	0.00409	0.01087
6	0.06946	0.06067	0.37575	0.09287	0.07270	0.01869	0.02361	0.02767	0.06376	0.09412	0.01742	0.01941	0.01250	0.00816	0.00757	0.00254	0.01025	0.00648	0.00464	0.01170
7	0.02029	0.09455	0.02061	0.08780	0.06889	0.04476	0.01311	0.06161	0.01957	0.12794	0.07746	0.07963	0.02641	0.08582	0.01162	0.00303	0.00786	0.06533	0.00628	0.07743
8	0.01949	0.01830	0.08927	0.08345	0.08625	0.01663	0.05688	0.13341	0.10328	0.05253	0.05509	0.09696	0.02257	0.01093	0.00815	0.00253	0.00806	0.00953	0.08568	0.04099
9	0.01984	0.07328	0.27775	0.02428	0.13683	0.01741	0.05191	0.02595	0.01805	0.09902	0.01652	0.01873	0.01231	0.00744	0.00738	0.00220	0.00961	0.00627	0.00461	0.17060

[dist]
# distance from previous block
# <min> <max>
23	54

[block]
# block no. 2 follows, 23 sequences, length 147
# corresponding to MSA columns:
# 417-563
name=unknown_C
#
# <colnr> <probs for GDERKNQSTAVLIFYWHMCP>
#	G	D	E	R	K	N	Q	S	T	A	V	L	I	F	Y	W	H	M	C	P
0	0.02062	0.05017	0.12456	0.06148	0.02475	0.01763	0.01542	0.11189	0.19082	0.08699	0.02588	0.05879	0.04248	0.03210	0.00891	0.00261	0.00792	0.00850	0.00652	0.10195
1	0.14778	0.05855	0.02278	0.04845	0.02390	0.01802	0.08146	0.17679	0.02335	0.14993	0.06700	0.05603	0.01999	0.00987	0.00767	0.00243	0.00795	0.00818	0.00683	0.06304
2	0.05464	0.01645	0.04468	0.12183	0.10893	0.01592	0.01549	0.11515	0.05719	0.15839	0.02355	0.10846	0.01960	0.01070	0.00802	0.00249	0.00790	0.00910	0.00656	0.09496
3	0.27198	0.01773	0.02035	0.08427	0.06255	0.01949	0.04348	0.22528	0.02295	0.03683	0.01851	0.02073	0.04071	0.01089	0.03380	0.00287	0.00866	0.00681	0.00588	0.04623
4	0.05457	0.01829	0.04751	0.01606	0.02196	0.01808	0.01347	0.20800	0.18824	0.21102	0.06220	0.02637	0.02150	0.01020	0.00802	0.00249	0.00734	0.00816	0.00825	0.04827
5	0.02447	0.01884	0.06295	0.04595	0.02371	0.04238	0.01379	0.11669	0.14871	0.18114	0.02291	0.02257	0.01648	0.00878	0.00752	0.00219	0.00766	0.00702	0.00702	0.21922
6	0.01820	0.01336	0.01608	0.01207	0.01830	0.01041	0.00958	0.02167	0.01816	0.10103	0.08661	0.05443	0.02173	0.00849	0.00684	0.00159	0.00582	0.00708	0.00598	0.56257
7	0.01855	0.01533	0.01981	0.06091	0.05876	0.01285	0.03477	0.05081	0.01826	0.05657	0.01558	0.01813	0.01245	0.00661	0.00659	0.00154	0.00699	0.00555	0.00505	0.57489
8	0.05740	0.04544	0.01847	0.01343	0.01963	0.01460	0.01087	0.10440	0.07604	0.09498	0.04698	0.04653	0.01826	0.00862	0.00693	0.00185	0.00650	0.00691	0.00630	0.39585
9	0.01200	0.00874	0.01127	0.04090	0.01476	0.00847	0.00867	0.04979	0.01705	0.02329	0.03938	0.56852	0.04560	0.02192	0.00967	0.00304	0.00525	0.01971	0.04266	0.04934
10	0.12800	0.01543	0.01741	0.01434	0.01960	0.01590	0.01157	0.11926	0.16400	0.27371	0.07251	0.03032	0.06060	0.01094	0.00793	0.00257	0.00663	0.00873	0.00847	0.01209
11	0.02737	0.02137	0.02232	0.05060	0.02478	0.06172	0.01461	0.46982	0.06780	0.04368	0.04741	0.02390	0.01780	0.05694	0.01035	0.00281	0.00893	0.00790	0.00749	0.01240
12	0.01479	0.01136	0.01483	0.01404	0.01575	0.04427	0.01096	0.01746	0.01451	0.06279	0.04837	0.03154	0.02165	0.07903	0.47869	0.01014	0.08837	0.00873	0.00486	0.00786
13	0.01946	0.08531	0.41851	0.02681	0.14368	0.05151	0.04545	0.02671	0.01807	0.06801	0.01557	0.01808	0.01147	0.00773	0.00765	0.00246	0.01118	0.00631	0.00403	0.01199
14	0.01330	0.00985	0.01372	0.01311	0.01519	0.01106	0.01026	0.05649	0.01509	0.02190	0.02145	0.03024	0.01947	0.05236	0.57291	0.01123	0.01927	0.00836	0.04018	0.04456
15	0.01710	0.01507	0.01919	0.05166	0.02277	0.01242	0.04773	0.02229	0.05910	0.02660	0.01578	0.01829	0.01282	0.00651	0.00649	0.00148	0.00676	0.00552	0.00493	0.62750
16	0.02400	0.07950	0.02178	0.04690	0.02263	0.02026	0.01338	0.29040	0.13927	0.08176	0.09101	0.06127	0.04921	0.01154	0.00820	0.00251	0.00750	0.00933	0.00769	0.01187
17	0.01137	0.00814	0.01039	0.01168	0.01253	0.00789	0.00794	0.05304	0.01687	0.02251	0.04217	0.63359	0.04991	0.05583	0.01162	0.00345	0.00513	0.02150	0.00745	0.00699
18	0.01683	0.01442	0.01683	0.01202	0.01923	0.01082	0.00961	0.02043	0.01683	0.02644	0.01442	0.01683	0.01202	0.00601	0.00601	0.00120	0.00601	0.00481	0.00481	0.76444
19	0.00978	0.00815	0.00854	0.00860	0.01112	0.00691	0.00639	0.01195	0.01870	0.02280	0.13187	0.11860	0.56769	0.02052	0.00964	0.00276	0.00412	0.01730	0.00766	0.00691
20	0.02123	0.01646	0.01767	0.01574	0.02029	0.01864	0.01229	0.04120	0.55397	0.08794	0.03250	0.03005	0.02411	0.01082	0.00808	0.00267	0.00629	0.00898	0.05851	0.01257
21	0.01940	0.01847	0.03137	0.04724	0.62073	0.01843	0.02374	0.02400	0.01828	0.02612	0.01723	0.06604	0.01557	0.00844	0.00819	0.00247	0.00931	0.00829	0.00425	0.01244
22	0.02765	0.16865	0.02629	0.01866	0.02332	0.41973	0.01492	0.05750	0.02150	0.06440	0.01422	0.01629	0.01168	0.01081	0.03729	0.00261	0.04434	0.00558	0.00459	0.00998
23	0.01529	0.01424	0.02384	0.61928	0.08160	0.01740	0.02165	0.02057	0.01678	0.02179	0.05749	0.02416	0.01529	0.00864	0.00821	0.00268	0.01030	0.00771	0.00398	0.00910
24	0.01817	0.02293	0.12866	0.07058	0.06762	0.01937	0.41860	0.02428	0.01781	0.02459	0.01559	0.02114	0.01201	0.00879	0.01137	0.05346	0.04206	0.00856	0.00391	0.01048
25	0.01749	0.03425	0.44592	0.03023	0.16269	0.01920	0.12408	0.02558	0.01772	0.02591	0.01499	0.01847	0.01112	0.00748	0.00807	0.00256	0.01178	0.00681	0.00365	0.01200
26	0.00989	0.00706	0.00942	0.01130	0.01177	0.00659	0.00753	0.01130	0.01554	0.02071	0.04472	0.70954	0.05367	0.02542	0.01036	0.00330	0.00471	0.02307	0.00753	0.00659
27	0.01011	0.00824	0.00894	0.00876	0.01128	0.00707	0.00657	0.01265	0.01972	0.02483	0.24046	0.07330	0.50085	0.01946	0.00958	0.00269	0.00403	0.01645	0.00792	0.00707
28	0.03085	0.02273	0.02435	0.01867	0.02516	0.02516	0.01542	0.63716	0.03815	0.05114	0.01948	0.01948	0.01380	0.00974	0.00812	0.00244	0.00893	0.00731	0.00812	0.01380
29	0.01026	0.00722	0.00930	0.01082	0.01120	0.00684	0.00702	0.01140	0.01480	0.01974	0.04097	0.58097	0.04893	0.16044	0.01642	0.00419	0.00533	0.02086	0.00702	0.00626
30	0.00973	0.00823	0.00841	0.00836	0.01104	0.00691	0.00627	0.01191	0.01882	0.02269	0.12407	0.07682	0.61857	0.02026	0.00959	0.00273	0.00409	0.01695	0.00764	0.00691
31	0.01627	0.04197	0.67279	0.02313	0.03512	0.01884	0.02998	0.02570	0.01713	0.02570	0.01456	0.01713	0.01028	0.00771	0.00771	0.00257	0.01199	0.00600	0.00343	0.01199
32	0.02982	0.03607	0.02322	0.02069	0.02493	0.58412	0.01574	0.09581	0.02414	0.02315	0.01319	0.01528	0.01081	0.00876	0.00824	0.00219	0.04388	0.00553	0.00457	0.00985
33	0.03033	0.03796	0.02305	0.02080	0.02509	0.65299	0.01567	0.05934	0.02367	0.02125	0.01285	0.01485	0.01060	0.00842	0.00735	0.00211	0.01438	0.00532	0.00436	0.00960
34	0.03085	0.02273	0.02435	0.01867	0.02516	0.02516	0.01542	0.63716	0.03815	0.05114	0.01948	0.01948	0.01380	0.00974	0.00812	0.00244	0.00893	0.00731	0.00812	0.01380
35	0.01148	0.00829	0.01085	0.01021	0.01212	0.00766	0.00766	0.01531	0.02297	0.03254	0.65994	0.06061	0.07656	0.01659	0.00957	0.00255	0.00383	0.01467	0.00893	0.00766
36	0.01135	0.00824	0.01069	0.01019	0.01207	0.00758	0.00760	0.01500	0.02248	0.03163	0.61189	0.09014	0.09642	0.01712	0.00961	0.00259	0.00388	0.01514	0.00882	0.00758
37	0.00959	0.00822	0.00822	0.00822	0.01096	0.00685	0.00617	0.01165	0.01850	0.02192	0.08220	0.07809	0.66092	0.02055	0.00959	0.00274	0.00411	0.01713	0.00754	0.00685
38	0.01005	0.00824	0.00885	0.00870	0.01124	0.00704	0.00652	0.01253	0.01957	0.02448	0.22126	0.07388	0.52027	0.01960	0.00959	0.00269	0.00404	0.01654	0.00787	0.00704
39	0.01567	0.01510	0.02646	0.63564	0.05467	0.01825	0.07781	0.02121	0.01649	0.02121	0.01460	0.02166	0.01095	0.00800	0.00824	0.00271	0.01108	0.00742	0.00365	0.00919
40	0.77215	0.01569	0.01193	0.01067	0.01569	0.01820	0.00879	0.02385	0.01381	0.03641	0.01130	0.01318	0.00879	0.00753	0.00502	0.00251	0.00628	0.00439	0.00502	0.00879
41	0.03548	0.01354	0.01834	0.01414	0.02022	0.01174	0.01165	0.03865	0.02295	0.64198	0.03177	0.02773	0.02012	0.01002	0.00805	0.00248	0.00677	0.00813	0.04270	0.01354
42	0.02018	0.01743	0.01835	0.01651	0.02110	0.02018	0.01284	0.04312	0.64956	0.03394	0.03303	0.03027	0.02477	0.01101	0.00826	0.00275	0.00642	0.00917	0.00826	0.01284
43	0.77215	0.01569	0.01193	0.01067	0.01569	0.01820	0.00879	0.02385	0.01381	0.03641	0.01130	0.01318	0.00879	0.00753	0.00502	0.00251	0.00628	0.00439	0.00502	0.00879
44	0.03085	0.02273	0.02435	0.01867	0.02516	0.02516	0.01542	0.63716	0.03815	0.05114	0.01948	0.01948	0.01380	0.00974	0.00812	0.00244	0.00893	0.00731	0.00812	0.01380
45	0.77215	0.01569	0.01193	0.01067	0.01569	0.01820	0.00879	0.02385	0.01381	0.03641	0.01130	0.01318	0.00879	0.00753	0.00502	0.00251	0.00628	0.00439	0.00502	0.00879
46	0.02008	0.01928	0.03294	0.04981	0.66422	0.01928	0.02490	0.02490	0.01848	0.02651	0.01526	0.02008	0.01285	0.00723	0.00803	0.00241	0.00964	0.00723	0.00402	0.01285
47	0.02192	0.01860	0.01951	0.01764	0.02229	0.02097	0.01353	0.04358	0.63030	0.03524	0.03431	0.03248	0.02616	0.01218	0.00902	0.00309	0.00706	0.00968	0.00878	0.01368
48	0.02018	0.01743	0.01835	0.01651	0.02110	0.02018	0.01284	0.04312	0.64956	0.03394	0.03303	0.03027	0.02477	0.01101	0.00826	0.00275	0.00642	0.00917	0.00826	0.01284
49	0.01915	0.02189	0.04788	0.03420	0.04241	0.02052	0.63475	0.02599	0.01915	0.02599	0.01642	0.02189	0.01231	0.00684	0.00958	0.00274	0.01368	0.00958	0.00410	0.01094
50	0.00996	0.00712	0.00948	0.01125	0.01178	0.00664	0.00754	0.01148	0.01587	0.02124	0.07213	0.68063	0.05469	0.02503	0.01032	0.00326	0.00467	0.02269	0.00759	0.00664
51	0.01683	0.01442	0.01683	0.01202	0.01923	0.01082	0.00961	0.02043	0.01683	0.02644	0.01442	0.01683	0.01202	0.00601	0.00601	0.00120	0.00601	0.00481	0.00481	0.76444
52	0.01915	0.02189	0.04788	0.03420	0.04241	0.02052	0.63475	0.02599	0.01915	0.02599	0.01642	0.02189	0.01231	0.00684	0.00958	0.00274	0.01368	0.00958	0.00410	0.01094
53	0.01171	0.00823	0.01067	0.01067	0.01129	0.00885	0.00718	0.01297	0.01234	0.01708	0.02391	0.04390	0.02551	0.43142	0.31925	0.01011	0.01388	0.01045	0.00467	0.00593
54	0.00967	0.00822	0.00833	0.00831	0.01101	0.00688	0.00623	0.01180	0.01869	0.02238	0.10696	0.07734	0.63588	0.02038	0.00959	0.00273	0.00410	0.01702	0.00759	0.00688
55	0.01004	0.00717	0.00959	0.01147	0.01201	0.00672	0.00780	0.01156	0.01569	0.02089	0.04464	0.67971	0.05333	0.02528	0.01040	0.00332	0.00484	0.05138	0.00753	0.00663
56	0.02169	0.71972	0.04252	0.01388	0.02083	0.03211	0.01388	0.02430	0.01649	0.01909	0.01128	0.01302	0.01041	0.00694	0.00521	0.00174	0.00868	0.00434	0.00347	0.01041
57	0.01502	0.01373	0.01961	0.01763	0.01828	0.01832	0.01437	0.01729	0.01270	0.01922	0.01557	0.02402	0.01493	0.03491	0.31788	0.00776	0.39888	0.00781	0.00390	0.00815
58	0.01189	0.00913	0.01362	0.01344	0.01482	0.01086	0.01051	0.01473	0.01301	0.01887	0.02119	0.03119	0.01982	0.05859	0.65074	0.01258	0.05475	0.00862	0.00431	0.00732
59	0.02778	0.02945	0.02173	0.05676	0.02531	0.41552	0.01522	0.11910	0.02395	0.07314	0.01747	0.02224	0.01441	0.01298	0.05278	0.00303	0.01307	0.04060	0.00536	0.01010
60	0.06171	0.10036	0.57773	0.02157	0.03270	0.01998	0.02730	0.02546	0.01688	0.02575	0.01408	0.01653	0.01020	0.00763	0.00733	0.00249	0.01136	0.00575	0.00353	0.01166
61	0.02013	0.02000	0.03275	0.10008	0.54198	0.05153	0.06491	0.02500	0.01856	0.02568	0.01514	0.02006	0.01253	0.00733	0.00811	0.00244	0.01025	0.00729	0.00400	0.01224
62	0.11155	0.05687	0.02280	0.05280	0.04784	0.44442	0.01544	0.05225	0.05082	0.02376	0.01368	0.01599	0.01117	0.00859	0.00794	0.00227	0.04189	0.00561	0.00452	0.00978
63	0.06309	0.01471	0.01845	0.01596	0.05075	0.01426	0.01220	0.09942	0.09419	0.37666	0.09973	0.03158	0.05012	0.01099	0.00823	0.00254	0.00673	0.00903	0.00889	0.01248
64	0.01979	0.01606	0.01827	0.01396	0.02013	0.01486	0.01120	0.15229	0.07209	0.03193	0.01833	0.04395	0.01516	0.00831	0.00753	0.00177	0.03178	0.00652	0.03012	0.46596
65	0.01513	0.00756	0.00756	0.00756	0.00945	0.00756	0.00567	0.01891	0.01702	0.03025	0.02647	0.03025	0.02080	0.00945	0.00567	0.00189	0.00378	0.00756	0.75988	0.00756
66	0.02824	0.03406	0.02423	0.06884	0.09600	0.52904	0.01711	0.06535	0.02292	0.02242	0.01336	0.01596	0.01093	0.00830	0.00749	0.00219	0.01351	0.00569	0.00435	0.01000
67	0.00997	0.00786	0.00900	0.00951	0.01139	0.00689	0.00683	0.01209	0.01822	0.02314	0.15743	0.27779	0.37810	0.02151	0.00983	0.00289	0.00426	0.01866	0.00775	0.00689
68	0.01410	0.00887	0.01169	0.01065	0.01303	0.00811	0.00811	0.01786	0.02300	0.09952	0.59394	0.05714	0.07063	0.01590	0.00942	0.00255	0.00415	0.01399	0.00905	0.00830
69	0.01148	0.00829	0.01085	0.01021	0.01212	0.00766	0.00766	0.01531	0.02297	0.03254	0.65994	0.06061	0.07656	0.01659	0.00957	0.00255	0.00383	0.01467	0.00893	0.00766
70	0.02018	0.01743	0.01835	0.01651	0.02110	0.02018	0.01284	0.04312	0.64956	0.03394	0.03303	0.03027	0.02477	0.01101	0.00826	0.00275	0.00642	0.00917	0.00826	0.01284
71	0.01915	0.02189	0.04788	0.03420	0.04241	0.02052	0.63475	0.02599	0.01915	0.02599	0.01642	0.02189	0.01231	0.00684	0.00958	0.00274	0.01368	0.00958	0.00410	0.01094
72	0.01683	0.01442	0.01683	0.01202	0.01923	0.01082	0.00961	0.02043	0.01683	0.02644	0.01442	0.01683	0.01202	0.00601	0.00601	0.00120	0.00601	0.00481	0.00481	0.76444
73	0.01532	0.01442	0.02434	0.69533	0.05589	0.01803	0.02253	0.02073	0.01622	0.02073	0.01442	0.02163	0.01082	0.00811	0.00811	0.00270	0.01082	0.00721	0.00361	0.00901
74	0.01982	0.01901	0.03246	0.08572	0.63037	0.01921	0.02477	0.02467	0.01835	0.02619	0.01522	0.02017	0.01274	0.00728	0.00804	0.00243	0.00971	0.00723	0.00399	0.01264
75	0.00959	0.00822	0.00822	0.00822	0.01096	0.00685	0.00617	0.01165	0.01850	0.02192	0.08220	0.07809	0.66092	0.02055	0.00959	0.00274	0.00411	0.01713	0.00754	0.00685
76	0.70407	0.01552	0.01256	0.01102	0.01616	0.01762	0.00908	0.02530	0.01468	0.09502	0.01322	0.01452	0.00983	0.00776	0.00531	0.00251	0.00633	0.00474	0.00549	0.00925
77	0.03641	0.01381	0.01883	0.01444	0.02071	0.01193	0.01193	0.03954	0.02322	0.66984	0.03201	0.02762	0.02009	0.01004	0.00816	0.00251	0.00690	0.00816	0.01004	0.01381
78	0.02214	0.01800	0.01903	0.01629	0.02123	0.02025	0.01290	0.20900	0.41156	0.03762	0.03416	0.03205	0.08615	0.01162	0.00835	0.00266	0.00690	0.00945	0.00814	0.01251
79	0.05962	0.02246	0.02387	0.01836	0.02480	0.02489	0.01517	0.61336	0.03721	0.05057	0.01916	0.01924	0.01360	0.00965	0.00800	0.00244	0.00883	0.00719	0.00800	0.01360
80	0.00959	0.00822	0.00822	0.00822	0.01096	0.00685	0.00617	0.01165	0.01850	0.02192	0.08220	0.07809	0.66092	0.02055	0.00959	0.00274	0.00411	0.01713	0.00754	0.00685
81	0.03641	0.01381	0.01883	0.01444	0.02071	0.01193	0.01193	0.03954	0.02322	0.66984	0.03201	0.02762	0.02009	0.01004	0.00816	0.00251	0.00690	0.00816	0.01004	0.01381
82	0.01532	0.01442	0.02434	0.69533	0.05589	0.01803	0.02253	0.02073	0.01622	0.02073	0.01442	0.02163	0.01082	0.00811	0.00811	0.00270	0.01082	0.00721	0.00361	0.00901
83	0.01409	0.00705	0.01057	0.01057	0.01057	0.00705	0.00705	0.01057	0.01057	0.01409	0.01409	0.02467	0.01409	0.02819	0.03171	0.76392	0.00705	0.00705	0.00352	0.00352
84	0.01148	0.00829	0.01085	0.01021	0.01212	0.00766	0.00766	0.01531	0.02297	0.03254	0.65994	0.06061	0.07656	0.01659	0.00957	0.00255	0.00383	0.01467	0.00893	0.00766
85	0.03608	0.01434	0.01916	0.01469	0.02098	0.01271	0.01213	0.07509	0.02411	0.63304	0.03127	0.02713	0.01971	0.01003	0.00816	0.00251	0.00702	0.00811	0.00993	0.01381
86	0.02184	0.01739	0.02605	0.23948	0.09869	0.01932	0.08317	0.11001	0.12156	0.10976	0.02037	0.02314	0.01496	0.00915	0.00932	0.00267	0.04790	0.00790	0.00585	0.01145
87	0.01805	0.02955	0.28627	0.02998	0.03963	0.01988	0.40404	0.02588	0.01838	0.02588	0.01571	0.02007	0.01154	0.00717	0.00886	0.00267	0.01304	0.00821	0.00385	0.01134
88	0.01531	0.01404	0.02340	0.65706	0.05330	0.01745	0.02160	0.02063	0.01627	0.02126	0.01509	0.02211	0.01137	0.00819	0.00798	0.00266	0.01043	0.00723	0.04569	0.00893
89	0.01981	0.01900	0.03244	0.08667	0.62948	0.01921	0.02477	0.02466	0.01835	0.02618	0.01521	0.02017	0.01274	0.00728	0.00804	0.00243	0.00971	0.00723	0.00399	0.01263
90	0.01606	0.00846	0.00856	0.00822	0.01039	0.00861	0.00625	0.05568	0.01827	0.03149	0.02605	0.02961	0.02038	0.00947	0.00582	0.00192	0.00409	0.00755	0.71517	0.00793
91	0.01967	0.01623	0.01722	0.01548	0.01993	0.01831	0.01204	0.03939	0.55095	0.05983	0.03857	0.03560	0.09691	0.01205	0.00840	0.00274	0.00618	0.01003	0.00825	0.01220
92	0.01013	0.00708	0.00933	0.01113	0.01166	0.00664	0.00745	0.01165	0.01560	0.02115	0.04389	0.67854	0.05217	0.02469	0.01014	0.00323	0.00467	0.02236	0.04186	0.00664
93	0.77215	0.01569	0.01193	0.01067	0.01569	0.01820	0.00879	0.02385	0.01381	0.03641	0.01130	0.01318	0.00879	0.00753	0.00502	0.00251	0.00628	0.00439	0.00502	0.00879
94	0.02986	0.09782	0.02631	0.01815	0.02470	0.02591	0.01526	0.57113	0.03582	0.04769	0.01860	0.01878	0.01343	0.00944	0.00780	0.00236	0.00890	0.00699	0.00762	0.01343
95	0.01016	0.00726	0.00971	0.01150	0.01212	0.00681	0.00791	0.01181	0.01601	0.02138	0.06682	0.64492	0.05403	0.02490	0.01039	0.00330	0.00486	0.06186	0.00758	0.00669
96	0.01148	0.00829	0.01085	0.01021	0.01212	0.00766	0.00766	0.01531	0.02297	0.03254	0.65994	0.06061	0.07656	0.01659	0.00957	0.00255	0.00383	0.01467	0.00893	0.00766
97	0.77215	0.01569	0.01193	0.01067	0.01569	0.01820	0.00879	0.02385	0.01381	0.03641	0.01130	0.01318	0.00879	0.00753	0.00502	0.00251	0.00628	0.00439	0.00502	0.00879
98	0.01171	0.00866	0.01286	0.01286	0.01432	0.01006	0.00999	0.01464	0.01317	0.01922	0.02189	0.03182	0.02030	0.05913	0.65999	0.01267	0.02113	0.00866	0.02967	0.00726
99	0.01915	0.02189	0.04788	0.03420	0.04241	0.02052	0.63475	0.02599	0.01915	0.02599	0.01642	0.02189	0.01231	0.00684	0.00958	0.00274	0.01368	0.00958	0.00410	0.01094
100	0.01141	0.00829	0.01074	0.01013	0.01208	0.00762	0.00760	0.01517	0.02279	0.03212	0.63708	0.06130	0.09968	0.01675	0.00957	0.00256	0.00384	0.01477	0.00888	0.00762
101	0.69627	0.01600	0.01294	0.01129	0.01646	0.01829	0.00930	0.05872	0.01561	0.06704	0.01273	0.01421	0.00960	0.00777	0.00534	0.00251	0.00645	0.00473	0.00543	0.00930
102	0.00989	0.00706	0.00942	0.01130	0.01177	0.00659	0.00753	0.01130	0.01554	0.02071	0.04472	0.70954	0.05367	0.02542	0.01036	0.00330	0.00471	0.02307	0.00753	0.00659
103	0.01716	0.08382	0.53672	0.02391	0.06406	0.01990	0.05361	0.02655	0.05243	0.02577	0.01548	0.01793	0.01131	0.00778	0.00767	0.00252	0.01142	0.00628	0.00376	0.01193
104	0.02008	0.01928	0.03294	0.04981	0.66422	0.01928	0.02490	0.02490	0.01848	0.02651	0.01526	0.02008	0.01285	0.00723	0.00803	0.00241	0.00964	0.00723	0.00402	0.01285
105	0.01307	0.00964	0.01370	0.01603	0.05427	0.00951	0.01258	0.01677	0.01925	0.02565	0.14663	0.11209	0.05012	0.02066	0.01070	0.00343	0.00684	0.44375	0.00752	0.00778
106	0.03641	0.01381	0.01883	0.01444	0.02071	0.01193	0.01193	0.03954	0.02322	0.66984	0.03201	0.02762	0.02009	0.01004	0.00816	0.00251	0.00690	0.00816	0.01004	0.01381
107	0.02187	0.01827	0.01930	0.01685	0.02174	0.02097	0.01325	0.13696	0.55297	0.03666	0.03089	0.02857	0.02304	0.01081	0.00823	0.00270	0.00682	0.00888	0.00823	0.01299
108	0.01690	0.11999	0.60024	0.02206	0.03347	0.02037	0.02813	0.02554	0.01706	0.02494	0.01418	0.01666	0.01029	0.00762	0.00742	0.00247	0.01161	0.00581	0.00343	0.01181
109	0.01780	0.01807	0.02748	0.05532	0.02540	0.02403	0.08901	0.02033	0.01338	0.02033	0.01150	0.01842	0.01085	0.01306	0.02377	0.00342	0.58771	0.00739	0.00362	0.00912
110	0.02018	0.01743	0.01835	0.01651	0.02110	0.02018	0.01284	0.04312	0.64956	0.03394	0.03303	0.03027	0.02477	0.01101	0.00826	0.00275	0.00642	0.00917	0.00826	0.01284
111	0.01642	0.01602	0.02855	0.52737	0.12878	0.01852	0.10496	0.02195	0.01689	0.02215	0.01479	0.02148	0.01127	0.00783	0.00830	0.00267	0.01106	0.00753	0.00372	0.00974
112	0.00989	0.00706	0.00942	0.01130	0.01177	0.00659	0.00753	0.01130	0.01554	0.02071	0.04472	0.70954	0.05367	0.02542	0.01036	0.00330	0.00471	0.02307	0.00753	0.00659
113	0.00959	0.00822	0.00822	0.00822	0.01096	0.00685	0.00617	0.01165	0.01850	0.02192	0.08220	0.07809	0.66092	0.02055	0.00959	0.00274	0.00411	0.01713	0.00754	0.00685
114	0.01159	0.00869	0.01304	0.01304	0.01449	0.01014	0.01014	0.01449	0.01304	0.01884	0.02173	0.03188	0.02029	0.06086	0.68268	0.01304	0.02173	0.00869	0.00435	0.00724
115	0.01271	0.00910	0.01256	0.01384	0.01572	0.00895	0.01182	0.01646	0.01968	0.02620	0.18640	0.08434	0.05364	0.02106	0.01083	0.00346	0.00662	0.47129	0.00781	0.00751
116	0.02018	0.01743	0.01835	0.01651	0.02110	0.02018	0.01284	0.04312	0.64956	0.03394	0.03303	0.03027	0.02477	0.01101	0.00826	0.00275	0.00642	0.00917	0.00826	0.01284
117	0.02018	0.01743	0.01835	0.01651	0.02110	0.02018	0.01284	0.04312	0.64956	0.03394	0.03303	0.03027	0.02477	0.01101	0.00826	0.00275	0.00642	0.00917	0.00826	0.01284
118	0.77215	0.01569	0.01193	0.01067	0.01569	0.01820	0.00879	0.02385	0.01381	0.03641	0.01130	0.01318	0.00879	0.00753	0.00502	0.00251	0.00628	0.00439	0.00502	0.00879
119	0.01148	0.00829	0.01085	0.01021	0.01212	0.00766	0.00766	0.01531	0.02297	0.03254	0.65994	0.06061	0.07656	0.01659	0.00957	0.00255	0.00383	0.01467	0.00893	0.00766
120	0.00989	0.00706	0.00942	0.01130	0.01177	0.00659	0.00753	0.01130	0.01554	0.02071	0.04472	0.70954	0.05367	0.02542	0.01036	0.00330	0.00471	0.02307	0.00753	0.00659
121	0.00989	0.00706	0.00942	0.01130	0.01177	0.00659	0.00753	0.01130	0.01554	0.02071	0.04472	0.70954	0.05367	0.02542	0.01036	0.00330	0.00471	0.02307	0.00753	0.00659
122	0.01880	0.02217	0.07480	0.03268	0.04071	0.01987	0.58027	0.02532	0.01869	0.02547	0.01623	0.02179	0.01230	0.00779	0.01044	0.03533	0.01332	0.00930	0.00405	0.01067
123	0.02008	0.01928	0.03294	0.04981	0.66422	0.01928	0.02490	0.02490	0.01848	0.02651	0.01526	0.02008	0.01285	0.00723	0.00803	0.00241	0.00964	0.00723	0.00402	0.01285
124	0.00996	0.00712	0.00948	0.01125	0.01178	0.00664	0.00754	0.01147	0.01586	0.02123	0.07152	0.68127	0.05466	0.02504	0.01032	0.00326	0.00467	0.02270	0.00759	0.00664
125	0.01148	0.00829	0.01085	0.01021	0.01212	0.00766	0.00766	0.01531	0.02297	0.03254	0.65994	0.06061	0.07656	0.01659	0.00957	0.00255	0.00383	0.01467	0.00893	0.00766
126	0.15896	0.01861	0.02003	0.07109	0.02396	0.06300	0.03762	0.24534	0.05349	0.08852	0.02128	0.08337	0.01786	0.04973	0.00962	0.00286	0.00845	0.00855	0.00671	0.01092
127	0.03369	0.01411	0.01851	0.01435	0.02031	0.01268	0.01180	0.08933	0.02431	0.56045	0.06042	0.03051	0.04944	0.01075	0.00828	0.00252	0.00683	0.00875	0.00972	0.01324
128	0.02008	0.01928	0.03294	0.04981	0.66422	0.01928	0.02490	0.02490	0.01848	0.02651	0.01526	0.02008	0.01285	0.00723	0.00803	0.00241	0.00964	0.00723	0.00402	0.01285
129	0.02420	0.01670	0.01830	0.04784	0.02125	0.01832	0.01237	0.31376	0.11649	0.06930	0.02378	0.02466	0.01755	0.00977	0.00742	0.00234	0.00706	0.00768	0.22962	0.01159
130	0.00989	0.00706	0.00942	0.01130	0.01177	0.00659	0.00753	0.01130	0.01554	0.02071	0.04472	0.70954	0.05367	0.02542	0.01036	0.00330	0.00471	0.02307	0.00753	0.00659
131	0.01956	0.01734	0.01757	0.01590	0.02030	0.04302	0.01232	0.03979	0.56795	0.03231	0.03686	0.03416	0.08354	0.01180	0.00835	0.00273	0.00650	0.00977	0.00804	0.01216
132	0.01627	0.04197	0.67279	0.02313	0.03512	0.01884	0.02998	0.02570	0.01713	0.02570	0.01456	0.01713	0.01028	0.00771	0.00771	0.00257	0.01199	0.00600	0.00343	0.01199
133	0.01170	0.00826	0.01084	0.01084	0.01153	0.00895	0.00740	0.01308	0.01239	0.01721	0.02374	0.04301	0.02512	0.40377	0.34637	0.01033	0.01446	0.01032	0.00465	0.00602
134	0.02754	0.02109	0.02249	0.01800	0.02390	0.02362	0.01462	0.45304	0.22765	0.04581	0.02368	0.02283	0.01720	0.01013	0.00816	0.00253	0.00815	0.00788	0.00816	0.01350
135	0.01775	0.01775	0.02485	0.02130	0.02130	0.02485	0.01775	0.01953	0.01243	0.01953	0.01065	0.01775	0.01065	0.01420	0.02663	0.00355	0.69998	0.00710	0.00355	0.00888
136	0.00970	0.00822	0.00837	0.00833	0.01103	0.00690	0.00625	0.01185	0.01875	0.02253	0.11519	0.07709	0.62756	0.02032	0.00959	0.00273	0.00409	0.01699	0.00761	0.00690
137	0.01180	0.00787	0.00885	0.00885	0.00885	0.00787	0.00492	0.01180	0.01180	0.01573	0.02557	0.05310	0.02950	0.71483	0.04130	0.00787	0.00787	0.01180	0.00492	0.00492
138	0.01027	0.00819	0.00919	0.00906	0.01140	0.00712	0.00675	0.01291	0.01991	0.02557	0.28191	0.10273	0.42751	0.01941	0.00962	0.00270	0.00404	0.01656	0.00802	0.00712
139	0.02169	0.71972	0.04252	0.01388	0.02083	0.03211	0.01388	0.02430	0.01649	0.01909	0.01128	0.01302	0.01041	0.00694	0.00521	0.00174	0.00868	0.00434	0.00347	0.01041
140	0.01627	0.04197	0.67279	0.02313	0.03512	0.01884	0.02998	0.02570	0.01713	0.02570	0.01456	0.01713	0.01028	0.00771	0.00771	0.00257	0.01199	0.00600	0.00343	0.01199
141	0.01140	0.00829	0.01073	0.01012	0.01207	0.00762	0.00759	0.01514	0.02276	0.03205	0.63350	0.06141	0.10330	0.01677	0.00957	0.00256	0.00384	0.01479	0.00887	0.00762
142	0.01789	0.01773	0.02448	0.02103	0.02129	0.02459	0.01747	0.02087	0.04881	0.02035	0.01193	0.01847	0.01146	0.01402	0.02558	0.00350	0.66038	0.00722	0.00382	0.00910
143	0.01636	0.04059	0.63579	0.02302	0.03433	0.01919	0.02928	0.02534	0.01686	0.02534	0.01434	0.01717	0.01030	0.00808	0.00879	0.00263	0.05128	0.00606	0.00343	0.01181
144	0.01520	0.01413	0.02369	0.65648	0.05365	0.01753	0.02199	0.02051	0.01637	0.02093	0.01605	0.02562	0.01287	0.00893	0.00829	0.00276	0.01063	0.04161	0.00383	0.00893
145	0.02234	0.01847	0.02006	0.05577	0.02401	0.02120	0.01398	0.17728	0.47399	0.03711	0.02888	0.02732	0.02147	0.01055	0.00822	0.00268	0.00724	0.00864	0.00796	0.01284
146	0.01636	0.03775	0.57914	0.02162	0.03236	0.01795	0.02711	0.04882	0.01856	0.02741	0.08105	0.02169	0.01723	0.00870	0.00792	0.00256	0.01103	0.00694	0.00418	0.01162

[dist]
# distance from previous block
# <min> <max>
0	7

[block]
# block no. 3 follows, 23 sequences, length 70
# corresponding to MSA columns:
# 571-640
name=unknown_D
#
# <colnr> <probs for GDERKNQSTAVLIFYWHMCP>
#	G	D	E	R	K	N	Q	S	T	A	V	L	I	F	Y	W	H	M	C	P
0	0.01178	0.00912	0.01173	0.01092	0.01278	0.00907	0.00835	0.01519	0.02143	0.02996	0.52478	0.05918	0.14939	0.01691	0.01108	0.00267	0.06540	0.01433	0.00827	0.00766
1	0.01058	0.00773	0.00995	0.01051	0.01185	0.00710	0.00746	0.01315	0.01918	0.02617	0.32626	0.35606	0.12199	0.02097	0.00993	0.00291	0.00425	0.01871	0.00817	0.00710
2	0.01559	0.01469	0.02482	0.65921	0.08992	0.01810	0.02267	0.02097	0.01635	0.02106	0.01447	0.02155	0.01093	0.00806	0.00811	0.00269	0.01075	0.00721	0.00363	0.00923
3	0.01998	0.08095	0.03334	0.07969	0.57618	0.02035	0.02381	0.02464	0.01819	0.02556	0.01487	0.01954	0.01253	0.00725	0.00779	0.00237	0.00961	0.00697	0.00395	0.01244
4	0.01069	0.00805	0.01075	0.01205	0.01245	0.00828	0.00829	0.01205	0.01505	0.02033	0.04064	0.61166	0.04851	0.06300	0.01353	0.00357	0.06634	0.02103	0.00703	0.00670
5	0.00986	0.00716	0.00931	0.01103	0.01170	0.00661	0.00741	0.01133	0.01580	0.02082	0.04804	0.65372	0.10735	0.02499	0.01029	0.00325	0.00465	0.02254	0.00753	0.00661
6	0.01846	0.01783	0.02497	0.12792	0.02810	0.05490	0.07572	0.07475	0.01651	0.02289	0.01442	0.02184	0.01293	0.05291	0.07648	0.00421	0.33412	0.00766	0.00419	0.00921
7	0.02817	0.02026	0.02204	0.01742	0.02307	0.02218	0.01411	0.51417	0.05556	0.07225	0.02292	0.08240	0.01853	0.03654	0.00952	0.00272	0.00835	0.00896	0.00804	0.01281
8	0.03036	0.03726	0.02311	0.02071	0.02509	0.62417	0.01566	0.08586	0.02433	0.02262	0.01316	0.01506	0.01075	0.00848	0.00739	0.00212	0.01413	0.00541	0.00453	0.00980
9	0.02899	0.02134	0.02303	0.01802	0.02398	0.02352	0.01473	0.58184	0.03615	0.04845	0.02171	0.08048	0.01732	0.01113	0.00832	0.00251	0.00856	0.00870	0.00807	0.01316
10	0.01641	0.01437	0.02247	0.51793	0.04611	0.01720	0.01962	0.07427	0.01769	0.02326	0.01546	0.02219	0.01206	0.01338	0.06509	0.03509	0.01117	0.00722	0.00412	0.04489
11	0.01319	0.01079	0.01521	0.01414	0.01572	0.01271	0.01108	0.01573	0.01317	0.01940	0.01936	0.02960	0.01851	0.09788	0.45369	0.00986	0.14308	0.00830	0.00429	0.07430
12	0.01109	0.00818	0.01037	0.01004	0.01194	0.00745	0.00745	0.01447	0.02171	0.03007	0.52801	0.12032	0.15297	0.01790	0.00964	0.00264	0.00394	0.01575	0.00862	0.00745
13	0.01975	0.01925	0.03380	0.08258	0.57706	0.01932	0.07869	0.02478	0.01842	0.02616	0.01532	0.02032	0.01270	0.00724	0.00817	0.00245	0.01006	0.00744	0.00400	0.01248
14	0.01063	0.00826	0.00966	0.00931	0.01160	0.00729	0.00698	0.01365	0.02094	0.02773	0.39839	0.06852	0.34111	0.01838	0.00958	0.00264	0.00396	0.01578	0.00830	0.00729
15	0.00959	0.00822	0.00822	0.00822	0.01096	0.00685	0.00617	0.01165	0.01850	0.02192	0.08220	0.07809	0.66092	0.02055	0.00959	0.00274	0.00411	0.01713	0.00754	0.00685
16	0.00989	0.00706	0.00942	0.01130	0.01177	0.00659	0.00753	0.01130	0.01554	0.02071	0.04472	0.70954	0.05367	0.02542	0.01036	0.00330	0.00471	0.02307	0.00753	0.00659
17	0.01308	0.00934	0.01308	0.01494	0.01681	0.00934	0.01308	0.01681	0.01868	0.02428	0.04296	0.09153	0.04670	0.02242	0.01121	0.00374	0.00747	0.60960	0.00747	0.00747
18	0.03085	0.02273	0.02435	0.01867	0.02516	0.02516	0.01542	0.63716	0.03815	0.05114	0.01948	0.01948	0.01380	0.00974	0.00812	0.00244	0.00893	0.00731	0.00812	0.01380
19	0.03641	0.01381	0.01883	0.01444	0.02071	0.01193	0.01193	0.03954	0.02322	0.66984	0.03201	0.02762	0.02009	0.01004	0.00816	0.00251	0.00690	0.00816	0.01004	0.01381
20	0.02186	0.01706	0.01840	0.01630	0.02106	0.01933	0.01275	0.04275	0.58481	0.09968	0.03292	0.03000	0.02429	0.01091	0.00825	0.00273	0.00647	0.00907	0.00844	0.01294
21	0.00959	0.00822	0.00822	0.00822	0.01096	0.00685	0.00617	0.01165	0.01850	0.02192	0.08220	0.07809	0.66092	0.02055	0.00959	0.00274	0.00411	0.01713	0.00754	0.00685
22	0.03031	0.03867	0.02299	0.02090	0.02508	0.68226	0.01568	0.03240	0.02299	0.01986	0.01254	0.01463	0.01045	0.00836	0.00732	0.00209	0.01463	0.00523	0.00418	0.00941
23	0.01513	0.00756	0.00756	0.00756	0.00945	0.00756	0.00567	0.01891	0.01702	0.03025	0.02647	0.03025	0.02080	0.00945	0.00567	0.00189	0.00378	0.00756	0.75988	0.00756
24	0.02271	0.01755	0.02569	0.18465	0.28449	0.04491	0.01965	0.05657	0.05233	0.15164	0.02193	0.02442	0.03950	0.00886	0.00812	0.00252	0.00917	0.00781	0.00565	0.01183
25	0.01707	0.03639	0.49913	0.02620	0.03714	0.01931	0.19804	0.02578	0.01769	0.02578	0.01508	0.01845	0.01084	0.00747	0.00823	0.00262	0.01246	0.00699	0.00361	0.01170
26	0.01170	0.00782	0.00888	0.00898	0.00901	0.00780	0.00506	0.01177	0.01200	0.01600	0.02660	0.08867	0.03081	0.67748	0.03962	0.00762	0.00770	0.01241	0.00506	0.00501
27	0.03641	0.01381	0.01883	0.01444	0.02071	0.01193	0.01193	0.03954	0.02322	0.66984	0.03201	0.02762	0.02009	0.01004	0.00816	0.00251	0.00690	0.00816	0.01004	0.01381
28	0.01676	0.10207	0.61690	0.02231	0.03385	0.02002	0.02855	0.02557	0.01707	0.02511	0.01427	0.01677	0.01029	0.00764	0.00749	0.00250	0.01170	0.00585	0.00343	0.01185
29	0.01159	0.00869	0.01304	0.01304	0.01449	0.01014	0.01014	0.01449	0.01304	0.01884	0.02173	0.03188	0.02029	0.06086	0.68268	0.01304	0.02173	0.00869	0.00435	0.00724
30	0.01180	0.00787	0.00885	0.00885	0.00885	0.00787	0.00492	0.01180	0.01180	0.01573	0.02557	0.05310	0.02950	0.71483	0.04130	0.00787	0.00787	0.01180	0.00492	0.00492
31	0.47801	0.01666	0.01574	0.01299	0.01855	0.01826	0.01071	0.14541	0.02044	0.16935	0.01713	0.01736	0.01208	0.00847	0.00626	0.00250	0.00692	0.00573	0.00665	0.01079
32	0.02159	0.01896	0.01908	0.01692	0.02164	0.05451	0.01320	0.09190	0.56669	0.03465	0.03085	0.02858	0.02313	0.01077	0.00820	0.00269	0.00705	0.00882	0.00804	0.01275
33	0.01638	0.01390	0.01636	0.01213	0.01883	0.01058	0.00970	0.01991	0.01686	0.02612	0.01694	0.04700	0.01526	0.00753	0.00642	0.00140	0.00603	0.03419	0.00504	0.69940
34	0.01059	0.00820	0.00964	0.00941	0.01160	0.00725	0.00701	0.01352	0.02065	0.02735	0.37890	0.10246	0.32669	0.01876	0.00962	0.00267	0.00400	0.01617	0.00826	0.00725
35	0.01504	0.01298	0.02104	0.50118	0.07382	0.01553	0.01876	0.01941	0.01593	0.02142	0.01769	0.06024	0.01508	0.03940	0.01046	0.03823	0.00945	0.00827	0.07757	0.00850
36	0.37686	0.04772	0.01864	0.01514	0.02039	0.16368	0.01221	0.17238	0.04874	0.03561	0.01444	0.01571	0.01108	0.00836	0.00640	0.00238	0.00880	0.00547	0.00566	0.01034
37	0.01834	0.01866	0.03473	0.15342	0.24984	0.01927	0.23945	0.02431	0.04028	0.02494	0.01721	0.05173	0.01441	0.00856	0.00971	0.00269	0.04835	0.00882	0.00426	0.01101
38	0.01279	0.00932	0.01258	0.01410	0.01597	0.00928	0.01192	0.01697	0.04285	0.02464	0.07786	0.14879	0.07432	0.02188	0.01085	0.00355	0.00681	0.47035	0.00759	0.00757
39	0.02932	0.03207	0.02258	0.01951	0.02432	0.44269	0.01507	0.21695	0.02740	0.02958	0.01857	0.01967	0.04787	0.00947	0.00769	0.00223	0.01229	0.00653	0.00558	0.01061
40	0.01683	0.01442	0.01683	0.01202	0.01923	0.01082	0.00961	0.02043	0.01683	0.02644	0.01442	0.01683	0.01202	0.00601	0.00601	0.00120	0.00601	0.00481	0.00481	0.76444
41	0.03641	0.01381	0.01883	0.01444	0.02071	0.01193	0.01193	0.03954	0.02322	0.66984	0.03201	0.02762	0.02009	0.01004	0.00816	0.00251	0.00690	0.00816	0.01004	0.01381
42	0.01210	0.00915	0.01345	0.01325	0.01463	0.01084	0.01036	0.01498	0.01319	0.01941	0.02134	0.03101	0.01977	0.05584	0.61426	0.01199	0.05884	0.00855	0.03969	0.00735
43	0.01148	0.00829	0.01085	0.01021	0.01212	0.00766	0.00766	0.01531	0.02297	0.03254	0.65994	0.06061	0.07656	0.01659	0.00957	0.00255	0.00383	0.01467	0.00893	0.00766
44	0.01179	0.00791	0.00904	0.00904	0.00911	0.00797	0.00516	0.01192	0.01186	0.01588	0.02539	0.05211	0.02907	0.68444	0.07111	0.00811	0.00851	0.01166	0.00489	0.00502
45	0.01627	0.04197	0.67279	0.02313	0.03512	0.01884	0.02998	0.02570	0.01713	0.02570	0.01456	0.01713	0.01028	0.00771	0.00771	0.00257	0.01199	0.00600	0.00343	0.01199
46	0.01148	0.00829	0.01085	0.01021	0.01212	0.00766	0.00766	0.01531	0.02297	0.03254	0.65994	0.06061	0.07656	0.01659	0.00957	0.00255	0.00383	0.01467	0.00893	0.00766
47	0.01699	0.09704	0.56943	0.02384	0.05841	0.02004	0.05356	0.02556	0.01721	0.02519	0.01439	0.01710	0.01047	0.00759	0.00759	0.00250	0.01169	0.00605	0.00348	0.01185
48	0.77215	0.01569	0.01193	0.01067	0.01569	0.01820	0.00879	0.02385	0.01381	0.03641	0.01130	0.01318	0.00879	0.00753	0.00502	0.00251	0.00628	0.00439	0.00502	0.00879
49	0.03301	0.01362	0.01857	0.01535	0.04228	0.01207	0.01202	0.03694	0.04408	0.56772	0.08902	0.03047	0.02517	0.01058	0.00829	0.00252	0.00670	0.00876	0.00967	0.01318
50	0.01835	0.01479	0.01727	0.01244	0.01958	0.01154	0.00999	0.05038	0.01812	0.05607	0.01544	0.01743	0.01246	0.00636	0.00620	0.00132	0.00619	0.00507	0.00520	0.69581
51	0.01160	0.00866	0.01285	0.01285	0.01423	0.01004	0.00990	0.01436	0.01298	0.01869	0.02191	0.03286	0.02071	0.09125	0.65287	0.01280	0.02109	0.00884	0.00437	0.00714
52	0.02992	0.01526	0.01864	0.01527	0.02087	0.01523	0.01229	0.04097	0.27356	0.41568	0.03242	0.02868	0.02196	0.01043	0.00820	0.00261	0.00671	0.00857	0.00933	0.01342
53	0.01080	0.00868	0.00968	0.00936	0.01187	0.00778	0.00704	0.01450	0.04995	0.02647	0.29643	0.06928	0.41186	0.01861	0.00952	0.00267	0.00411	0.01583	0.00809	0.00744
54	0.01653	0.07372	0.64327	0.02269	0.03445	0.01947	0.02923	0.02563	0.01710	0.02539	0.01441	0.01694	0.01029	0.00767	0.00759	0.00253	0.01184	0.00592	0.00343	0.01192
55	0.01756	0.13510	0.47238	0.02377	0.03437	0.02103	0.13462	0.02555	0.01740	0.02481	0.01442	0.01739	0.01066	0.00745	0.00768	0.00248	0.01182	0.00639	0.00355	0.01158
56	0.01208	0.00791	0.00907	0.00907	0.00936	0.00802	0.00540	0.01264	0.01236	0.01727	0.02534	0.04938	0.02799	0.59994	0.08968	0.00775	0.00862	0.01118	0.07161	0.00534
57	0.01160	0.00865	0.01281	0.01281	0.01418	0.01002	0.00986	0.01434	0.01297	0.01867	0.02194	0.03303	0.02078	0.09629	0.64792	0.01276	0.02098	0.00886	0.00438	0.00712
58	0.00989	0.00706	0.00942	0.01130	0.01177	0.00659	0.00753	0.01130	0.01554	0.02071	0.04472	0.70954	0.05367	0.02542	0.01036	0.00330	0.00471	0.02307	0.00753	0.00659
59	0.02144	0.68797	0.07204	0.01432	0.02150	0.03149	0.01464	0.02436	0.01652	0.01940	0.01143	0.01321	0.01041	0.00698	0.00532	0.00177	0.00883	0.00442	0.00347	0.01049
60	0.02175	0.63413	0.08757	0.01493	0.02210	0.06554	0.01516	0.02483	0.01688	0.01961	0.01159	0.01340	0.01041	0.00707	0.00550	0.00182	0.00923	0.00451	0.00351	0.01048
61	0.00985	0.00721	0.00926	0.01089	0.01166	0.00662	0.00735	0.01134	0.01592	0.02087	0.04965	0.62652	0.13350	0.02478	0.01026	0.00322	0.00463	0.02229	0.00753	0.00662
62	0.01739	0.01712	0.02937	0.15022	0.15629	0.01973	0.14437	0.02161	0.01586	0.02269	0.01494	0.02147	0.01267	0.01449	0.07737	0.00385	0.21549	0.00781	0.02734	0.00990
63	0.06326	0.05758	0.02484	0.05475	0.12032	0.11068	0.01676	0.17211	0.12418	0.03133	0.01753	0.01981	0.01387	0.00980	0.01083	0.00261	0.12572	0.00697	0.00562	0.01143
64	0.01114	0.00863	0.01119	0.01334	0.04786	0.00818	0.00898	0.01401	0.04360	0.02219	0.05008	0.45298	0.17312	0.02253	0.01007	0.00316	0.00520	0.07904	0.00737	0.00734
