[name]
unknown

[dist]
# distance from previous block
# <min> <max>
0	91

[block]
# block no. 0 follows, 24 sequences, length 47
# corresponding to MSA columns:
# 105-151
name=unknown_A
#
# <colnr> <probs for GDERKNQSTAVLIFYWHMCP>
#	G	D	E	R	K	N	Q	S	T	A	V	L	I	F	Y	W	H	M	C	P
0	0.04963	0.02018	0.03843	0.02977	0.08816	0.01922	0.43188	0.08579	0.02003	0.02832	0.01582	0.02011	0.01205	0.00693	0.00852	0.00244	0.01143	0.00821	0.00451	0.09858
1	0.02193	0.01691	0.01780	0.01534	0.02004	0.05119	0.01204	0.08225	0.39228	0.11489	0.09534	0.02997	0.02662	0.01068	0.00800	0.00249	0.00664	0.00880	0.00794	0.05884
2	0.01502	0.01130	0.01469	0.04821	0.01677	0.01276	0.01052	0.08499	0.01700	0.04718	0.07022	0.16594	0.05370	0.15367	0.13418	0.00549	0.11272	0.01199	0.00583	0.00782
3	0.00999	0.00732	0.00951	0.01093	0.01183	0.00666	0.00740	0.01151	0.01539	0.02059	0.04403	0.64861	0.08115	0.02364	0.00987	0.00309	0.00464	0.02135	0.00723	0.04527
4	0.01899	0.01715	0.01693	0.01535	0.01957	0.05942	0.01187	0.03749	0.53517	0.03079	0.03728	0.03471	0.10710	0.01181	0.00818	0.00265	0.00648	0.00974	0.00773	0.01158
5	0.01853	0.02081	0.04463	0.07553	0.07431	0.01984	0.57321	0.02503	0.01851	0.02511	0.01587	0.02129	0.01197	0.00678	0.00919	0.00266	0.01300	0.00910	0.00398	0.01067
6	0.01122	0.00811	0.01060	0.00998	0.01185	0.00748	0.00748	0.01496	0.02245	0.03180	0.66766	0.05923	0.07482	0.01621	0.00935	0.00249	0.00374	0.01434	0.00873	0.00748
7	0.01000	0.00723	0.00946	0.01065	0.01154	0.00669	0.00732	0.01194	0.01696	0.02290	0.18585	0.53600	0.08873	0.02266	0.00991	0.00303	0.00438	0.02040	0.00767	0.00669
8	0.13427	0.09775	0.08176	0.02122	0.07481	0.35649	0.04537	0.05726	0.02025	0.02439	0.01284	0.01513	0.01038	0.00777	0.00686	0.00218	0.01165	0.00542	0.00424	0.00995
9	0.01759	0.01677	0.02851	0.33443	0.40199	0.01831	0.02332	0.02255	0.01709	0.02344	0.01456	0.02029	0.01169	0.00744	0.00788	0.00248	0.00992	0.00706	0.00375	0.01092
10	0.74642	0.01529	0.01215	0.03848	0.01693	0.01778	0.00913	0.02319	0.01359	0.03496	0.01117	0.01322	0.00867	0.00738	0.00503	0.00246	0.00631	0.00441	0.00485	0.00860
11	0.01839	0.01733	0.02885	0.12040	0.51898	0.01780	0.02220	0.02381	0.04409	0.02603	0.06939	0.02348	0.01794	0.00807	0.00799	0.00241	0.00896	0.00774	0.00444	0.01170
12	0.01153	0.00769	0.00865	0.00865	0.00865	0.00769	0.00480	0.01153	0.01153	0.01538	0.02499	0.05189	0.02883	0.72131	0.04036	0.00769	0.00769	0.01153	0.00480	0.00480
13	0.01809	0.02102	0.10005	0.06818	0.29096	0.01884	0.23666	0.02361	0.01756	0.02471	0.01640	0.05521	0.01393	0.00831	0.00950	0.00260	0.05071	0.00851	0.00403	0.01112
14	0.01856	0.01780	0.03006	0.18011	0.51147	0.01888	0.02349	0.02323	0.01729	0.02439	0.01451	0.01981	0.01204	0.00761	0.00884	0.00247	0.04698	0.00706	0.00382	0.01159
15	0.01113	0.00804	0.01052	0.01004	0.01183	0.00742	0.00748	0.01474	0.02203	0.03114	0.63198	0.09680	0.07354	0.01671	0.00940	0.00254	0.00379	0.01481	0.00865	0.00742
16	0.72070	0.01477	0.01146	0.01030	0.01498	0.01702	0.00843	0.02282	0.01394	0.03521	0.03567	0.01521	0.01146	0.00776	0.00509	0.00243	0.00596	0.00478	0.03352	0.00850
17	0.01919	0.33243	0.31062	0.02124	0.09185	0.05532	0.02140	0.02475	0.01687	0.02216	0.01283	0.01519	0.01036	0.00720	0.00650	0.00212	0.01022	0.00525	0.00346	0.01102
18	0.02082	0.01735	0.01848	0.01635	0.02096	0.01987	0.01291	0.12411	0.53999	0.03502	0.03093	0.03112	0.02380	0.01114	0.00819	0.00269	0.00667	0.03915	0.00801	0.01242
19	0.00956	0.00728	0.00881	0.01002	0.01123	0.00653	0.00691	0.01116	0.01616	0.02064	0.05611	0.49941	0.26116	0.02323	0.00987	0.00304	0.00440	0.02058	0.00736	0.00653
20	0.02701	0.02102	0.02187	0.01748	0.02314	0.04763	0.01418	0.46415	0.16775	0.04439	0.05262	0.02302	0.01857	0.01005	0.00800	0.00244	0.00818	0.00780	0.00786	0.01284
21	0.01102	0.00810	0.01032	0.00976	0.01172	0.00739	0.00732	0.01457	0.02196	0.03065	0.60263	0.06113	0.14057	0.01664	0.00935	0.00251	0.00377	0.01461	0.00858	0.00739
22	0.01701	0.01719	0.03116	0.09231	0.03249	0.01642	0.30496	0.02274	0.04216	0.02507	0.04718	0.04944	0.01672	0.00828	0.00914	0.00234	0.04524	0.00853	0.00462	0.20698
23	0.03102	0.01591	0.01931	0.01533	0.02114	0.01587	0.01249	0.15282	0.16714	0.41629	0.02922	0.02608	0.01950	0.00997	0.00799	0.00249	0.00701	0.00804	0.00907	0.01328
24	0.77733	0.01534	0.01166	0.01043	0.01534	0.01779	0.00859	0.02331	0.01350	0.03558	0.01104	0.01288	0.00859	0.00736	0.00491	0.00245	0.00613	0.00429	0.00491	0.00859
25	0.02044	0.42037	0.14999	0.01623	0.02275	0.02596	0.01658	0.05299	0.01701	0.05291	0.01413	0.04211	0.01242	0.00878	0.00861	0.00219	0.09615	0.00589	0.00407	0.01043
26	0.01954	0.01695	0.01742	0.01557	0.01984	0.04308	0.01211	0.07267	0.51738	0.03313	0.09399	0.03273	0.04772	0.01141	0.00819	0.00263	0.00640	0.00948	0.00796	0.01181
27	0.00966	0.00690	0.00920	0.01104	0.01150	0.00644	0.00736	0.01104	0.01518	0.02024	0.04371	0.71614	0.05245	0.02484	0.01012	0.00322	0.00460	0.02254	0.00736	0.00644
28	0.01784	0.03993	0.58839	0.02221	0.03295	0.08480	0.02734	0.05129	0.01815	0.02557	0.01423	0.01660	0.01020	0.00768	0.00751	0.00246	0.01185	0.00584	0.00361	0.01154
29	0.00981	0.00701	0.00937	0.01121	0.01173	0.00657	0.00762	0.01130	0.01533	0.02041	0.04363	0.68654	0.05213	0.02470	0.01016	0.00324	0.00473	0.05069	0.00736	0.00648
30	0.01498	0.01409	0.02378	0.70226	0.05462	0.01762	0.02202	0.02026	0.01586	0.02026	0.01409	0.02114	0.01057	0.00793	0.00793	0.00264	0.01057	0.00705	0.00352	0.00881
31	0.01478	0.00739	0.00739	0.00739	0.00924	0.00739	0.00554	0.01848	0.01663	0.02956	0.02587	0.02956	0.02033	0.00924	0.00554	0.00185	0.00370	0.00739	0.76534	0.00739
32	0.01713	0.01629	0.02768	0.39928	0.34074	0.01819	0.02310	0.02215	0.01688	0.02288	0.01448	0.02044	0.01149	0.00753	0.00789	0.00251	0.01004	0.00706	0.00371	0.01055
33	0.77733	0.01534	0.01166	0.01043	0.01534	0.01779	0.00859	0.02331	0.01350	0.03558	0.01104	0.01288	0.00859	0.00736	0.00491	0.00245	0.00613	0.00429	0.00491	0.00859
34	0.02373	0.02279	0.02853	0.03738	0.42583	0.14904	0.02073	0.11762	0.02192	0.05393	0.01565	0.01880	0.01252	0.00775	0.00773	0.00230	0.01016	0.00673	0.00478	0.01208
35	0.01629	0.01409	0.01719	0.08173	0.02242	0.01129	0.01068	0.02000	0.01638	0.02527	0.01409	0.01692	0.01163	0.00608	0.00608	0.00132	0.00635	0.00494	0.00458	0.69266
36	0.01122	0.00811	0.01060	0.00998	0.01185	0.00748	0.00748	0.01496	0.02245	0.03180	0.66766	0.05923	0.07482	0.01621	0.00935	0.00249	0.00374	0.01434	0.00873	0.00748
37	0.05975	0.02192	0.07001	0.03102	0.03895	0.02008	0.55367	0.05493	0.01924	0.02711	0.01584	0.02063	0.01184	0.00689	0.00898	0.00264	0.01269	0.00884	0.00422	0.01076
38	0.01377	0.00689	0.01033	0.01033	0.01033	0.00689	0.00689	0.01033	0.01033	0.01377	0.01377	0.02410	0.01377	0.02755	0.03099	0.76928	0.00689	0.00689	0.00344	0.00344
39	0.24146	0.06188	0.02003	0.01488	0.02063	0.02056	0.01236	0.27655	0.08611	0.14197	0.01948	0.01917	0.01389	0.00890	0.00692	0.00240	0.00743	0.00646	0.00711	0.01180
40	0.01106	0.00804	0.01041	0.00994	0.01178	0.00739	0.00741	0.01460	0.02187	0.03073	0.60862	0.09335	0.10139	0.01683	0.00939	0.00254	0.00380	0.01487	0.00860	0.00739
41	0.01644	0.01409	0.01644	0.01175	0.01879	0.01057	0.00940	0.01997	0.01644	0.02584	0.01409	0.01644	0.01175	0.00587	0.00587	0.00117	0.00587	0.00470	0.00470	0.76979
42	0.02014	0.04985	0.02114	0.01667	0.04446	0.01670	0.04373	0.18475	0.04733	0.05175	0.05402	0.07031	0.01966	0.01370	0.06062	0.00296	0.04835	0.00808	0.00601	0.21976
43	0.01133	0.00850	0.01274	0.01274	0.01416	0.00991	0.00991	0.01416	0.01274	0.01841	0.02124	0.03115	0.01982	0.05947	0.68989	0.01274	0.02124	0.00850	0.00425	0.00708
44	0.00987	0.00706	0.00939	0.01090	0.01155	0.00658	0.00738	0.01156	0.01614	0.02177	0.12636	0.62912	0.05541	0.02370	0.01002	0.00312	0.00449	0.02146	0.00754	0.00658
45	0.01644	0.03727	0.55940	0.02467	0.03568	0.01873	0.14637	0.02517	0.01712	0.02517	0.01458	0.01763	0.01042	0.00737	0.00788	0.00254	0.01203	0.00653	0.00347	0.01152
46	0.01590	0.04102	0.68023	0.02260	0.03432	0.01842	0.02930	0.02511	0.01674	0.02511	0.01423	0.01674	0.01005	0.00753	0.00753	0.00251	0.01172	0.00586	0.00335	0.01172

[dist]
# distance from previous block
# <min> <max>
0	1

[block]
# block no. 1 follows, 24 sequences, length 216
# corresponding to MSA columns:
# 153-368
name=unknown_B
#
# <colnr> <probs for GDERKNQSTAVLIFYWHMCP>
#	G	D	E	R	K	N	Q	S	T	A	V	L	I	F	Y	W	H	M	C	P
0	0.02190	0.52474	0.06885	0.01570	0.02173	0.13128	0.01495	0.02463	0.01678	0.01913	0.01132	0.01356	0.01020	0.00765	0.00734	0.00194	0.07014	0.00469	0.00350	0.00997
1	0.01874	0.30799	0.40481	0.01874	0.02831	0.02323	0.02246	0.02510	0.01673	0.04775	0.01363	0.01556	0.01047	0.00733	0.00659	0.00219	0.01026	0.00531	0.00362	0.01118
2	0.77733	0.01534	0.01166	0.01043	0.01534	0.01779	0.00859	0.02331	0.01350	0.03558	0.01104	0.01288	0.00859	0.00736	0.00491	0.00245	0.00613	0.00429	0.00491	0.00859
3	0.01498	0.01409	0.02378	0.70226	0.05462	0.01762	0.02202	0.02026	0.01586	0.02026	0.01409	0.02114	0.01057	0.00793	0.00793	0.00264	0.01057	0.00705	0.00352	0.00881
4	0.00966	0.00690	0.00920	0.01104	0.01150	0.00644	0.00736	0.01104	0.01518	0.02024	0.04371	0.71614	0.05245	0.02484	0.01012	0.00322	0.00460	0.02254	0.00736	0.00644
5	0.01721	0.01530	0.02404	0.45189	0.14858	0.01776	0.02051	0.09260	0.01909	0.02529	0.04470	0.02570	0.01578	0.00903	0.00813	0.00261	0.00971	0.03772	0.00451	0.00983
6	0.01431	0.01224	0.01332	0.01324	0.03634	0.01274	0.00987	0.02509	0.28626	0.02667	0.05510	0.05594	0.32874	0.01590	0.00890	0.00275	0.00539	0.06027	0.00755	0.00938
7	0.01246	0.00916	0.01153	0.01064	0.01284	0.00884	0.00806	0.04249	0.05660	0.03262	0.60726	0.05600	0.06961	0.01565	0.00923	0.00250	0.00408	0.01376	0.00866	0.00800
8	0.01864	0.02118	0.04560	0.03276	0.04035	0.02028	0.61000	0.02507	0.01837	0.02507	0.01575	0.02118	0.01195	0.00706	0.01024	0.00272	0.04999	0.00923	0.00398	0.01059
9	0.01794	0.01874	0.02841	0.02310	0.02498	0.05178	0.14568	0.02075	0.01397	0.02037	0.01205	0.01855	0.01108	0.01383	0.04615	0.00358	0.50893	0.00741	0.00364	0.00905
10	0.04626	0.12112	0.51218	0.02292	0.06555	0.02007	0.05618	0.02485	0.01671	0.02479	0.01384	0.01648	0.01023	0.00737	0.00724	0.00241	0.01107	0.00584	0.00348	0.01141
11	0.01529	0.01446	0.02416	0.63960	0.07839	0.01802	0.02187	0.02037	0.01575	0.02043	0.01394	0.02088	0.01064	0.00820	0.00887	0.00267	0.04691	0.00704	0.00354	0.00896
12	0.01167	0.00889	0.01297	0.01279	0.01400	0.01046	0.00983	0.01418	0.01260	0.01816	0.02102	0.03236	0.02017	0.11879	0.59426	0.01178	0.05618	0.00870	0.00426	0.00695
13	0.66931	0.01709	0.01335	0.01166	0.01667	0.05111	0.00954	0.08337	0.01621	0.03617	0.01187	0.01354	0.00914	0.00761	0.00531	0.00243	0.00678	0.00461	0.00516	0.00909
14	0.01757	0.01289	0.01483	0.01348	0.01685	0.01374	0.01034	0.06078	0.29024	0.08408	0.23309	0.12739	0.04289	0.01417	0.00873	0.00266	0.00543	0.01225	0.00832	0.01029
15	0.00966	0.00690	0.00920	0.01104	0.01150	0.00644	0.00736	0.01104	0.01518	0.02024	0.04371	0.71614	0.05245	0.02484	0.01012	0.00322	0.00460	0.02254	0.00736	0.00644
16	0.01650	0.01411	0.01544	0.04517	0.01939	0.01567	0.01134	0.03185	0.42617	0.02950	0.07382	0.04384	0.16520	0.01349	0.00856	0.00273	0.00592	0.04300	0.00770	0.01060
17	0.00973	0.00696	0.00926	0.01099	0.01152	0.00649	0.00737	0.01122	0.01551	0.02077	0.07204	0.68631	0.05346	0.02445	0.01009	0.00319	0.00456	0.02217	0.00742	0.00649
18	0.02119	0.01159	0.01453	0.01225	0.01606	0.01092	0.00967	0.10398	0.02383	0.23726	0.31130	0.07120	0.09481	0.01396	0.00876	0.00251	0.00540	0.01190	0.00881	0.01006
19	0.02962	0.03779	0.02247	0.02043	0.02451	0.68948	0.01532	0.03166	0.02247	0.01941	0.01226	0.01430	0.01021	0.00817	0.00715	0.00204	0.01430	0.00511	0.00409	0.00919
20	0.02562	0.01843	0.02012	0.01663	0.02201	0.02040	0.01334	0.25975	0.34797	0.12585	0.02736	0.02542	0.01972	0.01018	0.00801	0.00255	0.00722	0.00817	0.00825	0.01302
21	0.02024	0.01729	0.01822	0.01624	0.02082	0.01997	0.01268	0.07211	0.62671	0.03401	0.03162	0.02906	0.02367	0.01070	0.00806	0.00267	0.00640	0.00887	0.00806	0.01260
22	0.64412	0.01451	0.01212	0.01069	0.01542	0.01632	0.00874	0.02381	0.01510	0.08867	0.07396	0.01838	0.01568	0.00839	0.00558	0.00246	0.00596	0.00554	0.00567	0.00889
23	0.03475	0.01368	0.01838	0.01421	0.02026	0.01208	0.01170	0.03883	0.05587	0.64368	0.03134	0.02713	0.01987	0.00986	0.00798	0.00247	0.00672	0.00803	0.00972	0.01345
24	0.02120	0.72609	0.04155	0.01357	0.02035	0.03138	0.01357	0.02374	0.01611	0.01866	0.01102	0.01272	0.01018	0.00678	0.00509	0.00170	0.00848	0.00424	0.00339	0.01018
25	0.01972	0.01703	0.01793	0.01614	0.02062	0.01972	0.01255	0.04214	0.65752	0.03317	0.03228	0.02959	0.02421	0.01076	0.00807	0.00269	0.00628	0.00897	0.00807	0.01255
26	0.77733	0.01534	0.01166	0.01043	0.01534	0.01779	0.00859	0.02331	0.01350	0.03558	0.01104	0.01288	0.00859	0.00736	0.00491	0.00245	0.00613	0.00429	0.00491	0.00859
27	0.01593	0.03760	0.58943	0.02296	0.03385	0.01802	0.08396	0.02463	0.01720	0.02547	0.04686	0.01928	0.01344	0.00789	0.00779	0.00253	0.01147	0.00660	0.00368	0.01142
28	0.01136	0.00837	0.01213	0.01213	0.01333	0.00958	0.00914	0.01376	0.01256	0.01795	0.02181	0.03429	0.02119	0.15949	0.59174	0.01198	0.01919	0.00895	0.00433	0.00674
29	0.02079	0.01686	0.01795	0.01582	0.02044	0.01912	0.01240	0.08961	0.54709	0.06322	0.03349	0.03088	0.05447	0.01107	0.00812	0.00265	0.00639	0.00915	0.00810	0.01239
30	0.01478	0.00739	0.00739	0.00739	0.00924	0.00739	0.00554	0.01848	0.01663	0.02956	0.02587	0.02956	0.02033	0.00924	0.00554	0.00185	0.00370	0.00739	0.76534	0.00739
31	0.01138	0.00830	0.01175	0.01175	0.01283	0.00937	0.00868	0.01352	0.01245	0.01768	0.02215	0.03617	0.02200	0.21944	0.53290	0.01152	0.01796	0.00923	0.00438	0.00653
32	0.01644	0.01409	0.01644	0.01175	0.01879	0.01057	0.00940	0.01997	0.01644	0.02584	0.01409	0.01644	0.01175	0.00587	0.00587	0.00117	0.00587	0.00470	0.00470	0.76979
33	0.01248	0.00892	0.01244	0.01427	0.01596	0.00887	0.01226	0.01592	0.01796	0.02340	0.04215	0.14904	0.04628	0.02219	0.01087	0.00361	0.00705	0.56181	0.00731	0.00722
34	0.01135	0.00839	0.01221	0.01221	0.01345	0.00962	0.00925	0.01382	0.01259	0.01802	0.02173	0.03384	0.02099	0.14516	0.60580	0.01209	0.01949	0.00889	0.00432	0.00679
35	0.01478	0.00739	0.00739	0.00739	0.00924	0.00739	0.00554	0.01848	0.01663	0.02956	0.02587	0.02956	0.02033	0.00924	0.00554	0.00185	0.00370	0.00739	0.76534	0.00739
36	0.01612	0.06820	0.65488	0.02224	0.03377	0.01893	0.02867	0.02506	0.01672	0.02486	0.01410	0.01658	0.01005	0.00750	0.00744	0.00248	0.01159	0.00580	0.00335	0.01166
37	0.02082	0.66314	0.07614	0.01479	0.02188	0.03026	0.03769	0.02388	0.01624	0.01925	0.01138	0.01326	0.01024	0.00682	0.00538	0.00178	0.00884	0.00452	0.00341	0.01028
38	0.01992	0.01693	0.02281	0.11036	0.15099	0.01864	0.04656	0.06374	0.33435	0.05978	0.05291	0.02685	0.02111	0.00962	0.00812	0.00258	0.00780	0.00847	0.00660	0.01185
39	0.02086	0.61126	0.12238	0.01499	0.02230	0.05584	0.01565	0.02423	0.01645	0.01951	0.01148	0.01330	0.01016	0.00694	0.00548	0.00181	0.00913	0.00448	0.00341	0.01033
40	0.01478	0.00739	0.00739	0.00739	0.00924	0.00739	0.00554	0.01848	0.01663	0.02956	0.02587	0.02956	0.02033	0.00924	0.00554	0.00185	0.00370	0.00739	0.76534	0.00739
41	0.01498	0.01409	0.02378	0.70226	0.05462	0.01762	0.02202	0.02026	0.01586	0.02026	0.01409	0.02114	0.01057	0.00793	0.00793	0.00264	0.01057	0.00705	0.00352	0.00881
42	0.01838	0.01757	0.02994	0.22370	0.50656	0.01851	0.02372	0.02325	0.01747	0.02439	0.01470	0.02003	0.01203	0.00730	0.00787	0.00243	0.00973	0.00706	0.00382	0.01156
43	0.01672	0.06520	0.55075	0.02260	0.03315	0.04513	0.07910	0.02497	0.01732	0.02490	0.03834	0.01845	0.01262	0.00778	0.00764	0.00247	0.01154	0.00637	0.00363	0.01132
44	0.01133	0.00850	0.01274	0.01274	0.01416	0.00991	0.00991	0.01416	0.01274	0.01841	0.02124	0.03115	0.01982	0.05947	0.68989	0.01274	0.02124	0.00850	0.00425	0.00708
45	0.04804	0.41333	0.03366	0.01652	0.02254	0.19780	0.03622	0.10521	0.02045	0.02362	0.01254	0.01424	0.01062	0.00750	0.00612	0.00193	0.01010	0.00501	0.00422	0.01032
46	0.01938	0.01859	0.03173	0.08387	0.63861	0.01878	0.02421	0.02412	0.01794	0.02560	0.01487	0.01971	0.01245	0.00711	0.00785	0.00237	0.00948	0.00706	0.00390	0.01236
47	0.06791	0.01358	0.01811	0.01395	0.02003	0.01192	0.01152	0.03798	0.02230	0.64936	0.03040	0.02638	0.01915	0.00971	0.00784	0.00245	0.00672	0.00781	0.00960	0.01328
48	0.01606	0.01010	0.01195	0.01082	0.01365	0.03209	0.00827	0.01918	0.02133	0.15106	0.38450	0.08735	0.17081	0.01586	0.00906	0.00254	0.00478	0.01366	0.00845	0.00848
49	0.01954	0.01833	0.03027	0.11265	0.54984	0.01866	0.02303	0.05456	0.01872	0.02652	0.01500	0.01962	0.01237	0.00723	0.00778	0.00234	0.00936	0.00697	0.00411	0.04310
50	0.01122	0.00811	0.01060	0.00998	0.01185	0.00748	0.00748	0.01496	0.02245	0.03180	0.66766	0.05923	0.07482	0.01621	0.00935	0.00249	0.00374	0.01434	0.00873	0.00748
51	0.01152	0.00772	0.00882	0.00882	0.00887	0.00778	0.00501	0.01164	0.01158	0.01550	0.02483	0.05105	0.02846	0.69433	0.06684	0.00789	0.00824	0.01141	0.00478	0.00490
52	0.01052	0.00808	0.00963	0.00924	0.01142	0.00718	0.00693	0.01361	0.02079	0.02787	0.44516	0.06571	0.29978	0.01768	0.00936	0.00256	0.00385	0.01525	0.00821	0.00718
53	0.01153	0.00769	0.00865	0.00865	0.00865	0.00769	0.00480	0.01153	0.01153	0.01538	0.02499	0.05189	0.02883	0.72131	0.04036	0.00769	0.00769	0.01153	0.00480	0.00480
54	0.01153	0.00769	0.00865	0.00865	0.00865	0.00769	0.00480	0.01153	0.01153	0.01538	0.02499	0.05189	0.02883	0.72131	0.04036	0.00769	0.00769	0.01153	0.00480	0.00480
55	0.02006	0.01530	0.01769	0.01305	0.01980	0.01304	0.01052	0.10840	0.05167	0.08313	0.01709	0.01832	0.01325	0.00694	0.00644	0.00152	0.00636	0.00551	0.00573	0.56618
56	0.02120	0.72609	0.04155	0.01357	0.02035	0.03138	0.01357	0.02374	0.01611	0.01866	0.01102	0.01272	0.01018	0.00678	0.00509	0.00170	0.00848	0.00424	0.00339	0.01018
57	0.01609	0.01371	0.01606	0.01171	0.01841	0.01035	0.00929	0.01950	0.01638	0.02554	0.01566	0.05340	0.01390	0.00687	0.00610	0.00128	0.00581	0.00564	0.00484	0.72947
58	0.01805	0.01997	0.04146	0.13002	0.04156	0.02007	0.49761	0.02410	0.01772	0.02410	0.01527	0.02100	0.01168	0.00750	0.01061	0.00274	0.07361	0.00881	0.00389	0.01024
59	0.01615	0.07212	0.65123	0.02219	0.03369	0.01900	0.02858	0.02505	0.01671	0.02482	0.01409	0.01656	0.01005	0.00750	0.00742	0.00247	0.01157	0.00579	0.00335	0.01165
60	0.00966	0.00690	0.00920	0.01104	0.01150	0.00644	0.00736	0.01104	0.01518	0.02024	0.04371	0.71614	0.05245	0.02484	0.01012	0.00322	0.00460	0.02254	0.00736	0.00644
61	0.01153	0.00769	0.00865	0.00865	0.00865	0.00769	0.00480	0.01153	0.01153	0.01538	0.02499	0.05189	0.02883	0.72131	0.04036	0.00769	0.00769	0.01153	0.00480	0.00480
62	0.01114	0.00810	0.01049	0.00989	0.01180	0.00745	0.00742	0.01481	0.02226	0.03135	0.64204	0.05998	0.10073	0.01638	0.00935	0.00250	0.00375	0.01445	0.00867	0.00745
63	0.01644	0.01409	0.01644	0.01175	0.01879	0.01057	0.00940	0.01997	0.01644	0.02584	0.01409	0.01644	0.01175	0.00587	0.00587	0.00117	0.00587	0.00470	0.00470	0.76979
64	0.02974	0.02201	0.02357	0.01816	0.02444	0.02440	0.01497	0.62214	0.06120	0.04933	0.01955	0.01945	0.01390	0.00957	0.00794	0.00239	0.00863	0.00721	0.00794	0.01345
65	0.03112	0.01881	0.02142	0.01650	0.02263	0.01966	0.01360	0.42210	0.03176	0.25448	0.02542	0.02385	0.04077	0.01002	0.00800	0.00242	0.00790	0.00778	0.00853	0.01323
66	0.02364	0.41875	0.06783	0.01636	0.02252	0.13792	0.01514	0.13118	0.02061	0.02450	0.01273	0.01452	0.01075	0.00790	0.00715	0.00201	0.04654	0.00511	0.00429	0.01058
67	0.01216	0.00972	0.01435	0.01386	0.01508	0.01191	0.01094	0.01484	0.01266	0.01850	0.01974	0.02924	0.01852	0.05315	0.59784	0.01146	0.11630	0.00828	0.00414	0.00730
68	0.01133	0.00850	0.01274	0.01274	0.01416	0.00991	0.00991	0.01416	0.01274	0.01841	0.02124	0.03115	0.01982	0.05947	0.68989	0.01274	0.02124	0.00850	0.00425	0.00708
69	0.01663	0.03659	0.54850	0.02730	0.13879	0.01855	0.05351	0.02500	0.01704	0.02525	0.01442	0.01740	0.01054	0.00742	0.00766	0.00249	0.01141	0.00620	0.00347	0.01182
70	0.01197	0.00836	0.01081	0.01035	0.01243	0.00769	0.00797	0.01552	0.02166	0.05062	0.53486	0.06259	0.12580	0.01689	0.00946	0.00262	0.00419	0.07011	0.00850	0.00758
71	0.00940	0.00792	0.00815	0.00834	0.01079	0.00667	0.00616	0.01135	0.01778	0.02130	0.07654	0.14252	0.60487	0.02058	0.00945	0.00273	0.00408	0.01734	0.00736	0.00667
72	0.01859	0.02101	0.04469	0.03225	0.03952	0.02045	0.58460	0.02481	0.01810	0.02481	0.01552	0.02101	0.01188	0.00736	0.01091	0.00275	0.07814	0.00913	0.00396	0.01051
73	0.00966	0.00690	0.00920	0.01104	0.01150	0.00644	0.00736	0.01104	0.01518	0.02024	0.04371	0.71614	0.05245	0.02484	0.01012	0.00322	0.00460	0.02254	0.00736	0.00644
74	0.01498	0.01409	0.02378	0.70226	0.05462	0.01762	0.02202	0.02026	0.01586	0.02026	0.01409	0.02114	0.01057	0.00793	0.00793	0.00264	0.01057	0.00705	0.00352	0.00881
75	0.02499	0.01965	0.02090	0.01720	0.02263	0.02218	0.01383	0.34715	0.34393	0.04167	0.02558	0.02425	0.01879	0.01013	0.00800	0.00253	0.00751	0.00804	0.00800	0.01302
76	0.02962	0.03779	0.02247	0.02043	0.02451	0.68948	0.01532	0.03166	0.02247	0.01941	0.01226	0.01430	0.01021	0.00817	0.00715	0.00204	0.01430	0.00511	0.00409	0.00919
77	0.01406	0.00860	0.01352	0.17430	0.02083	0.00943	0.01047	0.01268	0.01164	0.01531	0.01385	0.02340	0.01301	0.02290	0.02553	0.58760	0.00776	0.00693	0.00346	0.00472
78	0.01745	0.01406	0.01655	0.01187	0.01887	0.01063	0.00952	0.02095	0.01677	0.06025	0.01500	0.01700	0.01216	0.00608	0.00598	0.00124	0.00592	0.00487	0.00497	0.72985
79	0.02051	0.01686	0.01795	0.01604	0.02060	0.01932	0.01251	0.04196	0.62602	0.06514	0.03223	0.02946	0.02398	0.01071	0.00806	0.00268	0.00630	0.00892	0.00816	0.01260
80	0.01260	0.00967	0.01218	0.03834	0.01490	0.00975	0.00885	0.01919	0.12256	0.03067	0.49273	0.10374	0.06252	0.01568	0.00915	0.00259	0.00448	0.01383	0.00831	0.00826
81	0.00966	0.00690	0.00920	0.01104	0.01150	0.00644	0.00736	0.01104	0.01518	0.02024	0.04371	0.71614	0.05245	0.02484	0.01012	0.00322	0.00460	0.02254	0.00736	0.00644
82	0.01747	0.01406	0.01655	0.01187	0.01887	0.01063	0.00952	0.02097	0.01678	0.06093	0.01502	0.01701	0.01217	0.00608	0.00599	0.00124	0.00592	0.00487	0.00497	0.72906
83	0.01478	0.00739	0.00739	0.00739	0.00924	0.00739	0.00554	0.01848	0.01663	0.02956	0.02587	0.02956	0.02033	0.00924	0.00554	0.00185	0.00370	0.00739	0.76534	0.00739
84	0.01872	0.02139	0.04679	0.03342	0.04144	0.02005	0.64305	0.02540	0.01872	0.02540	0.01604	0.02139	0.01203	0.00668	0.00936	0.00267	0.01337	0.00936	0.00401	0.01070
85	0.01114	0.00810	0.01049	0.00989	0.01180	0.00745	0.00742	0.01481	0.02226	0.03135	0.64198	0.05998	0.10079	0.01638	0.00935	0.00250	0.00375	0.01445	0.00867	0.00745
86	0.01972	0.01703	0.01793	0.01614	0.02062	0.01972	0.01255	0.04214	0.65752	0.03317	0.03228	0.02959	0.02421	0.01076	0.00807	0.00269	0.00628	0.00897	0.00807	0.01255
87	0.03010	0.02359	0.02368	0.01844	0.02458	0.08328	0.01509	0.59123	0.03598	0.04728	0.01844	0.01862	0.01320	0.00940	0.00786	0.00235	0.00922	0.00696	0.00759	0.01311
88	0.01644	0.01409	0.01644	0.01175	0.01879	0.01057	0.00940	0.01997	0.01644	0.02584	0.01409	0.01644	0.01175	0.00587	0.00587	0.00117	0.00587	0.00470	0.00470	0.76979
89	0.01732	0.10234	0.26584	0.02500	0.11206	0.01805	0.14744	0.02322	0.01723	0.04952	0.01969	0.12918	0.01790	0.01006	0.00811	0.00255	0.01008	0.00928	0.00445	0.01068
90	0.03558	0.01350	0.01840	0.01411	0.02024	0.01166	0.01166	0.03865	0.02270	0.67734	0.03128	0.02699	0.01963	0.00981	0.00797	0.00245	0.00675	0.00797	0.00981	0.01350
91	0.01998	0.01963	0.03181	0.04500	0.57795	0.04540	0.05602	0.02564	0.05270	0.02602	0.01581	0.02005	0.01307	0.00729	0.00791	0.00238	0.00965	0.00721	0.00416	0.01233
92	0.01122	0.00811	0.01060	0.00998	0.01185	0.00748	0.00748	0.01496	0.02245	0.03180	0.66766	0.05923	0.07482	0.01621	0.00935	0.00249	0.00374	0.01434	0.00873	0.00748
93	0.02187	0.01753	0.01872	0.01631	0.02112	0.01996	0.01283	0.12044	0.54534	0.06732	0.03050	0.02809	0.02258	0.01055	0.00805	0.00264	0.00662	0.00868	0.00814	0.01272
94	0.00966	0.00690	0.00920	0.01104	0.01150	0.00644	0.00736	0.01104	0.01518	0.02024	0.04371	0.71614	0.05245	0.02484	0.01012	0.00322	0.00460	0.02254	0.00736	0.00644
95	0.01706	0.01692	0.02373	0.02043	0.02049	0.02359	0.01699	0.01884	0.01217	0.01905	0.01094	0.01802	0.01087	0.01610	0.05832	0.00392	0.67345	0.00702	0.00351	0.00860
96	0.01498	0.01409	0.02378	0.70226	0.05462	0.01762	0.02202	0.02026	0.01586	0.02026	0.01409	0.02114	0.01057	0.00793	0.00793	0.00264	0.01057	0.00705	0.00352	0.00881
97	0.01590	0.04102	0.68023	0.02260	0.03432	0.01842	0.02930	0.02511	0.01674	0.02511	0.01423	0.01674	0.01005	0.00753	0.00753	0.00251	0.01172	0.00586	0.00335	0.01172
98	0.01149	0.00783	0.00939	0.00939	0.00965	0.00809	0.00573	0.01201	0.01175	0.01593	0.02431	0.04812	0.02719	0.60106	0.15838	0.00861	0.01015	0.01098	0.00470	0.00522
99	0.01644	0.01409	0.01644	0.01175	0.01879	0.01057	0.00940	0.01997	0.01644	0.02584	0.01409	0.01644	0.01175	0.00587	0.00587	0.00117	0.00587	0.00470	0.00470	0.76979
100	0.01644	0.01409	0.01644	0.01175	0.01879	0.01057	0.00940	0.01997	0.01644	0.02584	0.01409	0.01644	0.01175	0.00587	0.00587	0.00117	0.00587	0.00470	0.00470	0.76979
101	0.08910	0.01728	0.14538	0.01427	0.01940	0.01272	0.01364	0.04925	0.04852	0.14237	0.25449	0.04081	0.03885	0.01258	0.00838	0.00260	0.00671	0.06645	0.00730	0.00991
102	0.01604	0.04006	0.64942	0.02313	0.03467	0.01850	0.05915	0.02513	0.01684	0.02513	0.01432	0.01697	0.01014	0.00749	0.00762	0.00252	0.01180	0.00603	0.00338	0.01167
103	0.01114	0.00804	0.01052	0.01003	0.01183	0.00743	0.00748	0.01475	0.02206	0.03118	0.63406	0.09461	0.07362	0.01668	0.00939	0.00253	0.00379	0.01478	0.00866	0.00743
104	0.02711	0.04353	0.05809	0.02654	0.22847	0.01595	0.04967	0.05791	0.02086	0.32615	0.02247	0.02255	0.01558	0.00838	0.00779	0.00235	0.00830	0.00734	0.00680	0.04414
105	0.01122	0.00811	0.01060	0.00998	0.01185	0.00748	0.00748	0.01496	0.02245	0.03180	0.66766	0.05923	0.07482	0.01621	0.00935	0.00249	0.00374	0.01434	0.00873	0.00748
106	0.02120	0.72609	0.04155	0.01357	0.02035	0.03138	0.01357	0.02374	0.01611	0.01866	0.01102	0.01272	0.01018	0.00678	0.00509	0.00170	0.00848	0.00424	0.00339	0.01018
107	0.74934	0.01529	0.01210	0.03583	0.01678	0.01778	0.00908	0.02320	0.01358	0.03502	0.01115	0.01319	0.00866	0.00738	0.00502	0.00246	0.00630	0.00440	0.00486	0.00860
108	0.02272	0.01666	0.01932	0.09237	0.02449	0.01853	0.01362	0.17281	0.31307	0.11364	0.08318	0.02857	0.02418	0.01053	0.00812	0.00257	0.00714	0.00869	0.00780	0.01201
109	0.01615	0.07212	0.65123	0.02219	0.03369	0.01900	0.02858	0.02505	0.01671	0.02482	0.01409	0.01656	0.01005	0.00750	0.00742	0.00247	0.01157	0.00579	0.00335	0.01165
110	0.00937	0.00803	0.00803	0.00803	0.01071	0.00669	0.00602	0.01138	0.01807	0.02142	0.08033	0.07632	0.66863	0.02008	0.00937	0.00268	0.00402	0.01674	0.00736	0.00669
111	0.02933	0.02181	0.02334	0.01808	0.02428	0.02421	0.01488	0.59851	0.08550	0.04867	0.02007	0.01986	0.01432	0.00962	0.00794	0.00240	0.00854	0.00728	0.00794	0.01341
112	0.01151	0.00776	0.00903	0.00903	0.00916	0.00790	0.00528	0.01178	0.01165	0.01566	0.02464	0.04996	0.02799	0.65949	0.10103	0.00816	0.00895	0.01125	0.00475	0.00502
113	0.02471	0.35198	0.08251	0.01747	0.02338	0.33694	0.01561	0.02754	0.01912	0.01951	0.01185	0.01377	0.01018	0.00749	0.00624	0.00192	0.01144	0.00477	0.00371	0.00984
114	0.01197	0.00874	0.01117	0.01039	0.01247	0.00832	0.00787	0.04228	0.02242	0.03148	0.58168	0.05683	0.09530	0.01823	0.04306	0.00301	0.00484	0.01384	0.00841	0.00769
115	0.01813	0.01687	0.02711	0.17946	0.40851	0.01795	0.02146	0.02515	0.09929	0.02548	0.01904	0.02657	0.01617	0.00886	0.00813	0.00256	0.00910	0.05418	0.00463	0.01137
116	0.01849	0.01772	0.03010	0.20284	0.47280	0.01863	0.04615	0.02418	0.04533	0.02485	0.01552	0.02049	0.01257	0.00742	0.00793	0.00245	0.00970	0.00723	0.00401	0.01160
117	0.77733	0.01534	0.01166	0.01043	0.01534	0.01779	0.00859	0.02331	0.01350	0.03558	0.01104	0.01288	0.00859	0.00736	0.00491	0.00245	0.00613	0.00429	0.00491	0.00859
118	0.01158	0.00774	0.00879	0.00886	0.00892	0.00774	0.00509	0.01170	0.01177	0.01567	0.02558	0.05322	0.02942	0.69669	0.03933	0.00755	0.00767	0.03290	0.00489	0.00489
119	0.01939	0.01668	0.01764	0.01589	0.02027	0.01924	0.01235	0.04106	0.63232	0.03312	0.05749	0.03076	0.02622	0.01097	0.00812	0.00268	0.00618	0.00918	0.00810	0.01235
120	0.00937	0.00803	0.00803	0.00803	0.01071	0.00669	0.00602	0.01138	0.01807	0.02142	0.08033	0.07632	0.66863	0.02008	0.00937	0.00268	0.00402	0.01674	0.00736	0.00669
121	0.01703	0.01688	0.02368	0.02039	0.02047	0.02353	0.01696	0.01882	0.01218	0.01905	0.01098	0.01808	0.01091	0.01629	0.06109	0.00396	0.67059	0.00702	0.00351	0.00859
122	0.01498	0.01409	0.02378	0.70226	0.05462	0.01762	0.02202	0.02026	0.01586	0.02026	0.01409	0.02114	0.01057	0.00793	0.00793	0.00264	0.01057	0.00705	0.00352	0.00881
123	0.01644	0.01409	0.01644	0.01175	0.01879	0.01057	0.00940	0.01997	0.01644	0.02584	0.01409	0.01644	0.01175	0.00587	0.00587	0.00117	0.00587	0.00470	0.00470	0.76979
124	0.01656	0.01572	0.02665	0.47905	0.26541	0.01804	0.02281	0.02165	0.01661	0.02219	0.01438	0.02062	0.01125	0.00763	0.00790	0.00254	0.01018	0.00705	0.00366	0.01009
125	0.01751	0.01497	0.02114	0.01531	0.02222	0.01199	0.11096	0.02144	0.01707	0.05793	0.01636	0.04363	0.01369	0.00690	0.00669	0.00155	0.00707	0.00627	0.00494	0.58236
126	0.01460	0.01326	0.01900	0.05089	0.01930	0.01754	0.01407	0.01685	0.01253	0.01870	0.01553	0.02461	0.01499	0.06579	0.28498	0.00725	0.37062	0.00778	0.00384	0.00787
127	0.01735	0.01735	0.02429	0.02082	0.02082	0.02429	0.01735	0.01908	0.01214	0.01908	0.01041	0.01735	0.01041	0.01388	0.02602	0.00347	0.70680	0.00694	0.00347	0.00867
128	0.03495	0.01364	0.01838	0.01419	0.02026	0.01198	0.01169	0.03878	0.04789	0.65178	0.03132	0.02709	0.01981	0.00985	0.00798	0.00246	0.00673	0.00801	0.00975	0.01346
129	0.77733	0.01534	0.01166	0.01043	0.01534	0.01779	0.00859	0.02331	0.01350	0.03558	0.01104	0.01288	0.00859	0.00736	0.00491	0.00245	0.00613	0.00429	0.00491	0.00859
130	0.02730	0.01983	0.12337	0.01617	0.02265	0.01622	0.01493	0.22524	0.02634	0.28427	0.11502	0.02743	0.02400	0.01027	0.00809	0.00245	0.00773	0.00828	0.00805	0.01236
131	0.00987	0.00705	0.00942	0.01116	0.01174	0.00661	0.00761	0.01145	0.01562	0.02088	0.06945	0.66050	0.05306	0.02435	0.01013	0.00321	0.00469	0.04926	0.00742	0.00652
132	0.01293	0.01002	0.01367	0.01298	0.01402	0.01186	0.00978	0.03850	0.01329	0.01892	0.02066	0.03428	0.02067	0.22637	0.40092	0.00974	0.11099	0.00903	0.00443	0.00694
133	0.01478	0.00739	0.00739	0.00739	0.00924	0.00739	0.00554	0.01848	0.01663	0.02956	0.02587	0.02956	0.02033	0.00924	0.00554	0.00185	0.00370	0.00739	0.76534	0.00739
134	0.01145	0.01091	0.06880	0.01103	0.01373	0.00834	0.00930	0.01545	0.02133	0.03005	0.54604	0.09181	0.09933	0.01612	0.00924	0.00254	0.00450	0.01417	0.00811	0.00775
135	0.03558	0.01350	0.01840	0.01411	0.02024	0.01166	0.01166	0.03865	0.02270	0.67734	0.03128	0.02699	0.01963	0.00981	0.00797	0.00245	0.00675	0.00797	0.00981	0.01350
136	0.02984	0.02219	0.02322	0.01805	0.02420	0.05000	0.01481	0.56479	0.06684	0.07531	0.01996	0.01972	0.01416	0.00954	0.00791	0.00239	0.00874	0.00719	0.00787	0.01327
137	0.01014	0.00741	0.01020	0.04133	0.01376	0.00725	0.00840	0.01188	0.01523	0.02032	0.04112	0.61793	0.04853	0.02583	0.04668	0.00373	0.00589	0.05072	0.00702	0.00662
138	0.69601	0.01520	0.01295	0.08423	0.01953	0.01777	0.01002	0.02298	0.01375	0.03394	0.01137	0.01376	0.00880	0.00742	0.00523	0.00247	0.00661	0.00459	0.00476	0.00861
139	0.24328	0.06286	0.02061	0.01817	0.04796	0.39241	0.01358	0.05255	0.03815	0.02585	0.01279	0.01465	0.01037	0.00795	0.00649	0.00219	0.01103	0.00510	0.00454	0.00947
140	0.00966	0.00690	0.00920	0.01104	0.01150	0.00644	0.00736	0.01104	0.01518	0.02024	0.04371	0.71614	0.05245	0.02484	0.01012	0.00322	0.00460	0.02254	0.00736	0.00644
141	0.01487	0.01385	0.02324	0.66813	0.05272	0.01720	0.02156	0.02007	0.01598	0.02043	0.01548	0.02453	0.01231	0.00862	0.00808	0.00269	0.01041	0.03739	0.00371	0.00873
142	0.01866	0.02121	0.04581	0.03288	0.04055	0.02024	0.61588	0.02513	0.01843	0.02513	0.01580	0.02121	0.01196	0.00700	0.01008	0.00271	0.04348	0.00925	0.00399	0.01061
143	0.02958	0.02193	0.02348	0.01813	0.02438	0.02433	0.01494	0.61292	0.07069	0.04907	0.01975	0.01961	0.01406	0.00959	0.00794	0.00240	0.00859	0.00724	0.00794	0.01344
144	0.03014	0.02221	0.02380	0.01825	0.02459	0.02459	0.01507	0.64541	0.03728	0.04998	0.01904	0.01904	0.01349	0.00952	0.00793	0.00238	0.00873	0.00714	0.00793	0.01349
145	0.01668	0.01427	0.01508	0.01379	0.01766	0.01577	0.01065	0.03294	0.46090	0.03036	0.09274	0.04265	0.17654	0.01333	0.00847	0.00267	0.00556	0.01117	0.00796	0.01081
146	0.01963	0.01876	0.03157	0.04725	0.64346	0.01888	0.02382	0.02511	0.04593	0.02622	0.01567	0.02006	0.01307	0.00723	0.00786	0.00237	0.00928	0.00715	0.00411	0.01256
147	0.01133	0.00850	0.01274	0.01274	0.01416	0.00991	0.00991	0.01416	0.01274	0.01841	0.02124	0.03115	0.01982	0.05947	0.68989	0.01274	0.02124	0.00850	0.00425	0.00708
148	0.01213	0.00886	0.01192	0.01349	0.01536	0.00864	0.01154	0.01543	0.01807	0.02322	0.04752	0.12033	0.13439	0.02180	0.01069	0.00349	0.00669	0.50195	0.00731	0.00717
149	0.00966	0.00690	0.00920	0.01104	0.01150	0.00644	0.00736	0.01104	0.01518	0.02024	0.04371	0.71614	0.05245	0.02484	0.01012	0.00322	0.00460	0.02254	0.00736	0.00644
150	0.00937	0.00803	0.00803	0.00803	0.01071	0.00669	0.00602	0.01138	0.01807	0.02142	0.08033	0.07632	0.66863	0.02008	0.00937	0.00268	0.00402	0.01674	0.00736	0.00669
151	0.01133	0.00850	0.01274	0.01274	0.01416	0.00991	0.00991	0.01416	0.01274	0.01841	0.02124	0.03115	0.01982	0.05947	0.68989	0.01274	0.02124	0.00850	0.00425	0.00708
152	0.01122	0.00811	0.01060	0.00998	0.01185	0.00748	0.00748	0.01496	0.02245	0.03180	0.66766	0.05923	0.07482	0.01621	0.00935	0.00249	0.00374	0.01434	0.00873	0.00748
153	0.02750	0.03426	0.02279	0.02050	0.02388	0.57450	0.01567	0.02949	0.02069	0.01935	0.01194	0.01483	0.01025	0.00916	0.01041	0.00229	0.13400	0.00542	0.00398	0.00910
154	0.01133	0.00850	0.01274	0.01274	0.01416	0.00991	0.00991	0.01416	0.01274	0.01841	0.02124	0.03115	0.01982	0.05947	0.68989	0.01274	0.02124	0.00850	0.00425	0.00708
155	0.01644	0.01409	0.01644	0.01175	0.01879	0.01057	0.00940	0.01997	0.01644	0.02584	0.01409	0.01644	0.01175	0.00587	0.00587	0.00117	0.00587	0.00470	0.00470	0.76979
156	0.01788	0.01131	0.01510	0.06766	0.01993	0.01150	0.01241	0.04691	0.07918	0.13879	0.15020	0.05968	0.04055	0.01620	0.00953	0.00302	0.00677	0.27634	0.00779	0.00924
157	0.03394	0.01505	0.01924	0.01486	0.02095	0.01410	0.01224	0.13525	0.05589	0.54630	0.02939	0.02585	0.01888	0.00981	0.00797	0.00245	0.00704	0.00789	0.00943	0.01345
158	0.01924	0.01401	0.01673	0.01209	0.01900	0.01073	0.00973	0.02269	0.01736	0.12091	0.01660	0.01798	0.01290	0.00645	0.00618	0.00136	0.00600	0.00518	0.00544	0.65943
159	0.01644	0.01409	0.01644	0.01175	0.01879	0.01057	0.00940	0.01997	0.01644	0.02584	0.01409	0.01644	0.01175	0.00587	0.00587	0.00117	0.00587	0.00470	0.00470	0.76979
160	0.06695	0.01495	0.01822	0.01451	0.01994	0.01478	0.01184	0.15788	0.07409	0.38551	0.08091	0.02777	0.02284	0.01241	0.03766	0.00291	0.00746	0.00826	0.00872	0.01239
161	0.01644	0.01409	0.01644	0.01175	0.01879	0.01057	0.00940	0.01997	0.01644	0.02584	0.01409	0.01644	0.01175	0.00587	0.00587	0.00117	0.00587	0.00470	0.00470	0.76979
162	0.01266	0.00888	0.01188	0.01204	0.04652	0.00824	0.00837	0.01620	0.02158	0.05850	0.55455	0.05611	0.09057	0.04644	0.01057	0.00272	0.00435	0.01365	0.00830	0.00786
163	0.00937	0.00803	0.00803	0.00803	0.01071	0.00669	0.00602	0.01138	0.01807	0.02142	0.08033	0.07632	0.66863	0.02008	0.00937	0.00268	0.00402	0.01674	0.00736	0.00669
164	0.01869	0.02104	0.04481	0.03355	0.07363	0.02022	0.57667	0.02500	0.01833	0.02509	0.01568	0.02108	0.01197	0.00709	0.01018	0.00270	0.05051	0.00911	0.00398	0.01068
165	0.03353	0.01330	0.01790	0.01404	0.01980	0.01173	0.01147	0.03736	0.04998	0.61492	0.03198	0.06312	0.02154	0.01064	0.00809	0.00250	0.00661	0.00878	0.00961	0.01309
166	0.02955	0.02186	0.02348	0.01796	0.02434	0.02398	0.01482	0.61814	0.03638	0.04892	0.01882	0.01893	0.01341	0.00936	0.00784	0.00233	0.00860	0.00703	0.00779	0.04645
167	0.02955	0.02014	0.02223	0.01709	0.02324	0.02160	0.01408	0.51396	0.03392	0.13216	0.04866	0.02175	0.01691	0.00972	0.00792	0.00235	0.00814	0.00747	0.00810	0.04099
168	0.08689	0.10740	0.02355	0.01664	0.02241	0.08045	0.01374	0.33613	0.14541	0.03853	0.01913	0.01923	0.01433	0.00901	0.00724	0.00229	0.00842	0.00664	0.00673	0.03579
169	0.02871	0.02144	0.02301	0.01779	0.02402	0.02359	0.01462	0.56962	0.08618	0.04757	0.01989	0.01977	0.01427	0.00946	0.00785	0.00235	0.00840	0.00718	0.00780	0.04648
170	0.01104	0.00796	0.01047	0.01029	0.01195	0.00738	0.00765	0.01443	0.02122	0.02980	0.55325	0.15811	0.07049	0.01769	0.00952	0.00264	0.00399	0.03630	0.00848	0.00732
171	0.05291	0.01533	0.01901	0.05122	0.02185	0.01637	0.01295	0.11009	0.14527	0.29325	0.07899	0.02734	0.02248	0.01074	0.00992	0.00261	0.08151	0.00830	0.00797	0.01188
172	0.01265	0.00864	0.01115	0.04006	0.01406	0.00799	0.00813	0.01592	0.02083	0.07416	0.43968	0.10816	0.17499	0.01676	0.00926	0.00259	0.00437	0.01463	0.00823	0.00774
173	0.77733	0.01534	0.01166	0.01043	0.01534	0.01779	0.00859	0.02331	0.01350	0.03558	0.01104	0.01288	0.00859	0.00736	0.00491	0.00245	0.00613	0.00429	0.00491	0.00859
174	0.08025	0.14612	0.33457	0.02147	0.03037	0.02053	0.14573	0.04823	0.01784	0.02625	0.04645	0.01889	0.01369	0.00773	0.00738	0.00240	0.01054	0.00663	0.00406	0.01086
175	0.02962	0.03779	0.02247	0.02043	0.02451	0.68948	0.01532	0.03166	0.02247	0.01941	0.01226	0.01430	0.01021	0.00817	0.00715	0.00204	0.01430	0.00511	0.00409	0.00919
176	0.00966	0.00690	0.00920	0.01104	0.01150	0.00644	0.00736	0.01104	0.01518	0.02024	0.04371	0.71614	0.05245	0.02484	0.01012	0.00322	0.00460	0.02254	0.00736	0.00644
177	0.01725	0.01834	0.03583	0.26022	0.04310	0.01981	0.34454	0.02277	0.01683	0.02277	0.01460	0.02075	0.01131	0.00810	0.01117	0.00277	0.10807	0.00823	0.00377	0.00977
178	0.01098	0.00804	0.01030	0.00986	0.01173	0.00736	0.00735	0.01445	0.02170	0.03031	0.58487	0.09338	0.12608	0.01698	0.00939	0.00255	0.00381	0.01496	0.00854	0.00736
179	0.02553	0.02019	0.02078	0.01720	0.02256	0.05412	0.01377	0.30978	0.32308	0.06808	0.02537	0.02404	0.01856	0.01004	0.00796	0.00251	0.00778	0.00792	0.00789	0.01284
180	0.01478	0.00739	0.00739	0.00739	0.00924	0.00739	0.00554	0.01848	0.01663	0.02956	0.02587	0.02956	0.02033	0.00924	0.00554	0.00185	0.00370	0.00739	0.76534	0.00739
181	0.02329	0.01866	0.01978	0.01663	0.02175	0.02107	0.01326	0.27039	0.39696	0.03911	0.02910	0.02738	0.04500	0.01065	0.00807	0.00257	0.00712	0.00857	0.00799	0.01268
182	0.01549	0.00905	0.01197	0.01070	0.01332	0.00821	0.00821	0.01912	0.02249	0.14501	0.55606	0.05358	0.06514	0.01509	0.00911	0.00249	0.00427	0.01322	0.00892	0.00854
183	0.01146	0.00999	0.04562	0.01147	0.01389	0.00826	0.00962	0.01506	0.02009	0.02732	0.36196	0.10212	0.15638	0.01816	0.00968	0.00283	0.00508	0.15570	0.00783	0.00748
184	0.77733	0.01534	0.01166	0.01043	0.01534	0.01779	0.00859	0.02331	0.01350	0.03558	0.01104	0.01288	0.00859	0.00736	0.00491	0.00245	0.00613	0.00429	0.00491	0.00859
185	0.01614	0.07097	0.65230	0.02221	0.03371	0.01898	0.02861	0.02505	0.01671	0.02483	0.01409	0.01657	0.01005	0.00750	0.00743	0.00248	0.01158	0.00579	0.00335	0.01165
186	0.01910	0.01764	0.03511	0.14289	0.03766	0.01710	0.38396	0.02434	0.01803	0.09333	0.01861	0.05816	0.01476	0.00901	0.00976	0.03434	0.01115	0.00921	0.00473	0.04110
187	0.08566	0.63866	0.03827	0.01357	0.02009	0.05618	0.01322	0.02402	0.01614	0.02012	0.01107	0.01280	0.01004	0.00689	0.00515	0.00177	0.00851	0.00428	0.00355	0.01000
188	0.01112	0.00810	0.01046	0.00987	0.01179	0.00744	0.00740	0.01477	0.02221	0.03124	0.63603	0.06015	0.10680	0.01642	0.00935	0.00250	0.00376	0.01447	0.00866	0.00744
189	0.08199	0.04834	0.01509	0.01191	0.01565	0.01149	0.00941	0.02492	0.05133	0.24676	0.25895	0.09174	0.04134	0.04403	0.00966	0.00273	0.00555	0.01112	0.00820	0.00978
190	0.01048	0.00802	0.00961	0.00933	0.01142	0.00715	0.00695	0.01349	0.02053	0.02752	0.42681	0.09731	0.28656	0.01802	0.00940	0.00260	0.00388	0.01560	0.00817	0.00715
191	0.01776	0.31116	0.39179	0.01836	0.02760	0.02299	0.02192	0.02404	0.01679	0.02290	0.04710	0.01737	0.01348	0.00769	0.00666	0.00219	0.01002	0.00566	0.00365	0.01089
192	0.01136	0.00772	0.00860	0.00860	0.00882	0.00761	0.00490	0.01152	0.01206	0.01586	0.02946	0.05387	0.08054	0.66464	0.03786	0.00728	0.00739	0.01195	0.00501	0.00496
193	0.02132	0.04642	0.01947	0.01634	0.02100	0.07983	0.01286	0.09869	0.49278	0.03262	0.03006	0.02818	0.04406	0.01058	0.00790	0.00256	0.00724	0.00853	0.00750	0.01205
