[name]
unknown

[dist]
# distance from previous block
# <min> <max>
4	281

[block]
# block no. 0 follows, 23 sequences, length 13
# corresponding to MSA columns:
# 281-293
name=unknown_A
#
# <colnr> <probs for GDERKNQSTAVLIFYWHMCP>
#	G	D	E	R	K	N	Q	S	T	A	V	L	I	F	Y	W	H	M	C	P
0	0.04435	0.00892	0.01082	0.01103	0.01289	0.00860	0.00792	0.01719	0.05344	0.07607	0.16505	0.34225	0.09085	0.04872	0.01063	0.00308	0.00490	0.01674	0.05874	0.00783
1	0.01008	0.00721	0.00930	0.01088	0.01141	0.00674	0.00718	0.01137	0.01526	0.02022	0.04439	0.60643	0.08010	0.10168	0.01375	0.00378	0.00503	0.02153	0.00724	0.00642
2	0.01147	0.00776	0.00999	0.01082	0.01204	0.00713	0.00751	0.01344	0.01750	0.05230	0.17180	0.45727	0.11341	0.05366	0.01143	0.00326	0.00471	0.01962	0.00781	0.00708
3	0.01208	0.00768	0.01026	0.01147	0.01250	0.00708	0.00789	0.01380	0.01665	0.07262	0.08623	0.61103	0.05261	0.02360	0.01013	0.00318	0.00482	0.02131	0.00783	0.00723
4	0.37318	0.01503	0.01541	0.01250	0.01815	0.01533	0.01026	0.06362	0.01895	0.26469	0.02001	0.01963	0.01383	0.00849	0.00644	0.00237	0.00655	0.00606	0.03178	0.07774
5	0.04219	0.00809	0.01019	0.01045	0.01147	0.00782	0.00707	0.01396	0.01417	0.06299	0.03200	0.25401	0.06958	0.15702	0.02153	0.21024	0.00608	0.01374	0.04132	0.00607
6	0.06066	0.01184	0.01317	0.01234	0.01530	0.01239	0.00936	0.06514	0.17952	0.03108	0.24043	0.15800	0.12661	0.01614	0.00900	0.00274	0.00517	0.01387	0.00805	0.00918
7	0.17615	0.01157	0.01466	0.03093	0.01677	0.01148	0.03716	0.02083	0.01566	0.13456	0.06203	0.02475	0.01837	0.01567	0.01547	0.26463	0.00678	0.00718	0.04808	0.06726
8	0.01740	0.01282	0.01485	0.04130	0.01844	0.03303	0.01058	0.02517	0.18453	0.09909	0.03400	0.31223	0.03368	0.01609	0.00880	0.00273	0.00614	0.01411	0.00739	0.10759
9	0.01598	0.01002	0.01229	0.01204	0.01443	0.00953	0.00883	0.08693	0.01992	0.11526	0.06708	0.41141	0.14345	0.02040	0.00964	0.00297	0.00537	0.01794	0.00800	0.00850
10	0.01727	0.02293	0.15262	0.02469	0.02998	0.04093	0.23128	0.02219	0.01641	0.02309	0.01818	0.11537	0.01714	0.01182	0.01429	0.00300	0.21473	0.00991	0.00429	0.00987
11	0.38046	0.01432	0.01487	0.01225	0.01770	0.01453	0.01006	0.03029	0.01848	0.32846	0.02565	0.02423	0.05791	0.00957	0.00678	0.00253	0.00642	0.00699	0.00751	0.01098
12	0.20854	0.05996	0.01424	0.01194	0.01494	0.04146	0.00919	0.05966	0.01891	0.02968	0.18872	0.24169	0.04061	0.01555	0.00816	0.00269	0.00586	0.01305	0.00687	0.00829

[dist]
# distance from previous block
# <min> <max>
4	6

[block]
# block no. 1 follows, 23 sequences, length 32
# corresponding to MSA columns:
# 300-331
name=unknown_B
#
# <colnr> <probs for GDERKNQSTAVLIFYWHMCP>
#	G	D	E	R	K	N	Q	S	T	A	V	L	I	F	Y	W	H	M	C	P
0	0.01893	0.01486	0.01739	0.01256	0.01967	0.01172	0.01010	0.05742	0.01848	0.07020	0.01587	0.01769	0.01265	0.00649	0.00627	0.00136	0.00624	0.00517	0.00534	0.67156
1	0.01229	0.00822	0.01052	0.01142	0.01267	0.00779	0.00792	0.01511	0.04940	0.06255	0.10384	0.51334	0.07696	0.05330	0.01138	0.00333	0.00496	0.01986	0.00774	0.00740
2	0.01122	0.00819	0.01127	0.01160	0.01267	0.00877	0.00840	0.01333	0.01411	0.01960	0.06856	0.17115	0.05477	0.16723	0.37083	0.00920	0.01419	0.01272	0.00547	0.00671
3	0.02010	0.01942	0.09121	0.01797	0.02547	0.01535	0.11564	0.07477	0.07819	0.07893	0.01826	0.01999	0.01384	0.00740	0.00732	0.00194	0.00824	0.00658	0.00554	0.37383
4	0.01872	0.01601	0.01693	0.01500	0.01958	0.01765	0.01169	0.05812	0.48475	0.03219	0.03851	0.03605	0.11896	0.01202	0.00828	0.00262	0.00613	0.00997	0.00788	0.06893
5	0.01854	0.02091	0.04535	0.03269	0.04039	0.01960	0.59348	0.02503	0.01891	0.02564	0.01828	0.06713	0.01503	0.00806	0.00963	0.00277	0.01309	0.01046	0.00433	0.01066
6	0.01651	0.07170	0.64515	0.02272	0.03449	0.01943	0.02927	0.02564	0.01710	0.02541	0.01442	0.01695	0.01028	0.00768	0.00760	0.00253	0.01185	0.00592	0.00343	0.01192
7	0.03035	0.03762	0.02308	0.02076	0.02509	0.63903	0.01566	0.07219	0.02399	0.02192	0.01300	0.01495	0.01067	0.00845	0.00737	0.00211	0.01426	0.00536	0.00444	0.00970
8	0.01180	0.00787	0.00885	0.00885	0.00885	0.00787	0.00492	0.01180	0.01180	0.01573	0.02557	0.05310	0.02950	0.71483	0.04130	0.00787	0.00787	0.01180	0.00492	0.00492
9	0.02196	0.61118	0.03876	0.01437	0.02075	0.09531	0.01370	0.02459	0.01751	0.01994	0.04866	0.01591	0.01422	0.00764	0.00567	0.00182	0.00899	0.00502	0.00386	0.01015
10	0.01032	0.00738	0.00985	0.01138	0.01214	0.00692	0.00791	0.01222	0.01679	0.02262	0.13175	0.57774	0.05646	0.02398	0.01030	0.00322	0.00476	0.05974	0.00773	0.00680
11	0.02593	0.13556	0.06725	0.01901	0.05071	0.13927	0.01575	0.19453	0.11110	0.09106	0.02081	0.02383	0.01637	0.00974	0.00768	0.00240	0.00951	0.04130	0.00636	0.01183
12	0.01804	0.01806	0.03328	0.29283	0.28054	0.01910	0.17217	0.02357	0.01778	0.02417	0.01522	0.02111	0.01194	0.00747	0.00844	0.00260	0.01107	0.00779	0.00388	0.01092
13	0.01179	0.00790	0.00902	0.00902	0.00908	0.00796	0.00513	0.01191	0.01185	0.01586	0.02541	0.05222	0.02912	0.68763	0.06798	0.00808	0.00844	0.01167	0.00489	0.00501
14	0.01097	0.00791	0.01062	0.01240	0.01347	0.00755	0.00938	0.01322	0.01677	0.02201	0.04598	0.46452	0.08154	0.02414	0.01061	0.00342	0.00563	0.22542	0.00751	0.00691
15	0.77215	0.01569	0.01193	0.01067	0.01569	0.01820	0.00879	0.02385	0.01381	0.03641	0.01130	0.01318	0.00879	0.00753	0.00502	0.00251	0.00628	0.00439	0.00502	0.00879
16	0.02013	0.01835	0.02563	0.03314	0.34232	0.01973	0.01887	0.03402	0.33435	0.03023	0.02415	0.02518	0.01882	0.00912	0.00814	0.00258	0.00803	0.00820	0.00614	0.01285
17	0.01409	0.00705	0.01057	0.01057	0.01057	0.00705	0.00705	0.01057	0.01057	0.01409	0.01409	0.02467	0.01409	0.02819	0.03171	0.76392	0.00705	0.00705	0.00352	0.00352
18	0.01337	0.01131	0.01665	0.04919	0.01831	0.01433	0.01272	0.01610	0.01304	0.01911	0.01851	0.02773	0.01733	0.04620	0.47996	0.01008	0.19600	0.00821	0.00410	0.00775
19	0.02169	0.71972	0.04252	0.01388	0.02083	0.03211	0.01388	0.02430	0.01649	0.01909	0.01128	0.01302	0.01041	0.00694	0.00521	0.00174	0.00868	0.00434	0.00347	0.01041
20	0.01063	0.00819	0.00971	0.00948	0.01164	0.00727	0.00705	0.01361	0.02075	0.02761	0.39333	0.10520	0.30884	0.01868	0.00962	0.00267	0.00399	0.01614	0.00829	0.00727
21	0.03337	0.01314	0.01786	0.01392	0.01967	0.01141	0.01141	0.03659	0.02319	0.59210	0.10860	0.03164	0.02697	0.01084	0.00833	0.00252	0.00653	0.00895	0.00991	0.01306
22	0.01615	0.01206	0.01595	0.01766	0.11230	0.01184	0.01164	0.10131	0.02252	0.05892	0.24605	0.12968	0.13738	0.01601	0.00929	0.00271	0.00593	0.05566	0.00766	0.00928
23	0.08195	0.01393	0.01840	0.01420	0.02040	0.01231	0.01173	0.03857	0.02264	0.63063	0.03073	0.02672	0.01939	0.00989	0.00797	0.00251	0.00687	0.00793	0.00973	0.01350
24	0.02785	0.02134	0.02342	0.01978	0.05720	0.02372	0.01532	0.46961	0.17708	0.04593	0.02236	0.02198	0.01626	0.00990	0.00814	0.00251	0.00839	0.00773	0.00794	0.01353
25	0.02465	0.02143	0.02084	0.04329	0.06064	0.14295	0.01453	0.08994	0.35009	0.10408	0.02624	0.02523	0.01944	0.00998	0.00804	0.00255	0.00856	0.00798	0.00728	0.01226
26	0.01620	0.00905	0.00947	0.00895	0.01112	0.00934	0.00675	0.07567	0.01845	0.03070	0.02553	0.03081	0.02068	0.05752	0.04129	0.00287	0.00540	0.00787	0.60438	0.00796
27	0.01699	0.01476	0.01767	0.04613	0.02123	0.01240	0.01083	0.02172	0.05324	0.02626	0.01532	0.01789	0.01263	0.00680	0.00725	0.00148	0.04025	0.00529	0.00489	0.64697
28	0.01629	0.01335	0.01533	0.01422	0.01531	0.08497	0.01069	0.01622	0.01353	0.01821	0.01659	0.06695	0.01640	0.02431	0.09291	0.31518	0.15723	0.00798	0.04098	0.04336
29	0.01225	0.00917	0.01292	0.08119	0.01889	0.00931	0.01198	0.01551	0.01793	0.02345	0.08076	0.23164	0.07834	0.02126	0.01051	0.00340	0.00674	0.34016	0.00719	0.00739
30	0.01896	0.05574	0.03819	0.06744	0.21545	0.01994	0.31358	0.02441	0.01820	0.02518	0.01618	0.02263	0.01329	0.00783	0.00952	0.00257	0.04504	0.02727	0.00414	0.05443
31	0.10389	0.01736	0.02666	0.23548	0.21555	0.02022	0.05090	0.04969	0.01695	0.02553	0.01387	0.01937	0.01134	0.00903	0.01153	0.00276	0.14843	0.00700	0.00410	0.01036

[dist]
# distance from previous block
# <min> <max>
0	2

[block]
# block no. 2 follows, 23 sequences, length 17
# corresponding to MSA columns:
# 334-350
name=unknown_C
#
# <colnr> <probs for GDERKNQSTAVLIFYWHMCP>
#	G	D	E	R	K	N	Q	S	T	A	V	L	I	F	Y	W	H	M	C	P
0	0.01594	0.01509	0.02043	0.01791	0.01902	0.04424	0.03356	0.01815	0.01334	0.01948	0.01553	0.02474	0.01511	0.08249	0.22230	0.00657	0.36941	0.00787	0.00398	0.03483
1	0.01921	0.01751	0.02788	0.26192	0.35510	0.01894	0.02213	0.09276	0.01996	0.02715	0.01864	0.02329	0.04309	0.00845	0.00814	0.00253	0.00969	0.00770	0.00451	0.01138
2	0.43490	0.07424	0.07920	0.01767	0.07163	0.01930	0.06393	0.04890	0.01669	0.06281	0.01469	0.01835	0.01167	0.00813	0.00636	0.00250	0.00802	0.02585	0.00505	0.01009
3	0.07483	0.38648	0.09833	0.02044	0.10352	0.08042	0.01705	0.02465	0.01673	0.02203	0.01215	0.01494	0.01062	0.00795	0.00816	0.00217	0.08006	0.00523	0.00371	0.01052
4	0.08248	0.01460	0.01697	0.03842	0.02009	0.01507	0.01184	0.17303	0.07546	0.18554	0.08071	0.08581	0.09192	0.01342	0.00856	0.00270	0.00681	0.05752	0.00809	0.01098
5	0.03027	0.01598	0.01948	0.01503	0.02134	0.01508	0.01228	0.14977	0.08891	0.37508	0.02666	0.02446	0.01796	0.00938	0.00779	0.00229	0.00708	0.00751	0.00858	0.14507
6	0.01260	0.00888	0.00969	0.00938	0.01242	0.00756	0.00730	0.01490	0.01899	0.08829	0.07398	0.07399	0.54710	0.01962	0.00957	0.00279	0.00466	0.06285	0.00779	0.00761
7	0.71390	0.01625	0.01290	0.01130	0.01644	0.01875	0.00931	0.07205	0.01572	0.03756	0.01194	0.01368	0.00918	0.00771	0.00526	0.00250	0.00649	0.00462	0.00526	0.00918
8	0.02192	0.01925	0.02674	0.03374	0.34757	0.02056	0.01938	0.13333	0.22751	0.03306	0.02176	0.02330	0.01690	0.00888	0.00812	0.00253	0.00847	0.00788	0.00609	0.01301
9	0.01047	0.00706	0.00958	0.01120	0.01160	0.00665	0.00746	0.01120	0.01484	0.01979	0.04046	0.61413	0.04815	0.02581	0.01333	0.10925	0.00503	0.02084	0.00697	0.00616
10	0.01521	0.02497	0.28123	0.01797	0.02432	0.06597	0.05375	0.02104	0.01932	0.02664	0.21246	0.11694	0.03693	0.01309	0.00880	0.00267	0.00879	0.03445	0.00583	0.00960
11	0.01018	0.00729	0.00968	0.01110	0.01183	0.00679	0.00756	0.01204	0.01690	0.02289	0.15771	0.59036	0.05787	0.02380	0.01021	0.00316	0.00455	0.02153	0.00779	0.00679
12	0.01940	0.02443	0.11116	0.03408	0.10445	0.04740	0.48330	0.02611	0.01903	0.02576	0.01594	0.02090	0.01208	0.00703	0.00913	0.00266	0.01313	0.00878	0.00403	0.01119
13	0.01930	0.01676	0.02497	0.25175	0.22639	0.01765	0.01930	0.07453	0.06491	0.04698	0.01698	0.02093	0.01319	0.00787	0.00772	0.00232	0.00900	0.00696	0.00485	0.14763
14	0.47582	0.01767	0.01605	0.01342	0.01875	0.02004	0.01100	0.21507	0.05203	0.04072	0.04052	0.01783	0.01379	0.00874	0.00632	0.00250	0.00701	0.00593	0.00629	0.01049
15	0.08523	0.09759	0.13945	0.01628	0.02334	0.01882	0.01549	0.09759	0.14367	0.18054	0.02213	0.02160	0.01583	0.00886	0.00732	0.00235	0.00801	0.00684	0.00668	0.08239
16	0.04394	0.10805	0.02302	0.01641	0.02183	0.04816	0.01347	0.25516	0.23228	0.05918	0.07501	0.02546	0.02202	0.01026	0.00780	0.00245	0.00775	0.00801	0.00747	0.01226

[dist]
# distance from previous block
# <min> <max>
0	1

[block]
# block no. 3 follows, 23 sequences, length 25
# corresponding to MSA columns:
# 352-376
name=unknown_D
#
# <colnr> <probs for GDERKNQSTAVLIFYWHMCP>
#	G	D	E	R	K	N	Q	S	T	A	V	L	I	F	Y	W	H	M	C	P
0	0.21715	0.15245	0.05084	0.01896	0.04645	0.09289	0.09898	0.06856	0.12716	0.02976	0.01666	0.01824	0.01303	0.00815	0.00689	0.00239	0.00916	0.00636	0.00518	0.01074
1	0.02108	0.02015	0.07377	0.03615	0.39658	0.01904	0.02102	0.09665	0.10600	0.05330	0.05934	0.02400	0.01865	0.00875	0.00815	0.00248	0.00883	0.00791	0.00553	0.01260
2	0.01003	0.00753	0.00931	0.01036	0.01161	0.00680	0.00720	0.01194	0.01732	0.02265	0.13902	0.45815	0.21268	0.02296	0.01005	0.00305	0.00443	0.02039	0.00773	0.00680
3	0.02458	0.07347	0.05880	0.03292	0.31584	0.09287	0.02031	0.22277	0.02509	0.03316	0.01601	0.01867	0.01261	0.00816	0.00777	0.00234	0.00998	0.00678	0.00529	0.01258
4	0.01641	0.01037	0.01403	0.01475	0.01735	0.01027	0.01266	0.02129	0.05942	0.10720	0.07050	0.07806	0.04336	0.01984	0.01056	0.00346	0.00716	0.46675	0.00792	0.00862
5	0.02112	0.01721	0.02011	0.02059	0.10803	0.01909	0.01421	0.05957	0.47328	0.07446	0.03231	0.03051	0.05130	0.01082	0.00828	0.00268	0.00687	0.00914	0.00776	0.01267
6	0.01563	0.01470	0.02512	0.57685	0.09087	0.01760	0.04906	0.02095	0.01667	0.02158	0.01660	0.02653	0.01357	0.00902	0.00839	0.00276	0.01063	0.05030	0.00393	0.00923
7	0.01848	0.01580	0.01807	0.08825	0.04957	0.01767	0.01325	0.08666	0.37454	0.03135	0.03905	0.03763	0.15029	0.01236	0.00849	0.00270	0.00678	0.01033	0.00743	0.01131
8	0.04274	0.01186	0.01524	0.01516	0.04979	0.01179	0.01150	0.09404	0.02223	0.11737	0.21569	0.05621	0.04370	0.06565	0.01173	0.00325	0.00660	0.18830	0.00789	0.00928
9	0.01550	0.01259	0.01750	0.05387	0.07260	0.01294	0.05218	0.11054	0.06484	0.02712	0.03593	0.38916	0.06548	0.01816	0.00947	0.00296	0.00676	0.01639	0.00695	0.00907
10	0.01582	0.01481	0.02491	0.53488	0.16217	0.01751	0.02198	0.02087	0.01658	0.02177	0.01655	0.06622	0.01398	0.00908	0.00824	0.00269	0.01021	0.00825	0.00394	0.00954
11	0.03783	0.05012	0.02635	0.10010	0.02715	0.06456	0.08668	0.04386	0.01566	0.02202	0.01435	0.04758	0.01329	0.01503	0.05995	0.00370	0.35065	0.00784	0.00408	0.00921
12	0.69322	0.05341	0.01389	0.01114	0.01625	0.01905	0.00927	0.02487	0.04677	0.03535	0.01242	0.01406	0.00970	0.00768	0.00520	0.00248	0.00641	0.00464	0.00511	0.00908
13	0.01858	0.01724	0.05900	0.01749	0.04719	0.01748	0.01399	0.06640	0.39703	0.03263	0.10449	0.03985	0.03161	0.01269	0.00874	0.00281	0.00687	0.08663	0.00775	0.01155
14	0.01513	0.00756	0.00756	0.00756	0.00945	0.00756	0.00567	0.01891	0.01702	0.03025	0.02647	0.03025	0.02080	0.00945	0.00567	0.00189	0.00378	0.00756	0.75988	0.00756
15	0.01909	0.01952	0.05461	0.08241	0.44192	0.05855	0.02176	0.02455	0.04657	0.02601	0.05149	0.05116	0.01941	0.00943	0.00831	0.00253	0.00939	0.03697	0.00471	0.01160
16	0.01806	0.02921	0.32319	0.02589	0.06129	0.01857	0.19572	0.07699	0.01977	0.02780	0.01944	0.02904	0.01628	0.00964	0.00876	0.00276	0.01148	0.09025	0.00460	0.01127
17	0.01194	0.00986	0.01293	0.06412	0.06955	0.00939	0.01075	0.01510	0.01894	0.02412	0.13540	0.07015	0.33961	0.01848	0.00974	0.00292	0.00582	0.15631	0.00712	0.00775
18	0.02262	0.01786	0.01907	0.01600	0.02095	0.01979	0.01276	0.27377	0.29160	0.03934	0.07785	0.03347	0.09488	0.01196	0.00844	0.00261	0.00698	0.00971	0.00817	0.01219
19	0.56065	0.01496	0.01401	0.01374	0.05716	0.01651	0.01029	0.02481	0.01594	0.10528	0.05531	0.02179	0.01624	0.00904	0.00613	0.00256	0.00646	0.03377	0.00587	0.00947
20	0.01887	0.32747	0.24202	0.01679	0.02439	0.07635	0.01822	0.02378	0.01807	0.02300	0.09070	0.02302	0.04827	0.00906	0.00690	0.00218	0.00947	0.00674	0.00433	0.01036
21	0.01170	0.00868	0.01278	0.01290	0.01429	0.00995	0.01001	0.01447	0.01332	0.01899	0.02332	0.03696	0.02253	0.09874	0.60060	0.01213	0.01998	0.04695	0.00458	0.00712
22	0.06313	0.02837	0.33031	0.02508	0.10473	0.01810	0.10083	0.02349	0.01718	0.02612	0.06702	0.02234	0.01677	0.01212	0.05206	0.00331	0.06655	0.00746	0.00419	0.01086
23	0.01190	0.00941	0.01280	0.01588	0.08762	0.00912	0.01001	0.01534	0.05662	0.02296	0.06722	0.46430	0.11224	0.02142	0.00989	0.00310	0.00543	0.04971	0.00722	0.00782
24	0.02018	0.01743	0.01835	0.01651	0.02110	0.02018	0.01284	0.04312	0.64956	0.03394	0.03303	0.03027	0.02477	0.01101	0.00826	0.00275	0.00642	0.00917	0.00826	0.01284

[dist]
# distance from previous block
# <min> <max>
0	1

[block]
# block no. 4 follows, 23 sequences, length 6
# corresponding to MSA columns:
# 378-383
name=unknown_E
#
# <colnr> <probs for GDERKNQSTAVLIFYWHMCP>
#	G	D	E	R	K	N	Q	S	T	A	V	L	I	F	Y	W	H	M	C	P
0	0.12808	0.01718	0.01743	0.01567	0.02032	0.01990	0.01226	0.04035	0.55833	0.03430	0.02991	0.02782	0.02248	0.01051	0.00779	0.00272	0.00640	0.00849	0.00779	0.01226
1	0.01886	0.01491	0.01931	0.01389	0.02108	0.01164	0.05598	0.02266	0.01761	0.08768	0.01624	0.01823	0.01281	0.00645	0.00648	0.00144	0.00666	0.00548	0.00525	0.63733
2	0.77215	0.01569	0.01193	0.01067	0.01569	0.01820	0.00879	0.02385	0.01381	0.03641	0.01130	0.01318	0.00879	0.00753	0.00502	0.00251	0.00628	0.00439	0.00502	0.00879
3	0.01533	0.01437	0.02340	0.56466	0.04855	0.01807	0.02087	0.02019	0.01627	0.02146	0.06162	0.02405	0.01565	0.00946	0.01042	0.00279	0.09220	0.00775	0.00399	0.00890
4	0.01176	0.00809	0.01000	0.01038	0.01085	0.00826	0.00686	0.01274	0.01311	0.01762	0.02871	0.11018	0.03227	0.48036	0.12714	0.00773	0.00954	0.08335	0.00536	0.00570
5	0.01480	0.01169	0.01457	0.01459	0.04210	0.01315	0.01012	0.04594	0.13529	0.02260	0.02610	0.10104	0.02604	0.25793	0.16720	0.00678	0.06535	0.01094	0.00567	0.00812

[dist]
# distance from previous block
# <min> <max>
0	2

[block]
# block no. 5 follows, 23 sequences, length 33
# corresponding to MSA columns:
# 386-418
name=unknown_F
#
# <colnr> <probs for GDERKNQSTAVLIFYWHMCP>
#	G	D	E	R	K	N	Q	S	T	A	V	L	I	F	Y	W	H	M	C	P
0	0.01744	0.01564	0.01410	0.01275	0.01582	0.12336	0.00965	0.09493	0.06392	0.02928	0.22414	0.04696	0.17099	0.05953	0.01071	0.00281	0.00675	0.01166	0.06088	0.00868
1	0.02655	0.06387	0.04870	0.01694	0.02269	0.15902	0.04890	0.05313	0.06243	0.23129	0.06544	0.04373	0.02055	0.00971	0.00779	0.00228	0.00895	0.00783	0.00686	0.09333
2	0.01747	0.01624	0.02714	0.17211	0.42499	0.01686	0.02132	0.02206	0.01830	0.02559	0.08728	0.07387	0.02228	0.00972	0.00838	0.00255	0.00889	0.00916	0.00472	0.01107
3	0.01517	0.00818	0.01136	0.01099	0.01161	0.00840	0.00763	0.05252	0.01294	0.01787	0.01564	0.02502	0.01481	0.02698	0.05490	0.62894	0.00754	0.00717	0.05769	0.00464
4	0.32710	0.02344	0.05721	0.01675	0.02252	0.17372	0.05725	0.08741	0.02019	0.12114	0.01583	0.01699	0.01158	0.00825	0.00677	0.00242	0.00943	0.00586	0.00567	0.01046
5	0.02969	0.01460	0.01822	0.01482	0.02012	0.01415	0.01191	0.11507	0.11427	0.40658	0.05137	0.10209	0.02533	0.01202	0.00845	0.00262	0.00677	0.01002	0.00923	0.01269
6	0.02223	0.55402	0.08071	0.01736	0.06452	0.02965	0.01582	0.09106	0.01902	0.02349	0.01265	0.01445	0.01093	0.00731	0.00587	0.00191	0.00898	0.00496	0.00401	0.01104
7	0.01154	0.00840	0.01093	0.01060	0.01256	0.00779	0.00815	0.01525	0.02223	0.03099	0.55765	0.06504	0.10893	0.01746	0.00975	0.00269	0.00424	0.07950	0.00869	0.00759
8	0.02110	0.64603	0.11104	0.01489	0.02238	0.03067	0.01563	0.02445	0.01656	0.01981	0.01164	0.01346	0.01040	0.00703	0.00548	0.00183	0.00904	0.00452	0.00347	0.01058
9	0.05937	0.01629	0.01992	0.01548	0.02166	0.01590	0.01273	0.18634	0.06475	0.45697	0.02828	0.02528	0.01843	0.00994	0.00805	0.00251	0.00735	0.00788	0.00929	0.01358
10	0.01159	0.00869	0.01304	0.01304	0.01449	0.01014	0.01014	0.01449	0.01304	0.01884	0.02173	0.03188	0.02029	0.06086	0.68268	0.01304	0.02173	0.00869	0.00435	0.00724
11	0.01133	0.00829	0.01064	0.01005	0.01203	0.00759	0.00754	0.01502	0.02262	0.03170	0.61438	0.06199	0.12264	0.01690	0.00957	0.00257	0.00385	0.01487	0.00882	0.00759
12	0.01123	0.00824	0.01055	0.01024	0.01214	0.00756	0.00768	0.01470	0.02184	0.03031	0.53427	0.10630	0.13750	0.01781	0.00968	0.00266	0.00405	0.03710	0.00864	0.00749
13	0.01771	0.04351	0.02547	0.07417	0.02401	0.02458	0.01799	0.01980	0.01288	0.01961	0.01097	0.01788	0.01066	0.01345	0.02437	0.00342	0.62002	0.00701	0.00355	0.00894
14	0.02018	0.01743	0.01835	0.01651	0.02110	0.02018	0.01284	0.04312	0.64956	0.03394	0.03303	0.03027	0.02477	0.01101	0.00826	0.00275	0.00642	0.00917	0.00826	0.01284
15	0.02982	0.07781	0.02412	0.02050	0.02484	0.64490	0.01557	0.03194	0.02262	0.01981	0.01247	0.01454	0.01045	0.00828	0.00720	0.00207	0.01429	0.00518	0.00414	0.00946
16	0.01159	0.00869	0.01304	0.01304	0.01449	0.01014	0.01014	0.01449	0.01304	0.01884	0.02173	0.03188	0.02029	0.06086	0.68268	0.01304	0.02173	0.00869	0.00435	0.00724
17	0.02514	0.27423	0.07327	0.02286	0.13010	0.24668	0.01721	0.02842	0.01958	0.07232	0.01421	0.01615	0.01159	0.00776	0.00678	0.00208	0.01092	0.00553	0.00432	0.01085
18	0.01627	0.04197	0.67279	0.02313	0.03512	0.01884	0.02998	0.02570	0.01713	0.02570	0.01456	0.01713	0.01028	0.00771	0.00771	0.00257	0.01199	0.00600	0.00343	0.01199
19	0.01159	0.00869	0.01304	0.01304	0.01449	0.01014	0.01014	0.01449	0.01304	0.01884	0.02173	0.03188	0.02029	0.06086	0.68268	0.01304	0.02173	0.00869	0.00435	0.00724
20	0.03641	0.01381	0.01883	0.01444	0.02071	0.01193	0.01193	0.03954	0.02322	0.66984	0.03201	0.02762	0.02009	0.01004	0.00816	0.00251	0.00690	0.00816	0.01004	0.01381
21	0.01002	0.00785	0.00907	0.00958	0.01143	0.00691	0.00688	0.01217	0.01830	0.02338	0.17066	0.28288	0.35909	0.02146	0.00984	0.00289	0.00426	0.01865	0.00778	0.00691
22	0.01230	0.00914	0.01166	0.01144	0.01354	0.00885	0.00889	0.01748	0.07126	0.03052	0.46852	0.08735	0.08693	0.01755	0.00976	0.00279	0.00466	0.11086	0.00854	0.00797
23	0.01227	0.00856	0.01044	0.01058	0.01284	0.00769	0.00813	0.01498	0.01949	0.06429	0.21576	0.17354	0.28510	0.01994	0.00986	0.00291	0.00479	0.10327	0.00804	0.00753
24	0.01429	0.05072	0.01501	0.01464	0.01691	0.01130	0.01253	0.05665	0.01939	0.02525	0.03986	0.16507	0.04342	0.02111	0.01055	0.00348	0.00727	0.45734	0.00729	0.00793
25	0.02036	0.01758	0.01918	0.13837	0.04177	0.08459	0.01404	0.20760	0.06262	0.03149	0.06974	0.09144	0.09636	0.03778	0.02823	0.00306	0.00878	0.01037	0.00653	0.01010
26	0.01923	0.01804	0.02977	0.04322	0.54802	0.01765	0.02240	0.02384	0.01831	0.02634	0.01714	0.02481	0.01517	0.00818	0.00804	0.00237	0.00909	0.04984	0.00435	0.09418
27	0.01825	0.02115	0.09933	0.02936	0.10173	0.01817	0.35117	0.07149	0.01994	0.02716	0.02375	0.09949	0.05943	0.01012	0.00920	0.00272	0.01110	0.01075	0.00494	0.01074
28	0.01874	0.01831	0.03017	0.26997	0.41452	0.03963	0.04428	0.02374	0.01787	0.02430	0.01493	0.02051	0.01206	0.00756	0.00809	0.00251	0.01034	0.00724	0.00388	0.01136
29	0.02498	0.01801	0.02378	0.04254	0.06415	0.01778	0.07505	0.22325	0.06347	0.14135	0.02111	0.03856	0.01579	0.00890	0.00783	0.00224	0.00823	0.00759	0.00686	0.18853
30	0.33893	0.01687	0.01649	0.01351	0.01920	0.01803	0.01097	0.13702	0.11855	0.08201	0.01817	0.01863	0.01354	0.00838	0.00647	0.00231	0.00677	0.00600	0.00640	0.14173
31	0.49940	0.02019	0.13359	0.04250	0.02236	0.01782	0.05142	0.02345	0.01477	0.03182	0.01315	0.01624	0.01026	0.01175	0.05934	0.00337	0.00916	0.00545	0.00457	0.00938
32	0.02099	0.12093	0.31361	0.02103	0.02920	0.19338	0.06127	0.04873	0.01989	0.02478	0.05986	0.01945	0.01532	0.00843	0.00756	0.00235	0.01169	0.00649	0.00423	0.01081

[dist]
# distance from previous block
# <min> <max>
0	1

[block]
# block no. 6 follows, 23 sequences, length 53
# corresponding to MSA columns:
# 420-472
name=unknown_G
#
# <colnr> <probs for GDERKNQSTAVLIFYWHMCP>
#	G	D	E	R	K	N	Q	S	T	A	V	L	I	F	Y	W	H	M	C	P
0	0.02268	0.01817	0.02028	0.05265	0.04415	0.02035	0.01402	0.25669	0.29958	0.03792	0.02955	0.07325	0.05086	0.01168	0.00839	0.00266	0.00746	0.00962	0.00775	0.01230
1	0.01692	0.01472	0.01769	0.07542	0.08547	0.01616	0.01312	0.03074	0.35155	0.02980	0.10806	0.04034	0.14050	0.01269	0.00860	0.00269	0.00642	0.01083	0.00739	0.01088
2	0.06636	0.02177	0.02214	0.01782	0.02365	0.05382	0.01444	0.42802	0.19023	0.04461	0.02215	0.02165	0.01615	0.00988	0.00796	0.00250	0.00842	0.00753	0.00781	0.01310
3	0.01360	0.00857	0.01104	0.01060	0.01253	0.00786	0.00771	0.01644	0.02025	0.09171	0.38818	0.17977	0.09204	0.08751	0.01275	0.00323	0.00472	0.01545	0.00831	0.00775
4	0.01914	0.01832	0.03123	0.17772	0.54367	0.01903	0.02443	0.02408	0.01803	0.02536	0.01510	0.02039	0.01245	0.00740	0.00805	0.00247	0.00987	0.00723	0.00394	0.01209
5	0.00989	0.00706	0.00942	0.01130	0.01177	0.00659	0.00753	0.01130	0.01554	0.02071	0.04472	0.70954	0.05367	0.02542	0.01036	0.00330	0.00471	0.02307	0.00753	0.00659
6	0.01161	0.00861	0.01260	0.01260	0.01390	0.00990	0.00960	0.01421	0.01291	0.01851	0.02214	0.03410	0.02125	0.12925	0.61560	0.01250	0.02028	0.00902	0.00441	0.00700
7	0.30312	0.02014	0.01979	0.01573	0.02168	0.02261	0.01299	0.41190	0.02921	0.04573	0.01648	0.01717	0.01196	0.00893	0.00698	0.00246	0.00795	0.00624	0.00698	0.01196
8	0.01532	0.01442	0.02434	0.69533	0.05589	0.01803	0.02253	0.02073	0.01622	0.02073	0.01442	0.02163	0.01082	0.00811	0.00811	0.00270	0.01082	0.00721	0.00361	0.00901
9	0.02219	0.01875	0.02195	0.02254	0.13028	0.02098	0.01537	0.15306	0.42687	0.03596	0.02746	0.02650	0.02067	0.01013	0.00819	0.00263	0.00744	0.00849	0.00752	0.01303
10	0.01666	0.01301	0.02087	0.09213	0.12519	0.01299	0.06857	0.02095	0.01866	0.06802	0.03146	0.05969	0.03149	0.01570	0.00983	0.00315	0.00859	0.33557	0.00630	0.04118
11	0.01963	0.08881	0.34228	0.02012	0.02882	0.02060	0.03935	0.07264	0.20610	0.05080	0.02072	0.02132	0.01521	0.00881	0.00776	0.00255	0.00973	0.00706	0.00542	0.01226
12	0.01073	0.00778	0.01013	0.01057	0.01192	0.00718	0.00754	0.01348	0.01967	0.02714	0.37816	0.33169	0.09283	0.02044	0.00990	0.00287	0.00421	0.01828	0.00829	0.00718
13	0.01540	0.01442	0.02397	0.66168	0.05408	0.01767	0.02190	0.02072	0.01625	0.02101	0.01442	0.02140	0.01088	0.00801	0.00801	0.00263	0.01058	0.00709	0.00366	0.04622
14	0.01935	0.21899	0.02454	0.01296	0.01995	0.04142	0.01114	0.02259	0.01716	0.04462	0.01401	0.01599	0.01176	0.00649	0.00589	0.00143	0.00712	0.00479	0.00457	0.49524
15	0.02285	0.01875	0.01985	0.01705	0.02211	0.02143	0.01349	0.19146	0.49688	0.03824	0.02964	0.02758	0.02203	0.01069	0.00822	0.00267	0.00705	0.00871	0.00822	0.01308
16	0.01030	0.00774	0.00955	0.01017	0.01167	0.00699	0.00722	0.01263	0.01859	0.02468	0.24449	0.34694	0.21657	0.02144	0.00992	0.00292	0.00428	0.01895	0.00797	0.00699
17	0.01029	0.00761	0.00967	0.01083	0.01202	0.00699	0.00768	0.01235	0.01741	0.02298	0.14568	0.45588	0.16483	0.02300	0.01016	0.00311	0.00465	0.06026	0.00774	0.00686
18	0.01905	0.29922	0.37723	0.02002	0.02959	0.05125	0.05098	0.02545	0.01722	0.02295	0.01331	0.01568	0.01043	0.00740	0.00682	0.00224	0.01091	0.00550	0.00351	0.01124
19	0.02133	0.67403	0.08501	0.01451	0.02179	0.03121	0.01497	0.02439	0.01653	0.01954	0.01150	0.01329	0.01040	0.00699	0.00538	0.00179	0.00890	0.00445	0.00347	0.01052
20	0.01178	0.00790	0.00898	0.00894	0.00907	0.00785	0.00510	0.01204	0.01255	0.01686	0.06809	0.05360	0.03265	0.66803	0.03917	0.00751	0.00760	0.01199	0.00519	0.00510
21	0.01965	0.01854	0.02989	0.10611	0.50831	0.01930	0.02284	0.02728	0.11449	0.02709	0.01789	0.02178	0.01448	0.00789	0.00807	0.00249	0.00926	0.00752	0.00462	0.01249
22	0.02060	0.01709	0.02421	0.16718	0.03190	0.01893	0.10969	0.03526	0.35207	0.09393	0.02633	0.02684	0.01935	0.00964	0.00842	0.00271	0.00854	0.00870	0.00679	0.01182
23	0.01010	0.00725	0.00978	0.01140	0.01202	0.00694	0.00776	0.01174	0.01564	0.02105	0.06876	0.62447	0.05179	0.02806	0.06752	0.00409	0.00612	0.02149	0.00732	0.00669
24	0.02036	0.01026	0.01369	0.01171	0.01518	0.00918	0.00918	0.02394	0.02306	0.25953	0.43629	0.04886	0.05645	0.01426	0.00907	0.00254	0.00492	0.01235	0.00933	0.00985
25	0.02069	0.01676	0.02770	0.30997	0.27954	0.01803	0.04388	0.04811	0.01895	0.11196	0.01738	0.02178	0.01301	0.00805	0.00814	0.00256	0.00988	0.00744	0.00482	0.01136
26	0.01761	0.08577	0.43956	0.02420	0.03440	0.02029	0.15408	0.02714	0.07131	0.02597	0.01628	0.01894	0.01195	0.00775	0.00796	0.00256	0.01163	0.00689	0.00398	0.01173
27	0.01884	0.02193	0.06522	0.03187	0.03895	0.02112	0.52074	0.02500	0.01806	0.02500	0.01548	0.02110	0.01199	0.00799	0.01211	0.00285	0.11801	0.00908	0.00400	0.01066
28	0.77215	0.01569	0.01193	0.01067	0.01569	0.01820	0.00879	0.02385	0.01381	0.03641	0.01130	0.01318	0.00879	0.00753	0.00502	0.00251	0.00628	0.00439	0.00502	0.00879
29	0.01184	0.00884	0.01141	0.01275	0.01475	0.00842	0.01068	0.01491	0.01838	0.02333	0.05424	0.13624	0.22169	0.02212	0.01068	0.00342	0.00630	0.39528	0.00749	0.00723
30	0.11685	0.11597	0.02458	0.01644	0.02282	0.02351	0.01389	0.40166	0.03015	0.10599	0.01849	0.01858	0.01332	0.00901	0.00729	0.00232	0.00829	0.00656	0.00720	0.03709
31	0.02185	0.44181	0.22138	0.01661	0.02493	0.02592	0.01829	0.02648	0.01746	0.09713	0.01465	0.01591	0.01151	0.00753	0.00627	0.00207	0.00943	0.00526	0.00423	0.01127
32	0.02170	0.53006	0.13325	0.01741	0.05628	0.05548	0.01683	0.02542	0.01720	0.04414	0.01278	0.01458	0.01087	0.00724	0.00592	0.00194	0.00940	0.00491	0.00376	0.01085
33	0.06159	0.11353	0.02156	0.01577	0.02056	0.09332	0.01261	0.08619	0.31744	0.07329	0.02491	0.02609	0.01957	0.06637	0.01021	0.00290	0.00798	0.00783	0.00684	0.01144
34	0.00969	0.00822	0.00835	0.00832	0.01102	0.00689	0.00624	0.01183	0.01872	0.02246	0.11143	0.07721	0.63136	0.02035	0.00959	0.00273	0.00410	0.01700	0.00761	0.00689
35	0.01326	0.01022	0.01147	0.01072	0.01325	0.01003	0.00798	0.08686	0.04370	0.02633	0.15096	0.08833	0.29871	0.11584	0.07216	0.00429	0.00678	0.01411	0.00722	0.00778
36	0.01062	0.00890	0.00934	0.00925	0.01200	0.00793	0.00705	0.01431	0.06143	0.02375	0.12678	0.07396	0.54071	0.01965	0.00957	0.00277	0.00439	0.04254	0.00770	0.00735
37	0.01804	0.01691	0.02846	0.11070	0.50181	0.01722	0.02201	0.02240	0.01779	0.02503	0.01967	0.12537	0.01887	0.01009	0.00840	0.00258	0.00901	0.00964	0.00451	0.01150
38	0.01876	0.02083	0.06776	0.03582	0.23763	0.01871	0.33531	0.02462	0.01862	0.02603	0.01825	0.02276	0.03664	0.00745	0.00869	0.00249	0.01130	0.00854	0.00423	0.07555
39	0.02725	0.21021	0.02881	0.02158	0.07837	0.46053	0.01601	0.02970	0.02096	0.02023	0.01245	0.01469	0.01065	0.00790	0.00684	0.00203	0.01269	0.00517	0.00399	0.00996
40	0.02082	0.01872	0.03218	0.08988	0.54801	0.01876	0.05531	0.02567	0.01868	0.06946	0.01640	0.02079	0.01318	0.00746	0.00813	0.00245	0.00974	0.00741	0.00440	0.01256
41	0.67366	0.07679	0.04482	0.01151	0.01702	0.01942	0.01019	0.02397	0.01419	0.03444	0.01145	0.01335	0.00899	0.00749	0.00516	0.00245	0.00674	0.00446	0.00482	0.00907
42	0.01893	0.33929	0.33824	0.01842	0.02734	0.05056	0.02127	0.02468	0.01701	0.02232	0.01442	0.04711	0.01234	0.00821	0.00671	0.00222	0.01030	0.00602	0.00367	0.01094
43	0.01513	0.00756	0.00756	0.00756	0.00945	0.00756	0.00567	0.01891	0.01702	0.03025	0.02647	0.03025	0.02080	0.00945	0.00567	0.00189	0.00378	0.00756	0.75988	0.00756
44	0.01144	0.00963	0.03688	0.01047	0.01289	0.00800	0.00836	0.01526	0.02217	0.03092	0.56109	0.06109	0.14789	0.01674	0.00950	0.00258	0.00419	0.01464	0.00854	0.00773
45	0.01683	0.01442	0.01683	0.01202	0.01923	0.01082	0.00961	0.02043	0.01683	0.02644	0.01442	0.01683	0.01202	0.00601	0.00601	0.00120	0.00601	0.00481	0.00481	0.76444
46	0.71365	0.01773	0.06307	0.01163	0.01720	0.01825	0.01043	0.02399	0.01407	0.03558	0.01155	0.01349	0.00890	0.00755	0.00523	0.00252	0.00672	0.00452	0.00490	0.00904
47	0.01634	0.03823	0.58139	0.02260	0.03357	0.01841	0.05287	0.02604	0.04865	0.02646	0.04819	0.02017	0.01443	0.00829	0.00791	0.00258	0.01137	0.00674	0.00397	0.01177
48	0.01719	0.02117	0.13453	0.02245	0.02970	0.01647	0.24549	0.02535	0.09888	0.02726	0.06744	0.02902	0.04901	0.00923	0.00850	0.00245	0.00970	0.02996	0.00527	0.15096
49	0.01553	0.01361	0.06945	0.01291	0.01675	0.01149	0.01095	0.02349	0.14399	0.07489	0.40905	0.04664	0.05387	0.01379	0.00889	0.00252	0.00534	0.01194	0.00820	0.04672
50	0.08651	0.01602	0.08565	0.01393	0.01941	0.01305	0.01234	0.02921	0.10571	0.24512	0.17151	0.03459	0.05924	0.01138	0.00809	0.00248	0.00645	0.00939	0.00795	0.06196
51	0.02067	0.07270	0.26784	0.01915	0.02752	0.01730	0.07327	0.02896	0.09531	0.13663	0.04698	0.02246	0.01694	0.00853	0.00770	0.00235	0.00922	0.00716	0.00562	0.11371
52	0.01906	0.04636	0.05657	0.01544	0.04323	0.01346	0.04046	0.02408	0.04955	0.08153	0.01686	0.01863	0.01323	0.00682	0.00660	0.00160	0.00703	0.00566	0.00524	0.52860

[dist]
# distance from previous block
# <min> <max>
13	30

[block]
# block no. 7 follows, 23 sequences, length 119
# corresponding to MSA columns:
# 509-627
name=unknown_H
#
# <colnr> <probs for GDERKNQSTAVLIFYWHMCP>
#	G	D	E	R	K	N	Q	S	T	A	V	L	I	F	Y	W	H	M	C	P
0	0.01924	0.01486	0.01621	0.01504	0.01886	0.04398	0.01206	0.09305	0.22014	0.07630	0.03766	0.10442	0.08664	0.01536	0.00913	0.00290	0.00698	0.15840	0.00773	0.04105
1	0.02128	0.01716	0.01806	0.01474	0.02003	0.08502	0.01170	0.07567	0.07127	0.10342	0.02209	0.08134	0.01924	0.01037	0.00846	0.00211	0.04284	0.03935	0.00622	0.32966
2	0.01302	0.01036	0.01343	0.01354	0.01558	0.01053	0.03796	0.01932	0.14311	0.02392	0.04259	0.33386	0.09607	0.07389	0.01236	0.00354	0.00611	0.11542	0.00731	0.00808
3	0.01261	0.00885	0.00989	0.00978	0.01029	0.00913	0.00588	0.01513	0.08020	0.01790	0.02721	0.07966	0.03006	0.60907	0.03640	0.00712	0.00757	0.01202	0.00539	0.00584
4	0.02267	0.02427	0.02095	0.19177	0.03027	0.29712	0.01547	0.06876	0.01999	0.02231	0.01445	0.01969	0.01215	0.04127	0.01130	0.07598	0.01129	0.00631	0.00435	0.08964
5	0.55456	0.07596	0.01564	0.01167	0.01667	0.01894	0.00975	0.08242	0.01738	0.03594	0.08149	0.01885	0.01666	0.00866	0.00582	0.00244	0.00648	0.00577	0.00561	0.00929
6	0.02507	0.02082	0.05553	0.01754	0.02356	0.08881	0.04566	0.11222	0.23759	0.15563	0.02472	0.02388	0.01791	0.00935	0.00787	0.00239	0.00833	0.00762	0.00724	0.10826
7	0.01691	0.13846	0.50590	0.02195	0.05486	0.02003	0.02593	0.02473	0.01737	0.02497	0.04007	0.02109	0.01431	0.00847	0.00756	0.00248	0.01093	0.02870	0.00382	0.01146
8	0.03286	0.01719	0.02069	0.01596	0.02210	0.01714	0.01314	0.28344	0.02933	0.38377	0.05869	0.02595	0.02037	0.01025	0.00821	0.00248	0.00758	0.00814	0.00920	0.01349
9	0.01513	0.00756	0.00756	0.00756	0.00945	0.00756	0.00567	0.01891	0.01702	0.03025	0.02647	0.03025	0.02080	0.00945	0.00567	0.00189	0.00378	0.00756	0.75988	0.00756
10	0.05186	0.02157	0.05673	0.05400	0.19809	0.13427	0.04114	0.05034	0.10064	0.09941	0.02207	0.09474	0.01878	0.01032	0.00813	0.00254	0.00944	0.00884	0.00579	0.01128
11	0.06949	0.01576	0.01902	0.01514	0.02080	0.01556	0.01231	0.19392	0.05031	0.38778	0.02889	0.08954	0.02122	0.01133	0.00820	0.00257	0.00718	0.00920	0.00897	0.01283
12	0.06233	0.04561	0.15624	0.01693	0.02380	0.01599	0.03806	0.10329	0.04517	0.26801	0.02533	0.09570	0.01959	0.01071	0.00802	0.00254	0.00820	0.00885	0.00722	0.03840
13	0.01696	0.01462	0.01747	0.01354	0.04516	0.01116	0.01023	0.02061	0.01689	0.02644	0.01446	0.01696	0.01205	0.00606	0.00609	0.00125	0.00616	0.00490	0.00478	0.73422
14	0.02087	0.61617	0.13881	0.01530	0.02301	0.03008	0.01634	0.02451	0.01659	0.02010	0.01178	0.01364	0.01039	0.00706	0.00559	0.00186	0.00918	0.00459	0.00346	0.01065
15	0.02580	0.01747	0.01965	0.01596	0.02158	0.01839	0.01283	0.20593	0.25774	0.16870	0.05484	0.02669	0.02173	0.01020	0.00803	0.00245	0.00707	0.00825	0.00827	0.08843
16	0.77215	0.01569	0.01193	0.01067	0.01569	0.01820	0.00879	0.02385	0.01381	0.03641	0.01130	0.01318	0.00879	0.00753	0.00502	0.00251	0.00628	0.00439	0.00502	0.00879
17	0.01693	0.01478	0.01768	0.01301	0.01945	0.01232	0.01049	0.02033	0.01636	0.02570	0.01402	0.01693	0.01187	0.00689	0.00822	0.00145	0.08026	0.00505	0.00467	0.68360
18	0.01513	0.00756	0.00756	0.00756	0.00945	0.00756	0.00567	0.01891	0.01702	0.03025	0.02647	0.03025	0.02080	0.00945	0.00567	0.00189	0.00378	0.00756	0.75988	0.00756
19	0.01151	0.00774	0.00894	0.00922	0.00930	0.00767	0.00532	0.01172	0.01237	0.01649	0.02849	0.15345	0.03319	0.60945	0.03657	0.00717	0.00738	0.01352	0.00532	0.00517
20	0.69343	0.01549	0.01266	0.01107	0.01623	0.01753	0.00912	0.02553	0.01482	0.10418	0.01351	0.01473	0.01000	0.00780	0.00536	0.00251	0.00634	0.00480	0.00556	0.00932
21	0.01222	0.00879	0.01127	0.01218	0.01374	0.00867	0.00947	0.01517	0.04972	0.02176	0.04430	0.17973	0.14965	0.07774	0.04593	0.08551	0.00698	0.23353	0.00677	0.00686
22	0.01444	0.01202	0.01594	0.01561	0.04099	0.01403	0.01138	0.04693	0.01641	0.02299	0.11489	0.16831	0.05739	0.15614	0.02107	0.00410	0.21355	0.04015	0.00590	0.00775
23	0.01978	0.02266	0.08213	0.02545	0.03278	0.06814	0.32202	0.04883	0.07363	0.02698	0.01694	0.02048	0.01303	0.00758	0.00899	0.00239	0.03531	0.00784	0.00468	0.16038
24	0.01667	0.01655	0.02428	0.58737	0.05064	0.06918	0.02161	0.02152	0.01642	0.02056	0.01396	0.02077	0.01078	0.00864	0.00961	0.00273	0.06898	0.00705	0.00364	0.00903
25	0.01198	0.00891	0.01232	0.01213	0.01304	0.01019	0.00887	0.01389	0.01261	0.01788	0.02238	0.03793	0.02273	0.26776	0.44275	0.01088	0.05306	0.00960	0.00449	0.00659
26	0.01332	0.01069	0.01414	0.01320	0.01356	0.01293	0.00962	0.01452	0.01228	0.01752	0.02066	0.03842	0.02220	0.36527	0.19848	0.00802	0.19444	0.00978	0.00441	0.00655
27	0.01159	0.00869	0.01304	0.01304	0.01449	0.01014	0.01014	0.01449	0.01304	0.01884	0.02173	0.03188	0.02029	0.06086	0.68268	0.01304	0.02173	0.00869	0.00435	0.00724
28	0.03031	0.03867	0.02299	0.02090	0.02508	0.68226	0.01568	0.03240	0.02299	0.01986	0.01254	0.01463	0.01045	0.00836	0.00732	0.00209	0.01463	0.00523	0.00418	0.00941
29	0.03074	0.02176	0.02361	0.01823	0.02461	0.02387	0.01502	0.56016	0.06796	0.09882	0.02115	0.02067	0.01485	0.00983	0.00813	0.00246	0.00864	0.00747	0.00828	0.01375
30	0.02836	0.02149	0.02295	0.01817	0.02422	0.02400	0.01482	0.49884	0.18051	0.04713	0.02264	0.02199	0.01635	0.01004	0.00815	0.00251	0.00835	0.00774	0.00815	0.01358
31	0.02270	0.01618	0.01799	0.01494	0.01941	0.01708	0.01187	0.35296	0.02936	0.07046	0.10101	0.15134	0.11043	0.01459	0.00885	0.00264	0.00694	0.01212	0.00812	0.01101
32	0.01392	0.01072	0.01591	0.02015	0.11848	0.01069	0.01449	0.01764	0.01839	0.02435	0.03874	0.12994	0.04192	0.02026	0.01064	0.00349	0.00759	0.46749	0.00693	0.00825
33	0.03089	0.01894	0.02147	0.04208	0.02412	0.04060	0.01406	0.29506	0.11259	0.27514	0.02550	0.02384	0.01736	0.00992	0.00813	0.00250	0.00810	0.00780	0.00855	0.01336
34	0.01513	0.00756	0.00756	0.00756	0.00945	0.00756	0.00567	0.01891	0.01702	0.03025	0.02647	0.03025	0.02080	0.00945	0.00567	0.00189	0.00378	0.00756	0.75988	0.00756
35	0.01952	0.02731	0.23250	0.02949	0.03869	0.01941	0.40985	0.02687	0.01884	0.07162	0.01697	0.02087	0.01226	0.00733	0.00892	0.00267	0.01269	0.00841	0.00432	0.01146
36	0.01508	0.01173	0.01516	0.01533	0.04246	0.01191	0.03333	0.11141	0.06863	0.02796	0.07207	0.33221	0.09705	0.01925	0.00973	0.00303	0.00626	0.09115	0.00747	0.00877
37	0.01180	0.00787	0.00885	0.00885	0.00885	0.00787	0.00492	0.01180	0.01180	0.01573	0.02557	0.05310	0.02950	0.71483	0.04130	0.00787	0.00787	0.01180	0.00492	0.00492
38	0.05414	0.01992	0.02412	0.05626	0.11776	0.12683	0.11437	0.05342	0.12680	0.02722	0.05381	0.03306	0.13544	0.01095	0.00841	0.00255	0.00922	0.00957	0.00581	0.01035
39	0.01163	0.00855	0.01233	0.01233	0.01353	0.00976	0.00926	0.01403	0.01283	0.01831	0.02238	0.03547	0.02185	0.17159	0.57408	0.01216	0.01939	0.00922	0.00444	0.00685
40	0.77215	0.01569	0.01193	0.01067	0.01569	0.01820	0.00879	0.02385	0.01381	0.03641	0.01130	0.01318	0.00879	0.00753	0.00502	0.00251	0.00628	0.00439	0.00502	0.00879
41	0.77215	0.01569	0.01193	0.01067	0.01569	0.01820	0.00879	0.02385	0.01381	0.03641	0.01130	0.01318	0.00879	0.00753	0.00502	0.00251	0.00628	0.00439	0.00502	0.00879
42	0.01513	0.00756	0.00756	0.00756	0.00945	0.00756	0.00567	0.01891	0.01702	0.03025	0.02647	0.03025	0.02080	0.00945	0.00567	0.00189	0.00378	0.00756	0.75988	0.00756
43	0.01271	0.01236	0.08243	0.01416	0.01669	0.00975	0.01228	0.04264	0.01814	0.02435	0.06448	0.35652	0.04568	0.02140	0.01025	0.00331	0.00663	0.23123	0.00715	0.00785
44	0.77215	0.01569	0.01193	0.01067	0.01569	0.01820	0.00879	0.02385	0.01381	0.03641	0.01130	0.01318	0.00879	0.00753	0.00502	0.00251	0.00628	0.00439	0.00502	0.00879
45	0.03031	0.03867	0.02299	0.02090	0.02508	0.68226	0.01568	0.03240	0.02299	0.01986	0.01254	0.01463	0.01045	0.00836	0.00732	0.00209	0.01463	0.00523	0.00418	0.00941
46	0.05363	0.02093	0.04245	0.03311	0.09358	0.02077	0.48641	0.02511	0.01813	0.02582	0.01546	0.02089	0.01202	0.00769	0.01106	0.00278	0.08641	0.00887	0.00408	0.01079
47	0.03031	0.03867	0.02299	0.02090	0.02508	0.68226	0.01568	0.03240	0.02299	0.01986	0.01254	0.01463	0.01045	0.00836	0.00732	0.00209	0.01463	0.00523	0.00418	0.00941
48	0.03031	0.03867	0.02299	0.02090	0.02508	0.68226	0.01568	0.03240	0.02299	0.01986	0.01254	0.01463	0.01045	0.00836	0.00732	0.00209	0.01463	0.00523	0.00418	0.00941
49	0.01180	0.00787	0.00885	0.00885	0.00885	0.00787	0.00492	0.01180	0.01180	0.01573	0.02557	0.05310	0.02950	0.71483	0.04130	0.00787	0.00787	0.01180	0.00492	0.00492
50	0.01475	0.01769	0.13464	0.02177	0.12744	0.01347	0.06169	0.01957	0.01916	0.02734	0.24187	0.11008	0.03994	0.01338	0.00987	0.00267	0.04296	0.03557	0.00614	0.03999
51	0.02204	0.02011	0.01928	0.01714	0.02182	0.09249	0.01333	0.08409	0.53809	0.03363	0.02984	0.02781	0.02244	0.01063	0.00814	0.00266	0.00749	0.00861	0.00780	0.01254
52	0.01627	0.04197	0.67279	0.02313	0.03512	0.01884	0.02998	0.02570	0.01713	0.02570	0.01456	0.01713	0.01028	0.00771	0.00771	0.00257	0.01199	0.00600	0.00343	0.01199
53	0.01765	0.01680	0.02854	0.37984	0.35320	0.01864	0.02369	0.02277	0.01733	0.02356	0.01483	0.02088	0.01181	0.00768	0.00807	0.00256	0.01024	0.00722	0.00381	0.01089
