[name]
unknown

[dist]
# distance from previous block
# <min> <max>
1	31

[block]
# block no. 0 follows, 26 sequences, length 76
# corresponding to MSA columns:
# 32-107
name=unknown_A
#
# <colnr> <probs for GDERKNQSTAVLIFYWHMCP>
#	G	D	E	R	K	N	Q	S	T	A	V	L	I	F	Y	W	H	M	C	P
0	0.04824	0.08664	0.04482	0.03980	0.01961	0.01425	0.04183	0.09749	0.02007	0.21269	0.11352	0.04789	0.05393	0.07630	0.01031	0.00272	0.00692	0.00871	0.00669	0.04759
1	0.12136	0.25462	0.04893	0.04693	0.02028	0.10177	0.01239	0.04681	0.06492	0.05078	0.05961	0.02002	0.01623	0.03687	0.03184	0.00257	0.00846	0.00600	0.00473	0.04488
2	0.09196	0.01692	0.04951	0.16388	0.33605	0.03958	0.01904	0.02295	0.01645	0.07901	0.01550	0.01975	0.01231	0.01180	0.07082	0.00323	0.00999	0.00659	0.00425	0.01042
3	0.01781	0.01584	0.02690	0.03674	0.47248	0.01560	0.06138	0.02208	0.01781	0.05565	0.07919	0.05444	0.02169	0.00943	0.00806	0.00242	0.00831	0.05848	0.00482	0.01087
4	0.04712	0.00782	0.00987	0.01070	0.01214	0.00728	0.00757	0.01347	0.01543	0.06385	0.06169	0.54404	0.07523	0.02074	0.00913	0.00289	0.00469	0.04122	0.00702	0.03809
5	0.02037	0.01696	0.01969	0.01898	0.08353	0.01947	0.01375	0.11059	0.45091	0.05494	0.02584	0.02503	0.01951	0.01005	0.00925	0.00257	0.07178	0.00798	0.00698	0.01181
6	0.68117	0.01500	0.01316	0.01257	0.04612	0.01763	0.00968	0.02197	0.01299	0.03216	0.01068	0.01301	0.00855	0.00760	0.00667	0.00243	0.07123	0.00446	0.00453	0.00840
7	0.00921	0.00674	0.00866	0.01019	0.01090	0.00619	0.00688	0.01060	0.01488	0.01951	0.04630	0.64446	0.13129	0.02318	0.00959	0.00301	0.00433	0.02085	0.00704	0.00619
8	0.01068	0.00764	0.00937	0.00901	0.01090	0.00698	0.00673	0.01389	0.02000	0.02809	0.49321	0.07712	0.17697	0.01582	0.00864	0.00238	0.00365	0.01376	0.07818	0.00698
9	0.03223	0.01296	0.01807	0.07761	0.02237	0.01167	0.01205	0.03536	0.02111	0.62997	0.02842	0.02531	0.01798	0.00922	0.00762	0.00236	0.00679	0.00755	0.00884	0.01250
10	0.03265	0.01322	0.01756	0.01367	0.01940	0.01185	0.01123	0.03727	0.08117	0.63109	0.03001	0.02604	0.01918	0.00947	0.00764	0.00237	0.00641	0.00771	0.00924	0.01283
11	0.01812	0.01551	0.01651	0.01490	0.01896	0.01780	0.01156	0.03793	0.61293	0.03161	0.09038	0.03089	0.02758	0.01077	0.00783	0.00256	0.00578	0.00905	0.00778	0.01156
12	0.01103	0.00735	0.00827	0.00827	0.00827	0.00735	0.00460	0.01103	0.01103	0.01471	0.02390	0.04964	0.02758	0.73343	0.03861	0.00735	0.00735	0.01103	0.00460	0.00460
13	0.01799	0.01541	0.01639	0.01499	0.01893	0.01771	0.01155	0.03759	0.61230	0.03060	0.03187	0.09228	0.02562	0.01152	0.00790	0.00262	0.00586	0.00976	0.00766	0.01147
14	0.01514	0.01285	0.01510	0.01117	0.01734	0.00975	0.00881	0.01832	0.01562	0.02423	0.01607	0.08086	0.01479	0.00728	0.00599	0.00130	0.00551	0.00605	0.00473	0.70911
15	0.00990	0.00691	0.00857	0.00963	0.00996	0.00661	0.00609	0.01075	0.01330	0.01766	0.03612	0.45688	0.05957	0.28827	0.02045	0.00466	0.00549	0.01748	0.00613	0.00558
16	0.02023	0.01769	0.01787	0.01582	0.02025	0.05183	0.01235	0.09653	0.58327	0.03257	0.02880	0.02668	0.02158	0.01006	0.00766	0.00252	0.00658	0.00824	0.00752	0.01193
17	0.02077	0.05017	0.04424	0.07837	0.02277	0.01596	0.01287	0.10672	0.15330	0.13508	0.02131	0.05341	0.01661	0.00906	0.00782	0.00214	0.03693	0.00723	0.00619	0.19907
18	0.01780	0.02871	0.28295	0.02649	0.03481	0.08125	0.33876	0.02449	0.01727	0.02342	0.01415	0.01803	0.01058	0.00711	0.00877	0.00248	0.04174	0.00724	0.00359	0.01038
19	0.71773	0.01527	0.01221	0.01066	0.01548	0.01761	0.00878	0.08064	0.01499	0.03529	0.01126	0.01286	0.00864	0.00723	0.00496	0.00234	0.00609	0.00436	0.00496	0.00864
20	0.01521	0.03923	0.69413	0.02162	0.03283	0.01762	0.02802	0.02402	0.01601	0.02402	0.01361	0.01601	0.00961	0.00721	0.00721	0.00240	0.01121	0.00560	0.00320	0.01121
21	0.00978	0.00785	0.00882	0.00864	0.01096	0.00675	0.00642	0.01215	0.01806	0.02325	0.23423	0.13391	0.42186	0.01807	0.00888	0.00250	0.00391	0.01545	0.00728	0.04121
22	0.02684	0.05787	0.02198	0.02009	0.05335	0.62044	0.01464	0.02892	0.02092	0.01890	0.01444	0.01626	0.03714	0.00818	0.00689	0.00198	0.01288	0.00539	0.00401	0.00888
23	0.00986	0.00730	0.00937	0.01065	0.01160	0.00679	0.00725	0.01198	0.03690	0.02008	0.04139	0.64653	0.07096	0.02228	0.00940	0.00295	0.00449	0.02011	0.00694	0.04316
24	0.02685	0.01852	0.02103	0.01712	0.04661	0.01946	0.01354	0.43737	0.05096	0.13260	0.02033	0.02163	0.01488	0.00911	0.00748	0.00221	0.00768	0.02806	0.00734	0.09723
25	0.01239	0.01796	0.22109	0.01438	0.01928	0.01090	0.04541	0.01761	0.01933	0.02769	0.41794	0.07075	0.04877	0.01287	0.00844	0.00243	0.00640	0.01133	0.00650	0.00851
26	0.00896	0.00768	0.00768	0.00768	0.01025	0.00640	0.00576	0.01089	0.01729	0.02049	0.07684	0.07300	0.68304	0.01921	0.00896	0.00256	0.00384	0.01601	0.00704	0.00640
27	0.59894	0.01735	0.09813	0.03568	0.01827	0.01641	0.01122	0.02260	0.01410	0.05673	0.04275	0.01561	0.01177	0.00756	0.00542	0.00236	0.00660	0.00496	0.00480	0.00873
28	0.01639	0.01375	0.01757	0.06860	0.02168	0.01107	0.03711	0.02001	0.01600	0.04925	0.01418	0.01666	0.01144	0.00595	0.00599	0.00134	0.00631	0.00498	0.00456	0.65718
29	0.01084	0.00813	0.01219	0.01219	0.01354	0.00948	0.00948	0.01354	0.01219	0.01761	0.02032	0.02980	0.01896	0.05689	0.70337	0.01219	0.02032	0.00813	0.00406	0.00677
30	0.00972	0.00771	0.00873	0.00848	0.01071	0.00673	0.00636	0.01235	0.01908	0.02473	0.33543	0.06602	0.42180	0.01763	0.00896	0.00249	0.00373	0.01503	0.00760	0.00673
31	0.02019	0.71215	0.03993	0.01366	0.02019	0.02962	0.03623	0.02277	0.01550	0.01808	0.01072	0.01247	0.00980	0.00649	0.00501	0.00166	0.00828	0.00423	0.00327	0.00975
32	0.01084	0.00813	0.01219	0.01219	0.01354	0.00948	0.00948	0.01354	0.01219	0.01761	0.02032	0.02980	0.01896	0.05689	0.70337	0.01219	0.02032	0.00813	0.00406	0.00677
33	0.00924	0.00660	0.00880	0.01056	0.01100	0.00616	0.00704	0.01056	0.01452	0.01936	0.04181	0.72848	0.05017	0.02376	0.00968	0.00308	0.00440	0.02156	0.00704	0.00616
34	0.01515	0.01176	0.01433	0.01511	0.07607	0.01216	0.01032	0.04558	0.21674	0.05959	0.15240	0.17943	0.13070	0.01480	0.00848	0.00259	0.00532	0.01290	0.00731	0.00924
35	0.01614	0.03637	0.58093	0.02430	0.09397	0.04294	0.05262	0.02419	0.01641	0.02390	0.01367	0.01637	0.00992	0.00715	0.00729	0.00238	0.01116	0.00582	0.00331	0.01116
36	0.01857	0.01968	0.06270	0.09554	0.51299	0.04688	0.08599	0.02340	0.01729	0.02401	0.01417	0.01871	0.01161	0.00685	0.00762	0.00230	0.00977	0.00684	0.00371	0.01138
37	0.01790	0.02046	0.04476	0.03197	0.03964	0.01918	0.65857	0.02430	0.01790	0.02430	0.01535	0.02046	0.01151	0.00639	0.00895	0.00256	0.01279	0.00895	0.00384	0.01023
38	0.64929	0.01752	0.01312	0.01156	0.01627	0.09357	0.00937	0.06829	0.01547	0.03329	0.01123	0.01289	0.00872	0.00727	0.00514	0.00230	0.00691	0.00439	0.00481	0.00861
39	0.01040	0.00774	0.00967	0.00919	0.01112	0.00701	0.00689	0.01366	0.02067	0.02851	0.56611	0.05979	0.18876	0.01622	0.00895	0.00242	0.00363	0.01416	0.00810	0.00701
40	0.01845	0.01900	0.02530	0.16763	0.34852	0.12580	0.01956	0.02219	0.01695	0.02182	0.01693	0.05187	0.03781	0.00883	0.00896	0.00239	0.06655	0.00746	0.00394	0.01003
41	0.14609	0.02222	0.02165	0.02084	0.12077	0.15242	0.01466	0.31429	0.02596	0.06717	0.01573	0.01686	0.01171	0.00820	0.00698	0.00222	0.00900	0.00606	0.00594	0.01124
42	0.00965	0.00771	0.00863	0.00840	0.01067	0.00669	0.00630	0.01221	0.01891	0.02433	0.31076	0.06668	0.44672	0.01778	0.00896	0.00249	0.00374	0.01512	0.00755	0.00669
43	0.01103	0.00735	0.00827	0.00827	0.00827	0.00735	0.00460	0.01103	0.01103	0.01471	0.02390	0.04964	0.02758	0.73343	0.03861	0.00735	0.00735	0.01103	0.00460	0.00460
44	0.01067	0.00775	0.01005	0.00947	0.01129	0.00713	0.00711	0.01419	0.02132	0.03005	0.65993	0.05726	0.09398	0.01564	0.00895	0.00239	0.00359	0.01380	0.00830	0.00713
45	0.02833	0.03615	0.02149	0.01954	0.02345	0.70298	0.01466	0.03029	0.02149	0.01856	0.01172	0.01368	0.00977	0.00782	0.00684	0.00195	0.01368	0.00489	0.00391	0.00879
46	0.78701	0.01467	0.01115	0.00997	0.01467	0.01702	0.00821	0.02230	0.01291	0.03403	0.01056	0.01232	0.00821	0.00704	0.00469	0.00235	0.00587	0.00411	0.00469	0.00821
47	0.01887	0.01629	0.01715	0.01544	0.01972	0.01887	0.01201	0.04031	0.67241	0.03173	0.03087	0.02830	0.02315	0.01029	0.00772	0.00257	0.00600	0.00858	0.00772	0.01201
48	0.01887	0.01629	0.01715	0.01544	0.01972	0.01887	0.01201	0.04031	0.67241	0.03173	0.03087	0.02830	0.02315	0.01029	0.00772	0.00257	0.00600	0.00858	0.00772	0.01201
49	0.78701	0.01467	0.01115	0.00997	0.01467	0.01702	0.00821	0.02230	0.01291	0.03403	0.01056	0.01232	0.00821	0.00704	0.00469	0.00235	0.00587	0.00411	0.00469	0.00821
50	0.01521	0.03923	0.69413	0.02162	0.03283	0.01762	0.02802	0.02402	0.01601	0.02402	0.01361	0.01601	0.00961	0.00721	0.00721	0.00240	0.01121	0.00560	0.00320	0.01121
51	0.29809	0.01891	0.01864	0.01480	0.02038	0.02121	0.01221	0.43406	0.02758	0.04291	0.01549	0.01612	0.01124	0.00837	0.00656	0.00230	0.00747	0.00586	0.00656	0.01124
52	0.01211	0.00813	0.01073	0.01182	0.01348	0.00800	0.00984	0.01546	0.01755	0.02458	0.13261	0.12078	0.04399	0.01821	0.00927	0.00299	0.00567	0.38404	0.14378	0.00696
53	0.02904	0.02091	0.02255	0.01729	0.02335	0.02302	0.01428	0.63556	0.03510	0.07387	0.01869	0.01852	0.01314	0.00912	0.00759	0.00228	0.00827	0.00686	0.00766	0.01290
54	0.00943	0.00668	0.00874	0.01032	0.01071	0.00629	0.00678	0.01061	0.01415	0.01886	0.03989	0.65571	0.04775	0.09984	0.01278	0.00354	0.00472	0.02043	0.00678	0.00599
55	0.02490	0.01898	0.02022	0.01632	0.02162	0.02126	0.01322	0.42816	0.24397	0.04165	0.02266	0.02198	0.01656	0.00948	0.00753	0.00235	0.00736	0.00741	0.04202	0.01234
56	0.01110	0.00813	0.01049	0.01001	0.01186	0.00771	0.00756	0.01540	0.05022	0.02980	0.60613	0.07997	0.06759	0.01577	0.00898	0.00246	0.00385	0.03742	0.00822	0.00733
57	0.02432	0.12598	0.25584	0.01831	0.05258	0.01666	0.04239	0.02941	0.01852	0.31174	0.02032	0.01999	0.01376	0.00800	0.00713	0.00227	0.00868	0.00643	0.00593	0.01173
58	0.01521	0.03923	0.69413	0.02162	0.03283	0.01762	0.02802	0.02402	0.01601	0.02402	0.01361	0.01601	0.00961	0.00721	0.00721	0.00240	0.01121	0.00560	0.00320	0.01121
59	0.01432	0.01348	0.02275	0.71520	0.05224	0.01685	0.02107	0.01938	0.01517	0.01938	0.01348	0.02022	0.01011	0.00758	0.00758	0.00253	0.01011	0.00674	0.00337	0.00843
60	0.01845	0.01757	0.02988	0.04496	0.65331	0.01757	0.02274	0.02291	0.01728	0.02468	0.01553	0.02204	0.01356	0.00745	0.00765	0.00231	0.00891	0.03750	0.00391	0.01177
61	0.01623	0.09727	0.02321	0.11143	0.05161	0.01482	0.12709	0.04175	0.03900	0.07165	0.07002	0.15042	0.07951	0.01270	0.00829	0.00256	0.00772	0.06013	0.00569	0.00890
62	0.00924	0.00660	0.00880	0.01056	0.01100	0.00616	0.00704	0.01056	0.01452	0.01936	0.04181	0.72848	0.05017	0.02376	0.00968	0.00308	0.00440	0.02156	0.00704	0.00616
63	0.03219	0.01332	0.01755	0.01373	0.01941	0.01209	0.01125	0.03737	0.10084	0.61116	0.03004	0.02612	0.01931	0.00950	0.00764	0.00237	0.00640	0.00774	0.00918	0.01280
64	0.01793	0.06265	0.48856	0.02091	0.03047	0.04051	0.08442	0.02522	0.01713	0.09321	0.03815	0.01861	0.01287	0.00763	0.00737	0.00236	0.01056	0.00632	0.00411	0.01101
65	0.01710	0.08045	0.57012	0.02169	0.06295	0.01794	0.02559	0.02486	0.01646	0.07314	0.01466	0.01663	0.01041	0.00730	0.00710	0.00234	0.01055	0.00571	0.00369	0.01128
66	0.01318	0.00659	0.00988	0.00988	0.00988	0.00659	0.00659	0.00988	0.00988	0.01318	0.01318	0.02306	0.01318	0.02635	0.02964	0.77931	0.00659	0.00659	0.00329	0.00329
67	0.01414	0.00707	0.00707	0.00707	0.00884	0.00707	0.00530	0.01767	0.01591	0.02828	0.02474	0.02828	0.01944	0.00884	0.00530	0.00177	0.00353	0.00707	0.77554	0.00707
68	0.01602	0.01772	0.09089	0.23301	0.08783	0.01666	0.18795	0.06515	0.01736	0.02351	0.01866	0.12944	0.01699	0.00998	0.00882	0.00260	0.03409	0.00952	0.00437	0.00941
69	0.01736	0.01703	0.02961	0.21216	0.36181	0.01830	0.10935	0.02266	0.04000	0.02310	0.01449	0.01956	0.01171	0.00753	0.00902	0.00246	0.06237	0.00711	0.00378	0.01058
70	0.32623	0.01359	0.01510	0.01213	0.01754	0.01343	0.01001	0.03127	0.01829	0.43629	0.02241	0.02058	0.01468	0.00848	0.00649	0.00235	0.00623	0.00626	0.00757	0.01109
71	0.01810	0.01855	0.06235	0.11998	0.58339	0.01787	0.02326	0.02288	0.01697	0.02414	0.01415	0.01880	0.01168	0.00687	0.00750	0.00229	0.00924	0.00670	0.00368	0.01157
72	0.66871	0.01752	0.04572	0.01147	0.01649	0.06126	0.00986	0.04979	0.01457	0.03313	0.01111	0.01284	0.00858	0.00719	0.00508	0.00232	0.00673	0.00435	0.00469	0.00860
73	0.01777	0.01699	0.02897	0.19783	0.54271	0.01776	0.02278	0.02240	0.01680	0.02356	0.01409	0.01910	0.01158	0.00694	0.00753	0.00231	0.00926	0.00675	0.00367	0.01120
74	0.01098	0.00784	0.01079	0.01254	0.01375	0.00766	0.01006	0.01356	0.01623	0.02131	0.04085	0.35424	0.04638	0.02213	0.01014	0.00332	0.00590	0.37867	0.00701	0.00664
75	0.01927	0.50076	0.20358	0.01624	0.02385	0.05658	0.04403	0.02345	0.01594	0.01970	0.01157	0.01355	0.00978	0.00672	0.00572	0.00187	0.00934	0.00469	0.00329	0.01008

[dist]
# distance from previous block
# <min> <max>
0	1

[block]
# block no. 1 follows, 26 sequences, length 110
# corresponding to MSA columns:
# 109-218
name=unknown_B
#
# <colnr> <probs for GDERKNQSTAVLIFYWHMCP>
#	G	D	E	R	K	N	Q	S	T	A	V	L	I	F	Y	W	H	M	C	P
0	0.01074	0.00775	0.01014	0.00954	0.01133	0.00716	0.00716	0.01431	0.02147	0.03042	0.68211	0.05666	0.07157	0.01551	0.00895	0.00239	0.00358	0.01372	0.00835	0.00716
1	0.01024	0.00792	0.00818	0.00798	0.01060	0.00667	0.00597	0.01214	0.01726	0.05228	0.07256	0.06985	0.62612	0.04623	0.01004	0.00274	0.00410	0.01542	0.00706	0.00664
2	0.01061	0.00775	0.00997	0.00941	0.01126	0.00710	0.00706	0.01407	0.02118	0.02972	0.63970	0.05780	0.11442	0.01577	0.00895	0.00240	0.00360	0.01388	0.00826	0.00710
3	0.01707	0.01739	0.02316	0.01990	0.02006	0.05097	0.01652	0.01875	0.01202	0.01827	0.01003	0.01648	0.00995	0.01305	0.02416	0.00326	0.69075	0.00657	0.00334	0.00832
4	0.01074	0.00775	0.01014	0.00954	0.01133	0.00716	0.00716	0.01431	0.02147	0.03042	0.68211	0.05666	0.07157	0.01551	0.00895	0.00239	0.00358	0.01372	0.00835	0.00716
5	0.78701	0.01467	0.01115	0.00997	0.01467	0.01702	0.00821	0.02230	0.01291	0.03403	0.01056	0.01232	0.00821	0.00704	0.00469	0.00235	0.00587	0.00411	0.00469	0.00821
6	0.01506	0.00734	0.00756	0.00737	0.00932	0.00726	0.00557	0.01857	0.01618	0.05896	0.02498	0.02816	0.01941	0.00886	0.00541	0.00179	0.00367	0.00710	0.74009	0.00734
7	0.01233	0.00898	0.01196	0.01319	0.01486	0.00913	0.01081	0.04127	0.04627	0.02300	0.03843	0.24841	0.04215	0.02233	0.04059	0.00368	0.00690	0.39157	0.00693	0.00722
8	0.02880	0.02227	0.02268	0.01760	0.02352	0.07039	0.01443	0.61733	0.03469	0.04579	0.01776	0.01790	0.01268	0.00902	0.00754	0.00225	0.00871	0.00669	0.00733	0.01262
9	0.00947	0.00688	0.00893	0.01015	0.01099	0.00635	0.00695	0.01122	0.01591	0.02131	0.15187	0.56194	0.10598	0.02201	0.00950	0.00292	0.00422	0.01979	0.00726	0.00635
10	0.01924	0.01810	0.02984	0.04390	0.62732	0.01831	0.02239	0.05350	0.04578	0.02614	0.01515	0.01915	0.01253	0.00702	0.00752	0.00227	0.00885	0.00684	0.00410	0.01206
11	0.01986	0.67954	0.09449	0.01370	0.02059	0.02898	0.01424	0.02282	0.01546	0.01836	0.01080	0.01249	0.00972	0.00655	0.00506	0.00169	0.00837	0.00419	0.00324	0.00986
12	0.02786	0.02048	0.02191	0.01696	0.02278	0.02268	0.01396	0.61086	0.05961	0.04639	0.01897	0.01901	0.01356	0.00914	0.00750	0.00227	0.00806	0.00691	0.03846	0.01263
13	0.01794	0.02036	0.04417	0.03259	0.06693	0.01913	0.63175	0.02425	0.01788	0.02432	0.01530	0.02039	0.01153	0.00641	0.00889	0.00254	0.01263	0.00886	0.00383	0.01031
14	0.01663	0.21266	0.50149	0.02057	0.05840	0.02073	0.02406	0.02366	0.01592	0.02251	0.01288	0.01518	0.00975	0.00701	0.00664	0.00220	0.01034	0.00527	0.00324	0.01088
15	0.00924	0.00660	0.00880	0.01056	0.01100	0.00616	0.00704	0.01056	0.01452	0.01936	0.04181	0.72848	0.05017	0.02376	0.00968	0.00308	0.00440	0.02156	0.00704	0.00616
16	0.03403	0.01291	0.01760	0.01350	0.01936	0.01115	0.01115	0.03697	0.02171	0.69137	0.02992	0.02582	0.01878	0.00939	0.00763	0.00235	0.00645	0.00763	0.00939	0.01291
17	0.01528	0.01392	0.02241	0.51441	0.07062	0.01671	0.04298	0.04629	0.04513	0.02179	0.01619	0.05441	0.01320	0.00873	0.00832	0.00254	0.03695	0.00763	0.03366	0.00882
18	0.01659	0.01659	0.02323	0.01991	0.01991	0.02323	0.01659	0.01825	0.01162	0.01825	0.00996	0.01659	0.00996	0.01328	0.02489	0.00332	0.71955	0.00664	0.00332	0.00830
19	0.03403	0.01291	0.01760	0.01350	0.01936	0.01115	0.01115	0.03697	0.02171	0.69137	0.02992	0.02582	0.01878	0.00939	0.00763	0.00235	0.00645	0.00763	0.00939	0.01291
20	0.05803	0.01240	0.01679	0.01421	0.04744	0.01105	0.01096	0.03230	0.02115	0.53470	0.12963	0.02978	0.02627	0.01013	0.00772	0.00235	0.00610	0.00840	0.00880	0.01180
21	0.05320	0.08803	0.21997	0.02272	0.03053	0.01984	0.24486	0.14366	0.02014	0.02831	0.01594	0.04902	0.01264	0.00794	0.00769	0.00239	0.01042	0.00752	0.00449	0.01070
22	0.01197	0.00867	0.00949	0.00894	0.01177	0.00770	0.00682	0.01545	0.05933	0.07927	0.16240	0.06373	0.49237	0.01726	0.00877	0.00252	0.00416	0.01449	0.00748	0.00742
23	0.59050	0.01724	0.06994	0.01730	0.13320	0.01724	0.01245	0.02261	0.01392	0.03161	0.01145	0.01375	0.00899	0.00701	0.00539	0.00234	0.00685	0.00469	0.00441	0.00912
24	0.03403	0.01291	0.01760	0.01350	0.01936	0.01115	0.01115	0.03697	0.02171	0.69137	0.02992	0.02582	0.01878	0.00939	0.00763	0.00235	0.00645	0.00763	0.00939	0.01291
25	0.02093	0.68241	0.03836	0.01342	0.01978	0.05821	0.01310	0.04612	0.01640	0.01896	0.01087	0.01245	0.00985	0.00664	0.00505	0.00166	0.00836	0.00419	0.00343	0.00981
26	0.60867	0.01465	0.01292	0.01100	0.01598	0.01622	0.00906	0.05553	0.01566	0.15880	0.01458	0.01515	0.01043	0.00758	0.00539	0.00234	0.00610	0.00490	0.00572	0.00932
27	0.00896	0.00768	0.00768	0.00768	0.01025	0.00640	0.00576	0.01089	0.01729	0.02049	0.07684	0.07300	0.68304	0.01921	0.00896	0.00256	0.00384	0.01601	0.00704	0.00640
28	0.03366	0.01351	0.01798	0.01378	0.01966	0.01204	0.01138	0.08200	0.02272	0.64491	0.02908	0.02527	0.01835	0.00937	0.00762	0.00234	0.00659	0.00757	0.00926	0.01291
29	0.01169	0.00796	0.01044	0.00970	0.01166	0.00732	0.00732	0.01524	0.02148	0.05739	0.65550	0.05540	0.06942	0.01526	0.00889	0.00238	0.00370	0.01347	0.00839	0.00739
30	0.00923	0.00777	0.00806	0.00820	0.01070	0.00660	0.00630	0.01128	0.01730	0.02067	0.07382	0.07403	0.63036	0.01935	0.00909	0.00264	0.00410	0.06701	0.00704	0.00645
31	0.03112	0.01758	0.02049	0.01571	0.02169	0.01808	0.01298	0.38652	0.02953	0.33077	0.02336	0.02156	0.01548	0.00923	0.00761	0.00231	0.00751	0.00718	0.00838	0.01290
32	0.01573	0.01348	0.01573	0.01123	0.01798	0.01011	0.00899	0.01910	0.01573	0.02472	0.01348	0.01573	0.01123	0.00562	0.00562	0.00112	0.00562	0.00449	0.00449	0.77980
33	0.02345	0.01692	0.01821	0.01455	0.01881	0.01849	0.01140	0.45940	0.02824	0.03816	0.02002	0.02698	0.01708	0.20048	0.01568	0.00359	0.00786	0.00795	0.04229	0.01044
34	0.01101	0.00745	0.00876	0.00876	0.00893	0.00762	0.00521	0.01134	0.01118	0.01507	0.02345	0.04716	0.02650	0.64901	0.12156	0.00796	0.00897	0.01067	0.00453	0.00487
35	0.01088	0.00729	0.00832	0.00846	0.00850	0.00726	0.00480	0.01099	0.01132	0.01509	0.02536	0.10515	0.02942	0.67540	0.03624	0.00700	0.00711	0.01189	0.00480	0.00472
36	0.01877	0.01802	0.03079	0.04656	0.68612	0.01802	0.02328	0.02328	0.01727	0.02478	0.01427	0.01877	0.01201	0.00676	0.00751	0.00225	0.00901	0.00676	0.00375	0.01201
37	0.01631	0.01382	0.01604	0.01151	0.01822	0.01070	0.00923	0.04741	0.01661	0.02573	0.01369	0.01584	0.01131	0.00577	0.00570	0.00117	0.00574	0.00460	0.00463	0.74597
38	0.05122	0.01575	0.02076	0.11196	0.10275	0.01649	0.04388	0.17670	0.09330	0.13528	0.02675	0.02718	0.09438	0.00967	0.00764	0.00235	0.00757	0.00812	0.00640	0.04184
39	0.02351	0.05674	0.02046	0.01694	0.02149	0.23743	0.01327	0.13426	0.33476	0.02944	0.02185	0.02132	0.01666	0.00914	0.00729	0.00229	0.00891	0.00692	0.00628	0.01102
40	0.03245	0.01295	0.01793	0.01488	0.04988	0.01132	0.01156	0.03548	0.02150	0.63573	0.05370	0.02665	0.02045	0.00950	0.00767	0.00234	0.00646	0.00782	0.00909	0.01265
41	0.04684	0.41489	0.25412	0.01593	0.02342	0.02416	0.01774	0.02258	0.01558	0.02103	0.03853	0.01545	0.01213	0.00743	0.00676	0.00202	0.04282	0.00508	0.00349	0.01000
42	0.06332	0.04078	0.01752	0.01310	0.01843	0.01246	0.01080	0.06096	0.04204	0.51064	0.10338	0.02801	0.02395	0.00990	0.00755	0.00233	0.00623	0.00803	0.00869	0.01188
43	0.00935	0.00679	0.00883	0.01023	0.01097	0.00627	0.00695	0.01092	0.01537	0.02044	0.10147	0.61477	0.10434	0.02266	0.00956	0.00298	0.00428	0.02041	0.00716	0.00627
44	0.01519	0.01436	0.02431	0.58569	0.17502	0.01708	0.02149	0.02013	0.01557	0.02043	0.01363	0.01994	0.01048	0.00742	0.00757	0.00247	0.00990	0.00674	0.00344	0.00912
45	0.01776	0.01416	0.03960	0.09622	0.11419	0.01407	0.05405	0.05441	0.12262	0.10136	0.02791	0.12388	0.02592	0.01302	0.00856	0.00274	0.00761	0.14585	0.00627	0.00981
46	0.01100	0.00746	0.00880	0.00880	0.00898	0.00764	0.00525	0.01137	0.01119	0.01510	0.02342	0.04698	0.02642	0.64297	0.12749	0.00800	0.00909	0.01064	0.00452	0.00489
47	0.00940	0.00682	0.00892	0.01053	0.01123	0.00634	0.00725	0.01090	0.01493	0.01966	0.04460	0.63519	0.10200	0.02322	0.00967	0.00306	0.00451	0.05850	0.00704	0.00623
48	0.01736	0.01823	0.03598	0.06044	0.23178	0.01808	0.35941	0.02262	0.01685	0.02342	0.01515	0.02059	0.01219	0.01121	0.06917	0.00333	0.04206	0.00804	0.00379	0.01032
49	0.01670	0.06032	0.52052	0.02092	0.03025	0.01839	0.05155	0.02481	0.04511	0.05547	0.01479	0.01712	0.01076	0.00792	0.00880	0.00247	0.07337	0.00601	0.00374	0.01097
50	0.01059	0.00775	0.00994	0.00939	0.01124	0.00710	0.00704	0.01404	0.02113	0.02962	0.63351	0.05797	0.12067	0.01580	0.00895	0.00240	0.00360	0.01390	0.00824	0.00710
51	0.03297	0.01461	0.01866	0.01430	0.02021	0.01368	0.01182	0.16451	0.02456	0.55980	0.02753	0.02426	0.01757	0.00933	0.00762	0.00233	0.00684	0.00746	0.00902	0.01291
52	0.02871	0.05004	0.02268	0.03839	0.08283	0.01937	0.01435	0.36738	0.02829	0.23887	0.02093	0.02036	0.01438	0.00882	0.00747	0.00227	0.00787	0.00694	0.00748	0.01256
53	0.02523	0.01269	0.04510	0.01265	0.01733	0.01063	0.01060	0.05511	0.02155	0.41373	0.21965	0.03506	0.03395	0.04019	0.00924	0.00256	0.00594	0.00943	0.00854	0.01081
54	0.03213	0.01249	0.01699	0.01317	0.01871	0.01082	0.01082	0.03511	0.02169	0.63730	0.08328	0.02834	0.02309	0.00989	0.00774	0.00235	0.00622	0.00813	0.00930	0.01244
55	0.01573	0.01348	0.01573	0.01123	0.01798	0.01011	0.00899	0.01910	0.01573	0.02472	0.01348	0.01573	0.01123	0.00562	0.00562	0.00112	0.00562	0.00449	0.00449	0.77980
56	0.02315	0.08121	0.07406	0.01847	0.04732	0.14957	0.05970	0.07771	0.17032	0.12604	0.02026	0.02071	0.01508	0.00870	0.00793	0.00229	0.03844	0.00681	0.04140	0.01084
57	0.00959	0.00686	0.00913	0.01049	0.01120	0.00641	0.00722	0.01136	0.01581	0.02137	0.15221	0.59339	0.05366	0.02226	0.00958	0.00297	0.00434	0.03854	0.00727	0.00636
58	0.01573	0.01348	0.01573	0.01123	0.01798	0.01011	0.00899	0.01910	0.01573	0.02472	0.01348	0.01573	0.01123	0.00562	0.00562	0.00112	0.00562	0.00449	0.00449	0.77980
59	0.01100	0.00741	0.00864	0.00891	0.00909	0.00738	0.00541	0.01138	0.01182	0.01571	0.02658	0.10325	0.03059	0.62168	0.03413	0.00672	0.00710	0.06332	0.00498	0.00491
60	0.01084	0.00813	0.01219	0.01219	0.01354	0.00948	0.00948	0.01354	0.01219	0.01761	0.02032	0.02980	0.01896	0.05689	0.70337	0.01219	0.02032	0.00813	0.00406	0.00677
61	0.01084	0.00813	0.01219	0.01219	0.01354	0.00948	0.00948	0.01354	0.01219	0.01761	0.02032	0.02980	0.01896	0.05689	0.70337	0.01219	0.02032	0.00813	0.00406	0.00677
62	0.01084	0.00813	0.01219	0.01219	0.01354	0.00948	0.00948	0.01354	0.01219	0.01761	0.02032	0.02980	0.01896	0.05689	0.70337	0.01219	0.02032	0.00813	0.00406	0.00677
63	0.01681	0.01723	0.02675	0.02188	0.02314	0.02257	0.12145	0.01924	0.01264	0.01924	0.01084	0.01723	0.01021	0.01215	0.02229	0.00319	0.60411	0.00702	0.00340	0.00861
64	0.00922	0.00747	0.00822	0.00868	0.01068	0.00646	0.00637	0.01113	0.01680	0.02069	0.09060	0.22910	0.48380	0.02022	0.00919	0.00271	0.00409	0.04107	0.00709	0.00640
65	0.01573	0.01348	0.01573	0.01123	0.01798	0.01011	0.00899	0.01910	0.01573	0.02472	0.01348	0.01573	0.01123	0.00562	0.00562	0.00112	0.00562	0.00449	0.00449	0.77980
66	0.08753	0.01672	0.01899	0.01479	0.02055	0.04347	0.01215	0.24156	0.02566	0.40348	0.02390	0.02182	0.01570	0.00906	0.00737	0.00231	0.00733	0.00699	0.00823	0.01239
67	0.01024	0.00758	0.00953	0.01018	0.01165	0.00703	0.00762	0.01263	0.01735	0.02297	0.22273	0.24970	0.18723	0.05985	0.01110	0.00310	0.00470	0.13101	0.00725	0.00655
68	0.01887	0.01629	0.01715	0.01544	0.01972	0.01887	0.01201	0.04031	0.67241	0.03173	0.03087	0.02830	0.02315	0.01029	0.00772	0.00257	0.00600	0.00858	0.00772	0.01201
69	0.75927	0.04084	0.01218	0.01008	0.01484	0.01749	0.00839	0.02231	0.01300	0.03345	0.01056	0.01232	0.00827	0.00702	0.00470	0.00232	0.00595	0.00411	0.00464	0.00827
70	0.01054	0.00766	0.00992	0.00954	0.01126	0.00705	0.00708	0.01387	0.02074	0.02911	0.60473	0.10922	0.09821	0.01631	0.00900	0.00245	0.00365	0.01443	0.00819	0.00705
71	0.02581	0.05767	0.02318	0.02159	0.09878	0.38045	0.01539	0.08569	0.04245	0.07782	0.01449	0.01641	0.01152	0.00856	0.00896	0.00221	0.08856	0.00578	0.00471	0.00997
72	0.01032	0.00739	0.00974	0.01026	0.01145	0.00693	0.00744	0.01288	0.01804	0.02488	0.35561	0.30994	0.05907	0.05226	0.01073	0.00297	0.00436	0.07151	0.00757	0.00665
73	0.01642	0.07289	0.07018	0.11767	0.08081	0.06153	0.01411	0.02013	0.01594	0.02228	0.01560	0.07892	0.01419	0.00816	0.00713	0.00185	0.02877	0.00665	0.00423	0.34253
74	0.02409	0.01131	0.01484	0.01219	0.01635	0.01031	0.00973	0.06961	0.02226	0.37725	0.26875	0.06630	0.03906	0.01222	0.00820	0.00239	0.00544	0.01040	0.00879	0.01051
75	0.01909	0.01477	0.02126	0.42862	0.03921	0.01712	0.01764	0.17082	0.02091	0.08217	0.04812	0.02492	0.01587	0.00907	0.00778	0.00249	0.00895	0.03620	0.00525	0.00972
76	0.01936	0.61120	0.15849	0.01455	0.02189	0.02776	0.01571	0.02295	0.01552	0.01897	0.01110	0.01287	0.00971	0.00662	0.00529	0.00176	0.00867	0.00434	0.00324	0.01000
77	0.01008	0.00749	0.00939	0.00942	0.01106	0.00680	0.00687	0.01286	0.01918	0.02616	0.43013	0.20619	0.18041	0.01799	0.00911	0.00257	0.00381	0.01585	0.00782	0.00680
78	0.00937	0.00695	0.00874	0.00987	0.01089	0.00633	0.00680	0.01107	0.01590	0.02091	0.12521	0.51876	0.17772	0.02188	0.00945	0.00289	0.00419	0.01953	0.00720	0.00633
79	0.01723	0.09412	0.47197	0.02092	0.03011	0.10123	0.07611	0.02423	0.01704	0.02317	0.04516	0.01772	0.01275	0.00755	0.00719	0.00229	0.01102	0.00605	0.00359	0.01052
80	0.59189	0.09538	0.01575	0.01172	0.01649	0.12054	0.00968	0.02353	0.01446	0.02999	0.01073	0.01251	0.00861	0.00710	0.00503	0.00221	0.00727	0.00422	0.00442	0.00846
81	0.00896	0.00768	0.00768	0.00768	0.01025	0.00640	0.00576	0.01089	0.01729	0.02049	0.07684	0.07300	0.68304	0.01921	0.00896	0.00256	0.00384	0.01601	0.00704	0.00640
82	0.01597	0.09389	0.55713	0.02225	0.03261	0.01883	0.10792	0.02395	0.01621	0.02355	0.01358	0.01627	0.00986	0.00704	0.00724	0.00236	0.01116	0.00591	0.00329	0.01096
83	0.02097	0.10922	0.21167	0.05351	0.14015	0.11418	0.07501	0.02680	0.04692	0.10687	0.01607	0.01805	0.01200	0.00749	0.00718	0.00224	0.01008	0.00624	0.00444	0.01088
84	0.01193	0.01353	0.10215	0.04416	0.01984	0.01046	0.09937	0.01603	0.03782	0.02215	0.08703	0.35251	0.09330	0.01700	0.00903	0.00280	0.00669	0.04033	0.00609	0.00778
85	0.00896	0.00768	0.00768	0.00768	0.01025	0.00640	0.00576	0.01089	0.01729	0.02049	0.07684	0.07300	0.68304	0.01921	0.00896	0.00256	0.00384	0.01601	0.00704	0.00640
86	0.01573	0.01348	0.01573	0.01123	0.01798	0.01011	0.00899	0.01910	0.01573	0.02472	0.01348	0.01573	0.01123	0.00562	0.00562	0.00112	0.00562	0.00449	0.00449	0.77980
87	0.02723	0.02024	0.02167	0.01689	0.02255	0.02244	0.01380	0.58021	0.08919	0.04503	0.01954	0.02040	0.01440	0.03978	0.00891	0.00252	0.00810	0.00716	0.00747	0.01247
88	0.01102	0.00739	0.00845	0.00845	0.00851	0.00745	0.00481	0.01114	0.01108	0.01484	0.02374	0.04876	0.02719	0.70350	0.06802	0.00757	0.00793	0.01090	0.00457	0.00469
89	0.01614	0.01526	0.02624	0.54693	0.04778	0.01779	0.12162	0.07522	0.01736	0.02260	0.01418	0.02009	0.01057	0.00753	0.00780	0.00251	0.01038	0.00710	0.00381	0.00910
90	0.78701	0.01467	0.01115	0.00997	0.01467	0.01702	0.00821	0.02230	0.01291	0.03403	0.01056	0.01232	0.00821	0.00704	0.00469	0.00235	0.00587	0.00411	0.00469	0.00821
91	0.01014	0.00740	0.00953	0.00969	0.01114	0.00679	0.00700	0.01290	0.01903	0.02626	0.43853	0.25955	0.11721	0.01830	0.00917	0.00261	0.00385	0.01627	0.00785	0.00679
92	0.01877	0.01802	0.03079	0.04656	0.68612	0.01802	0.02328	0.02328	0.01727	0.02478	0.01427	0.01877	0.01201	0.00676	0.00751	0.00225	0.00901	0.00676	0.00375	0.01201
93	0.01101	0.00742	0.00860	0.00860	0.00871	0.00753	0.00500	0.01124	0.01113	0.01495	0.02360	0.04800	0.02687	0.67759	0.09347	0.00775	0.00842	0.01079	0.00455	0.00478
94	0.02731	0.02049	0.02191	0.01714	0.02294	0.02281	0.01405	0.56611	0.13286	0.04535	0.02014	0.01975	0.01446	0.00929	0.00761	0.00232	0.00799	0.00710	0.00761	0.01276
95	0.64208	0.01631	0.03926	0.01142	0.01656	0.01757	0.00980	0.09613	0.01597	0.05966	0.01228	0.01364	0.00920	0.00737	0.00523	0.00234	0.00638	0.00461	0.00514	0.00904
96	0.02323	0.01770	0.01844	0.01520	0.01992	0.04747	0.01219	0.33512	0.18426	0.06210	0.04963	0.02596	0.05033	0.01189	0.03432	0.00270	0.00766	0.00796	0.06261	0.01133
97	0.02064	0.70682	0.03894	0.01327	0.01964	0.05990	0.01305	0.02305	0.01568	0.01788	0.01060	0.01223	0.00974	0.00655	0.00495	0.00164	0.00836	0.00409	0.00327	0.00969
98	0.00924	0.00660	0.00880	0.01056	0.01100	0.00616	0.00704	0.01056	0.01452	0.01936	0.04181	0.72848	0.05017	0.02376	0.00968	0.00308	0.00440	0.02156	0.00704	0.00616
99	0.04132	0.00963	0.01340	0.11955	0.02057	0.01026	0.01252	0.01667	0.04412	0.02243	0.03490	0.18042	0.03749	0.01844	0.00957	0.00319	0.00693	0.38488	0.00639	0.00732
100	0.02006	0.70847	0.06740	0.01334	0.02003	0.02949	0.01361	0.02277	0.01544	0.01811	0.01067	0.01233	0.00973	0.00652	0.00497	0.00166	0.00824	0.00412	0.00324	0.00980
101	0.01046	0.00711	0.00844	0.00900	0.00914	0.00697	0.00537	0.01088	0.01214	0.01619	0.02960	0.26585	0.03477	0.50740	0.02939	0.00599	0.00641	0.01439	0.00537	0.00509
102	0.78701	0.01467	0.01115	0.00997	0.01467	0.01702	0.00821	0.02230	0.01291	0.03403	0.01056	0.01232	0.00821	0.00704	0.00469	0.00235	0.00587	0.00411	0.00469	0.00821
103	0.01699	0.01894	0.04066	0.05849	0.03763	0.01793	0.57439	0.02288	0.01749	0.02366	0.01761	0.08312	0.01487	0.00798	0.00896	0.00260	0.01193	0.00998	0.00410	0.00979
104	0.01414	0.00707	0.00707	0.00707	0.00884	0.00707	0.00530	0.01767	0.01591	0.02828	0.02474	0.02828	0.01944	0.00884	0.00530	0.00177	0.00353	0.00707	0.77554	0.00707
105	0.01048	0.00772	0.00967	0.00920	0.01102	0.00705	0.00682	0.01363	0.02033	0.02814	0.55784	0.05883	0.16329	0.05033	0.01036	0.00265	0.00380	0.01394	0.00797	0.00692
106	0.02592	0.01905	0.02099	0.04867	0.02301	0.02132	0.01378	0.52790	0.03134	0.04289	0.01836	0.01938	0.01338	0.00920	0.00813	0.00228	0.04075	0.00684	0.09500	0.01181
107	0.01343	0.01163	0.01486	0.04563	0.03852	0.06001	0.01134	0.01610	0.01346	0.01898	0.01918	0.05932	0.01801	0.03849	0.42306	0.00829	0.11121	0.00815	0.06297	0.00736
108	0.02380	0.01684	0.01751	0.01424	0.01881	0.04483	0.01158	0.39230	0.02800	0.06787	0.02370	0.02645	0.04585	0.01002	0.00720	0.00221	0.00705	0.03722	0.19375	0.01075
109	0.01669	0.01674	0.02999	0.12760	0.09326	0.01554	0.27701	0.02164	0.01667	0.02376	0.01431	0.01861	0.01125	0.00633	0.00744	0.00202	0.00952	0.00685	0.00399	0.28077

[dist]
# distance from previous block
# <min> <max>
1	2

[block]
# block no. 2 follows, 26 sequences, length 101
# corresponding to MSA columns:
# 221-321
name=unknown_C
#
# <colnr> <probs for GDERKNQSTAVLIFYWHMCP>
#	G	D	E	R	K	N	Q	S	T	A	V	L	I	F	Y	W	H	M	C	P
0	0.13277	0.09858	0.04244	0.04191	0.02185	0.14297	0.03651	0.02187	0.01442	0.02100	0.01083	0.01520	0.00969	0.01006	0.01492	0.00267	0.34427	0.00573	0.00363	0.00868
1	0.01318	0.00659	0.00988	0.00988	0.00988	0.00659	0.00659	0.00988	0.00988	0.01318	0.01318	0.02306	0.01318	0.02635	0.02964	0.77931	0.00659	0.00659	0.00329	0.00329
2	0.02733	0.02044	0.02193	0.01698	0.02292	0.02248	0.01395	0.57546	0.09184	0.04529	0.01913	0.01900	0.01374	0.00905	0.00751	0.00225	0.00801	0.00688	0.00746	0.04833
3	0.01154	0.00854	0.01181	0.01133	0.01306	0.00825	0.03137	0.01436	0.01847	0.04602	0.35443	0.23726	0.10477	0.01765	0.00997	0.00269	0.03980	0.04408	0.00745	0.00717
4	0.00952	0.00678	0.00900	0.01060	0.01114	0.00638	0.00720	0.01099	0.01481	0.01979	0.06718	0.64205	0.04981	0.05185	0.01085	0.00324	0.00461	0.05102	0.00699	0.00618
5	0.01085	0.00809	0.01200	0.01200	0.01329	0.00938	0.00924	0.01342	0.01213	0.01747	0.02049	0.03077	0.01939	0.09019	0.67065	0.01195	0.01968	0.00827	0.00409	0.00667
6	0.78701	0.01467	0.01115	0.00997	0.01467	0.01702	0.00821	0.02230	0.01291	0.03403	0.01056	0.01232	0.00821	0.00704	0.00469	0.00235	0.00587	0.00411	0.00469	0.00821
7	0.01074	0.00783	0.01015	0.00977	0.01161	0.00723	0.00747	0.01420	0.02088	0.02917	0.59219	0.06001	0.10866	0.01618	0.00907	0.00248	0.00387	0.06324	0.00816	0.00709
8	0.02028	0.73799	0.03975	0.01298	0.01947	0.03001	0.01298	0.02271	0.01541	0.01785	0.01055	0.01217	0.00973	0.00649	0.00487	0.00162	0.00811	0.00406	0.00324	0.00973
9	0.01521	0.03923	0.69413	0.02162	0.03283	0.01762	0.02802	0.02402	0.01601	0.02402	0.01361	0.01601	0.00961	0.00721	0.00721	0.00240	0.01121	0.00560	0.00320	0.01121
10	0.01784	0.02029	0.04379	0.03143	0.03875	0.01936	0.62965	0.02402	0.01762	0.02402	0.01510	0.02029	0.01144	0.00670	0.00967	0.00259	0.04462	0.00885	0.00381	0.01014
11	0.00944	0.00675	0.00902	0.01068	0.01124	0.00632	0.00729	0.01096	0.01495	0.01998	0.06855	0.67024	0.05076	0.02329	0.00969	0.00307	0.00449	0.04996	0.00709	0.00624
12	0.00924	0.00660	0.00880	0.01056	0.01100	0.00616	0.00704	0.01056	0.01452	0.01936	0.04181	0.72848	0.05017	0.02376	0.00968	0.00308	0.00440	0.02156	0.00704	0.00616
13	0.30822	0.01428	0.01570	0.01256	0.01801	0.01437	0.01036	0.08593	0.01971	0.39558	0.02184	0.02023	0.01441	0.00851	0.00655	0.00234	0.00641	0.00627	0.00752	0.01120
14	0.19797	0.01329	0.01620	0.01273	0.01834	0.01243	0.01051	0.03377	0.01979	0.54826	0.02571	0.02288	0.01648	0.00888	0.00699	0.00235	0.00633	0.00686	0.00837	0.01189
15	0.00937	0.00670	0.00892	0.01047	0.01103	0.00625	0.00705	0.01088	0.01511	0.02031	0.09643	0.67117	0.05199	0.02306	0.00962	0.00302	0.00433	0.02089	0.00715	0.00625
16	0.02229	0.01125	0.01458	0.01184	0.01610	0.01003	0.00945	0.05827	0.02176	0.31814	0.29939	0.03729	0.03973	0.01156	0.00798	0.00224	0.00527	0.00982	0.00839	0.08463
17	0.01105	0.00789	0.01087	0.01263	0.01386	0.00772	0.01018	0.01368	0.01630	0.02138	0.04081	0.33895	0.04622	0.02206	0.01016	0.00333	0.00597	0.39327	0.00701	0.00666
18	0.78701	0.01467	0.01115	0.00997	0.01467	0.01702	0.00821	0.02230	0.01291	0.03403	0.01056	0.01232	0.00821	0.00704	0.00469	0.00235	0.00587	0.00411	0.00469	0.00821
19	0.02847	0.01168	0.01582	0.01255	0.01745	0.01020	0.01020	0.03156	0.02165	0.53365	0.18556	0.03318	0.03137	0.01085	0.00794	0.00236	0.00577	0.00908	0.00914	0.01154
20	0.02225	0.13158	0.02585	0.01913	0.02216	0.29124	0.04105	0.04710	0.01718	0.01963	0.01125	0.01501	0.01002	0.00970	0.01356	0.00246	0.28250	0.00567	0.00371	0.00895
21	0.78701	0.01467	0.01115	0.00997	0.01467	0.01702	0.00821	0.02230	0.01291	0.03403	0.01056	0.01232	0.00821	0.00704	0.00469	0.00235	0.00587	0.00411	0.00469	0.00821
22	0.03403	0.01291	0.01760	0.01350	0.01936	0.01115	0.01115	0.03697	0.02171	0.69137	0.02992	0.02582	0.01878	0.00939	0.00763	0.00235	0.00645	0.00763	0.00939	0.01291
23	0.01074	0.00775	0.01014	0.00954	0.01133	0.00716	0.00716	0.01431	0.02147	0.03042	0.68211	0.05666	0.07157	0.01551	0.00895	0.00239	0.00358	0.01372	0.00835	0.00716
24	0.78701	0.01467	0.01115	0.00997	0.01467	0.01702	0.00821	0.02230	0.01291	0.03403	0.01056	0.01232	0.00821	0.00704	0.00469	0.00235	0.00587	0.00411	0.00469	0.00821
25	0.02883	0.02125	0.02276	0.01745	0.02352	0.02352	0.01442	0.66082	0.03566	0.04780	0.01821	0.01821	0.01290	0.00911	0.00759	0.00228	0.00835	0.00683	0.00759	0.01290
26	0.01887	0.01629	0.01715	0.01544	0.01972	0.01887	0.01201	0.04031	0.67241	0.03173	0.03087	0.02830	0.02315	0.01029	0.00772	0.00257	0.00600	0.00858	0.00772	0.01201
27	0.01086	0.00803	0.01171	0.01171	0.01290	0.00922	0.00889	0.01324	0.01205	0.01726	0.02075	0.03221	0.02001	0.13910	0.62259	0.01160	0.01874	0.00848	0.00413	0.00651
28	0.02833	0.03615	0.02149	0.01954	0.02345	0.70298	0.01466	0.03029	0.02149	0.01856	0.01172	0.01368	0.00977	0.00782	0.00684	0.00195	0.01368	0.00489	0.00391	0.00879
29	0.01084	0.00813	0.01219	0.01219	0.01354	0.00948	0.00948	0.01354	0.01219	0.01761	0.02032	0.02980	0.01896	0.05689	0.70337	0.01219	0.02032	0.00813	0.00406	0.00677
30	0.01171	0.00777	0.01028	0.01118	0.01265	0.00726	0.00847	0.01404	0.01693	0.06379	0.13651	0.37418	0.10422	0.02059	0.00958	0.00299	0.00499	0.16855	0.00736	0.00695
31	0.78701	0.01467	0.01115	0.00997	0.01467	0.01702	0.00821	0.02230	0.01291	0.03403	0.01056	0.01232	0.00821	0.00704	0.00469	0.00235	0.00587	0.00411	0.00469	0.00821
32	0.02124	0.01712	0.01651	0.04815	0.01913	0.11391	0.01130	0.23725	0.02306	0.03212	0.01877	0.02129	0.01454	0.01023	0.02894	0.00236	0.03745	0.00654	0.27049	0.04961
33	0.01488	0.01334	0.01819	0.04094	0.01883	0.01606	0.04251	0.05882	0.07488	0.02327	0.09763	0.06853	0.11269	0.01844	0.08812	0.00385	0.26542	0.00991	0.00534	0.00836
34	0.01190	0.00820	0.01064	0.01062	0.01257	0.00767	0.00840	0.01508	0.01945	0.05353	0.38520	0.06463	0.12840	0.05074	0.01069	0.00293	0.00481	0.17971	0.00771	0.00714
35	0.02796	0.03470	0.02162	0.01944	0.02333	0.64433	0.01471	0.06269	0.02189	0.02007	0.01200	0.01401	0.00994	0.00807	0.00750	0.00202	0.03759	0.00505	0.00408	0.00899
36	0.10735	0.01903	0.04905	0.12117	0.30610	0.03908	0.11925	0.10047	0.01892	0.02765	0.01429	0.01818	0.01122	0.00717	0.00740	0.00235	0.00951	0.00671	0.00428	0.01082
37	0.01007	0.00719	0.00975	0.01150	0.01230	0.00687	0.00847	0.01199	0.01533	0.02029	0.04135	0.55076	0.04837	0.02299	0.00990	0.00319	0.00511	0.19115	0.00703	0.00639
38	0.00948	0.00708	0.00885	0.01003	0.01115	0.00646	0.00708	0.01124	0.01586	0.02063	0.09501	0.48340	0.20173	0.02192	0.00951	0.00294	0.00438	0.05979	0.00713	0.00634
39	0.05761	0.02072	0.05235	0.01687	0.02287	0.02174	0.01430	0.48931	0.12100	0.07561	0.02001	0.01964	0.01426	0.00911	0.00747	0.00233	0.00796	0.00694	0.00737	0.01251
40	0.03255	0.01498	0.07088	0.01414	0.02042	0.01166	0.01248	0.03595	0.02126	0.63881	0.02864	0.02505	0.01805	0.00922	0.00759	0.00235	0.00683	0.00747	0.00890	0.01277
41	0.01100	0.00748	0.00890	0.00890	0.00912	0.00770	0.00538	0.01143	0.01122	0.01517	0.02332	0.04645	0.02619	0.62471	0.14544	0.00813	0.00944	0.01056	0.00451	0.00495
42	0.05793	0.20027	0.43578	0.01878	0.02779	0.09230	0.02209	0.02428	0.01629	0.02253	0.01254	0.01468	0.00958	0.00709	0.00649	0.00217	0.01047	0.00509	0.00336	0.01046
43	0.04652	0.02056	0.04969	0.08065	0.35122	0.10854	0.01927	0.07127	0.07904	0.05386	0.01606	0.01895	0.01268	0.00779	0.00789	0.00231	0.03133	0.00658	0.00462	0.01117
44	0.73156	0.01486	0.01230	0.01170	0.04023	0.01727	0.00907	0.02220	0.01303	0.03314	0.01068	0.01271	0.00842	0.00724	0.00549	0.00238	0.03045	0.00429	0.00461	0.00836
45	0.02101	0.58540	0.06768	0.01563	0.04852	0.11496	0.01433	0.02377	0.01630	0.01852	0.01100	0.01282	0.00983	0.00670	0.00534	0.00173	0.00901	0.00435	0.00335	0.00978
46	0.01038	0.00833	0.01168	0.01197	0.01303	0.00848	0.03451	0.01219	0.01497	0.02009	0.07423	0.49118	0.11826	0.02267	0.04303	0.00341	0.07042	0.01801	0.00650	0.00663
47	0.01504	0.09663	0.04962	0.03723	0.01712	0.01281	0.01052	0.05248	0.06822	0.05638	0.23662	0.06985	0.12086	0.01293	0.00791	0.00230	0.00570	0.04127	0.00664	0.07985
48	0.01630	0.01933	0.09305	0.02917	0.11765	0.01661	0.40299	0.02181	0.01714	0.02355	0.01982	0.12746	0.01823	0.00958	0.00877	0.00261	0.01072	0.03102	0.00435	0.00983
49	0.03265	0.01322	0.01756	0.01367	0.01940	0.01185	0.01123	0.03727	0.08090	0.63137	0.03001	0.02604	0.01917	0.00947	0.00764	0.00237	0.00641	0.00771	0.00924	0.01283
50	0.01455	0.01392	0.02412	0.67259	0.05146	0.01700	0.06082	0.01969	0.01534	0.01969	0.01360	0.02024	0.01020	0.00751	0.00767	0.00253	0.01028	0.00688	0.00340	0.00854
51	0.02414	0.05356	0.02090	0.01905	0.09792	0.07411	0.01364	0.10057	0.29808	0.17872	0.02483	0.02359	0.01805	0.00916	0.00745	0.00236	0.00743	0.00744	0.00708	0.01193
52	0.00909	0.00720	0.00818	0.00897	0.01058	0.00630	0.00633	0.01074	0.01605	0.01999	0.06121	0.36551	0.40061	0.02124	0.00928	0.00279	0.00409	0.01849	0.00704	0.00630
53	0.01790	0.02046	0.04476	0.03197	0.03964	0.01918	0.65857	0.02430	0.01790	0.02430	0.01535	0.02046	0.01151	0.00639	0.00895	0.00256	0.01279	0.00895	0.00384	0.01023
