[name]
unknown

[dist]
# distance from previous block
# <min> <max>
0	41

[block]
# block no. 0 follows, 24 sequences, length 175
# corresponding to MSA columns:
# 41-215
name=unknown_A
#
# <colnr> <probs for GDERKNQSTAVLIFYWHMCP>
#	G	D	E	R	K	N	Q	S	T	A	V	L	I	F	Y	W	H	M	C	P
0	0.01278	0.00913	0.01278	0.01460	0.01643	0.00913	0.01278	0.01643	0.01825	0.02373	0.04199	0.08945	0.04564	0.02191	0.01095	0.00365	0.00730	0.61847	0.00730	0.00730
1	0.07508	0.55901	0.12246	0.01479	0.02198	0.05376	0.01534	0.02419	0.01625	0.02075	0.01149	0.01332	0.01005	0.00698	0.00547	0.00187	0.00896	0.00449	0.00352	0.01023
2	0.02139	0.32597	0.23470	0.01932	0.05029	0.08510	0.04402	0.05357	0.01838	0.05971	0.01397	0.01579	0.01098	0.00744	0.00659	0.00212	0.01015	0.00547	0.00405	0.01101
3	0.02448	0.01851	0.02663	0.02023	0.02631	0.01882	0.16987	0.28588	0.04392	0.11531	0.08388	0.02786	0.02149	0.00994	0.00849	0.00249	0.00891	0.03629	0.00710	0.04360
4	0.02747	0.01429	0.01875	0.01727	0.07375	0.01384	0.01283	0.08631	0.10761	0.36763	0.08909	0.03434	0.02646	0.01131	0.00835	0.00258	0.00685	0.06045	0.00862	0.01221
5	0.01740	0.01777	0.06459	0.27199	0.33018	0.01776	0.05056	0.02275	0.03788	0.02338	0.01515	0.02067	0.01216	0.00872	0.00932	0.04826	0.00988	0.00715	0.00386	0.01057
6	0.02180	0.01642	0.05304	0.22637	0.06978	0.01687	0.01657	0.12316	0.07270	0.15424	0.02163	0.05026	0.01671	0.03952	0.00996	0.00278	0.03493	0.00813	0.03434	0.01081
7	0.01017	0.00760	0.00940	0.01056	0.01164	0.00712	0.00724	0.01258	0.04155	0.02144	0.08412	0.51347	0.16123	0.04884	0.01099	0.00323	0.00463	0.02010	0.00737	0.00673
8	0.00972	0.00695	0.00926	0.01100	0.01151	0.00648	0.00737	0.01119	0.01546	0.02069	0.06774	0.69084	0.05331	0.02451	0.01009	0.00319	0.00457	0.02223	0.00741	0.00648
9	0.01917	0.02075	0.03897	0.16844	0.07106	0.05733	0.42285	0.05494	0.01922	0.02524	0.01553	0.02075	0.01173	0.00718	0.00881	0.00260	0.01245	0.00844	0.00410	0.01045
10	0.01549	0.01511	0.02697	0.60955	0.05279	0.01796	0.10810	0.02097	0.01625	0.02097	0.01436	0.02118	0.01077	0.00776	0.00813	0.00265	0.01096	0.00737	0.00359	0.00907
11	0.01147	0.00888	0.01063	0.01111	0.01284	0.00873	0.00796	0.01665	0.11533	0.02478	0.17559	0.37140	0.15428	0.02014	0.00953	0.00290	0.00458	0.01783	0.00775	0.00763
12	0.01038	0.00792	0.00955	0.00959	0.01152	0.00709	0.00710	0.01315	0.01968	0.02617	0.34932	0.16864	0.27655	0.01906	0.00952	0.00270	0.00407	0.03293	0.00800	0.00704
13	0.01546	0.01479	0.02562	0.62624	0.08792	0.01783	0.05921	0.02079	0.01615	0.02088	0.01426	0.02107	0.01077	0.00781	0.00801	0.00263	0.01067	0.00719	0.00357	0.00913
14	0.01566	0.01479	0.02502	0.60591	0.14560	0.01780	0.02236	0.02086	0.01618	0.02109	0.01422	0.02092	0.01086	0.00780	0.00792	0.00260	0.01040	0.00705	0.00358	0.00936
15	0.01074	0.00916	0.00938	0.00924	0.01205	0.00839	0.00694	0.01539	0.10160	0.02290	0.07227	0.10117	0.55448	0.01909	0.00924	0.00271	0.00434	0.01600	0.00746	0.00745
16	0.01639	0.01409	0.01673	0.03829	0.02017	0.01084	0.00988	0.01998	0.01642	0.02563	0.01409	0.01662	0.01170	0.00595	0.00595	0.00123	0.00605	0.00479	0.00465	0.74054
17	0.02516	0.01739	0.01800	0.01506	0.01969	0.08311	0.01189	0.19284	0.11748	0.19372	0.05467	0.06411	0.07607	0.04138	0.03000	0.00300	0.00799	0.00945	0.00775	0.01124
18	0.01933	0.01900	0.05241	0.17135	0.19112	0.01922	0.16999	0.11847	0.02057	0.02826	0.04727	0.02192	0.01500	0.00827	0.00908	0.00253	0.04198	0.00787	0.00469	0.03167
19	0.01584	0.01413	0.01964	0.13522	0.18142	0.05142	0.01632	0.02072	0.05554	0.02366	0.04881	0.09293	0.02929	0.04619	0.01054	0.00314	0.00840	0.21206	0.00567	0.00908
20	0.01023	0.00753	0.00964	0.01106	0.01192	0.00716	0.00754	0.01280	0.04687	0.02162	0.08245	0.60776	0.08703	0.02338	0.00993	0.00312	0.00460	0.02107	0.00748	0.00681
21	0.01916	0.02234	0.10120	0.10201	0.36823	0.05669	0.16504	0.02469	0.01811	0.02482	0.01488	0.01957	0.01186	0.00717	0.00813	0.00245	0.01094	0.00735	0.00386	0.01151
22	0.06517	0.01869	0.05023	0.01602	0.02102	0.05573	0.01325	0.08786	0.32374	0.12190	0.05462	0.02604	0.02134	0.01020	0.00862	0.00253	0.04133	0.00799	0.00732	0.04639
23	0.01763	0.01407	0.01549	0.01411	0.01783	0.01552	0.01087	0.03324	0.43443	0.05986	0.15936	0.07640	0.07105	0.01309	0.00850	0.00267	0.00558	0.01116	0.00820	0.01094
24	0.00963	0.00702	0.00908	0.01073	0.01142	0.00647	0.00722	0.01108	0.01548	0.02036	0.04749	0.64997	0.11617	0.02435	0.01004	0.00316	0.00454	0.02194	0.00736	0.00647
25	0.12135	0.13997	0.25594	0.12028	0.06146	0.02100	0.02028	0.08446	0.05635	0.02767	0.01483	0.01735	0.01124	0.00781	0.00693	0.00238	0.00955	0.00593	0.00434	0.01088
26	0.02119	0.01803	0.02957	0.11248	0.51103	0.01837	0.02241	0.05954	0.01932	0.08683	0.01657	0.02043	0.01306	0.00755	0.00787	0.00240	0.00926	0.00715	0.00465	0.01230
27	0.01377	0.00689	0.01033	0.01033	0.01033	0.00689	0.00689	0.01033	0.01033	0.01377	0.01377	0.02410	0.01377	0.02755	0.03099	0.76928	0.00689	0.00689	0.00344	0.00344
28	0.36011	0.17132	0.07854	0.01410	0.02010	0.09564	0.01289	0.07178	0.01774	0.07524	0.01346	0.01478	0.01037	0.00768	0.00586	0.00225	0.00826	0.00498	0.00493	0.00997
29	0.01546	0.01337	0.02035	0.40097	0.03731	0.01689	0.01743	0.01961	0.01520	0.02201	0.01582	0.02212	0.01264	0.00953	0.01143	0.00265	0.16351	0.00710	0.16812	0.00847
30	0.00979	0.00705	0.00932	0.01108	0.01169	0.00657	0.00755	0.01130	0.01544	0.02045	0.04509	0.66210	0.07668	0.02452	0.01013	0.00322	0.00470	0.04946	0.00736	0.00649
31	0.02494	0.02192	0.05131	0.01844	0.04018	0.07532	0.01485	0.32831	0.23726	0.03906	0.02349	0.04980	0.01811	0.01027	0.00798	0.00249	0.00836	0.00813	0.00733	0.01245
32	0.05311	0.01808	0.11958	0.11315	0.08762	0.01444	0.01643	0.05534	0.02016	0.27793	0.06941	0.05148	0.02053	0.00974	0.00787	0.00246	0.00801	0.00816	0.00678	0.03971
33	0.02262	0.10233	0.23355	0.09187	0.02913	0.01775	0.03980	0.02886	0.04952	0.21847	0.01973	0.02061	0.01382	0.00846	0.00814	0.00241	0.03512	0.00669	0.00562	0.04550
34	0.01892	0.07059	0.04587	0.03261	0.06383	0.02080	0.57559	0.02524	0.01851	0.02495	0.01565	0.02072	0.01192	0.00671	0.00900	0.00259	0.01288	0.00891	0.00396	0.01073
35	0.01302	0.01182	0.02053	0.25716	0.03157	0.01261	0.11752	0.01665	0.01600	0.02110	0.02875	0.35762	0.03108	0.01591	0.00923	0.00293	0.00814	0.01493	0.00546	0.00797
36	0.05944	0.02185	0.15004	0.07501	0.05810	0.01812	0.29818	0.02254	0.01685	0.02440	0.01814	0.10417	0.01617	0.00980	0.01014	0.00275	0.07044	0.00959	0.00427	0.01001
37	0.02977	0.05493	0.02312	0.01714	0.02314	0.05209	0.01414	0.46154	0.03229	0.15010	0.02136	0.04761	0.01575	0.00999	0.00785	0.00238	0.00847	0.00766	0.00783	0.01285
38	0.01033	0.00749	0.00988	0.01147	0.01244	0.00704	0.00835	0.01230	0.01631	0.02148	0.06960	0.51178	0.10321	0.02353	0.01020	0.00324	0.00507	0.14221	0.00740	0.00667
39	0.02225	0.51884	0.07238	0.01535	0.02166	0.16465	0.01458	0.02511	0.01770	0.01968	0.03670	0.01506	0.01266	0.00747	0.00581	0.00184	0.00967	0.00490	0.00374	0.00996
40	0.01318	0.00926	0.01124	0.01078	0.01179	0.00987	0.00728	0.07232	0.01443	0.01966	0.02400	0.06514	0.02566	0.44658	0.21692	0.00844	0.01145	0.01064	0.00503	0.00631
41	0.02119	0.01603	0.01750	0.01542	0.01997	0.01776	0.01221	0.09657	0.44629	0.10015	0.03513	0.03526	0.07349	0.01188	0.00831	0.00269	0.00645	0.04357	0.00814	0.01199
42	0.01779	0.02103	0.07930	0.03123	0.07304	0.01895	0.49149	0.02385	0.01798	0.02470	0.01791	0.07831	0.01522	0.00858	0.00997	0.00273	0.04328	0.01001	0.00422	0.01042
43	0.02208	0.01748	0.01946	0.01455	0.02120	0.01660	0.01181	0.27150	0.05375	0.03584	0.01690	0.01808	0.01301	0.00755	0.00680	0.00173	0.00703	0.00587	0.00615	0.43263
44	0.01935	0.01856	0.03169	0.08768	0.63501	0.01877	0.02420	0.02409	0.01792	0.02557	0.01487	0.01972	0.01244	0.00712	0.00786	0.00237	0.00949	0.00706	0.00390	0.01234
45	0.01451	0.00884	0.01372	0.05091	0.01541	0.00909	0.04612	0.03673	0.01275	0.01735	0.01629	0.05501	0.01574	0.02511	0.05559	0.55176	0.00798	0.00785	0.03421	0.00502
46	0.02178	0.01191	0.01634	0.01406	0.01800	0.01116	0.04780	0.05381	0.06273	0.27039	0.08056	0.20435	0.08821	0.01533	0.00896	0.00276	0.00627	0.04711	0.00824	0.01021
47	0.00991	0.00724	0.00896	0.01017	0.01098	0.00669	0.00678	0.01127	0.01536	0.02008	0.06434	0.49732	0.15430	0.12065	0.01418	0.00373	0.00491	0.01980	0.00704	0.00628
48	0.01655	0.01217	0.01381	0.01322	0.01607	0.01322	0.00997	0.02810	0.31892	0.05739	0.06909	0.18989	0.03299	0.01546	0.00981	0.04848	0.00557	0.03235	0.08730	0.00965
49	0.01711	0.10587	0.46582	0.02424	0.03459	0.02012	0.17267	0.02504	0.01714	0.02453	0.01433	0.01743	0.01053	0.00726	0.00772	0.00247	0.01178	0.00652	0.00351	0.01132
50	0.02323	0.02877	0.10722	0.02826	0.20763	0.27812	0.01955	0.05220	0.07273	0.02424	0.01501	0.01782	0.01216	0.00854	0.00913	0.00238	0.07148	0.00631	0.00437	0.01086
51	0.00981	0.00709	0.00929	0.01076	0.01149	0.00657	0.00730	0.01148	0.01613	0.02156	0.11321	0.60919	0.08948	0.02364	0.01000	0.00311	0.00447	0.02133	0.00751	0.00657
52	0.01072	0.00954	0.03879	0.01115	0.01340	0.00782	0.03209	0.01326	0.01798	0.02375	0.21155	0.27094	0.24439	0.01983	0.01025	0.02834	0.00491	0.01692	0.00729	0.00707
53	0.03003	0.08472	0.02252	0.01572	0.02165	0.01942	0.01307	0.30752	0.05166	0.27829	0.02362	0.02338	0.01660	0.04387	0.00925	0.00261	0.00782	0.00746	0.00806	0.01272
54	0.01117	0.00875	0.01138	0.08008	0.04715	0.00859	0.00892	0.01332	0.01584	0.02075	0.04674	0.26173	0.23576	0.10455	0.04361	0.00384	0.00631	0.01561	0.04895	0.00694
55	0.01533	0.00807	0.00819	0.00794	0.00991	0.00818	0.00594	0.04649	0.01734	0.02985	0.02552	0.03009	0.02040	0.04104	0.00721	0.00213	0.00410	0.00756	0.69717	0.00755
56	0.01602	0.03833	0.60549	0.06148	0.03589	0.01847	0.06552	0.02486	0.01681	0.02486	0.01433	0.01727	0.01019	0.00751	0.00766	0.00253	0.01175	0.00614	0.00340	0.01149
57	0.04743	0.07111	0.56142	0.02242	0.05648	0.01938	0.02673	0.05979	0.01779	0.02665	0.01425	0.01663	0.01028	0.00758	0.00735	0.00246	0.01109	0.00584	0.00369	0.01165
58	0.02904	0.03289	0.02346	0.02190	0.06982	0.48971	0.01589	0.17225	0.02557	0.02689	0.01400	0.01576	0.01113	0.00840	0.00738	0.00214	0.01268	0.00571	0.00496	0.01042
59	0.17838	0.06748	0.28194	0.17882	0.03329	0.08709	0.02090	0.02418	0.01640	0.02524	0.01314	0.01648	0.00989	0.00761	0.00689	0.00244	0.01035	0.00564	0.00380	0.01003
60	0.01122	0.00763	0.01003	0.01100	0.01184	0.00737	0.00766	0.01287	0.04073	0.02072	0.09688	0.40597	0.07499	0.04656	0.01493	0.14824	0.00525	0.05319	0.00669	0.00622
61	0.02351	0.01950	0.01963	0.04994	0.02325	0.08781	0.01361	0.13350	0.40997	0.09003	0.02721	0.02576	0.02006	0.01008	0.00794	0.00255	0.00772	0.00811	0.00757	0.01226
62	0.01202	0.00843	0.01107	0.01160	0.01321	0.00810	0.00877	0.01576	0.04809	0.04396	0.28864	0.29032	0.05782	0.01984	0.00982	0.00297	0.00490	0.12920	0.00799	0.00748
63	0.01920	0.01833	0.03086	0.10845	0.58942	0.01876	0.02367	0.02463	0.04220	0.02566	0.01550	0.02015	0.01282	0.00729	0.00787	0.00239	0.00941	0.00714	0.00405	0.01221
64	0.01797	0.15646	0.02826	0.06840	0.02370	0.02509	0.03401	0.02026	0.01337	0.01926	0.01095	0.01682	0.01042	0.01186	0.02016	0.00304	0.50098	0.00648	0.00347	0.00903
65	0.00999	0.00791	0.00898	0.00902	0.01116	0.00691	0.00665	0.01246	0.01907	0.02451	0.25884	0.15124	0.40622	0.01947	0.00946	0.00269	0.00400	0.01672	0.00779	0.00691
66	0.02444	0.01634	0.01834	0.01570	0.02071	0.01782	0.01243	0.07028	0.45906	0.20504	0.03137	0.02839	0.02247	0.01045	0.00804	0.00261	0.00652	0.00861	0.00853	0.01285
67	0.01722	0.03756	0.54761	0.02633	0.12789	0.05618	0.02778	0.02537	0.01726	0.02491	0.01422	0.01703	0.01043	0.00750	0.00756	0.00246	0.01153	0.00600	0.00347	0.01170
68	0.00974	0.00702	0.00922	0.01083	0.01148	0.00651	0.00730	0.01128	0.01573	0.02095	0.08060	0.64794	0.08379	0.02413	0.01004	0.00315	0.00452	0.02180	0.00744	0.00651
69	0.01622	0.08190	0.64211	0.02206	0.03349	0.01919	0.02836	0.02503	0.01670	0.02473	0.01404	0.01650	0.01005	0.00749	0.00739	0.00246	0.01153	0.00576	0.00335	0.01163
70	0.01245	0.00889	0.01240	0.01423	0.01591	0.00884	0.01221	0.01586	0.01793	0.02336	0.04217	0.15540	0.04635	0.02221	0.01087	0.00361	0.00702	0.55576	0.00731	0.00721
71	0.01125	0.00855	0.00941	0.00945	0.01196	0.00758	0.00709	0.01426	0.04661	0.05121	0.09752	0.16811	0.46659	0.01981	0.00942	0.00278	0.00443	0.03913	0.00757	0.00728
72	0.01280	0.01065	0.01556	0.01471	0.01578	0.01342	0.01172	0.01536	0.01260	0.01857	0.01860	0.02779	0.01753	0.04836	0.52812	0.01048	0.18830	0.00812	0.00406	0.00747
73	0.01234	0.00977	0.01293	0.08604	0.01735	0.01056	0.01006	0.01555	0.01795	0.02504	0.24195	0.04971	0.18093	0.01940	0.07360	0.00358	0.08462	0.03526	0.08583	0.00753
74	0.01169	0.00953	0.01030	0.01023	0.01300	0.00892	0.00797	0.04546	0.06988	0.02400	0.06627	0.10751	0.46650	0.01934	0.00945	0.00283	0.00490	0.09723	0.00744	0.00756
75	0.01811	0.24596	0.42626	0.01970	0.02899	0.04849	0.02336	0.02462	0.01652	0.02262	0.01298	0.01547	0.01011	0.00768	0.00780	0.00230	0.04924	0.00540	0.00340	0.01099
76	0.02764	0.03461	0.02142	0.01960	0.02339	0.61574	0.01473	0.02977	0.02142	0.01930	0.01323	0.01613	0.01126	0.01374	0.08123	0.00320	0.01505	0.00547	0.00410	0.00896
77	0.01644	0.01409	0.01644	0.01175	0.01879	0.01057	0.00940	0.01997	0.01644	0.02584	0.01409	0.01644	0.01175	0.00587	0.00587	0.00117	0.00587	0.00470	0.00470	0.76979
78	0.02662	0.23891	0.02878	0.01980	0.05971	0.39819	0.01529	0.08330	0.02166	0.02226	0.01264	0.01455	0.01063	0.00782	0.00665	0.00199	0.01181	0.00514	0.00421	0.01005
79	0.01703	0.01835	0.03813	0.08553	0.06535	0.01761	0.46004	0.02275	0.01820	0.02468	0.04881	0.10565	0.01960	0.00940	0.00926	0.00271	0.01148	0.01086	0.00458	0.00997
80	0.69517	0.01497	0.01198	0.01079	0.01549	0.01719	0.00889	0.03901	0.01468	0.03531	0.03870	0.01810	0.01291	0.00838	0.00542	0.00250	0.00616	0.03051	0.00524	0.00862
81	0.01556	0.01303	0.01453	0.01488	0.01764	0.05261	0.01230	0.02448	0.20356	0.02649	0.06967	0.06559	0.06656	0.01750	0.00974	0.00318	0.00710	0.34926	0.00740	0.00891
82	0.01377	0.00689	0.01033	0.01033	0.01033	0.00689	0.00689	0.01033	0.01033	0.01377	0.01377	0.02410	0.01377	0.02755	0.03099	0.76928	0.00689	0.00689	0.00344	0.00344
83	0.01552	0.01481	0.02117	0.04672	0.05220	0.04730	0.05207	0.01830	0.01368	0.01957	0.01564	0.02338	0.01447	0.03135	0.29516	0.00708	0.29168	0.00765	0.00387	0.00836
84	0.05271	0.01353	0.01730	0.01382	0.01917	0.01264	0.01123	0.05793	0.09208	0.47761	0.11600	0.03089	0.02700	0.01069	0.00808	0.00248	0.00635	0.00880	0.00926	0.01243
85	0.01188	0.00782	0.00964	0.00975	0.01047	0.00820	0.00652	0.01336	0.01291	0.01879	0.02517	0.08179	0.02632	0.37883	0.21712	0.00792	0.01071	0.01066	0.12618	0.00596
86	0.01855	0.02079	0.04412	0.05926	0.07147	0.02011	0.55908	0.02485	0.01826	0.02492	0.01564	0.02110	0.01192	0.00710	0.01003	0.00270	0.04648	0.00904	0.00396	0.01062
87	0.00984	0.00703	0.00940	0.01124	0.01178	0.00659	0.00767	0.01134	0.01536	0.02044	0.04361	0.68088	0.05206	0.02468	0.01017	0.00324	0.00475	0.05607	0.00736	0.00649
88	0.01392	0.00974	0.01181	0.01192	0.01387	0.00991	0.00885	0.02011	0.13985	0.05531	0.15521	0.24897	0.04470	0.08767	0.01231	0.00336	0.00543	0.08609	0.05284	0.00812
89	0.05682	0.52670	0.12925	0.01664	0.02414	0.02780	0.07797	0.02408	0.01633	0.02104	0.01197	0.01415	0.01027	0.00691	0.00584	0.00194	0.00930	0.00498	0.00352	0.01037
90	0.02295	0.01421	0.01723	0.01297	0.01945	0.01188	0.01046	0.02831	0.08583	0.23636	0.02154	0.02122	0.01559	0.00766	0.00678	0.00175	0.00620	0.00620	0.00670	0.44673
91	0.04664	0.07364	0.46954	0.05093	0.07177	0.01955	0.07684	0.05504	0.01779	0.02624	0.01435	0.01721	0.01050	0.00750	0.00750	0.00247	0.01113	0.00618	0.00373	0.01145
92	0.05423	0.58165	0.11530	0.01471	0.02198	0.02893	0.01529	0.05197	0.01703	0.02158	0.01177	0.01349	0.01024	0.00702	0.00550	0.00186	0.00877	0.00457	0.00366	0.01044
93	0.05156	0.52387	0.20105	0.01571	0.02366	0.02755	0.01732	0.02407	0.01616	0.02099	0.01183	0.01374	0.01008	0.00700	0.00570	0.00193	0.00920	0.00465	0.00344	0.01050
94	0.03277	0.01336	0.01785	0.01388	0.01958	0.01185	0.01139	0.06580	0.02338	0.57936	0.09708	0.02997	0.02509	0.01047	0.00812	0.00245	0.00653	0.00860	0.00961	0.01287
95	0.01502	0.01405	0.02161	0.01807	0.02073	0.01557	0.11646	0.01889	0.04663	0.02316	0.08711	0.20024	0.02863	0.01463	0.01436	0.00287	0.22851	0.01189	0.00544	0.09614
96	0.02794	0.01924	0.02092	0.01639	0.02195	0.02095	0.01335	0.48068	0.06127	0.10047	0.02158	0.02262	0.01581	0.04135	0.00918	0.00259	0.00795	0.00751	0.07575	0.01251
97	0.01292	0.00946	0.01165	0.01089	0.01310	0.00914	0.00819	0.08256	0.02272	0.03140	0.46727	0.14969	0.10652	0.01699	0.00931	0.00260	0.00442	0.01490	0.00835	0.00793
98	0.06300	0.16405	0.45769	0.02002	0.02944	0.05060	0.02389	0.02471	0.01643	0.02397	0.01315	0.01570	0.01001	0.00776	0.00793	0.00239	0.04930	0.00549	0.00349	0.01097
99	0.01003	0.00706	0.00909	0.01057	0.01094	0.00669	0.00686	0.01114	0.01447	0.01929	0.04003	0.58564	0.04781	0.16167	0.01606	0.00410	0.00521	0.02038	0.00686	0.00612
100	0.01570	0.01246	0.01467	0.01470	0.01776	0.01342	0.01215	0.04944	0.25597	0.02802	0.04108	0.06335	0.09441	0.01713	0.00962	0.00316	0.00667	0.31326	0.00762	0.00943
101	0.01758	0.02127	0.10194	0.02833	0.03509	0.01886	0.44214	0.02355	0.01759	0.02466	0.01763	0.04898	0.01468	0.00882	0.01083	0.00275	0.08509	0.02926	0.04081	0.01015
102	0.01153	0.00769	0.00865	0.00865	0.00865	0.00769	0.00480	0.01153	0.01153	0.01538	0.02499	0.05189	0.02883	0.72131	0.04036	0.00769	0.00769	0.01153	0.00480	0.00480
103	0.01807	0.01725	0.02937	0.26795	0.46476	0.01843	0.02356	0.02297	0.01732	0.02401	0.01464	0.02013	0.01189	0.00735	0.00788	0.00245	0.00981	0.00706	0.00379	0.01130
104	0.01644	0.07255	0.58711	0.02322	0.03434	0.01921	0.08853	0.02507	0.01690	0.02483	0.01425	0.01700	0.01025	0.00741	0.00759	0.00249	0.01172	0.00612	0.00342	0.01154
105	0.01817	0.01934	0.03975	0.06762	0.03779	0.01861	0.49509	0.05784	0.01929	0.02600	0.01944	0.07681	0.01670	0.00901	0.00933	0.00274	0.01200	0.03958	0.00461	0.01026
106	0.01145	0.00765	0.00867	0.00875	0.00877	0.00763	0.00492	0.01151	0.01169	0.01559	0.02581	0.08111	0.02987	0.69068	0.03903	0.00749	0.00755	0.01202	0.00492	0.00488
107	0.01850	0.01757	0.02953	0.06633	0.58281	0.01758	0.02243	0.02303	0.01820	0.02576	0.05010	0.02473	0.05175	0.00826	0.00801	0.00239	0.00889	0.00795	0.00433	0.01187
108	0.02958	0.01638	0.01926	0.01524	0.02079	0.01678	0.01245	0.25884	0.08871	0.31135	0.02613	0.02467	0.01788	0.01141	0.03050	0.00274	0.00767	0.00774	0.06921	0.01270
109	0.01802	0.01856	0.02357	0.02041	0.02075	0.07612	0.01681	0.01977	0.01308	0.01915	0.01184	0.04397	0.01201	0.01385	0.02392	0.00335	0.62514	0.00739	0.00367	0.00863
110	0.00966	0.00690	0.00920	0.01104	0.01150	0.00644	0.00736	0.01104	0.01518	0.02024	0.04371	0.71614	0.05245	0.02484	0.01012	0.00322	0.00460	0.02254	0.00736	0.00644
111	0.02051	0.02081	0.09297	0.15952	0.19035	0.04998	0.02004	0.09913	0.09329	0.05862	0.01727	0.02053	0.01333	0.00905	0.01016	0.00260	0.09852	0.00710	0.00497	0.01125
112	0.05976	0.17954	0.51218	0.02007	0.03040	0.02103	0.02492	0.02473	0.01643	0.02438	0.01340	0.01570	0.00999	0.00737	0.00689	0.00234	0.01074	0.00544	0.00344	0.01123
113	0.00998	0.00715	0.00949	0.01082	0.01157	0.00665	0.00739	0.01184	0.01666	0.02260	0.17087	0.58226	0.05701	0.02308	0.00996	0.00307	0.00443	0.02087	0.00764	0.00665
114	0.01199	0.01019	0.01191	0.01110	0.01365	0.03545	0.03177	0.01596	0.05092	0.02670	0.33032	0.08680	0.27674	0.01719	0.00930	0.00263	0.00491	0.03715	0.00774	0.00759
115	0.06183	0.01875	0.02606	0.39070	0.10216	0.09161	0.08263	0.08693	0.01914	0.02513	0.01451	0.01960	0.01105	0.00788	0.00781	0.00252	0.01071	0.00693	0.00420	0.00986
116	0.02085	0.02417	0.04954	0.02085	0.02310	0.21543	0.04070	0.02323	0.01575	0.01995	0.01147	0.01656	0.01046	0.01135	0.01833	0.00289	0.42230	0.00636	0.00372	0.04300
117	0.01112	0.00810	0.01046	0.00987	0.01178	0.00744	0.00740	0.01476	0.02220	0.03122	0.63467	0.06019	0.10818	0.01643	0.00935	0.00250	0.00376	0.01448	0.00865	0.00744
118	0.03014	0.02221	0.02380	0.01825	0.02459	0.02459	0.01507	0.64541	0.03728	0.04998	0.01904	0.01904	0.01349	0.00952	0.00793	0.00238	0.00873	0.00714	0.00793	0.01349
119	0.01035	0.00807	0.00938	0.00905	0.01131	0.00711	0.00679	0.01327	0.02037	0.02688	0.38918	0.06733	0.35638	0.01805	0.00936	0.00258	0.00387	0.01548	0.00808	0.00711
120	0.06105	0.01821	0.03028	0.10695	0.57856	0.01867	0.02325	0.02390	0.01760	0.02592	0.01463	0.01939	0.01216	0.00716	0.00770	0.00239	0.00935	0.00691	0.00394	0.01199
121	0.01061	0.00859	0.00959	0.00997	0.01240	0.00778	0.00782	0.01387	0.04622	0.02269	0.08785	0.11239	0.45786	0.02019	0.00968	0.00290	0.00481	0.14025	0.00743	0.00709
122	0.01963	0.01884	0.03219	0.04867	0.67185	0.01884	0.02434	0.02434	0.01806	0.02591	0.01492	0.01963	0.01256	0.00707	0.00785	0.00236	0.00942	0.00707	0.00393	0.01256
123	0.01921	0.01842	0.03144	0.10701	0.61675	0.01873	0.02413	0.02397	0.01786	0.02540	0.01484	0.01976	0.01238	0.00714	0.00786	0.00238	0.00952	0.00706	0.00389	0.01223
124	0.01672	0.01657	0.02159	0.01891	0.01951	0.05103	0.01539	0.01850	0.01327	0.01960	0.01560	0.12062	0.01669	0.01486	0.02184	0.00326	0.53763	0.00906	0.00413	0.04521
125	0.01968	0.06691	0.22048	0.01892	0.02606	0.01995	0.05320	0.06177	0.33846	0.05495	0.02404	0.02368	0.01777	0.00923	0.00779	0.00255	0.00857	0.00765	0.00620	0.01213
126	0.02161	0.69292	0.04063	0.01390	0.02055	0.06309	0.01365	0.02413	0.01642	0.01869	0.01108	0.01280	0.01018	0.00685	0.00519	0.00171	0.00876	0.00428	0.00343	0.01013
127	0.12872	0.07497	0.52167	0.02071	0.03100	0.01911	0.04859	0.02478	0.01630	0.02631	0.01365	0.01612	0.00991	0.00743	0.00708	0.00246	0.01078	0.00567	0.00361	0.01113
128	0.03406	0.01487	0.01912	0.01478	0.02086	0.01383	0.01217	0.12260	0.05530	0.55967	0.02964	0.02602	0.01900	0.00982	0.00797	0.00245	0.00700	0.00791	0.00947	0.01345
129	0.01072	0.00809	0.00990	0.00945	0.01154	0.00727	0.00708	0.01399	0.02125	0.02897	0.50744	0.06389	0.23681	0.01727	0.00936	0.00254	0.00382	0.01499	0.00836	0.00727
130	0.01377	0.00689	0.01033	0.01033	0.01033	0.00689	0.00689	0.01033	0.01033	0.01377	0.01377	0.02410	0.01377	0.02755	0.03099	0.76928	0.00689	0.00689	0.00344	0.00344
131	0.00947	0.00804	0.00817	0.00814	0.01077	0.00674	0.00611	0.01158	0.01832	0.02200	0.11277	0.07537	0.63583	0.01987	0.00937	0.00267	0.00400	0.01660	0.00744	0.00674
132	0.01498	0.01409	0.02378	0.70226	0.05462	0.01762	0.02202	0.02026	0.01586	0.02026	0.01409	0.02114	0.01057	0.00793	0.00793	0.00264	0.01057	0.00705	0.00352	0.00881
133	0.00965	0.00803	0.00846	0.00858	0.01106	0.00684	0.00647	0.01182	0.01825	0.02217	0.11698	0.10485	0.57409	0.02011	0.00947	0.00273	0.00416	0.04206	0.00745	0.00676
134	0.03535	0.01386	0.01863	0.01428	0.02043	0.01220	0.01180	0.06408	0.02331	0.65105	0.03077	0.02666	0.01937	0.00980	0.00797	0.00245	0.00683	0.00794	0.00974	0.01349
135	0.01377	0.00689	0.01033	0.01033	0.01033	0.00689	0.00689	0.01033	0.01033	0.01377	0.01377	0.02410	0.01377	0.02755	0.03099	0.76928	0.00689	0.00689	0.00344	0.00344
136	0.77733	0.01534	0.01166	0.01043	0.01534	0.01779	0.00859	0.02331	0.01350	0.03558	0.01104	0.01288	0.00859	0.00736	0.00491	0.00245	0.00613	0.00429	0.00491	0.00859
137	0.08653	0.54522	0.12493	0.01469	0.02197	0.02819	0.01533	0.04700	0.01676	0.02217	0.01176	0.01351	0.01014	0.00704	0.00551	0.00190	0.00872	0.00457	0.00369	0.01037
138	0.17000	0.02781	0.02053	0.01774	0.02237	0.34628	0.01388	0.16242	0.04011	0.05473	0.01466	0.01608	0.01135	0.00870	0.00779	0.00229	0.04198	0.00569	0.00537	0.01023
139	0.01154	0.00770	0.00903	0.00915	0.00940	0.00781	0.00551	0.01207	0.01212	0.01663	0.02588	0.09211	0.02910	0.57879	0.10060	0.00763	0.00864	0.01176	0.03927	0.00525
140	0.02642	0.02103	0.02192	0.05528	0.02487	0.05988	0.01459	0.43839	0.14477	0.04225	0.02369	0.02353	0.04662	0.01009	0.00798	0.00244	0.00848	0.00781	0.00747	0.01249
141	0.01769	0.01788	0.05750	0.34600	0.31112	0.01852	0.04692	0.04605	0.01774	0.02417	0.01471	0.02024	0.01155	0.00756	0.00793	0.00251	0.01018	0.00709	0.00387	0.01076
142	0.01593	0.01359	0.01586	0.01159	0.01822	0.01027	0.00920	0.01931	0.01644	0.02546	0.01752	0.04774	0.03513	0.00714	0.00617	0.00131	0.00576	0.00584	0.00490	0.71262
143	0.02932	0.06365	0.02326	0.02007	0.02436	0.63626	0.01524	0.05708	0.02285	0.02066	0.01249	0.01444	0.01035	0.00817	0.00710	0.00204	0.01384	0.00516	0.00422	0.00941
144	0.01790	0.01827	0.02421	0.02080	0.02099	0.05434	0.01726	0.01965	0.01261	0.01910	0.01049	0.01721	0.01040	0.01362	0.02517	0.00341	0.67552	0.00686	0.00350	0.00870
145	0.01017	0.00716	0.00925	0.01073	0.01116	0.00681	0.00710	0.01138	0.01460	0.01944	0.03992	0.55612	0.04746	0.16281	0.01616	0.00413	0.00533	0.04728	0.00685	0.00616
146	0.01962	0.01920	0.03102	0.10679	0.58872	0.04684	0.02375	0.02427	0.01804	0.02512	0.01473	0.01954	0.01228	0.00719	0.00783	0.00237	0.00973	0.00698	0.00390	0.01208
147	0.01797	0.01405	0.01660	0.01193	0.01891	0.01066	0.00958	0.02146	0.01694	0.07781	0.01547	0.01728	0.01237	0.00619	0.00604	0.00128	0.00594	0.00496	0.00511	0.70947
148	0.02043	0.01688	0.01795	0.01605	0.02060	0.01936	0.01251	0.04198	0.62918	0.06193	0.03223	0.02947	0.02400	0.01072	0.00806	0.00268	0.00630	0.00892	0.00815	0.01259
149	0.01133	0.00850	0.01274	0.01274	0.01416	0.00991	0.00991	0.01416	0.01274	0.01841	0.02124	0.03115	0.01982	0.05947	0.68989	0.01274	0.02124	0.00850	0.00425	0.00708
150	0.01329	0.00851	0.01121	0.01040	0.01257	0.00779	0.00784	0.01684	0.02207	0.08812	0.57704	0.09267	0.06872	0.01612	0.00927	0.00253	0.00405	0.01423	0.00875	0.00796
151	0.01131	0.00816	0.01072	0.01024	0.01210	0.00757	0.00778	0.01505	0.02221	0.03135	0.63246	0.06093	0.07318	0.01653	0.00944	0.00256	0.00394	0.04833	0.00865	0.00747
152	0.01706	0.01695	0.02372	0.02045	0.02047	0.02361	0.01697	0.01878	0.01226	0.01913	0.01167	0.04380	0.01200	0.01429	0.02542	0.00346	0.68022	0.00753	0.00362	0.00859
153	0.01410	0.04651	0.01918	0.01621	0.01762	0.01617	0.03351	0.01667	0.01290	0.01888	0.01689	0.02525	0.01590	0.03968	0.40861	0.00872	0.25357	0.00779	0.00393	0.00789
154	0.00966	0.00690	0.00920	0.01104	0.01150	0.00644	0.00736	0.01104	0.01518	0.02024	0.04371	0.71614	0.05245	0.02484	0.01012	0.00322	0.00460	0.02254	0.00736	0.00644
155	0.01864	0.02116	0.04553	0.03271	0.04029	0.02029	0.60790	0.02505	0.01835	0.02505	0.01573	0.02116	0.01194	0.00709	0.01029	0.00272	0.05232	0.00922	0.00398	0.01058
156	0.02151	0.01792	0.01893	0.01650	0.02130	0.02056	0.01298	0.14527	0.55148	0.03604	0.03001	0.02778	0.02237	0.01055	0.00805	0.00264	0.00669	0.00865	0.00805	0.01271
157	0.01857	0.01536	0.01759	0.01276	0.01969	0.01275	0.01028	0.11716	0.01968	0.02959	0.01486	0.01685	0.01202	0.00644	0.00619	0.00136	0.00632	0.00508	0.00520	0.65226
158	0.01134	0.00847	0.01259	0.01259	0.01395	0.00983	0.00972	0.01406	0.01270	0.01829	0.02138	0.03195	0.02017	0.08491	0.66492	0.01255	0.02072	0.00861	0.00427	0.00699
159	0.01124	0.00809	0.01053	0.00993	0.01173	0.00749	0.00738	0.01483	0.02203	0.03117	0.64319	0.05895	0.07307	0.04306	0.01053	0.00269	0.00389	0.01423	0.00858	0.00738
160	0.01153	0.00769	0.00865	0.00865	0.00865	0.00769	0.00480	0.01153	0.01153	0.01538	0.02499	0.05189	0.02883	0.72131	0.04036	0.00769	0.00769	0.01153	0.00480	0.00480
161	0.01069	0.00803	0.00993	0.00979	0.01174	0.00727	0.00734	0.01379	0.02053	0.02782	0.43724	0.12129	0.22160	0.01819	0.00950	0.00266	0.00405	0.04317	0.00820	0.00719
162	0.02153	0.01775	0.01932	0.06792	0.02312	0.04479	0.01356	0.21329	0.27582	0.03450	0.02577	0.08801	0.02114	0.01148	0.00904	0.00262	0.04604	0.00920	0.04370	0.01139
163	0.25207	0.02425	0.01953	0.07372	0.02415	0.23907	0.01367	0.18347	0.02299	0.05693	0.01448	0.01613	0.01094	0.00831	0.00677	0.00232	0.00986	0.00565	0.00547	0.01023
164	0.01011	0.00735	0.00959	0.01075	0.01172	0.00674	0.00738	0.01199	0.01662	0.02249	0.15543	0.55632	0.07905	0.02263	0.00984	0.00302	0.00446	0.02039	0.00754	0.02657
165	0.02302	0.01837	0.01920	0.01664	0.02141	0.04946	0.01333	0.19950	0.36905	0.06754	0.02878	0.03196	0.02265	0.01138	0.00828	0.00266	0.00741	0.06931	0.00786	0.01217
166	0.02653	0.02006	0.02041	0.01627	0.02171	0.08924	0.01309	0.36563	0.02971	0.10690	0.08477	0.05424	0.02146	0.01040	0.00789	0.00228	0.00815	0.00818	0.00746	0.08560
167	0.01963	0.01884	0.03219	0.04867	0.67185	0.01884	0.02434	0.02434	0.01806	0.02591	0.01492	0.01963	0.01256	0.00707	0.00785	0.00236	0.00942	0.00707	0.00393	0.01256
168	0.01783	0.01865	0.02686	0.07678	0.05555	0.08090	0.12666	0.02084	0.01509	0.02074	0.01543	0.08910	0.01505	0.01244	0.01755	0.00306	0.36561	0.00880	0.00404	0.00903
169	0.01872	0.01792	0.03056	0.17533	0.55223	0.01860	0.02389	0.02355	0.01763	0.02481	0.01476	0.01992	0.01218	0.00723	0.00787	0.00241	0.00964	0.00706	0.00385	0.01183
170	0.01616	0.01391	0.01655	0.01337	0.04738	0.01103	0.00996	0.02045	0.04554	0.02578	0.01945	0.03889	0.05031	0.00744	0.00637	0.00143	0.00591	0.00614	0.00504	0.63889
171	0.01015	0.00719	0.00942	0.01089	0.01138	0.00691	0.00730	0.01148	0.01462	0.01953	0.03964	0.55562	0.04694	0.13464	0.04776	0.00439	0.00599	0.04311	0.00681	0.00625
172	0.00973	0.00696	0.00927	0.01099	0.01152	0.00649	0.00737	0.01122	0.01551	0.02077	0.07213	0.68621	0.05347	0.02445	0.01009	0.00319	0.00456	0.02217	0.00742	0.00649
173	0.01771	0.01380	0.01492	0.01364	0.01634	0.06042	0.01048	0.17188	0.03714	0.02787	0.02452	0.10837	0.02334	0.10146	0.21671	0.00613	0.01168	0.03240	0.08250	0.00868
174	0.01855	0.02256	0.08460	0.03278	0.04102	0.01996	0.60642	0.02538	0.01860	0.02538	0.01593	0.02111	0.01191	0.00674	0.00925	0.00266	0.01327	0.00915	0.00397	0.01076

[dist]
# distance from previous block
# <min> <max>
0	43

[block]
# block no. 1 follows, 24 sequences, length 30
# corresponding to MSA columns:
# 259-288
name=unknown_B
#
# <colnr> <probs for GDERKNQSTAVLIFYWHMCP>
#	G	D	E	R	K	N	Q	S	T	A	V	L	I	F	Y	W	H	M	C	P
0	0.03347	0.01381	0.01827	0.01420	0.02008	0.01243	0.01166	0.06413	0.05465	0.58950	0.05918	0.02821	0.02205	0.01013	0.00804	0.00246	0.00668	0.00827	0.00960	0.01318
1	0.00995	0.00710	0.00953	0.01137	0.01195	0.00669	0.00785	0.01153	0.01546	0.02056	0.04355	0.65906	0.05183	0.02458	0.01020	0.00326	0.00485	0.07682	0.00736	0.00652
2	0.01475	0.01053	0.01267	0.01166	0.01442	0.01058	0.00889	0.02266	0.17194	0.07576	0.41452	0.07981	0.08993	0.01507	0.00899	0.00258	0.00460	0.01312	0.00851	0.00901
3	0.00985	0.00709	0.00924	0.01071	0.01140	0.00659	0.00722	0.01142	0.01586	0.02117	0.10039	0.60171	0.08673	0.04672	0.01101	0.00327	0.00459	0.02114	0.00740	0.00649
4	0.03228	0.01796	0.02107	0.01624	0.02242	0.01839	0.01339	0.34031	0.05385	0.34131	0.02524	0.02314	0.01675	0.00970	0.00796	0.00243	0.00771	0.00760	0.00881	0.01345
5	0.02277	0.01635	0.01802	0.01575	0.02055	0.01817	0.01238	0.04147	0.53541	0.15708	0.03208	0.02909	0.02333	0.01058	0.00805	0.00264	0.00637	0.00877	0.00840	0.01273
6	0.06265	0.01529	0.02528	0.50991	0.10704	0.01836	0.05938	0.02107	0.01584	0.02197	0.01385	0.02024	0.01071	0.00815	0.00908	0.00266	0.05857	0.00701	0.00367	0.00925
7	0.01456	0.01281	0.01810	0.01638	0.01712	0.01687	0.01330	0.01690	0.01272	0.01952	0.01619	0.02419	0.01519	0.03337	0.31306	0.00739	0.36023	0.00765	0.05656	0.00789
8	0.19914	0.02019	0.09887	0.02239	0.02893	0.01803	0.28682	0.06141	0.01874	0.03001	0.10239	0.02371	0.01950	0.00857	0.00843	0.00258	0.02703	0.00825	0.00502	0.00999
9	0.05664	0.04486	0.02311	0.04767	0.02460	0.02023	0.04118	0.35642	0.04558	0.19814	0.02153	0.02145	0.01501	0.01112	0.03330	0.00280	0.00882	0.00732	0.00761	0.01259
10	0.00983	0.00799	0.00863	0.00872	0.01102	0.00690	0.00647	0.01202	0.01826	0.02264	0.15647	0.11387	0.50395	0.04613	0.01062	0.00290	0.00425	0.03511	0.00746	0.00674
11	0.02015	0.01983	0.03168	0.04720	0.63801	0.05389	0.02387	0.02472	0.01829	0.02557	0.01478	0.01935	0.01244	0.00712	0.00781	0.00234	0.00968	0.00696	0.00393	0.01238
12	0.02174	0.50988	0.14825	0.01582	0.02315	0.09313	0.01636	0.02541	0.01713	0.04836	0.01257	0.01418	0.01057	0.00718	0.00584	0.00190	0.00953	0.00477	0.00373	0.01049
13	0.06976	0.01265	0.01645	0.01300	0.01840	0.01121	0.01063	0.03376	0.02169	0.53425	0.07712	0.03164	0.06293	0.01074	0.00790	0.00245	0.00622	0.00874	0.03828	0.01217
14	0.02428	0.02797	0.02435	0.02102	0.02379	0.35415	0.04373	0.06364	0.01908	0.02140	0.01210	0.01612	0.01057	0.01047	0.01483	0.00266	0.29032	0.00615	0.00407	0.00931
15	0.00966	0.00690	0.00920	0.01104	0.01150	0.00644	0.00736	0.01104	0.01518	0.02024	0.04371	0.71614	0.05245	0.02484	0.01012	0.00322	0.00460	0.02254	0.00736	0.00644
16	0.02895	0.02266	0.02343	0.01839	0.02420	0.06518	0.01507	0.54569	0.06757	0.04572	0.01889	0.01922	0.01370	0.00971	0.00877	0.00243	0.04290	0.00710	0.00749	0.01294
17	0.67673	0.01599	0.01298	0.01137	0.01637	0.01845	0.00933	0.07548	0.04869	0.03664	0.01280	0.01425	0.00980	0.00771	0.00532	0.00246	0.00635	0.00477	0.00532	0.00920
18	0.01520	0.01441	0.02446	0.64328	0.05249	0.01742	0.04837	0.02047	0.01601	0.02073	0.01418	0.02095	0.01069	0.00778	0.00790	0.00258	0.01049	0.00705	0.00360	0.04196
19	0.02360	0.02285	0.02299	0.02675	0.23322	0.21524	0.01634	0.14100	0.02266	0.02918	0.01701	0.01986	0.01354	0.00827	0.00722	0.00217	0.00963	0.00657	0.15118	0.01075
20	0.00986	0.00706	0.00907	0.01058	0.01112	0.00660	0.00698	0.01112	0.01494	0.01975	0.04380	0.60021	0.08759	0.10488	0.01356	0.00370	0.00492	0.02092	0.00707	0.00627
21	0.04562	0.05049	0.01874	0.01544	0.01981	0.01867	0.01238	0.06847	0.41194	0.08943	0.05449	0.03197	0.04403	0.01143	0.00890	0.00267	0.04101	0.03523	0.00763	0.01165
22	0.03504	0.01436	0.01893	0.01452	0.02067	0.01293	0.01199	0.09851	0.02414	0.61544	0.03008	0.02621	0.01902	0.00979	0.00797	0.00245	0.00694	0.00789	0.00963	0.01349
23	0.01018	0.00792	0.00938	0.01021	0.01206	0.00711	0.00773	0.01240	0.01750	0.02203	0.09177	0.25983	0.34815	0.02158	0.00988	0.00300	0.00478	0.13030	0.00742	0.00677
24	0.01498	0.01409	0.02378	0.70226	0.05462	0.01762	0.02202	0.02026	0.01586	0.02026	0.01409	0.02114	0.01057	0.00793	0.00793	0.00264	0.01057	0.00705	0.00352	0.00881
25	0.02120	0.72609	0.04155	0.01357	0.02035	0.03138	0.01357	0.02374	0.01611	0.01866	0.01102	0.01272	0.01018	0.00678	0.00509	0.00170	0.00848	0.00424	0.00339	0.01018
26	0.00974	0.00696	0.00927	0.01099	0.01152	0.00649	0.00737	0.01123	0.01554	0.02081	0.07406	0.68418	0.05354	0.02442	0.01008	0.00319	0.00456	0.02214	0.00743	0.00649
27	0.01113	0.00800	0.01026	0.01151	0.01242	0.00773	0.00790	0.05509	0.01694	0.02266	0.06123	0.64762	0.05044	0.02352	0.00995	0.00314	0.00486	0.02122	0.00744	0.00696
28	0.01248	0.00891	0.01243	0.01426	0.01596	0.00887	0.01226	0.01591	0.01796	0.02340	0.04215	0.14974	0.04629	0.02219	0.01087	0.00361	0.00704	0.56114	0.00731	0.00722
29	0.05333	0.01511	0.02568	0.46355	0.14444	0.01735	0.07717	0.02094	0.01630	0.02236	0.01607	0.06338	0.01350	0.00870	0.00803	0.00263	0.01006	0.00808	0.00393	0.00940

[dist]
# distance from previous block
# <min> <max>
0	2

[block]
# block no. 2 follows, 24 sequences, length 6
# corresponding to MSA columns:
# 291-296
name=unknown_C
#
# <colnr> <probs for GDERKNQSTAVLIFYWHMCP>
#	G	D	E	R	K	N	Q	S	T	A	V	L	I	F	Y	W	H	M	C	P
0	0.01774	0.02273	0.13920	0.03083	0.12674	0.01875	0.35097	0.02377	0.01757	0.02476	0.01650	0.05479	0.01370	0.00824	0.00987	0.00261	0.05950	0.00874	0.00406	0.04892
1	0.01854	0.02086	0.04383	0.03176	0.03873	0.02061	0.56057	0.02457	0.01785	0.02457	0.01530	0.02086	0.01182	0.00763	0.01156	0.00278	0.10477	0.00904	0.00394	0.01043
2	0.01569	0.01070	0.01312	0.01171	0.01459	0.01062	0.00902	0.06096	0.11073	0.08862	0.48423	0.04982	0.05921	0.01449	0.00897	0.00251	0.00467	0.01260	0.00868	0.00908
3	0.01153	0.00769	0.00865	0.00865	0.00865	0.00769	0.00480	0.01153	0.01153	0.01538	0.02499	0.05189	0.02883	0.72131	0.04036	0.00769	0.00769	0.01153	0.00480	0.00480
4	0.01644	0.01409	0.01644	0.01175	0.01879	0.01057	0.00940	0.01997	0.01644	0.02584	0.01409	0.01644	0.01175	0.00587	0.00587	0.00117	0.00587	0.00470	0.00470	0.76979
5	0.02403	0.01882	0.01929	0.01653	0.02151	0.06206	0.01306	0.14512	0.43501	0.11157	0.02861	0.02649	0.02093	0.01027	0.00798	0.00257	0.00726	0.00829	0.00800	0.01261

[dist]
# distance from previous block
# <min> <max>
0	1

[block]
# block no. 3 follows, 24 sequences, length 10
# corresponding to MSA columns:
# 298-307
name=unknown_D
#
# <colnr> <probs for GDERKNQSTAVLIFYWHMCP>
#	G	D	E	R	K	N	Q	S	T	A	V	L	I	F	Y	W	H	M	C	P
0	0.01477	0.06482	0.02165	0.01665	0.01894	0.01548	0.11609	0.01735	0.01377	0.01958	0.01854	0.03031	0.01810	0.19688	0.19311	0.00652	0.15658	0.00869	0.04446	0.00770
1	0.01889	0.01761	0.07833	0.01590	0.02308	0.01340	0.08588	0.07208	0.01881	0.07518	0.01719	0.04634	0.01399	0.00746	0.00692	0.00174	0.00750	0.00650	0.00524	0.46796
2	0.07025	0.01815	0.02329	0.15546	0.16382	0.02003	0.01707	0.29810	0.02573	0.03642	0.01735	0.02015	0.01305	0.00854	0.00751	0.00238	0.00860	0.00695	0.07563	0.01152
3	0.01713	0.01417	0.01703	0.05118	0.02024	0.01391	0.01128	0.02378	0.13105	0.05043	0.02346	0.02506	0.06703	0.00935	0.00929	0.00202	0.09547	0.00711	0.04629	0.36471
4	0.01139	0.00931	0.01346	0.01346	0.01490	0.00930	0.05895	0.01457	0.05560	0.02148	0.04144	0.53971	0.08548	0.02163	0.01071	0.00312	0.04180	0.01945	0.00694	0.00730
5	0.02468	0.05634	0.10347	0.02267	0.10092	0.01725	0.12260	0.06446	0.09858	0.24413	0.04725	0.02435	0.01822	0.00888	0.00805	0.00247	0.00879	0.00798	0.00670	0.01219
6	0.01822	0.06705	0.54379	0.02333	0.07914	0.01840	0.02662	0.02624	0.01736	0.08480	0.01571	0.01772	0.01112	0.00768	0.00749	0.00246	0.01095	0.00607	0.00399	0.01188
7	0.01845	0.02178	0.10427	0.28458	0.09251	0.13849	0.01914	0.06292	0.01950	0.02428	0.07833	0.02601	0.05763	0.00947	0.00795	0.00246	0.01013	0.00783	0.00464	0.00963
8	0.02541	0.21226	0.03078	0.02269	0.09342	0.34464	0.07347	0.06643	0.02093	0.02235	0.01299	0.01540	0.01082	0.00764	0.00694	0.00206	0.01184	0.00561	0.00412	0.01021
9	0.01992	0.01934	0.07370	0.02450	0.06421	0.01723	0.27246	0.07383	0.01935	0.08372	0.01853	0.05862	0.01499	0.00867	0.00942	0.00243	0.05590	0.00849	0.02447	0.13023

[dist]
# distance from previous block
# <min> <max>
0	5

[block]
# block no. 4 follows, 24 sequences, length 36
# corresponding to MSA columns:
# 313-348
name=unknown_E
#
# <colnr> <probs for GDERKNQSTAVLIFYWHMCP>
#	G	D	E	R	K	N	Q	S	T	A	V	L	I	F	Y	W	H	M	C	P
0	0.05024	0.01295	0.01622	0.01260	0.01817	0.01051	0.04181	0.01857	0.01650	0.02557	0.05203	0.14283	0.02199	0.00987	0.00694	0.00174	0.00594	0.00857	0.00535	0.52160
1	0.02202	0.02240	0.02101	0.15140	0.02757	0.24417	0.01550	0.06771	0.01922	0.05141	0.01654	0.06650	0.01447	0.01046	0.01098	0.00250	0.14054	0.00740	0.04384	0.04435
2	0.01025	0.00869	0.00950	0.04455	0.01352	0.00787	0.00729	0.01341	0.04601	0.02252	0.11276	0.09836	0.53946	0.01900	0.00927	0.00269	0.00446	0.01599	0.00729	0.00710
3	0.05556	0.10879	0.44629	0.02152	0.05802	0.01883	0.05918	0.02386	0.01724	0.02566	0.07782	0.02066	0.01655	0.00822	0.00743	0.00242	0.01029	0.00669	0.00402	0.01095
4	0.02131	0.02304	0.02854	0.17209	0.34810	0.19725	0.04804	0.02551	0.01882	0.02302	0.01409	0.01859	0.01151	0.00752	0.00774	0.00234	0.01112	0.00664	0.00389	0.01083
5	0.01559	0.03880	0.63513	0.02175	0.03281	0.01768	0.02783	0.02443	0.01713	0.02556	0.05824	0.01960	0.01441	0.00812	0.00766	0.00251	0.01118	0.00643	0.00371	0.01143
6	0.01822	0.01994	0.03869	0.02889	0.03402	0.02158	0.41779	0.02313	0.01635	0.02313	0.01401	0.01994	0.01145	0.00927	0.01536	0.00296	0.26301	0.00849	0.00382	0.00997
7	0.06883	0.04757	0.05753	0.01628	0.05368	0.01509	0.01331	0.12138	0.02312	0.40611	0.02938	0.02715	0.06452	0.01000	0.00775	0.00242	0.00730	0.00798	0.00816	0.01245
8	0.12968	0.06599	0.35683	0.02585	0.15429	0.01946	0.05457	0.02433	0.01634	0.02618	0.01362	0.01679	0.01044	0.00767	0.00813	0.00249	0.04646	0.00601	0.00373	0.01113
9	0.02041	0.01415	0.01679	0.01475	0.01796	0.08019	0.04642	0.05557	0.01915	0.17947	0.06236	0.24023	0.03060	0.04011	0.04566	0.00336	0.04325	0.01255	0.02895	0.02805
10	0.02572	0.01902	0.11421	0.04757	0.02363	0.01591	0.01490	0.18242	0.06166	0.26039	0.10811	0.02885	0.04055	0.01047	0.00812	0.00248	0.00765	0.00852	0.00782	0.01202
11	0.02530	0.02533	0.29480	0.01777	0.02599	0.01528	0.01905	0.05826	0.05379	0.31790	0.04986	0.02383	0.01787	0.00916	0.00785	0.00249	0.00876	0.00737	0.00690	0.01246
12	0.06897	0.10170	0.02404	0.04049	0.08384	0.28573	0.01548	0.05493	0.01944	0.05542	0.01529	0.02054	0.01321	0.01152	0.03751	0.00281	0.09736	0.03740	0.00459	0.00974
13	0.01682	0.01475	0.02469	0.56831	0.14208	0.01746	0.02177	0.02190	0.01657	0.05856	0.01519	0.02126	0.01138	0.00791	0.00792	0.00259	0.01019	0.00710	0.00394	0.00962
14	0.01458	0.01359	0.02204	0.11557	0.02527	0.01580	0.11609	0.01780	0.01567	0.02219	0.08221	0.20348	0.02795	0.01472	0.01425	0.00300	0.21970	0.01209	0.03574	0.00828
15	0.01740	0.01876	0.03801	0.25521	0.04479	0.01946	0.40521	0.02338	0.01744	0.02338	0.01511	0.02111	0.01146	0.00746	0.00972	0.00270	0.04716	0.00847	0.00382	0.00997
