[name]
unknown

[dist]
# distance from previous block
# <min> <max>
0	12

[block]
# block no. 0 follows, 25 sequences, length 47
# corresponding to MSA columns:
# 12-58
name=unknown_A
#
# <colnr> <probs for GDERKNQSTAVLIFYWHMCP>
#	G	D	E	R	K	N	Q	S	T	A	V	L	I	F	Y	W	H	M	C	P
0	0.02394	0.01746	0.01930	0.01548	0.02054	0.01863	0.01249	0.38383	0.09468	0.06173	0.04889	0.02704	0.01938	0.05358	0.01055	0.03231	0.00754	0.03963	0.00718	0.08584
1	0.03617	0.00959	0.01154	0.01054	0.01299	0.00915	0.00781	0.04205	0.04825	0.08692	0.32413	0.10811	0.09733	0.11650	0.01304	0.00319	0.00502	0.01280	0.00755	0.03732
2	0.07432	0.00979	0.01304	0.09716	0.01720	0.01064	0.00945	0.07817	0.01397	0.02018	0.01435	0.02210	0.01295	0.02045	0.02215	0.50661	0.00717	0.00661	0.03813	0.00557
3	0.01816	0.01245	0.01401	0.01240	0.01508	0.01316	0.00921	0.18583	0.08057	0.06253	0.05361	0.08483	0.02735	0.27480	0.01966	0.00437	0.00702	0.04908	0.04730	0.00859
4	0.08433	0.00834	0.01135	0.08001	0.01506	0.00877	0.00838	0.01260	0.01230	0.01785	0.05410	0.06888	0.05769	0.02200	0.02207	0.49215	0.00656	0.00839	0.00424	0.00493
5	0.01223	0.00842	0.00977	0.00973	0.01031	0.00855	0.00608	0.05770	0.01383	0.01851	0.02747	0.17912	0.03133	0.51587	0.05315	0.00645	0.00744	0.01297	0.00539	0.00570
6	0.71468	0.01489	0.01244	0.07172	0.01838	0.01738	0.00955	0.02253	0.01340	0.03347	0.01106	0.01331	0.00857	0.00725	0.00506	0.00242	0.00638	0.00444	0.00468	0.00842
7	0.02820	0.01988	0.02178	0.01675	0.02290	0.02129	0.01377	0.50207	0.06664	0.10755	0.02002	0.01968	0.01417	0.00907	0.00758	0.00224	0.00796	0.00693	0.00765	0.08386
8	0.15136	0.17441	0.04363	0.05763	0.02334	0.31236	0.01401	0.05089	0.03684	0.02345	0.01257	0.01457	0.01029	0.00758	0.00627	0.00204	0.01042	0.00499	0.00421	0.03913
9	0.01464	0.01378	0.02326	0.70887	0.05340	0.01723	0.02153	0.01981	0.01550	0.01981	0.01378	0.02067	0.01034	0.00775	0.00775	0.00258	0.01034	0.00689	0.00345	0.00861
10	0.04045	0.01625	0.01829	0.01358	0.02001	0.01495	0.01103	0.20660	0.02189	0.03229	0.01503	0.01676	0.01187	0.00706	0.00687	0.00159	0.02674	0.00535	0.00550	0.50789
11	0.78228	0.01499	0.01140	0.01020	0.01499	0.01739	0.00840	0.02279	0.01320	0.03479	0.01080	0.01260	0.00840	0.00720	0.00480	0.00240	0.00600	0.00420	0.00480	0.00840
12	0.01321	0.00893	0.01005	0.01004	0.01043	0.00865	0.00601	0.01311	0.01329	0.01828	0.05182	0.08599	0.03181	0.59892	0.05474	0.00723	0.00805	0.01214	0.03123	0.00608
13	0.01431	0.00928	0.01026	0.00905	0.01190	0.00856	0.00669	0.01782	0.03525	0.02525	0.02220	0.02931	0.01920	0.12817	0.04794	0.00317	0.00578	0.00733	0.38753	0.20100
14	0.01581	0.00995	0.01231	0.01217	0.01421	0.00982	0.00878	0.09848	0.04365	0.11033	0.03663	0.47826	0.03988	0.05734	0.01084	0.00316	0.00552	0.01715	0.00748	0.00823
15	0.67039	0.01441	0.01192	0.01049	0.01521	0.01626	0.00860	0.02363	0.01451	0.09178	0.05221	0.01652	0.01322	0.00793	0.00532	0.00240	0.00591	0.00510	0.00544	0.00876
16	0.01866	0.01594	0.01706	0.01564	0.01978	0.01832	0.01229	0.03887	0.60504	0.03158	0.03244	0.03436	0.02561	0.01153	0.00815	0.00272	0.00623	0.06616	0.00782	0.01180
17	0.02271	0.01320	0.01540	0.01309	0.01698	0.01369	0.01014	0.09910	0.19103	0.22314	0.02740	0.03076	0.02130	0.13231	0.04856	0.00376	0.00725	0.00851	0.09113	0.01055
18	0.09008	0.00907	0.01073	0.01095	0.01275	0.00900	0.00787	0.05267	0.01739	0.06460	0.12946	0.41741	0.04393	0.04362	0.00987	0.00297	0.00496	0.01633	0.03888	0.00746
19	0.01134	0.00818	0.01024	0.01119	0.01236	0.00795	0.00788	0.05271	0.03439	0.02186	0.04265	0.52340	0.10881	0.02253	0.01092	0.05056	0.00499	0.04426	0.00701	0.00678
20	0.01104	0.00866	0.01016	0.01059	0.01243	0.00838	0.00769	0.01581	0.10637	0.02371	0.15031	0.32802	0.22310	0.01971	0.00932	0.00283	0.00450	0.03249	0.00750	0.00737
21	0.09761	0.01332	0.01489	0.01302	0.01724	0.01382	0.01023	0.05115	0.23759	0.20316	0.06454	0.09608	0.10951	0.01256	0.00795	0.00257	0.00578	0.01041	0.00790	0.01066
22	0.01303	0.00812	0.01057	0.01109	0.01245	0.00765	0.00784	0.03205	0.01693	0.08841	0.12300	0.45870	0.04757	0.08407	0.01221	0.00336	0.00509	0.04324	0.00740	0.00721
23	0.01188	0.00980	0.01085	0.01141	0.01351	0.04434	0.00918	0.01462	0.01824	0.02289	0.14003	0.09049	0.26487	0.04654	0.01084	0.00314	0.00585	0.25748	0.00709	0.00694
24	0.00998	0.00716	0.00947	0.01044	0.01136	0.00665	0.00724	0.01212	0.01731	0.02371	0.26176	0.49226	0.05886	0.02137	0.00964	0.00290	0.00421	0.01926	0.00766	0.00665
25	0.01543	0.01006	0.01250	0.01229	0.01442	0.00995	0.00908	0.12134	0.01998	0.08765	0.10086	0.44678	0.04384	0.01945	0.00930	0.00289	0.00539	0.04290	0.00765	0.00823
26	0.01500	0.01045	0.01287	0.01269	0.01536	0.01057	0.01016	0.02214	0.15795	0.08425	0.17924	0.12096	0.09970	0.01694	0.00930	0.00290	0.00560	0.19743	0.00783	0.00868
27	0.01266	0.00783	0.01166	0.01151	0.01207	0.00869	0.00839	0.01200	0.01114	0.01553	0.01628	0.02607	0.01572	0.03898	0.29997	0.43151	0.04391	0.00737	0.00369	0.00503
28	0.02106	0.00976	0.01305	0.01190	0.01485	0.00874	0.00887	0.02312	0.01811	0.31860	0.06019	0.32388	0.03565	0.08005	0.01156	0.00317	0.00568	0.01437	0.00811	0.00930
29	0.41290	0.01355	0.01296	0.07528	0.01817	0.01527	0.00962	0.08495	0.01674	0.06035	0.01628	0.01919	0.01260	0.02791	0.00659	0.00242	0.00619	0.00574	0.17454	0.00874
30	0.66525	0.04612	0.04817	0.01126	0.01656	0.01792	0.00991	0.03906	0.01437	0.05746	0.01187	0.01343	0.00905	0.00732	0.00512	0.00237	0.00646	0.00447	0.00491	0.00891
31	0.01220	0.00861	0.00949	0.00888	0.01187	0.00725	0.00676	0.01447	0.01836	0.08852	0.12521	0.08721	0.50552	0.01785	0.00891	0.00254	0.00427	0.01498	0.00745	0.03967
32	0.01667	0.01799	0.05359	0.06503	0.03125	0.01754	0.31333	0.02149	0.01603	0.02288	0.01478	0.02022	0.01206	0.01285	0.08006	0.00348	0.12999	0.00765	0.00392	0.13919
33	0.02873	0.08691	0.02120	0.01504	0.02030	0.01690	0.01255	0.09089	0.12602	0.39270	0.02578	0.02382	0.01761	0.00979	0.00916	0.00245	0.07248	0.00742	0.00795	0.01228
34	0.09833	0.02106	0.02155	0.01699	0.02281	0.04373	0.01391	0.51419	0.09684	0.04499	0.01898	0.01895	0.01369	0.00919	0.00747	0.00235	0.00823	0.00684	0.00738	0.01252
35	0.00962	0.00682	0.00895	0.01058	0.01099	0.00641	0.00697	0.01084	0.01451	0.01935	0.04104	0.66008	0.04914	0.08958	0.01264	0.00355	0.00478	0.02104	0.00697	0.00615
36	0.02569	0.01876	0.02039	0.01621	0.02142	0.02079	0.01324	0.49766	0.06564	0.04305	0.02014	0.02131	0.01499	0.01424	0.07658	0.00331	0.00917	0.00723	0.07822	0.01196
37	0.00963	0.00702	0.00907	0.01036	0.01121	0.00646	0.00708	0.01135	0.01610	0.02145	0.13239	0.56649	0.11746	0.02267	0.00972	0.00300	0.00433	0.02038	0.00738	0.00646
38	0.66133	0.08674	0.01472	0.01072	0.01577	0.01837	0.00906	0.02373	0.01399	0.07194	0.01198	0.01340	0.00920	0.00728	0.00500	0.00232	0.00626	0.00441	0.00494	0.00884
39	0.01742	0.01458	0.01680	0.01212	0.01894	0.01171	0.00974	0.08302	0.01812	0.02763	0.01427	0.01633	0.01165	0.00610	0.00594	0.00127	0.00602	0.00483	0.00491	0.69859
40	0.67129	0.01863	0.10924	0.01192	0.01768	0.01748	0.01133	0.02305	0.01365	0.03331	0.01125	0.01314	0.00860	0.00722	0.00517	0.00241	0.00679	0.00442	0.00458	0.00884
41	0.66025	0.01544	0.01377	0.01428	0.08185	0.01761	0.01017	0.02399	0.05258	0.03370	0.01242	0.01423	0.00970	0.00737	0.00527	0.00240	0.00633	0.00474	0.00489	0.00902
42	0.01786	0.19981	0.19328	0.01771	0.02391	0.06663	0.06543	0.05957	0.01823	0.02397	0.08243	0.02734	0.02038	0.01273	0.04933	0.00297	0.03976	0.06433	0.00460	0.00973
43	0.01269	0.00875	0.01005	0.00981	0.01050	0.00895	0.00617	0.07090	0.01417	0.01897	0.02641	0.14428	0.02983	0.53553	0.05532	0.00658	0.00764	0.01233	0.00532	0.00580
44	0.01608	0.01378	0.01608	0.01148	0.01837	0.01034	0.00919	0.01952	0.01608	0.02527	0.01378	0.01608	0.01148	0.00574	0.00574	0.00115	0.00574	0.00459	0.00459	0.77491
45	0.34536	0.01741	0.08025	0.27406	0.06593	0.01780	0.01631	0.05546	0.01582	0.02851	0.01281	0.01662	0.00971	0.00752	0.00644	0.00246	0.00842	0.00563	0.00426	0.00922
46	0.01076	0.00744	0.00897	0.00931	0.00999	0.00721	0.00602	0.01203	0.01444	0.01969	0.13477	0.21349	0.07983	0.34950	0.05175	0.00537	0.00637	0.01435	0.03292	0.00579

[dist]
# distance from previous block
# <min> <max>
0	2

[block]
# block no. 1 follows, 25 sequences, length 18
# corresponding to MSA columns:
# 61-78
name=unknown_B
#
# <colnr> <probs for GDERKNQSTAVLIFYWHMCP>
#	G	D	E	R	K	N	Q	S	T	A	V	L	I	F	Y	W	H	M	C	P
0	0.01371	0.01227	0.01906	0.34581	0.03363	0.01528	0.01623	0.01801	0.03289	0.01948	0.01850	0.02562	0.03827	0.02549	0.23509	0.00592	0.10499	0.00774	0.00394	0.00807
1	0.08144	0.50915	0.03340	0.12517	0.02426	0.02582	0.01377	0.02176	0.01513	0.01953	0.01145	0.01452	0.01012	0.00822	0.00710	0.05344	0.00833	0.00477	0.00346	0.00917
2	0.01066	0.00731	0.00948	0.00993	0.01076	0.00693	0.00674	0.01221	0.01636	0.02247	0.26472	0.30209	0.05181	0.15121	0.01675	0.06668	0.00494	0.01592	0.00691	0.00613
3	0.01340	0.00967	0.01090	0.01015	0.01212	0.00951	0.00709	0.06276	0.06855	0.02150	0.03596	0.08705	0.17291	0.25091	0.02139	0.10469	0.00615	0.01143	0.02609	0.05778
4	0.01130	0.00828	0.00994	0.01072	0.01154	0.00837	0.00708	0.01491	0.09847	0.01996	0.03560	0.42372	0.04052	0.24063	0.01881	0.00444	0.00565	0.01697	0.00651	0.00658
5	0.01148	0.00885	0.01303	0.01281	0.01404	0.01053	0.00995	0.01405	0.01237	0.01791	0.02023	0.03047	0.01916	0.08519	0.62250	0.01163	0.06640	0.00834	0.00413	0.00693
6	0.03400	0.01337	0.01797	0.01390	0.01981	0.01180	0.01144	0.03796	0.05480	0.65143	0.03064	0.02652	0.01942	0.00964	0.00780	0.00241	0.00657	0.00785	0.00951	0.01315
7	0.01053	0.00726	0.00888	0.00952	0.00990	0.00702	0.00597	0.01146	0.01386	0.01868	0.10368	0.31480	0.04222	0.37306	0.02452	0.00524	0.00591	0.01580	0.00610	0.00562
8	0.02683	0.01973	0.02041	0.01606	0.02141	0.04556	0.01311	0.51939	0.03239	0.04428	0.01954	0.02025	0.01424	0.00921	0.00732	0.00222	0.00787	0.00695	0.14122	0.01199
9	0.01827	0.01913	0.02356	0.02031	0.02075	0.09670	0.01675	0.01999	0.01297	0.01869	0.01037	0.01664	0.01016	0.01297	0.02344	0.00324	0.63747	0.00659	0.00346	0.00854
10	0.01775	0.28357	0.37389	0.02034	0.02961	0.02272	0.10428	0.02412	0.01640	0.02235	0.01303	0.01556	0.01012	0.00700	0.00675	0.00219	0.01054	0.00561	0.00337	0.01079
11	0.01836	0.41493	0.33708	0.01732	0.02616	0.02487	0.02032	0.02383	0.01604	0.02114	0.01222	0.01424	0.00989	0.00697	0.00607	0.00202	0.00974	0.00487	0.00330	0.01064
12	0.01279	0.00921	0.01138	0.01120	0.01330	0.00841	0.00791	0.05409	0.01653	0.04071	0.05344	0.45334	0.03958	0.08382	0.01166	0.00310	0.00528	0.01641	0.00666	0.14117
13	0.01913	0.01376	0.01604	0.01286	0.01798	0.01276	0.01019	0.09176	0.10691	0.11401	0.05541	0.07979	0.07429	0.01047	0.00777	0.00203	0.02410	0.00859	0.00659	0.31559
14	0.03017	0.02061	0.02258	0.01731	0.02349	0.02240	0.01430	0.57308	0.03460	0.13169	0.02018	0.01963	0.01397	0.00935	0.00776	0.00234	0.00828	0.00709	0.00800	0.01319
15	0.00965	0.00683	0.00894	0.01054	0.01094	0.00643	0.00693	0.01085	0.01446	0.01928	0.04075	0.64959	0.04878	0.10056	0.01310	0.00362	0.00483	0.02087	0.00693	0.00612
16	0.00964	0.00690	0.00917	0.01066	0.01129	0.00643	0.00721	0.01129	0.01576	0.02125	0.12442	0.63660	0.05411	0.02320	0.00980	0.00306	0.00439	0.02101	0.00737	0.00643
17	0.01185	0.00913	0.01227	0.01181	0.01312	0.01014	0.00908	0.01458	0.01639	0.02363	0.23702	0.13019	0.08133	0.02711	0.18704	0.00519	0.11216	0.01214	0.06862	0.00720

[dist]
# distance from previous block
# <min> <max>
0	2

[block]
# block no. 2 follows, 25 sequences, length 124
# corresponding to MSA columns:
# 81-204
name=unknown_C
#
# <colnr> <probs for GDERKNQSTAVLIFYWHMCP>
#	G	D	E	R	K	N	Q	S	T	A	V	L	I	F	Y	W	H	M	C	P
0	0.02911	0.01467	0.01793	0.01476	0.01972	0.01366	0.01163	0.09035	0.08546	0.39358	0.13026	0.03506	0.04885	0.01235	0.00889	0.00282	0.00684	0.00966	0.04166	0.01275
1	0.01223	0.00743	0.00979	0.01086	0.01189	0.00689	0.00745	0.01379	0.01550	0.08577	0.04012	0.59939	0.04593	0.04834	0.01060	0.00318	0.00478	0.01961	0.03949	0.00696
2	0.00954	0.00681	0.00910	0.01090	0.01139	0.00638	0.00736	0.01096	0.01494	0.01990	0.04268	0.70322	0.05108	0.02420	0.00992	0.00316	0.00458	0.04036	0.00720	0.00632
3	0.00974	0.00698	0.00926	0.01059	0.01131	0.00650	0.00722	0.01154	0.01622	0.02198	0.16531	0.59363	0.05552	0.02266	0.00975	0.00301	0.00434	0.02049	0.00746	0.00650
4	0.01518	0.00928	0.01156	0.01142	0.01329	0.00920	0.00828	0.06082	0.06478	0.08950	0.08377	0.34448	0.03731	0.01894	0.01145	0.09972	0.00523	0.01458	0.08352	0.00770
5	0.01061	0.00761	0.00947	0.01032	0.01118	0.00726	0.00695	0.03376	0.01591	0.02125	0.10832	0.46550	0.08960	0.14683	0.01492	0.00378	0.00505	0.01838	0.00692	0.00638
6	0.78228	0.01499	0.01140	0.01020	0.01499	0.01739	0.00840	0.02279	0.01320	0.03479	0.01080	0.01260	0.00840	0.00720	0.00480	0.00240	0.00600	0.00420	0.00480	0.00840
7	0.01786	0.01555	0.02077	0.06259	0.02396	0.01352	0.08258	0.09743	0.01877	0.02772	0.01458	0.01725	0.01164	0.00640	0.00651	0.00156	0.00722	0.00555	0.00483	0.54371
8	0.01774	0.01020	0.01212	0.07543	0.01638	0.01058	0.00889	0.09486	0.01872	0.09331	0.02660	0.02945	0.06275	0.01250	0.02874	0.05894	0.00589	0.00785	0.40074	0.00832
9	0.01830	0.02092	0.04575	0.03268	0.04052	0.01961	0.65098	0.02484	0.01830	0.02484	0.01569	0.02092	0.01176	0.00654	0.00915	0.00261	0.01307	0.00915	0.00392	0.01046
10	0.01555	0.04011	0.68733	0.02210	0.03356	0.01801	0.02865	0.02455	0.01637	0.02455	0.01391	0.01637	0.00982	0.00737	0.00737	0.00246	0.01146	0.00573	0.00327	0.01146
11	0.01573	0.01525	0.02686	0.56039	0.04951	0.01800	0.12153	0.03937	0.01646	0.02144	0.01412	0.02054	0.01064	0.00778	0.00849	0.00260	0.03135	0.00725	0.00365	0.00904
12	0.01463	0.01370	0.02284	0.62076	0.07516	0.01692	0.02070	0.01945	0.01543	0.01999	0.01524	0.05813	0.01261	0.00881	0.00848	0.00263	0.03454	0.00770	0.00366	0.00863
13	0.01347	0.00673	0.01010	0.01010	0.01010	0.00673	0.00673	0.01010	0.01010	0.01347	0.01347	0.02357	0.01347	0.02694	0.03030	0.77441	0.00673	0.00673	0.00337	0.00337
14	0.78228	0.01499	0.01140	0.01020	0.01499	0.01739	0.00840	0.02279	0.01320	0.03479	0.01080	0.01260	0.00840	0.00720	0.00480	0.00240	0.00600	0.00420	0.00480	0.00840
15	0.02192	0.01797	0.01902	0.01631	0.02117	0.02052	0.01291	0.19972	0.50232	0.03669	0.02821	0.02626	0.02095	0.01021	0.00786	0.00255	0.00676	0.00830	0.00786	0.01251
16	0.01320	0.00830	0.01084	0.01016	0.01213	0.00763	0.00751	0.01629	0.02047	0.09343	0.49999	0.12075	0.06231	0.06861	0.01132	0.00288	0.00432	0.01401	0.00822	0.00760
17	0.02863	0.01195	0.01577	0.01262	0.01752	0.01068	0.01023	0.03252	0.04622	0.49732	0.12608	0.03143	0.02747	0.01051	0.00777	0.00236	0.00585	0.00871	0.08467	0.01169
18	0.01124	0.00747	0.00898	0.00913	0.00930	0.00756	0.00550	0.01140	0.01161	0.01561	0.02493	0.10395	0.02838	0.56096	0.09712	0.05707	0.00844	0.01162	0.00477	0.00495
19	0.00963	0.00694	0.00908	0.01067	0.01131	0.00647	0.00725	0.01112	0.01520	0.02016	0.06178	0.62924	0.08341	0.04336	0.01069	0.00324	0.00462	0.04236	0.00716	0.00632
20	0.19669	0.01501	0.01663	0.01358	0.01864	0.01553	0.01101	0.17025	0.06504	0.26938	0.06965	0.06344	0.02134	0.01033	0.00734	0.00244	0.00654	0.00812	0.00779	0.01125
21	0.00945	0.00675	0.00900	0.01080	0.01125	0.00630	0.00720	0.01080	0.01484	0.01979	0.04274	0.72245	0.05128	0.02429	0.00990	0.00315	0.00450	0.02204	0.00720	0.00630
22	0.02899	0.02052	0.02229	0.01730	0.02332	0.02252	0.01422	0.54407	0.09343	0.10162	0.02084	0.02023	0.01467	0.00944	0.00777	0.00236	0.00815	0.00722	0.00793	0.01310
23	0.01220	0.00899	0.01038	0.01054	0.01248	0.00873	0.00753	0.01693	0.11415	0.05035	0.09335	0.29183	0.22234	0.08894	0.01216	0.00327	0.00491	0.01620	0.00725	0.00747
24	0.00957	0.00694	0.00907	0.01063	0.01134	0.00643	0.00725	0.01112	0.01542	0.02043	0.07077	0.63015	0.09809	0.02353	0.00983	0.00309	0.00450	0.03820	0.00725	0.00638
25	0.02519	0.01959	0.02086	0.01697	0.02241	0.02204	0.01370	0.39586	0.30086	0.04196	0.02406	0.02295	0.01759	0.00982	0.00781	0.00245	0.00752	0.00773	0.00781	0.01280
26	0.01808	0.01112	0.01344	0.01266	0.01585	0.01118	0.01022	0.04749	0.14014	0.14513	0.05751	0.07098	0.11448	0.01549	0.00958	0.03526	0.00594	0.17312	0.08318	0.00917
27	0.02019	0.01276	0.01412	0.01225	0.01599	0.03818	0.00959	0.08398	0.11938	0.18202	0.15723	0.06609	0.13491	0.01293	0.00809	0.00242	0.00564	0.01078	0.08357	0.00988
28	0.01070	0.00759	0.00958	0.01057	0.01182	0.00706	0.00744	0.01310	0.03584	0.04166	0.10821	0.49557	0.15040	0.02180	0.00961	0.00297	0.00452	0.03729	0.00742	0.00685
29	0.01178	0.00904	0.01119	0.01111	0.01341	0.00794	0.00791	0.03680	0.01606	0.02224	0.03625	0.50098	0.06449	0.01908	0.00879	0.00262	0.00493	0.01706	0.00659	0.19175
30	0.01976	0.01345	0.01623	0.01199	0.01831	0.01070	0.00964	0.04013	0.01827	0.15625	0.06564	0.02124	0.01757	0.00734	0.00645	0.00152	0.00583	0.00598	0.00595	0.54773
31	0.01264	0.00897	0.01099	0.01052	0.01289	0.00776	0.00740	0.01451	0.01508	0.04797	0.03243	0.36797	0.05256	0.12102	0.01286	0.00317	0.00529	0.01464	0.03841	0.20290
32	0.01057	0.00744	0.00918	0.00999	0.01142	0.00668	0.00701	0.01238	0.01661	0.04915	0.11040	0.44803	0.22952	0.02158	0.00953	0.00290	0.00435	0.01909	0.00742	0.00675
33	0.01108	0.00831	0.01246	0.01246	0.01385	0.00969	0.00969	0.01385	0.01246	0.01800	0.02077	0.03046	0.01938	0.05815	0.69678	0.01246	0.02077	0.00831	0.00415	0.00692
34	0.02435	0.01453	0.01674	0.01419	0.01889	0.01529	0.01128	0.06286	0.33815	0.25631	0.04594	0.02834	0.02254	0.01014	0.00764	0.00245	0.00608	0.00834	0.08395	0.01201
35	0.01100	0.00801	0.01007	0.01094	0.01211	0.00767	0.00764	0.05549	0.01744	0.02333	0.12487	0.54287	0.09561	0.02185	0.00960	0.00296	0.00463	0.01957	0.00741	0.00692
36	0.01179	0.00782	0.00997	0.00993	0.01133	0.00727	0.00698	0.01412	0.01810	0.05886	0.34140	0.22683	0.08145	0.14159	0.01454	0.00351	0.00471	0.01538	0.00752	0.00687
37	0.01215	0.00759	0.01007	0.01117	0.01238	0.00700	0.00791	0.01385	0.01593	0.08586	0.04334	0.57515	0.08117	0.02239	0.00971	0.00308	0.00486	0.06193	0.00743	0.00705
38	0.01197	0.00804	0.01006	0.07790	0.01311	0.00838	0.00662	0.01224	0.01175	0.01585	0.02219	0.04394	0.02448	0.55189	0.03404	0.09185	0.00756	0.01019	0.03290	0.00503
39	0.01113	0.00795	0.00990	0.00956	0.01155	0.00717	0.00711	0.01417	0.02031	0.04706	0.46250	0.12641	0.20172	0.01733	0.00918	0.00255	0.00389	0.01515	0.00814	0.00722
40	0.34362	0.01518	0.01466	0.01270	0.01714	0.01695	0.01010	0.11728	0.16476	0.07927	0.05728	0.04255	0.01921	0.04803	0.00838	0.00274	0.00634	0.00731	0.00653	0.00997
41	0.51943	0.05275	0.01537	0.01188	0.01699	0.01810	0.00989	0.12187	0.01820	0.10025	0.04194	0.01680	0.01302	0.00810	0.00575	0.00235	0.00647	0.00540	0.00581	0.00965
42	0.38731	0.19835	0.02025	0.01220	0.01726	0.02053	0.01045	0.04876	0.10764	0.04948	0.01634	0.05360	0.01377	0.00859	0.00576	0.00228	0.00664	0.00600	0.00524	0.00955
43	0.11870	0.08295	0.45788	0.07089	0.03203	0.01888	0.06711	0.02390	0.01597	0.02515	0.01339	0.01621	0.00981	0.00726	0.00700	0.00241	0.01053	0.00573	0.00354	0.01066
44	0.03230	0.01513	0.04426	0.01457	0.02065	0.01322	0.01237	0.07990	0.08019	0.55716	0.02921	0.02569	0.01882	0.00957	0.00779	0.00242	0.00688	0.00775	0.00907	0.01305
45	0.15908	0.02056	0.02123	0.01652	0.02249	0.02290	0.01365	0.54474	0.03245	0.04644	0.01727	0.01758	0.01236	0.00894	0.00725	0.00234	0.00810	0.00650	0.00725	0.01236
46	0.01500	0.01449	0.02548	0.64196	0.05213	0.01746	0.08382	0.02031	0.01578	0.02031	0.01397	0.02070	0.01048	0.00763	0.00789	0.00259	0.01061	0.00711	0.00349	0.00880
47	0.01021	0.00795	0.00922	0.00911	0.01125	0.00706	0.00690	0.01289	0.01914	0.02493	0.31171	0.06797	0.36412	0.04570	0.01044	0.00281	0.00419	0.05994	0.00763	0.00682
48	0.09314	0.01072	0.01068	0.00954	0.01241	0.01139	0.00744	0.13716	0.01958	0.03280	0.02258	0.02603	0.01774	0.03066	0.00683	0.00214	0.00489	0.00700	0.52890	0.00838
49	0.78228	0.01499	0.01140	0.01020	0.01499	0.01739	0.00840	0.02279	0.01320	0.03479	0.01080	0.01260	0.00840	0.00720	0.00480	0.00240	0.00600	0.00420	0.00480	0.00840
50	0.01263	0.00942	0.01286	0.01235	0.01375	0.01080	0.00934	0.05870	0.01390	0.01962	0.02094	0.03311	0.02033	0.18458	0.49396	0.01044	0.04305	0.00874	0.00449	0.00699
51	0.03013	0.02066	0.02262	0.01734	0.02352	0.02248	0.01432	0.57713	0.03469	0.12751	0.02010	0.01958	0.01393	0.00934	0.00776	0.00234	0.00829	0.00708	0.00798	0.01319
52	0.08543	0.01373	0.01755	0.01348	0.01949	0.01223	0.01110	0.05998	0.02153	0.54759	0.02704	0.02408	0.01742	0.00903	0.00738	0.00227	0.00655	0.00719	0.00869	0.08823
53	0.01532	0.01034	0.01194	0.01082	0.01401	0.00994	0.00835	0.02182	0.14483	0.12053	0.24779	0.05375	0.26951	0.01527	0.00872	0.00253	0.00465	0.01295	0.00809	0.00884
54	0.01723	0.01864	0.03563	0.02683	0.03156	0.02014	0.38890	0.02177	0.01597	0.02241	0.01708	0.04076	0.03933	0.00997	0.01478	0.00290	0.25364	0.00898	0.00396	0.00950
55	0.00984	0.00697	0.00918	0.01080	0.01130	0.00660	0.00731	0.01121	0.01470	0.01956	0.04081	0.61232	0.04854	0.09368	0.01288	0.00361	0.00498	0.06257	0.00695	0.00620
56	0.03340	0.01313	0.01771	0.01372	0.01951	0.01153	0.01128	0.03708	0.04465	0.63855	0.05349	0.02760	0.02126	0.00985	0.00785	0.00241	0.00648	0.00805	0.00950	0.01295
57	0.01018	0.00727	0.00984	0.01164	0.01241	0.00693	0.00847	0.01207	0.01557	0.02061	0.04233	0.56946	0.04968	0.02360	0.01009	0.00325	0.00513	0.16779	0.00718	0.00650
58	0.01083	0.00739	0.00860	0.00894	0.00918	0.00723	0.00532	0.01127	0.01253	0.01667	0.04929	0.18660	0.05679	0.54053	0.03157	0.00632	0.00667	0.01370	0.00540	0.00516
59	0.02144	0.01617	0.01760	0.01550	0.02011	0.01819	0.01215	0.04073	0.57565	0.12319	0.03142	0.02858	0.02305	0.01039	0.00788	0.00260	0.00620	0.00863	0.00813	0.01240
60	0.03407	0.01304	0.01776	0.01367	0.01955	0.01127	0.01127	0.03709	0.02218	0.66486	0.04997	0.02734	0.02082	0.00978	0.00784	0.00240	0.00651	0.00798	0.00956	0.01302
61	0.01825	0.02076	0.04490	0.03220	0.03974	0.01977	0.62640	0.02460	0.01805	0.02460	0.01547	0.02076	0.01170	0.00681	0.00978	0.00264	0.04022	0.00906	0.00390	0.01038
62	0.01523	0.00798	0.00806	0.00778	0.00981	0.00810	0.00590	0.05101	0.01731	0.02994	0.02495	0.02837	0.01953	0.00905	0.00554	0.00183	0.00387	0.00721	0.73099	0.00754
63	0.07136	0.01468	0.02362	0.52649	0.04531	0.01827	0.05258	0.02013	0.01497	0.02101	0.01316	0.01958	0.01025	0.00846	0.01008	0.00268	0.10834	0.00680	0.00356	0.00867
64	0.01692	0.06989	0.03649	0.02583	0.03173	0.01796	0.43722	0.02199	0.01715	0.02361	0.01942	0.11724	0.01755	0.00954	0.00957	0.00260	0.04846	0.01030	0.05702	0.00952
65	0.09227	0.01128	0.01319	0.01188	0.01508	0.01152	0.00936	0.04825	0.12592	0.10801	0.35964	0.04550	0.04804	0.01352	0.00841	0.00253	0.00507	0.05334	0.00806	0.00914
66	0.02054	0.01713	0.02542	0.09776	0.22854	0.01819	0.07995	0.04986	0.25258	0.09394	0.02247	0.02374	0.01687	0.00860	0.00792	0.00249	0.00831	0.00789	0.00596	0.01184
67	0.01849	0.02010	0.04159	0.08179	0.07444	0.01931	0.52704	0.05074	0.01877	0.02552	0.01556	0.02058	0.01174	0.00674	0.00882	0.00254	0.01227	0.00865	0.00406	0.03126
68	0.09111	0.01442	0.02300	0.56569	0.11967	0.01738	0.02049	0.02055	0.01552	0.02191	0.01358	0.01971	0.01036	0.00760	0.00745	0.00253	0.00978	0.00663	0.00362	0.00900
69	0.01509	0.01424	0.02406	0.64422	0.11458	0.01734	0.02175	0.02020	0.01571	0.02035	0.01386	0.02053	0.01053	0.00767	0.00774	0.00256	0.01023	0.00689	0.00348	0.00897
70	0.01350	0.00805	0.01072	0.01085	0.01255	0.00736	0.00782	0.01588	0.01832	0.11622	0.25979	0.39567	0.05438	0.01933	0.00934	0.00280	0.00450	0.01729	0.00799	0.00761
71	0.01117	0.00887	0.01305	0.08102	0.01753	0.00857	0.04335	0.01350	0.01564	0.02117	0.08190	0.47101	0.04281	0.04934	0.01057	0.00307	0.00577	0.03555	0.00646	0.05964
72	0.09581	0.01414	0.02204	0.58474	0.04693	0.01772	0.01981	0.02004	0.01499	0.02131	0.01320	0.01955	0.01012	0.00812	0.00874	0.00262	0.06135	0.00660	0.00358	0.00858
73	0.01372	0.00828	0.01120	0.01025	0.01194	0.00825	0.05324	0.01566	0.01440	0.02288	0.02379	0.03149	0.04329	0.09498	0.07217	0.15393	0.00678	0.00814	0.38921	0.00639
74	0.01000	0.00723	0.00946	0.01029	0.01134	0.00668	0.00719	0.01223	0.01758	0.02401	0.27776	0.45060	0.08480	0.02098	0.00959	0.00286	0.00416	0.01885	0.00769	0.00668
75	0.01700	0.01433	0.01657	0.01192	0.01876	0.01128	0.00957	0.06311	0.01748	0.02689	0.01411	0.01625	0.01160	0.00599	0.00588	0.00123	0.00593	0.00476	0.00481	0.72253
76	0.01517	0.00917	0.01186	0.01048	0.01336	0.00813	0.00805	0.01855	0.02114	0.13940	0.47079	0.07173	0.09046	0.01458	0.00871	0.00238	0.00433	0.01271	0.00833	0.06067
77	0.01355	0.00725	0.01106	0.06126	0.01327	0.00750	0.00782	0.01081	0.01050	0.01393	0.01349	0.02336	0.01324	0.02553	0.02865	0.71790	0.00700	0.00675	0.00337	0.00375
78	0.01696	0.01114	0.01282	0.01167	0.01402	0.01131	0.00843	0.14071	0.04503	0.09027	0.03305	0.17848	0.08659	0.26641	0.01955	0.00439	0.00664	0.02778	0.00669	0.00805
79	0.00945	0.00675	0.00900	0.01080	0.01125	0.00630	0.00720	0.01080	0.01484	0.01979	0.04274	0.72245	0.05128	0.02429	0.00990	0.00315	0.00450	0.02204	0.00720	0.00630
80	0.01608	0.01378	0.01608	0.01148	0.01837	0.01034	0.00919	0.01952	0.01608	0.02527	0.01378	0.01608	0.01148	0.00574	0.00574	0.00115	0.00574	0.00459	0.00459	0.77491
81	0.01312	0.00690	0.01020	0.01045	0.01062	0.00686	0.00719	0.01059	0.01099	0.01462	0.01750	0.07631	0.01835	0.02635	0.02747	0.66493	0.00661	0.05320	0.00391	0.00384
82	0.01487	0.00969	0.01218	0.01283	0.01461	0.00897	0.00941	0.01720	0.04304	0.08914	0.09017	0.41729	0.08534	0.02163	0.01031	0.00334	0.00576	0.11772	0.00807	0.00841
83	0.01092	0.00728	0.00934	0.01034	0.01112	0.00680	0.00691	0.01230	0.01515	0.04781	0.08463	0.50734	0.07175	0.14256	0.01476	0.00379	0.00502	0.01883	0.00697	0.00640
84	0.00945	0.00675	0.00900	0.01080	0.01125	0.00630	0.00720	0.01080	0.01484	0.01979	0.04274	0.72245	0.05128	0.02429	0.00990	0.00315	0.00450	0.02204	0.00720	0.00630
85	0.01191	0.00756	0.00971	0.01064	0.01197	0.00684	0.00741	0.01352	0.01601	0.08575	0.04708	0.55315	0.14495	0.02212	0.00958	0.00299	0.00462	0.01975	0.00744	0.00702
86	0.08820	0.00944	0.01049	0.01056	0.01279	0.00934	0.00779	0.03456	0.06633	0.04271	0.11242	0.27783	0.20462	0.04550	0.01001	0.00296	0.00491	0.03492	0.00714	0.00749
87	0.30223	0.19554	0.02196	0.01359	0.01851	0.11553	0.01156	0.08659	0.01783	0.05610	0.01331	0.01503	0.01064	0.00791	0.00667	0.00217	0.04451	0.00502	0.04583	0.00948
88	0.01081	0.00760	0.00947	0.01065	0.01155	0.00744	0.00727	0.01391	0.06268	0.02179	0.06275	0.54350	0.04577	0.05793	0.01081	0.00318	0.00466	0.01875	0.08270	0.00678
89	0.01199	0.00751	0.00961	0.01019	0.01110	0.00704	0.00683	0.01300	0.01485	0.06483	0.08222	0.39008	0.07616	0.18136	0.01783	0.06048	0.00540	0.01664	0.00661	0.00628
90	0.00953	0.00681	0.00907	0.01074	0.01126	0.00635	0.00720	0.01100	0.01523	0.02040	0.07666	0.68679	0.05246	0.02384	0.00986	0.00311	0.00445	0.02161	0.00727	0.00635
91	0.00968	0.00693	0.00921	0.01064	0.01130	0.00645	0.00722	0.01138	0.01593	0.02152	0.13923	0.62104	0.05462	0.02300	0.00978	0.00304	0.00437	0.02082	0.00740	0.00645
92	0.01608	0.01378	0.01608	0.01148	0.01837	0.01034	0.00919	0.01952	0.01608	0.02527	0.01378	0.01608	0.01148	0.00574	0.00574	0.00115	0.00574	0.00459	0.00459	0.77491
93	0.42033	0.03797	0.01697	0.01350	0.01881	0.06875	0.01109	0.20241	0.02135	0.10143	0.01504	0.01575	0.01097	0.00807	0.00609	0.00233	0.00742	0.00539	0.00601	0.01031
94	0.02434	0.01676	0.01859	0.01570	0.02073	0.01838	0.01250	0.14312	0.42083	0.17603	0.02918	0.02665	0.02094	0.01012	0.00785	0.00253	0.00664	0.00826	0.00824	0.01263
95	0.01542	0.01309	0.01538	0.01142	0.01767	0.00994	0.00899	0.01866	0.01596	0.02472	0.01665	0.08597	0.01542	0.00758	0.00615	0.00135	0.00562	0.00632	0.00485	0.69885
96	0.25284	0.01290	0.01486	0.01223	0.01718	0.01252	0.00992	0.02979	0.01900	0.39839	0.07275	0.07248	0.02215	0.01035	0.00715	0.00245	0.00606	0.00817	0.00793	0.01087
97	0.00969	0.00692	0.00928	0.01108	0.01164	0.00651	0.00763	0.01123	0.01509	0.02007	0.04260	0.67075	0.05074	0.02406	0.00996	0.00318	0.00471	0.07129	0.00719	0.00637
98	0.00965	0.00683	0.00894	0.01054	0.01094	0.00643	0.00692	0.01085	0.01445	0.01927	0.04073	0.64891	0.04875	0.10128	0.01313	0.00363	0.00483	0.02086	0.00692	0.00612
99	0.01761	0.01804	0.02365	0.02034	0.02055	0.05984	0.01686	0.01932	0.01242	0.01868	0.01028	0.01680	0.01017	0.01327	0.02446	0.00332	0.67580	0.00669	0.00343	0.00851
100	0.01095	0.00746	0.00881	0.00901	0.00933	0.00730	0.00546	0.01168	0.01335	0.01806	0.11966	0.15634	0.03817	0.51698	0.03056	0.00612	0.00650	0.01334	0.00563	0.00532
101	0.01387	0.00741	0.00814	0.00814	0.00987	0.00766	0.00616	0.01733	0.01560	0.02701	0.02451	0.02918	0.01979	0.01757	0.12562	0.00366	0.00660	0.00741	0.63730	0.00717
102	0.08848	0.01356	0.01748	0.01367	0.01947	0.01237	0.01124	0.03692	0.06477	0.59309	0.02921	0.02555	0.01870	0.00948	0.00758	0.00241	0.00652	0.00760	0.00913	0.01278
103	0.00934	0.00786	0.00810	0.00804	0.01058	0.00662	0.00603	0.01147	0.01810	0.02195	0.13757	0.07297	0.61634	0.01926	0.00916	0.00260	0.00390	0.01613	0.00733	0.00662
104	0.01376	0.00722	0.00748	0.00761	0.00913	0.00719	0.00547	0.01683	0.01563	0.02679	0.02643	0.08022	0.02297	0.08623	0.00934	0.00251	0.00409	0.00870	0.63548	0.00689
105	0.00954	0.00762	0.00854	0.00885	0.01084	0.00662	0.00643	0.01166	0.01777	0.02243	0.17316	0.21797	0.43119	0.02004	0.00933	0.00271	0.00401	0.01724	0.00743	0.00662
106	0.74217	0.01490	0.01175	0.01039	0.01525	0.01707	0.00856	0.02360	0.01368	0.06965	0.01186	0.01334	0.00898	0.00733	0.00496	0.00240	0.00603	0.00439	0.00506	0.00865
107	0.01385	0.01241	0.01695	0.01559	0.01577	0.01599	0.01212	0.01523	0.01254	0.01830	0.02116	0.19764	0.02383	0.13827	0.05877	0.00449	0.38389	0.01139	0.00459	0.00723
108	0.02674	0.03125	0.02009	0.01804	0.02182	0.53202	0.01355	0.09024	0.02225	0.02239	0.01447	0.01806	0.01228	0.05768	0.00919	0.00240	0.01224	0.00579	0.06054	0.00898
109	0.01108	0.00831	0.01246	0.01246	0.01385	0.00969	0.00969	0.01385	0.01246	0.01800	0.02077	0.03046	0.01938	0.05815	0.69678	0.01246	0.02077	0.00831	0.00415	0.00692
110	0.02340	0.02067	0.02408	0.15539	0.02989	0.09175	0.04928	0.29882	0.05858	0.03315	0.01615	0.01893	0.01228	0.00946	0.01057	0.00254	0.12157	0.00693	0.00563	0.01091
111	0.02089	0.01946	0.02868	0.02117	0.02795	0.06696	0.24620	0.12458	0.04694	0.05644	0.01654	0.01905	0.01256	0.00712	0.00758	0.00205	0.00953	0.00698	0.00515	0.25418
112	0.02483	0.02047	0.13535	0.01577	0.02302	0.01587	0.01475	0.20638	0.02359	0.20860	0.01969	0.01962	0.01375	0.00808	0.00715	0.00205	0.00776	0.00633	0.00661	0.22034
113	0.01075	0.00730	0.00861	0.00913	0.00926	0.00717	0.00542	0.01114	0.01230	0.01640	0.02970	0.24405	0.03483	0.52513	0.03096	0.00626	0.00665	0.01437	0.00542	0.00516
114	0.00919	0.00775	0.00797	0.00815	0.01055	0.00652	0.00602	0.01109	0.01739	0.02083	0.07500	0.13872	0.61418	0.02010	0.00924	0.00267	0.00398	0.01693	0.00720	0.00652
115	0.38704	0.01732	0.08748	0.11004	0.11458	0.01645	0.01455	0.02311	0.01569	0.07293	0.06199	0.01922	0.01480	0.00804	0.00638	0.00242	0.00747	0.00605	0.00491	0.00953
116	0.01471	0.01007	0.01306	0.06322	0.01735	0.01033	0.01053	0.01964	0.11429	0.07006	0.08263	0.08025	0.12711	0.01832	0.01278	0.13232	0.00629	0.18272	0.00663	0.00771
117	0.00948	0.00684	0.00898	0.01061	0.01122	0.00634	0.00713	0.01093	0.01520	0.02019	0.06329	0.66921	0.08433	0.02380	0.00984	0.00310	0.00444	0.02151	0.00724	0.00634
118	0.01810	0.02233	0.09311	0.03190	0.04001	0.01949	0.60504	0.02482	0.01816	0.02482	0.01556	0.02058	0.01162	0.00660	0.00902	0.00260	0.01295	0.00890	0.00387	0.01053
119	0.01747	0.02929	0.33404	0.13313	0.19027	0.06778	0.07135	0.02414	0.01710	0.02363	0.01404	0.01786	0.01064	0.00730	0.00760	0.00242	0.01106	0.00639	0.00354	0.01097
120	0.19589	0.00905	0.00960	0.01022	0.01217	0.00916	0.00745	0.01406	0.01518	0.02399	0.06587	0.37177	0.14563	0.01902	0.00916	0.02605	0.00489	0.03746	0.00656	0.00683
121	0.01555	0.04011	0.68733	0.02210	0.03356	0.01801	0.02865	0.02455	0.01637	0.02455	0.01391	0.01637	0.00982	0.00737	0.00737	0.00246	0.01146	0.00573	0.00327	0.01146
122	0.12812	0.20251	0.23220	0.04804	0.13185	0.04098	0.01928	0.02477	0.01651	0.06960	0.01388	0.01609	0.01072	0.00727	0.00649	0.00221	0.00923	0.00547	0.00406	0.01072
123	0.01832	0.01167	0.01498	0.01457	0.04956	0.01218	0.01028	0.05622	0.07917	0.15866	0.05293	0.20086	0.04905	0.14762	0.01603	0.00365	0.07620	0.01228	0.00682	0.00893

[dist]
# distance from previous block
# <min> <max>
0	1

[block]
# block no. 3 follows, 25 sequences, length 12
# corresponding to MSA columns:
# 206-217
name=unknown_D
#
# <colnr> <probs for GDERKNQSTAVLIFYWHMCP>
#	G	D	E	R	K	N	Q	S	T	A	V	L	I	F	Y	W	H	M	C	P
0	0.01283	0.00889	0.01049	0.00992	0.01225	0.00820	0.00724	0.01643	0.05774	0.06279	0.21817	0.15011	0.18141	0.09891	0.01218	0.00306	0.00475	0.01367	0.05184	0.05912
1	0.01322	0.00886	0.01089	0.05329	0.01400	0.00909	0.00792	0.07133	0.01661	0.02359	0.07283	0.26726	0.03413	0.15778	0.01572	0.04863	0.00573	0.01341	0.14888	0.00682
2	0.13363	0.19416	0.04241	0.05559	0.02179	0.03729	0.01329	0.12896	0.05943	0.11771	0.01840	0.06399	0.01511	0.00955	0.00796	0.00234	0.05529	0.00698	0.00568	0.01044
3	0.01148	0.00764	0.00937	0.00958	0.01046	0.00760	0.00656	0.01330	0.01494	0.02129	0.15396	0.12651	0.03877	0.30822	0.08533	0.00550	0.00714	0.05270	0.10359	0.00608
4	0.00953	0.00725	0.00860	0.00953	0.01080	0.00651	0.00656	0.01110	0.01592	0.02035	0.07978	0.41661	0.27741	0.06847	0.01154	0.00321	0.00446	0.01895	0.00709	0.00632
5	0.01684	0.01423	0.01649	0.01185	0.01870	0.01112	0.00950	0.05568	0.01724	0.02661	0.01406	0.01622	0.01158	0.00595	0.00586	0.00122	0.00590	0.00473	0.00477	0.73145
6	0.14193	0.20005	0.02419	0.05688	0.05946	0.05419	0.01316	0.08232	0.09605	0.07330	0.04393	0.01922	0.01521	0.00834	0.00705	0.00217	0.03052	0.00611	0.00531	0.06062
7	0.01457	0.00837	0.01224	0.08122	0.01534	0.00886	0.00872	0.05063	0.01227	0.01629	0.01382	0.02297	0.01313	0.02391	0.02664	0.64891	0.00721	0.00677	0.00364	0.00450
8	0.02740	0.01215	0.01611	0.01345	0.01804	0.01105	0.01088	0.07212	0.02166	0.44891	0.06705	0.13622	0.02871	0.01315	0.00844	0.00261	0.00631	0.06557	0.00884	0.01132
9	0.01279	0.00936	0.01259	0.01210	0.01363	0.01053	0.00909	0.07133	0.01439	0.02017	0.02135	0.03368	0.02068	0.19532	0.49519	0.01050	0.01685	0.00881	0.00460	0.00702
10	0.01275	0.00839	0.01052	0.00971	0.01209	0.00752	0.00738	0.01598	0.02105	0.08821	0.48815	0.05865	0.19804	0.01610	0.00903	0.00247	0.00398	0.01396	0.00834	0.00768
11	0.02084	0.01562	0.01817	0.05554	0.02162	0.01525	0.01179	0.22456	0.06071	0.07298	0.02090	0.10369	0.01795	0.00976	0.00726	0.00202	0.00684	0.00804	0.00636	0.30011

[dist]
# distance from previous block
# <min> <max>
2	9

[block]
# block no. 4 follows, 25 sequences, length 7
# corresponding to MSA columns:
# 227-233
name=unknown_E
#
# <colnr> <probs for GDERKNQSTAVLIFYWHMCP>
#	G	D	E	R	K	N	Q	S	T	A	V	L	I	F	Y	W	H	M	C	P
0	0.01471	0.10687	0.06610	0.01224	0.01545	0.01326	0.01012	0.08148	0.01649	0.02237	0.05146	0.16252	0.02695	0.21360	0.09047	0.00483	0.00857	0.01081	0.00530	0.06640
1	0.01696	0.01562	0.02696	0.33588	0.07033	0.01763	0.15440	0.07446	0.01709	0.02282	0.01433	0.02054	0.01134	0.01032	0.01210	0.09488	0.06411	0.00736	0.00392	0.00894
2	0.00945	0.00675	0.00900	0.01080	0.01125	0.00630	0.00720	0.01080	0.01484	0.01979	0.04274	0.72245	0.05128	0.02429	0.00990	0.00315	0.00450	0.02204	0.00720	0.00630
3	0.01608	0.01378	0.01608	0.01148	0.01837	0.01034	0.00919	0.01952	0.01608	0.02527	0.01378	0.01608	0.01148	0.00574	0.00574	0.00115	0.00574	0.00459	0.00459	0.77491
4	0.01708	0.01413	0.01532	0.01381	0.01743	0.01571	0.01062	0.06313	0.42975	0.03148	0.16871	0.03815	0.07036	0.04732	0.00977	0.00281	0.00568	0.01033	0.00782	0.01058
5	0.01417	0.01122	0.01475	0.01365	0.01524	0.01334	0.01054	0.07130	0.06298	0.02133	0.02046	0.03078	0.01931	0.15722	0.37626	0.00869	0.11782	0.00851	0.00472	0.00771
6	0.02634	0.01753	0.01922	0.01574	0.02037	0.07087	0.01274	0.17885	0.11476	0.24727	0.02853	0.02736	0.07869	0.01095	0.00996	0.00252	0.09105	0.00821	0.00751	0.01154

[dist]
# distance from previous block
# <min> <max>
35	92

[block]
# block no. 5 follows, 25 sequences, length 23
# corresponding to MSA columns:
# 327-349
name=unknown_F
#
# <colnr> <probs for GDERKNQSTAVLIFYWHMCP>
#	G	D	E	R	K	N	Q	S	T	A	V	L	I	F	Y	W	H	M	C	P
0	0.02591	0.01869	0.02042	0.01640	0.02185	0.02039	0.01326	0.40206	0.17838	0.09444	0.02386	0.06367	0.01832	0.01039	0.00785	0.00241	0.00749	0.00828	0.00780	0.03815
1	0.01673	0.19755	0.54021	0.02009	0.03045	0.02089	0.02515	0.02425	0.01623	0.02312	0.01320	0.01548	0.00985	0.00720	0.00682	0.00227	0.01074	0.00537	0.00328	0.01112
2	0.02934	0.01526	0.05081	0.01449	0.02021	0.01351	0.01231	0.08111	0.11786	0.45909	0.07817	0.02810	0.02306	0.01008	0.00789	0.00243	0.00669	0.00825	0.00882	0.01252
3	0.01792	0.05782	0.32634	0.02641	0.03571	0.01899	0.32343	0.02522	0.01752	0.05349	0.01536	0.01881	0.01116	0.00704	0.00814	0.00250	0.01188	0.00738	0.00386	0.01100
4	0.01246	0.00787	0.01048	0.01083	0.01236	0.00726	0.00786	0.01493	0.01832	0.08467	0.27944	0.38116	0.05630	0.01965	0.00946	0.00283	0.00449	0.04437	0.00792	0.00735
5	0.00952	0.00680	0.00906	0.01075	0.01126	0.00635	0.00720	0.01098	0.01519	0.02034	0.07315	0.69048	0.05233	0.02389	0.00986	0.00311	0.00446	0.02166	0.00726	0.00635
6	0.01711	0.24891	0.49222	0.01943	0.02944	0.02183	0.02401	0.02415	0.01618	0.02265	0.01297	0.01518	0.00986	0.00715	0.00664	0.00221	0.01050	0.00525	0.00329	0.01100
7	0.01646	0.16211	0.57333	0.02054	0.03115	0.02024	0.02594	0.02432	0.01626	0.02344	0.01336	0.01568	0.00984	0.00724	0.00694	0.00231	0.01090	0.00545	0.00328	0.01119
8	0.01734	0.02763	0.27033	0.02898	0.03809	0.01905	0.43314	0.02474	0.01762	0.02474	0.01507	0.01932	0.01108	0.00683	0.00853	0.00256	0.01251	0.00795	0.00369	0.01081
9	0.01188	0.00849	0.01179	0.01358	0.01510	0.00840	0.01143	0.01501	0.01725	0.02252	0.04139	0.21468	0.04596	0.02199	0.01055	0.00349	0.00661	0.50576	0.00715	0.00697
10	0.00945	0.00675	0.00900	0.01080	0.01125	0.00630	0.00720	0.01080	0.01484	0.01979	0.04274	0.72245	0.05128	0.02429	0.00990	0.00315	0.00450	0.02204	0.00720	0.00630
11	0.01490	0.01635	0.08398	0.62116	0.07547	0.01734	0.02227	0.02039	0.01566	0.02045	0.01382	0.02022	0.01036	0.00768	0.00771	0.00256	0.01040	0.00679	0.00344	0.00901
12	0.03336	0.01288	0.01754	0.01355	0.01930	0.01115	0.01115	0.03640	0.02218	0.64541	0.06916	0.02828	0.02242	0.00997	0.00788	0.00240	0.00642	0.00817	0.00953	0.01284
13	0.78228	0.01499	0.01140	0.01020	0.01499	0.01739	0.00840	0.02279	0.01320	0.03479	0.01080	0.01260	0.00840	0.00720	0.00480	0.00240	0.00600	0.00420	0.00480	0.00840
14	0.00916	0.00785	0.00785	0.00785	0.01047	0.00655	0.00589	0.01113	0.01767	0.02095	0.07855	0.07462	0.67599	0.01964	0.00916	0.00262	0.00393	0.01636	0.00720	0.00655
15	0.00955	0.00689	0.00908	0.01078	0.01140	0.00642	0.00734	0.01103	0.01512	0.01999	0.04459	0.66219	0.08449	0.02393	0.00989	0.00314	0.00457	0.04607	0.00720	0.00634
16	0.03479	0.01320	0.01799	0.01380	0.01979	0.01140	0.01140	0.03779	0.02219	0.68451	0.03059	0.02639	0.01919	0.00960	0.00780	0.00240	0.00660	0.00780	0.00960	0.01320
17	0.02947	0.02172	0.02327	0.01784	0.02404	0.02404	0.01474	0.65329	0.03646	0.04887	0.01862	0.01862	0.01319	0.00931	0.00776	0.00233	0.00853	0.00698	0.00776	0.01319
18	0.00945	0.00675	0.00900	0.01080	0.01125	0.00630	0.00720	0.01080	0.01484	0.01979	0.04274	0.72245	0.05128	0.02429	0.00990	0.00315	0.00450	0.02204	0.00720	0.00630
19	0.01790	0.02127	0.07889	0.06510	0.06099	0.01966	0.51670	0.02408	0.01756	0.02414	0.01505	0.02030	0.01148	0.00717	0.01013	0.00265	0.06418	0.00859	0.00382	0.01034
20	0.05412	0.63404	0.03675	0.01306	0.01913	0.02817	0.01272	0.02235	0.01534	0.01896	0.01169	0.01408	0.01074	0.01135	0.06791	0.00267	0.00932	0.00453	0.00346	0.00960
21	0.02701	0.01345	0.01724	0.05105	0.02070	0.01317	0.01167	0.03489	0.18107	0.40882	0.10740	0.03050	0.02631	0.01048	0.00798	0.00247	0.00633	0.00874	0.00872	0.01201
22	0.01803	0.01437	0.01664	0.01229	0.01887	0.01182	0.00984	0.05092	0.07639	0.06433	0.01657	0.01795	0.01311	0.00655	0.00614	0.00141	0.00595	0.00526	0.00532	0.62824

[dist]
# distance from previous block
# <min> <max>
0	28

[block]
# block no. 6 follows, 25 sequences, length 65
# corresponding to MSA columns:
# 378-442
name=unknown_G
#
# <colnr> <probs for GDERKNQSTAVLIFYWHMCP>
#	G	D	E	R	K	N	Q	S	T	A	V	L	I	F	Y	W	H	M	C	P
0	0.14035	0.22283	0.08286	0.01546	0.02136	0.09267	0.05259	0.02613	0.01793	0.15096	0.05123	0.02308	0.01695	0.00887	0.00674	0.00224	0.00849	0.04383	0.00536	0.01009
1	0.02510	0.22819	0.06141	0.04925	0.10580	0.02037	0.01523	0.08892	0.07026	0.23113	0.02008	0.02006	0.01450	0.00823	0.00693	0.00219	0.00799	0.00646	0.00612	0.01176
2	0.01919	0.01842	0.03147	0.04759	0.67914	0.01842	0.02380	0.02380	0.01765	0.02533	0.01458	0.01919	0.01228	0.00691	0.00768	0.00230	0.00921	0.00691	0.00384	0.01228
