[name]
unknown

[dist]
# distance from previous block
# <min> <max>
0	10

[block]
# block no. 0 follows, 24 sequences, length 32
# corresponding to MSA columns:
# 10-41
name=unknown_A
#
# <colnr> <probs for GDERKNQSTAVLIFYWHMCP>
#	G	D	E	R	K	N	Q	S	T	A	V	L	I	F	Y	W	H	M	C	P
0	0.01278	0.00913	0.01278	0.01460	0.01643	0.00913	0.01278	0.01643	0.01825	0.02373	0.04199	0.08945	0.04564	0.02191	0.01095	0.00365	0.00730	0.61847	0.00730	0.00730
1	0.02043	0.53752	0.04118	0.01788	0.02436	0.02869	0.13242	0.02369	0.01629	0.01996	0.01192	0.01472	0.01054	0.00732	0.00754	0.00202	0.06443	0.00542	0.00351	0.01016
2	0.01452	0.00747	0.00779	0.00779	0.00961	0.00758	0.00587	0.01815	0.01634	0.02873	0.02552	0.02968	0.02029	0.01300	0.05673	0.00266	0.00501	0.00747	0.70841	0.00737
3	0.01094	0.00809	0.01020	0.00967	0.01167	0.00736	0.00726	0.01441	0.02177	0.03019	0.57636	0.06189	0.16713	0.01681	0.00936	0.00252	0.00378	0.01471	0.00852	0.00736
4	0.01581	0.00969	0.01241	0.01128	0.01397	0.00918	0.00860	0.02093	0.07905	0.13546	0.45903	0.10243	0.05960	0.01536	0.00907	0.00256	0.00452	0.01347	0.00874	0.00883
5	0.01892	0.01633	0.01716	0.01551	0.01985	0.01871	0.01204	0.03975	0.60780	0.03226	0.03601	0.03322	0.07432	0.01148	0.00817	0.00269	0.00610	0.00957	0.00801	0.01210
6	0.77733	0.01534	0.01166	0.01043	0.01534	0.01779	0.00859	0.02331	0.01350	0.03558	0.01104	0.01288	0.00859	0.00736	0.00491	0.00245	0.00613	0.00429	0.00491	0.00859
7	0.59710	0.01659	0.01434	0.01213	0.01737	0.01884	0.01000	0.14560	0.01857	0.06798	0.01354	0.01474	0.01005	0.00790	0.00564	0.00244	0.00667	0.00502	0.00572	0.00977
8	0.02962	0.03779	0.02247	0.02043	0.02451	0.68948	0.01532	0.03166	0.02247	0.01941	0.01226	0.01430	0.01021	0.00817	0.00715	0.00204	0.01430	0.00511	0.00409	0.00919
9	0.01122	0.00811	0.01060	0.00998	0.01185	0.00748	0.00748	0.01496	0.02245	0.03180	0.66766	0.05923	0.07482	0.01621	0.00935	0.00249	0.00374	0.01434	0.00873	0.00748
10	0.01963	0.01884	0.03219	0.04867	0.67185	0.01884	0.02434	0.02434	0.01806	0.02591	0.01492	0.01963	0.01256	0.00707	0.00785	0.00236	0.00942	0.00707	0.00393	0.01256
11	0.01122	0.00811	0.01060	0.00998	0.01185	0.00748	0.00748	0.01496	0.02245	0.03180	0.66766	0.05923	0.07482	0.01621	0.00935	0.00249	0.00374	0.01434	0.00873	0.00748
12	0.00966	0.00690	0.00920	0.01104	0.01150	0.00644	0.00736	0.01104	0.01518	0.02024	0.04371	0.71614	0.05245	0.02484	0.01012	0.00322	0.00460	0.02254	0.00736	0.00644
13	0.09661	0.01365	0.01785	0.01381	0.01984	0.01216	0.01140	0.03738	0.02194	0.62453	0.02962	0.02583	0.01872	0.00961	0.00772	0.00245	0.00670	0.00767	0.00941	0.01309
14	0.01963	0.01884	0.03219	0.04867	0.67185	0.01884	0.02434	0.02434	0.01806	0.02591	0.01492	0.01963	0.01256	0.00707	0.00785	0.00236	0.00942	0.00707	0.00393	0.01256
15	0.03558	0.01350	0.01840	0.01411	0.02024	0.01166	0.01166	0.03865	0.02270	0.67734	0.03128	0.02699	0.01963	0.00981	0.00797	0.00245	0.00675	0.00797	0.00981	0.01350
16	0.01004	0.00806	0.00896	0.00874	0.01112	0.00698	0.00655	0.01268	0.01966	0.02518	0.29284	0.07014	0.45378	0.01868	0.00937	0.00261	0.00392	0.01587	0.00786	0.00698
17	0.01751	0.01782	0.02691	0.02229	0.02322	0.02380	0.09021	0.01982	0.01291	0.01982	0.01107	0.01782	0.01060	0.01304	0.02408	0.00338	0.62605	0.00722	0.00353	0.00891
18	0.03014	0.02221	0.02380	0.01825	0.02459	0.02459	0.01507	0.64541	0.03728	0.04998	0.01904	0.01904	0.01349	0.00952	0.00793	0.00238	0.00873	0.00714	0.00793	0.01349
19	0.00966	0.00690	0.00920	0.01104	0.01150	0.00644	0.00736	0.01104	0.01518	0.02024	0.04371	0.71614	0.05245	0.02484	0.01012	0.00322	0.00460	0.02254	0.00736	0.00644
20	0.03014	0.02221	0.02380	0.01825	0.02459	0.02459	0.01507	0.64541	0.03728	0.04998	0.01904	0.01904	0.01349	0.00952	0.00793	0.00238	0.00873	0.00714	0.00793	0.01349
21	0.01522	0.01434	0.02423	0.66797	0.08699	0.01768	0.02214	0.02047	0.01597	0.02056	0.01414	0.02106	0.01068	0.00788	0.00792	0.00263	0.01051	0.00705	0.00354	0.00901
22	0.00941	0.00790	0.00817	0.00840	0.01081	0.00666	0.00619	0.01134	0.01773	0.02128	0.07591	0.15351	0.59429	0.02066	0.00946	0.00274	0.00409	0.01744	0.00736	0.00666
23	0.77733	0.01534	0.01166	0.01043	0.01534	0.01779	0.00859	0.02331	0.01350	0.03558	0.01104	0.01288	0.00859	0.00736	0.00491	0.00245	0.00613	0.00429	0.00491	0.00859
24	0.01910	0.45372	0.29547	0.01716	0.02591	0.02622	0.01982	0.02429	0.01636	0.02122	0.01230	0.01432	0.01012	0.00708	0.00606	0.00202	0.00977	0.00488	0.00337	0.01079
25	0.01616	0.07357	0.64988	0.02217	0.03366	0.01903	0.02855	0.02505	0.01671	0.02481	0.01408	0.01655	0.01005	0.00750	0.00742	0.00247	0.01157	0.00578	0.00335	0.01165
26	0.00966	0.00690	0.00920	0.01104	0.01150	0.00644	0.00736	0.01104	0.01518	0.02024	0.04371	0.71614	0.05245	0.02484	0.01012	0.00322	0.00460	0.02254	0.00736	0.00644
27	0.01133	0.00850	0.01274	0.01274	0.01416	0.00991	0.00991	0.01416	0.01274	0.01841	0.02124	0.03115	0.01982	0.05947	0.68989	0.01274	0.02124	0.00850	0.00425	0.00708
28	0.01055	0.00759	0.00979	0.01023	0.01143	0.00705	0.00718	0.01299	0.01855	0.02553	0.34645	0.32292	0.08545	0.07256	0.01198	0.00318	0.00439	0.01751	0.00783	0.00683
29	0.01590	0.04102	0.68023	0.02260	0.03432	0.01842	0.02930	0.02511	0.01674	0.02511	0.01423	0.01674	0.01005	0.00753	0.00753	0.00251	0.01172	0.00586	0.00335	0.01172
30	0.01747	0.01470	0.01699	0.01223	0.01923	0.01162	0.00982	0.06675	0.01800	0.02765	0.01446	0.01664	0.01188	0.00615	0.00603	0.00126	0.00609	0.00488	0.00494	0.71322
31	0.01732	0.01954	0.06249	0.02783	0.03449	0.01800	0.46163	0.02405	0.04514	0.02655	0.12725	0.02783	0.02307	0.00878	0.00988	0.00267	0.03839	0.00996	0.00493	0.01018

[dist]
# distance from previous block
# <min> <max>
2	18

[block]
# block no. 1 follows, 24 sequences, length 150
# corresponding to MSA columns:
# 60-209
name=unknown_B
#
# <colnr> <probs for GDERKNQSTAVLIFYWHMCP>
#	G	D	E	R	K	N	Q	S	T	A	V	L	I	F	Y	W	H	M	C	P
0	0.73913	0.01544	0.01229	0.01095	0.01561	0.01812	0.00903	0.02310	0.01343	0.03475	0.01101	0.01311	0.00868	0.00769	0.00597	0.00250	0.04135	0.00443	0.00484	0.00859
1	0.00966	0.00690	0.00920	0.01104	0.01150	0.00644	0.00736	0.01104	0.01518	0.02024	0.04371	0.71614	0.05245	0.02484	0.01012	0.00322	0.00460	0.02254	0.00736	0.00644
2	0.03333	0.01400	0.01834	0.01440	0.02030	0.01280	0.01178	0.03914	0.11264	0.58607	0.03142	0.02736	0.02028	0.00995	0.00799	0.00249	0.00668	0.00811	0.00957	0.01336
3	0.00966	0.00690	0.00920	0.01104	0.01150	0.00644	0.00736	0.01104	0.01518	0.02024	0.04371	0.71614	0.05245	0.02484	0.01012	0.00322	0.00460	0.02254	0.00736	0.00644
4	0.01498	0.01409	0.02378	0.70226	0.05462	0.01762	0.02202	0.02026	0.01586	0.02026	0.01409	0.02114	0.01057	0.00793	0.00793	0.00264	0.01057	0.00705	0.00352	0.00881
5	0.02849	0.01938	0.02124	0.01674	0.02253	0.02107	0.01368	0.43329	0.12839	0.13519	0.02316	0.02235	0.01636	0.00973	0.00783	0.00241	0.00780	0.00755	0.04981	0.01301
6	0.01122	0.00811	0.01060	0.00998	0.01185	0.00748	0.00748	0.01496	0.02245	0.03180	0.66766	0.05923	0.07482	0.01621	0.00935	0.00249	0.00374	0.01434	0.00873	0.00748
7	0.02962	0.03779	0.02247	0.02043	0.02451	0.68948	0.01532	0.03166	0.02247	0.01941	0.01226	0.01430	0.01021	0.00817	0.00715	0.00204	0.01430	0.00511	0.00409	0.00919
8	0.03014	0.02221	0.02380	0.01825	0.02459	0.02459	0.01507	0.64541	0.03728	0.04998	0.01904	0.01904	0.01349	0.00952	0.00793	0.00238	0.00873	0.00714	0.00793	0.01349
9	0.03014	0.02221	0.02380	0.01825	0.02459	0.02459	0.01507	0.64541	0.03728	0.04998	0.01904	0.01904	0.01349	0.00952	0.00793	0.00238	0.00873	0.00714	0.00793	0.01349
10	0.01498	0.01409	0.02378	0.70226	0.05462	0.01762	0.02202	0.02026	0.01586	0.02026	0.01409	0.02114	0.01057	0.00793	0.00793	0.00264	0.01057	0.00705	0.00352	0.00881
11	0.03014	0.02221	0.02380	0.01825	0.02459	0.02459	0.01507	0.64541	0.03728	0.04998	0.01904	0.01904	0.01349	0.00952	0.00793	0.00238	0.00873	0.00714	0.00793	0.01349
12	0.03558	0.01350	0.01840	0.01411	0.02024	0.01166	0.01166	0.03865	0.02270	0.67734	0.03128	0.02699	0.01963	0.00981	0.00797	0.00245	0.00675	0.00797	0.00981	0.01350
13	0.01139	0.00827	0.01160	0.01160	0.01262	0.00929	0.00848	0.01342	0.01240	0.01756	0.02229	0.03696	0.02235	0.24475	0.50806	0.01133	0.01745	0.00935	0.00440	0.00644
14	0.07631	0.01360	0.01803	0.01391	0.01997	0.01199	0.01149	0.03780	0.02219	0.64210	0.03017	0.02622	0.01902	0.00968	0.00781	0.00245	0.00671	0.00777	0.00955	0.01323
15	0.01600	0.00857	0.00869	0.00825	0.01046	0.00876	0.00630	0.06827	0.01827	0.03119	0.02533	0.02873	0.01978	0.00926	0.00573	0.00189	0.00410	0.00737	0.70518	0.00788
16	0.01153	0.00769	0.00865	0.00865	0.00865	0.00769	0.00480	0.01153	0.01153	0.01538	0.02499	0.05189	0.02883	0.72131	0.04036	0.00769	0.00769	0.01153	0.00480	0.00480
17	0.01048	0.00810	0.01161	0.01252	0.01326	0.00803	0.03371	0.01209	0.01515	0.02038	0.04064	0.64719	0.04836	0.02347	0.01102	0.00321	0.04594	0.02110	0.00700	0.00674
18	0.01116	0.00757	0.00898	0.00949	0.00968	0.00747	0.00578	0.01165	0.01270	0.01691	0.03014	0.20768	0.03511	0.52620	0.03194	0.00646	0.00695	0.04329	0.00552	0.00530
19	0.03191	0.01707	0.02019	0.01558	0.02156	0.01724	0.01284	0.31130	0.02893	0.35641	0.02544	0.02355	0.01690	0.00965	0.00781	0.00238	0.00746	0.00756	0.05306	0.01313
20	0.01644	0.01409	0.01644	0.01175	0.01879	0.01057	0.00940	0.01997	0.01644	0.02584	0.01409	0.01644	0.01175	0.00587	0.00587	0.00117	0.00587	0.00470	0.00470	0.76979
21	0.00966	0.00690	0.00920	0.01104	0.01150	0.00644	0.00736	0.01104	0.01518	0.02024	0.04371	0.71614	0.05245	0.02484	0.01012	0.00322	0.00460	0.02254	0.00736	0.00644
22	0.01152	0.00773	0.00884	0.00884	0.00891	0.00779	0.00505	0.01166	0.01159	0.01552	0.02481	0.05091	0.02840	0.68981	0.07128	0.00793	0.00833	0.01139	0.00478	0.00491
23	0.01153	0.00769	0.00865	0.00865	0.00865	0.00769	0.00480	0.01153	0.01153	0.01538	0.02499	0.05189	0.02883	0.72131	0.04036	0.00769	0.00769	0.01153	0.00480	0.00480
24	0.02587	0.02190	0.03239	0.02392	0.03089	0.02290	0.24970	0.41376	0.03035	0.04079	0.01792	0.01992	0.01294	0.00846	0.00847	0.00249	0.01046	0.00797	0.00647	0.01244
25	0.01541	0.01454	0.02457	0.64103	0.11244	0.01773	0.02224	0.02064	0.01606	0.02079	0.01417	0.02100	0.01076	0.00785	0.00792	0.00262	0.01046	0.00705	0.00356	0.00916
26	0.01134	0.00845	0.01251	0.01251	0.01384	0.00978	0.00961	0.01401	0.01267	0.01823	0.02146	0.03236	0.02035	0.09810	0.65198	0.01245	0.02045	0.00867	0.00428	0.00695
27	0.02180	0.01883	0.02513	0.01992	0.02516	0.04375	0.15246	0.16877	0.22750	0.05572	0.02600	0.02662	0.05283	0.01007	0.00928	0.00259	0.04933	0.00870	0.04407	0.01146
28	0.01635	0.01089	0.01229	0.01096	0.01454	0.01025	0.00843	0.02246	0.13738	0.13592	0.11622	0.05371	0.31889	0.05015	0.01026	0.00280	0.00513	0.01278	0.00780	0.04280
29	0.01798	0.01415	0.01718	0.06167	0.02154	0.01148	0.01059	0.02225	0.03923	0.07761	0.01610	0.01808	0.01272	0.00650	0.00626	0.00143	0.00629	0.00528	0.00514	0.62851
30	0.02309	0.02074	0.02402	0.07196	0.07842	0.10981	0.08241	0.24475	0.07353	0.03338	0.02170	0.04753	0.04332	0.00963	0.00792	0.00237	0.00927	0.00809	0.04037	0.04769
31	0.45172	0.17661	0.07573	0.01324	0.01920	0.05448	0.01226	0.07180	0.01662	0.03126	0.01198	0.01371	0.00952	0.00745	0.00551	0.00226	0.00772	0.00467	0.00463	0.00961
32	0.01779	0.08279	0.02587	0.02039	0.05515	0.05037	0.12652	0.07826	0.01817	0.02441	0.04576	0.12978	0.05632	0.01421	0.03450	0.00304	0.16609	0.01023	0.00510	0.03526
33	0.02779	0.07933	0.02086	0.01549	0.02067	0.11403	0.01268	0.14152	0.07174	0.26892	0.08688	0.02905	0.02339	0.01058	0.00789	0.00240	0.00805	0.03938	0.00773	0.01161
34	0.01176	0.00826	0.01037	0.00987	0.01025	0.00818	0.03327	0.01212	0.01203	0.01606	0.02551	0.08328	0.02925	0.65526	0.03749	0.00725	0.00779	0.01198	0.00490	0.00515
35	0.01498	0.01409	0.02378	0.70226	0.05462	0.01762	0.02202	0.02026	0.01586	0.02026	0.01409	0.02114	0.01057	0.00793	0.00793	0.00264	0.01057	0.00705	0.00352	0.00881
36	0.01478	0.00739	0.00739	0.00739	0.00924	0.00739	0.00554	0.01848	0.01663	0.02956	0.02587	0.02956	0.02033	0.00924	0.00554	0.00185	0.00370	0.00739	0.76534	0.00739
37	0.01915	0.01835	0.03133	0.11568	0.60857	0.01872	0.02410	0.02392	0.01783	0.02533	0.01483	0.01978	0.01236	0.00715	0.00786	0.00238	0.00954	0.00706	0.00388	0.01218
38	0.01207	0.00880	0.01185	0.01343	0.01527	0.00859	0.01144	0.01532	0.01799	0.02314	0.04731	0.13731	0.13042	0.02189	0.01067	0.00349	0.00664	0.48990	0.00731	0.00715
39	0.02764	0.01364	0.01742	0.01329	0.01929	0.01167	0.01082	0.06452	0.02172	0.40003	0.08542	0.02662	0.02226	0.00929	0.00751	0.00210	0.00633	0.00761	0.00818	0.22465
40	0.01066	0.00830	0.00854	0.00833	0.01118	0.00694	0.00630	0.01272	0.01830	0.05375	0.07791	0.07388	0.63665	0.01958	0.00930	0.00267	0.00415	0.01630	0.00748	0.00703
41	0.01939	0.01860	0.03175	0.08251	0.63989	0.01878	0.02422	0.02413	0.01794	0.02561	0.01487	0.01970	0.01246	0.00711	0.00785	0.00237	0.00948	0.00706	0.00390	0.01237
42	0.02890	0.02101	0.02247	0.01736	0.02335	0.02320	0.01430	0.59455	0.03561	0.04832	0.01959	0.01989	0.01404	0.00950	0.00774	0.00234	0.00832	0.00716	0.06937	0.01299
43	0.01137	0.00820	0.01080	0.01041	0.01228	0.00764	0.00798	0.01510	0.02205	0.03104	0.60913	0.06206	0.07209	0.01674	0.00950	0.00260	0.00407	0.07086	0.00860	0.00747
44	0.01825	0.02064	0.04485	0.03226	0.03989	0.01935	0.61014	0.02466	0.01853	0.02513	0.01747	0.05736	0.01412	0.00762	0.00940	0.00270	0.01292	0.01004	0.00418	0.01047
45	0.03137	0.01564	0.01917	0.01520	0.02102	0.01543	0.01239	0.13682	0.15873	0.44094	0.02953	0.02626	0.01961	0.00997	0.00799	0.00249	0.00697	0.00805	0.00914	0.01329
46	0.01122	0.00811	0.01060	0.00998	0.01185	0.00748	0.00748	0.01496	0.02245	0.03180	0.66766	0.05923	0.07482	0.01621	0.00935	0.00249	0.00374	0.01434	0.00873	0.00748
47	0.01153	0.00769	0.00865	0.00865	0.00865	0.00769	0.00480	0.01153	0.01153	0.01538	0.02499	0.05189	0.02883	0.72131	0.04036	0.00769	0.00769	0.01153	0.00480	0.00480
48	0.01622	0.01536	0.02603	0.52768	0.21948	0.01794	0.02264	0.02135	0.01644	0.02177	0.01431	0.02074	0.01110	0.00770	0.00791	0.00257	0.01026	0.00705	0.00363	0.00981
49	0.03014	0.02221	0.02380	0.01825	0.02459	0.02459	0.01507	0.64541	0.03728	0.04998	0.01904	0.01904	0.01349	0.00952	0.00793	0.00238	0.00873	0.00714	0.00793	0.01349
50	0.00984	0.00710	0.00932	0.01078	0.01151	0.00658	0.00732	0.01154	0.01619	0.02170	0.12146	0.60832	0.08178	0.02358	0.01000	0.00311	0.00447	0.02129	0.00753	0.00658
51	0.03134	0.01721	0.02035	0.01585	0.02180	0.01750	0.01301	0.29017	0.07646	0.34736	0.04695	0.02493	0.01921	0.00997	0.00801	0.00244	0.00744	0.00791	0.00887	0.01322
52	0.02655	0.02043	0.02178	0.01752	0.02322	0.02291	0.01420	0.43755	0.25098	0.04419	0.02360	0.02267	0.01718	0.00995	0.00798	0.00249	0.00788	0.00777	0.00798	0.01316
53	0.00966	0.00690	0.00920	0.01104	0.01150	0.00644	0.00736	0.01104	0.01518	0.02024	0.04371	0.71614	0.05245	0.02484	0.01012	0.00322	0.00460	0.02254	0.00736	0.00644
54	0.01635	0.09893	0.62624	0.02184	0.03314	0.01951	0.02797	0.02500	0.01669	0.02457	0.01396	0.01640	0.01006	0.00747	0.00733	0.00244	0.01145	0.00572	0.00335	0.01159
55	0.01860	0.01779	0.03033	0.19349	0.53508	0.01857	0.02382	0.02343	0.01757	0.02466	0.01473	0.01996	0.01212	0.00726	0.00787	0.00242	0.00968	0.00706	0.00384	0.01173
56	0.02203	0.01818	0.01923	0.01660	0.02150	0.02080	0.01311	0.17581	0.52009	0.03690	0.02934	0.02725	0.02183	0.01048	0.00804	0.00262	0.00682	0.00856	0.00804	0.01276
57	0.01122	0.00811	0.01060	0.00998	0.01185	0.00748	0.00748	0.01496	0.02245	0.03180	0.66766	0.05923	0.07482	0.01621	0.00935	0.00249	0.00374	0.01434	0.00873	0.00748
58	0.01590	0.04102	0.68023	0.02260	0.03432	0.01842	0.02930	0.02511	0.01674	0.02511	0.01423	0.01674	0.01005	0.00753	0.00753	0.00251	0.01172	0.00586	0.00335	0.01172
59	0.01963	0.01884	0.03219	0.04867	0.67185	0.01884	0.02434	0.02434	0.01806	0.02591	0.01492	0.01963	0.01256	0.00707	0.00785	0.00236	0.00942	0.00707	0.00393	0.01256
60	0.01478	0.00739	0.00739	0.00739	0.00924	0.00739	0.00554	0.01848	0.01663	0.02956	0.02587	0.02956	0.02033	0.00924	0.00554	0.00185	0.00370	0.00739	0.76534	0.00739
61	0.01639	0.01603	0.02408	0.29756	0.03454	0.02158	0.01925	0.01956	0.01365	0.01956	0.01191	0.01889	0.01047	0.01146	0.01867	0.00313	0.42405	0.00698	0.00349	0.00873
62	0.00951	0.00808	0.00822	0.00830	0.01094	0.00679	0.00630	0.01158	0.01808	0.02151	0.07879	0.07684	0.64351	0.02016	0.00944	0.00272	0.00415	0.04100	0.00736	0.00672
63	0.07271	0.05765	0.46384	0.02260	0.05689	0.01877	0.07436	0.02411	0.01671	0.02571	0.04495	0.01886	0.01331	0.00817	0.00851	0.00254	0.04902	0.00648	0.00380	0.01102
64	0.01005	0.00701	0.00944	0.01117	0.01167	0.00660	0.00759	0.01126	0.01505	0.02003	0.04188	0.64559	0.04986	0.02486	0.01138	0.04795	0.00486	0.05031	0.00713	0.00631
65	0.02294	0.46594	0.03444	0.01731	0.05912	0.20782	0.01440	0.02553	0.01823	0.01988	0.04125	0.01565	0.01325	0.00760	0.00600	0.00186	0.00990	0.00510	0.00385	0.00993
66	0.08204	0.05007	0.24930	0.02337	0.13545	0.05155	0.02023	0.16236	0.02157	0.03103	0.01789	0.01981	0.04047	0.00835	0.00735	0.00233	0.00955	0.00655	0.00489	0.05585
67	0.01877	0.02931	0.32545	0.02873	0.09939	0.01860	0.26284	0.02612	0.01806	0.07214	0.01622	0.01955	0.01175	0.00733	0.00830	0.00255	0.01177	0.00747	0.00412	0.01154
68	0.02027	0.02052	0.03170	0.07898	0.54261	0.08152	0.05948	0.02487	0.01839	0.02498	0.01469	0.01931	0.01221	0.00719	0.00788	0.00236	0.01017	0.00702	0.00392	0.01194
69	0.02693	0.26996	0.02971	0.01705	0.02310	0.15937	0.01460	0.30711	0.02698	0.03300	0.01490	0.01590	0.01168	0.00830	0.00679	0.00208	0.00975	0.00573	0.00559	0.01148
70	0.01496	0.01421	0.02450	0.63338	0.05199	0.01728	0.05763	0.02016	0.01599	0.02056	0.01549	0.05116	0.01246	0.00859	0.00811	0.00267	0.01048	0.00785	0.00372	0.00882
71	0.00966	0.00690	0.00920	0.01104	0.01150	0.00644	0.00736	0.01104	0.01518	0.02024	0.04371	0.71614	0.05245	0.02484	0.01012	0.00322	0.00460	0.02254	0.00736	0.00644
72	0.01950	0.01689	0.01821	0.04916	0.02226	0.01962	0.01301	0.04108	0.62664	0.03255	0.03140	0.02918	0.02355	0.01062	0.00806	0.00269	0.00648	0.00887	0.00785	0.01237
73	0.01123	0.00777	0.00875	0.00869	0.00921	0.00754	0.00521	0.01183	0.01339	0.01769	0.09220	0.05571	0.11504	0.56557	0.03349	0.00656	0.00685	0.01246	0.00550	0.00530
74	0.01972	0.01703	0.01793	0.01614	0.02062	0.01972	0.01255	0.04214	0.65752	0.03317	0.03228	0.02959	0.02421	0.01076	0.00807	0.00269	0.00628	0.00897	0.00807	0.01255
75	0.00966	0.00690	0.00920	0.01104	0.01150	0.00644	0.00736	0.01104	0.01518	0.02024	0.04371	0.71614	0.05245	0.02484	0.01012	0.00322	0.00460	0.02254	0.00736	0.00644
76	0.01735	0.01735	0.02429	0.02082	0.02082	0.02429	0.01735	0.01908	0.01214	0.01908	0.01041	0.01735	0.01041	0.01388	0.02602	0.00347	0.70680	0.00694	0.00347	0.00867
77	0.01478	0.00739	0.00739	0.00739	0.00924	0.00739	0.00554	0.01848	0.01663	0.02956	0.02587	0.02956	0.02033	0.00924	0.00554	0.00185	0.00370	0.00739	0.76534	0.00739
78	0.01939	0.01860	0.03175	0.08251	0.63989	0.01878	0.02422	0.02413	0.01794	0.02561	0.01487	0.01970	0.01246	0.00711	0.00785	0.00237	0.00948	0.00706	0.00390	0.01237
79	0.01752	0.01774	0.02313	0.02006	0.02043	0.06180	0.01656	0.01937	0.01280	0.01904	0.01150	0.01843	0.01125	0.01769	0.08524	0.00423	0.60410	0.00697	0.00358	0.00856
80	0.77733	0.01534	0.01166	0.01043	0.01534	0.01779	0.00859	0.02331	0.01350	0.03558	0.01104	0.01288	0.00859	0.00736	0.00491	0.00245	0.00613	0.00429	0.00491	0.00859
81	0.00966	0.00690	0.00920	0.01104	0.01150	0.00644	0.00736	0.01104	0.01518	0.02024	0.04371	0.71614	0.05245	0.02484	0.01012	0.00322	0.00460	0.02254	0.00736	0.00644
82	0.00987	0.00705	0.00942	0.01116	0.01174	0.00661	0.00761	0.01145	0.01563	0.02090	0.07057	0.65946	0.05311	0.02434	0.01013	0.00321	0.00469	0.04911	0.00742	0.00652
83	0.01937	0.01858	0.03173	0.08456	0.63795	0.01877	0.02421	0.02411	0.01794	0.02560	0.01487	0.01971	0.01245	0.00711	0.00785	0.00237	0.00948	0.00706	0.00390	0.01235
84	0.01972	0.01703	0.01793	0.01614	0.02062	0.01972	0.01255	0.04214	0.65752	0.03317	0.03228	0.02959	0.02421	0.01076	0.00807	0.00269	0.00628	0.00897	0.00807	0.01255
85	0.01735	0.01735	0.02429	0.02082	0.02082	0.02429	0.01735	0.01908	0.01214	0.01908	0.01041	0.01735	0.01041	0.01388	0.02602	0.00347	0.70680	0.00694	0.00347	0.00867
86	0.02962	0.03779	0.02247	0.02043	0.02451	0.68948	0.01532	0.03166	0.02247	0.01941	0.01226	0.01430	0.01021	0.00817	0.00715	0.00204	0.01430	0.00511	0.00409	0.00919
87	0.00966	0.00690	0.00920	0.01104	0.01150	0.00644	0.00736	0.01104	0.01518	0.02024	0.04371	0.71614	0.05245	0.02484	0.01012	0.00322	0.00460	0.02254	0.00736	0.00644
88	0.03014	0.02221	0.02380	0.01825	0.02459	0.02459	0.01507	0.64541	0.03728	0.04998	0.01904	0.01904	0.01349	0.00952	0.00793	0.00238	0.00873	0.00714	0.00793	0.01349
89	0.01149	0.00785	0.00945	0.00945	0.00973	0.00812	0.00581	0.01205	0.01177	0.01597	0.02425	0.04783	0.02706	0.59151	0.16775	0.00868	0.01035	0.01094	0.00470	0.00525
90	0.01872	0.02139	0.04679	0.03342	0.04144	0.02005	0.64305	0.02540	0.01872	0.02540	0.01604	0.02139	0.01203	0.00668	0.00936	0.00267	0.01337	0.00936	0.00401	0.01070
91	0.02120	0.72609	0.04155	0.01357	0.02035	0.03138	0.01357	0.02374	0.01611	0.01866	0.01102	0.01272	0.01018	0.00678	0.00509	0.00170	0.00848	0.00424	0.00339	0.01018
92	0.02584	0.01806	0.01921	0.01521	0.02029	0.01978	0.01240	0.46991	0.03150	0.04426	0.02095	0.02199	0.01540	0.00944	0.00726	0.00223	0.00732	0.00721	0.21996	0.01178
93	0.01590	0.04102	0.68023	0.02260	0.03432	0.01842	0.02930	0.02511	0.01674	0.02511	0.01423	0.01674	0.01005	0.00753	0.00753	0.00251	0.01172	0.00586	0.00335	0.01172
94	0.02883	0.02121	0.02269	0.01761	0.02363	0.02350	0.01448	0.58211	0.07035	0.04807	0.02009	0.02012	0.01440	0.00957	0.00783	0.00237	0.00835	0.00725	0.04439	0.01314
95	0.00966	0.00690	0.00920	0.01104	0.01150	0.00644	0.00736	0.01104	0.01518	0.02024	0.04371	0.71614	0.05245	0.02484	0.01012	0.00322	0.00460	0.02254	0.00736	0.00644
96	0.01851	0.02284	0.09370	0.03262	0.04092	0.01993	0.59760	0.02538	0.01857	0.02538	0.01591	0.02105	0.01188	0.00675	0.00922	0.00266	0.01325	0.00910	0.00396	0.01077
97	0.03558	0.01350	0.01840	0.01411	0.02024	0.01166	0.01166	0.03865	0.02270	0.67734	0.03128	0.02699	0.01963	0.00981	0.00797	0.00245	0.00675	0.00797	0.00981	0.01350
98	0.01130	0.00816	0.01071	0.01021	0.01208	0.00756	0.00775	0.01504	0.02224	0.03139	0.63621	0.06075	0.07336	0.01650	0.00943	0.00255	0.00392	0.04471	0.00866	0.00747
99	0.01153	0.00769	0.00865	0.00865	0.00865	0.00769	0.00480	0.01153	0.01153	0.01538	0.02499	0.05189	0.02883	0.72131	0.04036	0.00769	0.00769	0.01153	0.00480	0.00480
100	0.02120	0.72609	0.04155	0.01357	0.02035	0.03138	0.01357	0.02374	0.01611	0.01866	0.01102	0.01272	0.01018	0.00678	0.00509	0.00170	0.00848	0.00424	0.00339	0.01018
101	0.01963	0.01884	0.03219	0.04867	0.67185	0.01884	0.02434	0.02434	0.01806	0.02591	0.01492	0.01963	0.01256	0.00707	0.00785	0.00236	0.00942	0.00707	0.00393	0.01256
102	0.02058	0.48571	0.20613	0.01654	0.02436	0.08728	0.01782	0.02481	0.01685	0.02041	0.01197	0.01391	0.01015	0.00710	0.00591	0.00194	0.00985	0.00474	0.00344	0.01049
103	0.06266	0.02240	0.02287	0.05781	0.02571	0.08301	0.01504	0.49562	0.03291	0.07639	0.01840	0.01886	0.01311	0.00922	0.00773	0.00237	0.00912	0.00687	0.00729	0.01261
104	0.01561	0.00907	0.01008	0.00953	0.01174	0.00959	0.00736	0.07948	0.01789	0.02935	0.02427	0.02884	0.01955	0.01931	0.14266	0.00408	0.00770	0.00759	0.53836	0.00793
105	0.08866	0.01522	0.01861	0.01617	0.05570	0.01499	0.01230	0.08896	0.14210	0.35245	0.04956	0.02578	0.02018	0.00962	0.00766	0.00241	0.00677	0.00778	0.00827	0.05680
106	0.02912	0.03675	0.02224	0.02021	0.02432	0.65581	0.01518	0.03219	0.05439	0.02010	0.01326	0.01507	0.01092	0.00830	0.00720	0.00208	0.01390	0.00530	0.00429	0.00936
107	0.01298	0.01158	0.03517	0.01283	0.04036	0.04316	0.00964	0.01760	0.04990	0.02994	0.50501	0.05458	0.09430	0.01531	0.00912	0.00253	0.00503	0.03489	0.00797	0.00810
108	0.01068	0.00733	0.00890	0.00974	0.00995	0.00712	0.00597	0.01131	0.01319	0.01759	0.03350	0.35395	0.03957	0.40460	0.02661	0.00566	0.00628	0.01654	0.00597	0.00555
109	0.01619	0.01546	0.02578	0.50617	0.10004	0.01835	0.07078	0.02301	0.07625	0.02230	0.01589	0.02169	0.01212	0.00824	0.00870	0.00266	0.03532	0.00741	0.00402	0.00961
110	0.03393	0.01390	0.01843	0.01422	0.02016	0.01244	0.01171	0.08434	0.02381	0.59641	0.06233	0.02800	0.02193	0.01011	0.00804	0.00245	0.00675	0.00823	0.00961	0.01319
111	0.01975	0.02254	0.04099	0.03135	0.06733	0.09089	0.47661	0.02529	0.01833	0.02408	0.01495	0.02010	0.01168	0.00768	0.01094	0.00268	0.09193	0.00853	0.00395	0.01040
112	0.01710	0.01448	0.01679	0.01205	0.01907	0.01124	0.00967	0.04974	0.01744	0.02699	0.01433	0.01657	0.01183	0.00605	0.00597	0.00123	0.00601	0.00481	0.00485	0.73379
113	0.01541	0.01454	0.02457	0.64103	0.11244	0.01773	0.02224	0.02064	0.01606	0.02079	0.01417	0.02100	0.01076	0.00785	0.00792	0.00262	0.01046	0.00705	0.00356	0.00916
114	0.00991	0.00709	0.00943	0.01087	0.01156	0.00661	0.00738	0.01167	0.01634	0.02209	0.14353	0.61104	0.05603	0.02346	0.01000	0.00310	0.00446	0.02123	0.00758	0.00661
115	0.01049	0.00708	0.00965	0.01123	0.01173	0.00672	0.00773	0.01137	0.01474	0.01961	0.03933	0.56802	0.04642	0.02499	0.01314	0.11179	0.00514	0.06794	0.00680	0.00609
116	0.01122	0.00811	0.01060	0.00998	0.01185	0.00748	0.00748	0.01496	0.02245	0.03180	0.66766	0.05923	0.07482	0.01621	0.00935	0.00249	0.00374	0.01434	0.00873	0.00748
117	0.02120	0.72609	0.04155	0.01357	0.02035	0.03138	0.01357	0.02374	0.01611	0.01866	0.01102	0.01272	0.01018	0.00678	0.00509	0.00170	0.00848	0.00424	0.00339	0.01018
118	0.02041	0.01688	0.01795	0.01605	0.02060	0.01938	0.01251	0.04199	0.63011	0.06099	0.03223	0.02947	0.02401	0.01072	0.00806	0.00268	0.00630	0.00892	0.00814	0.01259
119	0.01122	0.00811	0.01060	0.00998	0.01185	0.00748	0.00748	0.01496	0.02245	0.03180	0.66766	0.05923	0.07482	0.01621	0.00935	0.00249	0.00374	0.01434	0.00873	0.00748
120	0.01308	0.00817	0.01080	0.01105	0.01275	0.00750	0.00807	0.01562	0.01882	0.09370	0.26675	0.35660	0.07814	0.01987	0.00963	0.00288	0.00463	0.04624	0.00811	0.00761
121	0.01735	0.01735	0.02429	0.02082	0.02082	0.02429	0.01735	0.01908	0.01214	0.01908	0.01041	0.01735	0.01041	0.01388	0.02602	0.00347	0.70680	0.00694	0.00347	0.00867
122	0.01153	0.00769	0.00865	0.00865	0.00865	0.00769	0.00480	0.01153	0.01153	0.01538	0.02499	0.05189	0.02883	0.72131	0.04036	0.00769	0.00769	0.01153	0.00480	0.00480
123	0.01644	0.01409	0.01644	0.01175	0.01879	0.01057	0.00940	0.01997	0.01644	0.02584	0.01409	0.01644	0.01175	0.00587	0.00587	0.00117	0.00587	0.00470	0.00470	0.76979
124	0.01775	0.01467	0.01774	0.01316	0.01976	0.01212	0.03150	0.05181	0.06513	0.04692	0.01733	0.04331	0.01447	0.00724	0.00647	0.00151	0.00627	0.00603	0.00533	0.60148
125	0.03039	0.02182	0.02355	0.01806	0.02440	0.02401	0.01492	0.61799	0.03662	0.07832	0.01959	0.01940	0.01376	0.00953	0.00793	0.00238	0.00864	0.00718	0.00802	0.01349
126	0.01000	0.00715	0.00955	0.01112	0.01181	0.00670	0.00767	0.01175	0.01612	0.02166	0.10969	0.61215	0.05444	0.02377	0.01009	0.00317	0.00466	0.05440	0.00750	0.00660
127	0.01673	0.14839	0.58013	0.02119	0.03213	0.02045	0.02683	0.02490	0.01664	0.02410	0.01373	0.01611	0.01007	0.00742	0.00715	0.00238	0.01121	0.00561	0.00336	0.01148
128	0.01590	0.04102	0.68023	0.02260	0.03432	0.01842	0.02930	0.02511	0.01674	0.02511	0.01423	0.01674	0.01005	0.00753	0.00753	0.00251	0.01172	0.00586	0.00335	0.01172
129	0.01122	0.00811	0.01060	0.00998	0.01185	0.00748	0.00748	0.01496	0.02245	0.03180	0.66766	0.05923	0.07482	0.01621	0.00935	0.00249	0.00374	0.01434	0.00873	0.00748
130	0.02184	0.02046	0.01895	0.04710	0.02258	0.13560	0.01332	0.08715	0.43773	0.03140	0.02661	0.02570	0.02012	0.01001	0.00777	0.00251	0.00793	0.00799	0.04361	0.01163
131	0.01080	0.00777	0.01026	0.01054	0.01196	0.00723	0.00770	0.01379	0.01993	0.02773	0.43868	0.26933	0.06628	0.01923	0.00968	0.00278	0.00419	0.04672	0.00822	0.00714
132	0.02827	0.02092	0.02248	0.01770	0.02368	0.02323	0.01447	0.50791	0.15847	0.06651	0.02202	0.02136	0.01578	0.00977	0.00796	0.00244	0.00818	0.00752	0.00802	0.01330
133	0.01116	0.00806	0.01055	0.01002	0.01183	0.00744	0.00748	0.01481	0.02216	0.03135	0.64340	0.08478	0.07395	0.01655	0.00938	0.00252	0.00377	0.01466	0.00868	0.00744
134	0.02941	0.02557	0.02314	0.01864	0.02434	0.18045	0.01498	0.46607	0.07000	0.04182	0.01822	0.01854	0.01334	0.00928	0.00776	0.00232	0.00989	0.00677	0.00704	0.01242
135	0.15583	0.37528	0.05673	0.01462	0.02103	0.05871	0.01361	0.14069	0.02025	0.05910	0.01368	0.01485	0.01096	0.00764	0.00592	0.00204	0.00845	0.00508	0.00484	0.01069
136	0.01776	0.28077	0.45671	0.01944	0.02943	0.02295	0.02379	0.02463	0.01652	0.02285	0.01311	0.01533	0.01009	0.00727	0.00668	0.00223	0.01059	0.00529	0.00336	0.01118
137	0.01498	0.01409	0.02378	0.70226	0.05462	0.01762	0.02202	0.02026	0.01586	0.02026	0.01409	0.02114	0.01057	0.00793	0.00793	0.00264	0.01057	0.00705	0.00352	0.00881
138	0.01216	0.00872	0.01191	0.01277	0.01461	0.00848	0.01068	0.01585	0.01992	0.02693	0.28999	0.07747	0.05721	0.01965	0.01032	0.00319	0.00589	0.37901	0.00787	0.00737
139	0.01320	0.00689	0.01017	0.01043	0.01049	0.00683	0.00695	0.01043	0.01100	0.01467	0.01793	0.12020	0.01914	0.02717	0.02809	0.66291	0.00657	0.00906	0.00399	0.00386
140	0.01078	0.00759	0.00962	0.00998	0.01089	0.00719	0.00674	0.01275	0.01715	0.02361	0.28988	0.27727	0.05525	0.20435	0.01776	0.00410	0.00507	0.01635	0.00724	0.00643
141	0.01564	0.01477	0.02498	0.60954	0.14218	0.01779	0.02235	0.02084	0.01617	0.02106	0.01421	0.02093	0.01085	0.00781	0.00792	0.00260	0.01041	0.00705	0.00358	0.00934
142	0.02962	0.03779	0.02247	0.02043	0.02451	0.68948	0.01532	0.03166	0.02247	0.01941	0.01226	0.01430	0.01021	0.00817	0.00715	0.00204	0.01430	0.00511	0.00409	0.00919
143	0.01677	0.01650	0.02319	0.02005	0.02018	0.02292	0.01664	0.01861	0.01220	0.01902	0.01144	0.01867	0.01131	0.01823	0.08939	0.00436	0.64137	0.00709	0.00354	0.00852
144	0.01116	0.00806	0.01054	0.01002	0.01183	0.00744	0.00748	0.01480	0.02214	0.03132	0.64159	0.08668	0.07389	0.01657	0.00938	0.00252	0.00378	0.01468	0.00867	0.00744
145	0.01681	0.15752	0.57161	0.02107	0.03195	0.02062	0.02662	0.02488	0.01663	0.02402	0.01369	0.01606	0.01007	0.00741	0.00712	0.00237	0.01117	0.00558	0.00336	0.01146
146	0.01925	0.47403	0.27654	0.01689	0.02549	0.02661	0.01936	0.02425	0.01634	0.02103	0.01220	0.01420	0.01013	0.00706	0.00599	0.00200	0.00967	0.00484	0.00338	0.01074
147	0.01772	0.27585	0.46129	0.01951	0.02953	0.02286	0.02391	0.02464	0.01653	0.02290	0.01313	0.01536	0.01009	0.00728	0.00670	0.00223	0.01061	0.00530	0.00336	0.01119
148	0.02945	0.01445	0.01802	0.01453	0.02003	0.01387	0.01172	0.07247	0.16375	0.43224	0.03070	0.06447	0.02173	0.01065	0.00802	0.00249	0.00660	0.00880	0.00895	0.04707
149	0.01736	0.26057	0.43709	0.01899	0.02857	0.02200	0.02302	0.02411	0.01685	0.02339	0.04908	0.01778	0.01364	0.00777	0.00684	0.00225	0.01023	0.00580	0.00366	0.01099

[dist]
# distance from previous block
# <min> <max>
0	1

[block]
# block no. 2 follows, 24 sequences, length 82
# corresponding to MSA columns:
# 211-292
name=unknown_C
#
# <colnr> <probs for GDERKNQSTAVLIFYWHMCP>
#	G	D	E	R	K	N	Q	S	T	A	V	L	I	F	Y	W	H	M	C	P
0	0.02963	0.02121	0.02299	0.01777	0.02389	0.02328	0.01462	0.59217	0.03574	0.07910	0.02056	0.04578	0.01525	0.01011	0.00802	0.00242	0.00847	0.00776	0.00800	0.01322
1	0.01845	0.01764	0.03006	0.21396	0.51576	0.01853	0.02375	0.02331	0.01750	0.02448	0.01471	0.02001	0.01206	0.00728	0.00787	0.00243	0.00971	0.00706	0.00382	0.01161
2	0.03476	0.01331	0.01814	0.01397	0.01996	0.01151	0.01151	0.03785	0.02269	0.65555	0.05276	0.02808	0.02149	0.01003	0.00802	0.00246	0.00665	0.00819	0.00978	0.01329
3	0.01270	0.00908	0.01267	0.01438	0.01621	0.00905	0.01252	0.01636	0.01846	0.02413	0.07252	0.08797	0.04706	0.02163	0.01087	0.00359	0.00713	0.58899	0.00737	0.00731
4	0.01080	0.00771	0.01051	0.01234	0.01330	0.00742	0.00934	0.01301	0.01631	0.02152	0.04308	0.48703	0.04996	0.02377	0.01043	0.00338	0.00559	0.24041	0.00734	0.00676
5	0.01972	0.01703	0.01793	0.01614	0.02062	0.01972	0.01255	0.04214	0.65752	0.03317	0.03228	0.02959	0.02421	0.01076	0.00807	0.00269	0.00628	0.00897	0.00807	0.01255
6	0.01590	0.04102	0.68023	0.02260	0.03432	0.01842	0.02930	0.02511	0.01674	0.02511	0.01423	0.01674	0.01005	0.00753	0.00753	0.00251	0.01172	0.00586	0.00335	0.01172
7	0.00989	0.00704	0.00932	0.01106	0.01155	0.00662	0.00744	0.01129	0.01511	0.02012	0.04261	0.65403	0.05087	0.06285	0.01181	0.00348	0.00488	0.04642	0.00722	0.00639
8	0.01515	0.00818	0.00852	0.00825	0.01018	0.00836	0.00617	0.04807	0.01712	0.02913	0.02526	0.03050	0.02049	0.05517	0.04141	0.00277	0.00504	0.00769	0.64502	0.00751
9	0.00966	0.00690	0.00920	0.01104	0.01150	0.00644	0.00736	0.01104	0.01518	0.02024	0.04371	0.71614	0.05245	0.02484	0.01012	0.00322	0.00460	0.02254	0.00736	0.00644
10	0.03146	0.01739	0.02054	0.01586	0.02184	0.01766	0.01305	0.33099	0.02974	0.33419	0.06418	0.02511	0.02002	0.01006	0.00804	0.00242	0.00752	0.00796	0.00884	0.01312
11	0.03163	0.01982	0.02232	0.01711	0.02340	0.02105	0.01414	0.47909	0.03329	0.22194	0.02240	0.02122	0.01517	0.00960	0.00794	0.00240	0.00818	0.00737	0.00845	0.01349
12	0.01901	0.47387	0.23915	0.01619	0.02425	0.02605	0.01815	0.02370	0.01665	0.02138	0.04722	0.01647	0.01360	0.00752	0.00608	0.00199	0.00924	0.00529	0.00366	0.01051
13	0.01590	0.04102	0.68023	0.02260	0.03432	0.01842	0.02930	0.02511	0.01674	0.02511	0.01423	0.01674	0.01005	0.00753	0.00753	0.00251	0.01172	0.00586	0.00335	0.01172
14	0.01153	0.00769	0.00865	0.00865	0.00865	0.00769	0.00480	0.01153	0.01153	0.01538	0.02499	0.05189	0.02883	0.72131	0.04036	0.00769	0.00769	0.01153	0.00480	0.00480
15	0.02052	0.63791	0.12376	0.01473	0.02215	0.02971	0.01559	0.02392	0.01619	0.01949	0.01144	0.01324	0.01016	0.00688	0.00540	0.00180	0.00890	0.00445	0.00339	0.01037
16	0.01711	0.05252	0.04735	0.08408	0.02522	0.02304	0.05123	0.01977	0.01321	0.01968	0.01163	0.01821	0.01086	0.01417	0.04784	0.00360	0.52109	0.00697	0.00353	0.00891
17	0.01153	0.00769	0.00865	0.00865	0.00865	0.00769	0.00480	0.01153	0.01153	0.01538	0.02499	0.05189	0.02883	0.72131	0.04036	0.00769	0.00769	0.01153	0.00480	0.00480
18	0.02711	0.04889	0.04528	0.01393	0.01923	0.01326	0.01185	0.07084	0.05666	0.39039	0.15487	0.03206	0.02959	0.01276	0.03400	0.00283	0.00709	0.00899	0.00859	0.01177
19	0.01269	0.00844	0.01076	0.01006	0.01229	0.00764	0.00759	0.01605	0.02157	0.07727	0.51493	0.08675	0.15058	0.01663	0.00929	0.00255	0.00404	0.01454	0.00857	0.00777
20	0.14105	0.05791	0.03091	0.05781	0.21826	0.05688	0.18035	0.08068	0.05068	0.02883	0.01543	0.01885	0.01211	0.00749	0.00761	0.00243	0.00997	0.00706	0.00463	0.01106
21	0.02679	0.03758	0.01831	0.01452	0.01944	0.01463	0.01179	0.13651	0.10611	0.32433	0.07097	0.09847	0.02702	0.01233	0.00835	0.00259	0.00671	0.04309	0.00861	0.01185
22	0.01778	0.02111	0.09210	0.02612	0.03044	0.02204	0.27372	0.02220	0.01524	0.02220	0.01305	0.01894	0.01104	0.01038	0.01757	0.00306	0.36174	0.00783	0.00368	0.00977
23	0.02431	0.02464	0.02048	0.01801	0.02233	0.25004	0.01400	0.13050	0.28929	0.02987	0.02195	0.02222	0.01696	0.01172	0.03525	0.00285	0.04084	0.00725	0.00633	0.01116
24	0.02796	0.02275	0.05803	0.04301	0.02537	0.05043	0.01558	0.52969	0.03366	0.04518	0.01869	0.01937	0.01343	0.00928	0.00775	0.00235	0.00891	0.00700	0.04883	0.01271
25	0.00979	0.00803	0.00848	0.00838	0.01078	0.00688	0.00619	0.01197	0.01843	0.02277	0.17244	0.07222	0.53766	0.05761	0.01105	0.00292	0.00417	0.01606	0.00745	0.00672
26	0.01972	0.01703	0.01793	0.01614	0.02062	0.01972	0.01255	0.04214	0.65752	0.03317	0.03228	0.02959	0.02421	0.01076	0.00807	0.00269	0.00628	0.00897	0.00807	0.01255
27	0.01153	0.00769	0.00865	0.00865	0.00865	0.00769	0.00480	0.01153	0.01153	0.01538	0.02499	0.05189	0.02883	0.72131	0.04036	0.00769	0.00769	0.01153	0.00480	0.00480
28	0.01478	0.00739	0.00739	0.00739	0.00924	0.00739	0.00554	0.01848	0.01663	0.02956	0.02587	0.02956	0.02033	0.00924	0.00554	0.00185	0.00370	0.00739	0.76534	0.00739
29	0.00966	0.00690	0.00920	0.01104	0.01150	0.00644	0.00736	0.01104	0.01518	0.02024	0.04371	0.71614	0.05245	0.02484	0.01012	0.00322	0.00460	0.02254	0.00736	0.00644
30	0.01963	0.01884	0.03219	0.04867	0.67185	0.01884	0.02434	0.02434	0.01806	0.02591	0.01492	0.01963	0.01256	0.00707	0.00785	0.00236	0.00942	0.00707	0.00393	0.01256
31	0.01590	0.04102	0.68023	0.02260	0.03432	0.01842	0.02930	0.02511	0.01674	0.02511	0.01423	0.01674	0.01005	0.00753	0.00753	0.00251	0.01172	0.00586	0.00335	0.01172
32	0.00990	0.00700	0.00913	0.01073	0.01113	0.00660	0.00703	0.01111	0.01471	0.01961	0.04127	0.62983	0.04938	0.11534	0.01405	0.00380	0.00500	0.02111	0.00703	0.00623
33	0.01498	0.01409	0.02378	0.70226	0.05462	0.01762	0.02202	0.02026	0.01586	0.02026	0.01409	0.02114	0.01057	0.00793	0.00793	0.00264	0.01057	0.00705	0.00352	0.00881
34	0.74998	0.01559	0.01210	0.01071	0.01567	0.01804	0.00883	0.04608	0.01437	0.03611	0.01133	0.01311	0.00877	0.00744	0.00502	0.00245	0.00623	0.00440	0.00502	0.00877
35	0.00966	0.00690	0.00920	0.01104	0.01150	0.00644	0.00736	0.01104	0.01518	0.02024	0.04371	0.71614	0.05245	0.02484	0.01012	0.00322	0.00460	0.02254	0.00736	0.00644
36	0.00966	0.00690	0.00920	0.01104	0.01150	0.00644	0.00736	0.01104	0.01518	0.02024	0.04371	0.71614	0.05245	0.02484	0.01012	0.00322	0.00460	0.02254	0.00736	0.00644
37	0.04802	0.00850	0.01070	0.01023	0.01214	0.00803	0.00754	0.01569	0.02046	0.05794	0.49105	0.13796	0.06366	0.05962	0.01107	0.00290	0.00433	0.01445	0.00819	0.00750
38	0.01153	0.00769	0.00865	0.00865	0.00865	0.00769	0.00480	0.01153	0.01153	0.01538	0.02499	0.05189	0.02883	0.72131	0.04036	0.00769	0.00769	0.01153	0.00480	0.00480
39	0.03558	0.01350	0.01840	0.01411	0.02024	0.01166	0.01166	0.03865	0.02270	0.67734	0.03128	0.02699	0.01963	0.00981	0.00797	0.00245	0.00675	0.00797	0.00981	0.01350
40	0.01590	0.04102	0.68023	0.02260	0.03432	0.01842	0.02930	0.02511	0.01674	0.02511	0.01423	0.01674	0.01005	0.00753	0.00753	0.00251	0.01172	0.00586	0.00335	0.01172
41	0.02969	0.02295	0.02348	0.01829	0.02443	0.06496	0.01499	0.58364	0.06139	0.04743	0.01916	0.01917	0.01372	0.00949	0.00789	0.00237	0.00897	0.00709	0.00770	0.01319
42	0.02378	0.01945	0.01982	0.01687	0.02191	0.05718	0.01336	0.20801	0.42611	0.06303	0.02749	0.02574	0.02030	0.01024	0.00798	0.00256	0.00741	0.00821	0.00788	0.01266
43	0.66087	0.01655	0.01269	0.01125	0.01605	0.05421	0.00916	0.05688	0.01541	0.03519	0.01223	0.01407	0.00949	0.00761	0.00522	0.00240	0.00660	0.00464	0.04066	0.00883
44	0.00966	0.00690	0.00920	0.01104	0.01150	0.00644	0.00736	0.01104	0.01518	0.02024	0.04371	0.71614	0.05245	0.02484	0.01012	0.00322	0.00460	0.02254	0.00736	0.00644
45	0.01614	0.01378	0.01612	0.01171	0.01847	0.01039	0.00931	0.01957	0.01639	0.02559	0.01540	0.04725	0.01354	0.00671	0.00606	0.00126	0.00582	0.00548	0.00482	0.73618
46	0.01042	0.00802	0.00952	0.00925	0.01138	0.00712	0.00690	0.01337	0.02039	0.02718	0.40728	0.09493	0.30932	0.01813	0.00939	0.00260	0.00389	0.01565	0.00813	0.00712
47	0.02964	0.02196	0.02351	0.01814	0.02440	0.02435	0.01495	0.61597	0.06755	0.04916	0.01968	0.01955	0.01401	0.00958	0.00794	0.00239	0.00861	0.00723	0.00794	0.01344
48	0.01218	0.00877	0.01198	0.01327	0.01506	0.00857	0.01121	0.01566	0.01888	0.02500	0.16369	0.11746	0.07528	0.02090	0.01054	0.00337	0.00635	0.44698	0.00758	0.00727
49	0.01212	0.00966	0.01426	0.01380	0.01503	0.01180	0.01089	0.01481	0.01267	0.01850	0.01982	0.02934	0.01859	0.05349	0.60271	0.01153	0.11127	0.00829	0.00415	0.00729
50	0.01130	0.00759	0.00872	0.00895	0.00901	0.00753	0.00512	0.01147	0.01199	0.01598	0.02733	0.13500	0.03178	0.63417	0.03658	0.00713	0.00730	0.01291	0.00512	0.00501
51	0.02146	0.65933	0.04026	0.01576	0.05597	0.05773	0.01423	0.02410	0.01648	0.01908	0.01129	0.01316	0.01031	0.00686	0.00532	0.00175	0.00877	0.00443	0.00345	0.01027
52	0.01560	0.03937	0.64787	0.02204	0.03322	0.01784	0.02824	0.02443	0.01667	0.02488	0.01565	0.05046	0.01209	0.00837	0.00766	0.00255	0.01138	0.00666	0.00354	0.01146
53	0.01644	0.01409	0.01644	0.01175	0.01879	0.01057	0.00940	0.01997	0.01644	0.02584	0.01409	0.01644	0.01175	0.00587	0.00587	0.00117	0.00587	0.00470	0.00470	0.76979
54	0.77733	0.01534	0.01166	0.01043	0.01534	0.01779	0.00859	0.02331	0.01350	0.03558	0.01104	0.01288	0.00859	0.00736	0.00491	0.00245	0.00613	0.00429	0.00491	0.00859
55	0.02692	0.02013	0.02290	0.12537	0.02848	0.02256	0.01565	0.51285	0.03279	0.04419	0.01863	0.01994	0.01340	0.00925	0.00780	0.00239	0.00874	0.00714	0.04845	0.01242
56	0.01644	0.01409	0.01644	0.01175	0.01879	0.01057	0.00940	0.01997	0.01644	0.02584	0.01409	0.01644	0.01175	0.00587	0.00587	0.00117	0.00587	0.00470	0.00470	0.76979
57	0.01121	0.00809	0.01063	0.01029	0.01208	0.00751	0.00776	0.01481	0.02177	0.03065	0.59534	0.10097	0.07186	0.01705	0.00949	0.00260	0.00399	0.04792	0.00857	0.00741
