[name]
unknown

[dist]
# distance from previous block
# <min> <max>
0	30

[block]
# block no. 0 follows, 24 sequences, length 24
# corresponding to MSA columns:
# 31-54
name=unknown_A
#
# <colnr> <probs for GDERKNQSTAVLIFYWHMCP>
#	G	D	E	R	K	N	Q	S	T	A	V	L	I	F	Y	W	H	M	C	P
0	0.01518	0.01403	0.01248	0.01262	0.01411	0.14632	0.00888	0.03392	0.01691	0.02034	0.06264	0.27442	0.06538	0.16934	0.01706	0.04658	0.00757	0.04942	0.00601	0.00680
1	0.06223	0.01944	0.02068	0.08712	0.02496	0.05906	0.01393	0.38341	0.02876	0.06999	0.01884	0.02110	0.01412	0.03923	0.00885	0.00252	0.00847	0.00700	0.06241	0.04787
2	0.01150	0.00838	0.00998	0.01004	0.01144	0.00793	0.00681	0.01416	0.04652	0.02222	0.15358	0.24610	0.09996	0.22932	0.01850	0.00419	0.00544	0.01510	0.02782	0.05100
3	0.01231	0.01009	0.01110	0.01057	0.01336	0.00992	0.00800	0.01951	0.16701	0.02708	0.23706	0.08320	0.32694	0.01698	0.00909	0.00265	0.00448	0.01446	0.00792	0.00827
4	0.02176	0.45650	0.06785	0.02206	0.15402	0.11694	0.01675	0.02500	0.01740	0.02054	0.01214	0.01453	0.01066	0.00706	0.00605	0.00192	0.00961	0.00501	0.00359	0.01060
5	0.01728	0.01044	0.01357	0.01175	0.01498	0.00968	0.03912	0.04238	0.03904	0.15901	0.19628	0.08610	0.18174	0.06665	0.01099	0.00291	0.00547	0.01260	0.07122	0.00878
6	0.01288	0.00914	0.01081	0.01010	0.01290	0.00784	0.00739	0.01525	0.01707	0.05464	0.10411	0.23515	0.18272	0.05972	0.01040	0.00274	0.00486	0.01422	0.06597	0.16209
7	0.01450	0.00901	0.01317	0.01246	0.01246	0.01042	0.00901	0.01211	0.01070	0.01485	0.01309	0.02273	0.01309	0.02477	0.02998	0.61361	0.14917	0.00690	0.00345	0.00451
8	0.04158	0.01345	0.01508	0.01321	0.01637	0.01415	0.00995	0.24966	0.02326	0.07467	0.02809	0.22121	0.02798	0.14705	0.01437	0.00358	0.00684	0.01226	0.05790	0.00934
9	0.01358	0.00973	0.01155	0.01106	0.01267	0.00980	0.00775	0.09390	0.03687	0.02640	0.22219	0.21166	0.04635	0.22894	0.01863	0.00422	0.00584	0.01444	0.00710	0.00733
10	0.01493	0.00824	0.01107	0.01167	0.01328	0.00750	0.00823	0.01665	0.01671	0.15382	0.04118	0.57605	0.04578	0.02179	0.00969	0.00306	0.00504	0.01958	0.00786	0.00787
11	0.03081	0.01455	0.02008	0.15444	0.02770	0.01426	0.01413	0.10010	0.02287	0.47637	0.02647	0.02495	0.01713	0.00940	0.00796	0.00248	0.00774	0.00770	0.00833	0.01254
12	0.01320	0.01528	0.14681	0.01355	0.01701	0.01059	0.01226	0.06743	0.01802	0.02530	0.09497	0.38250	0.03980	0.04158	0.01004	0.00299	0.00635	0.01566	0.05843	0.00821
13	0.13449	0.01054	0.01067	0.00969	0.01255	0.01108	0.00755	0.09352	0.01980	0.03340	0.15321	0.03174	0.02876	0.01040	0.00650	0.00214	0.00469	0.00829	0.40266	0.00832
14	0.01147	0.00777	0.00905	0.00892	0.00930	0.00765	0.00535	0.01223	0.01375	0.01871	0.15563	0.05339	0.03818	0.57798	0.03406	0.00663	0.00689	0.01210	0.00560	0.00535
15	0.04362	0.01446	0.14549	0.01258	0.01560	0.00965	0.01119	0.01456	0.01486	0.02089	0.03528	0.34168	0.08912	0.17566	0.01606	0.00400	0.00675	0.01543	0.00587	0.00726
16	0.01825	0.01217	0.01426	0.01269	0.01589	0.01234	0.00968	0.14714	0.08362	0.10650	0.18185	0.18105	0.09742	0.05684	0.01075	0.00295	0.00578	0.01337	0.00800	0.00944
17	0.03139	0.01362	0.01950	0.15400	0.02723	0.01287	0.01376	0.03491	0.02131	0.54377	0.02779	0.02580	0.01779	0.00943	0.00797	0.00249	0.00752	0.00779	0.00854	0.01254
18	0.01226	0.00879	0.01030	0.00977	0.01140	0.00797	0.00636	0.01347	0.01362	0.01932	0.02712	0.19639	0.03037	0.38087	0.02469	0.00505	0.00641	0.01247	0.04255	0.16082
19	0.16990	0.00978	0.00950	0.00894	0.01147	0.01030	0.00680	0.04825	0.01690	0.03024	0.07041	0.03002	0.04095	0.04430	0.00882	0.04004	0.00479	0.00771	0.42330	0.00760
20	0.05341	0.00896	0.01063	0.01018	0.01262	0.00837	0.00754	0.01877	0.01783	0.14491	0.11427	0.21628	0.12161	0.05349	0.00996	0.00284	0.00487	0.01355	0.16180	0.00811
21	0.01687	0.01490	0.01873	0.01649	0.01727	0.04669	0.01346	0.01925	0.01394	0.02220	0.01551	0.02139	0.01372	0.01397	0.04417	0.00328	0.44197	0.00706	0.23089	0.00825
22	0.01797	0.02236	0.15996	0.12188	0.36455	0.04587	0.02276	0.02345	0.01788	0.02527	0.05316	0.02180	0.01570	0.00796	0.00774	0.00239	0.00963	0.00718	0.04126	0.01122
23	0.01633	0.15511	0.01754	0.01125	0.01426	0.01374	0.00897	0.01896	0.03306	0.09623	0.10553	0.10559	0.14052	0.13488	0.01426	0.00333	0.04028	0.01137	0.05058	0.00820

[dist]
# distance from previous block
# <min> <max>
9	14

[block]
# block no. 1 follows, 24 sequences, length 13
# corresponding to MSA columns:
# 71-83
name=unknown_B
#
# <colnr> <probs for GDERKNQSTAVLIFYWHMCP>
#	G	D	E	R	K	N	Q	S	T	A	V	L	I	F	Y	W	H	M	C	P
0	0.01508	0.01266	0.01877	0.05607	0.02091	0.01367	0.08632	0.02070	0.08971	0.05190	0.19293	0.09232	0.09242	0.01496	0.01181	0.00289	0.11179	0.07966	0.00667	0.00877
1	0.01020	0.00741	0.00908	0.00993	0.01115	0.00678	0.00689	0.01216	0.01695	0.02270	0.15748	0.40328	0.18504	0.05415	0.01103	0.00312	0.00443	0.01867	0.04289	0.00664
2	0.01133	0.00760	0.00871	0.00890	0.00895	0.00755	0.00508	0.01148	0.01192	0.01590	0.02699	0.12293	0.03136	0.64683	0.03713	0.00721	0.00736	0.01271	0.00508	0.00498
3	0.01872	0.02139	0.04679	0.03342	0.04144	0.02005	0.64305	0.02540	0.01872	0.02540	0.01604	0.02139	0.01203	0.00668	0.00936	0.00267	0.01337	0.00936	0.00401	0.01070
4	0.02222	0.67535	0.03991	0.01361	0.02034	0.02997	0.01343	0.02481	0.01658	0.06556	0.01247	0.01374	0.01085	0.00700	0.00529	0.00175	0.00836	0.00451	0.00385	0.01041
5	0.00988	0.00709	0.00917	0.01063	0.01124	0.00661	0.00709	0.01130	0.01540	0.02050	0.07658	0.59382	0.08294	0.08237	0.01257	0.00353	0.00478	0.02090	0.00722	0.00637
6	0.00950	0.00804	0.00821	0.00817	0.01079	0.00675	0.00612	0.01162	0.01837	0.02213	0.12020	0.07516	0.62832	0.01982	0.00937	0.00267	0.00400	0.01657	0.00746	0.00675
7	0.01498	0.01409	0.02378	0.70226	0.05462	0.01762	0.02202	0.02026	0.01586	0.02026	0.01409	0.02114	0.01057	0.00793	0.00793	0.00264	0.01057	0.00705	0.00352	0.00881
8	0.01133	0.00850	0.01274	0.01274	0.01416	0.00991	0.00991	0.01416	0.01274	0.01841	0.02124	0.03115	0.01982	0.05947	0.68989	0.01274	0.02124	0.00850	0.00425	0.00708
9	0.77733	0.01534	0.01166	0.01043	0.01534	0.01779	0.00859	0.02331	0.01350	0.03558	0.01104	0.01288	0.00859	0.00736	0.00491	0.00245	0.00613	0.00429	0.00491	0.00859
10	0.01963	0.01884	0.03219	0.04867	0.67185	0.01884	0.02434	0.02434	0.01806	0.02591	0.01492	0.01963	0.01256	0.00707	0.00785	0.00236	0.00942	0.00707	0.00393	0.01256
11	0.01972	0.01703	0.01793	0.01614	0.02062	0.01972	0.01255	0.04214	0.65752	0.03317	0.03228	0.02959	0.02421	0.01076	0.00807	0.00269	0.00628	0.00897	0.00807	0.01255
12	0.01963	0.01884	0.03219	0.04867	0.67185	0.01884	0.02434	0.02434	0.01806	0.02591	0.01492	0.01963	0.01256	0.00707	0.00785	0.00236	0.00942	0.00707	0.00393	0.01256

[dist]
# distance from previous block
# <min> <max>
3	5

[block]
# block no. 2 follows, 24 sequences, length 40
# corresponding to MSA columns:
# 89-128
name=unknown_C
#
# <colnr> <probs for GDERKNQSTAVLIFYWHMCP>
#	G	D	E	R	K	N	Q	S	T	A	V	L	I	F	Y	W	H	M	C	P
0	0.01521	0.01454	0.02520	0.66117	0.05381	0.01777	0.06017	0.02058	0.01603	0.02058	0.01421	0.02116	0.01066	0.00785	0.00802	0.00264	0.01074	0.00719	0.00355	0.00892
1	0.05240	0.25762	0.05462	0.04633	0.02256	0.04892	0.01343	0.08231	0.05228	0.10997	0.01647	0.01746	0.01272	0.00759	0.00636	0.00192	0.00798	0.00557	0.00526	0.17823
2	0.10700	0.27278	0.11216	0.01689	0.02318	0.08275	0.03716	0.09638	0.05024	0.05656	0.01455	0.01625	0.01157	0.00826	0.00793	0.00225	0.06312	0.00565	0.00469	0.01066
3	0.01288	0.00712	0.01018	0.01025	0.01059	0.00698	0.00692	0.01119	0.01275	0.01730	0.12052	0.09380	0.02772	0.06182	0.02617	0.53872	0.00622	0.00973	0.00471	0.00443
4	0.01122	0.00931	0.01536	0.01476	0.01648	0.00872	0.10962	0.01354	0.01586	0.02119	0.03920	0.58262	0.04572	0.02182	0.01003	0.00315	0.00610	0.04131	0.00682	0.00715
5	0.01446	0.01330	0.02165	0.49639	0.04343	0.01573	0.03636	0.01899	0.01606	0.02126	0.04937	0.10453	0.01875	0.01042	0.00894	0.00265	0.03900	0.00915	0.00431	0.05525
6	0.01438	0.00937	0.01234	0.01168	0.01388	0.00919	0.00905	0.01807	0.03807	0.10132	0.35948	0.12830	0.08740	0.01907	0.04458	0.00325	0.03812	0.06626	0.00801	0.00817
7	0.01121	0.00755	0.00875	0.00907	0.00915	0.00747	0.00525	0.01145	0.01217	0.01623	0.02825	0.16787	0.03295	0.59971	0.03508	0.00691	0.00715	0.01345	0.00525	0.00509
8	0.02059	0.68201	0.03978	0.01352	0.01997	0.03006	0.01334	0.02316	0.01591	0.01864	0.01165	0.01385	0.01077	0.01002	0.04715	0.00237	0.00926	0.00450	0.00344	0.00999
9	0.01081	0.00796	0.01011	0.00984	0.01166	0.00726	0.00728	0.01406	0.02107	0.02916	0.52157	0.13510	0.14929	0.01768	0.00944	0.00260	0.00387	0.01557	0.00840	0.00726
10	0.01806	0.01505	0.01731	0.01251	0.01948	0.01222	0.01007	0.09373	0.01890	0.02869	0.01468	0.01675	0.01195	0.00630	0.00612	0.00132	0.00621	0.00499	0.00508	0.68059
11	0.01963	0.01884	0.03219	0.04867	0.67185	0.01884	0.02434	0.02434	0.01806	0.02591	0.01492	0.01963	0.01256	0.00707	0.00785	0.00236	0.00942	0.00707	0.00393	0.01256
12	0.01498	0.01409	0.02378	0.70226	0.05462	0.01762	0.02202	0.02026	0.01586	0.02026	0.01409	0.02114	0.01057	0.00793	0.00793	0.00264	0.01057	0.00705	0.00352	0.00881
13	0.01368	0.00701	0.01031	0.01031	0.01051	0.00710	0.00700	0.01102	0.01083	0.01495	0.01491	0.02485	0.01452	0.02849	0.07027	0.67944	0.00759	0.00701	0.04628	0.00389
14	0.01153	0.00769	0.00865	0.00865	0.00865	0.00769	0.00480	0.01153	0.01153	0.01538	0.02499	0.05189	0.02883	0.72131	0.04036	0.00769	0.00769	0.01153	0.00480	0.00480
15	0.01460	0.00841	0.01155	0.01109	0.01178	0.00878	0.00770	0.06292	0.01295	0.01745	0.01624	0.02738	0.01601	0.10124	0.10778	0.53886	0.00881	0.00758	0.00405	0.00484
16	0.01735	0.01735	0.02429	0.02082	0.02082	0.02429	0.01735	0.01908	0.01214	0.01908	0.01041	0.01735	0.01041	0.01388	0.02602	0.00347	0.70680	0.00694	0.00347	0.00867
17	0.01153	0.00769	0.00865	0.00865	0.00865	0.00769	0.00480	0.01153	0.01153	0.01538	0.02499	0.05189	0.02883	0.72131	0.04036	0.00769	0.00769	0.01153	0.00480	0.00480
18	0.01133	0.00850	0.01274	0.01274	0.01416	0.00991	0.00991	0.01416	0.01274	0.01841	0.02124	0.03115	0.01982	0.05947	0.68989	0.01274	0.02124	0.00850	0.00425	0.00708
19	0.02941	0.01274	0.01669	0.01351	0.01864	0.01152	0.01088	0.03413	0.08053	0.49735	0.07411	0.08078	0.05933	0.01190	0.00829	0.00254	0.00622	0.00995	0.00929	0.01218
20	0.01231	0.00873	0.01048	0.00987	0.01231	0.00795	0.00745	0.01617	0.04750	0.06443	0.39812	0.07955	0.26128	0.01711	0.00925	0.00258	0.00413	0.01476	0.00828	0.00775
21	0.03014	0.02221	0.02380	0.01825	0.02459	0.02459	0.01507	0.64541	0.03728	0.04998	0.01904	0.01904	0.01349	0.00952	0.00793	0.00238	0.00873	0.00714	0.00793	0.01349
22	0.01217	0.00826	0.01061	0.01005	0.01202	0.00756	0.00746	0.01543	0.02118	0.06103	0.52217	0.10484	0.11450	0.04461	0.01056	0.00276	0.00413	0.01468	0.00843	0.00754
23	0.15268	0.00912	0.00943	0.00967	0.01197	0.00926	0.00746	0.01666	0.01667	0.02751	0.08484	0.15114	0.12307	0.01494	0.00763	0.00256	0.00476	0.08316	0.25010	0.00736
24	0.01377	0.00689	0.01033	0.01033	0.01033	0.00689	0.00689	0.01033	0.01033	0.01377	0.01377	0.02410	0.01377	0.02755	0.03099	0.76928	0.00689	0.00689	0.00344	0.00344
25	0.02965	0.03707	0.02253	0.02033	0.02452	0.65858	0.01531	0.06019	0.02316	0.02083	0.01257	0.01452	0.01037	0.00823	0.00719	0.00206	0.01404	0.00520	0.00426	0.00939
26	0.58670	0.01516	0.01297	0.01126	0.01607	0.01705	0.00921	0.08482	0.01709	0.06608	0.06270	0.01969	0.03711	0.00877	0.00583	0.00246	0.00617	0.00590	0.00580	0.00916
27	0.01138	0.00791	0.00958	0.01038	0.01116	0.00769	0.00685	0.04106	0.01541	0.02082	0.03824	0.43317	0.07250	0.21589	0.01812	0.00432	0.00557	0.01771	0.04585	0.00638
28	0.00966	0.00690	0.00920	0.01104	0.01150	0.00644	0.00736	0.01104	0.01518	0.02024	0.04371	0.71614	0.05245	0.02484	0.01012	0.00322	0.00460	0.02254	0.00736	0.00644
29	0.00970	0.00714	0.00897	0.01039	0.01123	0.00654	0.00700	0.01113	0.01553	0.02023	0.04943	0.57014	0.16224	0.05634	0.01139	0.00333	0.00464	0.02099	0.00724	0.00641
30	0.01405	0.00908	0.01119	0.01086	0.01272	0.00876	0.00773	0.01800	0.07580	0.09100	0.23322	0.21528	0.07980	0.15791	0.01547	0.00373	0.00529	0.01480	0.00759	0.00772
31	0.01208	0.00876	0.01033	0.01077	0.01186	0.00873	0.00721	0.05386	0.04931	0.02140	0.03860	0.37229	0.09159	0.24322	0.01938	0.00451	0.00588	0.01687	0.00663	0.00672
32	0.02207	0.01696	0.01853	0.01564	0.01971	0.05232	0.01253	0.34035	0.02618	0.03536	0.02077	0.05136	0.01739	0.02716	0.24149	0.00592	0.01288	0.00813	0.04476	0.01048
33	0.01123	0.00835	0.01003	0.01078	0.01193	0.00820	0.00743	0.01463	0.07644	0.02132	0.07418	0.36509	0.11806	0.17411	0.01643	0.00407	0.00546	0.04855	0.00694	0.00679
34	0.02213	0.02393	0.02501	0.27437	0.08812	0.26333	0.05030	0.04151	0.01908	0.04299	0.01400	0.01838	0.01104	0.00845	0.00911	0.00245	0.06562	0.00648	0.00410	0.00961
35	0.02186	0.01541	0.01715	0.01566	0.05064	0.04879	0.01134	0.18287	0.09323	0.12099	0.09931	0.03621	0.02729	0.18411	0.01608	0.00376	0.00762	0.03045	0.00712	0.01009
36	0.01223	0.00929	0.01041	0.00994	0.01264	0.00865	0.00751	0.01714	0.09517	0.05315	0.23285	0.09747	0.36873	0.01773	0.00919	0.00265	0.00435	0.01509	0.00793	0.00788
37	0.01118	0.00838	0.01051	0.01060	0.01196	0.00845	0.00777	0.01335	0.01636	0.02222	0.16474	0.16397	0.17375	0.13418	0.10631	0.00492	0.04341	0.04472	0.03650	0.00672
38	0.01389	0.01230	0.02143	0.07380	0.02343	0.01280	0.16480	0.01674	0.01536	0.02076	0.02636	0.20695	0.02802	0.08709	0.04888	0.06322	0.06728	0.08409	0.00520	0.00760
39	0.22923	0.01959	0.04965	0.05453	0.02503	0.07637	0.12173	0.06086	0.01665	0.02705	0.01483	0.06392	0.01318	0.01027	0.01186	0.00277	0.18113	0.00749	0.00455	0.00932

[dist]
# distance from previous block
# <min> <max>
0	1

[block]
# block no. 3 follows, 24 sequences, length 13
# corresponding to MSA columns:
# 130-142
name=unknown_D
#
# <colnr> <probs for GDERKNQSTAVLIFYWHMCP>
#	G	D	E	R	K	N	Q	S	T	A	V	L	I	F	Y	W	H	M	C	P
0	0.05793	0.01719	0.02274	0.01825	0.04240	0.01712	0.09214	0.23097	0.04803	0.16954	0.02289	0.08637	0.01817	0.01006	0.00793	0.00237	0.00795	0.00866	0.00710	0.11221
1	0.01151	0.00873	0.01194	0.03893	0.01401	0.00973	0.00885	0.01315	0.01324	0.01828	0.02794	0.24434	0.03107	0.22054	0.22726	0.00733	0.06800	0.01341	0.00526	0.00647
2	0.01644	0.01409	0.01644	0.01175	0.01879	0.01057	0.00940	0.01997	0.01644	0.02584	0.01409	0.01644	0.01175	0.00587	0.00587	0.00117	0.00587	0.00470	0.00470	0.76979
3	0.06472	0.17829	0.05351	0.02020	0.11136	0.02217	0.01535	0.23914	0.04747	0.09401	0.01853	0.04653	0.01470	0.00896	0.00714	0.00225	0.00822	0.00697	0.00608	0.03439
4	0.01345	0.00700	0.01009	0.01009	0.01009	0.00700	0.00659	0.01050	0.01050	0.01401	0.01539	0.02811	0.01594	0.12757	0.03234	0.65948	0.00700	0.00756	0.00364	0.00364
5	0.00964	0.00699	0.00911	0.01081	0.01144	0.00646	0.00726	0.01107	0.01541	0.02034	0.04659	0.66584	0.10089	0.02447	0.01006	0.00318	0.00455	0.02209	0.00736	0.00646
6	0.01983	0.05573	0.05314	0.01493	0.01965	0.04302	0.01242	0.11335	0.28694	0.06791	0.06289	0.07321	0.11836	0.01246	0.00818	0.00257	0.00681	0.01024	0.00738	0.01100
7	0.25849	0.30717	0.02559	0.03926	0.01906	0.02270	0.01176	0.05455	0.01545	0.02511	0.01189	0.01514	0.01034	0.01019	0.00973	0.10012	0.04546	0.00500	0.00413	0.00886
8	0.01482	0.01063	0.01280	0.01244	0.01484	0.01096	0.00952	0.02093	0.14113	0.08237	0.09401	0.20845	0.16618	0.04639	0.01154	0.00312	0.04538	0.07846	0.00749	0.00853
9	0.01066	0.00777	0.00984	0.01103	0.01204	0.00735	0.00759	0.04020	0.01688	0.02237	0.08171	0.58662	0.10992	0.02320	0.00991	0.00309	0.00468	0.02083	0.00747	0.00685
10	0.16124	0.16099	0.08212	0.06736	0.02294	0.12136	0.01408	0.08577	0.05360	0.02754	0.05193	0.01945	0.01530	0.00927	0.00761	0.03477	0.00872	0.00612	0.04016	0.00966
11	0.01224	0.00899	0.01025	0.00994	0.01184	0.00865	0.00716	0.06241	0.01838	0.02436	0.15879	0.12458	0.23871	0.17700	0.03845	0.00412	0.00587	0.03215	0.03913	0.00698
12	0.00984	0.00698	0.00915	0.01082	0.01123	0.00656	0.00712	0.01109	0.01484	0.01978	0.04194	0.65364	0.05023	0.09037	0.01297	0.00364	0.00489	0.02151	0.00712	0.00629

[dist]
# distance from previous block
# <min> <max>
6	9

[block]
# block no. 4 follows, 24 sequences, length 68
# corresponding to MSA columns:
# 152-219
name=unknown_E
#
# <colnr> <probs for GDERKNQSTAVLIFYWHMCP>
#	G	D	E	R	K	N	Q	S	T	A	V	L	I	F	Y	W	H	M	C	P
0	0.04643	0.19770	0.09604	0.01396	0.01953	0.01756	0.01303	0.02487	0.05362	0.14163	0.15131	0.02784	0.02650	0.03045	0.00886	0.00237	0.03602	0.00778	0.00610	0.07840
1	0.13749	0.04254	0.02167	0.07828	0.05154	0.01772	0.07802	0.20971	0.02118	0.03089	0.01708	0.02116	0.03101	0.01315	0.01305	0.18556	0.00842	0.00703	0.00524	0.00927
2	0.02004	0.02193	0.06410	0.05658	0.10388	0.08209	0.23655	0.05957	0.11790	0.02651	0.01740	0.02082	0.01354	0.00845	0.01014	0.00258	0.08310	0.00781	0.00476	0.04223
3	0.05255	0.10082	0.17487	0.01377	0.01920	0.01378	0.01382	0.02114	0.01973	0.09651	0.30714	0.03888	0.07229	0.01213	0.00806	0.00241	0.00665	0.01010	0.00668	0.00946
4	0.01452	0.01345	0.04641	0.04983	0.01927	0.01025	0.01027	0.01776	0.01602	0.02373	0.02316	0.14856	0.05078	0.04737	0.00879	0.00210	0.00619	0.00905	0.00518	0.47729
5	0.01825	0.01946	0.03755	0.02967	0.09219	0.01917	0.39801	0.02354	0.01733	0.02456	0.01480	0.01988	0.01179	0.00768	0.01121	0.00254	0.11645	0.00809	0.00402	0.12378
6	0.01062	0.00785	0.01001	0.01064	0.01202	0.00707	0.00737	0.01260	0.01664	0.02275	0.16052	0.46729	0.08264	0.05456	0.01101	0.00309	0.00467	0.01863	0.00727	0.07275
7	0.02764	0.02147	0.02222	0.01764	0.02339	0.05348	0.01434	0.49526	0.13127	0.04515	0.05091	0.02231	0.01784	0.00996	0.00798	0.00242	0.00837	0.00766	0.00781	0.01287
8	0.01725	0.01383	0.01519	0.01387	0.01754	0.01517	0.01068	0.03235	0.41824	0.05643	0.16480	0.07231	0.09206	0.01331	0.00854	0.00267	0.00551	0.01134	0.00817	0.01076
9	0.01040	0.00747	0.00986	0.01054	0.01167	0.00693	0.00742	0.01290	0.01862	0.02572	0.33916	0.40509	0.06304	0.02076	0.00976	0.00288	0.00419	0.01866	0.00801	0.00693
10	0.00990	0.00708	0.00941	0.01088	0.01155	0.00660	0.00738	0.01163	0.01627	0.02197	0.13721	0.61770	0.05580	0.02355	0.01001	0.00311	0.00447	0.02131	0.00757	0.00660
11	0.01062	0.00764	0.01006	0.01039	0.01171	0.00708	0.00744	0.01344	0.01963	0.02732	0.42569	0.31399	0.06615	0.01956	0.00965	0.00278	0.00407	0.01752	0.00820	0.00708
12	0.01818	0.02043	0.04059	0.02980	0.03663	0.05524	0.52406	0.02395	0.01836	0.02432	0.01867	0.08767	0.01608	0.01048	0.03484	0.00307	0.01288	0.01035	0.00434	0.01007
13	0.01274	0.00795	0.01048	0.01114	0.01262	0.00729	0.00797	0.01484	0.01754	0.09090	0.15584	0.46732	0.08670	0.02136	0.00975	0.00300	0.00474	0.04254	0.00786	0.00741
14	0.00966	0.00690	0.00920	0.01104	0.01150	0.00644	0.00736	0.01104	0.01518	0.02024	0.04371	0.71614	0.05245	0.02484	0.01012	0.00322	0.00460	0.02254	0.00736	0.00644
15	0.00973	0.00695	0.00926	0.01100	0.01152	0.00648	0.00737	0.01120	0.01548	0.02072	0.06941	0.68908	0.05337	0.02449	0.01009	0.00319	0.00457	0.02221	0.00742	0.00648
16	0.01577	0.00891	0.01132	0.01074	0.01195	0.00918	0.00766	0.09136	0.01532	0.02201	0.01882	0.06742	0.01751	0.02128	0.02148	0.46492	0.00630	0.00799	0.16435	0.00571
17	0.01312	0.00914	0.01111	0.01028	0.01264	0.00854	0.00773	0.05401	0.02163	0.06030	0.41793	0.09093	0.18484	0.04948	0.01068	0.00280	0.00447	0.01435	0.00821	0.00781
18	0.01735	0.01735	0.02429	0.02082	0.02082	0.02429	0.01735	0.01908	0.01214	0.01908	0.01041	0.01735	0.01041	0.01388	0.02602	0.00347	0.70680	0.00694	0.00347	0.00867
19	0.02881	0.02115	0.02262	0.01755	0.02356	0.02342	0.01443	0.58251	0.06532	0.04806	0.02004	0.02011	0.01437	0.00956	0.00781	0.00237	0.00833	0.00724	0.04965	0.01311
20	0.00982	0.00699	0.00923	0.01087	0.01137	0.00655	0.00723	0.01123	0.01530	0.02047	0.06888	0.65401	0.05216	0.06076	0.01166	0.00342	0.00473	0.02163	0.00729	0.00640
21	0.01498	0.01409	0.02378	0.70226	0.05462	0.01762	0.02202	0.02026	0.01586	0.02026	0.01409	0.02114	0.01057	0.00793	0.00793	0.00264	0.01057	0.00705	0.00352	0.00881
22	0.01498	0.01409	0.02378	0.70226	0.05462	0.01762	0.02202	0.02026	0.01586	0.02026	0.01409	0.02114	0.01057	0.00793	0.00793	0.00264	0.01057	0.00705	0.00352	0.00881
23	0.00966	0.00690	0.00920	0.01104	0.01150	0.00644	0.00736	0.01104	0.01518	0.02024	0.04371	0.71614	0.05245	0.02484	0.01012	0.00322	0.00460	0.02254	0.00736	0.00644
24	0.01250	0.00919	0.01410	0.01385	0.01536	0.00891	0.06943	0.01451	0.01585	0.06132	0.03872	0.57400	0.04456	0.02165	0.01065	0.00313	0.03822	0.01964	0.00701	0.00739
25	0.01590	0.04102	0.68023	0.02260	0.03432	0.01842	0.02930	0.02511	0.01674	0.02511	0.01423	0.01674	0.01005	0.00753	0.00753	0.00251	0.01172	0.00586	0.00335	0.01172
26	0.01478	0.00739	0.00739	0.00739	0.00924	0.00739	0.00554	0.01848	0.01663	0.02956	0.02587	0.02956	0.02033	0.00924	0.00554	0.00185	0.00370	0.00739	0.76534	0.00739
27	0.01055	0.00778	0.01035	0.01166	0.01216	0.00796	0.00809	0.01207	0.01500	0.02061	0.04008	0.62458	0.04740	0.02317	0.01120	0.00317	0.06230	0.02051	0.04468	0.00667
28	0.01185	0.00750	0.00863	0.00888	0.00920	0.00744	0.00536	0.01238	0.01268	0.01794	0.02704	0.13653	0.03002	0.49146	0.03091	0.04586	0.00667	0.01219	0.11214	0.00532
29	0.01108	0.00805	0.01043	0.00994	0.01178	0.00740	0.00741	0.01465	0.02195	0.03087	0.61634	0.08755	0.09929	0.01674	0.00939	0.00253	0.00379	0.01479	0.00861	0.00740
30	0.03014	0.02221	0.02380	0.01825	0.02459	0.02459	0.01507	0.64541	0.03728	0.04998	0.01904	0.01904	0.01349	0.00952	0.00793	0.00238	0.00873	0.00714	0.00793	0.01349
31	0.01086	0.00809	0.01010	0.00960	0.01162	0.00733	0.00720	0.01426	0.02159	0.02977	0.55275	0.06258	0.19100	0.01697	0.00936	0.00253	0.00380	0.01481	0.00846	0.00733
32	0.01152	0.00772	0.00883	0.00883	0.00889	0.00778	0.00503	0.01165	0.01158	0.01551	0.02482	0.05100	0.02844	0.69276	0.06838	0.00791	0.00827	0.01140	0.00478	0.00490
33	0.03014	0.02221	0.02380	0.01825	0.02459	0.02459	0.01507	0.64541	0.03728	0.04998	0.01904	0.01904	0.01349	0.00952	0.00793	0.00238	0.00873	0.00714	0.00793	0.01349
34	0.05509	0.56969	0.03678	0.01469	0.02090	0.15125	0.01368	0.02518	0.01716	0.01952	0.01125	0.01302	0.01012	0.00706	0.00546	0.00179	0.00945	0.00440	0.00358	0.00993
35	0.77733	0.01534	0.01166	0.01043	0.01534	0.01779	0.00859	0.02331	0.01350	0.03558	0.01104	0.01288	0.00859	0.00736	0.00491	0.00245	0.00613	0.00429	0.00491	0.00859
36	0.01767	0.00996	0.01309	0.01169	0.01464	0.00930	0.00913	0.04725	0.02218	0.18024	0.40357	0.08473	0.05470	0.01682	0.03463	0.00296	0.00554	0.04424	0.00863	0.00905
37	0.01053	0.00831	0.00970	0.01045	0.01268	0.00749	0.00838	0.01304	0.01792	0.02211	0.06483	0.12800	0.41516	0.02104	0.00996	0.00304	0.00516	0.21799	0.00734	0.00688
38	0.01902	0.02014	0.02404	0.02077	0.02132	0.11511	0.01707	0.02080	0.01355	0.01913	0.01066	0.01693	0.01038	0.01310	0.02345	0.00328	0.61226	0.00669	0.00355	0.00875
39	0.01037	0.00770	0.00975	0.01030	0.01176	0.00696	0.00729	0.01269	0.01802	0.02441	0.25339	0.38746	0.14301	0.02069	0.00962	0.00284	0.00428	0.01842	0.00772	0.03332
40	0.01432	0.00874	0.01154	0.01058	0.01293	0.00797	0.00802	0.01783	0.02203	0.11573	0.54563	0.09563	0.06620	0.01591	0.00922	0.00253	0.00419	0.01401	0.00879	0.00821
41	0.01872	0.02139	0.04679	0.03342	0.04144	0.02005	0.64305	0.02540	0.01872	0.02540	0.01604	0.02139	0.01203	0.00668	0.00936	0.00267	0.01337	0.00936	0.00401	0.01070
42	0.01133	0.00850	0.01274	0.01274	0.01416	0.00991	0.00991	0.01416	0.01274	0.01841	0.02124	0.03115	0.01982	0.05947	0.68989	0.01274	0.02124	0.00850	0.00425	0.00708
43	0.08627	0.01008	0.01238	0.01130	0.01440	0.00943	0.00868	0.02167	0.01909	0.21765	0.17525	0.17403	0.09079	0.04562	0.00993	0.00287	0.00533	0.03640	0.03988	0.00896
44	0.01153	0.00769	0.00865	0.00865	0.00865	0.00769	0.00480	0.01153	0.01153	0.01538	0.02499	0.05189	0.02883	0.72131	0.04036	0.00769	0.00769	0.01153	0.00480	0.00480
45	0.77733	0.01534	0.01166	0.01043	0.01534	0.01779	0.00859	0.02331	0.01350	0.03558	0.01104	0.01288	0.00859	0.00736	0.00491	0.00245	0.00613	0.00429	0.00491	0.00859
46	0.00978	0.00699	0.00930	0.01096	0.01153	0.00652	0.00737	0.01133	0.01572	0.02110	0.08983	0.66758	0.05410	0.02421	0.01006	0.00317	0.00454	0.02194	0.00746	0.00652
47	0.38266	0.01538	0.01468	0.01234	0.01705	0.01695	0.01004	0.17950	0.02151	0.07794	0.10556	0.02288	0.02045	0.00941	0.00652	0.00240	0.00632	0.00684	0.06167	0.00989
48	0.01133	0.00850	0.01274	0.01274	0.01416	0.00991	0.00991	0.01416	0.01274	0.01841	0.02124	0.03115	0.01982	0.05947	0.68989	0.01274	0.02124	0.00850	0.00425	0.00708
49	0.01133	0.00850	0.01274	0.01274	0.01416	0.00991	0.00991	0.01416	0.01274	0.01841	0.02124	0.03115	0.01982	0.05947	0.68989	0.01274	0.02124	0.00850	0.00425	0.00708
50	0.00973	0.00798	0.00858	0.00858	0.01097	0.00683	0.00638	0.01203	0.01871	0.02328	0.18733	0.11271	0.52005	0.01966	0.00941	0.00268	0.00400	0.01665	0.00762	0.00683
51	0.01203	0.00828	0.01049	0.01091	0.01239	0.00788	0.00788	0.01509	0.04420	0.05092	0.21685	0.30505	0.09818	0.09528	0.01299	0.00344	0.00504	0.06832	0.00759	0.00719
52	0.00964	0.00700	0.00910	0.01078	0.01143	0.00646	0.00724	0.01107	0.01544	0.02035	0.04693	0.65990	0.10661	0.02443	0.01006	0.00317	0.00455	0.02203	0.00736	0.00646
53	0.77733	0.01534	0.01166	0.01043	0.01534	0.01779	0.00859	0.02331	0.01350	0.03558	0.01104	0.01288	0.00859	0.00736	0.00491	0.00245	0.00613	0.00429	0.00491	0.00859
54	0.00978	0.00695	0.00917	0.01089	0.01133	0.00652	0.00720	0.01107	0.01496	0.01994	0.04255	0.67506	0.05099	0.06792	0.01199	0.00350	0.00479	0.02186	0.00720	0.00634
55	0.01972	0.01703	0.01793	0.01614	0.02062	0.01972	0.01255	0.04214	0.65752	0.03317	0.03228	0.02959	0.02421	0.01076	0.00807	0.00269	0.00628	0.00897	0.00807	0.01255
56	0.01679	0.00935	0.01231	0.01086	0.01375	0.00842	0.00839	0.02030	0.02233	0.18074	0.49765	0.05244	0.08510	0.01488	0.00903	0.00249	0.00445	0.01296	0.00893	0.00884
57	0.00976	0.00694	0.00917	0.01091	0.01134	0.00651	0.00722	0.01107	0.01498	0.01997	0.04268	0.67956	0.05115	0.06320	0.01179	0.00347	0.00477	0.02194	0.00722	0.00635
58	0.05231	0.00977	0.00981	0.00900	0.01160	0.01020	0.00697	0.10353	0.01928	0.03261	0.02426	0.02736	0.01885	0.00919	0.00584	0.00195	0.00449	0.00721	0.62750	0.00827
59	0.02265	0.01618	0.01790	0.01461	0.01923	0.01726	0.01174	0.33068	0.08939	0.07360	0.17939	0.03512	0.08415	0.01210	0.00831	0.00244	0.00663	0.00987	0.03758	0.01118
60	0.06193	0.52786	0.06563	0.01511	0.02152	0.15423	0.01436	0.02528	0.01720	0.01998	0.01140	0.01321	0.01009	0.00711	0.00558	0.00184	0.00960	0.00448	0.00360	0.00998
61	0.01700	0.04713	0.02064	0.23445	0.02931	0.01673	0.01522	0.02024	0.01598	0.08254	0.05597	0.02900	0.08329	0.04375	0.01398	0.00290	0.18721	0.00836	0.00492	0.07138
62	0.03925	0.01391	0.01784	0.01577	0.01907	0.01484	0.05075	0.17288	0.04018	0.03006	0.05487	0.19445	0.05751	0.01608	0.01065	0.00290	0.06937	0.12877	0.00682	0.04405
63	0.20531	0.01634	0.07274	0.01449	0.01943	0.01505	0.04065	0.05900	0.08791	0.12133	0.02762	0.12247	0.07312	0.01189	0.00832	0.00259	0.03620	0.00958	0.00642	0.04955
64	0.01821	0.01869	0.07868	0.06178	0.31757	0.01612	0.01863	0.04927	0.04576	0.02671	0.01806	0.02114	0.03821	0.00756	0.00732	0.00206	0.00824	0.00673	0.00457	0.23465
65	0.32386	0.02144	0.15184	0.01839	0.05542	0.01839	0.07116	0.02748	0.11185	0.07064	0.01672	0.01834	0.01249	0.00829	0.00765	0.00256	0.04156	0.00625	0.00517	0.01050
66	0.02280	0.15610	0.15270	0.04394	0.02567	0.05263	0.01693	0.19612	0.12430	0.05839	0.01840	0.01911	0.01378	0.00848	0.00718	0.00225	0.00894	0.00642	0.00574	0.06012
67	0.64464	0.01743	0.04467	0.01201	0.01743	0.01870	0.01040	0.10406	0.01673	0.03695	0.01223	0.01386	0.00929	0.00765	0.00542	0.00245	0.00673	0.00474	0.00523	0.00937

[dist]
# distance from previous block
# <min> <max>
1	9

[block]
# block no. 5 follows, 24 sequences, length 6
# corresponding to MSA columns:
# 229-234
name=unknown_F
#
# <colnr> <probs for GDERKNQSTAVLIFYWHMCP>
#	G	D	E	R	K	N	Q	S	T	A	V	L	I	F	Y	W	H	M	C	P
0	0.04239	0.01097	0.01291	0.01231	0.01419	0.01146	0.00892	0.12157	0.01834	0.02550	0.05364	0.30489	0.03539	0.18164	0.01720	0.00400	0.04128	0.03652	0.00651	0.04035
1	0.02785	0.07484	0.02317	0.01674	0.02233	0.05801	0.01368	0.46033	0.03126	0.08254	0.01947	0.02223	0.01505	0.08324	0.01105	0.00287	0.00877	0.00732	0.00718	0.01210
2	0.01723	0.01820	0.03824	0.09393	0.03745	0.01753	0.47411	0.02237	0.01733	0.02335	0.01749	0.06864	0.01481	0.01020	0.01152	0.08239	0.01183	0.00977	0.00413	0.00947
3	0.01210	0.00865	0.01075	0.01128	0.01247	0.00850	0.00781	0.07280	0.01797	0.02427	0.13385	0.46857	0.04923	0.10659	0.01346	0.00357	0.00524	0.01848	0.00731	0.00708
4	0.04362	0.20324	0.07177	0.08988	0.02659	0.06239	0.09495	0.02600	0.13889	0.02384	0.02472	0.02617	0.09299	0.00965	0.00800	0.00239	0.03202	0.00786	0.00495	0.01007
5	0.01377	0.00689	0.01033	0.01033	0.01033	0.00689	0.00689	0.01033	0.01033	0.01377	0.01377	0.02410	0.01377	0.02755	0.03099	0.76928	0.00689	0.00689	0.00344	0.00344

[dist]
# distance from previous block
# <min> <max>
0	1

[block]
# block no. 6 follows, 24 sequences, length 71
# corresponding to MSA columns:
# 236-306
name=unknown_G
#
# <colnr> <probs for GDERKNQSTAVLIFYWHMCP>
#	G	D	E	R	K	N	Q	S	T	A	V	L	I	F	Y	W	H	M	C	P
0	0.01727	0.01756	0.02479	0.04470	0.02304	0.04931	0.06600	0.01950	0.01345	0.01973	0.01367	0.07255	0.01384	0.01373	0.02207	0.00330	0.54469	0.00829	0.00384	0.00868
1	0.07518	0.01020	0.01213	0.01112	0.01392	0.01001	0.00851	0.02077	0.08372	0.11102	0.35238	0.07239	0.09375	0.05702	0.01063	0.00289	0.00496	0.03272	0.00808	0.00858
2	0.02761	0.01310	0.01672	0.01340	0.01869	0.01193	0.01082	0.03342	0.10960	0.42581	0.11211	0.03286	0.05677	0.01092	0.00806	0.00240	0.00611	0.00906	0.00892	0.07168
3	0.77733	0.01534	0.01166	0.01043	0.01534	0.01779	0.00859	0.02331	0.01350	0.03558	0.01104	0.01288	0.00859	0.00736	0.00491	0.00245	0.00613	0.00429	0.00491	0.00859
4	0.01603	0.01078	0.01247	0.01135	0.01380	0.01100	0.00840	0.07400	0.10774	0.07132	0.21447	0.04682	0.06362	0.19420	0.01660	0.00383	0.00587	0.03444	0.07489	0.00837
5	0.13185	0.01072	0.01335	0.01209	0.01527	0.01037	0.03423	0.02068	0.03740	0.15378	0.17785	0.22239	0.09749	0.01576	0.00858	0.00271	0.00541	0.01365	0.00766	0.00875
6	0.00971	0.00705	0.00917	0.01075	0.01145	0.00651	0.00726	0.01125	0.01576	0.02088	0.07603	0.63318	0.10364	0.02405	0.01002	0.00314	0.00451	0.02168	0.00743	0.00651
7	0.01152	0.00772	0.00883	0.00883	0.00889	0.00778	0.00502	0.01165	0.01158	0.01551	0.02482	0.05100	0.02844	0.69280	0.06835	0.00791	0.00827	0.01140	0.00478	0.00490
8	0.01212	0.00948	0.01064	0.01028	0.01269	0.00905	0.00762	0.05827	0.06542	0.02620	0.20033	0.16761	0.31379	0.04734	0.01057	0.00291	0.00469	0.01569	0.00766	0.00765
9	0.13062	0.00923	0.01137	0.01082	0.01259	0.00931	0.00795	0.01592	0.01338	0.07013	0.03761	0.03074	0.01901	0.05715	0.02128	0.40129	0.00656	0.05977	0.04059	0.03467
10	0.07047	0.01358	0.01809	0.01394	0.02001	0.01194	0.01151	0.03792	0.02226	0.64716	0.03033	0.02633	0.01911	0.00970	0.00783	0.00245	0.00672	0.00780	0.00958	0.01326
11	0.03014	0.02221	0.02380	0.01825	0.02459	0.02459	0.01507	0.64541	0.03728	0.04998	0.01904	0.01904	0.01349	0.00952	0.00793	0.00238	0.00873	0.00714	0.00793	0.01349
12	0.01047	0.00715	0.00934	0.01048	0.01097	0.00679	0.00691	0.01146	0.01491	0.02007	0.10111	0.48260	0.04760	0.13989	0.01678	0.06688	0.00521	0.01860	0.00675	0.00603
13	0.01099	0.00854	0.01160	0.01270	0.01321	0.00914	0.00921	0.01262	0.01503	0.02038	0.03896	0.56551	0.04605	0.02307	0.01239	0.00329	0.10191	0.07177	0.00682	0.00682
14	0.01872	0.02139	0.04679	0.03342	0.04144	0.02005	0.64305	0.02540	0.01872	0.02540	0.01604	0.02139	0.01203	0.00668	0.00936	0.00267	0.01337	0.00936	0.00401	0.01070
15	0.01792	0.01830	0.02420	0.02080	0.02099	0.05525	0.01725	0.01967	0.01263	0.01910	0.01050	0.01721	0.01040	0.01361	0.02515	0.00340	0.67457	0.00685	0.00350	0.00870
16	0.01712	0.01776	0.03364	0.30216	0.09372	0.01950	0.26811	0.02248	0.01671	0.02260	0.01448	0.02066	0.01129	0.00809	0.01070	0.00273	0.09672	0.00795	0.00374	0.00984
17	0.02721	0.01938	0.02066	0.01617	0.02166	0.02131	0.01325	0.52568	0.03334	0.04608	0.02034	0.02105	0.01479	0.00947	0.00748	0.00228	0.00777	0.00719	0.15258	0.01232
18	0.01157	0.00881	0.01157	0.01276	0.01408	0.00897	0.00997	0.01458	0.03803	0.02202	0.04492	0.34747	0.11750	0.02209	0.01122	0.00331	0.04751	0.23933	0.00713	0.00712
19	0.01561	0.01088	0.01319	0.01170	0.01456	0.01078	0.00902	0.11527	0.05006	0.06634	0.46040	0.07906	0.08108	0.01514	0.00904	0.00252	0.00482	0.01312	0.00852	0.00885
20	0.01003	0.00761	0.00984	0.01114	0.01188	0.00742	0.00770	0.01151	0.01542	0.02034	0.04701	0.59084	0.13541	0.02361	0.01086	0.00316	0.04155	0.02092	0.00716	0.00659
21	0.00966	0.00690	0.00920	0.01104	0.01150	0.00644	0.00736	0.01104	0.01518	0.02024	0.04371	0.71614	0.05245	0.02484	0.01012	0.00322	0.00460	0.02254	0.00736	0.00644
22	0.03558	0.01350	0.01840	0.01411	0.02024	0.01166	0.01166	0.03865	0.02270	0.67734	0.03128	0.02699	0.01963	0.00981	0.00797	0.00245	0.00675	0.00797	0.00981	0.01350
23	0.15945	0.01784	0.02269	0.27446	0.14806	0.05878	0.01792	0.12278	0.01998	0.06339	0.01527	0.01893	0.01148	0.00804	0.00732	0.00247	0.00928	0.00650	0.00492	0.01045
24	0.00993	0.00710	0.00951	0.01135	0.01193	0.00668	0.00784	0.01151	0.01545	0.02055	0.04356	0.66125	0.05185	0.02459	0.01019	0.00326	0.00484	0.07474	0.00736	0.00652
25	0.01498	0.01409	0.02378	0.70226	0.05462	0.01762	0.02202	0.02026	0.01586	0.02026	0.01409	0.02114	0.01057	0.00793	0.00793	0.00264	0.01057	0.00705	0.00352	0.00881
26	0.01889	0.01655	0.01897	0.01966	0.10321	0.01858	0.01354	0.03743	0.52513	0.03131	0.03385	0.03200	0.07363	0.01102	0.00814	0.00265	0.00650	0.00934	0.00748	0.01209
27	0.50343	0.07932	0.01758	0.07359	0.02099	0.04379	0.01144	0.11795	0.01787	0.03435	0.01257	0.01459	0.00971	0.00772	0.00573	0.00238	0.00742	0.00499	0.00508	0.00951
28	0.07400	0.01957	0.02738	0.12702	0.33023	0.05360	0.04267	0.14692	0.04901	0.03049	0.01600	0.01948	0.01256	0.00789	0.00770	0.00242	0.00947	0.00695	0.00491	0.01171
29	0.02801	0.02075	0.02236	0.01757	0.02336	0.02292	0.01434	0.56520	0.06680	0.04679	0.02164	0.07431	0.01709	0.01079	0.00811	0.00246	0.00828	0.00844	0.00789	0.01289
30	0.77733	0.01534	0.01166	0.01043	0.01534	0.01779	0.00859	0.02331	0.01350	0.03558	0.01104	0.01288	0.00859	0.00736	0.00491	0.00245	0.00613	0.00429	0.00491	0.00859
31	0.02254	0.01941	0.06351	0.12239	0.23595	0.05320	0.01879	0.06303	0.15150	0.13705	0.02117	0.02264	0.01565	0.00862	0.00788	0.00247	0.00884	0.00744	0.00590	0.01202
32	0.01201	0.06448	0.01303	0.01026	0.01251	0.00936	0.00796	0.01565	0.02195	0.03077	0.61610	0.05558	0.06975	0.01547	0.00902	0.00243	0.00411	0.01355	0.00831	0.00769
33	0.01708	0.03682	0.58819	0.02124	0.03185	0.01717	0.02660	0.02534	0.01712	0.07604	0.01733	0.05931	0.01333	0.00875	0.00772	0.00255	0.01090	0.00702	0.00410	0.01154
34	0.02135	0.01694	0.01818	0.01606	0.02074	0.01927	0.01257	0.06383	0.58509	0.08437	0.03172	0.02900	0.02346	0.01064	0.00806	0.00266	0.00640	0.00882	0.00820	0.01266
35	0.01060	0.00818	0.01232	0.01290	0.01401	0.00770	0.05747	0.01247	0.01549	0.02066	0.04078	0.60506	0.04808	0.04796	0.01118	0.00336	0.00554	0.05247	0.00700	0.00676
36	0.09144	0.01360	0.01743	0.01374	0.01944	0.01248	0.01126	0.03644	0.06617	0.54812	0.06324	0.02776	0.02198	0.01002	0.00781	0.00247	0.00651	0.00809	0.00925	0.01273
37	0.01735	0.01735	0.02429	0.02082	0.02082	0.02429	0.01735	0.01908	0.01214	0.01908	0.01041	0.01735	0.01041	0.01388	0.02602	0.00347	0.70680	0.00694	0.00347	0.00867
38	0.01751	0.01458	0.02339	0.45772	0.13290	0.01712	0.02000	0.02284	0.03811	0.07358	0.01669	0.02198	0.01259	0.00843	0.00869	0.00258	0.04464	0.00720	0.04972	0.00974
39	0.01131	0.00832	0.01079	0.01125	0.01311	0.00780	0.00894	0.01455	0.01983	0.02668	0.32641	0.12806	0.15274	0.01935	0.00993	0.00295	0.00499	0.20783	0.00795	0.00722
40	0.01644	0.01409	0.01644	0.01175	0.01879	0.01057	0.00940	0.01997	0.01644	0.02584	0.01409	0.01644	0.01175	0.00587	0.00587	0.00117	0.00587	0.00470	0.00470	0.76979
41	0.01763	0.02072	0.14299	0.09755	0.05032	0.04233	0.01757	0.04440	0.13442	0.02589	0.04187	0.02295	0.01661	0.01037	0.01220	0.00270	0.18550	0.00739	0.09649	0.01009
42	0.77733	0.01534	0.01166	0.01043	0.01534	0.01779	0.00859	0.02331	0.01350	0.03558	0.01104	0.01288	0.00859	0.00736	0.00491	0.00245	0.00613	0.00429	0.00491	0.00859
43	0.63438	0.11319	0.01557	0.01071	0.01572	0.01914	0.00912	0.02313	0.01402	0.03294	0.01179	0.01370	0.00940	0.00738	0.00496	0.00232	0.00634	0.00444	0.04301	0.00875
44	0.10352	0.00792	0.01020	0.01012	0.01087	0.00820	0.00699	0.01257	0.01141	0.01791	0.01556	0.04821	0.01511	0.02352	0.02501	0.58635	0.00645	0.00719	0.06840	0.00449
45	0.01153	0.00769	0.00865	0.00865	0.00865	0.00769	0.00480	0.01153	0.01153	0.01538	0.02499	0.05189	0.02883	0.72131	0.04036	0.00769	0.00769	0.01153	0.00480	0.00480
46	0.01786	0.06988	0.50352	0.06289	0.05523	0.01878	0.02595	0.02551	0.01695	0.07546	0.01524	0.01774	0.01094	0.00798	0.00835	0.00251	0.04371	0.00611	0.00389	0.01149
47	0.00993	0.00694	0.00922	0.01089	0.01130	0.00652	0.00721	0.01104	0.01479	0.01972	0.04149	0.65268	0.04961	0.06160	0.01257	0.03502	0.00486	0.02132	0.00707	0.00623
48	0.01122	0.00811	0.01060	0.00998	0.01185	0.00748	0.00748	0.01496	0.02245	0.03180	0.66766	0.05923	0.07482	0.01621	0.00935	0.00249	0.00374	0.01434	0.00873	0.00748
49	0.03014	0.02221	0.02380	0.01825	0.02459	0.02459	0.01507	0.64541	0.03728	0.04998	0.01904	0.01904	0.01349	0.00952	0.00793	0.00238	0.00873	0.00714	0.00793	0.01349
50	0.01478	0.00739	0.00739	0.00739	0.00924	0.00739	0.00554	0.01848	0.01663	0.02956	0.02587	0.02956	0.02033	0.00924	0.00554	0.00185	0.00370	0.00739	0.76534	0.00739
51	0.01644	0.01409	0.01644	0.01175	0.01879	0.01057	0.00940	0.01997	0.01644	0.02584	0.01409	0.01644	0.01175	0.00587	0.00587	0.00117	0.00587	0.00470	0.00470	0.76979
52	0.01735	0.01735	0.02429	0.02082	0.02082	0.02429	0.01735	0.01908	0.01214	0.01908	0.01041	0.01735	0.01041	0.01388	0.02602	0.00347	0.70680	0.00694	0.00347	0.00867
53	0.01133	0.00850	0.01274	0.01274	0.01416	0.00991	0.00991	0.01416	0.01274	0.01841	0.02124	0.03115	0.01982	0.05947	0.68989	0.01274	0.02124	0.00850	0.00425	0.00708
54	0.01073	0.00735	0.00889	0.00968	0.00988	0.00715	0.00590	0.01132	0.01310	0.01747	0.03304	0.33754	0.03899	0.42181	0.02736	0.00577	0.00636	0.01627	0.00590	0.00551
55	0.03538	0.01381	0.01860	0.01426	0.02040	0.01212	0.01178	0.06053	0.02322	0.65471	0.03084	0.02670	0.01941	0.00980	0.00797	0.00245	0.00682	0.00794	0.00975	0.01349
56	0.01590	0.04102	0.68023	0.02260	0.03432	0.01842	0.02930	0.02511	0.01674	0.02511	0.01423	0.01674	0.01005	0.00753	0.00753	0.00251	0.01172	0.00586	0.00335	0.01172
57	0.00974	0.00696	0.00927	0.01099	0.01152	0.00650	0.00737	0.01125	0.01556	0.02085	0.07653	0.68158	0.05362	0.02439	0.01008	0.00318	0.00456	0.02211	0.00743	0.00650
58	0.00966	0.00690	0.00920	0.01104	0.01150	0.00644	0.00736	0.01104	0.01518	0.02024	0.04371	0.71614	0.05245	0.02484	0.01012	0.00322	0.00460	0.02254	0.00736	0.00644
59	0.00939	0.00797	0.00809	0.00819	0.01075	0.00668	0.00610	0.01136	0.01792	0.02136	0.07840	0.11006	0.63614	0.02033	0.00941	0.00271	0.00405	0.01704	0.00736	0.00668
60	0.01133	0.00850	0.01274	0.01274	0.01416	0.00991	0.00991	0.01416	0.01274	0.01841	0.02124	0.03115	0.01982	0.05947	0.68989	0.01274	0.02124	0.00850	0.00425	0.00708
61	0.01423	0.00934	0.01135	0.01037	0.01315	0.00861	0.00794	0.01870	0.06471	0.10651	0.39036	0.05792	0.22405	0.01611	0.00910	0.00255	0.00435	0.01385	0.00845	0.00834
62	0.03099	0.02085	0.02296	0.01760	0.02391	0.02257	0.01454	0.55079	0.03501	0.14781	0.02095	0.02028	0.01444	0.00957	0.00794	0.00239	0.00842	0.00727	0.00823	0.01349
63	0.01027	0.00734	0.00988	0.01153	0.01222	0.00707	0.00815	0.01199	0.01530	0.02040	0.04132	0.56015	0.04854	0.05651	0.05213	0.00404	0.00610	0.10345	0.00706	0.00653
64	0.30896	0.01710	0.01615	0.01341	0.01829	0.05287	0.01085	0.20934	0.02230	0.11499	0.01757	0.01877	0.01292	0.00959	0.00773	0.04269	0.00720	0.00608	0.08290	0.01028
65	0.01165	0.00784	0.00985	0.01005	0.01128	0.00731	0.00691	0.01366	0.01739	0.04990	0.25793	0.26736	0.09626	0.17682	0.01649	0.00390	0.00504	0.01624	0.00736	0.00674
66	0.01592	0.00877	0.01087	0.01016	0.01260	0.00821	0.00788	0.01933	0.01984	0.12432	0.28675	0.04915	0.06646	0.04255	0.00947	0.00263	0.00467	0.06814	0.22407	0.00819
67	0.01723	0.01126	0.01275	0.01157	0.01385	0.01176	0.00841	0.16712	0.01989	0.05258	0.02710	0.15605	0.02684	0.22335	0.05332	0.00453	0.00728	0.01133	0.15563	0.00815
68	0.66618	0.01666	0.04026	0.03345	0.01790	0.01812	0.01025	0.04607	0.03920	0.03508	0.01237	0.01416	0.00948	0.00759	0.00534	0.00247	0.00660	0.00473	0.00503	0.00905
69	0.51670	0.01479	0.01262	0.01099	0.01551	0.01675	0.00895	0.11460	0.01764	0.03653	0.01514	0.01707	0.01162	0.00805	0.00548	0.00232	0.00604	0.00532	0.15479	0.00908
