[name]
unknown

[dist]
# distance from previous block
# <min> <max>
2	27

[block]
# block no. 0 follows, 26 sequences, length 9
# corresponding to MSA columns:
# 31-39
name=unknown_A
#
# <colnr> <probs for GDERKNQSTAVLIFYWHMCP>
#	G	D	E	R	K	N	Q	S	T	A	V	L	I	F	Y	W	H	M	C	P
0	0.23232	0.28556	0.10328	0.01404	0.02001	0.04297	0.04045	0.02198	0.01521	0.02424	0.03471	0.01708	0.03653	0.00775	0.00645	0.00207	0.03642	0.00536	0.00406	0.04951
1	0.12695	0.06653	0.01809	0.13402	0.02274	0.04799	0.01220	0.10271	0.05320	0.07195	0.15765	0.02816	0.02553	0.05559	0.01002	0.00268	0.04108	0.00800	0.00586	0.00904
2	0.05856	0.13330	0.07794	0.01441	0.04483	0.01592	0.01221	0.04871	0.12776	0.11277	0.16140	0.03084	0.06995	0.01035	0.00725	0.00222	0.00639	0.00843	0.00641	0.05033
3	0.09091	0.24234	0.12197	0.01522	0.04254	0.01992	0.01416	0.10075	0.01807	0.06057	0.01407	0.01587	0.01120	0.00907	0.03534	0.00228	0.00833	0.00516	0.00453	0.16769
4	0.05247	0.05963	0.12154	0.01275	0.01700	0.04100	0.01172	0.02086	0.05320	0.09291	0.35103	0.03882	0.04292	0.04074	0.00912	0.00253	0.00615	0.01004	0.00678	0.00879
5	0.02172	0.01691	0.07131	0.01496	0.02008	0.01612	0.01280	0.10980	0.31818	0.16902	0.03261	0.03208	0.08561	0.01098	0.00787	0.00251	0.00662	0.03173	0.00759	0.01150
6	0.02641	0.01989	0.02144	0.01652	0.02253	0.02149	0.01355	0.53138	0.08445	0.04365	0.01864	0.01872	0.01352	0.00877	0.00735	0.00216	0.00782	0.00668	0.00722	0.10783
7	0.01318	0.00659	0.00988	0.00988	0.00988	0.00659	0.00659	0.00988	0.00988	0.01318	0.01318	0.02306	0.01318	0.02635	0.02964	0.77931	0.00659	0.00659	0.00329	0.00329
8	0.01061	0.00845	0.01135	0.01025	0.01260	0.00761	0.04339	0.01385	0.02002	0.02710	0.46343	0.05951	0.25121	0.01610	0.00895	0.00245	0.00418	0.01413	0.00770	0.00710

[dist]
# distance from previous block
# <min> <max>
0	2

[block]
# block no. 1 follows, 26 sequences, length 6
# corresponding to MSA columns:
# 42-47
name=unknown_B
#
# <colnr> <probs for GDERKNQSTAVLIFYWHMCP>
#	G	D	E	R	K	N	Q	S	T	A	V	L	I	F	Y	W	H	M	C	P
0	0.02729	0.01847	0.02031	0.01591	0.02134	0.01997	0.01300	0.50747	0.03148	0.11939	0.02146	0.06423	0.01633	0.01004	0.00758	0.00230	0.00758	0.00786	0.05589	0.01211
1	0.01332	0.00826	0.01090	0.01008	0.01224	0.00755	0.00761	0.01666	0.02098	0.10620	0.55867	0.10329	0.06385	0.01541	0.00885	0.00243	0.00397	0.01360	0.00837	0.00775
2	0.01646	0.01075	0.00994	0.00932	0.01173	0.05550	0.00711	0.06206	0.07628	0.02920	0.02400	0.02666	0.01871	0.00892	0.00577	0.00188	0.00474	0.00704	0.60592	0.00800
3	0.01573	0.01348	0.01573	0.01123	0.01798	0.01011	0.00899	0.01910	0.01573	0.02472	0.01348	0.01573	0.01123	0.00562	0.00562	0.00112	0.00562	0.00449	0.00449	0.77980
4	0.25953	0.01734	0.04752	0.18872	0.06842	0.04653	0.01482	0.12491	0.01905	0.12234	0.01559	0.01769	0.01125	0.00785	0.00664	0.00236	0.00814	0.00594	0.00532	0.01005
5	0.78701	0.01467	0.01115	0.00997	0.01467	0.01702	0.00821	0.02230	0.01291	0.03403	0.01056	0.01232	0.00821	0.00704	0.00469	0.00235	0.00587	0.00411	0.00469	0.00821

[dist]
# distance from previous block
# <min> <max>
0	1

[block]
# block no. 2 follows, 26 sequences, length 7
# corresponding to MSA columns:
# 49-55
name=unknown_C
#
# <colnr> <probs for GDERKNQSTAVLIFYWHMCP>
#	G	D	E	R	K	N	Q	S	T	A	V	L	I	F	Y	W	H	M	C	P
0	0.01285	0.00663	0.00950	0.00969	0.00990	0.00659	0.00651	0.01069	0.01095	0.01526	0.01731	0.09839	0.01769	0.02442	0.02522	0.62323	0.00607	0.00822	0.07692	0.00396
1	0.01576	0.02018	0.16742	0.18287	0.21368	0.03925	0.04236	0.02108	0.01712	0.02346	0.08082	0.02997	0.02044	0.00959	0.00798	0.00251	0.00926	0.08208	0.00438	0.00980
2	0.01252	0.00818	0.01052	0.00969	0.01190	0.00742	0.00735	0.01588	0.02107	0.08521	0.56567	0.05571	0.12913	0.01537	0.00884	0.00240	0.00385	0.01344	0.00830	0.00757
3	0.01603	0.02016	0.13430	0.04979	0.03093	0.01719	0.32736	0.02156	0.01699	0.02425	0.10239	0.02441	0.01927	0.00885	0.01066	0.00257	0.10944	0.00856	0.04583	0.00947
4	0.01751	0.01628	0.02754	0.32750	0.14492	0.01779	0.14622	0.11248	0.01895	0.02530	0.01644	0.06434	0.01362	0.00845	0.00798	0.00249	0.00985	0.00813	0.00436	0.00986
5	0.01713	0.01671	0.02475	0.38486	0.25383	0.06235	0.02050	0.02336	0.07909	0.02227	0.01528	0.02009	0.01196	0.00759	0.00752	0.00240	0.00959	0.00680	0.00395	0.00996
6	0.04427	0.01448	0.06420	0.34324	0.03483	0.01508	0.06050	0.01996	0.07676	0.02088	0.01770	0.08838	0.01557	0.01198	0.01132	0.10687	0.03336	0.00828	0.00419	0.00815

[dist]
# distance from previous block
# <min> <max>
4	19

[block]
# block no. 3 follows, 26 sequences, length 24
# corresponding to MSA columns:
# 75-98
name=unknown_D
#
# <colnr> <probs for GDERKNQSTAVLIFYWHMCP>
#	G	D	E	R	K	N	Q	S	T	A	V	L	I	F	Y	W	H	M	C	P
0	0.11065	0.01280	0.01687	0.04857	0.17682	0.01296	0.01244	0.06210	0.01764	0.10364	0.02336	0.06388	0.04355	0.03633	0.00811	0.00244	0.00649	0.03747	0.16304	0.04081
1	0.07377	0.01627	0.02042	0.12658	0.07722	0.01787	0.03847	0.28872	0.05383	0.03354	0.02267	0.13764	0.03767	0.01120	0.00782	0.00248	0.00778	0.00948	0.00619	0.01037
2	0.35911	0.01475	0.01435	0.01217	0.01676	0.01603	0.00992	0.16267	0.04064	0.07817	0.03695	0.02370	0.01612	0.03560	0.00747	0.00250	0.00640	0.04959	0.04116	0.05593
3	0.09453	0.30058	0.02669	0.01535	0.04662	0.06554	0.01266	0.13188	0.04329	0.02640	0.07238	0.01993	0.01690	0.03820	0.00878	0.00231	0.05722	0.00618	0.00487	0.00971
4	0.01697	0.10604	0.04701	0.01754	0.04814	0.09633	0.11108	0.04427	0.04097	0.02365	0.10478	0.02752	0.04864	0.01731	0.12249	0.00386	0.03344	0.00809	0.07306	0.00881
5	0.01661	0.01149	0.01286	0.01273	0.04859	0.01249	0.00913	0.08195	0.19359	0.02940	0.02490	0.02799	0.01981	0.04676	0.05722	0.00306	0.00629	0.00770	0.36840	0.00904
6	0.01573	0.01348	0.01573	0.01123	0.01798	0.01011	0.00899	0.01910	0.01573	0.02472	0.01348	0.01573	0.01123	0.00562	0.00562	0.00112	0.00562	0.00449	0.00449	0.77980
7	0.11386	0.01327	0.01942	0.28970	0.14091	0.01482	0.01619	0.04634	0.01674	0.05154	0.04974	0.10735	0.02063	0.01076	0.00773	0.00257	0.00797	0.05657	0.00495	0.00894
8	0.01013	0.00735	0.00975	0.01135	0.01237	0.00697	0.00851	0.01216	0.01566	0.02048	0.04439	0.47457	0.10386	0.02251	0.00986	0.00316	0.00514	0.20833	0.00702	0.00643
9	0.78701	0.01467	0.01115	0.00997	0.01467	0.01702	0.00821	0.02230	0.01291	0.03403	0.01056	0.01232	0.00821	0.00704	0.00469	0.00235	0.00587	0.00411	0.00469	0.00821
10	0.02883	0.02125	0.02276	0.01745	0.02352	0.02352	0.01442	0.66082	0.03566	0.04780	0.01821	0.01821	0.01290	0.00911	0.00759	0.00228	0.00835	0.00683	0.00759	0.01290
11	0.00965	0.00703	0.00897	0.00990	0.01087	0.00648	0.00682	0.01151	0.01631	0.02190	0.19676	0.46716	0.12266	0.05369	0.01075	0.00305	0.00428	0.01862	0.00724	0.00635
12	0.01414	0.00707	0.00707	0.00707	0.00884	0.00707	0.00530	0.01767	0.01591	0.02828	0.02474	0.02828	0.01944	0.00884	0.00530	0.00177	0.00353	0.00707	0.77554	0.00707
13	0.01619	0.01616	0.02974	0.40084	0.19675	0.01767	0.16978	0.02143	0.01629	0.02178	0.01410	0.01994	0.01088	0.00711	0.00788	0.00247	0.01048	0.00726	0.00357	0.00968
14	0.01037	0.00774	0.00963	0.00916	0.01111	0.00700	0.00687	0.01361	0.02061	0.02838	0.55786	0.06001	0.19709	0.01627	0.00895	0.00242	0.00363	0.01419	0.00808	0.00700
15	0.01512	0.01443	0.02479	0.58946	0.14615	0.01712	0.04582	0.02015	0.01559	0.02037	0.01367	0.02002	0.01045	0.00741	0.00762	0.00249	0.01005	0.00683	0.00345	0.00903
16	0.01061	0.00775	0.00997	0.00941	0.01126	0.00710	0.00706	0.01408	0.02118	0.02973	0.64009	0.05779	0.11403	0.01576	0.00895	0.00240	0.00360	0.01388	0.00826	0.00710
17	0.01645	0.01584	0.02905	0.20303	0.06032	0.01709	0.25999	0.04446	0.01638	0.02287	0.01529	0.02101	0.01214	0.01061	0.03709	0.03813	0.08889	0.00765	0.07473	0.00899
18	0.01139	0.00912	0.01298	0.06602	0.01659	0.00921	0.03841	0.03614	0.01586	0.02138	0.06963	0.49478	0.06655	0.01940	0.00991	0.00286	0.03912	0.01734	0.00643	0.03687
19	0.01931	0.01795	0.03187	0.03766	0.41730	0.01792	0.17070	0.04964	0.01805	0.05975	0.01639	0.04727	0.01369	0.00785	0.00869	0.00241	0.04003	0.00790	0.00433	0.01129
20	0.14618	0.05393	0.01779	0.01403	0.01890	0.06956	0.01131	0.06031	0.23916	0.22314	0.05145	0.02382	0.01935	0.00929	0.00704	0.00235	0.00682	0.00721	0.00722	0.01114
21	0.07403	0.13894	0.10305	0.03954	0.02471	0.12539	0.09630	0.09778	0.01916	0.04936	0.06470	0.01925	0.01531	0.00872	0.00906	0.00231	0.09138	0.00655	0.00465	0.00980
22	0.04015	0.12390	0.03993	0.01426	0.01888	0.06956	0.01212	0.05230	0.21078	0.02651	0.06732	0.03357	0.02397	0.01084	0.00738	0.00230	0.00711	0.11555	0.00599	0.11756
23	0.09442	0.29204	0.24263	0.04876	0.05124	0.02199	0.01787	0.04802	0.04323	0.02405	0.04174	0.01684	0.01297	0.00748	0.00622	0.00211	0.00874	0.00549	0.00397	0.01019

[dist]
# distance from previous block
# <min> <max>
18	28

[block]
# block no. 4 follows, 26 sequences, length 57
# corresponding to MSA columns:
# 129-185
name=unknown_E
#
# <colnr> <probs for GDERKNQSTAVLIFYWHMCP>
#	G	D	E	R	K	N	Q	S	T	A	V	L	I	F	Y	W	H	M	C	P
0	0.03680	0.02077	0.16587	0.02157	0.02812	0.01594	0.25598	0.04105	0.01808	0.04134	0.13997	0.02551	0.02239	0.00881	0.00913	0.00240	0.05477	0.00839	0.00484	0.07827
1	0.02053	0.05171	0.09327	0.01525	0.05286	0.01344	0.01273	0.02768	0.13636	0.21723	0.19667	0.03160	0.03113	0.01040	0.00768	0.00229	0.00632	0.00876	0.00723	0.05686
2	0.02013	0.01493	0.01748	0.01484	0.01941	0.01591	0.03670	0.03480	0.43143	0.12912	0.05166	0.02858	0.02292	0.04676	0.00919	0.00264	0.00629	0.00839	0.00738	0.08144
3	0.07210	0.01653	0.04902	0.01486	0.02123	0.01457	0.05793	0.16420	0.02156	0.18943	0.02077	0.02096	0.03828	0.00801	0.00690	0.00196	0.00712	0.00653	0.00634	0.26167
4	0.01131	0.00847	0.01077	0.01062	0.01104	0.00934	0.00726	0.01231	0.01229	0.01690	0.04466	0.14046	0.04924	0.39239	0.14248	0.00679	0.09126	0.01177	0.00489	0.00574
5	0.01663	0.06022	0.01969	0.04824	0.02107	0.01359	0.06158	0.07895	0.05079	0.02632	0.05601	0.08154	0.01875	0.00854	0.00676	0.00176	0.00661	0.00737	0.00520	0.41034
6	0.06367	0.01356	0.02201	0.67016	0.04984	0.01686	0.02024	0.01957	0.01502	0.02032	0.01330	0.01972	0.00999	0.00755	0.00740	0.00252	0.00984	0.00657	0.00345	0.00841
7	0.02145	0.01586	0.01963	0.10097	0.02383	0.01735	0.06249	0.31626	0.05535	0.03605	0.01990	0.02204	0.01483	0.00868	0.00703	0.00219	0.00739	0.00713	0.23115	0.01040
8	0.04995	0.01691	0.03345	0.05303	0.06812	0.01605	0.41376	0.02120	0.01681	0.02372	0.01956	0.14493	0.01816	0.00951	0.00855	0.00253	0.01023	0.01048	0.00446	0.05860
9	0.08075	0.44468	0.10774	0.01432	0.02079	0.02520	0.01426	0.09596	0.05137	0.02395	0.01332	0.01504	0.01113	0.00969	0.04131	0.00243	0.00883	0.00499	0.00412	0.01011
10	0.02737	0.01926	0.02088	0.01635	0.02198	0.02112	0.01340	0.50724	0.10344	0.09749	0.02091	0.02048	0.01486	0.00924	0.00748	0.00229	0.00768	0.00710	0.04894	0.01249
11	0.01067	0.00767	0.01003	0.00976	0.01136	0.00713	0.00725	0.01391	0.02030	0.02854	0.57455	0.11896	0.06693	0.04237	0.01014	0.00267	0.00392	0.03882	0.00804	0.00697
12	0.00932	0.00673	0.00883	0.01034	0.01098	0.00624	0.00698	0.01082	0.01511	0.02013	0.08458	0.65042	0.08548	0.02299	0.00960	0.00301	0.00432	0.02076	0.00712	0.00624
13	0.01790	0.02046	0.04476	0.03197	0.03964	0.01918	0.65857	0.02430	0.01790	0.02430	0.01535	0.02046	0.01151	0.00639	0.00895	0.00256	0.01279	0.00895	0.00384	0.01023
14	0.01012	0.00765	0.00934	0.00908	0.01100	0.00687	0.00675	0.01307	0.01979	0.02680	0.46405	0.10871	0.24472	0.01715	0.00900	0.00248	0.00371	0.01493	0.00788	0.00687
15	0.01623	0.01378	0.01600	0.01147	0.01819	0.01063	0.00920	0.04384	0.01650	0.02561	0.01366	0.01582	0.01130	0.00575	0.00569	0.00117	0.00572	0.00458	0.00461	0.75023
16	0.00978	0.00845	0.04407	0.01097	0.01217	0.00690	0.00813	0.01185	0.01570	0.02135	0.14191	0.58549	0.05149	0.02161	0.00944	0.00294	0.00462	0.01950	0.00705	0.00658
17	0.38815	0.24117	0.05342	0.01268	0.01846	0.02215	0.01163	0.12824	0.01760	0.03083	0.01196	0.01342	0.00953	0.00722	0.00534	0.00211	0.00722	0.00461	0.00466	0.00960
18	0.01788	0.33219	0.21021	0.09980	0.05380	0.02309	0.08391	0.02376	0.04948	0.02129	0.01336	0.01603	0.01070	0.00700	0.00646	0.00210	0.00957	0.00561	0.00356	0.01023
19	0.01318	0.00659	0.00988	0.00988	0.00988	0.00659	0.00659	0.00988	0.00988	0.01318	0.01318	0.02306	0.01318	0.02635	0.02964	0.77931	0.00659	0.00659	0.00329	0.00329
20	0.01334	0.01073	0.01201	0.01140	0.01409	0.01120	0.00861	0.02292	0.25873	0.02778	0.23903	0.12282	0.16202	0.01497	0.00846	0.00254	0.00461	0.01290	0.03315	0.00869
21	0.01584	0.01501	0.05765	0.01385	0.01743	0.03570	0.01123	0.05978	0.31654	0.02851	0.13435	0.17423	0.06036	0.01384	0.00829	0.00260	0.00591	0.01190	0.00724	0.00974
22	0.00938	0.00678	0.00888	0.01030	0.01099	0.00627	0.00698	0.01096	0.01537	0.02054	0.10849	0.62533	0.08628	0.02268	0.00957	0.00298	0.00429	0.02047	0.00717	0.00627
23	0.01496	0.01385	0.02322	0.58775	0.14164	0.01659	0.02069	0.01987	0.01550	0.02055	0.01409	0.02037	0.01080	0.00752	0.00747	0.00245	0.00966	0.00676	0.03737	0.00888
24	0.01035	0.00738	0.00990	0.01135	0.01227	0.00707	0.00845	0.01245	0.01585	0.02112	0.10001	0.44024	0.04903	0.06023	0.01140	0.00337	0.00524	0.20086	0.00702	0.00641
25	0.78701	0.01467	0.01115	0.00997	0.01467	0.01702	0.00821	0.02230	0.01291	0.03403	0.01056	0.01232	0.00821	0.00704	0.00469	0.00235	0.00587	0.00411	0.00469	0.00821
26	0.05548	0.09222	0.60803	0.02035	0.03085	0.01855	0.02583	0.02383	0.01581	0.02406	0.01322	0.01552	0.00955	0.00714	0.00689	0.00234	0.01069	0.00541	0.00328	0.01094
27	0.78701	0.01467	0.01115	0.00997	0.01467	0.01702	0.00821	0.02230	0.01291	0.03403	0.01056	0.01232	0.00821	0.00704	0.00469	0.00235	0.00587	0.00411	0.00469	0.00821
28	0.01720	0.01917	0.04060	0.02953	0.03615	0.01859	0.56313	0.02294	0.01709	0.02341	0.01602	0.04212	0.01294	0.00987	0.04422	0.00310	0.06108	0.00914	0.00391	0.00980
29	0.01414	0.00707	0.00707	0.00707	0.00884	0.00707	0.00530	0.01767	0.01591	0.02828	0.02474	0.02828	0.01944	0.00884	0.00530	0.00177	0.00353	0.00707	0.77554	0.00707
30	0.02062	0.70851	0.03898	0.01325	0.01964	0.05829	0.01305	0.02303	0.01567	0.01788	0.01059	0.01223	0.00974	0.00655	0.00495	0.00164	0.00835	0.00409	0.00327	0.00969
31	0.00969	0.00767	0.00872	0.00855	0.01071	0.00670	0.00638	0.01226	0.01887	0.02445	0.31958	0.09246	0.41125	0.01790	0.00899	0.00251	0.00376	0.01531	0.00757	0.00670
32	0.01553	0.01314	0.01409	0.01291	0.01642	0.01441	0.00995	0.03007	0.43198	0.02932	0.15343	0.04190	0.15936	0.01293	0.00817	0.00254	0.00516	0.01091	0.00770	0.01007
33	0.01521	0.03923	0.69413	0.02162	0.03283	0.01762	0.02802	0.02402	0.01601	0.02402	0.01361	0.01601	0.00961	0.00721	0.00721	0.00240	0.01121	0.00560	0.00320	0.01121
34	0.26006	0.01502	0.01643	0.01320	0.01863	0.01547	0.01084	0.13192	0.06975	0.34091	0.02227	0.02071	0.01497	0.00870	0.00674	0.00235	0.00654	0.00651	0.00756	0.01142
35	0.01414	0.00707	0.00707	0.00707	0.00884	0.00707	0.00530	0.01767	0.01591	0.02828	0.02474	0.02828	0.01944	0.00884	0.00530	0.00177	0.00353	0.00707	0.77554	0.00707
36	0.00953	0.00694	0.00898	0.01009	0.01100	0.00639	0.00695	0.01137	0.01621	0.02176	0.17761	0.52947	0.11241	0.02164	0.00946	0.00289	0.00418	0.01943	0.00731	0.00639
37	0.01521	0.03923	0.69413	0.02162	0.03283	0.01762	0.02802	0.02402	0.01601	0.02402	0.01361	0.01601	0.00961	0.00721	0.00721	0.00240	0.01121	0.00560	0.00320	0.01121
38	0.51389	0.01556	0.01499	0.15636	0.02354	0.04277	0.01164	0.06349	0.01558	0.06365	0.01265	0.01504	0.00948	0.00743	0.00570	0.00237	0.00722	0.00503	0.00481	0.00881
39	0.01210	0.00869	0.01206	0.01374	0.01551	0.00865	0.01199	0.01554	0.01745	0.02262	0.04150	0.08510	0.06708	0.02089	0.01042	0.00346	0.00687	0.61238	0.00699	0.00696
40	0.01569	0.01529	0.02388	0.58080	0.14520	0.05137	0.02107	0.02051	0.01580	0.02014	0.01351	0.01968	0.01038	0.00747	0.00754	0.00246	0.01013	0.00665	0.00345	0.00898
41	0.03205	0.01265	0.01697	0.01305	0.01876	0.01089	0.01074	0.03504	0.02110	0.62242	0.02878	0.02540	0.01840	0.00916	0.00740	0.00225	0.00626	0.00743	0.04748	0.05375
42	0.72181	0.01593	0.04339	0.01192	0.04139	0.01708	0.00971	0.02241	0.01322	0.03321	0.01085	0.01274	0.00843	0.00704	0.00492	0.00235	0.00623	0.00428	0.00459	0.00850
43	0.06515	0.09882	0.54501	0.02085	0.03097	0.01880	0.07102	0.02381	0.01590	0.02413	0.01327	0.01576	0.00967	0.00707	0.00696	0.00234	0.01071	0.00561	0.00335	0.01082
44	0.01922	0.01610	0.02414	0.05658	0.30242	0.01665	0.04993	0.10329	0.10862	0.06158	0.09303	0.02931	0.02261	0.00962	0.00799	0.00243	0.00790	0.05177	0.00576	0.01105
45	0.01568	0.00875	0.00892	0.00837	0.01063	0.00906	0.00641	0.07718	0.04529	0.03020	0.02441	0.02736	0.01900	0.00892	0.00561	0.00185	0.00408	0.00711	0.67337	0.00781
46	0.01544	0.03763	0.63877	0.02250	0.03341	0.01775	0.08178	0.02404	0.01618	0.02404	0.01376	0.01639	0.00977	0.00714	0.00736	0.00242	0.01134	0.00589	0.00326	0.01113
47	0.00990	0.00749	0.00856	0.00875	0.01024	0.00679	0.00611	0.01164	0.01623	0.02093	0.17390	0.16117	0.30589	0.18458	0.01597	0.00374	0.00476	0.03049	0.00672	0.00611
48	0.01505	0.01376	0.02242	0.05291	0.02379	0.01419	0.19284	0.05439	0.13863	0.02461	0.02875	0.28227	0.02898	0.01441	0.00937	0.00279	0.02802	0.03786	0.00600	0.00894
49	0.00975	0.00724	0.00909	0.00963	0.01098	0.00658	0.00684	0.01203	0.01765	0.02372	0.28832	0.35141	0.17931	0.01980	0.00927	0.00272	0.00399	0.01756	0.00753	0.00658
50	0.02299	0.01876	0.02050	0.07600	0.04539	0.04742	0.01431	0.31297	0.25671	0.03670	0.02291	0.02488	0.01755	0.00982	0.00773	0.00244	0.00784	0.03632	0.00698	0.01175
51	0.01927	0.01343	0.01700	0.04243	0.01993	0.01195	0.02881	0.02440	0.08603	0.16146	0.02287	0.04812	0.04972	0.00862	0.00747	0.00185	0.03279	0.00707	0.00595	0.39082
52	0.01253	0.00827	0.01076	0.01066	0.01202	0.00822	0.00776	0.01433	0.01643	0.07151	0.20054	0.28109	0.10618	0.05168	0.01298	0.05713	0.05883	0.01477	0.03744	0.00686
53	0.18762	0.06685	0.08254	0.04740	0.11437	0.13019	0.04287	0.02448	0.06870	0.02599	0.06278	0.01923	0.01551	0.00786	0.00661	0.00216	0.00852	0.00614	0.00460	0.07556
54	0.13245	0.14449	0.04601	0.01839	0.05292	0.18436	0.04236	0.11078	0.05660	0.07407	0.01671	0.01885	0.01329	0.01113	0.04199	0.00288	0.01030	0.00620	0.00543	0.01075
55	0.33699	0.10143	0.01858	0.04139	0.04094	0.06189	0.01135	0.08804	0.01749	0.08640	0.03251	0.01843	0.03785	0.00834	0.00680	0.00224	0.03843	0.00574	0.00520	0.03997
56	0.02053	0.05319	0.05332	0.01606	0.04803	0.03970	0.01289	0.20521	0.09711	0.04995	0.01977	0.07798	0.01662	0.00943	0.00773	0.00209	0.03543	0.00746	0.03413	0.19339

[dist]
# distance from previous block
# <min> <max>
5	45

[block]
# block no. 5 follows, 26 sequences, length 69
# corresponding to MSA columns:
# 231-299
name=unknown_F
#
# <colnr> <probs for GDERKNQSTAVLIFYWHMCP>
#	G	D	E	R	K	N	Q	S	T	A	V	L	I	F	Y	W	H	M	C	P
0	0.04770	0.01451	0.03674	0.01219	0.01761	0.01267	0.00997	0.13299	0.04254	0.02879	0.01706	0.03880	0.01431	0.03319	0.00826	0.03382	0.00617	0.00611	0.08031	0.40627
1	0.04429	0.06366	0.04877	0.01494	0.01798	0.01157	0.12956	0.01546	0.01514	0.02070	0.03201	0.32351	0.07262	0.10249	0.01235	0.00332	0.00707	0.05158	0.00561	0.00736
2	0.01488	0.01099	0.01236	0.12521	0.01840	0.04691	0.00959	0.05566	0.01724	0.02547	0.05948	0.06472	0.08511	0.03798	0.00872	0.00238	0.03622	0.00889	0.35219	0.00759
3	0.01950	0.00958	0.01239	0.01085	0.01366	0.00883	0.00807	0.02151	0.01711	0.27627	0.10533	0.07867	0.08497	0.21487	0.08000	0.00468	0.00731	0.01076	0.00714	0.00850
4	0.01841	0.01535	0.01684	0.05303	0.02057	0.01739	0.01195	0.11335	0.45136	0.03174	0.06423	0.06526	0.06433	0.01145	0.00793	0.00255	0.00620	0.00960	0.00742	0.01106
5	0.01012	0.00744	0.00948	0.00958	0.01111	0.00680	0.00695	0.01290	0.01912	0.02627	0.43784	0.23514	0.14285	0.01814	0.00914	0.00259	0.00383	0.01607	0.00784	0.00680
6	0.01590	0.07779	0.54881	0.02231	0.03237	0.01877	0.10436	0.02375	0.01604	0.02346	0.01350	0.01635	0.00986	0.00730	0.00797	0.00241	0.03890	0.00597	0.00329	0.01089
7	0.00924	0.00660	0.00880	0.01056	0.01100	0.00616	0.00704	0.01056	0.01452	0.01936	0.04181	0.72848	0.05017	0.02376	0.00968	0.00308	0.00440	0.02156	0.00704	0.00616
8	0.05791	0.01835	0.03355	0.05501	0.09099	0.02024	0.32359	0.02186	0.01534	0.02261	0.01309	0.01856	0.01080	0.00884	0.01395	0.00278	0.25168	0.00762	0.00368	0.00956
9	0.02904	0.01758	0.02009	0.01577	0.02148	0.01851	0.01290	0.34653	0.13254	0.26724	0.02427	0.02245	0.01656	0.00939	0.00762	0.00235	0.00732	0.00738	0.00823	0.01276
10	0.01091	0.00730	0.00826	0.00838	0.00856	0.00722	0.00483	0.01117	0.01165	0.01562	0.02721	0.09859	0.05382	0.63646	0.03453	0.00672	0.00691	0.01187	0.02515	0.00484
11	0.02038	0.01705	0.01800	0.01574	0.02030	0.01957	0.01237	0.13445	0.57580	0.03417	0.02895	0.02677	0.02160	0.01011	0.00770	0.00253	0.00636	0.00831	0.00770	0.01214
12	0.01693	0.01385	0.01614	0.01161	0.01829	0.01081	0.00932	0.05178	0.01691	0.04569	0.01421	0.01615	0.01154	0.00590	0.00578	0.00122	0.00578	0.00470	0.00479	0.71858
13	0.78701	0.01467	0.01115	0.00997	0.01467	0.01702	0.00821	0.02230	0.01291	0.03403	0.01056	0.01232	0.00821	0.00704	0.00469	0.00235	0.00587	0.00411	0.00469	0.00821
14	0.01718	0.01669	0.02942	0.10947	0.42326	0.01707	0.11838	0.02151	0.01643	0.02304	0.01607	0.05450	0.01439	0.05125	0.01035	0.00271	0.03581	0.00804	0.00392	0.01051
15	0.01521	0.03923	0.69413	0.02162	0.03283	0.01762	0.02802	0.02402	0.01601	0.02402	0.01361	0.01601	0.00961	0.00721	0.00721	0.00240	0.01121	0.00560	0.00320	0.01121
16	0.02834	0.02096	0.02250	0.01722	0.02332	0.02302	0.01421	0.63686	0.03492	0.04694	0.01803	0.01812	0.01284	0.00898	0.00751	0.00223	0.00824	0.00674	0.00747	0.04154
17	0.01318	0.00659	0.00988	0.00988	0.00988	0.00659	0.00659	0.00988	0.00988	0.01318	0.01318	0.02306	0.01318	0.02635	0.02964	0.77931	0.00659	0.00659	0.00329	0.00329
18	0.01609	0.03309	0.48177	0.02500	0.03506	0.01813	0.23423	0.02411	0.01663	0.02411	0.01418	0.01747	0.01023	0.00694	0.00778	0.00245	0.01173	0.00670	0.00341	0.01089
19	0.01178	0.00841	0.01171	0.01346	0.01501	0.00835	0.01145	0.01494	0.01702	0.02220	0.04041	0.18175	0.04463	0.02137	0.01036	0.00343	0.00660	0.54328	0.00699	0.00686
20	0.02497	0.01851	0.02006	0.01617	0.02150	0.02036	0.01306	0.40450	0.21156	0.07347	0.02324	0.05336	0.01769	0.00999	0.00765	0.00236	0.00732	0.00794	0.00758	0.03870
21	0.02162	0.01345	0.01620	0.01246	0.01813	0.01158	0.00998	0.10346	0.01983	0.21257	0.02350	0.08798	0.04030	0.00928	0.00692	0.00184	0.00602	0.00766	0.00657	0.37063
22	0.34709	0.06296	0.12791	0.01328	0.01942	0.01676	0.01272	0.07116	0.03586	0.13253	0.01590	0.01670	0.01154	0.00763	0.00594	0.00222	0.00706	0.00536	0.03578	0.05220
23	0.01578	0.11749	0.62084	0.02065	0.03133	0.01900	0.02634	0.02387	0.01595	0.02333	0.01327	0.01558	0.00962	0.00713	0.00694	0.00231	0.01086	0.00543	0.00321	0.01104
24	0.01853	0.01777	0.03034	0.08370	0.65091	0.01796	0.02316	0.02306	0.01715	0.02448	0.01422	0.01885	0.01191	0.00680	0.00751	0.00227	0.00907	0.00676	0.00373	0.01182
25	0.01479	0.00810	0.01129	0.01136	0.01166	0.00781	0.00772	0.01163	0.01167	0.01573	0.01746	0.05533	0.01781	0.02659	0.02795	0.68626	0.00711	0.04080	0.00426	0.00465
26	0.09710	0.15266	0.17680	0.01689	0.02370	0.06027	0.05481	0.05605	0.13007	0.13258	0.01851	0.01885	0.01354	0.00801	0.00679	0.00225	0.00860	0.00622	0.00539	0.01093
27	0.01318	0.00659	0.00988	0.00988	0.00988	0.00659	0.00659	0.00988	0.00988	0.01318	0.01318	0.02306	0.01318	0.02635	0.02964	0.77931	0.00659	0.00659	0.00329	0.00329
28	0.01064	0.00775	0.01000	0.00944	0.01127	0.00712	0.00708	0.01413	0.02124	0.02987	0.64895	0.05755	0.10507	0.01571	0.00895	0.00240	0.00359	0.01384	0.00828	0.00712
29	0.01603	0.01492	0.02557	0.12942	0.36963	0.01523	0.07143	0.02024	0.01674	0.02306	0.02120	0.11159	0.02073	0.01088	0.00832	0.00259	0.00864	0.09927	0.00456	0.00996
30	0.06365	0.02035	0.02102	0.01651	0.02212	0.05511	0.01350	0.50940	0.05654	0.07948	0.05191	0.02043	0.01617	0.00933	0.00749	0.00228	0.00806	0.00706	0.00741	0.01215
31	0.01548	0.01505	0.02106	0.01848	0.01860	0.02063	0.01517	0.01716	0.01197	0.01835	0.01405	0.09728	0.01492	0.01661	0.05670	0.00373	0.60461	0.00839	0.00377	0.00798
32	0.01836	0.01760	0.03005	0.10814	0.62774	0.01791	0.02307	0.02292	0.01708	0.02428	0.01420	0.01891	0.01184	0.00683	0.00752	0.00228	0.00911	0.00676	0.00372	0.01168
33	0.01749	0.07774	0.33535	0.02696	0.10537	0.05509	0.22630	0.02427	0.01700	0.02349	0.01393	0.01735	0.01049	0.00688	0.00762	0.00236	0.01139	0.00665	0.00350	0.01076
34	0.01649	0.01593	0.05666	0.57313	0.07308	0.01735	0.02077	0.02160	0.04102	0.02236	0.01650	0.02300	0.01283	0.00888	0.00818	0.00279	0.01012	0.00731	0.04232	0.00968
35	0.78701	0.01467	0.01115	0.00997	0.01467	0.01702	0.00821	0.02230	0.01291	0.03403	0.01056	0.01232	0.00821	0.00704	0.00469	0.00235	0.00587	0.00411	0.00469	0.00821
36	0.65036	0.01559	0.01294	0.01121	0.01606	0.01794	0.00920	0.10425	0.05053	0.03566	0.01260	0.01391	0.00960	0.00747	0.00522	0.00235	0.00619	0.00469	0.00522	0.00901
37	0.08331	0.04370	0.13210	0.01717	0.02228	0.01346	0.16417	0.01920	0.01834	0.02709	0.28283	0.06124	0.03744	0.01140	0.00821	0.00246	0.00753	0.03352	0.00582	0.00869
38	0.01440	0.01326	0.02232	0.65775	0.06925	0.01635	0.02037	0.01900	0.01495	0.01922	0.01349	0.02033	0.01033	0.00855	0.00874	0.04343	0.00989	0.00673	0.00338	0.00826
39	0.01103	0.00735	0.00827	0.00827	0.00827	0.00735	0.00460	0.01103	0.01103	0.01471	0.02390	0.04964	0.02758	0.73343	0.03861	0.00735	0.00735	0.01103	0.00460	0.00460
40	0.16483	0.01382	0.02033	0.48021	0.07146	0.01682	0.01782	0.01985	0.01494	0.02293	0.04292	0.02008	0.01260	0.00808	0.00793	0.00251	0.04399	0.00654	0.00387	0.00849
41	0.02585	0.06219	0.02469	0.02195	0.13427	0.04438	0.04409	0.33102	0.05365	0.12951	0.01962	0.04094	0.01477	0.00892	0.00752	0.00228	0.00835	0.00731	0.00663	0.01206
42	0.72035	0.01550	0.03707	0.01059	0.01558	0.01674	0.00910	0.02310	0.01347	0.06659	0.01165	0.01314	0.00880	0.00716	0.00494	0.00235	0.00610	0.00434	0.00487	0.00856
43	0.02058	0.71179	0.03907	0.01322	0.01962	0.05514	0.01304	0.02300	0.01564	0.01787	0.01059	0.01222	0.00974	0.00654	0.00494	0.00163	0.00832	0.00409	0.00327	0.00970
44	0.01037	0.00771	0.00971	0.00967	0.01148	0.00705	0.00732	0.01339	0.01960	0.02667	0.44159	0.12827	0.18835	0.01754	0.00916	0.00259	0.00402	0.07078	0.00784	0.00689
45	0.01318	0.00659	0.00988	0.00988	0.00988	0.00659	0.00659	0.00988	0.00988	0.01318	0.01318	0.02306	0.01318	0.02635	0.02964	0.77931	0.00659	0.00659	0.00329	0.00329
46	0.78701	0.01467	0.01115	0.00997	0.01467	0.01702	0.00821	0.02230	0.01291	0.03403	0.01056	0.01232	0.00821	0.00704	0.00469	0.00235	0.00587	0.00411	0.00469	0.00821
47	0.03403	0.01291	0.01760	0.01350	0.01936	0.01115	0.01115	0.03697	0.02171	0.69137	0.02992	0.02582	0.01878	0.00939	0.00763	0.00235	0.00645	0.00763	0.00939	0.01291
48	0.06651	0.01432	0.01776	0.01410	0.01961	0.01381	0.01161	0.12607	0.08231	0.47684	0.02786	0.02700	0.01894	0.00984	0.00762	0.00241	0.00668	0.03572	0.00864	0.01234
49	0.01985	0.62705	0.03955	0.01537	0.02169	0.02852	0.08370	0.02268	0.01551	0.01857	0.01104	0.01327	0.00994	0.00678	0.00622	0.00180	0.04070	0.00471	0.00331	0.00972
50	0.02464	0.01720	0.01828	0.01449	0.01933	0.01882	0.01181	0.47709	0.03002	0.04223	0.02008	0.02109	0.01477	0.00903	0.00693	0.00213	0.00697	0.00690	0.22698	0.01123
51	0.01084	0.00813	0.01219	0.01219	0.01354	0.00948	0.00948	0.01354	0.01219	0.01761	0.02032	0.02980	0.01896	0.05689	0.70337	0.01219	0.02032	0.00813	0.00406	0.00677
52	0.10269	0.01718	0.01782	0.01420	0.01910	0.01892	0.01160	0.44152	0.02861	0.04172	0.01900	0.02002	0.01399	0.00883	0.00674	0.00216	0.00694	0.00661	0.19134	0.01102
53	0.01475	0.01322	0.02200	0.55399	0.09623	0.01577	0.03678	0.01961	0.01550	0.02107	0.01502	0.02114	0.01148	0.00764	0.00733	0.00241	0.00926	0.00684	0.10138	0.00859
54	0.03403	0.01291	0.01760	0.01350	0.01936	0.01115	0.01115	0.03697	0.02171	0.69137	0.02992	0.02582	0.01878	0.00939	0.00763	0.00235	0.00645	0.00763	0.00939	0.01291
55	0.00975	0.00710	0.00923	0.01035	0.01136	0.00658	0.00735	0.01174	0.01640	0.02193	0.17218	0.48102	0.11525	0.02146	0.00953	0.00292	0.00439	0.06771	0.00730	0.00645
56	0.01807	0.01731	0.02952	0.15169	0.58645	0.01784	0.02293	0.02267	0.01694	0.02393	0.01414	0.01900	0.01172	0.00689	0.00752	0.00230	0.00918	0.00676	0.00369	0.01145
57	0.00924	0.00660	0.00880	0.01056	0.01100	0.00616	0.00704	0.01056	0.01452	0.01936	0.04181	0.72848	0.05017	0.02376	0.00968	0.00308	0.00440	0.02156	0.00704	0.00616
58	0.01123	0.00727	0.00959	0.01051	0.01162	0.00668	0.00730	0.01303	0.01620	0.06922	0.13914	0.55094	0.07589	0.02131	0.00940	0.00290	0.00440	0.01916	0.00741	0.00680
59	0.01054	0.00790	0.00843	0.00826	0.01074	0.00673	0.00613	0.01247	0.01728	0.05737	0.09851	0.10133	0.55365	0.05401	0.01039	0.00280	0.00417	0.01547	0.00711	0.00669
60	0.01897	0.01615	0.01726	0.01489	0.01968	0.01777	0.01167	0.07404	0.53092	0.03159	0.02738	0.02572	0.02066	0.00948	0.00738	0.00233	0.00608	0.00783	0.00720	0.13301
61	0.00923	0.00664	0.00876	0.01045	0.01097	0.00617	0.00699	0.01057	0.01463	0.01941	0.04319	0.70262	0.07514	0.02358	0.00965	0.00306	0.00438	0.02134	0.00704	0.00617
62	0.01814	0.01601	0.02157	0.07521	0.20646	0.07057	0.05851	0.08060	0.04509	0.02603	0.01792	0.02211	0.01450	0.01320	0.08056	0.00326	0.03754	0.00704	0.17602	0.00966
63	0.44728	0.05185	0.07557	0.05019	0.01823	0.04128	0.01097	0.02060	0.01486	0.02912	0.08783	0.08743	0.01960	0.00964	0.00612	0.00239	0.00660	0.00716	0.00501	0.00828
64	0.13229	0.01517	0.05194	0.04584	0.04296	0.01740	0.03700	0.01805	0.01324	0.02180	0.01788	0.09773	0.03873	0.05664	0.01694	0.00316	0.32322	0.00852	0.03343	0.00807
65	0.07733	0.01526	0.06967	0.04311	0.05106	0.04543	0.01163	0.02281	0.17175	0.02648	0.15128	0.06300	0.13064	0.03184	0.00859	0.00252	0.00627	0.01004	0.00626	0.05503
66	0.14039	0.01594	0.04604	0.31052	0.13390	0.04431	0.01721	0.02300	0.04674	0.08092	0.01529	0.01935	0.01161	0.00877	0.00840	0.04883	0.00874	0.00636	0.00438	0.00931
67	0.19672	0.08518	0.17210	0.08091	0.02337	0.01593	0.01502	0.02403	0.04137	0.12875	0.07419	0.04985	0.01934	0.00945	0.00690	0.00239	0.00759	0.03176	0.00542	0.00971
68	0.02001	0.04946	0.16305	0.04496	0.18394	0.04386	0.01750	0.02466	0.01864	0.17091	0.12550	0.04266	0.02403	0.00968	0.00770	0.00235	0.00808	0.02663	0.00575	0.01064

[dist]
# distance from previous block
# <min> <max>
2	68

[block]
# block no. 6 follows, 26 sequences, length 114
# corresponding to MSA columns:
# 369-482
name=unknown_G
#
# <colnr> <probs for GDERKNQSTAVLIFYWHMCP>
#	G	D	E	R	K	N	Q	S	T	A	V	L	I	F	Y	W	H	M	C	P
0	0.08691	0.15263	0.11294	0.01888	0.11211	0.01888	0.01518	0.11185	0.06518	0.10655	0.01713	0.01822	0.01292	0.00766	0.00651	0.00208	0.00771	0.00593	0.04073	0.08001
1	0.01805	0.10559	0.25344	0.02190	0.12412	0.04617	0.04166	0.05081	0.06413	0.05550	0.04944	0.06826	0.01739	0.00892	0.00729	0.00227	0.00891	0.00748	0.00470	0.04397
2	0.02032	0.05477	0.12536	0.02039	0.02677	0.04842	0.17679	0.13301	0.16680	0.05533	0.02065	0.02373	0.01585	0.00872	0.00776	0.00242	0.00924	0.03313	0.03958	0.01096
3	0.10382	0.07644	0.05398	0.03886	0.04751	0.01630	0.10041	0.04861	0.09348	0.02620	0.08263	0.11149	0.02278	0.01054	0.00846	0.00237	0.05120	0.00898	0.00532	0.09061
4	0.01886	0.04340	0.09031	0.01950	0.02416	0.05146	0.16677	0.10678	0.01861	0.05195	0.01819	0.07395	0.01548	0.01000	0.01080	0.00250	0.14148	0.00818	0.11806	0.00956
5	0.08920	0.01025	0.01212	0.01233	0.03720	0.01049	0.00884	0.06156	0.04598	0.05473	0.12381	0.27157	0.14991	0.01820	0.03317	0.00301	0.02880	0.01415	0.00681	0.00786
6	0.01589	0.01291	0.01623	0.01203	0.01804	0.01010	0.03937	0.01927	0.01656	0.05772	0.06535	0.04398	0.04619	0.00769	0.00638	0.00146	0.00574	0.00654	0.00517	0.59339
7	0.02296	0.01801	0.01930	0.01560	0.02094	0.01962	0.01257	0.34232	0.25716	0.03835	0.02508	0.02422	0.04948	0.00966	0.00749	0.00227	0.00701	0.00765	0.00728	0.09303
8	0.06061	0.09562	0.26094	0.03619	0.02490	0.04621	0.01758	0.06231	0.01901	0.22361	0.04608	0.02019	0.01511	0.00822	0.00702	0.00225	0.00866	0.00635	0.00565	0.03348
9	0.11147	0.16369	0.20049	0.08911	0.07760	0.10361	0.01811	0.06156	0.01748	0.02449	0.03867	0.01691	0.01234	0.00772	0.00702	0.00221	0.02794	0.00566	0.00400	0.00992
10	0.01652	0.03407	0.49669	0.02524	0.07945	0.04655	0.14650	0.02428	0.01669	0.02390	0.01391	0.01695	0.01014	0.00705	0.00754	0.00240	0.01146	0.00629	0.00339	0.01098
11	0.01047	0.00775	0.01072	0.01091	0.01213	0.00829	0.00808	0.01273	0.01381	0.01918	0.10046	0.14077	0.07987	0.11555	0.40386	0.00855	0.01356	0.01161	0.00525	0.00647
12	0.01751	0.01716	0.02584	0.30575	0.29878	0.06960	0.04699	0.02280	0.04483	0.02260	0.01498	0.01986	0.01187	0.00739	0.00746	0.00234	0.00959	0.00679	0.03782	0.01005
13	0.05215	0.01508	0.01696	0.06471	0.04381	0.01678	0.01211	0.11380	0.34869	0.06417	0.04955	0.03038	0.08424	0.01058	0.00760	0.00246	0.00633	0.00871	0.04102	0.01086
14	0.01215	0.00973	0.01188	0.01271	0.05004	0.00962	0.00909	0.01787	0.12382	0.02494	0.20274	0.10617	0.21768	0.05095	0.01038	0.00291	0.00509	0.10728	0.00716	0.00779
15	0.01803	0.01726	0.02944	0.15897	0.57955	0.01783	0.02291	0.02262	0.01692	0.02387	0.01414	0.01902	0.01169	0.00690	0.00752	0.00230	0.00920	0.00676	0.00369	0.01141
16	0.03257	0.01444	0.01845	0.01424	0.02008	0.01353	0.01173	0.14198	0.04939	0.55749	0.02799	0.02463	0.01796	0.00938	0.00762	0.00234	0.00675	0.00753	0.00902	0.01287
17	0.01676	0.06171	0.60397	0.02090	0.03143	0.01864	0.02614	0.08793	0.01797	0.02619	0.01397	0.01610	0.00994	0.00737	0.00716	0.00236	0.01081	0.00567	0.00364	0.01133
18	0.00931	0.00666	0.00886	0.01051	0.01102	0.00621	0.00705	0.01074	0.01485	0.01988	0.07197	0.69683	0.05118	0.02337	0.00965	0.00305	0.00436	0.02119	0.00710	0.00621
19	0.01608	0.01583	0.02224	0.01922	0.01934	0.02199	0.01595	0.01783	0.01167	0.01820	0.01089	0.01779	0.01077	0.01721	0.08607	0.00412	0.65650	0.00677	0.00339	0.00816
20	0.02789	0.01939	0.02100	0.01624	0.02192	0.02118	0.01337	0.55920	0.03291	0.09162	0.01962	0.01965	0.01390	0.00910	0.00739	0.00224	0.00778	0.00691	0.07632	0.01238
21	0.02833	0.03615	0.02149	0.01954	0.02345	0.70298	0.01466	0.03029	0.02149	0.01856	0.01172	0.01368	0.00977	0.00782	0.00684	0.00195	0.01368	0.00489	0.00391	0.00879
22	0.00956	0.00683	0.00916	0.01092	0.01150	0.00643	0.00759	0.01111	0.01483	0.01972	0.04163	0.66043	0.04948	0.02347	0.00977	0.00312	0.00467	0.08650	0.00704	0.00625
23	0.02905	0.02090	0.02255	0.01729	0.02335	0.02302	0.01428	0.63528	0.03509	0.07416	0.01869	0.01852	0.01314	0.00912	0.00759	0.00228	0.00827	0.00686	0.00766	0.01290
24	0.00924	0.00660	0.00880	0.01056	0.01100	0.00616	0.00704	0.01056	0.01452	0.01936	0.04181	0.72848	0.05017	0.02376	0.00968	0.00308	0.00440	0.02156	0.00704	0.00616
25	0.01414	0.00707	0.00707	0.00707	0.00884	0.00707	0.00530	0.01767	0.01591	0.02828	0.02474	0.02828	0.01944	0.00884	0.00530	0.00177	0.00353	0.00707	0.77554	0.00707
26	0.01790	0.02046	0.04476	0.03197	0.03964	0.01918	0.65857	0.02430	0.01790	0.02430	0.01535	0.02046	0.01151	0.00639	0.00895	0.00256	0.01279	0.00895	0.00384	0.01023
27	0.00936	0.00674	0.00891	0.01059	0.01118	0.00628	0.00722	0.01080	0.01477	0.01956	0.04320	0.67273	0.07634	0.02345	0.00969	0.00308	0.00449	0.04838	0.00704	0.00621
28	0.01815	0.01739	0.02966	0.14031	0.59724	0.01786	0.02297	0.02273	0.01698	0.02402	0.01416	0.01898	0.01175	0.00687	0.00752	0.00229	0.00917	0.00676	0.00370	0.01151
29	0.01019	0.00731	0.00949	0.01085	0.01159	0.00699	0.00738	0.04062	0.01572	0.02103	0.06158	0.67389	0.04915	0.02282	0.00956	0.00302	0.00456	0.02063	0.00711	0.00650
30	0.36432	0.02510	0.01768	0.01755	0.07492	0.34124	0.01252	0.02615	0.01733	0.02595	0.01142	0.01350	0.00927	0.00738	0.00594	0.00215	0.00982	0.00470	0.00424	0.00881
31	0.01749	0.01980	0.04304	0.03094	0.03827	0.01856	0.62738	0.02364	0.01774	0.02406	0.01661	0.05435	0.01336	0.00723	0.00899	0.00258	0.01239	0.00956	0.00399	0.01004
32	0.01432	0.01174	0.01412	0.01109	0.01619	0.00924	0.00856	0.01695	0.01505	0.02289	0.01836	0.13229	0.01800	0.01199	0.03839	0.04577	0.00612	0.00754	0.00482	0.57657
33	0.08992	0.04842	0.25993	0.01910	0.05226	0.01726	0.05361	0.08971	0.01898	0.16970	0.04496	0.01997	0.01459	0.00854	0.00846	0.00241	0.05915	0.00662	0.00538	0.01103
34	0.01587	0.01508	0.02576	0.41854	0.28727	0.01691	0.03789	0.02060	0.01600	0.02153	0.01498	0.04869	0.01250	0.00791	0.00768	0.00245	0.00954	0.00741	0.00368	0.00972
35	0.03357	0.01365	0.01806	0.01385	0.01973	0.01225	0.01144	0.09269	0.02296	0.63388	0.02888	0.02514	0.01825	0.00936	0.00762	0.00234	0.00662	0.00756	0.00923	0.01291
36	0.01617	0.01537	0.02609	0.43759	0.31542	0.01734	0.02198	0.02100	0.01604	0.02162	0.01381	0.01962	0.01090	0.00724	0.00755	0.00241	0.00965	0.00675	0.00353	0.00992
37	0.06623	0.17852	0.04993	0.01372	0.01859	0.01723	0.01212	0.02749	0.07002	0.25914	0.11739	0.02537	0.02297	0.00985	0.00870	0.00230	0.07594	0.00740	0.00660	0.01049
38	0.02747	0.02111	0.02125	0.01668	0.02219	0.07401	0.01361	0.55460	0.03280	0.04381	0.01830	0.01877	0.01325	0.00898	0.00732	0.00221	0.00832	0.00670	0.07655	0.01206
39	0.06849	0.01552	0.01886	0.01453	0.02040	0.01518	0.01200	0.22539	0.02552	0.46481	0.02545	0.02287	0.01649	0.00919	0.00748	0.00233	0.00700	0.00722	0.00862	0.01268
40	0.02607	0.01434	0.01757	0.01522	0.05061	0.01412	0.01162	0.16703	0.09320	0.32924	0.03365	0.06068	0.10963	0.01125	0.00789	0.00241	0.00649	0.00926	0.00813	0.01159
41	0.01846	0.01830	0.03019	0.14352	0.51792	0.04731	0.06756	0.02307	0.01719	0.02368	0.01412	0.01889	0.01160	0.00690	0.00759	0.00230	0.00964	0.00683	0.00371	0.01122
42	0.03374	0.01338	0.01789	0.01372	0.01960	0.01185	0.01133	0.07211	0.02250	0.65511	0.02926	0.02539	0.01844	0.00937	0.00763	0.00234	0.00656	0.00758	0.00929	0.01291
43	0.01838	0.01587	0.01668	0.01505	0.01926	0.01825	0.01170	0.03885	0.64001	0.03117	0.03315	0.03051	0.05579	0.01073	0.00778	0.00257	0.00590	0.00894	0.00768	0.01173
44	0.01773	0.02360	0.24725	0.04337	0.03152	0.01590	0.26964	0.02378	0.01722	0.10444	0.02002	0.11383	0.01687	0.00937	0.00828	0.00255	0.01031	0.00932	0.00472	0.01028
45	0.00923	0.00665	0.00876	0.01044	0.01097	0.00617	0.00699	0.01057	0.01464	0.01941	0.04324	0.70164	0.07608	0.02358	0.00965	0.00306	0.00438	0.02134	0.00704	0.00617
46	0.01828	0.30050	0.38911	0.01820	0.02699	0.08348	0.02120	0.02409	0.01628	0.02122	0.01230	0.01437	0.00967	0.00699	0.00630	0.00207	0.01027	0.00496	0.00328	0.01044
47	0.01573	0.01348	0.01573	0.01123	0.01798	0.01011	0.00899	0.01910	0.01573	0.02472	0.01348	0.01573	0.01123	0.00562	0.00562	0.00112	0.00562	0.00449	0.00449	0.77980
48	0.31561	0.01722	0.01918	0.01766	0.07931	0.06889	0.07646	0.08359	0.07165	0.10895	0.01757	0.04304	0.01367	0.00838	0.00658	0.00235	0.00763	0.00661	0.02565	0.00999
49	0.26605	0.01829	0.01723	0.01423	0.01903	0.08428	0.01154	0.23249	0.04172	0.11761	0.03934	0.01874	0.01424	0.00878	0.00730	0.00231	0.03714	0.00617	0.03308	0.01042
50	0.02299	0.01453	0.04578	0.01364	0.01843	0.01357	0.01126	0.08331	0.19473	0.26221	0.06055	0.06872	0.04914	0.03645	0.00879	0.00256	0.00626	0.00908	0.03009	0.04793
51	0.01877	0.01802	0.03079	0.04656	0.68612	0.01802	0.02328	0.02328	0.01727	0.02478	0.01427	0.01877	0.01201	0.00676	0.00751	0.00225	0.00901	0.00676	0.00375	0.01201
52	0.06028	0.01319	0.01751	0.01348	0.01931	0.01168	0.01113	0.05287	0.02177	0.65140	0.02894	0.02514	0.01825	0.00930	0.00752	0.00235	0.00648	0.00748	0.00918	0.01274
53	0.01318	0.00659	0.00988	0.00988	0.00988	0.00659	0.00659	0.00988	0.00988	0.01318	0.01318	0.02306	0.01318	0.02635	0.02964	0.77931	0.00659	0.00659	0.00329	0.00329
54	0.01085	0.00807	0.01191	0.01191	0.01317	0.00933	0.00914	0.01337	0.01211	0.01740	0.02057	0.03120	0.01957	0.10479	0.65631	0.01185	0.01940	0.00833	0.00410	0.00662
55	0.01449	0.01380	0.02376	0.68375	0.05166	0.01696	0.05041	0.01961	0.01529	0.01961	0.01357	0.02023	0.01018	0.00753	0.00765	0.00253	0.01023	0.00684	0.00339	0.00851
56	0.00966	0.00710	0.00954	0.01108	0.01154	0.00698	0.00762	0.01106	0.01449	0.01942	0.04037	0.67671	0.04821	0.02322	0.01037	0.00310	0.03545	0.04091	0.00688	0.00628
57	0.78701	0.01467	0.01115	0.00997	0.01467	0.01702	0.00821	0.02230	0.01291	0.03403	0.01056	0.01232	0.00821	0.00704	0.00469	0.00235	0.00587	0.00411	0.00469	0.00821
58	0.01715	0.01906	0.04067	0.06366	0.06068	0.01811	0.55985	0.02305	0.01751	0.02373	0.01709	0.07052	0.01420	0.00769	0.00889	0.00258	0.01193	0.00966	0.00404	0.00992
59	0.03403	0.01291	0.01760	0.01350	0.01936	0.01115	0.01115	0.03697	0.02171	0.69137	0.02992	0.02582	0.01878	0.00939	0.00763	0.00235	0.00645	0.00763	0.00939	0.01291
60	0.01620	0.01060	0.00919	0.00877	0.01093	0.07766	0.00663	0.04653	0.01732	0.02814	0.02316	0.02638	0.01819	0.00875	0.00555	0.00181	0.00476	0.00684	0.66511	0.00749
61	0.01572	0.01573	0.05388	0.02160	0.04602	0.01442	0.27364	0.09546	0.01892	0.02567	0.05687	0.27241	0.02818	0.01335	0.00893	0.00268	0.00866	0.01319	0.00561	0.00906
