[name]
unknown

[dist]
# distance from previous block
# <min> <max>
2	74

[block]
# block no. 0 follows, 22 sequences, length 15
# corresponding to MSA columns:
# 77-91
name=unknown_A
#
# <colnr> <probs for GDERKNQSTAVLIFYWHMCP>
#	G	D	E	R	K	N	Q	S	T	A	V	L	I	F	Y	W	H	M	C	P
0	0.06338	0.01927	0.07673	0.26501	0.10277	0.01917	0.11515	0.02581	0.09350	0.02604	0.01712	0.02168	0.01318	0.00847	0.00915	0.00266	0.04539	0.00756	0.00455	0.06340
1	0.21474	0.01783	0.10062	0.19649	0.03038	0.01630	0.01643	0.05060	0.01799	0.09914	0.02176	0.09952	0.01919	0.01142	0.00792	0.00281	0.00854	0.05268	0.00572	0.00994
2	0.05451	0.01945	0.02176	0.26605	0.03488	0.11396	0.01696	0.08509	0.10018	0.05674	0.02173	0.02459	0.04870	0.00984	0.00899	0.00259	0.04488	0.00767	0.00550	0.05593
3	0.06662	0.01451	0.02011	0.14428	0.05909	0.01669	0.01535	0.02411	0.05443	0.12183	0.08020	0.08800	0.02499	0.01305	0.01288	0.00295	0.16484	0.03593	0.00614	0.03398
4	0.01534	0.05200	0.07341	0.12732	0.02847	0.01654	0.11787	0.01924	0.01635	0.02266	0.02506	0.24495	0.02613	0.01493	0.01221	0.00302	0.12411	0.01288	0.03855	0.00896
5	0.06711	0.02085	0.02186	0.11140	0.18822	0.18961	0.01677	0.02351	0.01954	0.02453	0.06225	0.09641	0.06961	0.01207	0.00846	0.00262	0.00977	0.04037	0.00528	0.00976
6	0.02213	0.01672	0.01877	0.01580	0.02023	0.01807	0.01240	0.29770	0.10623	0.03694	0.02577	0.12259	0.02325	0.06835	0.09726	0.00437	0.00960	0.01035	0.00726	0.06623
7	0.36941	0.05380	0.01624	0.01303	0.01800	0.01827	0.01059	0.03055	0.19430	0.09444	0.05666	0.02550	0.04843	0.01004	0.00686	0.00261	0.00643	0.00741	0.00682	0.01061
8	0.01239	0.00931	0.01197	0.01264	0.01472	0.00871	0.00977	0.01597	0.04211	0.02498	0.11898	0.30691	0.08812	0.02114	0.01020	0.00315	0.00572	0.19416	0.00762	0.08141
9	0.01427	0.00979	0.01190	0.01231	0.01436	0.00989	0.00973	0.04529	0.06119	0.02794	0.11573	0.14470	0.06561	0.06174	0.01154	0.00333	0.00594	0.20768	0.15900	0.00805
10	0.01529	0.01425	0.02144	0.24594	0.03204	0.03718	0.06132	0.01918	0.01755	0.02377	0.15519	0.09651	0.03078	0.03465	0.03804	0.00347	0.12850	0.01087	0.00537	0.00864
11	0.01054	0.00744	0.00963	0.01110	0.01159	0.00702	0.00729	0.01190	0.01575	0.02111	0.07899	0.55966	0.05236	0.13546	0.01566	0.00408	0.00529	0.02124	0.00737	0.00654
12	0.01060	0.00729	0.00969	0.01132	0.01173	0.00688	0.00747	0.01155	0.01523	0.02030	0.04191	0.60211	0.04998	0.07723	0.01465	0.06173	0.00525	0.02149	0.00720	0.00638
13	0.01211	0.00869	0.01065	0.01063	0.01103	0.00902	0.00689	0.01312	0.01463	0.02004	0.12822	0.16923	0.04094	0.42666	0.03037	0.00604	0.05530	0.01428	0.00607	0.00607
14	0.01076	0.00760	0.00979	0.01092	0.01156	0.00717	0.00724	0.01237	0.01652	0.02236	0.14664	0.47350	0.05445	0.14938	0.01627	0.00410	0.00526	0.02002	0.00747	0.00662

[dist]
# distance from previous block
# <min> <max>
0	1

[block]
# block no. 1 follows, 22 sequences, length 7
# corresponding to MSA columns:
# 93-99
name=unknown_B
#
# <colnr> <probs for GDERKNQSTAVLIFYWHMCP>
#	G	D	E	R	K	N	Q	S	T	A	V	L	I	F	Y	W	H	M	C	P
0	0.01771	0.01182	0.01406	0.01350	0.01607	0.01216	0.00986	0.09278	0.12902	0.09829	0.03730	0.36643	0.03873	0.08602	0.01278	0.00354	0.00620	0.01640	0.00794	0.00940
1	0.02458	0.01287	0.01552	0.01303	0.01715	0.01260	0.01023	0.11855	0.05377	0.24990	0.11560	0.07751	0.03077	0.05650	0.01037	0.00286	0.00623	0.01030	0.15070	0.01095
2	0.01406	0.00979	0.01176	0.01111	0.01318	0.00946	0.00816	0.06620	0.02087	0.04865	0.28560	0.09951	0.13300	0.17410	0.01714	0.00398	0.00573	0.05215	0.00781	0.00774
3	0.14312	0.01158	0.01267	0.01149	0.01492	0.01164	0.00890	0.05296	0.05650	0.11153	0.20615	0.10782	0.12770	0.01473	0.00843	0.00265	0.00529	0.01228	0.07041	0.00923
4	0.01861	0.01378	0.01643	0.04067	0.01965	0.01332	0.01104	0.12423	0.07933	0.06778	0.10905	0.19474	0.03337	0.01391	0.00852	0.00244	0.00633	0.01199	0.00732	0.20750
5	0.02763	0.01912	0.02113	0.01660	0.02235	0.02039	0.01353	0.41005	0.06026	0.10303	0.09585	0.02663	0.02306	0.01067	0.00824	0.00243	0.00777	0.00841	0.05139	0.05145
6	0.04674	0.01399	0.01621	0.04646	0.01911	0.04712	0.04565	0.12094	0.02150	0.09023	0.02532	0.08274	0.02087	0.01328	0.03881	0.00287	0.00757	0.00900	0.32191	0.00969

[dist]
# distance from previous block
# <min> <max>
0	1

[block]
# block no. 2 follows, 22 sequences, length 11
# corresponding to MSA columns:
# 101-111
name=unknown_C
#
# <colnr> <probs for GDERKNQSTAVLIFYWHMCP>
#	G	D	E	R	K	N	Q	S	T	A	V	L	I	F	Y	W	H	M	C	P
0	0.01950	0.01634	0.02171	0.06141	0.02372	0.05549	0.08200	0.11774	0.02048	0.06486	0.02664	0.24343	0.02693	0.01553	0.01255	0.00301	0.13324	0.01290	0.03289	0.00966
1	0.19771	0.17521	0.07405	0.01488	0.02099	0.02214	0.01355	0.13640	0.11012	0.06236	0.01894	0.01975	0.01444	0.00881	0.00665	0.00236	0.00774	0.00633	0.07632	0.01126
2	0.01469	0.00767	0.00802	0.00831	0.01003	0.00760	0.00609	0.01820	0.01720	0.02953	0.02987	0.13044	0.02628	0.01210	0.00652	0.00215	0.00401	0.01009	0.64362	0.00760
3	0.01697	0.01373	0.01582	0.01163	0.01821	0.01058	0.00925	0.02069	0.01726	0.02765	0.01659	0.01926	0.01364	0.00667	0.00610	0.00133	0.00581	0.00534	0.11588	0.64760
4	0.02215	0.47799	0.15253	0.01658	0.02400	0.02809	0.01734	0.02606	0.01725	0.07483	0.01389	0.01573	0.01149	0.00810	0.00778	0.00215	0.06349	0.00530	0.00412	0.01112
5	0.01891	0.02349	0.15243	0.15374	0.38512	0.01954	0.07656	0.02501	0.01832	0.02593	0.01544	0.02042	0.01226	0.00762	0.00831	0.00258	0.01088	0.00736	0.00393	0.01215
6	0.01549	0.00774	0.00774	0.00774	0.00968	0.00774	0.00581	0.01936	0.01742	0.03097	0.02710	0.03097	0.02129	0.00968	0.00581	0.00194	0.00387	0.00774	0.75416	0.00774
7	0.01361	0.01022	0.01334	0.01305	0.01453	0.01093	0.00975	0.01729	0.05533	0.05333	0.22897	0.30546	0.07960	0.01974	0.01256	0.00308	0.10661	0.01675	0.00771	0.00814
8	0.01549	0.00774	0.00774	0.00774	0.00968	0.00774	0.00581	0.01936	0.01742	0.03097	0.02710	0.03097	0.02129	0.00968	0.00581	0.00194	0.00387	0.00774	0.75416	0.00774
9	0.02322	0.02058	0.07615	0.02209	0.11635	0.01999	0.01621	0.28983	0.10439	0.03774	0.04512	0.06694	0.02153	0.08752	0.01220	0.00321	0.00863	0.00932	0.00694	0.01205
10	0.02543	0.07423	0.02268	0.01683	0.02224	0.02209	0.01372	0.39483	0.10208	0.04181	0.02812	0.11538	0.05842	0.01269	0.00849	0.00261	0.00796	0.01021	0.00783	0.01233

[dist]
# distance from previous block
# <min> <max>
0	4

[block]
# block no. 3 follows, 22 sequences, length 41
# corresponding to MSA columns:
# 116-156
name=unknown_D
#
# <colnr> <probs for GDERKNQSTAVLIFYWHMCP>
#	G	D	E	R	K	N	Q	S	T	A	V	L	I	F	Y	W	H	M	C	P
0	0.06261	0.02141	0.06792	0.02467	0.03171	0.02058	0.27682	0.08315	0.22205	0.03205	0.02208	0.02395	0.01653	0.00869	0.00869	0.00268	0.01027	0.00873	0.00598	0.04945
1	0.01906	0.01632	0.01732	0.01570	0.02002	0.01852	0.01216	0.03923	0.54076	0.03364	0.08793	0.03748	0.08052	0.01253	0.00867	0.00280	0.00617	0.01051	0.00845	0.01222
2	0.01383	0.00895	0.01177	0.01080	0.01312	0.00819	0.00819	0.01769	0.02354	0.08428	0.60165	0.05932	0.07370	0.01644	0.00968	0.00261	0.00417	0.01448	0.00924	0.00835
3	0.02108	0.02113	0.03257	0.08169	0.50340	0.07281	0.05984	0.02687	0.05016	0.02660	0.01633	0.02083	0.01342	0.00772	0.00828	0.00250	0.01043	0.00748	0.00432	0.01254
4	0.01549	0.00774	0.00774	0.00774	0.00968	0.00774	0.00581	0.01936	0.01742	0.03097	0.02710	0.03097	0.02129	0.00968	0.00581	0.00194	0.00387	0.00774	0.75416	0.00774
5	0.01709	0.01989	0.08670	0.02658	0.03314	0.01716	0.37530	0.02411	0.05653	0.02715	0.10184	0.12437	0.02752	0.01130	0.00968	0.00285	0.01084	0.01211	0.00552	0.01035
6	0.02765	0.07120	0.02478	0.06127	0.04893	0.45663	0.01649	0.07830	0.02277	0.02310	0.01395	0.01700	0.01162	0.01165	0.04347	0.00286	0.04786	0.00595	0.00450	0.01001
7	0.01933	0.02140	0.03969	0.06545	0.09899	0.07210	0.41603	0.02502	0.01928	0.02526	0.01962	0.10040	0.01733	0.00944	0.00948	0.00278	0.01247	0.01069	0.00458	0.01065
8	0.21798	0.35019	0.04715	0.01536	0.02140	0.18464	0.01374	0.02681	0.01780	0.02453	0.01196	0.01388	0.01023	0.00764	0.00587	0.00209	0.00982	0.00472	0.00414	0.01002
9	0.01012	0.00723	0.00964	0.01157	0.01205	0.00675	0.00771	0.01157	0.01591	0.02121	0.04579	0.70262	0.05495	0.02603	0.01060	0.00337	0.00482	0.02362	0.00771	0.00675
10	0.02086	0.33322	0.02894	0.01468	0.01993	0.04792	0.01286	0.10026	0.10806	0.02691	0.05908	0.05956	0.05521	0.03922	0.00873	0.00255	0.00802	0.03764	0.00584	0.01050
11	0.03009	0.04875	0.15009	0.01959	0.05606	0.01890	0.01767	0.21718	0.02676	0.29477	0.02369	0.02267	0.01588	0.00946	0.00813	0.00252	0.00894	0.00746	0.00779	0.01359
12	0.01044	0.00850	0.00927	0.00924	0.01181	0.00733	0.00704	0.01303	0.01994	0.02493	0.20467	0.07685	0.49484	0.02027	0.00991	0.00282	0.00434	0.04954	0.00802	0.00723
13	0.01723	0.01477	0.01723	0.01230	0.01969	0.01107	0.00984	0.02092	0.01723	0.02707	0.01477	0.01723	0.01230	0.00615	0.00615	0.00123	0.00615	0.00492	0.00492	0.75883
14	0.01884	0.02001	0.03117	0.06179	0.03069	0.08307	0.23345	0.02302	0.01709	0.02316	0.01623	0.05029	0.01435	0.01445	0.06774	0.00368	0.19363	0.00860	0.00427	0.08447
15	0.02336	0.01816	0.02029	0.01547	0.02154	0.01806	0.01242	0.29911	0.02660	0.03738	0.01809	0.02204	0.01479	0.07500	0.01135	0.00255	0.03275	0.00686	0.00644	0.31773
16	0.01003	0.00760	0.00926	0.01058	0.01179	0.00683	0.00727	0.01168	0.01686	0.02159	0.05782	0.50742	0.24239	0.02446	0.01036	0.00320	0.00463	0.02171	0.00771	0.00683
17	0.01723	0.01477	0.01723	0.01230	0.01969	0.01107	0.00984	0.02092	0.01723	0.02707	0.01477	0.01723	0.01230	0.00615	0.00615	0.00123	0.00615	0.00492	0.00492	0.75883
18	0.02793	0.01939	0.07063	0.01577	0.02146	0.10396	0.01346	0.05352	0.05018	0.32193	0.11647	0.05884	0.02771	0.01131	0.00839	0.00249	0.00804	0.00921	0.00820	0.05111
19	0.03005	0.03764	0.02384	0.02269	0.05707	0.61317	0.01640	0.03327	0.05044	0.02131	0.01390	0.01596	0.01147	0.00862	0.00757	0.00219	0.01436	0.00563	0.00446	0.00996
20	0.01904	0.01611	0.01710	0.01538	0.01970	0.01808	0.01195	0.06513	0.48146	0.03385	0.08985	0.03939	0.11115	0.01295	0.00873	0.00278	0.00617	0.01082	0.00841	0.01196
21	0.02038	0.01896	0.02887	0.06837	0.44061	0.01996	0.02170	0.03089	0.20483	0.02916	0.02103	0.02375	0.01672	0.00860	0.00830	0.00259	0.00894	0.00800	0.00539	0.01299
22	0.01873	0.01493	0.01540	0.01387	0.01736	0.05352	0.01052	0.09387	0.20634	0.06381	0.13593	0.09422	0.12565	0.08338	0.01230	0.00325	0.00664	0.01231	0.00789	0.01008
23	0.01012	0.00723	0.00964	0.01157	0.01205	0.00675	0.00771	0.01157	0.01591	0.02121	0.04579	0.70262	0.05495	0.02603	0.01060	0.00337	0.00482	0.02362	0.00771	0.00675
24	0.01469	0.01173	0.01175	0.01126	0.01194	0.06356	0.00718	0.04313	0.01454	0.01864	0.02529	0.08664	0.02848	0.54664	0.03530	0.00684	0.03927	0.01179	0.00522	0.00612
25	0.01082	0.00805	0.01008	0.01043	0.01205	0.00731	0.00749	0.01355	0.02004	0.02708	0.33494	0.28201	0.18395	0.02084	0.01007	0.00291	0.00428	0.01842	0.00838	0.00731
26	0.02257	0.02101	0.01971	0.01761	0.02235	0.10812	0.01366	0.07078	0.52990	0.03368	0.03035	0.02833	0.02286	0.01085	0.00832	0.00271	0.00782	0.00876	0.00789	0.01273
27	0.76672	0.01607	0.01221	0.01092	0.01607	0.01864	0.00900	0.02442	0.01414	0.03727	0.01157	0.01350	0.00900	0.00771	0.00514	0.00257	0.00643	0.00450	0.00514	0.00900
28	0.03103	0.03959	0.02354	0.02140	0.02568	0.67469	0.01605	0.03317	0.02354	0.02033	0.01284	0.01498	0.01070	0.00856	0.00749	0.00214	0.01498	0.00535	0.00428	0.00963
29	0.02659	0.09804	0.02563	0.11306	0.06416	0.42558	0.01692	0.05800	0.02223	0.02239	0.01661	0.01921	0.03926	0.00894	0.00758	0.00226	0.01282	0.00629	0.00446	0.00997
30	0.00982	0.00842	0.00842	0.00842	0.01122	0.00701	0.00631	0.01192	0.01894	0.02244	0.08416	0.07995	0.65285	0.02104	0.00982	0.00281	0.00421	0.01753	0.00771	0.00701
31	0.02959	0.02118	0.02306	0.01815	0.02418	0.02320	0.01480	0.51512	0.06787	0.08296	0.02348	0.07626	0.01838	0.01136	0.00851	0.00259	0.00854	0.00893	0.00838	0.01348
32	0.04867	0.05141	0.02659	0.17219	0.03172	0.12580	0.05219	0.07331	0.01809	0.02398	0.01321	0.01857	0.01119	0.01082	0.01556	0.00294	0.28278	0.00693	0.00422	0.00980
33	0.01005	0.00793	0.00907	0.00982	0.01163	0.00695	0.00697	0.01199	0.01795	0.02255	0.10031	0.33367	0.37602	0.02285	0.01014	0.00303	0.00444	0.01988	0.00779	0.00695
34	0.05068	0.08788	0.02532	0.01893	0.02483	0.08820	0.01527	0.32879	0.19280	0.04175	0.02328	0.02367	0.01771	0.01084	0.00854	0.00277	0.00939	0.00787	0.00786	0.01362
35	0.11767	0.13664	0.20197	0.05104	0.02607	0.07227	0.01783	0.02593	0.01998	0.07669	0.14305	0.02819	0.02615	0.01086	0.00818	0.00273	0.00946	0.00809	0.00599	0.01120
36	0.06128	0.31632	0.03166	0.01805	0.06008	0.02442	0.01472	0.09297	0.02202	0.19157	0.04552	0.02274	0.01792	0.01002	0.00828	0.00254	0.03360	0.00703	0.00668	0.01258
37	0.03272	0.02408	0.02572	0.01999	0.02662	0.02627	0.01628	0.61324	0.03937	0.05294	0.02136	0.02206	0.01557	0.01097	0.00895	0.00278	0.00960	0.00795	0.00875	0.01479
38	0.01374	0.00927	0.01027	0.01020	0.01037	0.00903	0.00581	0.01329	0.01312	0.01766	0.02743	0.05556	0.03121	0.69037	0.04201	0.00819	0.00854	0.01242	0.00556	0.00594
39	0.01894	0.01643	0.02080	0.01520	0.02264	0.01278	0.06045	0.02235	0.01832	0.02829	0.01649	0.01983	0.01382	0.00732	0.00714	0.00168	0.00733	0.00585	0.00539	0.67895
40	0.02354	0.01728	0.02203	0.07237	0.02591	0.01814	0.06337	0.10907	0.24306	0.12234	0.15036	0.03568	0.03255	0.01246	0.00941	0.00298	0.00794	0.01039	0.00852	0.01259

[dist]
# distance from previous block
# <min> <max>
0	1

[block]
# block no. 4 follows, 22 sequences, length 65
# corresponding to MSA columns:
# 158-222
name=unknown_E
#
# <colnr> <probs for GDERKNQSTAVLIFYWHMCP>
#	G	D	E	R	K	N	Q	S	T	A	V	L	I	F	Y	W	H	M	C	P
0	0.01329	0.00952	0.01191	0.01362	0.01443	0.00865	0.00919	0.01397	0.01769	0.02386	0.04700	0.64887	0.05527	0.02691	0.01166	0.00386	0.00595	0.04755	0.00851	0.00830
1	0.05123	0.16890	0.40178	0.02262	0.05802	0.02210	0.02446	0.02643	0.01944	0.02838	0.07423	0.02454	0.01943	0.01040	0.00861	0.00295	0.01118	0.00748	0.00512	0.01272
2	0.01833	0.01691	0.02572	0.02309	0.05369	0.04964	0.17238	0.02080	0.01872	0.02521	0.03107	0.25896	0.03292	0.04582	0.05340	0.00441	0.07229	0.05992	0.00660	0.01012
3	0.01012	0.00723	0.00964	0.01157	0.01205	0.00675	0.00771	0.01157	0.01591	0.02121	0.04579	0.70262	0.05495	0.02603	0.01060	0.00337	0.00482	0.02362	0.00771	0.00675
4	0.02222	0.01791	0.01913	0.01689	0.02179	0.02042	0.01323	0.07424	0.57324	0.07299	0.03303	0.03026	0.02449	0.01114	0.00844	0.00279	0.00674	0.00923	0.00855	0.01326
5	0.01985	0.44695	0.18326	0.01702	0.02429	0.02751	0.01811	0.02407	0.01641	0.02113	0.01301	0.01608	0.01135	0.01179	0.05437	0.00294	0.07217	0.00540	0.00361	0.01067
6	0.01029	0.00735	0.00983	0.01176	0.01232	0.00689	0.00801	0.01186	0.01607	0.02140	0.04569	0.67104	0.05457	0.02587	0.01065	0.00340	0.00497	0.05353	0.00771	0.00679
7	0.01413	0.03889	0.01625	0.01466	0.01643	0.05863	0.01159	0.01693	0.01414	0.01943	0.02022	0.02944	0.01884	0.05240	0.54800	0.01130	0.07821	0.00834	0.00433	0.00784
8	0.01027	0.00734	0.00977	0.01147	0.01208	0.00685	0.00772	0.01194	0.01659	0.02230	0.10035	0.64496	0.05706	0.02521	0.01053	0.00331	0.00474	0.02284	0.00784	0.00685
9	0.03073	0.02363	0.02440	0.01906	0.02544	0.05607	0.01560	0.55614	0.08389	0.04951	0.02066	0.02055	0.01482	0.01000	0.00828	0.00250	0.00922	0.00752	0.00813	0.01384
10	0.65510	0.04484	0.05293	0.01224	0.01796	0.01959	0.01084	0.05607	0.01575	0.03673	0.01220	0.01407	0.00942	0.00782	0.00548	0.00254	0.00701	0.00475	0.00515	0.00952
11	0.03103	0.03959	0.02354	0.02140	0.02568	0.67469	0.01605	0.03317	0.02354	0.02033	0.01284	0.01498	0.01070	0.00856	0.00749	0.00214	0.01498	0.00535	0.00428	0.00963
12	0.04417	0.02891	0.25323	0.06969	0.11356	0.04941	0.23978	0.02685	0.01881	0.05261	0.01620	0.02011	0.01199	0.00766	0.00855	0.00265	0.01225	0.00768	0.00421	0.01167
13	0.01168	0.00874	0.01115	0.01234	0.01425	0.00821	0.00997	0.01460	0.01882	0.02417	0.10150	0.19763	0.21989	0.02252	0.01073	0.00337	0.00590	0.28942	0.00779	0.00732
14	0.01721	0.03931	0.55814	0.02636	0.06512	0.01953	0.10599	0.02631	0.01786	0.02638	0.01518	0.01829	0.01091	0.00776	0.00815	0.00265	0.01239	0.00666	0.00362	0.01218
15	0.02050	0.01966	0.08371	0.05142	0.02779	0.01889	0.14088	0.16555	0.04437	0.05465	0.02127	0.07580	0.01839	0.05054	0.09768	0.00443	0.07842	0.00953	0.00575	0.01076
16	0.01148	0.00837	0.01079	0.01041	0.01230	0.00768	0.00772	0.01505	0.02251	0.03147	0.55789	0.12096	0.11614	0.01808	0.00987	0.00269	0.00402	0.01597	0.00892	0.00768
17	0.08335	0.48216	0.16643	0.01626	0.02388	0.02853	0.01734	0.02488	0.01657	0.02243	0.01220	0.01445	0.01051	0.00770	0.00697	0.00211	0.04484	0.00494	0.00368	0.01077
18	0.02742	0.01835	0.07136	0.04337	0.02409	0.01633	0.01466	0.13201	0.05055	0.28005	0.04617	0.02453	0.01850	0.00989	0.00943	0.00244	0.05960	0.00763	0.00764	0.13599
19	0.19195	0.01681	0.04226	0.02085	0.11364	0.06462	0.03674	0.02295	0.04237	0.02869	0.05916	0.04880	0.02892	0.01412	0.00882	0.00302	0.00841	0.23230	0.00612	0.00945
20	0.02283	0.01128	0.01487	0.01256	0.01651	0.01025	0.00991	0.02735	0.05170	0.29633	0.36482	0.04651	0.05179	0.01392	0.00913	0.00260	0.00536	0.01198	0.00959	0.01071
21	0.01208	0.00805	0.00906	0.00906	0.00906	0.00805	0.00503	0.01208	0.01208	0.01611	0.02618	0.05436	0.03020	0.70804	0.04228	0.00805	0.00805	0.01208	0.00503	0.00503
22	0.02151	0.24523	0.08261	0.05362	0.09331	0.12819	0.09542	0.02698	0.06150	0.02302	0.01541	0.01879	0.01281	0.01133	0.04780	0.00298	0.03791	0.00656	0.00421	0.01080
23	0.03054	0.03865	0.02402	0.02280	0.05550	0.64372	0.01650	0.03281	0.02332	0.02065	0.01297	0.01525	0.01082	0.00851	0.00753	0.00216	0.01474	0.00545	0.00427	0.00980
24	0.01067	0.00757	0.01001	0.01176	0.01236	0.00718	0.00811	0.01225	0.01592	0.02116	0.04382	0.57568	0.05191	0.08708	0.01355	0.00385	0.00543	0.08753	0.00746	0.00669
25	0.01852	0.01553	0.01792	0.01292	0.02023	0.01240	0.01038	0.07562	0.01919	0.02935	0.01523	0.01747	0.01247	0.00650	0.00635	0.00134	0.00642	0.00515	0.00523	0.69179
26	0.02877	0.03222	0.02440	0.10798	0.05361	0.42927	0.01726	0.15617	0.02573	0.02742	0.01468	0.01716	0.01156	0.00878	0.00780	0.00231	0.01306	0.00614	0.00504	0.01066
27	0.01012	0.00723	0.00964	0.01157	0.01205	0.00675	0.00771	0.01157	0.01591	0.02121	0.04579	0.70262	0.05495	0.02603	0.01060	0.00337	0.00482	0.02362	0.00771	0.00675
28	0.06860	0.01427	0.04228	0.16590	0.02643	0.01498	0.01431	0.04978	0.07612	0.05835	0.22945	0.06084	0.03812	0.01329	0.01025	0.00282	0.05942	0.03845	0.00684	0.00950
29	0.01617	0.01451	0.02361	0.40611	0.07495	0.01662	0.06102	0.06599	0.01849	0.02428	0.02233	0.17516	0.02140	0.01229	0.00892	0.00287	0.00966	0.01122	0.00501	0.00939
30	0.01012	0.00723	0.00964	0.01157	0.01205	0.00675	0.00771	0.01157	0.01591	0.02121	0.04579	0.70262	0.05495	0.02603	0.01060	0.00337	0.00482	0.02362	0.00771	0.00675
31	0.02221	0.71304	0.04353	0.01421	0.02132	0.03287	0.01421	0.02488	0.01688	0.01955	0.01155	0.01333	0.01066	0.00711	0.00533	0.00178	0.00888	0.00444	0.00355	0.01066
32	0.01012	0.00723	0.00964	0.01157	0.01205	0.00675	0.00771	0.01157	0.01591	0.02121	0.04579	0.70262	0.05495	0.02603	0.01060	0.00337	0.00482	0.02362	0.00771	0.00675
33	0.03158	0.02327	0.02493	0.01911	0.02576	0.02576	0.01579	0.62852	0.03906	0.05236	0.01995	0.01995	0.01413	0.00997	0.00831	0.00249	0.00914	0.00748	0.00831	0.01413
34	0.02938	0.16597	0.02729	0.02005	0.02486	0.55425	0.01571	0.03162	0.02229	0.02018	0.01260	0.01467	0.01069	0.00829	0.00709	0.00207	0.01384	0.00518	0.00414	0.00982
35	0.03103	0.03959	0.02354	0.02140	0.02568	0.67469	0.01605	0.03317	0.02354	0.02033	0.01284	0.01498	0.01070	0.00856	0.00749	0.00214	0.01498	0.00535	0.00428	0.00963
36	0.02099	0.04519	0.02771	0.34485	0.12055	0.09346	0.05667	0.11239	0.04832	0.02722	0.01624	0.02092	0.01243	0.00847	0.00819	0.00259	0.01098	0.00730	0.00471	0.01081
37	0.01027	0.00836	0.00874	0.00889	0.01117	0.00724	0.00645	0.01212	0.01786	0.02160	0.07303	0.10405	0.51903	0.11616	0.01439	0.00359	0.00489	0.03806	0.00734	0.00675
38	0.01425	0.01463	0.05283	0.02065	0.02458	0.01286	0.24266	0.01797	0.01689	0.02282	0.03094	0.33169	0.03379	0.10595	0.01427	0.00373	0.00904	0.01614	0.00585	0.00845
39	0.02531	0.05988	0.04758	0.06635	0.02672	0.29844	0.01665	0.08727	0.14856	0.02644	0.01768	0.01964	0.01405	0.00991	0.01029	0.00255	0.09980	0.00675	0.00532	0.01081
40	0.01208	0.00805	0.00906	0.00906	0.00906	0.00805	0.00503	0.01208	0.01208	0.01611	0.02618	0.05436	0.03020	0.70804	0.04228	0.00805	0.00805	0.01208	0.00503	0.00503
41	0.03113	0.05536	0.02572	0.01899	0.02556	0.05436	0.01573	0.57512	0.03737	0.04947	0.01925	0.01943	0.01382	0.00978	0.00814	0.00245	0.00938	0.00725	0.00792	0.01377
42	0.04760	0.08676	0.26470	0.04618	0.02897	0.05183	0.06818	0.02654	0.01880	0.11757	0.02335	0.02462	0.07013	0.00916	0.00780	0.00242	0.00994	0.00747	0.00517	0.08282
43	0.02132	0.11795	0.13177	0.20491	0.09056	0.05216	0.06686	0.13907	0.04539	0.02906	0.01619	0.01969	0.01232	0.00834	0.00791	0.00251	0.01073	0.00697	0.00479	0.01148
44	0.03698	0.01461	0.01957	0.01501	0.02144	0.01292	0.01240	0.07117	0.02457	0.63016	0.03210	0.02784	0.02023	0.01027	0.00835	0.00257	0.00718	0.00831	0.01018	0.01414
45	0.01155	0.00794	0.00911	0.00945	0.00977	0.00774	0.00561	0.01198	0.01333	0.01753	0.03447	0.17069	0.08654	0.53055	0.03399	0.00679	0.00716	0.01457	0.00573	0.00550
46	0.01805	0.01539	0.01823	0.01361	0.02002	0.01323	0.01093	0.06266	0.01829	0.02798	0.01590	0.04225	0.01385	0.00789	0.00836	0.00161	0.06813	0.00599	0.00514	0.61250
47	0.02250	0.25784	0.10719	0.02049	0.02727	0.10717	0.13518	0.04815	0.01974	0.06828	0.04639	0.04444	0.01665	0.00911	0.00830	0.00237	0.03575	0.00748	0.00482	0.01085
48	0.05060	0.46510	0.08114	0.01566	0.02227	0.11632	0.01504	0.04740	0.01849	0.02213	0.01565	0.01758	0.03724	0.01023	0.03247	0.00244	0.01021	0.00551	0.00409	0.01043
49	0.03032	0.03573	0.02337	0.02075	0.02538	0.53710	0.01579	0.11446	0.07276	0.02576	0.01540	0.01687	0.01228	0.00896	0.00767	0.00224	0.01355	0.00595	0.00514	0.01051
50	0.02021	0.01918	0.02980	0.06945	0.49724	0.04827	0.02266	0.04671	0.02011	0.02781	0.06146	0.02758	0.01959	0.00918	0.00850	0.00256	0.00958	0.04312	0.00482	0.01218
51	0.01039	0.00756	0.00979	0.01108	0.01204	0.00697	0.00761	0.01233	0.01754	0.02348	0.15767	0.53197	0.11296	0.02396	0.01039	0.00319	0.00460	0.02153	0.00797	0.00697
52	0.01798	0.02270	0.12247	0.05823	0.08909	0.01882	0.39899	0.02441	0.01871	0.02573	0.01994	0.10526	0.01752	0.00954	0.00946	0.00282	0.01220	0.01073	0.00451	0.01088
53	0.01323	0.06299	0.01634	0.01286	0.01510	0.01132	0.05124	0.01631	0.01969	0.02727	0.36857	0.12576	0.05587	0.11982	0.01517	0.00351	0.03574	0.01406	0.00736	0.00780
54	0.01022	0.00730	0.00973	0.01150	0.01207	0.00681	0.00772	0.01181	0.01636	0.02193	0.08185	0.66450	0.05634	0.02549	0.01056	0.00333	0.00477	0.02311	0.00780	0.00681
55	0.03103	0.03959	0.02354	0.02140	0.02568	0.67469	0.01605	0.03317	0.02354	0.02033	0.01284	0.01498	0.01070	0.00856	0.00749	0.00214	0.01498	0.00535	0.00428	0.00963
56	0.01030	0.00730	0.00959	0.01134	0.01178	0.00687	0.00747	0.01161	0.01556	0.02075	0.04402	0.64426	0.05272	0.08742	0.01346	0.00380	0.00511	0.02258	0.00747	0.00659
57	0.03158	0.02327	0.02493	0.01911	0.02576	0.02576	0.01579	0.62852	0.03906	0.05236	0.01995	0.01995	0.01413	0.00997	0.00831	0.00249	0.00914	0.00748	0.00831	0.01413
58	0.09211	0.01708	0.02580	0.41558	0.12638	0.01980	0.04523	0.11022	0.02004	0.02829	0.01540	0.02079	0.01165	0.00832	0.00805	0.00267	0.01030	0.00722	0.00458	0.01051
59	0.03086	0.02165	0.02347	0.01817	0.02451	0.02370	0.01495	0.53418	0.05855	0.09684	0.02175	0.02149	0.01536	0.01003	0.00820	0.00248	0.00864	0.00763	0.04374	0.01379
60	0.01111	0.00777	0.00936	0.01010	0.01059	0.00744	0.00635	0.01205	0.01470	0.01950	0.07059	0.31900	0.08593	0.34840	0.02552	0.00551	0.00626	0.01728	0.00652	0.00601
61	0.01699	0.01676	0.02129	0.07883	0.02321	0.08638	0.03979	0.01953	0.01474	0.02002	0.01717	0.05563	0.01677	0.07360	0.18460	0.00608	0.28731	0.00867	0.00422	0.00844
62	0.03106	0.03889	0.02360	0.02130	0.02569	0.64663	0.01604	0.05892	0.02421	0.02172	0.01315	0.01520	0.01085	0.00862	0.00753	0.00216	0.01473	0.00544	0.00445	0.00983
63	0.01724	0.01575	0.02171	0.06933	0.02235	0.02061	0.01578	0.06078	0.01579	0.02309	0.06379	0.04777	0.01975	0.05982	0.08100	0.00453	0.41849	0.00885	0.00467	0.00889
64	0.02739	0.02135	0.02235	0.01812	0.02374	0.04764	0.01462	0.42908	0.15916	0.04456	0.02395	0.05816	0.01870	0.01319	0.03603	0.00304	0.00916	0.00869	0.00800	0.01310

[dist]
# distance from previous block
# <min> <max>
1	5

[block]
# block no. 5 follows, 22 sequences, length 7
# corresponding to MSA columns:
# 228-234
name=unknown_F
#
# <colnr> <probs for GDERKNQSTAVLIFYWHMCP>
#	G	D	E	R	K	N	Q	S	T	A	V	L	I	F	Y	W	H	M	C	P
0	0.01659	0.01139	0.01481	0.01388	0.01628	0.01132	0.03637	0.12378	0.02083	0.07416	0.07174	0.40830	0.04247	0.08149	0.01278	0.00351	0.00639	0.01752	0.00769	0.00870
1	0.09044	0.06003	0.02422	0.13748	0.02995	0.27482	0.01669	0.16531	0.02394	0.02922	0.01449	0.01741	0.01142	0.00914	0.00898	0.00246	0.06212	0.00622	0.00509	0.01054
2	0.01241	0.00978	0.01055	0.01079	0.01185	0.04601	0.00722	0.01408	0.01718	0.02262	0.19729	0.23522	0.08507	0.25830	0.02113	0.00469	0.00625	0.01598	0.00696	0.00662
3	0.01070	0.00747	0.00947	0.01083	0.01117	0.00713	0.00693	0.01172	0.01478	0.01971	0.04004	0.51253	0.04769	0.22601	0.01989	0.00475	0.00577	0.02023	0.00693	0.00625
4	0.01630	0.01691	0.06175	0.17944	0.09133	0.01731	0.12954	0.02042	0.01660	0.02298	0.06473	0.06677	0.02110	0.08372	0.01624	0.02959	0.12172	0.00972	0.00458	0.00923
5	0.02313	0.01988	0.02322	0.08829	0.02614	0.05876	0.01634	0.26610	0.02488	0.03343	0.02080	0.06828	0.04473	0.01279	0.01461	0.00294	0.22988	0.00884	0.00603	0.01092
6	0.31756	0.06054	0.08599	0.01515	0.02177	0.01973	0.01380	0.16541	0.02244	0.17673	0.01851	0.01864	0.01298	0.00878	0.00687	0.00251	0.00793	0.00619	0.00674	0.01174

[dist]
# distance from previous block
# <min> <max>
0	1

[block]
# block no. 6 follows, 22 sequences, length 19
# corresponding to MSA columns:
# 236-254
name=unknown_G
#
# <colnr> <probs for GDERKNQSTAVLIFYWHMCP>
#	G	D	E	R	K	N	Q	S	T	A	V	L	I	F	Y	W	H	M	C	P
0	0.01297	0.00813	0.01064	0.01136	0.01254	0.00755	0.00780	0.01478	0.01734	0.07788	0.13914	0.46341	0.05272	0.10590	0.01412	0.00375	0.00526	0.01953	0.00784	0.00735
1	0.01792	0.05578	0.01742	0.03649	0.01907	0.01304	0.01067	0.09714	0.02040	0.06624	0.06942	0.23641	0.03078	0.01400	0.00823	0.00233	0.00636	0.01207	0.00672	0.25952
2	0.02123	0.02313	0.03362	0.05814	0.20638	0.13522	0.19074	0.02564	0.01863	0.02411	0.01547	0.02215	0.01322	0.00944	0.01237	0.00279	0.14511	0.02757	0.00418	0.01087
3	0.01021	0.00730	0.00972	0.01150	0.01207	0.00681	0.00772	0.01180	0.01633	0.02189	0.08002	0.66644	0.05627	0.02552	0.01056	0.00333	0.00477	0.02313	0.00779	0.00681
4	0.02459	0.01993	0.02189	0.06418	0.06984	0.05702	0.01528	0.20208	0.29449	0.07562	0.02792	0.02724	0.04105	0.01057	0.00838	0.00265	0.00823	0.00858	0.00765	0.01282
5	0.01975	0.01701	0.01777	0.07531	0.02212	0.10252	0.01282	0.06682	0.16077	0.06919	0.20343	0.09519	0.03800	0.01361	0.00988	0.00272	0.04425	0.01124	0.00745	0.01016
6	0.01012	0.00723	0.00964	0.01157	0.01205	0.00675	0.00771	0.01157	0.01591	0.02121	0.04579	0.70262	0.05495	0.02603	0.01060	0.00337	0.00482	0.02362	0.00771	0.00675
7	0.02333	0.56469	0.07714	0.01576	0.02289	0.08880	0.01546	0.06834	0.01908	0.02233	0.01246	0.01419	0.01090	0.00749	0.00588	0.00191	0.00965	0.00484	0.00395	0.01091
8	0.01012	0.00723	0.00964	0.01157	0.01205	0.00675	0.00771	0.01157	0.01591	0.02121	0.04579	0.70262	0.05495	0.02603	0.01060	0.00337	0.00482	0.02362	0.00771	0.00675
9	0.03198	0.02262	0.02453	0.01881	0.02544	0.02481	0.01554	0.58698	0.03798	0.09542	0.02085	0.02053	0.01458	0.00999	0.00831	0.00250	0.00900	0.00754	0.00845	0.01413
10	0.02900	0.07487	0.02441	0.02016	0.02466	0.47617	0.01564	0.12106	0.02450	0.02505	0.01432	0.01679	0.01182	0.01207	0.04761	0.00289	0.03801	0.00589	0.00483	0.01022
11	0.03108	0.03814	0.02367	0.02120	0.02569	0.61683	0.01603	0.08626	0.02493	0.02319	0.01347	0.01542	0.01101	0.00869	0.00756	0.00217	0.01446	0.00554	0.00464	0.01003
12	0.02255	0.64365	0.04086	0.01421	0.02102	0.03074	0.01393	0.02526	0.01709	0.05405	0.01317	0.01500	0.01165	0.00977	0.03578	0.00234	0.00939	0.00485	0.00396	0.01070
13	0.01023	0.00731	0.00974	0.01149	0.01207	0.00682	0.00772	0.01184	0.01641	0.02201	0.08590	0.66022	0.05650	0.02543	0.01055	0.00332	0.00476	0.02305	0.00781	0.00682
14	0.01193	0.00903	0.01209	0.01293	0.05228	0.00837	0.00878	0.01544	0.02188	0.03046	0.48661	0.14040	0.12265	0.01787	0.00980	0.00272	0.00443	0.01584	0.00853	0.00796
15	0.01351	0.00980	0.01154	0.01117	0.01347	0.00946	0.00821	0.05613	0.04805	0.04899	0.18255	0.19162	0.22284	0.07910	0.05175	0.00391	0.00619	0.01592	0.00777	0.00800
16	0.01067	0.00773	0.01006	0.01146	0.01232	0.00709	0.00767	0.01216	0.01575	0.02124	0.04271	0.62130	0.05085	0.06724	0.01231	0.00354	0.00510	0.02178	0.00738	0.05166
17	0.01683	0.01435	0.01681	0.01226	0.01927	0.01084	0.00973	0.02040	0.01715	0.02675	0.01648	0.05510	0.01466	0.00725	0.00640	0.00135	0.00608	0.00596	0.00508	0.71727
18	0.02127	0.52413	0.19137	0.01668	0.02501	0.02933	0.01822	0.05032	0.01796	0.02253	0.01270	0.01461	0.01077	0.00741	0.00607	0.00201	0.00971	0.00497	0.00374	0.01119

[dist]
# distance from previous block
# <min> <max>
2	4

[block]
# block no. 7 follows, 22 sequences, length 23
# corresponding to MSA columns:
# 259-281
name=unknown_H
#
# <colnr> <probs for GDERKNQSTAVLIFYWHMCP>
#	G	D	E	R	K	N	Q	S	T	A	V	L	I	F	Y	W	H	M	C	P
0	0.13256	0.02216	0.02241	0.08145	0.02669	0.10010	0.01531	0.31992	0.02855	0.10683	0.01832	0.01946	0.01323	0.00961	0.00879	0.00256	0.04614	0.00688	0.00691	0.01214
1	0.01012	0.00723	0.00964	0.01157	0.01205	0.00675	0.00771	0.01157	0.01591	0.02121	0.04579	0.70262	0.05495	0.02603	0.01060	0.00337	0.00482	0.02362	0.00771	0.00675
2	0.02644	0.01995	0.02176	0.01661	0.02295	0.02067	0.01346	0.42647	0.03144	0.04315	0.01909	0.02184	0.01487	0.06150	0.01031	0.00259	0.00829	0.00717	0.00720	0.20426
3	0.08348	0.13323	0.06784	0.02092	0.06403	0.25321	0.01677	0.18661	0.02488	0.03072	0.01466	0.01654	0.01162	0.00873	0.00794	0.00231	0.03404	0.00595	0.00522	0.01129
4	0.01012	0.00723	0.00964	0.01157	0.01205	0.00675	0.00771	0.01157	0.01591	0.02121	0.04579	0.70262	0.05495	0.02603	0.01060	0.00337	0.00482	0.02362	0.00771	0.00675
5	0.02226	0.01508	0.04092	0.01629	0.05424	0.01426	0.01246	0.09082	0.14712	0.18820	0.16798	0.07289	0.09464	0.01345	0.00891	0.00268	0.00647	0.01140	0.00851	0.01142
6	0.02402	0.02314	0.02070	0.01927	0.05266	0.18136	0.01424	0.14700	0.27215	0.03263	0.02860	0.07008	0.05435	0.01164	0.00839	0.00261	0.00905	0.00928	0.00710	0.01173
7	0.01012	0.00723	0.00964	0.01157	0.01205	0.00675	0.00771	0.01157	0.01591	0.02121	0.04579	0.70262	0.05495	0.02603	0.01060	0.00337	0.00482	0.02362	0.00771	0.00675
8	0.02882	0.21650	0.02937	0.01875	0.02453	0.30091	0.01547	0.21476	0.02653	0.03001	0.01469	0.01607	0.01175	0.00860	0.00716	0.00215	0.01153	0.00576	0.00533	0.01130
9	0.01037	0.00740	0.00992	0.01185	0.01244	0.00696	0.00814	0.01199	0.01615	0.02148	0.04565	0.65698	0.05441	0.02580	0.01067	0.00341	0.00503	0.06684	0.00771	0.00682
10	0.05116	0.01862	0.03631	0.33376	0.04853	0.01973	0.32168	0.02404	0.01799	0.02461	0.01564	0.02189	0.01174	0.00763	0.00891	0.00278	0.01232	0.00846	0.00401	0.01020
11	0.03103	0.03959	0.02354	0.02140	0.02568	0.67469	0.01605	0.03317	0.02354	0.02033	0.01284	0.01498	0.01070	0.00856	0.00749	0.00214	0.01498	0.00535	0.00428	0.00963
12	0.03106	0.02891	0.02378	0.01967	0.02528	0.27854	0.01557	0.33508	0.06457	0.06925	0.01855	0.01901	0.01371	0.00951	0.00800	0.00238	0.01118	0.00679	0.00684	0.01232
13	0.03158	0.02327	0.02493	0.01911	0.02576	0.02576	0.01579	0.62852	0.03906	0.05236	0.01995	0.01995	0.01413	0.00997	0.00831	0.00249	0.00914	0.00748	0.00831	0.01413
14	0.01010	0.00788	0.00918	0.01002	0.01169	0.00695	0.00707	0.01204	0.01788	0.02269	0.10903	0.36544	0.33438	0.02303	0.01018	0.00305	0.00447	0.02015	0.00782	0.00695
15	0.01047	0.00831	0.00941	0.00942	0.01169	0.00725	0.00696	0.01308	0.02005	0.02576	0.26017	0.14482	0.40259	0.02032	0.00990	0.00281	0.00419	0.01743	0.00817	0.00725
16	0.02674	0.02138	0.02282	0.02026	0.07104	0.05748	0.01500	0.37880	0.15122	0.04186	0.02252	0.02514	0.01758	0.07624	0.01151	0.00306	0.00891	0.00817	0.00749	0.01276
17	0.01045	0.00827	0.00901	0.00908	0.01117	0.00726	0.00648	0.01247	0.01840	0.02307	0.15720	0.12750	0.42878	0.11681	0.01442	0.00356	0.00475	0.01692	0.00755	0.00684
18	0.02007	0.02112	0.03542	0.13386	0.11978	0.06927	0.27161	0.04692	0.01914	0.02565	0.01537	0.02061	0.01215	0.00820	0.01067	0.00265	0.08345	0.00803	0.00427	0.07176
19	0.02860	0.06687	0.02493	0.05918	0.06055	0.48290	0.01666	0.07740	0.06215	0.02402	0.01487	0.01697	0.01202	0.00869	0.00759	0.00224	0.01324	0.00594	0.00477	0.01040
20	0.48536	0.01318	0.01172	0.01081	0.01469	0.01456	0.00856	0.02095	0.01724	0.03518	0.21911	0.06436	0.03365	0.01163	0.00692	0.00263	0.00554	0.00886	0.00656	0.00851
21	0.02024	0.06873	0.01942	0.01569	0.02026	0.01907	0.01253	0.03774	0.45838	0.06720	0.07344	0.03713	0.05856	0.01235	0.00852	0.00277	0.00656	0.04117	0.00815	0.01210
22	0.01258	0.00933	0.01235	0.01465	0.06119	0.00914	0.00917	0.05221	0.01704	0.02288	0.03890	0.50968	0.04544	0.12633	0.01505	0.00395	0.00597	0.01962	0.00707	0.00745

[dist]
# distance from previous block
# <min> <max>
0	4

[block]
# block no. 8 follows, 22 sequences, length 82
# corresponding to MSA columns:
# 286-367
name=unknown_I
#
# <colnr> <probs for GDERKNQSTAVLIFYWHMCP>
#	G	D	E	R	K	N	Q	S	T	A	V	L	I	F	Y	W	H	M	C	P
0	0.01840	0.01702	0.02598	0.02046	0.06647	0.01451	0.15845	0.04847	0.01910	0.02831	0.04160	0.02063	0.01521	0.00704	0.00740	0.00180	0.00831	0.00677	0.00502	0.46904
1	0.06060	0.01435	0.02069	0.08757	0.02528	0.01295	0.08619	0.02373	0.01861	0.13580	0.05905	0.10815	0.02263	0.01039	0.00792	0.00224	0.00751	0.00927	0.00623	0.28083
2	0.01012	0.00723	0.00964	0.01157	0.01205	0.00675	0.00771	0.01157	0.01591	0.02121	0.04579	0.70262	0.05495	0.02603	0.01060	0.00337	0.00482	0.02362	0.00771	0.00675
3	0.01821	0.02006	0.07415	0.26190	0.07993	0.05502	0.13527	0.05447	0.01861	0.02451	0.02011	0.05380	0.04861	0.01025	0.01083	0.00282	0.08797	0.00890	0.00447	0.01011
4	0.02184	0.37240	0.17756	0.05721	0.02745	0.09858	0.01893	0.05865	0.01873	0.02307	0.01306	0.01560	0.01086	0.00808	0.00768	0.00221	0.04787	0.00541	0.00390	0.01093
5	0.01012	0.00723	0.00964	0.01157	0.01205	0.00675	0.00771	0.01157	0.01591	0.02121	0.04579	0.70262	0.05495	0.02603	0.01060	0.00337	0.00482	0.02362	0.00771	0.00675
6	0.02208	0.67907	0.04380	0.01524	0.02241	0.03229	0.04431	0.02496	0.01701	0.01989	0.01181	0.01377	0.01076	0.00710	0.00555	0.00183	0.00914	0.00471	0.00359	0.01069
7	0.01012	0.00723	0.00964	0.01157	0.01205	0.00675	0.00771	0.01157	0.01591	0.02121	0.04579	0.70262	0.05495	0.02603	0.01060	0.00337	0.00482	0.02362	0.00771	0.00675
8	0.01588	0.01514	0.02610	0.65595	0.05654	0.01858	0.05273	0.02149	0.01676	0.02149	0.01487	0.02216	0.01115	0.00824	0.00838	0.00277	0.01122	0.00750	0.00372	0.00933
9	0.02311	0.52163	0.08373	0.01643	0.02312	0.13909	0.01587	0.02615	0.01786	0.02018	0.01198	0.01412	0.01067	0.00774	0.00685	0.00198	0.04044	0.00484	0.00368	0.01053
10	0.03103	0.03959	0.02354	0.02140	0.02568	0.67469	0.01605	0.03317	0.02354	0.02033	0.01284	0.01498	0.01070	0.00856	0.00749	0.00214	0.01498	0.00535	0.00428	0.00963
11	0.02920	0.05255	0.02339	0.10859	0.02788	0.05481	0.01529	0.30172	0.02912	0.19894	0.02526	0.02508	0.04995	0.01022	0.00822	0.00251	0.00890	0.00798	0.00771	0.01267
12	0.01048	0.00745	0.00987	0.01167	0.01222	0.00703	0.00794	0.01200	0.01589	0.02114	0.04439	0.61759	0.05284	0.06990	0.01271	0.00371	0.00523	0.06371	0.00753	0.00670
13	0.01848	0.01751	0.02917	0.32151	0.36674	0.01924	0.02381	0.02465	0.05072	0.02501	0.01622	0.02179	0.01291	0.00799	0.00827	0.00261	0.01021	0.00750	0.00416	0.01148
14	0.02193	0.29412	0.16081	0.01899	0.05857	0.08416	0.01774	0.02609	0.01800	0.08810	0.01704	0.04823	0.01450	0.01291	0.05664	0.00309	0.03685	0.00672	0.00459	0.01092
15	0.01027	0.00750	0.00970	0.01129	0.01215	0.00692	0.00776	0.01199	0.01670	0.02201	0.07691	0.58252	0.12340	0.02495	0.01051	0.00329	0.00481	0.04268	0.00777	0.00686
16	0.01993	0.04356	0.01959	0.01370	0.02083	0.01476	0.01114	0.12182	0.04815	0.03126	0.01632	0.01812	0.01311	0.00704	0.00658	0.00153	0.00677	0.00552	0.00558	0.57470
17	0.02690	0.02735	0.02175	0.01862	0.02348	0.30383	0.01449	0.13416	0.12272	0.05743	0.04580	0.02135	0.01712	0.00970	0.00872	0.00232	0.04308	0.00695	0.00614	0.08808
18	0.15198	0.06781	0.06223	0.01681	0.04579	0.01837	0.01392	0.06206	0.18759	0.25069	0.02561	0.02410	0.01799	0.00961	0.00759	0.00258	0.00749	0.00749	0.00769	0.01260
19	0.02081	0.01754	0.01861	0.01662	0.02129	0.02002	0.01305	0.09302	0.53386	0.03532	0.03545	0.03482	0.05609	0.01208	0.00862	0.00283	0.00673	0.03212	0.00837	0.01272
20	0.01069	0.00770	0.01025	0.01208	0.01293	0.00726	0.00866	0.01259	0.01662	0.02192	0.04729	0.56432	0.08204	0.02524	0.01072	0.00343	0.00530	0.12633	0.00770	0.00692
21	0.02777	0.01756	0.04750	0.01763	0.05576	0.06129	0.01387	0.12489	0.02440	0.30132	0.05714	0.08917	0.05330	0.01287	0.00881	0.00270	0.00795	0.05573	0.00833	0.01200
22	0.05808	0.27691	0.35942	0.01960	0.02910	0.02369	0.04717	0.02530	0.01745	0.02478	0.03862	0.01778	0.01324	0.00793	0.00699	0.00233	0.01051	0.00595	0.00386	0.01131
23	0.01155	0.00783	0.00922	0.00974	0.00987	0.00770	0.00575	0.01194	0.01311	0.01748	0.03146	0.22889	0.03686	0.52443	0.03375	0.00679	0.00718	0.01519	0.00575	0.00550
24	0.05112	0.16775	0.02753	0.01769	0.02382	0.09026	0.01493	0.38513	0.03046	0.03973	0.01738	0.01869	0.01333	0.01255	0.05061	0.00301	0.01043	0.00663	0.00657	0.01237
25	0.01473	0.01259	0.02026	0.01769	0.02052	0.01253	0.14000	0.07878	0.01924	0.02598	0.05922	0.43519	0.04088	0.01952	0.01085	0.00314	0.03532	0.01802	0.00692	0.00859
26	0.01856	0.01717	0.02339	0.06523	0.29557	0.06818	0.01769	0.02217	0.01897	0.05562	0.03583	0.03957	0.19061	0.01255	0.01010	0.00269	0.05730	0.03278	0.00550	0.01052
27	0.01749	0.01475	0.01717	0.01257	0.01955	0.01150	0.00999	0.04733	0.01812	0.02788	0.01663	0.05346	0.01463	0.00737	0.00648	0.00140	0.00621	0.00602	0.00522	0.68622
28	0.33405	0.29111	0.05804	0.01397	0.02028	0.06660	0.01293	0.04705	0.01728	0.05663	0.01303	0.01460	0.01052	0.00773	0.00575	0.00223	0.00835	0.00489	0.00472	0.01025
29	0.01010	0.00731	0.00955	0.01134	0.01199	0.00677	0.00761	0.01159	0.01612	0.02130	0.04853	0.65819	0.09761	0.02567	0.01055	0.00333	0.00478	0.02318	0.00771	0.00677
30	0.01691	0.01628	0.02732	0.30545	0.08374	0.01963	0.09835	0.02086	0.01572	0.02161	0.01537	0.05098	0.01349	0.01177	0.01522	0.04719	0.19851	0.00837	0.00394	0.00929
31	0.01063	0.00839	0.00962	0.00972	0.01200	0.00738	0.00731	0.01331	0.02002	0.02570	0.24686	0.13382	0.39075	0.02041	0.00998	0.00286	0.00438	0.05143	0.00814	0.00727
32	0.01576	0.01498	0.02749	0.20032	0.03465	0.01645	0.19480	0.01991	0.01600	0.02180	0.01880	0.07288	0.01692	0.02255	0.15219	0.06044	0.07143	0.00955	0.00428	0.00883
33	0.01026	0.00733	0.00980	0.01173	0.01228	0.00687	0.00796	0.01181	0.01605	0.02137	0.04571	0.67593	0.05463	0.02589	0.01064	0.00339	0.00494	0.04889	0.00771	0.00679
34	0.02992	0.01579	0.01919	0.01548	0.02099	0.01570	0.01250	0.16504	0.11615	0.34870	0.08486	0.06669	0.02679	0.01180	0.00861	0.00264	0.00705	0.00973	0.00935	0.01304
35	0.64143	0.09642	0.05146	0.01199	0.01775	0.02028	0.01077	0.02457	0.01463	0.03467	0.01175	0.01370	0.00927	0.00765	0.00531	0.00248	0.00702	0.00458	0.00487	0.00936
36	0.03103	0.03959	0.02354	0.02140	0.02568	0.67469	0.01605	0.03317	0.02354	0.02033	0.01284	0.01498	0.01070	0.00856	0.00749	0.00214	0.01498	0.00535	0.00428	0.00963
37	0.01838	0.01579	0.01952	0.01403	0.02142	0.01267	0.04397	0.06459	0.01891	0.02885	0.01525	0.01770	0.01245	0.00647	0.00651	0.00141	0.00680	0.00537	0.00512	0.66479
38	0.01443	0.00722	0.01082	0.01082	0.01082	0.00722	0.00722	0.01082	0.01082	0.01443	0.01443	0.02525	0.01443	0.02886	0.03247	0.75830	0.00722	0.00722	0.00361	0.00361
39	0.01421	0.01262	0.01992	0.39117	0.03837	0.01523	0.01737	0.01833	0.01671	0.02233	0.09038	0.15408	0.02720	0.01626	0.04950	0.00356	0.06786	0.01133	0.00508	0.00849
40	0.01549	0.00774	0.00774	0.00774	0.00968	0.00774	0.00581	0.01936	0.01742	0.03097	0.02710	0.03097	0.02129	0.00968	0.00581	0.00194	0.00387	0.00774	0.75416	0.00774
41	0.02431	0.51937	0.03770	0.01596	0.02239	0.15693	0.01460	0.05596	0.04605	0.02191	0.01316	0.01472	0.01146	0.00771	0.00603	0.00193	0.00998	0.00498	0.00413	0.01073
42	0.01549	0.00774	0.00774	0.00774	0.00968	0.00774	0.00581	0.01936	0.01742	0.03097	0.02710	0.03097	0.02129	0.00968	0.00581	0.00194	0.00387	0.00774	0.75416	0.00774
