[name]
unknown

[dist]
# distance from previous block
# <min> <max>
0	16

[block]
# block no. 0 follows, 24 sequences, length 42
# corresponding to MSA columns:
# 16-57
name=unknown_A
#
# <colnr> <probs for GDERKNQSTAVLIFYWHMCP>
#	G	D	E	R	K	N	Q	S	T	A	V	L	I	F	Y	W	H	M	C	P
0	0.01300	0.00942	0.01300	0.01443	0.01657	0.00921	0.01258	0.01664	0.01815	0.02386	0.04032	0.08509	0.04361	0.02095	0.01065	0.00350	0.00722	0.58183	0.00715	0.05282
1	0.03447	0.01528	0.01951	0.01496	0.02113	0.01430	0.01235	0.16285	0.02568	0.54891	0.02878	0.02536	0.01837	0.00975	0.00797	0.00244	0.00715	0.00780	0.00943	0.01349
2	0.03265	0.01280	0.01741	0.01369	0.01925	0.01111	0.01116	0.03566	0.02223	0.60154	0.06807	0.06996	0.02472	0.01107	0.00818	0.00250	0.00645	0.00920	0.00961	0.01273
3	0.03558	0.01350	0.01840	0.01411	0.02024	0.01166	0.01166	0.03865	0.02270	0.67734	0.03128	0.02699	0.01963	0.00981	0.00797	0.00245	0.00675	0.00797	0.00981	0.01350
4	0.01112	0.00797	0.01077	0.01195	0.01325	0.00762	0.00921	0.01389	0.01814	0.02447	0.20829	0.33197	0.05608	0.02157	0.01020	0.00317	0.00528	0.22034	0.00770	0.00701
5	0.01074	0.00786	0.01008	0.01000	0.01167	0.00720	0.00732	0.01385	0.02060	0.02854	0.48894	0.18980	0.12731	0.01828	0.00951	0.00265	0.00394	0.01618	0.00833	0.00720
6	0.01872	0.02139	0.04679	0.03342	0.04144	0.02005	0.64305	0.02540	0.01872	0.02540	0.01604	0.02139	0.01203	0.00668	0.00936	0.00267	0.01337	0.00936	0.00401	0.01070
7	0.01278	0.00913	0.01278	0.01460	0.01643	0.00913	0.01278	0.01643	0.01825	0.02373	0.04199	0.08945	0.04564	0.02191	0.01095	0.00365	0.00730	0.61847	0.00730	0.00730
8	0.03050	0.01956	0.02191	0.01702	0.02314	0.02093	0.01399	0.43809	0.09258	0.20350	0.02332	0.02201	0.01602	0.00971	0.00796	0.00243	0.00800	0.00752	0.00841	0.01340
9	0.01478	0.00739	0.00739	0.00739	0.00924	0.00739	0.00554	0.01848	0.01663	0.02956	0.02587	0.02956	0.02033	0.00924	0.00554	0.00185	0.00370	0.00739	0.76534	0.00739
10	0.01235	0.00928	0.01237	0.09188	0.01782	0.00957	0.00984	0.07620	0.01749	0.02325	0.03778	0.56516	0.04366	0.02133	0.00965	0.00307	0.00571	0.01919	0.00697	0.00743
11	0.01133	0.00850	0.01274	0.01274	0.01416	0.00991	0.00991	0.01416	0.01274	0.01841	0.02124	0.03115	0.01982	0.05947	0.68989	0.01274	0.02124	0.00850	0.00425	0.00708
12	0.01498	0.01409	0.02378	0.70226	0.05462	0.01762	0.02202	0.02026	0.01586	0.02026	0.01409	0.02114	0.01057	0.00793	0.00793	0.00264	0.01057	0.00705	0.00352	0.00881
13	0.77733	0.01534	0.01166	0.01043	0.01534	0.01779	0.00859	0.02331	0.01350	0.03558	0.01104	0.01288	0.00859	0.00736	0.00491	0.00245	0.00613	0.00429	0.00491	0.00859
14	0.01250	0.00900	0.01239	0.01395	0.01583	0.00889	0.01207	0.01607	0.01853	0.02416	0.08665	0.08672	0.07930	0.02142	0.01076	0.00352	0.00689	0.54664	0.00740	0.00728
15	0.00996	0.00707	0.00934	0.01104	0.01153	0.00667	0.00743	0.01134	0.01506	0.02005	0.04221	0.63507	0.05033	0.07736	0.01245	0.00358	0.00497	0.05104	0.00716	0.00636
16	0.03558	0.01350	0.01840	0.01411	0.02024	0.01166	0.01166	0.03865	0.02270	0.67734	0.03128	0.02699	0.01963	0.00981	0.00797	0.00245	0.00675	0.00797	0.00981	0.01350
17	0.01122	0.00811	0.01060	0.00998	0.01185	0.00748	0.00748	0.01496	0.02245	0.03180	0.66766	0.05923	0.07482	0.01621	0.00935	0.00249	0.00374	0.01434	0.00873	0.00748
18	0.01498	0.01409	0.02378	0.70226	0.05462	0.01762	0.02202	0.02026	0.01586	0.02026	0.01409	0.02114	0.01057	0.00793	0.00793	0.00264	0.01057	0.00705	0.00352	0.00881
19	0.02877	0.01855	0.01843	0.01545	0.02046	0.14389	0.01222	0.03614	0.16860	0.34889	0.08053	0.02781	0.02344	0.01024	0.00795	0.00243	0.00785	0.00818	0.00822	0.01195
20	0.06609	0.01541	0.01769	0.06168	0.02190	0.01675	0.01237	0.03428	0.35302	0.12718	0.06163	0.02738	0.02258	0.01010	0.00832	0.00249	0.03110	0.00816	0.00734	0.09454
21	0.72669	0.01521	0.01212	0.01068	0.01567	0.01737	0.00880	0.02436	0.01412	0.07939	0.01242	0.01385	0.00934	0.00753	0.00512	0.00245	0.00618	0.00455	0.00524	0.00892
22	0.05288	0.00963	0.00970	0.00936	0.01235	0.00908	0.00712	0.01633	0.10309	0.02437	0.10448	0.06563	0.51214	0.01792	0.00895	0.00266	0.00442	0.01488	0.00740	0.00762
23	0.01498	0.01409	0.02378	0.70226	0.05462	0.01762	0.02202	0.02026	0.01586	0.02026	0.01409	0.02114	0.01057	0.00793	0.00793	0.00264	0.01057	0.00705	0.00352	0.00881
24	0.01957	0.01510	0.01718	0.01358	0.01960	0.01400	0.01077	0.02989	0.24958	0.09432	0.02243	0.02228	0.01706	0.00804	0.00688	0.00185	0.00611	0.00658	0.00644	0.41875
25	0.00987	0.00703	0.00934	0.01112	0.01162	0.00661	0.00751	0.01130	0.01519	0.02023	0.04296	0.66401	0.05129	0.04969	0.01124	0.00340	0.00483	0.04907	0.00727	0.00642
26	0.00946	0.00802	0.00806	0.00806	0.01063	0.00673	0.00598	0.01139	0.01781	0.02118	0.07810	0.07533	0.64279	0.04841	0.01062	0.00288	0.00416	0.01653	0.00726	0.00662
27	0.01644	0.01409	0.01644	0.01175	0.01879	0.01057	0.00940	0.01997	0.01644	0.02584	0.01409	0.01644	0.01175	0.00587	0.00587	0.00117	0.00587	0.00470	0.00470	0.76979
28	0.77733	0.01534	0.01166	0.01043	0.01534	0.01779	0.00859	0.02331	0.01350	0.03558	0.01104	0.01288	0.00859	0.00736	0.00491	0.00245	0.00613	0.00429	0.00491	0.00859
29	0.01115	0.00743	0.00954	0.01074	0.01173	0.00682	0.00730	0.01262	0.01571	0.05606	0.04603	0.56987	0.11762	0.06295	0.01163	0.00337	0.00483	0.02048	0.00735	0.00676
30	0.01230	0.00890	0.01135	0.01044	0.01257	0.00845	0.00791	0.05068	0.02329	0.03283	0.63092	0.05696	0.07135	0.01583	0.00927	0.00249	0.00402	0.01393	0.00868	0.00782
31	0.01792	0.01497	0.01724	0.01245	0.01942	0.01208	0.01001	0.08730	0.01869	0.02844	0.01463	0.01672	0.01193	0.00627	0.00609	0.00130	0.00618	0.00496	0.00505	0.68837
32	0.06738	0.01709	0.06735	0.01563	0.02043	0.03831	0.04345	0.18593	0.02356	0.15117	0.09446	0.18483	0.02935	0.01335	0.00843	0.00262	0.00738	0.01138	0.00738	0.01052
33	0.01830	0.02037	0.04208	0.06809	0.03900	0.02057	0.51317	0.02415	0.01755	0.02415	0.01507	0.02076	0.01170	0.00786	0.01183	0.00279	0.11949	0.00886	0.00390	0.01028
34	0.01108	0.00754	0.00899	0.00942	0.00960	0.00751	0.00567	0.01155	0.01246	0.01668	0.02922	0.20801	0.03396	0.52287	0.06623	0.00689	0.00765	0.01398	0.00538	0.00531
35	0.01498	0.01409	0.02378	0.70226	0.05462	0.01762	0.02202	0.02026	0.01586	0.02026	0.01409	0.02114	0.01057	0.00793	0.00793	0.00264	0.01057	0.00705	0.00352	0.00881
36	0.03372	0.01391	0.01835	0.01435	0.02029	0.01260	0.01176	0.03906	0.09728	0.60166	0.03140	0.02730	0.02017	0.00993	0.00799	0.00248	0.00669	0.00809	0.00961	0.01338
37	0.01153	0.00769	0.00865	0.00865	0.00865	0.00769	0.00480	0.01153	0.01153	0.01538	0.02499	0.05189	0.02883	0.72131	0.04036	0.00769	0.00769	0.01153	0.00480	0.00480
38	0.02967	0.02147	0.02316	0.01792	0.02413	0.02369	0.01475	0.57744	0.07898	0.07652	0.02048	0.02011	0.01449	0.00962	0.00794	0.00240	0.00847	0.00730	0.00803	0.01342
39	0.01150	0.00828	0.01102	0.01105	0.01285	0.00780	0.00865	0.01511	0.02119	0.02948	0.50028	0.09563	0.06732	0.01787	0.00974	0.00278	0.00457	0.14911	0.00835	0.00740
40	0.01703	0.01608	0.02665	0.41243	0.28847	0.01821	0.02235	0.02310	0.05420	0.02317	0.01547	0.02106	0.01213	0.00776	0.00791	0.00254	0.00988	0.00717	0.00394	0.01046
41	0.01963	0.01884	0.03219	0.04867	0.67185	0.01884	0.02434	0.02434	0.01806	0.02591	0.01492	0.01963	0.01256	0.00707	0.00785	0.00236	0.00942	0.00707	0.00393	0.01256

[dist]
# distance from previous block
# <min> <max>
1	3

[block]
# block no. 1 follows, 24 sequences, length 60
# corresponding to MSA columns:
# 61,66-124
name=unknown_B
#
# <colnr> <probs for GDERKNQSTAVLIFYWHMCP>
#	G	D	E	R	K	N	Q	S	T	A	V	L	I	F	Y	W	H	M	C	P
0	0.01740	0.01466	0.01696	0.01220	0.01920	0.01155	0.00979	0.06361	0.01790	0.02752	0.01444	0.01662	0.01187	0.00613	0.00602	0.00126	0.00607	0.00487	0.00492	0.71702
1	0.01701	0.13415	0.50945	0.02273	0.03329	0.02044	0.10616	0.02496	0.01691	0.02425	0.01402	0.01678	0.01032	0.00732	0.00743	0.00242	0.01148	0.00608	0.00344	0.01137
2	0.00988	0.00706	0.00944	0.01120	0.01178	0.00662	0.00766	0.01146	0.01559	0.02081	0.06432	0.66076	0.05283	0.02440	0.01014	0.00322	0.00472	0.05420	0.00740	0.00652
3	0.01612	0.08777	0.61419	0.02157	0.03263	0.01897	0.02750	0.02469	0.01688	0.02488	0.03496	0.01782	0.01213	0.00776	0.00742	0.00245	0.01124	0.00602	0.00352	0.01148
4	0.01773	0.17376	0.52873	0.02049	0.03102	0.02068	0.02551	0.02539	0.01686	0.05017	0.01429	0.01637	0.01046	0.00748	0.00707	0.00235	0.01089	0.00563	0.00362	0.01149
5	0.02962	0.03779	0.02247	0.02043	0.02451	0.68948	0.01532	0.03166	0.02247	0.01941	0.01226	0.01430	0.01021	0.00817	0.00715	0.00204	0.01430	0.00511	0.00409	0.00919
6	0.01644	0.01409	0.01644	0.01175	0.01879	0.01057	0.00940	0.01997	0.01644	0.02584	0.01409	0.01644	0.01175	0.00587	0.00587	0.00117	0.00587	0.00470	0.00470	0.76979
7	0.01144	0.00806	0.01052	0.01052	0.01117	0.00870	0.00714	0.01273	0.01209	0.01676	0.02327	0.04242	0.02472	0.41900	0.33705	0.01000	0.01388	0.01015	0.00455	0.00584
8	0.01136	0.00838	0.01218	0.01218	0.01340	0.00961	0.00921	0.01380	0.01258	0.01799	0.02176	0.03402	0.02107	0.15087	0.60019	0.01205	0.01937	0.00892	0.00432	0.00677
9	0.13906	0.06208	0.02252	0.06524	0.02507	0.22583	0.01459	0.29047	0.02665	0.03483	0.01503	0.01650	0.01139	0.00854	0.00710	0.00227	0.01015	0.00594	0.00577	0.01096
10	0.01963	0.01884	0.03219	0.04867	0.67185	0.01884	0.02434	0.02434	0.01806	0.02591	0.01492	0.01963	0.01256	0.00707	0.00785	0.00236	0.00942	0.00707	0.00393	0.01256
11	0.01133	0.00850	0.01274	0.01274	0.01416	0.00991	0.00991	0.01416	0.01274	0.01841	0.02124	0.03115	0.01982	0.05947	0.68989	0.01274	0.02124	0.00850	0.00425	0.00708
12	0.02043	0.02553	0.21349	0.02768	0.03642	0.01838	0.38504	0.02726	0.01877	0.12079	0.01779	0.02096	0.01261	0.00737	0.00866	0.00260	0.01195	0.00821	0.00468	0.01138
13	0.07156	0.36610	0.32883	0.01744	0.02633	0.02456	0.02035	0.02433	0.01622	0.02276	0.01248	0.01455	0.01001	0.00716	0.00618	0.00212	0.00978	0.00498	0.00348	0.01076
14	0.01956	0.01902	0.03321	0.04761	0.62786	0.01893	0.06751	0.02441	0.01810	0.02587	0.01499	0.01975	0.01252	0.00704	0.00796	0.00238	0.00970	0.00723	0.00393	0.01243
15	0.00937	0.00803	0.00803	0.00803	0.01071	0.00669	0.00602	0.01138	0.01807	0.02142	0.08033	0.07632	0.66863	0.02008	0.00937	0.00268	0.00402	0.01674	0.00736	0.00669
16	0.01719	0.01984	0.08129	0.28357	0.09369	0.01894	0.32139	0.02338	0.01746	0.02350	0.01510	0.02084	0.01139	0.00724	0.00858	0.00263	0.01191	0.00808	0.00378	0.01020
17	0.01875	0.02050	0.08345	0.10690	0.46044	0.01889	0.12588	0.02418	0.01785	0.02522	0.01497	0.01984	0.01209	0.00712	0.00808	0.00245	0.01035	0.00735	0.00386	0.01183
18	0.00983	0.00702	0.00939	0.01123	0.01176	0.00658	0.00765	0.01133	0.01535	0.02043	0.04362	0.68291	0.05209	0.02469	0.01017	0.00324	0.00474	0.05415	0.00736	0.00649
19	0.01498	0.01409	0.02378	0.70226	0.05462	0.01762	0.02202	0.02026	0.01586	0.02026	0.01409	0.02114	0.01057	0.00793	0.00793	0.00264	0.01057	0.00705	0.00352	0.00881
20	0.02868	0.02157	0.02431	0.05677	0.06608	0.02386	0.01602	0.57365	0.03495	0.04690	0.01852	0.01919	0.01327	0.00928	0.00793	0.00239	0.00887	0.00713	0.00745	0.01318
21	0.03083	0.01679	0.01979	0.01551	0.02132	0.01709	0.01270	0.26490	0.09221	0.34298	0.02652	0.02442	0.01783	0.00977	0.00784	0.00242	0.00728	0.00773	0.04900	0.01307
22	0.01927	0.01848	0.03154	0.09877	0.62453	0.01875	0.02416	0.02402	0.01789	0.02547	0.01485	0.01974	0.01241	0.00713	0.00786	0.00238	0.00951	0.00706	0.00389	0.01227
23	0.01644	0.01409	0.01644	0.01175	0.01879	0.01057	0.00940	0.01997	0.01644	0.02584	0.01409	0.01644	0.01175	0.00587	0.00587	0.00117	0.00587	0.00470	0.00470	0.76979
24	0.07670	0.02214	0.08312	0.03099	0.03900	0.01978	0.55660	0.02522	0.01819	0.02616	0.01555	0.02045	0.01165	0.00679	0.00890	0.00265	0.01271	0.00875	0.00404	0.01060
25	0.01590	0.04102	0.68023	0.02260	0.03432	0.01842	0.02930	0.02511	0.01674	0.02511	0.01423	0.01674	0.01005	0.00753	0.00753	0.00251	0.01172	0.00586	0.00335	0.01172
26	0.01139	0.00826	0.01153	0.01153	0.01253	0.00925	0.00840	0.01338	0.01238	0.01751	0.02235	0.03730	0.02250	0.25577	0.49724	0.01124	0.01722	0.00940	0.00441	0.00641
27	0.01983	0.02063	0.05519	0.09583	0.55549	0.06548	0.02372	0.02456	0.01815	0.02499	0.01464	0.01926	0.01215	0.00723	0.00780	0.00236	0.00994	0.00688	0.00388	0.01201
28	0.02843	0.03532	0.10868	0.01532	0.02169	0.01434	0.01403	0.09418	0.05896	0.40272	0.09735	0.02815	0.02382	0.01016	0.00800	0.00245	0.00731	0.00827	0.00837	0.01246
29	0.01468	0.01377	0.02294	0.66513	0.05227	0.01703	0.02117	0.01979	0.01597	0.02032	0.01764	0.02409	0.04576	0.00858	0.00801	0.00264	0.01022	0.00757	0.00373	0.00870
30	0.01036	0.00741	0.00999	0.01170	0.01250	0.00703	0.00845	0.01232	0.01617	0.02154	0.07590	0.55688	0.05226	0.02381	0.01025	0.00327	0.00509	0.14098	0.00742	0.00667
31	0.03898	0.06789	0.63438	0.02187	0.03319	0.01892	0.02804	0.02500	0.01662	0.02517	0.01401	0.01646	0.01001	0.00750	0.00736	0.00248	0.01142	0.00575	0.00340	0.01156
32	0.02025	0.01993	0.03084	0.04522	0.59752	0.06070	0.02316	0.02572	0.05168	0.02588	0.01566	0.01981	0.01302	0.00733	0.00782	0.00235	0.00956	0.00704	0.00415	0.01235
33	0.01540	0.01382	0.02240	0.61156	0.04940	0.01697	0.02033	0.04638	0.01678	0.02198	0.01606	0.04901	0.01283	0.00873	0.00790	0.00262	0.00992	0.00768	0.04140	0.00884
34	0.02185	0.02125	0.07435	0.05563	0.02577	0.06813	0.05595	0.13773	0.12273	0.06837	0.01772	0.02040	0.01381	0.01070	0.01407	0.00282	0.24507	0.00731	0.00547	0.01086
35	0.01804	0.11796	0.53402	0.02199	0.05698	0.01947	0.02604	0.02587	0.01714	0.06991	0.01507	0.01710	0.01083	0.00759	0.00729	0.00241	0.01090	0.00587	0.00383	0.01170
36	0.06852	0.01161	0.01438	0.01243	0.01638	0.01101	0.00997	0.05817	0.04407	0.26632	0.21439	0.07005	0.09139	0.01391	0.00862	0.00262	0.00569	0.06181	0.00854	0.01012
37	0.01919	0.01997	0.07117	0.06950	0.53817	0.01887	0.04374	0.02563	0.06693	0.02618	0.01621	0.02033	0.01320	0.00740	0.00790	0.00241	0.00949	0.00721	0.00419	0.01230
38	0.01853	0.01769	0.02953	0.19542	0.44558	0.01869	0.04725	0.02506	0.07584	0.02525	0.01635	0.02095	0.01314	0.00759	0.00795	0.00246	0.00956	0.00733	0.00421	0.01162
39	0.01603	0.10431	0.57792	0.02103	0.03158	0.01892	0.02645	0.02412	0.01659	0.02420	0.01574	0.05945	0.01267	0.00853	0.00746	0.00248	0.01097	0.00673	0.00360	0.01125
40	0.01629	0.01189	0.01444	0.01126	0.01639	0.00954	0.00887	0.01979	0.01903	0.08846	0.22982	0.03340	0.05597	0.01009	0.00732	0.00177	0.00520	0.00855	0.00658	0.42536
41	0.00983	0.00703	0.00936	0.01092	0.01154	0.00656	0.00737	0.01148	0.01599	0.02152	0.11289	0.64330	0.05493	0.02389	0.01004	0.00314	0.00451	0.02163	0.00751	0.00656
42	0.77733	0.01534	0.01166	0.01043	0.01534	0.01779	0.00859	0.02331	0.01350	0.03558	0.01104	0.01288	0.00859	0.00736	0.00491	0.00245	0.00613	0.00429	0.00491	0.00859
43	0.01733	0.01781	0.02406	0.11116	0.02590	0.06710	0.05049	0.01984	0.01415	0.01978	0.01669	0.02238	0.06096	0.01279	0.02016	0.00316	0.47600	0.00771	0.00385	0.00868
44	0.02837	0.02050	0.02191	0.01699	0.02282	0.02261	0.01397	0.57319	0.03490	0.04762	0.01983	0.02025	0.01427	0.00949	0.00766	0.00232	0.00815	0.00717	0.09518	0.01278
45	0.01861	0.02009	0.09040	0.13824	0.47315	0.01869	0.02356	0.02518	0.06663	0.02557	0.01606	0.02034	0.01293	0.00752	0.00785	0.00244	0.00956	0.00710	0.00413	0.01194
46	0.01872	0.02139	0.04679	0.03342	0.04144	0.02005	0.64305	0.02540	0.01872	0.02540	0.01604	0.02139	0.01203	0.00668	0.00936	0.00267	0.01337	0.00936	0.00401	0.01070
47	0.03334	0.01579	0.04476	0.01504	0.02133	0.01388	0.01279	0.11049	0.05731	0.54374	0.02922	0.02578	0.01876	0.00974	0.00796	0.00246	0.00715	0.00784	0.00925	0.01338
48	0.01617	0.07477	0.64876	0.02216	0.03363	0.01905	0.02852	0.02505	0.01671	0.02479	0.01407	0.01654	0.01005	0.00750	0.00741	0.00247	0.01156	0.00578	0.00335	0.01164
49	0.01153	0.00769	0.00865	0.00865	0.00865	0.00769	0.00480	0.01153	0.01153	0.01538	0.02499	0.05189	0.02883	0.72131	0.04036	0.00769	0.00769	0.01153	0.00480	0.00480
50	0.01228	0.00849	0.01008	0.00945	0.01200	0.00746	0.00717	0.01522	0.02056	0.07676	0.36298	0.06420	0.32931	0.01741	0.00926	0.00257	0.00409	0.01490	0.00822	0.00760
51	0.01705	0.01631	0.02825	0.29033	0.34698	0.01751	0.06372	0.02186	0.01705	0.02332	0.01689	0.07371	0.01484	0.00873	0.00816	0.00255	0.00975	0.00840	0.00404	0.01056
52	0.01096	0.00832	0.01116	0.04785	0.01423	0.00848	0.00851	0.01327	0.01675	0.02285	0.20903	0.31030	0.09384	0.08067	0.07478	0.00420	0.03475	0.01627	0.00688	0.00688
53	0.01223	0.00883	0.01205	0.01345	0.01527	0.00865	0.01145	0.01570	0.01866	0.02449	0.12556	0.11136	0.08809	0.02118	0.01061	0.00342	0.00652	0.47773	0.00749	0.00725
54	0.01631	0.09299	0.63177	0.02192	0.03326	0.01940	0.02811	0.02501	0.01669	0.02462	0.01399	0.01644	0.01006	0.00748	0.00735	0.00245	0.01147	0.00574	0.00335	0.01160
55	0.01914	0.02137	0.09589	0.10362	0.10986	0.01922	0.38223	0.02520	0.01807	0.06472	0.01619	0.02089	0.01214	0.00750	0.00966	0.00265	0.04824	0.00834	0.00422	0.01086
56	0.01636	0.03803	0.58735	0.02499	0.06907	0.01859	0.08545	0.02510	0.01699	0.02518	0.01443	0.01732	0.01036	0.00743	0.00772	0.00252	0.01175	0.00625	0.00344	0.01167
57	0.01294	0.01072	0.04773	0.01428	0.04666	0.00933	0.01047	0.04772	0.01689	0.04043	0.03694	0.42679	0.04186	0.09076	0.01284	0.00359	0.00622	0.10947	0.00681	0.00756
58	0.01647	0.13446	0.52218	0.02057	0.03049	0.01994	0.02533	0.02408	0.01673	0.02427	0.04860	0.01848	0.01355	0.00821	0.00820	0.00244	0.04508	0.00614	0.00365	0.01113
59	0.02035	0.02224	0.11388	0.04161	0.49735	0.04455	0.05702	0.02554	0.01835	0.06043	0.01566	0.01954	0.01250	0.00729	0.00787	0.00239	0.00997	0.00701	0.00418	0.01227

[dist]
# distance from previous block
# <min> <max>
0	9

[block]
# block no. 2 follows, 24 sequences, length 114
# corresponding to MSA columns:
# 134-247
name=unknown_C
#
# <colnr> <probs for GDERKNQSTAVLIFYWHMCP>
#	G	D	E	R	K	N	Q	S	T	A	V	L	I	F	Y	W	H	M	C	P
0	0.26114	0.01744	0.07698	0.01411	0.02008	0.01581	0.01253	0.08951	0.06693	0.28410	0.04995	0.02251	0.01747	0.00916	0.00705	0.00247	0.00704	0.00691	0.00735	0.01148
1	0.05182	0.04724	0.02285	0.01675	0.02315	0.02212	0.01389	0.48845	0.03224	0.07836	0.01848	0.01869	0.01330	0.00889	0.00746	0.00220	0.00816	0.00667	0.00734	0.11194
2	0.67351	0.05780	0.01420	0.04049	0.01750	0.01838	0.00957	0.02374	0.01407	0.05619	0.01187	0.01372	0.00915	0.00744	0.00515	0.00242	0.00649	0.00454	0.00493	0.00886
3	0.55158	0.01494	0.01399	0.06581	0.01934	0.01675	0.01029	0.04922	0.01628	0.12496	0.04199	0.01770	0.01327	0.00821	0.00588	0.00247	0.00657	0.00556	0.00577	0.00944
4	0.01153	0.00769	0.00865	0.00865	0.00865	0.00769	0.00480	0.01153	0.01153	0.01538	0.02499	0.05189	0.02883	0.72131	0.04036	0.00769	0.00769	0.01153	0.00480	0.00480
5	0.02130	0.01708	0.01827	0.01612	0.02081	0.01946	0.01263	0.07381	0.58355	0.07584	0.03151	0.02886	0.02334	0.01063	0.00806	0.00266	0.00644	0.00880	0.00817	0.01266
6	0.01918	0.01861	0.03243	0.10257	0.57913	0.01882	0.06427	0.02406	0.01791	0.02540	0.01492	0.01987	0.01236	0.00711	0.00795	0.00240	0.00977	0.00721	0.00390	0.01212
7	0.02727	0.22966	0.02779	0.01852	0.02335	0.50603	0.01483	0.02946	0.02070	0.01920	0.01191	0.01386	0.01020	0.00778	0.00658	0.00195	0.01268	0.00487	0.00389	0.00947
8	0.01963	0.01884	0.03219	0.04867	0.67185	0.01884	0.02434	0.02434	0.01806	0.02591	0.01492	0.01963	0.01256	0.00707	0.00785	0.00236	0.00942	0.00707	0.00393	0.01256
9	0.02040	0.01737	0.01831	0.01627	0.02088	0.02004	0.01272	0.08127	0.61729	0.03426	0.03142	0.02890	0.02351	0.01068	0.00806	0.00267	0.00643	0.00885	0.00806	0.01261
10	0.00966	0.00690	0.00920	0.01104	0.01150	0.00644	0.00736	0.01104	0.01518	0.02024	0.04371	0.71614	0.05245	0.02484	0.01012	0.00322	0.00460	0.02254	0.00736	0.00644
11	0.48478	0.17212	0.01962	0.01192	0.01745	0.02029	0.01035	0.05141	0.01624	0.11422	0.01395	0.01490	0.01055	0.00764	0.00546	0.00228	0.00684	0.00487	0.00533	0.00977
12	0.03014	0.02221	0.02380	0.01825	0.02459	0.02459	0.01507	0.64541	0.03728	0.04998	0.01904	0.01904	0.01349	0.00952	0.00793	0.00238	0.00873	0.00714	0.00793	0.01349
13	0.00937	0.00803	0.00803	0.00803	0.01071	0.00669	0.00602	0.01138	0.01807	0.02142	0.08033	0.07632	0.66863	0.02008	0.00937	0.00268	0.00402	0.01674	0.00736	0.00669
14	0.00974	0.00693	0.00918	0.01094	0.01138	0.00649	0.00725	0.01106	0.01503	0.02004	0.04292	0.68832	0.05146	0.05401	0.01139	0.00341	0.00473	0.02208	0.00725	0.00637
15	0.02921	0.07115	0.02340	0.02010	0.02431	0.65758	0.01524	0.03128	0.02216	0.01937	0.01220	0.01422	0.01021	0.00810	0.00705	0.00203	0.01402	0.00507	0.00405	0.00924
16	0.00984	0.00722	0.00929	0.01087	0.01174	0.00667	0.00756	0.01148	0.01582	0.02066	0.04885	0.57882	0.14066	0.02395	0.01007	0.00317	0.00471	0.06470	0.00736	0.00654
17	0.01899	0.35703	0.36359	0.01815	0.02741	0.02420	0.02146	0.02491	0.01664	0.04302	0.01329	0.01521	0.01041	0.00726	0.00642	0.00213	0.01006	0.00518	0.00358	0.01106
18	0.01249	0.00936	0.01349	0.01665	0.07425	0.00922	0.01225	0.01558	0.01734	0.02291	0.04004	0.26554	0.04463	0.02142	0.01043	0.00341	0.00671	0.38974	0.00701	0.00753
19	0.01004	0.00806	0.00896	0.00873	0.01112	0.00698	0.00655	0.01267	0.01965	0.02515	0.29139	0.07018	0.45525	0.01869	0.00937	0.00261	0.00392	0.01588	0.00785	0.00698
20	0.01862	0.02081	0.06749	0.08956	0.25819	0.01938	0.35669	0.02463	0.01818	0.02517	0.01543	0.02057	0.01201	0.00695	0.00865	0.00256	0.01173	0.00824	0.00392	0.01123
21	0.05322	0.59456	0.13413	0.01476	0.02219	0.02888	0.01566	0.02393	0.01609	0.02034	0.01150	0.01332	0.01009	0.00692	0.00544	0.00185	0.00885	0.00448	0.00345	0.01033
22	0.01794	0.01664	0.02766	0.04081	0.52704	0.01657	0.02143	0.02233	0.01809	0.02530	0.02291	0.03433	0.05280	0.01024	0.00845	0.00259	0.00878	0.11004	0.00467	0.01137
23	0.02418	0.01925	0.02044	0.01704	0.02232	0.02180	0.01363	0.29997	0.39244	0.04035	0.02662	0.02508	0.01962	0.01023	0.00801	0.00256	0.00732	0.00819	0.00801	0.01295
24	0.77733	0.01534	0.01166	0.01043	0.01534	0.01779	0.00859	0.02331	0.01350	0.03558	0.01104	0.01288	0.00859	0.00736	0.00491	0.00245	0.00613	0.00429	0.00491	0.00859
25	0.05530	0.06238	0.42513	0.02097	0.05603	0.01888	0.02313	0.08333	0.07071	0.05291	0.01777	0.04778	0.01371	0.00874	0.00752	0.00250	0.01000	0.00692	0.00467	0.01161
26	0.01590	0.04102	0.68023	0.02260	0.03432	0.01842	0.02930	0.02511	0.01674	0.02511	0.01423	0.01674	0.01005	0.00753	0.00753	0.00251	0.01172	0.00586	0.00335	0.01172
27	0.00956	0.00798	0.00833	0.00837	0.01086	0.00675	0.00623	0.01169	0.01832	0.02231	0.13233	0.10858	0.58151	0.01998	0.00941	0.00269	0.00402	0.01682	0.00749	0.00675
28	0.19610	0.01582	0.01790	0.01424	0.02001	0.01607	0.01170	0.14980	0.07311	0.36795	0.02461	0.02260	0.01641	0.00929	0.00730	0.00246	0.00695	0.00709	0.00825	0.01234
29	0.01660	0.03639	0.53460	0.02588	0.06929	0.01873	0.13694	0.02512	0.01716	0.02521	0.01459	0.01771	0.01053	0.00736	0.00787	0.00253	0.01189	0.00654	0.00350	0.01158
30	0.00964	0.00697	0.00913	0.01086	0.01145	0.00646	0.00728	0.01106	0.01536	0.02031	0.04590	0.67781	0.08936	0.02456	0.01008	0.00319	0.00457	0.02220	0.00736	0.00646
31	0.01377	0.00689	0.01033	0.01033	0.01033	0.00689	0.00689	0.01033	0.01033	0.01377	0.01377	0.02410	0.01377	0.02755	0.03099	0.76928	0.00689	0.00689	0.00344	0.00344
32	0.01364	0.01042	0.01502	0.07095	0.05888	0.01081	0.01419	0.01825	0.04405	0.02397	0.03777	0.07744	0.04002	0.01946	0.01041	0.00345	0.00765	0.50883	0.00683	0.00795
33	0.01961	0.02282	0.07626	0.06294	0.23120	0.08046	0.31110	0.02517	0.01836	0.02454	0.01495	0.01976	0.01179	0.00732	0.00918	0.00254	0.03917	0.00788	0.00391	0.01103
34	0.01134	0.00843	0.01242	0.01242	0.01372	0.00973	0.00950	0.01395	0.01265	0.01816	0.02154	0.03282	0.02055	0.11261	0.63774	0.01234	0.02015	0.00874	0.00429	0.00690
35	0.01139	0.00824	0.01146	0.01146	0.01243	0.00922	0.00831	0.01334	0.01236	0.01746	0.02241	0.03765	0.02264	0.26673	0.48649	0.01116	0.01700	0.00945	0.00442	0.00637
36	0.03153	0.01999	0.02242	0.01719	0.02348	0.02129	0.01420	0.49054	0.03356	0.21010	0.02216	0.02107	0.01505	0.00959	0.00794	0.00240	0.00822	0.00735	0.00841	0.01349
37	0.02235	0.01709	0.01961	0.01886	0.07754	0.01896	0.01363	0.07928	0.48299	0.11340	0.02978	0.02771	0.02193	0.01024	0.00803	0.00261	0.00677	0.00856	0.00792	0.01273
38	0.01945	0.01866	0.03187	0.07334	0.64855	0.01880	0.02425	0.02418	0.01797	0.02569	0.01488	0.01968	0.01249	0.00710	0.00785	0.00237	0.00946	0.00706	0.00391	0.01242
39	0.02091	0.65786	0.06510	0.01601	0.05991	0.03014	0.01481	0.02383	0.01625	0.01933	0.01138	0.01329	0.01031	0.00683	0.00535	0.00177	0.00866	0.00447	0.00342	0.01038
40	0.01972	0.01703	0.01793	0.01614	0.02062	0.01972	0.01255	0.04214	0.65752	0.03317	0.03228	0.02959	0.02421	0.01076	0.00807	0.00269	0.00628	0.00897	0.00807	0.01255
41	0.00950	0.00804	0.00822	0.00817	0.01079	0.00675	0.00613	0.01164	0.01839	0.02216	0.12217	0.07510	0.62633	0.01981	0.00937	0.00266	0.00400	0.01657	0.00746	0.00675
42	0.07769	0.02088	0.02203	0.01709	0.02307	0.02312	0.01408	0.56750	0.03450	0.04782	0.01893	0.01927	0.01358	0.00936	0.00759	0.00235	0.00826	0.00697	0.05311	0.01280
43	0.03558	0.01350	0.01840	0.01411	0.02024	0.01166	0.01166	0.03865	0.02270	0.67734	0.03128	0.02699	0.01963	0.00981	0.00797	0.00245	0.00675	0.00797	0.00981	0.01350
44	0.04804	0.00927	0.01189	0.01065	0.01333	0.00859	0.00819	0.01909	0.02210	0.13478	0.53808	0.05211	0.06318	0.01481	0.00894	0.00249	0.00432	0.01290	0.00874	0.00849
45	0.00946	0.00804	0.00816	0.00813	0.01077	0.00673	0.00610	0.01156	0.01829	0.02193	0.10914	0.07548	0.63950	0.01989	0.00937	0.00267	0.00400	0.01662	0.00743	0.00673
46	0.01644	0.01409	0.01644	0.01175	0.01879	0.01057	0.00940	0.01997	0.01644	0.02584	0.01409	0.01644	0.01175	0.00587	0.00587	0.00117	0.00587	0.00470	0.00470	0.76979
47	0.27240	0.01908	0.04575	0.01516	0.02078	0.02035	0.01277	0.23788	0.18522	0.06507	0.02006	0.01991	0.01470	0.00905	0.00696	0.00249	0.00730	0.00665	0.00686	0.01157
48	0.06725	0.04732	0.08646	0.02354	0.02955	0.05119	0.22293	0.18826	0.02201	0.03083	0.01501	0.01851	0.01160	0.00894	0.01139	0.00265	0.13931	0.00737	0.00493	0.01094
49	0.01558	0.01301	0.01400	0.01311	0.01661	0.01396	0.01020	0.05155	0.33139	0.02881	0.07331	0.08257	0.22745	0.01533	0.00883	0.00276	0.00557	0.05828	0.00778	0.00989
50	0.01143	0.00810	0.01075	0.01075	0.01147	0.00883	0.00742	0.01288	0.01215	0.01693	0.02307	0.04126	0.02421	0.38198	0.37338	0.01028	0.01464	0.00998	0.00452	0.00597
51	0.01749	0.22528	0.48029	0.02126	0.05739	0.02194	0.02484	0.02471	0.01663	0.02340	0.01339	0.01578	0.01019	0.00731	0.00689	0.00228	0.01075	0.00547	0.00338	0.01134
52	0.01264	0.00977	0.01246	0.01304	0.04144	0.00971	0.00938	0.01868	0.11246	0.02867	0.36139	0.15641	0.08764	0.01711	0.00938	0.00275	0.00485	0.07599	0.00801	0.00822
53	0.01039	0.00836	0.00945	0.01000	0.01242	0.00742	0.00804	0.01289	0.01813	0.02211	0.06886	0.08024	0.48232	0.02063	0.00984	0.00297	0.00500	0.19669	0.00735	0.00688
54	0.01456	0.01095	0.01278	0.01254	0.04437	0.01129	0.00828	0.10932	0.01788	0.02369	0.08005	0.04924	0.15516	0.35870	0.02487	0.00508	0.03635	0.01169	0.00597	0.00723
55	0.09406	0.02474	0.02176	0.05880	0.02511	0.21037	0.01466	0.31511	0.05546	0.07827	0.01749	0.01826	0.01282	0.00893	0.00746	0.00232	0.00995	0.00644	0.00645	0.01153
56	0.01498	0.01409	0.02378	0.70226	0.05462	0.01762	0.02202	0.02026	0.01586	0.02026	0.01409	0.02114	0.01057	0.00793	0.00793	0.00264	0.01057	0.00705	0.00352	0.00881
57	0.03307	0.01753	0.02090	0.01602	0.02225	0.01764	0.01324	0.31927	0.02944	0.38719	0.02562	0.02331	0.01679	0.00968	0.00796	0.00242	0.00766	0.00759	0.00894	0.01349
58	0.04359	0.02061	0.07252	0.06843	0.44461	0.05096	0.07370	0.02504	0.04483	0.02578	0.01654	0.02253	0.01391	0.00794	0.00797	0.00246	0.00986	0.03281	0.00423	0.01168
59	0.02787	0.02013	0.02253	0.01904	0.06182	0.02196	0.01465	0.50228	0.05888	0.07618	0.02124	0.04984	0.01609	0.01007	0.00793	0.00241	0.00820	0.00791	0.03810	0.01285
60	0.01653	0.01056	0.00964	0.00921	0.01143	0.06216	0.00699	0.04969	0.01790	0.02920	0.02424	0.02793	0.01917	0.01163	0.03936	0.00242	0.00564	0.00725	0.63124	0.00781
61	0.01653	0.01439	0.01766	0.01262	0.01970	0.01095	0.03489	0.02019	0.01653	0.02582	0.01417	0.01664	0.01176	0.00591	0.00601	0.00123	0.00617	0.00489	0.00467	0.73924
62	0.01655	0.01273	0.01529	0.01508	0.01816	0.01370	0.01256	0.09443	0.19925	0.02996	0.08604	0.06241	0.03833	0.01695	0.00968	0.00315	0.00690	0.33166	0.00770	0.00948
63	0.01153	0.00769	0.00865	0.00865	0.00865	0.00769	0.00480	0.01153	0.01153	0.01538	0.02499	0.05189	0.02883	0.72131	0.04036	0.00769	0.00769	0.01153	0.00480	0.00480
64	0.00973	0.00695	0.00926	0.01100	0.01152	0.00649	0.00737	0.01121	0.01549	0.02073	0.07014	0.68831	0.05340	0.02448	0.01009	0.00319	0.00456	0.02220	0.00742	0.00649
65	0.01133	0.00850	0.01274	0.01274	0.01416	0.00991	0.00991	0.01416	0.01274	0.01841	0.02124	0.03115	0.01982	0.05947	0.68989	0.01274	0.02124	0.00850	0.00425	0.00708
66	0.03480	0.01367	0.01838	0.01421	0.02026	0.01205	0.01170	0.03882	0.05384	0.64574	0.03133	0.02712	0.01985	0.00986	0.00798	0.00247	0.00672	0.00802	0.00973	0.01345
67	0.00966	0.00690	0.00920	0.01104	0.01150	0.00644	0.00736	0.01104	0.01518	0.02024	0.04371	0.71614	0.05245	0.02484	0.01012	0.00322	0.00460	0.02254	0.00736	0.00644
68	0.01644	0.01409	0.01644	0.01175	0.01879	0.01057	0.00940	0.01997	0.01644	0.02584	0.01409	0.01644	0.01175	0.00587	0.00587	0.00117	0.00587	0.00470	0.00470	0.76979
69	0.01793	0.01986	0.04196	0.17375	0.04421	0.01954	0.51275	0.02432	0.01812	0.02432	0.01563	0.02134	0.01173	0.00695	0.00906	0.00267	0.01278	0.00887	0.00391	0.01030
70	0.01996	0.02055	0.07341	0.09601	0.49789	0.04400	0.05636	0.02495	0.01818	0.05043	0.01540	0.01974	0.01240	0.00729	0.00789	0.00240	0.00995	0.00707	0.00410	0.01202
71	0.01612	0.06887	0.65426	0.02223	0.03375	0.01894	0.02866	0.02506	0.01672	0.02485	0.01410	0.01658	0.01005	0.00750	0.00743	0.00248	0.01159	0.00579	0.00335	0.01166
72	0.77733	0.01534	0.01166	0.01043	0.01534	0.01779	0.00859	0.02331	0.01350	0.03558	0.01104	0.01288	0.00859	0.00736	0.00491	0.00245	0.00613	0.00429	0.00491	0.00859
73	0.01133	0.00850	0.01274	0.01274	0.01416	0.00991	0.00991	0.01416	0.01274	0.01841	0.02124	0.03115	0.01982	0.05947	0.68989	0.01274	0.02124	0.00850	0.00425	0.00708
74	0.01590	0.04102	0.68023	0.02260	0.03432	0.01842	0.02930	0.02511	0.01674	0.02511	0.01423	0.01674	0.01005	0.00753	0.00753	0.00251	0.01172	0.00586	0.00335	0.01172
75	0.01153	0.00769	0.00865	0.00865	0.00865	0.00769	0.00480	0.01153	0.01153	0.01538	0.02499	0.05189	0.02883	0.72131	0.04036	0.00769	0.00769	0.01153	0.00480	0.00480
76	0.01153	0.00769	0.00865	0.00865	0.00865	0.00769	0.00480	0.01153	0.01153	0.01538	0.02499	0.05189	0.02883	0.72131	0.04036	0.00769	0.00769	0.01153	0.00480	0.00480
77	0.01052	0.00755	0.01000	0.01068	0.01186	0.00703	0.00763	0.01309	0.01871	0.02580	0.33641	0.38339	0.06268	0.02068	0.00979	0.00290	0.00430	0.04201	0.00800	0.00696
78	0.74516	0.01526	0.01195	0.01059	0.01555	0.01752	0.00872	0.02398	0.01389	0.06341	0.01192	0.01349	0.00907	0.00747	0.00504	0.00245	0.00616	0.00445	0.00512	0.00880
79	0.01872	0.02139	0.04679	0.03342	0.04144	0.02005	0.64305	0.02540	0.01872	0.02540	0.01604	0.02139	0.01203	0.00668	0.00936	0.00267	0.01337	0.00936	0.00401	0.01070
80	0.01377	0.00689	0.01033	0.01033	0.01033	0.00689	0.00689	0.01033	0.01033	0.01377	0.01377	0.02410	0.01377	0.02755	0.03099	0.76928	0.00689	0.00689	0.00344	0.00344
81	0.03158	0.01991	0.02237	0.01715	0.02344	0.02117	0.01417	0.48495	0.03343	0.21588	0.02228	0.02114	0.01511	0.00960	0.00794	0.00240	0.00820	0.00736	0.00843	0.01349
82	0.57846	0.04348	0.01521	0.12012	0.02206	0.01791	0.01111	0.02384	0.01457	0.07410	0.01284	0.01510	0.00968	0.00759	0.00559	0.00245	0.00697	0.00497	0.00495	0.00900
83	0.01860	0.01937	0.02792	0.02274	0.02499	0.07550	0.14699	0.04267	0.01539	0.02157	0.01403	0.05987	0.01336	0.01243	0.01946	0.00314	0.44056	0.00824	0.00402	0.00917
84	0.01595	0.03851	0.61305	0.06710	0.03591	0.01843	0.05266	0.02481	0.01676	0.02481	0.01429	0.01721	0.01016	0.00753	0.00763	0.00253	0.01171	0.00607	0.00339	0.01149
85	0.00966	0.00690	0.00920	0.01104	0.01150	0.00644	0.00736	0.01104	0.01518	0.02024	0.04371	0.71614	0.05245	0.02484	0.01012	0.00322	0.00460	0.02254	0.00736	0.00644
86	0.01735	0.01735	0.02429	0.02082	0.02082	0.02429	0.01735	0.01908	0.01214	0.01908	0.01041	0.01735	0.01041	0.01388	0.02602	0.00347	0.70680	0.00694	0.00347	0.00867
87	0.01145	0.00765	0.00867	0.00875	0.00877	0.00764	0.00491	0.01151	0.01168	0.01558	0.02577	0.07971	0.02982	0.69215	0.03909	0.00750	0.00756	0.01199	0.00491	0.00487
88	0.02017	0.01726	0.01818	0.01623	0.02079	0.01993	0.01266	0.06807	0.63086	0.03389	0.03171	0.02913	0.02375	0.01071	0.00806	0.00268	0.00638	0.00889	0.00806	0.01259
89	0.03014	0.02221	0.02380	0.01825	0.02459	0.02459	0.01507	0.64541	0.03728	0.04998	0.01904	0.01904	0.01349	0.00952	0.00793	0.00238	0.00873	0.00714	0.00793	0.01349
90	0.00973	0.00695	0.00926	0.01100	0.01152	0.00648	0.00737	0.01121	0.01549	0.02073	0.06988	0.68858	0.05339	0.02448	0.01009	0.00319	0.00456	0.02220	0.00742	0.00648
91	0.00937	0.00803	0.00803	0.00803	0.01071	0.00669	0.00602	0.01138	0.01807	0.02142	0.08033	0.07632	0.66863	0.02008	0.00937	0.00268	0.00402	0.01674	0.00736	0.00669
92	0.02962	0.03779	0.02247	0.02043	0.02451	0.68948	0.01532	0.03166	0.02247	0.01941	0.01226	0.01430	0.01021	0.00817	0.00715	0.00204	0.01430	0.00511	0.00409	0.00919
93	0.01096	0.00810	0.01024	0.00970	0.01169	0.00737	0.00728	0.01446	0.02183	0.03034	0.58513	0.06163	0.15826	0.01676	0.00936	0.00252	0.00378	0.01468	0.00854	0.00737
94	0.01872	0.02139	0.04679	0.03342	0.04144	0.02005	0.64305	0.02540	0.01872	0.02540	0.01604	0.02139	0.01203	0.00668	0.00936	0.00267	0.01337	0.00936	0.00401	0.01070
95	0.01872	0.01589	0.01718	0.01591	0.02001	0.01819	0.01258	0.03840	0.56469	0.03180	0.03369	0.03828	0.02732	0.01238	0.00849	0.00283	0.00642	0.09748	0.00796	0.01179
96	0.01277	0.00901	0.01234	0.01329	0.01441	0.00939	0.01025	0.01495	0.01618	0.05591	0.03904	0.41920	0.04426	0.02202	0.01193	0.00333	0.07932	0.19801	0.00706	0.00731
97	0.74899	0.01560	0.01212	0.01072	0.01569	0.01805	0.00883	0.04690	0.01440	0.03612	0.01134	0.01312	0.00877	0.00744	0.00502	0.00245	0.00623	0.00440	0.00502	0.00877
98	0.01687	0.03967	0.64776	0.02219	0.03363	0.01808	0.02843	0.02578	0.01703	0.05711	0.01507	0.01724	0.01052	0.00765	0.00756	0.00251	0.01148	0.00596	0.00367	0.01181
99	0.02771	0.03273	0.02266	0.02008	0.02389	0.50839	0.01544	0.09431	0.04852	0.02310	0.01354	0.01580	0.01115	0.00914	0.00967	0.00229	0.10159	0.00571	0.00457	0.00971
100	0.03558	0.01350	0.01840	0.01411	0.02024	0.01166	0.01166	0.03865	0.02270	0.67734	0.03128	0.02699	0.01963	0.00981	0.00797	0.00245	0.00675	0.00797	0.00981	0.01350
101	0.01644	0.01409	0.01644	0.01175	0.01879	0.01057	0.00940	0.01997	0.01644	0.02584	0.01409	0.01644	0.01175	0.00587	0.00587	0.00117	0.00587	0.00470	0.00470	0.76979
102	0.03014	0.02221	0.02380	0.01825	0.02459	0.02459	0.01507	0.64541	0.03728	0.04998	0.01904	0.01904	0.01349	0.00952	0.00793	0.00238	0.00873	0.00714	0.00793	0.01349
103	0.01872	0.02139	0.04679	0.03342	0.04144	0.02005	0.64305	0.02540	0.01872	0.02540	0.01604	0.02139	0.01203	0.00668	0.00936	0.00267	0.01337	0.00936	0.00401	0.01070
104	0.00999	0.00713	0.00958	0.01142	0.01202	0.00672	0.00793	0.01161	0.01551	0.02061	0.04353	0.65027	0.05173	0.02453	0.01021	0.00327	0.00488	0.08518	0.00735	0.00653
105	0.00959	0.00804	0.00833	0.00826	0.01084	0.00679	0.00619	0.01180	0.01858	0.02263	0.14843	0.07433	0.59978	0.01963	0.00937	0.00266	0.00398	0.01646	0.00752	0.00679
106	0.00965	0.00696	0.00914	0.01088	0.01146	0.00645	0.00729	0.01106	0.01534	0.02031	0.04564	0.68231	0.08503	0.02459	0.01008	0.00319	0.00457	0.02224	0.00736	0.00645
107	0.01229	0.00991	0.01459	0.01404	0.01523	0.01221	0.01110	0.01495	0.01265	0.01852	0.01951	0.02894	0.01832	0.05217	0.58360	0.01126	0.13100	0.00825	0.00412	0.00734
108	0.01735	0.01735	0.02429	0.02082	0.02082	0.02429	0.01735	0.01908	0.01214	0.01908	0.01041	0.01735	0.01041	0.01388	0.02602	0.00347	0.70680	0.00694	0.00347	0.00867
109	0.01134	0.00844	0.01248	0.01248	0.01380	0.00977	0.00958	0.01399	0.01267	0.01821	0.02148	0.03250	0.02041	0.10240	0.64776	0.01242	0.02036	0.00869	0.00428	0.00693
110	0.02084	0.01684	0.01877	0.01423	0.02072	0.01588	0.01147	0.20284	0.11216	0.03380	0.01806	0.01903	0.01399	0.00760	0.00677	0.00173	0.00675	0.00600	0.00610	0.44643
111	0.02023	0.60067	0.15848	0.01522	0.02291	0.02900	0.01645	0.02400	0.01623	0.01984	0.01161	0.01346	0.01015	0.00692	0.00554	0.00185	0.00907	0.00454	0.00338	0.01046
112	0.00977	0.00695	0.00917	0.01090	0.01133	0.00652	0.00721	0.01107	0.01496	0.01995	0.04258	0.67635	0.05103	0.06657	0.01193	0.00349	0.00479	0.02188	0.00721	0.00634
113	0.01837	0.02023	0.07450	0.08269	0.34965	0.01863	0.23593	0.02392	0.01794	0.02508	0.01642	0.04948	0.01378	0.00777	0.00845	0.00253	0.01078	0.00843	0.00404	0.01137

[dist]
# distance from previous block
# <min> <max>
0	1

[block]
# block no. 3 follows, 24 sequences, length 71
# corresponding to MSA columns:
# 249-319
name=unknown_D
#
# <colnr> <probs for GDERKNQSTAVLIFYWHMCP>
#	G	D	E	R	K	N	Q	S	T	A	V	L	I	F	Y	W	H	M	C	P
0	0.02039	0.32685	0.26817	0.01853	0.02692	0.04930	0.05475	0.05464	0.04251	0.04889	0.01448	0.01621	0.01129	0.00750	0.00664	0.00216	0.01000	0.00560	0.00407	0.01110
1	0.01940	0.01861	0.03178	0.08056	0.64174	0.01878	0.02422	0.02414	0.01795	0.02563	0.01488	0.01970	0.01246	0.00711	0.00785	0.00237	0.00948	0.00706	0.00391	0.01238
2	0.62065	0.13514	0.01716	0.03744	0.01769	0.02007	0.00994	0.02327	0.01403	0.03214	0.01116	0.01317	0.00893	0.00729	0.00505	0.00233	0.00670	0.00439	0.00460	0.00886
3	0.01030	0.00800	0.00937	0.00916	0.01132	0.00707	0.00682	0.01313	0.02007	0.02648	0.36804	0.10441	0.34046	0.01844	0.00941	0.00262	0.00391	0.01589	0.00804	0.00707
4	0.01122	0.00811	0.01060	0.00998	0.01185	0.00748	0.00748	0.01496	0.02245	0.03180	0.66766	0.05923	0.07482	0.01621	0.00935	0.00249	0.00374	0.01434	0.00873	0.00748
5	0.00973	0.00693	0.00918	0.01095	0.01139	0.00649	0.00726	0.01106	0.01504	0.02006	0.04300	0.69116	0.05156	0.05103	0.01126	0.00339	0.00472	0.02213	0.00726	0.00638
6	0.01243	0.00888	0.01236	0.01410	0.01579	0.00881	0.01207	0.01587	0.01812	0.02370	0.06528	0.14752	0.04736	0.02197	0.01082	0.00357	0.00692	0.53985	0.00736	0.00723
7	0.01972	0.01703	0.01793	0.01614	0.02062	0.01972	0.01255	0.04214	0.65752	0.03317	0.03228	0.02959	0.02421	0.01076	0.00807	0.00269	0.00628	0.00897	0.00807	0.01255
8	0.03558	0.01350	0.01840	0.01411	0.02024	0.01166	0.01166	0.03865	0.02270	0.67734	0.03128	0.02699	0.01963	0.00981	0.00797	0.00245	0.00675	0.00797	0.00981	0.01350
9	0.01590	0.04102	0.68023	0.02260	0.03432	0.01842	0.02930	0.02511	0.01674	0.02511	0.01423	0.01674	0.01005	0.00753	0.00753	0.00251	0.01172	0.00586	0.00335	0.01172
10	0.01255	0.00922	0.01296	0.05287	0.01802	0.00933	0.01265	0.01608	0.01792	0.02321	0.04227	0.12388	0.07257	0.02122	0.01066	0.00352	0.00717	0.51949	0.00710	0.00731
11	0.02120	0.72609	0.04155	0.01357	0.02035	0.03138	0.01357	0.02374	0.01611	0.01866	0.01102	0.01272	0.01018	0.00678	0.00509	0.00170	0.00848	0.00424	0.00339	0.01018
12	0.04904	0.01559	0.01800	0.05258	0.02180	0.01421	0.01132	0.11631	0.07662	0.06026	0.01712	0.01862	0.01329	0.00721	0.00655	0.00168	0.00665	0.00571	0.00566	0.48179
13	0.01918	0.01838	0.03137	0.11199	0.61205	0.01872	0.02411	0.02394	0.01784	0.02536	0.01484	0.01977	0.01237	0.00715	0.00786	0.00238	0.00953	0.00706	0.00389	0.01220
14	0.01202	0.00764	0.00846	0.00846	0.00874	0.00764	0.00492	0.01257	0.01230	0.01750	0.02512	0.04855	0.02755	0.61458	0.03514	0.00681	0.00709	0.01091	0.11880	0.00519
15	0.01037	0.00830	0.00943	0.00979	0.01218	0.00735	0.00777	0.01295	0.01858	0.02306	0.13338	0.07761	0.45868	0.02010	0.00974	0.00289	0.00476	0.15863	0.00749	0.00692
16	0.15861	0.01672	0.01678	0.01509	0.01965	0.01937	0.01182	0.03869	0.53946	0.03361	0.02838	0.02652	0.02134	0.01014	0.00749	0.00265	0.00625	0.00811	0.00749	0.01182
17	0.01097	0.00810	0.01025	0.00971	0.01169	0.00737	0.00728	0.01447	0.02185	0.03037	0.58686	0.06158	0.15652	0.01674	0.00936	0.00252	0.00378	0.01467	0.00854	0.00737
18	0.01742	0.01753	0.02593	0.02145	0.02265	0.02304	0.07610	0.01974	0.01303	0.02010	0.01117	0.01768	0.01065	0.01270	0.02320	0.00325	0.59765	0.00703	0.00360	0.05610
19	0.01753	0.02364	0.15290	0.02982	0.03789	0.01871	0.48799	0.02424	0.01810	0.02495	0.01788	0.07459	0.01483	0.00824	0.00910	0.00269	0.01240	0.00978	0.00416	0.01054
20	0.03558	0.01350	0.01840	0.01411	0.02024	0.01166	0.01166	0.03865	0.02270	0.67734	0.03128	0.02699	0.01963	0.00981	0.00797	0.00245	0.00675	0.00797	0.00981	0.01350
21	0.01872	0.02139	0.04679	0.03342	0.04144	0.02005	0.64305	0.02540	0.01872	0.02540	0.01604	0.02139	0.01203	0.00668	0.00936	0.00267	0.01337	0.00936	0.00401	0.01070
22	0.01478	0.00739	0.00739	0.00739	0.00924	0.00739	0.00554	0.01848	0.01663	0.02956	0.02587	0.02956	0.02033	0.00924	0.00554	0.00185	0.00370	0.00739	0.76534	0.00739
