[name]
unknown

[dist]
# distance from previous block
# <min> <max>
0	25

[block]
# block no. 0 follows, 20 sequences, length 29
# corresponding to MSA columns:
# 25-53
name=unknown_A
#
# <colnr> <probs for GDERKNQSTAVLIFYWHMCP>
#	G	D	E	R	K	N	Q	S	T	A	V	L	I	F	Y	W	H	M	C	P
0	0.01602	0.01227	0.01551	0.01650	0.01926	0.01303	0.01399	0.02534	0.17505	0.02877	0.04344	0.08148	0.04414	0.02095	0.01123	0.00374	0.00774	0.43377	0.00825	0.00952
1	0.01890	0.07193	0.32622	0.06241	0.03865	0.02235	0.20244	0.02656	0.01838	0.02623	0.01554	0.02004	0.01179	0.00881	0.01118	0.00290	0.09215	0.00771	0.00393	0.01188
2	0.03914	0.01484	0.02024	0.01552	0.02227	0.01282	0.01282	0.04251	0.02497	0.64507	0.03441	0.02969	0.02159	0.01080	0.00877	0.00270	0.00742	0.00877	0.01080	0.01484
3	0.01552	0.10650	0.26822	0.01691	0.02389	0.01608	0.01847	0.02164	0.02071	0.02909	0.25611	0.07210	0.07329	0.01348	0.00897	0.00270	0.00829	0.01131	0.00639	0.01034
4	0.01257	0.00841	0.00955	0.00966	0.00969	0.00838	0.00544	0.01265	0.01291	0.01721	0.02864	0.09262	0.03318	0.65591	0.04252	0.00818	0.00827	0.01337	0.00544	0.00539
5	0.01838	0.01914	0.03707	0.36511	0.05190	0.02092	0.27460	0.02465	0.01858	0.02465	0.01621	0.02315	0.01231	0.00848	0.01044	0.00297	0.04793	0.00884	0.00410	0.01057
6	0.03603	0.01494	0.01992	0.01514	0.02203	0.01264	0.01245	0.03948	0.02395	0.55404	0.03162	0.02798	0.02031	0.01016	0.00843	0.00249	0.00728	0.00824	0.00997	0.12290
7	0.01809	0.01550	0.01809	0.01292	0.02067	0.01163	0.01034	0.02196	0.01809	0.02842	0.01550	0.01809	0.01292	0.00646	0.00646	0.00129	0.00646	0.00517	0.00517	0.74677
8	0.01939	0.01868	0.03239	0.31260	0.36400	0.02023	0.05687	0.02495	0.01888	0.02586	0.01609	0.02239	0.01287	0.00815	0.00876	0.00274	0.01113	0.00790	0.00414	0.01197
9	0.01647	0.01550	0.02616	0.67248	0.06008	0.01938	0.02422	0.02229	0.01744	0.02229	0.01550	0.02326	0.01163	0.00872	0.00872	0.00291	0.01163	0.00775	0.00388	0.00969
10	0.01647	0.01550	0.02616	0.67248	0.06008	0.01938	0.02422	0.02229	0.01744	0.02229	0.01550	0.02326	0.01163	0.00872	0.00872	0.00291	0.01163	0.00775	0.00388	0.00969
11	0.02780	0.01816	0.01916	0.01579	0.02147	0.08317	0.01247	0.06134	0.13889	0.24627	0.02886	0.06939	0.02196	0.01104	0.00827	0.00246	0.00779	0.00895	0.04892	0.14782
12	0.01711	0.01605	0.02703	0.52177	0.16548	0.01897	0.02384	0.02258	0.01785	0.02344	0.01741	0.05848	0.01450	0.00954	0.00883	0.00288	0.01104	0.00867	0.00418	0.01032
13	0.01235	0.00892	0.01166	0.01097	0.01303	0.00823	0.00823	0.01646	0.02469	0.03498	0.63443	0.06516	0.08230	0.01783	0.01029	0.00274	0.00412	0.01578	0.00960	0.00823
14	0.01450	0.04954	0.01912	0.05102	0.02055	0.01444	0.04390	0.01923	0.05471	0.02199	0.02368	0.06802	0.02210	0.04824	0.44673	0.01040	0.04824	0.00988	0.00499	0.00872
15	0.01750	0.04512	0.64825	0.02486	0.03775	0.02026	0.03223	0.02762	0.01842	0.02762	0.01565	0.01842	0.01105	0.00829	0.00829	0.00276	0.01289	0.00645	0.00368	0.01289
16	0.02409	0.19153	0.19941	0.01876	0.02678	0.02410	0.01917	0.19611	0.05248	0.05889	0.02032	0.05298	0.01627	0.01003	0.00782	0.00251	0.00968	0.00767	0.04881	0.01260
17	0.01241	0.00897	0.01242	0.01256	0.01358	0.00993	0.00905	0.01449	0.01380	0.01939	0.02621	0.08378	0.02710	0.24987	0.43362	0.01168	0.01773	0.01135	0.00508	0.00700
18	0.01927	0.10120	0.46333	0.02471	0.06664	0.02065	0.05330	0.02762	0.01922	0.06029	0.05070	0.02158	0.01581	0.00880	0.00828	0.00267	0.01172	0.00716	0.00446	0.01258
19	0.11500	0.01590	0.01997	0.01549	0.02211	0.01479	0.01279	0.09036	0.02529	0.52879	0.03086	0.02727	0.01971	0.01048	0.00841	0.00269	0.00754	0.00826	0.01004	0.01427
20	0.02011	0.01594	0.01864	0.01345	0.02110	0.01252	0.01081	0.05437	0.01970	0.06569	0.01689	0.01891	0.01353	0.00693	0.00671	0.00144	0.00668	0.00552	0.00568	0.66536
21	0.01103	0.00776	0.01000	0.01162	0.01203	0.00736	0.00754	0.01225	0.01591	0.02121	0.04400	0.56297	0.05255	0.15913	0.01772	0.00451	0.00573	0.02240	0.00754	0.00673
22	0.01809	0.01550	0.01809	0.01292	0.02067	0.01163	0.01034	0.02196	0.01809	0.02842	0.01550	0.01809	0.01292	0.00646	0.00646	0.00129	0.00646	0.00517	0.00517	0.74677
23	0.01190	0.00865	0.01122	0.01111	0.01290	0.00796	0.00813	0.01541	0.02286	0.03189	0.49089	0.19153	0.10302	0.01994	0.01046	0.00291	0.00432	0.01772	0.00923	0.00796
24	0.06584	0.01981	0.02060	0.01619	0.02258	0.04691	0.01301	0.26424	0.05984	0.03947	0.02405	0.05661	0.04973	0.01047	0.00796	0.00225	0.00802	0.00820	0.00711	0.25713
25	0.05218	0.01334	0.01909	0.21903	0.03042	0.01462	0.04024	0.04446	0.01831	0.02542	0.06226	0.16523	0.08002	0.07888	0.01360	0.00347	0.04382	0.01274	0.00591	0.05696
26	0.02825	0.06169	0.02444	0.06179	0.02685	0.18049	0.01577	0.24128	0.11062	0.06373	0.02125	0.02352	0.01648	0.04003	0.04220	0.00336	0.01141	0.00771	0.00687	0.01226
27	0.02560	0.02270	0.12155	0.05712	0.08887	0.01818	0.04411	0.15015	0.02450	0.15339	0.02052	0.02185	0.01475	0.00871	0.00817	0.00236	0.00932	0.00725	0.00659	0.19433
28	0.02059	0.15729	0.18743	0.09858	0.03311	0.05335	0.09804	0.02632	0.01941	0.06157	0.07002	0.02343	0.01841	0.00934	0.00926	0.00257	0.04667	0.00767	0.00487	0.05205

[dist]
# distance from previous block
# <min> <max>
0	10

[block]
# block no. 1 follows, 20 sequences, length 23
# corresponding to MSA columns:
# 64-86
name=unknown_B
#
# <colnr> <probs for GDERKNQSTAVLIFYWHMCP>
#	G	D	E	R	K	N	Q	S	T	A	V	L	I	F	Y	W	H	M	C	P
0	0.02010	0.07787	0.02299	0.04206	0.07029	0.01764	0.04763	0.14014	0.04541	0.05992	0.03378	0.25706	0.06786	0.01658	0.01028	0.00298	0.03525	0.01434	0.00715	0.01066
1	0.01534	0.03927	0.02051	0.04780	0.02131	0.01565	0.07764	0.01979	0.05310	0.02559	0.09824	0.09018	0.21691	0.01642	0.01367	0.00305	0.14996	0.01322	0.05328	0.00905
2	0.01283	0.00874	0.01140	0.01158	0.01255	0.00939	0.00812	0.01482	0.01428	0.02068	0.02753	0.09789	0.02843	0.27760	0.30994	0.00975	0.01427	0.01170	0.09162	0.00688
3	0.01725	0.01629	0.02756	0.57875	0.14775	0.01958	0.02461	0.02297	0.01781	0.02323	0.01564	0.02300	0.01196	0.00858	0.00871	0.00286	0.01144	0.00775	0.00394	0.01031
4	0.10616	0.01503	0.01955	0.01514	0.02176	0.01345	0.01250	0.04093	0.02402	0.58835	0.03233	0.02824	0.02046	0.01054	0.00846	0.00270	0.00736	0.00839	0.01029	0.01434
5	0.01848	0.15587	0.54615	0.02318	0.03515	0.02267	0.02930	0.02737	0.01830	0.02642	0.01506	0.01767	0.01107	0.00815	0.00783	0.00261	0.01229	0.00614	0.00369	0.01260
6	0.01073	0.00819	0.00990	0.01111	0.01260	0.00736	0.00784	0.01271	0.01829	0.02342	0.08666	0.42488	0.26084	0.02496	0.01085	0.00332	0.00492	0.04599	0.00816	0.00727
7	0.01094	0.00861	0.00988	0.01009	0.01230	0.00755	0.00737	0.01355	0.02060	0.02650	0.23301	0.19829	0.36643	0.02194	0.01047	0.00301	0.00446	0.01894	0.00852	0.00755
8	0.07883	0.03573	0.02574	0.02245	0.02699	0.48144	0.05041	0.06785	0.02376	0.02494	0.01390	0.01671	0.01147	0.00951	0.00984	0.00249	0.07665	0.00615	0.00475	0.01040
9	0.02069	0.02458	0.07465	0.07401	0.04212	0.05992	0.43163	0.02708	0.01960	0.02629	0.01637	0.02223	0.01268	0.00860	0.01230	0.00300	0.09936	0.00933	0.00427	0.01131
10	0.01937	0.01993	0.03140	0.02552	0.02719	0.02584	0.13038	0.02231	0.01473	0.02231	0.01262	0.01993	0.01179	0.01377	0.02516	0.00365	0.55208	0.00814	0.00393	0.00996
11	0.01235	0.00892	0.01166	0.01097	0.01303	0.00823	0.00823	0.01646	0.02469	0.03498	0.63443	0.06516	0.08230	0.01783	0.01029	0.00274	0.00412	0.01578	0.00960	0.00823
12	0.01230	0.00921	0.01109	0.01168	0.01345	0.00865	0.00831	0.05270	0.02026	0.02659	0.14027	0.40339	0.20266	0.02354	0.01065	0.00322	0.00507	0.02078	0.00836	0.00784
13	0.01219	0.00880	0.01152	0.01108	0.01300	0.00813	0.00822	0.01607	0.02398	0.03384	0.58189	0.12094	0.08010	0.01868	0.01036	0.00282	0.00420	0.01658	0.00947	0.00813
14	0.01767	0.01449	0.02130	0.31445	0.03753	0.01673	0.05369	0.02669	0.13402	0.02833	0.02323	0.02774	0.01771	0.00965	0.00809	0.00267	0.00872	0.00843	0.21870	0.01016
15	0.02206	0.31562	0.16716	0.05097	0.02813	0.10532	0.02010	0.02633	0.01787	0.02231	0.01308	0.01657	0.01124	0.00939	0.01103	0.00253	0.13953	0.00588	0.00384	0.01103
16	0.02002	0.01598	0.01866	0.01346	0.02112	0.01257	0.01082	0.05672	0.01975	0.06114	0.01677	0.01884	0.01347	0.00691	0.00671	0.00144	0.00669	0.00550	0.00566	0.66777
17	0.02840	0.33333	0.17958	0.02460	0.09356	0.02794	0.02155	0.03143	0.02199	0.10777	0.02169	0.02542	0.01786	0.01169	0.00931	0.00327	0.01152	0.00774	0.00656	0.01479
18	0.01918	0.07489	0.02975	0.02296	0.02446	0.02601	0.07097	0.02172	0.01441	0.02153	0.01276	0.01996	0.01220	0.01687	0.06225	0.00418	0.52449	0.00773	0.00391	0.00977
19	0.01254	0.01050	0.01078	0.01027	0.01356	0.00966	0.00783	0.04527	0.07518	0.02672	0.10153	0.07549	0.52870	0.02043	0.01010	0.00292	0.00489	0.01702	0.00826	0.00834
20	0.01965	0.02168	0.06661	0.07142	0.04006	0.01998	0.41900	0.06260	0.02173	0.02957	0.07477	0.06766	0.02207	0.00984	0.01006	0.00293	0.01257	0.01120	0.00531	0.01127
21	0.02961	0.06270	0.02819	0.02544	0.14589	0.02030	0.05614	0.17381	0.06435	0.22416	0.02399	0.02404	0.01700	0.00948	0.00850	0.00255	0.00904	0.00804	0.00768	0.05909
22	0.01139	0.00954	0.01329	0.01297	0.01524	0.00854	0.06118	0.01372	0.01837	0.02332	0.06212	0.37685	0.29427	0.02336	0.01072	0.00324	0.00566	0.02084	0.00777	0.00762

[dist]
# distance from previous block
# <min> <max>
0	5

[block]
# block no. 2 follows, 20 sequences, length 14
# corresponding to MSA columns:
# 92-105
name=unknown_C
#
# <colnr> <probs for GDERKNQSTAVLIFYWHMCP>
#	G	D	E	R	K	N	Q	S	T	A	V	L	I	F	Y	W	H	M	C	P
0	0.01539	0.01371	0.01962	0.01798	0.01877	0.01793	0.01449	0.01786	0.01387	0.02070	0.01931	0.06432	0.01910	0.04029	0.33348	0.00875	0.32197	0.00944	0.00447	0.00855
1	0.14830	0.04446	0.05071	0.05228	0.02101	0.12011	0.01277	0.07837	0.02019	0.03116	0.01956	0.02430	0.01597	0.04834	0.01012	0.00278	0.04400	0.00711	0.23881	0.00966
2	0.02038	0.02203	0.04510	0.10809	0.18331	0.02147	0.41223	0.02707	0.02009	0.02747	0.01714	0.02306	0.01320	0.00759	0.00975	0.00286	0.01338	0.00945	0.00433	0.01202
3	0.52610	0.01927	0.01706	0.01420	0.02010	0.02194	0.01171	0.21096	0.02314	0.04416	0.01494	0.01632	0.01116	0.00885	0.00645	0.00267	0.00765	0.00572	0.00645	0.01116
4	0.01541	0.01224	0.01538	0.01476	0.01723	0.01408	0.01127	0.02505	0.20712	0.02507	0.02762	0.03598	0.02432	0.11071	0.39178	0.00996	0.01667	0.00984	0.00607	0.00945
5	0.01382	0.00835	0.00907	0.00907	0.00972	0.00835	0.00554	0.01511	0.01446	0.02186	0.02779	0.04929	0.02875	0.47673	0.03225	0.00642	0.00706	0.01124	0.23890	0.00619
6	0.52081	0.01644	0.01705	0.22112	0.03057	0.01951	0.01413	0.02458	0.01567	0.03379	0.01321	0.01705	0.01014	0.00830	0.00645	0.00277	0.00830	0.00568	0.00492	0.00952
7	0.02526	0.02190	0.03248	0.04292	0.44493	0.02273	0.02354	0.21173	0.02657	0.03689	0.01785	0.02138	0.01414	0.00863	0.00866	0.00260	0.01012	0.00780	0.00572	0.01414
8	0.51950	0.01435	0.01245	0.01131	0.01565	0.01597	0.00906	0.02273	0.01797	0.03782	0.20951	0.03034	0.03255	0.01118	0.00695	0.00271	0.00591	0.00823	0.00673	0.00906
9	0.01122	0.00840	0.01042	0.01091	0.01260	0.00760	0.00780	0.01392	0.02057	0.02754	0.28674	0.30279	0.20280	0.02239	0.01061	0.00309	0.00454	0.01977	0.00869	0.00760
10	0.01074	0.00808	0.00965	0.01082	0.01204	0.00732	0.00733	0.01232	0.01728	0.02211	0.05867	0.42931	0.23819	0.09637	0.01440	0.00387	0.00522	0.02149	0.00780	0.00698
11	0.02780	0.01926	0.02045	0.01628	0.02169	0.02105	0.01325	0.42294	0.03381	0.04785	0.02333	0.02461	0.01722	0.01037	0.00789	0.00243	0.00784	0.00794	0.24125	0.01271
12	0.01531	0.01420	0.02209	0.36643	0.13416	0.01578	0.01904	0.01988	0.01859	0.02365	0.03875	0.04225	0.20983	0.01281	0.00921	0.00287	0.00915	0.01114	0.00528	0.00959
13	0.03657	0.01896	0.02279	0.01747	0.02432	0.01893	0.01443	0.28603	0.03185	0.39183	0.02863	0.02594	0.01869	0.01066	0.00875	0.00266	0.00836	0.00838	0.00991	0.01484

[dist]
# distance from previous block
# <min> <max>
0	8

[block]
# block no. 3 follows, 20 sequences, length 68
# corresponding to MSA columns:
# 114-181
name=unknown_D
#
# <colnr> <probs for GDERKNQSTAVLIFYWHMCP>
#	G	D	E	R	K	N	Q	S	T	A	V	L	I	F	Y	W	H	M	C	P
0	0.06959	0.01510	0.02388	0.57404	0.05327	0.01848	0.02181	0.02179	0.01744	0.02361	0.02080	0.02721	0.05892	0.00969	0.00860	0.00289	0.01073	0.00834	0.00431	0.00950
1	0.01752	0.01490	0.01748	0.01286	0.02006	0.01128	0.01017	0.02122	0.01798	0.02796	0.01798	0.06902	0.01633	0.00805	0.00682	0.00146	0.00635	0.00666	0.00539	0.69051
2	0.02131	0.20252	0.30944	0.02187	0.03121	0.05936	0.07937	0.02785	0.01895	0.06975	0.01678	0.01966	0.01289	0.01256	0.05730	0.00338	0.01273	0.00671	0.00440	0.01195
3	0.01940	0.01977	0.02566	0.08995	0.02659	0.07294	0.01890	0.02182	0.01469	0.02110	0.01283	0.02028	0.01215	0.01747	0.06720	0.00429	0.51395	0.00761	0.00393	0.00948
4	0.16628	0.02406	0.02282	0.06593	0.02705	0.11451	0.01570	0.34410	0.03095	0.04329	0.01917	0.02319	0.01495	0.01041	0.00815	0.00267	0.01001	0.03723	0.00711	0.01241
5	0.01061	0.00878	0.00930	0.00932	0.01200	0.00747	0.00693	0.01304	0.02037	0.02507	0.16170	0.11482	0.52691	0.02179	0.01035	0.00295	0.00441	0.01840	0.00831	0.00747
6	0.03160	0.02322	0.02491	0.01927	0.02572	0.02564	0.01572	0.56452	0.03886	0.05208	0.02144	0.02369	0.01612	0.06242	0.01144	0.00306	0.00951	0.00822	0.00846	0.01411
7	0.02159	0.38356	0.12255	0.01809	0.02512	0.07338	0.04318	0.02565	0.01863	0.02345	0.06041	0.01970	0.01679	0.00909	0.00872	0.00227	0.06720	0.00636	0.00434	0.04993
8	0.02070	0.02094	0.03958	0.14941	0.11805	0.02123	0.32646	0.07161	0.05441	0.02944	0.01963	0.02693	0.01555	0.00889	0.00969	0.00292	0.01250	0.03520	0.00504	0.01182
9	0.01481	0.00758	0.01127	0.01142	0.01146	0.00754	0.00762	0.01142	0.01177	0.01569	0.01766	0.07681	0.01839	0.03008	0.03234	0.68972	0.00738	0.00889	0.00412	0.00404
10	0.01912	0.03510	0.39545	0.03284	0.19902	0.02061	0.06789	0.02884	0.06496	0.02855	0.01750	0.02069	0.01313	0.00836	0.00856	0.00274	0.01188	0.00732	0.00430	0.01313
11	0.02150	0.06327	0.08014	0.02742	0.08316	0.16891	0.20329	0.02644	0.01963	0.02421	0.01745	0.02313	0.01454	0.02143	0.16083	0.00527	0.01616	0.00816	0.00439	0.01068
12	0.01555	0.01397	0.01885	0.01694	0.01760	0.01771	0.01338	0.01758	0.01563	0.02261	0.10958	0.08186	0.07896	0.11526	0.06481	0.00486	0.34940	0.01161	0.00552	0.00831
13	0.33692	0.05089	0.13996	0.02455	0.16563	0.02059	0.01854	0.05920	0.01880	0.06937	0.01555	0.01793	0.01182	0.00832	0.00707	0.00265	0.00904	0.00615	0.00525	0.01178
14	0.40196	0.21769	0.07813	0.01465	0.02136	0.05123	0.01377	0.06548	0.01815	0.03309	0.01309	0.01500	0.01052	0.00813	0.00603	0.00244	0.00859	0.00510	0.00496	0.01064
15	0.01423	0.01319	0.04444	0.18617	0.05260	0.01296	0.04116	0.01874	0.04307	0.02454	0.10503	0.25259	0.03873	0.09655	0.01397	0.00374	0.00810	0.01512	0.00639	0.00869
16	0.01443	0.00947	0.01140	0.01158	0.01313	0.00961	0.00836	0.05535	0.01860	0.02701	0.08538	0.20831	0.03962	0.15380	0.07802	0.00504	0.00767	0.05546	0.18001	0.00774
17	0.01099	0.00778	0.01014	0.01174	0.01228	0.00733	0.00775	0.01248	0.01669	0.02238	0.08194	0.56971	0.05595	0.11053	0.01527	0.00411	0.00543	0.02271	0.00784	0.00693
18	0.01809	0.01550	0.01809	0.01292	0.02067	0.01163	0.01034	0.02196	0.01809	0.02842	0.01550	0.01809	0.01292	0.00646	0.00646	0.00129	0.00646	0.00517	0.00517	0.74677
19	0.01228	0.00886	0.01160	0.01102	0.01302	0.00818	0.00822	0.01628	0.02436	0.03446	0.61039	0.09068	0.08130	0.01822	0.01032	0.00278	0.00415	0.01614	0.00954	0.00818
20	0.01088	0.00886	0.00963	0.00944	0.01213	0.00761	0.00708	0.01363	0.02124	0.02678	0.24233	0.07865	0.47952	0.02089	0.01030	0.00289	0.00433	0.01767	0.00852	0.00761
21	0.03058	0.02298	0.02478	0.01904	0.02599	0.02481	0.01564	0.50224	0.07438	0.05054	0.02118	0.02131	0.01533	0.01006	0.00846	0.00248	0.00904	0.00765	0.00830	0.10522
22	0.02023	0.01785	0.02802	0.02215	0.02695	0.01843	0.18587	0.15980	0.02313	0.03160	0.02622	0.19812	0.02609	0.05155	0.01357	0.00331	0.07474	0.01310	0.00643	0.05283
23	0.03232	0.02243	0.02456	0.01888	0.02559	0.02420	0.01548	0.50321	0.03727	0.11284	0.02236	0.02317	0.01613	0.03782	0.01007	0.00281	0.00920	0.00803	0.00865	0.04497
24	0.01894	0.02036	0.08916	0.39610	0.22345	0.02026	0.02533	0.05539	0.01949	0.02634	0.01607	0.02218	0.01238	0.00850	0.00865	0.00279	0.01128	0.00764	0.00424	0.01147
25	0.01246	0.00935	0.01402	0.01402	0.01558	0.01090	0.01090	0.01558	0.01402	0.02025	0.02336	0.03427	0.02181	0.06542	0.65888	0.01402	0.02336	0.00935	0.00467	0.00779
26	0.01862	0.03272	0.32890	0.06410	0.04152	0.02058	0.28493	0.02708	0.01955	0.02774	0.03858	0.02260	0.01459	0.00824	0.00927	0.00285	0.01331	0.00855	0.00423	0.01206
27	0.01985	0.03075	0.30568	0.03313	0.19561	0.01940	0.12725	0.02724	0.01942	0.06178	0.01941	0.06561	0.01587	0.00940	0.00894	0.00280	0.01171	0.00882	0.00467	0.01266
28	0.01419	0.01256	0.01877	0.08065	0.02204	0.01478	0.04606	0.01656	0.01602	0.02222	0.03265	0.39327	0.03740	0.02093	0.01591	0.00353	0.20054	0.01738	0.00625	0.00831
29	0.01137	0.00827	0.01125	0.03630	0.01489	0.00794	0.00921	0.01362	0.01812	0.02435	0.12781	0.52721	0.05878	0.02506	0.01101	0.00345	0.00542	0.07036	0.00815	0.00742
30	0.06757	0.02033	0.02883	0.29097	0.06691	0.06377	0.11571	0.13139	0.04687	0.03128	0.01780	0.02245	0.01338	0.00893	0.00862	0.00276	0.01122	0.00795	0.03200	0.01124
31	0.01413	0.00758	0.01108	0.01154	0.01165	0.00747	0.00769	0.01154	0.01256	0.01675	0.02255	0.17514	0.02471	0.02963	0.02893	0.57928	0.00701	0.01145	0.00476	0.00453
32	0.03914	0.01484	0.02024	0.01552	0.02227	0.01282	0.01282	0.04251	0.02497	0.64507	0.03441	0.02969	0.02159	0.01080	0.00877	0.00270	0.00742	0.00877	0.01080	0.01484
33	0.21431	0.02158	0.11325	0.23988	0.07383	0.02056	0.09208	0.02477	0.01707	0.02846	0.01461	0.01976	0.01127	0.00881	0.00959	0.00289	0.06533	0.00706	0.00434	0.01055
34	0.02940	0.20136	0.11431	0.01918	0.02714	0.02340	0.05995	0.16347	0.02550	0.22040	0.02179	0.02164	0.01532	0.00926	0.00797	0.00249	0.00967	0.00729	0.00706	0.01340
35	0.02962	0.01522	0.04429	0.01486	0.02047	0.01312	0.01240	0.05817	0.06773	0.39010	0.12058	0.03913	0.07143	0.04884	0.01097	0.00305	0.00709	0.01055	0.00963	0.01275
36	0.01063	0.00759	0.01012	0.01215	0.01265	0.00709	0.00810	0.01215	0.01670	0.02227	0.04808	0.68775	0.05769	0.02733	0.01113	0.00354	0.00506	0.02480	0.00810	0.00709
37	0.02059	0.01512	0.01936	0.06030	0.02269	0.01588	0.04525	0.21695	0.02563	0.05942	0.06395	0.27349	0.03552	0.06877	0.01250	0.00345	0.00787	0.01508	0.00780	0.01038
38	0.03422	0.01806	0.06274	0.01698	0.02372	0.01550	0.01489	0.13690	0.02682	0.44202	0.03198	0.03409	0.02250	0.01186	0.00905	0.00282	0.00822	0.06388	0.00969	0.01405
39	0.02041	0.02477	0.08568	0.03608	0.04514	0.02196	0.57438	0.02792	0.02046	0.02792	0.01753	0.02324	0.01311	0.00741	0.01018	0.00293	0.01460	0.01007	0.00437	0.01183
40	0.68532	0.05289	0.01512	0.03942	0.01898	0.02035	0.01036	0.02553	0.01511	0.03744	0.01229	0.01454	0.00963	0.00809	0.00555	0.00266	0.00709	0.00485	0.00525	0.00955
41	0.01105	0.00759	0.01024	0.01207	0.01253	0.00713	0.00805	0.01207	0.01620	0.02160	0.04500	0.62586	0.05371	0.02761	0.01328	0.07306	0.00530	0.02319	0.00769	0.00678
42	0.02292	0.50058	0.18757	0.01733	0.02604	0.02977	0.01891	0.02750	0.01834	0.06105	0.01435	0.01602	0.01181	0.00787	0.00643	0.00213	0.01006	0.00534	0.00416	0.01183
43	0.01896	0.09613	0.52951	0.02468	0.03643	0.05549	0.06578	0.02791	0.01883	0.02674	0.01538	0.01824	0.01121	0.00820	0.00817	0.00267	0.01287	0.00650	0.00378	0.01254
44	0.01906	0.07640	0.53017	0.02278	0.03425	0.01975	0.02838	0.02793	0.01924	0.07249	0.05530	0.02190	0.01625	0.00902	0.00830	0.00271	0.01175	0.00710	0.00457	0.01265
45	0.02993	0.01491	0.01879	0.01508	0.02048	0.01423	0.01219	0.12841	0.05205	0.35235	0.20044	0.03831	0.03771	0.01276	0.00919	0.00271	0.00683	0.01063	0.01004	0.01295
46	0.01512	0.00960	0.01182	0.01087	0.01363	0.00857	0.00819	0.01839	0.02272	0.10626	0.37588	0.06545	0.22340	0.05686	0.01206	0.00312	0.00486	0.01545	0.00909	0.00864
47	0.06906	0.02585	0.02424	0.13918	0.03126	0.20112	0.01744	0.21806	0.02664	0.03401	0.01668	0.01984	0.01291	0.01010	0.01031	0.00267	0.08298	0.00702	0.03923	0.01139
48	0.02022	0.02479	0.10445	0.03585	0.10761	0.02228	0.41920	0.02697	0.01946	0.02716	0.01660	0.02230	0.01288	0.00841	0.01206	0.00299	0.09135	0.00933	0.00426	0.01184
49	0.02189	0.01465	0.01777	0.06317	0.02281	0.01550	0.01329	0.03390	0.25940	0.15690	0.08921	0.04888	0.08812	0.01473	0.00958	0.00305	0.00707	0.09954	0.00876	0.01178
50	0.01095	0.00782	0.01050	0.01252	0.01317	0.00737	0.00866	0.01271	0.01702	0.02263	0.04790	0.63167	0.05698	0.02702	0.01122	0.00359	0.00534	0.07766	0.00809	0.00718
51	0.01648	0.05781	0.13080	0.02441	0.08060	0.01646	0.16278	0.02249	0.05057	0.02576	0.02975	0.28211	0.03090	0.01560	0.00981	0.00306	0.00954	0.01477	0.00592	0.01038
52	0.02191	0.01912	0.05142	0.20594	0.18339	0.05243	0.02035	0.02783	0.06774	0.10884	0.02333	0.02692	0.04782	0.01118	0.01134	0.03658	0.05839	0.00844	0.00556	0.01148
53	0.01139	0.00831	0.01104	0.01231	0.01293	0.00827	0.00841	0.01306	0.01658	0.02247	0.08558	0.51140	0.05279	0.09541	0.05843	0.00469	0.03098	0.02127	0.00754	0.00712
54	0.02642	0.02105	0.02297	0.05948	0.02693	0.02391	0.01568	0.29331	0.32893	0.04375	0.02784	0.02685	0.02050	0.01104	0.00880	0.00281	0.00839	0.00885	0.00850	0.01400
55	0.01977	0.02463	0.14190	0.12438	0.06616	0.02182	0.23454	0.06747	0.01987	0.02768	0.01738	0.04816	0.01425	0.01005	0.01256	0.00303	0.12126	0.00912	0.00457	0.01142
56	0.07305	0.01582	0.01796	0.01334	0.02064	0.01305	0.01068	0.02530	0.06524	0.06518	0.01790	0.01959	0.01423	0.00724	0.00670	0.00160	0.00657	0.00571	0.00580	0.59439
57	0.01254	0.00939	0.01172	0.01136	0.01357	0.00885	0.00856	0.01734	0.05603	0.03232	0.46575	0.11229	0.14682	0.01899	0.01035	0.00289	0.00453	0.03916	0.00920	0.00833
58	0.01932	0.11924	0.38816	0.02715	0.08170	0.02245	0.11792	0.02878	0.06267	0.02750	0.01702	0.01993	0.01275	0.00826	0.00833	0.00268	0.01210	0.00717	0.00423	0.01264
59	0.01370	0.01144	0.03923	0.01345	0.01591	0.01011	0.01082	0.04799	0.01956	0.02620	0.10191	0.23024	0.11158	0.08919	0.04988	0.00440	0.00759	0.15154	0.00750	0.03775
60	0.02212	0.20897	0.26721	0.02156	0.06162	0.10829	0.02163	0.02780	0.01978	0.06636	0.04480	0.05699	0.01770	0.00978	0.00782	0.00249	0.01101	0.00752	0.00482	0.01173
61	0.01815	0.17969	0.20322	0.01891	0.02572	0.05465	0.06076	0.02434	0.05103	0.02576	0.08428	0.16307	0.02892	0.01319	0.00862	0.00271	0.00954	0.01122	0.00558	0.01064
62	0.07537	0.01839	0.13681	0.12529	0.02706	0.01424	0.01620	0.02328	0.05391	0.07148	0.23162	0.10227	0.04145	0.01384	0.00916	0.00286	0.00773	0.01186	0.00707	0.01010
63	0.11636	0.02647	0.19917	0.23965	0.13253	0.06239	0.02394	0.02659	0.01855	0.05303	0.01590	0.02023	0.01191	0.00848	0.00810	0.00274	0.01125	0.00689	0.00442	0.01143
64	0.07623	0.02629	0.18916	0.14280	0.12944	0.07150	0.05322	0.05745	0.02010	0.02846	0.06056	0.02354	0.01723	0.01046	0.01004	0.04894	0.01098	0.00772	0.00477	0.01111
65	0.12085	0.02883	0.21800	0.02338	0.03155	0.07431	0.14383	0.02939	0.01945	0.11651	0.01775	0.02035	0.01293	0.00898	0.00995	0.00276	0.06607	0.00733	0.00522	0.04256
66	0.14032	0.04550	0.08549	0.01692	0.05424	0.01587	0.01396	0.09678	0.02234	0.10005	0.12241	0.12362	0.07650	0.01437	0.00881	0.00285	0.00741	0.03449	0.00739	0.01069
67	0.11769	0.06109	0.19560	0.01980	0.02683	0.04402	0.08482	0.02607	0.05179	0.05466	0.06846	0.09731	0.02322	0.01152	0.00932	0.00277	0.03993	0.00956	0.00565	0.04990

[dist]
# distance from previous block
# <min> <max>
20	126

[block]
# block no. 4 follows, 20 sequences, length 16
# corresponding to MSA columns:
# 321-336
name=unknown_E
#
# <colnr> <probs for GDERKNQSTAVLIFYWHMCP>
#	G	D	E	R	K	N	Q	S	T	A	V	L	I	F	Y	W	H	M	C	P
0	0.15445	0.01609	0.01714	0.01510	0.01912	0.04673	0.01193	0.06338	0.06025	0.06264	0.02456	0.11190	0.02345	0.05116	0.04455	0.00363	0.07596	0.05294	0.00640	0.13862
1	0.02043	0.06176	0.02065	0.07348	0.05582	0.01653	0.01357	0.13465	0.05900	0.06913	0.08585	0.16713	0.03240	0.04022	0.01041	0.00296	0.00762	0.03427	0.00729	0.08681
2	0.02039	0.09674	0.02027	0.01425	0.01877	0.01748	0.01161	0.17794	0.06848	0.03816	0.28430	0.04046	0.04453	0.01313	0.00874	0.00250	0.00651	0.01088	0.05468	0.05018
3	0.01912	0.01810	0.07006	0.05720	0.02657	0.01471	0.08598	0.05221	0.05277	0.06071	0.08667	0.06798	0.02429	0.01008	0.00826	0.00222	0.00815	0.00899	0.00619	0.31973
4	0.50028	0.01779	0.05209	0.01328	0.01912	0.01783	0.01154	0.02923	0.05001	0.14370	0.05683	0.02134	0.01719	0.00939	0.00665	0.00272	0.00707	0.00651	0.00669	0.01075
5	0.01761	0.04909	0.01964	0.07909	0.02282	0.01504	0.01300	0.02116	0.01662	0.05379	0.01883	0.02460	0.01609	0.02488	0.19321	0.00549	0.09397	0.00725	0.05545	0.25236
6	0.39448	0.02626	0.19678	0.01920	0.02727	0.02069	0.09392	0.07418	0.01872	0.03576	0.01456	0.01712	0.01083	0.00825	0.00711	0.00274	0.00973	0.00618	0.00506	0.01115
7	0.01304	0.00978	0.01344	0.01315	0.01406	0.01127	0.00960	0.01500	0.01351	0.01916	0.02387	0.04094	0.02441	0.27699	0.40010	0.01133	0.06810	0.01036	0.00482	0.00706
8	0.01225	0.00884	0.01157	0.01104	0.01301	0.00817	0.00822	0.01622	0.02424	0.03426	0.60126	0.10038	0.08091	0.01837	0.01034	0.00279	0.00417	0.01629	0.00952	0.00817
9	0.01063	0.00759	0.01012	0.01215	0.01265	0.00709	0.00810	0.01215	0.01670	0.02227	0.04808	0.68775	0.05769	0.02733	0.01113	0.00354	0.00506	0.02480	0.00810	0.00709
10	0.01235	0.00892	0.01166	0.01097	0.01303	0.00823	0.00823	0.01646	0.02469	0.03498	0.63443	0.06516	0.08230	0.01783	0.01029	0.00274	0.00412	0.01578	0.00960	0.00823
11	0.01640	0.06083	0.25083	0.07671	0.02815	0.01620	0.01998	0.05000	0.02157	0.03023	0.21727	0.04327	0.03877	0.01333	0.00929	0.00286	0.00904	0.07834	0.00636	0.01053
12	0.01990	0.03035	0.32958	0.01996	0.02818	0.01862	0.02175	0.16537	0.02313	0.03274	0.02276	0.11023	0.02042	0.07647	0.01211	0.00334	0.01032	0.00983	0.03323	0.01171
13	0.02237	0.23912	0.23862	0.02040	0.02969	0.02503	0.06104	0.13019	0.02234	0.03040	0.01562	0.01781	0.01213	0.00815	0.00746	0.00230	0.01060	0.00626	0.00481	0.09566
14	0.08666	0.13471	0.30473	0.02006	0.02965	0.02295	0.02216	0.14975	0.02307	0.06651	0.01692	0.01849	0.01239	0.00864	0.00765	0.00251	0.01050	0.00638	0.00536	0.05090
15	0.02023	0.20286	0.38767	0.02376	0.03430	0.06268	0.09900	0.02773	0.01890	0.02554	0.01490	0.01781	0.01137	0.00801	0.00785	0.00253	0.01241	0.00644	0.00384	0.01216

[dist]
# distance from previous block
# <min> <max>
0	20

[block]
# block no. 5 follows, 20 sequences, length 77
# corresponding to MSA columns:
# 357-433
name=unknown_F
#
# <colnr> <probs for GDERKNQSTAVLIFYWHMCP>
#	G	D	E	R	K	N	Q	S	T	A	V	L	I	F	Y	W	H	M	C	P
0	0.01835	0.07059	0.05374	0.19216	0.14813	0.01734	0.01822	0.02447	0.05631	0.05664	0.18451	0.03388	0.03247	0.01105	0.00876	0.00263	0.00851	0.00966	0.00616	0.04642
1	0.01639	0.01257	0.01915	0.28356	0.06393	0.01358	0.01593	0.02003	0.01765	0.07213	0.02893	0.25253	0.02960	0.05777	0.01164	0.00334	0.00848	0.01381	0.00605	0.05294
2	0.01512	0.02584	0.29630	0.01866	0.02593	0.01439	0.05447	0.02209	0.02166	0.03130	0.32340	0.04196	0.04660	0.01298	0.00940	0.00276	0.00864	0.01131	0.00667	0.01051
3	0.01377	0.00832	0.00958	0.00964	0.01148	0.00790	0.00705	0.01682	0.01953	0.02975	0.19528	0.12505	0.11719	0.01693	0.01005	0.04892	0.00446	0.01334	0.32726	0.00767
4	0.01647	0.01550	0.02616	0.67248	0.06008	0.01938	0.02422	0.02229	0.01744	0.02229	0.01550	0.02326	0.01163	0.00872	0.00872	0.00291	0.01163	0.00775	0.00388	0.00969
5	0.01381	0.01248	0.01786	0.29110	0.03323	0.01407	0.01522	0.01769	0.01878	0.02388	0.10225	0.05135	0.27026	0.01549	0.01109	0.00298	0.06095	0.01280	0.00611	0.00860
6	0.02770	0.03072	0.02194	0.01970	0.02419	0.37477	0.01498	0.10900	0.12963	0.02858	0.02550	0.07683	0.05535	0.01192	0.00856	0.00256	0.01187	0.00893	0.00631	0.01097
7	0.01809	0.01550	0.01809	0.01292	0.02067	0.01163	0.01034	0.02196	0.01809	0.02842	0.01550	0.01809	0.01292	0.00646	0.00646	0.00129	0.00646	0.00517	0.00517	0.74677
8	0.01198	0.00831	0.00973	0.01018	0.01065	0.00803	0.00624	0.01277	0.01493	0.01980	0.07349	0.21021	0.08894	0.44075	0.03171	0.00650	0.00707	0.01622	0.00644	0.00606
9	0.02579	0.02162	0.02390	0.22771	0.03579	0.11249	0.01761	0.20233	0.02611	0.08575	0.01896	0.02287	0.01436	0.03763	0.00984	0.00276	0.01057	0.00749	0.00621	0.09020
10	0.01192	0.00875	0.01126	0.01247	0.01402	0.00823	0.00950	0.01459	0.01916	0.02515	0.13498	0.29691	0.15459	0.05436	0.01266	0.00369	0.00585	0.18626	0.00816	0.00749
11	0.01880	0.01496	0.01696	0.01584	0.01970	0.01606	0.01255	0.10445	0.25052	0.03361	0.06870	0.14001	0.07417	0.01695	0.00985	0.00312	0.00691	0.12534	0.00841	0.04310
12	0.01750	0.04512	0.64825	0.02486	0.03775	0.02026	0.03223	0.02762	0.01842	0.02762	0.01565	0.01842	0.01105	0.00829	0.00829	0.00276	0.01289	0.00645	0.00368	0.01289
13	0.01332	0.04303	0.01580	0.01413	0.01578	0.01261	0.01104	0.01612	0.01406	0.02003	0.02258	0.03437	0.02158	0.11014	0.54820	0.01250	0.05293	0.00930	0.00463	0.00784
14	0.01063	0.00759	0.01012	0.01215	0.01265	0.00709	0.00810	0.01215	0.01670	0.02227	0.04808	0.68775	0.05769	0.02733	0.01113	0.00354	0.00506	0.02480	0.00810	0.00709
15	0.02059	0.02353	0.05147	0.03676	0.04559	0.02206	0.60735	0.02794	0.02059	0.02794	0.01765	0.02353	0.01324	0.00735	0.01029	0.00294	0.01471	0.01029	0.00441	0.01176
16	0.01063	0.00759	0.01012	0.01215	0.01265	0.00709	0.00810	0.01215	0.01670	0.02227	0.04808	0.68775	0.05769	0.02733	0.01113	0.00354	0.00506	0.02480	0.00810	0.00709
17	0.14915	0.02192	0.02295	0.01810	0.02462	0.02421	0.01487	0.41799	0.08972	0.09761	0.02195	0.02162	0.01560	0.01024	0.00821	0.00267	0.00871	0.00761	0.00837	0.01387
18	0.01173	0.00892	0.01236	0.01344	0.01416	0.00955	0.00963	0.01366	0.01580	0.02169	0.03932	0.48010	0.04553	0.03537	0.16566	0.00604	0.06285	0.01978	0.00695	0.00745
19	0.01750	0.04512	0.64825	0.02486	0.03775	0.02026	0.03223	0.02762	0.01842	0.02762	0.01565	0.01842	0.01105	0.00829	0.00829	0.00276	0.01289	0.00645	0.00368	0.01289
20	0.01750	0.04512	0.64825	0.02486	0.03775	0.02026	0.03223	0.02762	0.01842	0.02762	0.01565	0.01842	0.01105	0.00829	0.00829	0.00276	0.01289	0.00645	0.00368	0.01289
21	0.03914	0.01484	0.02024	0.01552	0.02227	0.01282	0.01282	0.04251	0.02497	0.64507	0.03441	0.02969	0.02159	0.01080	0.00877	0.00270	0.00742	0.00877	0.01080	0.01484
22	0.01268	0.00846	0.00951	0.00951	0.00951	0.00846	0.00529	0.01268	0.01268	0.01691	0.02748	0.05708	0.03171	0.69345	0.04440	0.00846	0.00846	0.01268	0.00529	0.00529
23	0.01268	0.00846	0.00951	0.00951	0.00951	0.00846	0.00529	0.01268	0.01268	0.01691	0.02748	0.05708	0.03171	0.69345	0.04440	0.00846	0.00846	0.01268	0.00529	0.00529
24	0.01063	0.00759	0.01012	0.01215	0.01265	0.00709	0.00810	0.01215	0.01670	0.02227	0.04808	0.68775	0.05769	0.02733	0.01113	0.00354	0.00506	0.02480	0.00810	0.00709
25	0.01235	0.00892	0.01166	0.01097	0.01303	0.00823	0.00823	0.01646	0.02469	0.03498	0.63443	0.06516	0.08230	0.01783	0.01029	0.00274	0.00412	0.01578	0.00960	0.00823
26	0.01246	0.00935	0.01402	0.01402	0.01558	0.01090	0.01090	0.01558	0.01402	0.02025	0.02336	0.03427	0.02181	0.06542	0.65888	0.01402	0.02336	0.00935	0.00467	0.00779
27	0.11458	0.01809	0.02131	0.01652	0.02319	0.01804	0.01364	0.21962	0.02893	0.39355	0.02776	0.02526	0.01815	0.01040	0.00839	0.00267	0.00804	0.00804	0.00956	0.01426
28	0.01063	0.00759	0.01012	0.01215	0.01265	0.00709	0.00810	0.01215	0.01670	0.02227	0.04808	0.68775	0.05769	0.02733	0.01113	0.00354	0.00506	0.02480	0.00810	0.00709
29	0.75506	0.01687	0.01282	0.01147	0.01687	0.01957	0.00945	0.02564	0.01484	0.03914	0.01215	0.01417	0.00945	0.00810	0.00540	0.00270	0.00675	0.00472	0.00540	0.00945
30	0.01561	0.00826	0.00871	0.00860	0.01064	0.00815	0.00645	0.01969	0.01935	0.03293	0.12852	0.03791	0.03226	0.01143	0.00679	0.00215	0.00407	0.00939	0.62095	0.00815
31	0.01063	0.00759	0.01012	0.01215	0.01265	0.00709	0.00810	0.01215	0.01670	0.02227	0.04808	0.68775	0.05769	0.02733	0.01113	0.00354	0.00506	0.02480	0.00810	0.00709
32	0.03225	0.02398	0.02566	0.01989	0.02670	0.02662	0.01636	0.56514	0.08730	0.05350	0.02210	0.02186	0.01577	0.01058	0.00874	0.00264	0.00938	0.00801	0.00874	0.01475
33	0.01193	0.00890	0.01108	0.01053	0.01277	0.00805	0.00790	0.01565	0.02370	0.03263	0.52200	0.06903	0.19621	0.01871	0.01029	0.00279	0.00418	0.01632	0.00929	0.00805
34	0.01341	0.01028	0.01481	0.01440	0.01574	0.01232	0.01122	0.01630	0.01414	0.02090	0.02259	0.03367	0.02122	0.08816	0.52124	0.01193	0.09192	0.00926	0.04864	0.00787
35	0.01421	0.04510	0.01986	0.04961	0.02076	0.01438	0.06308	0.01709	0.01574	0.02181	0.02859	0.25032	0.03070	0.03482	0.23093	0.00694	0.10797	0.01409	0.00560	0.00840
36	0.02536	0.12677	0.03570	0.02536	0.03076	0.24239	0.18241	0.05461	0.02113	0.02450	0.01440	0.01853	0.01199	0.00956	0.01217	0.00270	0.13914	0.00727	0.00442	0.01083
37	0.23942	0.02582	0.15831	0.02685	0.03545	0.02096	0.31462	0.02719	0.01844	0.03122	0.01561	0.01972	0.01167	0.00776	0.00843	0.00283	0.01197	0.00787	0.00456	0.01130
38	0.02010	0.12130	0.49951	0.02410	0.05960	0.02142	0.02835	0.02859	0.01891	0.07588	0.01675	0.01891	0.01202	0.00836	0.00801	0.00264	0.01192	0.00647	0.00428	0.01288
39	0.02208	0.01538	0.01850	0.01341	0.02097	0.01185	0.01081	0.02586	0.01939	0.14532	0.01909	0.02029	0.01456	0.00728	0.00690	0.00156	0.00664	0.00585	0.00623	0.60802
40	0.01063	0.00759	0.01012	0.01215	0.01265	0.00709	0.00810	0.01215	0.01670	0.02227	0.04808	0.68775	0.05769	0.02733	0.01113	0.00354	0.00506	0.02480	0.00810	0.00709
41	0.03179	0.02375	0.02541	0.01979	0.02653	0.02641	0.01625	0.54281	0.11037	0.05277	0.02268	0.02232	0.01624	0.01063	0.00874	0.00266	0.00928	0.00809	0.00874	0.01471
42	0.01141	0.00888	0.01036	0.00999	0.01246	0.00783	0.00750	0.01465	0.02249	0.02974	0.38399	0.07377	0.33601	0.01979	0.01030	0.00284	0.00425	0.01698	0.00891	0.00783
43	0.01584	0.00983	0.01235	0.01241	0.01481	0.00914	0.00916	0.01959	0.05576	0.11753	0.13172	0.33592	0.15430	0.02162	0.01043	0.00319	0.00541	0.04339	0.00875	0.00888
44	0.02065	0.02686	0.13259	0.03255	0.04130	0.06070	0.45425	0.02789	0.02041	0.02774	0.01772	0.02282	0.01332	0.00775	0.00962	0.00282	0.01391	0.00933	0.04617	0.01162
45	0.01095	0.00784	0.01041	0.01192	0.01272	0.00730	0.00812	0.01297	0.01822	0.02468	0.15943	0.56952	0.06237	0.02552	0.01097	0.00339	0.00488	0.02308	0.00838	0.00730
46	0.01515	0.00758	0.01136	0.01136	0.01136	0.00758	0.00758	0.01136	0.01136	0.01515	0.01515	0.02652	0.01515	0.03030	0.03409	0.74621	0.00758	0.00758	0.00379	0.00379
47	0.01772	0.02421	0.18952	0.37700	0.08474	0.02003	0.05283	0.02641	0.07339	0.02561	0.01753	0.02276	0.01305	0.00877	0.00869	0.00286	0.01159	0.00772	0.00433	0.01124
48	0.01771	0.01546	0.02327	0.06425	0.18566	0.01603	0.05272	0.02595	0.12890	0.02834	0.03563	0.05670	0.06850	0.01560	0.01018	0.00326	0.00882	0.22540	0.00676	0.01087
49	0.01307	0.00842	0.00936	0.00936	0.00958	0.00842	0.00537	0.01351	0.01329	0.01860	0.02759	0.05443	0.03070	0.61969	0.04026	0.00776	0.00798	0.01219	0.08479	0.00559
50	0.01734	0.01462	0.02271	0.49203	0.04795	0.01760	0.02039	0.05839	0.01920	0.02610	0.01963	0.02898	0.01575	0.00996	0.00852	0.00282	0.01014	0.04184	0.11635	0.00968
51	0.03119	0.02129	0.02358	0.01844	0.02471	0.02295	0.01508	0.46780	0.03669	0.12220	0.07256	0.05601	0.02296	0.01187	0.00897	0.00268	0.00870	0.00937	0.00901	0.01396
52	0.01480	0.00983	0.01388	0.01343	0.01562	0.00903	0.04431	0.01730	0.01912	0.09080	0.12889	0.34527	0.11670	0.07527	0.01331	0.00365	0.00610	0.04624	0.00815	0.00829
53	0.01848	0.01941	0.03828	0.30070	0.04941	0.02071	0.31336	0.02477	0.01868	0.02496	0.01670	0.02364	0.01283	0.01060	0.03637	0.00341	0.04380	0.00907	0.00417	0.01064
54	0.01981	0.01589	0.01857	0.01338	0.02105	0.01241	0.01075	0.05050	0.01949	0.05944	0.01667	0.01878	0.01343	0.00686	0.00668	0.00142	0.00665	0.00547	0.00561	0.67714
55	0.06773	0.36668	0.03494	0.01784	0.02372	0.18216	0.01564	0.09009	0.02132	0.02550	0.01333	0.01564	0.01152	0.00891	0.00861	0.00227	0.07296	0.00551	0.00455	0.01107
56	0.01268	0.00846	0.00951	0.00951	0.00951	0.00846	0.00529	0.01268	0.01268	0.01691	0.02748	0.05708	0.03171	0.69345	0.04440	0.00846	0.00846	0.01268	0.00529	0.00529
57	0.01700	0.05331	0.16728	0.01620	0.02203	0.01420	0.05184	0.04794	0.02225	0.05961	0.25234	0.04364	0.09474	0.01334	0.00901	0.00265	0.00753	0.01144	0.08342	0.01021
58	0.02662	0.02023	0.02152	0.01761	0.02315	0.02246	0.01410	0.34832	0.21130	0.04475	0.02943	0.02995	0.05067	0.04352	0.01037	0.00298	0.00815	0.00923	0.05237	0.01330
59	0.03067	0.02315	0.02410	0.01925	0.02549	0.05496	0.01560	0.44108	0.12689	0.07861	0.02470	0.05311	0.01874	0.01139	0.00882	0.00270	0.00917	0.00887	0.00862	0.01410
60	0.01246	0.00935	0.01402	0.01402	0.01558	0.01090	0.01090	0.01558	0.01402	0.02025	0.02336	0.03427	0.02181	0.06542	0.65888	0.01402	0.02336	0.00935	0.00467	0.00779
61	0.03365	0.01368	0.01846	0.01471	0.02054	0.01192	0.01206	0.03707	0.02447	0.51967	0.10412	0.03931	0.05986	0.01272	0.00916	0.00277	0.00693	0.03505	0.01041	0.01344
62	0.03914	0.01484	0.02024	0.01552	0.02227	0.01282	0.01282	0.04251	0.02497	0.64507	0.03441	0.02969	0.02159	0.01080	0.00877	0.00270	0.00742	0.00877	0.01080	0.01484
63	0.01246	0.00935	0.01402	0.01402	0.01558	0.01090	0.01090	0.01558	0.01402	0.02025	0.02336	0.03427	0.02181	0.06542	0.65888	0.01402	0.02336	0.00935	0.00467	0.00779
64	0.01908	0.01908	0.02672	0.02290	0.02290	0.02672	0.01908	0.02099	0.01336	0.02099	0.01145	0.01908	0.01145	0.01527	0.02863	0.00382	0.67748	0.00763	0.00382	0.00954
65	0.01490	0.01277	0.01806	0.01667	0.01746	0.01634	0.01315	0.01717	0.01361	0.02009	0.01956	0.03169	0.01932	0.12809	0.35055	0.00959	0.25929	0.00915	0.00444	0.00810
66	0.01265	0.00861	0.01028	0.01028	0.01054	0.00887	0.00624	0.01318	0.01291	0.01748	0.02678	0.05320	0.03003	0.58668	0.14886	0.00940	0.01099	0.01212	0.00518	0.00571
67	0.01647	0.01550	0.02616	0.67248	0.06008	0.01938	0.02422	0.02229	0.01744	0.02229	0.01550	0.02326	0.01163	0.00872	0.00872	0.00291	0.01163	0.00775	0.00388	0.00969
68	0.03249	0.02291	0.02476	0.01910	0.02577	0.02511	0.01574	0.54253	0.03874	0.08712	0.02216	0.02213	0.01567	0.01047	0.00857	0.00259	0.00914	0.00792	0.05263	0.01443
69	0.01949	0.01859	0.03162	0.30699	0.40196	0.02017	0.02573	0.02493	0.01887	0.02595	0.01604	0.02227	0.01292	0.00816	0.00867	0.00272	0.01088	0.00776	0.00414	0.01213
70	0.75506	0.01687	0.01282	0.01147	0.01687	0.01957	0.00945	0.02564	0.01484	0.03914	0.01215	0.01417	0.00945	0.00810	0.00540	0.00270	0.00675	0.00472	0.00540	0.00945
71	0.01515	0.00758	0.01136	0.01136	0.01136	0.00758	0.00758	0.01136	0.01136	0.01515	0.01515	0.02652	0.01515	0.03030	0.03409	0.74621	0.00758	0.00758	0.00379	0.00379
72	0.01235	0.00892	0.01166	0.01097	0.01303	0.00823	0.00823	0.01646	0.02469	0.03498	0.63443	0.06516	0.08230	0.01783	0.01029	0.00274	0.00412	0.01578	0.00960	0.00823
73	0.01809	0.01550	0.01809	0.01292	0.02067	0.01163	0.01034	0.02196	0.01809	0.02842	0.01550	0.01809	0.01292	0.00646	0.00646	0.00129	0.00646	0.00517	0.00517	0.74677
74	0.02159	0.02073	0.03541	0.05354	0.63903	0.02073	0.02677	0.02677	0.01986	0.02850	0.01641	0.02159	0.01382	0.00777	0.00864	0.00259	0.01036	0.00777	0.00432	0.01382
75	0.33257	0.01739	0.01665	0.01391	0.01953	0.01872	0.01123	0.13649	0.09899	0.03906	0.05734	0.02560	0.05633	0.01022	0.00720	0.00254	0.00697	0.00751	0.00684	0.11490
76	0.75506	0.01687	0.01282	0.01147	0.01687	0.01957	0.00945	0.02564	0.01484	0.03914	0.01215	0.01417	0.00945	0.00810	0.00540	0.00270	0.00675	0.00472	0.00540	0.00945

[dist]
# distance from previous block
# <min> <max>
0	2

[block]
# block no. 6 follows, 20 sequences, length 29
# corresponding to MSA columns:
# 436-446,450-459,463-470
name=unknown_G
#
# <colnr> <probs for GDERKNQSTAVLIFYWHMCP>
#	G	D	E	R	K	N	Q	S	T	A	V	L	I	F	Y	W	H	M	C	P
0	0.02537	0.01234	0.01590	0.01363	0.01822	0.01114	0.01102	0.02984	0.05440	0.32197	0.15908	0.05345	0.14668	0.01560	0.00968	0.00290	0.00629	0.07130	0.00970	0.01148
1	0.02159	0.02073	0.03541	0.05354	0.63903	0.02073	0.02677	0.02677	0.01986	0.02850	0.01641	0.02159	0.01382	0.00777	0.00864	0.00259	0.01036	0.00777	0.00432	0.01382
2	0.01246	0.00935	0.01402	0.01402	0.01558	0.01090	0.01090	0.01558	0.01402	0.02025	0.02336	0.03427	0.02181	0.06542	0.65888	0.01402	0.02336	0.00935	0.00467	0.00779
3	0.75506	0.01687	0.01282	0.01147	0.01687	0.01957	0.00945	0.02564	0.01484	0.03914	0.01215	0.01417	0.00945	0.00810	0.00540	0.00270	0.00675	0.00472	0.00540	0.00945
4	0.02022	0.01467	0.01684	0.01491	0.01896	0.01564	0.01159	0.06276	0.29196	0.09700	0.27709	0.04487	0.04806	0.01409	0.00943	0.00283	0.00596	0.01204	0.00935	0.01170
5	0.02388	0.65876	0.04443	0.01538	0.02267	0.07243	0.01504	0.02665	0.01815	0.02057	0.01221	0.01410	0.01120	0.00756	0.00573	0.00189	0.00972	0.00472	0.00378	0.01113
6	0.01138	0.00804	0.01052	0.01222	0.01283	0.00767	0.00840	0.01297	0.01648	0.02190	0.04456	0.51347	0.05262	0.13298	0.01654	0.00438	0.00597	0.09250	0.00764	0.00692
