[name]
unknown

[dist]
# distance from previous block
# <min> <max>
0	16

[block]
# block no. 0 follows, 26 sequences, length 75
# corresponding to MSA columns:
# 16-90
name=unknown_A
#
# <colnr> <probs for GDERKNQSTAVLIFYWHMCP>
#	G	D	E	R	K	N	Q	S	T	A	V	L	I	F	Y	W	H	M	C	P
0	0.01222	0.00873	0.01222	0.01397	0.01572	0.00873	0.01222	0.01572	0.01746	0.02270	0.04016	0.08556	0.04365	0.02095	0.01048	0.00349	0.00698	0.63506	0.00698	0.00698
1	0.03403	0.01291	0.01760	0.01350	0.01936	0.01115	0.01115	0.03697	0.02171	0.69137	0.02992	0.02582	0.01878	0.00939	0.00763	0.00235	0.00645	0.00763	0.00939	0.01291
2	0.02890	0.01560	0.07922	0.01443	0.02032	0.01276	0.01267	0.03524	0.12388	0.49849	0.02906	0.05383	0.01990	0.00991	0.00769	0.00242	0.00674	0.00816	0.00846	0.01234
3	0.02580	0.01393	0.01725	0.01299	0.01916	0.01201	0.01059	0.07970	0.04484	0.35135	0.02251	0.02131	0.01549	0.00791	0.00683	0.00187	0.00626	0.00636	0.00724	0.31662
4	0.01203	0.00867	0.01196	0.01361	0.01540	0.00860	0.01185	0.01544	0.01745	0.02257	0.04228	0.08483	0.08061	0.02085	0.01039	0.00344	0.00680	0.59928	0.00699	0.00695
5	0.01549	0.07794	0.65788	0.02114	0.03209	0.01830	0.02719	0.02395	0.01598	0.02368	0.01344	0.01580	0.00962	0.00717	0.00708	0.00236	0.01104	0.00552	0.00321	0.01113
6	0.00924	0.00660	0.00880	0.01056	0.01100	0.00616	0.00704	0.01056	0.01452	0.01936	0.04181	0.72848	0.05017	0.02376	0.00968	0.00308	0.00440	0.02156	0.00704	0.00616
7	0.01435	0.01245	0.01892	0.42963	0.05528	0.01448	0.01642	0.07748	0.01715	0.02228	0.02427	0.18022	0.06227	0.01203	0.00813	0.00262	0.00825	0.01062	0.00483	0.00832
8	0.01414	0.00707	0.00707	0.00707	0.00884	0.00707	0.00530	0.01767	0.01591	0.02828	0.02474	0.02828	0.01944	0.00884	0.00530	0.00177	0.00353	0.00707	0.77554	0.00707
9	0.01318	0.00659	0.00988	0.00988	0.00988	0.00659	0.00659	0.00988	0.00988	0.01318	0.01318	0.02306	0.01318	0.02635	0.02964	0.77931	0.00659	0.00659	0.00329	0.00329
10	0.78701	0.01467	0.01115	0.00997	0.01467	0.01702	0.00821	0.02230	0.01291	0.03403	0.01056	0.01232	0.00821	0.00704	0.00469	0.00235	0.00587	0.00411	0.00469	0.00821
11	0.64831	0.01590	0.03898	0.01119	0.01632	0.01699	0.00962	0.06431	0.01519	0.08712	0.01272	0.01392	0.00941	0.00737	0.00521	0.00234	0.00628	0.00462	0.00520	0.00901
12	0.11369	0.64987	0.03626	0.01261	0.01888	0.02843	0.01240	0.02266	0.01511	0.01982	0.01055	0.01219	0.00955	0.00656	0.00485	0.00171	0.00784	0.00406	0.00342	0.00955
13	0.01318	0.00659	0.00988	0.00988	0.00988	0.00659	0.00659	0.00988	0.00988	0.01318	0.01318	0.02306	0.01318	0.02635	0.02964	0.77931	0.00659	0.00659	0.00329	0.00329
14	0.57477	0.21489	0.01906	0.01081	0.01600	0.02061	0.00953	0.02241	0.01360	0.02955	0.01056	0.01228	0.00864	0.00689	0.00474	0.00215	0.00649	0.00409	0.00429	0.00864
15	0.00924	0.00660	0.00880	0.01056	0.01100	0.00616	0.00704	0.01056	0.01452	0.01936	0.04181	0.72848	0.05017	0.02376	0.00968	0.00308	0.00440	0.02156	0.00704	0.00616
16	0.01573	0.01348	0.01573	0.01123	0.01798	0.01011	0.00899	0.01910	0.01573	0.02472	0.01348	0.01573	0.01123	0.00562	0.00562	0.00112	0.00562	0.00449	0.00449	0.77980
17	0.02883	0.02125	0.02276	0.01745	0.02352	0.02352	0.01442	0.66082	0.03566	0.04780	0.01821	0.01821	0.01290	0.00911	0.00759	0.00228	0.00835	0.00683	0.00759	0.01290
18	0.01067	0.00775	0.01004	0.00947	0.01129	0.00713	0.00710	0.01418	0.02131	0.03003	0.65847	0.05730	0.09546	0.01565	0.00895	0.00239	0.00359	0.01381	0.00830	0.00713
19	0.01667	0.01682	0.02448	0.02061	0.02105	0.02300	0.05370	0.01860	0.01198	0.01860	0.01027	0.01682	0.01005	0.01288	0.02397	0.00327	0.67869	0.00677	0.00335	0.00841
20	0.01925	0.01623	0.01676	0.01488	0.01911	0.04251	0.01149	0.03700	0.54800	0.05785	0.02878	0.02814	0.02206	0.04992	0.00928	0.00272	0.00636	0.00831	0.00730	0.05405
21	0.01727	0.32257	0.42879	0.01812	0.02741	0.02264	0.02192	0.02349	0.01577	0.02152	0.01237	0.01445	0.00966	0.00692	0.00626	0.00209	0.00995	0.00498	0.00322	0.01061
22	0.02883	0.02125	0.02276	0.01745	0.02352	0.02352	0.01442	0.66082	0.03566	0.04780	0.01821	0.01821	0.01290	0.00911	0.00759	0.00228	0.00835	0.00683	0.00759	0.01290
23	0.00924	0.00660	0.00880	0.01056	0.01100	0.00616	0.00704	0.01056	0.01452	0.01936	0.04181	0.72848	0.05017	0.02376	0.00968	0.00308	0.00440	0.02156	0.00704	0.00616
24	0.01000	0.00820	0.00888	0.00862	0.01108	0.00732	0.00649	0.01349	0.05626	0.02374	0.23301	0.06613	0.48444	0.01772	0.00889	0.00252	0.00390	0.01498	0.00743	0.00692
25	0.01074	0.00775	0.01014	0.00954	0.01133	0.00716	0.00716	0.01431	0.02147	0.03042	0.68211	0.05666	0.07157	0.01551	0.00895	0.00239	0.00358	0.01372	0.00835	0.00716
26	0.00943	0.00674	0.00902	0.01078	0.01130	0.00632	0.00737	0.01089	0.01471	0.01958	0.04170	0.68742	0.04975	0.02358	0.00973	0.00311	0.00457	0.06074	0.00704	0.00621
27	0.03310	0.01270	0.01730	0.01334	0.01904	0.01099	0.01099	0.03606	0.02170	0.66484	0.05610	0.02705	0.02089	0.00963	0.00768	0.00235	0.00634	0.00787	0.00935	0.01268
28	0.01084	0.00813	0.01219	0.01219	0.01354	0.00948	0.00948	0.01354	0.01219	0.01761	0.02032	0.02980	0.01896	0.05689	0.70337	0.01219	0.02032	0.00813	0.00406	0.00677
29	0.07345	0.01414	0.01765	0.01388	0.01951	0.01348	0.01138	0.09149	0.09970	0.52000	0.02793	0.02470	0.01819	0.00934	0.00747	0.00237	0.00653	0.00748	0.00877	0.01254
30	0.01856	0.01781	0.03041	0.07831	0.65602	0.01797	0.02317	0.02309	0.01717	0.02452	0.01423	0.01884	0.01192	0.00680	0.00751	0.00227	0.00906	0.00676	0.00374	0.01184
31	0.01103	0.00735	0.00827	0.00827	0.00827	0.00735	0.00460	0.01103	0.01103	0.01471	0.02390	0.04964	0.02758	0.73343	0.03861	0.00735	0.00735	0.01103	0.00460	0.00460
32	0.02960	0.01875	0.02098	0.01614	0.02202	0.01996	0.01332	0.48771	0.03161	0.20348	0.02128	0.02040	0.01455	0.00917	0.00752	0.00228	0.00773	0.00703	0.03379	0.01271
33	0.78701	0.01467	0.01115	0.00997	0.01467	0.01702	0.00821	0.02230	0.01291	0.03403	0.01056	0.01232	0.00821	0.00704	0.00469	0.00235	0.00587	0.00411	0.00469	0.00821
34	0.03403	0.01291	0.01760	0.01350	0.01936	0.01115	0.01115	0.03697	0.02171	0.69137	0.02992	0.02582	0.01878	0.00939	0.00763	0.00235	0.00645	0.00763	0.00939	0.01291
35	0.01933	0.02133	0.10467	0.03622	0.41072	0.04155	0.08815	0.07091	0.08237	0.02676	0.01612	0.01935	0.01276	0.00732	0.00763	0.00232	0.00947	0.00698	0.00437	0.01169
36	0.00979	0.00714	0.00921	0.00990	0.01106	0.00656	0.00697	0.01203	0.01744	0.02370	0.29034	0.41028	0.11711	0.02018	0.00933	0.00277	0.00403	0.01804	0.00754	0.00656
37	0.02165	0.01737	0.01883	0.01762	0.06280	0.04372	0.01301	0.10589	0.47942	0.09152	0.02765	0.02584	0.02045	0.00977	0.00765	0.00248	0.00677	0.00805	0.00746	0.01207
38	0.01413	0.00853	0.01108	0.01000	0.01246	0.00770	0.00766	0.01748	0.02119	0.12968	0.53767	0.05323	0.10980	0.01486	0.00875	0.00239	0.00403	0.01297	0.00841	0.00797
39	0.02360	0.01883	0.02576	0.02621	0.20735	0.01982	0.07693	0.33516	0.05087	0.06194	0.01929	0.06461	0.01552	0.00919	0.00783	0.00236	0.00854	0.00805	0.00621	0.01194
40	0.01561	0.01319	0.01554	0.01165	0.01734	0.01083	0.00918	0.03992	0.01588	0.02434	0.01551	0.05396	0.01415	0.04909	0.00871	0.00173	0.03965	0.00592	0.00468	0.63312
41	0.00962	0.00771	0.00860	0.00838	0.01065	0.00668	0.00628	0.01216	0.01885	0.02419	0.30220	0.06691	0.45537	0.01783	0.00896	0.00250	0.00374	0.01516	0.00753	0.00668
42	0.02028	0.73799	0.03975	0.01298	0.01947	0.03001	0.01298	0.02271	0.01541	0.01785	0.01055	0.01217	0.00973	0.00649	0.00487	0.00162	0.00811	0.00406	0.00324	0.00973
43	0.01299	0.00697	0.01053	0.04900	0.01230	0.00713	0.00742	0.01045	0.01047	0.01391	0.01502	0.06795	0.01537	0.02515	0.02715	0.68671	0.00664	0.00755	0.00354	0.00376
44	0.01887	0.01629	0.01715	0.01544	0.01972	0.01887	0.01201	0.04031	0.67241	0.03173	0.03087	0.02830	0.02315	0.01029	0.00772	0.00257	0.00600	0.00858	0.00772	0.01201
45	0.01318	0.00659	0.00988	0.00988	0.00988	0.00659	0.00659	0.00988	0.00988	0.01318	0.01318	0.02306	0.01318	0.02635	0.02964	0.77931	0.00659	0.00659	0.00329	0.00329
46	0.01672	0.01578	0.02671	0.29870	0.40827	0.01706	0.02183	0.02138	0.01648	0.02261	0.01540	0.02302	0.01304	0.00786	0.00770	0.00243	0.00932	0.04152	0.00379	0.01037
47	0.01850	0.01587	0.01688	0.01535	0.01950	0.01830	0.01202	0.03894	0.63613	0.03123	0.03139	0.03147	0.02429	0.01088	0.00787	0.00262	0.00606	0.04328	0.00768	0.01173
48	0.00923	0.00701	0.00851	0.00958	0.01077	0.00629	0.00664	0.01086	0.01576	0.02029	0.08556	0.48347	0.25491	0.02188	0.00941	0.00288	0.00418	0.01938	0.00711	0.00629
49	0.01887	0.01629	0.01715	0.01544	0.01972	0.01887	0.01201	0.04031	0.67241	0.03173	0.03087	0.02830	0.02315	0.01029	0.00772	0.00257	0.00600	0.00858	0.00772	0.01201
50	0.16732	0.01453	0.05370	0.01320	0.01903	0.01244	0.01144	0.03295	0.01981	0.51694	0.04488	0.02377	0.01794	0.00903	0.00712	0.00235	0.00653	0.00706	0.00817	0.01180
51	0.02283	0.01883	0.01883	0.01612	0.02088	0.07423	0.01273	0.18301	0.43437	0.07342	0.02635	0.02465	0.01945	0.00976	0.00761	0.00244	0.00719	0.00782	0.00748	0.01201
52	0.01131	0.00838	0.01034	0.00962	0.01173	0.00781	0.00728	0.04446	0.02147	0.02963	0.55236	0.05748	0.16802	0.01580	0.00888	0.00241	0.00385	0.01376	0.00810	0.00731
53	0.01573	0.01348	0.01573	0.01123	0.01798	0.01011	0.00899	0.01910	0.01573	0.02472	0.01348	0.01573	0.01123	0.00562	0.00562	0.00112	0.00562	0.00449	0.00449	0.77980
54	0.01795	0.03110	0.44329	0.02273	0.03223	0.01737	0.16505	0.02631	0.05338	0.09309	0.01663	0.01869	0.01172	0.00742	0.00766	0.00244	0.01078	0.00672	0.00423	0.01121
55	0.00923	0.00666	0.00874	0.01040	0.01096	0.00617	0.00697	0.01058	0.01468	0.01943	0.04383	0.69059	0.08675	0.02350	0.00964	0.00305	0.00437	0.02124	0.00704	0.00617
56	0.01264	0.01241	0.05782	0.01423	0.01550	0.01306	0.01169	0.01498	0.01460	0.02090	0.13675	0.22671	0.03469	0.07284	0.04367	0.00369	0.24322	0.03782	0.00548	0.00730
57	0.01304	0.00734	0.00834	0.00834	0.00981	0.00763	0.00614	0.01597	0.01451	0.02431	0.02367	0.03116	0.02031	0.10579	0.16288	0.00473	0.00768	0.00777	0.51388	0.00671
58	0.39318	0.10805	0.19682	0.01627	0.02326	0.01901	0.09975	0.02306	0.01467	0.02821	0.01199	0.01434	0.00919	0.00693	0.00593	0.00230	0.00844	0.00513	0.00402	0.00944
59	0.43198	0.25117	0.09678	0.01252	0.01849	0.04105	0.01214	0.02285	0.01431	0.02725	0.01093	0.01272	0.00890	0.00690	0.00509	0.00211	0.00741	0.00428	0.00404	0.00905
60	0.02419	0.04900	0.02087	0.01605	0.02109	0.02123	0.01312	0.40192	0.18759	0.03985	0.04155	0.02210	0.01733	0.00963	0.00809	0.00234	0.03502	0.00736	0.04979	0.01187
61	0.02238	0.01557	0.01742	0.01471	0.01929	0.01691	0.01169	0.16462	0.34039	0.14680	0.11792	0.02970	0.02697	0.01061	0.00785	0.00245	0.00623	0.00876	0.00806	0.01168
62	0.01150	0.00789	0.01027	0.00968	0.01159	0.00723	0.00725	0.01488	0.02097	0.05520	0.60158	0.09015	0.09135	0.01583	0.00893	0.00243	0.00374	0.01396	0.00827	0.00730
63	0.01794	0.01749	0.02776	0.02252	0.05132	0.01827	0.26121	0.03188	0.35992	0.02799	0.02682	0.02740	0.05478	0.00915	0.00825	0.00255	0.00861	0.00907	0.00604	0.01101
64	0.03947	0.03778	0.62583	0.02150	0.03210	0.04546	0.04638	0.02423	0.01620	0.02411	0.01350	0.01594	0.00963	0.00720	0.00717	0.00239	0.01120	0.00563	0.00330	0.01099
65	0.01650	0.01346	0.01581	0.01133	0.01803	0.01016	0.00908	0.01986	0.01598	0.05294	0.01418	0.01616	0.01155	0.00578	0.00570	0.00118	0.00565	0.00463	0.00470	0.74733
66	0.02439	0.01438	0.01698	0.01438	0.01909	0.01495	0.01155	0.07798	0.30556	0.28159	0.07176	0.03166	0.02503	0.01079	0.00791	0.00251	0.00623	0.04310	0.00834	0.01182
67	0.01774	0.01967	0.04077	0.03078	0.07268	0.01911	0.53659	0.02346	0.01719	0.02378	0.01471	0.01981	0.01138	0.00702	0.01020	0.00255	0.07757	0.00843	0.00381	0.04274
68	0.00896	0.00768	0.00768	0.00768	0.01025	0.00640	0.00576	0.01089	0.01729	0.02049	0.07684	0.07300	0.68304	0.01921	0.00896	0.00256	0.00384	0.01601	0.00704	0.00640
69	0.00924	0.00660	0.00880	0.01056	0.01100	0.00616	0.00704	0.01056	0.01452	0.01936	0.04181	0.72848	0.05017	0.02376	0.00968	0.00308	0.00440	0.02156	0.00704	0.00616
70	0.02839	0.03449	0.02164	0.01931	0.02346	0.62733	0.01463	0.10050	0.02307	0.02182	0.01245	0.01418	0.01012	0.00796	0.00692	0.00199	0.01308	0.00510	0.00432	0.00925
71	0.01093	0.00742	0.00877	0.00882	0.00904	0.00752	0.00530	0.01140	0.01170	0.01582	0.05064	0.07429	0.02933	0.60737	0.10471	0.00749	0.00842	0.01125	0.00479	0.00498
72	0.00967	0.00688	0.00916	0.01083	0.01140	0.00651	0.00751	0.01117	0.01468	0.01951	0.04071	0.62104	0.04828	0.05944	0.01124	0.00334	0.00484	0.09070	0.00691	0.00618
73	0.01432	0.01348	0.02275	0.71520	0.05224	0.01685	0.02107	0.01938	0.01517	0.01938	0.01348	0.02022	0.01011	0.00758	0.00758	0.00253	0.01011	0.00674	0.00337	0.00843
74	0.01873	0.01815	0.03150	0.04582	0.65333	0.01808	0.05550	0.02333	0.01730	0.02476	0.01432	0.01886	0.01199	0.00674	0.00758	0.00227	0.00920	0.00687	0.00376	0.01192

[dist]
# distance from previous block
# <min> <max>
0	1

[block]
# block no. 1 follows, 26 sequences, length 93
# corresponding to MSA columns:
# 92-184
name=unknown_B
#
# <colnr> <probs for GDERKNQSTAVLIFYWHMCP>
#	G	D	E	R	K	N	Q	S	T	A	V	L	I	F	Y	W	H	M	C	P
0	0.01846	0.02120	0.03989	0.05773	0.03724	0.08932	0.53759	0.02412	0.01802	0.02329	0.01604	0.05040	0.01295	0.00734	0.00871	0.00252	0.01241	0.00899	0.00396	0.00983
1	0.04796	0.01353	0.02225	0.68450	0.05061	0.01686	0.02051	0.01951	0.01507	0.02002	0.01335	0.01988	0.01003	0.00756	0.00746	0.00252	0.00993	0.00663	0.00343	0.00842
2	0.01079	0.00738	0.00893	0.00913	0.00939	0.00754	0.00562	0.01136	0.01161	0.01569	0.02544	0.12571	0.02890	0.54795	0.13625	0.00759	0.00898	0.01182	0.00480	0.00511
3	0.02833	0.03615	0.02149	0.01954	0.02345	0.70298	0.01466	0.03029	0.02149	0.01856	0.01172	0.01368	0.00977	0.00782	0.00684	0.00195	0.01368	0.00489	0.00391	0.00879
4	0.03403	0.01291	0.01760	0.01350	0.01936	0.01115	0.01115	0.03697	0.02171	0.69137	0.02992	0.02582	0.01878	0.00939	0.00763	0.00235	0.00645	0.00763	0.00939	0.01291
5	0.02028	0.73799	0.03975	0.01298	0.01947	0.03001	0.01298	0.02271	0.01541	0.01785	0.01055	0.01217	0.00973	0.00649	0.00487	0.00162	0.00811	0.00406	0.00324	0.00973
6	0.01085	0.00807	0.01189	0.01189	0.01314	0.00932	0.00911	0.01335	0.01210	0.01739	0.02059	0.03131	0.01962	0.10838	0.65278	0.01182	0.01933	0.00835	0.00410	0.00661
7	0.01544	0.07037	0.66497	0.02123	0.03223	0.01817	0.02735	0.02396	0.01599	0.02375	0.01348	0.01584	0.00961	0.00717	0.00710	0.00237	0.01107	0.00554	0.00320	0.01114
8	0.00924	0.00660	0.00880	0.01056	0.01100	0.00616	0.00704	0.01056	0.01452	0.01936	0.04181	0.72848	0.05017	0.02376	0.00968	0.00308	0.00440	0.02156	0.00704	0.00616
9	0.02266	0.01818	0.01929	0.01620	0.02117	0.02064	0.01292	0.27678	0.42975	0.03786	0.02605	0.02445	0.01925	0.00984	0.00767	0.00246	0.00690	0.00791	0.00767	0.01235
10	0.03403	0.01291	0.01760	0.01350	0.01936	0.01115	0.01115	0.03697	0.02171	0.69137	0.02992	0.02582	0.01878	0.00939	0.00763	0.00235	0.00645	0.00763	0.00939	0.01291
11	0.01576	0.01495	0.02535	0.49868	0.25750	0.01723	0.02178	0.02064	0.01585	0.02113	0.01374	0.01975	0.01073	0.00732	0.00756	0.00244	0.00975	0.00675	0.00349	0.00959
12	0.01767	0.02207	0.10029	0.03108	0.03906	0.01905	0.60465	0.02427	0.01774	0.02427	0.01520	0.02008	0.01135	0.00646	0.00880	0.00254	0.01265	0.00867	0.00378	0.01031
13	0.78701	0.01467	0.01115	0.00997	0.01467	0.01702	0.00821	0.02230	0.01291	0.03403	0.01056	0.01232	0.00821	0.00704	0.00469	0.00235	0.00587	0.00411	0.00469	0.00821
14	0.03403	0.01291	0.01760	0.01350	0.01936	0.01115	0.01115	0.03697	0.02171	0.69137	0.02992	0.02582	0.01878	0.00939	0.00763	0.00235	0.00645	0.00763	0.00939	0.01291
15	0.02028	0.73799	0.03975	0.01298	0.01947	0.03001	0.01298	0.02271	0.01541	0.01785	0.01055	0.01217	0.00973	0.00649	0.00487	0.00162	0.00811	0.00406	0.00324	0.00973
16	0.01887	0.01629	0.01715	0.01544	0.01972	0.01887	0.01201	0.04031	0.67241	0.03173	0.03087	0.02830	0.02315	0.01029	0.00772	0.00257	0.00600	0.00858	0.00772	0.01201
17	0.01167	0.00834	0.01159	0.01334	0.01485	0.00826	0.01127	0.01477	0.01692	0.02209	0.04046	0.20377	0.04485	0.02147	0.01033	0.00342	0.00651	0.52226	0.00699	0.00683
18	0.03403	0.01291	0.01760	0.01350	0.01936	0.01115	0.01115	0.03697	0.02171	0.69137	0.02992	0.02582	0.01878	0.00939	0.00763	0.00235	0.00645	0.00763	0.00939	0.01291
19	0.01085	0.00808	0.01196	0.01196	0.01324	0.00936	0.00920	0.01340	0.01212	0.01744	0.02053	0.03096	0.01947	0.09649	0.66446	0.01191	0.01956	0.00830	0.00409	0.00664
20	0.00914	0.00774	0.00792	0.00802	0.01053	0.00653	0.00610	0.01114	0.01730	0.02061	0.07491	0.07366	0.64933	0.01930	0.00904	0.00261	0.00401	0.04864	0.00704	0.00643
21	0.03403	0.01291	0.01760	0.01350	0.01936	0.01115	0.01115	0.03697	0.02171	0.69137	0.02992	0.02582	0.01878	0.00939	0.00763	0.00235	0.00645	0.00763	0.00939	0.01291
22	0.00924	0.00660	0.00880	0.01056	0.01100	0.00616	0.00704	0.01056	0.01452	0.01936	0.04181	0.72848	0.05017	0.02376	0.00968	0.00308	0.00440	0.02156	0.00704	0.00616
23	0.00923	0.00666	0.00874	0.01041	0.01096	0.00617	0.00697	0.01058	0.01467	0.01942	0.04371	0.69286	0.08456	0.02352	0.00964	0.00305	0.00437	0.02126	0.00704	0.00617
24	0.01549	0.07721	0.65857	0.02115	0.03210	0.01829	0.02721	0.02395	0.01598	0.02369	0.01345	0.01581	0.00962	0.00717	0.00708	0.00236	0.01104	0.00552	0.00321	0.01113
25	0.01521	0.03923	0.69413	0.02162	0.03283	0.01762	0.02802	0.02402	0.01601	0.02402	0.01361	0.01601	0.00961	0.00721	0.00721	0.00240	0.01121	0.00560	0.00320	0.01121
26	0.01877	0.01802	0.03079	0.04656	0.68612	0.01802	0.02328	0.02328	0.01727	0.02478	0.01427	0.01877	0.01201	0.00676	0.00751	0.00225	0.00901	0.00676	0.00375	0.01201
27	0.00924	0.00660	0.00880	0.01056	0.01100	0.00616	0.00704	0.01056	0.01452	0.01936	0.04181	0.72848	0.05017	0.02376	0.00968	0.00308	0.00440	0.02156	0.00704	0.00616
28	0.01447	0.01353	0.02307	0.65841	0.05001	0.01657	0.04758	0.01952	0.01531	0.01994	0.01400	0.02055	0.01054	0.00758	0.00755	0.00250	0.00997	0.00685	0.03360	0.00845
29	0.01573	0.01348	0.01573	0.01123	0.01798	0.01011	0.00899	0.01910	0.01573	0.02472	0.01348	0.01573	0.01123	0.00562	0.00562	0.00112	0.00562	0.00449	0.00449	0.77980
30	0.03403	0.01291	0.01760	0.01350	0.01936	0.01115	0.01115	0.03697	0.02171	0.69137	0.02992	0.02582	0.01878	0.00939	0.00763	0.00235	0.00645	0.00763	0.00939	0.01291
31	0.00946	0.00676	0.00904	0.01071	0.01127	0.00634	0.00733	0.01098	0.01493	0.01994	0.06485	0.66928	0.05059	0.02331	0.00970	0.00308	0.00451	0.05462	0.00709	0.00624
32	0.00934	0.00667	0.00892	0.01068	0.01116	0.00625	0.00722	0.01074	0.01462	0.01948	0.04175	0.70655	0.04995	0.02367	0.00971	0.00309	0.00449	0.04249	0.00704	0.00619
33	0.01659	0.01659	0.02323	0.01991	0.01991	0.02323	0.01659	0.01825	0.01162	0.01825	0.00996	0.01659	0.00996	0.01328	0.02489	0.00332	0.71955	0.00664	0.00332	0.00830
34	0.01967	0.01612	0.01717	0.01533	0.01970	0.01846	0.01196	0.04013	0.63811	0.06650	0.03082	0.02817	0.02292	0.01024	0.00771	0.00256	0.00603	0.00853	0.00781	0.01205
35	0.01103	0.00735	0.00827	0.00827	0.00827	0.00735	0.00460	0.01103	0.01103	0.01471	0.02390	0.04964	0.02758	0.73343	0.03861	0.00735	0.00735	0.01103	0.00460	0.00460
36	0.01318	0.00659	0.00988	0.00988	0.00988	0.00659	0.00659	0.00988	0.00988	0.01318	0.01318	0.02306	0.01318	0.02635	0.02964	0.77931	0.00659	0.00659	0.00329	0.00329
37	0.01067	0.00770	0.01008	0.00959	0.01132	0.00711	0.00715	0.01415	0.02117	0.02995	0.65486	0.08526	0.07066	0.01586	0.00898	0.00242	0.00361	0.01405	0.00829	0.00711
38	0.02028	0.73799	0.03975	0.01298	0.01947	0.03001	0.01298	0.02271	0.01541	0.01785	0.01055	0.01217	0.00973	0.00649	0.00487	0.00162	0.00811	0.00406	0.00324	0.00973
39	0.03139	0.01289	0.01713	0.01343	0.01892	0.01156	0.01099	0.03592	0.07635	0.59727	0.06818	0.02783	0.02223	0.00982	0.00771	0.00237	0.00625	0.00806	0.00919	0.01250
40	0.01531	0.03853	0.66977	0.02201	0.03308	0.01767	0.05168	0.02403	0.01608	0.02403	0.01368	0.01618	0.00968	0.00718	0.00727	0.00241	0.01127	0.00573	0.00323	0.01117
41	0.02833	0.03615	0.02149	0.01954	0.02345	0.70298	0.01466	0.03029	0.02149	0.01856	0.01172	0.01368	0.00977	0.00782	0.00684	0.00195	0.01368	0.00489	0.00391	0.00879
42	0.01084	0.00813	0.01219	0.01219	0.01354	0.00948	0.00948	0.01354	0.01219	0.01761	0.02032	0.02980	0.01896	0.05689	0.70337	0.01219	0.02032	0.00813	0.00406	0.00677
43	0.02824	0.01473	0.01782	0.01411	0.01942	0.01454	0.01150	0.19275	0.09077	0.38005	0.07378	0.02879	0.05740	0.01036	0.00779	0.00237	0.00655	0.00839	0.00856	0.01207
44	0.02840	0.03432	0.02165	0.01928	0.02346	0.61938	0.01463	0.10786	0.02324	0.02216	0.01252	0.01424	0.01016	0.00797	0.00693	0.00199	0.01302	0.00512	0.00436	0.00930
45	0.00956	0.00684	0.00908	0.01035	0.01107	0.00637	0.00707	0.01135	0.01598	0.02169	0.17637	0.58730	0.05466	0.02203	0.00953	0.00293	0.00423	0.01991	0.00732	0.00637
46	0.01887	0.01629	0.01715	0.01544	0.01972	0.01887	0.01201	0.04031	0.67241	0.03173	0.03087	0.02830	0.02315	0.01029	0.00772	0.00257	0.00600	0.00858	0.00772	0.01201
47	0.01471	0.01387	0.02344	0.65746	0.10698	0.01695	0.02126	0.01972	0.01535	0.01985	0.01355	0.02010	0.01028	0.00751	0.00758	0.00250	0.01002	0.00674	0.00340	0.00874
48	0.01573	0.01348	0.01573	0.01123	0.01798	0.01011	0.00899	0.01910	0.01573	0.02472	0.01348	0.01573	0.01123	0.00562	0.00562	0.00112	0.00562	0.00449	0.00449	0.77980
49	0.01318	0.00659	0.00988	0.00988	0.00988	0.00659	0.00659	0.00988	0.00988	0.01318	0.01318	0.02306	0.01318	0.02635	0.02964	0.77931	0.00659	0.00659	0.00329	0.00329
50	0.01103	0.00735	0.00827	0.00827	0.00827	0.00735	0.00460	0.01103	0.01103	0.01471	0.02390	0.04964	0.02758	0.73343	0.03861	0.00735	0.00735	0.01103	0.00460	0.00460
51	0.03258	0.01361	0.01784	0.01385	0.01961	0.01240	0.01139	0.07011	0.07288	0.60632	0.02938	0.02561	0.01881	0.00944	0.00763	0.00236	0.00652	0.00766	0.00916	0.01284
52	0.02883	0.02125	0.02276	0.01745	0.02352	0.02352	0.01442	0.66082	0.03566	0.04780	0.01821	0.01821	0.01290	0.00911	0.00759	0.00228	0.00835	0.00683	0.00759	0.01290
53	0.01499	0.01439	0.02289	0.51129	0.04276	0.01872	0.01975	0.01905	0.01413	0.01905	0.01245	0.01916	0.01007	0.00925	0.01266	0.00276	0.21817	0.00671	0.00336	0.00839
54	0.02688	0.01963	0.02097	0.01636	0.02193	0.02171	0.01342	0.56442	0.07109	0.04504	0.01956	0.01974	0.01411	0.00915	0.00738	0.00225	0.00776	0.00695	0.07933	0.01230
55	0.01547	0.01321	0.01545	0.01121	0.01770	0.00995	0.00891	0.01876	0.01568	0.02450	0.01461	0.04423	0.01279	0.00634	0.00578	0.00120	0.00557	0.00518	0.00460	0.74887
56	0.01103	0.00735	0.00827	0.00827	0.00827	0.00735	0.00460	0.01103	0.01103	0.01471	0.02390	0.04964	0.02758	0.73343	0.03861	0.00735	0.00735	0.01103	0.00460	0.00460
57	0.01573	0.01348	0.01573	0.01123	0.01798	0.01011	0.00899	0.01910	0.01573	0.02472	0.01348	0.01573	0.01123	0.00562	0.00562	0.00112	0.00562	0.00449	0.00449	0.77980
58	0.00924	0.00660	0.00880	0.01056	0.01100	0.00616	0.00704	0.01056	0.01452	0.01936	0.04181	0.72848	0.05017	0.02376	0.00968	0.00308	0.00440	0.02156	0.00704	0.00616
59	0.02833	0.03615	0.02149	0.01954	0.02345	0.70298	0.01466	0.03029	0.02149	0.01856	0.01172	0.01368	0.00977	0.00782	0.00684	0.00195	0.01368	0.00489	0.00391	0.00879
60	0.01094	0.00732	0.00830	0.00838	0.00840	0.00730	0.00471	0.01101	0.01120	0.01493	0.02475	0.08206	0.02865	0.69954	0.03723	0.00715	0.00721	0.01153	0.00471	0.00467
61	0.01018	0.00717	0.00858	0.00912	0.00971	0.00683	0.00580	0.01118	0.01389	0.01844	0.10052	0.28445	0.10663	0.34718	0.02277	0.00491	0.00561	0.01540	0.00605	0.00557
62	0.01043	0.00768	0.00976	0.00938	0.01118	0.00701	0.00698	0.01368	0.02056	0.02856	0.57097	0.09798	0.14473	0.01644	0.00899	0.00245	0.00366	0.01446	0.00811	0.00701
63	0.01573	0.01348	0.01573	0.01123	0.01798	0.01011	0.00899	0.01910	0.01573	0.02472	0.01348	0.01573	0.01123	0.00562	0.00562	0.00112	0.00562	0.00449	0.00449	0.77980
64	0.34994	0.01497	0.01423	0.01186	0.01644	0.01655	0.00967	0.21498	0.02096	0.07934	0.01705	0.01827	0.01263	0.00819	0.00588	0.00221	0.00617	0.00577	0.16522	0.00969
65	0.01460	0.01337	0.02157	0.57041	0.04468	0.01690	0.01925	0.01910	0.01477	0.01994	0.01392	0.02039	0.01083	0.00841	0.00962	0.00257	0.10029	0.00675	0.06431	0.00830
66	0.01575	0.01574	0.02730	0.02181	0.02482	0.01777	0.23840	0.04175	0.01537	0.02169	0.01970	0.18712	0.02016	0.01321	0.01509	0.00296	0.27719	0.01100	0.00454	0.00863
67	0.03373	0.01340	0.01790	0.01373	0.01961	0.01187	0.01134	0.07349	0.02253	0.65369	0.02924	0.02537	0.01843	0.00937	0.00763	0.00234	0.00657	0.00758	0.00928	0.01291
68	0.02753	0.02779	0.02255	0.04822	0.05630	0.34260	0.01522	0.30767	0.02729	0.03179	0.01478	0.01619	0.01127	0.00832	0.00723	0.00213	0.01096	0.00591	0.00550	0.01074
69	0.04039	0.01412	0.05309	0.01306	0.01641	0.04519	0.01050	0.05065	0.20276	0.06273	0.11414	0.22182	0.09451	0.01487	0.00833	0.00261	0.00587	0.01276	0.00709	0.00909
70	0.03403	0.01291	0.01760	0.01350	0.01936	0.01115	0.01115	0.03697	0.02171	0.69137	0.02992	0.02582	0.01878	0.00939	0.00763	0.00235	0.00645	0.00763	0.00939	0.01291
71	0.00954	0.00698	0.00932	0.04030	0.01258	0.00669	0.00745	0.01098	0.01448	0.01916	0.04119	0.63224	0.07543	0.06144	0.01113	0.00327	0.00478	0.02011	0.00675	0.00618
72	0.02925	0.02057	0.02235	0.01713	0.02319	0.02252	0.01415	0.61029	0.03453	0.09994	0.01916	0.01883	0.01338	0.00913	0.00759	0.00228	0.00819	0.00689	0.00773	0.01290
73	0.01385	0.01284	0.02145	0.64938	0.04839	0.01585	0.01976	0.01856	0.01511	0.01938	0.01613	0.08638	0.01385	0.00909	0.00778	0.00258	0.00958	0.00813	0.00371	0.00821
74	0.00896	0.00768	0.00768	0.00768	0.01025	0.00640	0.00576	0.01089	0.01729	0.02049	0.07684	0.07300	0.68304	0.01921	0.00896	0.00256	0.00384	0.01601	0.00704	0.00640
75	0.00955	0.00682	0.00915	0.01091	0.01148	0.00642	0.00757	0.01109	0.01482	0.01970	0.04164	0.66285	0.04950	0.02348	0.00976	0.00312	0.00466	0.08419	0.00704	0.00624
76	0.00936	0.00669	0.00891	0.01048	0.01103	0.00624	0.00705	0.01087	0.01508	0.02026	0.09367	0.67406	0.05190	0.02309	0.00962	0.00302	0.00433	0.02093	0.00715	0.00624
77	0.01855	0.01593	0.01692	0.01537	0.01953	0.01838	0.01202	0.03913	0.64113	0.03130	0.03132	0.03103	0.02413	0.01080	0.00785	0.00262	0.00605	0.03849	0.00768	0.01177
78	0.01841	0.01759	0.02969	0.10081	0.61246	0.01795	0.02274	0.02350	0.03802	0.02456	0.01473	0.01920	0.01221	0.00694	0.00752	0.00229	0.00901	0.00681	0.00385	0.01172
79	0.61786	0.01463	0.01282	0.01094	0.01590	0.01624	0.00901	0.05260	0.01549	0.15363	0.01440	0.01502	0.01033	0.00756	0.00535	0.00234	0.00608	0.00486	0.00567	0.00927
80	0.01543	0.06949	0.66580	0.02124	0.03225	0.01815	0.02737	0.02396	0.01599	0.02375	0.01348	0.01585	0.00961	0.00718	0.00711	0.00237	0.01108	0.00554	0.00320	0.01115
81	0.09224	0.01584	0.01867	0.01438	0.02028	0.01565	0.01186	0.24082	0.02526	0.38649	0.02352	0.02162	0.01554	0.00888	0.00726	0.00225	0.00698	0.00690	0.00813	0.05742
82	0.01520	0.01292	0.01517	0.01118	0.01741	0.00979	0.00883	0.01841	0.01563	0.02428	0.01578	0.07346	0.01439	0.00709	0.00595	0.00128	0.00552	0.00588	0.00470	0.71713
83	0.00931	0.00667	0.00895	0.01063	0.01111	0.00631	0.00715	0.01069	0.01442	0.01929	0.04087	0.69806	0.04881	0.02521	0.03988	0.00348	0.00509	0.02098	0.00691	0.00619
84	0.01703	0.01711	0.02172	0.01870	0.01969	0.08642	0.04958	0.01911	0.01351	0.01956	0.01416	0.07270	0.01396	0.01280	0.01940	0.00299	0.49541	0.00779	0.07018	0.00818
85	0.01964	0.01755	0.02201	0.40262	0.03894	0.07196	0.01783	0.18651	0.09640	0.02800	0.01655	0.02013	0.01230	0.00830	0.00754	0.00242	0.00946	0.00683	0.00499	0.01001
86	0.00903	0.00769	0.00778	0.00776	0.01029	0.00643	0.00582	0.01102	0.01745	0.02088	0.10052	0.07236	0.65911	0.01906	0.00896	0.00255	0.00383	0.01592	0.00709	0.00643
87	0.02435	0.01869	0.01945	0.01618	0.02125	0.05035	0.01293	0.26778	0.34945	0.09764	0.02528	0.02371	0.01838	0.00966	0.00762	0.00242	0.00725	0.00768	0.00765	0.01227
88	0.01521	0.03923	0.69413	0.02162	0.03283	0.01762	0.02802	0.02402	0.01601	0.02402	0.01361	0.01601	0.00961	0.00721	0.00721	0.00240	0.01121	0.00560	0.00320	0.01121
89	0.01065	0.00778	0.01002	0.00954	0.01139	0.00715	0.00721	0.01410	0.02102	0.02941	0.61523	0.05883	0.11748	0.01596	0.00900	0.00243	0.00371	0.03379	0.00821	0.00709
90	0.01521	0.03923	0.69413	0.02162	0.03283	0.01762	0.02802	0.02402	0.01601	0.02402	0.01361	0.01601	0.00961	0.00721	0.00721	0.00240	0.01121	0.00560	0.00320	0.01121
91	0.56105	0.01390	0.01272	0.01084	0.01569	0.01507	0.00890	0.02559	0.01553	0.19875	0.04749	0.01782	0.01389	0.00803	0.00563	0.00235	0.00591	0.00545	0.00605	0.00934
92	0.01877	0.01802	0.03079	0.04656	0.68612	0.01802	0.02328	0.02328	0.01727	0.02478	0.01427	0.01877	0.01201	0.00676	0.00751	0.00225	0.00901	0.00676	0.00375	0.01201

[dist]
# distance from previous block
# <min> <max>
0	26

[block]
# block no. 2 follows, 26 sequences, length 76
# corresponding to MSA columns:
# 211-286
name=unknown_C
#
# <colnr> <probs for GDERKNQSTAVLIFYWHMCP>
#	G	D	E	R	K	N	Q	S	T	A	V	L	I	F	Y	W	H	M	C	P
0	0.00909	0.00755	0.00795	0.00814	0.01040	0.00641	0.00600	0.01102	0.01716	0.02086	0.10393	0.15508	0.57113	0.01959	0.00905	0.00262	0.00390	0.01659	0.00711	0.00641
1	0.01084	0.00813	0.01219	0.01219	0.01354	0.00948	0.00948	0.01354	0.01219	0.01761	0.02032	0.02980	0.01896	0.05689	0.70337	0.01219	0.02032	0.00813	0.00406	0.00677
2	0.02832	0.02186	0.02309	0.01898	0.05587	0.05864	0.01486	0.59686	0.03403	0.04516	0.01768	0.01800	0.01269	0.00892	0.00755	0.00226	0.00866	0.00672	0.00721	0.01264
3	0.01800	0.42357	0.33420	0.01687	0.02548	0.02443	0.01975	0.02330	0.01568	0.02062	0.01193	0.01390	0.00968	0.00681	0.00592	0.00197	0.00951	0.00475	0.00323	0.01040
4	0.03403	0.01291	0.01760	0.01350	0.01936	0.01115	0.01115	0.03697	0.02171	0.69137	0.02992	0.02582	0.01878	0.00939	0.00763	0.00235	0.00645	0.00763	0.00939	0.01291
5	0.01877	0.01802	0.03079	0.04656	0.68612	0.01802	0.02328	0.02328	0.01727	0.02478	0.01427	0.01877	0.01201	0.00676	0.00751	0.00225	0.00901	0.00676	0.00375	0.01201
6	0.01521	0.03923	0.69413	0.02162	0.03283	0.01762	0.02802	0.02402	0.01601	0.02402	0.01361	0.01601	0.00961	0.00721	0.00721	0.00240	0.01121	0.00560	0.00320	0.01121
7	0.01414	0.00707	0.00707	0.00707	0.00884	0.00707	0.00530	0.01767	0.01591	0.02828	0.02474	0.02828	0.01944	0.00884	0.00530	0.00177	0.00353	0.00707	0.77554	0.00707
8	0.00924	0.00660	0.00880	0.01056	0.01100	0.00616	0.00704	0.01056	0.01452	0.01936	0.04181	0.72848	0.05017	0.02376	0.00968	0.00308	0.00440	0.02156	0.00704	0.00616
9	0.02833	0.03615	0.02149	0.01954	0.02345	0.70298	0.01466	0.03029	0.02149	0.01856	0.01172	0.01368	0.00977	0.00782	0.00684	0.00195	0.01368	0.00489	0.00391	0.00879
10	0.00924	0.00660	0.00880	0.01056	0.01100	0.00616	0.00704	0.01056	0.01452	0.01936	0.04181	0.72848	0.05017	0.02376	0.00968	0.00308	0.00440	0.02156	0.00704	0.00616
11	0.00924	0.00660	0.00880	0.01056	0.01100	0.00616	0.00704	0.01056	0.01452	0.01936	0.04181	0.72848	0.05017	0.02376	0.00968	0.00308	0.00440	0.02156	0.00704	0.00616
12	0.02905	0.02089	0.02255	0.01728	0.02335	0.02300	0.01428	0.63444	0.03507	0.07502	0.01871	0.01853	0.01315	0.00912	0.00759	0.00228	0.00827	0.00686	0.00766	0.01290
13	0.01315	0.01152	0.01662	0.01529	0.01610	0.01500	0.01233	0.01543	0.01196	0.01787	0.01616	0.02450	0.01535	0.03939	0.43121	0.00863	0.30080	0.00753	0.00376	0.00738
14	0.01432	0.01348	0.02275	0.71520	0.05224	0.01685	0.02107	0.01938	0.01517	0.01938	0.01348	0.02022	0.01011	0.00758	0.00758	0.00253	0.01011	0.00674	0.00337	0.00843
15	0.00924	0.00660	0.00880	0.01056	0.01100	0.00616	0.00704	0.01056	0.01452	0.01936	0.04181	0.72848	0.05017	0.02376	0.00968	0.00308	0.00440	0.02156	0.00704	0.00616
16	0.78701	0.01467	0.01115	0.00997	0.01467	0.01702	0.00821	0.02230	0.01291	0.03403	0.01056	0.01232	0.00821	0.00704	0.00469	0.00235	0.00587	0.00411	0.00469	0.00821
17	0.02138	0.01931	0.04687	0.01603	0.02087	0.07646	0.01305	0.13841	0.43774	0.05863	0.02803	0.02636	0.04254	0.01003	0.00764	0.00246	0.00719	0.00808	0.00723	0.01169
18	0.06178	0.01585	0.04039	0.01435	0.01991	0.01496	0.01200	0.21852	0.02438	0.39393	0.02459	0.02468	0.01703	0.07012	0.01009	0.00275	0.00722	0.00746	0.00805	0.01195
19	0.02193	0.07886	0.02410	0.01983	0.04878	0.31672	0.07285	0.05268	0.01847	0.02084	0.01426	0.05114	0.01287	0.01246	0.05803	0.00293	0.11340	0.00663	0.00412	0.04912
20	0.01108	0.00828	0.01183	0.01171	0.01275	0.00957	0.00879	0.01323	0.01194	0.01707	0.02064	0.03319	0.02032	0.18723	0.54912	0.01093	0.04317	0.00864	0.00414	0.00640
21	0.01103	0.00735	0.00827	0.00827	0.00827	0.00735	0.00460	0.01103	0.01103	0.01471	0.02390	0.04964	0.02758	0.73343	0.03861	0.00735	0.00735	0.01103	0.00460	0.00460
22	0.01103	0.00735	0.00827	0.00827	0.00827	0.00735	0.00460	0.01103	0.01103	0.01471	0.02390	0.04964	0.02758	0.73343	0.03861	0.00735	0.00735	0.01103	0.00460	0.00460
23	0.72842	0.06994	0.01333	0.01020	0.01504	0.01801	0.00858	0.02233	0.01310	0.03279	0.01056	0.01231	0.00833	0.00700	0.00471	0.00229	0.00604	0.00410	0.00458	0.00833
24	0.02677	0.09233	0.02403	0.02143	0.08711	0.52614	0.01533	0.07910	0.02170	0.02143	0.01239	0.01440	0.01023	0.00770	0.00680	0.00198	0.01234	0.00515	0.00413	0.00951
25	0.02085	0.01550	0.01737	0.01526	0.01937	0.01699	0.01229	0.25406	0.22824	0.06384	0.02916	0.11526	0.02592	0.01321	0.00837	0.00267	0.00684	0.11643	0.00754	0.01083
26	0.01662	0.01345	0.01582	0.01135	0.01804	0.01016	0.00909	0.01997	0.01602	0.05727	0.01428	0.01622	0.01160	0.00580	0.00572	0.00118	0.00566	0.00465	0.00473	0.74235
27	0.06050	0.01545	0.01643	0.01447	0.01884	0.01739	0.01136	0.06506	0.49913	0.09818	0.02873	0.02677	0.02122	0.00988	0.00738	0.00247	0.00597	0.00807	0.06111	0.01160
28	0.02883	0.02125	0.02276	0.01745	0.02352	0.02352	0.01442	0.66082	0.03566	0.04780	0.01821	0.01821	0.01290	0.00911	0.00759	0.00228	0.00835	0.00683	0.00759	0.01290
29	0.00924	0.00660	0.00880	0.01056	0.01100	0.00616	0.00704	0.01056	0.01452	0.01936	0.04181	0.72848	0.05017	0.02376	0.00968	0.00308	0.00440	0.02156	0.00704	0.00616
30	0.02028	0.73799	0.03975	0.01298	0.01947	0.03001	0.01298	0.02271	0.01541	0.01785	0.01055	0.01217	0.00973	0.00649	0.00487	0.00162	0.00811	0.00406	0.00324	0.00973
31	0.03403	0.01291	0.01760	0.01350	0.01936	0.01115	0.01115	0.03697	0.02171	0.69137	0.02992	0.02582	0.01878	0.00939	0.00763	0.00235	0.00645	0.00763	0.00939	0.01291
32	0.01103	0.00735	0.00827	0.00827	0.00827	0.00735	0.00460	0.01103	0.01103	0.01471	0.02390	0.04964	0.02758	0.73343	0.03861	0.00735	0.00735	0.01103	0.00460	0.00460
33	0.01168	0.00796	0.01044	0.00970	0.01166	0.00732	0.00732	0.01523	0.02148	0.05726	0.65562	0.05541	0.06942	0.01526	0.00889	0.00238	0.00370	0.01347	0.00839	0.00739
34	0.01103	0.00735	0.00827	0.00827	0.00827	0.00735	0.00460	0.01103	0.01103	0.01471	0.02390	0.04964	0.02758	0.73343	0.03861	0.00735	0.00735	0.01103	0.00460	0.00460
35	0.78701	0.01467	0.01115	0.00997	0.01467	0.01702	0.00821	0.02230	0.01291	0.03403	0.01056	0.01232	0.00821	0.00704	0.00469	0.00235	0.00587	0.00411	0.00469	0.00821
36	0.01144	0.00836	0.01069	0.01041	0.01081	0.00932	0.00705	0.01238	0.01142	0.01587	0.02166	0.04098	0.02354	0.47237	0.23436	0.00845	0.07119	0.00980	0.00433	0.00555
37	0.00956	0.00730	0.00878	0.00926	0.01083	0.00652	0.00662	0.01172	0.01744	0.02285	0.23316	0.30954	0.27931	0.01985	0.00922	0.00270	0.00397	0.01741	0.00741	0.00652
38	0.03380	0.01328	0.01783	0.01367	0.01955	0.01170	0.01129	0.06488	0.02233	0.66257	0.02940	0.02548	0.01851	0.00938	0.00763	0.00234	0.00654	0.00759	0.00931	0.01291
39	0.01573	0.01348	0.01573	0.01123	0.01798	0.01011	0.00899	0.01910	0.01573	0.02472	0.01348	0.01573	0.01123	0.00562	0.00562	0.00112	0.00562	0.00449	0.00449	0.77980
40	0.00924	0.00660	0.00880	0.01056	0.01100	0.00616	0.00704	0.01056	0.01452	0.01936	0.04181	0.72848	0.05017	0.02376	0.00968	0.00308	0.00440	0.02156	0.00704	0.00616
41	0.01421	0.03832	0.04517	0.01603	0.01724	0.01722	0.01346	0.01641	0.01293	0.01899	0.02123	0.09565	0.07254	0.02167	0.13588	0.00460	0.39197	0.00907	0.02961	0.00779
42	0.01877	0.01802	0.03079	0.04656	0.68612	0.01802	0.02328	0.02328	0.01727	0.02478	0.01427	0.01877	0.01201	0.00676	0.00751	0.00225	0.00901	0.00676	0.00375	0.01201
43	0.03403	0.01291	0.01760	0.01350	0.01936	0.01115	0.01115	0.03697	0.02171	0.69137	0.02992	0.02582	0.01878	0.00939	0.00763	0.00235	0.00645	0.00763	0.00939	0.01291
44	0.12023	0.08646	0.04593	0.04009	0.02239	0.08124	0.01373	0.29200	0.02395	0.03377	0.01442	0.01607	0.01109	0.00825	0.00797	0.00215	0.06253	0.00571	0.00548	0.10652
45	0.00924	0.00660	0.00880	0.01056	0.01100	0.00616	0.00704	0.01056	0.01452	0.01936	0.04181	0.72848	0.05017	0.02376	0.00968	0.00308	0.00440	0.02156	0.00704	0.00616
46	0.01685	0.01377	0.01638	0.04147	0.01970	0.01097	0.00980	0.04555	0.01672	0.04928	0.01426	0.01638	0.01152	0.00598	0.00585	0.00127	0.00595	0.00480	0.00475	0.68874
47	0.02879	0.02264	0.02264	0.01765	0.02352	0.08704	0.01444	0.60188	0.03434	0.04507	0.01760	0.01779	0.01261	0.00898	0.00752	0.00225	0.00885	0.00665	0.00724	0.01252
48	0.27963	0.01861	0.01855	0.01477	0.02032	0.02077	0.01217	0.40647	0.04913	0.06546	0.01652	0.01687	0.01190	0.00847	0.00664	0.00231	0.00738	0.00602	0.00670	0.01132
49	0.01661	0.01601	0.02560	0.01855	0.02524	0.01396	0.22270	0.02172	0.04551	0.02466	0.01474	0.01787	0.01181	0.00636	0.00751	0.00174	0.03390	0.00622	0.00438	0.46494
50	0.00924	0.00660	0.00880	0.01056	0.01100	0.00616	0.00704	0.01056	0.01452	0.01936	0.04181	0.72848	0.05017	0.02376	0.00968	0.00308	0.00440	0.02156	0.00704	0.00616
51	0.01761	0.01978	0.04261	0.03188	0.07217	0.01861	0.59969	0.02370	0.01774	0.02413	0.01634	0.04841	0.01307	0.00710	0.00891	0.00256	0.01226	0.00934	0.00396	0.01016
52	0.02372	0.02028	0.02814	0.05417	0.08394	0.04514	0.17304	0.36700	0.02762	0.03690	0.05060	0.02070	0.01524	0.00846	0.00796	0.00235	0.00952	0.00762	0.00606	0.01153
53	0.01659	0.01659	0.02323	0.01991	0.01991	0.02323	0.01659	0.01825	0.01162	0.01825	0.00996	0.01659	0.00996	0.01328	0.02489	0.00332	0.71955	0.00664	0.00332	0.00830
54	0.00924	0.00660	0.00880	0.01056	0.01100	0.00616	0.00704	0.01056	0.01452	0.01936	0.04181	0.72848	0.05017	0.02376	0.00968	0.00308	0.00440	0.02156	0.00704	0.00616
55	0.01856	0.01896	0.02714	0.31621	0.25063	0.11123	0.07753	0.04777	0.01776	0.02257	0.01385	0.01880	0.01091	0.00730	0.00758	0.00235	0.01041	0.00669	0.00377	0.00997
56	0.01759	0.01972	0.04207	0.03137	0.06533	0.01884	0.58372	0.02354	0.01751	0.02391	0.01601	0.04484	0.01281	0.00728	0.00954	0.00259	0.04010	0.00921	0.00392	0.01009
57	0.00924	0.00660	0.00880	0.01056	0.01100	0.00616	0.00704	0.01056	0.01452	0.01936	0.04181	0.72848	0.05017	0.02376	0.00968	0.00308	0.00440	0.02156	0.00704	0.00616
58	0.01810	0.24976	0.26019	0.01756	0.02437	0.02275	0.01865	0.05083	0.11568	0.02336	0.01492	0.01685	0.01189	0.00843	0.00920	0.00232	0.11476	0.00578	0.00410	0.01050
59	0.02833	0.03615	0.02149	0.01954	0.02345	0.70298	0.01466	0.03029	0.02149	0.01856	0.01172	0.01368	0.00977	0.00782	0.00684	0.00195	0.01368	0.00489	0.00391	0.00879
60	0.00922	0.00669	0.00870	0.01031	0.01094	0.00618	0.00693	0.01059	0.01476	0.01946	0.04485	0.67160	0.10508	0.02337	0.00962	0.00304	0.00435	0.02108	0.00704	0.00618
61	0.05642	0.01346	0.01544	0.01355	0.01726	0.01491	0.05456	0.03082	0.37699	0.03019	0.02674	0.02693	0.02036	0.00938	0.00685	0.00229	0.00565	0.00788	0.26024	0.01006
62	0.04716	0.01665	0.03006	0.30002	0.03972	0.01849	0.25572	0.04984	0.01661	0.02318	0.01418	0.01971	0.01093	0.00790	0.00996	0.00259	0.09447	0.00746	0.02612	0.00923
63	0.01103	0.00735	0.00827	0.00827	0.00827	0.00735	0.00460	0.01103	0.01103	0.01471	0.02390	0.04964	0.02758	0.73343	0.03861	0.00735	0.00735	0.01103	0.00460	0.00460
64	0.01414	0.00707	0.00707	0.00707	0.00884	0.00707	0.00530	0.01767	0.01591	0.02828	0.02474	0.02828	0.01944	0.00884	0.00530	0.00177	0.00353	0.00707	0.77554	0.00707
65	0.02162	0.54843	0.06122	0.01453	0.02078	0.11243	0.01384	0.06818	0.04082	0.02073	0.01206	0.01349	0.01043	0.00700	0.00549	0.00177	0.00887	0.00457	0.00378	0.00997
66	0.02528	0.02548	0.01998	0.01758	0.02166	0.33586	0.01362	0.07240	0.21796	0.09369	0.01965	0.01982	0.01494	0.00918	0.00849	0.00230	0.05937	0.00652	0.00581	0.01041
67	0.00937	0.00770	0.00824	0.00811	0.01049	0.00658	0.00608	0.01167	0.01824	0.02276	0.21494	0.06927	0.54352	0.01836	0.00896	0.00252	0.00378	0.01549	0.00734	0.00658
68	0.00923	0.00666	0.00874	0.01041	0.01096	0.00617	0.00698	0.01058	0.01466	0.01942	0.04359	0.69505	0.08245	0.02353	0.00964	0.00305	0.00437	0.02128	0.00704	0.00617
69	0.02633	0.01786	0.04760	0.02701	0.27396	0.06286	0.01677	0.05264	0.04780	0.31651	0.02174	0.02178	0.01523	0.00823	0.00751	0.00229	0.00815	0.00705	0.00651	0.01218
70	0.02221	0.04781	0.01688	0.01391	0.01773	0.16988	0.01086	0.02782	0.11986	0.19363	0.20826	0.06292	0.03319	0.01140	0.00781	0.00230	0.00721	0.00932	0.00723	0.00978
71	0.01170	0.00927	0.01332	0.01284	0.01383	0.01123	0.00992	0.01393	0.01196	0.01735	0.01924	0.03029	0.01870	0.13312	0.52319	0.01030	0.12078	0.00826	0.00402	0.00673
