[name]
unknown

[dist]
# distance from previous block
# <min> <max>
0	66

[block]
# block no. 0 follows, 24 sequences, length 17
# corresponding to MSA columns:
# 67-83
name=unknown_A
#
# <colnr> <probs for GDERKNQSTAVLIFYWHMCP>
#	G	D	E	R	K	N	Q	S	T	A	V	L	I	F	Y	W	H	M	C	P
0	0.12508	0.01229	0.01744	0.11650	0.02244	0.01358	0.07365	0.01860	0.01648	0.03851	0.13869	0.09830	0.02997	0.07046	0.01260	0.00312	0.08148	0.03477	0.06798	0.00807
1	0.02104	0.01955	0.01582	0.01439	0.01746	0.22170	0.01090	0.10968	0.06149	0.02664	0.02100	0.05888	0.01813	0.04446	0.07863	0.03601	0.00996	0.00777	0.19770	0.00877
2	0.27753	0.01306	0.01326	0.01173	0.01554	0.01393	0.00925	0.10330	0.04747	0.07529	0.20585	0.08960	0.06947	0.01258	0.00757	0.00254	0.00560	0.01012	0.00717	0.00912
3	0.02151	0.01660	0.01858	0.01584	0.01980	0.01894	0.01265	0.19776	0.26081	0.06252	0.02816	0.03043	0.05573	0.04734	0.01186	0.00292	0.09258	0.02503	0.04971	0.01123
4	0.01236	0.01094	0.04819	0.01156	0.01406	0.00959	0.00920	0.01838	0.10772	0.02876	0.39968	0.15392	0.07947	0.04751	0.01056	0.00287	0.00485	0.01435	0.00791	0.00811
5	0.08017	0.01120	0.01327	0.01212	0.01540	0.01091	0.00921	0.05334	0.07789	0.15127	0.14331	0.24896	0.06795	0.01575	0.00859	0.00266	0.00539	0.01360	0.00781	0.05120
6	0.04768	0.00910	0.01080	0.01102	0.01275	0.00892	0.00787	0.01593	0.07201	0.02386	0.14527	0.29505	0.07240	0.13354	0.01429	0.00363	0.00539	0.05430	0.00697	0.04919
7	0.01679	0.01241	0.01548	0.01595	0.06944	0.01264	0.01085	0.18479	0.02105	0.02839	0.03117	0.34425	0.05101	0.01848	0.01134	0.08434	0.00640	0.01442	0.00669	0.04410
8	0.17758	0.01249	0.01390	0.06884	0.01850	0.01353	0.01041	0.11832	0.04678	0.03039	0.11009	0.21563	0.06257	0.02973	0.00893	0.00285	0.00619	0.03787	0.00676	0.00863
9	0.05266	0.01238	0.01349	0.01142	0.01515	0.01240	0.00878	0.11728	0.07174	0.03031	0.05728	0.02897	0.02131	0.10168	0.04530	0.00321	0.00665	0.00774	0.21560	0.16664
10	0.05670	0.00904	0.01124	0.01046	0.01277	0.00847	0.00777	0.01764	0.01996	0.11426	0.39003	0.12783	0.08436	0.08009	0.01183	0.00305	0.00474	0.01374	0.00809	0.00794
11	0.01173	0.01088	0.06635	0.01257	0.01488	0.00846	0.04107	0.01418	0.01573	0.02212	0.05201	0.43849	0.06560	0.01974	0.01030	0.04534	0.00567	0.01679	0.08723	0.04085
12	0.28592	0.01788	0.04873	0.07620	0.05815	0.04986	0.01410	0.05057	0.04616	0.09746	0.01565	0.01913	0.01237	0.03793	0.01141	0.00285	0.13441	0.00629	0.00515	0.00977
13	0.11604	0.01441	0.01416	0.01293	0.01621	0.06827	0.00987	0.15427	0.02183	0.05656	0.10217	0.23563	0.11513	0.01574	0.00846	0.00266	0.00641	0.01319	0.00715	0.00891
14	0.01815	0.08823	0.03504	0.05675	0.03200	0.06198	0.33838	0.02299	0.01800	0.02372	0.05372	0.05584	0.01853	0.00944	0.00990	0.00258	0.06251	0.03965	0.00451	0.04809
15	0.03250	0.02177	0.01998	0.01644	0.02186	0.22254	0.01306	0.07562	0.05910	0.39756	0.02467	0.02270	0.01658	0.00934	0.00772	0.00234	0.00918	0.00709	0.00782	0.01211
16	0.01454	0.00980	0.01214	0.01211	0.01418	0.00975	0.00882	0.04433	0.11011	0.08369	0.16961	0.39253	0.04859	0.01909	0.00939	0.00289	0.00502	0.01699	0.00799	0.00844

[dist]
# distance from previous block
# <min> <max>
8	27

[block]
# block no. 1 follows, 24 sequences, length 26
# corresponding to MSA columns:
# 121-146
name=unknown_B
#
# <colnr> <probs for GDERKNQSTAVLIFYWHMCP>
#	G	D	E	R	K	N	Q	S	T	A	V	L	I	F	Y	W	H	M	C	P
0	0.01829	0.30764	0.02601	0.01395	0.01814	0.09253	0.01205	0.05130	0.01723	0.02133	0.07148	0.02356	0.01923	0.02607	0.24223	0.00565	0.01312	0.00681	0.00445	0.00893
1	0.02107	0.01442	0.01787	0.04521	0.02109	0.01233	0.01108	0.04681	0.01832	0.16739	0.01782	0.01909	0.01340	0.00735	0.00750	0.00168	0.04107	0.00572	0.00581	0.50498
2	0.01554	0.01326	0.01632	0.07105	0.02107	0.01082	0.01034	0.01901	0.01612	0.02457	0.01679	0.07345	0.01527	0.01007	0.03835	0.00200	0.00689	0.00650	0.00479	0.60778
3	0.02538	0.01902	0.02066	0.01587	0.02190	0.01989	0.01298	0.45189	0.03111	0.04261	0.03945	0.02274	0.04634	0.00948	0.00755	0.00214	0.00762	0.00732	0.03285	0.16320
4	0.01892	0.01345	0.01592	0.05444	0.02001	0.01283	0.01075	0.02730	0.19118	0.13339	0.05668	0.05433	0.11698	0.01104	0.00771	0.00222	0.00602	0.00922	0.00700	0.23061
5	0.01603	0.01366	0.01601	0.01170	0.01835	0.01032	0.00927	0.01943	0.01637	0.02550	0.01589	0.05876	0.01421	0.00702	0.00613	0.00130	0.00580	0.00578	0.00486	0.72363
6	0.01780	0.11226	0.17018	0.05625	0.14947	0.01949	0.03614	0.02731	0.17001	0.02647	0.07503	0.02578	0.02052	0.00946	0.00837	0.00249	0.03286	0.02381	0.00519	0.01113
7	0.01110	0.00810	0.01043	0.00985	0.01177	0.00743	0.00739	0.01473	0.02216	0.03113	0.62971	0.06034	0.11320	0.01646	0.00935	0.00251	0.00376	0.01450	0.00864	0.00743
8	0.01833	0.01761	0.02677	0.10017	0.05762	0.02212	0.09425	0.08162	0.01615	0.02332	0.01308	0.01919	0.01147	0.01371	0.05033	0.00355	0.40981	0.00735	0.00404	0.00952
9	0.01478	0.00739	0.00739	0.00739	0.00924	0.00739	0.00554	0.01848	0.01663	0.02956	0.02587	0.02956	0.02033	0.00924	0.00554	0.00185	0.00370	0.00739	0.76534	0.00739
10	0.01369	0.00783	0.01192	0.09085	0.01562	0.00819	0.00870	0.01188	0.01201	0.01608	0.06998	0.02678	0.01865	0.02429	0.02645	0.61417	0.00705	0.00755	0.00391	0.00442
11	0.01969	0.01196	0.01280	0.01098	0.01434	0.01246	0.00868	0.19703	0.02321	0.06545	0.06765	0.03008	0.04557	0.01019	0.00672	0.00210	0.00528	0.00814	0.43830	0.00939
12	0.02561	0.01749	0.01933	0.01473	0.02101	0.04761	0.01195	0.22671	0.02510	0.18002	0.04361	0.02113	0.01634	0.00843	0.00720	0.00194	0.00731	0.00660	0.00701	0.29086
13	0.03007	0.02444	0.02361	0.01856	0.02458	0.11988	0.01511	0.55745	0.03516	0.04560	0.01807	0.01836	0.01302	0.00933	0.00782	0.00233	0.00952	0.00685	0.00738	0.01287
14	0.01116	0.00846	0.01234	0.01234	0.01386	0.00964	0.00958	0.01392	0.01320	0.01867	0.02632	0.03503	0.07556	0.05609	0.63143	0.01188	0.01976	0.00920	0.00452	0.00705
15	0.01644	0.01409	0.01644	0.01175	0.01879	0.01057	0.00940	0.01997	0.01644	0.02584	0.01409	0.01644	0.01175	0.00587	0.00587	0.00117	0.00587	0.00470	0.00470	0.76979
16	0.02191	0.05874	0.01998	0.01877	0.06285	0.36496	0.01322	0.02397	0.01921	0.02038	0.06089	0.13574	0.02308	0.07340	0.01156	0.00283	0.04581	0.00930	0.00491	0.00850
17	0.04699	0.01620	0.02248	0.06894	0.16547	0.04699	0.06889	0.08612	0.07307	0.08180	0.14309	0.06590	0.02895	0.01121	0.00842	0.00256	0.00800	0.03801	0.00639	0.01052
18	0.02325	0.01452	0.01690	0.01453	0.01910	0.01528	0.01146	0.03671	0.36038	0.23133	0.13367	0.03353	0.03090	0.01134	0.00825	0.00259	0.00602	0.00952	0.00871	0.01203
19	0.00990	0.00724	0.00916	0.01059	0.01143	0.00670	0.00725	0.01139	0.01553	0.02026	0.04797	0.54106	0.14532	0.07202	0.01213	0.00347	0.00486	0.05015	0.00718	0.00641
20	0.01478	0.00739	0.00739	0.00739	0.00924	0.00739	0.00554	0.01848	0.01663	0.02956	0.02587	0.02956	0.02033	0.00924	0.00554	0.00185	0.00370	0.00739	0.76534	0.00739
21	0.02923	0.02176	0.02328	0.01806	0.02424	0.02417	0.01485	0.59258	0.09160	0.04850	0.02020	0.01996	0.01442	0.00963	0.00794	0.00241	0.00851	0.00730	0.00794	0.01340
22	0.01377	0.00689	0.01033	0.01033	0.01033	0.00689	0.00689	0.01033	0.01033	0.01377	0.01377	0.02410	0.01377	0.02755	0.03099	0.76928	0.00689	0.00689	0.00344	0.00344
23	0.02054	0.05206	0.01875	0.01387	0.01975	0.04787	0.01111	0.08879	0.13533	0.08454	0.02091	0.06201	0.01716	0.00877	0.00694	0.00187	0.00678	0.00707	0.00614	0.36974
24	0.01701	0.03002	0.37066	0.02618	0.08918	0.01799	0.17591	0.05443	0.01820	0.02601	0.01785	0.08664	0.01507	0.00908	0.00828	0.00260	0.01108	0.00851	0.00418	0.01111
25	0.01699	0.01718	0.08331	0.01502	0.02142	0.01351	0.04418	0.05252	0.11424	0.02750	0.02077	0.06586	0.01820	0.00917	0.00722	0.00195	0.00704	0.04655	0.00552	0.41185

[dist]
# distance from previous block
# <min> <max>
0	4

[block]
# block no. 2 follows, 24 sequences, length 16
# corresponding to MSA columns:
# 151-166
name=unknown_C
#
# <colnr> <probs for GDERKNQSTAVLIFYWHMCP>
#	G	D	E	R	K	N	Q	S	T	A	V	L	I	F	Y	W	H	M	C	P
0	0.02248	0.18595	0.09808	0.01780	0.02451	0.05941	0.08136	0.17632	0.02237	0.06797	0.01792	0.06900	0.01505	0.00901	0.00725	0.00217	0.00904	0.00735	0.00544	0.10152
1	0.05199	0.01760	0.02159	0.03367	0.02277	0.06293	0.07119	0.02539	0.12094	0.04372	0.01670	0.01935	0.01348	0.00881	0.01094	0.00223	0.15445	0.00646	0.00501	0.29080
2	0.02009	0.01644	0.04350	0.01626	0.02102	0.01625	0.07866	0.23387	0.05281	0.06899	0.03623	0.06863	0.17876	0.03918	0.04928	0.00335	0.02878	0.01077	0.00685	0.01028
3	0.01303	0.01066	0.01316	0.01217	0.01508	0.00988	0.00902	0.01636	0.05191	0.02278	0.03219	0.37105	0.05720	0.01680	0.00975	0.00251	0.05700	0.01452	0.00624	0.25868
4	0.01705	0.01384	0.01636	0.01243	0.01836	0.01157	0.00986	0.04771	0.03896	0.04742	0.05643	0.06295	0.01873	0.00839	0.00729	0.00161	0.03097	0.00681	0.00547	0.56778
5	0.01864	0.01589	0.01681	0.01525	0.01942	0.01806	0.01180	0.05745	0.54846	0.03202	0.03644	0.07202	0.07834	0.01228	0.00829	0.00271	0.00608	0.01031	0.00797	0.01175
6	0.01835	0.01870	0.02712	0.07223	0.02670	0.06333	0.12107	0.04880	0.01532	0.02158	0.01281	0.01907	0.01142	0.01462	0.06247	0.00373	0.42231	0.00735	0.00385	0.00917
7	0.01133	0.00850	0.01274	0.01274	0.01416	0.00991	0.00991	0.01416	0.01274	0.01841	0.02124	0.03115	0.01982	0.05947	0.68989	0.01274	0.02124	0.00850	0.00425	0.00708
8	0.01112	0.00920	0.00964	0.00921	0.01205	0.00836	0.00700	0.04051	0.05899	0.02467	0.14926	0.06884	0.52580	0.01857	0.00923	0.00264	0.00432	0.01555	0.00760	0.00744
9	0.03081	0.01439	0.01819	0.01450	0.02009	0.01374	0.01179	0.07674	0.14203	0.47819	0.06894	0.02890	0.02341	0.01036	0.00807	0.00250	0.00661	0.00849	0.00930	0.01296
10	0.01972	0.01703	0.01793	0.01614	0.02062	0.01972	0.01255	0.04214	0.65752	0.03317	0.03228	0.02959	0.02421	0.01076	0.00807	0.00269	0.00628	0.00897	0.00807	0.01255
11	0.01154	0.00843	0.01242	0.01242	0.01386	0.00976	0.00964	0.01443	0.01298	0.01909	0.02152	0.03105	0.01986	0.05638	0.64782	0.01207	0.02016	0.00843	0.05104	0.00710
12	0.02317	0.01787	0.02254	0.26309	0.03404	0.02044	0.01680	0.36173	0.02708	0.03593	0.01677	0.02027	0.01247	0.01063	0.01008	0.07400	0.00922	0.00708	0.00593	0.01087
13	0.01661	0.06829	0.34783	0.01855	0.02581	0.03909	0.02046	0.07694	0.01850	0.02588	0.05838	0.09813	0.02106	0.01434	0.05253	0.00326	0.04285	0.03646	0.00478	0.01025
14	0.05897	0.04872	0.06376	0.36051	0.10613	0.01663	0.04652	0.02007	0.01609	0.02236	0.04708	0.06845	0.01772	0.06266	0.01029	0.00296	0.00938	0.00846	0.00423	0.00901
15	0.10020	0.07482	0.06759	0.01958	0.02331	0.06356	0.07872	0.09772	0.01784	0.02633	0.05022	0.01931	0.01440	0.01076	0.01499	0.00281	0.29660	0.00696	0.00455	0.00973

[dist]
# distance from previous block
# <min> <max>
1	6

[block]
# block no. 3 follows, 24 sequences, length 8
# corresponding to MSA columns:
# 173-180
name=unknown_D
#
# <colnr> <probs for GDERKNQSTAVLIFYWHMCP>
#	G	D	E	R	K	N	Q	S	T	A	V	L	I	F	Y	W	H	M	C	P
0	0.01627	0.01192	0.01352	0.01222	0.01581	0.01202	0.00952	0.02580	0.23524	0.09186	0.18989	0.04982	0.19910	0.01452	0.00871	0.00259	0.00519	0.03619	0.00804	0.04175
1	0.01815	0.02070	0.09213	0.18966	0.19107	0.08197	0.08853	0.04395	0.01768	0.02341	0.01614	0.04938	0.01374	0.01289	0.06499	0.00340	0.05020	0.00777	0.00408	0.01017
2	0.01991	0.04381	0.05093	0.04108	0.02753	0.06355	0.17911	0.11946	0.06743	0.02834	0.01955	0.04450	0.01680	0.00975	0.00925	0.00245	0.05232	0.06238	0.00532	0.13653
3	0.01478	0.00739	0.00739	0.00739	0.00924	0.00739	0.00554	0.01848	0.01663	0.02956	0.02587	0.02956	0.02033	0.00924	0.00554	0.00185	0.00370	0.00739	0.76534	0.00739
4	0.01773	0.01867	0.02821	0.06675	0.02748	0.07245	0.17329	0.02101	0.01543	0.02134	0.03985	0.06721	0.01614	0.01208	0.01750	0.00305	0.35988	0.00875	0.00412	0.00903
5	0.01448	0.01190	0.01629	0.08488	0.11854	0.01172	0.01221	0.07614	0.01877	0.02549	0.07718	0.28017	0.10649	0.01579	0.00875	0.00262	0.00633	0.01401	0.00632	0.09193
6	0.01276	0.01081	0.01513	0.01336	0.01600	0.01086	0.07563	0.01708	0.08357	0.02346	0.13784	0.10545	0.25848	0.01962	0.04313	0.07778	0.05156	0.01332	0.00651	0.00765
7	0.09207	0.01582	0.02015	0.08526	0.02476	0.01471	0.06572	0.08486	0.05304	0.02900	0.01544	0.01798	0.01219	0.00693	0.00661	0.00178	0.00733	0.00578	0.00505	0.43552

[dist]
# distance from previous block
# <min> <max>
0	21

[block]
# block no. 4 follows, 24 sequences, length 15
# corresponding to MSA columns:
# 202-216
name=unknown_E
#
# <colnr> <probs for GDERKNQSTAVLIFYWHMCP>
#	G	D	E	R	K	N	Q	S	T	A	V	L	I	F	Y	W	H	M	C	P
0	0.08036	0.18705	0.27364	0.07691	0.02920	0.02159	0.05306	0.08788	0.01807	0.02598	0.01370	0.01674	0.01065	0.00866	0.00855	0.03856	0.02900	0.00586	0.00402	0.01052
1	0.01992	0.04238	0.05970	0.08539	0.03531	0.01794	0.36121	0.02638	0.04897	0.09534	0.01779	0.02124	0.01313	0.00725	0.00834	0.00241	0.01084	0.00806	0.00483	0.11356
2	0.01802	0.28508	0.05195	0.06870	0.02132	0.06066	0.01320	0.07033	0.01773	0.02204	0.02186	0.17994	0.02291	0.05596	0.00985	0.00273	0.02489	0.03885	0.00499	0.00899
3	0.01489	0.01095	0.01673	0.29935	0.02986	0.01269	0.01378	0.01778	0.07992	0.01849	0.01583	0.02344	0.01352	0.01762	0.01900	0.37003	0.00836	0.00717	0.00396	0.00663
4	0.01500	0.01467	0.02543	0.11673	0.02805	0.01635	0.18679	0.01864	0.01605	0.02219	0.07472	0.15886	0.04448	0.03625	0.01446	0.00312	0.18308	0.01165	0.00496	0.00854
5	0.01478	0.00739	0.00739	0.00739	0.00924	0.00739	0.00554	0.01848	0.01663	0.02956	0.02587	0.02956	0.02033	0.00924	0.00554	0.00185	0.00370	0.00739	0.76534	0.00739
6	0.01609	0.01540	0.08791	0.01685	0.02031	0.01401	0.08374	0.01999	0.01811	0.08902	0.23576	0.09019	0.03692	0.01659	0.05597	0.00343	0.15342	0.01103	0.00625	0.00901
7	0.01042	0.00745	0.01003	0.01163	0.01249	0.00706	0.00842	0.01246	0.01648	0.02204	0.10420	0.53119	0.05331	0.02344	0.01021	0.00323	0.00504	0.13672	0.00748	0.00671
8	0.01732	0.02428	0.23600	0.07841	0.12704	0.01606	0.05764	0.04766	0.01771	0.02610	0.01458	0.01781	0.01131	0.00695	0.00717	0.00204	0.00925	0.00600	0.00414	0.27254
9	0.23895	0.13194	0.10247	0.01677	0.02283	0.15145	0.04693	0.07039	0.09903	0.02875	0.01514	0.01657	0.01180	0.00799	0.00652	0.00230	0.00932	0.00568	0.00489	0.01027
10	0.01249	0.00923	0.03903	0.01203	0.01370	0.00774	0.00919	0.01479	0.01687	0.07522	0.10210	0.50512	0.04949	0.02176	0.00984	0.00310	0.00526	0.07812	0.00752	0.00742
11	0.01863	0.12149	0.24432	0.03545	0.37649	0.02039	0.02450	0.02451	0.01737	0.02467	0.01417	0.01776	0.01142	0.00718	0.00737	0.00232	0.01004	0.00629	0.00367	0.01197
12	0.00980	0.00714	0.00923	0.01064	0.01146	0.00657	0.00724	0.01148	0.01622	0.02156	0.11215	0.58533	0.11498	0.02348	0.00997	0.00309	0.00445	0.02112	0.00750	0.00657
13	0.01250	0.01037	0.01062	0.01118	0.01191	0.07384	0.00738	0.01354	0.01423	0.01808	0.03118	0.32261	0.03599	0.29914	0.08627	0.00576	0.00834	0.01520	0.00575	0.00613
14	0.02491	0.01718	0.01918	0.01577	0.02125	0.01828	0.01262	0.17298	0.32954	0.16609	0.02737	0.02544	0.01969	0.00982	0.00781	0.00243	0.00687	0.00794	0.00806	0.08677

[dist]
# distance from previous block
# <min> <max>
0	2

[block]
# block no. 5 follows, 24 sequences, length 40
# corresponding to MSA columns:
# 219-232,234-259
name=unknown_F
#
# <colnr> <probs for GDERKNQSTAVLIFYWHMCP>
#	G	D	E	R	K	N	Q	S	T	A	V	L	I	F	Y	W	H	M	C	P
0	0.01997	0.31852	0.06599	0.01499	0.02187	0.02218	0.03779	0.08686	0.01840	0.02498	0.01325	0.01538	0.01113	0.00707	0.00676	0.00174	0.03513	0.00509	0.00433	0.26857
1	0.01259	0.00993	0.01395	0.01356	0.01524	0.01179	0.01061	0.01757	0.08513	0.02010	0.02190	0.03023	0.01981	0.05155	0.57764	0.01112	0.05640	0.00847	0.00464	0.00778
2	0.01047	0.00896	0.01145	0.01240	0.05330	0.00794	0.03393	0.01268	0.01735	0.02156	0.06407	0.23694	0.44032	0.01996	0.00947	0.00280	0.00489	0.01734	0.00701	0.00716
3	0.01000	0.00786	0.00897	0.00938	0.01131	0.00694	0.00688	0.01215	0.01786	0.02261	0.15489	0.20968	0.38736	0.04789	0.01083	0.00302	0.00444	0.05375	0.00746	0.00672
4	0.02962	0.03779	0.02247	0.02043	0.02451	0.68948	0.01532	0.03166	0.02247	0.01941	0.01226	0.01430	0.01021	0.00817	0.00715	0.00204	0.01430	0.00511	0.00409	0.00919
5	0.01017	0.00806	0.00914	0.00887	0.01120	0.00704	0.00666	0.01293	0.01997	0.02592	0.33470	0.06892	0.41146	0.01841	0.00936	0.00260	0.00390	0.01570	0.00796	0.00704
6	0.01972	0.01703	0.01793	0.01614	0.02062	0.01972	0.01255	0.04214	0.65752	0.03317	0.03228	0.02959	0.02421	0.01076	0.00807	0.00269	0.00628	0.00897	0.00807	0.01255
7	0.08170	0.01361	0.01798	0.01388	0.01994	0.01204	0.01146	0.03769	0.02212	0.63743	0.03003	0.02611	0.01894	0.00966	0.00778	0.00245	0.00671	0.00775	0.00951	0.01319
8	0.01084	0.00809	0.01006	0.00957	0.01161	0.00732	0.00718	0.01421	0.02153	0.02963	0.54471	0.06281	0.19913	0.01702	0.00936	0.00253	0.00380	0.01484	0.00844	0.00732
9	0.06275	0.02652	0.02061	0.01854	0.02143	0.36800	0.01442	0.05006	0.01871	0.02123	0.01368	0.01805	0.01201	0.01849	0.13234	0.00428	0.15972	0.00613	0.00418	0.00885
10	0.02783	0.01718	0.02044	0.05814	0.02381	0.01718	0.01323	0.27002	0.05307	0.24001	0.02218	0.02161	0.01534	0.00886	0.00755	0.00220	0.00757	0.00700	0.00763	0.15915
11	0.20695	0.07006	0.03477	0.01227	0.01569	0.01303	0.00996	0.03713	0.01667	0.11091	0.02956	0.31329	0.03095	0.01590	0.00804	0.00279	0.00608	0.05071	0.00663	0.00861
12	0.66945	0.01565	0.01367	0.03306	0.05111	0.01788	0.01010	0.04393	0.01485	0.05396	0.01219	0.01409	0.00934	0.00750	0.00534	0.00245	0.00654	0.00472	0.00506	0.00910
13	0.03014	0.02221	0.02380	0.01825	0.02459	0.02459	0.01507	0.64541	0.03728	0.04998	0.01904	0.01904	0.01349	0.00952	0.00793	0.00238	0.00873	0.00714	0.00793	0.01349
14	0.03067	0.01869	0.02171	0.04857	0.02435	0.01976	0.01414	0.38478	0.06474	0.25370	0.02354	0.02231	0.01594	0.00961	0.00795	0.00243	0.00803	0.00751	0.00835	0.01322
15	0.02517	0.01992	0.02069	0.01697	0.02218	0.04241	0.01354	0.36554	0.26536	0.04077	0.02409	0.02473	0.01826	0.05158	0.00986	0.00279	0.00793	0.00801	0.00768	0.01250
16	0.01620	0.01539	0.02341	0.17924	0.07045	0.01933	0.05374	0.02051	0.05409	0.02072	0.01530	0.02312	0.01373	0.06597	0.08183	0.00428	0.30207	0.00771	0.00400	0.00889
17	0.00973	0.00728	0.00904	0.01022	0.01134	0.00659	0.00705	0.01147	0.01653	0.02155	0.10764	0.50283	0.20404	0.02293	0.00987	0.00302	0.00438	0.02041	0.00748	0.00659
18	0.01992	0.01463	0.02136	0.01877	0.04871	0.01482	0.11426	0.13823	0.08889	0.10429	0.02903	0.19605	0.02750	0.01495	0.01023	0.04389	0.00779	0.06968	0.00692	0.01008
19	0.05368	0.01829	0.01885	0.01502	0.02064	0.06458	0.01201	0.26044	0.06373	0.07533	0.02229	0.07663	0.03674	0.00998	0.00742	0.00213	0.00749	0.00790	0.00671	0.22013
20	0.01122	0.00773	0.00883	0.00883	0.00930	0.00752	0.00531	0.01187	0.01347	0.01792	0.10086	0.08155	0.09394	0.55178	0.03291	0.00648	0.00679	0.01276	0.00557	0.00534
21	0.01528	0.05752	0.01555	0.01393	0.01688	0.01299	0.01168	0.07777	0.11100	0.02715	0.07425	0.10557	0.10486	0.01788	0.00958	0.00308	0.00666	0.30237	0.00730	0.00870
22	0.01089	0.00787	0.01025	0.01132	0.01245	0.00733	0.00808	0.01276	0.01579	0.02132	0.07828	0.45663	0.04755	0.10087	0.01334	0.00362	0.00541	0.11512	0.00698	0.05413
23	0.01624	0.08380	0.64035	0.02204	0.03345	0.01923	0.02832	0.02503	0.01670	0.02471	0.01403	0.01649	0.01005	0.00749	0.00738	0.00246	0.01152	0.00576	0.00335	0.01162
24	0.02019	0.55818	0.08233	0.05939	0.02576	0.02841	0.08581	0.02380	0.01643	0.01993	0.01199	0.01448	0.01040	0.00689	0.00590	0.00192	0.00937	0.00509	0.00347	0.01025
25	0.01068	0.00996	0.00897	0.00883	0.01160	0.05085	0.00663	0.01269	0.01836	0.02129	0.07593	0.07231	0.62605	0.01931	0.00923	0.00264	0.00468	0.01598	0.00715	0.00686
26	0.01114	0.00804	0.01053	0.01003	0.01183	0.00743	0.00748	0.01476	0.02207	0.03120	0.63518	0.09343	0.07366	0.01666	0.00939	0.00253	0.00379	0.01477	0.00866	0.00743
27	0.01933	0.01853	0.03164	0.09094	0.63193	0.01876	0.02419	0.02407	0.01791	0.02554	0.01486	0.01972	0.01243	0.00712	0.00786	0.00237	0.00950	0.00706	0.00390	0.01232
28	0.01644	0.01409	0.01644	0.01175	0.01879	0.01057	0.00940	0.01997	0.01644	0.02584	0.01409	0.01644	0.01175	0.00587	0.00587	0.00117	0.00587	0.00470	0.00470	0.76979
29	0.02155	0.69737	0.04076	0.01385	0.02053	0.05883	0.01364	0.02408	0.01638	0.01869	0.01108	0.01279	0.01018	0.00684	0.00517	0.00171	0.00872	0.00428	0.00342	0.01014
30	0.01760	0.01406	0.01656	0.01189	0.01888	0.01064	0.00953	0.02109	0.01682	0.06518	0.01513	0.01708	0.01222	0.00611	0.00600	0.00125	0.00593	0.00490	0.00501	0.72412
31	0.01644	0.01409	0.01644	0.01175	0.01879	0.01057	0.00940	0.01997	0.01644	0.02584	0.01409	0.01644	0.01175	0.00587	0.00587	0.00117	0.00587	0.00470	0.00470	0.76979
32	0.01199	0.01299	0.10907	0.01208	0.01539	0.00918	0.01097	0.01653	0.02138	0.03038	0.53806	0.05462	0.06374	0.01524	0.00917	0.00256	0.00510	0.04556	0.00786	0.00809
33	0.02585	0.23343	0.06483	0.01923	0.02487	0.38442	0.05318	0.06573	0.02101	0.02170	0.01265	0.01469	0.01050	0.00773	0.00676	0.00203	0.01210	0.00528	0.00408	0.00996
34	0.01119	0.00811	0.01060	0.01025	0.01208	0.00751	0.00776	0.01477	0.02173	0.03049	0.58463	0.09207	0.08845	0.01706	0.00949	0.00260	0.00400	0.05127	0.00854	0.00740
35	0.01843	0.01693	0.02682	0.36021	0.13636	0.01914	0.09013	0.09463	0.10627	0.02677	0.01747	0.02186	0.01321	0.00822	0.00810	0.00258	0.00992	0.00758	0.00475	0.01061
36	0.05999	0.00937	0.01187	0.01064	0.01335	0.00873	0.00819	0.01913	0.02196	0.13212	0.53043	0.05151	0.06237	0.01470	0.00888	0.00249	0.00435	0.01276	0.00867	0.00848
37	0.02199	0.01746	0.02155	0.01735	0.02238	0.01869	0.07787	0.30427	0.14066	0.03851	0.12791	0.03461	0.06507	0.01178	0.00857	0.00257	0.00764	0.04215	0.00761	0.01136
38	0.01898	0.01194	0.01469	0.01189	0.01652	0.01035	0.00937	0.03997	0.01918	0.16515	0.12788	0.09427	0.06619	0.01148	0.00813	0.00208	0.02718	0.00956	0.05281	0.28240
39	0.04496	0.01287	0.01764	0.03799	0.01918	0.01438	0.05449	0.09044	0.03772	0.02704	0.12836	0.21689	0.03639	0.01650	0.01234	0.00300	0.13371	0.08104	0.00650	0.00856

[dist]
# distance from previous block
# <min> <max>
0	2

[block]
# block no. 6 follows, 24 sequences, length 37
# corresponding to MSA columns:
# 262-298
name=unknown_G
#
# <colnr> <probs for GDERKNQSTAVLIFYWHMCP>
#	G	D	E	R	K	N	Q	S	T	A	V	L	I	F	Y	W	H	M	C	P
0	0.24510	0.01656	0.01740	0.01768	0.10284	0.05242	0.01221	0.06601	0.13267	0.09265	0.06313	0.02572	0.06047	0.00962	0.00707	0.00240	0.00694	0.00751	0.00633	0.05526
1	0.06225	0.01692	0.02526	0.27122	0.31529	0.05598	0.02045	0.02199	0.01699	0.02357	0.01700	0.08608	0.01531	0.00915	0.00788	0.00253	0.00945	0.00826	0.00418	0.01023
2	0.02255	0.05275	0.02924	0.08557	0.24179	0.22096	0.09228	0.05162	0.05743	0.02429	0.01506	0.01857	0.01219	0.00796	0.00835	0.00235	0.03513	0.00674	0.00432	0.01084
3	0.01005	0.00720	0.00955	0.01078	0.01159	0.00670	0.00739	0.01202	0.01699	0.02312	0.19894	0.55271	0.05801	0.02270	0.00993	0.00304	0.00439	0.02050	0.00770	0.00670
4	0.01321	0.01030	0.01407	0.01363	0.01510	0.01090	0.03597	0.06897	0.01739	0.02354	0.07950	0.40124	0.07099	0.02068	0.01297	0.05030	0.08707	0.04008	0.00667	0.00743
5	0.01113	0.00804	0.01052	0.01004	0.01183	0.00742	0.00748	0.01474	0.02202	0.03113	0.63129	0.09753	0.07352	0.01671	0.00940	0.00254	0.00379	0.01482	0.00865	0.00742
6	0.01850	0.02854	0.28701	0.03112	0.15360	0.01948	0.25384	0.06330	0.01898	0.02690	0.01532	0.01913	0.01145	0.00726	0.00829	0.00253	0.01172	0.00745	0.00398	0.01161
7	0.01377	0.00689	0.01033	0.01033	0.01033	0.00689	0.00689	0.01033	0.01033	0.01377	0.01377	0.02410	0.01377	0.02755	0.03099	0.76928	0.00689	0.00689	0.00344	0.00344
8	0.06557	0.06075	0.06173	0.01698	0.02355	0.02151	0.01478	0.41391	0.03062	0.18080	0.02055	0.01996	0.01418	0.00921	0.00761	0.00237	0.00834	0.00694	0.00767	0.01296
9	0.01768	0.01450	0.01715	0.01250	0.01914	0.01175	0.01006	0.04102	0.01715	0.05151	0.01474	0.01698	0.01204	0.00654	0.00702	0.00138	0.04072	0.00502	0.00494	0.67817
10	0.01644	0.01409	0.01644	0.01175	0.01879	0.01057	0.00940	0.01997	0.01644	0.02584	0.01409	0.01644	0.01175	0.00587	0.00587	0.00117	0.00587	0.00470	0.00470	0.76979
11	0.01893	0.01484	0.01764	0.01319	0.01921	0.01305	0.01060	0.07916	0.01824	0.07213	0.01586	0.01891	0.01302	0.03585	0.00937	0.00184	0.06808	0.00562	0.00525	0.54920
12	0.02232	0.01832	0.01939	0.01666	0.02161	0.02093	0.01318	0.19216	0.50328	0.03735	0.02898	0.02696	0.02154	0.01045	0.00804	0.00261	0.00689	0.00851	0.00804	0.01278
13	0.01377	0.00689	0.01033	0.01033	0.01033	0.00689	0.00689	0.01033	0.01033	0.01377	0.01377	0.02410	0.01377	0.02755	0.03099	0.76928	0.00689	0.00689	0.00344	0.00344
14	0.07008	0.01633	0.01887	0.03921	0.04191	0.01648	0.01245	0.13282	0.19262	0.15352	0.02282	0.02240	0.01663	0.00872	0.00726	0.00218	0.00690	0.00698	0.00704	0.20477
15	0.02414	0.34181	0.03117	0.01667	0.02205	0.16261	0.01448	0.14229	0.06536	0.02570	0.01419	0.01580	0.01179	0.00849	0.00813	0.00212	0.07234	0.00553	0.00471	0.01062
16	0.01366	0.01141	0.01559	0.08110	0.02035	0.01098	0.03086	0.01720	0.03504	0.02289	0.02870	0.26752	0.03082	0.01553	0.00958	0.00260	0.04582	0.10139	0.00588	0.23305
17	0.01675	0.28108	0.08615	0.01413	0.01927	0.01953	0.02846	0.02222	0.07924	0.02499	0.20211	0.06333	0.03213	0.01099	0.00786	0.00222	0.02894	0.00886	0.00563	0.04612
18	0.01405	0.01378	0.01265	0.01220	0.01470	0.10906	0.00920	0.01804	0.08171	0.02183	0.05258	0.14923	0.34167	0.01957	0.04293	0.00320	0.05526	0.01403	0.00654	0.00776
19	0.01142	0.00764	0.00868	0.00880	0.00882	0.00761	0.00496	0.01150	0.01176	0.01568	0.02614	0.09282	0.03028	0.67840	0.03850	0.00741	0.00750	0.01221	0.00496	0.00491
20	0.01664	0.01393	0.01623	0.01206	0.01849	0.01102	0.00955	0.05538	0.01754	0.02674	0.01699	0.07829	0.01544	0.00776	0.00637	0.00142	0.00593	0.00641	0.00512	0.65870
21	0.00966	0.00690	0.00920	0.01104	0.01150	0.00644	0.00736	0.01104	0.01518	0.02024	0.04371	0.71614	0.05245	0.02484	0.01012	0.00322	0.00460	0.02254	0.00736	0.00644
22	0.01924	0.01829	0.03109	0.04676	0.63495	0.01829	0.02369	0.02389	0.01807	0.02578	0.01644	0.02356	0.01442	0.00790	0.00803	0.00243	0.00930	0.04149	0.00412	0.01226
23	0.01133	0.00850	0.01274	0.01274	0.01416	0.00991	0.00991	0.01416	0.01274	0.01841	0.02124	0.03115	0.01982	0.05947	0.68989	0.01274	0.02124	0.00850	0.00425	0.00708
24	0.01906	0.02149	0.07240	0.08026	0.22298	0.05873	0.23097	0.02502	0.04798	0.02435	0.01526	0.02002	0.01223	0.00818	0.01076	0.00264	0.10501	0.00773	0.00404	0.01090
25	0.01028	0.00791	0.00940	0.00938	0.01136	0.00703	0.00690	0.01301	0.01971	0.02612	0.35079	0.15977	0.30181	0.01895	0.00947	0.00267	0.00397	0.01644	0.00800	0.00703
26	0.01506	0.01406	0.02337	0.31976	0.15194	0.01610	0.05484	0.01908	0.01590	0.02146	0.02074	0.17901	0.02055	0.01215	0.01030	0.00281	0.07864	0.01071	0.00449	0.00904
27	0.01139	0.00826	0.01154	0.01154	0.01254	0.00926	0.00841	0.01339	0.01239	0.01752	0.02234	0.03726	0.02248	0.25432	0.49867	0.01126	0.01725	0.00939	0.00441	0.00641
28	0.01649	0.01718	0.03371	0.07349	0.04995	0.01785	0.35332	0.02142	0.01634	0.02267	0.01729	0.05057	0.01490	0.01885	0.14575	0.00478	0.10272	0.00919	0.00409	0.00947
29	0.01358	0.00746	0.01132	0.06513	0.01392	0.00771	0.00812	0.01117	0.01110	0.01473	0.01587	0.07173	0.01620	0.02581	0.02772	0.65565	0.00702	0.00798	0.00372	0.00408
30	0.24321	0.10372	0.25631	0.05829	0.04659	0.07796	0.01864	0.02574	0.05568	0.02725	0.01389	0.01609	0.01063	0.00766	0.00652	0.00238	0.00947	0.00545	0.00420	0.01031
31	0.07602	0.02406	0.02085	0.01996	0.07856	0.25023	0.01441	0.14293	0.07959	0.02893	0.06043	0.02429	0.06206	0.01034	0.00927	0.00242	0.07228	0.00749	0.00566	0.01023
32	0.04899	0.01846	0.06876	0.29196	0.16637	0.05594	0.01935	0.02432	0.04891	0.06170	0.01594	0.01995	0.01219	0.00770	0.00746	0.00233	0.00941	0.00659	0.00442	0.10924
33	0.46573	0.11028	0.07643	0.04735	0.02075	0.08630	0.01253	0.02495	0.01557	0.06101	0.01257	0.01443	0.00971	0.00753	0.00568	0.00233	0.00799	0.00482	0.00466	0.00937
34	0.01783	0.01527	0.04989	0.03533	0.02026	0.01489	0.04873	0.09677	0.22107	0.06709	0.07236	0.10579	0.12841	0.05704	0.01057	0.00298	0.00682	0.01155	0.00720	0.01016
35	0.02285	0.04543	0.01960	0.03284	0.02101	0.01576	0.01194	0.14764	0.05894	0.15641	0.02301	0.02332	0.05286	0.00907	0.00829	0.00204	0.04995	0.00696	0.00652	0.28558
36	0.01905	0.01717	0.02670	0.28250	0.23174	0.01948	0.04105	0.12023	0.01974	0.02686	0.01592	0.02264	0.01302	0.00899	0.00980	0.00263	0.07650	0.03080	0.00450	0.01068

[dist]
# distance from previous block
# <min> <max>
0	3

[block]
# block no. 7 follows, 24 sequences, length 15
# corresponding to MSA columns:
# 302-316
name=unknown_H
#
# <colnr> <probs for GDERKNQSTAVLIFYWHMCP>
#	G	D	E	R	K	N	Q	S	T	A	V	L	I	F	Y	W	H	M	C	P
0	0.02012	0.02481	0.11548	0.03608	0.02344	0.19020	0.01584	0.03001	0.23039	0.02501	0.02660	0.02722	0.08836	0.01099	0.01020	0.00260	0.09870	0.00808	0.00557	0.01032
1	0.01034	0.00740	0.00992	0.01140	0.01226	0.00698	0.00815	0.01239	0.01668	0.02243	0.13439	0.53063	0.05473	0.02316	0.01013	0.00318	0.00486	0.10672	0.00755	0.00672
2	0.50288	0.08199	0.11435	0.01738	0.10262	0.01921	0.01406	0.02374	0.01478	0.03133	0.01200	0.01429	0.00945	0.00730	0.00568	0.00238	0.00758	0.00487	0.00442	0.00969
3	0.02019	0.01632	0.01846	0.01353	0.02038	0.01441	0.01095	0.19121	0.02215	0.03245	0.01545	0.01715	0.01222	0.00687	0.00644	0.00150	0.00665	0.00537	0.00558	0.56272
4	0.01190	0.00874	0.01095	0.01084	0.01196	0.00935	0.00756	0.01501	0.06371	0.01901	0.05101	0.06405	0.06724	0.33047	0.27482	0.00854	0.01214	0.01096	0.00523	0.00652
5	0.01675	0.13741	0.50215	0.01989	0.03030	0.01930	0.02446	0.02425	0.01661	0.02427	0.01375	0.01612	0.01028	0.00721	0.00696	0.00222	0.01050	0.00547	0.00353	0.10857
6	0.02628	0.16628	0.02659	0.01843	0.04800	0.11239	0.01490	0.34706	0.05598	0.03621	0.01841	0.02215	0.01489	0.00954	0.00745	0.00229	0.00924	0.04584	0.00631	0.01177
7	0.02030	0.09683	0.07233	0.01624	0.02101	0.09931	0.01371	0.10926	0.26761	0.02916	0.02651	0.14624	0.02358	0.01212	0.00794	0.00255	0.00792	0.00994	0.00657	0.01086
8	0.01984	0.01675	0.02494	0.12904	0.24830	0.01785	0.04489	0.15817	0.04882	0.02955	0.02036	0.03068	0.01784	0.01131	0.00984	0.05030	0.00901	0.09635	0.00538	0.01080
9	0.01555	0.01100	0.01432	0.01548	0.07286	0.01077	0.01121	0.02134	0.10140	0.09147	0.17824	0.06044	0.16434	0.01640	0.00937	0.00286	0.00591	0.18040	0.00767	0.00897
10	0.01960	0.03838	0.16917	0.01529	0.02093	0.04295	0.01474	0.10332	0.04383	0.12584	0.27551	0.03551	0.03791	0.01166	0.00830	0.00244	0.00731	0.00971	0.00719	0.01041
11	0.01058	0.00778	0.01105	0.09539	0.01669	0.00783	0.00912	0.01212	0.01495	0.01983	0.03816	0.58659	0.04484	0.02295	0.01120	0.05262	0.00548	0.01964	0.00664	0.00654
12	0.02176	0.12207	0.02996	0.05869	0.35007	0.02119	0.01928	0.16344	0.02187	0.03004	0.01517	0.01827	0.01227	0.00751	0.00730	0.00217	0.00886	0.00646	0.00480	0.07883
13	0.52647	0.01918	0.04241	0.04416	0.01922	0.11506	0.01113	0.02437	0.03804	0.03104	0.01428	0.05794	0.01226	0.00872	0.00592	0.00246	0.00767	0.00591	0.00492	0.00883
14	0.01064	0.00784	0.01067	0.01299	0.05221	0.00745	0.00810	0.01224	0.01546	0.02088	0.08861	0.53609	0.04870	0.11225	0.01379	0.00368	0.00523	0.01953	0.00693	0.00669

[dist]
# distance from previous block
# <min> <max>
0	3

[block]
# block no. 8 follows, 24 sequences, length 31
# corresponding to MSA columns:
# 320-328,333-354
name=unknown_I
#
# <colnr> <probs for GDERKNQSTAVLIFYWHMCP>
#	G	D	E	R	K	N	Q	S	T	A	V	L	I	F	Y	W	H	M	C	P
0	0.71172	0.01523	0.01233	0.03564	0.01694	0.01742	0.00912	0.02303	0.01373	0.03454	0.01130	0.01336	0.00882	0.00731	0.00507	0.00240	0.00628	0.00441	0.00485	0.04651
1	0.05474	0.01573	0.02349	0.56740	0.07555	0.04012	0.02072	0.06713	0.01763	0.02343	0.01428	0.02029	0.01076	0.00799	0.00775	0.00258	0.01029	0.00685	0.00395	0.00931
2	0.02335	0.01677	0.01974	0.01635	0.02160	0.01793	0.04116	0.11477	0.37500	0.15009	0.05002	0.02760	0.02241	0.01013	0.00800	0.00251	0.00688	0.00849	0.00799	0.05920
3	0.01133	0.00850	0.01274	0.01274	0.01416	0.00991	0.00991	0.01416	0.01274	0.01841	0.02124	0.03115	0.01982	0.05947	0.68989	0.01274	0.02124	0.00850	0.00425	0.00708
4	0.01393	0.01308	0.02304	0.11531	0.02654	0.01416	0.17046	0.01742	0.01529	0.02095	0.02437	0.22770	0.02532	0.04428	0.12384	0.00473	0.09394	0.01255	0.00493	0.00816
5	0.01059	0.00780	0.00873	0.00879	0.01001	0.00722	0.00578	0.01190	0.01554	0.02003	0.13083	0.11253	0.25998	0.32967	0.02312	0.00491	0.00565	0.01457	0.00641	0.00594
6	0.01814	0.02026	0.04322	0.13719	0.04349	0.01968	0.54670	0.02460	0.01827	0.02460	0.01574	0.02135	0.01181	0.00688	0.00914	0.00267	0.01293	0.00900	0.00394	0.01040
7	0.01092	0.00809	0.01018	0.00966	0.01166	0.00735	0.00724	0.01438	0.02173	0.03010	0.57143	0.06203	0.17211	0.01685	0.00936	0.00252	0.00379	0.01473	0.00851	0.00735
8	0.02151	0.01388	0.01458	0.01214	0.01596	0.01492	0.00972	0.29300	0.02567	0.03850	0.02288	0.02496	0.01733	0.00936	0.00659	0.00208	0.00590	0.00728	0.43369	0.01006
9	0.03330	0.01434	0.01864	0.01441	0.02030	0.01315	0.01186	0.11957	0.02466	0.55129	0.06987	0.02795	0.02229	0.01018	0.00806	0.00245	0.00683	0.00826	0.00949	0.01311
10	0.01677	0.01564	0.02667	0.12994	0.27723	0.01652	0.09210	0.02127	0.01742	0.02390	0.02211	0.03928	0.02124	0.01179	0.01029	0.00288	0.06289	0.17724	0.00478	0.01004
11	0.01755	0.25352	0.48212	0.01980	0.02999	0.02244	0.02442	0.02469	0.01655	0.02311	0.01324	0.01549	0.01009	0.00730	0.00678	0.00226	0.01071	0.00536	0.00336	0.01124
12	0.01344	0.00897	0.01165	0.01216	0.01355	0.00892	0.00887	0.04335	0.01710	0.07425	0.05923	0.46158	0.07217	0.05212	0.01199	0.00332	0.04076	0.07178	0.00731	0.00748
13	0.01023	0.00731	0.00986	0.01170	0.01241	0.00694	0.00836	0.01203	0.01575	0.02088	0.04339	0.60082	0.05119	0.02430	0.01027	0.00330	0.00510	0.13220	0.00735	0.00660
14	0.48026	0.26069	0.02247	0.01201	0.01752	0.05591	0.01063	0.02388	0.01484	0.02896	0.01110	0.01290	0.00921	0.00720	0.00508	0.00217	0.00735	0.00432	0.00435	0.00916
15	0.01318	0.07380	0.01479	0.01270	0.01441	0.01174	0.00966	0.06215	0.01723	0.02317	0.08070	0.41210	0.04131	0.02375	0.07296	0.00388	0.05128	0.04694	0.00661	0.00764
16	0.77733	0.01534	0.01166	0.01043	0.01534	0.01779	0.00859	0.02331	0.01350	0.03558	0.01104	0.01288	0.00859	0.00736	0.00491	0.00245	0.00613	0.00429	0.00491	0.00859
17	0.01834	0.02236	0.12759	0.05162	0.09386	0.01964	0.30878	0.05344	0.06725	0.02609	0.01763	0.05105	0.01435	0.00885	0.01047	0.00271	0.08191	0.00877	0.00447	0.01083
18	0.08014	0.01469	0.01512	0.01252	0.01664	0.01595	0.01008	0.30184	0.02571	0.03924	0.02165	0.02353	0.01634	0.00922	0.00657	0.00213	0.00615	0.00704	0.36519	0.01023
19	0.03014	0.02221	0.02380	0.01825	0.02459	0.02459	0.01507	0.64541	0.03728	0.04998	0.01904	0.01904	0.01349	0.00952	0.00793	0.00238	0.00873	0.00714	0.00793	0.01349
20	0.02342	0.42931	0.12261	0.01623	0.02314	0.14275	0.01593	0.05187	0.01868	0.07141	0.01356	0.01490	0.01102	0.00747	0.00612	0.00195	0.00981	0.00502	0.00419	0.01060
21	0.01377	0.00689	0.01033	0.01033	0.01033	0.00689	0.00689	0.01033	0.01033	0.01377	0.01377	0.02410	0.01377	0.02755	0.03099	0.76928	0.00689	0.00689	0.00344	0.00344
22	0.02937	0.02183	0.02336	0.01809	0.02430	0.02423	0.01489	0.60085	0.08310	0.04874	0.02002	0.01982	0.01428	0.00961	0.00794	0.00240	0.00855	0.00727	0.00794	0.01342
23	0.02414	0.13041	0.10401	0.01628	0.02270	0.02050	0.01490	0.26232	0.07241	0.11052	0.02293	0.06955	0.03632	0.01018	0.00755	0.00233	0.00807	0.00800	0.00668	0.05020
24	0.01665	0.01428	0.01654	0.01202	0.01891	0.01115	0.00960	0.02137	0.05699	0.02630	0.01524	0.01727	0.01253	0.00618	0.00601	0.00127	0.00590	0.00497	0.00491	0.72190
25	0.01082	0.00809	0.01004	0.00956	0.01160	0.00731	0.00717	0.01419	0.02150	0.02955	0.54060	0.06293	0.20329	0.01705	0.00936	0.00253	0.00380	0.01486	0.00843	0.00731
26	0.02349	0.02349	0.04154	0.02342	0.13226	0.17420	0.01641	0.15903	0.17963	0.03035	0.01937	0.02101	0.01518	0.01165	0.04026	0.00293	0.06146	0.00712	0.00578	0.01142
27	0.01591	0.00935	0.01090	0.00978	0.01316	0.00800	0.00759	0.01843	0.01984	0.17950	0.15831	0.06194	0.42312	0.01704	0.00904	0.00260	0.00463	0.01428	0.00816	0.00844
28	0.02006	0.01826	0.01787	0.01614	0.02051	0.07051	0.01250	0.04008	0.58272	0.03164	0.03271	0.03033	0.04948	0.01094	0.00805	0.00264	0.00680	0.00899	0.00773	0.01205
29	0.01033	0.00790	0.00954	0.00991	0.01176	0.00711	0.00739	0.01290	0.01884	0.02467	0.25552	0.21461	0.28634	0.02008	0.00968	0.00283	0.00436	0.07150	0.00779	0.00694
30	0.01954	0.01485	0.01720	0.01305	0.01929	0.01286	0.01040	0.11493	0.05080	0.07748	0.01925	0.07185	0.01631	0.00840	0.00677	0.00168	0.00628	0.00688	0.00592	0.50627

[dist]
# distance from previous block
# <min> <max>
0	6

# created by:
# /st0/software/busco_prod/Augustus/scripts/msa2prfl.pl ./align_prep/87030.fa
