[name]
unknown

[dist]
# distance from previous block
# <min> <max>
20	70

[block]
# block no. 0 follows, 25 sequences, length 52
# corresponding to MSA columns:
# 86-137
name=unknown_A
#
# <colnr> <probs for GDERKNQSTAVLIFYWHMCP>
#	G	D	E	R	K	N	Q	S	T	A	V	L	I	F	Y	W	H	M	C	P
0	0.01827	0.01617	0.01942	0.01496	0.02066	0.07648	0.08408	0.04615	0.04668	0.06236	0.08422	0.04519	0.04453	0.00867	0.00713	0.00182	0.00723	0.00750	0.00556	0.38292
1	0.07413	0.03393	0.53457	0.02069	0.04932	0.01689	0.02460	0.02446	0.01686	0.06211	0.05889	0.01950	0.01455	0.00803	0.00733	0.00244	0.01019	0.00632	0.00411	0.01107
2	0.01814	0.18721	0.25416	0.02779	0.24291	0.04966	0.02169	0.02345	0.01681	0.02286	0.01507	0.05859	0.01316	0.00809	0.00706	0.00225	0.00969	0.00671	0.00374	0.01098
3	0.02097	0.34077	0.11671	0.02476	0.20114	0.13155	0.01834	0.02477	0.01734	0.02108	0.01240	0.01501	0.01057	0.00702	0.00633	0.00199	0.00985	0.00523	0.00356	0.01062
4	0.62908	0.09023	0.05960	0.01162	0.01702	0.04126	0.01045	0.02322	0.01396	0.03190	0.01104	0.01288	0.00870	0.00718	0.00506	0.00231	0.00686	0.00432	0.00452	0.00878
5	0.01037	0.00784	0.00956	0.00926	0.01124	0.00704	0.00690	0.01341	0.02033	0.02755	0.46852	0.09825	0.24658	0.01740	0.00919	0.00253	0.00378	0.01513	0.00808	0.00704
6	0.00945	0.00675	0.00900	0.01080	0.01125	0.00630	0.00720	0.01080	0.01484	0.01979	0.04274	0.72245	0.05128	0.02429	0.00990	0.00315	0.00450	0.02204	0.00720	0.00630
7	0.01451	0.01446	0.02745	0.05816	0.02725	0.01424	0.29683	0.01894	0.01792	0.02450	0.16664	0.14708	0.06380	0.01267	0.01029	0.00271	0.05590	0.01241	0.00557	0.00866
8	0.00945	0.00675	0.00900	0.01080	0.01125	0.00630	0.00720	0.01080	0.01484	0.01979	0.04274	0.72245	0.05128	0.02429	0.00990	0.00315	0.00450	0.02204	0.00720	0.00630
9	0.02162	0.02345	0.06390	0.02826	0.24100	0.16724	0.03826	0.06174	0.21995	0.02723	0.01947	0.02093	0.01519	0.00840	0.00763	0.00236	0.00953	0.00707	0.00529	0.01150
10	0.01926	0.02072	0.09835	0.04212	0.55187	0.01866	0.02335	0.05196	0.04986	0.02661	0.01552	0.01935	0.01262	0.00724	0.00766	0.00234	0.00926	0.00688	0.00415	0.01224
11	0.42199	0.02084	0.12140	0.01440	0.02060	0.01937	0.01348	0.19315	0.05195	0.03684	0.01441	0.01561	0.01066	0.00795	0.00615	0.00240	0.00755	0.00541	0.00550	0.01035
12	0.02694	0.06809	0.02312	0.01970	0.02328	0.57276	0.01517	0.02892	0.02030	0.01890	0.01168	0.01431	0.01001	0.00868	0.00940	0.00217	0.10854	0.00520	0.00388	0.00897
13	0.01128	0.00752	0.00846	0.00846	0.00846	0.00752	0.00470	0.01128	0.01128	0.01503	0.02443	0.05074	0.02819	0.72751	0.03946	0.00752	0.00752	0.01128	0.00470	0.00470
14	0.02272	0.22148	0.05395	0.05712	0.14566	0.27538	0.01714	0.02573	0.01813	0.02018	0.01215	0.01518	0.01043	0.00783	0.00811	0.00212	0.06775	0.00538	0.00368	0.00990
15	0.01685	0.01603	0.02811	0.34054	0.11603	0.01752	0.16808	0.05675	0.04931	0.02417	0.04791	0.02278	0.01491	0.00870	0.00899	0.03142	0.01008	0.00787	0.00430	0.00964
16	0.03479	0.01320	0.01799	0.01380	0.01979	0.01140	0.01140	0.03779	0.02219	0.68451	0.03059	0.02639	0.01919	0.00960	0.00780	0.00240	0.00660	0.00780	0.00960	0.01320
17	0.00945	0.00675	0.00900	0.01080	0.01125	0.00630	0.00720	0.01080	0.01484	0.01979	0.04274	0.72245	0.05128	0.02429	0.00990	0.00315	0.00450	0.02204	0.00720	0.00630
18	0.05922	0.01642	0.02775	0.32371	0.34028	0.01793	0.05955	0.02212	0.01654	0.02349	0.01410	0.01956	0.01122	0.00726	0.00764	0.00245	0.00974	0.00689	0.00373	0.01041
19	0.01750	0.02043	0.10581	0.05609	0.27830	0.01775	0.23823	0.02385	0.04922	0.02477	0.01812	0.08042	0.01568	0.00853	0.00835	0.00252	0.01027	0.00894	0.00428	0.01093
20	0.01518	0.01449	0.01866	0.01686	0.01773	0.06260	0.01363	0.01736	0.01281	0.01839	0.01496	0.02271	0.01422	0.03282	0.31973	0.00729	0.36163	0.00734	0.00377	0.00783
21	0.02079	0.04490	0.09924	0.03662	0.39545	0.08542	0.08622	0.08984	0.01990	0.02680	0.01468	0.01830	0.01177	0.00726	0.00765	0.00230	0.01020	0.00675	0.00419	0.01171
22	0.01771	0.02112	0.08490	0.03066	0.06964	0.01849	0.51435	0.02398	0.01775	0.02455	0.01564	0.02070	0.01199	0.00892	0.04015	0.00296	0.01273	0.00853	0.00392	0.05129
23	0.00952	0.00681	0.00907	0.01074	0.01126	0.00635	0.00720	0.01099	0.01520	0.02036	0.07440	0.68916	0.05238	0.02387	0.00986	0.00311	0.00446	0.02164	0.00726	0.00635
24	0.00945	0.00675	0.00900	0.01080	0.01125	0.00630	0.00720	0.01080	0.01484	0.01979	0.04274	0.72245	0.05128	0.02429	0.00990	0.00315	0.00450	0.02204	0.00720	0.00630
25	0.01097	0.00793	0.01036	0.00975	0.01158	0.00732	0.00732	0.01463	0.02195	0.03109	0.67505	0.05792	0.07316	0.01585	0.00914	0.00244	0.00366	0.01402	0.00854	0.00732
26	0.01809	0.05056	0.02496	0.02011	0.02141	0.05677	0.05006	0.05041	0.01413	0.02042	0.01158	0.01764	0.01090	0.01485	0.05890	0.00365	0.53623	0.00680	0.00370	0.00882
27	0.01128	0.00752	0.00846	0.00846	0.00846	0.00752	0.00470	0.01128	0.01128	0.01503	0.02443	0.05074	0.02819	0.72751	0.03946	0.00752	0.00752	0.01128	0.00470	0.00470
28	0.01366	0.01099	0.01591	0.01445	0.01623	0.01280	0.04167	0.06805	0.01463	0.02077	0.01998	0.04808	0.01904	0.10574	0.44539	0.00932	0.10252	0.00869	0.00448	0.00759
29	0.02651	0.01303	0.01629	0.01339	0.01827	0.01247	0.01075	0.03404	0.17562	0.40567	0.11141	0.03401	0.07073	0.01124	0.00807	0.00247	0.00596	0.00935	0.00890	0.01182
30	0.01696	0.01392	0.01623	0.01181	0.01853	0.01087	0.00944	0.02141	0.05203	0.05067	0.01540	0.01718	0.01245	0.00615	0.00594	0.00128	0.00580	0.00494	0.00496	0.70403
31	0.00974	0.00693	0.00920	0.01091	0.01143	0.00653	0.00743	0.01117	0.01487	0.01979	0.04173	0.64700	0.04970	0.05856	0.01140	0.00339	0.00482	0.06202	0.00707	0.00628
32	0.02484	0.01921	0.02064	0.01682	0.02212	0.02160	0.01359	0.39775	0.26577	0.04134	0.02347	0.02297	0.01733	0.01213	0.04135	0.00293	0.00825	0.00770	0.00763	0.01255
33	0.42894	0.01457	0.01560	0.01399	0.04956	0.01547	0.04105	0.06062	0.01747	0.10909	0.10904	0.02193	0.01969	0.00872	0.00634	0.00235	0.00637	0.00658	0.00596	0.04665
34	0.05972	0.24587	0.36132	0.02029	0.02940	0.02205	0.11275	0.02409	0.01629	0.02324	0.01305	0.01563	0.01006	0.00701	0.00676	0.00223	0.01043	0.00566	0.00346	0.01069
35	0.35639	0.01768	0.01712	0.01386	0.01914	0.01973	0.01133	0.31757	0.02441	0.07225	0.01608	0.01794	0.01213	0.04333	0.00801	0.00261	0.00729	0.00602	0.00641	0.01069
36	0.01471	0.01425	0.02409	0.07277	0.02484	0.01647	0.16336	0.01793	0.01469	0.02064	0.02147	0.17918	0.02226	0.01793	0.07119	0.00385	0.24350	0.04398	0.00463	0.00827
37	0.19015	0.01559	0.02212	0.37746	0.08163	0.01842	0.04507	0.08155	0.01707	0.02651	0.01353	0.01838	0.01035	0.00795	0.00801	0.00254	0.04375	0.00638	0.00421	0.00932
38	0.01548	0.01091	0.01310	0.01192	0.01454	0.01095	0.00905	0.15865	0.02331	0.05291	0.32790	0.21687	0.07044	0.01642	0.00898	0.00260	0.00507	0.01433	0.00801	0.00855
39	0.02206	0.05862	0.01927	0.01578	0.05104	0.01726	0.01220	0.30058	0.04690	0.09113	0.03537	0.07402	0.16724	0.01284	0.00817	0.00247	0.00698	0.04003	0.00728	0.01075
40	0.02080	0.01504	0.11185	0.04602	0.02054	0.01136	0.01333	0.02540	0.05391	0.26759	0.03197	0.22774	0.02934	0.01460	0.00863	0.00276	0.00691	0.07472	0.00738	0.01012
41	0.02326	0.02216	0.26431	0.01610	0.02335	0.01301	0.01697	0.02835	0.01928	0.32376	0.06000	0.06913	0.06428	0.01063	0.00792	0.00248	0.00795	0.00876	0.00690	0.01141
42	0.01128	0.00752	0.00846	0.00846	0.00846	0.00752	0.00470	0.01128	0.01128	0.01503	0.02443	0.05074	0.02819	0.72751	0.03946	0.00752	0.00752	0.01128	0.00470	0.00470
43	0.01887	0.02524	0.27364	0.11116	0.06448	0.01738	0.11363	0.05998	0.07971	0.09472	0.05094	0.02215	0.01592	0.00833	0.00790	0.00249	0.00989	0.00742	0.00501	0.01113
44	0.32933	0.05531	0.14382	0.05733	0.13480	0.01777	0.03689	0.02479	0.01590	0.09740	0.01441	0.01655	0.01074	0.00741	0.00638	0.00237	0.00819	0.00562	0.00468	0.01028
45	0.03479	0.01320	0.01799	0.01380	0.01979	0.01140	0.01140	0.03779	0.02219	0.68451	0.03059	0.02639	0.01919	0.00960	0.00780	0.00240	0.00660	0.00780	0.00960	0.01320
46	0.03336	0.01288	0.01754	0.01355	0.01930	0.01115	0.01115	0.03640	0.02218	0.64539	0.06918	0.02828	0.02242	0.00997	0.00788	0.00240	0.00642	0.00817	0.00953	0.01284
47	0.11815	0.01764	0.09054	0.01485	0.02104	0.01510	0.01331	0.12750	0.06571	0.36717	0.05256	0.02402	0.01862	0.00936	0.00745	0.00241	0.00719	0.00736	0.00790	0.01212
48	0.01865	0.02996	0.39055	0.05670	0.08493	0.01756	0.15785	0.02590	0.01753	0.10239	0.01631	0.01893	0.01156	0.00744	0.00784	0.00248	0.01100	0.00684	0.00421	0.01139
49	0.00945	0.00675	0.00900	0.01080	0.01125	0.00630	0.00720	0.01080	0.01484	0.01979	0.04274	0.72245	0.05128	0.02429	0.00990	0.00315	0.00450	0.02204	0.00720	0.00630
50	0.01868	0.02013	0.05727	0.03805	0.32610	0.01901	0.31182	0.02534	0.05668	0.02551	0.01609	0.02048	0.01265	0.00697	0.00836	0.00247	0.01087	0.00802	0.00410	0.01142
51	0.44505	0.09374	0.14803	0.01364	0.02004	0.01897	0.01349	0.05360	0.04730	0.06416	0.01376	0.01508	0.01034	0.00755	0.00576	0.00234	0.00746	0.00502	0.00487	0.00980

[dist]
# distance from previous block
# <min> <max>
0	2

[block]
# block no. 1 follows, 25 sequences, length 24
# corresponding to MSA columns:
# 140-163
name=unknown_B
#
# <colnr> <probs for GDERKNQSTAVLIFYWHMCP>
#	G	D	E	R	K	N	Q	S	T	A	V	L	I	F	Y	W	H	M	C	P
0	0.02879	0.02020	0.02205	0.01712	0.02299	0.02204	0.01405	0.56815	0.03411	0.09837	0.02092	0.05829	0.01578	0.01016	0.00788	0.00238	0.00815	0.00788	0.00787	0.01280
1	0.01920	0.19776	0.35605	0.05316	0.09729	0.02072	0.02225	0.04899	0.01755	0.07692	0.01476	0.01682	0.01102	0.00742	0.00690	0.00225	0.00992	0.00574	0.00403	0.01126
2	0.01052	0.00791	0.00974	0.00928	0.01131	0.00712	0.00696	0.01376	0.02089	0.02858	0.52705	0.06206	0.22273	0.01679	0.00915	0.00248	0.00372	0.01460	0.00820	0.00712
3	0.01822	0.01720	0.02797	0.18610	0.46224	0.01827	0.02187	0.02511	0.09785	0.02503	0.01653	0.02072	0.01328	0.00754	0.00772	0.00240	0.00907	0.00714	0.00426	0.01149
4	0.00993	0.00717	0.00931	0.01064	0.01138	0.00660	0.00710	0.01128	0.01462	0.01968	0.03977	0.63188	0.04738	0.08060	0.01209	0.00340	0.00481	0.02028	0.00686	0.04522
5	0.34157	0.01393	0.01529	0.01232	0.01782	0.01386	0.01017	0.03163	0.01850	0.41786	0.02247	0.02073	0.01476	0.00861	0.00657	0.00240	0.00635	0.00632	0.00763	0.01123
6	0.12475	0.01109	0.01335	0.04411	0.04130	0.01137	0.00989	0.04177	0.06708	0.08219	0.28143	0.10465	0.07580	0.01404	0.00831	0.00258	0.00537	0.04496	0.00734	0.00862
7	0.01049	0.00786	0.00973	0.00936	0.01132	0.00710	0.00698	0.01367	0.02067	0.02829	0.51163	0.09011	0.21010	0.01708	0.00918	0.00251	0.00376	0.01490	0.00817	0.00710
8	0.02073	0.73217	0.04063	0.01327	0.01990	0.03068	0.01327	0.02322	0.01575	0.01824	0.01078	0.01244	0.00995	0.00663	0.00498	0.00166	0.00829	0.00415	0.00332	0.00995
9	0.01243	0.00868	0.01121	0.01060	0.01271	0.00825	0.00815	0.01705	0.05649	0.05482	0.56523	0.05755	0.06618	0.01578	0.00915	0.00254	0.00418	0.06280	0.00843	0.00779
10	0.02471	0.01817	0.02181	0.02123	0.12787	0.01959	0.01479	0.28847	0.19647	0.10929	0.05826	0.02440	0.01971	0.00962	0.00786	0.00242	0.00754	0.00791	0.00740	0.01248
11	0.01919	0.02171	0.09586	0.04185	0.50099	0.05070	0.10745	0.02435	0.01782	0.02489	0.01454	0.01890	0.01187	0.00695	0.00781	0.00234	0.01017	0.00700	0.00380	0.01180
12	0.01595	0.06536	0.61574	0.02253	0.03354	0.01861	0.07335	0.02452	0.01649	0.02433	0.01392	0.01655	0.00997	0.00728	0.00740	0.00244	0.01145	0.00592	0.00332	0.01133
13	0.01899	0.01812	0.03033	0.07568	0.61434	0.01842	0.02305	0.02458	0.05348	0.02548	0.01549	0.01980	0.01283	0.00715	0.00769	0.00233	0.00909	0.00701	0.00405	0.01212
14	0.02062	0.39504	0.23061	0.01817	0.06074	0.05624	0.01838	0.02519	0.01686	0.07413	0.01358	0.01518	0.01079	0.00717	0.00616	0.00201	0.00942	0.00511	0.00387	0.01075
15	0.00945	0.00675	0.00900	0.01080	0.01125	0.00630	0.00720	0.01080	0.01484	0.01979	0.04274	0.72245	0.05128	0.02429	0.00990	0.00315	0.00450	0.02204	0.00720	0.00630
16	0.03135	0.01245	0.01680	0.01313	0.01859	0.01078	0.01075	0.03436	0.02195	0.59222	0.09182	0.03164	0.05639	0.01066	0.00799	0.00241	0.00620	0.00879	0.00938	0.01233
17	0.02108	0.02054	0.08564	0.04035	0.51987	0.04851	0.02241	0.02576	0.01825	0.09912	0.01621	0.01952	0.01274	0.00730	0.00763	0.00231	0.00933	0.00682	0.00444	0.01216
18	0.01762	0.11721	0.36163	0.02139	0.08710	0.01933	0.02167	0.06946	0.09356	0.02604	0.01776	0.02269	0.01439	0.03592	0.00858	0.00260	0.00966	0.03786	0.00444	0.01109
19	0.00945	0.00675	0.00900	0.01080	0.01125	0.00630	0.00720	0.01080	0.01484	0.01979	0.04274	0.72245	0.05128	0.02429	0.00990	0.00315	0.00450	0.02204	0.00720	0.00630
20	0.06101	0.09054	0.02308	0.01903	0.02308	0.58183	0.01465	0.02941	0.02062	0.01960	0.01175	0.01394	0.00992	0.00811	0.00760	0.00205	0.04586	0.00497	0.00395	0.00902
21	0.05408	0.01021	0.01320	0.01140	0.01490	0.00930	0.00905	0.02337	0.02128	0.26858	0.35668	0.04650	0.07219	0.01360	0.00854	0.00248	0.00501	0.04151	0.00864	0.00947
22	0.02133	0.01687	0.01809	0.01582	0.02049	0.01915	0.01243	0.09659	0.56147	0.08112	0.03031	0.02781	0.02239	0.01034	0.00787	0.00259	0.00639	0.00853	0.00800	0.01242
23	0.25087	0.07443	0.01780	0.01324	0.01828	0.01756	0.01090	0.10295	0.15340	0.17409	0.07367	0.02327	0.01977	0.00930	0.00679	0.00238	0.00645	0.00703	0.00699	0.01083

[dist]
# distance from previous block
# <min> <max>
0	1

[block]
# block no. 2 follows, 25 sequences, length 18
# corresponding to MSA columns:
# 165-182
name=unknown_C
#
# <colnr> <probs for GDERKNQSTAVLIFYWHMCP>
#	G	D	E	R	K	N	Q	S	T	A	V	L	I	F	Y	W	H	M	C	P
0	0.01877	0.01465	0.01743	0.01302	0.01912	0.01283	0.01052	0.06534	0.04127	0.08216	0.01587	0.01766	0.01258	0.00715	0.00779	0.00158	0.06573	0.00536	0.00525	0.56590
1	0.05408	0.01986	0.06452	0.01581	0.02109	0.07316	0.01336	0.24972	0.12115	0.08291	0.03908	0.02692	0.01880	0.06262	0.00995	0.00273	0.00808	0.04088	0.00670	0.06858
2	0.00940	0.00754	0.00840	0.00887	0.01079	0.00654	0.00639	0.01132	0.01720	0.02145	0.11755	0.26224	0.44375	0.02068	0.00938	0.00276	0.00407	0.01783	0.00731	0.00654
3	0.01463	0.01339	0.02245	0.60096	0.08773	0.01627	0.02027	0.01915	0.01532	0.01982	0.01508	0.05145	0.01241	0.00943	0.00903	0.04316	0.00982	0.00755	0.00363	0.00846
4	0.00973	0.00687	0.00891	0.01044	0.01082	0.00648	0.00682	0.01087	0.01430	0.01907	0.03994	0.61994	0.04776	0.13161	0.01441	0.00382	0.00496	0.02040	0.00682	0.00605
5	0.01108	0.00831	0.01246	0.01246	0.01385	0.00969	0.00969	0.01385	0.01246	0.01800	0.02077	0.03046	0.01938	0.05815	0.69678	0.01246	0.02077	0.00831	0.00415	0.00692
6	0.01000	0.00863	0.03818	0.01084	0.01237	0.00710	0.00819	0.01217	0.01638	0.02167	0.11921	0.46704	0.16219	0.02163	0.00962	0.00297	0.00475	0.05317	0.00718	0.00672
7	0.02708	0.04790	0.02174	0.01626	0.02170	0.02113	0.01331	0.48940	0.03107	0.09607	0.01989	0.02228	0.01512	0.07059	0.04759	0.00328	0.00894	0.00736	0.00728	0.01202
8	0.74070	0.01489	0.01176	0.01040	0.01526	0.01706	0.00856	0.02363	0.01370	0.07093	0.01190	0.01336	0.00900	0.00733	0.00497	0.00240	0.00603	0.00440	0.00507	0.00866
9	0.02064	0.64771	0.09276	0.01426	0.02118	0.05634	0.01459	0.02364	0.01605	0.01879	0.01108	0.01282	0.00994	0.00675	0.00525	0.00174	0.00878	0.00431	0.00334	0.01004
10	0.01678	0.01649	0.04574	0.10351	0.43903	0.01598	0.03881	0.02129	0.01785	0.02489	0.08516	0.02978	0.07252	0.00937	0.00808	0.00242	0.00847	0.02850	0.00462	0.01073
11	0.01650	0.05612	0.05563	0.01727	0.01986	0.10060	0.05904	0.02009	0.05462	0.02005	0.01922	0.12654	0.01901	0.02135	0.12973	0.04746	0.19495	0.00921	0.00447	0.00828
12	0.02900	0.03591	0.02206	0.01983	0.02398	0.65016	0.01496	0.07374	0.02297	0.02103	0.01244	0.01430	0.01021	0.00808	0.00704	0.00202	0.01361	0.00513	0.00425	0.00928
13	0.01569	0.01327	0.01545	0.01124	0.01756	0.01011	0.00882	0.01885	0.01569	0.02443	0.01465	0.01891	0.01285	0.06475	0.00850	0.00167	0.00589	0.00514	0.00460	0.71193
14	0.01216	0.00824	0.01044	0.00971	0.01192	0.00745	0.00734	0.01551	0.02130	0.06966	0.54259	0.05858	0.16369	0.01606	0.00907	0.00246	0.00388	0.01400	0.00839	0.00756
15	0.01569	0.01190	0.01477	0.01251	0.01624	0.01144	0.02649	0.10150	0.01940	0.06143	0.10212	0.10976	0.16206	0.01894	0.09095	0.00351	0.03771	0.01102	0.00639	0.16619
16	0.01445	0.00723	0.00723	0.00723	0.00903	0.00723	0.00542	0.01807	0.01626	0.02891	0.02529	0.02891	0.01987	0.00903	0.00542	0.00181	0.00361	0.00723	0.77055	0.00723
17	0.01608	0.01378	0.01608	0.01148	0.01837	0.01034	0.00919	0.01952	0.01608	0.02527	0.01378	0.01608	0.01148	0.00574	0.00574	0.00115	0.00574	0.00459	0.00459	0.77491

[dist]
# distance from previous block
# <min> <max>
0	2

[block]
# block no. 3 follows, 25 sequences, length 30
# corresponding to MSA columns:
# 185-214
name=unknown_D
#
# <colnr> <probs for GDERKNQSTAVLIFYWHMCP>
#	G	D	E	R	K	N	Q	S	T	A	V	L	I	F	Y	W	H	M	C	P
0	0.01407	0.11806	0.01528	0.01042	0.01320	0.01113	0.00830	0.01723	0.02026	0.07356	0.46966	0.04904	0.07989	0.05483	0.01015	0.00261	0.00480	0.01202	0.00755	0.00795
1	0.01295	0.01042	0.01264	0.01106	0.01482	0.00844	0.00812	0.01533	0.01534	0.02243	0.02699	0.32907	0.02973	0.04372	0.00897	0.00229	0.00527	0.01257	0.00575	0.40410
2	0.01739	0.01810	0.03527	0.24472	0.20316	0.01858	0.30122	0.02303	0.01728	0.02341	0.01483	0.02041	0.01145	0.00700	0.00835	0.00253	0.01127	0.00790	0.00375	0.01034
3	0.02699	0.07103	0.02340	0.01722	0.02305	0.04688	0.01419	0.47631	0.14891	0.04270	0.02019	0.01990	0.01476	0.00930	0.00756	0.00232	0.00827	0.00704	0.00734	0.01265
4	0.03122	0.01892	0.02154	0.01651	0.02265	0.01990	0.01364	0.45141	0.03178	0.25735	0.02254	0.02117	0.01516	0.00940	0.00777	0.00235	0.00790	0.00725	0.00836	0.01319
5	0.02927	0.10886	0.06799	0.01481	0.02107	0.01613	0.01316	0.07134	0.10676	0.42906	0.02629	0.02377	0.01759	0.00916	0.00741	0.00233	0.00721	0.00726	0.00801	0.01253
6	0.02790	0.01993	0.02247	0.01763	0.02292	0.02241	0.01454	0.47423	0.06399	0.11202	0.01947	0.01976	0.01398	0.00995	0.01005	0.00249	0.09919	0.00713	0.00740	0.01253
7	0.00916	0.00785	0.00785	0.00785	0.01047	0.00655	0.00589	0.01113	0.01767	0.02095	0.07855	0.07462	0.67599	0.01964	0.00916	0.00262	0.00393	0.01636	0.00720	0.00655
8	0.00997	0.00769	0.01035	0.01084	0.01223	0.00701	0.03068	0.01201	0.01671	0.02208	0.15344	0.45710	0.17845	0.02131	0.00960	0.00291	0.00456	0.01911	0.00730	0.00667
9	0.01926	0.01650	0.01736	0.01554	0.01992	0.01896	0.01211	0.06265	0.61644	0.03259	0.03293	0.03034	0.04892	0.01083	0.00793	0.00262	0.00614	0.00900	0.00786	0.01208
10	0.01347	0.00673	0.01010	0.01010	0.01010	0.00673	0.00673	0.01010	0.01010	0.01347	0.01347	0.02357	0.01347	0.02694	0.03030	0.77441	0.00673	0.00673	0.00337	0.00337
11	0.00945	0.00675	0.00900	0.01080	0.01125	0.00630	0.00720	0.01080	0.01484	0.01979	0.04274	0.72245	0.05128	0.02429	0.00990	0.00315	0.00450	0.02204	0.00720	0.00630
12	0.01874	0.01951	0.06610	0.07399	0.57598	0.01843	0.06568	0.02373	0.01754	0.02502	0.01459	0.01922	0.01204	0.00694	0.00776	0.00234	0.00963	0.00700	0.00380	0.01196
13	0.01464	0.01378	0.02326	0.70887	0.05340	0.01723	0.02153	0.01981	0.01550	0.01981	0.01378	0.02067	0.01034	0.00775	0.00775	0.00258	0.01034	0.00689	0.00345	0.00861
14	0.01497	0.01411	0.02385	0.66142	0.09830	0.01731	0.02170	0.02010	0.01566	0.02021	0.01384	0.02057	0.01048	0.00769	0.00775	0.00256	0.01026	0.00689	0.00347	0.00888
15	0.02581	0.01888	0.12870	0.01854	0.08013	0.01505	0.01545	0.05420	0.15953	0.33151	0.05168	0.02565	0.01994	0.00943	0.00779	0.00245	0.00747	0.00781	0.00758	0.01240
16	0.78228	0.01499	0.01140	0.01020	0.01499	0.01739	0.00840	0.02279	0.01320	0.03479	0.01080	0.01260	0.00840	0.00720	0.00480	0.00240	0.00600	0.00420	0.00480	0.00840
17	0.02203	0.01765	0.02064	0.10133	0.02543	0.01865	0.01382	0.29592	0.07937	0.03504	0.01717	0.01888	0.01303	0.00839	0.00817	0.00209	0.04814	0.00639	0.00603	0.24182
18	0.02985	0.01716	0.02037	0.03913	0.02266	0.01744	0.01309	0.32821	0.02838	0.30388	0.04037	0.02273	0.01701	0.00934	0.00769	0.00230	0.00752	0.00736	0.00819	0.05732
19	0.06567	0.03717	0.01862	0.01390	0.01978	0.01324	0.01151	0.06114	0.05966	0.57155	0.02867	0.02518	0.01845	0.00944	0.00758	0.00239	0.00668	0.00755	0.00901	0.01283
20	0.02021	0.57127	0.15672	0.01521	0.02258	0.06252	0.01614	0.02386	0.01618	0.01942	0.01141	0.01323	0.00993	0.00684	0.00551	0.00182	0.00916	0.00448	0.00334	0.01017
21	0.01007	0.00760	0.00947	0.01018	0.01166	0.00676	0.00712	0.01197	0.01635	0.02183	0.12768	0.46933	0.16484	0.02104	0.00937	0.00282	0.00438	0.01874	0.00718	0.06162
22	0.00955	0.00792	0.00839	0.00842	0.01091	0.00676	0.00642	0.01178	0.01814	0.02215	0.13976	0.07358	0.57588	0.01934	0.00925	0.00265	0.00408	0.05101	0.00734	0.00666
23	0.02125	0.01611	0.02168	0.05439	0.21080	0.01702	0.01569	0.10271	0.21327	0.11584	0.08661	0.02873	0.02339	0.00993	0.00800	0.00248	0.00733	0.02626	0.00678	0.01172
24	0.02257	0.54525	0.07340	0.01475	0.02124	0.12155	0.01425	0.02539	0.01711	0.06532	0.01251	0.01385	0.01059	0.00707	0.00559	0.00180	0.00915	0.00461	0.00385	0.01013
25	0.01155	0.00966	0.01103	0.04748	0.01466	0.04799	0.00859	0.01461	0.05357	0.02173	0.10685	0.48084	0.10123	0.02042	0.00936	0.00290	0.00531	0.01819	0.00699	0.00704
26	0.05218	0.07478	0.02235	0.01655	0.02208	0.08055	0.01357	0.40751	0.11953	0.03957	0.02249	0.02225	0.05263	0.00969	0.00748	0.00231	0.00829	0.00730	0.00698	0.01190
27	0.01830	0.02092	0.04575	0.03268	0.04052	0.01961	0.65098	0.02484	0.01830	0.02484	0.01569	0.02092	0.01176	0.00654	0.00915	0.00261	0.01307	0.00915	0.00392	0.01046
28	0.01853	0.01131	0.01374	0.01272	0.01553	0.01122	0.00951	0.15876	0.02100	0.14649	0.03606	0.39502	0.06097	0.03820	0.00986	0.00293	0.00584	0.01558	0.00768	0.00904
29	0.04514	0.10659	0.55161	0.02256	0.07667	0.01928	0.02601	0.02430	0.01628	0.02437	0.01353	0.01603	0.00995	0.00726	0.00705	0.00236	0.01078	0.00560	0.00338	0.01125

[dist]
# distance from previous block
# <min> <max>
0	6

[block]
# block no. 4 follows, 25 sequences, length 47
# corresponding to MSA columns:
# 221-267
name=unknown_E
#
# <colnr> <probs for GDERKNQSTAVLIFYWHMCP>
#	G	D	E	R	K	N	Q	S	T	A	V	L	I	F	Y	W	H	M	C	P
0	0.01773	0.33167	0.41488	0.01838	0.02780	0.02335	0.02217	0.02399	0.01611	0.02190	0.01259	0.01471	0.00988	0.00706	0.00636	0.00212	0.01012	0.00506	0.00329	0.01082
1	0.00969	0.00694	0.00922	0.01063	0.01130	0.00646	0.00722	0.01142	0.01600	0.02163	0.14527	0.61469	0.05483	0.02292	0.00977	0.00303	0.00436	0.02074	0.00741	0.00646
2	0.01611	0.01193	0.01389	0.01269	0.01582	0.01254	0.00983	0.05150	0.25226	0.07123	0.30301	0.07685	0.06474	0.01404	0.00866	0.00259	0.00513	0.03938	0.00817	0.00961
3	0.01088	0.00792	0.01024	0.00966	0.01153	0.00728	0.00725	0.01446	0.02174	0.03059	0.64566	0.05874	0.10286	0.01604	0.00915	0.00245	0.00367	0.01414	0.00847	0.00728
4	0.01134	0.00765	0.01001	0.01032	0.01177	0.00703	0.00739	0.01389	0.01867	0.05625	0.34262	0.34776	0.08715	0.01941	0.00941	0.00276	0.00417	0.01734	0.00794	0.00711
5	0.74187	0.01490	0.01175	0.01039	0.01525	0.01707	0.00856	0.02360	0.01368	0.06991	0.01187	0.01334	0.00898	0.00733	0.00496	0.00240	0.00603	0.00439	0.00506	0.00866
6	0.01145	0.00790	0.00941	0.00978	0.01024	0.00789	0.00613	0.03935	0.01362	0.01822	0.03027	0.27617	0.03509	0.43852	0.04710	0.00595	0.00692	0.01465	0.00566	0.00568
7	0.01128	0.00752	0.00846	0.00846	0.00846	0.00752	0.00470	0.01128	0.01128	0.01503	0.02443	0.05074	0.02819	0.72751	0.03946	0.00752	0.00752	0.01128	0.00470	0.00470
8	0.01856	0.01833	0.03290	0.11627	0.50855	0.01849	0.12502	0.02354	0.01753	0.02466	0.01468	0.01963	0.01199	0.00694	0.00792	0.00238	0.00996	0.00727	0.00381	0.01159
9	0.01755	0.30694	0.43799	0.01869	0.02829	0.02289	0.02272	0.02404	0.01613	0.02212	0.01271	0.01485	0.00987	0.00708	0.00644	0.00215	0.01024	0.00512	0.00329	0.01088
10	0.00966	0.00691	0.00919	0.01065	0.01129	0.00644	0.00721	0.01134	0.01585	0.02139	0.13229	0.62833	0.05438	0.02310	0.00979	0.00305	0.00438	0.02091	0.00739	0.00644
11	0.02148	0.15066	0.30865	0.01952	0.02723	0.24535	0.02040	0.04817	0.04787	0.02284	0.01371	0.01557	0.01063	0.00766	0.00689	0.00218	0.01144	0.00540	0.00388	0.01049
12	0.01937	0.02438	0.18244	0.02380	0.05651	0.05536	0.15099	0.06464	0.04714	0.05530	0.01495	0.01869	0.01174	0.00949	0.01337	0.00274	0.22721	0.00709	0.00430	0.01047
13	0.34472	0.05670	0.33958	0.01634	0.02441	0.01832	0.01857	0.02452	0.04530	0.02905	0.01327	0.01518	0.00986	0.00741	0.00619	0.00241	0.00874	0.00515	0.00415	0.01012
14	0.01692	0.01041	0.01479	0.01460	0.04967	0.01101	0.01078	0.02057	0.04375	0.16091	0.05644	0.06320	0.04615	0.03676	0.37478	0.00783	0.03748	0.00928	0.00588	0.00879
15	0.01268	0.00834	0.01071	0.00988	0.01212	0.00756	0.00749	0.01611	0.02153	0.08185	0.56258	0.05714	0.13092	0.01574	0.00904	0.00245	0.00392	0.01377	0.00848	0.00770
16	0.01818	0.02156	0.10050	0.06270	0.21646	0.01901	0.36223	0.02508	0.04821	0.02510	0.01588	0.02037	0.01222	0.00696	0.00846	0.00251	0.01141	0.00809	0.00400	0.01107
17	0.01200	0.00974	0.03089	0.01128	0.01356	0.00889	0.00903	0.01740	0.08085	0.02954	0.48906	0.08781	0.06220	0.01618	0.00920	0.00263	0.00458	0.08923	0.00809	0.00783
18	0.01128	0.00752	0.00846	0.00846	0.00846	0.00752	0.00470	0.01128	0.01128	0.01503	0.02443	0.05074	0.02819	0.72751	0.03946	0.00752	0.00752	0.01128	0.00470	0.00470
19	0.01171	0.00901	0.01294	0.01271	0.01408	0.01061	0.00982	0.01510	0.04099	0.01848	0.02099	0.03103	0.01970	0.09515	0.59613	0.01132	0.05035	0.00844	0.00432	0.00709
20	0.02702	0.14285	0.17838	0.01633	0.02374	0.01837	0.01630	0.13747	0.02219	0.30937	0.02130	0.02036	0.01442	0.00853	0.00721	0.00227	0.00835	0.00656	0.00675	0.01224
21	0.02677	0.01283	0.01635	0.01338	0.01820	0.01218	0.01074	0.03377	0.15366	0.41806	0.16203	0.03333	0.03110	0.01106	0.00809	0.00245	0.00590	0.00926	0.00903	0.01181
22	0.03479	0.01320	0.01799	0.01380	0.01979	0.01140	0.01140	0.03779	0.02219	0.68451	0.03059	0.02639	0.01919	0.00960	0.00780	0.00240	0.00660	0.00780	0.00960	0.01320
23	0.01926	0.01107	0.01322	0.01151	0.01523	0.01059	0.00903	0.02577	0.14240	0.22042	0.19332	0.04584	0.18864	0.01360	0.00835	0.00248	0.00505	0.01145	0.04299	0.00979
24	0.02046	0.53159	0.11527	0.01595	0.02279	0.05027	0.04480	0.04929	0.01682	0.02059	0.01171	0.01381	0.01016	0.00720	0.00659	0.00192	0.04221	0.00483	0.00355	0.01018
25	0.00972	0.00719	0.00908	0.01005	0.01118	0.00656	0.00699	0.01167	0.01685	0.02239	0.18294	0.46681	0.16678	0.02168	0.00961	0.00290	0.00422	0.01934	0.00748	0.00656
26	0.02064	0.01364	0.01655	0.01205	0.01872	0.01059	0.00973	0.02398	0.01757	0.18607	0.01788	0.01859	0.01336	0.00668	0.00624	0.00145	0.00595	0.00538	0.00581	0.58911
27	0.02116	0.69621	0.03966	0.01361	0.02011	0.06512	0.01336	0.02362	0.01608	0.01828	0.01084	0.01252	0.00995	0.00670	0.00508	0.00168	0.00859	0.00419	0.00335	0.00990
28	0.00974	0.00733	0.00905	0.00998	0.01129	0.00664	0.00708	0.01172	0.01688	0.02208	0.15492	0.41403	0.22280	0.02155	0.00961	0.00291	0.00432	0.04408	0.00741	0.00656
29	0.02039	0.01745	0.01995	0.12768	0.05285	0.06976	0.01375	0.12825	0.07886	0.05860	0.01676	0.01886	0.01292	0.00771	0.00741	0.00194	0.02716	0.00607	0.00535	0.30829
30	0.01128	0.00752	0.00846	0.00846	0.00846	0.00752	0.00470	0.01128	0.01128	0.01503	0.02443	0.05074	0.02819	0.72751	0.03946	0.00752	0.00752	0.01128	0.00470	0.00470
31	0.27588	0.01361	0.01491	0.01225	0.01724	0.01377	0.00999	0.05810	0.04965	0.32690	0.07776	0.02441	0.02018	0.00934	0.00682	0.00238	0.00608	0.00713	0.04279	0.01081
32	0.01075	0.00781	0.01012	0.00976	0.01150	0.00719	0.00724	0.01412	0.02110	0.02959	0.58964	0.11953	0.09897	0.01680	0.00921	0.00251	0.00375	0.01486	0.00835	0.00719
33	0.01867	0.01601	0.01700	0.01533	0.01953	0.01840	0.01191	0.03924	0.61767	0.03234	0.07905	0.03107	0.02732	0.01091	0.00798	0.00262	0.00595	0.00915	0.00794	0.01191
34	0.08239	0.01969	0.06616	0.06724	0.12688	0.01872	0.37765	0.02324	0.01699	0.02487	0.01578	0.05028	0.01302	0.00796	0.00945	0.00261	0.05430	0.00855	0.00404	0.01018
35	0.05995	0.10226	0.02385	0.05081	0.02436	0.39376	0.01488	0.15457	0.02303	0.02567	0.01314	0.01518	0.01059	0.00837	0.00788	0.00215	0.04958	0.00546	0.00466	0.00987
36	0.02098	0.24520	0.09311	0.05883	0.14537	0.11083	0.04639	0.08835	0.01904	0.02385	0.01493	0.01763	0.02903	0.00799	0.00780	0.00218	0.04784	0.00605	0.00410	0.01051
37	0.01860	0.15191	0.39332	0.02115	0.02995	0.08100	0.08290	0.05416	0.01766	0.02387	0.01341	0.01607	0.01022	0.00763	0.00806	0.00234	0.04748	0.00584	0.00362	0.01082
38	0.01059	0.00786	0.00987	0.00948	0.01138	0.00714	0.00707	0.01385	0.02088	0.02882	0.54289	0.09200	0.17567	0.01690	0.00918	0.00250	0.00374	0.01480	0.00824	0.00714
39	0.01185	0.00897	0.00956	0.00919	0.01084	0.00875	0.00619	0.04223	0.06406	0.02022	0.04633	0.05720	0.28600	0.35866	0.02357	0.00496	0.00602	0.01293	0.00607	0.00639
40	0.06147	0.02172	0.02184	0.07687	0.02544	0.11585	0.01478	0.37267	0.06801	0.08440	0.01818	0.01898	0.01321	0.00919	0.00834	0.00238	0.04156	0.00673	0.00666	0.01172
41	0.01905	0.01833	0.03100	0.04592	0.63871	0.01875	0.02338	0.02348	0.01730	0.02492	0.01431	0.01905	0.01215	0.00732	0.00877	0.00237	0.05243	0.00690	0.00381	0.01205
42	0.01110	0.00823	0.01208	0.01208	0.01333	0.00949	0.00922	0.01360	0.01235	0.01772	0.02112	0.03239	0.02022	0.12174	0.63433	0.01199	0.01951	0.00859	0.00421	0.00671
43	0.29658	0.14973	0.14467	0.03936	0.05330	0.04084	0.01524	0.09130	0.03631	0.04881	0.01369	0.01540	0.01050	0.00755	0.00609	0.00227	0.00824	0.00524	0.00468	0.01021
44	0.01028	0.00835	0.01106	0.04474	0.01430	0.00769	0.03390	0.01275	0.01759	0.02281	0.18615	0.27113	0.29230	0.01919	0.00932	0.00275	0.00474	0.01691	0.00716	0.00689
45	0.01780	0.01492	0.01684	0.04717	0.01990	0.01690	0.01182	0.08668	0.37322	0.03075	0.11567	0.03346	0.05735	0.04445	0.01056	0.00280	0.04957	0.00944	0.00720	0.03350
46	0.04437	0.11729	0.05928	0.05860	0.08329	0.02079	0.08186	0.02288	0.08803	0.02225	0.01529	0.01989	0.01303	0.01531	0.09351	0.00382	0.21979	0.00694	0.00412	0.00963

[dist]
# distance from previous block
# <min> <max>
1	3

[block]
# block no. 5 follows, 25 sequences, length 192
# corresponding to MSA columns:
# 271-462
name=unknown_F
#
# <colnr> <probs for GDERKNQSTAVLIFYWHMCP>
#	G	D	E	R	K	N	Q	S	T	A	V	L	I	F	Y	W	H	M	C	P
0	0.01916	0.01481	0.01641	0.01397	0.01796	0.01603	0.01103	0.22551	0.21034	0.03667	0.25463	0.03787	0.06745	0.01241	0.00834	0.00247	0.00593	0.01038	0.00804	0.01057
1	0.01067	0.00791	0.00994	0.00943	0.01139	0.00719	0.00707	0.01404	0.02122	0.02937	0.57366	0.06076	0.17562	0.01649	0.00915	0.00247	0.00370	0.01442	0.00831	0.00719
2	0.00990	0.00705	0.00925	0.01041	0.01112	0.00660	0.00705	0.01165	0.01612	0.02188	0.17727	0.53234	0.05435	0.07206	0.01182	0.00330	0.00453	0.01956	0.00731	0.00640
3	0.00960	0.00696	0.00909	0.01064	0.01136	0.00645	0.00728	0.01117	0.01548	0.02051	0.07425	0.62269	0.09877	0.02346	0.00983	0.00309	0.00450	0.04121	0.00726	0.00639
4	0.00981	0.00701	0.00878	0.01004	0.01059	0.00658	0.00655	0.01093	0.01434	0.01889	0.04205	0.52264	0.10203	0.17266	0.01609	0.00403	0.00509	0.01926	0.00667	0.00598
5	0.01738	0.01658	0.02821	0.31011	0.43073	0.01795	0.02290	0.02221	0.01680	0.02314	0.01427	0.01978	0.01151	0.00724	0.00771	0.00241	0.00966	0.00690	0.00368	0.01083
6	0.02044	0.01970	0.03425	0.04540	0.56522	0.01927	0.12051	0.02480	0.01859	0.02649	0.01623	0.02147	0.01361	0.00787	0.00852	0.00263	0.01024	0.00771	0.00438	0.01267
7	0.02827	0.07456	0.02426	0.01739	0.02352	0.02428	0.01449	0.57290	0.06909	0.04568	0.01873	0.01871	0.01351	0.00917	0.00756	0.00229	0.00838	0.00687	0.00743	0.01289
8	0.01904	0.02317	0.12925	0.06974	0.41003	0.06917	0.11836	0.02442	0.01779	0.02441	0.01442	0.01871	0.01158	0.00704	0.00781	0.00236	0.01053	0.00693	0.00376	0.01147
9	0.01204	0.00946	0.01291	0.01543	0.08600	0.00921	0.00996	0.01599	0.07031	0.02328	0.11168	0.42949	0.04506	0.01923	0.00928	0.00288	0.00531	0.06514	0.00693	0.04043
10	0.01699	0.12896	0.01689	0.01142	0.01533	0.01358	0.00942	0.08822	0.04295	0.10426	0.07847	0.09507	0.29086	0.01506	0.00823	0.00247	0.00572	0.04021	0.00700	0.00888
11	0.01866	0.02495	0.18910	0.03173	0.14891	0.01937	0.35109	0.07157	0.01910	0.02665	0.01531	0.01940	0.01151	0.00700	0.00838	0.00250	0.01169	0.00781	0.00404	0.01121
12	0.02302	0.01945	0.14084	0.02092	0.10001	0.01526	0.07277	0.06275	0.05885	0.24619	0.08301	0.02722	0.04446	0.00975	0.00875	0.00248	0.03783	0.00829	0.00665	0.01151
13	0.01133	0.00861	0.01194	0.01183	0.01280	0.00983	0.00878	0.01329	0.01256	0.01766	0.02486	0.08747	0.05034	0.19587	0.42714	0.00965	0.06478	0.01021	0.00457	0.00649
14	0.01664	0.02948	0.38432	0.11844	0.22908	0.01807	0.02577	0.02423	0.03661	0.02442	0.01464	0.01816	0.01105	0.00738	0.00753	0.00243	0.01048	0.00633	0.00361	0.01136
15	0.01158	0.00848	0.01127	0.01251	0.01432	0.00817	0.01048	0.01474	0.01807	0.02352	0.12138	0.13140	0.14397	0.02072	0.01023	0.00326	0.00604	0.41555	0.00732	0.00701
16	0.05301	0.01822	0.05021	0.07079	0.06186	0.03573	0.01455	0.18799	0.25938	0.03320	0.02635	0.05319	0.04280	0.01090	0.00794	0.00257	0.00761	0.04574	0.00674	0.01122
17	0.02237	0.01756	0.01944	0.01462	0.02106	0.01709	0.01189	0.31028	0.06068	0.03644	0.01696	0.01794	0.01292	0.00763	0.00678	0.00177	0.00704	0.00591	0.00622	0.38539
18	0.01849	0.10236	0.26963	0.02338	0.05402	0.03932	0.17322	0.08042	0.04544	0.02580	0.01612	0.04714	0.01301	0.00844	0.00871	0.00247	0.04959	0.00738	0.00424	0.01083
19	0.01854	0.01589	0.01670	0.01502	0.01927	0.01810	0.01168	0.05619	0.57938	0.03173	0.03605	0.03336	0.09102	0.01143	0.00802	0.00262	0.00598	0.00950	0.00781	0.01171
20	0.02237	0.01622	0.01878	0.01658	0.05526	0.01721	0.01248	0.30846	0.10510	0.08012	0.15959	0.07681	0.02990	0.01163	0.00815	0.00241	0.00677	0.00968	0.00771	0.03477
21	0.01919	0.01836	0.03101	0.04654	0.65739	0.01845	0.02342	0.02437	0.03902	0.02557	0.01514	0.01951	0.01266	0.00703	0.00768	0.00231	0.00911	0.00697	0.00397	0.01228
22	0.04179	0.11808	0.52979	0.02011	0.03016	0.01958	0.02472	0.02582	0.07397	0.02486	0.01502	0.01690	0.01102	0.00756	0.00705	0.00238	0.01043	0.00576	0.00374	0.01125
23	0.01876	0.37168	0.28402	0.01687	0.02499	0.02390	0.01901	0.06642	0.01768	0.02334	0.03544	0.01836	0.01336	0.00789	0.00641	0.00210	0.00932	0.02598	0.00390	0.01057
24	0.00963	0.00689	0.00916	0.01067	0.01129	0.00642	0.00721	0.01126	0.01570	0.02115	0.11874	0.64257	0.05391	0.02328	0.00981	0.00306	0.00440	0.02108	0.00736	0.00642
25	0.01071	0.00863	0.00967	0.00954	0.01200	0.00792	0.00734	0.01476	0.06725	0.02475	0.23293	0.06784	0.40781	0.01809	0.00920	0.00266	0.00431	0.06976	0.00761	0.00724
26	0.01505	0.06674	0.02172	0.01805	0.06431	0.01483	0.10863	0.04954	0.04232	0.02624	0.23245	0.11735	0.07461	0.01354	0.01074	0.00261	0.09459	0.01170	0.00618	0.00878
27	0.01128	0.00752	0.00846	0.00846	0.00846	0.00752	0.00470	0.01128	0.01128	0.01503	0.02443	0.05074	0.02819	0.72751	0.03946	0.00752	0.00752	0.01128	0.00470	0.00470
28	0.00925	0.00778	0.00802	0.00813	0.01057	0.00656	0.00603	0.01123	0.01763	0.02123	0.09771	0.11845	0.61129	0.01982	0.00921	0.00265	0.00396	0.01667	0.00725	0.00656
29	0.02008	0.01692	0.02214	0.30081	0.07058	0.01966	0.01733	0.19359	0.19844	0.03125	0.01996	0.02230	0.01483	0.00887	0.00779	0.00251	0.00865	0.00743	0.00582	0.01102
30	0.01217	0.00902	0.01099	0.01079	0.01276	0.00811	0.00799	0.01478	0.02100	0.02880	0.45420	0.12297	0.18493	0.01843	0.00988	0.00287	0.00455	0.04939	0.00849	0.00786
31	0.01329	0.01159	0.01497	0.01416	0.01528	0.04976	0.01105	0.01555	0.01275	0.01793	0.01841	0.02853	0.01773	0.10453	0.46255	0.00958	0.16306	0.00807	0.00403	0.00716
32	0.01752	0.02975	0.34102	0.02762	0.05572	0.01902	0.31810	0.05075	0.01814	0.02572	0.01496	0.01867	0.01094	0.00705	0.00822	0.00252	0.01202	0.00741	0.00378	0.01109
33	0.01225	0.00871	0.01202	0.01367	0.01526	0.00869	0.01165	0.01545	0.01721	0.02243	0.03989	0.11580	0.04372	0.07435	0.01282	0.00384	0.00704	0.55131	0.00696	0.00692
34	0.01864	0.44186	0.22827	0.01566	0.02374	0.02450	0.01731	0.02317	0.01597	0.02095	0.01206	0.01403	0.01010	0.00674	0.00577	0.00183	0.00892	0.00467	0.00346	0.10234
35	0.01320	0.00999	0.01235	0.01120	0.01460	0.00821	0.00820	0.01550	0.01564	0.04623	0.02993	0.39547	0.03312	0.01583	0.00805	0.00227	0.00511	0.01407	0.00617	0.33488
36	0.01241	0.00824	0.01083	0.01000	0.01208	0.00756	0.00756	0.01603	0.02196	0.07059	0.63609	0.05601	0.06990	0.01547	0.00906	0.00244	0.00384	0.01365	0.00860	0.00767
37	0.01892	0.01624	0.01726	0.01570	0.01994	0.01872	0.01228	0.03983	0.62994	0.03193	0.03207	0.03211	0.02481	0.01111	0.00804	0.00268	0.00619	0.04238	0.00785	0.01199
38	0.01555	0.04011	0.68733	0.02210	0.03356	0.01801	0.02865	0.02455	0.01637	0.02455	0.01391	0.01637	0.00982	0.00737	0.00737	0.00246	0.01146	0.00573	0.00327	0.01146
39	0.01109	0.00826	0.01224	0.01224	0.01355	0.00957	0.00942	0.01370	0.01240	0.01784	0.02097	0.03158	0.01987	0.09521	0.66039	0.01219	0.02003	0.00847	0.00418	0.00680
40	0.02603	0.05152	0.02134	0.01852	0.02279	0.46293	0.01416	0.05615	0.20200	0.02380	0.01766	0.01828	0.01392	0.00870	0.00721	0.00218	0.01142	0.00609	0.00520	0.01009
41	0.78228	0.01499	0.01140	0.01020	0.01499	0.01739	0.00840	0.02279	0.01320	0.03479	0.01080	0.01260	0.00840	0.00720	0.00480	0.00240	0.00600	0.00420	0.00480	0.00840
42	0.01784	0.02292	0.17122	0.03347	0.29005	0.01819	0.16919	0.02568	0.08878	0.02610	0.04720	0.02186	0.01571	0.00773	0.00805	0.00245	0.00999	0.00772	0.00440	0.01145
43	0.01965	0.01684	0.01774	0.01585	0.02030	0.01945	0.01236	0.06291	0.64284	0.03302	0.03110	0.02856	0.02330	0.01048	0.00788	0.00262	0.00622	0.00870	0.00788	0.01231
44	0.08823	0.01601	0.01903	0.01475	0.02061	0.01592	0.01216	0.24021	0.02624	0.40639	0.04354	0.02368	0.01793	0.00950	0.00760	0.00238	0.00711	0.00744	0.00860	0.01267
45	0.02573	0.01872	0.02009	0.01590	0.02150	0.04283	0.01288	0.35633	0.12763	0.11123	0.06618	0.02331	0.01927	0.00954	0.00763	0.00225	0.00750	0.00749	0.00755	0.09645
46	0.01769	0.01870	0.03742	0.14274	0.19242	0.01851	0.37636	0.02343	0.01769	0.02409	0.01618	0.02324	0.01303	0.00744	0.00864	0.00258	0.01148	0.03396	0.00396	0.01046
47	0.00916	0.00785	0.00785	0.00785	0.01047	0.00655	0.00589	0.01113	0.01767	0.02095	0.07855	0.07462	0.67599	0.01964	0.00916	0.00262	0.00393	0.01636	0.00720	0.00655
48	0.00957	0.00680	0.00896	0.01064	0.01105	0.00638	0.00703	0.01083	0.01460	0.01947	0.04148	0.67637	0.04970	0.07253	0.01192	0.00345	0.00471	0.02130	0.00703	0.00619
49	0.12464	0.02558	0.02058	0.01735	0.02238	0.25901	0.01370	0.27756	0.10642	0.03451	0.01689	0.01749	0.01275	0.00872	0.00712	0.00226	0.00983	0.00615	0.00607	0.01098
50	0.02890	0.02129	0.02286	0.01764	0.02368	0.02354	0.01452	0.63494	0.03584	0.04804	0.01930	0.03871	0.01427	0.00974	0.00782	0.00235	0.00842	0.00741	0.00774	0.01299
51	0.01385	0.01119	0.01353	0.01121	0.01554	0.00940	0.00875	0.01814	0.04986	0.02711	0.24254	0.08324	0.03754	0.01153	0.00756	0.00193	0.00504	0.04303	0.00641	0.38261
52	0.01059	0.00783	0.00989	0.00955	0.01139	0.00713	0.00710	0.01383	0.02079	0.02875	0.53982	0.11006	0.16041	0.01704	0.00920	0.00252	0.00376	0.01497	0.00824	0.00713
53	0.01343	0.01212	0.01685	0.01701	0.06642	0.04817	0.08671	0.01732	0.06088	0.02249	0.06429	0.42782	0.03834	0.01759	0.00908	0.00278	0.00655	0.01617	0.00635	0.04964
54	0.02785	0.03370	0.02171	0.01945	0.02341	0.58508	0.01477	0.08623	0.02257	0.02163	0.01294	0.01524	0.01071	0.01056	0.03911	0.00254	0.03354	0.00538	0.00433	0.00926
55	0.01696	0.01696	0.02375	0.02036	0.02036	0.02375	0.01696	0.01866	0.01187	0.01866	0.01018	0.01696	0.01018	0.01357	0.02545	0.00339	0.71332	0.00679	0.00339	0.00848
56	0.02493	0.01079	0.01433	0.01223	0.01615	0.00950	0.00945	0.02721	0.01921	0.42225	0.03638	0.20311	0.07286	0.07073	0.01091	0.00300	0.00597	0.01217	0.00845	0.01037
57	0.00962	0.00715	0.00898	0.01005	0.01114	0.00650	0.00695	0.01145	0.01650	0.02175	0.14657	0.49079	0.18008	0.02207	0.00963	0.00293	0.00426	0.01968	0.00740	0.00650
58	0.00945	0.00675	0.00900	0.01080	0.01125	0.00630	0.00720	0.01080	0.01484	0.01979	0.04274	0.72245	0.05128	0.02429	0.00990	0.00315	0.00450	0.02204	0.00720	0.00630
59	0.01128	0.00752	0.00846	0.00846	0.00846	0.00752	0.00470	0.01128	0.01128	0.01503	0.02443	0.05074	0.02819	0.72751	0.03946	0.00752	0.00752	0.01128	0.00470	0.00470
60	0.01456	0.00888	0.01081	0.00991	0.01279	0.00780	0.00769	0.01742	0.02011	0.14322	0.29506	0.06021	0.30322	0.01648	0.00898	0.00255	0.00444	0.03967	0.00813	0.00805
61	0.02658	0.11668	0.02477	0.07268	0.04897	0.47842	0.01557	0.08623	0.02191	0.02193	0.01268	0.01492	0.01039	0.00789	0.00690	0.00204	0.01235	0.00529	0.00421	0.00958
62	0.01906	0.01913	0.05427	0.04563	0.63433	0.01844	0.02358	0.02440	0.03914	0.02554	0.01513	0.01941	0.01257	0.00704	0.00767	0.00232	0.00919	0.00693	0.00395	0.01225
63	0.02775	0.01993	0.02161	0.01706	0.02286	0.02197	0.01393	0.47152	0.16903	0.09858	0.02237	0.02146	0.01592	0.00959	0.00779	0.00240	0.00786	0.00743	0.00794	0.01299
64	0.05623	0.06210	0.25676	0.01851	0.02651	0.02110	0.01906	0.33259	0.02642	0.08182	0.01707	0.01780	0.01206	0.00843	0.00736	0.00235	0.00931	0.00634	0.00596	0.01222
