[name]
unknown

[dist]
# distance from previous block
# <min> <max>
0	0

[block]
# block no. 0 follows, 24 sequences, length 277
# corresponding to MSA columns:
# 0-276
name=unknown_A
#
# <colnr> <probs for GDERKNQSTAVLIFYWHMCP>
#	G	D	E	R	K	N	Q	S	T	A	V	L	I	F	Y	W	H	M	C	P
0	0.01278	0.00913	0.01278	0.01460	0.01643	0.00913	0.01278	0.01643	0.01825	0.02373	0.04199	0.08945	0.04564	0.02191	0.01095	0.00365	0.00730	0.61847	0.00730	0.00730
1	0.11421	0.01369	0.01769	0.01372	0.01972	0.01231	0.01133	0.03702	0.02172	0.60931	0.02914	0.02549	0.01846	0.00955	0.00765	0.00245	0.00668	0.00758	0.00929	0.01298
2	0.01205	0.00824	0.00927	0.00903	0.00950	0.00821	0.00539	0.03385	0.01343	0.01789	0.06670	0.05243	0.06341	0.61813	0.03578	0.00693	0.00730	0.01181	0.00528	0.00537
3	0.01133	0.00850	0.01274	0.01274	0.01416	0.00991	0.00991	0.01416	0.01274	0.01841	0.02124	0.03115	0.01982	0.05947	0.68989	0.01274	0.02124	0.00850	0.00425	0.00708
4	0.01616	0.07446	0.64905	0.02216	0.03364	0.01905	0.02853	0.02505	0.01671	0.02480	0.01407	0.01655	0.01005	0.00750	0.00741	0.00247	0.01156	0.00578	0.00335	0.01164
5	0.01230	0.00834	0.01094	0.01016	0.01222	0.00767	0.00767	0.01601	0.02246	0.06022	0.63965	0.05781	0.07239	0.01593	0.00929	0.00249	0.00387	0.01406	0.00878	0.00775
6	0.01133	0.00847	0.01261	0.01261	0.01398	0.00984	0.00975	0.01407	0.01270	0.01831	0.02136	0.03183	0.02012	0.08100	0.66876	0.01258	0.02080	0.00859	0.00427	0.00701
7	0.03158	0.02176	0.02371	0.01859	0.02481	0.02329	0.01507	0.52011	0.06803	0.12915	0.02286	0.02294	0.01642	0.01073	0.00866	0.00272	0.00886	0.00786	0.00867	0.01418
8	0.01735	0.01735	0.02429	0.02082	0.02082	0.02429	0.01735	0.01908	0.01214	0.01908	0.01041	0.01735	0.01041	0.01388	0.02602	0.00347	0.70680	0.00694	0.00347	0.00867
9	0.01644	0.01409	0.01644	0.01175	0.01879	0.01057	0.00940	0.01997	0.01644	0.02584	0.01409	0.01644	0.01175	0.00587	0.00587	0.00117	0.00587	0.00470	0.00470	0.76979
10	0.03182	0.01299	0.01743	0.01364	0.01915	0.01147	0.01115	0.05514	0.02314	0.56175	0.12447	0.03147	0.02754	0.01075	0.00818	0.00246	0.00637	0.00888	0.00959	0.01261
11	0.01067	0.00863	0.03189	0.01159	0.01272	0.00753	0.00835	0.03324	0.01652	0.02226	0.08793	0.62109	0.05138	0.02312	0.00991	0.00312	0.00491	0.02087	0.00735	0.00693
12	0.00974	0.00782	0.00870	0.00897	0.01106	0.00677	0.00654	0.01191	0.01822	0.02292	0.17137	0.20338	0.44393	0.02040	0.00952	0.00276	0.00409	0.01751	0.00759	0.00677
13	0.01498	0.01409	0.02378	0.70226	0.05462	0.01762	0.02202	0.02026	0.01586	0.02026	0.01409	0.02114	0.01057	0.00793	0.00793	0.00264	0.01057	0.00705	0.00352	0.00881
14	0.01133	0.00850	0.01274	0.01274	0.01416	0.00991	0.00991	0.01416	0.01274	0.01841	0.02124	0.03115	0.01982	0.05947	0.68989	0.01274	0.02124	0.00850	0.00425	0.00708
15	0.01804	0.01738	0.03004	0.26486	0.43930	0.01849	0.05081	0.02303	0.01736	0.02401	0.01469	0.02021	0.01188	0.00733	0.00794	0.00246	0.00998	0.00716	0.00380	0.01123
16	0.02189	0.01685	0.01822	0.01600	0.02074	0.01903	0.01255	0.06598	0.56269	0.10480	0.03163	0.02888	0.02327	0.01060	0.00805	0.00265	0.00643	0.00878	0.00826	0.01269
17	0.05346	0.02128	0.02225	0.05295	0.02489	0.05258	0.01464	0.50511	0.06325	0.04478	0.01917	0.01974	0.01387	0.00935	0.00768	0.00237	0.00862	0.00705	0.04441	0.01254
18	0.01102	0.00810	0.01031	0.00976	0.01172	0.00739	0.00732	0.01457	0.02196	0.03064	0.60224	0.06114	0.14097	0.01664	0.00935	0.00251	0.00377	0.01461	0.00858	0.00739
19	0.01478	0.00739	0.00739	0.00739	0.00924	0.00739	0.00554	0.01848	0.01663	0.02956	0.02587	0.02956	0.02033	0.00924	0.00554	0.00185	0.00370	0.00739	0.76534	0.00739
20	0.02038	0.01736	0.01830	0.01627	0.02087	0.02003	0.01271	0.08003	0.61857	0.03423	0.03144	0.02892	0.02353	0.01068	0.00806	0.00267	0.00643	0.00885	0.00806	0.01261
21	0.01897	0.01776	0.02921	0.20839	0.46554	0.01884	0.02292	0.05334	0.04043	0.02589	0.01550	0.02032	0.01251	0.00752	0.00788	0.00244	0.00957	0.00713	0.00416	0.01167
22	0.03558	0.01350	0.01840	0.01411	0.02024	0.01166	0.01166	0.03865	0.02270	0.67734	0.03128	0.02699	0.01963	0.00981	0.00797	0.00245	0.00675	0.00797	0.00981	0.01350
23	0.02038	0.01736	0.01830	0.01627	0.02087	0.02003	0.01271	0.08003	0.61857	0.03423	0.03144	0.02892	0.02353	0.01068	0.00806	0.00267	0.00643	0.00885	0.00806	0.01261
24	0.00983	0.00703	0.00936	0.01092	0.01154	0.00656	0.00737	0.01147	0.01598	0.02152	0.11244	0.64378	0.05491	0.02389	0.01004	0.00314	0.00451	0.02164	0.00751	0.00656
25	0.01153	0.00769	0.00865	0.00865	0.00865	0.00769	0.00480	0.01153	0.01153	0.01538	0.02499	0.05189	0.02883	0.72131	0.04036	0.00769	0.00769	0.01153	0.00480	0.00480
26	0.01128	0.00762	0.01001	0.01072	0.01196	0.00701	0.00754	0.01352	0.01798	0.05243	0.24748	0.44908	0.08105	0.02121	0.00975	0.00293	0.00439	0.01903	0.00791	0.00709
27	0.03692	0.00797	0.00941	0.00952	0.01132	0.00744	0.00696	0.01419	0.01890	0.02710	0.30838	0.20488	0.16925	0.01761	0.00886	0.00260	0.00406	0.01534	0.11218	0.00713
28	0.01425	0.00891	0.01125	0.01047	0.01311	0.00800	0.00815	0.01749	0.02113	0.11697	0.39405	0.06124	0.20205	0.01670	0.00930	0.00263	0.00451	0.06326	0.00845	0.00811
29	0.01114	0.00810	0.01048	0.00989	0.01179	0.00745	0.00742	0.01480	0.02225	0.03132	0.64076	0.06002	0.10202	0.01639	0.00935	0.00250	0.00375	0.01445	0.00867	0.00745
30	0.01067	0.00763	0.00992	0.01113	0.01187	0.00741	0.00756	0.03235	0.01579	0.02124	0.06944	0.56277	0.04817	0.08513	0.05527	0.00414	0.00600	0.01983	0.00703	0.00662
31	0.07098	0.00795	0.00782	0.00785	0.00983	0.00810	0.00588	0.01837	0.01631	0.02942	0.02589	0.07145	0.02147	0.01008	0.00578	0.00198	0.00393	0.00811	0.66137	0.00742
32	0.00974	0.00696	0.00927	0.01099	0.01152	0.00649	0.00737	0.01123	0.01553	0.02079	0.07344	0.68483	0.05351	0.02443	0.01008	0.00319	0.00456	0.02215	0.00743	0.00649
33	0.01972	0.01703	0.01793	0.01614	0.02062	0.01972	0.01255	0.04214	0.65752	0.03317	0.03228	0.02959	0.02421	0.01076	0.00807	0.00269	0.00628	0.00897	0.00807	0.01255
34	0.01133	0.00850	0.01274	0.01274	0.01416	0.00991	0.00991	0.01416	0.01274	0.01841	0.02124	0.03115	0.01982	0.05947	0.68989	0.01274	0.02124	0.00850	0.00425	0.00708
35	0.00987	0.00846	0.00850	0.00842	0.01118	0.00732	0.00634	0.01285	0.04855	0.02198	0.07804	0.07409	0.63792	0.01964	0.00931	0.00268	0.00412	0.01637	0.00740	0.00697
36	0.02473	0.01682	0.01937	0.01445	0.02108	0.01567	0.01179	0.24185	0.02487	0.15354	0.01897	0.01928	0.01380	0.00787	0.00698	0.00183	0.00703	0.00615	0.00676	0.36716
37	0.01644	0.01409	0.01644	0.01175	0.01879	0.01057	0.00940	0.01997	0.01644	0.02584	0.01409	0.01644	0.01175	0.00587	0.00587	0.00117	0.00587	0.00470	0.00470	0.76979
38	0.00966	0.00690	0.00920	0.01104	0.01150	0.00644	0.00736	0.01104	0.01518	0.02024	0.04371	0.71614	0.05245	0.02484	0.01012	0.00322	0.00460	0.02254	0.00736	0.00644
39	0.00966	0.00690	0.00920	0.01104	0.01150	0.00644	0.00736	0.01104	0.01518	0.02024	0.04371	0.71614	0.05245	0.02484	0.01012	0.00322	0.00460	0.02254	0.00736	0.00644
40	0.01104	0.00808	0.01027	0.00973	0.01162	0.00741	0.00724	0.01448	0.02162	0.03017	0.58520	0.06074	0.13439	0.04074	0.01042	0.00269	0.00390	0.01449	0.00845	0.00731
41	0.03458	0.01372	0.01837	0.01424	0.02027	0.01216	0.01171	0.03886	0.06257	0.63688	0.03135	0.02715	0.01992	0.00987	0.00798	0.00247	0.00672	0.00804	0.00971	0.01344
42	0.01135	0.00843	0.01239	0.01239	0.01368	0.00972	0.00947	0.01393	0.01264	0.01815	0.02157	0.03295	0.02060	0.11684	0.63359	0.01231	0.02007	0.00876	0.00430	0.00688
43	0.01518	0.01431	0.02416	0.67311	0.08214	0.01767	0.02213	0.02044	0.01595	0.02051	0.01413	0.02107	0.01066	0.00789	0.00792	0.00263	0.01052	0.00705	0.00354	0.00898
44	0.03014	0.02221	0.02380	0.01825	0.02459	0.02459	0.01507	0.64541	0.03728	0.04998	0.01904	0.01904	0.01349	0.00952	0.00793	0.00238	0.00873	0.00714	0.00793	0.01349
45	0.01865	0.02120	0.04572	0.03282	0.04046	0.02026	0.61323	0.02510	0.01840	0.02510	0.01577	0.02120	0.01195	0.00703	0.01015	0.00271	0.04642	0.00924	0.00398	0.01060
46	0.77733	0.01534	0.01166	0.01043	0.01534	0.01779	0.00859	0.02331	0.01350	0.03558	0.01104	0.01288	0.00859	0.00736	0.00491	0.00245	0.00613	0.00429	0.00491	0.00859
47	0.01153	0.00769	0.00865	0.00865	0.00865	0.00769	0.00480	0.01153	0.01153	0.01538	0.02499	0.05189	0.02883	0.72131	0.04036	0.00769	0.00769	0.01153	0.00480	0.00480
48	0.01377	0.00689	0.01033	0.01033	0.01033	0.00689	0.00689	0.01033	0.01033	0.01377	0.01377	0.02410	0.01377	0.02755	0.03099	0.76928	0.00689	0.00689	0.00344	0.00344
49	0.01080	0.00845	0.00992	0.01055	0.01232	0.00800	0.00761	0.01473	0.07886	0.02320	0.12000	0.35157	0.25326	0.02093	0.00963	0.00293	0.00457	0.03786	0.00757	0.00725
50	0.01958	0.01896	0.03288	0.04795	0.64200	0.01890	0.05363	0.02439	0.01809	0.02588	0.01497	0.01971	0.01254	0.00705	0.00792	0.00237	0.00961	0.00717	0.00393	0.01247
51	0.01691	0.01567	0.02614	0.56388	0.05020	0.01858	0.08475	0.08481	0.01834	0.02383	0.01480	0.02095	0.01102	0.00796	0.00807	0.00262	0.01067	0.00729	0.00402	0.00948
52	0.02962	0.02233	0.02408	0.02030	0.06968	0.05510	0.01558	0.54619	0.03460	0.07446	0.01897	0.01921	0.01354	0.00930	0.00789	0.00237	0.00895	0.00707	0.00755	0.01322
53	0.02144	0.01775	0.01876	0.01628	0.02107	0.02024	0.01283	0.16090	0.51232	0.03611	0.03130	0.02910	0.04426	0.01083	0.00809	0.00263	0.00668	0.00887	0.00802	0.01254
54	0.01133	0.00850	0.01274	0.01274	0.01416	0.00991	0.00991	0.01416	0.01274	0.01841	0.02124	0.03115	0.01982	0.05947	0.68989	0.01274	0.02124	0.00850	0.00425	0.00708
55	0.01590	0.04102	0.68023	0.02260	0.03432	0.01842	0.02930	0.02511	0.01674	0.02511	0.01423	0.01674	0.01005	0.00753	0.00753	0.00251	0.01172	0.00586	0.00335	0.01172
56	0.01590	0.04102	0.68023	0.02260	0.03432	0.01842	0.02930	0.02511	0.01674	0.02511	0.01423	0.01674	0.01005	0.00753	0.00753	0.00251	0.01172	0.00586	0.00335	0.01172
57	0.01872	0.02139	0.04679	0.03342	0.04144	0.02005	0.64305	0.02540	0.01872	0.02540	0.01604	0.02139	0.01203	0.00668	0.00936	0.00267	0.01337	0.00936	0.00401	0.01070
58	0.01834	0.01403	0.01664	0.01198	0.01894	0.01068	0.00962	0.02182	0.01706	0.09050	0.01580	0.01749	0.01253	0.00626	0.00608	0.00130	0.00596	0.00502	0.00521	0.69472
59	0.01346	0.00992	0.01265	0.04393	0.01529	0.00984	0.00902	0.08531	0.02354	0.03288	0.54307	0.07525	0.06417	0.01536	0.00915	0.00251	0.00465	0.01347	0.00835	0.00818
60	0.01103	0.00810	0.01034	0.00978	0.01173	0.00740	0.00733	0.01460	0.02200	0.03074	0.60751	0.06098	0.13564	0.01661	0.00935	0.00251	0.00377	0.01459	0.00859	0.00740
61	0.01619	0.01593	0.02849	0.50228	0.08040	0.01827	0.14553	0.02259	0.04894	0.02221	0.01544	0.02154	0.01165	0.00778	0.00822	0.00264	0.01086	0.00761	0.00387	0.00956
62	0.01152	0.00772	0.00884	0.00884	0.00890	0.00779	0.00504	0.01165	0.01159	0.01551	0.02481	0.05094	0.02842	0.69100	0.07011	0.00792	0.00831	0.01139	0.00478	0.00491
63	0.01855	0.02106	0.04574	0.06406	0.04205	0.01994	0.61460	0.02517	0.01859	0.02517	0.01595	0.02138	0.01197	0.00674	0.00929	0.00267	0.01324	0.00925	0.00399	0.01061
64	0.01133	0.00850	0.01274	0.01274	0.01416	0.00991	0.00991	0.01416	0.01274	0.01841	0.02124	0.03115	0.01982	0.05947	0.68989	0.01274	0.02124	0.00850	0.00425	0.00708
65	0.01834	0.09678	0.18837	0.02900	0.03772	0.02083	0.44195	0.02517	0.01801	0.02466	0.01513	0.01947	0.01140	0.00689	0.00852	0.00254	0.01251	0.00806	0.00380	0.01087
66	0.01717	0.01263	0.01494	0.01450	0.01770	0.01356	0.01162	0.02877	0.29822	0.07940	0.08982	0.11629	0.03735	0.01589	0.00924	0.00300	0.00625	0.19567	0.00796	0.01001
67	0.00963	0.00702	0.00908	0.01074	0.01142	0.00647	0.00723	0.01108	0.01547	0.02036	0.04740	0.65169	0.11451	0.02436	0.01005	0.00317	0.00454	0.02196	0.00736	0.00647
68	0.01030	0.00746	0.00986	0.01144	0.01238	0.00702	0.00829	0.01228	0.01634	0.02158	0.07837	0.51966	0.09591	0.02351	0.01018	0.00322	0.00502	0.13309	0.00742	0.00667
69	0.01052	0.00803	0.00960	0.00959	0.01156	0.00722	0.00716	0.01328	0.01954	0.02587	0.33552	0.12178	0.28688	0.04689	0.01076	0.00290	0.00430	0.05373	0.00787	0.00699
70	0.21791	0.01385	0.01634	0.01309	0.01864	0.01333	0.01073	0.03387	0.04782	0.45961	0.05643	0.02513	0.01970	0.00955	0.00728	0.00247	0.00643	0.00740	0.00847	0.01195
71	0.03196	0.01269	0.01724	0.01349	0.01900	0.01104	0.01104	0.03513	0.02266	0.58146	0.12581	0.03178	0.02783	0.01076	0.00818	0.00246	0.00630	0.00892	0.00965	0.01260
72	0.01972	0.01703	0.01793	0.01614	0.02062	0.01972	0.01255	0.04214	0.65752	0.03317	0.03228	0.02959	0.02421	0.01076	0.00807	0.00269	0.00628	0.00897	0.00807	0.01255
73	0.12794	0.09220	0.02398	0.01674	0.02294	0.02438	0.01406	0.50061	0.03201	0.04492	0.01717	0.01759	0.01251	0.00896	0.00725	0.00232	0.00836	0.00647	0.00708	0.01251
74	0.01923	0.01481	0.01634	0.01453	0.01871	0.01612	0.01127	0.05430	0.42153	0.08450	0.09533	0.08138	0.05816	0.01234	0.00828	0.00261	0.00591	0.01044	0.00804	0.04617
75	0.02357	0.01937	0.02626	0.09530	0.05709	0.08178	0.14722	0.17839	0.05485	0.11959	0.04244	0.07803	0.01899	0.01006	0.00839	0.00253	0.00958	0.00907	0.00634	0.01114
76	0.77733	0.01534	0.01166	0.01043	0.01534	0.01779	0.00859	0.02331	0.01350	0.03558	0.01104	0.01288	0.00859	0.00736	0.00491	0.00245	0.00613	0.00429	0.00491	0.00859
77	0.02118	0.52625	0.11495	0.01572	0.02248	0.06112	0.01587	0.05625	0.01733	0.02112	0.01184	0.01392	0.01035	0.00756	0.00704	0.00197	0.05619	0.00481	0.00366	0.01038
78	0.01192	0.00922	0.01329	0.01297	0.01407	0.01096	0.00995	0.01428	0.01253	0.01808	0.02071	0.03254	0.02011	0.14045	0.54441	0.01123	0.08335	0.00874	0.00425	0.00694
79	0.01099	0.00804	0.01031	0.00986	0.01173	0.00736	0.00735	0.01446	0.02172	0.03034	0.58662	0.09277	0.12487	0.01697	0.00939	0.00255	0.00381	0.01495	0.00854	0.00736
80	0.03485	0.01366	0.01838	0.01420	0.02026	0.01202	0.01170	0.03881	0.05177	0.64783	0.03133	0.02711	0.01984	0.00986	0.00798	0.00246	0.00673	0.00802	0.00973	0.01345
81	0.01377	0.00689	0.01033	0.01033	0.01033	0.00689	0.00689	0.01033	0.01033	0.01377	0.01377	0.02410	0.01377	0.02755	0.03099	0.76928	0.00689	0.00689	0.00344	0.00344
82	0.03014	0.02221	0.02380	0.01825	0.02459	0.02459	0.01507	0.64541	0.03728	0.04998	0.01904	0.01904	0.01349	0.00952	0.00793	0.00238	0.00873	0.00714	0.00793	0.01349
83	0.02008	0.01721	0.01813	0.01621	0.02076	0.01989	0.01264	0.06262	0.63646	0.03374	0.03183	0.02923	0.02384	0.01072	0.00806	0.00268	0.00636	0.00890	0.00806	0.01258
84	0.01152	0.00772	0.00883	0.00883	0.00889	0.00778	0.00503	0.01165	0.01158	0.01551	0.02482	0.05100	0.02844	0.69273	0.06842	0.00791	0.00827	0.01140	0.00478	0.00490
85	0.01854	0.01564	0.01904	0.01378	0.02077	0.01307	0.04222	0.11057	0.01957	0.02930	0.01491	0.01707	0.01201	0.00644	0.00635	0.00142	0.00666	0.00529	0.00513	0.62222
86	0.02270	0.05707	0.02346	0.01953	0.02224	0.31097	0.03692	0.05126	0.01822	0.02064	0.01394	0.04159	0.01300	0.03746	0.04591	0.00326	0.24183	0.00688	0.00416	0.00896
87	0.01056	0.00728	0.00894	0.00990	0.01014	0.00704	0.00614	0.01128	0.01344	0.01792	0.03476	0.39859	0.04116	0.35780	0.02458	0.00536	0.00608	0.01728	0.00614	0.00566
88	0.02962	0.03779	0.02247	0.02043	0.02451	0.68948	0.01532	0.03166	0.02247	0.01941	0.01226	0.01430	0.01021	0.00817	0.00715	0.00204	0.01430	0.00511	0.00409	0.00919
89	0.02508	0.02954	0.02161	0.14577	0.02902	0.44954	0.01581	0.05822	0.06157	0.02201	0.01832	0.02053	0.05140	0.00908	0.00752	0.00225	0.01221	0.00651	0.00461	0.00939
90	0.01137	0.00812	0.01117	0.01300	0.01421	0.00792	0.01034	0.01400	0.01687	0.02216	0.04276	0.37180	0.04871	0.02323	0.01058	0.00346	0.00608	0.34998	0.00733	0.00691
91	0.01189	0.01040	0.01797	0.01622	0.01860	0.00972	0.15364	0.01464	0.01629	0.02167	0.03905	0.49274	0.07289	0.02029	0.00995	0.00309	0.00673	0.05017	0.00659	0.00748
92	0.74467	0.01525	0.01195	0.01059	0.01555	0.01752	0.00872	0.02399	0.01390	0.06383	0.01193	0.01350	0.00907	0.00747	0.00504	0.00245	0.00616	0.00446	0.00512	0.00880
93	0.06387	0.15764	0.05494	0.01579	0.02182	0.11963	0.01363	0.11220	0.11163	0.16009	0.01978	0.01957	0.01456	0.00851	0.00695	0.00216	0.00853	0.00629	0.00624	0.07614
94	0.02809	0.03434	0.02366	0.02347	0.09569	0.56490	0.01638	0.05454	0.02219	0.02131	0.01275	0.01519	0.01061	0.00831	0.00795	0.00214	0.03910	0.00547	0.00420	0.00971
95	0.00975	0.00694	0.00918	0.01093	0.01137	0.00650	0.00724	0.01106	0.01501	0.02002	0.04285	0.68571	0.05137	0.05675	0.01151	0.00343	0.00474	0.02204	0.00724	0.00637
96	0.01498	0.01409	0.02378	0.70226	0.05462	0.01762	0.02202	0.02026	0.01586	0.02026	0.01409	0.02114	0.01057	0.00793	0.00793	0.00264	0.01057	0.00705	0.00352	0.00881
97	0.00948	0.00804	0.00819	0.00815	0.01078	0.00674	0.00611	0.01160	0.01834	0.02205	0.11609	0.07528	0.63248	0.01985	0.00937	0.00267	0.00400	0.01659	0.00745	0.00674
98	0.01644	0.01409	0.01644	0.01175	0.01879	0.01057	0.00940	0.01997	0.01644	0.02584	0.01409	0.01644	0.01175	0.00587	0.00587	0.00117	0.00587	0.00470	0.00470	0.76979
99	0.02904	0.01842	0.05236	0.01639	0.02242	0.01794	0.01396	0.25959	0.13190	0.28185	0.02660	0.02671	0.01879	0.01027	0.00808	0.00252	0.00766	0.03410	0.00841	0.01298
100	0.01085	0.00809	0.01009	0.00959	0.01162	0.00732	0.00719	0.01425	0.02157	0.02972	0.55015	0.06265	0.19364	0.01699	0.00936	0.00253	0.00380	0.01482	0.00846	0.00732
101	0.02978	0.02203	0.02359	0.01817	0.02445	0.02442	0.01498	0.62436	0.05892	0.04939	0.01950	0.01941	0.01386	0.00956	0.00794	0.00239	0.00864	0.00720	0.00794	0.01345
102	0.01734	0.00946	0.01256	0.01101	0.01395	0.00853	0.00853	0.02091	0.02251	0.19387	0.50789	0.05114	0.06097	0.01461	0.00901	0.00248	0.00450	0.01274	0.00900	0.00899
103	0.01556	0.01504	0.02648	0.60574	0.08081	0.01792	0.08468	0.02096	0.01624	0.02103	0.01433	0.02110	0.01081	0.00776	0.00807	0.00263	0.01080	0.00728	0.00359	0.00917
104	0.01590	0.04102	0.68023	0.02260	0.03432	0.01842	0.02930	0.02511	0.01674	0.02511	0.01423	0.01674	0.01005	0.00753	0.00753	0.00251	0.01172	0.00586	0.00335	0.01172
105	0.01664	0.03872	0.61626	0.02190	0.03295	0.01843	0.02766	0.06373	0.01823	0.02690	0.03672	0.01833	0.01246	0.00795	0.00762	0.00250	0.01126	0.00623	0.00382	0.01169
106	0.02120	0.72609	0.04155	0.01357	0.02035	0.03138	0.01357	0.02374	0.01611	0.01866	0.01102	0.01272	0.01018	0.00678	0.00509	0.00170	0.00848	0.00424	0.00339	0.01018
107	0.01803	0.01837	0.03563	0.16106	0.07017	0.01845	0.37057	0.07536	0.01932	0.02595	0.01881	0.09518	0.01621	0.00912	0.00897	0.00269	0.01130	0.01001	0.00460	0.01020
108	0.02918	0.07352	0.02346	0.02007	0.02430	0.65532	0.01523	0.03125	0.02214	0.01937	0.01219	0.01422	0.01021	0.00810	0.00704	0.00202	0.01400	0.00506	0.00405	0.00924
109	0.06636	0.02101	0.04458	0.03198	0.03980	0.01991	0.60320	0.02527	0.01839	0.02604	0.01573	0.02086	0.01182	0.00673	0.00908	0.00266	0.01291	0.00904	0.00407	0.01056
110	0.02120	0.72609	0.04155	0.01357	0.02035	0.03138	0.01357	0.02374	0.01611	0.01866	0.01102	0.01272	0.01018	0.00678	0.00509	0.00170	0.00848	0.00424	0.00339	0.01018
111	0.77733	0.01534	0.01166	0.01043	0.01534	0.01779	0.00859	0.02331	0.01350	0.03558	0.01104	0.01288	0.00859	0.00736	0.00491	0.00245	0.00613	0.00429	0.00491	0.00859
112	0.01963	0.01884	0.03219	0.04867	0.67185	0.01884	0.02434	0.02434	0.01806	0.02591	0.01492	0.01963	0.01256	0.00707	0.00785	0.00236	0.00942	0.00707	0.00393	0.01256
113	0.01541	0.01044	0.01270	0.01247	0.01458	0.01034	0.00900	0.13076	0.01961	0.06697	0.03640	0.48625	0.04058	0.05559	0.01096	0.00317	0.00570	0.01761	0.00740	0.03403
114	0.02120	0.72609	0.04155	0.01357	0.02035	0.03138	0.01357	0.02374	0.01611	0.01866	0.01102	0.01272	0.01018	0.00678	0.00509	0.00170	0.00848	0.00424	0.00339	0.01018
115	0.01300	0.01150	0.01915	0.31568	0.03308	0.01272	0.07324	0.01664	0.01600	0.02108	0.05778	0.28537	0.03037	0.04597	0.01038	0.00308	0.00813	0.01364	0.00532	0.00786
116	0.00966	0.00690	0.00920	0.01104	0.01150	0.00644	0.00736	0.01104	0.01518	0.02024	0.04371	0.71614	0.05245	0.02484	0.01012	0.00322	0.00460	0.02254	0.00736	0.00644
117	0.02023	0.01892	0.01816	0.04829	0.06680	0.13365	0.01288	0.08903	0.14365	0.02855	0.06378	0.07553	0.21633	0.01466	0.00920	0.00288	0.00816	0.01158	0.00718	0.01053
118	0.01066	0.00738	0.00919	0.01023	0.01058	0.00715	0.00660	0.01159	0.01380	0.01836	0.03552	0.39004	0.04182	0.32531	0.02323	0.00518	0.00610	0.05522	0.00625	0.00579
119	0.01868	0.02090	0.04159	0.13425	0.07156	0.04910	0.49357	0.02485	0.01842	0.02439	0.01553	0.02096	0.01176	0.00695	0.00898	0.00263	0.01281	0.00872	0.00394	0.01043
120	0.00978	0.00712	0.00925	0.01091	0.01166	0.00659	0.00748	0.01133	0.01562	0.02053	0.04731	0.62202	0.11419	0.02422	0.01009	0.00319	0.00467	0.05017	0.00736	0.00651
121	0.02259	0.11675	0.11481	0.02471	0.03238	0.05605	0.29851	0.12353	0.02159	0.08712	0.01682	0.01946	0.01237	0.00760	0.00811	0.00243	0.01125	0.00757	0.00499	0.01136
122	0.00984	0.00719	0.00925	0.01055	0.01146	0.00661	0.00722	0.01160	0.01648	0.02192	0.13125	0.55500	0.12613	0.02314	0.00993	0.00306	0.00442	0.02078	0.00754	0.00661
123	0.01644	0.01409	0.01644	0.01175	0.01879	0.01057	0.00940	0.01997	0.01644	0.02584	0.01409	0.01644	0.01175	0.00587	0.00587	0.00117	0.00587	0.00470	0.00470	0.76979
124	0.00966	0.00690	0.00920	0.01104	0.01150	0.00644	0.00736	0.01104	0.01518	0.02024	0.04371	0.71614	0.05245	0.02484	0.01012	0.00322	0.00460	0.02254	0.00736	0.00644
125	0.01943	0.01923	0.03059	0.21004	0.38129	0.06103	0.08672	0.05070	0.01867	0.02505	0.01483	0.01983	0.01189	0.00742	0.00799	0.00244	0.01040	0.00718	0.00402	0.01124
126	0.02167	0.05013	0.02066	0.01446	0.02122	0.04080	0.04290	0.10875	0.02044	0.11358	0.01689	0.01816	0.01289	0.00706	0.00662	0.00164	0.00721	0.00569	0.00569	0.46352
127	0.05107	0.20477	0.29634	0.01758	0.02574	0.04400	0.01936	0.05782	0.04391	0.09850	0.05587	0.01985	0.01577	0.00837	0.00700	0.00228	0.00937	0.00630	0.00491	0.01118
128	0.01590	0.04102	0.68023	0.02260	0.03432	0.01842	0.02930	0.02511	0.01674	0.02511	0.01423	0.01674	0.01005	0.00753	0.00753	0.00251	0.01172	0.00586	0.00335	0.01172
129	0.01895	0.02241	0.06813	0.03078	0.03839	0.05137	0.53217	0.02516	0.01844	0.02488	0.01547	0.02046	0.01179	0.00703	0.00967	0.00259	0.04069	0.00869	0.00400	0.04893
130	0.01084	0.00819	0.01007	0.00988	0.01198	0.00742	0.00759	0.01407	0.02076	0.02798	0.43428	0.06723	0.24412	0.01791	0.00952	0.00266	0.00418	0.07589	0.00819	0.00724
131	0.01135	0.00841	0.01233	0.01233	0.01361	0.00969	0.00940	0.01390	0.01262	0.01810	0.02162	0.03324	0.02073	0.12614	0.62446	0.01223	0.01988	0.00880	0.00430	0.00685
132	0.06889	0.02298	0.02307	0.01800	0.02411	0.07244	0.01475	0.56861	0.03498	0.04701	0.01813	0.01838	0.01299	0.00931	0.00772	0.00236	0.00900	0.00684	0.00750	0.01292
133	0.01044	0.00808	0.00952	0.00916	0.01137	0.00715	0.00687	0.01346	0.02061	0.02743	0.42055	0.06642	0.32466	0.01784	0.00936	0.00257	0.00386	0.01535	0.00815	0.00715
134	0.01872	0.02139	0.04679	0.03342	0.04144	0.02005	0.64305	0.02540	0.01872	0.02540	0.01604	0.02139	0.01203	0.00668	0.00936	0.00267	0.01337	0.00936	0.00401	0.01070
135	0.00985	0.00704	0.00942	0.01126	0.01180	0.00660	0.00769	0.01137	0.01537	0.02046	0.04360	0.67798	0.05203	0.02466	0.01017	0.00325	0.00477	0.05883	0.00736	0.00649
136	0.00965	0.00696	0.00914	0.01089	0.01146	0.00645	0.00729	0.01106	0.01533	0.02030	0.04556	0.68382	0.08357	0.02460	0.01008	0.00319	0.00457	0.02225	0.00736	0.00645
137	0.00974	0.00696	0.00927	0.01099	0.01152	0.00649	0.00737	0.01123	0.01553	0.02079	0.07344	0.68483	0.05351	0.02443	0.01008	0.00319	0.00456	0.02215	0.00743	0.00649
138	0.01882	0.01625	0.01706	0.01543	0.01975	0.01858	0.01198	0.03945	0.60157	0.03214	0.03648	0.03367	0.08059	0.01157	0.00818	0.00269	0.00608	0.00965	0.00801	0.01204
139	0.01153	0.00769	0.00865	0.00865	0.00865	0.00769	0.00480	0.01153	0.01153	0.01538	0.02499	0.05189	0.02883	0.72131	0.04036	0.00769	0.00769	0.01153	0.00480	0.00480
140	0.03014	0.02221	0.02380	0.01825	0.02459	0.02459	0.01507	0.64541	0.03728	0.04998	0.01904	0.01904	0.01349	0.00952	0.00793	0.00238	0.00873	0.00714	0.00793	0.01349
141	0.01133	0.00850	0.01274	0.01274	0.01416	0.00991	0.00991	0.01416	0.01274	0.01841	0.02124	0.03115	0.01982	0.05947	0.68989	0.01274	0.02124	0.00850	0.00425	0.00708
142	0.01880	0.02117	0.04551	0.03476	0.09655	0.01995	0.58896	0.02531	0.01866	0.02545	0.01594	0.02124	0.01208	0.00672	0.00923	0.00265	0.01302	0.00916	0.00400	0.01086
143	0.00966	0.00690	0.00920	0.01104	0.01150	0.00644	0.00736	0.01104	0.01518	0.02024	0.04371	0.71614	0.05245	0.02484	0.01012	0.00322	0.00460	0.02254	0.00736	0.00644
144	0.01216	0.00876	0.01049	0.01011	0.01016	0.00957	0.00634	0.01244	0.01164	0.01588	0.02327	0.04743	0.02652	0.62183	0.06103	0.00740	0.08409	0.01093	0.00464	0.00530
145	0.01520	0.01423	0.02351	0.66977	0.05301	0.01772	0.02157	0.02130	0.04623	0.02087	0.01496	0.02154	0.01122	0.00806	0.00793	0.00264	0.01037	0.00714	0.00374	0.00899
146	0.01338	0.00998	0.01447	0.01758	0.07366	0.00998	0.01379	0.01712	0.01824	0.02392	0.03962	0.08335	0.04275	0.02061	0.01068	0.00354	0.00749	0.56509	0.00701	0.00776
147	0.03014	0.02221	0.02380	0.01825	0.02459	0.02459	0.01507	0.64541	0.03728	0.04998	0.01904	0.01904	0.01349	0.00952	0.00793	0.00238	0.00873	0.00714	0.00793	0.01349
148	0.01919	0.01647	0.01747	0.01575	0.02007	0.01895	0.01223	0.04043	0.61763	0.03309	0.07218	0.03145	0.02739	0.01110	0.00815	0.00268	0.00612	0.00930	0.00811	0.01223
149	0.01114	0.00801	0.01042	0.00997	0.01166	0.00743	0.00734	0.01455	0.02145	0.03027	0.59721	0.09886	0.07114	0.05235	0.01097	0.00280	0.00399	0.01470	0.00845	0.00728
150	0.01113	0.00810	0.01047	0.00988	0.01179	0.00744	0.00741	0.01478	0.02223	0.03128	0.63800	0.06010	0.10482	0.01641	0.00935	0.00250	0.00376	0.01446	0.00866	0.00744
151	0.01278	0.00913	0.01278	0.01460	0.01643	0.00913	0.01278	0.01643	0.01825	0.02373	0.04199	0.08945	0.04564	0.02191	0.01095	0.00365	0.00730	0.61847	0.00730	0.00730
152	0.01872	0.02139	0.04679	0.03342	0.04144	0.02005	0.64305	0.02540	0.01872	0.02540	0.01604	0.02139	0.01203	0.00668	0.00936	0.00267	0.01337	0.00936	0.00401	0.01070
153	0.02743	0.02086	0.02227	0.01770	0.02356	0.02332	0.01442	0.48829	0.19882	0.04560	0.02249	0.02179	0.01628	0.00984	0.00797	0.00246	0.00809	0.00762	0.00797	0.01324
154	0.01015	0.00725	0.00977	0.01160	0.01228	0.00687	0.00822	0.01189	0.01567	0.02079	0.04343	0.61718	0.05137	0.02438	0.01025	0.00329	0.00503	0.11665	0.00735	0.00658
155	0.03114	0.01237	0.01683	0.01358	0.01875	0.01076	0.01092	0.03392	0.02141	0.56475	0.03341	0.14508	0.02525	0.01239	0.00834	0.00259	0.00638	0.01047	0.00939	0.01229
156	0.01133	0.00797	0.01041	0.01072	0.01138	0.00842	0.00738	0.01270	0.01277	0.01749	0.02677	0.12023	0.02928	0.36811	0.26456	0.00873	0.01211	0.04863	0.00504	0.00594
157	0.01071	0.00795	0.01001	0.01000	0.01180	0.00725	0.00745	0.01377	0.02032	0.02772	0.43353	0.16530	0.17929	0.01853	0.00955	0.00269	0.00409	0.04465	0.00820	0.00717
158	0.01872	0.02139	0.04679	0.03342	0.04144	0.02005	0.64305	0.02540	0.01872	0.02540	0.01604	0.02139	0.01203	0.00668	0.00936	0.00267	0.01337	0.00936	0.00401	0.01070
159	0.01756	0.01682	0.02311	0.01989	0.02037	0.02292	0.01646	0.05787	0.01387	0.02104	0.01278	0.04560	0.01271	0.01621	0.05590	0.00383	0.60266	0.00764	0.00394	0.00881
160	0.03036	0.02187	0.02359	0.01808	0.02442	0.02408	0.01494	0.62154	0.03671	0.07466	0.01952	0.01935	0.01373	0.00953	0.00793	0.00238	0.00865	0.00717	0.00801	0.01349
161	0.03014	0.02221	0.02380	0.01825	0.02459	0.02459	0.01507	0.64541	0.03728	0.04998	0.01904	0.01904	0.01349	0.00952	0.00793	0.00238	0.00873	0.00714	0.00793	0.01349
162	0.02180	0.01707	0.01904	0.01416	0.02075	0.01601	0.01151	0.26729	0.02469	0.03552	0.01646	0.01793	0.01273	0.00743	0.00668	0.00167	0.00693	0.00576	0.03252	0.44406
163	0.01122	0.00811	0.01060	0.00998	0.01185	0.00748	0.00748	0.01496	0.02245	0.03180	0.66766	0.05923	0.07482	0.01621	0.00935	0.00249	0.00374	0.01434	0.00873	0.00748
164	0.01644	0.01409	0.01644	0.01175	0.01879	0.01057	0.00940	0.01997	0.01644	0.02584	0.01409	0.01644	0.01175	0.00587	0.00587	0.00117	0.00587	0.00470	0.00470	0.76979
165	0.72921	0.01488	0.01159	0.01040	0.01512	0.01714	0.00852	0.02279	0.01406	0.03534	0.05228	0.01579	0.01275	0.00792	0.00519	0.00246	0.00598	0.00492	0.00515	0.00852
166	0.03191	0.01785	0.02095	0.01612	0.02222	0.01825	0.01329	0.35411	0.03029	0.32810	0.04681	0.02396	0.01833	0.00988	0.00800	0.00242	0.00768	0.00776	0.00880	0.01328
167	0.01883	0.01984	0.03922	0.08603	0.30046	0.01939	0.34668	0.02461	0.01825	0.02525	0.01545	0.02065	0.01215	0.00693	0.00864	0.00254	0.01156	0.00826	0.00394	0.01133
168	0.00979	0.00699	0.00934	0.01118	0.01170	0.00655	0.00758	0.01126	0.01531	0.02038	0.04364	0.69109	0.05218	0.02473	0.01015	0.00324	0.00471	0.04636	0.00736	0.00648
169	0.01142	0.00764	0.00868	0.00879	0.00882	0.00761	0.00496	0.01150	0.01175	0.01567	0.02613	0.09234	0.03027	0.67891	0.03852	0.00742	0.00750	0.01220	0.00496	0.00490
170	0.00973	0.00793	0.00861	0.00868	0.01099	0.00681	0.00642	0.01199	0.01857	0.02317	0.18213	0.13737	0.50024	0.01986	0.00944	0.00270	0.00403	0.01689	0.00761	0.00681
171	0.06203	0.02058	0.02095	0.01651	0.02211	0.05154	0.01349	0.50299	0.03274	0.04484	0.02132	0.02172	0.03798	0.00972	0.00757	0.00233	0.00818	0.00730	0.08389	0.01221
172	0.77733	0.01534	0.01166	0.01043	0.01534	0.01779	0.00859	0.02331	0.01350	0.03558	0.01104	0.01288	0.00859	0.00736	0.00491	0.00245	0.00613	0.00429	0.00491	0.00859
173	0.02099	0.69914	0.06668	0.01392	0.02090	0.03087	0.01419	0.02380	0.01614	0.01891	0.01115	0.01288	0.01017	0.00681	0.00518	0.00173	0.00861	0.00430	0.00339	0.01024
174	0.00966	0.00690	0.00920	0.01104	0.01150	0.00644	0.00736	0.01104	0.01518	0.02024	0.04371	0.71614	0.05245	0.02484	0.01012	0.00322	0.00460	0.02254	0.00736	0.00644
175	0.01630	0.01537	0.02559	0.51574	0.20337	0.01800	0.02221	0.02213	0.04216	0.02215	0.01502	0.02111	0.01160	0.00783	0.00791	0.00257	0.01012	0.00713	0.00380	0.00987
176	0.00966	0.00690	0.00920	0.01104	0.01150	0.00644	0.00736	0.01104	0.01518	0.02024	0.04371	0.71614	0.05245	0.02484	0.01012	0.00322	0.00460	0.02254	0.00736	0.00644
177	0.01943	0.02311	0.06735	0.02921	0.03544	0.08823	0.43236	0.02480	0.01774	0.02356	0.01449	0.01969	0.01145	0.00826	0.01228	0.00276	0.14743	0.00831	0.00389	0.01020
178	0.01872	0.02139	0.04679	0.03342	0.04144	0.02005	0.64305	0.02540	0.01872	0.02540	0.01604	0.02139	0.01203	0.00668	0.00936	0.00267	0.01337	0.00936	0.00401	0.01070
179	0.01593	0.01522	0.02623	0.56192	0.15840	0.01793	0.05011	0.02118	0.01636	0.02144	0.01432	0.02090	0.01097	0.00773	0.00798	0.00260	0.01050	0.00715	0.00361	0.00953
180	0.01845	0.01799	0.09101	0.01619	0.02130	0.01665	0.04508	0.06415	0.34959	0.06111	0.12418	0.03517	0.08107	0.01163	0.00835	0.00261	0.00683	0.00991	0.00745	0.01125
181	0.01603	0.01366	0.01600	0.01170	0.01835	0.01032	0.00927	0.01942	0.01637	0.02550	0.01590	0.05904	0.01422	0.00703	0.00613	0.00130	0.00580	0.00578	0.00486	0.72331
182	0.00966	0.00690	0.00920	0.01104	0.01150	0.00644	0.00736	0.01104	0.01518	0.02024	0.04371	0.71614	0.05245	0.02484	0.01012	0.00322	0.00460	0.02254	0.00736	0.00644
183	0.01802	0.01447	0.01745	0.01409	0.05186	0.01172	0.01051	0.05990	0.01806	0.05693	0.01665	0.05060	0.01420	0.00725	0.00640	0.00147	0.00621	0.00597	0.00522	0.61302
184	0.01735	0.01735	0.02429	0.02082	0.02082	0.02429	0.01735	0.01908	0.01214	0.01908	0.01041	0.01735	0.01041	0.01388	0.02602	0.00347	0.70680	0.00694	0.00347	0.00867
185	0.01516	0.01428	0.02412	0.67613	0.07929	0.01767	0.02212	0.02042	0.01594	0.02049	0.01413	0.02108	0.01065	0.00789	0.00793	0.00263	0.01052	0.00705	0.00354	0.00896
186	0.77733	0.01534	0.01166	0.01043	0.01534	0.01779	0.00859	0.02331	0.01350	0.03558	0.01104	0.01288	0.00859	0.00736	0.00491	0.00245	0.00613	0.00429	0.00491	0.00859
187	0.00989	0.00708	0.00941	0.01089	0.01155	0.00659	0.00738	0.01162	0.01625	0.02194	0.13531	0.61970	0.05573	0.02358	0.01001	0.00311	0.00447	0.02134	0.00756	0.00659
188	0.01611	0.12744	0.02210	0.01622	0.01795	0.05002	0.01341	0.01824	0.01351	0.01868	0.01578	0.04604	0.01559	0.06056	0.22887	0.00620	0.29351	0.00766	0.00392	0.00818
189	0.02536	0.09952	0.02285	0.01742	0.02243	0.22165	0.01389	0.14188	0.26312	0.05916	0.02168	0.02127	0.01646	0.00930	0.00745	0.00233	0.00936	0.00695	0.00643	0.01150
190	0.01530	0.05539	0.01443	0.08552	0.01840	0.01144	0.00976	0.02004	0.08227	0.10730	0.11922	0.05359	0.34664	0.01528	0.00864	0.00257	0.00555	0.01276	0.00722	0.00868
191	0.01133	0.00850	0.01274	0.01274	0.01416	0.00991	0.00991	0.01416	0.01274	0.01841	0.02124	0.03115	0.01982	0.05947	0.68989	0.01274	0.02124	0.00850	0.00425	0.00708
192	0.02962	0.03779	0.02247	0.02043	0.02451	0.68948	0.01532	0.03166	0.02247	0.01941	0.01226	0.01430	0.01021	0.00817	0.00715	0.00204	0.01430	0.00511	0.00409	0.00919
193	0.01142	0.00933	0.03401	0.01067	0.01292	0.00795	0.00857	0.01527	0.02175	0.03053	0.57360	0.06071	0.09607	0.01649	0.00941	0.00259	0.00429	0.05847	0.00838	0.00758
194	0.03014	0.02221	0.02380	0.01825	0.02459	0.02459	0.01507	0.64541	0.03728	0.04998	0.01904	0.01904	0.01349	0.00952	0.00793	0.00238	0.00873	0.00714	0.00793	0.01349
195	0.01176	0.00816	0.01056	0.01010	0.01202	0.00747	0.00752	0.01514	0.02147	0.05127	0.54882	0.12462	0.10693	0.01710	0.00939	0.00258	0.00394	0.01509	0.00855	0.00753
196	0.00960	0.00804	0.00835	0.00827	0.01085	0.00679	0.00621	0.01183	0.01862	0.02271	0.15321	0.07420	0.59495	0.01960	0.00937	0.00265	0.00398	0.01644	0.00753	0.00679
197	0.02262	0.56156	0.06643	0.01516	0.02178	0.11751	0.01459	0.06270	0.01827	0.02095	0.01182	0.01349	0.01038	0.00717	0.00564	0.00182	0.00941	0.00460	0.00376	0.01032
198	0.57640	0.01722	0.05407	0.01228	0.01780	0.01773	0.01074	0.06486	0.04482	0.09964	0.01470	0.01565	0.01078	0.00790	0.00570	0.00246	0.00670	0.00514	0.00563	0.00975
199	0.06249	0.02110	0.02229	0.01919	0.06236	0.08654	0.01468	0.34226	0.07221	0.15522	0.02050	0.02041	0.01459	0.00947	0.00851	0.00243	0.03883	0.00707	0.00733	0.01252
200	0.03014	0.02221	0.02380	0.01825	0.02459	0.02459	0.01507	0.64541	0.03728	0.04998	0.01904	0.01904	0.01349	0.00952	0.00793	0.00238	0.00873	0.00714	0.00793	0.01349
201	0.01617	0.01381	0.01615	0.01172	0.01850	0.01041	0.00931	0.01961	0.01639	0.02562	0.01528	0.04441	0.01337	0.00663	0.00604	0.00126	0.00582	0.00541	0.00480	0.73928
202	0.01153	0.00769	0.00865	0.00865	0.00865	0.00769	0.00480	0.01153	0.01153	0.01538	0.02499	0.05189	0.02883	0.72131	0.04036	0.00769	0.00769	0.01153	0.00480	0.00480
203	0.03420	0.01366	0.01830	0.01412	0.02007	0.01208	0.01163	0.06648	0.02338	0.61787	0.05985	0.02809	0.02186	0.01009	0.00804	0.00245	0.00670	0.00823	0.00968	0.01322
204	0.02965	0.02296	0.02345	0.01829	0.02441	0.06614	0.01498	0.57996	0.06401	0.04731	0.01920	0.01921	0.01376	0.00949	0.00789	0.00237	0.00897	0.00709	0.00770	0.01317
205	0.02999	0.01739	0.02019	0.01604	0.02186	0.01808	0.01307	0.25329	0.17476	0.30716	0.02720	0.02479	0.01852	0.00993	0.00798	0.00248	0.00734	0.00791	0.00875	0.01327
206	0.01133	0.00850	0.01274	0.01274	0.01416	0.00991	0.00991	0.01416	0.01274	0.01841	0.02124	0.03115	0.01982	0.05947	0.68989	0.01274	0.02124	0.00850	0.00425	0.00708
207	0.02171	0.68418	0.04039	0.01399	0.02061	0.07145	0.01368	0.02423	0.01650	0.01870	0.01110	0.01282	0.01018	0.00687	0.00521	0.00172	0.00883	0.00429	0.00343	0.01012
208	0.00966	0.00690	0.00920	0.01104	0.01150	0.00644	0.00736	0.01104	0.01518	0.02024	0.04371	0.71614	0.05245	0.02484	0.01012	0.00322	0.00460	0.02254	0.00736	0.00644
209	0.02422	0.12295	0.13003	0.01617	0.02247	0.08312	0.01507	0.05309	0.14948	0.20612	0.05297	0.02565	0.04483	0.00971	0.00754	0.00237	0.00828	0.00761	0.00672	0.01159
210	0.02756	0.07610	0.02499	0.02148	0.05279	0.51682	0.04534	0.05859	0.06226	0.02216	0.01404	0.01594	0.01142	0.00819	0.00725	0.00212	0.01294	0.00567	0.00445	0.00987
211	0.00937	0.00803	0.00803	0.00803	0.01071	0.00669	0.00602	0.01138	0.01807	0.02142	0.08033	0.07632	0.66863	0.02008	0.00937	0.00268	0.00402	0.01674	0.00736	0.00669
212	0.01025	0.00824	0.00926	0.00948	0.01189	0.00724	0.00744	0.01281	0.01876	0.02338	0.16136	0.07608	0.46981	0.01983	0.00965	0.00282	0.00456	0.12267	0.00756	0.00692
213	0.19650	0.01747	0.09243	0.44246	0.06340	0.01779	0.01969	0.02165	0.01546	0.02462	0.01341	0.01865	0.01011	0.00772	0.00716	0.00257	0.00960	0.00626	0.00385	0.00920
214	0.02650	0.01846	0.02049	0.07912	0.02466	0.06054	0.01410	0.32024	0.05015	0.15898	0.02451	0.09438	0.02000	0.01152	0.00826	0.00255	0.00830	0.03791	0.00756	0.01175
215	0.01133	0.00850	0.01274	0.01274	0.01416	0.00991	0.00991	0.01416	0.01274	0.01841	0.02124	0.03115	0.01982	0.05947	0.68989	0.01274	0.02124	0.00850	0.00425	0.00708
216	0.01849	0.02089	0.04481	0.06232	0.04113	0.02013	0.58868	0.02490	0.01831	0.02490	0.01571	0.02120	0.01190	0.00705	0.01002	0.00271	0.04320	0.00915	0.00397	0.01052
217	0.01984	0.13042	0.39228	0.02257	0.05868	0.04195	0.08612	0.05468	0.01854	0.07997	0.01558	0.01766	0.01134	0.00763	0.00743	0.00238	0.01086	0.00625	0.00422	0.01159
218	0.01498	0.01409	0.02378	0.70226	0.05462	0.01762	0.02202	0.02026	0.01586	0.02026	0.01409	0.02114	0.01057	0.00793	0.00793	0.00264	0.01057	0.00705	0.00352	0.00881
219	0.02962	0.03779	0.02247	0.02043	0.02451	0.68948	0.01532	0.03166	0.02247	0.01941	0.01226	0.01430	0.01021	0.00817	0.00715	0.00204	0.01430	0.00511	0.00409	0.00919
220	0.00989	0.00708	0.00941	0.01089	0.01155	0.00659	0.00738	0.01161	0.01624	0.02193	0.13469	0.62035	0.05571	0.02358	0.01001	0.00311	0.00448	0.02135	0.00756	0.00659
221	0.02121	0.01777	0.01877	0.01644	0.02119	0.02042	0.01291	0.12804	0.56920	0.03556	0.03039	0.02808	0.02268	0.01058	0.00805	0.00265	0.00662	0.00871	0.00805	0.01268
222	0.02055	0.01685	0.01796	0.01603	0.02060	0.01930	0.01251	0.04196	0.62457	0.06661	0.03222	0.02945	0.02397	0.01071	0.00806	0.00268	0.00630	0.00891	0.00816	0.01260
223	0.01236	0.00971	0.01274	0.01182	0.01332	0.01052	0.00901	0.01595	0.04051	0.02672	0.40393	0.04916	0.07307	0.08724	0.08769	0.00424	0.10514	0.01230	0.00707	0.00750
224	0.00974	0.00693	0.00918	0.01094	0.01138	0.00649	0.00725	0.01106	0.01502	0.02003	0.04290	0.68745	0.05143	0.05493	0.01143	0.00341	0.00473	0.02207	0.00725	0.00637
225	0.02950	0.02174	0.02342	0.01806	0.02423	0.02409	0.01490	0.62381	0.03644	0.04890	0.01911	0.01945	0.01370	0.01123	0.03127	0.00273	0.00915	0.00719	0.00781	0.01327
226	0.09462	0.01193	0.01102	0.00997	0.01290	0.04544	0.00776	0.11274	0.01968	0.03269	0.02267	0.02555	0.01762	0.00904	0.00592	0.00200	0.00522	0.00693	0.53780	0.00851
227	0.01592	0.01349	0.01585	0.01157	0.01809	0.01026	0.00920	0.01946	0.01705	0.02644	0.07993	0.02075	0.01810	0.00691	0.00622	0.00131	0.00566	0.00567	0.00510	0.69300
228	0.01960	0.01599	0.04505	0.01480	0.01875	0.07031	0.01252	0.13056	0.07060	0.09575	0.13294	0.05098	0.09570	0.01486	0.00904	0.00278	0.00734	0.17522	0.00750	0.00971
229	0.01617	0.01381	0.01615	0.01172	0.01850	0.01041	0.00931	0.01961	0.01639	0.02562	0.01528	0.04441	0.01337	0.00663	0.00604	0.00126	0.00582	0.00541	0.00480	0.73928
230	0.01117	0.00806	0.01055	0.01001	0.01183	0.00745	0.00748	0.01483	0.02219	0.03140	0.64589	0.08215	0.07404	0.01651	0.00938	0.00252	0.00377	0.01463	0.00868	0.00745
231	0.01377	0.00689	0.01033	0.01033	0.01033	0.00689	0.00689	0.01033	0.01033	0.01377	0.01377	0.02410	0.01377	0.02755	0.03099	0.76928	0.00689	0.00689	0.00344	0.00344
232	0.01796	0.01542	0.01629	0.01478	0.01890	0.01743	0.01146	0.03680	0.54310	0.03159	0.07056	0.03710	0.10975	0.01223	0.00830	0.00268	0.00586	0.01024	0.00801	0.01154
233	0.01100	0.00837	0.01001	0.00977	0.01173	0.00776	0.00715	0.01470	0.04996	0.02695	0.38061	0.12519	0.22562	0.06210	0.01132	0.00295	0.00427	0.01534	0.00796	0.00724
234	0.77733	0.01534	0.01166	0.01043	0.01534	0.01779	0.00859	0.02331	0.01350	0.03558	0.01104	0.01288	0.00859	0.00736	0.00491	0.00245	0.00613	0.00429	0.00491	0.00859
235	0.01524	0.01445	0.02424	0.62638	0.05144	0.01762	0.04175	0.02038	0.01585	0.02064	0.01403	0.02081	0.01067	0.00800	0.00851	0.00261	0.03442	0.00702	0.00359	0.04237
236	0.03487	0.01352	0.01833	0.01402	0.02019	0.01161	0.01157	0.03796	0.02247	0.65329	0.03065	0.02660	0.01934	0.00967	0.00790	0.00241	0.00672	0.00785	0.00963	0.04141
237	0.03070	0.04362	0.04940	0.01441	0.02052	0.01356	0.01241	0.09130	0.02323	0.47968	0.08174	0.02748	0.02258	0.00993	0.00786	0.00237	0.00694	0.00805	0.00877	0.04544
238	0.39824	0.07950	0.01806	0.04613	0.02031	0.15002	0.01154	0.02769	0.03895	0.12222	0.01505	0.01613	0.01125	0.00797	0.00605	0.00233	0.00824	0.00527	0.00536	0.00969
239	0.03215	0.01826	0.02126	0.01638	0.02257	0.01882	0.01351	0.36197	0.05193	0.32138	0.02479	0.02284	0.01651	0.00969	0.00796	0.00242	0.00779	0.00756	0.00875	0.01346
240	0.01729	0.01407	0.01653	0.01185	0.01886	0.01062	0.00950	0.02079	0.01672	0.05452	0.01485	0.01691	0.01209	0.00605	0.00597	0.00123	0.00591	0.00484	0.00492	0.73650
241	0.01153	0.00769	0.00865	0.00865	0.00865	0.00769	0.00480	0.01153	0.01153	0.01538	0.02499	0.05189	0.02883	0.72131	0.04036	0.00769	0.00769	0.01153	0.00480	0.00480
