[name]
unknown

[dist]
# distance from previous block
# <min> <max>
1	11

[block]
# block no. 0 follows, 25 sequences, length 9
# corresponding to MSA columns:
# 12-20
name=unknown_A
#
# <colnr> <probs for GDERKNQSTAVLIFYWHMCP>
#	G	D	E	R	K	N	Q	S	T	A	V	L	I	F	Y	W	H	M	C	P
0	0.34816	0.22689	0.02238	0.01250	0.01820	0.02087	0.01100	0.08736	0.01786	0.14929	0.01515	0.01564	0.01128	0.00767	0.00568	0.00217	0.00703	0.00511	0.00552	0.01020
1	0.22476	0.05242	0.02000	0.01551	0.02073	0.12303	0.01256	0.33602	0.02606	0.03770	0.01552	0.01765	0.01205	0.04367	0.00830	0.00252	0.00863	0.00604	0.00607	0.01075
2	0.01049	0.00773	0.00981	0.00966	0.01138	0.00705	0.00711	0.01356	0.02026	0.02796	0.49574	0.16429	0.15081	0.01768	0.00927	0.00257	0.00383	0.01559	0.00815	0.00705
3	0.01930	0.01210	0.01413	0.01236	0.01614	0.01205	0.00965	0.07344	0.17011	0.18078	0.15620	0.09167	0.17140	0.01408	0.00850	0.00255	0.00540	0.01190	0.00819	0.01003
4	0.02070	0.01478	0.01908	0.01389	0.02064	0.01223	0.05555	0.07124	0.01890	0.14842	0.01738	0.01851	0.01305	0.00678	0.00651	0.00157	0.00663	0.00569	0.00571	0.52274
5	0.01763	0.01582	0.02491	0.47954	0.17513	0.01842	0.02104	0.10895	0.01886	0.02497	0.01462	0.02009	0.01112	0.00780	0.00774	0.00249	0.00986	0.00691	0.00413	0.00999
6	0.01063	0.00796	0.00979	0.01023	0.01173	0.00708	0.00695	0.01212	0.01474	0.01993	0.03942	0.45417	0.10458	0.13117	0.01387	0.00350	0.00509	0.01736	0.00644	0.11325
7	0.54254	0.01395	0.01163	0.01028	0.01457	0.01582	0.00836	0.08238	0.01610	0.03486	0.01471	0.01673	0.01136	0.00780	0.00522	0.00226	0.00572	0.00513	0.17199	0.00860
8	0.02772	0.03068	0.02361	0.02331	0.11535	0.43902	0.01615	0.18067	0.02488	0.02710	0.01395	0.01583	0.01108	0.00816	0.00727	0.00212	0.01200	0.00574	0.00488	0.01046

[dist]
# distance from previous block
# <min> <max>
0	2

[block]
# block no. 1 follows, 25 sequences, length 23
# corresponding to MSA columns:
# 23-45
name=unknown_B
#
# <colnr> <probs for GDERKNQSTAVLIFYWHMCP>
#	G	D	E	R	K	N	Q	S	T	A	V	L	I	F	Y	W	H	M	C	P
0	0.01206	0.00870	0.01192	0.01342	0.01521	0.00856	0.01151	0.01545	0.01802	0.02350	0.08936	0.10902	0.08614	0.02102	0.01047	0.00341	0.00659	0.52133	0.00725	0.00708
1	0.01881	0.01804	0.03079	0.10253	0.62716	0.01832	0.02361	0.02346	0.01748	0.02487	0.01452	0.01931	0.01212	0.00698	0.00768	0.00233	0.00930	0.00691	0.00381	0.01198
2	0.03106	0.01318	0.01733	0.01371	0.01918	0.01200	0.01117	0.03634	0.09778	0.55561	0.08221	0.02921	0.02403	0.01021	0.00792	0.00243	0.00631	0.00841	0.00931	0.01262
3	0.00961	0.00684	0.00903	0.01063	0.01113	0.00640	0.00708	0.01099	0.01499	0.02008	0.07070	0.65925	0.05115	0.05831	0.01131	0.00333	0.00461	0.02115	0.00714	0.00627
4	0.00943	0.00681	0.00894	0.01064	0.01120	0.00631	0.00713	0.01081	0.01500	0.01986	0.04466	0.68755	0.08494	0.02404	0.00986	0.00312	0.00447	0.02174	0.00720	0.00631
5	0.78228	0.01499	0.01140	0.01020	0.01499	0.01739	0.00840	0.02279	0.01320	0.03479	0.01080	0.01260	0.00840	0.00720	0.00480	0.00240	0.00600	0.00420	0.00480	0.00840
6	0.00924	0.00755	0.00817	0.00868	0.01069	0.00648	0.00626	0.01104	0.01688	0.02062	0.06855	0.25542	0.50164	0.02094	0.00937	0.00277	0.00409	0.01795	0.00720	0.00648
7	0.01045	0.00761	0.00983	0.00989	0.01142	0.00700	0.00718	0.01339	0.01980	0.02744	0.46862	0.23150	0.11032	0.01831	0.00934	0.00264	0.00390	0.01627	0.00809	0.00700
8	0.03479	0.01320	0.01799	0.01380	0.01979	0.01140	0.01140	0.03779	0.02219	0.68451	0.03059	0.02639	0.01919	0.00960	0.00780	0.00240	0.00660	0.00780	0.00960	0.01320
9	0.78228	0.01499	0.01140	0.01020	0.01499	0.01739	0.00840	0.02279	0.01320	0.03479	0.01080	0.01260	0.00840	0.00720	0.00480	0.00240	0.00600	0.00420	0.00480	0.00840
10	0.03479	0.01320	0.01799	0.01380	0.01979	0.01140	0.01140	0.03779	0.02219	0.68451	0.03059	0.02639	0.01919	0.00960	0.00780	0.00240	0.00660	0.00780	0.00960	0.01320
11	0.78228	0.01499	0.01140	0.01020	0.01499	0.01739	0.00840	0.02279	0.01320	0.03479	0.01080	0.01260	0.00840	0.00720	0.00480	0.00240	0.00600	0.00420	0.00480	0.00840
12	0.03347	0.01290	0.01757	0.01357	0.01934	0.01117	0.01117	0.03650	0.02218	0.64823	0.06637	0.02814	0.02219	0.00994	0.00787	0.00240	0.00643	0.00814	0.00954	0.01287
13	0.02866	0.02131	0.02281	0.01768	0.02373	0.02366	0.01454	0.60437	0.08670	0.04755	0.01965	0.01944	0.01402	0.00940	0.00777	0.00235	0.00834	0.00712	0.00777	0.01311
14	0.01108	0.00831	0.01246	0.01246	0.01385	0.00969	0.00969	0.01385	0.01246	0.01800	0.02077	0.03046	0.01938	0.05815	0.69678	0.01246	0.02077	0.00831	0.00415	0.00692
15	0.78228	0.01499	0.01140	0.01020	0.01499	0.01739	0.00840	0.02279	0.01320	0.03479	0.01080	0.01260	0.00840	0.00720	0.00480	0.00240	0.00600	0.00420	0.00480	0.00840
16	0.00927	0.00743	0.00830	0.00899	0.01077	0.00645	0.00640	0.01100	0.01658	0.02050	0.06467	0.32570	0.43388	0.02144	0.00945	0.00282	0.00415	0.01856	0.00720	0.00645
17	0.01108	0.00831	0.01246	0.01246	0.01385	0.00969	0.00969	0.01385	0.01246	0.01800	0.02077	0.03046	0.01938	0.05815	0.69678	0.01246	0.02077	0.00831	0.00415	0.00692
18	0.01919	0.01842	0.03147	0.04759	0.67914	0.01842	0.02380	0.02380	0.01765	0.02533	0.01458	0.01919	0.01228	0.00691	0.00768	0.00230	0.00921	0.00691	0.00384	0.01228
19	0.00962	0.00687	0.00920	0.01100	0.01152	0.00645	0.00750	0.01110	0.01502	0.01999	0.04264	0.68605	0.05090	0.02413	0.00994	0.00317	0.00465	0.05671	0.00719	0.00635
20	0.00999	0.00768	0.00905	0.00940	0.01117	0.00688	0.00688	0.01225	0.01784	0.02311	0.21639	0.20983	0.31816	0.05442	0.01090	0.00299	0.00436	0.05465	0.00741	0.00663
21	0.02369	0.01773	0.02026	0.09548	0.02454	0.01977	0.01377	0.41514	0.07986	0.03826	0.02052	0.06231	0.01683	0.05572	0.01126	0.05068	0.00814	0.00823	0.00678	0.01106
22	0.44872	0.01517	0.04507	0.12289	0.02202	0.01597	0.01154	0.04335	0.01534	0.08254	0.03692	0.02009	0.01365	0.06810	0.00877	0.00286	0.00712	0.00600	0.00511	0.00877

[dist]
# distance from previous block
# <min> <max>
0	3

[block]
# block no. 2 follows, 25 sequences, length 7
# corresponding to MSA columns:
# 49-55
name=unknown_C
#
# <colnr> <probs for GDERKNQSTAVLIFYWHMCP>
#	G	D	E	R	K	N	Q	S	T	A	V	L	I	F	Y	W	H	M	C	P
0	0.01859	0.19434	0.13118	0.17765	0.24746	0.06031	0.02099	0.02332	0.01678	0.02193	0.01324	0.01715	0.01079	0.00716	0.00695	0.00221	0.00985	0.00595	0.00355	0.01060
1	0.06907	0.08243	0.04072	0.12469	0.15488	0.01547	0.01512	0.02665	0.01827	0.24596	0.02370	0.02462	0.05261	0.00883	0.00721	0.00231	0.00757	0.00731	0.06171	0.01086
2	0.16266	0.02574	0.09443	0.01613	0.02123	0.27778	0.01378	0.05861	0.04311	0.02620	0.07056	0.01951	0.01633	0.01065	0.03780	0.00259	0.01028	0.00606	0.00486	0.08169
3	0.01613	0.01751	0.08832	0.11752	0.31620	0.01560	0.07278	0.02104	0.01782	0.02474	0.09434	0.03261	0.05922	0.01000	0.00829	0.00252	0.00879	0.06156	0.00474	0.01027
4	0.15164	0.02051	0.02388	0.02932	0.30767	0.13226	0.01719	0.07969	0.01987	0.12243	0.01615	0.01819	0.01231	0.00773	0.00710	0.00228	0.00905	0.00627	0.00518	0.01128
5	0.11762	0.01960	0.02240	0.11664	0.17790	0.09495	0.01622	0.19631	0.02233	0.03138	0.01690	0.01942	0.03380	0.00817	0.00715	0.00224	0.00884	0.00649	0.00518	0.07647
6	0.05562	0.01784	0.02507	0.11456	0.16307	0.07325	0.10703	0.04238	0.07231	0.12611	0.04798	0.02227	0.01628	0.00814	0.00765	0.00231	0.00895	0.00736	0.00544	0.07637

[dist]
# distance from previous block
# <min> <max>
5	27

[block]
# block no. 3 follows, 25 sequences, length 22
# corresponding to MSA columns:
# 83-104
name=unknown_D
#
# <colnr> <probs for GDERKNQSTAVLIFYWHMCP>
#	G	D	E	R	K	N	Q	S	T	A	V	L	I	F	Y	W	H	M	C	P
0	0.12365	0.01215	0.01484	0.01533	0.08742	0.01204	0.01062	0.06082	0.04547	0.07887	0.23849	0.06166	0.08511	0.01272	0.00801	0.00243	0.00566	0.05158	0.00697	0.06614
1	0.02266	0.01559	0.02015	0.02292	0.19952	0.06244	0.01439	0.04277	0.07765	0.21988	0.11945	0.03377	0.06225	0.01086	0.00813	0.00244	0.00731	0.03978	0.00701	0.01105
2	0.01238	0.00924	0.01124	0.01116	0.01325	0.00879	0.00828	0.07910	0.01925	0.02589	0.17773	0.33848	0.13510	0.01907	0.00923	0.00275	0.00490	0.05601	0.00739	0.05075
3	0.01667	0.01921	0.07309	0.13365	0.07404	0.01764	0.41567	0.02246	0.01735	0.02353	0.01819	0.09713	0.01578	0.00873	0.00884	0.00264	0.01142	0.00990	0.00417	0.00988
4	0.01747	0.01460	0.01682	0.01214	0.01896	0.01176	0.00976	0.08523	0.01819	0.02771	0.01428	0.01634	0.01166	0.00611	0.00595	0.00127	0.00603	0.00484	0.00492	0.69594
5	0.70333	0.08934	0.01443	0.01051	0.01550	0.01877	0.00890	0.02284	0.01346	0.03307	0.01079	0.01258	0.00856	0.00714	0.00482	0.00232	0.00624	0.00419	0.00464	0.00856
6	0.02871	0.02134	0.02284	0.01769	0.02376	0.02369	0.01455	0.60766	0.08332	0.04764	0.01958	0.01938	0.01397	0.00940	0.00777	0.00235	0.00835	0.00711	0.00777	0.01312
7	0.00945	0.00675	0.00900	0.01080	0.01125	0.00630	0.00720	0.01080	0.01484	0.01979	0.04274	0.72245	0.05128	0.02429	0.00990	0.00315	0.00450	0.02204	0.00720	0.00630
8	0.01040	0.00754	0.00997	0.01153	0.01241	0.00728	0.00828	0.01301	0.04090	0.02130	0.06686	0.56349	0.04996	0.02295	0.00992	0.00317	0.00497	0.12209	0.00727	0.00671
9	0.03269	0.01613	0.09108	0.01470	0.02130	0.01212	0.01328	0.03634	0.02156	0.61245	0.02877	0.02530	0.01817	0.00935	0.00775	0.00241	0.00713	0.00757	0.00891	0.01301
10	0.01853	0.01775	0.03028	0.14316	0.58871	0.01825	0.02347	0.02322	0.01734	0.02453	0.01447	0.01940	0.01200	0.00703	0.00769	0.00234	0.00937	0.00691	0.00378	0.01175
11	0.01097	0.00793	0.01036	0.00975	0.01158	0.00732	0.00732	0.01463	0.02195	0.03109	0.67505	0.05792	0.07316	0.01585	0.00914	0.00244	0.00366	0.01402	0.00854	0.00732
12	0.02749	0.02017	0.02165	0.01682	0.02234	0.02224	0.01364	0.58319	0.03371	0.04517	0.01925	0.02212	0.01482	0.08773	0.01122	0.00289	0.00842	0.00745	0.00742	0.01226
13	0.61907	0.02034	0.15528	0.01273	0.01895	0.01752	0.01271	0.02317	0.01387	0.03261	0.01146	0.01340	0.00870	0.00723	0.00534	0.00241	0.00716	0.00452	0.00447	0.00905
14	0.01027	0.00724	0.00895	0.00997	0.01051	0.00692	0.00656	0.01133	0.01399	0.01841	0.03881	0.39536	0.08925	0.27277	0.02036	0.00468	0.00570	0.05681	0.00631	0.00580
15	0.02318	0.34755	0.03223	0.01860	0.07100	0.13967	0.05522	0.09394	0.01973	0.05654	0.01365	0.01539	0.01118	0.00725	0.00629	0.00190	0.00939	0.00534	0.00440	0.06753
16	0.01259	0.00916	0.01138	0.01082	0.01283	0.00889	0.00806	0.08338	0.02178	0.03014	0.44077	0.20584	0.08007	0.01718	0.00917	0.00259	0.00439	0.01516	0.00810	0.00770
17	0.01037	0.00776	0.00961	0.00945	0.01128	0.00701	0.00697	0.01334	0.02007	0.02734	0.45836	0.14459	0.20980	0.01778	0.00924	0.00257	0.00382	0.01556	0.00806	0.00701
18	0.06031	0.01347	0.01516	0.17637	0.02341	0.04788	0.01157	0.13904	0.01951	0.02892	0.01974	0.02562	0.01608	0.08311	0.00999	0.00272	0.00719	0.00724	0.28409	0.00858
19	0.24517	0.01481	0.01695	0.04346	0.09346	0.01479	0.01157	0.08741	0.01831	0.07868	0.07002	0.02092	0.01690	0.02541	0.00722	0.00218	0.00661	0.00626	0.00555	0.21431
20	0.08270	0.01686	0.02316	0.35215	0.06388	0.04215	0.05838	0.12610	0.06855	0.02759	0.01576	0.01975	0.01187	0.00795	0.00746	0.00242	0.00936	0.00677	0.00473	0.05238
21	0.01943	0.29562	0.06313	0.06076	0.05916	0.09090	0.01410	0.04179	0.01721	0.02204	0.01369	0.04086	0.01213	0.00739	0.00611	0.00177	0.00841	0.00551	0.00404	0.21595

[dist]
# distance from previous block
# <min> <max>
2	12

[block]
# block no. 4 follows, 25 sequences, length 24
# corresponding to MSA columns:
# 117-140
name=unknown_E
#
# <colnr> <probs for GDERKNQSTAVLIFYWHMCP>
#	G	D	E	R	K	N	Q	S	T	A	V	L	I	F	Y	W	H	M	C	P
0	0.01246	0.01084	0.06025	0.00970	0.01327	0.00798	0.00829	0.01520	0.01838	0.09128	0.11559	0.06389	0.50989	0.01737	0.00888	0.00257	0.00475	0.01449	0.00726	0.00767
1	0.01627	0.04955	0.01424	0.01247	0.01519	0.01136	0.00928	0.01894	0.06532	0.09315	0.08269	0.24466	0.27124	0.01930	0.01040	0.00315	0.02986	0.01579	0.00794	0.00918
2	0.02016	0.01699	0.02104	0.01773	0.02016	0.02094	0.01446	0.23136	0.05240	0.03023	0.05290	0.09392	0.01949	0.01324	0.01618	0.00292	0.33127	0.00892	0.00574	0.00995
3	0.01960	0.01825	0.03416	0.12493	0.21619	0.01820	0.28692	0.02626	0.06677	0.08374	0.01765	0.02150	0.01327	0.00738	0.00834	0.00251	0.01053	0.00807	0.00464	0.01110
4	0.02893	0.02145	0.02296	0.01773	0.02384	0.02379	0.01460	0.62040	0.07023	0.04798	0.01931	0.01917	0.01375	0.00937	0.00776	0.00234	0.00840	0.00708	0.00776	0.01314
5	0.02081	0.01505	0.01748	0.01301	0.01932	0.01322	0.01052	0.15794	0.02156	0.10751	0.05955	0.02053	0.01674	0.00761	0.00664	0.00163	0.00631	0.00609	0.00611	0.47236
6	0.39894	0.05995	0.04139	0.01419	0.01943	0.16300	0.01188	0.11589	0.01921	0.07320	0.01353	0.01475	0.01024	0.00780	0.00598	0.00227	0.00841	0.00504	0.00522	0.00970
7	0.02561	0.02368	0.02191	0.02134	0.11344	0.24346	0.01489	0.15722	0.04935	0.09698	0.01713	0.01860	0.01308	0.00856	0.00818	0.00218	0.04729	0.00629	0.04240	0.06842
8	0.00991	0.00708	0.00953	0.01133	0.01198	0.00670	0.00800	0.01160	0.01530	0.02031	0.04248	0.62566	0.05027	0.02385	0.01002	0.00321	0.00490	0.11425	0.00719	0.00643
9	0.04725	0.09760	0.60509	0.02087	0.03165	0.01905	0.02652	0.02437	0.01619	0.02444	0.01352	0.01588	0.00977	0.00730	0.00706	0.00239	0.01097	0.00553	0.00334	0.01121
10	0.01551	0.01318	0.01547	0.01143	0.01776	0.00999	0.00902	0.01877	0.01597	0.02480	0.01626	0.07665	0.01490	0.00733	0.00610	0.00132	0.00564	0.00609	0.00482	0.70899
11	0.01735	0.01827	0.03423	0.15828	0.10234	0.02014	0.30057	0.02215	0.01600	0.02230	0.01375	0.01965	0.01113	0.00867	0.01306	0.00278	0.19801	0.00787	0.00368	0.00977
12	0.01696	0.01696	0.02375	0.02036	0.02036	0.02375	0.01696	0.01866	0.01187	0.01866	0.01018	0.01696	0.01018	0.01357	0.02545	0.00339	0.71332	0.00679	0.00339	0.00848
13	0.00957	0.00701	0.00900	0.01032	0.01119	0.00643	0.00705	0.01124	0.01594	0.02111	0.11316	0.57315	0.13065	0.02284	0.00973	0.00301	0.00434	0.02050	0.00734	0.00643
14	0.05781	0.02409	0.13206	0.03470	0.38461	0.09012	0.02163	0.11288	0.02033	0.02830	0.01459	0.01780	0.01159	0.00744	0.00743	0.00230	0.00982	0.00640	0.00436	0.01175
15	0.01370	0.01063	0.01590	0.02026	0.13518	0.01063	0.01452	0.01745	0.01781	0.02359	0.03630	0.07520	0.03881	0.01881	0.01016	0.00334	0.00751	0.51557	0.00655	0.00806
16	0.00945	0.00675	0.00900	0.01080	0.01125	0.00630	0.00720	0.01080	0.01484	0.01979	0.04274	0.72245	0.05128	0.02429	0.00990	0.00315	0.00450	0.02204	0.00720	0.00630
17	0.00945	0.00675	0.00900	0.01080	0.01125	0.00630	0.00720	0.01080	0.01484	0.01979	0.04274	0.72245	0.05128	0.02429	0.00990	0.00315	0.00450	0.02204	0.00720	0.00630
18	0.02841	0.01978	0.02166	0.01695	0.02274	0.02156	0.01387	0.51858	0.07459	0.11276	0.02186	0.05391	0.01632	0.01014	0.00787	0.00239	0.00798	0.00791	0.00793	0.01280
19	0.01257	0.00808	0.01004	0.06952	0.01446	0.00824	0.00800	0.03748	0.01623	0.02440	0.03257	0.36600	0.03413	0.01637	0.00789	0.00255	0.00480	0.01441	0.30517	0.00711
20	0.00945	0.00675	0.00900	0.01080	0.01125	0.00630	0.00720	0.01080	0.01484	0.01979	0.04274	0.72245	0.05128	0.02429	0.00990	0.00315	0.00450	0.02204	0.00720	0.00630
21	0.01821	0.02047	0.04393	0.06075	0.08234	0.01944	0.58518	0.02457	0.01815	0.02467	0.01554	0.02079	0.01174	0.00661	0.00900	0.00259	0.01271	0.00891	0.00390	0.01050
22	0.04819	0.01962	0.01991	0.01661	0.02170	0.07178	0.01343	0.31187	0.22442	0.08032	0.02429	0.02691	0.01875	0.01044	0.00787	0.00249	0.00791	0.05400	0.00749	0.01199
23	0.13572	0.07458	0.02128	0.01574	0.02116	0.09512	0.01294	0.37490	0.05081	0.03873	0.01974	0.02017	0.04454	0.00919	0.00704	0.00226	0.00828	0.00667	0.02986	0.01126

[dist]
# distance from previous block
# <min> <max>
0	2

[block]
# block no. 5 follows, 25 sequences, length 187
# corresponding to MSA columns:
# 143-329
name=unknown_F
#
# <colnr> <probs for GDERKNQSTAVLIFYWHMCP>
#	G	D	E	R	K	N	Q	S	T	A	V	L	I	F	Y	W	H	M	C	P
0	0.02077	0.01500	0.01941	0.01463	0.02099	0.01325	0.06438	0.04666	0.12743	0.15242	0.02028	0.02069	0.01508	0.00746	0.00684	0.00180	0.00667	0.00636	0.00614	0.41374
1	0.02889	0.05498	0.07267	0.01736	0.02386	0.04750	0.01516	0.45190	0.03109	0.14954	0.01963	0.01927	0.01366	0.00904	0.00758	0.00231	0.00863	0.00682	0.00738	0.01275
2	0.01788	0.33653	0.38513	0.01871	0.02796	0.02351	0.04582	0.02399	0.01618	0.02186	0.01264	0.01486	0.00995	0.00702	0.00641	0.00212	0.01016	0.00518	0.00332	0.01077
3	0.01545	0.01453	0.02415	0.59131	0.13733	0.01747	0.02147	0.02120	0.04155	0.02106	0.01460	0.02080	0.01113	0.00775	0.00775	0.00255	0.01002	0.00697	0.00367	0.00926
4	0.01704	0.01120	0.01449	0.14139	0.04897	0.01200	0.01142	0.06955	0.05900	0.07261	0.08390	0.03304	0.02421	0.01040	0.00717	0.00229	0.00609	0.05395	0.31241	0.00887
5	0.01692	0.01941	0.08095	0.25827	0.11675	0.01878	0.29206	0.02270	0.01682	0.02288	0.01451	0.02011	0.01113	0.00741	0.00924	0.00260	0.04800	0.00777	0.00368	0.01002
6	0.01001	0.00777	0.00903	0.00894	0.01094	0.00687	0.00657	0.01256	0.01899	0.02488	0.32198	0.12742	0.34600	0.04091	0.01018	0.00275	0.00398	0.01576	0.00768	0.00678
7	0.00954	0.00681	0.00910	0.01090	0.01139	0.00638	0.00736	0.01096	0.01494	0.01990	0.04268	0.70285	0.05108	0.02420	0.00992	0.00316	0.00458	0.04071	0.00720	0.00632
8	0.01035	0.00796	0.01010	0.01104	0.03711	0.00723	0.00754	0.01289	0.01849	0.02475	0.29926	0.26289	0.22371	0.01907	0.00932	0.00270	0.00420	0.01680	0.00759	0.00700
9	0.01929	0.01666	0.01753	0.01578	0.02016	0.01929	0.01227	0.04120	0.66513	0.03243	0.03156	0.02893	0.02367	0.01052	0.00789	0.00263	0.00614	0.00877	0.00789	0.01227
10	0.00943	0.00683	0.00891	0.01058	0.01119	0.00632	0.00710	0.01082	0.01505	0.01988	0.04532	0.67565	0.09641	0.02396	0.00984	0.00311	0.00446	0.02163	0.00720	0.00632
11	0.78228	0.01499	0.01140	0.01020	0.01499	0.01739	0.00840	0.02279	0.01320	0.03479	0.01080	0.01260	0.00840	0.00720	0.00480	0.00240	0.00600	0.00420	0.00480	0.00840
12	0.02896	0.03695	0.02197	0.01998	0.02397	0.69638	0.01498	0.03096	0.02197	0.01898	0.01199	0.01398	0.00999	0.00799	0.00699	0.00200	0.01398	0.00499	0.00400	0.00899
13	0.03138	0.01504	0.01857	0.01450	0.02021	0.01459	0.01190	0.17405	0.07360	0.45968	0.02772	0.02498	0.01823	0.00957	0.00767	0.00237	0.00684	0.00766	0.04861	0.01281
14	0.03434	0.01392	0.01844	0.01414	0.02015	0.01247	0.01168	0.09003	0.02340	0.63056	0.02957	0.02573	0.01868	0.00957	0.00779	0.00239	0.00676	0.00773	0.00944	0.01319
15	0.03479	0.01320	0.01799	0.01380	0.01979	0.01140	0.01140	0.03779	0.02219	0.68451	0.03059	0.02639	0.01919	0.00960	0.00780	0.00240	0.00660	0.00780	0.00960	0.01320
16	0.01128	0.00752	0.00846	0.00846	0.00846	0.00752	0.00470	0.01128	0.01128	0.01503	0.02443	0.05074	0.02819	0.72751	0.03946	0.00752	0.00752	0.01128	0.00470	0.00470
17	0.02120	0.01761	0.01861	0.01617	0.02089	0.02018	0.01274	0.15646	0.54675	0.03553	0.02912	0.02699	0.02169	0.01029	0.00786	0.00257	0.00659	0.00843	0.00786	0.01244
18	0.01198	0.00895	0.01150	0.01057	0.01251	0.00882	0.00807	0.04058	0.02187	0.03084	0.59472	0.05474	0.08686	0.01559	0.00994	0.00249	0.04075	0.01344	0.00819	0.00759
19	0.02896	0.03695	0.02197	0.01998	0.02397	0.69638	0.01498	0.03096	0.02197	0.01898	0.01199	0.01398	0.00999	0.00799	0.00699	0.00200	0.01398	0.00499	0.00400	0.00899
20	0.01830	0.02092	0.04575	0.03268	0.04052	0.01961	0.65098	0.02484	0.01830	0.02484	0.01569	0.02092	0.01176	0.00654	0.00915	0.00261	0.01307	0.00915	0.00392	0.01046
21	0.02521	0.35395	0.03048	0.01692	0.02211	0.39284	0.01420	0.02743	0.01914	0.01864	0.01144	0.01328	0.00997	0.00737	0.00607	0.00184	0.01139	0.00461	0.00369	0.00943
22	0.01013	0.00777	0.01124	0.01186	0.01287	0.00725	0.04805	0.01175	0.01495	0.01982	0.04157	0.59293	0.08060	0.07517	0.01201	0.00341	0.00524	0.02011	0.00680	0.00646
23	0.00922	0.00765	0.00807	0.00841	0.01062	0.00650	0.00614	0.01107	0.01714	0.02073	0.07182	0.19631	0.55865	0.02051	0.00930	0.00272	0.00403	0.01743	0.00720	0.00650
24	0.01449	0.01326	0.02209	0.64868	0.04978	0.01646	0.02032	0.01949	0.01542	0.02016	0.01459	0.02144	0.01114	0.00983	0.03523	0.00294	0.01044	0.00696	0.03880	0.00848
25	0.01555	0.04011	0.68733	0.02210	0.03356	0.01801	0.02865	0.02455	0.01637	0.02455	0.01391	0.01637	0.00982	0.00737	0.00737	0.00246	0.01146	0.00573	0.00327	0.01146
26	0.01205	0.00865	0.01042	0.01059	0.01149	0.00899	0.00706	0.03969	0.06209	0.01948	0.02958	0.24097	0.03281	0.35140	0.11433	0.00633	0.00833	0.01366	0.00572	0.00637
27	0.31650	0.12752	0.30257	0.04529	0.02519	0.01954	0.01823	0.02347	0.01500	0.02746	0.01224	0.01452	0.00930	0.00721	0.00604	0.00233	0.00882	0.00495	0.00388	0.00992
28	0.78228	0.01499	0.01140	0.01020	0.01499	0.01739	0.00840	0.02279	0.01320	0.03479	0.01080	0.01260	0.00840	0.00720	0.00480	0.00240	0.00600	0.00420	0.00480	0.00840
29	0.00929	0.00735	0.00838	0.00920	0.01083	0.00643	0.00649	0.01098	0.01638	0.02042	0.06222	0.37001	0.39115	0.02176	0.00950	0.00286	0.00419	0.01895	0.00720	0.00643
30	0.01658	0.01566	0.02134	0.01916	0.06839	0.01838	0.01463	0.01911	0.01369	0.02127	0.01214	0.01744	0.01117	0.01252	0.04751	0.00299	0.40101	0.00615	0.00385	0.25703
31	0.00957	0.00787	0.00842	0.00829	0.01072	0.00672	0.00621	0.01192	0.01864	0.02324	0.21367	0.07084	0.53944	0.01878	0.00916	0.00258	0.00387	0.01583	0.00750	0.00672
32	0.00923	0.00786	0.00794	0.00792	0.01051	0.00657	0.00594	0.01125	0.01782	0.02130	0.09927	0.07404	0.65505	0.01951	0.00916	0.00261	0.00392	0.01628	0.00725	0.00657
33	0.13028	0.01376	0.01736	0.01349	0.01935	0.01267	0.01114	0.06027	0.02161	0.57613	0.02758	0.02432	0.01757	0.00928	0.00741	0.00240	0.00660	0.00730	0.00891	0.01258
34	0.60875	0.01675	0.01381	0.06236	0.01904	0.06789	0.01023	0.05050	0.01536	0.05887	0.01222	0.01409	0.00929	0.00748	0.00542	0.00238	0.00704	0.00471	0.00496	0.00885
35	0.01087	0.00735	0.00858	0.00897	0.00907	0.00725	0.00525	0.01117	0.01206	0.01608	0.02845	0.19816	0.03326	0.57317	0.03298	0.00656	0.00685	0.01364	0.00525	0.00505
36	0.00944	0.00679	0.00895	0.01068	0.01122	0.00631	0.00715	0.01081	0.01495	0.01984	0.04410	0.69769	0.07515	0.02411	0.00987	0.00313	0.00448	0.02183	0.00720	0.00631
37	0.02841	0.02091	0.02237	0.01732	0.02327	0.02315	0.01425	0.60043	0.06352	0.04733	0.01946	0.01949	0.01392	0.00935	0.00767	0.00232	0.00823	0.00707	0.03864	0.01290
38	0.02073	0.73217	0.04063	0.01327	0.01990	0.03068	0.01327	0.02322	0.01575	0.01824	0.01078	0.01244	0.00995	0.00663	0.00498	0.00166	0.00829	0.00415	0.00332	0.00995
39	0.01666	0.01417	0.01638	0.01188	0.01864	0.01118	0.00951	0.04126	0.04553	0.02636	0.01473	0.01673	0.01208	0.00607	0.00590	0.00125	0.00585	0.00486	0.00484	0.71612
40	0.02558	0.01685	0.09593	0.01472	0.02032	0.01383	0.01315	0.16155	0.02412	0.31369	0.14829	0.06568	0.02866	0.01122	0.00810	0.00244	0.00692	0.00929	0.00814	0.01152
41	0.02194	0.01324	0.01619	0.01218	0.01817	0.01083	0.00970	0.02572	0.04344	0.23951	0.02075	0.02252	0.01572	0.06083	0.00900	0.00209	0.00617	0.00630	0.00636	0.43934
42	0.07409	0.23298	0.43221	0.01909	0.02856	0.02160	0.04442	0.02406	0.01603	0.02354	0.01286	0.01514	0.00982	0.00712	0.00656	0.00223	0.01021	0.00529	0.00342	0.01077
43	0.01054	0.00787	0.00979	0.00939	0.01134	0.00712	0.00701	0.01377	0.02082	0.02860	0.52954	0.08215	0.19962	0.01691	0.00917	0.00250	0.00374	0.01477	0.00821	0.00712
44	0.01507	0.01421	0.02402	0.64714	0.11182	0.01734	0.02174	0.02018	0.01570	0.02033	0.01386	0.02053	0.01052	0.00767	0.00774	0.00256	0.01023	0.00689	0.00348	0.00896
45	0.01207	0.00814	0.01060	0.00994	0.01195	0.00745	0.00747	0.01553	0.02148	0.06415	0.58986	0.08641	0.09328	0.01605	0.00911	0.00248	0.00386	0.01415	0.00848	0.00755
46	0.01830	0.02092	0.04575	0.03268	0.04052	0.01961	0.65098	0.02484	0.01830	0.02484	0.01569	0.02092	0.01176	0.00654	0.00915	0.00261	0.01307	0.00915	0.00392	0.01046
47	0.02354	0.01630	0.01810	0.01551	0.02039	0.01792	0.01228	0.08990	0.47205	0.17808	0.03030	0.02753	0.02183	0.01022	0.00786	0.00255	0.00643	0.00841	0.00826	0.01255
48	0.00945	0.00675	0.00900	0.01080	0.01125	0.00630	0.00720	0.01080	0.01484	0.01979	0.04274	0.72245	0.05128	0.02429	0.00990	0.00315	0.00450	0.02204	0.00720	0.00630
49	0.02807	0.03503	0.02137	0.01934	0.02335	0.63892	0.01455	0.05383	0.02233	0.02021	0.01530	0.01695	0.04078	0.00858	0.00712	0.00204	0.01331	0.00559	0.00429	0.00904
50	0.03207	0.01315	0.01748	0.01370	0.01931	0.01177	0.01121	0.03662	0.07354	0.59190	0.07063	0.02855	0.02290	0.01006	0.00789	0.00242	0.00638	0.00826	0.00939	0.01276
51	0.00945	0.00675	0.00900	0.01080	0.01125	0.00630	0.00720	0.01080	0.01484	0.01979	0.04274	0.72245	0.05128	0.02429	0.00990	0.00315	0.00450	0.02204	0.00720	0.00630
52	0.02899	0.03614	0.02204	0.01986	0.02397	0.66027	0.01497	0.06439	0.02275	0.02058	0.01234	0.01423	0.01016	0.00806	0.00703	0.00202	0.01369	0.00510	0.00420	0.00921
53	0.02896	0.03695	0.02197	0.01998	0.02397	0.69638	0.01498	0.03096	0.02197	0.01898	0.01199	0.01398	0.00999	0.00799	0.00699	0.00200	0.01398	0.00499	0.00400	0.00899
54	0.00945	0.00675	0.00900	0.01080	0.01125	0.00630	0.00720	0.01080	0.01484	0.01979	0.04274	0.72245	0.05128	0.02429	0.00990	0.00315	0.00450	0.02204	0.00720	0.00630
55	0.02260	0.01508	0.01592	0.01298	0.01717	0.01634	0.01047	0.36239	0.02721	0.03973	0.02167	0.02333	0.01625	0.00918	0.00669	0.00209	0.00628	0.00709	0.35708	0.01046
56	0.01249	0.00892	0.01249	0.01428	0.01606	0.00892	0.01249	0.01606	0.01785	0.02320	0.04105	0.08746	0.04462	0.02142	0.01071	0.00357	0.00714	0.62695	0.00714	0.00714
57	0.02896	0.03695	0.02197	0.01998	0.02397	0.69638	0.01498	0.03096	0.02197	0.01898	0.01199	0.01398	0.00999	0.00799	0.00699	0.00200	0.01398	0.00499	0.00400	0.00899
58	0.01138	0.00812	0.00914	0.00897	0.01143	0.00699	0.00669	0.01360	0.01829	0.07166	0.16114	0.15220	0.45471	0.01892	0.00915	0.00264	0.00416	0.01610	0.00758	0.00713
59	0.01651	0.01761	0.05252	0.31644	0.09095	0.01753	0.25424	0.02209	0.01679	0.02279	0.01455	0.02005	0.01111	0.00702	0.00805	0.00242	0.01084	0.00746	0.00376	0.08726
60	0.02896	0.03695	0.02197	0.01998	0.02397	0.69638	0.01498	0.03096	0.02197	0.01898	0.01199	0.01398	0.00999	0.00799	0.00699	0.00200	0.01398	0.00499	0.00400	0.00899
61	0.01830	0.02092	0.04575	0.03268	0.04052	0.01961	0.65098	0.02484	0.01830	0.02484	0.01569	0.02092	0.01176	0.00654	0.00915	0.00261	0.01307	0.00915	0.00392	0.01046
62	0.01576	0.06758	0.66166	0.02175	0.03302	0.01851	0.02804	0.02450	0.01635	0.02430	0.01379	0.01621	0.00983	0.00734	0.00727	0.00242	0.01133	0.00567	0.00328	0.01140
63	0.01818	0.02055	0.04370	0.03153	0.03864	0.01999	0.59191	0.02426	0.01770	0.02426	0.01517	0.02055	0.01162	0.00719	0.01067	0.00269	0.07831	0.00893	0.00387	0.01027
64	0.00942	0.00712	0.00872	0.00989	0.01103	0.00641	0.00682	0.01105	0.01596	0.02058	0.07833	0.50612	0.23532	0.02259	0.00965	0.00297	0.00430	0.02006	0.00725	0.00641
65	0.01916	0.01838	0.03087	0.04421	0.59505	0.01855	0.04938	0.02535	0.07371	0.02592	0.01610	0.02011	0.01325	0.00721	0.00776	0.00234	0.00911	0.00716	0.00419	0.01220
66	0.01071	0.01014	0.05994	0.01040	0.01293	0.00780	0.00857	0.01407	0.01962	0.02683	0.40829	0.14942	0.19797	0.01721	0.00912	0.00258	0.00441	0.01502	0.00767	0.00732
67	0.01223	0.00911	0.01297	0.01264	0.01426	0.01050	0.00981	0.05340	0.01390	0.01980	0.02078	0.03053	0.01935	0.08166	0.62800	0.01164	0.01948	0.00834	0.00440	0.00722
68	0.01063	0.00787	0.00992	0.00950	0.01140	0.00715	0.00709	0.01393	0.02100	0.02906	0.55658	0.08713	0.16643	0.01678	0.00918	0.00250	0.00373	0.01471	0.00827	0.00715
69	0.01832	0.01423	0.01667	0.01205	0.01883	0.01127	0.00970	0.06020	0.01780	0.07650	0.01535	0.01701	0.01217	0.00625	0.00602	0.00132	0.00598	0.00498	0.00517	0.67016
70	0.02018	0.02035	0.03501	0.05696	0.13178	0.04717	0.32133	0.11838	0.02023	0.02748	0.01510	0.01944	0.01176	0.00780	0.01011	0.00252	0.08268	0.00782	0.00444	0.03948
71	0.01090	0.00792	0.01026	0.00968	0.01154	0.00729	0.00726	0.01449	0.02178	0.03069	0.65137	0.05858	0.09709	0.01600	0.00915	0.00245	0.00367	0.01412	0.00848	0.00729
72	0.00967	0.00691	0.00922	0.01085	0.01145	0.00647	0.00740	0.01126	0.01546	0.02072	0.08749	0.65180	0.05259	0.02359	0.00987	0.00311	0.00454	0.04390	0.00729	0.00640
73	0.01642	0.07920	0.51945	0.02366	0.03410	0.01911	0.15164	0.02453	0.01672	0.02422	0.01407	0.01703	0.01022	0.00716	0.00757	0.00244	0.01158	0.00631	0.00341	0.01117
74	0.00985	0.00704	0.00944	0.01114	0.01180	0.00663	0.00779	0.01154	0.01546	0.02062	0.06765	0.62533	0.05141	0.02364	0.00996	0.00317	0.00476	0.08911	0.00724	0.00643
75	0.00916	0.00785	0.00785	0.00785	0.01047	0.00655	0.00589	0.01113	0.01767	0.02095	0.07855	0.07462	0.67599	0.01964	0.00916	0.00262	0.00393	0.01636	0.00720	0.00655
76	0.01555	0.04011	0.68733	0.02210	0.03356	0.01801	0.02865	0.02455	0.01637	0.02455	0.01391	0.01637	0.00982	0.00737	0.00737	0.00246	0.01146	0.00573	0.00327	0.01146
77	0.01241	0.00915	0.01218	0.01359	0.01559	0.00912	0.01170	0.01664	0.04763	0.02336	0.04507	0.08324	0.11858	0.02071	0.01040	0.00341	0.00671	0.52603	0.00718	0.00731
78	0.02947	0.02172	0.02327	0.01784	0.02404	0.02404	0.01474	0.65329	0.03646	0.04887	0.01862	0.01862	0.01319	0.00931	0.00776	0.00233	0.00853	0.00698	0.00776	0.01319
79	0.01875	0.01399	0.01754	0.01266	0.01947	0.01086	0.03547	0.02226	0.01701	0.11634	0.01618	0.01770	0.01256	0.00631	0.00616	0.00138	0.00616	0.00522	0.00526	0.63871
80	0.01112	0.00802	0.01056	0.01018	0.01201	0.00747	0.00780	0.01477	0.02156	0.03035	0.61533	0.06070	0.07047	0.01638	0.00929	0.00255	0.00399	0.07175	0.00840	0.00730
81	0.02896	0.03695	0.02197	0.01998	0.02397	0.69638	0.01498	0.03096	0.02197	0.01898	0.01199	0.01398	0.00999	0.00799	0.00699	0.00200	0.01398	0.00499	0.00400	0.00899
82	0.02947	0.02172	0.02327	0.01784	0.02404	0.02404	0.01474	0.65329	0.03646	0.04887	0.01862	0.01862	0.01319	0.00931	0.00776	0.00233	0.00853	0.00698	0.00776	0.01319
83	0.01974	0.59926	0.16483	0.01496	0.02252	0.02825	0.01622	0.02347	0.01587	0.01945	0.01138	0.01319	0.00993	0.00677	0.00543	0.00181	0.00890	0.00445	0.00331	0.01024
84	0.00943	0.00683	0.00891	0.01058	0.01119	0.00632	0.00710	0.01082	0.01506	0.01988	0.04540	0.67430	0.09771	0.02395	0.00984	0.00311	0.00446	0.02162	0.00720	0.00632
85	0.01830	0.02092	0.04575	0.03268	0.04052	0.01961	0.65098	0.02484	0.01830	0.02484	0.01569	0.02092	0.01176	0.00654	0.00915	0.00261	0.01307	0.00915	0.00392	0.01046
86	0.00981	0.00700	0.00941	0.01121	0.01181	0.00661	0.00782	0.01142	0.01520	0.02020	0.04254	0.64759	0.05050	0.02395	0.00999	0.00320	0.00481	0.09335	0.00719	0.00640
87	0.30554	0.01392	0.01531	0.01235	0.01772	0.01390	0.01017	0.05634	0.01922	0.39225	0.02266	0.02117	0.01505	0.00869	0.00660	0.00237	0.00632	0.00643	0.04282	0.01117
88	0.06227	0.01334	0.01734	0.01346	0.01916	0.01203	0.01108	0.06797	0.02222	0.58559	0.02887	0.02561	0.01850	0.00945	0.00753	0.00236	0.00649	0.00758	0.05650	0.01264
89	0.00945	0.00675	0.00900	0.01080	0.01125	0.00630	0.00720	0.01080	0.01484	0.01979	0.04274	0.72245	0.05128	0.02429	0.00990	0.00315	0.00450	0.02204	0.00720	0.00630
90	0.01464	0.01378	0.02326	0.70887	0.05340	0.01723	0.02153	0.01981	0.01550	0.01981	0.01378	0.02067	0.01034	0.00775	0.00775	0.00258	0.01034	0.00689	0.00345	0.00861
91	0.00961	0.00686	0.00918	0.01098	0.01150	0.00644	0.00748	0.01108	0.01501	0.01998	0.04264	0.68834	0.05092	0.02414	0.00994	0.00317	0.00464	0.05453	0.00719	0.00634
92	0.00955	0.00682	0.00911	0.01091	0.01140	0.00638	0.00737	0.01097	0.01494	0.01990	0.04268	0.70163	0.05106	0.02420	0.00992	0.00316	0.00458	0.04187	0.00720	0.00633
93	0.01929	0.01666	0.01753	0.01578	0.02016	0.01929	0.01227	0.04120	0.66513	0.03243	0.03156	0.02893	0.02367	0.01052	0.00789	0.00263	0.00614	0.00877	0.00789	0.01227
94	0.02896	0.03695	0.02197	0.01998	0.02397	0.69638	0.01498	0.03096	0.02197	0.01898	0.01199	0.01398	0.00999	0.00799	0.00699	0.00200	0.01398	0.00499	0.00400	0.00899
95	0.00974	0.00696	0.00933	0.01113	0.01171	0.00655	0.00771	0.01130	0.01513	0.02012	0.04257	0.66128	0.05064	0.02401	0.00997	0.00319	0.00475	0.08031	0.00719	0.00638
96	0.02832	0.02114	0.02262	0.01761	0.02361	0.02351	0.01446	0.58396	0.10766	0.04700	0.02008	0.01978	0.01437	0.00944	0.00777	0.00236	0.00826	0.00718	0.00777	0.01308
97	0.01090	0.00792	0.01026	0.00968	0.01154	0.00729	0.00726	0.01449	0.02178	0.03069	0.65117	0.05859	0.09729	0.01600	0.00915	0.00245	0.00367	0.01412	0.00848	0.00729
98	0.01929	0.01666	0.01753	0.01578	0.02016	0.01929	0.01227	0.04120	0.66513	0.03243	0.03156	0.02893	0.02367	0.01052	0.00789	0.00263	0.00614	0.00877	0.00789	0.01227
99	0.02211	0.57857	0.05831	0.01482	0.02111	0.15562	0.01409	0.02472	0.01695	0.01859	0.01111	0.01286	0.00995	0.00691	0.00543	0.00175	0.00947	0.00436	0.00344	0.00982
100	0.02098	0.12877	0.05398	0.03052	0.30854	0.18079	0.04354	0.02476	0.01810	0.02266	0.01431	0.01793	0.01201	0.00918	0.03286	0.00250	0.01054	0.00616	0.05134	0.01053
101	0.01699	0.01710	0.02284	0.01975	0.02001	0.04882	0.01635	0.01878	0.01231	0.01862	0.01104	0.01785	0.01085	0.01667	0.07462	0.00401	0.63469	0.00683	0.00347	0.00839
102	0.01810	0.02032	0.04246	0.03083	0.03750	0.02023	0.55599	0.02391	0.01734	0.02391	0.01486	0.02032	0.01153	0.00759	0.01159	0.00273	0.11799	0.00880	0.00384	0.01016
103	0.01701	0.01710	0.02453	0.02079	0.02107	0.02360	0.03945	0.01888	0.01210	0.01888	0.01037	0.01710	0.01023	0.01332	0.02487	0.00337	0.68848	0.00687	0.00341	0.00855
104	0.00967	0.00691	0.00926	0.01106	0.01160	0.00649	0.00759	0.01119	0.01507	0.02005	0.04261	0.67525	0.05079	0.02408	0.00996	0.00318	0.00469	0.06700	0.00719	0.00636
105	0.01044	0.00746	0.01014	0.01193	0.01282	0.00715	0.00893	0.01251	0.01582	0.02091	0.04219	0.51535	0.04911	0.02335	0.01016	0.00329	0.00536	0.21933	0.00718	0.00657
106	0.01797	0.01718	0.02927	0.22490	0.51136	0.01810	0.02319	0.02273	0.01708	0.02385	0.01437	0.01959	0.01176	0.00713	0.00770	0.00238	0.00951	0.00690	0.00373	0.01130
107	0.13460	0.14216	0.12975	0.01896	0.04666	0.27993	0.04175	0.02781	0.06816	0.02356	0.01368	0.01553	0.01093	0.00766	0.00659	0.00216	0.01070	0.00538	0.00418	0.00987
108	0.02997	0.02092	0.02278	0.01746	0.02365	0.02286	0.01443	0.59583	0.03512	0.10820	0.01973	0.01934	0.01375	0.00933	0.00776	0.00233	0.00835	0.00706	0.00793	0.01319
109	0.01000	0.00789	0.00902	0.00873	0.01099	0.00690	0.00655	0.01275	0.01965	0.02564	0.35461	0.06689	0.39700	0.01788	0.00916	0.00254	0.00380	0.01528	0.00782	0.00690
110	0.01863	0.01619	0.01841	0.07118	0.05292	0.01865	0.01353	0.03767	0.55727	0.03073	0.02979	0.03032	0.02299	0.01060	0.00799	0.00265	0.00665	0.03474	0.00732	0.01177
111	0.00945	0.00675	0.00900	0.01080	0.01125	0.00630	0.00720	0.01080	0.01484	0.01979	0.04274	0.72245	0.05128	0.02429	0.00990	0.00315	0.00450	0.02204	0.00720	0.00630
112	0.01001	0.00698	0.00883	0.01007	0.01039	0.00667	0.00643	0.01094	0.01374	0.01833	0.03709	0.51531	0.04416	0.24114	0.01901	0.00450	0.00543	0.01872	0.00643	0.00580
113	0.00945	0.00675	0.00900	0.01080	0.01125	0.00630	0.00720	0.01080	0.01484	0.01979	0.04274	0.72245	0.05128	0.02429	0.00990	0.00315	0.00450	0.02204	0.00720	0.00630
114	0.02880	0.02146	0.02330	0.01797	0.02385	0.02403	0.01486	0.61920	0.03514	0.04724	0.01816	0.01853	0.01302	0.00954	0.00871	0.00238	0.04639	0.00697	0.00752	0.01293
115	0.00945	0.00675	0.00900	0.01080	0.01125	0.00630	0.00720	0.01080	0.01484	0.01979	0.04274	0.72245	0.05128	0.02429	0.00990	0.00315	0.00450	0.02204	0.00720	0.00630
116	0.00953	0.00678	0.00897	0.01069	0.01112	0.00635	0.00708	0.01082	0.01468	0.01957	0.04189	0.69152	0.05022	0.05667	0.01126	0.00335	0.00464	0.02155	0.00708	0.00622
117	0.01082	0.00786	0.01020	0.00974	0.01152	0.00723	0.00726	0.01430	0.02141	0.03011	0.61897	0.09423	0.09433	0.01644	0.00919	0.00248	0.00371	0.01454	0.00841	0.00723
118	0.01097	0.00793	0.01036	0.00975	0.01158	0.00732	0.00732	0.01463	0.02195	0.03109	0.67505	0.05792	0.07316	0.01585	0.00914	0.00244	0.00366	0.01402	0.00854	0.00732
119	0.14578	0.02068	0.02143	0.01666	0.02265	0.02302	0.01376	0.55588	0.03286	0.04669	0.01741	0.01769	0.01245	0.00898	0.00730	0.00234	0.00814	0.00655	0.00730	0.01245
120	0.02863	0.07119	0.02324	0.01918	0.02377	0.52348	0.01484	0.15749	0.02459	0.02503	0.01327	0.01484	0.01064	0.00819	0.00704	0.00205	0.01257	0.00535	0.00473	0.00990
121	0.01610	0.03615	0.57439	0.02205	0.03250	0.01781	0.07390	0.05069	0.01767	0.02596	0.04976	0.01904	0.01351	0.00784	0.00761	0.00246	0.01104	0.00649	0.00380	0.01123
122	0.13699	0.01355	0.01550	0.01310	0.01760	0.01389	0.01045	0.06922	0.16448	0.25843	0.14496	0.05719	0.02928	0.01114	0.00770	0.00248	0.00591	0.00911	0.00810	0.01094
123	0.00945	0.00675	0.00900	0.01080	0.01125	0.00630	0.00720	0.01080	0.01484	0.01979	0.04274	0.72245	0.05128	0.02429	0.00990	0.00315	0.00450	0.02204	0.00720	0.00630
124	0.01830	0.02092	0.04575	0.03268	0.04052	0.01961	0.65098	0.02484	0.01830	0.02484	0.01569	0.02092	0.01176	0.00654	0.00915	0.00261	0.01307	0.00915	0.00392	0.01046
125	0.01142	0.00904	0.01042	0.00997	0.01236	0.00864	0.00750	0.01688	0.10785	0.02728	0.35408	0.08918	0.27282	0.01680	0.00901	0.00256	0.00413	0.01447	0.00793	0.00768
126	0.01830	0.02092	0.04575	0.03268	0.04052	0.01961	0.65098	0.02484	0.01830	0.02484	0.01569	0.02092	0.01176	0.00654	0.00915	0.00261	0.01307	0.00915	0.00392	0.01046
127	0.01876	0.01395	0.04975	0.01341	0.01747	0.01322	0.01106	0.05329	0.23668	0.14284	0.29070	0.03918	0.04183	0.01231	0.00835	0.00249	0.00558	0.01050	0.00820	0.01041
128	0.01197	0.00863	0.01079	0.01168	0.01286	0.00853	0.00815	0.09167	0.01756	0.02345	0.03970	0.63386	0.04649	0.02241	0.00963	0.00305	0.00501	0.02015	0.00727	0.00716
129	0.01919	0.01842	0.03147	0.04759	0.67914	0.01842	0.02380	0.02380	0.01765	0.02533	0.01458	0.01919	0.01228	0.00691	0.00768	0.00230	0.00921	0.00691	0.00384	0.01228
130	0.01086	0.00792	0.01021	0.00963	0.01151	0.00727	0.00723	0.01441	0.02168	0.03045	0.63726	0.05898	0.11135	0.01609	0.00915	0.00245	0.00368	0.01417	0.00845	0.00727
131	0.00945	0.00675	0.00900	0.01080	0.01125	0.00630	0.00720	0.01080	0.01484	0.01979	0.04274	0.72245	0.05128	0.02429	0.00990	0.00315	0.00450	0.02204	0.00720	0.00630
132	0.01097	0.00793	0.01036	0.00975	0.01158	0.00732	0.00732	0.01463	0.02195	0.03109	0.67505	0.05792	0.07316	0.01585	0.00914	0.00244	0.00366	0.01402	0.00854	0.00732
133	0.02896	0.03695	0.02197	0.01998	0.02397	0.69638	0.01498	0.03096	0.02197	0.01898	0.01199	0.01398	0.00999	0.00799	0.00699	0.00200	0.01398	0.00499	0.00400	0.00899
134	0.00974	0.00700	0.00930	0.01103	0.01169	0.00656	0.00767	0.01133	0.01524	0.02017	0.04390	0.63616	0.07379	0.02384	0.00995	0.00317	0.00474	0.08115	0.00719	0.00639
135	0.02947	0.02172	0.02327	0.01784	0.02404	0.02404	0.01474	0.65329	0.03646	0.04887	0.01862	0.01862	0.01319	0.00931	0.00776	0.00233	0.00853	0.00698	0.00776	0.01319
136	0.03048	0.02011	0.02228	0.01708	0.02324	0.02166	0.01411	0.53738	0.03377	0.16856	0.02087	0.02008	0.01432	0.00936	0.00776	0.00234	0.00817	0.00713	0.00810	0.01319
137	0.02863	0.06479	0.02272	0.01971	0.02381	0.66973	0.01491	0.03065	0.02172	0.01895	0.01194	0.01392	0.00999	0.00794	0.00691	0.00198	0.01375	0.00496	0.00397	0.00903
138	0.01608	0.01378	0.01608	0.01148	0.01837	0.01034	0.00919	0.01952	0.01608	0.02527	0.01378	0.01608	0.01148	0.00574	0.00574	0.00115	0.00574	0.00459	0.00459	0.77491
139	0.02008	0.64476	0.12231	0.01438	0.02163	0.02908	0.01521	0.02339	0.01583	0.01904	0.01118	0.01293	0.00993	0.00673	0.00528	0.00176	0.00869	0.00435	0.00331	0.01014
140	0.01183	0.00855	0.01167	0.01333	0.01499	0.00839	0.01128	0.01498	0.01743	0.02257	0.04407	0.17323	0.09253	0.02168	0.01048	0.00344	0.00654	0.49888	0.00715	0.00698
141	0.01152	0.00856	0.01114	0.01223	0.01422	0.00817	0.01033	0.01472	0.01827	0.02355	0.12139	0.08106	0.19921	0.02037	0.01016	0.00321	0.00598	0.41158	0.00731	0.00702
142	0.01991	0.62259	0.14303	0.01467	0.02206	0.02867	0.01570	0.02343	0.01585	0.01924	0.01128	0.01306	0.00993	0.00675	0.00535	0.00178	0.00879	0.00440	0.00331	0.01019
143	0.02028	0.67215	0.09672	0.01403	0.02109	0.02958	0.01460	0.02333	0.01581	0.01879	0.01105	0.01278	0.00994	0.00670	0.00518	0.00173	0.00857	0.00428	0.00331	0.01008
144	0.00916	0.00785	0.00785	0.00785	0.01047	0.00655	0.00589	0.01113	0.01767	0.02095	0.07855	0.07462	0.67599	0.01964	0.00916	0.00262	0.00393	0.01636	0.00720	0.00655
145	0.01095	0.00790	0.01039	0.01011	0.01184	0.00734	0.00763	0.01444	0.02117	0.02976	0.58874	0.10914	0.06976	0.01682	0.00930	0.00256	0.00394	0.05263	0.00835	0.00723
146	0.01803	0.02038	0.04408	0.08294	0.04148	0.01943	0.60420	0.02446	0.01809	0.02446	0.01554	0.02090	0.01166	0.00663	0.00905	0.00261	0.01287	0.00898	0.00389	0.01032
147	0.03309	0.01309	0.01762	0.01369	0.01943	0.01151	0.01124	0.03685	0.04714	0.62910	0.06030	0.02794	0.02185	0.00992	0.00786	0.00241	0.00644	0.00812	0.00948	0.01289
148	0.01830	0.02092	0.04575	0.03268	0.04052	0.01961	0.65098	0.02484	0.01830	0.02484	0.01569	0.02092	0.01176	0.00654	0.00915	0.00261	0.01307	0.00915	0.00392	0.01046
149	0.03479	0.01320	0.01799	0.01380	0.01979	0.01140	0.01140	0.03779	0.02219	0.68451	0.03059	0.02639	0.01919	0.00960	0.00780	0.00240	0.00660	0.00780	0.00960	0.01320
