[name]
unknown

[dist]
# distance from previous block
# <min> <max>
16	25

[block]
# block no. 0 follows, 26 sequences, length 53
# corresponding to MSA columns:
# 27-79
name=unknown_A
#
# <colnr> <probs for GDERKNQSTAVLIFYWHMCP>
#	G	D	E	R	K	N	Q	S	T	A	V	L	I	F	Y	W	H	M	C	P
0	0.19931	0.35106	0.07396	0.01567	0.03780	0.04161	0.03401	0.02584	0.01701	0.11209	0.01537	0.01721	0.01235	0.00826	0.00638	0.00232	0.00843	0.00549	0.00504	0.01078
1	0.01414	0.00707	0.00707	0.00707	0.00884	0.00707	0.00530	0.01767	0.01591	0.02828	0.02474	0.02828	0.01944	0.00884	0.00530	0.00177	0.00353	0.00707	0.77554	0.00707
2	0.65965	0.01470	0.01263	0.03877	0.01693	0.01672	0.00922	0.04714	0.01464	0.09368	0.01272	0.01408	0.00942	0.00735	0.00518	0.00235	0.00618	0.00463	0.00517	0.00882
3	0.03403	0.01291	0.01760	0.01350	0.01936	0.01115	0.01115	0.03697	0.02171	0.69137	0.02992	0.02582	0.01878	0.00939	0.00763	0.00235	0.00645	0.00763	0.00939	0.01291
4	0.02046	0.01561	0.01688	0.01483	0.01927	0.01743	0.01163	0.06897	0.52525	0.10685	0.03304	0.03034	0.06388	0.01069	0.00778	0.00253	0.00603	0.00885	0.00786	0.01180
5	0.01103	0.00735	0.00827	0.00827	0.00827	0.00735	0.00460	0.01103	0.01103	0.01471	0.02390	0.04964	0.02758	0.73343	0.03861	0.00735	0.00735	0.01103	0.00460	0.00460
6	0.02090	0.01709	0.01892	0.01677	0.05228	0.01863	0.01267	0.20393	0.36676	0.03485	0.04630	0.02453	0.02001	0.00940	0.00746	0.00229	0.00665	0.00769	0.00712	0.10576
7	0.01490	0.01407	0.02379	0.62840	0.13453	0.01700	0.02135	0.01989	0.01544	0.02008	0.01358	0.02003	0.01036	0.00748	0.00757	0.00249	0.00997	0.00674	0.00342	0.00889
8	0.01673	0.02719	0.29484	0.06601	0.08869	0.01836	0.32893	0.02384	0.01697	0.02396	0.01449	0.01859	0.01073	0.00680	0.00809	0.00247	0.01173	0.00736	0.00356	0.01065
9	0.01428	0.00820	0.01198	0.08058	0.01496	0.00868	0.00852	0.05200	0.01204	0.01598	0.01352	0.02247	0.01285	0.02339	0.02605	0.65284	0.00705	0.00662	0.00357	0.00441
10	0.01566	0.01484	0.02516	0.51481	0.24221	0.01720	0.02173	0.02055	0.01580	0.02100	0.01372	0.01979	0.01068	0.00734	0.00756	0.00245	0.00978	0.00675	0.00349	0.00950
11	0.00949	0.00663	0.00871	0.01038	0.01089	0.00621	0.00695	0.01093	0.01459	0.01982	0.04093	0.69234	0.04858	0.02299	0.00946	0.00301	0.00436	0.02082	0.04670	0.00621
12	0.01725	0.04969	0.14298	0.12432	0.37856	0.01800	0.08800	0.02256	0.01669	0.02345	0.01494	0.04213	0.01250	0.00746	0.00758	0.00235	0.00972	0.00717	0.00371	0.01095
13	0.01552	0.03711	0.62072	0.02279	0.03360	0.01779	0.09931	0.02405	0.01623	0.02405	0.01381	0.01652	0.00982	0.00711	0.00740	0.00242	0.01139	0.00598	0.00327	0.01110
14	0.01659	0.01659	0.02323	0.01991	0.01991	0.02323	0.01659	0.01825	0.01162	0.01825	0.00996	0.01659	0.00996	0.01328	0.02489	0.00332	0.71955	0.00664	0.00332	0.00830
15	0.01635	0.03550	0.57421	0.02277	0.03326	0.01758	0.11753	0.02458	0.01651	0.05075	0.01451	0.01704	0.01025	0.00718	0.00747	0.00242	0.01125	0.00616	0.00354	0.01114
16	0.02172	0.01800	0.01818	0.01584	0.02043	0.06321	0.01243	0.11925	0.50727	0.07466	0.02795	0.02590	0.02069	0.00992	0.00764	0.00248	0.00683	0.00805	0.00756	0.01197
17	0.01325	0.00895	0.01122	0.01039	0.01273	0.00854	0.00787	0.01832	0.08547	0.08318	0.49145	0.08866	0.09998	0.01517	0.00876	0.00245	0.00411	0.01328	0.00822	0.00801
18	0.01659	0.01659	0.02323	0.01991	0.01991	0.02323	0.01659	0.01825	0.01162	0.01825	0.00996	0.01659	0.00996	0.01328	0.02489	0.00332	0.71955	0.00664	0.00332	0.00830
19	0.01887	0.01629	0.01715	0.01544	0.01972	0.01887	0.01201	0.04031	0.67241	0.03173	0.03087	0.02830	0.02315	0.01029	0.00772	0.00257	0.00600	0.00858	0.00772	0.01201
20	0.78701	0.01467	0.01115	0.00997	0.01467	0.01702	0.00821	0.02230	0.01291	0.03403	0.01056	0.01232	0.00821	0.00704	0.00469	0.00235	0.00587	0.00411	0.00469	0.00821
21	0.02557	0.02086	0.20610	0.01842	0.05035	0.01393	0.06875	0.03105	0.03948	0.38157	0.04931	0.02370	0.01761	0.00871	0.00767	0.00238	0.00825	0.00741	0.00692	0.01194
22	0.01450	0.01382	0.02381	0.68237	0.05164	0.01696	0.05170	0.01962	0.01530	0.01962	0.01357	0.02023	0.01018	0.00753	0.00765	0.00253	0.01024	0.00685	0.00339	0.00851
23	0.01546	0.01320	0.01544	0.01121	0.01769	0.00995	0.00891	0.01875	0.01568	0.02450	0.01465	0.04514	0.01284	0.00637	0.00579	0.00120	0.00557	0.00520	0.00460	0.74787
24	0.01301	0.00866	0.01085	0.01062	0.01160	0.00976	0.00797	0.01513	0.01420	0.02249	0.04720	0.16353	0.02556	0.05249	0.06893	0.05259	0.12455	0.01028	0.32387	0.00672
25	0.01779	0.01632	0.03083	0.13264	0.14296	0.01590	0.28509	0.02266	0.01741	0.08138	0.03951	0.08427	0.01733	0.00868	0.00827	0.00244	0.00977	0.00916	0.00470	0.05290
26	0.01414	0.00707	0.00707	0.00707	0.00884	0.00707	0.00530	0.01767	0.01591	0.02828	0.02474	0.02828	0.01944	0.00884	0.00530	0.00177	0.00353	0.00707	0.77554	0.00707
27	0.05107	0.04208	0.05019	0.01451	0.04580	0.01378	0.01167	0.02822	0.15553	0.18138	0.04313	0.02196	0.01729	0.00802	0.00673	0.00193	0.00633	0.00650	0.00631	0.28758
28	0.01428	0.01220	0.09187	0.01115	0.01472	0.00884	0.00985	0.01795	0.01970	0.12156	0.37446	0.05017	0.16708	0.04089	0.00965	0.00260	0.00508	0.01221	0.00751	0.00823
29	0.02618	0.01661	0.08123	0.01428	0.02062	0.01346	0.01263	0.11709	0.05314	0.34708	0.04913	0.02313	0.01786	0.00866	0.00723	0.00211	0.00686	0.00698	0.00744	0.16828
30	0.62894	0.10176	0.01535	0.01080	0.01582	0.01855	0.00917	0.04811	0.01453	0.06421	0.01179	0.01318	0.00909	0.00717	0.00497	0.00226	0.00626	0.00438	0.00486	0.00881
31	0.01414	0.00707	0.00707	0.00707	0.00884	0.00707	0.00530	0.01767	0.01591	0.02828	0.02474	0.02828	0.01944	0.00884	0.00530	0.00177	0.00353	0.00707	0.77554	0.00707
32	0.65668	0.01597	0.04753	0.01141	0.01620	0.01713	0.00994	0.02292	0.01346	0.06801	0.01173	0.01352	0.00897	0.00758	0.00629	0.00241	0.05232	0.00454	0.00478	0.00863
33	0.06280	0.01302	0.02076	0.58521	0.04512	0.01608	0.01884	0.01873	0.01486	0.02027	0.01577	0.08414	0.01364	0.00920	0.00812	0.00259	0.03094	0.00792	0.00379	0.00820
34	0.02050	0.01720	0.02446	0.36122	0.08128	0.01967	0.05304	0.27163	0.02349	0.03115	0.01549	0.01935	0.01140	0.00806	0.00765	0.00241	0.00949	0.00690	0.00508	0.01051
35	0.01102	0.00740	0.00853	0.00853	0.00861	0.00749	0.00491	0.01119	0.01111	0.01489	0.02367	0.04835	0.02702	0.68968	0.08159	0.00767	0.00819	0.01084	0.00456	0.00474
36	0.02233	0.01800	0.02163	0.04183	0.14711	0.01983	0.01491	0.29073	0.22438	0.03560	0.02156	0.02349	0.01673	0.05582	0.00962	0.00270	0.00774	0.00762	0.00659	0.01179
37	0.01432	0.01348	0.02275	0.71520	0.05224	0.01685	0.02107	0.01938	0.01517	0.01938	0.01348	0.02022	0.01011	0.00758	0.00758	0.00253	0.01011	0.00674	0.00337	0.00843
38	0.01884	0.01814	0.02858	0.11929	0.48928	0.04186	0.04364	0.04223	0.07604	0.02518	0.01571	0.01966	0.01271	0.00726	0.00757	0.00231	0.00915	0.00693	0.00418	0.01145
39	0.02786	0.01814	0.02093	0.01749	0.05582	0.01934	0.01359	0.42378	0.05649	0.18179	0.02133	0.02104	0.01497	0.01085	0.03327	0.00265	0.00816	0.00712	0.03296	0.01240
40	0.01659	0.01659	0.02323	0.01991	0.01991	0.02323	0.01659	0.01825	0.01162	0.01825	0.00996	0.01659	0.00996	0.01328	0.02489	0.00332	0.71955	0.00664	0.00332	0.00830
41	0.00924	0.00660	0.00880	0.01056	0.01100	0.00616	0.00704	0.01056	0.01452	0.01936	0.04181	0.72848	0.05017	0.02376	0.00968	0.00308	0.00440	0.02156	0.00704	0.00616
42	0.02208	0.01980	0.02327	0.30088	0.09100	0.10934	0.01787	0.26640	0.02401	0.03060	0.01513	0.01847	0.01129	0.00813	0.00748	0.00233	0.00981	0.00653	0.00509	0.01049
43	0.01455	0.01362	0.02247	0.68035	0.05062	0.01695	0.02061	0.02042	0.04790	0.01999	0.01435	0.02062	0.01076	0.00772	0.00759	0.00253	0.00991	0.00683	0.00359	0.00860
44	0.01659	0.01659	0.02323	0.01991	0.01991	0.02323	0.01659	0.01825	0.01162	0.01825	0.00996	0.01659	0.00996	0.01328	0.02489	0.00332	0.71955	0.00664	0.00332	0.00830
45	0.01807	0.01286	0.04421	0.01746	0.05404	0.01168	0.07842	0.02321	0.06999	0.16391	0.03254	0.11834	0.03121	0.01520	0.00915	0.00294	0.00740	0.27314	0.00692	0.00930
46	0.01161	0.00872	0.01146	0.05586	0.01487	0.00902	0.00881	0.06288	0.01662	0.02241	0.09604	0.51020	0.04422	0.04801	0.01105	0.00309	0.03372	0.01773	0.00673	0.00695
47	0.08773	0.01743	0.05008	0.07140	0.10806	0.01647	0.34489	0.02250	0.01695	0.05089	0.01944	0.06832	0.03678	0.00840	0.00808	0.00248	0.00995	0.00894	0.04148	0.00972
48	0.01659	0.01659	0.02323	0.01991	0.01991	0.02323	0.01659	0.01825	0.01162	0.01825	0.00996	0.01659	0.00996	0.01328	0.02489	0.00332	0.71955	0.00664	0.00332	0.00830
49	0.07956	0.06360	0.06161	0.14479	0.11416	0.01940	0.05095	0.09665	0.23540	0.02882	0.01954	0.02113	0.01485	0.00834	0.00727	0.00240	0.00816	0.00704	0.00543	0.01088
50	0.69918	0.01746	0.08887	0.01130	0.01674	0.01708	0.01047	0.02249	0.01326	0.03289	0.01091	0.01274	0.00837	0.00706	0.00498	0.00235	0.00648	0.00428	0.00452	0.00856
51	0.01294	0.01381	0.09395	0.05494	0.09348	0.01120	0.05429	0.01773	0.04268	0.02613	0.32283	0.12403	0.04442	0.04208	0.00974	0.00268	0.00635	0.01198	0.00635	0.00839
52	0.01920	0.01766	0.02975	0.06511	0.58068	0.01780	0.04411	0.02464	0.05279	0.05112	0.01579	0.01967	0.01280	0.00707	0.00758	0.00229	0.00892	0.00697	0.00418	0.01187

[dist]
# distance from previous block
# <min> <max>
5	12

[block]
# block no. 1 follows, 26 sequences, length 22
# corresponding to MSA columns:
# 92-113
name=unknown_B
#
# <colnr> <probs for GDERKNQSTAVLIFYWHMCP>
#	G	D	E	R	K	N	Q	S	T	A	V	L	I	F	Y	W	H	M	C	P
0	0.12096	0.02115	0.01904	0.01596	0.02096	0.15436	0.01270	0.22633	0.19132	0.11033	0.02057	0.02004	0.01500	0.00893	0.00712	0.00231	0.00827	0.00665	0.00674	0.01128
1	0.01414	0.00707	0.00707	0.00707	0.00884	0.00707	0.00530	0.01767	0.01591	0.02828	0.02474	0.02828	0.01944	0.00884	0.00530	0.00177	0.00353	0.00707	0.77554	0.00707
2	0.28175	0.05322	0.01727	0.01425	0.03787	0.07305	0.01113	0.05272	0.16512	0.16661	0.01970	0.01932	0.01434	0.00831	0.00638	0.00228	0.00694	0.00609	0.00627	0.03738
3	0.04102	0.01755	0.02877	0.06709	0.52965	0.03737	0.06038	0.02238	0.01701	0.02421	0.01625	0.07350	0.01468	0.00812	0.00767	0.00234	0.00897	0.00790	0.00403	0.01110
4	0.02614	0.01864	0.02172	0.08814	0.05489	0.02049	0.01475	0.40673	0.12093	0.11770	0.02073	0.02076	0.01472	0.00905	0.00761	0.00235	0.00800	0.00716	0.00722	0.01229
5	0.01103	0.00735	0.00827	0.00827	0.00827	0.00735	0.00460	0.01103	0.01103	0.01471	0.02390	0.04964	0.02758	0.73343	0.03861	0.00735	0.00735	0.01103	0.00460	0.00460
6	0.01094	0.00801	0.01071	0.01034	0.01121	0.00801	0.03508	0.01218	0.01299	0.01755	0.07071	0.13768	0.06439	0.41105	0.14028	0.00681	0.00893	0.01229	0.00517	0.00568
7	0.04800	0.04901	0.02007	0.01637	0.02012	0.20857	0.03685	0.14338	0.06365	0.07518	0.01850	0.05073	0.01598	0.08385	0.06054	0.00350	0.06340	0.00744	0.00541	0.00945
8	0.02797	0.01476	0.01891	0.04795	0.05467	0.01440	0.01258	0.14305	0.08443	0.38636	0.02591	0.05095	0.01820	0.00955	0.00758	0.00232	0.00691	0.00785	0.00798	0.05770
9	0.14495	0.36701	0.03037	0.08541	0.02386	0.08354	0.05353	0.06371	0.01680	0.02302	0.01171	0.01422	0.00985	0.00724	0.00653	0.00203	0.03791	0.00499	0.00387	0.00945
10	0.02068	0.02056	0.02921	0.08073	0.45161	0.10692	0.06343	0.08810	0.01958	0.02593	0.01436	0.01826	0.01166	0.00716	0.00753	0.00225	0.00987	0.00667	0.00414	0.01135
11	0.00939	0.00672	0.00894	0.01046	0.01103	0.00626	0.00705	0.01094	0.01522	0.02047	0.10618	0.66094	0.05232	0.02293	0.00961	0.00301	0.00432	0.02077	0.00717	0.00626
12	0.01848	0.01806	0.03182	0.07574	0.59207	0.01809	0.08705	0.02320	0.01724	0.02448	0.01434	0.01901	0.01188	0.00676	0.00766	0.00230	0.00944	0.00698	0.00375	0.01167
13	0.05150	0.01397	0.02296	0.61800	0.11080	0.01697	0.02066	0.01989	0.01526	0.02059	0.01342	0.01971	0.01020	0.00748	0.00744	0.00249	0.00980	0.00662	0.00347	0.00876
14	0.01659	0.01659	0.02323	0.01991	0.01991	0.02323	0.01659	0.01825	0.01162	0.01825	0.00996	0.01659	0.00996	0.01328	0.02489	0.00332	0.71955	0.00664	0.00332	0.00830
15	0.01596	0.00979	0.01382	0.01216	0.01510	0.00905	0.04873	0.01986	0.04537	0.16150	0.33237	0.14257	0.08893	0.01508	0.00879	0.00255	0.00509	0.03683	0.00794	0.00851
16	0.08424	0.01456	0.02411	0.40581	0.08064	0.01699	0.10535	0.02005	0.01518	0.02194	0.01477	0.04712	0.01216	0.00847	0.00893	0.00256	0.06796	0.00739	0.03306	0.00873
17	0.01227	0.00871	0.01170	0.01131	0.01286	0.00966	0.00857	0.05388	0.01465	0.02120	0.07966	0.03390	0.02441	0.13397	0.44965	0.00914	0.01490	0.00882	0.07379	0.00693
18	0.02839	0.01319	0.01709	0.04410	0.01996	0.01252	0.01130	0.09589	0.06271	0.45838	0.09913	0.02843	0.02387	0.00998	0.00768	0.00234	0.00635	0.00821	0.03868	0.01180
19	0.01659	0.01659	0.02323	0.01991	0.01991	0.02323	0.01659	0.01825	0.01162	0.01825	0.00996	0.01659	0.00996	0.01328	0.02489	0.00332	0.71955	0.00664	0.00332	0.00830
20	0.63517	0.01607	0.04247	0.01132	0.01650	0.01701	0.00977	0.06916	0.01541	0.09038	0.01288	0.01405	0.00951	0.00739	0.00526	0.00234	0.00633	0.00467	0.00523	0.00908
21	0.01979	0.41200	0.22239	0.01724	0.02478	0.11462	0.05003	0.02416	0.01651	0.02001	0.01181	0.01387	0.00979	0.00686	0.00599	0.00193	0.00996	0.00485	0.00335	0.01005

[dist]
# distance from previous block
# <min> <max>
0	2

[block]
# block no. 2 follows, 26 sequences, length 25
# corresponding to MSA columns:
# 116-140
name=unknown_C
#
# <colnr> <probs for GDERKNQSTAVLIFYWHMCP>
#	G	D	E	R	K	N	Q	S	T	A	V	L	I	F	Y	W	H	M	C	P
0	0.02210	0.02253	0.10869	0.03023	0.27264	0.09330	0.09125	0.09641	0.03659	0.10352	0.01655	0.01899	0.01251	0.00776	0.00816	0.00233	0.03330	0.00681	0.00487	0.01144
1	0.01371	0.03129	0.01452	0.03266	0.03762	0.01189	0.01033	0.09283	0.01576	0.02203	0.02277	0.03051	0.05330	0.07747	0.45505	0.00887	0.01558	0.00829	0.03781	0.00770
2	0.01102	0.00739	0.00847	0.00847	0.00853	0.00746	0.00484	0.01116	0.01109	0.01485	0.02372	0.04865	0.02715	0.69982	0.07163	0.00759	0.00800	0.01089	0.00457	0.00470
3	0.02019	0.01931	0.03318	0.04487	0.58802	0.01890	0.10300	0.02434	0.01827	0.02608	0.01602	0.02119	0.01349	0.00783	0.00837	0.00259	0.00996	0.00753	0.00434	0.01253
4	0.01414	0.00707	0.00707	0.00707	0.00884	0.00707	0.00530	0.01767	0.01591	0.02828	0.02474	0.02828	0.01944	0.00884	0.00530	0.00177	0.00353	0.00707	0.77554	0.00707
5	0.02205	0.02342	0.04894	0.05439	0.04197	0.21775	0.01487	0.11209	0.19962	0.02681	0.01798	0.01933	0.01404	0.00908	0.00925	0.00232	0.09153	0.00650	0.00534	0.06270
6	0.01681	0.01806	0.08199	0.04484	0.02899	0.01614	0.32642	0.09326	0.01830	0.02497	0.05179	0.02778	0.01802	0.15039	0.04479	0.00386	0.01087	0.00899	0.00459	0.00915
7	0.01762	0.01494	0.05696	0.01219	0.01884	0.01094	0.01043	0.04148	0.01726	0.08992	0.04976	0.01891	0.01503	0.00670	0.00614	0.00142	0.00602	0.00541	0.00519	0.59481
8	0.21720	0.07769	0.02247	0.01917	0.06610	0.35301	0.06365	0.02709	0.01835	0.05274	0.01260	0.01463	0.01006	0.00741	0.00640	0.00211	0.01062	0.00519	0.00428	0.00922
9	0.01414	0.00707	0.00707	0.00707	0.00884	0.00707	0.00530	0.01767	0.01591	0.02828	0.02474	0.02828	0.01944	0.00884	0.00530	0.00177	0.00353	0.00707	0.77554	0.00707
10	0.02179	0.05983	0.02013	0.01538	0.02011	0.01808	0.03462	0.26325	0.16711	0.08124	0.05887	0.08518	0.02206	0.01388	0.05496	0.00303	0.00796	0.00883	0.00700	0.03669
11	0.01212	0.01006	0.01598	0.01942	0.14224	0.00972	0.05523	0.01474	0.01575	0.02126	0.03450	0.44208	0.03923	0.01889	0.00935	0.00295	0.00626	0.11634	0.00619	0.00768
12	0.02111	0.01625	0.01770	0.01549	0.01999	0.01826	0.01233	0.13418	0.47613	0.08511	0.02951	0.03066	0.02270	0.01080	0.00789	0.00258	0.00647	0.05321	0.00778	0.01185
13	0.01103	0.00735	0.00827	0.00827	0.00827	0.00735	0.00460	0.01103	0.01103	0.01471	0.02390	0.04964	0.02758	0.73343	0.03861	0.00735	0.00735	0.01103	0.00460	0.00460
14	0.01687	0.01608	0.02734	0.33313	0.41444	0.01752	0.02233	0.02161	0.01637	0.02247	0.01393	0.01939	0.01120	0.00711	0.00754	0.00237	0.00948	0.00675	0.00359	0.01048
15	0.01877	0.01802	0.03079	0.04656	0.68612	0.01802	0.02328	0.02328	0.01727	0.02478	0.01427	0.01877	0.01201	0.00676	0.00751	0.00225	0.00901	0.00676	0.00375	0.01201
16	0.01432	0.01348	0.02275	0.71520	0.05224	0.01685	0.02107	0.01938	0.01517	0.01938	0.01348	0.02022	0.01011	0.00758	0.00758	0.00253	0.01011	0.00674	0.00337	0.00843
17	0.01547	0.01422	0.02377	0.49362	0.21375	0.01649	0.02057	0.02028	0.01576	0.02139	0.01445	0.02039	0.01124	0.00745	0.00741	0.00240	0.00938	0.00677	0.05593	0.00926
18	0.01940	0.01018	0.01440	0.06143	0.04650	0.00960	0.01087	0.02212	0.01809	0.26239	0.07358	0.26992	0.03496	0.01588	0.00877	0.00276	0.00602	0.09640	0.00757	0.00916
19	0.01043	0.00734	0.00957	0.01027	0.01083	0.00750	0.00698	0.01170	0.01285	0.01742	0.03015	0.28238	0.03428	0.29310	0.18066	0.00678	0.00930	0.04723	0.00545	0.00577
20	0.01831	0.01755	0.02995	0.11584	0.62043	0.01790	0.02305	0.02287	0.01705	0.02422	0.01419	0.01892	0.01182	0.00684	0.00752	0.00228	0.00913	0.00676	0.00371	0.01164
21	0.01141	0.00939	0.03182	0.01210	0.01382	0.00845	0.03023	0.05876	0.01705	0.02277	0.08389	0.50108	0.08433	0.02060	0.00940	0.00294	0.00526	0.06269	0.00694	0.00707
22	0.01659	0.01659	0.02323	0.01991	0.01991	0.02323	0.01659	0.01825	0.01162	0.01825	0.00996	0.01659	0.00996	0.01328	0.02489	0.00332	0.71955	0.00664	0.00332	0.00830
23	0.00971	0.00734	0.01073	0.01171	0.01254	0.00686	0.04197	0.01130	0.01470	0.01963	0.04039	0.69053	0.04809	0.02283	0.00964	0.00305	0.00485	0.02089	0.00687	0.00638
24	0.02175	0.01861	0.02837	0.02945	0.24685	0.09270	0.17764	0.02591	0.01879	0.15619	0.02269	0.02606	0.06218	0.00866	0.00802	0.00238	0.00954	0.02812	0.00525	0.01082

[dist]
# distance from previous block
# <min> <max>
5	7

[block]
# block no. 3 follows, 26 sequences, length 51
# corresponding to MSA columns:
# 148-198
name=unknown_D
#
# <colnr> <probs for GDERKNQSTAVLIFYWHMCP>
#	G	D	E	R	K	N	Q	S	T	A	V	L	I	F	Y	W	H	M	C	P
0	0.04945	0.03953	0.02022	0.02078	0.15945	0.11004	0.01361	0.14619	0.04124	0.07893	0.15136	0.02636	0.02487	0.00949	0.00737	0.00218	0.00761	0.00779	0.04631	0.03722
1	0.01185	0.00799	0.00894	0.00870	0.00898	0.00810	0.00505	0.04099	0.01217	0.01623	0.02364	0.04819	0.02690	0.70003	0.03718	0.00712	0.00740	0.01084	0.00473	0.00498
2	0.01754	0.01656	0.02807	0.20895	0.50954	0.01739	0.02217	0.02215	0.01671	0.02357	0.01441	0.01943	0.01178	0.00703	0.00746	0.00230	0.00911	0.00676	0.02809	0.01098
3	0.01414	0.00707	0.00707	0.00707	0.00884	0.00707	0.00530	0.01767	0.01591	0.02828	0.02474	0.02828	0.01944	0.00884	0.00530	0.00177	0.00353	0.00707	0.77554	0.00707
4	0.02457	0.01928	0.02336	0.01986	0.06863	0.02096	0.06621	0.43765	0.11669	0.04020	0.02105	0.06924	0.01669	0.00991	0.00786	0.00239	0.00816	0.00826	0.00700	0.01203
5	0.01941	0.01875	0.05821	0.08293	0.49232	0.05472	0.02109	0.02385	0.01786	0.06984	0.05501	0.02120	0.01567	0.00759	0.00756	0.00228	0.00894	0.00708	0.00437	0.01134
6	0.02115	0.33114	0.05999	0.05087	0.09544	0.07954	0.01464	0.02627	0.08774	0.10004	0.01927	0.02011	0.04767	0.00813	0.00641	0.00204	0.00827	0.00616	0.00477	0.01036
7	0.61373	0.06640	0.04877	0.01139	0.01645	0.05642	0.00996	0.02302	0.01416	0.04747	0.02854	0.01405	0.01037	0.00733	0.00514	0.00228	0.00669	0.00456	0.00468	0.00859
8	0.01414	0.00707	0.00707	0.00707	0.00884	0.00707	0.00530	0.01767	0.01591	0.02828	0.02474	0.02828	0.01944	0.00884	0.00530	0.00177	0.00353	0.00707	0.77554	0.00707
9	0.34350	0.03219	0.01479	0.03782	0.01785	0.01517	0.01016	0.04956	0.09804	0.18137	0.06017	0.05442	0.01937	0.00969	0.00658	0.00243	0.00615	0.02441	0.00654	0.00978
10	0.02475	0.01307	0.03841	0.05284	0.05877	0.01156	0.03624	0.02834	0.01979	0.38543	0.06038	0.04018	0.02576	0.01199	0.00839	0.00263	0.00715	0.15576	0.00775	0.01081
11	0.05363	0.01489	0.01795	0.08016	0.09032	0.01683	0.01383	0.03176	0.40670	0.02853	0.02821	0.03536	0.02355	0.01131	0.00800	0.00268	0.00683	0.11213	0.00666	0.01068
12	0.01095	0.00732	0.00830	0.00838	0.00840	0.00730	0.00471	0.01101	0.01119	0.01492	0.02473	0.08106	0.02862	0.70058	0.03727	0.00716	0.00722	0.01152	0.00471	0.00467
13	0.04704	0.42262	0.17939	0.01580	0.02284	0.04433	0.01650	0.09746	0.01781	0.02330	0.01212	0.01397	0.01003	0.00732	0.00667	0.00198	0.04183	0.00486	0.00381	0.01028
14	0.02502	0.01935	0.02061	0.01668	0.02207	0.02174	0.01349	0.42319	0.27951	0.04165	0.02306	0.02207	0.01683	0.00956	0.00764	0.00239	0.00745	0.00750	0.00764	0.01256
15	0.01707	0.01642	0.02312	0.13013	0.02529	0.02224	0.01716	0.06225	0.01382	0.02045	0.01108	0.01728	0.01018	0.01209	0.02096	0.00312	0.55842	0.00667	0.00362	0.00863
16	0.01358	0.00953	0.01111	0.01007	0.01288	0.00899	0.00775	0.06042	0.05879	0.07818	0.33764	0.05578	0.27500	0.01560	0.00869	0.00245	0.00435	0.01329	0.00788	0.00800
17	0.07138	0.01625	0.07114	0.01437	0.02055	0.03278	0.01263	0.07225	0.02163	0.54635	0.02640	0.02353	0.01689	0.00903	0.00742	0.00234	0.00712	0.00716	0.00839	0.01241
18	0.01430	0.01295	0.02143	0.59828	0.08040	0.01573	0.01943	0.01905	0.01530	0.02027	0.01565	0.05459	0.01276	0.00840	0.00752	0.00249	0.00933	0.00747	0.05622	0.00841
19	0.01924	0.01940	0.02876	0.12918	0.53356	0.09174	0.02207	0.02354	0.01746	0.02342	0.01389	0.01841	0.01153	0.00698	0.00745	0.00226	0.00966	0.00655	0.00372	0.01121
20	0.03376	0.01334	0.01787	0.01370	0.01958	0.01179	0.01132	0.06954	0.02244	0.65777	0.02931	0.02542	0.01847	0.00937	0.00763	0.00234	0.00655	0.00759	0.00929	0.01291
21	0.01659	0.01659	0.02323	0.01991	0.01991	0.02323	0.01659	0.01825	0.01162	0.01825	0.00996	0.01659	0.00996	0.01328	0.02489	0.00332	0.71955	0.00664	0.00332	0.00830
22	0.06848	0.10708	0.55053	0.02045	0.03057	0.01890	0.05534	0.02378	0.01583	0.02409	0.01318	0.01559	0.00962	0.00708	0.00688	0.00233	0.01061	0.00551	0.00334	0.01081
23	0.01786	0.01709	0.02914	0.18366	0.55614	0.01778	0.02282	0.02248	0.01684	0.02367	0.01411	0.01907	0.01162	0.00693	0.00752	0.00231	0.00924	0.00675	0.00368	0.01128
24	0.01788	0.01659	0.02525	0.17586	0.36554	0.01802	0.01961	0.02732	0.20324	0.02564	0.01883	0.02178	0.01479	0.00793	0.00758	0.00240	0.00838	0.00727	0.00480	0.01127
25	0.01659	0.01659	0.02323	0.01991	0.01991	0.02323	0.01659	0.01825	0.01162	0.01825	0.00996	0.01659	0.00996	0.01328	0.02489	0.00332	0.71955	0.00664	0.00332	0.00830
26	0.02720	0.01504	0.05265	0.03995	0.02088	0.01354	0.01238	0.09822	0.11056	0.40728	0.03014	0.06657	0.04933	0.01055	0.00779	0.00243	0.00674	0.00870	0.00819	0.01186
27	0.78701	0.01467	0.01115	0.00997	0.01467	0.01702	0.00821	0.02230	0.01291	0.03403	0.01056	0.01232	0.00821	0.00704	0.00469	0.00235	0.00587	0.00411	0.00469	0.00821
28	0.01084	0.00813	0.01219	0.01219	0.01354	0.00948	0.00948	0.01354	0.01219	0.01761	0.02032	0.02980	0.01896	0.05689	0.70337	0.01219	0.02032	0.00813	0.00406	0.00677
29	0.01759	0.01427	0.02068	0.42443	0.03847	0.01636	0.01704	0.09453	0.04715	0.06430	0.01618	0.02042	0.01208	0.00802	0.00787	0.00232	0.03351	0.00664	0.04028	0.09786
30	0.01414	0.00707	0.00707	0.00707	0.00884	0.00707	0.00530	0.01767	0.01591	0.02828	0.02474	0.02828	0.01944	0.00884	0.00530	0.00177	0.00353	0.00707	0.77554	0.00707
31	0.01485	0.01274	0.01554	0.04530	0.01880	0.01060	0.00971	0.01794	0.01533	0.02341	0.01704	0.11023	0.01626	0.00851	0.00727	0.00157	0.04334	0.00697	0.00471	0.59988
32	0.01753	0.07259	0.07866	0.06154	0.07954	0.06223	0.06129	0.02149	0.04338	0.02030	0.01255	0.01760	0.01104	0.01177	0.03636	0.00308	0.36962	0.00656	0.00363	0.00923
33	0.02527	0.05834	0.01890	0.01422	0.03739	0.03443	0.01125	0.08751	0.05794	0.31003	0.06972	0.02370	0.01949	0.00867	0.00705	0.00201	0.00659	0.00698	0.00720	0.19334
34	0.14575	0.27731	0.14885	0.01636	0.02293	0.15477	0.03908	0.07346	0.01794	0.02427	0.01210	0.01395	0.00978	0.00716	0.00600	0.00203	0.00957	0.00490	0.00396	0.00983
35	0.01414	0.00707	0.00707	0.00707	0.00884	0.00707	0.00530	0.01767	0.01591	0.02828	0.02474	0.02828	0.01944	0.00884	0.00530	0.00177	0.00353	0.00707	0.77554	0.00707
36	0.01786	0.01900	0.03429	0.05209	0.11164	0.04909	0.37466	0.02305	0.01738	0.02401	0.01454	0.01880	0.01137	0.00636	0.00784	0.00215	0.01057	0.00736	0.00397	0.19398
37	0.01148	0.00834	0.01066	0.00994	0.01190	0.00800	0.00758	0.01464	0.01997	0.04945	0.50281	0.05555	0.16835	0.01732	0.03466	0.00281	0.03814	0.01337	0.00777	0.00726
38	0.01286	0.00902	0.01130	0.01102	0.01273	0.00901	0.00812	0.04405	0.05545	0.05510	0.27997	0.23327	0.06612	0.09172	0.01259	0.00318	0.02646	0.04330	0.00733	0.00741
39	0.01932	0.02780	0.39957	0.01863	0.02708	0.01528	0.04915	0.02705	0.06268	0.17371	0.08586	0.02333	0.01890	0.00870	0.00759	0.00241	0.00910	0.00722	0.00543	0.01119
40	0.01666	0.06462	0.02351	0.01893	0.05000	0.01906	0.06400	0.05155	0.01456	0.02139	0.01314	0.01864	0.01187	0.01721	0.12059	0.00405	0.33232	0.00655	0.00389	0.12744
41	0.01907	0.01620	0.01721	0.01547	0.01973	0.01864	0.01214	0.07092	0.60963	0.03214	0.03065	0.03042	0.02357	0.01072	0.00784	0.00260	0.00617	0.03737	0.00768	0.01182
42	0.01318	0.00659	0.00988	0.00988	0.00988	0.00659	0.00659	0.00988	0.00988	0.01318	0.01318	0.02306	0.01318	0.02635	0.02964	0.77931	0.00659	0.00659	0.00329	0.00329
43	0.51492	0.05897	0.01572	0.04293	0.01845	0.01894	0.01038	0.11905	0.08472	0.03423	0.01393	0.01519	0.01063	0.00768	0.00557	0.00232	0.00657	0.00509	0.00529	0.00940
44	0.01918	0.01827	0.02851	0.08029	0.54878	0.04800	0.02170	0.05911	0.01839	0.02540	0.01566	0.02202	0.01348	0.00771	0.00764	0.00232	0.00914	0.03883	0.00412	0.01146
45	0.01000	0.00715	0.00968	0.01143	0.01221	0.00682	0.00837	0.01188	0.01527	0.02022	0.04139	0.56409	0.04850	0.02304	0.00988	0.00319	0.00506	0.17843	0.00703	0.00637
46	0.01543	0.01514	0.02928	0.02324	0.05748	0.01462	0.35266	0.02011	0.01708	0.02425	0.06266	0.10361	0.05852	0.01027	0.00916	0.00251	0.04262	0.01051	0.12195	0.00890
47	0.01971	0.01981	0.02987	0.04390	0.62091	0.08542	0.02243	0.02397	0.01769	0.02417	0.01402	0.01827	0.01179	0.00686	0.00744	0.00222	0.00947	0.00657	0.00377	0.01170
48	0.01659	0.01659	0.02323	0.01991	0.01991	0.02323	0.01659	0.01825	0.01162	0.01825	0.00996	0.01659	0.00996	0.01328	0.02489	0.00332	0.71955	0.00664	0.00332	0.00830
49	0.01443	0.00963	0.01288	0.03637	0.01673	0.00969	0.01139	0.01919	0.07579	0.08645	0.05667	0.15246	0.06021	0.01862	0.00968	0.00316	0.00643	0.38509	0.00721	0.00792
50	0.02772	0.01308	0.01856	0.05612	0.02166	0.01203	0.05532	0.03222	0.06704	0.47951	0.03355	0.03086	0.09639	0.01030	0.00788	0.00241	0.00676	0.00872	0.00825	0.01163

[dist]
# distance from previous block
# <min> <max>
0	1

[block]
# block no. 4 follows, 26 sequences, length 98
# corresponding to MSA columns:
# 200-297
name=unknown_E
#
# <colnr> <probs for GDERKNQSTAVLIFYWHMCP>
#	G	D	E	R	K	N	Q	S	T	A	V	L	I	F	Y	W	H	M	C	P
0	0.01911	0.01870	0.05990	0.03527	0.42308	0.01820	0.05650	0.07205	0.13746	0.02776	0.01799	0.02079	0.01424	0.00765	0.00754	0.00232	0.00853	0.00717	0.03400	0.01175
1	0.01650	0.01647	0.02321	0.04861	0.02125	0.02297	0.01678	0.01830	0.01176	0.01830	0.01010	0.01674	0.00996	0.01304	0.02418	0.00329	0.69027	0.00664	0.00332	0.00830
2	0.01702	0.01408	0.01753	0.01382	0.04387	0.01158	0.03379	0.04498	0.04873	0.05035	0.01617	0.04125	0.01351	0.00680	0.00620	0.00144	0.00612	0.00572	0.00498	0.60205
3	0.08445	0.01223	0.01567	0.01252	0.01740	0.01120	0.01018	0.05608	0.02157	0.46967	0.17301	0.03137	0.02949	0.01056	0.00770	0.00235	0.00585	0.00869	0.00874	0.01128
4	0.02134	0.01722	0.02042	0.04635	0.11553	0.01913	0.01432	0.18918	0.35215	0.05617	0.04908	0.02514	0.02023	0.00956	0.00769	0.00244	0.00708	0.00798	0.00704	0.01194
5	0.01136	0.00824	0.01023	0.00997	0.01033	0.00900	0.00658	0.01211	0.01151	0.01576	0.02370	0.04367	0.04457	0.51522	0.17440	0.00789	0.06536	0.01024	0.00446	0.00539
6	0.01917	0.01540	0.01674	0.01439	0.01897	0.01657	0.01127	0.11693	0.39777	0.05331	0.02913	0.07859	0.04620	0.01075	0.00759	0.00235	0.00608	0.00896	0.00721	0.12263
7	0.01414	0.00707	0.00707	0.00707	0.00884	0.00707	0.00530	0.01767	0.01591	0.02828	0.02474	0.02828	0.01944	0.00884	0.00530	0.00177	0.00353	0.00707	0.77554	0.00707
8	0.07635	0.01720	0.02674	0.07118	0.19554	0.01730	0.14822	0.13791	0.02028	0.05364	0.01724	0.02339	0.01412	0.00818	0.00763	0.00231	0.00889	0.05227	0.00503	0.09659
9	0.01360	0.01130	0.04761	0.01329	0.01631	0.00980	0.07350	0.01851	0.06735	0.07415	0.35464	0.18793	0.05078	0.01511	0.00883	0.00256	0.00542	0.01369	0.00740	0.00822
10	0.01414	0.00707	0.00707	0.00707	0.00884	0.00707	0.00530	0.01767	0.01591	0.02828	0.02474	0.02828	0.01944	0.00884	0.00530	0.00177	0.00353	0.00707	0.77554	0.00707
11	0.01833	0.01829	0.03315	0.04030	0.47543	0.01772	0.18059	0.02322	0.01731	0.02466	0.01448	0.01897	0.01183	0.00658	0.00773	0.00225	0.00970	0.00714	0.00383	0.06848
12	0.01990	0.01764	0.02981	0.04411	0.63670	0.01751	0.02238	0.02429	0.01760	0.07419	0.01543	0.01930	0.01252	0.00695	0.00752	0.00226	0.00882	0.00682	0.00417	0.01208
13	0.01855	0.02075	0.22786	0.01596	0.02217	0.01386	0.03971	0.07906	0.07150	0.14218	0.22998	0.03187	0.03220	0.01058	0.00797	0.00240	0.00739	0.00898	0.00664	0.01038
14	0.01090	0.00733	0.00847	0.00859	0.00868	0.00736	0.00497	0.01110	0.01132	0.01515	0.02501	0.09641	0.02880	0.65576	0.06401	0.00725	0.00768	0.01165	0.00475	0.00480
15	0.08134	0.05881	0.02750	0.08637	0.47104	0.04616	0.01992	0.02336	0.01715	0.04947	0.03854	0.01941	0.01377	0.00729	0.00716	0.00224	0.00868	0.00660	0.00416	0.01104
16	0.01868	0.01818	0.02836	0.10561	0.52515	0.04701	0.02163	0.02429	0.06561	0.02429	0.01516	0.01933	0.01249	0.00737	0.00812	0.00233	0.03417	0.00681	0.00400	0.01141
17	0.02126	0.01226	0.01798	0.26437	0.02951	0.01286	0.01399	0.05157	0.01955	0.26697	0.15280	0.02977	0.02592	0.01171	0.03374	0.00278	0.00779	0.00851	0.00675	0.00993
18	0.14132	0.41788	0.05738	0.04671	0.08543	0.05224	0.06201	0.02303	0.01563	0.02187	0.01154	0.01397	0.00985	0.00672	0.00567	0.00195	0.00861	0.00488	0.00360	0.00971
19	0.05848	0.01486	0.01806	0.01428	0.01968	0.01461	0.01164	0.20117	0.05089	0.41753	0.02700	0.07625	0.01935	0.01034	0.00766	0.00239	0.00676	0.00837	0.00849	0.01219
20	0.00924	0.00660	0.00880	0.01056	0.01100	0.00616	0.00704	0.01056	0.01452	0.01936	0.04181	0.72848	0.05017	0.02376	0.00968	0.00308	0.00440	0.02156	0.00704	0.00616
21	0.01447	0.01377	0.02366	0.68695	0.05172	0.01695	0.04742	0.01958	0.01528	0.01958	0.01356	0.02023	0.01017	0.00753	0.00764	0.00253	0.01022	0.00683	0.00339	0.00850
22	0.01490	0.01420	0.02437	0.62274	0.11551	0.01706	0.04483	0.01995	0.01548	0.02010	0.01363	0.02009	0.01035	0.00746	0.00763	0.00250	0.01010	0.00682	0.00343	0.00885
23	0.01659	0.01659	0.02323	0.01991	0.01991	0.02323	0.01659	0.01825	0.01162	0.01825	0.00996	0.01659	0.00996	0.01328	0.02489	0.00332	0.71955	0.00664	0.00332	0.00830
24	0.01847	0.01771	0.03024	0.09251	0.64255	0.01794	0.02313	0.02301	0.01713	0.02441	0.01421	0.01887	0.01188	0.00681	0.00751	0.00227	0.00909	0.00676	0.00373	0.01177
25	0.01429	0.01325	0.02231	0.69130	0.05081	0.01650	0.02057	0.01906	0.01499	0.01917	0.01347	0.02032	0.01022	0.00822	0.00833	0.02885	0.00999	0.00674	0.00337	0.00825
26	0.01821	0.01456	0.01640	0.01578	0.06431	0.01575	0.01148	0.16918	0.26133	0.03190	0.06148	0.06524	0.13703	0.01229	0.00796	0.00247	0.00609	0.02694	0.05121	0.01038
27	0.01659	0.01659	0.02323	0.01991	0.01991	0.02323	0.01659	0.01825	0.01162	0.01825	0.00996	0.01659	0.00996	0.01328	0.02489	0.00332	0.71955	0.00664	0.00332	0.00830
28	0.06819	0.01295	0.01683	0.01324	0.01870	0.01178	0.01084	0.03520	0.06950	0.57268	0.06638	0.02711	0.02161	0.00969	0.00757	0.00237	0.00623	0.00788	0.00898	0.01228
29	0.02012	0.01549	0.01909	0.06760	0.02220	0.01674	0.04919	0.33245	0.05176	0.03411	0.02617	0.25843	0.02560	0.01383	0.00838	0.00259	0.00731	0.01198	0.00688	0.01011
30	0.01669	0.01929	0.08016	0.02402	0.02763	0.02073	0.24766	0.02057	0.01431	0.02089	0.01334	0.04423	0.01197	0.01074	0.01729	0.00297	0.38679	0.00794	0.00363	0.00913
31	0.01877	0.01802	0.03079	0.04656	0.68612	0.01802	0.02328	0.02328	0.01727	0.02478	0.01427	0.01877	0.01201	0.00676	0.00751	0.00225	0.00901	0.00676	0.00375	0.01201
32	0.01573	0.01348	0.01573	0.01123	0.01798	0.01011	0.00899	0.01910	0.01573	0.02472	0.01348	0.01573	0.01123	0.00562	0.00562	0.00112	0.00562	0.00449	0.00449	0.77980
33	0.01207	0.00805	0.01057	0.00977	0.01179	0.00739	0.00739	0.01561	0.02148	0.06824	0.64479	0.05489	0.06855	0.01516	0.00887	0.00238	0.00374	0.01337	0.00841	0.00749
34	0.00924	0.00660	0.00880	0.01056	0.01100	0.00616	0.00704	0.01056	0.01452	0.01936	0.04181	0.72848	0.05017	0.02376	0.00968	0.00308	0.00440	0.02156	0.00704	0.00616
35	0.01351	0.00880	0.01207	0.04574	0.01506	0.00880	0.00931	0.01613	0.01764	0.10002	0.23305	0.30141	0.04821	0.01791	0.01007	0.00281	0.04585	0.07874	0.00731	0.00756
36	0.01414	0.00707	0.00707	0.00707	0.00884	0.00707	0.00530	0.01767	0.01591	0.02828	0.02474	0.02828	0.01944	0.00884	0.00530	0.00177	0.00353	0.00707	0.77554	0.00707
37	0.01588	0.01362	0.01580	0.01144	0.01806	0.01054	0.00913	0.02013	0.04767	0.02506	0.01433	0.01634	0.01181	0.00584	0.00572	0.00119	0.00564	0.00469	0.00465	0.74246
38	0.02014	0.01863	0.02400	0.38169	0.08583	0.09546	0.04261	0.18924	0.02150	0.02731	0.01465	0.01887	0.01099	0.00791	0.00755	0.00238	0.01007	0.00664	0.00458	0.00996
39	0.01719	0.19716	0.26557	0.01915	0.04848	0.01938	0.08867	0.04539	0.04140	0.02355	0.01550	0.05695	0.01309	0.00785	0.00681	0.00210	0.00914	0.00656	0.00402	0.11205
40	0.31555	0.24993	0.04803	0.01366	0.01902	0.17639	0.01203	0.02484	0.01609	0.04921	0.01164	0.01321	0.00949	0.00713	0.00544	0.00203	0.00857	0.00445	0.00417	0.00911
41	0.01414	0.00707	0.00707	0.00707	0.00884	0.00707	0.00530	0.01767	0.01591	0.02828	0.02474	0.02828	0.01944	0.00884	0.00530	0.00177	0.00353	0.00707	0.77554	0.00707
42	0.01901	0.01986	0.06507	0.03138	0.14242	0.01781	0.44393	0.02476	0.01788	0.07383	0.01607	0.02013	0.01204	0.00666	0.00836	0.00240	0.01123	0.00810	0.00425	0.05480
43	0.03305	0.01269	0.01729	0.01333	0.01902	0.01098	0.01098	0.03601	0.02170	0.66353	0.05740	0.02712	0.02100	0.00965	0.00768	0.00235	0.00633	0.00788	0.00934	0.01267
44	0.01257	0.00980	0.01484	0.01371	0.01578	0.01108	0.04699	0.06214	0.01426	0.02023	0.01988	0.02840	0.01809	0.05046	0.61206	0.01090	0.01900	0.00808	0.00431	0.00742
45	0.01103	0.00735	0.00827	0.00827	0.00827	0.00735	0.00460	0.01103	0.01103	0.01471	0.02390	0.04964	0.02758	0.73343	0.03861	0.00735	0.00735	0.01103	0.00460	0.00460
46	0.02687	0.02027	0.02166	0.01705	0.02277	0.02260	0.01394	0.53838	0.16131	0.04463	0.02071	0.02020	0.01492	0.00934	0.00761	0.00233	0.00788	0.00717	0.00761	0.01272
47	0.01887	0.01629	0.01715	0.01544	0.01972	0.01887	0.01201	0.04031	0.67241	0.03173	0.03087	0.02830	0.02315	0.01029	0.00772	0.00257	0.00600	0.00858	0.00772	0.01201
48	0.02048	0.01593	0.01720	0.01523	0.01969	0.01805	0.01191	0.03995	0.60333	0.10176	0.03077	0.02804	0.02269	0.01019	0.00771	0.00255	0.00605	0.00847	0.00790	0.01210
49	0.01103	0.00735	0.00827	0.00827	0.00827	0.00735	0.00460	0.01103	0.01103	0.01471	0.02390	0.04964	0.02758	0.73343	0.03861	0.00735	0.00735	0.01103	0.00460	0.00460
50	0.02833	0.03615	0.02149	0.01954	0.02345	0.70298	0.01466	0.03029	0.02149	0.01856	0.01172	0.01368	0.00977	0.00782	0.00684	0.00195	0.01368	0.00489	0.00391	0.00879
51	0.00936	0.00669	0.00894	0.01070	0.01120	0.00627	0.00726	0.01077	0.01464	0.01950	0.04174	0.70190	0.04990	0.02365	0.00971	0.00310	0.00451	0.04693	0.00704	0.00619
52	0.01752	0.02316	0.13802	0.03048	0.03866	0.01896	0.56801	0.02426	0.01763	0.02426	0.01510	0.01982	0.01124	0.00651	0.00870	0.00254	0.01256	0.00847	0.00375	0.01037
53	0.01659	0.01659	0.02323	0.01991	0.01991	0.02323	0.01659	0.01825	0.01162	0.01825	0.00996	0.01659	0.00996	0.01328	0.02489	0.00332	0.71955	0.00664	0.00332	0.00830
54	0.01659	0.01659	0.02323	0.01991	0.01991	0.02323	0.01659	0.01825	0.01162	0.01825	0.00996	0.01659	0.00996	0.01328	0.02489	0.00332	0.71955	0.00664	0.00332	0.00830
55	0.00896	0.00768	0.00768	0.00768	0.01025	0.00640	0.00576	0.01089	0.01729	0.02049	0.07684	0.07300	0.68304	0.01921	0.00896	0.00256	0.00384	0.01601	0.00704	0.00640
56	0.01432	0.01348	0.02275	0.71520	0.05224	0.01685	0.02107	0.01938	0.01517	0.01938	0.01348	0.02022	0.01011	0.00758	0.00758	0.00253	0.01011	0.00674	0.00337	0.00843
57	0.01877	0.01802	0.03079	0.04656	0.68612	0.01802	0.02328	0.02328	0.01727	0.02478	0.01427	0.01877	0.01201	0.00676	0.00751	0.00225	0.00901	0.00676	0.00375	0.01201
58	0.01208	0.01071	0.06227	0.01140	0.01423	0.00846	0.03316	0.01598	0.02050	0.05377	0.53421	0.07893	0.08507	0.01479	0.00880	0.00243	0.00464	0.01311	0.00774	0.00772
59	0.01659	0.01659	0.02323	0.01991	0.01991	0.02323	0.01659	0.01825	0.01162	0.01825	0.00996	0.01659	0.00996	0.01328	0.02489	0.00332	0.71955	0.00664	0.00332	0.00830
60	0.00924	0.00660	0.00880	0.01056	0.01100	0.00616	0.00704	0.01056	0.01452	0.01936	0.04181	0.72848	0.05017	0.02376	0.00968	0.00308	0.00440	0.02156	0.00704	0.00616
61	0.01829	0.06440	0.12741	0.03278	0.20384	0.04501	0.34817	0.02413	0.01748	0.02380	0.01442	0.01869	0.01122	0.00666	0.00803	0.00238	0.01136	0.00750	0.00370	0.01074
62	0.00924	0.00660	0.00880	0.01056	0.01100	0.00616	0.00704	0.01056	0.01452	0.01936	0.04181	0.72848	0.05017	0.02376	0.00968	0.00308	0.00440	0.02156	0.00704	0.00616
63	0.01032	0.00796	0.00926	0.01059	0.01111	0.03569	0.00699	0.01146	0.01428	0.01862	0.03781	0.59507	0.04503	0.13109	0.01396	0.00368	0.00524	0.01926	0.00654	0.00603
64	0.01886	0.01760	0.02906	0.14027	0.54734	0.01825	0.02232	0.06886	0.01830	0.02567	0.01444	0.01894	0.01181	0.00705	0.00753	0.00229	0.00912	0.00676	0.00398	0.01156
65	0.01224	0.01015	0.01473	0.01392	0.01489	0.01274	0.01103	0.01459	0.01201	0.01766	0.01793	0.02734	0.01710	0.07173	0.51355	0.00985	0.18970	0.00787	0.00390	0.00706
66	0.01793	0.01592	0.02481	0.15299	0.33641	0.01732	0.01897	0.04615	0.04113	0.04552	0.01617	0.04537	0.01369	0.00869	0.00971	0.00241	0.10078	0.00728	0.03084	0.04792
67	0.01414	0.00707	0.00707	0.00707	0.00884	0.00707	0.00530	0.01767	0.01591	0.02828	0.02474	0.02828	0.01944	0.00884	0.00530	0.00177	0.00353	0.00707	0.77554	0.00707
68	0.02406	0.01821	0.01954	0.01568	0.02056	0.05205	0.01266	0.42295	0.02790	0.05772	0.01857	0.02150	0.01455	0.04760	0.13720	0.00423	0.01054	0.00702	0.00649	0.06098
69	0.01140	0.00820	0.01084	0.01011	0.01072	0.00829	0.04262	0.01210	0.01157	0.01561	0.02297	0.04553	0.02560	0.60878	0.11851	0.00767	0.00926	0.01056	0.00449	0.00519
70	0.01573	0.01348	0.01573	0.01123	0.01798	0.01011	0.00899	0.01910	0.01573	0.02472	0.01348	0.01573	0.01123	0.00562	0.00562	0.00112	0.00562	0.00449	0.00449	0.77980
71	0.25751	0.37630	0.13417	0.01367	0.02025	0.04932	0.01396	0.02308	0.01496	0.02387	0.01108	0.01288	0.00924	0.00682	0.00526	0.00198	0.00812	0.00435	0.00371	0.00946
72	0.01414	0.00707	0.00707	0.00707	0.00884	0.00707	0.00530	0.01767	0.01591	0.02828	0.02474	0.02828	0.01944	0.00884	0.00530	0.00177	0.00353	0.00707	0.77554	0.00707
73	0.01841	0.04261	0.02053	0.01510	0.02095	0.04074	0.06924	0.10040	0.10936	0.02756	0.01724	0.04086	0.01421	0.00772	0.00728	0.00178	0.03221	0.00637	0.00523	0.40222
74	0.01512	0.01429	0.02418	0.59601	0.16524	0.01706	0.02146	0.02007	0.01554	0.02034	0.01362	0.01996	0.01045	0.00744	0.00757	0.00248	0.00992	0.00674	0.00344	0.00907
75	0.02105	0.01320	0.01587	0.01428	0.01824	0.01376	0.01167	0.07797	0.24151	0.19482	0.08039	0.04409	0.03027	0.01317	0.00850	0.00272	0.00637	0.17350	0.00798	0.01062
76	0.01103	0.00735	0.00827	0.00827	0.00827	0.00735	0.00460	0.01103	0.01103	0.01471	0.02390	0.04964	0.02758	0.73343	0.03861	0.00735	0.00735	0.01103	0.00460	0.00460
77	0.03403	0.01291	0.01760	0.01350	0.01936	0.01115	0.01115	0.03697	0.02171	0.69137	0.02992	0.02582	0.01878	0.00939	0.00763	0.00235	0.00645	0.00763	0.00939	0.01291
78	0.01222	0.00873	0.01222	0.01397	0.01572	0.00873	0.01222	0.01572	0.01746	0.02270	0.04016	0.08556	0.04365	0.02095	0.01048	0.00349	0.00698	0.63506	0.00698	0.00698
79	0.01432	0.01348	0.02275	0.71520	0.05224	0.01685	0.02107	0.01938	0.01517	0.01938	0.01348	0.02022	0.01011	0.00758	0.00758	0.00253	0.01011	0.00674	0.00337	0.00843
80	0.01521	0.03923	0.69413	0.02162	0.03283	0.01762	0.02802	0.02402	0.01601	0.02402	0.01361	0.01601	0.00961	0.00721	0.00721	0.00240	0.01121	0.00560	0.00320	0.01121
81	0.02883	0.02125	0.02276	0.01745	0.02352	0.02352	0.01442	0.66082	0.03566	0.04780	0.01821	0.01821	0.01290	0.00911	0.00759	0.00228	0.00835	0.00683	0.00759	0.01290
82	0.01048	0.00749	0.01021	0.01188	0.01289	0.00722	0.00911	0.01275	0.01595	0.02110	0.06471	0.44807	0.04836	0.02234	0.00997	0.00322	0.00540	0.26526	0.00707	0.00653
83	0.02089	0.07014	0.02121	0.01640	0.02068	0.14014	0.05953	0.13161	0.16475	0.05335	0.11528	0.02759	0.04995	0.01184	0.03153	0.00266	0.03792	0.00823	0.00623	0.01008
84	0.01432	0.01348	0.02275	0.71520	0.05224	0.01685	0.02107	0.01938	0.01517	0.01938	0.01348	0.02022	0.01011	0.00758	0.00758	0.00253	0.01011	0.00674	0.00337	0.00843
85	0.01659	0.01659	0.02323	0.01991	0.01991	0.02323	0.01659	0.01825	0.01162	0.01825	0.00996	0.01659	0.00996	0.01328	0.02489	0.00332	0.71955	0.00664	0.00332	0.00830
