[name]
unknown

[dist]
# distance from previous block
# <min> <max>
6	11

[block]
# block no. 0 follows, 25 sequences, length 9
# corresponding to MSA columns:
# 11-19
name=unknown_A
#
# <colnr> <probs for GDERKNQSTAVLIFYWHMCP>
#	G	D	E	R	K	N	Q	S	T	A	V	L	I	F	Y	W	H	M	C	P
0	0.01551	0.01244	0.01433	0.01328	0.01577	0.04655	0.01018	0.11161	0.03743	0.02497	0.02526	0.20672	0.02535	0.02796	0.21844	0.00554	0.04775	0.01109	0.05891	0.07090
1	0.01593	0.01383	0.02071	0.49626	0.04196	0.01643	0.01785	0.10452	0.01814	0.02342	0.02047	0.02735	0.06432	0.07454	0.01076	0.00300	0.00933	0.00804	0.00444	0.00872
2	0.01464	0.01378	0.02326	0.70887	0.05340	0.01723	0.02153	0.01981	0.01550	0.01981	0.01378	0.02067	0.01034	0.00775	0.00775	0.00258	0.01034	0.00689	0.00345	0.00861
3	0.01543	0.01354	0.01796	0.22455	0.02877	0.01262	0.01299	0.02011	0.04460	0.02363	0.01609	0.05509	0.01376	0.00754	0.00667	0.00176	0.00710	0.00639	0.00453	0.46686
4	0.01349	0.00772	0.01184	0.10175	0.01586	0.00814	0.00871	0.01162	0.01144	0.01524	0.04864	0.02501	0.01623	0.02383	0.02622	0.63217	0.00704	0.00714	0.00365	0.00426
5	0.07281	0.56188	0.15110	0.01459	0.02194	0.02755	0.01560	0.02342	0.01568	0.02049	0.01133	0.01313	0.00982	0.00680	0.00538	0.00185	0.00868	0.00443	0.00341	0.01010
6	0.07511	0.31591	0.02947	0.01786	0.07905	0.10933	0.01411	0.18585	0.02195	0.02810	0.01649	0.01777	0.04237	0.00817	0.00637	0.00203	0.00879	0.00581	0.00488	0.01060
7	0.05461	0.04685	0.01635	0.01369	0.01572	0.04079	0.01074	0.09374	0.01583	0.02282	0.01828	0.02781	0.01728	0.15186	0.25427	0.00685	0.13170	0.00782	0.04512	0.00787
8	0.02154	0.01791	0.02535	0.17235	0.17246	0.01920	0.05988	0.26107	0.02387	0.03242	0.01590	0.01942	0.01218	0.00896	0.00889	0.04333	0.00908	0.00691	0.00528	0.06399

[dist]
# distance from previous block
# <min> <max>
18	47

[block]
# block no. 1 follows, 25 sequences, length 7
# corresponding to MSA columns:
# 69-75
name=unknown_B
#
# <colnr> <probs for GDERKNQSTAVLIFYWHMCP>
#	G	D	E	R	K	N	Q	S	T	A	V	L	I	F	Y	W	H	M	C	P
0	0.02084	0.01401	0.01793	0.13883	0.02400	0.01535	0.01301	0.24699	0.02198	0.07323	0.01851	0.02600	0.01541	0.01555	0.01518	0.24952	0.00805	0.05116	0.00566	0.00879
1	0.01634	0.08047	0.39527	0.14596	0.03653	0.01906	0.11736	0.02445	0.04780	0.02368	0.01478	0.01814	0.01088	0.00741	0.00755	0.00245	0.01101	0.00648	0.00363	0.01073
2	0.01633	0.01573	0.02692	0.44567	0.16826	0.01790	0.09362	0.02298	0.07193	0.02252	0.01568	0.02113	0.01201	0.00769	0.00791	0.00254	0.01008	0.00731	0.00396	0.00984
3	0.01700	0.01554	0.01438	0.01420	0.01677	0.15070	0.01122	0.09112	0.02052	0.02528	0.08019	0.17336	0.08183	0.01683	0.00906	0.00282	0.00763	0.21040	0.03312	0.00804
4	0.02035	0.46915	0.08973	0.01434	0.02123	0.07017	0.01403	0.04831	0.01711	0.02131	0.01198	0.01378	0.01035	0.00673	0.00556	0.00168	0.00850	0.00453	0.00376	0.14740
5	0.01099	0.01305	0.13122	0.01333	0.01595	0.00878	0.01182	0.01403	0.01556	0.02114	0.03732	0.50332	0.04287	0.02084	0.00956	0.00309	0.00613	0.10717	0.00649	0.00735
6	0.02540	0.02063	0.13902	0.01628	0.02295	0.01683	0.01517	0.22174	0.08381	0.22243	0.06686	0.02389	0.01924	0.00936	0.00767	0.00233	0.00776	0.00747	0.00733	0.06382

[dist]
# distance from previous block
# <min> <max>
8	11

[block]
# block no. 2 follows, 25 sequences, length 161
# corresponding to MSA columns:
# 87-247
name=unknown_C
#
# <colnr> <probs for GDERKNQSTAVLIFYWHMCP>
#	G	D	E	R	K	N	Q	S	T	A	V	L	I	F	Y	W	H	M	C	P
0	0.01194	0.00882	0.01101	0.01172	0.01313	0.00880	0.00842	0.05714	0.06905	0.02444	0.12429	0.49651	0.04907	0.02091	0.00954	0.00298	0.00493	0.05242	0.00746	0.00742
1	0.01464	0.01378	0.02326	0.70887	0.05340	0.01723	0.02153	0.01981	0.01550	0.01981	0.01378	0.02067	0.01034	0.00775	0.00775	0.00258	0.01034	0.00689	0.00345	0.00861
2	0.07177	0.01685	0.01950	0.01529	0.02095	0.01731	0.01251	0.32331	0.02788	0.30652	0.02471	0.06871	0.01794	0.01032	0.00775	0.00242	0.00733	0.00817	0.00831	0.01246
3	0.01818	0.02001	0.04164	0.07879	0.10275	0.01932	0.52013	0.02510	0.04587	0.02487	0.01613	0.02108	0.01223	0.00683	0.00886	0.00258	0.01221	0.00876	0.00405	0.01059
4	0.01555	0.04011	0.68733	0.02210	0.03356	0.01801	0.02865	0.02455	0.01637	0.02455	0.01391	0.01637	0.00982	0.00737	0.00737	0.00246	0.01146	0.00573	0.00327	0.01146
5	0.01607	0.01523	0.02583	0.50184	0.24931	0.01760	0.02224	0.02106	0.01618	0.02154	0.01403	0.02021	0.01095	0.00749	0.00773	0.00250	0.00998	0.00690	0.00357	0.00976
6	0.01708	0.03797	0.63421	0.02144	0.03247	0.01748	0.02728	0.02561	0.01683	0.07693	0.01524	0.01717	0.01057	0.00754	0.00740	0.00245	0.01107	0.00589	0.00378	0.01160
7	0.01810	0.02229	0.09171	0.03192	0.04002	0.01949	0.60640	0.02482	0.01816	0.02482	0.01556	0.02059	0.01163	0.00660	0.00902	0.00260	0.01296	0.00891	0.00388	0.01053
8	0.00945	0.00675	0.00900	0.01080	0.01125	0.00630	0.00720	0.01080	0.01484	0.01979	0.04274	0.72245	0.05128	0.02429	0.00990	0.00315	0.00450	0.02204	0.00720	0.00630
9	0.03411	0.00814	0.01040	0.00977	0.01169	0.00762	0.00735	0.01488	0.02169	0.03120	0.65513	0.05656	0.07122	0.01559	0.00901	0.00244	0.00373	0.01373	0.00842	0.00735
10	0.34817	0.39254	0.05707	0.01234	0.01840	0.02439	0.01186	0.02309	0.01468	0.02564	0.01093	0.01268	0.00928	0.00691	0.00501	0.00201	0.00745	0.00424	0.00395	0.00935
11	0.00945	0.00675	0.00900	0.01080	0.01125	0.00630	0.00720	0.01080	0.01484	0.01979	0.04274	0.72245	0.05128	0.02429	0.00990	0.00315	0.00450	0.02204	0.00720	0.00630
12	0.02896	0.03695	0.02197	0.01998	0.02397	0.69638	0.01498	0.03096	0.02197	0.01898	0.01199	0.01398	0.00999	0.00799	0.00699	0.00200	0.01398	0.00499	0.00400	0.00899
13	0.02281	0.55656	0.03592	0.01496	0.02093	0.19884	0.01370	0.02517	0.01733	0.01843	0.01108	0.01283	0.00996	0.00698	0.00548	0.00174	0.00973	0.00436	0.00349	0.00971
14	0.01464	0.01378	0.02326	0.70887	0.05340	0.01723	0.02153	0.01981	0.01550	0.01981	0.01378	0.02067	0.01034	0.00775	0.00775	0.00258	0.01034	0.00689	0.00345	0.00861
15	0.01128	0.00752	0.00846	0.00846	0.00846	0.00752	0.00470	0.01128	0.01128	0.01503	0.02443	0.05074	0.02819	0.72751	0.03946	0.00752	0.00752	0.01128	0.00470	0.00470
16	0.03479	0.01320	0.01799	0.01380	0.01979	0.01140	0.01140	0.03779	0.02219	0.68451	0.03059	0.02639	0.01919	0.00960	0.00780	0.00240	0.00660	0.00780	0.00960	0.01320
17	0.07256	0.01685	0.01751	0.01497	0.01962	0.01900	0.01189	0.20942	0.36516	0.03646	0.02801	0.02686	0.04703	0.01022	0.00750	0.00246	0.00651	0.00816	0.06819	0.01163
18	0.01108	0.00831	0.01246	0.01246	0.01385	0.00969	0.00969	0.01385	0.01246	0.01800	0.02077	0.03046	0.01938	0.05815	0.69678	0.01246	0.02077	0.00831	0.00415	0.00692
19	0.00984	0.00845	0.00850	0.00839	0.01112	0.00740	0.00632	0.01315	0.06113	0.02172	0.07539	0.07155	0.63221	0.01902	0.00908	0.00262	0.00408	0.01585	0.00725	0.00693
20	0.01649	0.16611	0.56959	0.02049	0.03107	0.02031	0.02585	0.02431	0.01626	0.02341	0.01334	0.01565	0.00985	0.00723	0.00693	0.00231	0.01088	0.00544	0.00328	0.01118
21	0.01883	0.01805	0.03082	0.10011	0.62944	0.01833	0.02362	0.02348	0.01748	0.02489	0.01452	0.01931	0.01213	0.00698	0.00768	0.00233	0.00930	0.00691	0.00381	0.01199
22	0.01097	0.00793	0.01036	0.00975	0.01158	0.00732	0.00732	0.01463	0.02195	0.03109	0.67505	0.05792	0.07316	0.01585	0.00914	0.00244	0.00366	0.01402	0.00854	0.00732
23	0.01497	0.01423	0.02333	0.61215	0.04876	0.01814	0.02089	0.01965	0.01499	0.01965	0.01328	0.02015	0.01031	0.00857	0.01024	0.00270	0.10909	0.00688	0.00344	0.00859
24	0.01728	0.01877	0.07621	0.14444	0.02800	0.04575	0.04471	0.06248	0.01540	0.02173	0.01418	0.06511	0.01320	0.01195	0.01720	0.00300	0.37980	0.00779	0.00399	0.00902
25	0.00945	0.00675	0.00900	0.01080	0.01125	0.00630	0.00720	0.01080	0.01484	0.01979	0.04274	0.72245	0.05128	0.02429	0.00990	0.00315	0.00450	0.02204	0.00720	0.00630
26	0.01555	0.04011	0.68733	0.02210	0.03356	0.01801	0.02865	0.02455	0.01637	0.02455	0.01391	0.01637	0.00982	0.00737	0.00737	0.00246	0.01146	0.00573	0.00327	0.01146
27	0.01447	0.01479	0.02985	0.02321	0.02786	0.01385	0.37245	0.01876	0.01681	0.02265	0.02739	0.32443	0.02886	0.01422	0.00947	0.00285	0.00936	0.01473	0.00534	0.00866
28	0.01810	0.02034	0.04253	0.03087	0.03757	0.02021	0.55807	0.02393	0.01736	0.02393	0.01488	0.02034	0.01153	0.00757	0.01154	0.00273	0.11569	0.00880	0.00384	0.01017
29	0.02816	0.03561	0.02209	0.02000	0.02373	0.65123	0.01511	0.03014	0.02129	0.01896	0.01186	0.01418	0.01000	0.00836	0.00823	0.00209	0.06092	0.00511	0.00395	0.00895
30	0.01512	0.01422	0.02397	0.59448	0.14000	0.01706	0.02141	0.02009	0.01579	0.02059	0.01479	0.04208	0.01187	0.00814	0.00781	0.00256	0.01000	0.00736	0.00362	0.00906
31	0.02778	0.01169	0.01587	0.01291	0.01766	0.01029	0.01055	0.03097	0.02183	0.48869	0.17776	0.03793	0.03328	0.01186	0.00831	0.00249	0.00597	0.05356	0.00918	0.01143
32	0.00945	0.00675	0.00900	0.01080	0.01125	0.00630	0.00720	0.01080	0.01484	0.01979	0.04274	0.72245	0.05128	0.02429	0.00990	0.00315	0.00450	0.02204	0.00720	0.00630
33	0.01041	0.00787	0.01069	0.01180	0.01275	0.00762	0.02651	0.01339	0.06153	0.02085	0.04114	0.65212	0.04814	0.02278	0.00973	0.00310	0.00487	0.02071	0.00715	0.00685
34	0.08290	0.01207	0.04398	0.01240	0.01649	0.01023	0.01018	0.02539	0.01958	0.32486	0.16419	0.18141	0.03600	0.01377	0.00827	0.00257	0.00571	0.01178	0.00820	0.01003
35	0.01644	0.03388	0.47931	0.02553	0.03582	0.01853	0.23043	0.02465	0.01700	0.02465	0.01449	0.01784	0.01045	0.00710	0.00794	0.00251	0.01198	0.00684	0.00348	0.01113
36	0.00945	0.00675	0.00900	0.01080	0.01125	0.00630	0.00720	0.01080	0.01484	0.01979	0.04274	0.72245	0.05128	0.02429	0.00990	0.00315	0.00450	0.02204	0.00720	0.00630
37	0.01658	0.17741	0.55903	0.02035	0.03085	0.02052	0.02560	0.02429	0.01625	0.02330	0.01329	0.01559	0.00985	0.00722	0.00689	0.00230	0.01083	0.00542	0.00328	0.01116
38	0.03324	0.01315	0.01769	0.01373	0.01951	0.01158	0.01128	0.03708	0.04984	0.63236	0.05440	0.02766	0.02138	0.00987	0.00785	0.00241	0.00647	0.00807	0.00948	0.01294
39	0.00945	0.00675	0.00900	0.01080	0.01125	0.00630	0.00720	0.01080	0.01484	0.01979	0.04274	0.72245	0.05128	0.02429	0.00990	0.00315	0.00450	0.02204	0.00720	0.00630
40	0.01534	0.01500	0.02691	0.58636	0.07073	0.01762	0.11668	0.02069	0.01599	0.02074	0.01409	0.02066	0.01061	0.00754	0.00796	0.00258	0.01071	0.00723	0.00353	0.00900
41	0.15611	0.01501	0.02424	0.48559	0.04454	0.01759	0.10754	0.02106	0.01547	0.02327	0.01350	0.01922	0.01018	0.00748	0.00741	0.00255	0.00992	0.00671	0.00376	0.00883
42	0.14254	0.01438	0.02272	0.40738	0.07554	0.01648	0.08835	0.02015	0.01553	0.02304	0.01817	0.02323	0.05807	0.00896	0.00825	0.02789	0.00928	0.00737	0.00401	0.00867
43	0.01717	0.01890	0.03968	0.10097	0.03880	0.01846	0.51086	0.02297	0.01750	0.02368	0.01743	0.07646	0.01470	0.00833	0.00966	0.00268	0.03794	0.00985	0.00411	0.00986
44	0.08773	0.02541	0.02075	0.06754	0.02449	0.28732	0.01419	0.24004	0.02548	0.07850	0.01616	0.01745	0.01205	0.00851	0.00712	0.00220	0.01027	0.00604	0.03818	0.01056
45	0.02059	0.40066	0.05969	0.01962	0.02589	0.10155	0.17038	0.02416	0.01679	0.02018	0.01217	0.01517	0.01041	0.00734	0.00793	0.00209	0.06620	0.00573	0.00355	0.00990
46	0.01608	0.01378	0.01608	0.01148	0.01837	0.01034	0.00919	0.01952	0.01608	0.02527	0.01378	0.01608	0.01148	0.00574	0.00574	0.00115	0.00574	0.00459	0.00459	0.77491
47	0.02947	0.02172	0.02327	0.01784	0.02404	0.02404	0.01474	0.65329	0.03646	0.04887	0.01862	0.01862	0.01319	0.00931	0.00776	0.00233	0.00853	0.00698	0.00776	0.01319
48	0.01496	0.01407	0.02273	0.59169	0.04765	0.01726	0.02014	0.01968	0.01522	0.02014	0.01346	0.01997	0.01041	0.00811	0.00918	0.00254	0.07307	0.00670	0.00353	0.06946
49	0.00968	0.00692	0.00923	0.01082	0.01143	0.00647	0.00738	0.01130	0.01556	0.02088	0.09725	0.64425	0.05295	0.02347	0.00986	0.00310	0.00451	0.04121	0.00731	0.00641
50	0.01782	0.01984	0.04142	0.09676	0.03979	0.01978	0.52801	0.02375	0.01740	0.02375	0.01496	0.02050	0.01147	0.00734	0.01061	0.00269	0.08150	0.00870	0.00382	0.01009
51	0.12627	0.01431	0.02226	0.07268	0.02504	0.01440	0.16762	0.02534	0.08169	0.15882	0.04364	0.14922	0.02358	0.01159	0.00821	0.00266	0.00791	0.02858	0.00635	0.00983
52	0.00977	0.00705	0.00899	0.01019	0.01094	0.00655	0.00685	0.01130	0.01553	0.02068	0.11411	0.52562	0.10635	0.09233	0.01267	0.00345	0.00465	0.01959	0.00710	0.00627
53	0.01108	0.00831	0.01246	0.01246	0.01385	0.00969	0.00969	0.01385	0.01246	0.01800	0.02077	0.03046	0.01938	0.05815	0.69678	0.01246	0.02077	0.00831	0.00415	0.00692
54	0.01520	0.03367	0.52548	0.07124	0.03366	0.01708	0.08036	0.02305	0.01634	0.02383	0.01655	0.07801	0.01361	0.00878	0.00777	0.00254	0.01092	0.00752	0.00368	0.01072
55	0.31659	0.02119	0.14456	0.06959	0.02930	0.01792	0.21466	0.02421	0.01594	0.05791	0.01399	0.01708	0.01033	0.00717	0.00697	0.00249	0.00953	0.00638	0.00437	0.00982
56	0.01713	0.03630	0.57550	0.02265	0.03336	0.01773	0.09239	0.02547	0.01696	0.06888	0.01522	0.01752	0.01065	0.00743	0.00758	0.00247	0.01130	0.00623	0.00377	0.01147
57	0.02458	0.01094	0.01472	0.01206	0.01628	0.00965	0.00965	0.02787	0.02209	0.40454	0.30672	0.03990	0.04232	0.01228	0.00837	0.00242	0.00534	0.01046	0.00914	0.01068
58	0.01490	0.01429	0.02487	0.66043	0.05248	0.01740	0.06662	0.02017	0.01570	0.02017	0.01392	0.02069	0.01044	0.00766	0.00785	0.00259	0.01053	0.00705	0.00348	0.00875
59	0.24523	0.07000	0.02069	0.01500	0.02081	0.02161	0.01255	0.37839	0.02717	0.09312	0.01676	0.01706	0.01206	0.00853	0.00671	0.00231	0.00763	0.00604	0.00674	0.01158
60	0.00945	0.00675	0.00900	0.01080	0.01125	0.00630	0.00720	0.01080	0.01484	0.01979	0.04274	0.72245	0.05128	0.02429	0.00990	0.00315	0.00450	0.02204	0.00720	0.00630
61	0.01525	0.01497	0.02700	0.59642	0.05126	0.01762	0.12622	0.02065	0.01597	0.02065	0.01410	0.02071	0.01057	0.00755	0.00798	0.00259	0.01079	0.00727	0.00352	0.00892
62	0.02962	0.01856	0.13588	0.01667	0.02368	0.01346	0.06024	0.03471	0.04815	0.49533	0.02667	0.02437	0.01723	0.00903	0.00782	0.00243	0.00788	0.00758	0.00802	0.01266
63	0.01638	0.01539	0.06767	0.02139	0.07564	0.01364	0.16965	0.02253	0.08422	0.07219	0.02951	0.17453	0.02897	0.01426	0.00920	0.00290	0.00839	0.15798	0.00610	0.00945
64	0.00970	0.00751	0.00889	0.00963	0.01127	0.00670	0.00700	0.01172	0.01708	0.02179	0.12919	0.32321	0.32525	0.02112	0.00955	0.00287	0.00433	0.05927	0.00734	0.00658
65	0.01885	0.45538	0.13122	0.07612	0.02488	0.02656	0.01682	0.02240	0.01521	0.01937	0.01140	0.01444	0.01000	0.00793	0.00880	0.00213	0.12028	0.00503	0.00333	0.00982
66	0.02467	0.02182	0.08095	0.02163	0.02812	0.02135	0.17207	0.33368	0.05426	0.08338	0.01832	0.01987	0.01323	0.00885	0.00934	0.00250	0.06013	0.00753	0.00628	0.01200
67	0.01568	0.03933	0.66388	0.02301	0.05665	0.01802	0.02847	0.02453	0.01642	0.02458	0.01394	0.01647	0.00991	0.00735	0.00738	0.00245	0.01138	0.00577	0.00329	0.01149
68	0.02968	0.02356	0.02012	0.01691	0.02197	0.26414	0.01330	0.12253	0.11689	0.25811	0.02226	0.02114	0.01563	0.00910	0.00751	0.00228	0.00950	0.00680	0.00705	0.01153
69	0.31167	0.02077	0.02272	0.06463	0.02550	0.17087	0.16789	0.02402	0.01694	0.02667	0.01784	0.02041	0.06273	0.00824	0.00691	0.00239	0.00967	0.00674	0.00450	0.00890
70	0.01829	0.25124	0.43236	0.01922	0.02856	0.08042	0.02277	0.02470	0.01667	0.02215	0.01279	0.01496	0.00988	0.00720	0.00660	0.00217	0.01071	0.00518	0.00335	0.01078
71	0.01919	0.01842	0.03147	0.04759	0.67914	0.01842	0.02380	0.02380	0.01765	0.02533	0.01458	0.01919	0.01228	0.00691	0.00768	0.00230	0.00921	0.00691	0.00384	0.01228
72	0.01784	0.01285	0.06255	0.01494	0.01846	0.01113	0.01349	0.07089	0.01989	0.13977	0.03556	0.08417	0.03542	0.01748	0.00971	0.00318	0.00739	0.40898	0.00734	0.00895
73	0.01578	0.01566	0.02754	0.46551	0.06532	0.01867	0.13177	0.02064	0.01551	0.02069	0.01360	0.02011	0.01062	0.00839	0.01067	0.00270	0.11697	0.00727	0.00353	0.00903
74	0.01249	0.00892	0.01249	0.01428	0.01606	0.00892	0.01249	0.01606	0.01785	0.02320	0.04105	0.08746	0.04462	0.02142	0.01071	0.00357	0.00714	0.62695	0.00714	0.00714
75	0.01555	0.04011	0.68733	0.02210	0.03356	0.01801	0.02865	0.02455	0.01637	0.02455	0.01391	0.01637	0.00982	0.00737	0.00737	0.00246	0.01146	0.00573	0.00327	0.01146
76	0.03025	0.01331	0.04157	0.01351	0.01899	0.01095	0.01139	0.03348	0.02163	0.55647	0.10427	0.05974	0.02641	0.01087	0.00803	0.00244	0.00635	0.00905	0.00914	0.01216
77	0.01662	0.06476	0.44933	0.02460	0.03432	0.01928	0.20208	0.02432	0.01669	0.02409	0.01411	0.01749	0.01039	0.00737	0.00855	0.00251	0.04239	0.00666	0.00346	0.01098
78	0.01556	0.01450	0.02345	0.51594	0.12741	0.01745	0.02057	0.02164	0.06226	0.02151	0.01617	0.02378	0.01300	0.00868	0.00864	0.00263	0.03999	0.03358	0.00397	0.00927
79	0.01972	0.59790	0.16610	0.01498	0.02255	0.02822	0.01625	0.02348	0.01587	0.01947	0.01139	0.01320	0.00993	0.00678	0.00544	0.00181	0.00891	0.00445	0.00331	0.01024
80	0.01444	0.01509	0.07781	0.07713	0.15477	0.01528	0.01643	0.01812	0.01399	0.02032	0.01649	0.02378	0.01476	0.03144	0.32334	0.00714	0.13962	0.00742	0.00382	0.00881
81	0.00976	0.00697	0.00933	0.01103	0.01164	0.00655	0.00762	0.01138	0.01539	0.02056	0.07019	0.64302	0.05171	0.02370	0.00993	0.00315	0.00467	0.06973	0.00725	0.00641
82	0.01547	0.01520	0.02768	0.44312	0.11244	0.01698	0.15233	0.02056	0.01626	0.02143	0.01656	0.07635	0.01409	0.00872	0.00821	0.00261	0.01033	0.00857	0.00388	0.00920
83	0.01871	0.43734	0.24069	0.01604	0.02374	0.04974	0.01773	0.02331	0.01662	0.02117	0.05939	0.01699	0.01444	0.00757	0.00610	0.00198	0.00916	0.00538	0.00370	0.01020
84	0.01470	0.01342	0.11356	0.01219	0.01596	0.00942	0.01106	0.01898	0.02082	0.11477	0.46281	0.07735	0.05558	0.01413	0.00873	0.00247	0.00526	0.01232	0.00782	0.00866
85	0.01372	0.01230	0.01939	0.01696	0.01860	0.01488	0.08555	0.01650	0.01326	0.01947	0.01876	0.08006	0.01818	0.03410	0.33228	0.00743	0.23418	0.00899	0.02762	0.00778
86	0.13363	0.04543	0.31227	0.01717	0.02535	0.01659	0.01878	0.05601	0.04671	0.22598	0.01937	0.01937	0.01319	0.00821	0.00710	0.00241	0.00876	0.00627	0.00579	0.01161
87	0.01749	0.02178	0.10645	0.13071	0.04172	0.01910	0.49667	0.02407	0.01770	0.02407	0.01523	0.02043	0.01136	0.00680	0.00877	0.00259	0.01251	0.00848	0.00379	0.01029
88	0.01073	0.00773	0.01039	0.01187	0.01305	0.00739	0.00914	0.01316	0.01679	0.02223	0.10563	0.39023	0.07896	0.02218	0.01009	0.00321	0.00538	0.24780	0.00731	0.00672
89	0.01768	0.01877	0.07587	0.19778	0.42998	0.01857	0.02303	0.02248	0.01656	0.02341	0.01397	0.01914	0.01147	0.00771	0.00921	0.00247	0.07040	0.00681	0.00367	0.01104
90	0.01624	0.09626	0.58642	0.02319	0.07866	0.01909	0.02702	0.02439	0.01641	0.02408	0.01370	0.01624	0.01001	0.00727	0.00719	0.00238	0.01103	0.00568	0.00332	0.01139
91	0.01489	0.01404	0.02371	0.67245	0.08787	0.01729	0.02166	0.02003	0.01562	0.02011	0.01383	0.02059	0.01044	0.00771	0.00775	0.00257	0.01027	0.00689	0.00347	0.00882
92	0.01251	0.00793	0.01121	0.01108	0.01193	0.00881	0.00816	0.01319	0.01209	0.01776	0.01881	0.02876	0.01772	0.08082	0.32787	0.25752	0.03893	0.00778	0.10139	0.00573
93	0.01587	0.03787	0.61259	0.02333	0.03437	0.01819	0.10115	0.02459	0.01659	0.02459	0.01412	0.01690	0.01005	0.00727	0.00757	0.00247	0.01165	0.00613	0.00335	0.01134
94	0.01596	0.07762	0.62375	0.02207	0.03310	0.01878	0.05472	0.02449	0.01642	0.02422	0.01382	0.01635	0.00991	0.00729	0.00731	0.00242	0.01135	0.00579	0.00330	0.01133
95	0.01555	0.04011	0.68733	0.02210	0.03356	0.01801	0.02865	0.02455	0.01637	0.02455	0.01391	0.01637	0.00982	0.00737	0.00737	0.00246	0.01146	0.00573	0.00327	0.01146
96	0.02632	0.01151	0.01540	0.01248	0.01703	0.01023	0.01004	0.03006	0.03973	0.44597	0.24826	0.03711	0.03754	0.01173	0.00825	0.00242	0.00559	0.00993	0.00919	0.01118
97	0.01577	0.01744	0.08020	0.47978	0.12266	0.01777	0.11332	0.02138	0.01623	0.02156	0.01416	0.02019	0.01073	0.00745	0.00791	0.00255	0.01069	0.00713	0.00355	0.00953
98	0.01412	0.01297	0.02199	0.54645	0.04515	0.01547	0.05549	0.01877	0.01560	0.02043	0.01837	0.11956	0.01651	0.01005	0.00805	0.00264	0.00943	0.00916	0.03144	0.00835
99	0.01464	0.01378	0.02326	0.70887	0.05340	0.01723	0.02153	0.01981	0.01550	0.01981	0.01378	0.02067	0.01034	0.00775	0.00775	0.00258	0.01034	0.00689	0.00345	0.00861
100	0.10174	0.01756	0.16502	0.01485	0.01962	0.01277	0.01445	0.07387	0.01833	0.06865	0.03148	0.16654	0.06749	0.01526	0.00861	0.00287	0.00740	0.17827	0.00623	0.00898
101	0.01789	0.36725	0.17235	0.16759	0.03055	0.02355	0.04535	0.02226	0.01569	0.01999	0.01242	0.01591	0.01024	0.00791	0.00737	0.03566	0.00954	0.00541	0.00336	0.00971
102	0.03479	0.01320	0.01799	0.01380	0.01979	0.01140	0.01140	0.03779	0.02219	0.68451	0.03059	0.02639	0.01919	0.00960	0.00780	0.00240	0.00660	0.00780	0.00960	0.01320
103	0.01574	0.03882	0.64427	0.02281	0.03403	0.01811	0.07042	0.02457	0.01650	0.02457	0.01403	0.01668	0.00995	0.00731	0.00749	0.00247	0.01157	0.00596	0.00332	0.01139
104	0.01786	0.23538	0.47468	0.01923	0.02908	0.02132	0.02353	0.02475	0.01645	0.05145	0.01375	0.01569	0.01027	0.00726	0.00671	0.00223	0.01035	0.00537	0.00356	0.01111
105	0.07105	0.04968	0.15377	0.01534	0.02233	0.01423	0.01483	0.03381	0.04789	0.45863	0.02532	0.02311	0.01650	0.00893	0.00743	0.00239	0.00760	0.00707	0.00771	0.01240
106	0.00951	0.00680	0.00906	0.01075	0.01126	0.00634	0.00720	0.01096	0.01515	0.02028	0.07022	0.69356	0.05223	0.02392	0.00986	0.00312	0.00446	0.02169	0.00726	0.00634
107	0.01859	0.02071	0.06739	0.02896	0.03587	0.01946	0.48702	0.07372	0.01918	0.02619	0.01716	0.02473	0.01389	0.00828	0.01020	0.00270	0.06107	0.05014	0.00438	0.01036
108	0.04036	0.01452	0.02430	0.59076	0.08463	0.01768	0.04799	0.02029	0.01551	0.02077	0.01365	0.02018	0.01043	0.00789	0.00848	0.00260	0.04066	0.00690	0.00353	0.00888
109	0.02814	0.01210	0.01599	0.01291	0.01776	0.01077	0.01040	0.05887	0.02192	0.48483	0.10993	0.09249	0.06425	0.01214	0.00821	0.00248	0.00601	0.01020	0.00905	0.01154
110	0.01591	0.01549	0.02750	0.50663	0.16457	0.01773	0.09929	0.02115	0.01624	0.02142	0.01416	0.02043	0.01086	0.00745	0.00791	0.00254	0.01047	0.00717	0.00357	0.00950
111	0.01661	0.15553	0.53521	0.02132	0.03172	0.02025	0.06783	0.02435	0.01640	0.02351	0.01350	0.01601	0.00997	0.00719	0.00708	0.00233	0.01103	0.00569	0.00332	0.01114
112	0.01610	0.11817	0.58349	0.05190	0.03288	0.01942	0.02657	0.02419	0.01626	0.02362	0.01355	0.01611	0.00986	0.00730	0.00711	0.00237	0.01105	0.00560	0.00329	0.01116
113	0.03224	0.01321	0.01757	0.01371	0.01934	0.01181	0.01124	0.05437	0.05013	0.59040	0.07710	0.02856	0.02313	0.01008	0.00790	0.00241	0.00642	0.00827	0.00939	0.01273
114	0.36681	0.13084	0.04957	0.01392	0.01973	0.04025	0.01226	0.22622	0.02147	0.03586	0.01348	0.01471	0.01029	0.00782	0.00595	0.00225	0.00763	0.00518	0.00543	0.01033
115	0.01521	0.01465	0.02565	0.61409	0.08676	0.01750	0.07598	0.02046	0.01586	0.02055	0.01399	0.02061	0.01057	0.00760	0.00787	0.00257	0.01051	0.00709	0.00351	0.00897
116	0.03162	0.01299	0.01730	0.01359	0.01911	0.01161	0.01111	0.03603	0.06823	0.58137	0.08632	0.02930	0.02417	0.01020	0.00792	0.00242	0.00631	0.00840	0.00938	0.01262
117	0.02222	0.01063	0.01415	0.01195	0.01576	0.00959	0.00952	0.02609	0.04012	0.33146	0.33767	0.04365	0.04591	0.01302	0.00855	0.00247	0.00521	0.03293	0.00896	0.01015
118	0.00981	0.00716	0.00975	0.04203	0.01317	0.00688	0.00785	0.01153	0.01548	0.02076	0.09570	0.63393	0.05132	0.02283	0.00974	0.00306	0.00469	0.02067	0.00714	0.00649
119	0.08305	0.01366	0.01602	0.01364	0.01760	0.01446	0.01101	0.20119	0.04131	0.16093	0.02284	0.02819	0.01819	0.01970	0.12358	0.07116	0.00922	0.05160	0.07269	0.00994
120	0.02622	0.02904	0.02063	0.01818	0.02242	0.42943	0.01397	0.15550	0.07680	0.02614	0.01837	0.01985	0.04091	0.01233	0.05361	0.00284	0.01226	0.00641	0.00522	0.00986
121	0.07029	0.00926	0.00966	0.00917	0.01149	0.00975	0.00703	0.07946	0.01758	0.02971	0.02438	0.07342	0.02047	0.01422	0.06598	0.00292	0.00581	0.00807	0.52352	0.00780
122	0.02073	0.73217	0.04063	0.01327	0.01990	0.03068	0.01327	0.02322	0.01575	0.01824	0.01078	0.01244	0.00995	0.00663	0.00498	0.00166	0.00829	0.00415	0.00332	0.00995
123	0.03053	0.01314	0.01714	0.01373	0.01916	0.01198	0.01125	0.03580	0.10008	0.54008	0.03380	0.03198	0.05701	0.01077	0.00801	0.00249	0.00642	0.03502	0.00915	0.01246
124	0.08264	0.07476	0.54992	0.02129	0.03166	0.01876	0.06781	0.02435	0.01619	0.02512	0.01359	0.01613	0.00984	0.00726	0.00713	0.00242	0.01092	0.00574	0.00345	0.01104
125	0.07099	0.01269	0.01617	0.01292	0.01816	0.01154	0.01052	0.03321	0.06444	0.50049	0.07990	0.03225	0.07983	0.01085	0.00785	0.00244	0.00609	0.00885	0.00893	0.01187
126	0.02465	0.02032	0.02108	0.06673	0.02472	0.06694	0.01434	0.34206	0.26413	0.03876	0.02256	0.02223	0.01660	0.00955	0.00775	0.00243	0.00815	0.00749	0.00724	0.01224
127	0.01075	0.00783	0.01012	0.00973	0.01150	0.00719	0.00723	0.01413	0.02115	0.02964	0.59197	0.11161	0.10463	0.01673	0.00921	0.00250	0.00374	0.01479	0.00836	0.00719
128	0.01623	0.00948	0.01199	0.01073	0.01365	0.00870	0.00826	0.02042	0.05653	0.16960	0.39089	0.08046	0.14189	0.01510	0.00882	0.00250	0.00450	0.01307	0.00848	0.00870
129	0.02867	0.02132	0.02281	0.01768	0.02374	0.02367	0.01454	0.60468	0.08638	0.04756	0.01964	0.01943	0.01402	0.00940	0.00777	0.00235	0.00834	0.00712	0.00777	0.01311
130	0.00945	0.00675	0.00900	0.01080	0.01125	0.00630	0.00720	0.01080	0.01484	0.01979	0.04274	0.72245	0.05128	0.02429	0.00990	0.00315	0.00450	0.02204	0.00720	0.00630
131	0.01940	0.01177	0.06974	0.01082	0.01454	0.00926	0.00940	0.02320	0.01851	0.20737	0.10615	0.06888	0.02706	0.01072	0.00694	0.00218	0.00516	0.00890	0.36083	0.00918
132	0.01837	0.32668	0.17483	0.07898	0.02883	0.04804	0.11798	0.02318	0.01666	0.02119	0.01493	0.02135	0.01300	0.00810	0.00692	0.00222	0.01002	0.05501	0.00374	0.00998
133	0.01555	0.04011	0.68733	0.02210	0.03356	0.01801	0.02865	0.02455	0.01637	0.02455	0.01391	0.01637	0.00982	0.00737	0.00737	0.00246	0.01146	0.00573	0.00327	0.01146
134	0.01226	0.00822	0.01037	0.01108	0.01302	0.00752	0.00859	0.01461	0.01734	0.07427	0.07529	0.28038	0.23104	0.02067	0.00971	0.00302	0.00518	0.18284	0.00742	0.00718
135	0.10984	0.01225	0.01463	0.01254	0.01663	0.01214	0.01006	0.05061	0.10462	0.25628	0.23228	0.03841	0.03686	0.01210	0.00806	0.00251	0.00564	0.04595	0.00827	0.01031
136	0.01128	0.00752	0.00846	0.00846	0.00846	0.00752	0.00470	0.01128	0.01128	0.01503	0.02443	0.05074	0.02819	0.72751	0.03946	0.00752	0.00752	0.01128	0.00470	0.00470
137	0.00945	0.00675	0.00900	0.01080	0.01125	0.00630	0.00720	0.01080	0.01484	0.01979	0.04274	0.72245	0.05128	0.02429	0.00990	0.00315	0.00450	0.02204	0.00720	0.00630
138	0.01919	0.01842	0.03147	0.04759	0.67914	0.01842	0.02380	0.02380	0.01765	0.02533	0.01458	0.01919	0.01228	0.00691	0.00768	0.00230	0.00921	0.00691	0.00384	0.01228
139	0.01880	0.01886	0.03466	0.06848	0.49957	0.01867	0.17726	0.02390	0.01773	0.02501	0.01482	0.01967	0.01208	0.00685	0.00804	0.00239	0.01020	0.00746	0.00384	0.01170
140	0.01097	0.00793	0.01036	0.00975	0.01158	0.00732	0.00732	0.01463	0.02195	0.03109	0.67505	0.05792	0.07316	0.01585	0.00914	0.00244	0.00366	0.01402	0.00854	0.00732
141	0.01118	0.00753	0.00843	0.00843	0.00855	0.00747	0.00475	0.01127	0.01156	0.01530	0.02686	0.05181	0.05725	0.69575	0.03810	0.00730	0.00736	0.01150	0.00481	0.00478
142	0.03188	0.01380	0.01794	0.01398	0.01963	0.01267	0.01146	0.09663	0.05082	0.54705	0.07628	0.02803	0.02271	0.01006	0.00790	0.00240	0.00655	0.00821	0.00927	0.01273
143	0.01555	0.04011	0.68733	0.02210	0.03356	0.01801	0.02865	0.02455	0.01637	0.02455	0.01391	0.01637	0.00982	0.00737	0.00737	0.00246	0.01146	0.00573	0.00327	0.01146
144	0.01555	0.04011	0.68733	0.02210	0.03356	0.01801	0.02865	0.02455	0.01637	0.02455	0.01391	0.01637	0.00982	0.00737	0.00737	0.00246	0.01146	0.00573	0.00327	0.01146
145	0.01880	0.02311	0.08864	0.10764	0.03712	0.10239	0.37735	0.02426	0.01753	0.02280	0.01424	0.01922	0.01104	0.00773	0.01046	0.00261	0.09353	0.00783	0.00376	0.00991
146	0.02758	0.02155	0.20164	0.01615	0.02326	0.05067	0.01606	0.03222	0.02056	0.42263	0.06824	0.02507	0.01973	0.00932	0.00772	0.00240	0.00814	0.00749	0.00748	0.01209
147	0.26415	0.03196	0.46817	0.01824	0.02754	0.01781	0.02208	0.02398	0.01534	0.02787	0.01290	0.01515	0.00936	0.00731	0.00653	0.00244	0.00969	0.00523	0.00377	0.01047
148	0.00945	0.00675	0.00900	0.01080	0.01125	0.00630	0.00720	0.01080	0.01484	0.01979	0.04274	0.72245	0.05128	0.02429	0.00990	0.00315	0.00450	0.02204	0.00720	0.00630
149	0.01799	0.01918	0.05840	0.20145	0.08587	0.01923	0.31098	0.05927	0.07347	0.02534	0.01637	0.02097	0.01240	0.00765	0.00904	0.00259	0.03703	0.00805	0.00430	0.01039
150	0.06054	0.03255	0.01668	0.01296	0.01785	0.03264	0.01053	0.03135	0.04528	0.44406	0.17622	0.03234	0.03071	0.01083	0.00788	0.00238	0.00616	0.00892	0.00874	0.01139
151	0.01808	0.02244	0.09671	0.03184	0.03997	0.01948	0.60156	0.02481	0.01815	0.02481	0.01555	0.02055	0.01161	0.00660	0.00901	0.00260	0.01294	0.00888	0.00387	0.01054
152	0.00954	0.00695	0.00899	0.01042	0.01120	0.00640	0.00708	0.01113	0.01569	0.02080	0.09651	0.60607	0.11430	0.02316	0.00976	0.00304	0.00438	0.02085	0.00730	0.00640
153	0.01815	0.02084	0.08460	0.08819	0.03936	0.01855	0.50885	0.02450	0.01821	0.04895	0.03954	0.02211	0.01398	0.00714	0.00886	0.00259	0.01215	0.00885	0.00421	0.01036
154	0.01918	0.00983	0.01321	0.01172	0.01494	0.00890	0.00938	0.02261	0.02148	0.24970	0.37376	0.05126	0.05121	0.01449	0.00890	0.00258	0.00511	0.09375	0.00871	0.00927
155	0.03005	0.01317	0.01714	0.01378	0.01902	0.01215	0.01113	0.05414	0.09591	0.51586	0.05246	0.08276	0.02384	0.01107	0.00802	0.00248	0.00634	0.00922	0.00912	0.01235
156	0.06156	0.02790	0.02174	0.01820	0.02329	0.33791	0.01432	0.28597	0.02755	0.08474	0.01613	0.01681	0.01196	0.00862	0.00728	0.00218	0.01083	0.00600	0.00601	0.01102
157	0.01155	0.00802	0.00934	0.00935	0.01158	0.00699	0.00687	0.01372	0.01802	0.07497	0.16024	0.22675	0.37562	0.01938	0.00923	0.00270	0.00424	0.01670	0.00760	0.00713
158	0.13696	0.01881	0.01938	0.01560	0.02096	0.02103	0.01271	0.41000	0.13916	0.04254	0.02017	0.02025	0.01476	0.00919	0.00718	0.00235	0.00739	0.00690	0.06277	0.01189
159	0.01259	0.00989	0.01373	0.01197	0.01462	0.00935	0.05879	0.06059	0.02186	0.03013	0.47479	0.08297	0.13734	0.01547	0.00908	0.00250	0.00482	0.01377	0.00789	0.00785
160	0.01928	0.51527	0.21314	0.01575	0.02358	0.02678	0.01735	0.02436	0.04425	0.02056	0.01253	0.01421	0.01051	0.00700	0.00574	0.00191	0.00905	0.00477	0.00350	0.01046

[dist]
# distance from previous block
# <min> <max>
1	7

[block]
# block no. 3 follows, 25 sequences, length 157
# corresponding to MSA columns:
# 255-396,399-413
name=unknown_D
#
# <colnr> <probs for GDERKNQSTAVLIFYWHMCP>
#	G	D	E	R	K	N	Q	S	T	A	V	L	I	F	Y	W	H	M	C	P
0	0.01989	0.19440	0.42940	0.01871	0.02817	0.01983	0.02229	0.02642	0.01718	0.13120	0.01593	0.01711	0.01139	0.00756	0.00689	0.00226	0.00994	0.00571	0.00432	0.01140
1	0.01389	0.00908	0.01162	0.01101	0.01326	0.00870	0.00832	0.01877	0.07893	0.09359	0.43374	0.15679	0.05901	0.01625	0.00907	0.00260	0.00442	0.03445	0.00833	0.00818
2	0.07704	0.01893	0.02065	0.01649	0.02207	0.02062	0.01366	0.46087	0.05750	0.11012	0.02208	0.02623	0.01702	0.01044	0.00786	0.00247	0.00793	0.06806	0.00770	0.01224
3	0.06511	0.01425	0.02317	0.60763	0.10357	0.01734	0.02087	0.02034	0.01553	0.02125	0.01365	0.02002	0.01037	0.00764	0.00755	0.00255	0.00996	0.00672	0.00357	0.00891
4	0.01730	0.01374	0.01620	0.01164	0.01847	0.01041	0.00933	0.02071	0.01648	0.06828	0.01488	0.01675	0.01199	0.00599	0.00588	0.00123	0.00580	0.00480	0.00492	0.72521
5	0.02036	0.66169	0.03897	0.01397	0.01995	0.03000	0.01363	0.02277	0.01537	0.01828	0.01072	0.01288	0.00997	0.00732	0.00699	0.00183	0.07777	0.00441	0.00332	0.00981
6	0.00945	0.00675	0.00900	0.01080	0.01125	0.00630	0.00720	0.01080	0.01484	0.01979	0.04274	0.72245	0.05128	0.02429	0.00990	0.00315	0.00450	0.02204	0.00720	0.00630
7	0.10366	0.02106	0.02210	0.01709	0.02315	0.02339	0.01411	0.59115	0.03416	0.04748	0.01784	0.01802	0.01271	0.00910	0.00746	0.00233	0.00828	0.00671	0.00746	0.01271
8	0.02488	0.01673	0.08323	0.01506	0.02053	0.01472	0.01312	0.08507	0.19740	0.29791	0.07045	0.05627	0.02384	0.01216	0.02984	0.00281	0.00728	0.00880	0.00801	0.01191
9	0.03479	0.01320	0.01799	0.01380	0.01979	0.01140	0.01140	0.03779	0.02219	0.68451	0.03059	0.02639	0.01919	0.00960	0.00780	0.00240	0.00660	0.00780	0.00960	0.01320
10	0.00945	0.00675	0.00900	0.01080	0.01125	0.00630	0.00720	0.01080	0.01484	0.01979	0.04274	0.72245	0.05128	0.02429	0.00990	0.00315	0.00450	0.02204	0.00720	0.00630
11	0.01497	0.01412	0.02385	0.66076	0.09893	0.01731	0.02170	0.02010	0.01566	0.02021	0.01384	0.02056	0.01048	0.00769	0.00775	0.00256	0.01025	0.00689	0.00347	0.00888
12	0.01823	0.39816	0.35275	0.01753	0.02649	0.02456	0.02069	0.02386	0.01605	0.02129	0.01229	0.01434	0.00989	0.00699	0.00613	0.00204	0.00982	0.00491	0.00330	0.01068
13	0.00934	0.00786	0.00810	0.00804	0.01058	0.00662	0.00603	0.01147	0.01809	0.02195	0.13733	0.07297	0.61658	0.01926	0.00916	0.00260	0.00390	0.01613	0.00733	0.00662
14	0.01464	0.01378	0.02326	0.70887	0.05340	0.01723	0.02153	0.01981	0.01550	0.01981	0.01378	0.02067	0.01034	0.00775	0.00775	0.00258	0.01034	0.00689	0.00345	0.00861
15	0.11076	0.01301	0.01583	0.01293	0.01776	0.01257	0.01044	0.05696	0.09058	0.37970	0.16298	0.03142	0.02953	0.01073	0.00776	0.00243	0.00595	0.00877	0.00858	0.01133
16	0.01830	0.02092	0.04575	0.03268	0.04052	0.01961	0.65098	0.02484	0.01830	0.02484	0.01569	0.02092	0.01176	0.00654	0.00915	0.00261	0.01307	0.00915	0.00392	0.01046
17	0.01108	0.00831	0.01246	0.01246	0.01385	0.00969	0.00969	0.01385	0.01246	0.01800	0.02077	0.03046	0.01938	0.05815	0.69678	0.01246	0.02077	0.00831	0.00415	0.00692
18	0.01555	0.04011	0.68733	0.02210	0.03356	0.01801	0.02865	0.02455	0.01637	0.02455	0.01391	0.01637	0.00982	0.00737	0.00737	0.00246	0.01146	0.00573	0.00327	0.01146
19	0.01858	0.01615	0.02422	0.47288	0.12003	0.01893	0.02024	0.16554	0.02056	0.02712	0.01498	0.02003	0.01122	0.00801	0.00774	0.00249	0.00979	0.00691	0.00448	0.01009
20	0.01015	0.00776	0.01154	0.01237	0.01335	0.00727	0.04941	0.01193	0.01519	0.02026	0.04090	0.65085	0.04843	0.02302	0.00988	0.00313	0.00517	0.04581	0.00698	0.00660
21	0.03479	0.01320	0.01799	0.01380	0.01979	0.01140	0.01140	0.03779	0.02219	0.68451	0.03059	0.02639	0.01919	0.00960	0.00780	0.00240	0.00660	0.00780	0.00960	0.01320
22	0.16859	0.02599	0.02046	0.11349	0.02611	0.33011	0.01475	0.11495	0.02073	0.02628	0.01282	0.01552	0.01020	0.00840	0.00812	0.00230	0.06171	0.00552	0.00456	0.00938
23	0.01749	0.01919	0.09369	0.23986	0.43120	0.01803	0.02361	0.02270	0.01689	0.02363	0.01428	0.01935	0.01147	0.00720	0.00767	0.00240	0.00976	0.00679	0.00367	0.01112
24	0.02896	0.03695	0.02197	0.01998	0.02397	0.69638	0.01498	0.03096	0.02197	0.01898	0.01199	0.01398	0.00999	0.00799	0.00699	0.00200	0.01398	0.00499	0.00400	0.00899
25	0.01327	0.01013	0.01466	0.04326	0.01888	0.01039	0.03982	0.01823	0.06000	0.02374	0.03826	0.07813	0.04048	0.01953	0.01034	0.00343	0.00745	0.53544	0.00690	0.00767
26	0.01746	0.01936	0.04123	0.09782	0.03990	0.01857	0.54695	0.02368	0.01826	0.02475	0.05852	0.02331	0.01563	0.00726	0.00901	0.00260	0.01219	0.00925	0.00418	0.01007
27	0.03147	0.01347	0.01759	0.01391	0.01949	0.01237	0.01134	0.03727	0.11645	0.56010	0.05914	0.02815	0.02223	0.01001	0.00787	0.00243	0.00640	0.00821	0.00930	0.01280
28	0.03479	0.01320	0.01799	0.01380	0.01979	0.01140	0.01140	0.03779	0.02219	0.68451	0.03059	0.02639	0.01919	0.00960	0.00780	0.00240	0.00660	0.00780	0.00960	0.01320
29	0.01555	0.04011	0.68733	0.02210	0.03356	0.01801	0.02865	0.02455	0.01637	0.02455	0.01391	0.01637	0.00982	0.00737	0.00737	0.00246	0.01146	0.00573	0.00327	0.01146
30	0.02008	0.42940	0.16342	0.01492	0.02193	0.02384	0.01561	0.02510	0.05342	0.08165	0.06929	0.01917	0.01676	0.00803	0.00621	0.00200	0.00826	0.00587	0.00456	0.01046
31	0.01347	0.00673	0.01010	0.01010	0.01010	0.00673	0.00673	0.01010	0.01010	0.01347	0.01347	0.02357	0.01347	0.02694	0.03030	0.77441	0.00673	0.00673	0.00337	0.00337
32	0.01122	0.00812	0.01151	0.01151	0.01263	0.00919	0.00857	0.01347	0.01234	0.01775	0.02163	0.03443	0.02114	0.18916	0.54555	0.01116	0.01762	0.00886	0.02765	0.00649
33	0.01733	0.01725	0.03087	0.26099	0.29384	0.01870	0.14361	0.02225	0.01658	0.02285	0.01416	0.01983	0.01136	0.00767	0.00947	0.00255	0.06928	0.00733	0.00369	0.01040
34	0.34645	0.01877	0.01754	0.01444	0.01976	0.04204	0.01178	0.29526	0.09987	0.04004	0.01662	0.01713	0.01229	0.00852	0.00650	0.00238	0.00735	0.00595	0.00640	0.01092
35	0.01919	0.01842	0.03147	0.04759	0.67914	0.01842	0.02380	0.02380	0.01765	0.02533	0.01458	0.01919	0.01228	0.00691	0.00768	0.00230	0.00921	0.00691	0.00384	0.01228
36	0.01159	0.00769	0.00912	0.00907	0.00986	0.00753	0.00599	0.01317	0.01511	0.02132	0.20348	0.05295	0.04074	0.41607	0.02594	0.00531	0.00605	0.05179	0.08138	0.00582
37	0.10441	0.01490	0.06404	0.01372	0.01955	0.01233	0.01198	0.03335	0.04130	0.49294	0.08674	0.02730	0.02257	0.00981	0.00760	0.00241	0.00660	0.00790	0.00852	0.01203
38	0.02990	0.02097	0.02210	0.01721	0.02318	0.05952	0.01410	0.49236	0.05916	0.15063	0.02074	0.02005	0.01442	0.00933	0.00773	0.00233	0.00842	0.00708	0.00785	0.01291
39	0.01487	0.00879	0.01161	0.01042	0.01293	0.00798	0.00798	0.01842	0.02199	0.13812	0.56949	0.05275	0.06432	0.01483	0.00892	0.00243	0.00414	0.01300	0.00871	0.00828
40	0.03263	0.01272	0.01730	0.01343	0.01905	0.01103	0.01103	0.03569	0.02217	0.62538	0.08890	0.02924	0.02408	0.01016	0.00792	0.00240	0.00633	0.00836	0.00950	0.01266
41	0.01644	0.10565	0.53453	0.02270	0.03318	0.01948	0.11353	0.02446	0.01658	0.02397	0.01385	0.01661	0.01010	0.00718	0.00738	0.00240	0.01137	0.00605	0.00337	0.01117
42	0.01486	0.00897	0.01224	0.01253	0.01475	0.00849	0.01024	0.01807	0.01915	0.11916	0.20817	0.15730	0.04948	0.01864	0.00977	0.00305	0.00578	0.29354	0.00787	0.00794
43	0.03228	0.01339	0.01771	0.01380	0.01946	0.01205	0.01132	0.06371	0.05249	0.58360	0.07215	0.02822	0.02265	0.01003	0.00789	0.00241	0.00647	0.00821	0.00937	0.01277
44	0.10076	0.11744	0.06704	0.01669	0.02271	0.08812	0.01455	0.38120	0.02786	0.03780	0.01680	0.04421	0.01325	0.00908	0.00708	0.00225	0.00881	0.00665	0.00620	0.01150
45	0.01913	0.01743	0.02953	0.15441	0.54758	0.01792	0.02288	0.02376	0.01750	0.05349	0.01516	0.01975	0.01227	0.00717	0.00769	0.00235	0.00928	0.00694	0.00403	0.01172
46	0.02571	0.10179	0.02926	0.02223	0.02736	0.47558	0.16066	0.02879	0.02052	0.02025	0.01271	0.01542	0.01039	0.00752	0.00729	0.00211	0.01321	0.00586	0.00391	0.00942
47	0.04869	0.03312	0.18178	0.08867	0.02979	0.37763	0.05436	0.05516	0.02014	0.02256	0.01308	0.01576	0.01017	0.00777	0.00724	0.00223	0.01247	0.00565	0.00396	0.00979
48	0.01582	0.03822	0.62410	0.02314	0.03424	0.01816	0.08998	0.02458	0.01656	0.02458	0.01409	0.01682	0.01001	0.00728	0.00754	0.00247	0.01162	0.00607	0.00334	0.01136
49	0.03376	0.01297	0.01767	0.01362	0.01944	0.01122	0.01122	0.03679	0.02218	0.65638	0.05833	0.02775	0.02152	0.00987	0.00786	0.00240	0.00647	0.00807	0.00955	0.01294
50	0.01332	0.00844	0.01112	0.01015	0.01239	0.00772	0.00772	0.01691	0.02197	0.09549	0.61154	0.05481	0.06784	0.01523	0.00901	0.00243	0.00395	0.01341	0.00864	0.00790
51	0.01542	0.01455	0.02239	0.38916	0.03739	0.01907	0.01868	0.01910	0.01404	0.01971	0.01312	0.01991	0.01098	0.01166	0.03629	0.00318	0.28255	0.00691	0.03744	0.00845
52	0.02892	0.01403	0.01761	0.01413	0.01920	0.01342	0.01139	0.17547	0.02446	0.41432	0.05927	0.12326	0.02478	0.01187	0.00814	0.00249	0.00662	0.00989	0.00879	0.01196
53	0.00982	0.00788	0.00877	0.00855	0.01088	0.00683	0.00641	0.01240	0.01923	0.02463	0.29538	0.06855	0.45685	0.01826	0.00916	0.00255	0.00383	0.01551	0.00769	0.00683
54	0.01464	0.01378	0.02326	0.70887	0.05340	0.01723	0.02153	0.01981	0.01550	0.01981	0.01378	0.02067	0.01034	0.00775	0.00775	0.00258	0.01034	0.00689	0.00345	0.00861
55	0.01702	0.06635	0.61750	0.02120	0.03211	0.01809	0.02690	0.02536	0.01672	0.06736	0.01488	0.01686	0.01044	0.00748	0.00730	0.00242	0.01101	0.00580	0.00369	0.01151
56	0.01555	0.04011	0.68733	0.02210	0.03356	0.01801	0.02865	0.02455	0.01637	0.02455	0.01391	0.01637	0.00982	0.00737	0.00737	0.00246	0.01146	0.00573	0.00327	0.01146
57	0.01929	0.01666	0.01753	0.01578	0.02016	0.01929	0.01227	0.04120	0.66513	0.03243	0.03156	0.02893	0.02367	0.01052	0.00789	0.00263	0.00614	0.00877	0.00789	0.01227
58	0.02385	0.01270	0.01671	0.04524	0.02035	0.01248	0.01279	0.11843	0.02219	0.28679	0.03244	0.05039	0.02849	0.01439	0.00900	0.00288	0.00727	0.26509	0.00803	0.01047
59	0.01576	0.03889	0.65052	0.02353	0.06979	0.01803	0.02838	0.02451	0.01644	0.02460	0.01395	0.01653	0.00996	0.00734	0.00738	0.00245	0.01133	0.00580	0.00331	0.01151
60	0.01141	0.00879	0.01309	0.01290	0.01421	0.01048	0.01010	0.01412	0.01243	0.01804	0.02017	0.02970	0.01887	0.05565	0.65910	0.01195	0.05964	0.00822	0.00411	0.00701
