[name]
unknown

[dist]
# distance from previous block
# <min> <max>
7	30

[block]
# block no. 0 follows, 26 sequences, length 40
# corresponding to MSA columns:
# 34-73
name=unknown_A
#
# <colnr> <probs for GDERKNQSTAVLIFYWHMCP>
#	G	D	E	R	K	N	Q	S	T	A	V	L	I	F	Y	W	H	M	C	P
0	0.11066	0.01807	0.12416	0.05349	0.04572	0.02995	0.03682	0.09663	0.04502	0.08800	0.04524	0.06628	0.01863	0.01413	0.07047	0.00329	0.02946	0.02653	0.04261	0.03484
1	0.27321	0.13366	0.10173	0.01689	0.07241	0.01917	0.04989	0.10305	0.01755	0.02964	0.01320	0.01530	0.01036	0.00709	0.00595	0.00209	0.00770	0.00523	0.02967	0.08621
2	0.01895	0.07055	0.25456	0.04902	0.05751	0.04317	0.01888	0.14308	0.06506	0.02815	0.03524	0.01849	0.01338	0.00822	0.00822	0.00224	0.05589	0.00620	0.00471	0.09849
3	0.05242	0.04607	0.08783	0.01730	0.02290	0.18979	0.01486	0.32747	0.06128	0.03411	0.01810	0.01959	0.03052	0.03410	0.00831	0.00239	0.00958	0.00653	0.00590	0.01095
4	0.34809	0.10777	0.09941	0.01388	0.01963	0.08415	0.01273	0.05884	0.07956	0.08971	0.01514	0.01594	0.01135	0.00770	0.00593	0.00225	0.00772	0.00524	0.00513	0.00984
5	0.14476	0.01385	0.01707	0.01463	0.05143	0.01316	0.01123	0.03305	0.09189	0.43370	0.02504	0.02291	0.01674	0.00871	0.00703	0.00227	0.00638	0.00691	0.00783	0.07141
6	0.02048	0.04169	0.01566	0.01229	0.01605	0.01272	0.00974	0.16951	0.02334	0.18189	0.24739	0.07167	0.07059	0.06018	0.01016	0.00269	0.00583	0.01066	0.00782	0.00965
7	0.01892	0.01860	0.02747	0.12955	0.47603	0.07003	0.02105	0.02523	0.09178	0.02438	0.01586	0.01966	0.01286	0.00735	0.00749	0.00230	0.00917	0.00682	0.00417	0.01129
8	0.01005	0.00777	0.00926	0.00950	0.01150	0.00698	0.00731	0.01268	0.01838	0.02386	0.25898	0.13103	0.33266	0.01873	0.00926	0.00270	0.00429	0.11090	0.00745	0.00671
9	0.01630	0.01584	0.02624	0.05445	0.08594	0.01464	0.20403	0.02051	0.01610	0.02356	0.01534	0.05554	0.01330	0.00760	0.00857	0.00199	0.06332	0.00720	0.00422	0.34531
10	0.01615	0.16911	0.57250	0.02001	0.03035	0.01992	0.02523	0.02378	0.01590	0.02287	0.01304	0.01530	0.00963	0.00707	0.00677	0.00226	0.01063	0.00532	0.00321	0.01094
11	0.01607	0.01449	0.02303	0.61531	0.07100	0.01763	0.02041	0.09009	0.01749	0.02269	0.01403	0.01995	0.01048	0.00772	0.00758	0.00249	0.00988	0.00675	0.00385	0.00904
12	0.00988	0.00719	0.00940	0.01058	0.01162	0.00671	0.00764	0.01195	0.01641	0.02189	0.15943	0.46295	0.11012	0.02150	0.00959	0.00296	0.00455	0.10187	0.00727	0.00647
13	0.01377	0.01702	0.12417	0.01996	0.02490	0.01327	0.24142	0.01926	0.05591	0.02261	0.02925	0.29721	0.05929	0.01410	0.00890	0.00274	0.00846	0.01366	0.00537	0.00872
14	0.01712	0.01618	0.02697	0.24126	0.44280	0.01728	0.02150	0.02247	0.04750	0.02332	0.01582	0.04553	0.01337	0.00779	0.00762	0.00238	0.00903	0.00738	0.00395	0.01074
15	0.01432	0.01348	0.02275	0.71520	0.05224	0.01685	0.02107	0.01938	0.01517	0.01938	0.01348	0.02022	0.01011	0.00758	0.00758	0.00253	0.01011	0.00674	0.00337	0.00843
16	0.01809	0.21727	0.14003	0.01938	0.02388	0.05905	0.07521	0.02158	0.01445	0.01965	0.01130	0.01550	0.00997	0.00953	0.01418	0.00257	0.30975	0.00589	0.00336	0.00937
17	0.01796	0.02030	0.04384	0.03293	0.08226	0.01911	0.61668	0.02423	0.01786	0.02433	0.01527	0.02035	0.01154	0.00642	0.00886	0.00254	0.01254	0.00881	0.00383	0.01035
18	0.02630	0.08842	0.12237	0.01451	0.02070	0.01408	0.01368	0.03127	0.05945	0.40791	0.07706	0.02759	0.02174	0.00970	0.00750	0.00234	0.00711	0.02907	0.00757	0.01163
19	0.01387	0.01286	0.02149	0.65174	0.04853	0.01589	0.01980	0.01859	0.01511	0.01938	0.01603	0.08401	0.01372	0.00904	0.00777	0.00258	0.00960	0.00808	0.00370	0.00822
20	0.01536	0.01186	0.01948	0.01611	0.01981	0.01108	0.17241	0.01980	0.06256	0.11012	0.07329	0.25243	0.15259	0.01528	0.00892	0.00268	0.00675	0.01421	0.00665	0.00857
21	0.01585	0.10599	0.60382	0.02180	0.05812	0.01883	0.02638	0.02386	0.01601	0.02345	0.01334	0.01575	0.00972	0.00712	0.00699	0.00232	0.01082	0.00550	0.00323	0.01110
22	0.05756	0.46593	0.25864	0.01574	0.02372	0.02518	0.01780	0.02313	0.01549	0.02075	0.01158	0.01347	0.00961	0.00676	0.00565	0.00192	0.00904	0.00458	0.00330	0.01015
23	0.02147	0.01043	0.01372	0.01186	0.01542	0.00954	0.00924	0.02554	0.06202	0.32543	0.24578	0.14803	0.04137	0.01374	0.00839	0.00249	0.00516	0.01191	0.00857	0.00989
24	0.01492	0.03763	0.66037	0.02107	0.03175	0.01705	0.02699	0.02336	0.01594	0.02379	0.01500	0.05111	0.01161	0.00802	0.00733	0.00244	0.01087	0.00639	0.00339	0.01096
25	0.01432	0.01348	0.02275	0.71520	0.05224	0.01685	0.02107	0.01938	0.01517	0.01938	0.01348	0.02022	0.01011	0.00758	0.00758	0.00253	0.01011	0.00674	0.00337	0.00843
26	0.01495	0.01412	0.02387	0.62176	0.14083	0.01702	0.02137	0.01992	0.01546	0.02013	0.01359	0.02002	0.01038	0.00747	0.00757	0.00249	0.00996	0.00674	0.00342	0.00893
27	0.01740	0.01680	0.02913	0.24516	0.46277	0.01773	0.05636	0.02217	0.01668	0.02314	0.01409	0.01929	0.01142	0.00698	0.00761	0.00235	0.00954	0.00687	0.00364	0.01085
28	0.01715	0.09066	0.54611	0.02050	0.03030	0.09231	0.02483	0.02523	0.04213	0.02327	0.01385	0.01595	0.01016	0.00734	0.00701	0.00230	0.01104	0.00553	0.00346	0.01087
29	0.02861	0.01515	0.09253	0.01378	0.01972	0.01129	0.01243	0.03222	0.02086	0.52433	0.09259	0.02969	0.05119	0.01015	0.00776	0.00237	0.00660	0.00834	0.00849	0.01189
30	0.01864	0.01845	0.02936	0.11607	0.53063	0.05914	0.04803	0.02309	0.01733	0.02373	0.01485	0.02070	0.01260	0.00732	0.00762	0.00231	0.00951	0.02559	0.00382	0.01121
31	0.01670	0.06005	0.44601	0.06115	0.06564	0.05321	0.14377	0.02406	0.01664	0.02335	0.01375	0.01693	0.01012	0.00706	0.00746	0.00238	0.01135	0.00625	0.00339	0.01074
32	0.06117	0.02274	0.02212	0.01738	0.02314	0.10413	0.01418	0.55848	0.03300	0.04373	0.01711	0.01742	0.01233	0.00886	0.00738	0.00224	0.00888	0.00648	0.00703	0.01221
33	0.01689	0.01920	0.06047	0.11072	0.06089	0.01850	0.45480	0.02250	0.01682	0.02299	0.01589	0.05479	0.01308	0.00799	0.01001	0.00263	0.06929	0.00893	0.00387	0.00976
34	0.02702	0.01971	0.02202	0.01863	0.06277	0.02162	0.01436	0.48289	0.13331	0.08739	0.02075	0.02034	0.01485	0.00917	0.00761	0.00233	0.00789	0.00715	0.00750	0.01271
35	0.01064	0.00768	0.01006	0.00960	0.01131	0.00710	0.00715	0.01409	0.02105	0.02975	0.64334	0.09734	0.07027	0.01601	0.00899	0.00243	0.00363	0.01419	0.00827	0.00710
36	0.06407	0.01491	0.01812	0.04874	0.02137	0.01494	0.01203	0.12564	0.14808	0.37466	0.02589	0.02379	0.01748	0.00914	0.00740	0.00233	0.00675	0.00733	0.00805	0.04927
37	0.01545	0.03784	0.65040	0.02326	0.07590	0.01764	0.02771	0.02397	0.01610	0.02407	0.01366	0.01620	0.00977	0.00718	0.00723	0.00239	0.01106	0.00568	0.00324	0.01126
38	0.01521	0.03923	0.69413	0.02162	0.03283	0.01762	0.02802	0.02402	0.01601	0.02402	0.01361	0.01601	0.00961	0.00721	0.00721	0.00240	0.01121	0.00560	0.00320	0.01121
39	0.02052	0.02030	0.02920	0.04156	0.56698	0.09638	0.02171	0.06611	0.01896	0.02559	0.01424	0.01816	0.01182	0.00703	0.00744	0.00222	0.00950	0.00655	0.00402	0.01171

[dist]
# distance from previous block
# <min> <max>
0	1

[block]
# block no. 1 follows, 26 sequences, length 24
# corresponding to MSA columns:
# 75-98
name=unknown_B
#
# <colnr> <probs for GDERKNQSTAVLIFYWHMCP>
#	G	D	E	R	K	N	Q	S	T	A	V	L	I	F	Y	W	H	M	C	P
0	0.11683	0.35627	0.23301	0.01545	0.02309	0.02309	0.01689	0.05090	0.01655	0.06726	0.01308	0.01451	0.01023	0.00708	0.00585	0.00203	0.00867	0.00488	0.00400	0.01033
1	0.01089	0.00790	0.01104	0.01104	0.01199	0.00886	0.00804	0.01280	0.01185	0.01675	0.02137	0.03564	0.02150	0.25601	0.50772	0.01077	0.01650	0.00898	0.00422	0.00613
2	0.01103	0.00735	0.00827	0.00827	0.00827	0.00735	0.00460	0.01103	0.01103	0.01471	0.02390	0.04964	0.02758	0.73343	0.03861	0.00735	0.00735	0.01103	0.00460	0.00460
3	0.02263	0.01912	0.01835	0.01537	0.01978	0.10683	0.01212	0.29915	0.17489	0.03540	0.09066	0.02790	0.04980	0.04606	0.00920	0.00257	0.00768	0.00827	0.02345	0.01077
4	0.05356	0.01983	0.02127	0.01730	0.04081	0.05090	0.01374	0.44364	0.07604	0.15452	0.02046	0.01984	0.01431	0.00905	0.00747	0.00230	0.00803	0.00691	0.00754	0.01248
5	0.02290	0.01760	0.07652	0.01554	0.02092	0.01691	0.01327	0.06170	0.42036	0.20451	0.02864	0.02619	0.02043	0.00974	0.00764	0.00249	0.00666	0.00800	0.00776	0.01221
6	0.01096	0.00732	0.00830	0.00837	0.00839	0.00730	0.00470	0.01101	0.01118	0.01490	0.02465	0.07815	0.02852	0.70363	0.03739	0.00717	0.00723	0.01147	0.00470	0.00466
7	0.09454	0.02696	0.02222	0.02176	0.11083	0.33977	0.01526	0.19222	0.02336	0.02838	0.01356	0.01556	0.01075	0.00821	0.00782	0.00218	0.04584	0.00566	0.00489	0.01022
8	0.06395	0.01520	0.02002	0.16626	0.06403	0.01593	0.01447	0.14547	0.07628	0.30605	0.02253	0.02238	0.01532	0.00876	0.00747	0.00239	0.00766	0.00715	0.00709	0.01159
9	0.01533	0.03840	0.66532	0.02208	0.03313	0.01768	0.05600	0.02403	0.01610	0.02403	0.01369	0.01621	0.00969	0.00717	0.00728	0.00241	0.01128	0.00575	0.00323	0.01117
10	0.01574	0.01508	0.02603	0.49563	0.22997	0.01729	0.05107	0.02070	0.01588	0.02113	0.01379	0.01983	0.01071	0.00730	0.00763	0.00245	0.00993	0.00685	0.00350	0.00952
11	0.02863	0.01347	0.03879	0.01363	0.01894	0.01172	0.01148	0.03385	0.09189	0.50654	0.08976	0.03135	0.02494	0.01051	0.00788	0.00243	0.00632	0.03714	0.00880	0.01195
12	0.11181	0.01711	0.07734	0.01522	0.02094	0.01552	0.05453	0.14154	0.09634	0.25314	0.02283	0.02230	0.01585	0.00873	0.00709	0.00232	0.00718	0.00705	0.09188	0.01131
13	0.00938	0.00763	0.00831	0.00829	0.01054	0.00656	0.00616	0.01163	0.01805	0.02264	0.21033	0.11208	0.50461	0.01868	0.00901	0.00256	0.00382	0.01586	0.00734	0.00656
14	0.01754	0.08452	0.52327	0.02110	0.03112	0.01890	0.06871	0.07990	0.01800	0.04706	0.01444	0.01656	0.01033	0.00734	0.00721	0.00235	0.01070	0.00590	0.00383	0.01124
15	0.04080	0.10833	0.57564	0.02001	0.03029	0.01857	0.02511	0.02442	0.01611	0.05381	0.01394	0.01595	0.00999	0.00723	0.00691	0.00232	0.01051	0.00549	0.00353	0.01104
16	0.00965	0.00690	0.00925	0.01087	0.01153	0.00650	0.00761	0.01133	0.01523	0.02034	0.07723	0.62138	0.05065	0.02300	0.00973	0.00309	0.00464	0.08768	0.00711	0.00631
17	0.00940	0.00685	0.00886	0.01016	0.01097	0.00631	0.00693	0.01105	0.01564	0.02082	0.12340	0.58354	0.11347	0.02232	0.00952	0.00295	0.00425	0.02007	0.00720	0.00631
18	0.02599	0.01974	0.04251	0.07754	0.02507	0.02104	0.01464	0.51318	0.03140	0.06285	0.03964	0.02028	0.01494	0.00911	0.00751	0.00228	0.00814	0.00704	0.04510	0.01198
19	0.38144	0.04417	0.01720	0.07418	0.02109	0.01933	0.01162	0.23626	0.04213	0.03615	0.01660	0.01784	0.03662	0.00833	0.00618	0.00233	0.00708	0.00585	0.00568	0.00991
20	0.01369	0.00716	0.00748	0.00740	0.00917	0.00708	0.00555	0.01723	0.01664	0.02856	0.11172	0.03203	0.02634	0.00972	0.00578	0.00185	0.00354	0.00795	0.67403	0.00708
21	0.09158	0.01936	0.01880	0.01553	0.02029	0.09328	0.01239	0.34039	0.11553	0.06614	0.02025	0.05458	0.01589	0.01045	0.00829	0.03736	0.00786	0.00738	0.03368	0.01095
22	0.41352	0.12857	0.08283	0.01322	0.01925	0.01872	0.03884	0.06491	0.01593	0.05949	0.01267	0.01427	0.00976	0.00706	0.00554	0.00214	0.00717	0.00481	0.00468	0.07662
23	0.07229	0.01621	0.06950	0.06002	0.02247	0.04260	0.01311	0.03386	0.04778	0.50300	0.02578	0.02353	0.01672	0.00894	0.00740	0.00236	0.00732	0.00714	0.00795	0.01201

[dist]
# distance from previous block
# <min> <max>
0	3

[block]
# block no. 2 follows, 26 sequences, length 49
# corresponding to MSA columns:
# 102-150
name=unknown_C
#
# <colnr> <probs for GDERKNQSTAVLIFYWHMCP>
#	G	D	E	R	K	N	Q	S	T	A	V	L	I	F	Y	W	H	M	C	P
0	0.10953	0.05181	0.09694	0.01790	0.07774	0.01528	0.04881	0.06200	0.04469	0.31587	0.02125	0.02072	0.01455	0.00813	0.00705	0.00224	0.00758	0.00662	0.00662	0.06468
1	0.02173	0.04412	0.05744	0.05495	0.13498	0.04260	0.01411	0.02726	0.08844	0.23412	0.12262	0.07677	0.02649	0.01056	0.00779	0.00238	0.00709	0.00905	0.00680	0.01070
2	0.02299	0.01095	0.01430	0.01188	0.01593	0.00996	0.00946	0.02743	0.06692	0.36359	0.28499	0.03973	0.06436	0.01219	0.00820	0.00239	0.00521	0.01037	0.00878	0.01037
3	0.02308	0.01729	0.05546	0.01528	0.02039	0.03763	0.01270	0.06416	0.39998	0.20392	0.02977	0.02729	0.03832	0.01000	0.00767	0.00247	0.00669	0.00817	0.00776	0.01199
4	0.01951	0.02117	0.08254	0.03138	0.15057	0.04376	0.40683	0.02586	0.04212	0.07470	0.01657	0.02030	0.01238	0.00694	0.00835	0.00246	0.01132	0.00807	0.00434	0.01083
5	0.01524	0.01346	0.01948	0.14689	0.20785	0.01445	0.01515	0.02312	0.16744	0.02559	0.13439	0.10576	0.05633	0.01151	0.00810	0.00250	0.00691	0.01030	0.00585	0.00971
6	0.00924	0.00660	0.00880	0.01056	0.01100	0.00616	0.00704	0.01056	0.01452	0.01936	0.04181	0.72848	0.05017	0.02376	0.00968	0.00308	0.00440	0.02156	0.00704	0.00616
7	0.01521	0.03923	0.69413	0.02162	0.03283	0.01762	0.02802	0.02402	0.01601	0.02402	0.01361	0.01601	0.00961	0.00721	0.00721	0.00240	0.01121	0.00560	0.00320	0.01121
8	0.01554	0.09001	0.60747	0.05998	0.03292	0.01850	0.02651	0.02366	0.01592	0.02330	0.01338	0.01596	0.00965	0.00717	0.00705	0.00235	0.01092	0.00555	0.00322	0.01094
9	0.02938	0.01188	0.01611	0.01271	0.01776	0.01035	0.01035	0.03244	0.02166	0.55935	0.16019	0.03198	0.02932	0.01061	0.00789	0.00235	0.00588	0.00884	0.00918	0.01176
10	0.02068	0.01646	0.01759	0.01533	0.01988	0.01862	0.01206	0.11967	0.53147	0.07054	0.03070	0.02833	0.04345	0.01038	0.00774	0.00252	0.00626	0.00854	0.00777	0.01199
11	0.02228	0.01548	0.01637	0.01398	0.01803	0.07292	0.01096	0.16874	0.12377	0.17282	0.14293	0.11305	0.05068	0.01239	0.00808	0.00243	0.00660	0.01032	0.00773	0.01041
12	0.01726	0.01660	0.02893	0.20709	0.44393	0.01733	0.07233	0.02200	0.01682	0.02331	0.01556	0.02286	0.01322	0.00770	0.00780	0.00241	0.00947	0.04082	0.00384	0.01073
13	0.01669	0.01438	0.01484	0.01365	0.01731	0.03391	0.01062	0.05430	0.42545	0.02841	0.03998	0.04162	0.16312	0.03707	0.00918	0.00277	0.00596	0.05326	0.00731	0.01018
14	0.01767	0.01457	0.02695	0.02074	0.02569	0.01375	0.29919	0.02323	0.06355	0.12327	0.12753	0.15513	0.02974	0.01166	0.00880	0.00259	0.00843	0.01175	0.00621	0.00953
15	0.01804	0.02058	0.04145	0.05947	0.03840	0.05556	0.57653	0.02398	0.01788	0.02363	0.01590	0.04224	0.01257	0.00706	0.00880	0.00254	0.01246	0.00903	0.00392	0.00995
16	0.00938	0.00677	0.00892	0.01058	0.01120	0.00631	0.00724	0.01084	0.01482	0.01959	0.04361	0.66030	0.08397	0.02337	0.00968	0.00307	0.00450	0.05259	0.00704	0.00622
17	0.01731	0.01945	0.04194	0.06569	0.03893	0.01845	0.59534	0.02340	0.01760	0.02381	0.01650	0.05394	0.01327	0.00728	0.00892	0.00258	0.01225	0.00944	0.00396	0.00995
18	0.01877	0.01802	0.03079	0.04656	0.68612	0.01802	0.02328	0.02328	0.01727	0.02478	0.01427	0.01877	0.01201	0.00676	0.00751	0.00225	0.00901	0.00676	0.00375	0.01201
19	0.01187	0.00801	0.00896	0.00871	0.00899	0.00812	0.00506	0.04177	0.01220	0.01627	0.02363	0.04815	0.02688	0.69916	0.03714	0.00711	0.00740	0.01083	0.00474	0.00499
20	0.00937	0.00670	0.00892	0.01047	0.01103	0.00625	0.00705	0.01089	0.01512	0.02032	0.09717	0.67039	0.05202	0.02305	0.00962	0.00302	0.00433	0.02088	0.00715	0.00625
21	0.02835	0.03556	0.02155	0.01946	0.02345	0.67608	0.01465	0.05525	0.02206	0.01972	0.01198	0.01386	0.00989	0.00787	0.00687	0.00197	0.01347	0.00496	0.00405	0.00896
22	0.02028	0.73799	0.03975	0.01298	0.01947	0.03001	0.01298	0.02271	0.01541	0.01785	0.01055	0.01217	0.00973	0.00649	0.00487	0.00162	0.00811	0.00406	0.00324	0.00973
23	0.02880	0.02212	0.02269	0.01757	0.02352	0.06344	0.01443	0.62378	0.03483	0.04609	0.01783	0.01794	0.01272	0.00903	0.00754	0.00226	0.00866	0.00671	0.00737	0.01266
24	0.01293	0.00972	0.01250	0.01307	0.01525	0.00999	0.01089	0.01939	0.12589	0.02616	0.20324	0.06876	0.04745	0.01781	0.00963	0.00306	0.00595	0.37301	0.00745	0.00785
25	0.01431	0.00912	0.01271	0.03563	0.01565	0.00865	0.02559	0.01724	0.01750	0.11044	0.14856	0.21596	0.06440	0.01936	0.04979	0.00331	0.00644	0.15296	0.03207	0.04031
26	0.01101	0.00738	0.00838	0.00835	0.00845	0.00734	0.00475	0.01122	0.01164	0.01563	0.06257	0.05005	0.03016	0.69126	0.03686	0.00706	0.00713	0.01119	0.00482	0.00475
27	0.00924	0.00660	0.00880	0.01056	0.01100	0.00616	0.00704	0.01056	0.01452	0.01936	0.04181	0.72848	0.05017	0.02376	0.00968	0.00308	0.00440	0.02156	0.00704	0.00616
28	0.01933	0.01651	0.01798	0.01651	0.04624	0.01854	0.01241	0.08094	0.55662	0.03207	0.02812	0.02635	0.02117	0.00974	0.00755	0.00244	0.00626	0.00810	0.00733	0.06579
29	0.01838	0.01987	0.04047	0.03037	0.06988	0.01891	0.53826	0.05229	0.05196	0.02573	0.01613	0.02048	0.01218	0.00670	0.00862	0.00247	0.01176	0.00854	0.00422	0.04278
30	0.01084	0.00813	0.01219	0.01219	0.01354	0.00948	0.00948	0.01354	0.01219	0.01761	0.02032	0.02980	0.01896	0.05689	0.70337	0.01219	0.02032	0.00813	0.00406	0.00677
31	0.01642	0.19198	0.46025	0.02021	0.02967	0.02012	0.08365	0.02338	0.01627	0.02292	0.03895	0.01715	0.01221	0.00729	0.00692	0.00224	0.01037	0.00589	0.00347	0.01063
32	0.00989	0.00749	0.01038	0.01105	0.01224	0.00691	0.04003	0.01167	0.01518	0.02024	0.04484	0.55852	0.14146	0.02144	0.00931	0.00291	0.00470	0.01935	0.04594	0.00645
33	0.01591	0.01453	0.02348	0.59766	0.10722	0.01750	0.02072	0.07220	0.01703	0.02219	0.01394	0.01993	0.01051	0.00763	0.00758	0.00248	0.00987	0.00675	0.00375	0.00912
34	0.01707	0.01836	0.03733	0.11410	0.07108	0.01799	0.46494	0.02389	0.05623	0.02458	0.06195	0.02330	0.01619	0.00742	0.00864	0.00253	0.01123	0.00887	0.00431	0.00999
35	0.03360	0.01359	0.01803	0.01382	0.01971	0.01217	0.01142	0.08832	0.02286	0.63839	0.02896	0.02519	0.01829	0.00936	0.00762	0.00234	0.00661	0.00756	0.00924	0.01291
36	0.01790	0.02046	0.04476	0.03197	0.03964	0.01918	0.65857	0.02430	0.01790	0.02430	0.01535	0.02046	0.01151	0.00639	0.00895	0.00256	0.01279	0.00895	0.00384	0.01023
37	0.08092	0.06903	0.07960	0.01422	0.02034	0.01418	0.01286	0.07233	0.02081	0.46231	0.02550	0.02559	0.01747	0.00939	0.00733	0.00235	0.00711	0.03893	0.00783	0.01190
38	0.03135	0.01556	0.01904	0.01478	0.02058	0.01529	0.01215	0.21539	0.07724	0.45532	0.02665	0.02384	0.01744	0.00938	0.00762	0.00234	0.00696	0.00747	0.00874	0.01283
39	0.00924	0.00660	0.00880	0.01056	0.01100	0.00616	0.00704	0.01056	0.01452	0.01936	0.04181	0.72848	0.05017	0.02376	0.00968	0.00308	0.00440	0.02156	0.00704	0.00616
40	0.01758	0.01967	0.04200	0.10045	0.06741	0.01890	0.56917	0.02377	0.01761	0.02383	0.01512	0.02037	0.01139	0.00653	0.00876	0.00254	0.01237	0.00864	0.00379	0.01012
41	0.01903	0.01945	0.05798	0.07422	0.49396	0.05027	0.05606	0.05898	0.01855	0.02568	0.04235	0.02013	0.01423	0.00735	0.00761	0.00228	0.00932	0.00703	0.00413	0.01140
42	0.00924	0.00660	0.00880	0.01056	0.01100	0.00616	0.00704	0.01056	0.01452	0.01936	0.04181	0.72848	0.05017	0.02376	0.00968	0.00308	0.00440	0.02156	0.00704	0.00616
43	0.01711	0.01908	0.04051	0.02949	0.03611	0.01834	0.56682	0.02280	0.01725	0.02353	0.01722	0.07895	0.01462	0.00824	0.00995	0.00265	0.05361	0.00986	0.00407	0.00978
44	0.08227	0.01945	0.05537	0.01578	0.02139	0.06597	0.01330	0.22654	0.18135	0.20486	0.02300	0.02172	0.01613	0.00912	0.00735	0.00236	0.00764	0.00705	0.00738	0.01197
45	0.02750	0.01915	0.02083	0.01631	0.02194	0.02095	0.01336	0.49810	0.10354	0.10839	0.02109	0.02059	0.01494	0.00925	0.00749	0.00229	0.00766	0.00711	0.04699	0.01250
46	0.00997	0.00750	0.00907	0.01006	0.01131	0.00694	0.00700	0.03732	0.01614	0.02084	0.05034	0.52161	0.22025	0.02193	0.00940	0.00291	0.00441	0.01945	0.00706	0.00650
47	0.05834	0.05429	0.01952	0.01477	0.02023	0.11341	0.01204	0.09725	0.07874	0.41527	0.02453	0.02234	0.01643	0.00898	0.00727	0.00227	0.00770	0.00693	0.00779	0.01191
48	0.01631	0.19027	0.55268	0.01975	0.02994	0.02030	0.02477	0.02374	0.01588	0.02269	0.01295	0.01518	0.00964	0.00705	0.00670	0.00223	0.01054	0.00527	0.00321	0.01089

[dist]
# distance from previous block
# <min> <max>
0	4

[block]
# block no. 3 follows, 26 sequences, length 26
# corresponding to MSA columns:
# 155-180
name=unknown_D
#
# <colnr> <probs for GDERKNQSTAVLIFYWHMCP>
#	G	D	E	R	K	N	Q	S	T	A	V	L	I	F	Y	W	H	M	C	P
0	0.04374	0.01033	0.01274	0.01112	0.01465	0.00949	0.00867	0.04281	0.03848	0.26876	0.15898	0.13538	0.16047	0.01428	0.00824	0.00248	0.00508	0.01213	0.03286	0.00932
1	0.01082	0.00818	0.01169	0.01483	0.07837	0.00788	0.00975	0.01291	0.01542	0.02061	0.03875	0.52111	0.04502	0.02149	0.00964	0.00309	0.00541	0.15142	0.00671	0.00691
2	0.01573	0.01348	0.01573	0.01123	0.01798	0.01011	0.00899	0.01910	0.01573	0.02472	0.01348	0.01573	0.01123	0.00562	0.00562	0.00112	0.00562	0.00449	0.00449	0.77980
3	0.01854	0.01778	0.03036	0.08191	0.65260	0.01796	0.02316	0.02307	0.01716	0.02449	0.01423	0.01885	0.01191	0.00680	0.00751	0.00227	0.00907	0.00676	0.00373	0.01182
4	0.01877	0.01802	0.03079	0.04656	0.68612	0.01802	0.02328	0.02328	0.01727	0.02478	0.01427	0.01877	0.01201	0.00676	0.00751	0.00225	0.00901	0.00676	0.00375	0.01201
5	0.01833	0.01757	0.02998	0.11359	0.62257	0.01790	0.02306	0.02289	0.01706	0.02424	0.01419	0.01892	0.01182	0.00684	0.00752	0.00228	0.00912	0.00676	0.00372	0.01165
6	0.01103	0.00735	0.00827	0.00827	0.00827	0.00735	0.00460	0.01103	0.01103	0.01471	0.02390	0.04964	0.02758	0.73343	0.03861	0.00735	0.00735	0.01103	0.00460	0.00460
7	0.09379	0.01510	0.01724	0.01391	0.01929	0.05707	0.01127	0.03587	0.12891	0.48433	0.02731	0.02433	0.01805	0.00924	0.00735	0.00236	0.00679	0.00732	0.00837	0.01211
8	0.01103	0.00735	0.00827	0.00827	0.00827	0.00735	0.00460	0.01103	0.01103	0.01471	0.02390	0.04964	0.02758	0.73343	0.03861	0.00735	0.00735	0.01103	0.00460	0.00460
9	0.01487	0.01404	0.02374	0.63296	0.13021	0.01700	0.02134	0.01986	0.01543	0.02004	0.01358	0.02004	0.01035	0.00748	0.00757	0.00249	0.00998	0.00674	0.00342	0.00887
10	0.02965	0.01732	0.02008	0.01547	0.02141	0.01774	0.01273	0.35078	0.06284	0.29714	0.02321	0.02159	0.01565	0.00910	0.00751	0.00226	0.00734	0.00711	0.00814	0.05293
11	0.01432	0.01348	0.02275	0.71520	0.05224	0.01685	0.02107	0.01938	0.01517	0.01938	0.01348	0.02022	0.01011	0.00758	0.00758	0.00253	0.01011	0.00674	0.00337	0.00843
12	0.02528	0.02260	0.01955	0.01679	0.02150	0.21589	0.01314	0.15861	0.28591	0.10642	0.02277	0.02183	0.01679	0.00924	0.00743	0.00231	0.00872	0.00706	0.00679	0.01136
13	0.02069	0.01549	0.02310	0.02948	0.34390	0.01555	0.01673	0.06204	0.10326	0.14173	0.12445	0.02713	0.02402	0.00917	0.00779	0.00233	0.00730	0.00824	0.00616	0.01145
14	0.14623	0.01581	0.01772	0.01558	0.05842	0.07005	0.01179	0.06505	0.05076	0.41135	0.04481	0.02304	0.01760	0.00897	0.00715	0.00232	0.00709	0.00701	0.00768	0.01157
15	0.02758	0.01508	0.01869	0.01599	0.05426	0.01489	0.01223	0.13655	0.15496	0.36113	0.04681	0.02512	0.01958	0.00937	0.00756	0.00231	0.00667	0.00766	0.00816	0.05540
16	0.09617	0.25251	0.10492	0.01759	0.06177	0.02235	0.04814	0.15633	0.06163	0.02856	0.01450	0.01602	0.01143	0.00735	0.00630	0.00202	0.00825	0.00555	0.00473	0.07386
17	0.01998	0.01780	0.02953	0.08091	0.43275	0.01780	0.09377	0.08627	0.01915	0.06061	0.01548	0.01918	0.01222	0.00707	0.00758	0.00225	0.00912	0.00693	0.00445	0.05715
18	0.05135	0.01471	0.01955	0.01554	0.02043	0.01482	0.08535	0.13801	0.13420	0.19390	0.17367	0.03050	0.02905	0.01033	0.00791	0.00237	0.00673	0.00896	0.00758	0.03503
19	0.05531	0.04676	0.08936	0.02178	0.12789	0.01793	0.07870	0.21300	0.02228	0.06543	0.01688	0.04469	0.01339	0.00804	0.00717	0.00212	0.00831	0.00687	0.00542	0.14865
20	0.07098	0.05600	0.10274	0.01813	0.06374	0.01551	0.07744	0.06490	0.07331	0.20032	0.04167	0.02500	0.01758	0.00883	0.00734	0.00227	0.00778	0.04201	0.00616	0.09829
21	0.01783	0.05308	0.04731	0.01555	0.02191	0.01472	0.10193	0.11587	0.04435	0.02852	0.07902	0.02099	0.01761	0.00747	0.00680	0.00175	0.00719	0.00652	0.00524	0.38633
22	0.01990	0.09287	0.04036	0.01283	0.01852	0.01478	0.01093	0.15546	0.02138	0.10528	0.09947	0.02658	0.07518	0.00921	0.00690	0.00187	0.00635	0.00737	0.00619	0.26856
23	0.02117	0.06833	0.02001	0.01457	0.01972	0.01438	0.06441	0.06127	0.14002	0.19428	0.07612	0.08658	0.02349	0.01011	0.00745	0.00219	0.00656	0.00872	0.00686	0.15374
24	0.01926	0.20072	0.05074	0.01537	0.02101	0.01903	0.06601	0.10488	0.07121	0.05677	0.05112	0.05901	0.01751	0.00888	0.00769	0.00203	0.04506	0.00710	0.00523	0.17135
25	0.02041	0.03671	0.06257	0.01603	0.04563	0.01522	0.04580	0.11503	0.14207	0.12157	0.04866	0.02503	0.05666	0.00888	0.00721	0.00207	0.00693	0.00742	0.00632	0.20979

[dist]
# distance from previous block
# <min> <max>
10	27

[block]
# block no. 4 follows, 26 sequences, length 170
# corresponding to MSA columns:
# 208-377
name=unknown_E
#
# <colnr> <probs for GDERKNQSTAVLIFYWHMCP>
#	G	D	E	R	K	N	Q	S	T	A	V	L	I	F	Y	W	H	M	C	P
0	0.36346	0.01430	0.03704	0.08753	0.02011	0.01484	0.01098	0.04939	0.05095	0.13227	0.12712	0.02380	0.02159	0.00912	0.00652	0.00238	0.00632	0.00692	0.00610	0.00926
1	0.05770	0.11166	0.05474	0.04357	0.02062	0.01489	0.01226	0.04922	0.02058	0.30452	0.11675	0.03171	0.07434	0.01114	0.00797	0.00252	0.00703	0.00863	0.00763	0.04254
2	0.11776	0.04254	0.03589	0.01234	0.01734	0.01345	0.01033	0.09943	0.05409	0.18804	0.13192	0.03048	0.08617	0.01030	0.00719	0.00218	0.00596	0.00826	0.00699	0.11934
3	0.08933	0.08485	0.04702	0.01409	0.01969	0.04115	0.01209	0.15925	0.04631	0.17088	0.04783	0.02184	0.03824	0.00883	0.00747	0.00210	0.03398	0.00664	0.00633	0.14208
4	0.10086	0.01771	0.05457	0.01464	0.02054	0.01701	0.01246	0.24310	0.11239	0.13812	0.04388	0.02099	0.01638	0.00861	0.00700	0.00214	0.00698	0.00668	0.00683	0.14911
5	0.08278	0.10386	0.28592	0.01928	0.05381	0.05267	0.07398	0.02469	0.04626	0.07765	0.09069	0.02158	0.01810	0.00830	0.00714	0.00230	0.00913	0.00682	0.00472	0.01033
6	0.04519	0.01914	0.03917	0.02928	0.05788	0.01828	0.53009	0.05586	0.01836	0.02549	0.01733	0.07480	0.01447	0.00791	0.00874	0.00257	0.01153	0.00957	0.00430	0.01004
7	0.01486	0.00760	0.00783	0.00763	0.00955	0.00762	0.00570	0.01882	0.03805	0.05080	0.02509	0.02911	0.01989	0.03987	0.00689	0.00205	0.00388	0.00731	0.69013	0.00733
8	0.66920	0.03943	0.01240	0.01024	0.01483	0.01695	0.00847	0.04733	0.01435	0.03365	0.03705	0.01489	0.01133	0.00750	0.00500	0.00230	0.00586	0.00470	0.03616	0.00837
9	0.01087	0.00729	0.00832	0.00848	0.00851	0.00725	0.00481	0.01099	0.01134	0.01512	0.02549	0.10982	0.02958	0.67052	0.03604	0.00697	0.00709	0.01196	0.00481	0.00473
10	0.02850	0.02108	0.02258	0.01739	0.02340	0.02337	0.01434	0.64029	0.05673	0.04727	0.01863	0.01854	0.01324	0.00914	0.00759	0.00229	0.00827	0.00689	0.00759	0.01287
11	0.02691	0.03300	0.02139	0.01922	0.02286	0.59423	0.01462	0.06126	0.02118	0.02001	0.01220	0.01466	0.01024	0.00989	0.03088	0.00241	0.06686	0.00522	0.00406	0.00890
12	0.01659	0.00966	0.01314	0.03621	0.03785	0.00913	0.01035	0.01954	0.01833	0.17268	0.14344	0.09234	0.10066	0.07028	0.01133	0.00316	0.00607	0.21359	0.00735	0.00828
13	0.02129	0.26564	0.10789	0.01798	0.02395	0.06886	0.07143	0.15860	0.06236	0.02643	0.01425	0.01627	0.01144	0.00825	0.00875	0.00222	0.09342	0.00590	0.00455	0.01053
14	0.05467	0.14216	0.02407	0.01703	0.02215	0.32025	0.01378	0.20411	0.02416	0.08712	0.01491	0.01573	0.01138	0.00807	0.00672	0.00204	0.01038	0.00551	0.00534	0.01043
15	0.04273	0.02148	0.18713	0.02349	0.04926	0.01571	0.28284	0.02328	0.01798	0.08125	0.09746	0.02937	0.02145	0.00919	0.00837	0.00255	0.00995	0.06149	0.00498	0.01003
16	0.01435	0.01074	0.01232	0.03420	0.01419	0.04533	0.00856	0.06022	0.01953	0.05105	0.35719	0.04375	0.04555	0.12208	0.04303	0.00350	0.03149	0.01095	0.06445	0.00752
17	0.00943	0.00681	0.00879	0.01016	0.01082	0.00632	0.00683	0.01089	0.01505	0.02002	0.09127	0.59469	0.09578	0.06114	0.01114	0.00322	0.00446	0.02001	0.00701	0.00617
18	0.01551	0.01295	0.01393	0.01276	0.01626	0.01404	0.00991	0.05447	0.37318	0.02920	0.13476	0.04461	0.18963	0.01349	0.00828	0.00256	0.00526	0.03174	0.00762	0.00983
19	0.01841	0.01765	0.03013	0.10140	0.63412	0.01793	0.02310	0.02296	0.01710	0.02434	0.01420	0.01889	0.01186	0.00683	0.00752	0.00228	0.00910	0.00676	0.00372	0.01172
20	0.11516	0.05371	0.02188	0.10400	0.02573	0.01934	0.08770	0.07949	0.35032	0.03012	0.02236	0.02279	0.01685	0.00881	0.00731	0.00247	0.00757	0.00747	0.00611	0.01083
21	0.08759	0.01556	0.01847	0.01419	0.02011	0.01515	0.01169	0.21838	0.02461	0.38979	0.02348	0.02162	0.01554	0.00878	0.00721	0.00221	0.00689	0.00684	0.00805	0.08386
22	0.01630	0.18870	0.55416	0.01977	0.02997	0.02027	0.02481	0.02374	0.01589	0.02270	0.01296	0.01519	0.00964	0.00705	0.00671	0.00224	0.01055	0.00527	0.00321	0.01089
23	0.01572	0.10956	0.62827	0.02075	0.03148	0.01886	0.02651	0.02389	0.01595	0.02340	0.01330	0.01563	0.00962	0.00713	0.00697	0.00232	0.01090	0.00545	0.00321	0.01106
24	0.00896	0.00768	0.00768	0.00768	0.01025	0.00640	0.00576	0.01089	0.01729	0.02049	0.07684	0.07300	0.68304	0.01921	0.00896	0.00256	0.00384	0.01601	0.00704	0.00640
25	0.01805	0.02056	0.07085	0.02878	0.08283	0.04781	0.42119	0.04469	0.01750	0.02370	0.01539	0.04250	0.01261	0.00864	0.01097	0.03486	0.07678	0.00847	0.00396	0.00985
26	0.01998	0.02097	0.03526	0.03592	0.30705	0.08343	0.28953	0.06695	0.01916	0.02553	0.01475	0.01897	0.01165	0.00686	0.00806	0.00235	0.01100	0.00751	0.00406	0.01102
27	0.01614	0.01711	0.06191	0.45370	0.04624	0.01790	0.19803	0.05561	0.01707	0.02251	0.01426	0.01997	0.01063	0.00732	0.00794	0.00252	0.01081	0.00730	0.00372	0.00931
28	0.02028	0.73799	0.03975	0.01298	0.01947	0.03001	0.01298	0.02271	0.01541	0.01785	0.01055	0.01217	0.00973	0.00649	0.00487	0.00162	0.00811	0.00406	0.00324	0.00973
29	0.01074	0.00775	0.01014	0.00954	0.01133	0.00716	0.00716	0.01431	0.02147	0.03042	0.68211	0.05666	0.07157	0.01551	0.00895	0.00239	0.00358	0.01372	0.00835	0.00716
30	0.00924	0.00660	0.00880	0.01056	0.01100	0.00616	0.00704	0.01056	0.01452	0.01936	0.04181	0.72848	0.05017	0.02376	0.00968	0.00308	0.00440	0.02156	0.00704	0.00616
31	0.00924	0.00660	0.00880	0.01056	0.01100	0.00616	0.00704	0.01056	0.01452	0.01936	0.04181	0.72848	0.05017	0.02376	0.00968	0.00308	0.00440	0.02156	0.00704	0.00616
32	0.02215	0.01793	0.01900	0.01610	0.02098	0.02040	0.01280	0.24499	0.46237	0.03703	0.02670	0.02497	0.01977	0.00990	0.00768	0.00247	0.00678	0.00800	0.00768	0.01230
33	0.05618	0.04082	0.02263	0.01878	0.01931	0.02247	0.01569	0.01838	0.01184	0.01902	0.01052	0.01687	0.01030	0.01487	0.05656	0.00365	0.62391	0.00649	0.00342	0.00827
34	0.00924	0.00660	0.00880	0.01056	0.01100	0.00616	0.00704	0.01056	0.01452	0.01936	0.04181	0.72848	0.05017	0.02376	0.00968	0.00308	0.00440	0.02156	0.00704	0.00616
35	0.02059	0.01724	0.01883	0.01739	0.05476	0.01963	0.01301	0.14731	0.52791	0.03417	0.02781	0.02605	0.02080	0.00990	0.00768	0.00250	0.00657	0.00818	0.00749	0.01216
36	0.09812	0.05835	0.02125	0.01843	0.02235	0.58834	0.01407	0.02880	0.02009	0.01996	0.01150	0.01361	0.00963	0.00791	0.00728	0.00203	0.04070	0.00485	0.00393	0.00875
37	0.01414	0.00707	0.00707	0.00707	0.00884	0.00707	0.00530	0.01767	0.01591	0.02828	0.02474	0.02828	0.01944	0.00884	0.00530	0.00177	0.00353	0.00707	0.77554	0.00707
38	0.01841	0.01766	0.02993	0.09605	0.58157	0.01801	0.04355	0.02389	0.05082	0.02471	0.01510	0.01943	0.01242	0.00699	0.00757	0.00230	0.00907	0.00692	0.00393	0.01168
39	0.01074	0.00775	0.01014	0.00954	0.01133	0.00716	0.00716	0.01431	0.02147	0.03042	0.68211	0.05666	0.07157	0.01551	0.00895	0.00239	0.00358	0.01372	0.00835	0.00716
40	0.01497	0.01389	0.02344	0.57905	0.14988	0.01658	0.02077	0.01957	0.01526	0.01995	0.01359	0.02012	0.01055	0.00828	0.00855	0.03682	0.00978	0.00674	0.00343	0.00876
41	0.00924	0.00660	0.00880	0.01056	0.01100	0.00616	0.00704	0.01056	0.01452	0.01936	0.04181	0.72848	0.05017	0.02376	0.00968	0.00308	0.00440	0.02156	0.00704	0.00616
42	0.01035	0.00739	0.00992	0.01050	0.01119	0.00771	0.00726	0.01187	0.01292	0.01777	0.04702	0.27207	0.03332	0.22878	0.26853	0.00752	0.01094	0.01361	0.00533	0.00598
43	0.78701	0.01467	0.01115	0.00997	0.01467	0.01702	0.00821	0.02230	0.01291	0.03403	0.01056	0.01232	0.00821	0.00704	0.00469	0.00235	0.00587	0.00411	0.00469	0.00821
44	0.02768	0.01916	0.02082	0.01620	0.02184	0.02091	0.01331	0.52356	0.06564	0.10392	0.02042	0.02018	0.01446	0.00917	0.00743	0.00226	0.00769	0.00701	0.06593	0.01241
45	0.01565	0.01315	0.01528	0.01102	0.01750	0.00995	0.00880	0.01903	0.01574	0.02490	0.01406	0.01638	0.01166	0.00578	0.00560	0.00116	0.00551	0.00463	0.04427	0.73994
46	0.02937	0.02039	0.02223	0.01704	0.02309	0.02225	0.01408	0.59657	0.03423	0.11409	0.01942	0.01899	0.01350	0.00913	0.00759	0.00228	0.00815	0.00691	0.00777	0.01290
47	0.01887	0.01629	0.01715	0.01544	0.01972	0.01887	0.01201	0.04031	0.67241	0.03173	0.03087	0.02830	0.02315	0.01029	0.00772	0.00257	0.00600	0.00858	0.00772	0.01201
48	0.00941	0.00673	0.00895	0.01045	0.01104	0.00627	0.00705	0.01098	0.01530	0.02060	0.11325	0.65352	0.05256	0.02284	0.00960	0.00300	0.00431	0.02069	0.00719	0.00627
49	0.01659	0.01659	0.02323	0.01991	0.01991	0.02323	0.01659	0.01825	0.01162	0.01825	0.00996	0.01659	0.00996	0.01328	0.02489	0.00332	0.71955	0.00664	0.00332	0.00830
50	0.00923	0.00719	0.00842	0.00937	0.01084	0.00638	0.00666	0.01092	0.01592	0.02002	0.05796	0.39901	0.34284	0.02154	0.00938	0.00286	0.00425	0.04387	0.00704	0.00631
51	0.01878	0.01795	0.03023	0.04529	0.65909	0.01806	0.02282	0.02397	0.04384	0.02506	0.01494	0.01916	0.01247	0.00690	0.00752	0.00227	0.00889	0.00683	0.00392	0.01201
52	0.01960	0.05843	0.02431	0.01983	0.02131	0.18430	0.03497	0.02151	0.01434	0.01849	0.01056	0.01579	0.00995	0.01143	0.01912	0.00289	0.49501	0.00616	0.00347	0.00855
53	0.01127	0.00895	0.00969	0.00944	0.01187	0.00766	0.00695	0.01318	0.01946	0.02494	0.25931	0.06877	0.48194	0.01886	0.00959	0.00280	0.00437	0.01556	0.00791	0.00751
54	0.01776	0.26879	0.06605	0.25668	0.06049	0.02231	0.09315	0.04338	0.03843	0.02120	0.01334	0.01725	0.01072	0.00735	0.00738	0.00222	0.03413	0.00607	0.00367	0.00965
55	0.15932	0.18555	0.02421	0.05069	0.05034	0.12993	0.01343	0.17927	0.04385	0.07496	0.01491	0.01606	0.01143	0.00782	0.00634	0.00211	0.00861	0.00551	0.00526	0.01041
56	0.01551	0.00839	0.00853	0.00803	0.01020	0.00860	0.00615	0.07747	0.01774	0.03009	0.02414	0.02734	0.01883	0.00886	0.00551	0.00181	0.00398	0.00705	0.70413	0.00761
57	0.01555	0.03686	0.61194	0.02293	0.03369	0.01781	0.10783	0.02406	0.01625	0.02406	0.01383	0.01658	0.00985	0.00710	0.00743	0.00242	0.01141	0.00603	0.00328	0.01109
58	0.00918	0.00769	0.00798	0.00791	0.01038	0.00649	0.00593	0.01130	0.01779	0.02169	0.14992	0.07102	0.60921	0.01876	0.00896	0.00254	0.00381	0.01573	0.00720	0.00649
59	0.00961	0.00682	0.00903	0.01065	0.01116	0.00645	0.00726	0.01100	0.01449	0.01927	0.04033	0.62730	0.04796	0.07708	0.01193	0.00343	0.00482	0.06846	0.00685	0.00611
60	0.01767	0.01047	0.01084	0.00956	0.01236	0.01102	0.00749	0.17212	0.02065	0.03297	0.02317	0.02586	0.01787	0.00890	0.00585	0.00189	0.00469	0.00701	0.59112	0.00847
61	0.78701	0.01467	0.01115	0.00997	0.01467	0.01702	0.00821	0.02230	0.01291	0.03403	0.01056	0.01232	0.00821	0.00704	0.00469	0.00235	0.00587	0.00411	0.00469	0.00821
62	0.01573	0.01348	0.01573	0.01123	0.01798	0.01011	0.00899	0.01910	0.01573	0.02472	0.01348	0.01573	0.01123	0.00562	0.00562	0.00112	0.00562	0.00449	0.00449	0.77980
63	0.01074	0.00775	0.01014	0.00954	0.01133	0.00716	0.00716	0.01431	0.02147	0.03042	0.68211	0.05666	0.07157	0.01551	0.00895	0.00239	0.00358	0.01372	0.00835	0.00716
64	0.02955	0.02009	0.02205	0.01691	0.02295	0.02181	0.01397	0.57459	0.03373	0.13676	0.01983	0.01926	0.01371	0.00914	0.00759	0.00229	0.00809	0.00694	0.00784	0.01290
65	0.13592	0.01904	0.01966	0.01586	0.02128	0.02140	0.01291	0.41153	0.19347	0.04175	0.02031	0.01991	0.01482	0.00911	0.00720	0.00236	0.00740	0.00688	0.00720	0.01200
66	0.02883	0.02125	0.02276	0.01745	0.02352	0.02352	0.01442	0.66082	0.03566	0.04780	0.01821	0.01821	0.01290	0.00911	0.00759	0.00228	0.00835	0.00683	0.00759	0.01290
67	0.01064	0.00775	0.01001	0.00944	0.01127	0.00712	0.00708	0.01413	0.02124	0.02988	0.64943	0.05754	0.10458	0.01571	0.00895	0.00240	0.00359	0.01384	0.00828	0.00712
68	0.01103	0.00735	0.00827	0.00827	0.00827	0.00735	0.00460	0.01103	0.01103	0.01471	0.02390	0.04964	0.02758	0.73343	0.03861	0.00735	0.00735	0.01103	0.00460	0.00460
69	0.01037	0.00768	0.00968	0.00930	0.01114	0.00698	0.00693	0.01356	0.02043	0.02824	0.55105	0.09554	0.16789	0.01654	0.00899	0.00245	0.00366	0.01451	0.00807	0.00698
70	0.02028	0.73799	0.03975	0.01298	0.01947	0.03001	0.01298	0.02271	0.01541	0.01785	0.01055	0.01217	0.00973	0.00649	0.00487	0.00162	0.00811	0.00406	0.00324	0.00973
71	0.01767	0.08228	0.11447	0.05811	0.02804	0.06533	0.16893	0.02161	0.01479	0.02045	0.01203	0.01706	0.01026	0.00967	0.01517	0.00275	0.32192	0.00673	0.00346	0.00928
72	0.01414	0.00707	0.00707	0.00707	0.00884	0.00707	0.00530	0.01767	0.01591	0.02828	0.02474	0.02828	0.01944	0.00884	0.00530	0.00177	0.00353	0.00707	0.77554	0.00707
73	0.02032	0.01810	0.05477	0.26696	0.05606	0.01958	0.01720	0.23401	0.17545	0.03196	0.01912	0.02120	0.01411	0.00867	0.00760	0.00244	0.00859	0.00714	0.00577	0.01098
74	0.29042	0.14485	0.02106	0.01495	0.01974	0.29551	0.01212	0.07891	0.01868	0.02626	0.01167	0.01333	0.00949	0.00743	0.00583	0.00206	0.00959	0.00464	0.00438	0.00909
75	0.02667	0.01916	0.02046	0.01593	0.02136	0.02110	0.01308	0.56630	0.03276	0.04493	0.01917	0.01969	0.01386	0.00907	0.00725	0.00220	0.00764	0.00686	0.12046	0.01204
76	0.01639	0.01383	0.01495	0.01360	0.01723	0.01544	0.01051	0.03257	0.48475	0.03061	0.17295	0.03769	0.08290	0.01207	0.00807	0.00253	0.00532	0.01023	0.00780	0.01055
77	0.00934	0.00664	0.00877	0.01044	0.01085	0.00623	0.00691	0.01059	0.01433	0.01911	0.04084	0.69183	0.04895	0.06208	0.01124	0.00331	0.00456	0.02099	0.00691	0.00608
78	0.12001	0.01348	0.01633	0.01299	0.01806	0.01299	0.01060	0.12254	0.02265	0.40768	0.13498	0.02824	0.02548	0.01009	0.00749	0.00234	0.00618	0.00811	0.00839	0.01138
79	0.01074	0.00736	0.00858	0.00865	0.00907	0.00718	0.00526	0.01148	0.01320	0.01777	0.12833	0.11379	0.06295	0.52974	0.03022	0.00601	0.00636	0.01261	0.00549	0.00520
80	0.02242	0.01371	0.01672	0.01231	0.01873	0.01117	0.00999	0.05958	0.01876	0.24374	0.01911	0.01916	0.01379	0.00704	0.00638	0.00159	0.00604	0.00564	0.00626	0.48787
81	0.01414	0.00707	0.00707	0.00707	0.00884	0.00707	0.00530	0.01767	0.01591	0.02828	0.02474	0.02828	0.01944	0.00884	0.00530	0.00177	0.00353	0.00707	0.77554	0.00707
82	0.01790	0.02046	0.04476	0.03197	0.03964	0.01918	0.65857	0.02430	0.01790	0.02430	0.01535	0.02046	0.01151	0.00639	0.00895	0.00256	0.01279	0.00895	0.00384	0.01023
83	0.01790	0.02046	0.04476	0.03197	0.03964	0.01918	0.65857	0.02430	0.01790	0.02430	0.01535	0.02046	0.01151	0.00639	0.00895	0.00256	0.01279	0.00895	0.00384	0.01023
84	0.00924	0.00660	0.00880	0.01056	0.01100	0.00616	0.00704	0.01056	0.01452	0.01936	0.04181	0.72848	0.05017	0.02376	0.00968	0.00308	0.00440	0.02156	0.00704	0.00616
85	0.01432	0.01348	0.02275	0.71520	0.05224	0.01685	0.02107	0.01938	0.01517	0.01938	0.01348	0.02022	0.01011	0.00758	0.00758	0.00253	0.01011	0.00674	0.00337	0.00843
86	0.01887	0.01629	0.01715	0.01544	0.01972	0.01887	0.01201	0.04031	0.67241	0.03173	0.03087	0.02830	0.02315	0.01029	0.00772	0.00257	0.00600	0.00858	0.00772	0.01201
87	0.01659	0.01659	0.02323	0.01991	0.01991	0.02323	0.01659	0.01825	0.01162	0.01825	0.00996	0.01659	0.00996	0.01328	0.02489	0.00332	0.71955	0.00664	0.00332	0.00830
88	0.02706	0.03336	0.02174	0.01949	0.02306	0.59911	0.01486	0.05591	0.02101	0.01978	0.01181	0.01419	0.00992	0.00847	0.00886	0.00212	0.09116	0.00516	0.00400	0.00891
89	0.01887	0.01629	0.01715	0.01544	0.01972	0.01887	0.01201	0.04031	0.67241	0.03173	0.03087	0.02830	0.02315	0.01029	0.00772	0.00257	0.00600	0.00858	0.00772	0.01201
90	0.05202	0.01704	0.01917	0.01905	0.09680	0.01927	0.01345	0.11492	0.49014	0.03303	0.02654	0.02528	0.01997	0.00960	0.00755	0.00249	0.00664	0.00796	0.00712	0.01196
91	0.02224	0.55916	0.03510	0.01398	0.02000	0.05303	0.01319	0.08229	0.01780	0.07165	0.01273	0.01401	0.01072	0.00730	0.00628	0.00182	0.03966	0.00473	0.00414	0.01017
92	0.01903	0.01601	0.01684	0.01507	0.01930	0.01843	0.01175	0.06541	0.60995	0.03223	0.03000	0.02787	0.02252	0.01016	0.00758	0.00252	0.00597	0.00842	0.04917	0.01178
93	0.01648	0.01753	0.03606	0.20574	0.04028	0.01755	0.43922	0.02187	0.01658	0.02216	0.01521	0.02193	0.01200	0.04320	0.01080	0.03042	0.01161	0.00840	0.00373	0.00924
94	0.01031	0.00774	0.00954	0.00909	0.01107	0.00697	0.00682	0.01348	0.02046	0.02801	0.53538	0.06062	0.21980	0.01640	0.00895	0.00243	0.00364	0.01427	0.00803	0.00697
95	0.01084	0.00813	0.01219	0.01219	0.01354	0.00948	0.00948	0.01354	0.01219	0.01761	0.02032	0.02980	0.01896	0.05689	0.70337	0.01219	0.02032	0.00813	0.00406	0.00677
96	0.00924	0.00660	0.00880	0.01056	0.01100	0.00616	0.00704	0.01056	0.01452	0.01936	0.04181	0.72848	0.05017	0.02376	0.00968	0.00308	0.00440	0.02156	0.00704	0.00616
97	0.01659	0.01659	0.02323	0.01991	0.01991	0.02323	0.01659	0.01825	0.01162	0.01825	0.00996	0.01659	0.00996	0.01328	0.02489	0.00332	0.71955	0.00664	0.00332	0.00830
