[name]
unknown

[dist]
# distance from previous block
# <min> <max>
1	5

[block]
# block no. 0 follows, 25 sequences, length 83
# corresponding to MSA columns:
# 5-87
name=unknown_A
#
# <colnr> <probs for GDERKNQSTAVLIFYWHMCP>
#	G	D	E	R	K	N	Q	S	T	A	V	L	I	F	Y	W	H	M	C	P
0	0.01991	0.01818	0.02774	0.06312	0.47132	0.01902	0.02068	0.08032	0.14632	0.02851	0.01823	0.02111	0.01452	0.00785	0.00773	0.00238	0.00859	0.00728	0.00495	0.01222
1	0.02062	0.01616	0.05732	0.07997	0.15288	0.01422	0.04295	0.04757	0.01861	0.16430	0.05292	0.04486	0.01761	0.00860	0.00802	0.00215	0.03161	0.00740	0.00567	0.20657
2	0.01972	0.01859	0.03105	0.04605	0.64511	0.01871	0.02333	0.05650	0.01863	0.02655	0.01479	0.01916	0.01233	0.00703	0.00768	0.00230	0.00918	0.00691	0.00404	0.01233
3	0.01654	0.17282	0.56332	0.02041	0.03094	0.02044	0.02570	0.02430	0.01625	0.02334	0.01331	0.01562	0.00985	0.00723	0.00691	0.00230	0.01085	0.00543	0.00328	0.01117
4	0.01599	0.09867	0.63261	0.02135	0.03240	0.01908	0.02735	0.02444	0.01632	0.02402	0.01365	0.01604	0.00983	0.00730	0.00716	0.00239	0.01119	0.00560	0.00328	0.01133
5	0.01334	0.00986	0.01361	0.01352	0.01496	0.01075	0.01014	0.01518	0.01372	0.01975	0.02294	0.03461	0.02186	0.11439	0.61750	0.01207	0.01984	0.00915	0.00493	0.00787
6	0.01217	0.00991	0.01455	0.01393	0.01505	0.01230	0.01104	0.01474	0.01235	0.01812	0.01880	0.02796	0.01768	0.04989	0.57230	0.01078	0.14918	0.00803	0.00401	0.00721
7	0.01464	0.01378	0.02326	0.70887	0.05340	0.01723	0.02153	0.01981	0.01550	0.01981	0.01378	0.02067	0.01034	0.00775	0.00775	0.00258	0.01034	0.00689	0.00345	0.00861
8	0.01217	0.00821	0.00918	0.00892	0.00922	0.00833	0.00519	0.04276	0.01251	0.01669	0.02415	0.04916	0.02745	0.69229	0.03791	0.00726	0.00757	0.01106	0.00485	0.00511
9	0.01128	0.00752	0.00846	0.00846	0.00846	0.00752	0.00470	0.01128	0.01128	0.01503	0.02443	0.05074	0.02819	0.72751	0.03946	0.00752	0.00752	0.01128	0.00470	0.00470
10	0.02492	0.01962	0.02037	0.01682	0.02209	0.04621	0.01348	0.32397	0.32719	0.06312	0.02481	0.02351	0.01815	0.00983	0.00779	0.00246	0.00755	0.00777	0.00775	0.01261
11	0.01214	0.00818	0.01074	0.00995	0.01199	0.00752	0.00752	0.01577	0.02196	0.06313	0.64345	0.05637	0.07051	0.01554	0.00908	0.00244	0.00380	0.01372	0.00859	0.00760
12	0.02064	0.01730	0.01864	0.04482	0.02213	0.01992	0.01303	0.13298	0.54303	0.03440	0.02886	0.02702	0.02153	0.01022	0.00786	0.00258	0.00667	0.00842	0.00769	0.01226
13	0.01977	0.60342	0.16094	0.01491	0.02244	0.02832	0.01613	0.02347	0.01587	0.01942	0.01136	0.01317	0.00993	0.00677	0.00542	0.00181	0.00888	0.00444	0.00331	0.01023
14	0.01638	0.01380	0.01597	0.01191	0.01814	0.01128	0.00947	0.04319	0.06949	0.02717	0.07132	0.02074	0.01774	0.00711	0.00627	0.00142	0.00570	0.00581	0.00530	0.62180
15	0.01464	0.01378	0.02326	0.70887	0.05340	0.01723	0.02153	0.01981	0.01550	0.01981	0.01378	0.02067	0.01034	0.00775	0.00775	0.00258	0.01034	0.00689	0.00345	0.00861
16	0.02101	0.01783	0.01863	0.01716	0.04405	0.04923	0.01294	0.08163	0.54576	0.05816	0.02917	0.02712	0.02177	0.01016	0.00783	0.00256	0.00677	0.00837	0.00763	0.01223
17	0.01696	0.01696	0.02375	0.02036	0.02036	0.02375	0.01696	0.01866	0.01187	0.01866	0.01018	0.01696	0.01018	0.01357	0.02545	0.00339	0.71332	0.00679	0.00339	0.00848
18	0.01555	0.04011	0.68733	0.02210	0.03356	0.01801	0.02865	0.02455	0.01637	0.02455	0.01391	0.01637	0.00982	0.00737	0.00737	0.00246	0.01146	0.00573	0.00327	0.01146
19	0.01919	0.01842	0.03147	0.04759	0.67914	0.01842	0.02380	0.02380	0.01765	0.02533	0.01458	0.01919	0.01228	0.00691	0.00768	0.00230	0.00921	0.00691	0.00384	0.01228
20	0.78228	0.01499	0.01140	0.01020	0.01499	0.01739	0.00840	0.02279	0.01320	0.03479	0.01080	0.01260	0.00840	0.00720	0.00480	0.00240	0.00600	0.00420	0.00480	0.00840
21	0.01586	0.01534	0.02163	0.01887	0.01913	0.02111	0.01560	0.01776	0.01198	0.01854	0.01217	0.01950	0.01191	0.02195	0.15160	0.00510	0.58318	0.00707	0.00354	0.00819
22	0.01929	0.01666	0.01753	0.01578	0.02016	0.01929	0.01227	0.04120	0.66513	0.03243	0.03156	0.02893	0.02367	0.01052	0.00789	0.00263	0.00614	0.00877	0.00789	0.01227
23	0.01555	0.04011	0.68733	0.02210	0.03356	0.01801	0.02865	0.02455	0.01637	0.02455	0.01391	0.01637	0.00982	0.00737	0.00737	0.00246	0.01146	0.00573	0.00327	0.01146
24	0.01108	0.00831	0.01246	0.01246	0.01385	0.00969	0.00969	0.01385	0.01246	0.01800	0.02077	0.03046	0.01938	0.05815	0.69678	0.01246	0.02077	0.00831	0.00415	0.00692
25	0.01876	0.01798	0.03069	0.11083	0.61930	0.01831	0.02358	0.02341	0.01745	0.02480	0.01451	0.01933	0.01210	0.00699	0.00768	0.00233	0.00932	0.00691	0.00380	0.01193
26	0.01089	0.00792	0.01025	0.00967	0.01154	0.00728	0.00725	0.01448	0.02176	0.03065	0.64899	0.05865	0.09949	0.01602	0.00915	0.00245	0.00367	0.01412	0.00848	0.00728
27	0.01973	0.01638	0.01734	0.01526	0.01965	0.01851	0.01195	0.13763	0.48367	0.03369	0.03383	0.05658	0.07815	0.01160	0.00805	0.00260	0.00628	0.00960	0.00778	0.01172
28	0.09802	0.01335	0.01744	0.01349	0.01939	0.01190	0.01114	0.03652	0.02143	0.62955	0.02891	0.02522	0.01828	0.00939	0.00754	0.00240	0.00655	0.00749	0.00919	0.01279
29	0.01464	0.01378	0.02326	0.70887	0.05340	0.01723	0.02153	0.01981	0.01550	0.01981	0.01378	0.02067	0.01034	0.00775	0.00775	0.00258	0.01034	0.00689	0.00345	0.00861
30	0.01192	0.00802	0.00898	0.00879	0.00901	0.00810	0.00505	0.03404	0.01217	0.01623	0.02422	0.04960	0.02766	0.70205	0.03834	0.00733	0.00755	0.01112	0.00481	0.00500
31	0.01097	0.00793	0.01036	0.00975	0.01158	0.00732	0.00732	0.01463	0.02195	0.03109	0.67505	0.05792	0.07316	0.01585	0.00914	0.00244	0.00366	0.01402	0.00854	0.00732
32	0.02834	0.02105	0.02266	0.01730	0.02357	0.02289	0.01427	0.59967	0.03473	0.04687	0.01821	0.01840	0.01304	0.00901	0.00759	0.00223	0.00830	0.00678	0.00749	0.07762
33	0.01919	0.01842	0.03147	0.04759	0.67914	0.01842	0.02380	0.02380	0.01765	0.02533	0.01458	0.01919	0.01228	0.00691	0.00768	0.00230	0.00921	0.00691	0.00384	0.01228
34	0.01814	0.01585	0.02295	0.31430	0.15702	0.01746	0.01817	0.11884	0.07396	0.02699	0.01719	0.04497	0.01384	0.00841	0.00759	0.00235	0.00875	0.00733	0.00482	0.10108
35	0.01638	0.01575	0.02441	0.19099	0.05654	0.02017	0.07089	0.01963	0.01392	0.02061	0.01299	0.01931	0.01126	0.01088	0.01728	0.00295	0.39188	0.00705	0.06837	0.00873
36	0.01696	0.01375	0.01617	0.01159	0.01844	0.01039	0.00929	0.02039	0.01637	0.05639	0.01457	0.01656	0.01185	0.00592	0.00584	0.00121	0.00578	0.00474	0.00483	0.73895
37	0.01690	0.09297	0.60388	0.02100	0.03181	0.01867	0.02660	0.02510	0.01661	0.05642	0.01449	0.01655	0.01029	0.00742	0.00720	0.00239	0.01097	0.00571	0.00359	0.01143
38	0.02142	0.67351	0.03906	0.01383	0.02024	0.08685	0.01341	0.02387	0.01628	0.01830	0.01088	0.01257	0.00995	0.00675	0.00515	0.00169	0.00877	0.00422	0.00337	0.00987
39	0.01097	0.00793	0.01036	0.00975	0.01158	0.00732	0.00732	0.01463	0.02195	0.03109	0.67505	0.05792	0.07316	0.01585	0.00914	0.00244	0.00366	0.01402	0.00854	0.00732
40	0.01919	0.01842	0.03147	0.04759	0.67914	0.01842	0.02380	0.02380	0.01765	0.02533	0.01458	0.01919	0.01228	0.00691	0.00768	0.00230	0.00921	0.00691	0.00384	0.01228
41	0.01555	0.04011	0.68733	0.02210	0.03356	0.01801	0.02865	0.02455	0.01637	0.02455	0.01391	0.01637	0.00982	0.00737	0.00737	0.00246	0.01146	0.00573	0.00327	0.01146
42	0.01084	0.00792	0.01017	0.00961	0.01150	0.00726	0.00721	0.01436	0.02162	0.03032	0.62953	0.05919	0.11917	0.01614	0.00915	0.00245	0.00368	0.01420	0.00843	0.00726
43	0.01088	0.00792	0.01023	0.00965	0.01152	0.00727	0.00724	0.01444	0.02172	0.03055	0.64314	0.05881	0.10541	0.01605	0.00915	0.00245	0.00367	0.01415	0.00846	0.00727
44	0.01089	0.00792	0.01025	0.00966	0.01153	0.00728	0.00725	0.01447	0.02175	0.03061	0.64689	0.05871	0.10162	0.01603	0.00915	0.00245	0.00367	0.01413	0.00847	0.00728
45	0.01347	0.00673	0.01010	0.01010	0.01010	0.00673	0.00673	0.01010	0.01010	0.01347	0.01347	0.02357	0.01347	0.02694	0.03030	0.77441	0.00673	0.00673	0.00337	0.00337
46	0.01610	0.01511	0.02469	0.49551	0.19700	0.01768	0.02128	0.02255	0.07096	0.02217	0.01547	0.02102	0.01192	0.00779	0.00775	0.00252	0.00972	0.00705	0.00391	0.00978
47	0.01464	0.01378	0.02326	0.70887	0.05340	0.01723	0.02153	0.01981	0.01550	0.01981	0.01378	0.02067	0.01034	0.00775	0.00775	0.00258	0.01034	0.00689	0.00345	0.00861
48	0.01118	0.00790	0.01038	0.01038	0.01105	0.00856	0.00710	0.01251	0.01185	0.01646	0.02267	0.04099	0.02396	0.40575	0.35544	0.00989	0.01389	0.00985	0.00444	0.00577
49	0.02800	0.02099	0.02244	0.01754	0.02348	0.02336	0.01438	0.56479	0.12735	0.04649	0.02049	0.02011	0.01470	0.00948	0.00778	0.00237	0.00819	0.00724	0.00778	0.01305
50	0.01555	0.04011	0.68733	0.02210	0.03356	0.01801	0.02865	0.02455	0.01637	0.02455	0.01391	0.01637	0.00982	0.00737	0.00737	0.00246	0.01146	0.00573	0.00327	0.01146
51	0.00959	0.00685	0.00916	0.01096	0.01147	0.00642	0.00745	0.01104	0.01499	0.01995	0.04266	0.69247	0.05097	0.02416	0.00993	0.00317	0.00462	0.05060	0.00719	0.00634
52	0.01902	0.01825	0.03116	0.07244	0.65563	0.01838	0.02371	0.02365	0.01757	0.02512	0.01455	0.01925	0.01221	0.00694	0.00768	0.00231	0.00925	0.00691	0.00382	0.01214
53	0.01919	0.01842	0.03147	0.04759	0.67914	0.01842	0.02380	0.02380	0.01765	0.02533	0.01458	0.01919	0.01228	0.00691	0.00768	0.00230	0.00921	0.00691	0.00384	0.01228
54	0.00945	0.00675	0.00900	0.01080	0.01125	0.00630	0.00720	0.01080	0.01484	0.01979	0.04274	0.72245	0.05128	0.02429	0.00990	0.00315	0.00450	0.02204	0.00720	0.00630
55	0.01665	0.01650	0.02315	0.01993	0.02001	0.02300	0.01657	0.01840	0.01191	0.01862	0.01074	0.01769	0.01067	0.01596	0.06136	0.00388	0.67626	0.00687	0.00343	0.00840
56	0.71773	0.01514	0.01192	0.01067	0.01543	0.01755	0.00872	0.02435	0.06835	0.03459	0.01255	0.01398	0.00969	0.00748	0.00506	0.00242	0.00601	0.00458	0.00506	0.00872
57	0.01555	0.04011	0.68733	0.02210	0.03356	0.01801	0.02865	0.02455	0.01637	0.02455	0.01391	0.01637	0.00982	0.00737	0.00737	0.00246	0.01146	0.00573	0.00327	0.01146
58	0.00945	0.00675	0.00900	0.01080	0.01125	0.00630	0.00720	0.01080	0.01484	0.01979	0.04274	0.72245	0.05128	0.02429	0.00990	0.00315	0.00450	0.02204	0.00720	0.00630
59	0.03264	0.01439	0.01850	0.01428	0.02010	0.01336	0.01176	0.14244	0.02463	0.54125	0.06201	0.02669	0.02096	0.00987	0.00786	0.00239	0.00678	0.00798	0.00923	0.01289
60	0.01260	0.01070	0.01312	0.01295	0.01451	0.06770	0.00996	0.01520	0.01322	0.01797	0.02016	0.02980	0.01891	0.07811	0.61466	0.01140	0.01972	0.00813	0.00416	0.00702
61	0.01929	0.01666	0.01753	0.01578	0.02016	0.01929	0.01227	0.04120	0.66513	0.03243	0.03156	0.02893	0.02367	0.01052	0.00789	0.00263	0.00614	0.00877	0.00789	0.01227
62	0.01696	0.01696	0.02375	0.02036	0.02036	0.02375	0.01696	0.01866	0.01187	0.01866	0.01018	0.01696	0.01018	0.01357	0.02545	0.00339	0.71332	0.00679	0.00339	0.00848
63	0.01520	0.01435	0.02425	0.62851	0.12945	0.01737	0.02181	0.02029	0.01577	0.02048	0.01388	0.02049	0.01057	0.00765	0.00774	0.00255	0.01020	0.00689	0.00349	0.00906
64	0.02896	0.03695	0.02197	0.01998	0.02397	0.69638	0.01498	0.03096	0.02197	0.01898	0.01199	0.01398	0.00999	0.00799	0.00699	0.00200	0.01398	0.00499	0.00400	0.00899
65	0.00945	0.00675	0.00900	0.01080	0.01125	0.00630	0.00720	0.01080	0.01484	0.01979	0.04274	0.72245	0.05128	0.02429	0.00990	0.00315	0.00450	0.02204	0.00720	0.00630
66	0.01128	0.00752	0.00846	0.00846	0.00846	0.00752	0.00470	0.01128	0.01128	0.01503	0.02443	0.05074	0.02819	0.72751	0.03946	0.00752	0.00752	0.01128	0.00470	0.00470
67	0.01464	0.01378	0.02326	0.70887	0.05340	0.01723	0.02153	0.01981	0.01550	0.01981	0.01378	0.02067	0.01034	0.00775	0.00775	0.00258	0.01034	0.00689	0.00345	0.00861
68	0.01482	0.01396	0.02358	0.68306	0.07783	0.01727	0.02162	0.01997	0.01559	0.02003	0.01381	0.02061	0.01041	0.00772	0.00775	0.00257	0.01029	0.00689	0.00346	0.00876
69	0.01741	0.08288	0.14104	0.02726	0.03465	0.01960	0.42367	0.02337	0.01722	0.02357	0.01656	0.06728	0.01393	0.00825	0.00942	0.00259	0.04821	0.00896	0.00397	0.01018
70	0.01555	0.04011	0.68733	0.02210	0.03356	0.01801	0.02865	0.02455	0.01637	0.02455	0.01391	0.01637	0.00982	0.00737	0.00737	0.00246	0.01146	0.00573	0.00327	0.01146
71	0.01604	0.10474	0.62693	0.02127	0.03228	0.01919	0.02721	0.02443	0.01631	0.02397	0.01362	0.01600	0.00983	0.00730	0.00714	0.00238	0.01116	0.00558	0.00328	0.01132
72	0.01128	0.00752	0.00846	0.00846	0.00846	0.00752	0.00470	0.01128	0.01128	0.01503	0.02443	0.05074	0.02819	0.72751	0.03946	0.00752	0.00752	0.01128	0.00470	0.00470
73	0.01608	0.01378	0.01608	0.01148	0.01837	0.01034	0.00919	0.01952	0.01608	0.02527	0.01378	0.01608	0.01148	0.00574	0.00574	0.00115	0.00574	0.00459	0.00459	0.77491
74	0.01957	0.01472	0.01712	0.01261	0.01909	0.01245	0.01017	0.12069	0.02007	0.08593	0.04524	0.01922	0.01514	0.00708	0.00639	0.00150	0.00616	0.00566	0.00570	0.55548
75	0.01128	0.00752	0.00846	0.00846	0.00846	0.00752	0.00470	0.01128	0.01128	0.01503	0.02443	0.05074	0.02819	0.72751	0.03946	0.00752	0.00752	0.01128	0.00470	0.00470
76	0.01608	0.01378	0.01608	0.01148	0.01837	0.01034	0.00919	0.01952	0.01608	0.02527	0.01378	0.01608	0.01148	0.00574	0.00574	0.00115	0.00574	0.00459	0.00459	0.77491
77	0.05583	0.01385	0.02201	0.61250	0.04838	0.01665	0.01979	0.01995	0.01543	0.02107	0.01362	0.01985	0.01033	0.00755	0.00742	0.00245	0.00972	0.00655	0.00361	0.07343
78	0.03450	0.01365	0.01828	0.01401	0.02002	0.01207	0.01157	0.07072	0.02296	0.65050	0.02995	0.02597	0.01887	0.00958	0.00780	0.00240	0.00670	0.00775	0.00950	0.01319
79	0.01824	0.02074	0.04478	0.03213	0.03963	0.01979	0.62293	0.02456	0.01802	0.02456	0.01544	0.02074	0.01169	0.00685	0.00987	0.00265	0.04405	0.00905	0.00390	0.01037
80	0.01046	0.00764	0.00983	0.00984	0.01141	0.00701	0.00717	0.01342	0.01989	0.02754	0.47356	0.21805	0.11893	0.01819	0.00933	0.00262	0.00388	0.01614	0.00810	0.00701
81	0.01128	0.00752	0.00846	0.00846	0.00846	0.00752	0.00470	0.01128	0.01128	0.01503	0.02443	0.05074	0.02819	0.72751	0.03946	0.00752	0.00752	0.01128	0.00470	0.00470
82	0.78228	0.01499	0.01140	0.01020	0.01499	0.01739	0.00840	0.02279	0.01320	0.03479	0.01080	0.01260	0.00840	0.00720	0.00480	0.00240	0.00600	0.00420	0.00480	0.00840

[dist]
# distance from previous block
# <min> <max>
0	2

[block]
# block no. 1 follows, 25 sequences, length 49
# corresponding to MSA columns:
# 90-138
name=unknown_B
#
# <colnr> <probs for GDERKNQSTAVLIFYWHMCP>
#	G	D	E	R	K	N	Q	S	T	A	V	L	I	F	Y	W	H	M	C	P
0	0.01464	0.01378	0.02326	0.70887	0.05340	0.01723	0.02153	0.01981	0.01550	0.01981	0.01378	0.02067	0.01034	0.00775	0.00775	0.00258	0.01034	0.00689	0.00345	0.00861
1	0.01128	0.00752	0.00846	0.00846	0.00846	0.00752	0.00470	0.01128	0.01128	0.01503	0.02443	0.05074	0.02819	0.72751	0.03946	0.00752	0.00752	0.01128	0.00470	0.00470
2	0.02035	0.68151	0.08797	0.01391	0.02090	0.02975	0.01439	0.02332	0.01580	0.01870	0.01101	0.01273	0.00994	0.00669	0.00515	0.00172	0.00852	0.00426	0.00331	0.01006
3	0.04835	0.03903	0.65842	0.02159	0.03276	0.01798	0.02778	0.02448	0.01623	0.02499	0.01378	0.01621	0.00976	0.00736	0.00726	0.00245	0.01123	0.00566	0.00334	0.01133
4	0.09231	0.01396	0.01763	0.01384	0.01960	0.01304	0.01136	0.05967	0.07893	0.55192	0.02867	0.02524	0.01851	0.00948	0.00757	0.00242	0.00658	0.00757	0.00900	0.01273
5	0.01097	0.00793	0.01036	0.00975	0.01158	0.00732	0.00732	0.01463	0.02195	0.03109	0.67505	0.05792	0.07316	0.01585	0.00914	0.00244	0.00366	0.01402	0.00854	0.00732
6	0.00916	0.00785	0.00785	0.00785	0.01047	0.00655	0.00589	0.01113	0.01767	0.02095	0.07855	0.07462	0.67599	0.01964	0.00916	0.00262	0.00393	0.01636	0.00720	0.00655
7	0.01555	0.04011	0.68733	0.02210	0.03356	0.01801	0.02865	0.02455	0.01637	0.02455	0.01391	0.01637	0.00982	0.00737	0.00737	0.00246	0.01146	0.00573	0.00327	0.01146
8	0.01555	0.04011	0.68733	0.02210	0.03356	0.01801	0.02865	0.02455	0.01637	0.02455	0.01391	0.01637	0.00982	0.00737	0.00737	0.00246	0.01146	0.00573	0.00327	0.01146
9	0.01464	0.01378	0.02326	0.70887	0.05340	0.01723	0.02153	0.01981	0.01550	0.01981	0.01378	0.02067	0.01034	0.00775	0.00775	0.00258	0.01034	0.00689	0.00345	0.00861
10	0.01464	0.01378	0.02326	0.70887	0.05340	0.01723	0.02153	0.01981	0.01550	0.01981	0.01378	0.02067	0.01034	0.00775	0.00775	0.00258	0.01034	0.00689	0.00345	0.00861
11	0.02107	0.01959	0.02927	0.07481	0.47153	0.06689	0.04743	0.07508	0.04198	0.05373	0.01597	0.01956	0.01274	0.00744	0.00771	0.00233	0.00950	0.00697	0.00452	0.01189
12	0.03479	0.01320	0.01799	0.01380	0.01979	0.01140	0.01140	0.03779	0.02219	0.68451	0.03059	0.02639	0.01919	0.00960	0.00780	0.00240	0.00660	0.00780	0.00960	0.01320
13	0.03227	0.01376	0.01792	0.01412	0.01985	0.01268	0.01154	0.03834	0.12678	0.57844	0.03075	0.02680	0.01992	0.00975	0.00781	0.00244	0.00652	0.00795	0.00932	0.01305
14	0.01555	0.04011	0.68733	0.02210	0.03356	0.01801	0.02865	0.02455	0.01637	0.02455	0.01391	0.01637	0.00982	0.00737	0.00737	0.00246	0.01146	0.00573	0.00327	0.01146
15	0.02955	0.07180	0.01957	0.01403	0.01955	0.04080	0.01160	0.09229	0.06505	0.43951	0.06309	0.02800	0.04949	0.01010	0.00767	0.00234	0.00690	0.00809	0.00843	0.01211
16	0.01249	0.00892	0.01249	0.01428	0.01606	0.00892	0.01249	0.01606	0.01785	0.02320	0.04105	0.08746	0.04462	0.02142	0.01071	0.00357	0.00714	0.62695	0.00714	0.00714
17	0.00954	0.00679	0.00897	0.01067	0.01110	0.00636	0.00707	0.01082	0.01466	0.01954	0.04178	0.68726	0.05007	0.06113	0.01145	0.00338	0.00466	0.02148	0.00707	0.00621
18	0.01191	0.00964	0.01492	0.04437	0.01733	0.00939	0.08594	0.04685	0.01699	0.02282	0.08720	0.51726	0.04446	0.01997	0.00954	0.00296	0.00593	0.01839	0.00677	0.00734
19	0.01128	0.00752	0.00846	0.00846	0.00846	0.00752	0.00470	0.01128	0.01128	0.01503	0.02443	0.05074	0.02819	0.72751	0.03946	0.00752	0.00752	0.01128	0.00470	0.00470
20	0.02058	0.01730	0.01826	0.01604	0.02065	0.01989	0.01258	0.11867	0.58557	0.03451	0.02992	0.02762	0.02234	0.01037	0.00787	0.00259	0.00644	0.00854	0.00787	0.01239
21	0.01914	0.01552	0.01686	0.01532	0.01947	0.01760	0.01205	0.03795	0.55668	0.06268	0.05868	0.03465	0.02715	0.01156	0.00816	0.00269	0.00614	0.05808	0.00794	0.01171
22	0.02787	0.02693	0.02197	0.01838	0.02348	0.28430	0.01449	0.32714	0.11776	0.03499	0.01783	0.01824	0.01339	0.00896	0.00748	0.00224	0.01032	0.00646	0.00632	0.01143
23	0.00916	0.00785	0.00785	0.00785	0.01047	0.00655	0.00589	0.01113	0.01767	0.02095	0.07855	0.07462	0.67599	0.01964	0.00916	0.00262	0.00393	0.01636	0.00720	0.00655
24	0.01608	0.01378	0.01608	0.01148	0.01837	0.01034	0.00919	0.01952	0.01608	0.02527	0.01378	0.01608	0.01148	0.00574	0.00574	0.00115	0.00574	0.00459	0.00459	0.77491
25	0.03479	0.01320	0.01799	0.01380	0.01979	0.01140	0.01140	0.03779	0.02219	0.68451	0.03059	0.02639	0.01919	0.00960	0.00780	0.00240	0.00660	0.00780	0.00960	0.01320
26	0.00945	0.00675	0.00900	0.01080	0.01125	0.00630	0.00720	0.01080	0.01484	0.01979	0.04274	0.72245	0.05128	0.02429	0.00990	0.00315	0.00450	0.02204	0.00720	0.00630
27	0.01108	0.00831	0.01246	0.01246	0.01385	0.00969	0.00969	0.01385	0.01246	0.01800	0.02077	0.03046	0.01938	0.05815	0.69678	0.01246	0.02077	0.00831	0.00415	0.00692
28	0.02896	0.03695	0.02197	0.01998	0.02397	0.69638	0.01498	0.03096	0.02197	0.01898	0.01199	0.01398	0.00999	0.00799	0.00699	0.00200	0.01398	0.00499	0.00400	0.00899
29	0.02947	0.02172	0.02327	0.01784	0.02404	0.02404	0.01474	0.65329	0.03646	0.04887	0.01862	0.01862	0.01319	0.00931	0.00776	0.00233	0.00853	0.00698	0.00776	0.01319
30	0.01608	0.01378	0.01608	0.01148	0.01837	0.01034	0.00919	0.01952	0.01608	0.02527	0.01378	0.01608	0.01148	0.00574	0.00574	0.00115	0.00574	0.00459	0.00459	0.77491
31	0.01823	0.02071	0.04459	0.03203	0.03945	0.01983	0.61738	0.02451	0.01796	0.02451	0.01539	0.02071	0.01168	0.00691	0.01001	0.00266	0.05018	0.00903	0.00389	0.01035
32	0.00945	0.00675	0.00900	0.01080	0.01125	0.00630	0.00720	0.01080	0.01484	0.01979	0.04274	0.72245	0.05128	0.02429	0.00990	0.00315	0.00450	0.02204	0.00720	0.00630
33	0.01883	0.01805	0.03082	0.10016	0.62939	0.01833	0.02362	0.02348	0.01748	0.02489	0.01452	0.01931	0.01213	0.00698	0.00768	0.00233	0.00930	0.00691	0.00381	0.01199
34	0.01899	0.49976	0.25781	0.01623	0.02449	0.02642	0.01843	0.02367	0.01596	0.02036	0.01183	0.01376	0.00991	0.00688	0.00578	0.00193	0.00936	0.00468	0.00330	0.01046
35	0.01128	0.00752	0.00846	0.00846	0.00846	0.00752	0.00470	0.01128	0.01128	0.01503	0.02443	0.05074	0.02819	0.72751	0.03946	0.00752	0.00752	0.01128	0.00470	0.00470
36	0.01128	0.00752	0.00846	0.00846	0.00846	0.00752	0.00470	0.01128	0.01128	0.01503	0.02443	0.05074	0.02819	0.72751	0.03946	0.00752	0.00752	0.01128	0.00470	0.00470
37	0.05117	0.01384	0.02269	0.67562	0.05157	0.01723	0.02091	0.01995	0.01539	0.02052	0.01364	0.02029	0.01024	0.00773	0.00761	0.00258	0.01013	0.00676	0.00351	0.00860
38	0.62541	0.10117	0.01586	0.01133	0.01637	0.04743	0.00955	0.05285	0.01496	0.03284	0.01121	0.01292	0.00887	0.00726	0.00505	0.00229	0.00672	0.00436	0.00473	0.00883
39	0.78228	0.01499	0.01140	0.01020	0.01499	0.01739	0.00840	0.02279	0.01320	0.03479	0.01080	0.01260	0.00840	0.00720	0.00480	0.00240	0.00600	0.00420	0.00480	0.00840
40	0.01596	0.09513	0.63592	0.02140	0.03247	0.01901	0.02742	0.02445	0.01632	0.02405	0.01367	0.01606	0.00983	0.00731	0.00718	0.00239	0.01121	0.00560	0.00328	0.01134
41	0.01105	0.00798	0.01048	0.00999	0.01182	0.00740	0.00759	0.01471	0.02173	0.03067	0.64145	0.05948	0.07165	0.01615	0.00923	0.00250	0.00384	0.04650	0.00846	0.00731
42	0.01772	0.01523	0.01855	0.20769	0.02861	0.01761	0.01435	0.08359	0.35355	0.02938	0.05737	0.03053	0.07123	0.01058	0.00799	0.00258	0.00723	0.00891	0.00662	0.01068
43	0.01464	0.01378	0.02326	0.70887	0.05340	0.01723	0.02153	0.01981	0.01550	0.01981	0.01378	0.02067	0.01034	0.00775	0.00775	0.00258	0.01034	0.00689	0.00345	0.00861
44	0.01608	0.01378	0.01608	0.01148	0.01837	0.01034	0.00919	0.01952	0.01608	0.02527	0.01378	0.01608	0.01148	0.00574	0.00574	0.00115	0.00574	0.00459	0.00459	0.77491
45	0.01018	0.00766	0.01032	0.01171	0.01218	0.00780	0.00821	0.01165	0.01474	0.01985	0.04007	0.63847	0.04772	0.02331	0.01117	0.00319	0.06097	0.04740	0.00689	0.00651
46	0.01952	0.57109	0.19115	0.01532	0.02308	0.02773	0.01685	0.02353	0.01590	0.01971	0.01151	0.01335	0.00992	0.00680	0.00553	0.00184	0.00903	0.00451	0.00331	0.01030
47	0.04956	0.01409	0.01607	0.01208	0.01835	0.01190	0.00968	0.05263	0.07128	0.07976	0.02014	0.02105	0.04828	0.00741	0.00632	0.00156	0.00589	0.00592	0.00556	0.54249
48	0.02404	0.01763	0.01917	0.01573	0.02074	0.01934	0.01251	0.29143	0.27526	0.09163	0.02489	0.02570	0.01886	0.06676	0.01026	0.00282	0.00726	0.00799	0.00760	0.04038

[dist]
# distance from previous block
# <min> <max>
1	7

[block]
# block no. 2 follows, 25 sequences, length 12
# corresponding to MSA columns:
# 146-157
name=unknown_C
#
# <colnr> <probs for GDERKNQSTAVLIFYWHMCP>
#	G	D	E	R	K	N	Q	S	T	A	V	L	I	F	Y	W	H	M	C	P
0	0.02041	0.04782	0.01848	0.01330	0.01929	0.01474	0.01081	0.15903	0.07338	0.08197	0.07851	0.02215	0.01905	0.00816	0.00679	0.00176	0.00636	0.00654	0.00623	0.38522
1	0.00945	0.00675	0.00900	0.01080	0.01125	0.00630	0.00720	0.01080	0.01484	0.01979	0.04274	0.72245	0.05128	0.02429	0.00990	0.00315	0.00450	0.02204	0.00720	0.00630
2	0.01608	0.01378	0.01608	0.01148	0.01837	0.01034	0.00919	0.01952	0.01608	0.02527	0.01378	0.01608	0.01148	0.00574	0.00574	0.00115	0.00574	0.00459	0.00459	0.77491
3	0.01781	0.01373	0.01626	0.01170	0.01851	0.01043	0.00939	0.02121	0.01664	0.08618	0.01533	0.01703	0.01220	0.00610	0.00593	0.00126	0.00582	0.00489	0.00506	0.70452
4	0.01608	0.01378	0.01608	0.01148	0.01837	0.01034	0.00919	0.01952	0.01608	0.02527	0.01378	0.01608	0.01148	0.00574	0.00574	0.00115	0.00574	0.00459	0.00459	0.77491
5	0.00945	0.00675	0.00900	0.01080	0.01125	0.00630	0.00720	0.01080	0.01484	0.01979	0.04274	0.72245	0.05128	0.02429	0.00990	0.00315	0.00450	0.02204	0.00720	0.00630
6	0.00916	0.00785	0.00785	0.00785	0.01047	0.00655	0.00589	0.01113	0.01767	0.02095	0.07855	0.07462	0.67599	0.01964	0.00916	0.00262	0.00393	0.01636	0.00720	0.00655
7	0.01608	0.01378	0.01608	0.01148	0.01837	0.01034	0.00919	0.01952	0.01608	0.02527	0.01378	0.01608	0.01148	0.00574	0.00574	0.00115	0.00574	0.00459	0.00459	0.77491
8	0.00945	0.00675	0.00900	0.01080	0.01125	0.00630	0.00720	0.01080	0.01484	0.01979	0.04274	0.72245	0.05128	0.02429	0.00990	0.00315	0.00450	0.02204	0.00720	0.00630
9	0.01608	0.01378	0.01608	0.01148	0.01837	0.01034	0.00919	0.01952	0.01608	0.02527	0.01378	0.01608	0.01148	0.00574	0.00574	0.00115	0.00574	0.00459	0.00459	0.77491
10	0.01803	0.02494	0.21950	0.03815	0.40134	0.01848	0.11828	0.02417	0.01739	0.02504	0.01456	0.01865	0.01151	0.00698	0.00781	0.00239	0.01042	0.00691	0.00369	0.01178
11	0.20319	0.01404	0.02001	0.49110	0.04174	0.01687	0.01764	0.02176	0.01540	0.06881	0.01420	0.01909	0.01047	0.00774	0.00703	0.00253	0.00902	0.00630	0.00419	0.00887

[dist]
# distance from previous block
# <min> <max>
0	2

[block]
# block no. 3 follows, 25 sequences, length 19
# corresponding to MSA columns:
# 160-178
name=unknown_D
#
# <colnr> <probs for GDERKNQSTAVLIFYWHMCP>
#	G	D	E	R	K	N	Q	S	T	A	V	L	I	F	Y	W	H	M	C	P
0	0.02788	0.01938	0.02051	0.01614	0.02140	0.05351	0.01296	0.44837	0.03037	0.13694	0.02081	0.02369	0.01585	0.10212	0.01182	0.00299	0.00839	0.00756	0.00745	0.01188
1	0.02180	0.38931	0.02936	0.01325	0.01937	0.02241	0.01195	0.06707	0.05604	0.10907	0.01628	0.01809	0.01331	0.04150	0.00747	0.00205	0.00748	0.00550	0.00499	0.14371
2	0.10035	0.04465	0.04721	0.01299	0.04250	0.14554	0.01010	0.02275	0.01736	0.05625	0.01980	0.02246	0.01548	0.00839	0.00594	0.00198	0.00684	0.00628	0.40462	0.00849
3	0.01714	0.20946	0.21139	0.01708	0.02312	0.10590	0.05369	0.02132	0.01663	0.02092	0.02077	0.20687	0.02124	0.01180	0.00749	0.00239	0.00917	0.00985	0.00448	0.00929
4	0.19127	0.01453	0.04718	0.01249	0.01813	0.01214	0.03841	0.01935	0.01502	0.02612	0.01574	0.07884	0.01438	0.00926	0.00777	0.05341	0.00636	0.00646	0.00470	0.40845
5	0.16030	0.01305	0.01590	0.01326	0.01828	0.01254	0.01097	0.03199	0.06302	0.42513	0.04561	0.03289	0.02233	0.01093	0.00769	0.00257	0.00645	0.08743	0.00830	0.01136
6	0.14984	0.06843	0.51621	0.01933	0.02921	0.01830	0.02381	0.02462	0.01598	0.04785	0.01377	0.01585	0.00989	0.00738	0.00682	0.00241	0.01019	0.00545	0.00375	0.01091
7	0.01797	0.03691	0.57179	0.02136	0.03190	0.01906	0.02623	0.13395	0.01986	0.02878	0.01473	0.01676	0.01041	0.00770	0.00743	0.00243	0.01095	0.00595	0.00405	0.01176
8	0.01539	0.03553	0.57179	0.14159	0.03701	0.01787	0.02741	0.02373	0.01622	0.02373	0.01389	0.01712	0.00991	0.00743	0.00743	0.00248	0.01126	0.00593	0.00330	0.01096
9	0.15214	0.02219	0.20180	0.06741	0.11097	0.01695	0.04675	0.02744	0.11265	0.10434	0.01940	0.02305	0.01484	0.00867	0.00736	0.00251	0.00865	0.03668	0.00526	0.01091
10	0.78228	0.01499	0.01140	0.01020	0.01499	0.01739	0.00840	0.02279	0.01320	0.03479	0.01080	0.01260	0.00840	0.00720	0.00480	0.00240	0.00600	0.00420	0.00480	0.00840
11	0.01632	0.01496	0.02174	0.44169	0.05956	0.01822	0.01851	0.02650	0.21662	0.02382	0.01914	0.02301	0.01451	0.00887	0.00865	0.00263	0.04312	0.00747	0.00483	0.00985
12	0.01555	0.04011	0.68733	0.02210	0.03356	0.01801	0.02865	0.02455	0.01637	0.02455	0.01391	0.01637	0.00982	0.00737	0.00737	0.00246	0.01146	0.00573	0.00327	0.01146
13	0.03038	0.01207	0.01643	0.01327	0.01831	0.01051	0.01067	0.03309	0.02091	0.56885	0.03270	0.14750	0.02478	0.01215	0.00816	0.00253	0.00623	0.01028	0.00918	0.01200
14	0.01666	0.01358	0.01578	0.01219	0.01787	0.01141	0.00956	0.09992	0.01850	0.02736	0.01944	0.13931	0.01863	0.00943	0.00673	0.00165	0.00589	0.00794	0.00546	0.54272
15	0.02014	0.01511	0.01622	0.01366	0.01822	0.01594	0.01087	0.21652	0.20964	0.07718	0.04186	0.03965	0.22514	0.01283	0.00818	0.00248	0.00619	0.01043	0.00765	0.03211
16	0.01596	0.01654	0.02157	0.01808	0.02187	0.13030	0.17352	0.01903	0.01713	0.02165	0.02672	0.32839	0.02884	0.01451	0.00866	0.00255	0.00850	0.01352	0.00547	0.10718
17	0.01988	0.01477	0.02034	0.01489	0.02160	0.01225	0.09272	0.02473	0.05565	0.14289	0.01806	0.01929	0.01361	0.00681	0.00667	0.00165	0.00686	0.00600	0.00559	0.49573
18	0.01798	0.11161	0.04118	0.14782	0.04010	0.02062	0.45903	0.02375	0.01748	0.02311	0.01472	0.01978	0.01128	0.00676	0.00837	0.00249	0.01198	0.00811	0.00376	0.01007

[dist]
# distance from previous block
# <min> <max>
1	8

[block]
# block no. 4 follows, 25 sequences, length 23
# corresponding to MSA columns:
# 187-209
name=unknown_E
#
# <colnr> <probs for GDERKNQSTAVLIFYWHMCP>
#	G	D	E	R	K	N	Q	S	T	A	V	L	I	F	Y	W	H	M	C	P
0	0.01405	0.01124	0.01384	0.01513	0.07492	0.01147	0.01012	0.07941	0.12966	0.02655	0.10355	0.30655	0.13788	0.01736	0.00896	0.00275	0.00543	0.01527	0.00719	0.00867
1	0.15317	0.26292	0.32301	0.01651	0.02476	0.02160	0.01901	0.02335	0.01586	0.02458	0.04220	0.01628	0.01247	0.00748	0.00620	0.00218	0.00909	0.00531	0.00380	0.01023
2	0.01019	0.00825	0.02830	0.01042	0.01193	0.00705	0.00772	0.01272	0.01796	0.02450	0.29489	0.37828	0.11885	0.02004	0.00946	0.00280	0.00431	0.01788	0.00762	0.00687
3	0.56391	0.08628	0.05184	0.01166	0.01685	0.01852	0.01031	0.02437	0.07601	0.03225	0.03822	0.01607	0.01255	0.00780	0.00542	0.00235	0.00645	0.00509	0.00501	0.00904
4	0.01628	0.03539	0.53657	0.02605	0.09879	0.01826	0.11103	0.02452	0.01676	0.02467	0.01422	0.01726	0.01033	0.00721	0.00763	0.00246	0.01145	0.00630	0.00342	0.01141
5	0.01639	0.01406	0.01622	0.01190	0.01855	0.01121	0.00949	0.02164	0.07945	0.02597	0.01552	0.01733	0.01267	0.00621	0.00595	0.00129	0.00578	0.00500	0.00492	0.70045
6	0.01555	0.04011	0.68733	0.02210	0.03356	0.01801	0.02865	0.02455	0.01637	0.02455	0.01391	0.01637	0.00982	0.00737	0.00737	0.00246	0.01146	0.00573	0.00327	0.01146
7	0.01338	0.01012	0.04801	0.01128	0.01388	0.00826	0.00925	0.01683	0.02004	0.09201	0.39502	0.15232	0.09131	0.01670	0.00917	0.00265	0.00482	0.06908	0.00796	0.00792
8	0.10668	0.01337	0.01736	0.01345	0.01933	0.01197	0.01111	0.03634	0.02133	0.62202	0.02869	0.02506	0.01815	0.00937	0.00751	0.00240	0.00654	0.00745	0.00914	0.01273
9	0.02190	0.01120	0.01442	0.01218	0.01606	0.01049	0.00963	0.02755	0.10160	0.30298	0.32747	0.04122	0.04460	0.01259	0.00843	0.00245	0.00519	0.01078	0.00890	0.01037
10	0.01555	0.04011	0.68733	0.02210	0.03356	0.01801	0.02865	0.02455	0.01637	0.02455	0.01391	0.01637	0.00982	0.00737	0.00737	0.00246	0.01146	0.00573	0.00327	0.01146
11	0.03479	0.01320	0.01799	0.01380	0.01979	0.01140	0.01140	0.03779	0.02219	0.68451	0.03059	0.02639	0.01919	0.00960	0.00780	0.00240	0.00660	0.00780	0.00960	0.01320
12	0.01095	0.00786	0.01110	0.01146	0.01255	0.00867	0.00848	0.01322	0.01303	0.01867	0.02576	0.17085	0.02664	0.11282	0.45839	0.00954	0.01530	0.01128	0.04682	0.00660
13	0.09944	0.01983	0.02020	0.01610	0.02157	0.04163	0.01313	0.45986	0.09476	0.04309	0.02104	0.02109	0.03304	0.00947	0.00737	0.00233	0.00781	0.00711	0.04914	0.01199
14	0.01756	0.21007	0.45862	0.01971	0.02899	0.05430	0.02354	0.02421	0.01624	0.02240	0.01284	0.01531	0.00988	0.00755	0.00775	0.00229	0.04924	0.00536	0.00333	0.01080
15	0.01193	0.00898	0.01140	0.01234	0.01442	0.00876	0.01032	0.01602	0.05298	0.02354	0.09659	0.07803	0.19485	0.03925	0.01086	0.00332	0.00607	0.38591	0.00723	0.00722
16	0.29655	0.02625	0.30226	0.09214	0.02800	0.01830	0.01910	0.08602	0.01712	0.03019	0.01323	0.01569	0.00969	0.00754	0.00651	0.00244	0.00905	0.00542	0.00430	0.01020
17	0.34190	0.05135	0.08437	0.04572	0.02168	0.05657	0.01329	0.20501	0.02115	0.03491	0.01685	0.01815	0.04249	0.00847	0.00638	0.00235	0.00791	0.00591	0.00545	0.01011
18	0.09996	0.01842	0.01960	0.01558	0.02105	0.02019	0.01273	0.40683	0.10469	0.10724	0.02113	0.02087	0.01511	0.00925	0.00730	0.00233	0.00741	0.00702	0.07117	0.01212
19	0.09252	0.01398	0.01555	0.01175	0.01801	0.01179	0.00935	0.02169	0.07818	0.02675	0.01601	0.03691	0.01347	0.00687	0.00597	0.00147	0.00577	0.00545	0.00500	0.60351
20	0.09274	0.01424	0.05259	0.11612	0.05395	0.01400	0.01295	0.02488	0.17481	0.08074	0.09154	0.13978	0.05908	0.01241	0.00797	0.00259	0.00659	0.01061	0.00648	0.02595
21	0.01802	0.09988	0.35128	0.02139	0.03061	0.01857	0.14673	0.05158	0.01774	0.05019	0.01477	0.01732	0.01095	0.00708	0.00730	0.00222	0.01038	0.00623	0.00402	0.11373
22	0.01613	0.04451	0.38450	0.01710	0.02513	0.01432	0.01978	0.02238	0.01759	0.08782	0.07643	0.03260	0.11280	0.01064	0.00783	0.00244	0.00869	0.04203	0.00513	0.05215

[dist]
# distance from previous block
# <min> <max>
17	124

[block]
# block no. 5 follows, 25 sequences, length 18
# corresponding to MSA columns:
# 334-351
name=unknown_F
#
# <colnr> <probs for GDERKNQSTAVLIFYWHMCP>
#	G	D	E	R	K	N	Q	S	T	A	V	L	I	F	Y	W	H	M	C	P
0	0.02244	0.01802	0.02266	0.01926	0.07532	0.01824	0.06662	0.32344	0.04570	0.03626	0.01940	0.08032	0.01625	0.00938	0.00758	0.00215	0.00787	0.00796	0.00632	0.19483
1	0.01873	0.04452	0.09197	0.02063	0.05357	0.01649	0.18140	0.12132	0.06259	0.06775	0.07738	0.08824	0.08092	0.01092	0.00836	0.00249	0.00856	0.01012	0.00598	0.02806
2	0.04569	0.17189	0.27958	0.02089	0.04770	0.01966	0.12699	0.02363	0.01655	0.06230	0.01685	0.07825	0.01437	0.00887	0.00797	0.00240	0.03423	0.00754	0.00419	0.01045
3	0.02531	0.02157	0.07982	0.02055	0.02726	0.02085	0.14448	0.33908	0.10911	0.10081	0.02042	0.02095	0.01453	0.00877	0.00803	0.00244	0.00920	0.00762	0.00681	0.01238
4	0.02045	0.02039	0.03866	0.02812	0.03521	0.01997	0.47035	0.17041	0.02235	0.03018	0.01773	0.05582	0.01409	0.00808	0.00886	0.00257	0.01158	0.00930	0.00498	0.01088
5	0.01600	0.06968	0.60685	0.02255	0.03350	0.01870	0.07782	0.02452	0.01650	0.02429	0.01392	0.01656	0.00998	0.00727	0.00740	0.00243	0.01145	0.00593	0.00333	0.01131
6	0.01604	0.10541	0.62631	0.02127	0.03227	0.01920	0.02720	0.02443	0.01631	0.02396	0.01362	0.01600	0.00983	0.00730	0.00714	0.00238	0.01116	0.00558	0.00328	0.01132
7	0.01109	0.00749	0.00867	0.00877	0.00897	0.00739	0.00514	0.01153	0.01252	0.01685	0.08257	0.11030	0.03412	0.60396	0.03424	0.00669	0.00692	0.01246	0.00525	0.00507
8	0.02027	0.58075	0.14844	0.01509	0.02240	0.06210	0.01594	0.02383	0.01617	0.01934	0.01137	0.01318	0.00993	0.00683	0.00548	0.00181	0.00911	0.00445	0.00334	0.01016
9	0.02684	0.01814	0.02015	0.01602	0.02119	0.01950	0.01291	0.46671	0.03081	0.12374	0.02329	0.10486	0.01923	0.04773	0.00963	0.00270	0.00776	0.00909	0.00777	0.01194
10	0.00945	0.00675	0.00900	0.01080	0.01125	0.00630	0.00720	0.01080	0.01484	0.01979	0.04274	0.72245	0.05128	0.02429	0.00990	0.00315	0.00450	0.02204	0.00720	0.00630
11	0.01286	0.00875	0.00974	0.00927	0.00981	0.00895	0.00557	0.06706	0.01346	0.01797	0.02393	0.04795	0.02689	0.66510	0.03671	0.00707	0.00761	0.01090	0.00496	0.00544
12	0.02026	0.69693	0.03926	0.01323	0.01961	0.02966	0.01309	0.02276	0.01559	0.01823	0.01127	0.01332	0.01041	0.00914	0.03866	0.00218	0.00890	0.00435	0.00336	0.00980
13	0.07047	0.01812	0.01901	0.01519	0.02031	0.02004	0.01237	0.44183	0.08586	0.04281	0.02055	0.02111	0.01508	0.00924	0.00715	0.00226	0.00724	0.00702	0.15266	0.01169
14	0.08491	0.03579	0.01238	0.01043	0.01321	0.00994	0.00808	0.04164	0.02060	0.05855	0.43863	0.08806	0.09181	0.01453	0.00840	0.00241	0.00451	0.01247	0.00771	0.03593
15	0.08028	0.01423	0.05548	0.01364	0.01856	0.01237	0.01166	0.07205	0.05219	0.30871	0.09738	0.09486	0.02802	0.01210	0.00803	0.00252	0.00646	0.05955	0.00791	0.04401
16	0.10051	0.06579	0.55935	0.04699	0.03169	0.01845	0.02548	0.02412	0.01596	0.02523	0.01343	0.01595	0.00969	0.00733	0.00700	0.00242	0.01068	0.00554	0.00345	0.01095
17	0.21352	0.15854	0.34123	0.01657	0.02507	0.01956	0.01906	0.02345	0.01542	0.02608	0.01253	0.01466	0.00961	0.00706	0.00614	0.00219	0.00902	0.00495	0.00378	0.07157

[dist]
# distance from previous block
# <min> <max>
3	7

[block]
# block no. 6 follows, 25 sequences, length 42
# corresponding to MSA columns:
# 359-400
name=unknown_G
#
# <colnr> <probs for GDERKNQSTAVLIFYWHMCP>
#	G	D	E	R	K	N	Q	S	T	A	V	L	I	F	Y	W	H	M	C	P
0	0.05088	0.14849	0.36034	0.07051	0.08421	0.05384	0.02212	0.02458	0.04589	0.02398	0.03684	0.01797	0.01284	0.00769	0.00697	0.00230	0.01004	0.00597	0.00383	0.01071
1	0.26724	0.01467	0.04395	0.01318	0.01869	0.01339	0.03893	0.02773	0.01839	0.29215	0.09654	0.02418	0.02070	0.00902	0.00688	0.00232	0.00649	0.00709	0.00703	0.07143
2	0.01708	0.01364	0.01690	0.01226	0.01881	0.01060	0.03713	0.02065	0.01652	0.06117	0.01552	0.01768	0.01246	0.00620	0.00598	0.00132	0.00597	0.00514	0.05461	0.65035
3	0.01578	0.01346	0.01576	0.01145	0.01805	0.01015	0.00910	0.01913	0.01602	0.02502	0.01510	0.04824	0.01330	0.00659	0.00593	0.00124	0.00569	0.00539	0.00471	0.73991
4	0.01662	0.01292	0.01525	0.01189	0.01739	0.01068	0.00931	0.04886	0.04681	0.06199	0.06258	0.11488	0.02188	0.00948	0.00682	0.00169	0.00563	0.00802	0.00576	0.51155
5	0.00945	0.00675	0.00900	0.01080	0.01125	0.00630	0.00720	0.01080	0.01484	0.01979	0.04274	0.72245	0.05128	0.02429	0.00990	0.00315	0.00450	0.02204	0.00720	0.00630
6	0.02897	0.02147	0.02298	0.01774	0.02385	0.02381	0.01461	0.62276	0.06781	0.04805	0.01926	0.01913	0.01371	0.00937	0.00776	0.00234	0.00841	0.00707	0.00776	0.01314
7	0.01894	0.50462	0.15130	0.01607	0.02329	0.02594	0.06525	0.02296	0.01650	0.02077	0.05919	0.01703	0.01459	0.00741	0.00601	0.00193	0.00888	0.00552	0.00373	0.01006
8	0.02524	0.10929	0.04783	0.01802	0.02279	0.40299	0.01452	0.07818	0.13759	0.02384	0.01796	0.01877	0.03285	0.00872	0.00706	0.00213	0.01112	0.00610	0.00497	0.01002
9	0.02073	0.73217	0.04063	0.01327	0.01990	0.03068	0.01327	0.02322	0.01575	0.01824	0.01078	0.01244	0.00995	0.00663	0.00498	0.00166	0.00829	0.00415	0.00332	0.00995
10	0.00945	0.00675	0.00900	0.01080	0.01125	0.00630	0.00720	0.01080	0.01484	0.01979	0.04274	0.72245	0.05128	0.02429	0.00990	0.00315	0.00450	0.02204	0.00720	0.00630
11	0.03479	0.01320	0.01799	0.01380	0.01979	0.01140	0.01140	0.03779	0.02219	0.68451	0.03059	0.02639	0.01919	0.00960	0.00780	0.00240	0.00660	0.00780	0.00960	0.01320
12	0.01088	0.00858	0.00990	0.00945	0.01180	0.00793	0.00712	0.01527	0.07035	0.02704	0.38054	0.06250	0.31622	0.01699	0.00905	0.00253	0.00396	0.01457	0.00794	0.00739
13	0.01128	0.00752	0.00846	0.00846	0.00846	0.00752	0.00470	0.01128	0.01128	0.01503	0.02443	0.05074	0.02819	0.72751	0.03946	0.00752	0.00752	0.01128	0.00470	0.00470
14	0.02073	0.73217	0.04063	0.01327	0.01990	0.03068	0.01327	0.02322	0.01575	0.01824	0.01078	0.01244	0.00995	0.00663	0.00498	0.00166	0.00829	0.00415	0.00332	0.00995
15	0.01608	0.01378	0.01608	0.01148	0.01837	0.01034	0.00919	0.01952	0.01608	0.02527	0.01378	0.01608	0.01148	0.00574	0.00574	0.00115	0.00574	0.00459	0.00459	0.77491
16	0.01419	0.00731	0.00763	0.00763	0.00941	0.00742	0.00575	0.01774	0.01596	0.02806	0.02494	0.02903	0.01984	0.01286	0.05933	0.00264	0.00495	0.00731	0.71079	0.00720
17	0.02007	0.01035	0.01453	0.01282	0.01578	0.01056	0.01011	0.02273	0.01642	0.26511	0.05626	0.03127	0.02224	0.08465	0.33662	0.00756	0.03880	0.00856	0.00639	0.00916
18	0.01996	0.01979	0.03015	0.04412	0.60076	0.07133	0.02263	0.02508	0.04480	0.02513	0.01508	0.01919	0.01257	0.00714	0.00763	0.00229	0.00946	0.00684	0.00402	0.01202
19	0.01701	0.02829	0.31163	0.02722	0.06247	0.01816	0.31410	0.02426	0.01729	0.02477	0.01475	0.01856	0.01095	0.00684	0.00808	0.00242	0.01166	0.00727	0.00370	0.07057
20	0.11415	0.60473	0.07365	0.01339	0.02007	0.02833	0.01354	0.02324	0.01547	0.02064	0.01096	0.01268	0.00975	0.00674	0.00509	0.00179	0.00819	0.00424	0.00350	0.00984
21	0.01622	0.07264	0.05407	0.23988	0.06935	0.01790	0.22215	0.02247	0.06310	0.02270	0.02028	0.08936	0.03651	0.00937	0.00823	0.00256	0.00999	0.00925	0.00440	0.00958
22	0.05779	0.01784	0.01937	0.01491	0.02086	0.01835	0.01217	0.36743	0.05424	0.06912	0.01854	0.01915	0.01368	0.00834	0.00696	0.00201	0.00719	0.00637	0.05647	0.20922
23	0.07120	0.11238	0.02192	0.04139	0.06352	0.18911	0.01349	0.12170	0.03509	0.04642	0.01620	0.01895	0.01306	0.01261	0.06545	0.00302	0.04557	0.00613	0.09307	0.00972
24	0.21483	0.01659	0.01807	0.06810	0.02214	0.01764	0.01214	0.25158	0.02350	0.14709	0.01807	0.01967	0.01324	0.03809	0.00813	0.00247	0.00739	0.00635	0.00655	0.08836
25	0.02415	0.01675	0.01894	0.06006	0.02211	0.01803	0.01269	0.37033	0.05454	0.08964	0.02263	0.08565	0.01818	0.01046	0.00757	0.00232	0.00728	0.00842	0.10496	0.04530
26	0.08523	0.01681	0.01885	0.01527	0.01979	0.01856	0.01241	0.22198	0.11646	0.03385	0.05067	0.02117	0.01672	0.00964	0.01011	0.00231	0.12651	0.00686	0.03380	0.16301
27	0.02129	0.64033	0.03841	0.01397	0.02027	0.02981	0.01356	0.07588	0.01732	0.02083	0.01141	0.01316	0.01023	0.00717	0.00613	0.00179	0.04009	0.00450	0.00369	0.01016
28	0.01711	0.01736	0.02345	0.02008	0.02067	0.05619	0.03814	0.01908	0.01265	0.01883	0.01137	0.01811	0.01102	0.01688	0.08173	0.00408	0.59439	0.00691	0.00351	0.00844
29	0.02963	0.02040	0.02301	0.01891	0.05894	0.02204	0.01478	0.53665	0.03352	0.13286	0.02000	0.01969	0.01394	0.00922	0.00776	0.00234	0.00831	0.00709	0.00779	0.01314
