[name]
unknown

[dist]
# distance from previous block
# <min> <max>
0	32

[block]
# block no. 0 follows, 25 sequences, length 62
# corresponding to MSA columns:
# 32-93
name=unknown_A
#
# <colnr> <probs for GDERKNQSTAVLIFYWHMCP>
#	G	D	E	R	K	N	Q	S	T	A	V	L	I	F	Y	W	H	M	C	P
0	0.01249	0.00892	0.01249	0.01428	0.01606	0.00892	0.01249	0.01606	0.01785	0.02320	0.04105	0.08746	0.04462	0.02142	0.01071	0.00357	0.00714	0.62695	0.00714	0.00714
1	0.02947	0.02172	0.02327	0.01784	0.02404	0.02404	0.01474	0.65329	0.03646	0.04887	0.01862	0.01862	0.01319	0.00931	0.00776	0.00233	0.00853	0.00698	0.00776	0.01319
2	0.01004	0.00733	0.00953	0.01076	0.01169	0.00667	0.00725	0.01150	0.01480	0.02003	0.03971	0.63935	0.04720	0.05150	0.01077	0.00317	0.00472	0.02023	0.00689	0.06685
3	0.01315	0.00793	0.01041	0.01072	0.01226	0.00726	0.00760	0.01520	0.01737	0.10782	0.18871	0.42172	0.07335	0.05518	0.01089	0.00308	0.00470	0.01760	0.00769	0.00735
4	0.01620	0.06247	0.57599	0.02023	0.03054	0.01726	0.02541	0.02410	0.01674	0.05679	0.01972	0.02131	0.06283	0.00842	0.00744	0.00244	0.01050	0.00661	0.00390	0.01110
5	0.08079	0.67561	0.03832	0.01302	0.01951	0.02963	0.01288	0.02318	0.01555	0.01955	0.01078	0.01245	0.00983	0.00668	0.00496	0.00172	0.00811	0.00415	0.00343	0.00983
6	0.01071	0.00794	0.00895	0.00888	0.01109	0.00691	0.00652	0.01290	0.01812	0.04973	0.19267	0.14840	0.42028	0.04902	0.01048	0.00285	0.00420	0.01602	0.00747	0.00687
7	0.01021	0.00754	0.01011	0.04439	0.01339	0.00719	0.00788	0.01255	0.01740	0.02368	0.25745	0.43618	0.08219	0.02043	0.00951	0.00286	0.00447	0.01835	0.00747	0.00677
8	0.01873	0.49917	0.03273	0.01390	0.01882	0.05100	0.01287	0.02120	0.01500	0.01825	0.01287	0.01662	0.01194	0.01800	0.15132	0.00406	0.06558	0.00525	0.00352	0.00917
9	0.04197	0.00787	0.00978	0.00984	0.01133	0.00744	0.00705	0.01354	0.01870	0.02656	0.40388	0.22781	0.09125	0.07399	0.01155	0.00303	0.00429	0.01559	0.00767	0.00685
10	0.00969	0.00692	0.00928	0.01107	0.01163	0.00651	0.00762	0.01122	0.01508	0.02006	0.04260	0.67192	0.05075	0.02406	0.00996	0.00318	0.00471	0.07018	0.00719	0.00636
11	0.01529	0.01456	0.02494	0.47067	0.06810	0.01748	0.08980	0.02003	0.01538	0.02073	0.01444	0.02105	0.01138	0.01074	0.04338	0.00312	0.08809	0.00721	0.03482	0.00880
12	0.01432	0.01083	0.01196	0.01205	0.01411	0.06075	0.00949	0.01798	0.04425	0.04752	0.08220	0.07761	0.07867	0.06271	0.14852	0.00493	0.00921	0.16364	0.12176	0.00750
13	0.01080	0.00792	0.01012	0.00957	0.01147	0.00724	0.00718	0.01429	0.02153	0.03009	0.61633	0.05956	0.13251	0.01622	0.00915	0.00246	0.00368	0.01425	0.00840	0.00724
14	0.00952	0.00678	0.00897	0.01070	0.01113	0.00635	0.00710	0.01082	0.01470	0.01960	0.04199	0.69514	0.05034	0.05288	0.01110	0.00333	0.00462	0.02160	0.00710	0.00623
15	0.01637	0.15016	0.58449	0.02069	0.03139	0.02002	0.02620	0.02434	0.01627	0.02355	0.01342	0.01574	0.00984	0.00725	0.00699	0.00233	0.01096	0.00548	0.00328	0.01122
16	0.01108	0.00831	0.01246	0.01246	0.01385	0.00969	0.00969	0.01385	0.01246	0.01800	0.02077	0.03046	0.01938	0.05815	0.69678	0.01246	0.02077	0.00831	0.00415	0.00692
17	0.01128	0.00752	0.00846	0.00846	0.00846	0.00752	0.00470	0.01128	0.01128	0.01503	0.02443	0.05074	0.02819	0.72751	0.03946	0.00752	0.00752	0.01128	0.00470	0.00470
18	0.78228	0.01499	0.01140	0.01020	0.01499	0.01739	0.00840	0.02279	0.01320	0.03479	0.01080	0.01260	0.00840	0.00720	0.00480	0.00240	0.00600	0.00420	0.00480	0.00840
19	0.01181	0.00804	0.01056	0.01000	0.01189	0.00740	0.00747	0.01526	0.02140	0.05648	0.59926	0.10906	0.06926	0.01627	0.00915	0.00249	0.00384	0.01440	0.00847	0.00747
20	0.01722	0.01473	0.01741	0.01288	0.01902	0.01276	0.01041	0.06932	0.01726	0.02646	0.01380	0.01637	0.01149	0.00681	0.00788	0.00147	0.07703	0.00500	0.00472	0.63797
21	0.01855	0.01422	0.01766	0.01296	0.01961	0.01150	0.03689	0.02341	0.06385	0.10124	0.01707	0.01839	0.01326	0.00656	0.00628	0.00146	0.00618	0.00546	0.00538	0.60006
22	0.01978	0.60465	0.15979	0.01489	0.02242	0.02834	0.01610	0.02346	0.01587	0.01941	0.01136	0.01316	0.00993	0.00677	0.00542	0.00181	0.00888	0.00444	0.00331	0.01023
23	0.01235	0.00883	0.01230	0.01386	0.01565	0.00878	0.01201	0.01593	0.01823	0.02394	0.09990	0.08472	0.04727	0.02090	0.01056	0.00346	0.00682	0.57006	0.00727	0.00716
24	0.00945	0.00675	0.00900	0.01080	0.01125	0.00630	0.00720	0.01080	0.01484	0.01979	0.04274	0.72245	0.05128	0.02429	0.00990	0.00315	0.00450	0.02204	0.00720	0.00630
25	0.01147	0.03882	0.01168	0.01022	0.01221	0.00864	0.00771	0.01547	0.04679	0.02883	0.52066	0.14074	0.08468	0.01645	0.00901	0.00251	0.00407	0.01449	0.00807	0.00747
26	0.01608	0.01378	0.01608	0.01148	0.01837	0.01034	0.00919	0.01952	0.01608	0.02527	0.01378	0.01608	0.01148	0.00574	0.00574	0.00115	0.00574	0.00459	0.00459	0.77491
27	0.01097	0.00793	0.01036	0.00975	0.01158	0.00732	0.00732	0.01463	0.02195	0.03109	0.67505	0.05792	0.07316	0.01585	0.00914	0.00244	0.00366	0.01402	0.00854	0.00732
28	0.01355	0.00677	0.00987	0.00987	0.01002	0.00677	0.00663	0.01073	0.01059	0.01469	0.01440	0.02399	0.01397	0.02552	0.02834	0.71348	0.00649	0.00677	0.06387	0.00367
29	0.01948	0.41619	0.21848	0.01772	0.02555	0.06176	0.06788	0.02490	0.04398	0.02115	0.01298	0.01498	0.01064	0.00707	0.00620	0.00201	0.00976	0.00522	0.00358	0.01046
30	0.02728	0.02324	0.02154	0.01751	0.02286	0.14851	0.01405	0.42144	0.12518	0.04006	0.01954	0.01968	0.01439	0.00923	0.00754	0.00229	0.00900	0.00688	0.03775	0.01203
31	0.01821	0.04608	0.06081	0.05572	0.10665	0.01881	0.32657	0.02703	0.13925	0.02590	0.01804	0.02127	0.01383	0.00734	0.00815	0.00240	0.01031	0.00799	0.00465	0.08099
32	0.00995	0.00730	0.00986	0.01140	0.01194	0.00722	0.00794	0.01148	0.01481	0.01987	0.04064	0.63709	0.04825	0.02494	0.03491	0.00351	0.03183	0.05365	0.00694	0.00645
33	0.01504	0.00779	0.00785	0.00764	0.00962	0.00788	0.00578	0.04272	0.01704	0.02968	0.02503	0.02851	0.01961	0.00904	0.00551	0.00183	0.00380	0.00722	0.74095	0.00746
34	0.78228	0.01499	0.01140	0.01020	0.01499	0.01739	0.00840	0.02279	0.01320	0.03479	0.01080	0.01260	0.00840	0.00720	0.00480	0.00240	0.00600	0.00420	0.00480	0.00840
35	0.01927	0.02098	0.04381	0.03140	0.03910	0.01999	0.59601	0.07914	0.01987	0.02691	0.01594	0.02072	0.01189	0.00678	0.00903	0.00259	0.01268	0.00896	0.00425	0.01069
36	0.01108	0.00831	0.01246	0.01246	0.01385	0.00969	0.00969	0.01385	0.01246	0.01800	0.02077	0.03046	0.01938	0.05815	0.69678	0.01246	0.02077	0.00831	0.00415	0.00692
37	0.01464	0.01378	0.02326	0.70887	0.05340	0.01723	0.02153	0.01981	0.01550	0.01981	0.01378	0.02067	0.01034	0.00775	0.00775	0.00258	0.01034	0.00689	0.00345	0.00861
38	0.02947	0.02172	0.02327	0.01784	0.02404	0.02404	0.01474	0.65329	0.03646	0.04887	0.01862	0.01862	0.01319	0.00931	0.00776	0.00233	0.00853	0.00698	0.00776	0.01319
39	0.00949	0.00769	0.00843	0.00863	0.01077	0.00663	0.00632	0.01162	0.01788	0.02234	0.16562	0.17684	0.48106	0.01980	0.00928	0.00268	0.00398	0.01692	0.00741	0.00663
40	0.01081	0.00792	0.01013	0.00958	0.01148	0.00725	0.00718	0.01431	0.02155	0.03016	0.62016	0.05945	0.12863	0.01620	0.00915	0.00246	0.00368	0.01424	0.00841	0.00725
41	0.01464	0.01378	0.02326	0.70887	0.05340	0.01723	0.02153	0.01981	0.01550	0.01981	0.01378	0.02067	0.01034	0.00775	0.00775	0.00258	0.01034	0.00689	0.00345	0.00861
42	0.01225	0.00875	0.01222	0.01400	0.01568	0.00872	0.01208	0.01565	0.01761	0.02293	0.04119	0.13754	0.04515	0.02165	0.01065	0.00354	0.00693	0.57925	0.00714	0.00707
43	0.00916	0.00785	0.00785	0.00785	0.01047	0.00655	0.00589	0.01113	0.01767	0.02095	0.07855	0.07462	0.67599	0.01964	0.00916	0.00262	0.00393	0.01636	0.00720	0.00655
44	0.78228	0.01499	0.01140	0.01020	0.01499	0.01739	0.00840	0.02279	0.01320	0.03479	0.01080	0.01260	0.00840	0.00720	0.00480	0.00240	0.00600	0.00420	0.00480	0.00840
45	0.02305	0.01853	0.01965	0.01654	0.02160	0.02104	0.01318	0.26742	0.43278	0.03851	0.02677	0.02512	0.01979	0.01007	0.00784	0.00252	0.00702	0.00811	0.00784	0.01261
46	0.02903	0.03502	0.02214	0.01970	0.02398	0.61087	0.01495	0.11011	0.02381	0.02278	0.01283	0.01457	0.01039	0.00816	0.00709	0.00204	0.01329	0.00525	0.00447	0.00952
47	0.00945	0.00675	0.00900	0.01080	0.01125	0.00630	0.00720	0.01080	0.01484	0.01979	0.04274	0.72245	0.05128	0.02429	0.00990	0.00315	0.00450	0.02204	0.00720	0.00630
48	0.01608	0.01378	0.01608	0.01148	0.01837	0.01034	0.00919	0.01952	0.01608	0.02527	0.01378	0.01608	0.01148	0.00574	0.00574	0.00115	0.00574	0.00459	0.00459	0.77491
49	0.00945	0.00675	0.00900	0.01080	0.01125	0.00630	0.00720	0.01080	0.01484	0.01979	0.04274	0.72245	0.05128	0.02429	0.00990	0.00315	0.00450	0.02204	0.00720	0.00630
50	0.02463	0.01976	0.07470	0.01986	0.09304	0.04251	0.01525	0.16027	0.25821	0.17081	0.02479	0.02372	0.01778	0.00935	0.00775	0.00245	0.00776	0.00762	0.00727	0.01247
51	0.01608	0.01378	0.01608	0.01148	0.01837	0.01034	0.00919	0.01952	0.01608	0.02527	0.01378	0.01608	0.01148	0.00574	0.00574	0.00115	0.00574	0.00459	0.00459	0.77491
52	0.01953	0.01470	0.01777	0.06955	0.02175	0.03657	0.03460	0.07569	0.22720	0.10578	0.02496	0.05946	0.01992	0.01752	0.11531	0.00395	0.00925	0.00842	0.04444	0.07361
53	0.01608	0.01378	0.01608	0.01148	0.01837	0.01034	0.00919	0.01952	0.01608	0.02527	0.01378	0.01608	0.01148	0.00574	0.00574	0.00115	0.00574	0.00459	0.00459	0.77491
54	0.01464	0.01378	0.02326	0.70887	0.05340	0.01723	0.02153	0.01981	0.01550	0.01981	0.01378	0.02067	0.01034	0.00775	0.00775	0.00258	0.01034	0.00689	0.00345	0.00861
55	0.01140	0.00797	0.01025	0.00989	0.01177	0.00733	0.00736	0.01454	0.02032	0.05022	0.48987	0.13454	0.13541	0.01851	0.03303	0.00289	0.00448	0.01481	0.00811	0.00730
56	0.01663	0.01659	0.02444	0.07100	0.02359	0.02247	0.05125	0.01888	0.01251	0.01905	0.01117	0.01800	0.01065	0.01459	0.05068	0.00366	0.59587	0.00698	0.00346	0.00853
57	0.01128	0.00752	0.00846	0.00846	0.00846	0.00752	0.00470	0.01128	0.01128	0.01503	0.02443	0.05074	0.02819	0.72751	0.03946	0.00752	0.00752	0.01128	0.00470	0.00470
58	0.01830	0.02092	0.04575	0.03268	0.04052	0.01961	0.65098	0.02484	0.01830	0.02484	0.01569	0.02092	0.01176	0.00654	0.00915	0.00261	0.01307	0.00915	0.00392	0.01046
59	0.00961	0.00787	0.00848	0.00832	0.01075	0.00674	0.00624	0.01199	0.01873	0.02345	0.22605	0.07049	0.52693	0.01870	0.00916	0.00257	0.00386	0.01578	0.00753	0.00674
60	0.01709	0.01375	0.01618	0.01161	0.01845	0.01039	0.00931	0.02051	0.01641	0.06087	0.01469	0.01664	0.01190	0.00595	0.00585	0.00122	0.00579	0.00477	0.00486	0.73376
61	0.01018	0.00753	0.01060	0.01157	0.01234	0.00712	0.03341	0.01168	0.01470	0.01959	0.03933	0.58137	0.04654	0.10872	0.01349	0.00368	0.00534	0.04973	0.00676	0.00631

[dist]
# distance from previous block
# <min> <max>
0	1

[block]
# block no. 1 follows, 25 sequences, length 9
# corresponding to MSA columns:
# 95-103
name=unknown_B
#
# <colnr> <probs for GDERKNQSTAVLIFYWHMCP>
#	G	D	E	R	K	N	Q	S	T	A	V	L	I	F	Y	W	H	M	C	P
0	0.01455	0.01305	0.02249	0.01847	0.02159	0.01343	0.19219	0.01797	0.01702	0.04992	0.12731	0.20948	0.07912	0.01517	0.01202	0.00288	0.12352	0.03556	0.00594	0.00832
1	0.06868	0.01855	0.01829	0.01572	0.02057	0.08990	0.01241	0.09803	0.37591	0.15633	0.02683	0.02491	0.01946	0.00976	0.00758	0.00248	0.00728	0.00774	0.00761	0.01196
2	0.01681	0.01411	0.01540	0.01385	0.01594	0.07632	0.01069	0.12110	0.01755	0.02385	0.02139	0.02997	0.04351	0.14071	0.23389	0.00646	0.11016	0.00827	0.07201	0.00801
3	0.05602	0.01600	0.02283	0.31823	0.15884	0.05316	0.01862	0.04264	0.01759	0.10861	0.01756	0.02439	0.01401	0.00908	0.00877	0.00257	0.04986	0.04650	0.00478	0.00995
4	0.01748	0.01553	0.02381	0.17865	0.06563	0.01536	0.11289	0.02326	0.06988	0.05616	0.01619	0.01966	0.01261	0.00743	0.00826	0.00208	0.04940	0.00658	0.00463	0.29451
5	0.01601	0.01563	0.02309	0.01937	0.02081	0.01986	0.07132	0.01835	0.01307	0.01981	0.01410	0.06736	0.01403	0.01660	0.07539	0.00384	0.48393	0.00799	0.00387	0.07556
6	0.46393	0.01877	0.09714	0.06161	0.02163	0.01788	0.01294	0.11316	0.01781	0.09089	0.01421	0.01567	0.01032	0.00776	0.00600	0.00241	0.00738	0.00528	0.00535	0.00988
7	0.01472	0.01249	0.01774	0.04455	0.01882	0.01525	0.04264	0.03956	0.07096	0.02158	0.01879	0.02614	0.01674	0.05751	0.29618	0.00697	0.20006	0.00791	0.06319	0.00819
8	0.01438	0.04450	0.01272	0.01071	0.01334	0.01002	0.00822	0.07801	0.02065	0.07003	0.27601	0.18054	0.15491	0.01625	0.00866	0.00252	0.00476	0.01402	0.05168	0.00806

[dist]
# distance from previous block
# <min> <max>
3	7

[block]
# block no. 2 follows, 25 sequences, length 35
# corresponding to MSA columns:
# 111-145
name=unknown_C
#
# <colnr> <probs for GDERKNQSTAVLIFYWHMCP>
#	G	D	E	R	K	N	Q	S	T	A	V	L	I	F	Y	W	H	M	C	P
0	0.01639	0.01326	0.01580	0.01231	0.03647	0.01027	0.00938	0.01979	0.01627	0.04494	0.01603	0.04299	0.01367	0.00676	0.00599	0.00133	0.00570	0.00554	0.04909	0.65801
1	0.09826	0.01438	0.01760	0.01402	0.01965	0.01391	0.01145	0.06866	0.13041	0.48435	0.02838	0.02519	0.01868	0.00952	0.00754	0.00243	0.00657	0.00760	0.00879	0.01261
2	0.00940	0.00786	0.00819	0.00811	0.01062	0.00665	0.00608	0.01159	0.01824	0.02229	0.15740	0.07241	0.59631	0.01914	0.00916	0.00259	0.00389	0.01605	0.00738	0.00665
3	0.01608	0.01378	0.01608	0.01148	0.01837	0.01034	0.00919	0.01952	0.01608	0.02527	0.01378	0.01608	0.01148	0.00574	0.00574	0.00115	0.00574	0.00459	0.00459	0.77491
4	0.02794	0.02096	0.02240	0.01753	0.02346	0.02333	0.01437	0.56104	0.13120	0.04639	0.02057	0.02017	0.01477	0.00949	0.00778	0.00237	0.00817	0.00725	0.00778	0.01305
5	0.01058	0.00722	0.00866	0.00935	0.00952	0.00705	0.00565	0.01109	0.01263	0.01685	0.03140	0.30639	0.03698	0.45987	0.02821	0.00585	0.00637	0.01537	0.00565	0.00531
6	0.03479	0.01320	0.01799	0.01380	0.01979	0.01140	0.01140	0.03779	0.02219	0.68451	0.03059	0.02639	0.01919	0.00960	0.00780	0.00240	0.00660	0.00780	0.00960	0.01320
7	0.02073	0.73217	0.04063	0.01327	0.01990	0.03068	0.01327	0.02322	0.01575	0.01824	0.01078	0.01244	0.00995	0.00663	0.00498	0.00166	0.00829	0.00415	0.00332	0.00995
8	0.01079	0.00792	0.01011	0.00956	0.01147	0.00724	0.00717	0.01428	0.02152	0.03007	0.61498	0.05960	0.13387	0.01623	0.00915	0.00246	0.00369	0.01426	0.00840	0.00724
9	0.01107	0.00850	0.01242	0.05893	0.01660	0.00837	0.03529	0.01363	0.01624	0.02138	0.05930	0.41258	0.07410	0.02118	0.00991	0.00317	0.00595	0.19763	0.00684	0.00691
10	0.01326	0.00687	0.01031	0.01031	0.01043	0.00700	0.00700	0.01043	0.01031	0.01387	0.01412	0.02418	0.01399	0.02971	0.08947	0.70677	0.00798	0.00687	0.00344	0.00368
11	0.01067	0.00778	0.01004	0.00975	0.01147	0.00715	0.00721	0.01395	0.02083	0.02909	0.56125	0.13695	0.11067	0.01709	0.00923	0.00253	0.00377	0.01512	0.00829	0.00715
12	0.01940	0.01043	0.01278	0.01117	0.01401	0.01006	0.00827	0.04955	0.05973	0.21619	0.12889	0.05864	0.06088	0.22266	0.03780	0.00421	0.00655	0.01054	0.04947	0.00875
13	0.01676	0.13767	0.45638	0.07459	0.03155	0.03938	0.02430	0.02359	0.01593	0.02252	0.01302	0.01612	0.00992	0.00791	0.00880	0.00243	0.07949	0.00567	0.00333	0.01065
14	0.02064	0.62225	0.03701	0.01373	0.01976	0.08144	0.01313	0.02311	0.01599	0.01828	0.01164	0.01393	0.01067	0.01067	0.05793	0.00251	0.00969	0.00453	0.00343	0.00964
15	0.01593	0.09066	0.53606	0.02217	0.06068	0.01838	0.05058	0.02377	0.01683	0.02454	0.05772	0.01913	0.01423	0.00782	0.00738	0.00239	0.01065	0.00635	0.00368	0.01106
16	0.67205	0.01839	0.05716	0.01176	0.01693	0.07085	0.01026	0.02355	0.01410	0.03286	0.01110	0.01296	0.00862	0.00727	0.00514	0.00237	0.00699	0.00436	0.00463	0.00865
17	0.01916	0.36604	0.32568	0.01763	0.02630	0.04410	0.02021	0.05881	0.01735	0.02275	0.01264	0.01457	0.01007	0.00715	0.00625	0.00206	0.00987	0.00503	0.00356	0.01077
18	0.05754	0.01997	0.02233	0.05017	0.04690	0.02261	0.01492	0.45291	0.11559	0.04195	0.01908	0.01974	0.01401	0.00951	0.00882	0.00245	0.05507	0.00708	0.00703	0.01231
19	0.01300	0.00909	0.01084	0.01024	0.01107	0.00981	0.00697	0.04852	0.01421	0.02025	0.07394	0.04254	0.02774	0.43120	0.09876	0.00642	0.06073	0.01017	0.08832	0.00616
20	0.02985	0.01477	0.01819	0.01464	0.02017	0.01454	0.01187	0.07821	0.21368	0.45053	0.03011	0.02665	0.02014	0.00985	0.00782	0.00246	0.00658	0.00803	0.00897	0.01292
21	0.01802	0.01711	0.02846	0.21594	0.47572	0.01817	0.02247	0.02388	0.05856	0.02436	0.01546	0.02020	0.01251	0.00736	0.00771	0.00240	0.00930	0.00702	0.00400	0.01134
22	0.01489	0.01200	0.01289	0.01213	0.01459	0.01313	0.00869	0.02595	0.33373	0.02449	0.03471	0.08136	0.09570	0.25950	0.01903	0.00434	0.00628	0.01120	0.00668	0.00871
23	0.01464	0.01378	0.02326	0.70887	0.05340	0.01723	0.02153	0.01981	0.01550	0.01981	0.01378	0.02067	0.01034	0.00775	0.00775	0.00258	0.01034	0.00689	0.00345	0.00861
24	0.02670	0.03115	0.02194	0.01950	0.02314	0.49289	0.01510	0.10619	0.02226	0.02285	0.01390	0.01830	0.01199	0.00950	0.00968	0.00229	0.10494	0.03378	0.00453	0.00936
25	0.07959	0.01638	0.05806	0.04552	0.02085	0.01852	0.01471	0.04597	0.04350	0.12106	0.04252	0.02149	0.01544	0.01273	0.03614	0.00314	0.33364	0.00713	0.05411	0.00951
26	0.01178	0.00903	0.03803	0.01082	0.01274	0.00744	0.00824	0.01427	0.01772	0.06747	0.22127	0.38295	0.12944	0.01969	0.00935	0.00281	0.00462	0.01749	0.00757	0.00728
27	0.01731	0.01426	0.01798	0.08681	0.02232	0.01359	0.01189	0.06179	0.01698	0.05344	0.01622	0.06322	0.01422	0.00863	0.00914	0.00187	0.10293	0.00657	0.00490	0.45594
28	0.01415	0.01080	0.01315	0.01108	0.01514	0.00874	0.00823	0.01631	0.01523	0.04166	0.02377	0.23656	0.02503	0.05276	0.01052	0.05167	0.00555	0.01057	0.00547	0.42361
29	0.01971	0.01865	0.04391	0.13379	0.24902	0.05508	0.04552	0.13704	0.04318	0.02845	0.03666	0.06090	0.01630	0.00883	0.00775	0.00232	0.00894	0.00784	0.00502	0.07110
30	0.01942	0.05926	0.02959	0.12967	0.38923	0.01958	0.06104	0.07474	0.09085	0.02677	0.01653	0.02015	0.01319	0.00758	0.00765	0.00236	0.00916	0.00710	0.00452	0.01160
31	0.12222	0.04021	0.05220	0.08340	0.04845	0.01701	0.13850	0.04145	0.06470	0.05257	0.01706	0.02056	0.01334	0.01052	0.04038	0.00285	0.07356	0.00693	0.08841	0.06569
32	0.24515	0.02009	0.07997	0.01855	0.05999	0.05613	0.08147	0.15928	0.01982	0.03203	0.01497	0.01846	0.01188	0.03686	0.00946	0.00263	0.06396	0.00634	0.05299	0.00997
33	0.18858	0.04343	0.04217	0.03821	0.01846	0.03414	0.01111	0.06592	0.10534	0.07536	0.08883	0.03005	0.05784	0.01201	0.00924	0.07094	0.00669	0.04225	0.00607	0.05337
34	0.06213	0.01003	0.01169	0.01045	0.01366	0.00904	0.00787	0.01697	0.04589	0.04530	0.25074	0.14675	0.11481	0.03793	0.00913	0.00245	0.00476	0.01226	0.00692	0.18122

[dist]
# distance from previous block
# <min> <max>
8	32

[block]
# block no. 3 follows, 25 sequences, length 34
# corresponding to MSA columns:
# 178-211
name=unknown_D
#
# <colnr> <probs for GDERKNQSTAVLIFYWHMCP>
#	G	D	E	R	K	N	Q	S	T	A	V	L	I	F	Y	W	H	M	C	P
0	0.06767	0.01864	0.03467	0.10748	0.03569	0.01852	0.38707	0.05336	0.04365	0.02614	0.01551	0.01989	0.01183	0.00718	0.00880	0.00245	0.03595	0.00786	0.00431	0.09334
1	0.07398	0.01635	0.02139	0.11016	0.11340	0.01703	0.03684	0.13955	0.12027	0.10775	0.02032	0.02329	0.01554	0.00869	0.00743	0.00230	0.00779	0.02971	0.00609	0.12208
2	0.02304	0.01676	0.06083	0.01519	0.02057	0.01593	0.01287	0.08075	0.30926	0.20573	0.03013	0.03025	0.04368	0.01051	0.00786	0.00248	0.00673	0.03798	0.00776	0.06168
3	0.02122	0.25973	0.05943	0.06630	0.02968	0.18203	0.20468	0.02518	0.01784	0.02072	0.01281	0.01616	0.01053	0.00727	0.00770	0.00217	0.03693	0.00617	0.00367	0.00979
4	0.01782	0.01406	0.01649	0.01189	0.01869	0.01095	0.00955	0.04576	0.01728	0.06894	0.01506	0.01685	0.01205	0.00613	0.00596	0.00128	0.00591	0.00490	0.00504	0.69541
5	0.01791	0.25683	0.33078	0.01705	0.02518	0.02063	0.01948	0.05128	0.01806	0.04883	0.10542	0.02133	0.01914	0.00848	0.00688	0.00219	0.00905	0.00650	0.00445	0.01054
6	0.03416	0.01334	0.01797	0.01388	0.01981	0.01172	0.01143	0.03793	0.04827	0.65806	0.03063	0.02649	0.01937	0.00963	0.00780	0.00241	0.00658	0.00784	0.00953	0.01316
7	0.00945	0.00675	0.00900	0.01080	0.01125	0.00630	0.00720	0.01080	0.01484	0.01979	0.04274	0.72245	0.05128	0.02429	0.00990	0.00315	0.00450	0.02204	0.00720	0.00630
8	0.01776	0.02009	0.09337	0.08819	0.36947	0.01796	0.18879	0.02315	0.01740	0.02442	0.01627	0.05723	0.01387	0.00785	0.00816	0.00247	0.01027	0.00820	0.00396	0.01113
9	0.01897	0.01820	0.03108	0.07948	0.64897	0.01836	0.02369	0.02360	0.01755	0.02506	0.01455	0.01926	0.01219	0.00695	0.00768	0.00232	0.00927	0.00691	0.00382	0.01210
10	0.00916	0.00785	0.00785	0.00785	0.01047	0.00655	0.00589	0.01113	0.01767	0.02095	0.07855	0.07462	0.67599	0.01964	0.00916	0.00262	0.00393	0.01636	0.00720	0.00655
11	0.02452	0.01956	0.02241	0.01895	0.05031	0.02174	0.04391	0.35739	0.28188	0.04031	0.02340	0.02280	0.01720	0.00956	0.00787	0.00246	0.00783	0.00778	0.00747	0.01266
12	0.03194	0.01615	0.08041	0.01581	0.02243	0.01254	0.05575	0.03572	0.02141	0.58066	0.02808	0.02512	0.01785	0.00919	0.00785	0.00242	0.00747	0.00770	0.00864	0.01286
13	0.00945	0.00675	0.00900	0.01080	0.01125	0.00630	0.00720	0.01080	0.01484	0.01979	0.04274	0.72245	0.05128	0.02429	0.00990	0.00315	0.00450	0.02204	0.00720	0.00630
14	0.01555	0.04011	0.68733	0.02210	0.03356	0.01801	0.02865	0.02455	0.01637	0.02455	0.01391	0.01637	0.00982	0.00737	0.00737	0.00246	0.01146	0.00573	0.00327	0.01146
15	0.02455	0.13173	0.14222	0.04752	0.02546	0.09621	0.01669	0.27257	0.02547	0.08471	0.04732	0.01932	0.01491	0.00868	0.00725	0.00223	0.00931	0.00650	0.00587	0.01146
16	0.01567	0.03926	0.65895	0.02257	0.03387	0.01808	0.05618	0.02457	0.01646	0.02457	0.01399	0.01657	0.00991	0.00733	0.00745	0.00246	0.01153	0.00588	0.00330	0.01141
17	0.00945	0.00675	0.00900	0.01080	0.01125	0.00630	0.00720	0.01080	0.01484	0.01979	0.04274	0.72245	0.05128	0.02429	0.00990	0.00315	0.00450	0.02204	0.00720	0.00630
18	0.01188	0.01044	0.01587	0.01492	0.01686	0.03548	0.11573	0.01431	0.01613	0.02124	0.06446	0.52287	0.04373	0.02020	0.00966	0.00300	0.00637	0.04310	0.00658	0.00718
19	0.01834	0.01790	0.02881	0.22939	0.47901	0.04606	0.02281	0.02299	0.01724	0.02354	0.01426	0.01939	0.01165	0.00719	0.00767	0.00237	0.00972	0.00682	0.00374	0.01113
20	0.00945	0.00675	0.00900	0.01080	0.01125	0.00630	0.00720	0.01080	0.01484	0.01979	0.04274	0.72245	0.05128	0.02429	0.00990	0.00315	0.00450	0.02204	0.00720	0.00630
21	0.01508	0.01464	0.02597	0.62715	0.05185	0.01751	0.09761	0.02042	0.01584	0.02042	0.01401	0.02070	0.01051	0.00760	0.00792	0.00259	0.01067	0.00716	0.00350	0.00884
22	0.03479	0.01320	0.01799	0.01380	0.01979	0.01140	0.01140	0.03779	0.02219	0.68451	0.03059	0.02639	0.01919	0.00960	0.00780	0.00240	0.00660	0.00780	0.00960	0.01320
23	0.01830	0.02092	0.04575	0.03268	0.04052	0.01961	0.65098	0.02484	0.01830	0.02484	0.01569	0.02092	0.01176	0.00654	0.00915	0.00261	0.01307	0.00915	0.00392	0.01046
24	0.00916	0.00785	0.00785	0.00785	0.01047	0.00655	0.00589	0.01113	0.01767	0.02095	0.07855	0.07462	0.67599	0.01964	0.00916	0.00262	0.00393	0.01636	0.00720	0.00655
25	0.03479	0.01320	0.01799	0.01380	0.01979	0.01140	0.01140	0.03779	0.02219	0.68451	0.03059	0.02639	0.01919	0.00960	0.00780	0.00240	0.00660	0.00780	0.00960	0.01320
26	0.01351	0.00964	0.01374	0.01429	0.01646	0.00954	0.03828	0.01784	0.05260	0.05255	0.08038	0.17338	0.04386	0.01977	0.01014	0.00329	0.00669	0.40911	0.00725	0.00770
27	0.00916	0.00785	0.00785	0.00785	0.01047	0.00655	0.00589	0.01113	0.01767	0.02095	0.07855	0.07462	0.67599	0.01964	0.00916	0.00262	0.00393	0.01636	0.00720	0.00655
28	0.01088	0.00792	0.01023	0.00965	0.01152	0.00727	0.00724	0.01444	0.02172	0.03055	0.64304	0.05881	0.10551	0.01605	0.00915	0.00245	0.00367	0.01415	0.00846	0.00727
29	0.02043	0.01599	0.01730	0.01534	0.01978	0.01797	0.01209	0.07821	0.51741	0.08404	0.03314	0.03257	0.05262	0.01124	0.00805	0.00263	0.00627	0.03504	0.00795	0.01193
30	0.02880	0.01428	0.04361	0.01402	0.01951	0.01256	0.01179	0.03533	0.13118	0.47654	0.10014	0.02985	0.02545	0.01034	0.00794	0.00244	0.00639	0.00856	0.00894	0.01233
31	0.02484	0.01351	0.01697	0.01257	0.01904	0.01083	0.01022	0.02807	0.01894	0.33388	0.02165	0.02091	0.01509	0.00755	0.00670	0.00173	0.00614	0.00609	0.00694	0.41833
32	0.01923	0.01406	0.01634	0.01264	0.01858	0.01226	0.01016	0.06842	0.10004	0.11163	0.02374	0.02571	0.05847	0.00859	0.00683	0.00176	0.00603	0.03025	0.00614	0.44914
33	0.25348	0.04168	0.01770	0.01345	0.01911	0.01680	0.01111	0.15158	0.06515	0.24870	0.02043	0.01965	0.01419	0.00849	0.00664	0.00228	0.00676	0.00626	0.00709	0.06947

[dist]
# distance from previous block
# <min> <max>
11	21

[block]
# block no. 4 follows, 25 sequences, length 11
# corresponding to MSA columns:
# 235-245
name=unknown_E
#
# <colnr> <probs for GDERKNQSTAVLIFYWHMCP>
#	G	D	E	R	K	N	Q	S	T	A	V	L	I	F	Y	W	H	M	C	P
0	0.01808	0.01476	0.01828	0.01320	0.02004	0.01196	0.04319	0.07114	0.01809	0.05600	0.01500	0.01698	0.01197	0.00624	0.00617	0.00137	0.00638	0.00516	0.00503	0.64094
1	0.05356	0.01074	0.01350	0.01153	0.01511	0.00994	0.00892	0.02422	0.05525	0.25465	0.27081	0.07442	0.04116	0.06969	0.01070	0.00281	0.00537	0.01086	0.00813	0.04862
2	0.01007	0.00775	0.01159	0.01234	0.01331	0.00724	0.05261	0.01179	0.01509	0.02015	0.04083	0.67296	0.04849	0.02304	0.00984	0.00311	0.00510	0.02113	0.00697	0.00659
3	0.01886	0.01583	0.01663	0.01503	0.01918	0.01823	0.01167	0.03917	0.60813	0.03212	0.03101	0.02893	0.02334	0.01039	0.00767	0.00256	0.00591	0.00863	0.07488	0.01183
4	0.02947	0.02172	0.02327	0.01784	0.02404	0.02404	0.01474	0.65329	0.03646	0.04887	0.01862	0.01862	0.01319	0.00931	0.00776	0.00233	0.00853	0.00698	0.00776	0.01319
5	0.01929	0.01666	0.01753	0.01578	0.02016	0.01929	0.01227	0.04120	0.66513	0.03243	0.03156	0.02893	0.02367	0.01052	0.00789	0.00263	0.00614	0.00877	0.00789	0.01227
6	0.01608	0.01378	0.01608	0.01148	0.01837	0.01034	0.00919	0.01952	0.01608	0.02527	0.01378	0.01608	0.01148	0.00574	0.00574	0.00115	0.00574	0.00459	0.00459	0.77491
7	0.05291	0.01189	0.01799	0.41433	0.03593	0.01420	0.01572	0.01798	0.01570	0.02221	0.08827	0.08881	0.02227	0.04687	0.01014	0.00283	0.03923	0.00911	0.06563	0.00794
8	0.01866	0.01220	0.01457	0.03851	0.01699	0.01307	0.01017	0.06854	0.10746	0.10313	0.02284	0.02522	0.01764	0.01329	0.06341	0.00299	0.07556	0.00725	0.28010	0.08842
9	0.02677	0.07652	0.01949	0.04865	0.02072	0.01352	0.01141	0.06156	0.02043	0.37952	0.05109	0.02462	0.01870	0.03341	0.00829	0.00227	0.00678	0.00714	0.00744	0.16167
10	0.02168	0.01361	0.01665	0.01218	0.01880	0.01065	0.00985	0.02499	0.01791	0.22248	0.01881	0.01916	0.01379	0.00690	0.00636	0.00152	0.00600	0.00555	0.00609	0.54704

[dist]
# distance from previous block
# <min> <max>
21	34

[block]
# block no. 5 follows, 25 sequences, length 10
# corresponding to MSA columns:
# 282-291
name=unknown_F
#
# <colnr> <probs for GDERKNQSTAVLIFYWHMCP>
#	G	D	E	R	K	N	Q	S	T	A	V	L	I	F	Y	W	H	M	C	P
0	0.01864	0.01715	0.02829	0.35196	0.18310	0.01897	0.11147	0.12719	0.01987	0.02659	0.01504	0.02004	0.01144	0.00765	0.00794	0.00248	0.01018	0.00723	0.00432	0.01044
1	0.01869	0.01945	0.06572	0.10884	0.10812	0.01793	0.40767	0.02447	0.01796	0.07308	0.01759	0.05226	0.01389	0.00777	0.00869	0.00258	0.01141	0.00898	0.00440	0.01051
2	0.06471	0.01697	0.06062	0.51155	0.04459	0.05457	0.01975	0.02321	0.08628	0.02236	0.01543	0.02044	0.01161	0.00801	0.00752	0.00254	0.00987	0.00675	0.00403	0.00918
3	0.09968	0.01621	0.02767	0.36213	0.19727	0.01793	0.12509	0.02192	0.01623	0.02360	0.01397	0.01948	0.01083	0.00729	0.00765	0.00250	0.01005	0.00698	0.00377	0.00978
4	0.02399	0.11985	0.08830	0.02450	0.17395	0.15288	0.06398	0.02794	0.01907	0.16317	0.01757	0.01918	0.01314	0.00779	0.00715	0.00218	0.00966	0.00642	0.04829	0.01101
5	0.02598	0.08542	0.02232	0.01835	0.06886	0.23309	0.01369	0.06815	0.02087	0.18316	0.05025	0.02011	0.01591	0.00873	0.00812	0.00212	0.04910	0.00637	0.00577	0.09363
6	0.12666	0.11075	0.18545	0.09292	0.11418	0.06866	0.01894	0.07787	0.01788	0.02628	0.03024	0.01732	0.01198	0.00813	0.00819	0.00237	0.06175	0.00595	0.00417	0.01030
7	0.05245	0.07057	0.02878	0.14108	0.29086	0.01943	0.08779	0.06993	0.09031	0.02669	0.01712	0.02198	0.01390	0.00802	0.00764	0.00242	0.00915	0.02622	0.00462	0.01106
8	0.17284	0.22558	0.07961	0.01880	0.09256	0.17973	0.01495	0.02667	0.04464	0.05991	0.01369	0.01534	0.01098	0.00748	0.00617	0.00210	0.00934	0.00518	0.00436	0.01007
9	0.05852	0.01982	0.05206	0.02611	0.19909	0.10462	0.07258	0.07838	0.04263	0.06300	0.01980	0.12363	0.01815	0.01075	0.00956	0.00255	0.07418	0.00905	0.00516	0.01035

[dist]
# distance from previous block
# <min> <max>
6	23

[block]
# block no. 6 follows, 25 sequences, length 32
# corresponding to MSA columns:
# 315-346
name=unknown_G
#
# <colnr> <probs for GDERKNQSTAVLIFYWHMCP>
#	G	D	E	R	K	N	Q	S	T	A	V	L	I	F	Y	W	H	M	C	P
0	0.10088	0.01769	0.02549	0.05188	0.33619	0.01823	0.04015	0.11587	0.07230	0.08192	0.01737	0.01972	0.01335	0.00774	0.00737	0.00231	0.00832	0.00682	0.00531	0.05112
1	0.17696	0.04726	0.02297	0.01809	0.05249	0.01765	0.10697	0.13073	0.05010	0.14526	0.01870	0.04140	0.01428	0.00862	0.00780	0.00233	0.03495	0.00706	0.00603	0.09036
2	0.04724	0.00868	0.01050	0.01095	0.01297	0.00829	0.00839	0.01553	0.04409	0.05440	0.14967	0.25871	0.18706	0.01933	0.00935	0.00291	0.00497	0.13218	0.00743	0.00734
3	0.01562	0.01330	0.01559	0.01144	0.01789	0.01006	0.00905	0.01892	0.01599	0.02489	0.01577	0.06461	0.01422	0.00702	0.00603	0.00129	0.00566	0.00579	0.00477	0.72210
4	0.02877	0.02137	0.02288	0.01770	0.02378	0.02372	0.01457	0.61123	0.07965	0.04774	0.01950	0.01932	0.01391	0.00939	0.00777	0.00235	0.00837	0.00710	0.00777	0.01312
5	0.01249	0.00892	0.01249	0.01428	0.01606	0.00892	0.01249	0.01606	0.01785	0.02320	0.04105	0.08746	0.04462	0.02142	0.01071	0.00357	0.00714	0.62695	0.00714	0.00714
6	0.00971	0.00694	0.00930	0.01110	0.01166	0.00652	0.00766	0.01125	0.01510	0.02009	0.04259	0.66753	0.05071	0.02404	0.00997	0.00319	0.00473	0.07436	0.00719	0.00637
7	0.01969	0.59352	0.17020	0.01504	0.02264	0.02814	0.01635	0.02349	0.01588	0.01951	0.01141	0.01323	0.00992	0.00678	0.00545	0.00182	0.00893	0.00446	0.00331	0.01025
8	0.01088	0.00792	0.01024	0.00966	0.01153	0.00728	0.00725	0.01446	0.02174	0.03059	0.64570	0.05874	0.10282	0.01604	0.00915	0.00245	0.00367	0.01414	0.00847	0.00728
9	0.00945	0.00675	0.00900	0.01080	0.01125	0.00630	0.00720	0.01080	0.01484	0.01979	0.04274	0.72245	0.05128	0.02429	0.00990	0.00315	0.00450	0.02204	0.00720	0.00630
10	0.01937	0.01920	0.02994	0.11675	0.56689	0.06487	0.02295	0.02386	0.01772	0.02430	0.01432	0.01899	0.01192	0.00707	0.00764	0.00231	0.00966	0.00677	0.00381	0.01166
11	0.02086	0.67159	0.06801	0.01395	0.02067	0.05925	0.01401	0.02361	0.01605	0.01855	0.01097	0.01268	0.00995	0.00672	0.00517	0.00171	0.00868	0.00425	0.00334	0.00997
12	0.00991	0.00713	0.00950	0.01122	0.01197	0.00672	0.00797	0.01164	0.01543	0.02037	0.04394	0.59640	0.07579	0.02365	0.00999	0.00319	0.00489	0.11664	0.00719	0.00644
13	0.02786	0.03464	0.02147	0.01950	0.02354	0.61928	0.01467	0.03213	0.09521	0.02051	0.01421	0.01568	0.01155	0.00828	0.00709	0.00207	0.01309	0.00542	0.00444	0.00936
14	0.01833	0.02025	0.04199	0.03398	0.13384	0.01974	0.51069	0.02422	0.01773	0.02445	0.01511	0.02036	0.01172	0.00711	0.01014	0.00263	0.06460	0.00864	0.00387	0.01058
15	0.01097	0.00793	0.01036	0.00975	0.01158	0.00732	0.00732	0.01463	0.02195	0.03109	0.67505	0.05792	0.07316	0.01585	0.00914	0.00244	0.00366	0.01402	0.00854	0.00732
16	0.01893	0.01816	0.03101	0.08472	0.64401	0.01836	0.02367	0.02357	0.01753	0.02502	0.01454	0.01927	0.01217	0.00696	0.00768	0.00232	0.00927	0.00691	0.00382	0.01208
17	0.00945	0.00675	0.00900	0.01080	0.01125	0.00630	0.00720	0.01080	0.01484	0.01979	0.04274	0.72245	0.05128	0.02429	0.00990	0.00315	0.00450	0.02204	0.00720	0.00630
18	0.01464	0.01378	0.02326	0.70887	0.05340	0.01723	0.02153	0.01981	0.01550	0.01981	0.01378	0.02067	0.01034	0.00775	0.00775	0.00258	0.01034	0.00689	0.00345	0.00861
19	0.02875	0.02109	0.02202	0.01732	0.02318	0.05685	0.01414	0.49042	0.10865	0.10583	0.02094	0.02034	0.01483	0.00941	0.00774	0.00235	0.00835	0.00717	0.00775	0.01286
20	0.01097	0.00793	0.01036	0.00975	0.01158	0.00732	0.00732	0.01463	0.02195	0.03109	0.67505	0.05792	0.07316	0.01585	0.00914	0.00244	0.00366	0.01402	0.00854	0.00732
21	0.01683	0.03505	0.49828	0.02532	0.06272	0.04615	0.15711	0.02484	0.01706	0.02442	0.01423	0.01734	0.01034	0.00720	0.00774	0.00246	0.01180	0.00646	0.00346	0.01119
22	0.01487	0.01401	0.02367	0.67574	0.08476	0.01729	0.02165	0.02001	0.01561	0.02009	0.01382	0.02060	0.01043	0.00771	0.00775	0.00257	0.01028	0.00689	0.00346	0.00880
23	0.02947	0.02172	0.02327	0.01784	0.02404	0.02404	0.01474	0.65329	0.03646	0.04887	0.01862	0.01862	0.01319	0.00931	0.00776	0.00233	0.00853	0.00698	0.00776	0.01319
24	0.01608	0.01378	0.01608	0.01148	0.01837	0.01034	0.00919	0.01952	0.01608	0.02527	0.01378	0.01608	0.01148	0.00574	0.00574	0.00115	0.00574	0.00459	0.00459	0.77491
25	0.78228	0.01499	0.01140	0.01020	0.01499	0.01739	0.00840	0.02279	0.01320	0.03479	0.01080	0.01260	0.00840	0.00720	0.00480	0.00240	0.00600	0.00420	0.00480	0.00840
26	0.78228	0.01499	0.01140	0.01020	0.01499	0.01739	0.00840	0.02279	0.01320	0.03479	0.01080	0.01260	0.00840	0.00720	0.00480	0.00240	0.00600	0.00420	0.00480	0.00840
27	0.01929	0.01666	0.01753	0.01578	0.02016	0.01929	0.01227	0.04120	0.66513	0.03243	0.03156	0.02893	0.02367	0.01052	0.00789	0.00263	0.00614	0.00877	0.00789	0.01227
28	0.01560	0.01323	0.01554	0.01132	0.01774	0.01005	0.00901	0.01907	0.01663	0.02581	0.07575	0.02000	0.01726	0.00669	0.00606	0.00127	0.00555	0.00548	0.00496	0.70298
29	0.01205	0.00814	0.01058	0.00992	0.01194	0.00745	0.00745	0.01550	0.02146	0.06374	0.58735	0.08547	0.09727	0.01607	0.00911	0.00248	0.00386	0.01415	0.00847	0.00754
30	0.01542	0.01427	0.02380	0.59082	0.07697	0.01716	0.04291	0.04431	0.01663	0.02153	0.01560	0.02429	0.01251	0.00850	0.00796	0.00262	0.01013	0.04179	0.00385	0.00893
31	0.01590	0.01492	0.02481	0.45849	0.23381	0.01715	0.02121	0.02132	0.03899	0.02187	0.01597	0.05273	0.01326	0.00836	0.00783	0.00253	0.00959	0.00766	0.00389	0.00971

[dist]
# distance from previous block
# <min> <max>
5	7

[block]
# block no. 7 follows, 25 sequences, length 21
# corresponding to MSA columns:
# 354-374
name=unknown_H
#
# <colnr> <probs for GDERKNQSTAVLIFYWHMCP>
#	G	D	E	R	K	N	Q	S	T	A	V	L	I	F	Y	W	H	M	C	P
0	0.02869	0.01307	0.01680	0.01329	0.01863	0.01185	0.01080	0.06097	0.07155	0.47238	0.09372	0.03140	0.06044	0.01061	0.00790	0.00236	0.00617	0.00874	0.00889	0.05171
1	0.01403	0.00934	0.01092	0.01093	0.01275	0.00944	0.00796	0.11541	0.01917	0.02758	0.08070	0.38492	0.03881	0.01740	0.00836	0.00262	0.00485	0.01528	0.20181	0.00771
2	0.01667	0.01083	0.01344	0.01241	0.01523	0.01039	0.00933	0.09175	0.01853	0.11722	0.03366	0.34954	0.05520	0.04825	0.01066	0.00289	0.03020	0.03982	0.00702	0.10695
3	0.06971	0.02293	0.02172	0.01835	0.04954	0.14657	0.01421	0.41576	0.03005	0.07595	0.01775	0.01833	0.01292	0.00885	0.00735	0.00225	0.00911	0.00651	0.04027	0.01185
4	0.02073	0.73217	0.04063	0.01327	0.01990	0.03068	0.01327	0.02322	0.01575	0.01824	0.01078	0.01244	0.00995	0.00663	0.00498	0.00166	0.00829	0.00415	0.00332	0.00995
5	0.01608	0.01378	0.01608	0.01148	0.01837	0.01034	0.00919	0.01952	0.01608	0.02527	0.01378	0.01608	0.01148	0.00574	0.00574	0.00115	0.00574	0.00459	0.00459	0.77491
6	0.03479	0.01320	0.01799	0.01380	0.01979	0.01140	0.01140	0.03779	0.02219	0.68451	0.03059	0.02639	0.01919	0.00960	0.00780	0.00240	0.00660	0.00780	0.00960	0.01320
7	0.03387	0.01467	0.01891	0.01450	0.02053	0.01358	0.01197	0.14429	0.02466	0.57453	0.02852	0.02505	0.01815	0.00955	0.00779	0.00239	0.00693	0.00766	0.00928	0.01319
8	0.00975	0.00706	0.00928	0.01094	0.01170	0.00660	0.00766	0.01138	0.01538	0.02024	0.04530	0.60535	0.09848	0.02363	0.00993	0.00315	0.00474	0.08583	0.00719	0.00641
9	0.00916	0.00785	0.00785	0.00785	0.01047	0.00655	0.00589	0.01113	0.01767	0.02095	0.07855	0.07462	0.67599	0.01964	0.00916	0.00262	0.00393	0.01636	0.00720	0.00655
10	0.03479	0.01320	0.01799	0.01380	0.01979	0.01140	0.01140	0.03779	0.02219	0.68451	0.03059	0.02639	0.01919	0.00960	0.00780	0.00240	0.00660	0.00780	0.00960	0.01320
11	0.01673	0.08830	0.54921	0.04719	0.03166	0.01810	0.02542	0.02446	0.01655	0.06029	0.01573	0.04453	0.01200	0.00811	0.00732	0.00242	0.01063	0.00641	0.00379	0.01113
12	0.03479	0.01320	0.01799	0.01380	0.01979	0.01140	0.01140	0.03779	0.02219	0.68451	0.03059	0.02639	0.01919	0.00960	0.00780	0.00240	0.00660	0.00780	0.00960	0.01320
13	0.00945	0.00675	0.00900	0.01080	0.01125	0.00630	0.00720	0.01080	0.01484	0.01979	0.04274	0.72245	0.05128	0.02429	0.00990	0.00315	0.00450	0.02204	0.00720	0.00630
14	0.01872	0.01794	0.03062	0.11598	0.61442	0.01830	0.02356	0.02338	0.01743	0.02476	0.01450	0.01934	0.01208	0.00700	0.00768	0.00233	0.00933	0.00691	0.00380	0.01190
15	0.01614	0.01531	0.02595	0.49169	0.25891	0.01762	0.02228	0.02112	0.01621	0.02162	0.01405	0.02019	0.01097	0.00747	0.00773	0.00249	0.00997	0.00690	0.00357	0.00982
16	0.01919	0.01842	0.03147	0.04759	0.67914	0.01842	0.02380	0.02380	0.01765	0.02533	0.01458	0.01919	0.01228	0.00691	0.00768	0.00230	0.00921	0.00691	0.00384	0.01228
17	0.01128	0.00752	0.00846	0.00846	0.00846	0.00752	0.00470	0.01128	0.01128	0.01503	0.02443	0.05074	0.02819	0.72751	0.03946	0.00752	0.00752	0.01128	0.00470	0.00470
18	0.03211	0.01331	0.01750	0.01373	0.01942	0.01198	0.01124	0.03696	0.08658	0.58993	0.03279	0.02876	0.04842	0.01013	0.00787	0.00243	0.00643	0.00827	0.00932	0.01281
19	0.01721	0.01750	0.02963	0.02335	0.02604	0.02114	0.22214	0.02062	0.01430	0.02145	0.01313	0.01916	0.01144	0.01094	0.01861	0.00302	0.43131	0.00759	0.06240	0.00903
20	0.01700	0.01707	0.02364	0.20120	0.09734	0.06259	0.01829	0.01990	0.01418	0.01972	0.01318	0.05030	0.01231	0.01151	0.01715	0.00297	0.38173	0.00741	0.00366	0.00884

[dist]
# distance from previous block
# <min> <max>
0	1

[block]
# block no. 8 follows, 25 sequences, length 10
# corresponding to MSA columns:
# 376-385
name=unknown_I
#
# <colnr> <probs for GDERKNQSTAVLIFYWHMCP>
#	G	D	E	R	K	N	Q	S	T	A	V	L	I	F	Y	W	H	M	C	P
0	0.01557	0.01553	0.02803	0.40685	0.04324	0.01809	0.17353	0.02046	0.01551	0.02076	0.01429	0.02096	0.01131	0.01181	0.05984	0.00340	0.10075	0.00753	0.00361	0.00892
1	0.01516	0.01431	0.02165	0.19721	0.10665	0.01800	0.01703	0.01802	0.01408	0.01998	0.01805	0.15730	0.01858	0.01340	0.01572	0.00301	0.30926	0.00984	0.00421	0.00854
2	0.02518	0.17531	0.13250	0.01899	0.02470	0.45546	0.01684	0.02840	0.01984	0.01973	0.01206	0.01406	0.00995	0.00762	0.00665	0.00200	0.01245	0.00494	0.00374	0.00958
3	0.02241	0.34048	0.02859	0.01522	0.02049	0.20515	0.01305	0.07665	0.09375	0.02276	0.02032	0.02093	0.07280	0.00885	0.00646	0.00200	0.00919	0.00625	0.00473	0.00991
4	0.02947	0.02172	0.02327	0.01784	0.02404	0.02404	0.01474	0.65329	0.03646	0.04887	0.01862	0.01862	0.01319	0.00931	0.00776	0.00233	0.00853	0.00698	0.00776	0.01319
5	0.02101	0.01520	0.01675	0.01384	0.01728	0.01657	0.01051	0.35563	0.02488	0.03343	0.02099	0.03175	0.01938	0.28422	0.07973	0.00517	0.00922	0.00871	0.00629	0.00944
6	0.11642	0.64206	0.03696	0.01288	0.01928	0.02901	0.01266	0.02316	0.01543	0.02032	0.01078	0.01246	0.00976	0.00670	0.00495	0.00175	0.00800	0.00415	0.00350	0.00976
7	0.01919	0.01842	0.03147	0.04759	0.67914	0.01842	0.02380	0.02380	0.01765	0.02533	0.01458	0.01919	0.01228	0.00691	0.00768	0.00230	0.00921	0.00691	0.00384	0.01228
8	0.01555	0.04011	0.68733	0.02210	0.03356	0.01801	0.02865	0.02455	0.01637	0.02455	0.01391	0.01637	0.00982	0.00737	0.00737	0.00246	0.01146	0.00573	0.00327	0.01146
9	0.02807	0.03526	0.02284	0.02250	0.08398	0.63428	0.01579	0.03030	0.02158	0.01956	0.01222	0.01446	0.01020	0.00789	0.00705	0.00203	0.01355	0.00517	0.00398	0.00929

[dist]
# distance from previous block
# <min> <max>
0	3

[block]
# block no. 9 follows, 25 sequences, length 12
# corresponding to MSA columns:
# 389-400
name=unknown_J
#
# <colnr> <probs for GDERKNQSTAVLIFYWHMCP>
#	G	D	E	R	K	N	Q	S	T	A	V	L	I	F	Y	W	H	M	C	P
0	0.01555	0.04011	0.68733	0.02210	0.03356	0.01801	0.02865	0.02455	0.01637	0.02455	0.01391	0.01637	0.00982	0.00737	0.00737	0.00246	0.01146	0.00573	0.00327	0.01146
1	0.01193	0.00901	0.01115	0.01155	0.01335	0.00852	0.00815	0.04846	0.05402	0.02279	0.03717	0.55585	0.04265	0.02036	0.00915	0.00282	0.00497	0.01828	0.00694	0.10289
2	0.02947	0.02172	0.02327	0.01784	0.02404	0.02404	0.01474	0.65329	0.03646	0.04887	0.01862	0.01862	0.01319	0.00931	0.00776	0.00233	0.00853	0.00698	0.00776	0.01319
3	0.01608	0.01378	0.01608	0.01148	0.01837	0.01034	0.00919	0.01952	0.01608	0.02527	0.01378	0.01608	0.01148	0.00574	0.00574	0.00115	0.00574	0.00459	0.00459	0.77491
4	0.01128	0.00752	0.00846	0.00846	0.00846	0.00752	0.00470	0.01128	0.01128	0.01503	0.02443	0.05074	0.02819	0.72751	0.03946	0.00752	0.00752	0.01128	0.00470	0.00470
5	0.60835	0.01655	0.01414	0.01196	0.01709	0.01893	0.00986	0.16846	0.01857	0.03804	0.01260	0.01399	0.00950	0.00769	0.00548	0.00238	0.00658	0.00484	0.00548	0.00950
