[name]
unknown

[dist]
# distance from previous block
# <min> <max>
4	108

[block]
# block no. 0 follows, 23 sequences, length 36
# corresponding to MSA columns:
# 108-143
name=unknown_A
#
# <colnr> <probs for GDERKNQSTAVLIFYWHMCP>
#	G	D	E	R	K	N	Q	S	T	A	V	L	I	F	Y	W	H	M	C	P
0	0.01490	0.01095	0.01330	0.01240	0.01547	0.01007	0.00912	0.06927	0.04844	0.05093	0.07002	0.39169	0.03913	0.01773	0.00891	0.00263	0.00549	0.01571	0.00715	0.18672
1	0.01715	0.15137	0.57106	0.02164	0.03281	0.02099	0.02738	0.02547	0.01703	0.02463	0.01403	0.01647	0.01030	0.00759	0.00731	0.00244	0.01146	0.00573	0.00343	0.01174
2	0.02523	0.01916	0.02062	0.01718	0.02259	0.02149	0.01374	0.26407	0.38022	0.08267	0.02792	0.02608	0.02037	0.01047	0.00820	0.00262	0.00739	0.00841	0.00832	0.01326
3	0.02008	0.01928	0.03294	0.04981	0.66422	0.01928	0.02490	0.02490	0.01848	0.02651	0.01526	0.02008	0.01285	0.00723	0.00803	0.00241	0.00964	0.00723	0.00402	0.01285
4	0.03587	0.01467	0.01936	0.01484	0.02114	0.01320	0.01226	0.09694	0.02466	0.61041	0.03081	0.02684	0.01948	0.01001	0.00816	0.00250	0.00710	0.00808	0.00986	0.01381
5	0.01627	0.04197	0.67279	0.02313	0.03512	0.01884	0.02998	0.02570	0.01713	0.02570	0.01456	0.01713	0.01028	0.00771	0.00771	0.00257	0.01199	0.00600	0.00343	0.01199
6	0.01532	0.01442	0.02434	0.69533	0.05589	0.01803	0.02253	0.02073	0.01622	0.02073	0.01442	0.02163	0.01082	0.00811	0.00811	0.00270	0.01082	0.00721	0.00361	0.00901
7	0.00959	0.00822	0.00822	0.00822	0.01096	0.00685	0.00617	0.01165	0.01850	0.02192	0.08220	0.07809	0.66092	0.02055	0.00959	0.00274	0.00411	0.01713	0.00754	0.00685
8	0.03641	0.01381	0.01883	0.01444	0.02071	0.01193	0.01193	0.03954	0.02322	0.66984	0.03201	0.02762	0.02009	0.01004	0.00816	0.00251	0.00690	0.00816	0.01004	0.01381
9	0.01578	0.01489	0.02516	0.63333	0.11432	0.01815	0.02276	0.02113	0.01644	0.02129	0.01450	0.02148	0.01101	0.00803	0.00810	0.00268	0.01070	0.00721	0.00365	0.00938
10	0.01159	0.00869	0.01304	0.01304	0.01449	0.01014	0.01014	0.01449	0.01304	0.01884	0.02173	0.03188	0.02029	0.06086	0.68268	0.01304	0.02173	0.00869	0.00435	0.00724
11	0.02008	0.01928	0.03294	0.04981	0.66422	0.01928	0.02490	0.02490	0.01848	0.02651	0.01526	0.02008	0.01285	0.00723	0.00803	0.00241	0.00964	0.00723	0.00402	0.01285
12	0.03540	0.01522	0.05157	0.01487	0.02143	0.01227	0.01283	0.03885	0.02292	0.63759	0.03114	0.02709	0.01960	0.00993	0.00814	0.00251	0.00716	0.00805	0.00971	0.01372
13	0.01627	0.04197	0.67279	0.02313	0.03512	0.01884	0.02998	0.02570	0.01713	0.02570	0.01456	0.01713	0.01028	0.00771	0.00771	0.00257	0.01199	0.00600	0.00343	0.01199
14	0.01532	0.01442	0.02434	0.69533	0.05589	0.01803	0.02253	0.02073	0.01622	0.02073	0.01442	0.02163	0.01082	0.00811	0.00811	0.00270	0.01082	0.00721	0.00361	0.00901
15	0.01568	0.01479	0.02499	0.64660	0.10181	0.01812	0.02271	0.02105	0.01639	0.02117	0.01449	0.02152	0.01097	0.00805	0.00811	0.00268	0.01073	0.00721	0.00364	0.00930
16	0.01532	0.01442	0.02434	0.69533	0.05589	0.01803	0.02253	0.02073	0.01622	0.02073	0.01442	0.02163	0.01082	0.00811	0.00811	0.00270	0.01082	0.00721	0.00361	0.00901
17	0.01713	0.03830	0.59403	0.02212	0.03313	0.01784	0.02789	0.02584	0.01756	0.05993	0.01738	0.02264	0.01323	0.00881	0.00797	0.00264	0.01142	0.04628	0.00405	0.01179
18	0.00989	0.00706	0.00942	0.01130	0.01177	0.00659	0.00753	0.01130	0.01554	0.02071	0.04472	0.70954	0.05367	0.02542	0.01036	0.00330	0.00471	0.02307	0.00753	0.00659
19	0.03641	0.01381	0.01883	0.01444	0.02071	0.01193	0.01193	0.03954	0.02322	0.66984	0.03201	0.02762	0.02009	0.01004	0.00816	0.00251	0.00690	0.00816	0.01004	0.01381
20	0.01674	0.03891	0.58074	0.02553	0.06731	0.01903	0.08781	0.02569	0.01739	0.02577	0.01477	0.01774	0.01060	0.00760	0.00790	0.00258	0.01204	0.00640	0.00352	0.01193
21	0.01625	0.01555	0.02689	0.56248	0.14716	0.01835	0.05552	0.02164	0.01672	0.02189	0.01466	0.02141	0.01120	0.00791	0.00818	0.00266	0.01079	0.00734	0.00369	0.00970
22	0.01159	0.00869	0.01304	0.01304	0.01449	0.01014	0.01014	0.01449	0.01304	0.01884	0.02173	0.03188	0.02029	0.06086	0.68268	0.01304	0.02173	0.00869	0.00435	0.00724
23	0.56251	0.01516	0.01389	0.01174	0.01712	0.01641	0.00968	0.02832	0.01649	0.21689	0.01720	0.01730	0.01201	0.00825	0.00592	0.00251	0.00646	0.00547	0.00645	0.01022
24	0.02934	0.03444	0.02214	0.01995	0.02431	0.55655	0.01509	0.03422	0.10520	0.05938	0.01636	0.01744	0.01289	0.00881	0.00749	0.00220	0.01311	0.00591	0.00506	0.01011
25	0.01924	0.01391	0.01586	0.01446	0.01832	0.01478	0.01104	0.03252	0.35293	0.11243	0.06296	0.19198	0.03264	0.01427	0.00867	0.00275	0.00594	0.01234	0.00815	0.05482
26	0.01716	0.15260	0.56991	0.02162	0.03279	0.02101	0.02735	0.02547	0.01703	0.02462	0.01403	0.01646	0.01030	0.00758	0.00730	0.00243	0.01145	0.00573	0.00343	0.01173
27	0.01761	0.20862	0.51782	0.02085	0.03160	0.02211	0.02602	0.02535	0.01697	0.02407	0.01375	0.01612	0.01031	0.00752	0.00709	0.00236	0.01118	0.00559	0.00344	0.01160
28	0.01449	0.01092	0.01133	0.01090	0.01231	0.05356	0.00733	0.04910	0.01705	0.04539	0.12133	0.14580	0.08534	0.35173	0.02461	0.00518	0.00703	0.01343	0.00638	0.00681
29	0.04890	0.01682	0.01834	0.01548	0.02081	0.01782	0.01234	0.11433	0.34876	0.07113	0.02718	0.02864	0.02108	0.01026	0.00782	0.00243	0.00675	0.03982	0.00749	0.16381
30	0.02874	0.02118	0.02299	0.01800	0.02391	0.02342	0.01474	0.57153	0.03563	0.04783	0.02080	0.05280	0.01606	0.01344	0.04728	0.00309	0.00947	0.00813	0.00787	0.01308
31	0.01861	0.01765	0.02960	0.07412	0.55722	0.01770	0.02259	0.02308	0.01821	0.02562	0.02131	0.06205	0.05814	0.00916	0.00827	0.00249	0.00905	0.00876	0.00443	0.01193
32	0.01193	0.00859	0.01251	0.01251	0.01401	0.00989	0.00971	0.01491	0.01342	0.01993	0.02219	0.03172	0.02033	0.05592	0.61765	0.01197	0.02001	0.00859	0.07691	0.00728
33	0.01442	0.01135	0.01315	0.01218	0.01502	0.01172	0.00927	0.04764	0.19752	0.03198	0.36803	0.08974	0.11438	0.01565	0.00919	0.00266	0.00484	0.01356	0.00850	0.00921
34	0.01607	0.01561	0.02770	0.57747	0.08947	0.01840	0.09719	0.02161	0.01671	0.02171	0.01471	0.02157	0.01112	0.00791	0.00829	0.00269	0.01110	0.00750	0.00369	0.00947
35	0.01700	0.01569	0.02573	0.55139	0.15278	0.01864	0.02251	0.05714	0.01786	0.02343	0.01485	0.02126	0.01132	0.00806	0.00810	0.00264	0.01052	0.00722	0.00393	0.00991

[dist]
# distance from previous block
# <min> <max>
0	1

[block]
# block no. 1 follows, 23 sequences, length 14
# corresponding to MSA columns:
# 145-158
name=unknown_B
#
# <colnr> <probs for GDERKNQSTAVLIFYWHMCP>
#	G	D	E	R	K	N	Q	S	T	A	V	L	I	F	Y	W	H	M	C	P
0	0.01991	0.49632	0.25027	0.01693	0.02554	0.02774	0.01919	0.02476	0.01670	0.02127	0.01236	0.01437	0.01037	0.00719	0.00603	0.00201	0.00977	0.00489	0.00346	0.01093
1	0.01672	0.01585	0.02687	0.50536	0.23491	0.01840	0.02323	0.02196	0.01689	0.02243	0.01467	0.02118	0.01142	0.00785	0.00809	0.00262	0.01047	0.00722	0.00373	0.01014
2	0.01875	0.02078	0.09041	0.10732	0.38072	0.02022	0.06889	0.02365	0.01707	0.02453	0.01436	0.01968	0.01197	0.00861	0.01152	0.00269	0.13624	0.00726	0.00384	0.01151
3	0.01485	0.01695	0.10981	0.09736	0.02557	0.01408	0.09326	0.02049	0.06231	0.04827	0.06806	0.04534	0.27100	0.01385	0.01026	0.00276	0.05891	0.01171	0.00596	0.00921
4	0.19000	0.12221	0.12779	0.06464	0.02356	0.01747	0.01470	0.02827	0.01806	0.22142	0.01970	0.02035	0.01393	0.00845	0.00673	0.00236	0.00787	0.00628	0.07522	0.01097
5	0.04252	0.19848	0.15910	0.01837	0.02505	0.04827	0.07324	0.10372	0.09514	0.02770	0.02074	0.11421	0.01866	0.01057	0.00764	0.00246	0.00919	0.00874	0.00532	0.01088
6	0.09348	0.07141	0.02061	0.01586	0.02120	0.06203	0.01280	0.10882	0.31855	0.12675	0.02572	0.02429	0.01890	0.00976	0.00757	0.00249	0.00746	0.00761	0.00747	0.03723
7	0.02456	0.15783	0.12128	0.01775	0.02467	0.02395	0.01653	0.26762	0.17786	0.05675	0.02085	0.02076	0.01548	0.00922	0.00753	0.00240	0.00866	0.00702	0.00663	0.01265
8	0.02343	0.05349	0.33908	0.01932	0.02820	0.01831	0.02124	0.08758	0.10371	0.19256	0.02176	0.02160	0.01500	0.00890	0.00785	0.00254	0.00957	0.00703	0.00617	0.01268
9	0.08230	0.01677	0.01973	0.01779	0.06996	0.01720	0.01317	0.11473	0.22301	0.21489	0.02582	0.02449	0.01842	0.00944	0.00769	0.00242	0.00707	0.00763	0.00778	0.09968
10	0.03935	0.16395	0.08834	0.01471	0.01994	0.06243	0.01326	0.07096	0.08588	0.10023	0.19290	0.03192	0.03183	0.03921	0.00909	0.00257	0.00760	0.00881	0.00666	0.01038
11	0.02331	0.07365	0.11379	0.02083	0.09219	0.02078	0.01690	0.27085	0.09911	0.05834	0.06430	0.06745	0.02121	0.01061	0.00810	0.00250	0.00844	0.00865	0.00678	0.01221
12	0.09439	0.01819	0.02370	0.02165	0.10575	0.01903	0.06126	0.20026	0.07056	0.15165	0.02097	0.03940	0.01578	0.00956	0.00902	0.00250	0.05214	0.00771	0.00681	0.06970
13	0.05663	0.07059	0.15515	0.02332	0.11550	0.06125	0.07476	0.10507	0.06066	0.05218	0.04162	0.02050	0.01526	0.00822	0.00757	0.00229	0.00950	0.00689	0.00523	0.10783

[dist]
# distance from previous block
# <min> <max>
2	25

[block]
# block no. 2 follows, 23 sequences, length 14
# corresponding to MSA columns:
# 185-198
name=unknown_C
#
# <colnr> <probs for GDERKNQSTAVLIFYWHMCP>
#	G	D	E	R	K	N	Q	S	T	A	V	L	I	F	Y	W	H	M	C	P
0	0.02318	0.07432	0.01976	0.01448	0.01954	0.01691	0.01179	0.15045	0.15848	0.15597	0.17565	0.03234	0.03180	0.01117	0.00809	0.00239	0.00655	0.00917	0.00806	0.06989
1	0.02038	0.01887	0.06518	0.31921	0.03827	0.02041	0.01917	0.20711	0.06564	0.03152	0.04694	0.02279	0.01566	0.00964	0.00960	0.00268	0.06299	0.00763	0.00550	0.01083
2	0.01675	0.01416	0.02052	0.39113	0.03862	0.01646	0.01724	0.12354	0.02084	0.02744	0.10663	0.03177	0.07512	0.01374	0.04917	0.00327	0.00967	0.00913	0.00545	0.00936
3	0.35313	0.01575	0.01528	0.01299	0.01791	0.01736	0.01051	0.12189	0.11390	0.11646	0.06284	0.02281	0.01869	0.00944	0.00672	0.00250	0.00645	0.00692	0.05783	0.01063
4	0.05039	0.01551	0.06687	0.04675	0.02054	0.04901	0.05199	0.04459	0.07976	0.02598	0.08203	0.27365	0.04815	0.02990	0.00957	0.00288	0.00723	0.03081	0.00649	0.05791
5	0.01792	0.01865	0.08113	0.46247	0.08887	0.01925	0.06977	0.09778	0.01938	0.02568	0.01527	0.02091	0.01139	0.00812	0.00819	0.00264	0.01083	0.00730	0.00421	0.01025
6	0.02507	0.06845	0.02425	0.01822	0.02362	0.10707	0.05564	0.26258	0.04440	0.06926	0.02289	0.02779	0.04623	0.01076	0.00913	0.00247	0.04808	0.05787	0.00654	0.06968
7	0.01878	0.12108	0.03225	0.12999	0.16191	0.01961	0.16552	0.02319	0.01733	0.05825	0.01819	0.07408	0.01598	0.01277	0.05443	0.00328	0.04974	0.00873	0.00449	0.01042
8	0.01988	0.01647	0.08143	0.01461	0.01916	0.05672	0.01277	0.05862	0.05103	0.14960	0.20495	0.08362	0.03917	0.01387	0.00885	0.00263	0.00705	0.09099	0.00763	0.06096
9	0.04651	0.06305	0.04797	0.01932	0.10036	0.01720	0.01439	0.15114	0.06189	0.21934	0.08675	0.02580	0.02186	0.00962	0.00779	0.00233	0.00752	0.00785	0.00738	0.08193
10	0.01850	0.23042	0.28317	0.01763	0.02560	0.02151	0.01947	0.07584	0.05995	0.02643	0.05073	0.02701	0.05888	0.00992	0.00745	0.00240	0.00928	0.03997	0.00489	0.01096
11	0.02751	0.02021	0.09321	0.06420	0.02607	0.01799	0.01564	0.22478	0.08560	0.23436	0.02327	0.02267	0.01602	0.00926	0.00789	0.00240	0.00825	0.00735	0.00757	0.08575
12	0.13152	0.02179	0.08186	0.05139	0.10185	0.10024	0.01587	0.17431	0.02396	0.07558	0.12013	0.02507	0.02259	0.00980	0.00776	0.00245	0.00876	0.00773	0.00629	0.01104
13	0.12776	0.15646	0.13087	0.07252	0.02475	0.01990	0.01573	0.08243	0.05789	0.10218	0.09676	0.02375	0.02066	0.00948	0.00769	0.00242	0.02491	0.00721	0.00584	0.01079

[dist]
# distance from previous block
# <min> <max>
14	172

[block]
# block no. 3 follows, 23 sequences, length 14
# corresponding to MSA columns:
# 371-384
name=unknown_D
#
# <colnr> <probs for GDERKNQSTAVLIFYWHMCP>
#	G	D	E	R	K	N	Q	S	T	A	V	L	I	F	Y	W	H	M	C	P
0	0.13772	0.01819	0.01961	0.05346	0.02317	0.01924	0.01292	0.28607	0.08708	0.03916	0.04527	0.02084	0.01619	0.00888	0.00725	0.00222	0.00751	0.00679	0.00669	0.18174
1	0.02072	0.05465	0.01999	0.01906	0.10852	0.01651	0.01322	0.08491	0.21022	0.11506	0.12078	0.03806	0.10171	0.01222	0.00845	0.00259	0.00669	0.02769	0.00760	0.01135
2	0.09244	0.01787	0.06480	0.13386	0.23171	0.01683	0.01843	0.06770	0.01940	0.11440	0.01864	0.02316	0.01449	0.00851	0.00761	0.00242	0.00862	0.02823	0.03733	0.07356
3	0.09187	0.01687	0.01755	0.07103	0.02222	0.05775	0.01261	0.16243	0.17638	0.05486	0.04585	0.10664	0.08674	0.01296	0.00833	0.00269	0.00740	0.02800	0.00719	0.01062
4	0.02324	0.01942	0.06992	0.13309	0.07250	0.04172	0.01643	0.22407	0.03985	0.10962	0.08379	0.02814	0.05935	0.01035	0.00822	0.00249	0.00857	0.00848	0.00676	0.03400
5	0.02661	0.01826	0.02273	0.01795	0.02360	0.01922	0.06967	0.29757	0.12815	0.15868	0.06952	0.06461	0.02317	0.01109	0.00851	0.00258	0.00799	0.00937	0.00816	0.01256
6	0.02248	0.06504	0.02752	0.07087	0.02767	0.09964	0.11798	0.10985	0.02038	0.07943	0.01703	0.05013	0.01418	0.01013	0.01196	0.00259	0.15835	0.00774	0.00519	0.08186
7	0.01704	0.01442	0.02077	0.07327	0.02259	0.01696	0.07202	0.09271	0.01769	0.02522	0.04267	0.04614	0.02087	0.10569	0.07912	0.00451	0.20243	0.04718	0.06998	0.00873
8	0.11630	0.01667	0.02142	0.30562	0.03548	0.01976	0.01698	0.19913	0.02204	0.03221	0.01620	0.02036	0.01223	0.00907	0.00890	0.00260	0.06045	0.00690	0.06745	0.01024
9	0.01561	0.01176	0.01424	0.01369	0.01586	0.01229	0.01013	0.15830	0.02068	0.02801	0.03519	0.47080	0.03960	0.02011	0.01066	0.00301	0.05010	0.01749	0.00728	0.04518
10	0.01307	0.00879	0.01187	0.05908	0.01627	0.00824	0.00924	0.01516	0.01651	0.07483	0.04033	0.51481	0.06192	0.02126	0.00970	0.00303	0.00549	0.03931	0.00726	0.06384
11	0.09094	0.03216	0.42954	0.02161	0.06820	0.01791	0.02362	0.07066	0.01929	0.05829	0.07650	0.02169	0.01727	0.00876	0.00770	0.00254	0.01007	0.00693	0.00478	0.01154
12	0.02614	0.05979	0.06481	0.01526	0.02095	0.01611	0.01320	0.08021	0.18056	0.29025	0.11649	0.03065	0.02740	0.01082	0.00817	0.00253	0.00697	0.00888	0.00843	0.01237
13	0.17079	0.18443	0.31851	0.01826	0.02690	0.02184	0.03848	0.02667	0.07621	0.02718	0.01497	0.01680	0.01144	0.00779	0.00672	0.00239	0.00962	0.00571	0.00424	0.01104

[dist]
# distance from previous block
# <min> <max>
23	30

[block]
# block no. 4 follows, 23 sequences, length 7
# corresponding to MSA columns:
# 415-421
name=unknown_E
#
# <colnr> <probs for GDERKNQSTAVLIFYWHMCP>
#	G	D	E	R	K	N	Q	S	T	A	V	L	I	F	Y	W	H	M	C	P
0	0.09377	0.08642	0.46221	0.08905	0.03315	0.01921	0.02485	0.02444	0.01691	0.02609	0.04228	0.01878	0.01310	0.00806	0.00737	0.00251	0.01068	0.00621	0.00385	0.01105
1	0.19627	0.09152	0.04951	0.06702	0.18227	0.08734	0.06729	0.02536	0.04905	0.02757	0.04948	0.02228	0.01619	0.00860	0.00728	0.00245	0.00922	0.02614	0.00475	0.01042
2	0.02333	0.01556	0.01854	0.01657	0.05003	0.01582	0.01251	0.09534	0.24411	0.17900	0.06348	0.06123	0.02531	0.01121	0.00819	0.00249	0.00670	0.03121	0.00797	0.11138
3	0.01882	0.08127	0.36216	0.01942	0.02744	0.01871	0.02169	0.08638	0.01937	0.07222	0.04884	0.09077	0.01889	0.01078	0.00951	0.00264	0.06645	0.00840	0.00506	0.01118
4	0.01777	0.28630	0.05839	0.01395	0.01898	0.02071	0.01269	0.06290	0.01824	0.02375	0.06035	0.08442	0.11947	0.01197	0.00914	0.00228	0.07771	0.00904	0.00520	0.08676
5	0.38285	0.01716	0.05097	0.01312	0.01848	0.01707	0.01118	0.14226	0.01977	0.03583	0.05036	0.08366	0.01803	0.00996	0.00664	0.00242	0.00680	0.00741	0.00596	0.10008
6	0.06931	0.02034	0.06631	0.08674	0.04937	0.04920	0.01538	0.23735	0.09258	0.08287	0.02479	0.02532	0.06740	0.00990	0.00784	0.00243	0.00842	0.00781	0.00667	0.06999

[dist]
# distance from previous block
# <min> <max>
17	47

[block]
# block no. 5 follows, 23 sequences, length 6
# corresponding to MSA columns:
# 470-475
name=unknown_F
#
# <colnr> <probs for GDERKNQSTAVLIFYWHMCP>
#	G	D	E	R	K	N	Q	S	T	A	V	L	I	F	Y	W	H	M	C	P
0	0.23804	0.11615	0.02656	0.05616	0.22711	0.06409	0.03914	0.06598	0.01859	0.05762	0.01442	0.01720	0.01146	0.00767	0.00680	0.00236	0.00890	0.00602	0.00476	0.01099
1	0.07770	0.02861	0.36001	0.02143	0.08261	0.01665	0.02186	0.02656	0.05960	0.09300	0.09029	0.02639	0.02096	0.00960	0.00793	0.00260	0.00939	0.02804	0.00534	0.01142
2	0.06731	0.01514	0.05925	0.01530	0.01949	0.01411	0.01335	0.10366	0.09454	0.13164	0.03178	0.05204	0.02951	0.07219	0.01183	0.00344	0.00770	0.24021	0.00743	0.01009
3	0.01978	0.10149	0.42930	0.02291	0.03286	0.07405	0.10624	0.02716	0.01826	0.07138	0.01560	0.01793	0.01129	0.00774	0.00772	0.00247	0.01175	0.00641	0.00406	0.01162
4	0.01825	0.09951	0.39308	0.02261	0.06992	0.01853	0.06211	0.02530	0.01775	0.06456	0.01769	0.02368	0.01417	0.00873	0.00778	0.00248	0.01053	0.05366	0.00433	0.06532
5	0.08413	0.06958	0.06127	0.06613	0.11874	0.05154	0.06451	0.11467	0.06318	0.11423	0.02585	0.02677	0.08492	0.00979	0.00787	0.00248	0.00879	0.00815	0.00606	0.01133

[dist]
# distance from previous block
# <min> <max>
17	111

[block]
# block no. 6 follows, 23 sequences, length 11
# corresponding to MSA columns:
# 587-597
name=unknown_G
#
# <colnr> <probs for GDERKNQSTAVLIFYWHMCP>
#	G	D	E	R	K	N	Q	S	T	A	V	L	I	F	Y	W	H	M	C	P
0	0.09097	0.01342	0.01533	0.01306	0.01734	0.01329	0.01021	0.10658	0.09178	0.11404	0.17910	0.12624	0.03574	0.01297	0.00819	0.00245	0.00588	0.01093	0.00770	0.12478
1	0.05352	0.01677	0.01854	0.01554	0.02000	0.01807	0.01229	0.35867	0.05219	0.06352	0.08409	0.19336	0.02970	0.01418	0.00868	0.00267	0.00716	0.01183	0.00800	0.01124
2	0.01361	0.00898	0.01160	0.01172	0.01391	0.00783	0.00831	0.01556	0.01649	0.08327	0.03825	0.52447	0.04324	0.02059	0.00939	0.00286	0.00514	0.01848	0.00730	0.13899
3	0.01753	0.01870	0.03891	0.03025	0.06624	0.01767	0.46319	0.02336	0.01873	0.02531	0.02256	0.09274	0.02079	0.01067	0.00980	0.00291	0.01182	0.09379	0.00487	0.01017
4	0.01783	0.01741	0.02272	0.38957	0.04007	0.08204	0.01896	0.02465	0.10398	0.02269	0.01670	0.02188	0.01313	0.00966	0.01117	0.00276	0.13004	0.00729	0.03795	0.00949
5	0.02059	0.02199	0.04498	0.03229	0.04028	0.02109	0.55841	0.10132	0.02149	0.02909	0.01679	0.02159	0.01250	0.00720	0.00940	0.00270	0.01309	0.00930	0.00460	0.01130
6	0.02165	0.58247	0.03893	0.01532	0.02114	0.06928	0.01453	0.02411	0.01631	0.01920	0.01127	0.01377	0.01045	0.00803	0.00830	0.00201	0.10480	0.00477	0.00352	0.01014
7	0.02989	0.02047	0.02266	0.01726	0.02382	0.02156	0.01422	0.47835	0.03345	0.13381	0.02059	0.02028	0.01445	0.00932	0.00786	0.00229	0.00829	0.00712	0.00798	0.10632
8	0.45940	0.02657	0.28536	0.01582	0.02373	0.01847	0.01756	0.02462	0.01518	0.03198	0.01265	0.01482	0.00940	0.00761	0.00613	0.00254	0.00864	0.00506	0.00436	0.01011
9	0.02235	0.01866	0.02392	0.01792	0.02472	0.01817	0.09932	0.23535	0.09744	0.03571	0.01858	0.01999	0.01414	0.00798	0.00749	0.00202	0.00813	0.00683	0.00624	0.31503
10	0.08854	0.01721	0.03072	0.29419	0.06147	0.01911	0.22454	0.02240	0.01664	0.02404	0.01571	0.04922	0.01296	0.00893	0.01023	0.00280	0.07919	0.00839	0.00408	0.00964

[dist]
# distance from previous block
# <min> <max>
6	15

[block]
# block no. 7 follows, 23 sequences, length 8
# corresponding to MSA columns:
# 613-620
name=unknown_H
#
# <colnr> <probs for GDERKNQSTAVLIFYWHMCP>
#	G	D	E	R	K	N	Q	S	T	A	V	L	I	F	Y	W	H	M	C	P
0	0.01787	0.14725	0.45061	0.02665	0.15110	0.02107	0.02642	0.02532	0.01728	0.02478	0.01416	0.01702	0.01078	0.00750	0.00737	0.00240	0.01101	0.00596	0.00354	0.01190
1	0.02498	0.01560	0.01783	0.01480	0.01949	0.01634	0.01180	0.23264	0.12816	0.17597	0.08620	0.09261	0.02715	0.01208	0.00824	0.00254	0.00670	0.00997	0.08511	0.01177
2	0.01808	0.26821	0.46240	0.02004	0.03035	0.02327	0.02461	0.02523	0.01692	0.02349	0.01347	0.01576	0.01032	0.00745	0.00687	0.00229	0.01089	0.00544	0.00344	0.01146
3	0.01960	0.01594	0.02346	0.01847	0.02306	0.01637	0.11418	0.08436	0.01872	0.08832	0.02020	0.10359	0.01820	0.01383	0.04704	0.00307	0.15400	0.00905	0.00557	0.20296
4	0.09481	0.08191	0.02315	0.01655	0.02197	0.01993	0.07200	0.23142	0.10278	0.09601	0.02163	0.02389	0.01655	0.05448	0.00961	0.00275	0.00802	0.00761	0.08354	0.01142
5	0.02012	0.07736	0.44240	0.02019	0.03030	0.01883	0.02381	0.08542	0.01971	0.09338	0.01659	0.01814	0.01179	0.00793	0.00748	0.00237	0.01041	0.00613	0.00468	0.08297
6	0.34804	0.04795	0.07970	0.01502	0.02064	0.01677	0.07013	0.05489	0.01705	0.07209	0.01935	0.12689	0.01766	0.01050	0.00698	0.00255	0.00752	0.00842	0.00559	0.05226
7	0.05945	0.02066	0.12566	0.08219	0.09104	0.01810	0.01716	0.17847	0.09907	0.05129	0.04268	0.05913	0.07920	0.01131	0.00827	0.00263	0.00837	0.02767	0.00636	0.01129

[dist]
# distance from previous block
# <min> <max>
36	94

[block]
# block no. 8 follows, 23 sequences, length 7
# corresponding to MSA columns:
# 736-742
name=unknown_I
#
# <colnr> <probs for GDERKNQSTAVLIFYWHMCP>
#	G	D	E	R	K	N	Q	S	T	A	V	L	I	F	Y	W	H	M	C	P
0	0.17249	0.02351	0.11094	0.01752	0.02430	0.02246	0.01589	0.37660	0.08854	0.04312	0.01849	0.01895	0.01338	0.00915	0.00747	0.00250	0.00860	0.00673	0.00688	0.01248
1	0.02169	0.11325	0.02158	0.01496	0.01873	0.02012	0.01213	0.26190	0.02347	0.03214	0.01934	0.02696	0.01718	0.15818	0.04880	0.00405	0.09017	0.00789	0.07746	0.01001
2	0.01822	0.12066	0.32963	0.01834	0.02674	0.01884	0.02031	0.10879	0.01974	0.02780	0.01897	0.11254	0.01699	0.01014	0.00760	0.00238	0.00941	0.00818	0.00482	0.09989
3	0.12279	0.05854	0.19694	0.01781	0.02479	0.01617	0.10124	0.02340	0.05203	0.05140	0.02665	0.08994	0.09237	0.01080	0.00781	0.00251	0.00857	0.00923	0.00527	0.08176
4	0.01893	0.01454	0.01693	0.01447	0.01910	0.01423	0.01171	0.19114	0.05281	0.03298	0.07160	0.11813	0.02966	0.01367	0.00853	0.00248	0.00683	0.13230	0.00705	0.22294
5	0.01575	0.01459	0.02379	0.49266	0.13480	0.01672	0.02060	0.02062	0.01655	0.02208	0.01668	0.06945	0.01423	0.00901	0.00806	0.00256	0.00977	0.00811	0.00405	0.07990
6	0.02616	0.11894	0.02499	0.01731	0.02326	0.02455	0.01438	0.36181	0.22991	0.04116	0.02264	0.02201	0.01682	0.00975	0.00775	0.00244	0.00809	0.00748	0.00751	0.01302

[dist]
# distance from previous block
# <min> <max>
2	22

[block]
# block no. 9 follows, 23 sequences, length 9
# corresponding to MSA columns:
# 765-773
name=unknown_J
#
# <colnr> <probs for GDERKNQSTAVLIFYWHMCP>
#	G	D	E	R	K	N	Q	S	T	A	V	L	I	F	Y	W	H	M	C	P
0	0.02309	0.17408	0.02426	0.01525	0.02046	0.02168	0.01279	0.32854	0.02773	0.03632	0.05862	0.11940	0.07904	0.01256	0.00798	0.00243	0.00761	0.01003	0.00699	0.01114
1	0.02156	0.01637	0.01749	0.01485	0.01941	0.01801	0.01176	0.20570	0.28738	0.03775	0.06919	0.02863	0.02381	0.01051	0.00773	0.00242	0.00646	0.00852	0.14783	0.04461
2	0.01533	0.01819	0.16377	0.01693	0.02201	0.01261	0.09130	0.02101	0.04605	0.06386	0.19989	0.08938	0.06084	0.07162	0.01184	0.00319	0.00791	0.06848	0.00653	0.00927
3	0.02880	0.17822	0.02840	0.01760	0.02420	0.02671	0.01508	0.50043	0.03332	0.04399	0.01765	0.01804	0.01304	0.00912	0.00747	0.00228	0.00887	0.00664	0.00708	0.01304
4	0.23521	0.03136	0.42227	0.01837	0.02744	0.01767	0.02185	0.02424	0.01669	0.02941	0.07088	0.01984	0.01573	0.00845	0.00709	0.00255	0.00961	0.00630	0.00438	0.01068
5	0.01861	0.33392	0.40129	0.01915	0.02896	0.02456	0.02305	0.02509	0.01685	0.02285	0.01315	0.01536	0.01034	0.00738	0.00663	0.00221	0.01056	0.00528	0.00345	0.01131
6	0.14049	0.17165	0.02123	0.01307	0.01779	0.01900	0.01105	0.14947	0.04502	0.05585	0.19865	0.02994	0.03099	0.01074	0.00725	0.00231	0.00655	0.00837	0.05047	0.01011
7	0.01788	0.15773	0.42156	0.02396	0.03421	0.02157	0.16205	0.02551	0.01747	0.02459	0.01439	0.01746	0.01076	0.00738	0.00768	0.00246	0.01178	0.00650	0.00359	0.01148
8	0.01774	0.22518	0.50241	0.02063	0.03126	0.02243	0.02563	0.02532	0.01696	0.02391	0.01367	0.01602	0.01032	0.00750	0.00703	0.00234	0.01110	0.00555	0.00344	0.01157

[dist]
# distance from previous block
# <min> <max>
0	1

[block]
# block no. 10 follows, 23 sequences, length 17
# corresponding to MSA columns:
# 775-791
name=unknown_K
#
# <colnr> <probs for GDERKNQSTAVLIFYWHMCP>
#	G	D	E	R	K	N	Q	S	T	A	V	L	I	F	Y	W	H	M	C	P
0	0.01911	0.23429	0.45057	0.01993	0.03011	0.02220	0.02422	0.02618	0.01734	0.06488	0.01473	0.01662	0.01094	0.00764	0.00702	0.00233	0.01072	0.00566	0.00386	0.01166
1	0.06282	0.06786	0.02488	0.01815	0.02447	0.06643	0.01505	0.53326	0.03475	0.04649	0.01816	0.01849	0.01315	0.00938	0.00775	0.00237	0.00915	0.00686	0.00744	0.01309
2	0.03085	0.02273	0.02435	0.01867	0.02516	0.02516	0.01542	0.63716	0.03815	0.05114	0.01948	0.01948	0.01380	0.00974	0.00812	0.00244	0.00893	0.00731	0.00812	0.01380
3	0.01013	0.00724	0.00970	0.01158	0.01216	0.00680	0.00796	0.01173	0.01578	0.02099	0.04459	0.66171	0.05313	0.02519	0.01042	0.00333	0.00492	0.06846	0.00753	0.00666
4	0.02138	0.68102	0.07850	0.01441	0.02164	0.03135	0.01480	0.02438	0.01652	0.01947	0.01147	0.01325	0.01041	0.00699	0.00535	0.00178	0.00887	0.00443	0.00347	0.01050
5	0.48332	0.01949	0.06064	0.01623	0.02241	0.01984	0.09985	0.13597	0.01921	0.03695	0.01372	0.01581	0.01029	0.00785	0.00640	0.00253	0.00816	0.00576	0.00536	0.01021
6	0.03082	0.02358	0.02428	0.01879	0.02516	0.06046	0.01544	0.60467	0.03734	0.04946	0.01911	0.01922	0.01362	0.00967	0.00807	0.00242	0.00924	0.00719	0.00791	0.01356
7	0.01554	0.01437	0.02479	0.02061	0.02480	0.01421	0.22116	0.02301	0.12061	0.02646	0.08502	0.17060	0.03539	0.01539	0.00988	0.00306	0.00857	0.15058	0.00660	0.00936
8	0.40282	0.01984	0.01806	0.01475	0.02041	0.04803	0.01210	0.30514	0.02533	0.04249	0.01510	0.01613	0.01115	0.00858	0.00653	0.00246	0.00783	0.00576	0.00641	0.01111
9	0.11635	0.02192	0.02292	0.01775	0.02407	0.02436	0.01466	0.56642	0.03534	0.04944	0.01854	0.01875	0.01322	0.00949	0.00776	0.00244	0.00862	0.00697	0.00776	0.01322
10	0.02928	0.02043	0.02239	0.01761	0.02356	0.02226	0.01437	0.49092	0.08253	0.11114	0.02339	0.06434	0.01779	0.01085	0.00827	0.00252	0.00826	0.00852	0.00829	0.01328
11	0.01111	0.00830	0.01036	0.03881	0.01351	0.00821	0.00782	0.01385	0.05556	0.02069	0.04282	0.44231	0.10818	0.16019	0.01620	0.00409	0.00563	0.01868	0.00690	0.00678
12	0.02013	0.02007	0.03387	0.07817	0.53920	0.04410	0.09479	0.02511	0.01861	0.02592	0.01525	0.02016	0.01260	0.00727	0.00819	0.00245	0.01035	0.00742	0.00401	0.01232
13	0.01807	0.05955	0.19732	0.10621	0.04023	0.02057	0.35940	0.02496	0.01790	0.02470	0.01524	0.02009	0.01148	0.00752	0.00946	0.00268	0.04187	0.00807	0.00383	0.01086
14	0.01592	0.01423	0.02262	0.56295	0.04837	0.01727	0.02024	0.06837	0.01788	0.02313	0.01832	0.10081	0.01599	0.01024	0.00837	0.00275	0.00996	0.00905	0.00442	0.00911
15	0.01147	0.00852	0.01078	0.01215	0.01321	0.00849	0.00858	0.01554	0.08881	0.02237	0.04234	0.54067	0.04856	0.05433	0.01158	0.00348	0.00532	0.07898	0.00749	0.00732
16	0.06327	0.01794	0.09398	0.01562	0.02215	0.01466	0.01404	0.08278	0.08564	0.42794	0.05633	0.02689	0.02097	0.01003	0.00804	0.00254	0.00743	0.00807	0.00868	0.01301

[dist]
# distance from previous block
# <min> <max>
13	17

[block]
# block no. 11 follows, 23 sequences, length 26
# corresponding to MSA columns:
# 809-834
name=unknown_L
#
# <colnr> <probs for GDERKNQSTAVLIFYWHMCP>
#	G	D	E	R	K	N	Q	S	T	A	V	L	I	F	Y	W	H	M	C	P
0	0.02043	0.01369	0.01649	0.01290	0.01881	0.01149	0.01017	0.02564	0.08264	0.16188	0.02376	0.10595	0.02016	0.00976	0.00723	0.00189	0.00608	0.00821	0.00660	0.43621
1	0.12899	0.01915	0.02069	0.01802	0.05159	0.02153	0.01391	0.29712	0.19632	0.06339	0.02212	0.02212	0.01634	0.00985	0.00841	0.00256	0.03615	0.00743	0.03191	0.01240
2	0.02126	0.33451	0.23352	0.01971	0.02785	0.13684	0.07406	0.02625	0.01802	0.02186	0.01296	0.01534	0.01055	0.00741	0.00672	0.00214	0.01115	0.00546	0.00363	0.01078
3	0.01456	0.01037	0.01520	0.05585	0.01849	0.01014	0.05575	0.01903	0.06043	0.08328	0.23014	0.28321	0.04992	0.01780	0.00962	0.00290	0.00590	0.04120	0.00774	0.00848
4	0.01130	0.00897	0.01028	0.01003	0.01252	0.00826	0.00768	0.01561	0.06411	0.02705	0.30077	0.06889	0.34731	0.01847	0.00960	0.00274	0.00439	0.05627	0.00812	0.00762
5	0.01876	0.02251	0.08316	0.03156	0.03876	0.02107	0.50386	0.02500	0.01801	0.02500	0.01543	0.02097	0.01193	0.00801	0.01204	0.00285	0.11744	0.00898	0.00398	0.01070
6	0.01955	0.01644	0.01895	0.01896	0.07675	0.01838	0.01374	0.08037	0.43499	0.03341	0.07735	0.03744	0.02908	0.01223	0.00864	0.00279	0.00681	0.07432	0.00784	0.01195
7	0.02896	0.02179	0.02423	0.02002	0.06429	0.02355	0.01551	0.54567	0.03508	0.04747	0.01878	0.01929	0.01359	0.00926	0.00793	0.00233	0.00872	0.00708	0.00758	0.07888
8	0.00989	0.00706	0.00942	0.01130	0.01177	0.00659	0.00753	0.01130	0.01554	0.02071	0.04472	0.70954	0.05367	0.02542	0.01036	0.00330	0.00471	0.02307	0.00753	0.00659
9	0.03357	0.01780	0.01981	0.01578	0.02169	0.08732	0.01279	0.10082	0.08619	0.47257	0.02869	0.02562	0.01884	0.00992	0.00807	0.00248	0.00791	0.00785	0.00903	0.01323
10	0.05267	0.61031	0.08353	0.01474	0.02181	0.06298	0.01487	0.02478	0.01675	0.02030	0.01157	0.01339	0.01034	0.00709	0.00548	0.00184	0.00910	0.00450	0.00357	0.01040
11	0.01532	0.01442	0.02434	0.69533	0.05589	0.01803	0.02253	0.02073	0.01622	0.02073	0.01442	0.02163	0.01082	0.00811	0.00811	0.00270	0.01082	0.00721	0.00361	0.00901
12	0.01197	0.00801	0.00960	0.00955	0.01006	0.00821	0.00603	0.01298	0.01314	0.01841	0.06908	0.04852	0.03064	0.50909	0.14337	0.00795	0.00961	0.01119	0.05690	0.00568
13	0.09518	0.07509	0.02244	0.01765	0.02265	0.27419	0.01401	0.20950	0.08154	0.03274	0.06386	0.02059	0.01742	0.00943	0.00745	0.00230	0.01025	0.00675	0.00608	0.01089
14	0.01932	0.02142	0.04519	0.03701	0.15426	0.02030	0.52505	0.02580	0.01903	0.02608	0.01621	0.02156	0.01241	0.00691	0.00930	0.00268	0.01295	0.00915	0.00409	0.01129
15	0.00989	0.00706	0.00942	0.01130	0.01177	0.00659	0.00753	0.01130	0.01554	0.02071	0.04472	0.70954	0.05367	0.02542	0.01036	0.00330	0.00471	0.02307	0.00753	0.00659
16	0.01969	0.02234	0.04218	0.03105	0.03756	0.06726	0.48525	0.02532	0.01826	0.02445	0.01515	0.02067	0.01190	0.00822	0.01236	0.00283	0.13218	0.00885	0.00401	0.01048
17	0.02086	0.60631	0.11954	0.01534	0.02261	0.03016	0.01603	0.02427	0.01639	0.01992	0.01166	0.01373	0.01041	0.00734	0.00642	0.00192	0.03842	0.00466	0.00347	0.01054
18	0.03371	0.01813	0.02150	0.01649	0.02287	0.01834	0.01362	0.32896	0.03045	0.37021	0.02594	0.02368	0.01704	0.00990	0.00814	0.00247	0.00788	0.00775	0.00911	0.01380
19	0.08265	0.03966	0.61476	0.02203	0.03341	0.01879	0.02812	0.02554	0.01684	0.02664	0.01428	0.01678	0.01015	0.00769	0.00747	0.00256	0.01149	0.00586	0.00357	0.01171
20	0.06042	0.09608	0.02354	0.01924	0.02360	0.56618	0.01477	0.03071	0.02176	0.02097	0.01301	0.01514	0.01085	0.00825	0.00696	0.00207	0.01326	0.00522	0.03858	0.00938
21	0.09057	0.01395	0.01832	0.01416	0.02034	0.01239	0.01169	0.03839	0.02253	0.62320	0.03049	0.02656	0.01925	0.00986	0.00793	0.00251	0.00686	0.00788	0.00967	0.01344
22	0.01409	0.00705	0.01057	0.01057	0.01057	0.00705	0.00705	0.01057	0.01057	0.01409	0.01409	0.02467	0.01409	0.02819	0.03171	0.76392	0.00705	0.00705	0.00352	0.00352
23	0.01875	0.01779	0.03020	0.18528	0.50532	0.01856	0.02386	0.02365	0.01801	0.02518	0.01636	0.02369	0.01397	0.00811	0.00820	0.00253	0.00979	0.03489	0.00409	0.01179
24	0.02008	0.01928	0.03294	0.04981	0.66422	0.01928	0.02490	0.02490	0.01848	0.02651	0.01526	0.02008	0.01285	0.00723	0.00803	0.00241	0.00964	0.00723	0.00402	0.01285
25	0.02008	0.01928	0.03294	0.04981	0.66422	0.01928	0.02490	0.02490	0.01848	0.02651	0.01526	0.02008	0.01285	0.00723	0.00803	0.00241	0.00964	0.00723	0.00402	0.01285

[dist]
# distance from previous block
# <min> <max>
0	63

[block]
# block no. 12 follows, 23 sequences, length 54
# corresponding to MSA columns:
# 898-951
name=unknown_M
#
# <colnr> <probs for GDERKNQSTAVLIFYWHMCP>
#	G	D	E	R	K	N	Q	S	T	A	V	L	I	F	Y	W	H	M	C	P
0	0.01955	0.01860	0.03162	0.07483	0.60762	0.01875	0.02423	0.02434	0.01839	0.02616	0.01657	0.02361	0.01441	0.00800	0.00819	0.00249	0.00958	0.03646	0.00417	0.01243
1	0.06609	0.02078	0.02260	0.01734	0.02379	0.02230	0.01431	0.49562	0.03380	0.12353	0.02027	0.01999	0.01420	0.00943	0.00784	0.00237	0.00837	0.00711	0.00799	0.06228
2	0.02871	0.02694	0.02393	0.02179	0.08066	0.24106	0.01596	0.35296	0.03031	0.03715	0.01804	0.05142	0.01454	0.00982	0.00795	0.00236	0.01067	0.00738	0.00643	0.01191
3	0.02079	0.01118	0.01424	0.01240	0.01605	0.01051	0.00966	0.02645	0.09859	0.24773	0.29558	0.09623	0.07729	0.01455	0.00899	0.00263	0.00527	0.01255	0.00905	0.01026
4	0.02206	0.50450	0.15682	0.01624	0.02385	0.08595	0.01695	0.02591	0.01746	0.04761	0.01287	0.01453	0.01080	0.00734	0.00598	0.00195	0.00974	0.00488	0.00380	0.01076
5	0.01265	0.00871	0.01151	0.01139	0.01344	0.00804	0.00875	0.01601	0.02075	0.05366	0.40337	0.17544	0.06295	0.01836	0.00977	0.00281	0.00477	0.11030	0.00833	0.03900
6	0.14069	0.03544	0.50513	0.02046	0.03080	0.01861	0.02500	0.04989	0.01774	0.06304	0.01516	0.01714	0.01070	0.00788	0.00731	0.00255	0.01067	0.00590	0.00422	0.01164
7	0.01909	0.01558	0.01752	0.01391	0.02004	0.01458	0.01100	0.03033	0.26761	0.06020	0.02263	0.02267	0.01745	0.00818	0.00700	0.00188	0.00622	0.00670	0.00642	0.43098
8	0.02009	0.01912	0.03165	0.04688	0.60768	0.01936	0.02384	0.02650	0.07395	0.02716	0.01682	0.02098	0.01390	0.00756	0.00805	0.00244	0.00936	0.00740	0.00439	0.01285
9	0.01308	0.00973	0.01334	0.05072	0.01820	0.00992	0.01252	0.01762	0.04888	0.02491	0.09290	0.12195	0.06847	0.02075	0.01065	0.00347	0.00700	0.44070	0.00743	0.00775
10	0.03027	0.02254	0.02481	0.02034	0.05951	0.02485	0.01593	0.60425	0.03709	0.04981	0.01925	0.01951	0.01375	0.00961	0.00811	0.00243	0.00897	0.00730	0.00790	0.01375
11	0.00989	0.00706	0.00942	0.01130	0.01177	0.00659	0.00753	0.01130	0.01554	0.02071	0.04472	0.70954	0.05367	0.02542	0.01036	0.00330	0.00471	0.02307	0.00753	0.00659
12	0.03402	0.01698	0.01960	0.01540	0.02133	0.07248	0.01255	0.11980	0.02524	0.49998	0.05606	0.02680	0.02085	0.01014	0.00814	0.00247	0.00773	0.00807	0.00922	0.01315
13	0.01861	0.31902	0.38970	0.01978	0.02955	0.02435	0.04730	0.02513	0.01695	0.02300	0.01329	0.01563	0.01041	0.00736	0.00676	0.00223	0.01070	0.00546	0.00347	0.01130
14	0.01532	0.01442	0.02434	0.69533	0.05589	0.01803	0.02253	0.02073	0.01622	0.02073	0.01442	0.02163	0.01082	0.00811	0.00811	0.00270	0.01082	0.00721	0.00361	0.00901
15	0.01280	0.00914	0.01275	0.01462	0.01637	0.00910	0.01259	0.01633	0.01840	0.02397	0.04312	0.14586	0.04731	0.02268	0.01113	0.00370	0.00723	0.55804	0.00748	0.00739
16	0.01939	0.01857	0.03168	0.14411	0.57534	0.01910	0.02456	0.02429	0.01815	0.02567	0.01514	0.02031	0.01256	0.00736	0.00804	0.00245	0.00981	0.00723	0.00396	0.01229
17	0.01142	0.00936	0.00987	0.00940	0.01228	0.00846	0.00714	0.04701	0.04397	0.02556	0.16493	0.07048	0.51325	0.01901	0.00946	0.00270	0.00441	0.01593	0.00781	0.00757
18	0.00989	0.00706	0.00942	0.01130	0.01177	0.00659	0.00753	0.01130	0.01554	0.02071	0.04472	0.70954	0.05367	0.02542	0.01036	0.00330	0.00471	0.02307	0.00753	0.00659
19	0.01911	0.02233	0.09603	0.06600	0.28510	0.01979	0.31876	0.02533	0.01859	0.02596	0.01572	0.02075	0.01228	0.00712	0.00875	0.00259	0.01184	0.00825	0.00399	0.01170
20	0.05459	0.22790	0.43847	0.02044	0.03053	0.02257	0.05095	0.02523	0.01688	0.02440	0.01357	0.01601	0.01033	0.00745	0.00697	0.00234	0.01087	0.00561	0.00355	0.01135
21	0.02057	0.02021	0.03246	0.04842	0.63351	0.05114	0.02446	0.02526	0.01869	0.02619	0.01513	0.01982	0.01274	0.00728	0.00800	0.00239	0.00988	0.00713	0.00402	0.01269
22	0.01662	0.03981	0.61526	0.02255	0.03389	0.01896	0.02847	0.02723	0.07272	0.02642	0.01618	0.01829	0.01155	0.00800	0.00776	0.00259	0.01150	0.00628	0.00385	0.01207
23	0.01669	0.06899	0.60589	0.02346	0.03499	0.01951	0.06856	0.02566	0.01724	0.02544	0.01454	0.01727	0.01042	0.00762	0.00773	0.00255	0.01196	0.00616	0.00347	0.01186
24	0.02066	0.02118	0.04534	0.03247	0.04051	0.01977	0.58027	0.02718	0.01951	0.08231	0.01778	0.02239	0.01299	0.00712	0.00945	0.00272	0.01309	0.00945	0.00462	0.01119
25	0.01557	0.00843	0.01178	0.01128	0.01185	0.00864	0.00778	0.06565	0.01300	0.01735	0.01457	0.02421	0.01407	0.02657	0.02964	0.69698	0.00721	0.00707	0.00393	0.00443
26	0.02008	0.01928	0.03294	0.04981	0.66422	0.01928	0.02490	0.02490	0.01848	0.02651	0.01526	0.02008	0.01285	0.00723	0.00803	0.00241	0.00964	0.00723	0.00402	0.01285
27	0.02888	0.02364	0.02186	0.01796	0.02344	0.16366	0.01433	0.30874	0.13819	0.11673	0.04458	0.02276	0.01797	0.00994	0.00803	0.00243	0.00930	0.00755	0.00756	0.01247
28	0.01858	0.01774	0.03021	0.25412	0.47167	0.01888	0.02415	0.02358	0.01776	0.02468	0.01500	0.02057	0.01221	0.00751	0.00806	0.00250	0.01001	0.00722	0.00389	0.01164
29	0.77215	0.01569	0.01193	0.01067	0.01569	0.01820	0.00879	0.02385	0.01381	0.03641	0.01130	0.01318	0.00879	0.00753	0.00502	0.00251	0.00628	0.00439	0.00502	0.00879
30	0.01967	0.01885	0.03218	0.10627	0.61100	0.01917	0.02470	0.02454	0.01828	0.02600	0.01519	0.02022	0.01267	0.00731	0.00804	0.00244	0.00974	0.00723	0.00398	0.01252
31	0.77215	0.01569	0.01193	0.01067	0.01569	0.01820	0.00879	0.02385	0.01381	0.03641	0.01130	0.01318	0.00879	0.00753	0.00502	0.00251	0.00628	0.00439	0.00502	0.00879
32	0.03641	0.01381	0.01883	0.01444	0.02071	0.01193	0.01193	0.03954	0.02322	0.66984	0.03201	0.02762	0.02009	0.01004	0.00816	0.00251	0.00690	0.00816	0.01004	0.01381
33	0.03520	0.01575	0.02003	0.01536	0.02168	0.01480	0.01269	0.16931	0.02647	0.53549	0.02929	0.02585	0.01872	0.00998	0.00815	0.00249	0.00734	0.00797	0.00962	0.01381
34	0.03031	0.03867	0.02299	0.02090	0.02508	0.68226	0.01568	0.03240	0.02299	0.01986	0.01254	0.01463	0.01045	0.00836	0.00732	0.00209	0.01463	0.00523	0.00418	0.00941
35	0.02169	0.71972	0.04252	0.01388	0.02083	0.03211	0.01388	0.02430	0.01649	0.01909	0.01128	0.01302	0.01041	0.00694	0.00521	0.00174	0.00868	0.00434	0.00347	0.01041
36	0.03085	0.02273	0.02435	0.01867	0.02516	0.02516	0.01542	0.63716	0.03815	0.05114	0.01948	0.01948	0.01380	0.00974	0.00812	0.00244	0.00893	0.00731	0.00812	0.01380
37	0.01703	0.07616	0.01745	0.01377	0.01750	0.03879	0.01085	0.02958	0.31630	0.03112	0.26118	0.04138	0.06974	0.01301	0.00849	0.00257	0.00585	0.01097	0.00791	0.01036
38	0.01915	0.02189	0.04788	0.03420	0.04241	0.02052	0.63475	0.02599	0.01915	0.02599	0.01642	0.02189	0.01231	0.00684	0.00958	0.00274	0.01368	0.00958	0.00410	0.01094
39	0.01180	0.00787	0.00885	0.00885	0.00885	0.00787	0.00492	0.01180	0.01180	0.01573	0.02557	0.05310	0.02950	0.71483	0.04130	0.00787	0.00787	0.01180	0.00492	0.00492
40	0.02225	0.01846	0.01951	0.01693	0.02189	0.02115	0.01334	0.15834	0.53097	0.03728	0.03040	0.02818	0.02264	0.01076	0.00823	0.00269	0.00691	0.00881	0.00823	0.01303
41	0.01148	0.00829	0.01085	0.01021	0.01212	0.00766	0.00766	0.01531	0.02297	0.03254	0.65994	0.06061	0.07656	0.01659	0.00957	0.00255	0.00383	0.01467	0.00893	0.00766
42	0.03641	0.01381	0.01883	0.01444	0.02071	0.01193	0.01193	0.03954	0.02322	0.66984	0.03201	0.02762	0.02009	0.01004	0.00816	0.00251	0.00690	0.00816	0.01004	0.01381
43	0.77215	0.01569	0.01193	0.01067	0.01569	0.01820	0.00879	0.02385	0.01381	0.03641	0.01130	0.01318	0.00879	0.00753	0.00502	0.00251	0.00628	0.00439	0.00502	0.00879
44	0.01532	0.01442	0.02434	0.69533	0.05589	0.01803	0.02253	0.02073	0.01622	0.02073	0.01442	0.02163	0.01082	0.00811	0.00811	0.00270	0.01082	0.00721	0.00361	0.00901
45	0.01308	0.00934	0.01308	0.01494	0.01681	0.00934	0.01308	0.01681	0.01868	0.02428	0.04296	0.09153	0.04670	0.02242	0.01121	0.00374	0.00747	0.60960	0.00747	0.00747
46	0.03641	0.01381	0.01883	0.01444	0.02071	0.01193	0.01193	0.03954	0.02322	0.66984	0.03201	0.02762	0.02009	0.01004	0.00816	0.00251	0.00690	0.00816	0.01004	0.01381
47	0.01959	0.01878	0.03205	0.11636	0.60150	0.01915	0.02466	0.02447	0.01824	0.02591	0.01518	0.02024	0.01264	0.00732	0.00804	0.00244	0.00976	0.00723	0.00397	0.01246
48	0.01745	0.01659	0.02818	0.40683	0.32776	0.01859	0.02359	0.02260	0.01723	0.02331	0.01480	0.02094	0.01173	0.00772	0.00808	0.00257	0.01029	0.00722	0.00379	0.01073
49	0.77215	0.01569	0.01193	0.01067	0.01569	0.01820	0.00879	0.02385	0.01381	0.03641	0.01130	0.01318	0.00879	0.00753	0.00502	0.00251	0.00628	0.00439	0.00502	0.00879
50	0.00999	0.00714	0.00951	0.01123	0.01179	0.00666	0.00754	0.01156	0.01602	0.02148	0.08465	0.66742	0.05515	0.02485	0.01031	0.00325	0.00465	0.02252	0.00762	0.00666
51	0.01148	0.00829	0.01085	0.01021	0.01212	0.00766	0.00766	0.01531	0.02297	0.03254	0.65994	0.06061	0.07656	0.01659	0.00957	0.00255	0.00383	0.01467	0.00893	0.00766
52	0.02849	0.02134	0.02289	0.01806	0.02404	0.02369	0.01473	0.52833	0.12227	0.04747	0.02242	0.04985	0.01699	0.01057	0.00823	0.00252	0.00840	0.00822	0.00811	0.01336
53	0.09599	0.21828	0.10819	0.01656	0.04656	0.02155	0.01498	0.10124	0.07757	0.05434	0.01630	0.01754	0.01277	0.00776	0.00653	0.00205	0.00811	0.00572	0.00518	0.16281

[dist]
# distance from previous block
# <min> <max>
8	13

[block]
# block no. 13 follows, 23 sequences, length 20
# corresponding to MSA columns:
# 965-984
name=unknown_N
#
# <colnr> <probs for GDERKNQSTAVLIFYWHMCP>
#	G	D	E	R	K	N	Q	S	T	A	V	L	I	F	Y	W	H	M	C	P
