[name]
unknown

[dist]
# distance from previous block
# <min> <max>
0	99

[block]
# block no. 0 follows, 26 sequences, length 16
# corresponding to MSA columns:
# 102-117
name=unknown_A
#
# <colnr> <probs for GDERKNQSTAVLIFYWHMCP>
#	G	D	E	R	K	N	Q	S	T	A	V	L	I	F	Y	W	H	M	C	P
0	0.02030	0.01320	0.01546	0.01278	0.01775	0.03685	0.01037	0.02525	0.08207	0.20116	0.06501	0.03459	0.04255	0.01054	0.00746	0.00211	0.00622	0.10565	0.00677	0.28392
1	0.01169	0.03104	0.03200	0.01123	0.01317	0.00901	0.00865	0.04631	0.04285	0.02498	0.23859	0.35808	0.07594	0.01863	0.00907	0.00274	0.00482	0.04660	0.00727	0.00734
2	0.02685	0.03303	0.02081	0.01890	0.02286	0.59553	0.01424	0.03186	0.12373	0.02063	0.01473	0.01597	0.01187	0.00820	0.00698	0.00205	0.01247	0.00546	0.00451	0.00930
3	0.02259	0.50074	0.05773	0.01492	0.02115	0.12430	0.01398	0.12406	0.01948	0.02287	0.01203	0.01347	0.01023	0.00711	0.00566	0.00180	0.00905	0.00466	0.00402	0.01015
4	0.01489	0.01458	0.02621	0.60789	0.05026	0.01722	0.12119	0.02015	0.01560	0.02015	0.01377	0.02026	0.01033	0.00740	0.00780	0.00253	0.01053	0.00709	0.00344	0.00871
5	0.01538	0.01299	0.01485	0.01101	0.01706	0.01026	0.00878	0.05260	0.01705	0.02530	0.02369	0.02486	0.11684	0.00794	0.00625	0.00141	0.00549	0.00643	0.00506	0.61675
6	0.01021	0.00759	0.00910	0.00892	0.01054	0.00692	0.00638	0.01263	0.01824	0.02455	0.37406	0.10611	0.22545	0.12982	0.01366	0.00326	0.00430	0.01444	0.00732	0.00649
7	0.01047	0.00967	0.01354	0.01153	0.01477	0.00846	0.10824	0.01300	0.01708	0.02081	0.06460	0.06361	0.54560	0.05203	0.01041	0.00279	0.00542	0.01466	0.00642	0.00692
8	0.78701	0.01467	0.01115	0.00997	0.01467	0.01702	0.00821	0.02230	0.01291	0.03403	0.01056	0.01232	0.00821	0.00704	0.00469	0.00235	0.00587	0.00411	0.00469	0.00821
9	0.00937	0.00770	0.00824	0.00811	0.01049	0.00657	0.00608	0.01166	0.01824	0.02275	0.21439	0.06928	0.54408	0.01837	0.00896	0.00252	0.00378	0.01549	0.00734	0.00657
10	0.00924	0.00660	0.00880	0.01056	0.01100	0.00616	0.00704	0.01056	0.01452	0.01936	0.04181	0.72848	0.05017	0.02376	0.00968	0.00308	0.00440	0.02156	0.00704	0.00616
11	0.01991	0.01606	0.01718	0.01530	0.01970	0.01834	0.01195	0.04008	0.62764	0.07711	0.03081	0.02813	0.02285	0.01023	0.00771	0.00256	0.00603	0.00851	0.00783	0.01207
12	0.01757	0.01977	0.04283	0.03091	0.03823	0.01856	0.62036	0.02379	0.01788	0.02420	0.01681	0.02431	0.01341	0.00725	0.00904	0.00261	0.01244	0.04596	0.00402	0.01004
13	0.01254	0.02333	0.34994	0.01578	0.02221	0.01223	0.01776	0.01806	0.01650	0.02285	0.06934	0.14014	0.15723	0.01388	0.00835	0.00264	0.00790	0.07525	0.00520	0.00886
14	0.01100	0.00813	0.01032	0.00971	0.01165	0.00763	0.00730	0.01528	0.04986	0.02998	0.62331	0.05623	0.09994	0.01546	0.00889	0.00240	0.00370	0.01361	0.00826	0.00733
15	0.02403	0.08249	0.06984	0.01670	0.02250	0.04856	0.01443	0.35849	0.19478	0.03779	0.03995	0.02109	0.01665	0.00919	0.00737	0.00230	0.00800	0.00708	0.00682	0.01195

[dist]
# distance from previous block
# <min> <max>
0	1

[block]
# block no. 1 follows, 26 sequences, length 273
# corresponding to MSA columns:
# 119-391
name=unknown_B
#
# <colnr> <probs for GDERKNQSTAVLIFYWHMCP>
#	G	D	E	R	K	N	Q	S	T	A	V	L	I	F	Y	W	H	M	C	P
0	0.01834	0.30585	0.27731	0.01916	0.07410	0.02270	0.01929	0.05440	0.04612	0.02299	0.01333	0.01539	0.01068	0.00727	0.00691	0.00207	0.03368	0.00527	0.00373	0.04142
1	0.01528	0.07110	0.13475	0.01290	0.01714	0.01200	0.01222	0.01945	0.01916	0.10701	0.35896	0.04013	0.06548	0.01421	0.03531	0.00274	0.03627	0.01036	0.00675	0.00878
2	0.01194	0.00853	0.01190	0.01364	0.01527	0.00849	0.01173	0.01522	0.01718	0.02238	0.04032	0.14675	0.04427	0.02122	0.01040	0.00345	0.00674	0.57667	0.00699	0.00691
3	0.01782	0.01720	0.02977	0.18315	0.52698	0.01783	0.05135	0.02252	0.01687	0.02365	0.01415	0.01915	0.01160	0.00691	0.00759	0.00232	0.00941	0.00685	0.00368	0.01120
4	0.01608	0.01419	0.01838	0.01513	0.07360	0.01120	0.04191	0.01969	0.01596	0.02470	0.01364	0.01621	0.01131	0.00575	0.00593	0.00129	0.00625	0.00490	0.00440	0.67948
5	0.01090	0.00753	0.00937	0.00944	0.00983	0.00788	0.00603	0.01170	0.01149	0.01569	0.02367	0.07266	0.02617	0.51889	0.21899	0.00850	0.01077	0.01068	0.00455	0.00526
6	0.78701	0.01467	0.01115	0.00997	0.01467	0.01702	0.00821	0.02230	0.01291	0.03403	0.01056	0.01232	0.00821	0.00704	0.00469	0.00235	0.00587	0.00411	0.00469	0.00821
7	0.08366	0.02034	0.07012	0.21115	0.21321	0.11068	0.01883	0.08066	0.01883	0.07999	0.01500	0.01828	0.01136	0.00760	0.00720	0.00231	0.00957	0.00628	0.00451	0.01040
8	0.01992	0.01638	0.01742	0.01545	0.01988	0.01877	0.01208	0.06803	0.61783	0.05880	0.03027	0.02775	0.02252	0.01020	0.00771	0.00255	0.00613	0.00846	0.00778	0.01208
9	0.01084	0.00809	0.01201	0.01201	0.01330	0.00938	0.00925	0.01343	0.01214	0.01747	0.02049	0.03073	0.01937	0.08876	0.67205	0.01196	0.01971	0.00826	0.00409	0.00667
10	0.00896	0.00768	0.00768	0.00768	0.01025	0.00640	0.00576	0.01089	0.01729	0.02049	0.07684	0.07300	0.68304	0.01921	0.00896	0.00256	0.00384	0.01601	0.00704	0.00640
11	0.01573	0.01348	0.01573	0.01123	0.01798	0.01011	0.00899	0.01910	0.01573	0.02472	0.01348	0.01573	0.01123	0.00562	0.00562	0.00112	0.00562	0.00449	0.00449	0.77980
12	0.02972	0.08699	0.04439	0.01504	0.02114	0.01740	0.01295	0.22830	0.05618	0.37271	0.02391	0.02192	0.01598	0.00899	0.00734	0.00227	0.00734	0.00701	0.00794	0.01250
13	0.06446	0.02071	0.02196	0.01701	0.02293	0.02300	0.01401	0.60258	0.06317	0.04643	0.01842	0.01838	0.01314	0.00906	0.00746	0.00229	0.00812	0.00678	0.00746	0.01264
14	0.01084	0.00813	0.01219	0.01219	0.01354	0.00948	0.00948	0.01354	0.01219	0.01761	0.02032	0.02980	0.01896	0.05689	0.70337	0.01219	0.02032	0.00813	0.00406	0.00677
15	0.01074	0.00775	0.01014	0.00954	0.01133	0.00716	0.00716	0.01431	0.02147	0.03042	0.68211	0.05666	0.07157	0.01551	0.00895	0.00239	0.00358	0.01372	0.00835	0.00716
16	0.01971	0.01974	0.02942	0.04287	0.59903	0.08507	0.02206	0.02453	0.03956	0.02440	0.01457	0.01859	0.01217	0.00698	0.00745	0.00223	0.00937	0.00664	0.00390	0.01170
17	0.01084	0.00813	0.01219	0.01219	0.01354	0.00948	0.00948	0.01354	0.01219	0.01761	0.02032	0.02980	0.01896	0.05689	0.70337	0.01219	0.02032	0.00813	0.00406	0.00677
18	0.00929	0.00752	0.00829	0.00868	0.01073	0.00652	0.00642	0.01128	0.01703	0.02105	0.10952	0.20222	0.48588	0.01994	0.00918	0.00270	0.00408	0.04612	0.00713	0.00643
19	0.01521	0.03923	0.69413	0.02162	0.03283	0.01762	0.02802	0.02402	0.01601	0.02402	0.01361	0.01601	0.00961	0.00721	0.00721	0.00240	0.01121	0.00560	0.00320	0.01121
20	0.02883	0.02125	0.02276	0.01745	0.02352	0.02352	0.01442	0.66082	0.03566	0.04780	0.01821	0.01821	0.01290	0.00911	0.00759	0.00228	0.00835	0.00683	0.00759	0.01290
21	0.58377	0.01419	0.01289	0.01093	0.01594	0.01543	0.00901	0.02626	0.01528	0.21146	0.01579	0.01596	0.01107	0.00767	0.00549	0.00235	0.00603	0.00506	0.00596	0.00948
22	0.78701	0.01467	0.01115	0.00997	0.01467	0.01702	0.00821	0.02230	0.01291	0.03403	0.01056	0.01232	0.00821	0.00704	0.00469	0.00235	0.00587	0.00411	0.00469	0.00821
23	0.11189	0.01912	0.02063	0.01597	0.02186	0.02072	0.01319	0.48576	0.03083	0.15551	0.01937	0.01886	0.01339	0.00893	0.00728	0.00230	0.00776	0.00667	0.00758	0.01239
24	0.01450	0.01382	0.02381	0.68236	0.05164	0.01696	0.05171	0.01962	0.01530	0.01962	0.01357	0.02023	0.01018	0.00753	0.00765	0.00253	0.01024	0.00685	0.00339	0.00851
25	0.01074	0.00775	0.01014	0.00954	0.01133	0.00716	0.00716	0.01431	0.02147	0.03042	0.68211	0.05666	0.07157	0.01551	0.00895	0.00239	0.00358	0.01372	0.00835	0.00716
26	0.01146	0.00832	0.01119	0.01219	0.01398	0.00805	0.01021	0.01477	0.01835	0.02433	0.20451	0.09861	0.10715	0.01953	0.00993	0.00312	0.00577	0.40426	0.00733	0.00695
27	0.01573	0.01348	0.01573	0.01123	0.01798	0.01011	0.00899	0.01910	0.01573	0.02472	0.01348	0.01573	0.01123	0.00562	0.00562	0.00112	0.00562	0.00449	0.00449	0.77980
28	0.00914	0.00769	0.00792	0.00786	0.01035	0.00648	0.00590	0.01122	0.01769	0.02145	0.13539	0.07142	0.62389	0.01885	0.00896	0.00254	0.00382	0.01579	0.00717	0.00648
29	0.01468	0.01398	0.02401	0.65550	0.08273	0.01700	0.04638	0.01976	0.01538	0.01984	0.01359	0.02016	0.01026	0.00750	0.00763	0.00252	0.01016	0.00683	0.00341	0.00867
30	0.00931	0.00666	0.00886	0.01051	0.01102	0.00621	0.00705	0.01074	0.01485	0.01989	0.07227	0.69652	0.05119	0.02337	0.00965	0.00305	0.00436	0.02119	0.00710	0.00621
31	0.02352	0.02494	0.01908	0.01718	0.02135	0.32011	0.01315	0.03579	0.36499	0.04678	0.02240	0.02178	0.01712	0.00917	0.00733	0.00229	0.00940	0.00692	0.00609	0.01062
32	0.01315	0.01277	0.02427	0.01981	0.02320	0.01232	0.27544	0.01657	0.01578	0.02134	0.02942	0.40376	0.03237	0.01613	0.01010	0.00288	0.04154	0.01567	0.00555	0.00794
33	0.02258	0.05242	0.02059	0.04229	0.02238	0.02110	0.01331	0.27632	0.37269	0.03676	0.02441	0.02337	0.01810	0.00955	0.00753	0.00241	0.00715	0.00762	0.00729	0.01211
34	0.04315	0.01614	0.04943	0.07759	0.02343	0.01662	0.07055	0.05615	0.33843	0.08419	0.02504	0.02801	0.01968	0.10393	0.01173	0.00315	0.00751	0.00834	0.00642	0.01052
35	0.02886	0.04375	0.16923	0.01569	0.02279	0.01448	0.01530	0.09763	0.02167	0.45459	0.02445	0.02240	0.01583	0.00878	0.00744	0.00233	0.00776	0.00698	0.00762	0.01242
36	0.01558	0.11638	0.58805	0.02020	0.03041	0.01862	0.02545	0.02338	0.01576	0.02302	0.01359	0.01624	0.01007	0.00949	0.04007	0.00278	0.01129	0.00555	0.00325	0.01083
37	0.01204	0.00990	0.01450	0.01381	0.01488	0.01236	0.01097	0.01453	0.01207	0.01774	0.01815	0.02704	0.01708	0.04776	0.56142	0.01033	0.16661	0.00782	0.00391	0.00709
38	0.01535	0.03844	0.66929	0.02255	0.05729	0.01763	0.02785	0.02399	0.01606	0.02405	0.01364	0.01612	0.00970	0.00719	0.00722	0.00240	0.01113	0.00565	0.00322	0.01124
39	0.02270	0.09187	0.02713	0.05767	0.30178	0.23107	0.01824	0.08980	0.04469	0.02456	0.01412	0.01693	0.01154	0.00746	0.00707	0.00213	0.01023	0.00600	0.00427	0.01075
40	0.00899	0.00758	0.00779	0.00795	0.01031	0.00638	0.00588	0.01086	0.01704	0.02039	0.07363	0.13304	0.62507	0.01963	0.00903	0.00261	0.00389	0.01652	0.00704	0.00638
41	0.01103	0.00735	0.00827	0.00827	0.00827	0.00735	0.00460	0.01103	0.01103	0.01471	0.02390	0.04964	0.02758	0.73343	0.03861	0.00735	0.00735	0.01103	0.00460	0.00460
42	0.04795	0.01855	0.02673	0.18683	0.28821	0.08030	0.08038	0.07479	0.04973	0.02510	0.01490	0.01911	0.01184	0.00803	0.00825	0.02828	0.00965	0.00678	0.00421	0.01038
43	0.02282	0.02034	0.05916	0.06457	0.30518	0.02043	0.04325	0.30645	0.02530	0.03469	0.01599	0.01852	0.01218	0.00785	0.00759	0.00230	0.00902	0.00682	0.00542	0.01213
44	0.00896	0.00768	0.00768	0.00768	0.01025	0.00640	0.00576	0.01089	0.01729	0.02049	0.07684	0.07300	0.68304	0.01921	0.00896	0.00256	0.00384	0.01601	0.00704	0.00640
45	0.02833	0.03615	0.02149	0.01954	0.02345	0.70298	0.01466	0.03029	0.02149	0.01856	0.01172	0.01368	0.00977	0.00782	0.00684	0.00195	0.01368	0.00489	0.00391	0.00879
46	0.78701	0.01467	0.01115	0.00997	0.01467	0.01702	0.00821	0.02230	0.01291	0.03403	0.01056	0.01232	0.00821	0.00704	0.00469	0.00235	0.00587	0.00411	0.00469	0.00821
47	0.00958	0.00685	0.00918	0.01084	0.01146	0.00644	0.00753	0.01120	0.01509	0.02014	0.06848	0.63987	0.05045	0.02315	0.00973	0.00309	0.00461	0.07893	0.00709	0.00628
48	0.00960	0.00687	0.00876	0.00997	0.01059	0.00643	0.00662	0.01096	0.01478	0.01969	0.09460	0.53415	0.08999	0.12311	0.01366	0.00359	0.00471	0.01906	0.00680	0.00604
49	0.01038	0.00715	0.00880	0.00943	0.00970	0.00711	0.00589	0.01108	0.01237	0.01662	0.02996	0.28940	0.03486	0.42226	0.08601	0.00625	0.00743	0.01453	0.00542	0.00534
50	0.00896	0.00768	0.00768	0.00768	0.01025	0.00640	0.00576	0.01089	0.01729	0.02049	0.07684	0.07300	0.68304	0.01921	0.00896	0.00256	0.00384	0.01601	0.00704	0.00640
51	0.78701	0.01467	0.01115	0.00997	0.01467	0.01702	0.00821	0.02230	0.01291	0.03403	0.01056	0.01232	0.00821	0.00704	0.00469	0.00235	0.00587	0.00411	0.00469	0.00821
52	0.78701	0.01467	0.01115	0.00997	0.01467	0.01702	0.00821	0.02230	0.01291	0.03403	0.01056	0.01232	0.00821	0.00704	0.00469	0.00235	0.00587	0.00411	0.00469	0.00821
53	0.03332	0.01406	0.01831	0.01404	0.01993	0.01285	0.01160	0.12276	0.02363	0.60286	0.02831	0.02477	0.01797	0.00935	0.00762	0.00234	0.00671	0.00752	0.00914	0.01291
54	0.02138	0.01235	0.01512	0.01258	0.01652	0.01218	0.01000	0.13850	0.07634	0.22549	0.32188	0.03856	0.04187	0.01217	0.00822	0.00237	0.00546	0.01031	0.00846	0.01024
55	0.02229	0.56319	0.03520	0.01461	0.02046	0.19762	0.01340	0.02460	0.01693	0.01802	0.01084	0.01254	0.00974	0.00682	0.00536	0.00170	0.00950	0.00426	0.00341	0.00950
56	0.00923	0.00665	0.00875	0.01043	0.01097	0.00617	0.00698	0.01058	0.01465	0.01942	0.04346	0.69760	0.07998	0.02355	0.00965	0.00306	0.00437	0.02130	0.00704	0.00617
57	0.01483	0.03161	0.50211	0.02023	0.02926	0.01606	0.07751	0.02285	0.03901	0.02471	0.09785	0.02327	0.01868	0.03870	0.00890	0.00263	0.01006	0.00723	0.00411	0.01037
58	0.01910	0.01669	0.01991	0.04701	0.13428	0.01884	0.01436	0.06263	0.50986	0.03076	0.02687	0.02596	0.02034	0.00954	0.00767	0.00250	0.00677	0.00813	0.00688	0.01191
59	0.02883	0.02125	0.02276	0.01745	0.02352	0.02352	0.01442	0.66082	0.03566	0.04780	0.01821	0.01821	0.01290	0.00911	0.00759	0.00228	0.00835	0.00683	0.00759	0.01290
60	0.01922	0.56808	0.14116	0.01446	0.02131	0.05011	0.01513	0.02260	0.01567	0.01892	0.01257	0.04726	0.01166	0.00748	0.00554	0.00183	0.00862	0.00517	0.00344	0.00976
61	0.01097	0.00759	0.00947	0.00947	0.00989	0.00800	0.00609	0.01180	0.01139	0.01559	0.02280	0.04357	0.02494	0.52642	0.24202	0.00883	0.01132	0.01014	0.00443	0.00526
62	0.03383	0.01324	0.01781	0.01365	0.01953	0.01164	0.01128	0.06163	0.02226	0.66592	0.02946	0.02552	0.01854	0.00938	0.00763	0.00234	0.00653	0.00760	0.00932	0.01291
63	0.01577	0.01525	0.02551	0.43246	0.17405	0.01826	0.05134	0.02021	0.01513	0.02052	0.01315	0.01934	0.01054	0.00830	0.01050	0.00260	0.12757	0.00683	0.00346	0.00921
64	0.01599	0.01065	0.01296	0.01160	0.01458	0.01071	0.00895	0.02408	0.18891	0.12060	0.42597	0.04517	0.05194	0.01333	0.00845	0.00243	0.00459	0.01157	0.00833	0.00919
65	0.03317	0.01345	0.01784	0.01377	0.01958	0.01206	0.01134	0.06760	0.04839	0.63356	0.02939	0.02554	0.01866	0.00941	0.00763	0.00235	0.00653	0.00763	0.00923	0.01287
66	0.14233	0.01685	0.05184	0.13716	0.34195	0.01673	0.06494	0.02165	0.01624	0.02509	0.01791	0.02382	0.04547	0.00821	0.00737	0.00241	0.00867	0.03702	0.00415	0.01017
67	0.00929	0.00762	0.00796	0.00798	0.01017	0.00654	0.00581	0.01114	0.01692	0.02065	0.11518	0.09420	0.55443	0.08444	0.01170	0.00301	0.00416	0.01559	0.00692	0.00628
68	0.01099	0.00752	0.00909	0.00909	0.00938	0.00780	0.00562	0.01156	0.01127	0.01531	0.02315	0.04549	0.02577	0.59189	0.17769	0.00837	0.01007	0.01042	0.00448	0.00505
69	0.01090	0.00786	0.01084	0.01084	0.01173	0.00875	0.00780	0.01268	0.01179	0.01661	0.02155	0.03661	0.02192	0.28934	0.47496	0.01053	0.01586	0.00912	0.00425	0.00602
70	0.01714	0.01704	0.02796	0.38590	0.15905	0.05014	0.13780	0.04628	0.04136	0.02273	0.01470	0.01992	0.01128	0.00739	0.00779	0.00245	0.01036	0.00713	0.00387	0.00971
71	0.00924	0.00660	0.00880	0.01056	0.01100	0.00616	0.00704	0.01056	0.01452	0.01936	0.04181	0.72848	0.05017	0.02376	0.00968	0.00308	0.00440	0.02156	0.00704	0.00616
72	0.03403	0.01291	0.01760	0.01350	0.01936	0.01115	0.01115	0.03697	0.02171	0.69137	0.02992	0.02582	0.01878	0.00939	0.00763	0.00235	0.00645	0.00763	0.00939	0.01291
73	0.00984	0.00736	0.01052	0.01130	0.01225	0.00686	0.03436	0.01172	0.01575	0.02129	0.14062	0.59397	0.05189	0.02175	0.00954	0.00295	0.00462	0.01981	0.00711	0.00649
74	0.01869	0.02013	0.11172	0.06339	0.47315	0.01780	0.02195	0.02585	0.10033	0.04787	0.01679	0.01993	0.01328	0.00738	0.00750	0.00233	0.00886	0.00687	0.00436	0.01181
75	0.03403	0.01291	0.01760	0.01350	0.01936	0.01115	0.01115	0.03697	0.02171	0.69137	0.02992	0.02582	0.01878	0.00939	0.00763	0.00235	0.00645	0.00763	0.00939	0.01291
76	0.02747	0.03477	0.02104	0.01918	0.02296	0.66890	0.01440	0.02947	0.02104	0.01852	0.01215	0.01447	0.01022	0.01023	0.04107	0.00246	0.01400	0.00504	0.00392	0.00869
77	0.02026	0.65859	0.06330	0.01501	0.05002	0.04907	0.01405	0.02301	0.01570	0.01841	0.01086	0.01265	0.00983	0.00657	0.00513	0.00169	0.00843	0.00426	0.00329	0.00986
78	0.02531	0.01601	0.07697	0.04250	0.05317	0.03656	0.04166	0.05996	0.02061	0.36288	0.07218	0.05852	0.02351	0.01081	0.00803	0.00248	0.00750	0.06274	0.00747	0.01111
79	0.75000	0.01585	0.04390	0.01053	0.01554	0.01704	0.00916	0.02238	0.01306	0.03355	0.01071	0.01250	0.00828	0.00705	0.00481	0.00235	0.00612	0.00418	0.00462	0.00836
80	0.02045	0.67984	0.06388	0.01360	0.02016	0.05975	0.01363	0.02310	0.01571	0.01811	0.01072	0.01238	0.00973	0.00658	0.00504	0.00167	0.00848	0.00415	0.00327	0.00975
81	0.01232	0.00902	0.01169	0.01120	0.01220	0.01011	0.00803	0.05276	0.01311	0.01826	0.02123	0.03699	0.02186	0.34359	0.34042	0.00906	0.04817	0.00923	0.00447	0.00629
82	0.01103	0.00735	0.00827	0.00827	0.00827	0.00735	0.00460	0.01103	0.01103	0.01471	0.02390	0.04964	0.02758	0.73343	0.03861	0.00735	0.00735	0.01103	0.00460	0.00460
83	0.01573	0.01348	0.01573	0.01123	0.01798	0.01011	0.00899	0.01910	0.01573	0.02472	0.01348	0.01573	0.01123	0.00562	0.00562	0.00112	0.00562	0.00449	0.00449	0.77980
84	0.00926	0.00762	0.00820	0.00858	0.01079	0.00656	0.00646	0.01123	0.01693	0.02052	0.06916	0.16233	0.54626	0.01996	0.00918	0.00271	0.00417	0.06662	0.00704	0.00642
85	0.01318	0.00659	0.00988	0.00988	0.00988	0.00659	0.00659	0.00988	0.00988	0.01318	0.01318	0.02306	0.01318	0.02635	0.02964	0.77931	0.00659	0.00659	0.00329	0.00329
86	0.78701	0.01467	0.01115	0.00997	0.01467	0.01702	0.00821	0.02230	0.01291	0.03403	0.01056	0.01232	0.00821	0.00704	0.00469	0.00235	0.00587	0.00411	0.00469	0.00821
87	0.01887	0.01629	0.01715	0.01544	0.01972	0.01887	0.01201	0.04031	0.67241	0.03173	0.03087	0.02830	0.02315	0.01029	0.00772	0.00257	0.00600	0.00858	0.00772	0.01201
88	0.01414	0.00707	0.00707	0.00707	0.00884	0.00707	0.00530	0.01767	0.01591	0.02828	0.02474	0.02828	0.01944	0.00884	0.00530	0.00177	0.00353	0.00707	0.77554	0.00707
89	0.01101	0.00786	0.01083	0.01258	0.01379	0.00768	0.01011	0.01361	0.01626	0.02134	0.04083	0.34796	0.04631	0.02210	0.01015	0.00332	0.00593	0.38467	0.00701	0.00665
90	0.78701	0.01467	0.01115	0.00997	0.01467	0.01702	0.00821	0.02230	0.01291	0.03403	0.01056	0.01232	0.00821	0.00704	0.00469	0.00235	0.00587	0.00411	0.00469	0.00821
91	0.01172	0.00842	0.01105	0.01195	0.01287	0.00870	0.00928	0.01369	0.01466	0.01939	0.03325	0.13656	0.03714	0.26593	0.02078	0.00477	0.04186	0.32584	0.00599	0.00614
92	0.01790	0.02046	0.04476	0.03197	0.03964	0.01918	0.65857	0.02430	0.01790	0.02430	0.01535	0.02046	0.01151	0.00639	0.00895	0.00256	0.01279	0.00895	0.00384	0.01023
93	0.00965	0.00726	0.01051	0.01158	0.01236	0.00678	0.03804	0.01122	0.01468	0.01960	0.04055	0.69479	0.04833	0.02294	0.00965	0.00306	0.00480	0.02096	0.00689	0.00635
94	0.00924	0.00660	0.00880	0.01056	0.01100	0.00616	0.00704	0.01056	0.01452	0.01936	0.04181	0.72848	0.05017	0.02376	0.00968	0.00308	0.00440	0.02156	0.00704	0.00616
95	0.01934	0.01653	0.01742	0.01553	0.01990	0.01909	0.01212	0.06983	0.64212	0.03249	0.03027	0.02782	0.02267	0.01023	0.00771	0.00256	0.00611	0.00849	0.00771	0.01205
96	0.01159	0.00789	0.01027	0.00959	0.01150	0.00728	0.00722	0.01514	0.02129	0.05124	0.63962	0.05474	0.06817	0.01509	0.00878	0.00236	0.00367	0.01330	0.03392	0.00734
97	0.00992	0.00745	0.01083	0.01189	0.01279	0.00701	0.03881	0.01167	0.01494	0.01989	0.04039	0.63865	0.04774	0.02268	0.00972	0.00309	0.00503	0.07420	0.00688	0.00643
98	0.01149	0.00792	0.01038	0.00967	0.01159	0.00729	0.00729	0.01505	0.02148	0.05179	0.66103	0.05566	0.06986	0.01531	0.00890	0.00238	0.00367	0.01352	0.00838	0.00734
99	0.03284	0.01304	0.01736	0.01339	0.01907	0.01156	0.01103	0.06655	0.02212	0.62867	0.02911	0.02556	0.01852	0.00935	0.00752	0.00232	0.00641	0.00756	0.04540	0.01263
100	0.63952	0.01833	0.10922	0.01343	0.05025	0.01715	0.01177	0.02259	0.01356	0.03215	0.01118	0.01316	0.00860	0.00705	0.00519	0.00235	0.00678	0.00445	0.00444	0.00883
101	0.01570	0.03541	0.57167	0.02388	0.07410	0.01803	0.07341	0.02371	0.01602	0.02381	0.01360	0.01654	0.00992	0.00742	0.00822	0.00245	0.04581	0.00597	0.00329	0.01105
102	0.02745	0.06879	0.02187	0.01879	0.02275	0.64652	0.01425	0.02949	0.02101	0.01887	0.01212	0.01411	0.01010	0.00779	0.00669	0.00193	0.01306	0.00492	0.03070	0.00878
103	0.00924	0.00660	0.00880	0.01056	0.01100	0.00616	0.00704	0.01056	0.01452	0.01936	0.04181	0.72848	0.05017	0.02376	0.00968	0.00308	0.00440	0.02156	0.00704	0.00616
104	0.00924	0.00660	0.00880	0.01056	0.01100	0.00616	0.00704	0.01056	0.01452	0.01936	0.04181	0.72848	0.05017	0.02376	0.00968	0.00308	0.00440	0.02156	0.00704	0.00616
105	0.02401	0.02021	0.07515	0.01674	0.02249	0.02040	0.01436	0.31959	0.29054	0.07888	0.02367	0.02258	0.01714	0.00945	0.00761	0.00241	0.00752	0.00748	0.00739	0.01240
106	0.02098	0.02286	0.07386	0.10746	0.34918	0.16788	0.02024	0.04636	0.05065	0.04658	0.01505	0.01830	0.01195	0.00745	0.00737	0.00225	0.01005	0.00638	0.00422	0.01092
107	0.01921	0.01578	0.01680	0.01503	0.01933	0.01799	0.01171	0.03897	0.61443	0.06353	0.03266	0.02996	0.04930	0.01060	0.00776	0.00256	0.00594	0.00883	0.00777	0.01183
108	0.01857	0.01510	0.01657	0.01435	0.01898	0.01615	0.01131	0.05368	0.44836	0.05681	0.05343	0.02944	0.02336	0.01008	0.00751	0.00232	0.00598	0.03805	0.00718	0.15277
109	0.03403	0.01291	0.01760	0.01350	0.01936	0.01115	0.01115	0.03697	0.02171	0.69137	0.02992	0.02582	0.01878	0.00939	0.00763	0.00235	0.00645	0.00763	0.00939	0.01291
110	0.01543	0.07194	0.63980	0.04484	0.03285	0.01819	0.02706	0.02380	0.01596	0.02357	0.01346	0.01597	0.00963	0.00718	0.00711	0.00237	0.01102	0.00557	0.00321	0.01104
111	0.02833	0.03615	0.02149	0.01954	0.02345	0.70298	0.01466	0.03029	0.02149	0.01856	0.01172	0.01368	0.00977	0.00782	0.00684	0.00195	0.01368	0.00489	0.00391	0.00879
112	0.01038	0.01006	0.06520	0.01067	0.01304	0.00767	0.00885	0.01339	0.01790	0.02406	0.26957	0.24111	0.20124	0.01830	0.00911	0.00269	0.00472	0.05783	0.00718	0.00703
113	0.03176	0.01484	0.01859	0.01444	0.02022	0.01424	0.01187	0.16135	0.07763	0.50947	0.02767	0.02451	0.01796	0.00941	0.00763	0.00235	0.00679	0.00755	0.00889	0.01283
114	0.00989	0.00709	0.00967	0.01129	0.01203	0.00688	0.00814	0.01170	0.01484	0.01980	0.03977	0.55994	0.04649	0.02598	0.06647	0.00390	0.00615	0.12685	0.00679	0.00635
115	0.01573	0.01348	0.01573	0.01123	0.01798	0.01011	0.00899	0.01910	0.01573	0.02472	0.01348	0.01573	0.01123	0.00562	0.00562	0.00112	0.00562	0.00449	0.00449	0.77980
116	0.00924	0.00660	0.00880	0.01056	0.01100	0.00616	0.00704	0.01056	0.01452	0.01936	0.04181	0.72848	0.05017	0.02376	0.00968	0.00308	0.00440	0.02156	0.00704	0.00616
117	0.02833	0.03615	0.02149	0.01954	0.02345	0.70298	0.01466	0.03029	0.02149	0.01856	0.01172	0.01368	0.00977	0.00782	0.00684	0.00195	0.01368	0.00489	0.00391	0.00879
118	0.00939	0.00666	0.00876	0.01037	0.01078	0.00626	0.00684	0.01060	0.01424	0.01898	0.04034	0.67304	0.04832	0.08172	0.01204	0.00343	0.00464	0.02070	0.00684	0.00603
119	0.01930	0.01651	0.01740	0.01552	0.01989	0.01907	0.01211	0.06732	0.64470	0.03243	0.03032	0.02786	0.02271	0.01024	0.00771	0.00256	0.00610	0.00850	0.00771	0.01204
120	0.02387	0.01806	0.05097	0.03853	0.04530	0.01839	0.04540	0.18836	0.28884	0.16142	0.02500	0.02387	0.01787	0.00930	0.00770	0.00244	0.00745	0.00774	0.00735	0.01217
121	0.01739	0.08193	0.58541	0.02026	0.03064	0.01778	0.02540	0.02521	0.01653	0.08904	0.01501	0.01673	0.01052	0.00737	0.00710	0.00235	0.01054	0.00570	0.00381	0.01128
122	0.03403	0.01291	0.01760	0.01350	0.01936	0.01115	0.01115	0.03697	0.02171	0.69137	0.02992	0.02582	0.01878	0.00939	0.00763	0.00235	0.00645	0.00763	0.00939	0.01291
123	0.01761	0.04242	0.02138	0.05171	0.05364	0.06259	0.06594	0.11754	0.01758	0.02362	0.03866	0.07742	0.01817	0.07646	0.08119	0.03649	0.17576	0.00854	0.00471	0.00858
124	0.02682	0.01980	0.02130	0.01667	0.02216	0.02186	0.01357	0.58194	0.05489	0.04453	0.01999	0.05366	0.01563	0.04019	0.00899	0.00254	0.00804	0.00776	0.00744	0.01220
125	0.02837	0.02080	0.02227	0.01713	0.02306	0.02301	0.01413	0.64061	0.03504	0.04719	0.01842	0.01853	0.01310	0.00910	0.00752	0.00226	0.00820	0.00684	0.03172	0.01272
126	0.01505	0.01437	0.02442	0.58505	0.12260	0.01735	0.04234	0.01994	0.01534	0.02011	0.01347	0.01990	0.01037	0.00771	0.00840	0.00253	0.04192	0.00681	0.00343	0.00889
127	0.01215	0.00868	0.01212	0.01375	0.01550	0.00865	0.01197	0.01565	0.01766	0.02308	0.07171	0.08414	0.04502	0.02069	0.01040	0.00344	0.00682	0.60452	0.00705	0.00699
128	0.01103	0.00735	0.00827	0.00827	0.00827	0.00735	0.00460	0.01103	0.01103	0.01471	0.02390	0.04964	0.02758	0.73343	0.03861	0.00735	0.00735	0.01103	0.00460	0.00460
129	0.01926	0.02542	0.24318	0.05925	0.12760	0.04098	0.18700	0.05388	0.06199	0.08205	0.01683	0.01944	0.01231	0.00744	0.00779	0.00241	0.01046	0.00709	0.00450	0.01113
130	0.40720	0.17127	0.02031	0.01310	0.01822	0.13209	0.01104	0.10373	0.01768	0.02984	0.01171	0.01325	0.00937	0.00731	0.00544	0.00212	0.00792	0.00456	0.00462	0.00922
131	0.01096	0.00733	0.00829	0.00836	0.00837	0.00731	0.00469	0.01101	0.01116	0.01488	0.02456	0.07469	0.02841	0.70724	0.03754	0.00720	0.00724	0.01142	0.00469	0.00465
132	0.01711	0.01430	0.01647	0.01189	0.01856	0.01153	0.00956	0.08678	0.01783	0.02715	0.01398	0.01599	0.01141	0.00599	0.00583	0.00125	0.00591	0.00474	0.00482	0.69892
133	0.02040	0.13591	0.13498	0.01984	0.10948	0.01800	0.03832	0.09760	0.01920	0.11396	0.04587	0.02105	0.03686	0.00834	0.00781	0.00212	0.04300	0.00662	0.00515	0.11549
134	0.01771	0.19972	0.38119	0.04400	0.07897	0.07459	0.02192	0.02376	0.01636	0.02207	0.01278	0.01526	0.00993	0.00699	0.00659	0.00211	0.01021	0.00526	0.00338	0.04721
135	0.00991	0.00720	0.00928	0.01062	0.01133	0.00691	0.00718	0.01231	0.04719	0.02054	0.08616	0.61410	0.04930	0.05595	0.01090	0.00321	0.00456	0.01987	0.00705	0.00645
136	0.01115	0.00835	0.01141	0.06911	0.01627	0.00833	0.01023	0.01391	0.01656	0.02162	0.09255	0.23019	0.11260	0.05408	0.01111	0.00331	0.00603	0.28974	0.00670	0.00674
137	0.01997	0.01909	0.02986	0.09517	0.48215	0.06482	0.07484	0.05454	0.01847	0.04654	0.01482	0.01888	0.01193	0.00706	0.00760	0.00228	0.00962	0.00684	0.00411	0.01143
138	0.03215	0.01316	0.01737	0.01347	0.01914	0.01175	0.01108	0.06575	0.04156	0.60924	0.03160	0.02775	0.04992	0.00986	0.00769	0.00236	0.00641	0.00801	0.00914	0.01257
139	0.00932	0.00682	0.00876	0.01013	0.01093	0.00626	0.00689	0.01088	0.01537	0.02031	0.09310	0.59802	0.13013	0.02259	0.00954	0.00297	0.00427	0.02030	0.00714	0.00626
140	0.02385	0.01766	0.02037	0.01663	0.02179	0.01937	0.04426	0.26916	0.31204	0.10801	0.02565	0.04653	0.01917	0.01000	0.00778	0.00245	0.00720	0.00826	0.00764	0.01216
141	0.01676	0.02627	0.26161	0.06134	0.03708	0.01872	0.38604	0.02369	0.01685	0.02369	0.01443	0.01878	0.01073	0.00703	0.00901	0.00254	0.04385	0.00761	0.00358	0.01039
142	0.01538	0.03822	0.66232	0.02281	0.06415	0.01763	0.02780	0.02399	0.01607	0.02406	0.01364	0.01615	0.00972	0.00718	0.00722	0.00239	0.01110	0.00566	0.00323	0.01125
143	0.01842	0.01340	0.01600	0.01157	0.01818	0.01026	0.00931	0.02173	0.01661	0.12289	0.01590	0.01721	0.01235	0.00617	0.00591	0.00130	0.00574	0.00496	0.00521	0.66686
144	0.00931	0.00666	0.00887	0.01051	0.01102	0.00621	0.00705	0.01074	0.01486	0.01989	0.07258	0.69619	0.05120	0.02337	0.00965	0.00305	0.00436	0.02119	0.00710	0.00621
145	0.01887	0.01629	0.01715	0.01544	0.01972	0.01887	0.01201	0.04031	0.67241	0.03173	0.03087	0.02830	0.02315	0.01029	0.00772	0.00257	0.00600	0.00858	0.00772	0.01201
146	0.68969	0.01444	0.01198	0.01043	0.01528	0.01626	0.00859	0.02419	0.01405	0.11899	0.01306	0.01407	0.00958	0.00734	0.00507	0.00235	0.00594	0.00456	0.00530	0.00882
147	0.02776	0.03519	0.02158	0.01956	0.02328	0.66975	0.01475	0.02970	0.02101	0.01855	0.01164	0.01382	0.00978	0.00808	0.00772	0.00202	0.04819	0.00497	0.00388	0.00877
148	0.01103	0.00735	0.00827	0.00827	0.00827	0.00735	0.00460	0.01103	0.01103	0.01471	0.02390	0.04964	0.02758	0.73343	0.03861	0.00735	0.00735	0.01103	0.00460	0.00460
149	0.01659	0.01659	0.02323	0.01991	0.01991	0.02323	0.01659	0.01825	0.01162	0.01825	0.00996	0.01659	0.00996	0.01328	0.02489	0.00332	0.71955	0.00664	0.00332	0.00830
150	0.01798	0.01892	0.02397	0.04359	0.04296	0.10093	0.03810	0.02003	0.01325	0.01873	0.01059	0.01657	0.01006	0.01203	0.02118	0.00308	0.56954	0.00652	0.00342	0.00854
151	0.01084	0.00810	0.01207	0.01207	0.01338	0.00941	0.00933	0.01347	0.01215	0.01752	0.02043	0.03043	0.01923	0.07827	0.68236	0.01204	0.01991	0.00822	0.00408	0.00670
152	0.78701	0.01467	0.01115	0.00997	0.01467	0.01702	0.00821	0.02230	0.01291	0.03403	0.01056	0.01232	0.00821	0.00704	0.00469	0.00235	0.00587	0.00411	0.00469	0.00821
153	0.01010	0.00731	0.00954	0.00987	0.01117	0.00675	0.00707	0.01275	0.01865	0.02582	0.41471	0.31633	0.08396	0.01882	0.00923	0.00266	0.00390	0.01682	0.00780	0.00675
154	0.01917	0.01799	0.06163	0.01675	0.04155	0.01878	0.01341	0.08975	0.53651	0.03202	0.02954	0.02769	0.04073	0.01015	0.00770	0.00253	0.00657	0.00840	0.00727	0.01186
155	0.01245	0.01673	0.19103	0.01576	0.07190	0.01071	0.01381	0.01711	0.01859	0.02656	0.36495	0.10019	0.04646	0.04861	0.00989	0.00268	0.00628	0.01156	0.00633	0.00841
156	0.01730	0.02603	0.26601	0.03247	0.25180	0.01823	0.19726	0.02458	0.04642	0.02470	0.01508	0.01869	0.01154	0.00697	0.00780	0.00240	0.01067	0.00703	0.00376	0.01125
157	0.02214	0.04044	0.01725	0.01428	0.01855	0.08735	0.01126	0.03329	0.31068	0.18857	0.14224	0.03059	0.02873	0.01060	0.00772	0.00239	0.00657	0.00871	0.00768	0.01096
158	0.01102	0.00737	0.00836	0.00833	0.00842	0.00734	0.00472	0.01119	0.01153	0.01545	0.05522	0.04997	0.02967	0.69927	0.03720	0.00712	0.00717	0.01116	0.00477	0.00472
159	0.01660	0.01701	0.02994	0.11508	0.13489	0.04958	0.27640	0.02223	0.04887	0.02357	0.05183	0.08746	0.02068	0.00996	0.00858	0.00259	0.00995	0.06054	0.00470	0.00954
160	0.21751	0.05211	0.32583	0.04949	0.08093	0.04756	0.05129	0.02404	0.01580	0.05104	0.01337	0.01581	0.00991	0.00719	0.00660	0.00234	0.00950	0.00551	0.00394	0.01024
161	0.02797	0.06766	0.02231	0.01925	0.02327	0.67277	0.01458	0.02995	0.02122	0.01853	0.01167	0.01361	0.00977	0.00776	0.00675	0.00194	0.01343	0.00485	0.00388	0.00884
162	0.01650	0.09131	0.46339	0.02400	0.09491	0.01892	0.09107	0.02495	0.05964	0.02412	0.01474	0.01724	0.01095	0.00722	0.00726	0.00235	0.01056	0.00613	0.00362	0.01112
163	0.01775	0.01793	0.06081	0.07354	0.54633	0.01692	0.02201	0.02237	0.01707	0.02431	0.01626	0.02400	0.01434	0.00793	0.00767	0.00233	0.00889	0.05744	0.00400	0.03809
164	0.00924	0.00660	0.00880	0.01056	0.01100	0.00616	0.00704	0.01056	0.01452	0.01936	0.04181	0.72848	0.05017	0.02376	0.00968	0.00308	0.00440	0.02156	0.00704	0.00616
165	0.02033	0.02043	0.05959	0.12749	0.05156	0.07823	0.15169	0.17090	0.07570	0.02836	0.01721	0.02247	0.01377	0.00916	0.00983	0.00255	0.08751	0.03787	0.00502	0.01033
166	0.13965	0.02463	0.05591	0.01902	0.02482	0.18603	0.10177	0.29601	0.02549	0.03434	0.01489	0.01644	0.01110	0.00803	0.00714	0.00225	0.01001	0.00618	0.00555	0.01076
167	0.01095	0.00732	0.00830	0.00837	0.00839	0.00730	0.00470	0.01101	0.01118	0.01491	0.02468	0.07919	0.02856	0.70254	0.03735	0.00717	0.00723	0.01149	0.00470	0.00466
168	0.01102	0.00738	0.00843	0.00843	0.00848	0.00744	0.00479	0.01113	0.01108	0.01482	0.02376	0.04885	0.02724	0.70668	0.06489	0.00754	0.00787	0.01092	0.00457	0.00468
169	0.02621	0.01994	0.02128	0.01692	0.02252	0.02230	0.01378	0.49735	0.20341	0.04357	0.02155	0.02087	0.01560	0.00942	0.00762	0.00235	0.00773	0.00729	0.00762	0.01266
170	0.00992	0.00771	0.00912	0.00922	0.01121	0.00680	0.00682	0.01234	0.01796	0.02354	0.25253	0.20311	0.31501	0.01863	0.00906	0.00260	0.00406	0.04055	0.00736	0.03243
171	0.00922	0.00670	0.00870	0.01030	0.01093	0.00618	0.00692	0.01059	0.01478	0.01947	0.04504	0.66790	0.10865	0.02334	0.00962	0.00303	0.00435	0.02105	0.00704	0.00618
172	0.02883	0.02125	0.02276	0.01745	0.02352	0.02352	0.01442	0.66082	0.03566	0.04780	0.01821	0.01821	0.01290	0.00911	0.00759	0.00228	0.00835	0.00683	0.00759	0.01290
173	0.01847	0.01595	0.01677	0.01513	0.01935	0.01837	0.01176	0.03913	0.64624	0.03128	0.03271	0.03009	0.04952	0.01065	0.00777	0.00257	0.00592	0.00887	0.00769	0.01178
174	0.02833	0.03615	0.02149	0.01954	0.02345	0.70298	0.01466	0.03029	0.02149	0.01856	0.01172	0.01368	0.00977	0.00782	0.00684	0.00195	0.01368	0.00489	0.00391	0.00879
175	0.01253	0.01030	0.01314	0.01451	0.09474	0.01010	0.00953	0.01857	0.12001	0.02751	0.35279	0.05166	0.20603	0.01454	0.00859	0.00244	0.00468	0.01264	0.00737	0.00831
176	0.07084	0.01299	0.01729	0.01332	0.01913	0.01144	0.01100	0.03625	0.02128	0.65923	0.02898	0.02516	0.01826	0.00927	0.00748	0.00235	0.00643	0.00746	0.00916	0.01268
177	0.01723	0.06757	0.51447	0.02333	0.07998	0.01792	0.07729	0.02482	0.01662	0.06976	0.01478	0.01707	0.01058	0.00722	0.00729	0.00236	0.01070	0.00603	0.00372	0.01124
178	0.02796	0.06938	0.02241	0.01917	0.02326	0.65127	0.01457	0.04797	0.02161	0.01937	0.01185	0.01374	0.00986	0.00779	0.00677	0.00195	0.01326	0.00490	0.00398	0.00896
179	0.67120	0.01771	0.09114	0.01208	0.01763	0.01716	0.03311	0.02257	0.01344	0.03254	0.01108	0.01303	0.00849	0.00704	0.00513	0.00236	0.00672	0.00445	0.00449	0.00863
180	0.02692	0.01176	0.01562	0.01257	0.01721	0.01054	0.01014	0.06012	0.02204	0.46713	0.19534	0.06008	0.03309	0.01148	0.00804	0.00238	0.00574	0.00967	0.00895	0.01119
181	0.01495	0.01608	0.07538	0.01860	0.05263	0.01667	0.06597	0.01964	0.06567	0.02317	0.14022	0.05545	0.07285	0.01265	0.01477	0.00277	0.28443	0.00934	0.00506	0.03368
182	0.01103	0.00735	0.00827	0.00827	0.00827	0.00735	0.00460	0.01103	0.01103	0.01471	0.02390	0.04964	0.02758	0.73343	0.03861	0.00735	0.00735	0.01103	0.00460	0.00460
183	0.01053	0.00775	0.00985	0.00932	0.01120	0.00707	0.00699	0.01391	0.02098	0.02925	0.61118	0.05857	0.14322	0.01594	0.00895	0.00241	0.00361	0.01399	0.00820	0.00707
184	0.02883	0.02125	0.02276	0.01745	0.02352	0.02352	0.01442	0.66082	0.03566	0.04780	0.01821	0.01821	0.01290	0.00911	0.00759	0.00228	0.00835	0.00683	0.00759	0.01290
185	0.01887	0.01629	0.01715	0.01544	0.01972	0.01887	0.01201	0.04031	0.67241	0.03173	0.03087	0.02830	0.02315	0.01029	0.00772	0.00257	0.00600	0.00858	0.00772	0.01201
186	0.01064	0.00801	0.01003	0.01104	0.01282	0.00750	0.00890	0.01320	0.01698	0.02162	0.08219	0.16500	0.25648	0.04456	0.01075	0.00321	0.00545	0.29802	0.00700	0.00661
187	0.01521	0.03923	0.69413	0.02162	0.03283	0.01762	0.02802	0.02402	0.01601	0.02402	0.01361	0.01601	0.00961	0.00721	0.00721	0.00240	0.01121	0.00560	0.00320	0.01121
188	0.75922	0.01460	0.01139	0.01010	0.01484	0.01680	0.00832	0.02284	0.01323	0.05829	0.01128	0.01282	0.00860	0.00713	0.00480	0.00235	0.00589	0.00424	0.00487	0.00839
189	0.01741	0.01663	0.02832	0.25203	0.49133	0.01766	0.02260	0.02208	0.01662	0.02312	0.01403	0.01922	0.01143	0.00701	0.00753	0.00234	0.00935	0.00675	0.00364	0.01091
190	0.01725	0.01750	0.05271	0.23966	0.34209	0.01786	0.08057	0.02407	0.08697	0.02385	0.01589	0.02028	0.01251	0.00737	0.00768	0.00240	0.00945	0.00711	0.00405	0.01075
191	0.01084	0.00813	0.01219	0.01219	0.01354	0.00948	0.00948	0.01354	0.01219	0.01761	0.02032	0.02980	0.01896	0.05689	0.70337	0.01219	0.02032	0.00813	0.00406	0.00677
192	0.01573	0.01348	0.01573	0.01123	0.01798	0.01011	0.00899	0.01910	0.01573	0.02472	0.01348	0.01573	0.01123	0.00562	0.00562	0.00112	0.00562	0.00449	0.00449	0.77980
193	0.01103	0.00735	0.00827	0.00827	0.00827	0.00735	0.00460	0.01103	0.01103	0.01471	0.02390	0.04964	0.02758	0.73343	0.03861	0.00735	0.00735	0.01103	0.00460	0.00460
194	0.01084	0.00813	0.01219	0.01219	0.01354	0.00948	0.00948	0.01354	0.01219	0.01761	0.02032	0.02980	0.01896	0.05689	0.70337	0.01219	0.02032	0.00813	0.00406	0.00677
195	0.78701	0.01467	0.01115	0.00997	0.01467	0.01702	0.00821	0.02230	0.01291	0.03403	0.01056	0.01232	0.00821	0.00704	0.00469	0.00235	0.00587	0.00411	0.00469	0.00821
196	0.01074	0.00775	0.01014	0.00954	0.01133	0.00716	0.00716	0.01431	0.02147	0.03042	0.68211	0.05666	0.07157	0.01551	0.00895	0.00239	0.00358	0.01372	0.00835	0.00716
197	0.01790	0.02046	0.04476	0.03197	0.03964	0.01918	0.65857	0.02430	0.01790	0.02430	0.01535	0.02046	0.01151	0.00639	0.00895	0.00256	0.01279	0.00895	0.00384	0.01023
198	0.01318	0.00659	0.00988	0.00988	0.00988	0.00659	0.00659	0.00988	0.00988	0.01318	0.01318	0.02306	0.01318	0.02635	0.02964	0.77931	0.00659	0.00659	0.00329	0.00329
199	0.01659	0.01659	0.02323	0.01991	0.01991	0.02323	0.01659	0.01825	0.01162	0.01825	0.00996	0.01659	0.00996	0.01328	0.02489	0.00332	0.71955	0.00664	0.00332	0.00830
200	0.01573	0.01348	0.01573	0.01123	0.01798	0.01011	0.00899	0.01910	0.01573	0.02472	0.01348	0.01573	0.01123	0.00562	0.00562	0.00112	0.00562	0.00449	0.00449	0.77980
201	0.01521	0.03923	0.69413	0.02162	0.03283	0.01762	0.02802	0.02402	0.01601	0.02402	0.01361	0.01601	0.00961	0.00721	0.00721	0.00240	0.01121	0.00560	0.00320	0.01121
202	0.04731	0.00808	0.01019	0.00956	0.01149	0.00762	0.00721	0.01469	0.02107	0.03059	0.65048	0.05457	0.06858	0.01511	0.00875	0.00238	0.00369	0.01326	0.00818	0.00721
203	0.02837	0.03507	0.02159	0.01939	0.02345	0.65363	0.01464	0.07608	0.02252	0.02069	0.01220	0.01401	0.01000	0.00791	0.00689	0.00198	0.01329	0.00503	0.00418	0.00909
204	0.01415	0.01289	0.02117	0.62717	0.04724	0.01570	0.01930	0.01892	0.01519	0.01999	0.01521	0.05013	0.01228	0.00825	0.00749	0.00247	0.00940	0.00730	0.04068	0.03508
205	0.01103	0.00735	0.00827	0.00827	0.00827	0.00735	0.00460	0.01103	0.01103	0.01471	0.02390	0.04964	0.02758	0.73343	0.03861	0.00735	0.00735	0.01103	0.00460	0.00460
206	0.01777	0.02138	0.07667	0.03146	0.03931	0.01910	0.62758	0.02428	0.01781	0.02428	0.01526	0.02024	0.01142	0.00643	0.00887	0.00255	0.01271	0.00879	0.00381	0.01028
207	0.01318	0.00659	0.00988	0.00988	0.00988	0.00659	0.00659	0.00988	0.00988	0.01318	0.01318	0.02306	0.01318	0.02635	0.02964	0.77931	0.00659	0.00659	0.00329	0.00329
208	0.02267	0.32133	0.05312	0.01873	0.07799	0.21346	0.01505	0.09517	0.01924	0.02218	0.01245	0.01475	0.01061	0.00920	0.03051	0.00230	0.04222	0.00513	0.00398	0.00990
209	0.01804	0.01525	0.01965	0.22210	0.04918	0.01548	0.01422	0.13777	0.07141	0.02790	0.01575	0.01860	0.01218	0.00724	0.00678	0.00190	0.00758	0.00598	0.00496	0.32807
210	0.07143	0.05215	0.04629	0.11221	0.35366	0.04016	0.04519	0.02184	0.01589	0.02315	0.01420	0.04578	0.01250	0.00843	0.00963	0.00244	0.10391	0.00701	0.00382	0.01030
211	0.01178	0.00865	0.01263	0.03886	0.07585	0.00883	0.00985	0.01406	0.01472	0.04255	0.06302	0.35420	0.03607	0.05891	0.18893	0.00546	0.00935	0.03321	0.00588	0.00717
212	0.02585	0.05589	0.02567	0.02025	0.02522	0.33335	0.10206	0.20886	0.04678	0.02810	0.01460	0.01648	0.01137	0.00829	0.00816	0.00220	0.04540	0.00617	0.00503	0.01028
213	0.01102	0.00739	0.00847	0.00847	0.00853	0.00746	0.00484	0.01115	0.01109	0.01485	0.02372	0.04866	0.02715	0.70018	0.07128	0.00759	0.00799	0.01089	0.00457	0.00470
214	0.01573	0.01348	0.01573	0.01123	0.01798	0.01011	0.00899	0.01910	0.01573	0.02472	0.01348	0.01573	0.01123	0.00562	0.00562	0.00112	0.00562	0.00449	0.00449	0.77980
215	0.01659	0.01659	0.02323	0.01991	0.01991	0.02323	0.01659	0.01825	0.01162	0.01825	0.00996	0.01659	0.00996	0.01328	0.02489	0.00332	0.71955	0.00664	0.00332	0.00830
216	0.02908	0.02085	0.02252	0.01726	0.02332	0.02293	0.01426	0.63091	0.03499	0.07866	0.01877	0.01858	0.01318	0.00912	0.00759	0.00228	0.00826	0.00687	0.00767	0.01290
217	0.02184	0.01565	0.02005	0.10294	0.08234	0.01596	0.01380	0.20998	0.02248	0.12579	0.04956	0.02138	0.01595	0.01068	0.04086	0.00256	0.03055	0.00678	0.00603	0.18481
218	0.02200	0.10838	0.02441	0.01895	0.02136	0.31234	0.01535	0.02387	0.01625	0.01834	0.01077	0.01485	0.00985	0.01017	0.01492	0.00254	0.33781	0.00560	0.00356	0.00867
219	0.06951	0.01299	0.01730	0.01333	0.01914	0.01142	0.01101	0.03627	0.02130	0.66040	0.02901	0.02518	0.01828	0.00928	0.00749	0.00235	0.00643	0.00746	0.00917	0.01269
220	0.01163	0.00799	0.01021	0.00951	0.01158	0.00726	0.00718	0.01498	0.02100	0.06040	0.58110	0.05710	0.14009	0.01565	0.00889	0.00240	0.00374	0.01370	0.00825	0.00734
221	0.01624	0.01699	0.03222	0.30552	0.04137	0.01893	0.29221	0.02129	0.01573	0.02129	0.01368	0.01971	0.01068	0.00804	0.01111	0.00268	0.13193	0.00767	0.00356	0.00917
222	0.00986	0.00708	0.00935	0.01014	0.01114	0.00657	0.00709	0.01211	0.01739	0.02392	0.30589	0.45140	0.05899	0.02036	0.00938	0.00279	0.00406	0.01833	0.00758	0.00657
223	0.02960	0.02002	0.02200	0.01687	0.02291	0.02170	0.01394	0.56895	0.03361	0.14258	0.01994	0.01933	0.01376	0.00915	0.00759	0.00229	0.00807	0.00695	0.00785	0.01290
224	0.02749	0.02036	0.02189	0.01698	0.02276	0.02252	0.01395	0.60030	0.06528	0.04620	0.05065	0.02053	0.01620	0.00947	0.00766	0.00230	0.00801	0.00724	0.00763	0.01258
