[name]
unknown

[dist]
# distance from previous block
# <min> <max>
0	9

[block]
# block no. 0 follows, 24 sequences, length 8
# corresponding to MSA columns:
# 31-38
name=unknown_A
#
# <colnr> <probs for GDERKNQSTAVLIFYWHMCP>
#	G	D	E	R	K	N	Q	S	T	A	V	L	I	F	Y	W	H	M	C	P
0	0.01278	0.00913	0.01278	0.01460	0.01643	0.00913	0.01278	0.01643	0.01825	0.02373	0.04199	0.08945	0.04564	0.02191	0.01095	0.00365	0.00730	0.61847	0.00730	0.00730
1	0.03374	0.01606	0.08014	0.01490	0.02156	0.01229	0.01330	0.03738	0.02214	0.61650	0.02969	0.02603	0.01874	0.00960	0.00793	0.00246	0.00721	0.00778	0.00921	0.01333
2	0.02851	0.09998	0.02474	0.02155	0.07688	0.51321	0.01558	0.03091	0.02152	0.07644	0.01399	0.01568	0.01121	0.00809	0.00708	0.00207	0.01269	0.00543	0.00450	0.00993
3	0.01645	0.01064	0.01311	0.01277	0.01490	0.01071	0.00947	0.13387	0.01973	0.08193	0.03458	0.37152	0.03748	0.07740	0.01326	0.04700	0.00621	0.07358	0.00724	0.00816
4	0.01694	0.02904	0.34120	0.05436	0.14006	0.04011	0.08565	0.02513	0.06965	0.02520	0.02209	0.02440	0.07328	0.00884	0.00799	0.00252	0.01037	0.00771	0.00430	0.01115
5	0.01930	0.01848	0.03173	0.02646	0.07549	0.02158	0.22012	0.02296	0.01549	0.07020	0.01411	0.01954	0.01177	0.01075	0.01795	0.00305	0.37909	0.00781	0.00415	0.00997
6	0.04993	0.07698	0.07510	0.01442	0.02025	0.01460	0.01279	0.07653	0.04505	0.37375	0.06158	0.07806	0.04363	0.01107	0.00787	0.00246	0.00703	0.00902	0.00805	0.01183
7	0.01729	0.26078	0.37127	0.08395	0.03044	0.02197	0.02224	0.02364	0.01677	0.02291	0.04946	0.01821	0.01374	0.00781	0.00687	0.00226	0.01011	0.00591	0.00368	0.01070

[dist]
# distance from previous block
# <min> <max>
0	2

[block]
# block no. 1 follows, 24 sequences, length 8
# corresponding to MSA columns:
# 41-48
name=unknown_B
#
# <colnr> <probs for GDERKNQSTAVLIFYWHMCP>
#	G	D	E	R	K	N	Q	S	T	A	V	L	I	F	Y	W	H	M	C	P
0	0.01823	0.01612	0.02333	0.07750	0.09364	0.01481	0.09973	0.09708	0.01989	0.02872	0.06610	0.02151	0.01691	0.00754	0.00726	0.00188	0.00785	0.00684	0.00513	0.36994
1	0.01918	0.02093	0.07152	0.07462	0.35149	0.08999	0.05608	0.02511	0.06380	0.02571	0.08420	0.02384	0.01928	0.00867	0.00857	0.00244	0.03093	0.00780	0.00467	0.01116
2	0.01777	0.01808	0.02522	0.11331	0.09485	0.07227	0.06963	0.02082	0.01512	0.02106	0.01448	0.06509	0.01370	0.01150	0.01637	0.00289	0.33302	0.00792	0.00397	0.06293
3	0.12745	0.01321	0.04597	0.01572	0.08437	0.01211	0.01135	0.05755	0.02091	0.10511	0.32673	0.07782	0.04444	0.01293	0.00827	0.00250	0.00575	0.01104	0.00742	0.00935
4	0.08009	0.05452	0.03991	0.07840	0.16744	0.11021	0.01574	0.09647	0.06590	0.05777	0.06715	0.02765	0.08588	0.00996	0.00768	0.00239	0.00857	0.00809	0.00566	0.01053
5	0.01561	0.01397	0.05083	0.01387	0.01708	0.05852	0.01167	0.02084	0.08600	0.05381	0.08072	0.08925	0.07131	0.09018	0.01249	0.00339	0.00726	0.22877	0.00669	0.06775
6	0.02445	0.01891	0.02072	0.01575	0.02221	0.01919	0.01284	0.37613	0.07497	0.04006	0.01822	0.01887	0.01364	0.00830	0.00720	0.00197	0.00752	0.00639	0.00678	0.28588
7	0.18155	0.01894	0.04381	0.01534	0.02066	0.05190	0.01273	0.16704	0.22578	0.11342	0.05291	0.02362	0.01919	0.00967	0.00736	0.00250	0.00733	0.00741	0.00724	0.01161

[dist]
# distance from previous block
# <min> <max>
0	1

[block]
# block no. 2 follows, 24 sequences, length 7
# corresponding to MSA columns:
# 50-56
name=unknown_C
#
# <colnr> <probs for GDERKNQSTAVLIFYWHMCP>
#	G	D	E	R	K	N	Q	S	T	A	V	L	I	F	Y	W	H	M	C	P
0	0.04396	0.01117	0.01342	0.01286	0.04012	0.01066	0.00944	0.07129	0.04933	0.07942	0.21614	0.12830	0.16649	0.01540	0.00872	0.00255	0.00529	0.03717	0.00757	0.07069
1	0.02249	0.01669	0.01940	0.01676	0.05685	0.01686	0.01258	0.29265	0.05398	0.06897	0.06388	0.10991	0.02269	0.01100	0.00784	0.00224	0.00708	0.00912	0.00706	0.18196
2	0.02670	0.04799	0.08193	0.01507	0.02085	0.01380	0.03948	0.06235	0.05262	0.37233	0.07010	0.03097	0.04846	0.06811	0.01065	0.00288	0.00743	0.00873	0.00791	0.01164
3	0.04833	0.01655	0.04297	0.01428	0.01918	0.06827	0.01172	0.11150	0.06379	0.20977	0.14158	0.08869	0.02964	0.01160	0.00801	0.00237	0.00696	0.00957	0.00764	0.08758
4	0.06922	0.01685	0.01883	0.04963	0.02190	0.04773	0.03456	0.20517	0.10846	0.09152	0.02362	0.10186	0.01967	0.01071	0.00764	0.00237	0.00742	0.00882	0.06639	0.08763
5	0.09420	0.04158	0.02048	0.01699	0.05064	0.07023	0.04335	0.15899	0.09603	0.13930	0.07314	0.02529	0.02048	0.03597	0.00871	0.00252	0.00779	0.00770	0.03687	0.04975
6	0.09338	0.01696	0.04502	0.01644	0.02228	0.01565	0.09165	0.10675	0.01882	0.02897	0.01679	0.07413	0.01484	0.00898	0.00879	0.00209	0.07286	0.00729	0.00513	0.33318

[dist]
# distance from previous block
# <min> <max>
11	19

[block]
# block no. 3 follows, 24 sequences, length 55
# corresponding to MSA columns:
# 76-130
name=unknown_D
#
# <colnr> <probs for GDERKNQSTAVLIFYWHMCP>
#	G	D	E	R	K	N	Q	S	T	A	V	L	I	F	Y	W	H	M	C	P
0	0.01626	0.01060	0.01292	0.01248	0.01485	0.01061	0.00921	0.10620	0.06433	0.09456	0.11440	0.39768	0.04340	0.01862	0.00922	0.00285	0.00538	0.01646	0.03124	0.00874
1	0.01006	0.00827	0.00899	0.00885	0.01143	0.00699	0.00656	0.01229	0.01817	0.02282	0.14393	0.14647	0.48363	0.01932	0.00925	0.00263	0.00416	0.01641	0.00737	0.05240
2	0.01644	0.01409	0.01644	0.01175	0.01879	0.01057	0.00940	0.01997	0.01644	0.02584	0.01409	0.01644	0.01175	0.00587	0.00587	0.00117	0.00587	0.00470	0.00470	0.76979
3	0.02946	0.02123	0.02294	0.01781	0.02397	0.02341	0.01464	0.55434	0.09537	0.08331	0.02098	0.02048	0.01485	0.00965	0.00795	0.00241	0.00838	0.00736	0.00805	0.01340
4	0.01152	0.00773	0.00884	0.00884	0.00890	0.00779	0.00504	0.01165	0.01159	0.01552	0.02481	0.05094	0.02842	0.69089	0.07022	0.00792	0.00831	0.01139	0.00478	0.00491
5	0.03482	0.01471	0.01915	0.01468	0.02085	0.01346	0.01213	0.12314	0.02473	0.58998	0.02958	0.02588	0.01877	0.00977	0.00797	0.00244	0.00702	0.00786	0.00955	0.01349
6	0.02922	0.15669	0.11296	0.01620	0.02331	0.01687	0.04892	0.03320	0.02040	0.42592	0.02422	0.02253	0.01609	0.00875	0.00743	0.00233	0.00811	0.00704	0.00738	0.01246
7	0.03558	0.01350	0.01840	0.01411	0.02024	0.01166	0.01166	0.03865	0.02270	0.67734	0.03128	0.02699	0.01963	0.00981	0.00797	0.00245	0.00675	0.00797	0.00981	0.01350
8	0.02195	0.01413	0.01582	0.04364	0.01852	0.01498	0.01074	0.26782	0.02588	0.08748	0.08975	0.02936	0.04402	0.01040	0.00730	0.00223	0.00625	0.00833	0.27107	0.01033
9	0.02160	0.03014	0.35727	0.02574	0.13870	0.05453	0.06068	0.02821	0.01865	0.16214	0.01793	0.01953	0.01261	0.00792	0.00777	0.00246	0.01053	0.00668	0.00489	0.01203
10	0.00977	0.00695	0.00917	0.01090	0.01133	0.00652	0.00721	0.01107	0.01496	0.01995	0.04259	0.67641	0.05103	0.06650	0.01193	0.00349	0.00479	0.02188	0.00721	0.00634
11	0.01060	0.00923	0.04644	0.01127	0.01288	0.00750	0.00861	0.01331	0.01805	0.02494	0.28127	0.42608	0.05870	0.02059	0.00969	0.00290	0.00466	0.01849	0.00767	0.00713
12	0.02707	0.06209	0.02754	0.02137	0.06179	0.08008	0.08970	0.42366	0.03068	0.04034	0.01722	0.01848	0.01272	0.00862	0.00778	0.00229	0.00965	0.00696	0.00653	0.04543
13	0.03333	0.01353	0.01803	0.01408	0.01991	0.01208	0.01154	0.03788	0.07037	0.60089	0.05902	0.02859	0.02237	0.01016	0.00804	0.00247	0.00658	0.00833	0.00964	0.01316
14	0.01636	0.01409	0.01685	0.04983	0.02077	0.01096	0.01009	0.01998	0.01641	0.02553	0.01409	0.01670	0.01168	0.00599	0.00599	0.00126	0.00613	0.00483	0.00463	0.72782
15	0.01133	0.00850	0.01274	0.01274	0.01416	0.00991	0.00991	0.01416	0.01274	0.01841	0.02124	0.03115	0.01982	0.05947	0.68989	0.01274	0.02124	0.00850	0.00425	0.00708
16	0.03014	0.02221	0.02380	0.01825	0.02459	0.02459	0.01507	0.64541	0.03728	0.04998	0.01904	0.01904	0.01349	0.00952	0.00793	0.00238	0.00873	0.00714	0.00793	0.01349
17	0.01478	0.00739	0.00739	0.00739	0.00924	0.00739	0.00554	0.01848	0.01663	0.02956	0.02587	0.02956	0.02033	0.00924	0.00554	0.00185	0.00370	0.00739	0.76534	0.00739
18	0.00966	0.00690	0.00920	0.01104	0.01150	0.00644	0.00736	0.01104	0.01518	0.02024	0.04371	0.71614	0.05245	0.02484	0.01012	0.00322	0.00460	0.02254	0.00736	0.00644
19	0.01122	0.00811	0.01060	0.00998	0.01185	0.00748	0.00748	0.01496	0.02245	0.03180	0.66766	0.05923	0.07482	0.01621	0.00935	0.00249	0.00374	0.01434	0.00873	0.00748
20	0.01126	0.00818	0.01134	0.03865	0.01523	0.00805	0.01020	0.01388	0.01690	0.02235	0.07660	0.38968	0.04924	0.02249	0.01035	0.00334	0.00591	0.27213	0.00727	0.00695
21	0.02473	0.23031	0.06927	0.01804	0.02308	0.36737	0.01536	0.05054	0.02000	0.02075	0.01393	0.05271	0.01264	0.00896	0.00763	0.00212	0.04279	0.00602	0.00414	0.00962
22	0.02325	0.01911	0.02011	0.01768	0.02253	0.02135	0.01369	0.14037	0.53654	0.03728	0.03151	0.03022	0.02395	0.01180	0.00886	0.00300	0.00735	0.00921	0.00861	0.01359
23	0.01808	0.01745	0.02386	0.05172	0.02257	0.02373	0.01715	0.05477	0.05229	0.02167	0.01236	0.01835	0.01141	0.01318	0.02313	0.00333	0.59472	0.00708	0.00399	0.00918
24	0.01525	0.01441	0.02413	0.64996	0.07689	0.01793	0.02192	0.02037	0.01579	0.02043	0.01398	0.02093	0.01064	0.00813	0.00865	0.00266	0.03840	0.00704	0.00354	0.00895
25	0.01498	0.01409	0.02378	0.70226	0.05462	0.01762	0.02202	0.02026	0.01586	0.02026	0.01409	0.02114	0.01057	0.00793	0.00793	0.00264	0.01057	0.00705	0.00352	0.00881
26	0.01735	0.01735	0.02429	0.02082	0.02082	0.02429	0.01735	0.01908	0.01214	0.01908	0.01041	0.01735	0.01041	0.01388	0.02602	0.00347	0.70680	0.00694	0.00347	0.00867
27	0.01039	0.00807	0.00944	0.00910	0.01133	0.00713	0.00682	0.01334	0.02047	0.02711	0.40203	0.06696	0.34339	0.01796	0.00936	0.00258	0.00387	0.01542	0.00811	0.00713
28	0.02880	0.01290	0.01685	0.01347	0.01854	0.01180	0.01091	0.06676	0.05527	0.45974	0.17922	0.03421	0.03240	0.01134	0.00830	0.00247	0.00613	0.00946	0.00937	0.01204
29	0.00966	0.00690	0.00920	0.01104	0.01150	0.00644	0.00736	0.01104	0.01518	0.02024	0.04371	0.71614	0.05245	0.02484	0.01012	0.00322	0.00460	0.02254	0.00736	0.00644
30	0.02081	0.01509	0.01768	0.01292	0.01976	0.01258	0.01045	0.10561	0.02005	0.11567	0.01704	0.01819	0.01303	0.00688	0.00643	0.00150	0.00637	0.00546	0.00581	0.56867
31	0.01724	0.01407	0.01653	0.01184	0.01885	0.01062	0.00949	0.02075	0.01670	0.05301	0.01481	0.01688	0.01207	0.00604	0.00596	0.00123	0.00591	0.00483	0.00491	0.73825
32	0.01419	0.01021	0.01548	0.01540	0.04144	0.00973	0.05957	0.01796	0.01991	0.06839	0.26737	0.10597	0.05124	0.01750	0.00988	0.00300	0.00634	0.25066	0.00761	0.00817
33	0.01169	0.00888	0.01287	0.01268	0.01385	0.01043	0.00969	0.01411	0.01256	0.01807	0.02111	0.03296	0.02042	0.13878	0.57298	0.01161	0.05738	0.00879	0.00427	0.00689
34	0.00976	0.00706	0.00926	0.01098	0.01164	0.00656	0.00748	0.01127	0.01548	0.02045	0.04598	0.65174	0.09151	0.02443	0.01010	0.00320	0.00466	0.04458	0.00736	0.00649
35	0.02370	0.02434	0.02562	0.03023	0.27249	0.22898	0.01833	0.13151	0.02200	0.02702	0.01519	0.01883	0.01257	0.01291	0.07095	0.00326	0.03983	0.00659	0.00467	0.01101
36	0.01933	0.01854	0.03165	0.09038	0.63246	0.01876	0.02419	0.02408	0.01792	0.02555	0.01486	0.01972	0.01243	0.00712	0.00786	0.00237	0.00949	0.00706	0.00390	0.01232
37	0.01963	0.01884	0.03219	0.04867	0.67185	0.01884	0.02434	0.02434	0.01806	0.02591	0.01492	0.01963	0.01256	0.00707	0.00785	0.00236	0.00942	0.00707	0.00393	0.01256
38	0.01688	0.01604	0.02723	0.43434	0.30763	0.01812	0.02297	0.02193	0.01676	0.02258	0.01443	0.02052	0.01139	0.00757	0.00790	0.00252	0.01010	0.00705	0.00369	0.01035
39	0.02025	0.01729	0.01822	0.01624	0.02082	0.01997	0.01268	0.07238	0.62642	0.03401	0.03161	0.02906	0.02367	0.01070	0.00806	0.00267	0.00640	0.00887	0.00806	0.01260
40	0.74337	0.01525	0.01196	0.01060	0.01556	0.01751	0.00873	0.02401	0.01392	0.06495	0.01197	0.01353	0.00909	0.00747	0.00505	0.00245	0.00616	0.00446	0.00513	0.00881
41	0.00940	0.00794	0.00813	0.00827	0.01077	0.00667	0.00613	0.01135	0.01784	0.02133	0.07742	0.12724	0.61959	0.02046	0.00943	0.00272	0.00406	0.01720	0.00736	0.00667
42	0.01806	0.02069	0.06694	0.14750	0.10667	0.01945	0.45132	0.02441	0.01809	0.02457	0.01553	0.02098	0.01176	0.00697	0.00889	0.00263	0.01243	0.00860	0.00389	0.01061
43	0.10756	0.07377	0.50795	0.02064	0.03063	0.01864	0.05253	0.02425	0.01634	0.02582	0.01498	0.04543	0.01173	0.00816	0.00727	0.00250	0.01065	0.00643	0.00374	0.01099
44	0.01638	0.03767	0.57214	0.02445	0.03554	0.01870	0.13403	0.02516	0.01708	0.02516	0.01454	0.01754	0.01038	0.00739	0.00785	0.00254	0.01200	0.00646	0.00346	0.01154
45	0.00966	0.00690	0.00920	0.01104	0.01150	0.00644	0.00736	0.01104	0.01518	0.02024	0.04371	0.71614	0.05245	0.02484	0.01012	0.00322	0.00460	0.02254	0.00736	0.00644
46	0.02369	0.15591	0.19264	0.02103	0.02787	0.34373	0.07872	0.02806	0.01958	0.02128	0.01290	0.01532	0.01034	0.00763	0.00710	0.00216	0.01256	0.00555	0.00377	0.01014
47	0.11573	0.01467	0.01721	0.01399	0.01938	0.01470	0.01135	0.07516	0.16123	0.38376	0.02807	0.02558	0.01901	0.00969	0.00749	0.00246	0.00652	0.00768	0.05394	0.01236
48	0.01628	0.07074	0.61984	0.02274	0.03405	0.01908	0.05937	0.02507	0.01681	0.02484	0.01418	0.01679	0.01015	0.00746	0.00752	0.00248	0.01166	0.00596	0.00338	0.01160
49	0.00966	0.00690	0.00920	0.01104	0.01150	0.00644	0.00736	0.01104	0.01518	0.02024	0.04371	0.71614	0.05245	0.02484	0.01012	0.00322	0.00460	0.02254	0.00736	0.00644
50	0.00966	0.00690	0.00920	0.01104	0.01150	0.00644	0.00736	0.01104	0.01518	0.02024	0.04371	0.71614	0.05245	0.02484	0.01012	0.00322	0.00460	0.02254	0.00736	0.00644
51	0.01853	0.01772	0.03020	0.20326	0.52586	0.01855	0.02379	0.02337	0.01754	0.02457	0.01472	0.01998	0.01209	0.00727	0.00787	0.00242	0.00969	0.00706	0.00383	0.01167
52	0.01145	0.00802	0.01032	0.01032	0.01089	0.00859	0.00688	0.01260	0.01203	0.01661	0.02346	0.04345	0.02516	0.45186	0.30481	0.00975	0.01321	0.01030	0.00458	0.00573
53	0.03014	0.02221	0.02380	0.01825	0.02459	0.02459	0.01507	0.64541	0.03728	0.04998	0.01904	0.01904	0.01349	0.00952	0.00793	0.00238	0.00873	0.00714	0.00793	0.01349
54	0.02032	0.02792	0.18425	0.02632	0.03440	0.12280	0.31738	0.06546	0.01986	0.02601	0.01509	0.01870	0.01137	0.00723	0.00824	0.00241	0.01227	0.00741	0.00417	0.06839

[dist]
# distance from previous block
# <min> <max>
0	7

[block]
# block no. 4 follows, 24 sequences, length 134
# corresponding to MSA columns:
# 138-271
name=unknown_E
#
# <colnr> <probs for GDERKNQSTAVLIFYWHMCP>
#	G	D	E	R	K	N	Q	S	T	A	V	L	I	F	Y	W	H	M	C	P
0	0.02645	0.02005	0.02304	0.07095	0.07027	0.02207	0.01550	0.49924	0.03249	0.04348	0.02186	0.05879	0.03830	0.01043	0.00810	0.00245	0.00852	0.00829	0.00727	0.01245
1	0.01052	0.00726	0.00950	0.01111	0.01181	0.00692	0.00778	0.01227	0.01547	0.02105	0.04119	0.55109	0.04802	0.06310	0.01164	0.00344	0.00506	0.09681	0.05945	0.00652
2	0.02157	0.06089	0.05236	0.03296	0.32409	0.19768	0.04124	0.02603	0.04227	0.02338	0.01752	0.02075	0.04351	0.00854	0.00878	0.00235	0.05400	0.00696	0.00421	0.01092
3	0.77733	0.01534	0.01166	0.01043	0.01534	0.01779	0.00859	0.02331	0.01350	0.03558	0.01104	0.01288	0.00859	0.00736	0.00491	0.00245	0.00613	0.00429	0.00491	0.00859
4	0.01122	0.00811	0.01060	0.00998	0.01185	0.00748	0.00748	0.01496	0.02245	0.03180	0.66766	0.05923	0.07482	0.01621	0.00935	0.00249	0.00374	0.01434	0.00873	0.00748
5	0.01599	0.01361	0.01596	0.01170	0.01830	0.01029	0.00926	0.01937	0.01636	0.02546	0.01609	0.06357	0.01449	0.00715	0.00616	0.00131	0.00579	0.00590	0.00488	0.71838
6	0.00996	0.00713	0.00950	0.01104	0.01172	0.00666	0.00757	0.01171	0.01617	0.02176	0.11910	0.61442	0.05491	0.02370	0.01006	0.00315	0.00459	0.04274	0.00752	0.00660
7	0.03558	0.01350	0.01840	0.01411	0.02024	0.01166	0.01166	0.03865	0.02270	0.67734	0.03128	0.02699	0.01963	0.00981	0.00797	0.00245	0.00675	0.00797	0.00981	0.01350
8	0.01133	0.00850	0.01274	0.01274	0.01416	0.00991	0.00991	0.01416	0.01274	0.01841	0.02124	0.03115	0.01982	0.05947	0.68989	0.01274	0.02124	0.00850	0.00425	0.00708
9	0.02084	0.67950	0.08498	0.01418	0.02130	0.03050	0.01464	0.02384	0.01616	0.01910	0.01124	0.01299	0.01017	0.00684	0.00525	0.00175	0.00870	0.00435	0.00339	0.01028
10	0.06928	0.07940	0.07948	0.01935	0.02416	0.39705	0.01619	0.10457	0.02178	0.02451	0.01291	0.01523	0.01053	0.00875	0.00900	0.00227	0.08567	0.00551	0.00443	0.00992
11	0.00991	0.00837	0.00862	0.00850	0.01117	0.00724	0.00639	0.01282	0.04196	0.02274	0.12855	0.07314	0.59440	0.01941	0.00932	0.00266	0.00408	0.01625	0.00751	0.00698
12	0.01812	0.01656	0.02719	0.33627	0.29427	0.01828	0.04318	0.07064	0.01853	0.02540	0.01539	0.02076	0.01207	0.00773	0.00784	0.00247	0.00976	0.00716	0.03773	0.01066
13	0.00996	0.00793	0.00893	0.00894	0.01114	0.00690	0.00661	0.01242	0.01907	0.02440	0.25203	0.14147	0.42330	0.01945	0.00945	0.00268	0.00400	0.01666	0.00777	0.00690
14	0.01197	0.00801	0.01033	0.01039	0.01212	0.00730	0.00755	0.01469	0.01954	0.06577	0.35671	0.28345	0.12385	0.01917	0.00953	0.00276	0.00424	0.01700	0.00819	0.00741
15	0.59855	0.01678	0.05194	0.09107	0.02128	0.01793	0.01157	0.02424	0.05411	0.03306	0.01290	0.01510	0.00987	0.00765	0.00560	0.00249	0.00697	0.00499	0.00486	0.00904
16	0.01835	0.02223	0.10608	0.07281	0.03810	0.01966	0.43381	0.04571	0.01834	0.02543	0.01529	0.02022	0.01164	0.00745	0.01010	0.00262	0.06545	0.00832	0.00405	0.05433
17	0.01675	0.01658	0.02309	0.02091	0.04903	0.04520	0.03912	0.01896	0.01323	0.01957	0.01380	0.04714	0.01361	0.02030	0.12171	0.00470	0.49605	0.00781	0.00380	0.00861
18	0.77733	0.01534	0.01166	0.01043	0.01534	0.01779	0.00859	0.02331	0.01350	0.03558	0.01104	0.01288	0.00859	0.00736	0.00491	0.00245	0.00613	0.00429	0.00491	0.00859
19	0.02158	0.51390	0.03616	0.01563	0.02096	0.08749	0.01445	0.04658	0.01675	0.01996	0.01132	0.01391	0.01034	0.00827	0.00909	0.00207	0.13307	0.00490	0.00363	0.00995
20	0.00937	0.00803	0.00803	0.00803	0.01071	0.00669	0.00602	0.01138	0.01807	0.02142	0.08033	0.07632	0.66863	0.02008	0.00937	0.00268	0.00402	0.01674	0.00736	0.00669
21	0.01121	0.00819	0.01140	0.01150	0.01257	0.00907	0.00841	0.01325	0.01278	0.01789	0.02550	0.07714	0.04664	0.21435	0.47154	0.01063	0.01644	0.01032	0.00467	0.00649
22	0.02180	0.67693	0.04019	0.01406	0.02065	0.07837	0.01369	0.02431	0.01657	0.01871	0.01111	0.01283	0.01018	0.00688	0.00524	0.00172	0.00890	0.00430	0.00344	0.01011
23	0.02120	0.72609	0.04155	0.01357	0.02035	0.03138	0.01357	0.02374	0.01611	0.01866	0.01102	0.01272	0.01018	0.00678	0.00509	0.00170	0.00848	0.00424	0.00339	0.01018
24	0.02558	0.02297	0.03281	0.02441	0.03126	0.06896	0.26380	0.35724	0.02890	0.03812	0.01738	0.01964	0.01268	0.00830	0.00844	0.00247	0.01095	0.00788	0.00611	0.01208
25	0.74442	0.01564	0.01219	0.01077	0.01574	0.01809	0.00887	0.05071	0.01454	0.03621	0.01139	0.01315	0.00880	0.00746	0.00504	0.00245	0.00625	0.00442	0.00504	0.00880
26	0.01137	0.00833	0.01188	0.01188	0.01299	0.00944	0.00883	0.01360	0.01249	0.01777	0.02203	0.03554	0.02173	0.19943	0.55254	0.01168	0.01837	0.00914	0.00437	0.00660
27	0.00937	0.00803	0.00803	0.00803	0.01071	0.00669	0.00602	0.01138	0.01807	0.02142	0.08033	0.07632	0.66863	0.02008	0.00937	0.00268	0.00402	0.01674	0.00736	0.00669
28	0.01735	0.01735	0.02429	0.02082	0.02082	0.02429	0.01735	0.01908	0.01214	0.01908	0.01041	0.01735	0.01041	0.01388	0.02602	0.00347	0.70680	0.00694	0.00347	0.00867
29	0.01138	0.00811	0.01102	0.01266	0.01384	0.00789	0.00995	0.01392	0.01682	0.02219	0.06652	0.34156	0.04869	0.05925	0.01208	0.00364	0.00608	0.32031	0.00725	0.00683
30	0.02493	0.42134	0.03311	0.01661	0.02220	0.32276	0.01434	0.02725	0.01893	0.01899	0.01157	0.01342	0.01019	0.00740	0.00600	0.00185	0.01106	0.00462	0.00370	0.00974
31	0.00955	0.00804	0.00828	0.00822	0.01082	0.00677	0.00617	0.01173	0.01850	0.02242	0.13702	0.07467	0.61131	0.01971	0.00937	0.00266	0.00399	0.01650	0.00750	0.00677
32	0.01615	0.03661	0.55293	0.02397	0.03469	0.01826	0.12904	0.02467	0.01701	0.02499	0.01556	0.04206	0.01186	0.00800	0.00792	0.00256	0.01174	0.00702	0.00360	0.01137
33	0.03558	0.01350	0.01840	0.01411	0.02024	0.01166	0.01166	0.03865	0.02270	0.67734	0.03128	0.02699	0.01963	0.00981	0.00797	0.00245	0.00675	0.00797	0.00981	0.01350
34	0.02809	0.13057	0.02562	0.01822	0.02373	0.26007	0.01480	0.30514	0.06235	0.03369	0.01618	0.01701	0.01242	0.00871	0.00725	0.00218	0.01053	0.00610	0.00592	0.01143
35	0.01153	0.00769	0.00865	0.00865	0.00865	0.00769	0.00480	0.01153	0.01153	0.01538	0.02499	0.05189	0.02883	0.72131	0.04036	0.00769	0.00769	0.01153	0.00480	0.00480
36	0.01040	0.00807	0.00945	0.00911	0.01134	0.00713	0.00683	0.01336	0.02049	0.02717	0.40544	0.06686	0.33994	0.01794	0.00936	0.00258	0.00386	0.01541	0.00812	0.00713
37	0.01058	0.00796	0.00979	0.00959	0.01152	0.00717	0.00710	0.01362	0.02054	0.02788	0.44929	0.13513	0.22449	0.01814	0.00944	0.00262	0.00391	0.01585	0.00823	0.00717
38	0.01153	0.00769	0.00865	0.00865	0.00865	0.00769	0.00480	0.01153	0.01153	0.01538	0.02499	0.05189	0.02883	0.72131	0.04036	0.00769	0.00769	0.01153	0.00480	0.00480
39	0.01839	0.01976	0.04013	0.13234	0.18930	0.01943	0.41121	0.02442	0.01816	0.02479	0.01550	0.02095	0.01195	0.00695	0.00881	0.00260	0.01206	0.00850	0.00392	0.01086
40	0.01705	0.01408	0.01651	0.01182	0.01884	0.01061	0.00947	0.02056	0.01664	0.04658	0.01464	0.01678	0.01200	0.00600	0.00594	0.00122	0.00590	0.00480	0.00486	0.74572
41	0.01914	0.02036	0.05524	0.16522	0.32564	0.06510	0.12897	0.02569	0.06890	0.02484	0.01613	0.02054	0.01276	0.00755	0.00808	0.00248	0.01049	0.00743	0.00418	0.01126
42	0.01980	0.02114	0.08966	0.11828	0.48787	0.05330	0.02364	0.02479	0.01807	0.04628	0.01516	0.01950	0.01221	0.00735	0.00780	0.00239	0.00993	0.00688	0.00403	0.01191
43	0.73386	0.01526	0.01235	0.04987	0.01758	0.01778	0.00935	0.02314	0.01363	0.03471	0.01122	0.01335	0.00870	0.00739	0.00508	0.00246	0.00639	0.00445	0.00483	0.00860
44	0.01913	0.05614	0.08097	0.05565	0.03963	0.02065	0.52199	0.05736	0.01934	0.02615	0.01578	0.02057	0.01185	0.00693	0.00892	0.00260	0.01269	0.00871	0.00413	0.01081
45	0.01881	0.01783	0.02982	0.10041	0.51056	0.01829	0.04461	0.02488	0.06507	0.02581	0.01771	0.02454	0.01511	0.00825	0.00810	0.00249	0.00931	0.04215	0.00439	0.01187
46	0.00966	0.00690	0.00920	0.01104	0.01150	0.00644	0.00736	0.01104	0.01518	0.02024	0.04371	0.71614	0.05245	0.02484	0.01012	0.00322	0.00460	0.02254	0.00736	0.00644
47	0.01095	0.01002	0.05670	0.03932	0.01538	0.00821	0.01007	0.01375	0.01710	0.02327	0.16499	0.44089	0.05160	0.02094	0.00979	0.00305	0.00545	0.08411	0.00720	0.00720
48	0.77733	0.01534	0.01166	0.01043	0.01534	0.01779	0.00859	0.02331	0.01350	0.03558	0.01104	0.01288	0.00859	0.00736	0.00491	0.00245	0.00613	0.00429	0.00491	0.00859
49	0.01593	0.01397	0.02158	0.02911	0.33070	0.01391	0.01600	0.02159	0.06965	0.02907	0.30365	0.03784	0.04088	0.01138	0.00853	0.00244	0.00668	0.01042	0.00636	0.01032
50	0.01049	0.00808	0.00958	0.00921	0.01140	0.00717	0.00691	0.01354	0.02072	0.02769	0.43505	0.06600	0.31000	0.01774	0.00936	0.00257	0.00385	0.01529	0.00819	0.00717
51	0.02962	0.03779	0.02247	0.02043	0.02451	0.68948	0.01532	0.03166	0.02247	0.01941	0.01226	0.01430	0.01021	0.00817	0.00715	0.00204	0.01430	0.00511	0.00409	0.00919
52	0.01963	0.01884	0.03219	0.04867	0.67185	0.01884	0.02434	0.02434	0.01806	0.02591	0.01492	0.01963	0.01256	0.00707	0.00785	0.00236	0.00942	0.00707	0.00393	0.01256
53	0.01010	0.00747	0.00950	0.01073	0.01189	0.00687	0.00767	0.01208	0.01684	0.02211	0.12045	0.46213	0.16737	0.02270	0.00998	0.00308	0.00467	0.08017	0.00751	0.00669
54	0.66595	0.01545	0.01290	0.01116	0.01626	0.01744	0.00920	0.05243	0.01552	0.10399	0.01353	0.01464	0.00997	0.00772	0.00537	0.00245	0.00631	0.00481	0.00556	0.00932
55	0.01451	0.00969	0.01391	0.01230	0.01511	0.00886	0.05205	0.01814	0.02130	0.10526	0.43139	0.07815	0.11070	0.01584	0.00934	0.00263	0.00508	0.05919	0.00826	0.00830
56	0.15087	0.02291	0.02123	0.01713	0.02280	0.11599	0.01388	0.41696	0.07410	0.04221	0.01770	0.01810	0.01297	0.00907	0.00734	0.00237	0.00891	0.00652	0.00691	0.01203
57	0.01695	0.01668	0.02321	0.01998	0.01998	0.02314	0.01648	0.01856	0.01210	0.01883	0.01141	0.01973	0.01168	0.06264	0.02701	0.00376	0.65861	0.00726	0.00356	0.00841
58	0.01230	0.00834	0.01094	0.01016	0.01222	0.00767	0.00767	0.01601	0.02246	0.06034	0.63953	0.05781	0.07238	0.01593	0.00929	0.00249	0.00387	0.01406	0.00878	0.00775
59	0.77733	0.01534	0.01166	0.01043	0.01534	0.01779	0.00859	0.02331	0.01350	0.03558	0.01104	0.01288	0.00859	0.00736	0.00491	0.00245	0.00613	0.00429	0.00491	0.00859
60	0.01478	0.00739	0.00739	0.00739	0.00924	0.00739	0.00554	0.01848	0.01663	0.02956	0.02587	0.02956	0.02033	0.00924	0.00554	0.00185	0.00370	0.00739	0.76534	0.00739
61	0.00966	0.00690	0.00920	0.01104	0.01150	0.00644	0.00736	0.01104	0.01518	0.02024	0.04371	0.71614	0.05245	0.02484	0.01012	0.00322	0.00460	0.02254	0.00736	0.00644
62	0.01122	0.00811	0.01060	0.00998	0.01185	0.00748	0.00748	0.01496	0.02245	0.03180	0.66766	0.05923	0.07482	0.01621	0.00935	0.00249	0.00374	0.01434	0.00873	0.00748
63	0.01735	0.01735	0.02429	0.02082	0.02082	0.02429	0.01735	0.01908	0.01214	0.01908	0.01041	0.01735	0.01041	0.01388	0.02602	0.00347	0.70680	0.00694	0.00347	0.00867
64	0.68816	0.05405	0.01405	0.01110	0.01621	0.01896	0.00928	0.06367	0.01518	0.03560	0.01156	0.01327	0.00899	0.00747	0.00511	0.00241	0.00643	0.00448	0.00502	0.00899
65	0.01561	0.00819	0.00827	0.00798	0.01007	0.00832	0.00606	0.05224	0.01774	0.03066	0.02550	0.02900	0.01996	0.00925	0.00567	0.00188	0.00397	0.00738	0.72455	0.00772
66	0.01153	0.00769	0.00865	0.00865	0.00865	0.00769	0.00480	0.01153	0.01153	0.01538	0.02499	0.05189	0.02883	0.72131	0.04036	0.00769	0.00769	0.01153	0.00480	0.00480
67	0.02962	0.03779	0.02247	0.02043	0.02451	0.68948	0.01532	0.03166	0.02247	0.01941	0.01226	0.01430	0.01021	0.00817	0.00715	0.00204	0.01430	0.00511	0.00409	0.00919
68	0.03558	0.01350	0.01840	0.01411	0.02024	0.01166	0.01166	0.03865	0.02270	0.67734	0.03128	0.02699	0.01963	0.00981	0.00797	0.00245	0.00675	0.00797	0.00981	0.01350
69	0.02852	0.02065	0.02207	0.01710	0.02297	0.02277	0.01407	0.57919	0.03510	0.04782	0.01976	0.02015	0.01421	0.00949	0.00768	0.00232	0.00819	0.00717	0.08792	0.01284
70	0.00985	0.00805	0.00869	0.00853	0.01100	0.00690	0.00640	0.01230	0.01919	0.02407	0.23041	0.07195	0.51690	0.01909	0.00937	0.00263	0.00395	0.01612	0.00771	0.00690
71	0.01467	0.01208	0.01456	0.01182	0.01697	0.00958	0.00929	0.01787	0.01676	0.02505	0.05898	0.14043	0.02538	0.01116	0.00727	0.00183	0.00569	0.06956	0.00562	0.52542
72	0.01895	0.01815	0.03096	0.14387	0.58195	0.01866	0.02400	0.02374	0.01774	0.02508	0.01480	0.01985	0.01227	0.00719	0.00786	0.00240	0.00959	0.00706	0.00387	0.01201
73	0.01644	0.01409	0.01644	0.01175	0.01879	0.01057	0.00940	0.01997	0.01644	0.02584	0.01409	0.01644	0.01175	0.00587	0.00587	0.00117	0.00587	0.00470	0.00470	0.76979
74	0.02822	0.02657	0.02091	0.06524	0.02461	0.37520	0.01454	0.03152	0.04411	0.18987	0.01842	0.01966	0.01371	0.01171	0.04512	0.00286	0.04544	0.00639	0.00565	0.01026
75	0.01362	0.01293	0.06355	0.01660	0.01937	0.01135	0.11703	0.01655	0.01602	0.05552	0.03354	0.45560	0.03743	0.01888	0.01106	0.00306	0.06644	0.01709	0.00632	0.00808
76	0.01109	0.00798	0.01058	0.01080	0.01236	0.00747	0.00813	0.01431	0.02035	0.02829	0.45392	0.20408	0.06630	0.01879	0.00972	0.00280	0.00438	0.09317	0.00825	0.00724
77	0.02578	0.02043	0.02102	0.01696	0.02265	0.05959	0.01365	0.34219	0.22690	0.06303	0.02274	0.02209	0.01669	0.00950	0.00774	0.00235	0.00795	0.00739	0.00752	0.08386
78	0.01422	0.01061	0.01295	0.01212	0.01479	0.01048	0.00946	0.09261	0.05857	0.03093	0.33932	0.13187	0.07632	0.01654	0.00926	0.00268	0.00520	0.09914	0.00799	0.04494
79	0.01636	0.10037	0.62490	0.02182	0.03311	0.01954	0.02794	0.02499	0.01669	0.02455	0.01395	0.01639	0.01006	0.00747	0.00732	0.00244	0.01144	0.00572	0.00335	0.01159
80	0.02049	0.01754	0.02414	0.01976	0.02501	0.01892	0.14799	0.07196	0.40579	0.06653	0.02863	0.03119	0.02220	0.01053	0.00853	0.00272	0.00804	0.05090	0.00723	0.01190
81	0.01377	0.00689	0.01033	0.01033	0.01033	0.00689	0.00689	0.01033	0.01033	0.01377	0.01377	0.02410	0.01377	0.02755	0.03099	0.76928	0.00689	0.00689	0.00344	0.00344
82	0.01538	0.01472	0.02548	0.63631	0.07908	0.01781	0.05854	0.02073	0.01611	0.02079	0.01424	0.02109	0.01074	0.00782	0.00801	0.00263	0.01069	0.00718	0.00357	0.00907
83	0.06476	0.58682	0.06483	0.01466	0.02139	0.02839	0.04755	0.02348	0.01640	0.02086	0.04034	0.01541	0.01302	0.00726	0.00560	0.00186	0.00853	0.00503	0.00375	0.01006
84	0.03235	0.01585	0.01956	0.01523	0.02110	0.01541	0.01248	0.22760	0.02684	0.44176	0.02817	0.06491	0.01962	0.01060	0.00809	0.00248	0.00724	0.00857	0.00908	0.01308
85	0.77733	0.01534	0.01166	0.01043	0.01534	0.01779	0.00859	0.02331	0.01350	0.03558	0.01104	0.01288	0.00859	0.00736	0.00491	0.00245	0.00613	0.00429	0.00491	0.00859
86	0.01395	0.01133	0.01352	0.01122	0.01561	0.00906	0.00833	0.01648	0.01557	0.02313	0.02392	0.22589	0.02546	0.08434	0.01064	0.00244	0.00568	0.01064	0.00549	0.46730
87	0.01790	0.01512	0.02449	0.36808	0.18549	0.01684	0.04258	0.05857	0.01858	0.06014	0.06123	0.02406	0.01667	0.00852	0.00794	0.00250	0.00927	0.00771	0.04420	0.01009
88	0.00993	0.00792	0.00890	0.00893	0.01113	0.00689	0.00659	0.01237	0.01899	0.02425	0.24387	0.14476	0.42843	0.01952	0.00945	0.00269	0.00400	0.01672	0.00775	0.00689
89	0.77733	0.01534	0.01166	0.01043	0.01534	0.01779	0.00859	0.02331	0.01350	0.03558	0.01104	0.01288	0.00859	0.00736	0.00491	0.00245	0.00613	0.00429	0.00491	0.00859
90	0.16584	0.13014	0.02295	0.01511	0.02103	0.01897	0.04476	0.10622	0.10279	0.26193	0.02218	0.02119	0.01554	0.00880	0.00703	0.00236	0.00744	0.00680	0.00713	0.01179
91	0.02120	0.03132	0.37231	0.02097	0.02982	0.02040	0.04558	0.20872	0.05736	0.05656	0.01713	0.01869	0.01226	0.00865	0.00865	0.00253	0.04381	0.00666	0.00522	0.01217
92	0.00972	0.00695	0.00926	0.01100	0.01152	0.00648	0.00737	0.01120	0.01547	0.02070	0.06836	0.69019	0.05333	0.02450	0.01009	0.00319	0.00457	0.02222	0.00742	0.00648
93	0.01553	0.03914	0.64190	0.02177	0.03297	0.01775	0.02797	0.02433	0.01682	0.02490	0.01800	0.02014	0.04759	0.00825	0.00764	0.00252	0.01128	0.00648	0.00358	0.01143
94	0.01153	0.00769	0.00865	0.00865	0.00865	0.00769	0.00480	0.01153	0.01153	0.01538	0.02499	0.05189	0.02883	0.72131	0.04036	0.00769	0.00769	0.01153	0.00480	0.00480
95	0.01686	0.08896	0.50901	0.04833	0.13317	0.01945	0.02709	0.02473	0.01687	0.02458	0.01409	0.01703	0.01046	0.00742	0.00741	0.00243	0.01108	0.00596	0.00345	0.01164
96	0.01122	0.00811	0.01060	0.00998	0.01185	0.00748	0.00748	0.01496	0.02245	0.03180	0.66766	0.05923	0.07482	0.01621	0.00935	0.00249	0.00374	0.01434	0.00873	0.00748
97	0.01520	0.01145	0.01310	0.01314	0.03584	0.01232	0.00935	0.02442	0.23840	0.02649	0.09564	0.04460	0.03200	0.20408	0.01686	0.00399	0.00624	0.07357	0.11466	0.00865
98	0.02698	0.01740	0.03205	0.02346	0.03046	0.01594	0.31548	0.03238	0.04016	0.34399	0.02398	0.02438	0.01611	0.00834	0.00864	0.00257	0.00992	0.00867	0.00697	0.01212
99	0.00966	0.00690	0.00920	0.01104	0.01150	0.00644	0.00736	0.01104	0.01518	0.02024	0.04371	0.71614	0.05245	0.02484	0.01012	0.00322	0.00460	0.02254	0.00736	0.00644
100	0.02120	0.72609	0.04155	0.01357	0.02035	0.03138	0.01357	0.02374	0.01611	0.01866	0.01102	0.01272	0.01018	0.00678	0.00509	0.00170	0.00848	0.00424	0.00339	0.01018
101	0.03558	0.01350	0.01840	0.01411	0.02024	0.01166	0.01166	0.03865	0.02270	0.67734	0.03128	0.02699	0.01963	0.00981	0.00797	0.00245	0.00675	0.00797	0.00981	0.01350
102	0.02120	0.72609	0.04155	0.01357	0.02035	0.03138	0.01357	0.02374	0.01611	0.01866	0.01102	0.01272	0.01018	0.00678	0.00509	0.00170	0.00848	0.00424	0.00339	0.01018
103	0.02406	0.01499	0.01688	0.01441	0.01895	0.04394	0.01146	0.06875	0.23075	0.24846	0.13638	0.03616	0.05343	0.01189	0.00835	0.00257	0.00647	0.03204	0.00853	0.01154
104	0.02988	0.01224	0.01657	0.01325	0.01831	0.01074	0.01077	0.03297	0.02209	0.52362	0.13598	0.03548	0.02998	0.03661	0.00946	0.00269	0.00631	0.03170	0.00937	0.01197
105	0.77733	0.01534	0.01166	0.01043	0.01534	0.01779	0.00859	0.02331	0.01350	0.03558	0.01104	0.01288	0.00859	0.00736	0.00491	0.00245	0.00613	0.00429	0.00491	0.00859
106	0.01122	0.00811	0.01060	0.00998	0.01185	0.00748	0.00748	0.01496	0.02245	0.03180	0.66766	0.05923	0.07482	0.01621	0.00935	0.00249	0.00374	0.01434	0.00873	0.00748
107	0.00965	0.00695	0.00915	0.01091	0.01147	0.00645	0.00730	0.01106	0.01531	0.02030	0.04533	0.68785	0.07969	0.02463	0.01009	0.00320	0.00457	0.02229	0.00736	0.00645
108	0.00966	0.00690	0.00920	0.01104	0.01150	0.00644	0.00736	0.01104	0.01518	0.02024	0.04371	0.71614	0.05245	0.02484	0.01012	0.00322	0.00460	0.02254	0.00736	0.00644
109	0.00945	0.00804	0.00815	0.00812	0.01076	0.00673	0.00609	0.01154	0.01827	0.02188	0.10620	0.07556	0.64248	0.01991	0.00937	0.00267	0.00400	0.01663	0.00742	0.00673
110	0.01524	0.01437	0.02427	0.66462	0.09016	0.01769	0.02216	0.02050	0.01598	0.02059	0.01414	0.02105	0.01069	0.00788	0.00792	0.00263	0.01050	0.00705	0.00355	0.00903
111	0.77733	0.01534	0.01166	0.01043	0.01534	0.01779	0.00859	0.02331	0.01350	0.03558	0.01104	0.01288	0.00859	0.00736	0.00491	0.00245	0.00613	0.00429	0.00491	0.00859
112	0.01636	0.01553	0.02681	0.57416	0.05112	0.01835	0.10331	0.05760	0.01749	0.02268	0.01464	0.02105	0.01093	0.00786	0.00812	0.00263	0.01083	0.00736	0.00385	0.00933
113	0.00987	0.00705	0.00944	0.01128	0.01184	0.00662	0.00773	0.01141	0.01539	0.02048	0.04359	0.67361	0.05199	0.02464	0.01018	0.00325	0.00478	0.06298	0.00736	0.00650
114	0.12225	0.28004	0.19463	0.04809	0.04878	0.07109	0.01786	0.02379	0.01613	0.02306	0.01309	0.03475	0.01125	0.00821	0.00764	0.00226	0.05755	0.00565	0.00378	0.01010
115	0.04566	0.01732	0.02665	0.37731	0.29973	0.05430	0.02210	0.02263	0.01701	0.02305	0.01421	0.01986	0.01128	0.00757	0.00774	0.00249	0.01015	0.00685	0.00377	0.01033
116	0.02154	0.01838	0.01974	0.01839	0.05604	0.05895	0.01374	0.10352	0.42414	0.05863	0.02689	0.02627	0.02040	0.01275	0.04177	0.00312	0.04826	0.00826	0.00722	0.01201
117	0.01517	0.01388	0.02335	0.61623	0.08776	0.01695	0.02112	0.01982	0.01560	0.02014	0.01412	0.02126	0.01091	0.00923	0.00951	0.05547	0.01025	0.00704	0.00354	0.00866
118	0.01123	0.00813	0.01075	0.01017	0.01201	0.00765	0.00765	0.01491	0.02178	0.03088	0.62311	0.05730	0.07103	0.01919	0.05626	0.00320	0.00495	0.01394	0.00842	0.00745
119	0.01881	0.02435	0.12208	0.03073	0.03855	0.05225	0.50085	0.02530	0.01827	0.02471	0.01531	0.02024	0.01161	0.00728	0.01001	0.00267	0.05388	0.00858	0.00390	0.01063
120	0.01690	0.03878	0.60526	0.02297	0.03416	0.01887	0.06380	0.06151	0.01806	0.02659	0.01462	0.01714	0.01036	0.00760	0.00766	0.00251	0.01164	0.00614	0.00366	0.01176
121	0.00988	0.00705	0.00945	0.01129	0.01184	0.00663	0.00773	0.01141	0.01539	0.02048	0.04359	0.67294	0.05198	0.02464	0.01018	0.00325	0.00479	0.06362	0.00736	0.00650
122	0.01063	0.00774	0.01014	0.01127	0.01254	0.00726	0.00840	0.01305	0.01766	0.02355	0.17899	0.37923	0.11800	0.02191	0.01006	0.00310	0.00493	0.14702	0.00764	0.00687
123	0.07601	0.09531	0.02103	0.06126	0.02234	0.01469	0.01241	0.03477	0.02093	0.51893	0.02659	0.02412	0.01727	0.00919	0.00746	0.00238	0.00717	0.00727	0.00836	0.01250
124	0.01825	0.01144	0.01540	0.01415	0.01746	0.01099	0.04340	0.09129	0.02059	0.15105	0.04182	0.20687	0.12577	0.01779	0.00954	0.00299	0.00659	0.17783	0.00771	0.00909
125	0.17753	0.01523	0.04389	0.01281	0.01715	0.01506	0.01045	0.13855	0.08631	0.08015	0.08043	0.02908	0.02246	0.12810	0.01255	0.00323	0.00678	0.00801	0.05800	0.05423
126	0.06177	0.08363	0.49160	0.02146	0.03166	0.02002	0.06152	0.09009	0.01879	0.02790	0.01444	0.01676	0.01045	0.00763	0.00736	0.00245	0.01096	0.00600	0.00396	0.01156
127	0.09967	0.02158	0.02331	0.01828	0.02418	0.09210	0.07998	0.34236	0.07016	0.03867	0.02046	0.02123	0.04206	0.00916	0.00763	0.00233	0.00899	0.00726	0.00657	0.06402
128	0.11899	0.01993	0.05930	0.01808	0.05615	0.02010	0.01466	0.33561	0.08363	0.11440	0.04077	0.02383	0.01733	0.00981	0.00770	0.00248	0.00797	0.02969	0.00731	0.01224
129	0.02038	0.15435	0.35957	0.02030	0.02944	0.01992	0.08161	0.02814	0.06190	0.12437	0.01769	0.01893	0.01270	0.00789	0.00738	0.00239	0.01017	0.00645	0.00473	0.01168
130	0.02345	0.10415	0.02183	0.01539	0.02073	0.01978	0.01286	0.27356	0.12436	0.07417	0.05648	0.02909	0.02134	0.01056	0.00770	0.00235	0.00738	0.06357	0.03506	0.07620
131	0.15161	0.06942	0.12628	0.04014	0.02240	0.04208	0.01455	0.15525	0.07301	0.07086	0.07930	0.02484	0.04550	0.00967	0.00722	0.00239	0.00784	0.00742	0.03958	0.01064
132	0.04423	0.07700	0.12673	0.01457	0.01971	0.01377	0.04869	0.05456	0.02030	0.10656	0.23232	0.06101	0.10205	0.01390	0.02760	0.00276	0.00727	0.01064	0.00676	0.00955
133	0.01842	0.05913	0.09593	0.01702	0.02401	0.01574	0.10275	0.05254	0.10773	0.05026	0.05276	0.02159	0.01699	0.00776	0.00717	0.00195	0.00783	0.00680	0.00538	0.32824

[dist]
# distance from previous block
# <min> <max>
93	156

[block]
# block no. 5 follows, 24 sequences, length 7
# corresponding to MSA columns:
# 451-457
name=unknown_F
#
# <colnr> <probs for GDERKNQSTAVLIFYWHMCP>
#	G	D	E	R	K	N	Q	S	T	A	V	L	I	F	Y	W	H	M	C	P
0	0.02008	0.46880	0.09695	0.01450	0.02130	0.07563	0.01430	0.02344	0.01708	0.02110	0.05185	0.01656	0.01431	0.00741	0.00585	0.00178	0.00860	0.00514	0.00394	0.11137
1	0.02103	0.01929	0.03107	0.04462	0.58555	0.01961	0.02310	0.10714	0.02062	0.02912	0.01547	0.01955	0.01268	0.00739	0.00786	0.00236	0.00933	0.00708	0.00446	0.01268
2	0.04615	0.01532	0.01979	0.01691	0.06974	0.01379	0.04804	0.07807	0.06870	0.11531	0.02009	0.06213	0.01636	0.00843	0.00708	0.00191	0.00690	0.00720	0.00599	0.37208
3	0.07493	0.13881	0.02645	0.05810	0.14599	0.04875	0.01585	0.23552	0.02373	0.03265	0.01714	0.01917	0.03289	0.00851	0.00767	0.00222	0.03095	0.00647	0.00541	0.06879
4	0.01859	0.01779	0.03032	0.19399	0.53461	0.01857	0.02382	0.02343	0.01757	0.02465	0.01473	0.01996	0.01212	0.00726	0.00787	0.00242	0.00968	0.00706	0.00384	0.01173
5	0.01884	0.01804	0.03077	0.15892	0.56773	0.01863	0.02395	0.02365	0.01769	0.02495	0.01478	0.01988	0.01223	0.00721	0.00786	0.00240	0.00961	0.00706	0.00386	0.01193
6	0.01576	0.01490	0.02520	0.59201	0.15873	0.01782	0.02241	0.02095	0.01623	0.02121	0.01423	0.02089	0.01091	0.00778	0.00792	0.00259	0.01038	0.00705	0.00359	0.00944

[dist]
# distance from previous block
# <min> <max>
2	34

# created by:
# /st0/software/busco_prod/Augustus/scripts/msa2prfl.pl ./align_prep/88484.fa
