[name]
unknown

[dist]
# distance from previous block
# <min> <max>
0	9

[block]
# block no. 0 follows, 25 sequences, length 9
# corresponding to MSA columns:
# 9-17
name=unknown_A
#
# <colnr> <probs for GDERKNQSTAVLIFYWHMCP>
#	G	D	E	R	K	N	Q	S	T	A	V	L	I	F	Y	W	H	M	C	P
0	0.06976	0.27264	0.09465	0.01446	0.01924	0.01831	0.01421	0.02001	0.01661	0.02238	0.02515	0.04765	0.02590	0.01361	0.00788	0.00268	0.00794	0.29304	0.00519	0.00870
1	0.01538	0.27091	0.09413	0.01346	0.01770	0.01744	0.05069	0.01802	0.01470	0.01927	0.02110	0.14674	0.02231	0.19366	0.01515	0.00356	0.00785	0.00968	0.04021	0.00804
2	0.22988	0.01070	0.01016	0.00953	0.01225	0.01145	0.00718	0.07278	0.01649	0.02916	0.02558	0.09718	0.06126	0.10089	0.01040	0.00292	0.00531	0.00889	0.27037	0.00762
3	0.00982	0.00709	0.00903	0.01014	0.01094	0.00659	0.00684	0.01142	0.01574	0.02100	0.13328	0.50094	0.10858	0.09502	0.01277	0.00345	0.00464	0.01929	0.00713	0.00630
4	0.01379	0.00794	0.00910	0.00889	0.01016	0.00849	0.00651	0.01619	0.01450	0.02421	0.02298	0.03107	0.01997	0.11864	0.07365	0.05859	0.05045	0.00784	0.49040	0.00664
5	0.07771	0.17170	0.42193	0.02081	0.03032	0.02066	0.10610	0.02419	0.01625	0.02416	0.01328	0.01590	0.00999	0.00710	0.00693	0.00232	0.01062	0.00575	0.00349	0.01079
6	0.00948	0.00744	0.00831	0.00892	0.01053	0.00656	0.00621	0.01103	0.01605	0.01994	0.06075	0.29331	0.39610	0.09404	0.01253	0.00330	0.00449	0.01778	0.00694	0.00627
7	0.01031	0.00767	0.00954	0.00993	0.01150	0.00702	0.00730	0.01281	0.01830	0.02445	0.29109	0.23705	0.19991	0.05058	0.01081	0.00299	0.00441	0.06997	0.00759	0.00675
8	0.01703	0.02062	0.09114	0.02863	0.03544	0.01830	0.48937	0.02287	0.01735	0.02385	0.01814	0.09711	0.01583	0.00901	0.01016	0.00271	0.05815	0.01013	0.00419	0.00995

[dist]
# distance from previous block
# <min> <max>
0	3

[block]
# block no. 1 follows, 25 sequences, length 20
# corresponding to MSA columns:
# 21-40
name=unknown_B
#
# <colnr> <probs for GDERKNQSTAVLIFYWHMCP>
#	G	D	E	R	K	N	Q	S	T	A	V	L	I	F	Y	W	H	M	C	P
0	0.06005	0.01090	0.01396	0.01198	0.01576	0.01032	0.00948	0.04514	0.01943	0.32369	0.10065	0.10869	0.02824	0.01758	0.09027	0.00362	0.00739	0.00990	0.10293	0.01003
1	0.01440	0.00921	0.01153	0.01176	0.01340	0.00900	0.00832	0.09037	0.01788	0.08659	0.03737	0.52333	0.04199	0.07150	0.01156	0.00329	0.00540	0.01810	0.00732	0.00767
2	0.09866	0.00956	0.01165	0.01067	0.01337	0.00907	0.00806	0.01938	0.01916	0.16349	0.31351	0.15205	0.06643	0.05782	0.01034	0.00285	0.00489	0.01285	0.00787	0.00831
3	0.07928	0.01233	0.01561	0.01250	0.01753	0.01115	0.01016	0.05061	0.02147	0.46432	0.10998	0.03467	0.10325	0.01136	0.00791	0.00243	0.00596	0.00928	0.00880	0.01139
4	0.00956	0.00683	0.00909	0.01072	0.01127	0.00637	0.00721	0.01107	0.01535	0.02060	0.08807	0.67481	0.05285	0.02369	0.00984	0.00310	0.00444	0.02147	0.00729	0.00637
5	0.03085	0.01388	0.01784	0.01401	0.01945	0.01292	0.01143	0.13618	0.02415	0.49717	0.07700	0.06315	0.02385	0.01077	0.00800	0.00243	0.00659	0.00885	0.00909	0.01240
6	0.01892	0.00947	0.01253	0.01137	0.01435	0.00843	0.00864	0.02157	0.01971	0.26067	0.22281	0.23865	0.08833	0.01630	0.00888	0.00264	0.00497	0.01426	0.00844	0.00907
7	0.01027	0.00774	0.00935	0.01009	0.01138	0.00728	0.00700	0.01307	0.05091	0.02194	0.13754	0.39790	0.18749	0.07632	0.01183	0.00325	0.00458	0.01812	0.00723	0.00669
8	0.16929	0.01144	0.01273	0.01123	0.01469	0.01158	0.00879	0.08371	0.02009	0.15574	0.19574	0.12142	0.03488	0.01257	0.00754	0.00243	0.00526	0.01041	0.10138	0.00908
9	0.00990	0.00697	0.00899	0.01028	0.01074	0.00660	0.00673	0.01115	0.01465	0.01966	0.08200	0.55037	0.04839	0.15685	0.01544	0.00393	0.00501	0.01946	0.00681	0.00606
10	0.01053	0.00765	0.00882	0.00937	0.01125	0.00668	0.00670	0.01229	0.01672	0.05271	0.06134	0.34140	0.38457	0.02108	0.00940	0.00283	0.00429	0.01831	0.00732	0.00677
11	0.01028	0.00738	0.00979	0.01052	0.01165	0.00689	0.00753	0.01277	0.01814	0.02497	0.32187	0.39508	0.06059	0.02041	0.00961	0.00286	0.00427	0.05081	0.00779	0.00679
12	0.01060	0.00773	0.00999	0.00997	0.01159	0.00712	0.00737	0.01368	0.02012	0.02789	0.48717	0.18814	0.11264	0.01795	0.00935	0.00263	0.00396	0.03692	0.00813	0.00706
13	0.00996	0.00727	0.00937	0.01014	0.01129	0.00668	0.00711	0.01219	0.01764	0.02392	0.27113	0.42398	0.11889	0.02084	0.00956	0.00285	0.00414	0.01865	0.00767	0.00668
14	0.01040	0.00764	0.00981	0.01030	0.01178	0.00705	0.00761	0.01308	0.01869	0.02533	0.32953	0.27606	0.14288	0.01962	0.00955	0.00280	0.00431	0.07889	0.00779	0.00687
15	0.01264	0.00893	0.01033	0.00970	0.01237	0.00815	0.00736	0.01675	0.06746	0.07891	0.28396	0.08254	0.33805	0.01695	0.00898	0.00255	0.00423	0.01446	0.00792	0.00777
16	0.03295	0.01273	0.01734	0.01358	0.01917	0.01103	0.01109	0.03583	0.02166	0.63628	0.03147	0.07689	0.02152	0.01066	0.00795	0.00245	0.00645	0.00883	0.00942	0.01269
17	0.01696	0.01696	0.02375	0.02036	0.02036	0.02375	0.01696	0.01866	0.01187	0.01866	0.01018	0.01696	0.01018	0.01357	0.02545	0.00339	0.71332	0.00679	0.00339	0.00848
18	0.01230	0.00795	0.01016	0.01008	0.01170	0.00730	0.00720	0.01470	0.01839	0.07686	0.32135	0.24846	0.10551	0.09704	0.01262	0.00322	0.00458	0.01574	0.00770	0.00713
19	0.02219	0.01810	0.01917	0.01637	0.02127	0.02064	0.01297	0.21562	0.48598	0.03712	0.02787	0.02599	0.02068	0.01017	0.00785	0.00254	0.00682	0.00826	0.00785	0.01253

[dist]
# distance from previous block
# <min> <max>
2	5

[block]
# block no. 2 follows, 25 sequences, length 164
# corresponding to MSA columns:
# 46-209
name=unknown_C
#
# <colnr> <probs for GDERKNQSTAVLIFYWHMCP>
#	G	D	E	R	K	N	Q	S	T	A	V	L	I	F	Y	W	H	M	C	P
0	0.01399	0.00860	0.01140	0.01058	0.01287	0.00789	0.00814	0.01747	0.02144	0.11190	0.53020	0.08209	0.06378	0.01575	0.00910	0.00253	0.00427	0.05146	0.00853	0.00800
1	0.06139	0.32925	0.02889	0.01602	0.02126	0.31065	0.01355	0.06495	0.01962	0.02136	0.01454	0.01602	0.03725	0.00793	0.00616	0.00192	0.01043	0.00518	0.00411	0.00953
2	0.01216	0.01037	0.01692	0.01524	0.01756	0.00996	0.13234	0.01608	0.05651	0.02279	0.11093	0.40730	0.04313	0.05314	0.01101	0.00316	0.00641	0.04078	0.00664	0.00755
3	0.01981	0.01686	0.02141	0.11177	0.15101	0.01879	0.01592	0.14015	0.29521	0.03151	0.02567	0.02843	0.03949	0.01007	0.00798	0.00255	0.00767	0.03772	0.00646	0.01153
4	0.01462	0.01306	0.02148	0.63113	0.04849	0.01612	0.01975	0.01962	0.01559	0.02082	0.01506	0.02158	0.01139	0.00789	0.00749	0.00250	0.00959	0.00693	0.08844	0.00846
5	0.06594	0.08568	0.02507	0.01907	0.02073	0.02301	0.04036	0.02092	0.01330	0.06600	0.01190	0.01706	0.01073	0.01196	0.02034	0.00306	0.52540	0.00653	0.00392	0.00902
6	0.01771	0.03871	0.56010	0.02287	0.05956	0.11933	0.02640	0.02548	0.01726	0.02375	0.01365	0.01613	0.00995	0.00744	0.00732	0.00238	0.01174	0.00567	0.00341	0.01113
7	0.01999	0.02199	0.07196	0.04192	0.52230	0.09367	0.06658	0.02471	0.01810	0.02454	0.01433	0.01856	0.01184	0.00703	0.00768	0.00230	0.01015	0.00678	0.00383	0.01174
8	0.01580	0.07365	0.65599	0.02167	0.03290	0.01862	0.02790	0.02449	0.01634	0.02425	0.01376	0.01618	0.00983	0.00733	0.00725	0.00242	0.01131	0.00565	0.00328	0.01139
9	0.01919	0.01842	0.03147	0.04759	0.67914	0.01842	0.02380	0.02380	0.01765	0.02533	0.01458	0.01919	0.01228	0.00691	0.00768	0.00230	0.00921	0.00691	0.00384	0.01228
10	0.01333	0.01108	0.01617	0.04780	0.01793	0.01333	0.03705	0.01761	0.06399	0.02001	0.01969	0.02802	0.01784	0.06823	0.40923	0.00859	0.13259	0.00813	0.04163	0.00775
11	0.01128	0.00752	0.00846	0.00846	0.00846	0.00752	0.00470	0.01128	0.01128	0.01503	0.02443	0.05074	0.02819	0.72751	0.03946	0.00752	0.00752	0.01128	0.00470	0.00470
12	0.00972	0.00712	0.00950	0.03905	0.01281	0.00681	0.00761	0.01120	0.01486	0.01965	0.04249	0.63421	0.07857	0.05328	0.01103	0.00329	0.00484	0.02069	0.00694	0.00634
13	0.04946	0.01684	0.01757	0.01566	0.02015	0.01944	0.01224	0.07015	0.60930	0.03332	0.03012	0.02779	0.02257	0.01033	0.00776	0.00261	0.00625	0.00850	0.00776	0.01217
14	0.03101	0.01817	0.07959	0.01525	0.02159	0.06663	0.01339	0.07347	0.04196	0.48605	0.02622	0.02368	0.01707	0.00912	0.00761	0.00232	0.00769	0.00724	0.00821	0.04373
15	0.02249	0.10541	0.10833	0.01853	0.05032	0.02074	0.04145	0.16421	0.26238	0.09160	0.02270	0.02225	0.01672	0.00901	0.00748	0.00239	0.00802	0.00731	0.00656	0.01210
16	0.72508	0.01490	0.01228	0.06225	0.01786	0.01738	0.00938	0.02257	0.01337	0.03367	0.01102	0.01320	0.00854	0.00724	0.00502	0.00241	0.00632	0.00440	0.00470	0.00841
17	0.01799	0.03169	0.41634	0.02722	0.18857	0.06424	0.02465	0.02478	0.01728	0.05576	0.01614	0.05160	0.01289	0.00823	0.00756	0.00242	0.01052	0.00686	0.00395	0.01132
18	0.01853	0.02011	0.08362	0.12139	0.46683	0.05073	0.02262	0.02400	0.03996	0.02445	0.01602	0.02212	0.01350	0.00784	0.00776	0.00240	0.00957	0.03313	0.00403	0.01139
19	0.01635	0.07650	0.46277	0.09657	0.09925	0.01888	0.07531	0.02392	0.01652	0.02377	0.01391	0.01721	0.01028	0.00725	0.00743	0.00242	0.01105	0.00614	0.00340	0.01107
20	0.01819	0.04265	0.04857	0.01274	0.01771	0.01203	0.01052	0.09289	0.01884	0.10597	0.02455	0.20975	0.02359	0.01190	0.00739	0.00209	0.00613	0.01013	0.03512	0.28926
21	0.01240	0.00840	0.00937	0.00904	0.00942	0.00854	0.00532	0.05098	0.01283	0.01713	0.02407	0.04875	0.02726	0.68310	0.03750	0.00720	0.00758	0.01101	0.00489	0.00522
22	0.01656	0.01407	0.01634	0.01171	0.01858	0.01083	0.00939	0.04219	0.01681	0.02611	0.01395	0.01617	0.01155	0.00587	0.00581	0.00119	0.00584	0.00468	0.00471	0.74767
23	0.02859	0.02103	0.02255	0.01738	0.02329	0.02324	0.01425	0.62201	0.03523	0.04722	0.01890	0.02018	0.01392	0.04429	0.00930	0.00258	0.00848	0.00719	0.00761	0.01277
24	0.00942	0.00684	0.00890	0.01055	0.01118	0.00632	0.00709	0.01082	0.01508	0.01989	0.04576	0.66772	0.10406	0.02390	0.00983	0.00310	0.00445	0.02156	0.00720	0.00632
25	0.01655	0.01671	0.05113	0.04843	0.02246	0.02000	0.06663	0.04920	0.01431	0.02086	0.01525	0.02657	0.01504	0.09151	0.02220	0.00367	0.43235	0.05456	0.00407	0.00848
26	0.02045	0.66948	0.06552	0.01374	0.02046	0.02962	0.01384	0.02415	0.04741	0.01919	0.01192	0.01340	0.01061	0.00685	0.00521	0.00174	0.00831	0.00443	0.00354	0.01012
27	0.01608	0.01378	0.01608	0.01148	0.01837	0.01034	0.00919	0.01952	0.01608	0.02527	0.01378	0.01608	0.01148	0.00574	0.00574	0.00115	0.00574	0.00459	0.00459	0.77491
28	0.01718	0.01499	0.01916	0.01603	0.01799	0.01810	0.01286	0.08989	0.01547	0.02302	0.01474	0.02316	0.01416	0.13232	0.02165	0.00352	0.36477	0.00721	0.03333	0.14045
29	0.02947	0.02172	0.02327	0.01784	0.02404	0.02404	0.01474	0.65329	0.03646	0.04887	0.01862	0.01862	0.01319	0.00931	0.00776	0.00233	0.00853	0.00698	0.00776	0.01319
30	0.01343	0.01222	0.01956	0.45141	0.08991	0.01414	0.01733	0.01751	0.01584	0.02038	0.02691	0.14464	0.10190	0.01196	0.00828	0.00266	0.00846	0.01063	0.00458	0.00825
31	0.01697	0.22926	0.51058	0.01969	0.02983	0.02147	0.02444	0.02419	0.01620	0.02283	0.01306	0.01530	0.00986	0.00717	0.00671	0.00224	0.01059	0.00530	0.00329	0.01105
32	0.00945	0.00675	0.00900	0.01080	0.01125	0.00630	0.00720	0.01080	0.01484	0.01979	0.04274	0.72245	0.05128	0.02429	0.00990	0.00315	0.00450	0.02204	0.00720	0.00630
33	0.02898	0.02147	0.02299	0.01774	0.02386	0.02381	0.01462	0.62347	0.06708	0.04807	0.01925	0.01912	0.01370	0.00937	0.00776	0.00234	0.00842	0.00707	0.00776	0.01314
34	0.01097	0.00793	0.01036	0.00975	0.01158	0.00732	0.00732	0.01463	0.02195	0.03109	0.67505	0.05792	0.07316	0.01585	0.00914	0.00244	0.00366	0.01402	0.00854	0.00732
35	0.01083	0.00792	0.01017	0.00961	0.01150	0.00726	0.00720	0.01436	0.02161	0.03030	0.62833	0.05923	0.12037	0.01615	0.00915	0.00245	0.00368	0.01421	0.00843	0.00726
36	0.01031	0.00790	0.00944	0.00906	0.01118	0.00703	0.00679	0.01334	0.02038	0.02736	0.45590	0.06405	0.29463	0.01724	0.00915	0.00250	0.00376	0.01488	0.00804	0.00703
37	0.01608	0.01378	0.01608	0.01148	0.01837	0.01034	0.00919	0.01952	0.01608	0.02527	0.01378	0.01608	0.01148	0.00574	0.00574	0.00115	0.00574	0.00459	0.00459	0.77491
38	0.03290	0.01622	0.01987	0.01523	0.02130	0.01589	0.01258	0.25653	0.02726	0.45861	0.02633	0.02363	0.01706	0.00949	0.00778	0.00237	0.00729	0.00751	0.00894	0.01319
39	0.01108	0.00831	0.01246	0.01246	0.01385	0.00969	0.00969	0.01385	0.01246	0.01800	0.02077	0.03046	0.01938	0.05815	0.69678	0.01246	0.02077	0.00831	0.00415	0.00692
40	0.02896	0.03695	0.02197	0.01998	0.02397	0.69638	0.01498	0.03096	0.02197	0.01898	0.01199	0.01398	0.00999	0.00799	0.00699	0.00200	0.01398	0.00499	0.00400	0.00899
41	0.01555	0.04011	0.68733	0.02210	0.03356	0.01801	0.02865	0.02455	0.01637	0.02455	0.01391	0.01637	0.00982	0.00737	0.00737	0.00246	0.01146	0.00573	0.00327	0.01146
42	0.01569	0.03917	0.65608	0.02261	0.03390	0.01808	0.05896	0.02457	0.01646	0.02457	0.01400	0.01659	0.00992	0.00733	0.00745	0.00246	0.01154	0.00590	0.00331	0.01141
43	0.01325	0.01160	0.04224	0.04162	0.01780	0.01092	0.06015	0.08874	0.01752	0.02359	0.03377	0.48103	0.03826	0.04605	0.01099	0.00313	0.02797	0.01712	0.00649	0.00774
44	0.01464	0.01378	0.02326	0.70887	0.05340	0.01723	0.02153	0.01981	0.01550	0.01981	0.01378	0.02067	0.01034	0.00775	0.00775	0.00258	0.01034	0.00689	0.00345	0.00861
45	0.01085	0.00783	0.01056	0.01224	0.01345	0.00754	0.00959	0.01328	0.01642	0.02146	0.04416	0.38553	0.08680	0.02266	0.01023	0.00331	0.00570	0.30448	0.00717	0.00671
46	0.01608	0.01378	0.01608	0.01148	0.01837	0.01034	0.00919	0.01952	0.01608	0.02527	0.01378	0.01608	0.01148	0.00574	0.00574	0.00115	0.00574	0.00459	0.00459	0.77491
47	0.01069	0.00770	0.01011	0.00995	0.01152	0.00712	0.00729	0.01391	0.02061	0.02897	0.55612	0.18290	0.06904	0.01744	0.00929	0.00257	0.00382	0.01553	0.00828	0.00712
48	0.01249	0.00892	0.01249	0.01428	0.01606	0.00892	0.01249	0.01606	0.01785	0.02320	0.04105	0.08746	0.04462	0.02142	0.01071	0.00357	0.00714	0.62695	0.00714	0.00714
49	0.01111	0.00793	0.01090	0.01269	0.01387	0.00773	0.01008	0.01367	0.01648	0.02165	0.04182	0.37631	0.04765	0.02273	0.01034	0.00338	0.00594	0.35179	0.00717	0.00676
50	0.01972	0.45726	0.24519	0.01661	0.02457	0.07878	0.01830	0.02425	0.01644	0.02031	0.01187	0.01381	0.00991	0.00697	0.00589	0.00194	0.00975	0.00472	0.00336	0.01036
51	0.01555	0.04011	0.68733	0.02210	0.03356	0.01801	0.02865	0.02455	0.01637	0.02455	0.01391	0.01637	0.00982	0.00737	0.00737	0.00246	0.01146	0.00573	0.00327	0.01146
52	0.03368	0.01344	0.01796	0.01394	0.01982	0.01196	0.01146	0.03803	0.06796	0.63809	0.03066	0.02657	0.01951	0.00966	0.00780	0.00242	0.00656	0.00787	0.00948	0.01313
53	0.01253	0.00907	0.01243	0.01407	0.01585	0.00914	0.01207	0.01668	0.04400	0.02331	0.04080	0.13480	0.04429	0.02120	0.01053	0.00350	0.00689	0.55437	0.00717	0.00728
54	0.04930	0.19653	0.42611	0.02093	0.03053	0.02112	0.10510	0.02421	0.01635	0.02356	0.01329	0.01589	0.01004	0.00708	0.00694	0.00229	0.01071	0.00574	0.00343	0.01085
55	0.01108	0.00828	0.01230	0.01230	0.01363	0.00961	0.00949	0.01374	0.01241	0.01788	0.02091	0.03126	0.01973	0.08463	0.67077	0.01227	0.02024	0.00842	0.00418	0.00683
56	0.00945	0.00675	0.00900	0.01080	0.01125	0.00630	0.00720	0.01080	0.01484	0.01979	0.04274	0.72245	0.05128	0.02429	0.00990	0.00315	0.00450	0.02204	0.00720	0.00630
57	0.01555	0.04011	0.68733	0.02210	0.03356	0.01801	0.02865	0.02455	0.01637	0.02455	0.01391	0.01637	0.00982	0.00737	0.00737	0.00246	0.01146	0.00573	0.00327	0.01146
58	0.02559	0.02964	0.05085	0.02803	0.21986	0.38357	0.01811	0.10643	0.02228	0.02483	0.01367	0.01621	0.01107	0.00781	0.00731	0.00215	0.01178	0.00584	0.00439	0.01059
59	0.01482	0.01396	0.02358	0.68271	0.07816	0.01727	0.02162	0.01997	0.01559	0.02003	0.01381	0.02061	0.01041	0.00772	0.00775	0.00257	0.01029	0.00689	0.00346	0.00876
60	0.01795	0.02023	0.04358	0.09787	0.04176	0.01938	0.59030	0.02435	0.01803	0.02435	0.01550	0.02089	0.01163	0.00665	0.00902	0.00261	0.01281	0.00893	0.00388	0.01028
61	0.01919	0.01842	0.03147	0.04759	0.67914	0.01842	0.02380	0.02380	0.01765	0.02533	0.01458	0.01919	0.01228	0.00691	0.00768	0.00230	0.00921	0.00691	0.00384	0.01228
62	0.01781	0.02132	0.10695	0.12131	0.22914	0.01879	0.32096	0.02387	0.01755	0.02432	0.01493	0.01989	0.01153	0.00689	0.00835	0.00250	0.01142	0.00784	0.00377	0.01087
63	0.02371	0.07298	0.05649	0.02263	0.02825	0.35454	0.19930	0.05073	0.04568	0.02254	0.01658	0.01904	0.03633	0.00805	0.00765	0.00223	0.01238	0.00682	0.00431	0.00976
64	0.01901	0.01503	0.01789	0.06723	0.02210	0.01313	0.01115	0.12216	0.01960	0.06022	0.01536	0.01734	0.01204	0.00666	0.00632	0.00151	0.00659	0.00531	0.00525	0.55610
65	0.02771	0.02058	0.02216	0.01721	0.02313	0.02257	0.01410	0.57767	0.05850	0.04607	0.01992	0.04846	0.01511	0.00984	0.00777	0.00233	0.00816	0.00758	0.00761	0.04350
66	0.01128	0.00752	0.00846	0.00846	0.00846	0.00752	0.00470	0.01128	0.01128	0.01503	0.02443	0.05074	0.02819	0.72751	0.03946	0.00752	0.00752	0.01128	0.00470	0.00470
67	0.01970	0.01686	0.01777	0.01586	0.02032	0.01948	0.01237	0.06619	0.63947	0.03311	0.03103	0.02851	0.02324	0.01047	0.00788	0.00262	0.00623	0.00869	0.00788	0.01231
68	0.01108	0.00831	0.01246	0.01246	0.01385	0.00969	0.00969	0.01385	0.01246	0.01800	0.02077	0.03046	0.01938	0.05815	0.69678	0.01246	0.02077	0.00831	0.00415	0.00692
69	0.01555	0.04011	0.68733	0.02210	0.03356	0.01801	0.02865	0.02455	0.01637	0.02455	0.01391	0.01637	0.00982	0.00737	0.00737	0.00246	0.01146	0.00573	0.00327	0.01146
70	0.01097	0.00793	0.01036	0.00975	0.01158	0.00732	0.00732	0.01463	0.02195	0.03109	0.67505	0.05792	0.07316	0.01585	0.00914	0.00244	0.00366	0.01402	0.00854	0.00732
71	0.00923	0.00786	0.00795	0.00792	0.01051	0.00657	0.00594	0.01125	0.01783	0.02131	0.10024	0.07401	0.65407	0.01950	0.00916	0.00261	0.00392	0.01628	0.00725	0.00657
72	0.01062	0.00791	0.00987	0.00938	0.01137	0.00716	0.00704	0.01394	0.02111	0.02910	0.55808	0.06119	0.19137	0.01659	0.00915	0.00247	0.00371	0.01448	0.00827	0.00716
73	0.01097	0.00793	0.01036	0.00975	0.01158	0.00732	0.00732	0.01463	0.02195	0.03109	0.67505	0.05792	0.07316	0.01585	0.00914	0.00244	0.00366	0.01402	0.00854	0.00732
74	0.02124	0.68918	0.03948	0.01368	0.02015	0.07184	0.01337	0.02370	0.01614	0.01829	0.01085	0.01253	0.00995	0.00672	0.00510	0.00168	0.00864	0.00420	0.00336	0.00989
75	0.02073	0.73217	0.04063	0.01327	0.01990	0.03068	0.01327	0.02322	0.01575	0.01824	0.01078	0.01244	0.00995	0.00663	0.00498	0.00166	0.00829	0.00415	0.00332	0.00995
76	0.78228	0.01499	0.01140	0.01020	0.01499	0.01739	0.00840	0.02279	0.01320	0.03479	0.01080	0.01260	0.00840	0.00720	0.00480	0.00240	0.00600	0.00420	0.00480	0.00840
77	0.02947	0.02172	0.02327	0.01784	0.02404	0.02404	0.01474	0.65329	0.03646	0.04887	0.01862	0.01862	0.01319	0.00931	0.00776	0.00233	0.00853	0.00698	0.00776	0.01319
78	0.01856	0.01881	0.05734	0.11676	0.58639	0.01828	0.02375	0.02340	0.01737	0.02471	0.01447	0.01923	0.01197	0.00702	0.00767	0.00234	0.00942	0.00686	0.00377	0.01186
79	0.02073	0.73217	0.04063	0.01327	0.01990	0.03068	0.01327	0.02322	0.01575	0.01824	0.01078	0.01244	0.00995	0.00663	0.00498	0.00166	0.00829	0.00415	0.00332	0.00995
80	0.01879	0.01823	0.03174	0.09621	0.59277	0.01841	0.06241	0.02356	0.01753	0.02489	0.01459	0.01941	0.01210	0.00695	0.00777	0.00234	0.00953	0.00705	0.00381	0.01189
81	0.01929	0.01666	0.01753	0.01578	0.02016	0.01929	0.01227	0.04120	0.66513	0.03243	0.03156	0.02893	0.02367	0.01052	0.00789	0.00263	0.00614	0.00877	0.00789	0.01227
82	0.01970	0.01686	0.01777	0.01586	0.02032	0.01948	0.01237	0.06619	0.63947	0.03311	0.03103	0.02851	0.02324	0.01047	0.00788	0.00262	0.00623	0.00869	0.00788	0.01231
83	0.01595	0.03750	0.60364	0.02419	0.06541	0.01816	0.07875	0.02454	0.01659	0.02462	0.01409	0.01687	0.01010	0.00728	0.00753	0.00246	0.01148	0.00606	0.00335	0.01142
84	0.01098	0.00797	0.01038	0.00991	0.01176	0.00737	0.00751	0.01458	0.02160	0.03036	0.62397	0.05991	0.09270	0.01625	0.00922	0.00250	0.00383	0.04348	0.00842	0.00728
85	0.07102	0.01328	0.01767	0.01362	0.01956	0.01169	0.01125	0.03706	0.02176	0.65302	0.02963	0.02572	0.01867	0.00948	0.00765	0.00240	0.00657	0.00762	0.00936	0.01296
86	0.01059	0.00757	0.00993	0.01143	0.01224	0.00729	0.00811	0.03184	0.01582	0.02102	0.04101	0.58145	0.04820	0.05122	0.01112	0.00336	0.00513	0.10901	0.00711	0.00657
87	0.17637	0.04926	0.05021	0.25273	0.08564	0.07168	0.16147	0.02306	0.01637	0.02451	0.01339	0.01792	0.01035	0.00725	0.00726	0.00244	0.01021	0.00654	0.00390	0.00945
88	0.01108	0.00831	0.01246	0.01246	0.01385	0.00969	0.00969	0.01385	0.01246	0.01800	0.02077	0.03046	0.01938	0.05815	0.69678	0.01246	0.02077	0.00831	0.00415	0.00692
89	0.01970	0.01686	0.01777	0.01586	0.02032	0.01948	0.01237	0.06616	0.63950	0.03310	0.03103	0.02851	0.02324	0.01047	0.00788	0.00262	0.00623	0.00869	0.00788	0.01231
90	0.01713	0.04376	0.05416	0.37602	0.29404	0.03976	0.02219	0.02203	0.01659	0.02207	0.01393	0.01941	0.01105	0.00737	0.00758	0.00242	0.00998	0.00669	0.00360	0.01022
91	0.01834	0.01976	0.09067	0.07172	0.56072	0.01787	0.02360	0.02332	0.01745	0.02492	0.01578	0.02232	0.01355	0.00769	0.00780	0.00239	0.00937	0.03700	0.00393	0.01180
92	0.01134	0.00822	0.01205	0.01205	0.01347	0.00950	0.00936	0.01418	0.01276	0.01885	0.02112	0.03034	0.01942	0.05430	0.64264	0.01163	0.01942	0.00822	0.06418	0.00695
93	0.60601	0.01657	0.01418	0.01199	0.01711	0.01895	0.00988	0.17042	0.01864	0.03808	0.01263	0.01401	0.00952	0.00769	0.00549	0.00238	0.00659	0.00485	0.00549	0.00952
94	0.03117	0.04973	0.04727	0.01424	0.02048	0.01344	0.01225	0.06066	0.05316	0.52606	0.02745	0.02446	0.01785	0.00915	0.00752	0.00230	0.00689	0.00735	0.00856	0.06002
95	0.02113	0.58006	0.06986	0.01618	0.04819	0.02858	0.03737	0.08083	0.01784	0.02186	0.01197	0.01376	0.01040	0.00692	0.00560	0.00182	0.00867	0.00477	0.00376	0.01043
96	0.01919	0.01842	0.03147	0.04759	0.67914	0.01842	0.02380	0.02380	0.01765	0.02533	0.01458	0.01919	0.01228	0.00691	0.00768	0.00230	0.00921	0.00691	0.00384	0.01228
97	0.01097	0.00791	0.01038	0.00993	0.01171	0.00733	0.00747	0.01454	0.02156	0.03043	0.63196	0.08323	0.07146	0.01634	0.00922	0.00250	0.00380	0.03355	0.00844	0.00727
98	0.01464	0.01378	0.02326	0.70887	0.05340	0.01723	0.02153	0.01981	0.01550	0.01981	0.01378	0.02067	0.01034	0.00775	0.00775	0.00258	0.01034	0.00689	0.00345	0.00861
99	0.01097	0.00793	0.01036	0.00975	0.01158	0.00732	0.00732	0.01463	0.02195	0.03109	0.67505	0.05792	0.07316	0.01585	0.00914	0.00244	0.00366	0.01402	0.00854	0.00732
100	0.00964	0.00688	0.00921	0.01101	0.01154	0.00646	0.00753	0.01112	0.01503	0.02000	0.04263	0.68318	0.05087	0.02411	0.00995	0.00317	0.00466	0.05945	0.00719	0.00635
101	0.01929	0.01666	0.01753	0.01578	0.02016	0.01929	0.01227	0.04120	0.66513	0.03243	0.03156	0.02893	0.02367	0.01052	0.00789	0.00263	0.00614	0.00877	0.00789	0.01227
102	0.00945	0.00675	0.00900	0.01080	0.01125	0.00630	0.00720	0.01080	0.01484	0.01979	0.04274	0.72245	0.05128	0.02429	0.00990	0.00315	0.00450	0.02204	0.00720	0.00630
103	0.01216	0.00943	0.01291	0.01231	0.03529	0.00907	0.03166	0.01739	0.07205	0.03078	0.57892	0.05303	0.06505	0.01480	0.00900	0.00246	0.00438	0.01320	0.00816	0.00798
104	0.01927	0.01978	0.05190	0.06936	0.58507	0.04605	0.04722	0.02400	0.01774	0.02483	0.01447	0.01901	0.01202	0.00698	0.00770	0.00232	0.00966	0.00688	0.00382	0.01192
105	0.02896	0.03695	0.02197	0.01998	0.02397	0.69638	0.01498	0.03096	0.02197	0.01898	0.01199	0.01398	0.00999	0.00799	0.00699	0.00200	0.01398	0.00499	0.00400	0.00899
106	0.01474	0.01392	0.02328	0.67961	0.05200	0.01750	0.02134	0.01976	0.01535	0.01976	0.01363	0.02051	0.01033	0.00800	0.00850	0.00262	0.04021	0.00689	0.00344	0.00861
107	0.78228	0.01499	0.01140	0.01020	0.01499	0.01739	0.00840	0.02279	0.01320	0.03479	0.01080	0.01260	0.00840	0.00720	0.00480	0.00240	0.00600	0.00420	0.00480	0.00840
108	0.01919	0.01842	0.03147	0.04759	0.67914	0.01842	0.02380	0.02380	0.01765	0.02533	0.01458	0.01919	0.01228	0.00691	0.00768	0.00230	0.00921	0.00691	0.00384	0.01228
109	0.78228	0.01499	0.01140	0.01020	0.01499	0.01739	0.00840	0.02279	0.01320	0.03479	0.01080	0.01260	0.00840	0.00720	0.00480	0.00240	0.00600	0.00420	0.00480	0.00840
110	0.78228	0.01499	0.01140	0.01020	0.01499	0.01739	0.00840	0.02279	0.01320	0.03479	0.01080	0.01260	0.00840	0.00720	0.00480	0.00240	0.00600	0.00420	0.00480	0.00840
111	0.03479	0.01320	0.01799	0.01380	0.01979	0.01140	0.01140	0.03779	0.02219	0.68451	0.03059	0.02639	0.01919	0.00960	0.00780	0.00240	0.00660	0.00780	0.00960	0.01320
112	0.01097	0.00793	0.01036	0.00975	0.01158	0.00732	0.00732	0.01463	0.02195	0.03109	0.67505	0.05792	0.07316	0.01585	0.00914	0.00244	0.00366	0.01402	0.00854	0.00732
113	0.01454	0.01349	0.02257	0.62423	0.07529	0.01649	0.02069	0.01948	0.01568	0.02020	0.01615	0.04821	0.01350	0.00896	0.00797	0.00264	0.00993	0.03762	0.00377	0.00861
114	0.01235	0.00882	0.01233	0.01411	0.01583	0.00880	0.01224	0.01581	0.01771	0.02304	0.04113	0.11790	0.04494	0.02156	0.01067	0.00355	0.00701	0.59796	0.00714	0.00710
115	0.78228	0.01499	0.01140	0.01020	0.01499	0.01739	0.00840	0.02279	0.01320	0.03479	0.01080	0.01260	0.00840	0.00720	0.00480	0.00240	0.00600	0.00420	0.00480	0.00840
116	0.01924	0.01539	0.01669	0.01493	0.01910	0.01735	0.01162	0.03778	0.54767	0.07259	0.10924	0.03227	0.02937	0.01111	0.00804	0.00259	0.00587	0.00934	0.00807	0.01173
117	0.00973	0.00695	0.00933	0.01112	0.01170	0.00655	0.00770	0.01129	0.01513	0.02011	0.04258	0.66257	0.05065	0.02402	0.00997	0.00319	0.00475	0.07908	0.00719	0.00638
118	0.02687	0.01987	0.02164	0.05027	0.02400	0.02193	0.01413	0.55620	0.03343	0.04489	0.02237	0.02261	0.05431	0.00986	0.00775	0.00234	0.00813	0.00757	0.03954	0.01230
119	0.02573	0.01834	0.01952	0.01545	0.02061	0.02018	0.01260	0.48633	0.06256	0.04376	0.02069	0.02134	0.01514	0.00931	0.00726	0.00223	0.00735	0.00712	0.17263	0.01185
120	0.01464	0.01378	0.02326	0.70887	0.05340	0.01723	0.02153	0.01981	0.01550	0.01981	0.01378	0.02067	0.01034	0.00775	0.00775	0.00258	0.01034	0.00689	0.00345	0.00861
121	0.78228	0.01499	0.01140	0.01020	0.01499	0.01739	0.00840	0.02279	0.01320	0.03479	0.01080	0.01260	0.00840	0.00720	0.00480	0.00240	0.00600	0.00420	0.00480	0.00840
122	0.01758	0.01847	0.07935	0.29811	0.36175	0.01816	0.02294	0.04802	0.01750	0.02411	0.01439	0.01951	0.01138	0.00737	0.00768	0.00242	0.00979	0.00681	0.00380	0.01085
123	0.01060	0.00811	0.00953	0.01070	0.01134	0.03267	0.00713	0.01198	0.01522	0.02006	0.09560	0.53496	0.04821	0.12868	0.01417	0.00370	0.00524	0.01906	0.00682	0.00625
124	0.00925	0.00786	0.00797	0.00795	0.01053	0.00658	0.00596	0.01130	0.01788	0.02143	0.10714	0.07382	0.64710	0.01946	0.00916	0.00261	0.00391	0.01625	0.00726	0.00658
125	0.00945	0.00675	0.00900	0.01080	0.01125	0.00630	0.00720	0.01080	0.01484	0.01979	0.04274	0.72245	0.05128	0.02429	0.00990	0.00315	0.00450	0.02204	0.00720	0.00630
126	0.01249	0.00892	0.01249	0.01428	0.01606	0.00892	0.01249	0.01606	0.01785	0.02320	0.04105	0.08746	0.04462	0.02142	0.01071	0.00357	0.00714	0.62695	0.00714	0.00714
127	0.03479	0.01320	0.01799	0.01380	0.01979	0.01140	0.01140	0.03779	0.02219	0.68451	0.03059	0.02639	0.01919	0.00960	0.00780	0.00240	0.00660	0.00780	0.00960	0.01320
128	0.02073	0.73217	0.04063	0.01327	0.01990	0.03068	0.01327	0.02322	0.01575	0.01824	0.01078	0.01244	0.00995	0.00663	0.00498	0.00166	0.00829	0.00415	0.00332	0.00995
129	0.03479	0.01320	0.01799	0.01380	0.01979	0.01140	0.01140	0.03779	0.02219	0.68451	0.03059	0.02639	0.01919	0.00960	0.00780	0.00240	0.00660	0.00780	0.00960	0.01320
130	0.02073	0.73217	0.04063	0.01327	0.01990	0.03068	0.01327	0.02322	0.01575	0.01824	0.01078	0.01244	0.00995	0.00663	0.00498	0.00166	0.00829	0.00415	0.00332	0.00995
131	0.78228	0.01499	0.01140	0.01020	0.01499	0.01739	0.00840	0.02279	0.01320	0.03479	0.01080	0.01260	0.00840	0.00720	0.00480	0.00240	0.00600	0.00420	0.00480	0.00840
132	0.03479	0.01320	0.01799	0.01380	0.01979	0.01140	0.01140	0.03779	0.02219	0.68451	0.03059	0.02639	0.01919	0.00960	0.00780	0.00240	0.00660	0.00780	0.00960	0.01320
133	0.01929	0.01666	0.01753	0.01578	0.02016	0.01929	0.01227	0.04120	0.66513	0.03243	0.03156	0.02893	0.02367	0.01052	0.00789	0.00263	0.00614	0.00877	0.00789	0.01227
134	0.01919	0.01842	0.03147	0.04759	0.67914	0.01842	0.02380	0.02380	0.01765	0.02533	0.01458	0.01919	0.01228	0.00691	0.00768	0.00230	0.00921	0.00691	0.00384	0.01228
135	0.01128	0.00752	0.00846	0.00846	0.00846	0.00752	0.00470	0.01128	0.01128	0.01503	0.02443	0.05074	0.02819	0.72751	0.03946	0.00752	0.00752	0.01128	0.00470	0.00470
136	0.05253	0.01794	0.07011	0.01499	0.02099	0.01645	0.01310	0.27107	0.02596	0.25605	0.02257	0.02195	0.01550	0.00898	0.00727	0.00224	0.00730	0.00698	0.09873	0.04929
137	0.02073	0.73217	0.04063	0.01327	0.01990	0.03068	0.01327	0.02322	0.01575	0.01824	0.01078	0.01244	0.00995	0.00663	0.00498	0.00166	0.00829	0.00415	0.00332	0.00995
138	0.00960	0.00762	0.00855	0.00883	0.01077	0.00665	0.00638	0.01166	0.01759	0.02224	0.17037	0.21132	0.41860	0.04167	0.01025	0.00285	0.00412	0.01704	0.00735	0.00657
139	0.01607	0.10911	0.62285	0.02122	0.03220	0.01927	0.02711	0.02442	0.01631	0.02393	0.01360	0.01598	0.00983	0.00729	0.00713	0.00238	0.01114	0.00557	0.00328	0.01131
140	0.01919	0.01842	0.03147	0.04759	0.67914	0.01842	0.02380	0.02380	0.01765	0.02533	0.01458	0.01919	0.01228	0.00691	0.00768	0.00230	0.00921	0.00691	0.00384	0.01228
141	0.01240	0.00821	0.01079	0.01004	0.01208	0.00754	0.00756	0.01594	0.02173	0.07113	0.61468	0.07754	0.06911	0.01574	0.00909	0.00246	0.00387	0.01390	0.00856	0.00765
142	0.01555	0.04011	0.68733	0.02210	0.03356	0.01801	0.02865	0.02455	0.01637	0.02455	0.01391	0.01637	0.00982	0.00737	0.00737	0.00246	0.01146	0.00573	0.00327	0.01146
143	0.05201	0.01575	0.06871	0.01468	0.02080	0.01303	0.01292	0.07352	0.04719	0.52002	0.02857	0.02779	0.01920	0.00995	0.00782	0.00246	0.00708	0.03720	0.00869	0.01260
144	0.61161	0.01525	0.01331	0.01133	0.01642	0.01702	0.00934	0.07441	0.01636	0.13299	0.01437	0.01513	0.01039	0.00772	0.00548	0.00239	0.00629	0.00495	0.00575	0.00949
145	0.00945	0.00675	0.00900	0.01080	0.01125	0.00630	0.00720	0.01080	0.01484	0.01979	0.04274	0.72245	0.05128	0.02429	0.00990	0.00315	0.00450	0.02204	0.00720	0.00630
146	0.01955	0.02448	0.12580	0.10407	0.26879	0.13359	0.11329	0.02448	0.01765	0.02301	0.01380	0.01814	0.01111	0.00767	0.00902	0.00243	0.06197	0.00673	0.00372	0.01068
147	0.05300	0.48750	0.05916	0.01473	0.02079	0.12776	0.01378	0.07176	0.01814	0.02166	0.01302	0.04311	0.01187	0.00783	0.00578	0.00188	0.00903	0.00530	0.00398	0.00989
148	0.00953	0.00723	0.00880	0.00976	0.01104	0.00649	0.00680	0.01134	0.01654	0.02145	0.12629	0.44450	0.24845	0.02187	0.00958	0.00290	0.00422	0.01935	0.00735	0.00649
149	0.02753	0.10334	0.02470	0.01927	0.04890	0.28938	0.01493	0.29150	0.05309	0.03223	0.01553	0.01657	0.01197	0.00846	0.00716	0.00214	0.01059	0.00596	0.00565	0.01111
150	0.01832	0.01631	0.06787	0.03579	0.02117	0.01265	0.01177	0.04569	0.08623	0.08038	0.01722	0.01854	0.01330	0.00688	0.00640	0.00159	0.00653	0.00554	0.00532	0.52248
151	0.15305	0.01830	0.02675	0.05941	0.49076	0.04388	0.02021	0.02450	0.04416	0.02687	0.01451	0.01829	0.01193	0.00718	0.00716	0.00233	0.00874	0.00644	0.00417	0.01136
152	0.01657	0.01407	0.01634	0.01172	0.01858	0.01084	0.00939	0.04278	0.01683	0.02613	0.01396	0.01617	0.01155	0.00587	0.00582	0.00119	0.00584	0.00468	0.00471	0.74696
153	0.01733	0.32311	0.36750	0.01749	0.02620	0.02240	0.02063	0.02323	0.01655	0.02246	0.06440	0.01800	0.01484	0.00773	0.00652	0.00213	0.00954	0.00573	0.00370	0.01051
154	0.02900	0.03576	0.02207	0.01981	0.02398	0.64372	0.01496	0.07970	0.02311	0.02132	0.01250	0.01435	0.01024	0.00809	0.00705	0.00202	0.01356	0.00515	0.00429	0.00932
155	0.01197	0.00851	0.01169	0.01333	0.01479	0.00845	0.01114	0.01495	0.01691	0.02209	0.03999	0.17376	0.04427	0.07712	0.01285	0.00382	0.00680	0.49379	0.00696	0.00683
156	0.05794	0.01392	0.01820	0.01400	0.01997	0.01258	0.01156	0.08552	0.02303	0.61424	0.02903	0.02535	0.01838	0.00950	0.00770	0.00239	0.00673	0.00762	0.00930	0.01304
157	0.00959	0.00832	0.00906	0.06276	0.01384	0.00738	0.00712	0.01181	0.01750	0.02086	0.07347	0.07039	0.62386	0.01871	0.00905	0.00262	0.00443	0.01562	0.00691	0.00671
158	0.02710	0.01795	0.01995	0.01583	0.02110	0.01924	0.01285	0.45514	0.03079	0.13549	0.02340	0.09781	0.01865	0.01098	0.00785	0.00240	0.00751	0.00877	0.05513	0.01206
159	0.01483	0.00797	0.00803	0.00790	0.00990	0.00817	0.00596	0.01988	0.06708	0.02918	0.02578	0.02891	0.02017	0.00915	0.00561	0.00187	0.00381	0.00735	0.71082	0.00762
160	0.72374	0.01485	0.01191	0.01048	0.01537	0.01692	0.00863	0.02397	0.01390	0.08567	0.01235	0.01368	0.00924	0.00739	0.00503	0.00240	0.00604	0.00448	0.00517	0.00877
161	0.02803	0.02064	0.02226	0.01721	0.02307	0.02273	0.01416	0.60327	0.03532	0.04747	0.07003	0.02169	0.01788	0.00982	0.00787	0.00234	0.00815	0.00753	0.00782	0.01273
162	0.01493	0.01434	0.02502	0.65591	0.05239	0.01741	0.07083	0.02020	0.01572	0.02020	0.01393	0.02069	0.01045	0.00766	0.00786	0.00259	0.01055	0.00707	0.00348	0.00876
163	0.03293	0.01281	0.01756	0.01369	0.01933	0.01126	0.01126	0.03591	0.02143	0.63231	0.02982	0.02671	0.01921	0.01340	0.06176	0.00319	0.00771	0.00784	0.00917	0.01270

[dist]
# distance from previous block
# <min> <max>
0	1

[block]
# block no. 3 follows, 25 sequences, length 124
# corresponding to MSA columns:
# 211-334
name=unknown_D
#
# <colnr> <probs for GDERKNQSTAVLIFYWHMCP>
#	G	D	E	R	K	N	Q	S	T	A	V	L	I	F	Y	W	H	M	C	P
0	0.00942	0.00684	0.00890	0.01055	0.01118	0.00632	0.00709	0.01082	0.01508	0.01989	0.04574	0.66815	0.10364	0.02390	0.00984	0.00310	0.00445	0.02157	0.00720	0.00632
1	0.01681	0.03892	0.60084	0.02243	0.03309	0.07494	0.05730	0.02511	0.01693	0.02410	0.01384	0.01639	0.00993	0.00738	0.00742	0.00242	0.01175	0.00583	0.00337	0.01120
2	0.01804	0.04858	0.06224	0.03809	0.41196	0.01820	0.17475	0.02300	0.01768	0.02452	0.02003	0.02385	0.06758	0.00789	0.00803	0.00239	0.00977	0.00808	0.00409	0.01122
3	0.01765	0.22006	0.40996	0.01983	0.02912	0.02083	0.07523	0.02428	0.01681	0.04668	0.04113	0.01778	0.01297	0.00753	0.00697	0.00225	0.01026	0.00601	0.00378	0.01086
4	0.03012	0.02190	0.02248	0.01750	0.02349	0.07876	0.01433	0.52171	0.03340	0.12837	0.01960	0.01923	0.01369	0.00923	0.00770	0.00231	0.00874	0.00692	0.00768	0.01284
5	0.01246	0.00908	0.01136	0.01036	0.01259	0.00869	0.00789	0.06804	0.02301	0.03222	0.59879	0.05522	0.08960	0.01544	0.00903	0.00244	0.00408	0.01352	0.00842	0.00778
6	0.03192	0.01282	0.01722	0.01364	0.01909	0.01135	0.01109	0.03569	0.05236	0.59757	0.03165	0.08485	0.02210	0.01087	0.00798	0.00247	0.00640	0.00904	0.00931	0.01257
7	0.01796	0.02020	0.04356	0.03241	0.06742	0.01899	0.59599	0.02419	0.01813	0.02464	0.01679	0.05065	0.01347	0.00731	0.00912	0.00262	0.01254	0.00960	0.00406	0.01036
8	0.01963	0.01712	0.02586	0.65379	0.05379	0.01952	0.02258	0.02296	0.01846	0.02437	0.01874	0.02723	0.01517	0.01107	0.00980	0.00348	0.01167	0.00840	0.00522	0.01114
9	0.02780	0.02046	0.02207	0.01725	0.02297	0.02256	0.01411	0.59944	0.03464	0.04643	0.02064	0.07761	0.01638	0.01056	0.00794	0.00240	0.00819	0.00824	0.00771	0.01261
10	0.01110	0.00804	0.01043	0.01114	0.01243	0.00779	0.00826	0.01440	0.04518	0.02432	0.24926	0.29716	0.05416	0.07820	0.01215	0.00333	0.00504	0.13324	0.00745	0.00692
11	0.01655	0.01139	0.01230	0.01208	0.01261	0.01062	0.00716	0.01514	0.01459	0.01999	0.02850	0.05478	0.03152	0.67050	0.03885	0.00799	0.00909	0.01242	0.00637	0.00755
12	0.01584	0.01572	0.02315	0.65113	0.05094	0.07415	0.02098	0.02075	0.01605	0.01974	0.01363	0.02011	0.01031	0.00777	0.00769	0.00253	0.01064	0.00673	0.00349	0.00864
13	0.02105	0.01828	0.01848	0.01624	0.02084	0.05232	0.01272	0.11898	0.55394	0.03389	0.02897	0.02689	0.02167	0.01024	0.00783	0.00256	0.00682	0.00836	0.00769	0.01223
14	0.01101	0.00750	0.00864	0.00874	0.00903	0.00736	0.00517	0.01151	0.01270	0.01699	0.08159	0.10857	0.05924	0.58227	0.03330	0.00654	0.00681	0.01260	0.00532	0.00512
15	0.00957	0.00685	0.00911	0.01071	0.01127	0.00638	0.00721	0.01112	0.01544	0.02074	0.09573	0.66675	0.05312	0.02358	0.00983	0.00309	0.00443	0.02137	0.00731	0.00638
16	0.01239	0.00881	0.01216	0.01379	0.01543	0.00881	0.01184	0.01566	0.01730	0.02252	0.03966	0.08438	0.04325	0.08060	0.01312	0.00390	0.00717	0.57535	0.00694	0.00694
17	0.01132	0.00857	0.01240	0.01230	0.01342	0.00998	0.00936	0.01366	0.01238	0.01775	0.02151	0.05798	0.02117	0.13410	0.56114	0.01109	0.05176	0.00910	0.00430	0.00671
18	0.71792	0.01434	0.01105	0.00995	0.01450	0.01654	0.00815	0.02240	0.01345	0.03429	0.01201	0.01396	0.00936	0.00735	0.00485	0.00235	0.00580	0.00445	0.06898	0.00830
19	0.01112	0.00745	0.00850	0.00865	0.00869	0.00741	0.00491	0.01124	0.01157	0.01543	0.02596	0.10704	0.03012	0.66857	0.03699	0.00715	0.00726	0.01218	0.00491	0.00483
20	0.01696	0.01696	0.02375	0.02036	0.02036	0.02375	0.01696	0.01866	0.01187	0.01866	0.01018	0.01696	0.01018	0.01357	0.02545	0.00339	0.71332	0.00679	0.00339	0.00848
21	0.01147	0.00746	0.00837	0.00844	0.00861	0.00745	0.00486	0.01183	0.01183	0.01638	0.02521	0.07492	0.02839	0.64006	0.03547	0.00687	0.00707	0.01135	0.06898	0.00497
22	0.00945	0.00675	0.00900	0.01080	0.01125	0.00630	0.00720	0.01080	0.01484	0.01979	0.04274	0.72245	0.05128	0.02429	0.00990	0.00315	0.00450	0.02204	0.00720	0.00630
23	0.01097	0.00793	0.01036	0.00975	0.01158	0.00732	0.00732	0.01463	0.02195	0.03109	0.67505	0.05792	0.07316	0.01585	0.00914	0.00244	0.00366	0.01402	0.00854	0.00732
24	0.01347	0.00673	0.01010	0.01010	0.01010	0.00673	0.00673	0.01010	0.01010	0.01347	0.01347	0.02357	0.01347	0.02694	0.03030	0.77441	0.00673	0.00673	0.00337	0.00337
25	0.01128	0.00752	0.00846	0.00846	0.00846	0.00752	0.00470	0.01128	0.01128	0.01503	0.02443	0.05074	0.02819	0.72751	0.03946	0.00752	0.00752	0.01128	0.00470	0.00470
26	0.01093	0.00737	0.00856	0.00890	0.00899	0.00729	0.00517	0.01118	0.01195	0.01594	0.02790	0.17819	0.03257	0.59408	0.03385	0.00669	0.00694	0.01332	0.00517	0.00500
27	0.01445	0.00723	0.00723	0.00723	0.00903	0.00723	0.00542	0.01807	0.01626	0.02891	0.02529	0.02891	0.01987	0.00903	0.00542	0.00181	0.00361	0.00723	0.77055	0.00723
28	0.01097	0.00793	0.01036	0.00975	0.01158	0.00732	0.00732	0.01463	0.02195	0.03109	0.67505	0.05792	0.07316	0.01585	0.00914	0.00244	0.00366	0.01402	0.00854	0.00732
29	0.01587	0.01504	0.02548	0.52981	0.22284	0.01755	0.02215	0.02089	0.01609	0.02131	0.01400	0.02027	0.01086	0.00752	0.00773	0.00251	0.01003	0.00690	0.00355	0.00961
30	0.78228	0.01499	0.01140	0.01020	0.01499	0.01739	0.00840	0.02279	0.01320	0.03479	0.01080	0.01260	0.00840	0.00720	0.00480	0.00240	0.00600	0.00420	0.00480	0.00840
31	0.00931	0.00786	0.00806	0.00801	0.01056	0.00661	0.00601	0.01141	0.01802	0.02177	0.12706	0.07326	0.62697	0.01933	0.00916	0.00260	0.00391	0.01617	0.00731	0.00661
32	0.01755	0.01675	0.02852	0.28550	0.45402	0.01799	0.02298	0.02236	0.01688	0.02334	0.01430	0.01972	0.01158	0.00721	0.00770	0.00240	0.00962	0.00690	0.00370	0.01096
33	0.02073	0.73217	0.04063	0.01327	0.01990	0.03068	0.01327	0.02322	0.01575	0.01824	0.01078	0.01244	0.00995	0.00663	0.00498	0.00166	0.00829	0.00415	0.00332	0.00995
34	0.01929	0.01666	0.01753	0.01578	0.02016	0.01929	0.01227	0.04120	0.66513	0.03243	0.03156	0.02893	0.02367	0.01052	0.00789	0.00263	0.00614	0.00877	0.00789	0.01227
35	0.01830	0.02092	0.04575	0.03268	0.04052	0.01961	0.65098	0.02484	0.01830	0.02484	0.01569	0.02092	0.01176	0.00654	0.00915	0.00261	0.01307	0.00915	0.00392	0.01046
36	0.01445	0.00723	0.00723	0.00723	0.00903	0.00723	0.00542	0.01807	0.01626	0.02891	0.02529	0.02891	0.01987	0.00903	0.00542	0.00181	0.00361	0.00723	0.77055	0.00723
37	0.78228	0.01499	0.01140	0.01020	0.01499	0.01739	0.00840	0.02279	0.01320	0.03479	0.01080	0.01260	0.00840	0.00720	0.00480	0.00240	0.00600	0.00420	0.00480	0.00840
38	0.01128	0.00752	0.00846	0.00846	0.00846	0.00752	0.00470	0.01128	0.01128	0.01503	0.02443	0.05074	0.02819	0.72751	0.03946	0.00752	0.00752	0.01128	0.00470	0.00470
39	0.01919	0.01842	0.03147	0.04759	0.67914	0.01842	0.02380	0.02380	0.01765	0.02533	0.01458	0.01919	0.01228	0.00691	0.00768	0.00230	0.00921	0.00691	0.00384	0.01228
40	0.00945	0.00675	0.00900	0.01080	0.01125	0.00630	0.00720	0.01080	0.01484	0.01979	0.04274	0.72245	0.05128	0.02429	0.00990	0.00315	0.00450	0.02204	0.00720	0.00630
41	0.01128	0.00752	0.00846	0.00846	0.00846	0.00752	0.00470	0.01128	0.01128	0.01503	0.02443	0.05074	0.02819	0.72751	0.03946	0.00752	0.00752	0.01128	0.00470	0.00470
42	0.01929	0.01666	0.01753	0.01578	0.02016	0.01929	0.01227	0.04120	0.66513	0.03243	0.03156	0.02893	0.02367	0.01052	0.00789	0.00263	0.00614	0.00877	0.00789	0.01227
43	0.01464	0.01378	0.02326	0.70887	0.05340	0.01723	0.02153	0.01981	0.01550	0.01981	0.01378	0.02067	0.01034	0.00775	0.00775	0.00258	0.01034	0.00689	0.00345	0.00861
44	0.01555	0.04011	0.68733	0.02210	0.03356	0.01801	0.02865	0.02455	0.01637	0.02455	0.01391	0.01637	0.00982	0.00737	0.00737	0.00246	0.01146	0.00573	0.00327	0.01146
