[name]
unknown

[dist]
# distance from previous block
# <min> <max>
0	42

[block]
# block no. 0 follows, 24 sequences, length 43
# corresponding to MSA columns:
# 42-84
name=unknown_A
#
# <colnr> <probs for GDERKNQSTAVLIFYWHMCP>
#	G	D	E	R	K	N	Q	S	T	A	V	L	I	F	Y	W	H	M	C	P
0	0.04454	0.03707	0.02593	0.02096	0.05606	0.01577	0.17228	0.08153	0.04686	0.19839	0.02591	0.03630	0.02147	0.01108	0.00867	0.00268	0.00881	0.13455	0.00675	0.04437
1	0.01710	0.01469	0.01498	0.01395	0.01714	0.08675	0.01061	0.11945	0.05649	0.02717	0.04818	0.30431	0.03378	0.01638	0.00875	0.00264	0.00686	0.07204	0.00677	0.12194
2	0.02017	0.04457	0.01981	0.08429	0.02350	0.10979	0.03827	0.12824	0.10039	0.05565	0.02538	0.20238	0.02420	0.01282	0.00819	0.00250	0.00816	0.01091	0.00630	0.07448
3	0.02073	0.01509	0.01726	0.01438	0.01930	0.01503	0.01138	0.17779	0.14160	0.08872	0.02671	0.14648	0.02393	0.01211	0.00796	0.00234	0.00657	0.03876	0.00716	0.20670
4	0.01351	0.01159	0.04145	0.01239	0.01483	0.01086	0.00994	0.05820	0.02010	0.02841	0.35567	0.12493	0.05104	0.06544	0.01289	0.00298	0.07295	0.02959	0.00721	0.05601
5	0.01013	0.00799	0.00913	0.00901	0.01122	0.00699	0.00669	0.01278	0.01961	0.02546	0.31102	0.11292	0.39111	0.01887	0.00942	0.00264	0.00395	0.01618	0.00791	0.00699
6	0.01746	0.01808	0.03306	0.02578	0.05117	0.01902	0.31881	0.02311	0.05045	0.02498	0.08862	0.02467	0.01932	0.00974	0.01321	0.00274	0.18592	0.00890	0.00466	0.06030
7	0.02009	0.01141	0.01445	0.05881	0.01843	0.01101	0.01031	0.02564	0.10267	0.23485	0.16870	0.04695	0.16087	0.04071	0.00990	0.00280	0.00586	0.03850	0.00816	0.00989
8	0.63556	0.01466	0.01260	0.05976	0.01806	0.01673	0.00952	0.02301	0.01441	0.06412	0.01692	0.01844	0.05401	0.00838	0.00557	0.00248	0.00634	0.00551	0.00521	0.00871
9	0.07648	0.35182	0.06426	0.01579	0.02194	0.18930	0.01430	0.05490	0.01930	0.10480	0.01440	0.01541	0.01141	0.00771	0.00620	0.00200	0.00972	0.00514	0.00467	0.01047
10	0.63923	0.01702	0.01431	0.04942	0.05946	0.06339	0.01074	0.02378	0.01451	0.03308	0.01153	0.01383	0.00905	0.00743	0.00540	0.00243	0.00713	0.00467	0.00472	0.00889
11	0.01587	0.01539	0.02420	0.63595	0.08815	0.04668	0.02186	0.02098	0.01627	0.02054	0.01406	0.02076	0.01067	0.00789	0.00789	0.00260	0.01067	0.00696	0.00357	0.00904
12	0.02004	0.01509	0.01716	0.01598	0.04388	0.01641	0.01191	0.10604	0.34564	0.08996	0.09362	0.10624	0.05767	0.01282	0.00843	0.00266	0.00621	0.01089	0.00800	0.01136
13	0.01034	0.00710	0.00889	0.01025	0.01094	0.00668	0.00684	0.01185	0.01515	0.02076	0.04238	0.54115	0.08581	0.09241	0.01263	0.00349	0.00478	0.01957	0.08259	0.00639
14	0.02927	0.02178	0.02330	0.01807	0.02426	0.02418	0.01486	0.59465	0.08947	0.04856	0.02015	0.01993	0.01439	0.00962	0.00794	0.00241	0.00852	0.00729	0.00794	0.01341
15	0.01517	0.01430	0.02414	0.67443	0.08089	0.01767	0.02212	0.02043	0.01595	0.02050	0.01413	0.02108	0.01066	0.00789	0.00792	0.00263	0.01052	0.00705	0.00354	0.00897
16	0.06069	0.01376	0.01744	0.01382	0.01947	0.01268	0.01124	0.03577	0.10959	0.47835	0.06965	0.02811	0.02278	0.00999	0.00781	0.00240	0.00641	0.00815	0.00897	0.06292
17	0.05105	0.03227	0.44419	0.09155	0.09534	0.01838	0.02525	0.04930	0.04525	0.05155	0.01576	0.01832	0.01139	0.00782	0.00754	0.00251	0.01060	0.00629	0.00412	0.01154
18	0.01141	0.00764	0.00869	0.00881	0.00884	0.00761	0.00497	0.01150	0.01177	0.01570	0.02623	0.09592	0.03040	0.67515	0.03836	0.00739	0.00748	0.01226	0.00497	0.00491
19	0.01296	0.00918	0.01097	0.01130	0.01272	0.00914	0.00788	0.09668	0.01807	0.02442	0.05600	0.44427	0.07489	0.11731	0.01369	0.00360	0.00548	0.01765	0.04654	0.00725
20	0.03014	0.02221	0.02380	0.01825	0.02459	0.02459	0.01507	0.64541	0.03728	0.04998	0.01904	0.01904	0.01349	0.00952	0.00793	0.00238	0.00873	0.00714	0.00793	0.01349
21	0.01007	0.00716	0.00950	0.01122	0.01178	0.00677	0.00770	0.01157	0.01524	0.02026	0.04236	0.61586	0.05032	0.06856	0.01211	0.00354	0.00505	0.07731	0.00719	0.00642
22	0.00994	0.00725	0.00930	0.01065	0.01153	0.00670	0.00733	0.01164	0.01614	0.02133	0.09995	0.53744	0.12780	0.04644	0.01100	0.00326	0.00466	0.04371	0.00739	0.00654
23	0.02700	0.13582	0.02576	0.06582	0.05346	0.52040	0.01589	0.02944	0.02092	0.01963	0.01231	0.01475	0.01033	0.00791	0.00693	0.00205	0.01300	0.00519	0.00394	0.00945
24	0.01972	0.01703	0.01793	0.01614	0.02062	0.01972	0.01255	0.04214	0.65752	0.03317	0.03228	0.02959	0.02421	0.01076	0.00807	0.00269	0.00628	0.00897	0.00807	0.01255
25	0.01133	0.00850	0.01274	0.01274	0.01416	0.00991	0.00991	0.01416	0.01274	0.01841	0.02124	0.03115	0.01982	0.05947	0.68989	0.01274	0.02124	0.00850	0.00425	0.00708
26	0.02962	0.03779	0.02247	0.02043	0.02451	0.68948	0.01532	0.03166	0.02247	0.01941	0.01226	0.01430	0.01021	0.00817	0.00715	0.00204	0.01430	0.00511	0.00409	0.00919
27	0.01455	0.00743	0.00781	0.00781	0.00956	0.00751	0.00584	0.01790	0.01615	0.02829	0.02512	0.02943	0.02003	0.01282	0.04519	0.03362	0.00482	0.00743	0.69146	0.00721
28	0.01152	0.00772	0.00883	0.00883	0.00889	0.00779	0.00503	0.01165	0.01159	0.01551	0.02482	0.05098	0.02843	0.69227	0.06887	0.00791	0.00828	0.01140	0.00478	0.00490
29	0.00966	0.00690	0.00920	0.01104	0.01150	0.00644	0.00736	0.01104	0.01518	0.02024	0.04371	0.71614	0.05245	0.02484	0.01012	0.00322	0.00460	0.02254	0.00736	0.00644
30	0.01963	0.01884	0.03219	0.04867	0.67185	0.01884	0.02434	0.02434	0.01806	0.02591	0.01492	0.01963	0.01256	0.00707	0.00785	0.00236	0.00942	0.00707	0.00393	0.01256
31	0.02065	0.65469	0.10812	0.01451	0.02181	0.03003	0.01521	0.02389	0.01618	0.01933	0.01136	0.01314	0.01016	0.00686	0.00534	0.00178	0.00882	0.00441	0.00339	0.01034
32	0.01989	0.02121	0.03452	0.03455	0.25082	0.09255	0.26079	0.02585	0.05457	0.02492	0.01720	0.02379	0.01436	0.00839	0.00953	0.00259	0.04948	0.03964	0.00436	0.01098
33	0.02154	0.01677	0.01818	0.01576	0.02067	0.01859	0.01238	0.07168	0.52184	0.09439	0.03026	0.02790	0.02237	0.01027	0.00790	0.00255	0.00642	0.00849	0.00800	0.06403
34	0.02067	0.02403	0.03868	0.02900	0.03507	0.15272	0.42710	0.02571	0.01849	0.02329	0.01447	0.01940	0.01143	0.00804	0.01138	0.00267	0.11566	0.00816	0.00395	0.01010
35	0.01128	0.00949	0.01592	0.01504	0.01686	0.00887	0.12102	0.01361	0.01581	0.02117	0.03876	0.59191	0.04522	0.02160	0.00998	0.00312	0.00617	0.02019	0.00676	0.00720
36	0.01783	0.01877	0.03222	0.02526	0.02808	0.02280	0.23778	0.02131	0.01446	0.02131	0.01239	0.01877	0.01098	0.01134	0.02015	0.00319	0.46251	0.00779	0.00366	0.00939
37	0.00966	0.00690	0.00920	0.01104	0.01150	0.00644	0.00736	0.01104	0.01518	0.02024	0.04371	0.71614	0.05245	0.02484	0.01012	0.00322	0.00460	0.02254	0.00736	0.00644
38	0.02403	0.01912	0.01980	0.01780	0.05480	0.07913	0.01338	0.20718	0.25921	0.09827	0.05733	0.02888	0.06384	0.01075	0.00807	0.00249	0.00764	0.00866	0.00761	0.01199
39	0.01119	0.00816	0.01118	0.01111	0.01258	0.00855	0.00832	0.01397	0.01615	0.02283	0.22330	0.08893	0.07316	0.08848	0.33785	0.00783	0.01249	0.01183	0.02512	0.00698
40	0.02158	0.01776	0.02079	0.01748	0.02027	0.05231	0.01423	0.21597	0.03835	0.05142	0.01715	0.02174	0.01429	0.03697	0.09210	0.00406	0.26882	0.00734	0.05729	0.01009
41	0.01667	0.03087	0.38069	0.02611	0.03563	0.01829	0.27368	0.02442	0.01771	0.02534	0.04098	0.04109	0.01460	0.00804	0.00841	0.00260	0.01186	0.00809	0.00394	0.01099
42	0.18929	0.09979	0.08374	0.08143	0.02380	0.08532	0.03181	0.04944	0.10325	0.04535	0.02060	0.02236	0.05018	0.01108	0.03629	0.00282	0.00895	0.00678	0.03788	0.00984

[dist]
# distance from previous block
# <min> <max>
0	2

[block]
# block no. 1 follows, 24 sequences, length 29
# corresponding to MSA columns:
# 87-115
name=unknown_B
#
# <colnr> <probs for GDERKNQSTAVLIFYWHMCP>
#	G	D	E	R	K	N	Q	S	T	A	V	L	I	F	Y	W	H	M	C	P
0	0.23979	0.33777	0.02724	0.01314	0.01914	0.02346	0.01188	0.06037	0.05010	0.12891	0.01571	0.01619	0.01209	0.00777	0.00579	0.00212	0.00744	0.00524	0.00531	0.01054
1	0.55207	0.05855	0.01637	0.06950	0.02006	0.01962	0.01117	0.07351	0.01569	0.03326	0.01190	0.01439	0.00938	0.00803	0.00696	0.00249	0.05816	0.00495	0.00484	0.00911
2	0.01885	0.10945	0.25193	0.04997	0.06984	0.05353	0.14434	0.02548	0.04599	0.04208	0.01496	0.01836	0.01159	0.00833	0.01005	0.00255	0.10109	0.00678	0.00397	0.01085
3	0.01106	0.00807	0.01042	0.01011	0.01195	0.00743	0.00761	0.01452	0.02148	0.02995	0.55728	0.10295	0.11558	0.01729	0.00947	0.00261	0.00398	0.04240	0.00848	0.00735
4	0.01662	0.01236	0.01459	0.06302	0.01884	0.01304	0.01058	0.02708	0.25776	0.08996	0.22479	0.04527	0.14622	0.01363	0.00864	0.00260	0.00551	0.01161	0.00797	0.00990
5	0.01071	0.00762	0.00984	0.01018	0.01129	0.00714	0.00708	0.01310	0.01838	0.02546	0.35836	0.29198	0.06061	0.11505	0.01384	0.00346	0.00458	0.01688	0.00771	0.00675
6	0.01649	0.11629	0.61005	0.02161	0.03279	0.01984	0.02757	0.02496	0.01667	0.02440	0.01388	0.01630	0.01006	0.00745	0.00727	0.00242	0.01136	0.00568	0.00335	0.01155
7	0.77733	0.01534	0.01166	0.01043	0.01534	0.01779	0.00859	0.02331	0.01350	0.03558	0.01104	0.01288	0.00859	0.00736	0.00491	0.00245	0.00613	0.00429	0.00491	0.00859
8	0.01078	0.00765	0.00919	0.00976	0.01044	0.00745	0.00638	0.01179	0.01379	0.01809	0.03804	0.23044	0.12326	0.36174	0.07376	0.00600	0.00733	0.04243	0.00590	0.00577
9	0.00966	0.00690	0.00920	0.01104	0.01150	0.00644	0.00736	0.01104	0.01518	0.02024	0.04371	0.71614	0.05245	0.02484	0.01012	0.00322	0.00460	0.02254	0.00736	0.00644
10	0.02114	0.02423	0.01694	0.01557	0.01868	0.37782	0.01168	0.02389	0.02228	0.02464	0.28756	0.03554	0.06418	0.01200	0.00816	0.00226	0.00949	0.00943	0.00615	0.00838
11	0.00965	0.00804	0.00842	0.00833	0.01088	0.00681	0.00625	0.01193	0.01874	0.02300	0.16983	0.07371	0.57815	0.01949	0.00937	0.00265	0.00397	0.01637	0.00757	0.00681
12	0.02474	0.01774	0.01920	0.01535	0.02001	0.01946	0.01223	0.45088	0.02994	0.04095	0.02078	0.02582	0.01689	0.12209	0.04590	0.00365	0.00865	0.00791	0.08664	0.01119
13	0.01377	0.00689	0.01033	0.01033	0.01033	0.00689	0.00689	0.01033	0.01033	0.01377	0.01377	0.02410	0.01377	0.02755	0.03099	0.76928	0.00689	0.00689	0.00344	0.00344
14	0.77733	0.01534	0.01166	0.01043	0.01534	0.01779	0.00859	0.02331	0.01350	0.03558	0.01104	0.01288	0.00859	0.00736	0.00491	0.00245	0.00613	0.00429	0.00491	0.00859
15	0.01091	0.00814	0.01017	0.00979	0.01183	0.00740	0.00743	0.01429	0.02134	0.02925	0.51546	0.06423	0.19711	0.01729	0.00943	0.00259	0.00397	0.04368	0.00838	0.00731
16	0.01671	0.01611	0.02785	0.44415	0.21320	0.01824	0.07898	0.02264	0.04141	0.02270	0.01519	0.02109	0.01175	0.00770	0.00804	0.00257	0.01036	0.00734	0.00385	0.01010
17	0.01496	0.01400	0.02388	0.61731	0.05093	0.01703	0.04807	0.02017	0.01618	0.02077	0.01645	0.02672	0.01349	0.00901	0.00824	0.00273	0.01042	0.05701	0.00385	0.00877
18	0.01586	0.01348	0.01582	0.01168	0.01817	0.01022	0.00922	0.01920	0.01634	0.02536	0.01664	0.07649	0.01524	0.00750	0.00624	0.00135	0.00576	0.00623	0.00493	0.70428
19	0.00937	0.00803	0.00803	0.00803	0.01071	0.00669	0.00602	0.01138	0.01807	0.02142	0.08033	0.07632	0.66863	0.02008	0.00937	0.00268	0.00402	0.01674	0.00736	0.00669
20	0.01539	0.01480	0.02520	0.60658	0.05107	0.01831	0.05887	0.02047	0.01573	0.02047	0.01391	0.02085	0.01065	0.00834	0.00949	0.00271	0.06752	0.00718	0.00355	0.00891
21	0.00966	0.00690	0.00920	0.01104	0.01150	0.00644	0.00736	0.01104	0.01518	0.02024	0.04371	0.71614	0.05245	0.02484	0.01012	0.00322	0.00460	0.02254	0.00736	0.00644
22	0.01949	0.01922	0.03434	0.04643	0.57908	0.01902	0.11538	0.02449	0.01815	0.02583	0.01508	0.01989	0.01248	0.00701	0.00807	0.00240	0.01000	0.00740	0.00394	0.01229
23	0.00978	0.00816	0.00860	0.00882	0.01139	0.00698	0.00683	0.01198	0.01810	0.02170	0.07576	0.07788	0.59437	0.02030	0.00956	0.00279	0.00441	0.08847	0.00736	0.00677
24	0.01872	0.02139	0.04679	0.03342	0.04144	0.02005	0.64305	0.02540	0.01872	0.02540	0.01604	0.02139	0.01203	0.00668	0.00936	0.00267	0.01337	0.00936	0.00401	0.01070
25	0.02120	0.72609	0.04155	0.01357	0.02035	0.03138	0.01357	0.02374	0.01611	0.01866	0.01102	0.01272	0.01018	0.00678	0.00509	0.00170	0.00848	0.00424	0.00339	0.01018
26	0.01829	0.34978	0.39238	0.01853	0.02803	0.02426	0.02221	0.02450	0.01646	0.02220	0.01279	0.01493	0.01010	0.00720	0.00643	0.00214	0.01026	0.00513	0.00337	0.01102
27	0.01940	0.01846	0.03060	0.07881	0.58777	0.01885	0.02326	0.02558	0.07010	0.02622	0.01629	0.02051	0.01341	0.00741	0.00787	0.00240	0.00922	0.00722	0.00424	0.01237
28	0.01910	0.02070	0.04219	0.03038	0.03783	0.01982	0.53106	0.05808	0.01922	0.02644	0.01578	0.02070	0.01201	0.00714	0.00987	0.00259	0.04778	0.00877	0.00424	0.06632

[dist]
# distance from previous block
# <min> <max>
5	58

[block]
# block no. 2 follows, 24 sequences, length 7
# corresponding to MSA columns:
# 178-184
name=unknown_C
#
# <colnr> <probs for GDERKNQSTAVLIFYWHMCP>
#	G	D	E	R	K	N	Q	S	T	A	V	L	I	F	Y	W	H	M	C	P
0	0.01270	0.01016	0.01162	0.01104	0.01365	0.01017	0.00833	0.02035	0.17444	0.02867	0.32015	0.10183	0.21341	0.01648	0.00910	0.00264	0.00448	0.01422	0.00812	0.00843
1	0.02755	0.02563	0.14322	0.01904	0.02636	0.02347	0.01766	0.53256	0.03355	0.04545	0.01816	0.01862	0.01286	0.00916	0.00786	0.00240	0.00927	0.00691	0.00710	0.01316
2	0.01521	0.01279	0.01513	0.01162	0.01747	0.00982	0.00903	0.01834	0.01621	0.02482	0.01948	0.14374	0.01915	0.00932	0.00665	0.00155	0.00564	0.00794	0.00518	0.63092
3	0.01111	0.00860	0.01099	0.01131	0.01275	0.00822	0.00803	0.01299	0.01596	0.02189	0.10608	0.45007	0.09365	0.04916	0.01177	0.00308	0.04975	0.01784	0.00686	0.08988
4	0.67028	0.01689	0.05635	0.01151	0.01697	0.01736	0.01019	0.02460	0.01441	0.08398	0.01280	0.01422	0.00953	0.00756	0.00532	0.00246	0.00655	0.00468	0.00518	0.00917
5	0.12179	0.05720	0.02088	0.01741	0.04528	0.24382	0.01334	0.15581	0.02356	0.14827	0.01793	0.01858	0.01318	0.00861	0.00700	0.00222	0.00958	0.00613	0.05857	0.01082
6	0.01912	0.01832	0.03127	0.11994	0.60454	0.01871	0.02408	0.02389	0.01782	0.02529	0.01483	0.01979	0.01234	0.00716	0.00786	0.00239	0.00955	0.00706	0.00388	0.01215

[dist]
# distance from previous block
# <min> <max>
0	1

[block]
# block no. 3 follows, 24 sequences, length 15
# corresponding to MSA columns:
# 186-200
name=unknown_D
#
# <colnr> <probs for GDERKNQSTAVLIFYWHMCP>
#	G	D	E	R	K	N	Q	S	T	A	V	L	I	F	Y	W	H	M	C	P
0	0.01932	0.01642	0.02379	0.50613	0.04601	0.01962	0.02003	0.19951	0.02200	0.02878	0.01551	0.02054	0.01141	0.00838	0.00793	0.00257	0.01004	0.00707	0.00479	0.01015
1	0.56180	0.01667	0.01441	0.01241	0.01750	0.01914	0.01013	0.12694	0.09716	0.03762	0.01497	0.01595	0.01132	0.00813	0.00579	0.00247	0.00657	0.00534	0.00579	0.00988
2	0.01253	0.00905	0.01244	0.01413	0.01602	0.00895	0.01229	0.01607	0.01824	0.02356	0.04475	0.08850	0.09050	0.02177	0.01084	0.00358	0.00707	0.57514	0.00731	0.00726
3	0.02338	0.01864	0.01993	0.01687	0.02194	0.02107	0.01353	0.27241	0.38829	0.03916	0.02767	0.02846	0.02114	0.01083	0.00816	0.00262	0.00727	0.03801	0.00798	0.01265
4	0.01498	0.01409	0.02378	0.70226	0.05462	0.01762	0.02202	0.02026	0.01586	0.02026	0.01409	0.02114	0.01057	0.00793	0.00793	0.00264	0.01057	0.00705	0.00352	0.00881
5	0.01377	0.00689	0.01033	0.01033	0.01033	0.00689	0.00689	0.01033	0.01033	0.01377	0.01377	0.02410	0.01377	0.02755	0.03099	0.76928	0.00689	0.00689	0.00344	0.00344
6	0.72993	0.01526	0.01241	0.05344	0.01778	0.01778	0.00942	0.02312	0.01364	0.03463	0.01123	0.01340	0.00871	0.00740	0.00510	0.00247	0.00641	0.00447	0.00482	0.00860
7	0.01590	0.04102	0.68023	0.02260	0.03432	0.01842	0.02930	0.02511	0.01674	0.02511	0.01423	0.01674	0.01005	0.00753	0.00753	0.00251	0.01172	0.00586	0.00335	0.01172
8	0.01142	0.00812	0.01083	0.01083	0.01158	0.00887	0.00753	0.01293	0.01218	0.01699	0.02299	0.04085	0.02403	0.36876	0.38635	0.01038	0.01491	0.00991	0.00451	0.00602
9	0.02087	0.24540	0.09909	0.01542	0.02112	0.08211	0.01430	0.16532	0.02294	0.02950	0.15365	0.05184	0.02625	0.01032	0.00730	0.00220	0.00827	0.00801	0.00578	0.01031
10	0.02237	0.49172	0.11654	0.01618	0.02299	0.17270	0.01590	0.02563	0.01757	0.01962	0.01169	0.01356	0.01017	0.00718	0.00584	0.00187	0.01015	0.00463	0.00354	0.01015
11	0.00966	0.00690	0.00920	0.01104	0.01150	0.00644	0.00736	0.01104	0.01518	0.02024	0.04371	0.71614	0.05245	0.02484	0.01012	0.00322	0.00460	0.02254	0.00736	0.00644
12	0.01730	0.01751	0.02239	0.01961	0.02001	0.06864	0.01605	0.01908	0.01313	0.01916	0.01369	0.07238	0.01416	0.01668	0.05760	0.00383	0.56836	0.00811	0.00386	0.00845
13	0.01889	0.02108	0.03903	0.02911	0.03461	0.05605	0.42976	0.02390	0.01701	0.02327	0.01422	0.01986	0.01147	0.00884	0.01406	0.00287	0.21365	0.00844	0.00386	0.01003
14	0.00939	0.00794	0.00812	0.00827	0.01077	0.00667	0.00613	0.01135	0.01785	0.02133	0.07747	0.12625	0.62054	0.02045	0.00943	0.00272	0.00406	0.01719	0.00736	0.00667

[dist]
# distance from previous block
# <min> <max>
13	24

[block]
# block no. 4 follows, 24 sequences, length 11
# corresponding to MSA columns:
# 226-236
name=unknown_E
#
# <colnr> <probs for GDERKNQSTAVLIFYWHMCP>
#	G	D	E	R	K	N	Q	S	T	A	V	L	I	F	Y	W	H	M	C	P
0	0.01498	0.02099	0.22437	0.01613	0.02253	0.01317	0.05670	0.05761	0.02026	0.02906	0.26116	0.03580	0.06597	0.01119	0.00821	0.00233	0.00749	0.00968	0.00605	0.11633
1	0.01123	0.00827	0.01193	0.01207	0.01323	0.00936	0.00904	0.01358	0.01277	0.01814	0.02342	0.08524	0.02347	0.14480	0.55266	0.01136	0.01819	0.00995	0.00456	0.00673
2	0.01615	0.12881	0.52988	0.02017	0.03027	0.01907	0.02507	0.02394	0.01722	0.02491	0.07772	0.02036	0.01640	0.00828	0.00739	0.00240	0.01051	0.00647	0.00388	0.01110
3	0.02629	0.02030	0.02163	0.01747	0.02312	0.02279	0.01414	0.42251	0.26645	0.04377	0.02393	0.02294	0.01745	0.00998	0.00798	0.00249	0.00782	0.00781	0.00798	0.01314
4	0.08090	0.01688	0.02157	0.10883	0.04964	0.01820	0.05547	0.20434	0.11518	0.14416	0.02260	0.02492	0.01668	0.00950	0.00778	0.00251	0.00807	0.02821	0.05299	0.01157
5	0.01972	0.01703	0.01793	0.01614	0.02062	0.01972	0.01255	0.04214	0.65752	0.03317	0.03228	0.02959	0.02421	0.01076	0.00807	0.00269	0.00628	0.00897	0.00807	0.01255
6	0.00966	0.00690	0.00920	0.01104	0.01150	0.00644	0.00736	0.01104	0.01518	0.02024	0.04371	0.71614	0.05245	0.02484	0.01012	0.00322	0.00460	0.02254	0.00736	0.00644
7	0.01543	0.01456	0.02461	0.63833	0.11499	0.01774	0.02225	0.02066	0.01607	0.02081	0.01417	0.02099	0.01077	0.00784	0.00792	0.00261	0.01046	0.00705	0.00356	0.00918
8	0.01841	0.01331	0.01595	0.01202	0.01809	0.01071	0.00958	0.02279	0.04825	0.11357	0.10912	0.02448	0.02225	0.00808	0.00674	0.00160	0.00571	0.00669	0.00610	0.52655
9	0.01812	0.01365	0.01589	0.01295	0.01801	0.01257	0.01029	0.09073	0.10869	0.07256	0.11711	0.06473	0.05126	0.01099	0.00765	0.00208	0.00594	0.04207	0.00680	0.31793
10	0.01537	0.01434	0.02349	0.59900	0.08342	0.01698	0.02088	0.02045	0.01603	0.02111	0.01414	0.02059	0.01079	0.00768	0.00772	0.00248	0.01004	0.00681	0.00366	0.08501

[dist]
# distance from previous block
# <min> <max>
3	7

[block]
# block no. 5 follows, 24 sequences, length 21
# corresponding to MSA columns:
# 244-264
name=unknown_F
#
# <colnr> <probs for GDERKNQSTAVLIFYWHMCP>
#	G	D	E	R	K	N	Q	S	T	A	V	L	I	F	Y	W	H	M	C	P
0	0.04340	0.01188	0.05430	0.01260	0.01491	0.04390	0.02798	0.01466	0.01690	0.02260	0.09146	0.39527	0.13961	0.02003	0.00945	0.00296	0.00591	0.05804	0.00684	0.00731
1	0.01650	0.08780	0.54594	0.02173	0.03252	0.01885	0.06212	0.02463	0.01679	0.02471	0.01409	0.01669	0.01030	0.00730	0.00733	0.00236	0.01113	0.00585	0.00349	0.06984
2	0.02178	0.08139	0.31272	0.01771	0.02617	0.01664	0.01946	0.05253	0.03871	0.19031	0.03864	0.02278	0.01610	0.00873	0.00747	0.00233	0.00899	0.02420	0.00571	0.08762
3	0.02090	0.03080	0.35493	0.04920	0.03085	0.06976	0.06681	0.10049	0.04999	0.09803	0.01844	0.04251	0.01374	0.00875	0.00786	0.00250	0.01061	0.00718	0.00505	0.01159
4	0.02966	0.02197	0.02353	0.01815	0.02441	0.02437	0.01495	0.61735	0.06613	0.04919	0.01965	0.01953	0.01398	0.00958	0.00794	0.00239	0.00861	0.00722	0.00794	0.01344
5	0.02717	0.03223	0.02100	0.01883	0.02292	0.52687	0.01430	0.09821	0.02329	0.02295	0.01872	0.02048	0.06171	0.01191	0.04292	0.00269	0.01324	0.00641	0.00478	0.00937
6	0.00966	0.00690	0.00920	0.01104	0.01150	0.00644	0.00736	0.01104	0.01518	0.02024	0.04371	0.71614	0.05245	0.02484	0.01012	0.00322	0.00460	0.02254	0.00736	0.00644
7	0.01109	0.00783	0.00889	0.00883	0.00958	0.00757	0.00550	0.01195	0.01390	0.01827	0.09944	0.05639	0.15333	0.49273	0.05729	0.00643	0.00714	0.01267	0.00566	0.00552
8	0.01498	0.01409	0.02378	0.70226	0.05462	0.01762	0.02202	0.02026	0.01586	0.02026	0.01409	0.02114	0.01057	0.00793	0.00793	0.00264	0.01057	0.00705	0.00352	0.00881
9	0.01807	0.01212	0.01258	0.01139	0.01458	0.01324	0.00884	0.09614	0.22312	0.03300	0.02715	0.02839	0.02080	0.00975	0.00662	0.00218	0.00508	0.00786	0.43937	0.00972
10	0.01312	0.00991	0.01451	0.12255	0.02242	0.01046	0.01423	0.01703	0.01788	0.02319	0.03761	0.07873	0.04013	0.01971	0.01048	0.00349	0.00782	0.52249	0.00671	0.00754
11	0.03014	0.02221	0.02380	0.01825	0.02459	0.02459	0.01507	0.64541	0.03728	0.04998	0.01904	0.01904	0.01349	0.00952	0.00793	0.00238	0.00873	0.00714	0.00793	0.01349
12	0.02120	0.72609	0.04155	0.01357	0.02035	0.03138	0.01357	0.02374	0.01611	0.01866	0.01102	0.01272	0.01018	0.00678	0.00509	0.00170	0.00848	0.00424	0.00339	0.01018
13	0.03415	0.01318	0.01794	0.01387	0.01975	0.01141	0.01141	0.03725	0.02268	0.63938	0.06870	0.02889	0.02287	0.01019	0.00806	0.00246	0.00657	0.00835	0.00975	0.01314
14	0.03080	0.02115	0.02314	0.01774	0.02406	0.02302	0.01466	0.57173	0.03551	0.12615	0.02053	0.02000	0.01423	0.00956	0.00794	0.00239	0.00849	0.00724	0.00816	0.01349
15	0.00966	0.00690	0.00920	0.01104	0.01150	0.00644	0.00736	0.01104	0.01518	0.02024	0.04371	0.71614	0.05245	0.02484	0.01012	0.00322	0.00460	0.02254	0.00736	0.00644
16	0.01112	0.00810	0.01045	0.00986	0.01178	0.00744	0.00740	0.01476	0.02219	0.03120	0.63369	0.06022	0.10917	0.01644	0.00935	0.00250	0.00376	0.01448	0.00865	0.00744
17	0.02068	0.01849	0.03128	0.04639	0.62876	0.01837	0.02350	0.02528	0.01836	0.06898	0.01600	0.02011	0.01303	0.00725	0.00786	0.00236	0.00924	0.00713	0.00431	0.01262
18	0.07153	0.01475	0.02360	0.38434	0.20949	0.01678	0.02038	0.02103	0.01660	0.02335	0.01793	0.02956	0.01579	0.00959	0.00810	0.00269	0.00949	0.09116	0.00425	0.00958
19	0.01648	0.01405	0.02339	0.65204	0.05211	0.01718	0.02127	0.02160	0.01636	0.06821	0.01535	0.02157	0.01123	0.00807	0.00793	0.00263	0.01029	0.00711	0.00398	0.00915
20	0.01446	0.01237	0.01907	0.31792	0.09705	0.01374	0.01585	0.04328	0.01971	0.02687	0.28992	0.03697	0.03797	0.01140	0.00852	0.00254	0.00750	0.01013	0.00593	0.00881

[dist]
# distance from previous block
# <min> <max>
2	5

[block]
# block no. 6 follows, 24 sequences, length 22
# corresponding to MSA columns:
# 270-291
name=unknown_G
#
# <colnr> <probs for GDERKNQSTAVLIFYWHMCP>
#	G	D	E	R	K	N	Q	S	T	A	V	L	I	F	Y	W	H	M	C	P
0	0.02840	0.01405	0.01773	0.01452	0.01983	0.01341	0.01190	0.07574	0.12934	0.40532	0.05346	0.03409	0.02430	0.01126	0.00825	0.00256	0.00671	0.07223	0.00885	0.04804
1	0.02814	0.01805	0.10726	0.01521	0.02179	0.01406	0.01390	0.12883	0.02353	0.37851	0.06187	0.02793	0.05380	0.01007	0.00791	0.00238	0.00737	0.00813	0.00812	0.06313
2	0.01780	0.08612	0.29847	0.02751	0.03691	0.02032	0.34793	0.02515	0.01772	0.02474	0.01492	0.01884	0.01109	0.00703	0.00829	0.00253	0.01232	0.00755	0.00370	0.01106
3	0.01695	0.01550	0.02523	0.56946	0.07949	0.01852	0.04990	0.08630	0.01834	0.02388	0.01474	0.02086	0.01104	0.00800	0.00799	0.00260	0.01045	0.00716	0.00403	0.00956
4	0.01705	0.03195	0.39633	0.02640	0.03583	0.01949	0.25207	0.02473	0.01709	0.02473	0.01458	0.01849	0.01080	0.00774	0.00969	0.00265	0.06846	0.00722	0.00360	0.01110
5	0.01920	0.01979	0.06246	0.15821	0.26107	0.01944	0.18572	0.07438	0.06938	0.02717	0.01672	0.02097	0.01293	0.00763	0.00827	0.00253	0.01048	0.00777	0.00449	0.01142
6	0.02293	0.10650	0.34430	0.01988	0.02825	0.19764	0.02142	0.02866	0.01906	0.11663	0.01583	0.01715	0.01148	0.00795	0.00724	0.00229	0.01136	0.00580	0.00448	0.01114
7	0.01587	0.01529	0.02672	0.56450	0.13263	0.01797	0.07248	0.02120	0.01637	0.02140	0.01436	0.02097	0.01094	0.00772	0.00803	0.00261	0.01065	0.00724	0.00361	0.00944
8	0.01928	0.02198	0.03997	0.02961	0.03597	0.09013	0.47806	0.02468	0.01822	0.02383	0.01635	0.05335	0.01359	0.00850	0.01099	0.00272	0.08927	0.00928	0.00412	0.01011
9	0.01743	0.01760	0.02569	0.02160	0.02210	0.02403	0.05620	0.01948	0.01255	0.01948	0.01076	0.01760	0.01051	0.01343	0.02499	0.00342	0.66374	0.00709	0.00350	0.00880
10	0.01496	0.01365	0.02269	0.65581	0.05158	0.01693	0.02092	0.02014	0.01591	0.02088	0.01488	0.02170	0.01122	0.00802	0.00777	0.00259	0.01011	0.00707	0.05444	0.00871
11	0.01153	0.00769	0.00865	0.00865	0.00865	0.00769	0.00480	0.01153	0.01153	0.01538	0.02499	0.05189	0.02883	0.72131	0.04036	0.00769	0.00769	0.01153	0.00480	0.00480
12	0.03014	0.02221	0.02380	0.01825	0.02459	0.02459	0.01507	0.64541	0.03728	0.04998	0.01904	0.01904	0.01349	0.00952	0.00793	0.00238	0.00873	0.00714	0.00793	0.01349
13	0.00937	0.00803	0.00803	0.00803	0.01071	0.00669	0.00602	0.01138	0.01807	0.02142	0.08033	0.07632	0.66863	0.02008	0.00937	0.00268	0.00402	0.01674	0.00736	0.00669
14	0.02962	0.03779	0.02247	0.02043	0.02451	0.68948	0.01532	0.03166	0.02247	0.01941	0.01226	0.01430	0.01021	0.00817	0.00715	0.00204	0.01430	0.00511	0.00409	0.00919
15	0.77733	0.01534	0.01166	0.01043	0.01534	0.01779	0.00859	0.02331	0.01350	0.03558	0.01104	0.01288	0.00859	0.00736	0.00491	0.00245	0.00613	0.00429	0.00491	0.00859
16	0.01735	0.01735	0.02429	0.02082	0.02082	0.02429	0.01735	0.01908	0.01214	0.01908	0.01041	0.01735	0.01041	0.01388	0.02602	0.00347	0.70680	0.00694	0.00347	0.00867
17	0.01153	0.00769	0.00865	0.00865	0.00865	0.00769	0.00480	0.01153	0.01153	0.01538	0.02499	0.05189	0.02883	0.72131	0.04036	0.00769	0.00769	0.01153	0.00480	0.00480
18	0.01133	0.00850	0.01274	0.01274	0.01416	0.00991	0.00991	0.01416	0.01274	0.01841	0.02124	0.03115	0.01982	0.05947	0.68989	0.01274	0.02124	0.00850	0.00425	0.00708
19	0.02962	0.03779	0.02247	0.02043	0.02451	0.68948	0.01532	0.03166	0.02247	0.01941	0.01226	0.01430	0.01021	0.00817	0.00715	0.00204	0.01430	0.00511	0.00409	0.00919
20	0.01171	0.00905	0.01347	0.01325	0.01458	0.01082	0.01038	0.01447	0.01271	0.01845	0.02056	0.03028	0.01923	0.05661	0.64814	0.01216	0.06435	0.00840	0.00420	0.00718
21	0.01963	0.01884	0.03219	0.04867	0.67185	0.01884	0.02434	0.02434	0.01806	0.02591	0.01492	0.01963	0.01256	0.00707	0.00785	0.00236	0.00942	0.00707	0.00393	0.01256

[dist]
# distance from previous block
# <min> <max>
0	28

[block]
# block no. 7 follows, 24 sequences, length 101
# corresponding to MSA columns:
# 320-420
name=unknown_H
#
# <colnr> <probs for GDERKNQSTAVLIFYWHMCP>
#	G	D	E	R	K	N	Q	S	T	A	V	L	I	F	Y	W	H	M	C	P
0	0.01972	0.01703	0.01793	0.01614	0.02062	0.01972	0.01255	0.04214	0.65752	0.03317	0.03228	0.02959	0.02421	0.01076	0.00807	0.00269	0.00628	0.00897	0.00807	0.01255
1	0.03061	0.02146	0.02333	0.01789	0.02422	0.02347	0.01478	0.59289	0.03602	0.10427	0.02010	0.01973	0.01402	0.00954	0.00794	0.00239	0.00855	0.00721	0.00810	0.01349
2	0.00953	0.00804	0.00826	0.00820	0.01081	0.00676	0.00615	0.01169	0.01845	0.02232	0.13138	0.07483	0.61702	0.01975	0.00937	0.00266	0.00399	0.01653	0.00748	0.00676
3	0.01153	0.00769	0.00865	0.00865	0.00865	0.00769	0.00480	0.01153	0.01153	0.01538	0.02499	0.05189	0.02883	0.72131	0.04036	0.00769	0.00769	0.01153	0.00480	0.00480
4	0.01922	0.01660	0.01745	0.01574	0.02014	0.01909	0.01223	0.04064	0.62649	0.03260	0.03461	0.03185	0.05548	0.01121	0.00813	0.00269	0.00617	0.00934	0.00803	0.01227
5	0.01644	0.01409	0.01644	0.01175	0.01879	0.01057	0.00940	0.01997	0.01644	0.02584	0.01409	0.01644	0.01175	0.00587	0.00587	0.00117	0.00587	0.00470	0.00470	0.76979
6	0.02713	0.02014	0.02148	0.01702	0.02269	0.02239	0.01388	0.49156	0.14262	0.04546	0.02186	0.02169	0.01588	0.00971	0.00777	0.00239	0.00790	0.00747	0.06812	0.01284
7	0.01308	0.01047	0.01196	0.01144	0.01191	0.04349	0.00777	0.01391	0.01237	0.01658	0.02192	0.04207	0.02404	0.47919	0.15702	0.00784	0.09442	0.01011	0.00451	0.00590
8	0.75097	0.04011	0.01270	0.01054	0.01551	0.01826	0.00876	0.02333	0.01359	0.03499	0.01104	0.01288	0.00864	0.00734	0.00491	0.00243	0.00622	0.00429	0.00485	0.00864
9	0.02342	0.01621	0.01804	0.01566	0.02053	0.01784	0.01234	0.04132	0.50944	0.18343	0.03204	0.02898	0.02314	0.01054	0.00805	0.00263	0.00639	0.00873	0.00848	0.01277
10	0.02243	0.01619	0.01835	0.01425	0.02025	0.01557	0.01140	0.16972	0.14527	0.11457	0.02134	0.02234	0.01623	0.03725	0.00844	0.00217	0.00679	0.00677	0.00674	0.32394
11	0.01972	0.01703	0.01793	0.01614	0.02062	0.01972	0.01255	0.04214	0.65752	0.03317	0.03228	0.02959	0.02421	0.01076	0.00807	0.00269	0.00628	0.00897	0.00807	0.01255
12	0.02364	0.02577	0.02728	0.05563	0.35352	0.26741	0.01996	0.05452	0.05148	0.02471	0.01493	0.01816	0.01224	0.00779	0.00761	0.00227	0.01108	0.00644	0.00435	0.01124
13	0.01122	0.00811	0.01060	0.00998	0.01185	0.00748	0.00748	0.01496	0.02245	0.03180	0.66766	0.05923	0.07482	0.01621	0.00935	0.00249	0.00374	0.01434	0.00873	0.00748
14	0.01532	0.01425	0.02306	0.56795	0.04743	0.01811	0.02053	0.02000	0.01535	0.02054	0.01412	0.02099	0.01102	0.00887	0.01048	0.00273	0.11301	0.00705	0.04048	0.00872
15	0.00984	0.00838	0.00852	0.00851	0.01118	0.00726	0.00637	0.01272	0.04612	0.02189	0.07670	0.10068	0.61481	0.01987	0.00935	0.00270	0.00414	0.01663	0.00739	0.00694
16	0.02948	0.02894	0.02296	0.01913	0.02439	0.32091	0.01508	0.34645	0.05663	0.03564	0.01657	0.01737	0.01248	0.00897	0.00759	0.00224	0.01111	0.00631	0.00622	0.01153
17	0.03014	0.02221	0.02380	0.01825	0.02459	0.02459	0.01507	0.64541	0.03728	0.04998	0.01904	0.01904	0.01349	0.00952	0.00793	0.00238	0.00873	0.00714	0.00793	0.01349
18	0.01895	0.01930	0.05769	0.34272	0.18563	0.07007	0.02088	0.07748	0.08150	0.02550	0.01635	0.02070	0.01255	0.00814	0.00785	0.00251	0.01007	0.00704	0.00447	0.01060
19	0.01278	0.00913	0.01278	0.01460	0.01643	0.00913	0.01278	0.01643	0.01825	0.02373	0.04199	0.08945	0.04564	0.02191	0.01095	0.00365	0.00730	0.61847	0.00730	0.00730
20	0.02020	0.01801	0.01954	0.07380	0.05562	0.04936	0.01412	0.06356	0.52067	0.03184	0.02852	0.02731	0.02147	0.01018	0.00800	0.00263	0.00723	0.00847	0.00731	0.01214
21	0.01972	0.01703	0.01793	0.01614	0.02062	0.01972	0.01255	0.04214	0.65752	0.03317	0.03228	0.02959	0.02421	0.01076	0.00807	0.00269	0.00628	0.00897	0.00807	0.01255
22	0.02217	0.27079	0.03304	0.05853	0.02658	0.21076	0.10637	0.02519	0.01756	0.02001	0.01216	0.01569	0.01052	0.00844	0.01003	0.00229	0.13068	0.00584	0.00370	0.00964
23	0.01771	0.06376	0.29989	0.02812	0.03756	0.01995	0.36673	0.02520	0.01780	0.02496	0.01507	0.01911	0.01115	0.00703	0.00842	0.00256	0.01247	0.00771	0.00372	0.01108
24	0.01122	0.00811	0.01060	0.00998	0.01185	0.00748	0.00748	0.01496	0.02245	0.03180	0.66766	0.05923	0.07482	0.01621	0.00935	0.00249	0.00374	0.01434	0.00873	0.00748
25	0.00937	0.00803	0.00803	0.00803	0.01071	0.00669	0.00602	0.01138	0.01807	0.02142	0.08033	0.07632	0.66863	0.02008	0.00937	0.00268	0.00402	0.01674	0.00736	0.00669
26	0.05542	0.02564	0.28267	0.01828	0.02561	0.01719	0.04554	0.13204	0.08761	0.05172	0.12278	0.05567	0.02456	0.01036	0.00802	0.00254	0.00871	0.00861	0.00596	0.01107
27	0.01860	0.02223	0.07404	0.03296	0.04114	0.01998	0.61665	0.02539	0.01863	0.02539	0.01596	0.02119	0.01195	0.00672	0.00928	0.00267	0.01330	0.00921	0.00398	0.01074
28	0.00966	0.00690	0.00920	0.01104	0.01150	0.00644	0.00736	0.01104	0.01518	0.02024	0.04371	0.71614	0.05245	0.02484	0.01012	0.00322	0.00460	0.02254	0.00736	0.00644
29	0.00966	0.00690	0.00920	0.01104	0.01150	0.00644	0.00736	0.01104	0.01518	0.02024	0.04371	0.71614	0.05245	0.02484	0.01012	0.00322	0.00460	0.02254	0.00736	0.00644
30	0.02272	0.02641	0.02844	0.02560	0.08737	0.28906	0.13208	0.02577	0.01804	0.02102	0.01261	0.01709	0.01083	0.00963	0.01370	0.00265	0.23685	0.00666	0.00386	0.00962
31	0.01963	0.01884	0.03219	0.04867	0.67185	0.01884	0.02434	0.02434	0.01806	0.02591	0.01492	0.01963	0.01256	0.00707	0.00785	0.00236	0.00942	0.00707	0.00393	0.01256
32	0.01153	0.00769	0.00865	0.00865	0.00865	0.00769	0.00480	0.01153	0.01153	0.01538	0.02499	0.05189	0.02883	0.72131	0.04036	0.00769	0.00769	0.01153	0.00480	0.00480
33	0.01963	0.01884	0.03219	0.04867	0.67185	0.01884	0.02434	0.02434	0.01806	0.02591	0.01492	0.01963	0.01256	0.00707	0.00785	0.00236	0.00942	0.00707	0.00393	0.01256
34	0.00972	0.00805	0.00852	0.00840	0.01092	0.00684	0.00630	0.01205	0.01890	0.02337	0.19073	0.07310	0.55702	0.01936	0.00937	0.00264	0.00396	0.01629	0.00762	0.00684
35	0.01611	0.03957	0.63355	0.02340	0.03485	0.01854	0.07452	0.02513	0.01689	0.02513	0.01436	0.01708	0.01019	0.00747	0.00767	0.00252	0.01184	0.00612	0.00340	0.01164
36	0.02962	0.03779	0.02247	0.02043	0.02451	0.68948	0.01532	0.03166	0.02247	0.01941	0.01226	0.01430	0.01021	0.00817	0.00715	0.00204	0.01430	0.00511	0.00409	0.00919
37	0.02213	0.65318	0.03971	0.01405	0.02079	0.03067	0.01372	0.08813	0.01831	0.02190	0.01185	0.01337	0.01052	0.00707	0.00538	0.00177	0.00851	0.00454	0.00386	0.01052
38	0.01644	0.01409	0.01644	0.01175	0.01879	0.01057	0.00940	0.01997	0.01644	0.02584	0.01409	0.01644	0.01175	0.00587	0.00587	0.00117	0.00587	0.00470	0.00470	0.76979
39	0.02166	0.02514	0.08597	0.02703	0.05676	0.14567	0.30464	0.10648	0.02131	0.02707	0.01672	0.02296	0.01356	0.00863	0.00948	0.00259	0.04683	0.04222	0.00464	0.01064
40	0.01590	0.04102	0.68023	0.02260	0.03432	0.01842	0.02930	0.02511	0.01674	0.02511	0.01423	0.01674	0.01005	0.00753	0.00753	0.00251	0.01172	0.00586	0.00335	0.01172
41	0.01153	0.00769	0.00865	0.00865	0.00865	0.00769	0.00480	0.01153	0.01153	0.01538	0.02499	0.05189	0.02883	0.72131	0.04036	0.00769	0.00769	0.01153	0.00480	0.00480
42	0.03529	0.01396	0.01869	0.01433	0.02048	0.01235	0.01184	0.07129	0.02348	0.64359	0.03063	0.02656	0.01930	0.00980	0.00797	0.00245	0.00685	0.00793	0.00971	0.01349
43	0.00966	0.00690	0.00920	0.01104	0.01150	0.00644	0.00736	0.01104	0.01518	0.02024	0.04371	0.71614	0.05245	0.02484	0.01012	0.00322	0.00460	0.02254	0.00736	0.00644
44	0.01133	0.00850	0.01274	0.01274	0.01416	0.00991	0.00991	0.01416	0.01274	0.01841	0.02124	0.03115	0.01982	0.05947	0.68989	0.01274	0.02124	0.00850	0.00425	0.00708
45	0.01546	0.00804	0.00811	0.00787	0.00991	0.00815	0.00596	0.04609	0.01754	0.03046	0.02557	0.02910	0.02002	0.00925	0.00565	0.00187	0.00392	0.00738	0.73198	0.00766
46	0.01015	0.00798	0.00917	0.00905	0.01123	0.00700	0.00672	0.01281	0.01963	0.02556	0.31668	0.11800	0.38001	0.01887	0.00942	0.00264	0.00395	0.01620	0.00792	0.00700
47	0.01735	0.01735	0.02429	0.02082	0.02082	0.02429	0.01735	0.01908	0.01214	0.01908	0.01041	0.01735	0.01041	0.01388	0.02602	0.00347	0.70680	0.00694	0.00347	0.00867
48	0.01855	0.02107	0.04578	0.06288	0.04202	0.01995	0.61570	0.02517	0.01859	0.02517	0.01596	0.02138	0.01197	0.00674	0.00930	0.00267	0.01325	0.00926	0.00399	0.01061
49	0.02855	0.02123	0.02270	0.01762	0.02369	0.02344	0.01449	0.58139	0.06970	0.04765	0.02280	0.02246	0.04667	0.01011	0.00801	0.00241	0.00836	0.00772	0.00791	0.01310
50	0.77733	0.01534	0.01166	0.01043	0.01534	0.01779	0.00859	0.02331	0.01350	0.03558	0.01104	0.01288	0.00859	0.00736	0.00491	0.00245	0.00613	0.00429	0.00491	0.00859
51	0.01590	0.04102	0.68023	0.02260	0.03432	0.01842	0.02930	0.02511	0.01674	0.02511	0.01423	0.01674	0.01005	0.00753	0.00753	0.00251	0.01172	0.00586	0.00335	0.01172
52	0.01902	0.01822	0.03109	0.13384	0.59142	0.01868	0.02404	0.02381	0.01777	0.02517	0.01481	0.01982	0.01230	0.00718	0.00786	0.00239	0.00957	0.00706	0.00387	0.01207
53	0.01614	0.01529	0.02590	0.53804	0.20970	0.01793	0.02260	0.02128	0.01641	0.02168	0.01430	0.02076	0.01107	0.00771	0.00791	0.00257	0.01028	0.00705	0.00362	0.00975
54	0.01914	0.01835	0.03132	0.11637	0.60792	0.01871	0.02410	0.02391	0.01783	0.02532	0.01483	0.01978	0.01235	0.00715	0.00786	0.00238	0.00954	0.00706	0.00388	0.01217
55	0.00979	0.00699	0.00935	0.01119	0.01171	0.00655	0.00759	0.01127	0.01531	0.02039	0.04363	0.68992	0.05216	0.02472	0.01016	0.00324	0.00471	0.04747	0.00736	0.00648
56	0.09626	0.02151	0.02121	0.01678	0.02245	0.07250	0.01370	0.49000	0.03227	0.04465	0.01839	0.01902	0.01338	0.00920	0.00740	0.00232	0.00848	0.00675	0.07153	0.01220
57	0.06431	0.15565	0.02556	0.01801	0.02288	0.33800	0.01458	0.14281	0.02295	0.05762	0.01403	0.01564	0.01120	0.00859	0.00810	0.00218	0.05710	0.00555	0.00495	0.01031
58	0.10167	0.01762	0.02250	0.17633	0.14157	0.01964	0.01670	0.25613	0.04499	0.03421	0.01801	0.04712	0.01471	0.04366	0.00926	0.00274	0.00870	0.00766	0.00575	0.01104
59	0.02097	0.69662	0.06902	0.01396	0.02095	0.03082	0.01425	0.02380	0.01614	0.01893	0.01116	0.01289	0.01017	0.00682	0.00519	0.00173	0.00862	0.00431	0.00339	0.01024
60	0.01382	0.01292	0.02349	0.03948	0.02349	0.01307	0.21723	0.01723	0.01568	0.02135	0.02705	0.24725	0.02875	0.08721	0.09478	0.00462	0.05634	0.04294	0.00528	0.00802
61	0.01644	0.01409	0.01644	0.01175	0.01879	0.01057	0.00940	0.01997	0.01644	0.02584	0.01409	0.01644	0.01175	0.00587	0.00587	0.00117	0.00587	0.00470	0.00470	0.76979
62	0.00966	0.00690	0.00920	0.01104	0.01150	0.00644	0.00736	0.01104	0.01518	0.02024	0.04371	0.71614	0.05245	0.02484	0.01012	0.00322	0.00460	0.02254	0.00736	0.00644
63	0.01337	0.00689	0.01022	0.01040	0.01045	0.00684	0.00693	0.01040	0.01081	0.01441	0.01673	0.09245	0.01759	0.02728	0.02893	0.69363	0.00666	0.00843	0.00383	0.00374
64	0.01590	0.04102	0.68023	0.02260	0.03432	0.01842	0.02930	0.02511	0.01674	0.02511	0.01423	0.01674	0.01005	0.00753	0.00753	0.00251	0.01172	0.00586	0.00335	0.01172
65	0.01498	0.01409	0.02378	0.70226	0.05462	0.01762	0.02202	0.02026	0.01586	0.02026	0.01409	0.02114	0.01057	0.00793	0.00793	0.00264	0.01057	0.00705	0.00352	0.00881
66	0.01012	0.00784	0.00887	0.00898	0.01081	0.00697	0.00639	0.01217	0.01781	0.02284	0.20211	0.15999	0.36219	0.11125	0.01351	0.00337	0.00451	0.01633	0.00734	0.00659
67	0.00973	0.00695	0.00926	0.01100	0.01152	0.00648	0.00737	0.01121	0.01549	0.02073	0.07008	0.68837	0.05339	0.02448	0.01009	0.00319	0.00456	0.02220	0.00742	0.00648
68	0.01843	0.02089	0.04547	0.03262	0.04039	0.01966	0.61849	0.02497	0.01848	0.02513	0.01624	0.02177	0.01233	0.00873	0.03575	0.00306	0.01367	0.00932	0.00402	0.01055
69	0.77733	0.01534	0.01166	0.01043	0.01534	0.01779	0.00859	0.02331	0.01350	0.03558	0.01104	0.01288	0.00859	0.00736	0.00491	0.00245	0.00613	0.00429	0.00491	0.00859
70	0.01644	0.01409	0.01644	0.01175	0.01879	0.01057	0.00940	0.01997	0.01644	0.02584	0.01409	0.01644	0.01175	0.00587	0.00587	0.00117	0.00587	0.00470	0.00470	0.76979
71	0.03064	0.02142	0.02331	0.01787	0.02420	0.02342	0.01476	0.59032	0.03596	0.10694	0.02015	0.01976	0.01404	0.00955	0.00794	0.00239	0.00855	0.00722	0.00810	0.01349
72	0.02012	0.38038	0.25856	0.01849	0.02676	0.09446	0.05472	0.02513	0.01713	0.02133	0.01253	0.01475	0.01024	0.00718	0.00638	0.00207	0.01047	0.00517	0.00348	0.01063
73	0.02332	0.40817	0.03194	0.01492	0.02082	0.08391	0.01333	0.19074	0.02220	0.02710	0.01697	0.01935	0.03991	0.04665	0.00811	0.00227	0.00882	0.00602	0.00492	0.01055
74	0.00991	0.00841	0.00859	0.00848	0.01119	0.00728	0.00638	0.01287	0.04507	0.02250	0.11153	0.07339	0.60810	0.01947	0.00932	0.00267	0.00410	0.01628	0.00747	0.00698
75	0.01458	0.00943	0.01312	0.01430	0.01649	0.00924	0.01239	0.01819	0.01886	0.07848	0.07647	0.08255	0.04513	0.02058	0.01062	0.00349	0.00705	0.53361	0.00759	0.00783
76	0.01888	0.01808	0.03083	0.15389	0.57248	0.01864	0.02396	0.02368	0.01770	0.02500	0.01478	0.01987	0.01224	0.00720	0.00786	0.00240	0.00961	0.00706	0.00386	0.01196
77	0.01058	0.00834	0.00962	0.01010	0.01236	0.00750	0.00803	0.01311	0.01820	0.02263	0.11141	0.07784	0.41845	0.04838	0.01107	0.00315	0.00509	0.18994	0.00735	0.00685
78	0.01153	0.00769	0.00865	0.00865	0.00865	0.00769	0.00480	0.01153	0.01153	0.01538	0.02499	0.05189	0.02883	0.72131	0.04036	0.00769	0.00769	0.01153	0.00480	0.00480
79	0.00966	0.00690	0.00920	0.01104	0.01150	0.00644	0.00736	0.01104	0.01518	0.02024	0.04371	0.71614	0.05245	0.02484	0.01012	0.00322	0.00460	0.02254	0.00736	0.00644
80	0.01256	0.00903	0.01247	0.01411	0.01598	0.00895	0.01225	0.01614	0.01843	0.02398	0.07062	0.08757	0.07448	0.02158	0.01081	0.00356	0.00700	0.56582	0.00737	0.00728
81	0.02127	0.65688	0.07682	0.01438	0.02133	0.05979	0.01454	0.02417	0.01643	0.01905	0.01126	0.01302	0.01017	0.00689	0.00532	0.00176	0.00892	0.00437	0.00342	0.01022
82	0.06042	0.01254	0.01631	0.13445	0.02419	0.01366	0.01375	0.02562	0.15997	0.09954	0.05893	0.05162	0.03101	0.01457	0.00904	0.00301	0.00736	0.24746	0.00702	0.00950
83	0.02081	0.51133	0.06242	0.01557	0.02114	0.08497	0.01480	0.02347	0.01598	0.01904	0.01150	0.01430	0.01052	0.00968	0.03048	0.00238	0.11338	0.00492	0.00349	0.00983
84	0.01590	0.04102	0.68023	0.02260	0.03432	0.01842	0.02930	0.02511	0.01674	0.02511	0.01423	0.01674	0.01005	0.00753	0.00753	0.00251	0.01172	0.00586	0.00335	0.01172
