[name]
unknown

[dist]
# distance from previous block
# <min> <max>
0	51

[block]
# block no. 0 follows, 21 sequences, length 98
# corresponding to MSA columns:
# 56-153
name=unknown_A
#
# <colnr> <probs for GDERKNQSTAVLIFYWHMCP>
#	G	D	E	R	K	N	Q	S	T	A	V	L	I	F	Y	W	H	M	C	P
0	0.07488	0.01723	0.04999	0.12101	0.02766	0.01621	0.01486	0.13433	0.02408	0.26548	0.05041	0.02560	0.01895	0.00976	0.00804	0.00250	0.00809	0.00783	0.04447	0.07860
1	0.02675	0.07794	0.26105	0.01906	0.02766	0.01919	0.02009	0.14233	0.02380	0.22735	0.02230	0.02343	0.01571	0.04355	0.00987	0.00286	0.00983	0.00743	0.00678	0.01304
2	0.08010	0.11981	0.25366	0.01901	0.05858	0.01814	0.01906	0.02691	0.01911	0.13359	0.08190	0.02603	0.02100	0.04040	0.00927	0.00276	0.00910	0.00764	0.04251	0.01143
3	0.05197	0.01322	0.01673	0.01944	0.13705	0.01311	0.01222	0.02400	0.12266	0.07818	0.09642	0.08374	0.23447	0.01508	0.00902	0.00275	0.00617	0.01286	0.04067	0.01022
4	0.02001	0.06208	0.12474	0.08793	0.06814	0.02153	0.01888	0.07734	0.20420	0.02958	0.02114	0.02359	0.01656	0.01291	0.04362	0.00332	0.10587	0.00776	0.00571	0.04509
5	0.01471	0.00816	0.01278	0.01219	0.01262	0.00808	0.03591	0.01194	0.01181	0.01576	0.01693	0.05719	0.01735	0.06167	0.03167	0.64679	0.00765	0.00851	0.00398	0.00428
6	0.02351	0.01921	0.02043	0.01757	0.02274	0.02184	0.01388	0.18592	0.45734	0.03999	0.05969	0.03044	0.02568	0.01149	0.00869	0.00279	0.00726	0.00941	0.00866	0.01346
7	0.01298	0.04410	0.01569	0.01399	0.01575	0.01239	0.01109	0.01599	0.01429	0.02045	0.04949	0.03311	0.02293	0.05665	0.57496	0.01213	0.05237	0.00909	0.00469	0.00786
8	0.02603	0.01964	0.02316	0.02262	0.11165	0.02150	0.01588	0.19716	0.31945	0.10689	0.02805	0.02688	0.02057	0.01052	0.00858	0.00272	0.00798	0.00869	0.00820	0.01385
9	0.72322	0.01786	0.04526	0.01186	0.01749	0.01913	0.01035	0.02511	0.01466	0.03761	0.01202	0.01404	0.00930	0.00791	0.00541	0.00264	0.00689	0.00469	0.00518	0.00939
10	0.02047	0.01194	0.01650	0.01486	0.01811	0.01135	0.04546	0.08157	0.02130	0.18564	0.06791	0.33939	0.04058	0.04507	0.01124	0.00329	0.00671	0.04035	0.00838	0.00988
11	0.01437	0.01020	0.01336	0.06480	0.01766	0.01000	0.01006	0.01955	0.06083	0.06788	0.43329	0.05989	0.11840	0.01666	0.00984	0.00279	0.00521	0.04770	0.00872	0.00877
12	0.71554	0.01692	0.01332	0.01172	0.01708	0.01955	0.00965	0.06213	0.01608	0.03915	0.01239	0.01424	0.00954	0.00804	0.00547	0.00263	0.00676	0.00480	0.00547	0.00954
13	0.02009	0.02296	0.05022	0.03587	0.04448	0.02152	0.61693	0.02726	0.02009	0.02726	0.01722	0.02296	0.01291	0.00717	0.01004	0.00287	0.01435	0.01004	0.00430	0.01148
14	0.02848	0.07538	0.02462	0.01753	0.02402	0.02308	0.01450	0.38836	0.08672	0.08217	0.02098	0.02131	0.01542	0.01037	0.00895	0.03066	0.00853	0.00732	0.00766	0.10395
15	0.01819	0.06603	0.45370	0.02723	0.03843	0.02087	0.20165	0.02698	0.01856	0.02675	0.01569	0.01924	0.01141	0.00778	0.00855	0.00271	0.01295	0.00731	0.00380	0.01219
16	0.01478	0.00739	0.01109	0.01109	0.01109	0.00739	0.00739	0.01109	0.01109	0.01478	0.01478	0.02587	0.01478	0.02956	0.03326	0.75240	0.00739	0.00739	0.00370	0.00370
17	0.02889	0.02101	0.02291	0.01755	0.02421	0.02207	0.01440	0.45636	0.03435	0.07807	0.02447	0.02436	0.05486	0.01034	0.00826	0.00237	0.00845	0.00795	0.00803	0.13110
18	0.01756	0.06711	0.46273	0.02345	0.05992	0.01855	0.05141	0.02553	0.01854	0.04880	0.05507	0.07510	0.01904	0.01010	0.00841	0.00271	0.01108	0.00846	0.00458	0.01184
19	0.01316	0.01049	0.01449	0.01398	0.01486	0.01235	0.01053	0.01535	0.01486	0.02121	0.09415	0.12921	0.03248	0.15445	0.27367	0.00821	0.14147	0.01215	0.00550	0.00745
20	0.01238	0.00825	0.00928	0.00928	0.00928	0.00825	0.00516	0.01238	0.01238	0.01650	0.02681	0.05569	0.03094	0.70092	0.04331	0.00825	0.00825	0.01238	0.00516	0.00516
21	0.01844	0.01560	0.01807	0.01298	0.02050	0.01216	0.01041	0.05371	0.01885	0.02913	0.01541	0.01780	0.01271	0.00651	0.00642	0.00133	0.00647	0.00518	0.00523	0.71308
22	0.02053	0.43400	0.25533	0.01840	0.02706	0.02838	0.02066	0.02568	0.01726	0.02245	0.01298	0.01546	0.01089	0.00803	0.00777	0.00224	0.05253	0.00533	0.00363	0.01139
23	0.01586	0.00793	0.00793	0.00793	0.00991	0.00793	0.00595	0.01983	0.01785	0.03173	0.02776	0.03173	0.02181	0.00991	0.00595	0.00198	0.00397	0.00793	0.74817	0.00793
24	0.63732	0.01614	0.01394	0.03535	0.01866	0.01820	0.01017	0.02712	0.01590	0.12056	0.01489	0.01618	0.01089	0.00828	0.00582	0.00264	0.00684	0.00524	0.00592	0.00993
25	0.76103	0.01646	0.01251	0.01119	0.01646	0.01909	0.00922	0.02502	0.01448	0.03818	0.01185	0.01382	0.00922	0.00790	0.00527	0.00263	0.00658	0.00461	0.00527	0.00922
26	0.02486	0.02155	0.02061	0.01765	0.02246	0.10047	0.01370	0.21474	0.30638	0.03708	0.02678	0.02905	0.02121	0.09000	0.01248	0.00332	0.00877	0.00883	0.00769	0.01238
27	0.11016	0.02497	0.06321	0.01893	0.02577	0.06561	0.01624	0.45600	0.03419	0.07404	0.01928	0.01961	0.01373	0.00975	0.00808	0.00255	0.00956	0.00715	0.00768	0.01349
28	0.02009	0.02296	0.05022	0.03587	0.04448	0.02152	0.61693	0.02726	0.02009	0.02726	0.01722	0.02296	0.01291	0.00717	0.01004	0.00287	0.01435	0.01004	0.00430	0.01148
29	0.03235	0.02384	0.02554	0.01958	0.02639	0.02639	0.01618	0.61946	0.04001	0.05363	0.02043	0.02043	0.01447	0.01022	0.00851	0.00255	0.00936	0.00766	0.00851	0.01447
30	0.01765	0.01513	0.01765	0.01260	0.02017	0.01134	0.01008	0.02143	0.01765	0.02773	0.01513	0.01765	0.01260	0.00630	0.00630	0.00126	0.00630	0.00504	0.00504	0.75295
31	0.01126	0.00867	0.01029	0.00988	0.01223	0.00770	0.00741	0.01454	0.02224	0.02973	0.42363	0.07080	0.30276	0.01904	0.01005	0.00275	0.00413	0.01640	0.00879	0.00770
32	0.02470	0.51579	0.06598	0.01677	0.02357	0.18695	0.01575	0.02761	0.01898	0.02052	0.01230	0.01425	0.01092	0.00768	0.00611	0.00195	0.01077	0.00485	0.00382	0.01074
33	0.01198	0.00876	0.01129	0.01083	0.01290	0.00807	0.00824	0.01584	0.02345	0.03274	0.56419	0.06691	0.12339	0.01808	0.01014	0.00276	0.00426	0.04905	0.00916	0.00795
34	0.01621	0.26282	0.06344	0.01281	0.01767	0.01840	0.01177	0.02061	0.04620	0.02642	0.23891	0.04503	0.16155	0.01375	0.00821	0.00242	0.00656	0.01118	0.00662	0.00942
35	0.02182	0.01860	0.01961	0.01745	0.02238	0.02147	0.01363	0.07862	0.59800	0.03665	0.03381	0.03109	0.02531	0.01147	0.00865	0.00287	0.00689	0.00951	0.00865	0.01353
36	0.02555	0.01969	0.02191	0.07076	0.02646	0.02226	0.01514	0.23799	0.34706	0.07657	0.02820	0.02703	0.02062	0.01079	0.00859	0.00275	0.00802	0.00873	0.00833	0.01355
37	0.02066	0.02050	0.04222	0.09863	0.07759	0.01968	0.44182	0.02694	0.01987	0.07632	0.01984	0.05960	0.01578	0.00865	0.00972	0.00286	0.01272	0.01030	0.00494	0.01138
38	0.02255	0.01725	0.01881	0.01666	0.02149	0.01935	0.01302	0.04297	0.52459	0.10655	0.07252	0.03342	0.02880	0.01179	0.00873	0.00284	0.00662	0.00986	0.00892	0.01325
39	0.01840	0.01759	0.03080	0.10064	0.39670	0.01767	0.09374	0.02307	0.01864	0.02599	0.02208	0.15259	0.02154	0.01133	0.00910	0.00278	0.00973	0.01111	0.00490	0.01159
40	0.01350	0.01104	0.01604	0.01527	0.01641	0.01371	0.01205	0.01616	0.01349	0.01976	0.02057	0.03134	0.01961	0.08119	0.50857	0.01139	0.15872	0.00891	0.00441	0.00785
41	0.02214	0.63471	0.11056	0.01561	0.02346	0.03217	0.01638	0.02564	0.01736	0.02077	0.01220	0.01412	0.01091	0.00737	0.00574	0.00191	0.00948	0.00474	0.00364	0.01110
42	0.01916	0.01549	0.01809	0.01302	0.02051	0.01207	0.01046	0.04904	0.01893	0.05485	0.01613	0.01824	0.01304	0.00665	0.00649	0.00138	0.00648	0.00531	0.00543	0.68926
43	0.08671	0.02204	0.02412	0.08463	0.02856	0.02474	0.01620	0.47688	0.07368	0.04810	0.02015	0.02087	0.01449	0.00995	0.00827	0.00261	0.00918	0.00754	0.00780	0.01350
44	0.01037	0.00741	0.00987	0.01185	0.01234	0.00691	0.00790	0.01185	0.01629	0.02172	0.04690	0.69537	0.05629	0.02666	0.01086	0.00346	0.00494	0.02419	0.00790	0.00691
45	0.04706	0.01369	0.01527	0.01360	0.01782	0.01382	0.01076	0.08128	0.16743	0.09946	0.09534	0.07823	0.19303	0.01555	0.00918	0.00281	0.00615	0.05736	0.00827	0.05388
46	0.01729	0.01644	0.05461	0.01317	0.02071	0.01164	0.01121	0.02144	0.01804	0.02806	0.05167	0.02034	0.01644	0.00705	0.00662	0.00143	0.00654	0.00572	0.00521	0.66638
47	0.01148	0.00835	0.01082	0.01090	0.01255	0.00768	0.00791	0.01472	0.02173	0.03018	0.45226	0.23511	0.10427	0.02012	0.01026	0.00290	0.00428	0.01791	0.00889	0.00768
48	0.02056	0.01932	0.02960	0.10036	0.03329	0.02086	0.19981	0.06692	0.31751	0.03201	0.02665	0.02985	0.02053	0.01024	0.00918	0.00290	0.00979	0.03168	0.00672	0.01223
49	0.01722	0.01467	0.01719	0.01256	0.01971	0.01109	0.00996	0.02087	0.01757	0.02738	0.01698	0.05723	0.01516	0.00749	0.00657	0.00139	0.00622	0.00616	0.00521	0.70938
50	0.01136	0.00880	0.01333	0.01401	0.01524	0.00826	0.05676	0.01345	0.01681	0.02240	0.04442	0.60345	0.05236	0.02491	0.01085	0.00344	0.00587	0.05934	0.00761	0.00733
51	0.76103	0.01646	0.01251	0.01119	0.01646	0.01909	0.00922	0.02502	0.01448	0.03818	0.01185	0.01382	0.00922	0.00790	0.00527	0.00263	0.00658	0.00461	0.00527	0.00922
52	0.01216	0.00912	0.01368	0.01368	0.01520	0.01064	0.01064	0.01520	0.01368	0.01976	0.02279	0.03343	0.02127	0.06382	0.66720	0.01368	0.02279	0.00912	0.00456	0.00760
53	0.13399	0.08384	0.06199	0.01853	0.02520	0.10658	0.01598	0.37615	0.03117	0.04289	0.01726	0.01813	0.01277	0.00933	0.00766	0.00247	0.00989	0.00661	0.00683	0.01273
54	0.01997	0.02261	0.04829	0.03479	0.04271	0.02188	0.56929	0.02672	0.01952	0.02672	0.01674	0.02261	0.01277	0.00779	0.01147	0.00294	0.06777	0.00984	0.00426	0.01131
55	0.01739	0.01639	0.02236	0.01896	0.02076	0.02058	0.01559	0.01984	0.01409	0.02186	0.01383	0.02077	0.01307	0.02090	0.12502	0.00480	0.44014	0.00722	0.00413	0.16230
56	0.61484	0.01897	0.01476	0.03634	0.01942	0.07883	0.01080	0.04920	0.03737	0.03651	0.01319	0.01514	0.01022	0.00821	0.00584	0.00261	0.00767	0.00508	0.00537	0.00963
57	0.02785	0.03409	0.02459	0.09685	0.02933	0.48854	0.01762	0.03039	0.02150	0.02088	0.01305	0.01672	0.01104	0.00974	0.01107	0.00252	0.12425	0.00604	0.00421	0.00973
58	0.01999	0.07971	0.13634	0.15752	0.17118	0.06172	0.20028	0.02620	0.01904	0.02530	0.01557	0.02050	0.01212	0.00777	0.00858	0.00264	0.01224	0.00773	0.00402	0.01155
59	0.01707	0.01451	0.01703	0.01254	0.01954	0.01099	0.00991	0.02067	0.01754	0.02725	0.01766	0.07160	0.01608	0.00792	0.00667	0.00144	0.00619	0.00657	0.00527	0.69355
60	0.01238	0.00825	0.00928	0.00928	0.00928	0.00825	0.00516	0.01238	0.01238	0.01650	0.02681	0.05569	0.03094	0.70092	0.04331	0.00825	0.00825	0.01238	0.00516	0.00516
61	0.02164	0.01739	0.01849	0.01624	0.02109	0.01941	0.01274	0.10875	0.44760	0.06256	0.04031	0.03749	0.11324	0.01278	0.00884	0.00283	0.00672	0.01054	0.00861	0.01273
62	0.01086	0.00776	0.01041	0.01223	0.01298	0.00731	0.00859	0.01277	0.01713	0.02289	0.08152	0.58851	0.05683	0.02575	0.01092	0.00346	0.00522	0.08978	0.00798	0.00709
63	0.02076	0.01628	0.01961	0.01704	0.02055	0.01891	0.01364	0.21969	0.11035	0.03340	0.02366	0.06293	0.02042	0.03105	0.24705	0.00677	0.09115	0.00933	0.00653	0.01086
64	0.03179	0.04056	0.02412	0.02192	0.02631	0.66676	0.01644	0.03398	0.02412	0.02083	0.01315	0.01535	0.01096	0.00877	0.00767	0.00219	0.01535	0.00548	0.00438	0.00987
65	0.03185	0.03881	0.02427	0.02168	0.02632	0.59963	0.01641	0.09535	0.02578	0.02427	0.01392	0.01588	0.01133	0.00892	0.00776	0.00223	0.01472	0.00571	0.00482	0.01035
66	0.72894	0.01640	0.01307	0.04002	0.01827	0.01908	0.00984	0.02487	0.01459	0.03747	0.01199	0.01421	0.00931	0.00793	0.00541	0.00264	0.00679	0.00474	0.00520	0.00923
67	0.01862	0.01862	0.02607	0.02234	0.02234	0.02607	0.01862	0.02048	0.01303	0.02048	0.01117	0.01862	0.01117	0.01489	0.02793	0.00372	0.68535	0.00745	0.00372	0.00931
68	0.02117	0.01828	0.01924	0.01732	0.02213	0.02117	0.01347	0.04522	0.63246	0.03560	0.03464	0.03175	0.02598	0.01155	0.00866	0.00289	0.00673	0.00962	0.00866	0.01347
69	0.01753	0.00991	0.01313	0.01164	0.01460	0.00897	0.00897	0.02139	0.02415	0.16414	0.51539	0.05631	0.06787	0.01596	0.00973	0.00267	0.00469	0.01396	0.00961	0.00938
70	0.04197	0.02057	0.20764	0.01622	0.02214	0.01275	0.05408	0.01962	0.02034	0.02873	0.23385	0.05121	0.17651	0.01484	0.00937	0.00280	0.00762	0.04353	0.00674	0.00946
71	0.01170	0.00897	0.01096	0.01172	0.01397	0.00824	0.00943	0.01471	0.01991	0.02538	0.14745	0.12837	0.30506	0.02204	0.01073	0.00327	0.00560	0.22688	0.00809	0.00752
72	0.02045	0.03214	0.35352	0.02037	0.03023	0.01933	0.02266	0.14308	0.06158	0.03290	0.01749	0.01926	0.01287	0.00834	0.00782	0.00237	0.01021	0.00650	0.00520	0.17368
73	0.01066	0.00762	0.01021	0.01219	0.01281	0.00717	0.00841	0.01236	0.01658	0.02205	0.04674	0.64271	0.05564	0.02638	0.01094	0.00350	0.00519	0.07395	0.00789	0.00699
74	0.01757	0.01513	0.01804	0.04575	0.02208	0.01172	0.01076	0.02144	0.01762	0.02743	0.01513	0.01790	0.01254	0.00641	0.00641	0.00134	0.00655	0.00517	0.00498	0.71605
75	0.08002	0.11064	0.31741	0.02025	0.02878	0.05966	0.02215	0.12007	0.02154	0.03096	0.05425	0.02027	0.01563	0.00937	0.00900	0.00260	0.05391	0.00677	0.00493	0.01177
76	0.01618	0.00870	0.01224	0.01176	0.01230	0.00890	0.00809	0.05952	0.01339	0.01788	0.01523	0.02544	0.01476	0.02802	0.03129	0.69270	0.00755	0.00741	0.00408	0.00455
77	0.01371	0.00980	0.01371	0.01567	0.01763	0.00980	0.01371	0.01763	0.01959	0.02547	0.04506	0.09599	0.04898	0.02351	0.01175	0.00392	0.00784	0.59056	0.00784	0.00784
78	0.67234	0.01712	0.01382	0.01211	0.01748	0.01976	0.00995	0.07318	0.04214	0.03930	0.01348	0.01509	0.01033	0.00824	0.00567	0.00264	0.00681	0.00506	0.00567	0.00981
79	0.01082	0.00787	0.01005	0.01112	0.01219	0.00726	0.00764	0.01287	0.01819	0.02441	0.18540	0.45579	0.12229	0.05745	0.01220	0.00346	0.00483	0.02095	0.00810	0.00711
80	0.49392	0.01717	0.03924	0.04683	0.02172	0.01764	0.03735	0.02894	0.01732	0.18330	0.01754	0.01841	0.01236	0.00853	0.00651	0.00266	0.00752	0.00599	0.00635	0.01070
81	0.76103	0.01646	0.01251	0.01119	0.01646	0.01909	0.00922	0.02502	0.01448	0.03818	0.01185	0.01382	0.00922	0.00790	0.00527	0.00263	0.00658	0.00461	0.00527	0.00922
82	0.01037	0.00741	0.00987	0.01185	0.01234	0.00691	0.00790	0.01185	0.01629	0.02172	0.04690	0.69537	0.05629	0.02666	0.01086	0.00346	0.00494	0.02419	0.00790	0.00691
83	0.01758	0.01513	0.01798	0.04102	0.02180	0.01167	0.01066	0.02144	0.01762	0.02748	0.01513	0.01786	0.01255	0.00640	0.00640	0.00133	0.00652	0.00515	0.00499	0.72132
84	0.01591	0.00844	0.01201	0.01163	0.01207	0.00861	0.00795	0.05005	0.01294	0.01727	0.01514	0.02552	0.01476	0.02832	0.03167	0.70438	0.00752	0.00741	0.00400	0.00439
85	0.01422	0.01292	0.02185	0.07131	0.02389	0.01362	0.14235	0.01714	0.01628	0.02213	0.03096	0.33236	0.03450	0.10163	0.01661	0.00390	0.09396	0.01624	0.00593	0.00819
86	0.01234	0.00839	0.00998	0.00998	0.01022	0.00863	0.00602	0.01282	0.01258	0.01701	0.02618	0.05217	0.02941	0.60030	0.14185	0.00911	0.01055	0.01186	0.00506	0.00554
87	0.02627	0.02082	0.02211	0.01835	0.02407	0.02355	0.01470	0.30715	0.36222	0.04383	0.02816	0.02659	0.02073	0.01094	0.00859	0.00273	0.00793	0.00873	0.00859	0.01393
88	0.03818	0.01448	0.01975	0.01514	0.02172	0.01251	0.01251	0.04147	0.02436	0.65373	0.03357	0.02897	0.02107	0.01053	0.00856	0.00263	0.00724	0.00856	0.01053	0.01448
89	0.01487	0.00934	0.01218	0.01110	0.01366	0.00849	0.00845	0.01872	0.02389	0.10298	0.54739	0.06060	0.10166	0.01683	0.00987	0.00268	0.00439	0.01475	0.00943	0.00871
90	0.02009	0.02296	0.05022	0.03587	0.04448	0.02152	0.61693	0.02726	0.02009	0.02726	0.01722	0.02296	0.01291	0.00717	0.01004	0.00287	0.01435	0.01004	0.00430	0.01148
91	0.01099	0.00785	0.01059	0.01256	0.01333	0.00745	0.00898	0.01293	0.01691	0.02242	0.04656	0.58388	0.05493	0.02607	0.01103	0.00354	0.00548	0.12954	0.00789	0.00708
92	0.01862	0.01862	0.02607	0.02234	0.02234	0.02607	0.01862	0.02048	0.01303	0.02048	0.01117	0.01862	0.01117	0.01489	0.02793	0.00372	0.68535	0.00745	0.00372	0.00931
93	0.01037	0.00741	0.00987	0.01185	0.01234	0.00691	0.00790	0.01185	0.01629	0.02172	0.04690	0.69537	0.05629	0.02666	0.01086	0.00346	0.00494	0.02419	0.00790	0.00691
94	0.01862	0.01862	0.02607	0.02234	0.02234	0.02607	0.01862	0.02048	0.01303	0.02048	0.01117	0.01862	0.01117	0.01489	0.02793	0.00372	0.68535	0.00745	0.00372	0.00931
95	0.01478	0.00739	0.01109	0.01109	0.01109	0.00739	0.00739	0.01109	0.01109	0.01478	0.01478	0.02587	0.01478	0.02956	0.03326	0.75240	0.00739	0.00739	0.00370	0.00370
96	0.76103	0.01646	0.01251	0.01119	0.01646	0.01909	0.00922	0.02502	0.01448	0.03818	0.01185	0.01382	0.00922	0.00790	0.00527	0.00263	0.00658	0.00461	0.00527	0.00922
97	0.03206	0.03260	0.02479	0.02081	0.02635	0.36183	0.01632	0.31278	0.03169	0.03645	0.01662	0.01777	0.01263	0.00946	0.00807	0.00236	0.01250	0.00652	0.00635	0.01206

[dist]
# distance from previous block
# <min> <max>
0	5

[block]
# block no. 1 follows, 21 sequences, length 173
# corresponding to MSA columns:
# 159-331
name=unknown_B
#
# <colnr> <probs for GDERKNQSTAVLIFYWHMCP>
#	G	D	E	R	K	N	Q	S	T	A	V	L	I	F	Y	W	H	M	C	P
0	0.52270	0.01419	0.01231	0.01109	0.01553	0.01568	0.00892	0.02290	0.01731	0.05933	0.16128	0.02940	0.05966	0.01090	0.00674	0.00266	0.00590	0.00793	0.00654	0.00903
1	0.27348	0.01641	0.01684	0.01301	0.01964	0.01558	0.01057	0.08438	0.01930	0.07815	0.01585	0.01743	0.01224	0.00754	0.00633	0.00195	0.00677	0.00541	0.00586	0.37325
2	0.17421	0.01708	0.01847	0.12234	0.02552	0.04288	0.01342	0.18932	0.02494	0.03709	0.15735	0.03193	0.06143	0.01145	0.00814	0.00260	0.00778	0.00909	0.00694	0.03803
3	0.02441	0.02001	0.08176	0.07547	0.02773	0.04582	0.06324	0.05473	0.06360	0.19827	0.04706	0.05331	0.01984	0.01155	0.01257	0.00288	0.14538	0.00887	0.00665	0.03685
4	0.49821	0.01685	0.01541	0.06715	0.02143	0.01964	0.01155	0.03028	0.18374	0.03614	0.01835	0.01945	0.01397	0.00895	0.00646	0.00272	0.00701	0.00622	0.00607	0.01040
5	0.76103	0.01646	0.01251	0.01119	0.01646	0.01909	0.00922	0.02502	0.01448	0.03818	0.01185	0.01382	0.00922	0.00790	0.00527	0.00263	0.00658	0.00461	0.00527	0.00922
6	0.06341	0.02352	0.02498	0.01922	0.02597	0.02608	0.01588	0.59412	0.03892	0.05297	0.02007	0.02015	0.01425	0.01012	0.00837	0.00256	0.00925	0.00753	0.00837	0.01425
7	0.01707	0.04402	0.65683	0.02426	0.03683	0.01976	0.03144	0.02695	0.01797	0.02695	0.01527	0.01797	0.01078	0.00809	0.00809	0.00270	0.01258	0.00629	0.00359	0.01258
8	0.01862	0.01862	0.02607	0.02234	0.02234	0.02607	0.01862	0.02048	0.01303	0.02048	0.01117	0.01862	0.01117	0.01489	0.02793	0.00372	0.68535	0.00745	0.00372	0.00931
9	0.02081	0.01760	0.01874	0.01695	0.02147	0.02016	0.01311	0.07460	0.54260	0.03535	0.03496	0.09185	0.02810	0.01285	0.00885	0.00292	0.00672	0.01084	0.00858	0.01293
10	0.01014	0.00862	0.00874	0.00871	0.01155	0.00722	0.00653	0.01238	0.01960	0.02346	0.10996	0.08112	0.62034	0.02138	0.01006	0.00287	0.00430	0.01785	0.00797	0.00722
11	0.02904	0.24313	0.03035	0.01968	0.02495	0.47405	0.01587	0.03139	0.02204	0.02058	0.01275	0.01483	0.01095	0.00832	0.00700	0.00208	0.01345	0.00520	0.00416	0.01019
12	0.68762	0.05658	0.04178	0.01194	0.01763	0.01994	0.01047	0.02512	0.01479	0.03668	0.01199	0.01399	0.00938	0.00787	0.00540	0.00259	0.00698	0.00468	0.00510	0.00946
13	0.01552	0.01471	0.02536	0.19870	0.03348	0.01650	0.14016	0.01957	0.01701	0.02298	0.02628	0.21691	0.02732	0.01559	0.01290	0.00325	0.11921	0.06019	0.00537	0.00900
14	0.03118	0.02271	0.02429	0.01876	0.02523	0.02509	0.01545	0.57707	0.03845	0.05208	0.02095	0.02123	0.01499	0.01019	0.00833	0.00251	0.00898	0.00768	0.06080	0.01401
15	0.03445	0.01773	0.02143	0.01673	0.02317	0.01768	0.01372	0.21510	0.09994	0.40186	0.02976	0.02673	0.01966	0.01056	0.00856	0.00264	0.00782	0.00841	0.00971	0.01436
16	0.02691	0.31436	0.12167	0.01752	0.02531	0.02670	0.01715	0.20780	0.02521	0.11531	0.01781	0.01835	0.01332	0.00872	0.00717	0.00227	0.00942	0.00627	0.00603	0.01270
17	0.03818	0.01448	0.01975	0.01514	0.02172	0.01251	0.01251	0.04147	0.02436	0.65373	0.03357	0.02897	0.02107	0.01053	0.00856	0.00263	0.00724	0.00856	0.01053	0.01448
18	0.01707	0.04402	0.65683	0.02426	0.03683	0.01976	0.03144	0.02695	0.01797	0.02695	0.01527	0.01797	0.01078	0.00809	0.00809	0.00270	0.01258	0.00629	0.00359	0.01258
19	0.01044	0.00746	0.00994	0.01180	0.01236	0.00696	0.00791	0.01203	0.01662	0.02225	0.07215	0.66863	0.05730	0.02627	0.01083	0.00342	0.00490	0.02382	0.00796	0.00696
20	0.01862	0.01862	0.02607	0.02234	0.02234	0.02607	0.01862	0.02048	0.01303	0.02048	0.01117	0.01862	0.01117	0.01489	0.02793	0.00372	0.68535	0.00745	0.00372	0.00931
21	0.01156	0.00868	0.01071	0.01020	0.01242	0.00782	0.00765	0.01512	0.02295	0.03142	0.50789	0.06803	0.21745	0.01841	0.01004	0.00272	0.00409	0.01602	0.00901	0.00782
22	0.01204	0.00870	0.01138	0.01071	0.01271	0.00803	0.00803	0.01606	0.02409	0.03413	0.64335	0.06357	0.08030	0.01740	0.01004	0.00268	0.00401	0.01539	0.00937	0.00803
23	0.01862	0.01862	0.02607	0.02234	0.02234	0.02607	0.01862	0.02048	0.01303	0.02048	0.01117	0.01862	0.01117	0.01489	0.02793	0.00372	0.68535	0.00745	0.00372	0.00931
24	0.01216	0.00912	0.01368	0.01368	0.01520	0.01064	0.01064	0.01520	0.01368	0.01976	0.02279	0.03343	0.02127	0.06382	0.66720	0.01368	0.02279	0.00912	0.00456	0.00760
25	0.03179	0.04056	0.02412	0.02192	0.02631	0.66676	0.01644	0.03398	0.02412	0.02083	0.01315	0.01535	0.01096	0.00877	0.00767	0.00219	0.01535	0.00548	0.00438	0.00987
26	0.03197	0.02317	0.02497	0.01928	0.02598	0.02556	0.01588	0.56549	0.07169	0.07619	0.02172	0.02138	0.01536	0.01030	0.00852	0.00258	0.00914	0.00780	0.00860	0.01442
27	0.01775	0.08889	0.55803	0.02463	0.03647	0.02091	0.08384	0.02688	0.01811	0.02649	0.01521	0.01812	0.01099	0.00794	0.00808	0.00265	0.01249	0.00651	0.00366	0.01236
28	0.01058	0.00757	0.01006	0.01171	0.01239	0.00705	0.00792	0.01238	0.01727	0.02328	0.12158	0.61627	0.05929	0.02550	0.01076	0.00336	0.00482	0.02309	0.00808	0.00705
29	0.01217	0.00907	0.01343	0.01343	0.01487	0.01050	0.01033	0.01504	0.01360	0.01957	0.02302	0.03468	0.02181	0.09942	0.63234	0.01337	0.02198	0.00930	0.00459	0.00746
30	0.02177	0.01745	0.05816	0.01432	0.02188	0.01332	0.01227	0.05967	0.04621	0.12652	0.01913	0.02018	0.01448	0.00751	0.00699	0.00170	0.00703	0.00601	0.00615	0.51925
31	0.03179	0.04056	0.02412	0.02192	0.02631	0.66676	0.01644	0.03398	0.02412	0.02083	0.01315	0.01535	0.01096	0.00877	0.00767	0.00219	0.01535	0.00548	0.00438	0.00987
32	0.01316	0.00933	0.01182	0.01270	0.01503	0.00869	0.01043	0.01627	0.01972	0.05157	0.09535	0.13900	0.24547	0.02221	0.01088	0.00340	0.00616	0.29290	0.00807	0.00784
33	0.03235	0.02384	0.02554	0.01958	0.02639	0.02639	0.01618	0.61946	0.04001	0.05363	0.02043	0.02043	0.01447	0.01022	0.00851	0.00255	0.00936	0.00766	0.00851	0.01447
34	0.02674	0.01959	0.12170	0.01921	0.05099	0.01516	0.04798	0.03451	0.11176	0.30816	0.08574	0.03430	0.02655	0.01142	0.00890	0.00277	0.00825	0.04514	0.00828	0.01283
35	0.03818	0.01448	0.01975	0.01514	0.02172	0.01251	0.01251	0.04147	0.02436	0.65373	0.03357	0.02897	0.02107	0.01053	0.00856	0.00263	0.00724	0.00856	0.01053	0.01448
36	0.01517	0.01224	0.01879	0.12902	0.12298	0.01283	0.01700	0.01956	0.01935	0.02564	0.06395	0.07080	0.03878	0.01829	0.01062	0.00347	0.00858	0.37725	0.00668	0.00899
37	0.02119	0.01744	0.01960	0.01902	0.05666	0.01969	0.01416	0.04142	0.51518	0.06050	0.03452	0.03703	0.02722	0.01240	0.00893	0.00295	0.00705	0.06366	0.00841	0.01299
38	0.01970	0.02531	0.12389	0.03462	0.06620	0.02140	0.50176	0.02695	0.01956	0.02702	0.01673	0.02212	0.01261	0.00756	0.01033	0.00286	0.03615	0.00940	0.00419	0.01162
39	0.01940	0.01844	0.06219	0.32573	0.20389	0.01827	0.02200	0.04956	0.01911	0.05579	0.01647	0.02150	0.01264	0.00810	0.00816	0.00251	0.01011	0.00720	0.00458	0.11436
40	0.02581	0.48106	0.03767	0.01705	0.02335	0.24770	0.01520	0.02836	0.01960	0.02029	0.01228	0.01422	0.01093	0.00778	0.00621	0.00195	0.01121	0.00487	0.00389	0.01056
41	0.76103	0.01646	0.01251	0.01119	0.01646	0.01909	0.00922	0.02502	0.01448	0.03818	0.01185	0.01382	0.00922	0.00790	0.00527	0.00263	0.00658	0.00461	0.00527	0.00922
42	0.01037	0.00741	0.00987	0.01185	0.01234	0.00691	0.00790	0.01185	0.01629	0.02172	0.04690	0.69537	0.05629	0.02666	0.01086	0.00346	0.00494	0.02419	0.00790	0.00691
43	0.03818	0.01448	0.01975	0.01514	0.02172	0.01251	0.01251	0.04147	0.02436	0.65373	0.03357	0.02897	0.02107	0.01053	0.00856	0.00263	0.00724	0.00856	0.01053	0.01448
44	0.01204	0.00870	0.01138	0.01071	0.01271	0.00803	0.00803	0.01606	0.02409	0.03413	0.64335	0.06357	0.08030	0.01740	0.01004	0.00268	0.00401	0.01539	0.00937	0.00803
45	0.01045	0.00744	0.00985	0.01174	0.01221	0.00697	0.00778	0.01187	0.01613	0.02150	0.04605	0.66807	0.05520	0.05544	0.01225	0.00366	0.00508	0.02369	0.00778	0.00684
46	0.72021	0.01635	0.01292	0.01141	0.01676	0.01872	0.00940	0.02595	0.01504	0.07295	0.01308	0.01468	0.00989	0.00805	0.00545	0.00263	0.00662	0.00483	0.00556	0.00951
47	0.01069	0.00865	0.00950	0.00929	0.01188	0.00745	0.00696	0.01344	0.02089	0.02654	0.26405	0.07605	0.46432	0.02023	0.01005	0.00281	0.00422	0.01714	0.00837	0.00745
48	0.01037	0.00741	0.00987	0.01185	0.01234	0.00691	0.00790	0.01185	0.01629	0.02172	0.04690	0.69537	0.05629	0.02666	0.01086	0.00346	0.00494	0.02419	0.00790	0.00691
49	0.01007	0.00856	0.00869	0.00879	0.01154	0.00717	0.00654	0.01219	0.01923	0.02292	0.08412	0.11447	0.61316	0.02182	0.01010	0.00290	0.00434	0.01829	0.00790	0.00717
50	0.01532	0.03170	0.43169	0.01953	0.02842	0.01567	0.02328	0.02315	0.02010	0.02945	0.23435	0.03387	0.03503	0.01133	0.00877	0.00269	0.00959	0.00946	0.00561	0.01099
51	0.02359	0.01650	0.01841	0.01609	0.02101	0.01799	0.01264	0.04124	0.44478	0.16088	0.07439	0.03529	0.05464	0.01213	0.00878	0.00282	0.00657	0.01012	0.00905	0.01307
52	0.76103	0.01646	0.01251	0.01119	0.01646	0.01909	0.00922	0.02502	0.01448	0.03818	0.01185	0.01382	0.00922	0.00790	0.00527	0.00263	0.00658	0.00461	0.00527	0.00922
53	0.05427	0.15280	0.46601	0.02279	0.05549	0.02245	0.02652	0.05803	0.01891	0.02776	0.01483	0.01729	0.01103	0.00803	0.00754	0.00253	0.01144	0.00604	0.00396	0.01227
54	0.01707	0.04402	0.65683	0.02426	0.03683	0.01976	0.03144	0.02695	0.01797	0.02695	0.01527	0.01797	0.01078	0.00809	0.00809	0.00270	0.01258	0.00629	0.00359	0.01258
55	0.01983	0.01688	0.01809	0.01635	0.02075	0.01925	0.01268	0.04096	0.54362	0.03538	0.12353	0.03640	0.03391	0.01240	0.00886	0.00286	0.00634	0.01046	0.00876	0.01268
56	0.03179	0.04056	0.02412	0.02192	0.02631	0.66676	0.01644	0.03398	0.02412	0.02083	0.01315	0.01535	0.01096	0.00877	0.00767	0.00219	0.01535	0.00548	0.00438	0.00987
57	0.01859	0.01725	0.02729	0.02014	0.02715	0.01501	0.19633	0.06438	0.01982	0.02872	0.01983	0.09808	0.01790	0.00921	0.00813	0.00210	0.00883	0.00898	0.00539	0.38686
58	0.16472	0.01501	0.01874	0.01475	0.02082	0.01424	0.01219	0.03768	0.02214	0.51835	0.02879	0.02586	0.01856	0.01025	0.00880	0.00268	0.03595	0.00781	0.00932	0.01333
59	0.01230	0.00857	0.01089	0.01089	0.01144	0.00912	0.00716	0.01341	0.01285	0.01769	0.02535	0.04756	0.02741	0.46833	0.27109	0.01023	0.01356	0.01119	0.00494	0.00605
60	0.07085	0.06048	0.08097	0.01938	0.02524	0.35617	0.01625	0.03484	0.05164	0.17637	0.01919	0.01951	0.01401	0.00916	0.00775	0.00239	0.01198	0.00641	0.00602	0.01141
61	0.03116	0.03735	0.02439	0.02166	0.02611	0.55452	0.01653	0.10478	0.02547	0.02482	0.01394	0.01614	0.01140	0.00927	0.00885	0.00232	0.05019	0.00585	0.00485	0.01040
62	0.01009	0.00851	0.00874	0.00892	0.01157	0.00716	0.00660	0.01218	0.01911	0.02287	0.08261	0.13805	0.59056	0.02202	0.01013	0.00293	0.00437	0.01853	0.00790	0.00716
63	0.01075	0.00786	0.00961	0.01071	0.01167	0.00726	0.00715	0.01225	0.01666	0.02177	0.08482	0.42917	0.16839	0.14153	0.01626	0.00413	0.00533	0.02044	0.00751	0.00673
64	0.03094	0.03835	0.02426	0.05861	0.02812	0.60026	0.01683	0.06100	0.02447	0.02243	0.01361	0.01600	0.01115	0.00882	0.00776	0.00225	0.01484	0.00570	0.00455	0.01006
65	0.01303	0.01036	0.01515	0.01465	0.01590	0.01261	0.01148	0.01579	0.01354	0.01971	0.02141	0.03239	0.02033	0.08434	0.55488	0.01211	0.11110	0.00903	0.00447	0.00772
66	0.01090	0.00779	0.01049	0.01246	0.01319	0.00737	0.00883	0.01277	0.01682	0.02232	0.04661	0.59975	0.05512	0.02616	0.01100	0.00353	0.00540	0.11455	0.00789	0.00706
67	0.33573	0.02076	0.02011	0.01609	0.02226	0.02335	0.01328	0.37197	0.02938	0.04720	0.01686	0.01768	0.01228	0.00925	0.00716	0.00259	0.00821	0.00639	0.00716	0.01228
68	0.01653	0.01559	0.02635	0.62297	0.11254	0.01903	0.02386	0.02214	0.01723	0.02230	0.01521	0.02254	0.01154	0.00842	0.00850	0.00281	0.01123	0.00756	0.00382	0.00982
69	0.01039	0.00863	0.00909	0.00897	0.01170	0.00733	0.00673	0.01287	0.02019	0.02488	0.18066	0.07879	0.54876	0.02085	0.01005	0.00284	0.00426	0.01752	0.00815	0.00733
70	0.01672	0.01579	0.02670	0.59860	0.13540	0.01908	0.02396	0.02231	0.01732	0.02253	0.01524	0.02248	0.01162	0.00839	0.00850	0.00280	0.01118	0.00757	0.00384	0.00998
71	0.01660	0.01565	0.02219	0.01963	0.02011	0.02124	0.01612	0.01883	0.01323	0.02025	0.01480	0.02325	0.01433	0.03019	0.22770	0.00683	0.47830	0.00797	0.00398	0.00877
72	0.03597	0.01465	0.02039	0.01754	0.06550	0.01289	0.01318	0.03926	0.02354	0.58477	0.03207	0.02944	0.02091	0.03710	0.00990	0.00284	0.00748	0.00864	0.00988	0.01405
73	0.37318	0.31351	0.06271	0.01382	0.02031	0.05289	0.01305	0.02570	0.01629	0.02906	0.01209	0.01405	0.01011	0.00768	0.00561	0.00227	0.00837	0.00471	0.00444	0.01016
74	0.01996	0.02385	0.07589	0.03538	0.04415	0.02145	0.59215	0.02725	0.02000	0.02725	0.01713	0.02274	0.01282	0.00721	0.00996	0.00286	0.01427	0.00988	0.00427	0.01152
75	0.01983	0.02052	0.06749	0.17792	0.49435	0.01993	0.02591	0.02528	0.01882	0.02653	0.01579	0.02122	0.01290	0.00780	0.00842	0.00260	0.01050	0.00751	0.00409	0.01261
76	0.01742	0.01113	0.01391	0.01245	0.01560	0.01085	0.00959	0.02462	0.12400	0.12638	0.45287	0.05321	0.06258	0.01542	0.00959	0.00270	0.00494	0.01343	0.00942	0.00988
77	0.01977	0.01242	0.01456	0.01306	0.01599	0.01240	0.00948	0.11758	0.05862	0.12441	0.03423	0.19724	0.05782	0.22491	0.01968	0.00451	0.00715	0.01366	0.00752	0.03500
78	0.01024	0.00863	0.00887	0.00881	0.01161	0.00726	0.00661	0.01257	0.01983	0.02401	0.13720	0.08022	0.59276	0.02117	0.01006	0.00286	0.00428	0.01773	0.00804	0.00726
79	0.01765	0.01513	0.01765	0.01260	0.02017	0.01134	0.01008	0.02143	0.01765	0.02773	0.01513	0.01765	0.01260	0.00630	0.00630	0.00126	0.00630	0.00504	0.00504	0.75295
80	0.13752	0.01533	0.01886	0.01460	0.02110	0.01408	0.01202	0.06883	0.02321	0.47726	0.02812	0.02534	0.01827	0.00976	0.00789	0.00250	0.00718	0.00763	0.00918	0.08133
81	0.01238	0.00825	0.00928	0.00928	0.00928	0.00825	0.00516	0.01238	0.01238	0.01650	0.02681	0.05569	0.03094	0.70092	0.04331	0.00825	0.00825	0.01238	0.00516	0.00516
82	0.02275	0.70604	0.04459	0.01456	0.02184	0.03367	0.01456	0.02548	0.01729	0.02002	0.01183	0.01365	0.01092	0.00728	0.00546	0.00182	0.00910	0.00455	0.00364	0.01092
83	0.01168	0.00862	0.01092	0.01049	0.01253	0.00785	0.00781	0.01531	0.02303	0.03194	0.53538	0.10049	0.15538	0.01847	0.01008	0.00275	0.00411	0.01622	0.00909	0.00785
84	0.11500	0.02218	0.04404	0.03182	0.03990	0.02148	0.50608	0.06006	0.02049	0.03012	0.01671	0.02165	0.01253	0.00744	0.00935	0.00282	0.01308	0.00922	0.00466	0.01136
85	0.02996	0.02153	0.02336	0.01858	0.02485	0.02375	0.01513	0.41630	0.19361	0.10384	0.02535	0.02417	0.01809	0.01059	0.00856	0.00265	0.00848	0.00826	0.00874	0.01421
86	0.01037	0.00741	0.00987	0.01185	0.01234	0.00691	0.00790	0.01185	0.01629	0.02172	0.04690	0.69537	0.05629	0.02666	0.01086	0.00346	0.00494	0.02419	0.00790	0.00691
87	0.01045	0.00744	0.00985	0.01174	0.01221	0.00697	0.00778	0.01187	0.01613	0.02150	0.04605	0.66807	0.05520	0.05544	0.01225	0.00366	0.00508	0.02369	0.00778	0.00684
88	0.01765	0.01513	0.01765	0.01260	0.02017	0.01134	0.01008	0.02143	0.01765	0.02773	0.01513	0.01765	0.01260	0.00630	0.00630	0.00126	0.00630	0.00504	0.00504	0.75295
89	0.06253	0.02626	0.16442	0.07162	0.41041	0.06570	0.02549	0.02658	0.01902	0.02743	0.01537	0.01967	0.01239	0.00784	0.00813	0.00256	0.01086	0.00699	0.00413	0.01260
90	0.02334	0.58316	0.04332	0.01709	0.02432	0.06681	0.06985	0.04708	0.01872	0.02192	0.01270	0.01483	0.01123	0.00746	0.00611	0.00196	0.00993	0.00521	0.00391	0.01104
91	0.01037	0.00741	0.00987	0.01185	0.01234	0.00691	0.00790	0.01185	0.01629	0.02172	0.04690	0.69537	0.05629	0.02666	0.01086	0.00346	0.00494	0.02419	0.00790	0.00691
92	0.41712	0.08219	0.02029	0.08705	0.02421	0.05272	0.01316	0.15588	0.02109	0.03730	0.01416	0.01630	0.01084	0.00846	0.00647	0.00254	0.00836	0.00564	0.00563	0.01059
93	0.01758	0.01648	0.02693	0.53220	0.05187	0.02030	0.05496	0.05900	0.01817	0.02388	0.01514	0.02212	0.01160	0.00924	0.01072	0.00292	0.08524	0.00769	0.00410	0.00986
94	0.01219	0.00898	0.01296	0.01296	0.01424	0.01025	0.00975	0.01474	0.01347	0.01923	0.02345	0.03704	0.02284	0.16717	0.56599	0.01280	0.02044	0.00965	0.00466	0.00720
95	0.01225	0.00876	0.01185	0.01185	0.01273	0.00964	0.00836	0.01402	0.01314	0.01840	0.02447	0.04270	0.02530	0.32907	0.40745	0.01142	0.01674	0.01047	0.00481	0.00658
96	0.01607	0.01513	0.02552	0.68047	0.05861	0.01891	0.02363	0.02174	0.01702	0.02174	0.01513	0.02269	0.01134	0.00851	0.00851	0.00284	0.01134	0.00756	0.00378	0.00945
97	0.01216	0.00912	0.01368	0.01368	0.01520	0.01064	0.01064	0.01520	0.01368	0.01976	0.02279	0.03343	0.02127	0.06382	0.66720	0.01368	0.02279	0.00912	0.00456	0.00760
98	0.03182	0.03961	0.02420	0.02179	0.02631	0.63059	0.01643	0.06705	0.02501	0.02268	0.01357	0.01563	0.01116	0.00885	0.00772	0.00221	0.01501	0.00560	0.00462	0.01013
99	0.76103	0.01646	0.01251	0.01119	0.01646	0.01909	0.00922	0.02502	0.01448	0.03818	0.01185	0.01382	0.00922	0.00790	0.00527	0.00263	0.00658	0.00461	0.00527	0.00922
100	0.03235	0.02384	0.02554	0.01958	0.02639	0.02639	0.01618	0.61946	0.04001	0.05363	0.02043	0.02043	0.01447	0.01022	0.00851	0.00255	0.00936	0.00766	0.00851	0.01447
101	0.01037	0.00741	0.00987	0.01185	0.01234	0.00691	0.00790	0.01185	0.01629	0.02172	0.04690	0.69537	0.05629	0.02666	0.01086	0.00346	0.00494	0.02419	0.00790	0.00691
102	0.02117	0.01828	0.01924	0.01732	0.02213	0.02117	0.01347	0.04522	0.63246	0.03560	0.03464	0.03175	0.02598	0.01155	0.00866	0.00289	0.00673	0.00962	0.00866	0.01347
103	0.02117	0.01828	0.01924	0.01732	0.02213	0.02117	0.01347	0.04522	0.63246	0.03560	0.03464	0.03175	0.02598	0.01155	0.00866	0.00289	0.00673	0.00962	0.00866	0.01347
104	0.01765	0.01513	0.01765	0.01260	0.02017	0.01134	0.01008	0.02143	0.01765	0.02773	0.01513	0.01765	0.01260	0.00630	0.00630	0.00126	0.00630	0.00504	0.00504	0.75295
105	0.01765	0.01513	0.01765	0.01260	0.02017	0.01134	0.01008	0.02143	0.01765	0.02773	0.01513	0.01765	0.01260	0.00630	0.00630	0.00126	0.00630	0.00504	0.00504	0.75295
106	0.01586	0.00793	0.00793	0.00793	0.00991	0.00793	0.00595	0.01983	0.01785	0.03173	0.02776	0.03173	0.02181	0.00991	0.00595	0.00198	0.00397	0.00793	0.74817	0.00793
107	0.01397	0.01167	0.01671	0.01568	0.01664	0.01470	0.01235	0.01640	0.01338	0.01966	0.01994	0.03136	0.01936	0.10857	0.43288	0.01042	0.20514	0.00895	0.00438	0.00785
108	0.01965	0.02603	0.13880	0.03417	0.04336	0.02126	0.53143	0.02721	0.01978	0.02721	0.01693	0.02223	0.01260	0.00731	0.00976	0.00284	0.01409	0.00949	0.00420	0.01164
109	0.03150	0.02496	0.06081	0.01984	0.02697	0.02602	0.01703	0.58635	0.03878	0.05214	0.02014	0.02029	0.01427	0.01010	0.00849	0.00256	0.00954	0.00759	0.00824	0.01437
110	0.01204	0.00870	0.01138	0.01071	0.01271	0.00803	0.00803	0.01606	0.02409	0.03413	0.64335	0.06357	0.08030	0.01740	0.01004	0.00268	0.00401	0.01539	0.00937	0.00803
111	0.01212	0.00954	0.01105	0.01169	0.01365	0.00928	0.00843	0.01724	0.10738	0.02456	0.07752	0.34101	0.23242	0.04472	0.01138	0.00334	0.00521	0.04353	0.00797	0.00797
112	0.01478	0.00739	0.01109	0.01109	0.01109	0.00739	0.00739	0.01109	0.01109	0.01478	0.01478	0.02587	0.01478	0.02956	0.03326	0.75240	0.00739	0.00739	0.00370	0.00370
113	0.02160	0.01850	0.01949	0.01741	0.02229	0.02137	0.01357	0.06749	0.60948	0.03630	0.03409	0.03131	0.02553	0.01149	0.00865	0.00287	0.00684	0.00955	0.00865	0.01351
114	0.01132	0.00838	0.01056	0.01064	0.01243	0.00762	0.00774	0.01442	0.02146	0.02933	0.40933	0.21763	0.16711	0.02029	0.01024	0.00290	0.00428	0.01792	0.00878	0.00762
115	0.01238	0.00825	0.00928	0.00928	0.00928	0.00825	0.00516	0.01238	0.01238	0.01650	0.02681	0.05569	0.03094	0.70092	0.04331	0.00825	0.00825	0.01238	0.00516	0.00516
116	0.02202	0.02016	0.02472	0.05191	0.02513	0.08476	0.05351	0.09892	0.07530	0.05625	0.01782	0.02360	0.01518	0.05391	0.05544	0.00402	0.29353	0.00807	0.00532	0.01044
117	0.01734	0.04209	0.60131	0.02532	0.03753	0.01992	0.08503	0.02698	0.01816	0.02698	0.01545	0.01842	0.01098	0.00800	0.00826	0.00271	0.01274	0.00663	0.00366	0.01248
118	0.01757	0.01652	0.02726	0.49096	0.19549	0.01936	0.02359	0.02423	0.05577	0.02403	0.01654	0.02287	0.01276	0.00848	0.00850	0.00277	0.01077	0.00770	0.00419	0.01065
119	0.01184	0.00869	0.01109	0.01049	0.01259	0.00794	0.00787	0.01566	0.02360	0.03296	0.58502	0.06549	0.13935	0.01783	0.01004	0.00270	0.00405	0.01566	0.00921	0.00794
120	0.02033	0.02137	0.04208	0.07371	0.31318	0.02082	0.32634	0.02649	0.01963	0.02724	0.01658	0.02210	0.01309	0.00742	0.00925	0.00272	0.01232	0.00883	0.00424	0.01227
121	0.01025	0.00844	0.00901	0.00926	0.01171	0.00720	0.00680	0.01243	0.01925	0.02358	0.11956	0.17482	0.51418	0.02204	0.01018	0.00295	0.00439	0.01874	0.00801	0.00720
122	0.03235	0.02384	0.02554	0.01958	0.02639	0.02639	0.01618	0.61946	0.04001	0.05363	0.02043	0.02043	0.01447	0.01022	0.00851	0.00255	0.00936	0.00766	0.00851	0.01447
123	0.01993	0.01822	0.02853	0.03352	0.27771	0.02069	0.04263	0.02363	0.01734	0.05160	0.03807	0.02650	0.01735	0.01169	0.01595	0.00303	0.26198	0.04400	0.00474	0.04287
124	0.03366	0.01881	0.04394	0.01706	0.02372	0.01799	0.01440	0.21655	0.10059	0.37685	0.02907	0.02632	0.01928	0.01047	0.00854	0.00264	0.00801	0.00833	0.00945	0.01429
125	0.02009	0.02296	0.05022	0.03587	0.04448	0.02152	0.61693	0.02726	0.02009	0.02726	0.01722	0.02296	0.01291	0.00717	0.01004	0.00287	0.01435	0.01004	0.00430	0.01148
126	0.01034	0.00752	0.00976	0.01155	0.01227	0.00694	0.00777	0.01188	0.01658	0.02184	0.05050	0.63922	0.11011	0.02619	0.01079	0.00340	0.00488	0.02362	0.00790	0.00694
127	0.01159	0.01149	0.07019	0.05988	0.01767	0.00909	0.01095	0.01424	0.01691	0.02274	0.07952	0.48184	0.07684	0.06054	0.01217	0.00353	0.00619	0.01988	0.00715	0.00759
128	0.02087	0.02002	0.03419	0.07660	0.62498	0.02017	0.02602	0.02595	0.01929	0.02757	0.01597	0.02113	0.01340	0.00762	0.00843	0.00254	0.01016	0.00758	0.00420	0.01332
129	0.01130	0.00807	0.01094	0.01291	0.01382	0.00771	0.00952	0.01346	0.01721	0.02277	0.04639	0.52848	0.05425	0.02578	0.01111	0.00358	0.00574	0.18189	0.00788	0.00717
130	0.01734	0.04209	0.60131	0.02532	0.03753	0.01992	0.08503	0.02698	0.01816	0.02698	0.01545	0.01842	0.01098	0.00800	0.00826	0.00271	0.01274	0.00663	0.00366	0.01248
131	0.02189	0.01852	0.02012	0.01865	0.04360	0.02117	0.01416	0.09605	0.53337	0.03659	0.03311	0.03287	0.02540	0.01176	0.00876	0.00288	0.00713	0.03216	0.00846	0.01334
132	0.01317	0.01002	0.01177	0.01156	0.01411	0.00948	0.00893	0.06953	0.02221	0.02909	0.22679	0.15563	0.27133	0.02028	0.01024	0.00300	0.00523	0.09112	0.00836	0.00814
133	0.01037	0.00741	0.00987	0.01185	0.01234	0.00691	0.00790	0.01185	0.01629	0.02172	0.04690	0.69537	0.05629	0.02666	0.01086	0.00346	0.00494	0.02419	0.00790	0.00691
134	0.01231	0.00935	0.01360	0.01361	0.01486	0.01086	0.01038	0.01494	0.01379	0.01974	0.02474	0.09489	0.02468	0.10315	0.53278	0.01189	0.05148	0.01065	0.00487	0.00744
135	0.03166	0.02349	0.02515	0.01944	0.02613	0.02607	0.01601	0.58382	0.07678	0.05251	0.02131	0.02113	0.01519	0.01030	0.00852	0.00257	0.00920	0.00778	0.00852	0.01441
136	0.03178	0.02476	0.02514	0.01964	0.02618	0.07141	0.01607	0.55084	0.06698	0.05046	0.02059	0.02061	0.01477	0.01018	0.00846	0.00254	0.00966	0.00760	0.00823	0.01410
137	0.01915	0.02191	0.11476	0.10923	0.42179	0.01896	0.05003	0.02490	0.01941	0.02762	0.07329	0.02479	0.01899	0.00863	0.00860	0.00261	0.01019	0.00823	0.00456	0.01236
138	0.02849	0.01718	0.06051	0.07911	0.06985	0.01496	0.01547	0.08623	0.02307	0.33284	0.04970	0.02680	0.01985	0.01277	0.04514	0.00312	0.00899	0.00811	0.00790	0.08992
139	0.20144	0.08210	0.31209	0.01984	0.02868	0.07967	0.04462	0.02862	0.05061	0.05584	0.01588	0.01780	0.01176	0.00830	0.00730	0.00258	0.01065	0.00610	0.00467	0.01147
140	0.07349	0.27669	0.27571	0.01865	0.02745	0.04720	0.02065	0.08477	0.02017	0.02802	0.04401	0.01844	0.01439	0.00846	0.00706	0.00234	0.01027	0.00608	0.00452	0.01162
141	0.02273	0.05026	0.05496	0.01581	0.02180	0.01675	0.01352	0.13751	0.07908	0.11509	0.04861	0.07491	0.02284	0.01137	0.00886	0.00239	0.03265	0.04103	0.00708	0.22275
142	0.02167	0.32823	0.15524	0.02012	0.02724	0.06282	0.08410	0.02613	0.01775	0.04927	0.01436	0.01754	0.01193	0.01053	0.03205	0.00280	0.09684	0.00623	0.00408	0.01107
143	0.05581	0.01632	0.02258	0.30591	0.06193	0.01716	0.01748	0.09155	0.02044	0.08585	0.01729	0.02115	0.01292	0.00822	0.00775	0.00233	0.00909	0.00684	0.00537	0.21402
