[name]
unknown

[dist]
# distance from previous block
# <min> <max>
0	55

[block]
# block no. 0 follows, 25 sequences, length 52
# corresponding to MSA columns:
# 55-106
name=unknown_A
#
# <colnr> <probs for GDERKNQSTAVLIFYWHMCP>
#	G	D	E	R	K	N	Q	S	T	A	V	L	I	F	Y	W	H	M	C	P
0	0.05869	0.08712	0.01994	0.01875	0.08938	0.07518	0.01422	0.07989	0.04514	0.02570	0.02688	0.04962	0.02708	0.01446	0.00958	0.00288	0.04631	0.29424	0.00589	0.00904
1	0.06358	0.01388	0.01977	0.01528	0.02084	0.01247	0.09839	0.05839	0.01988	0.26830	0.05851	0.06616	0.05600	0.01027	0.00775	0.00226	0.00700	0.02862	0.00706	0.16557
2	0.04230	0.06439	0.27888	0.05300	0.11270	0.06866	0.10386	0.02623	0.09095	0.02468	0.01564	0.01847	0.01198	0.00791	0.00844	0.00246	0.04790	0.00659	0.00407	0.01090
3	0.24018	0.01581	0.01901	0.04007	0.02042	0.01847	0.03818	0.05653	0.04885	0.05852	0.03411	0.01828	0.01311	0.00972	0.01244	0.00258	0.23420	0.00623	0.00490	0.10840
4	0.01128	0.00752	0.00846	0.00846	0.00846	0.00752	0.00470	0.01128	0.01128	0.01503	0.02443	0.05074	0.02819	0.72751	0.03946	0.00752	0.00752	0.01128	0.00470	0.00470
5	0.01673	0.01662	0.02330	0.02004	0.02009	0.02318	0.01667	0.01847	0.01190	0.01863	0.01060	0.01751	0.01055	0.01536	0.05240	0.00376	0.68551	0.00685	0.00342	0.00842
6	0.00980	0.00747	0.00901	0.00949	0.01108	0.00668	0.00679	0.01204	0.01790	0.02351	0.24124	0.30655	0.26994	0.02022	0.00943	0.00276	0.00406	0.01775	0.00759	0.00668
7	0.02660	0.07081	0.02172	0.01852	0.02242	0.58704	0.01407	0.02880	0.02164	0.02024	0.08308	0.01862	0.01676	0.00876	0.00712	0.00203	0.01257	0.00592	0.00445	0.00886
8	0.02081	0.01741	0.01839	0.01609	0.02074	0.02000	0.01264	0.13258	0.57127	0.03489	0.02963	0.02739	0.02210	0.01034	0.00787	0.00258	0.00649	0.00850	0.00787	0.01241
9	0.01608	0.01378	0.01608	0.01148	0.01837	0.01034	0.00919	0.01952	0.01608	0.02527	0.01378	0.01608	0.01148	0.00574	0.00574	0.00115	0.00574	0.00459	0.00459	0.77491
10	0.00953	0.00678	0.00897	0.01069	0.01111	0.00636	0.00708	0.01082	0.01468	0.01957	0.04187	0.69086	0.05020	0.05736	0.01129	0.00335	0.00464	0.02154	0.00708	0.00622
11	0.00958	0.00691	0.00907	0.01056	0.01124	0.00641	0.00714	0.01117	0.01565	0.02091	0.10366	0.62861	0.08385	0.02327	0.00979	0.00306	0.00439	0.02101	0.00732	0.00641
12	0.01555	0.04011	0.68733	0.02210	0.03356	0.01801	0.02865	0.02455	0.01637	0.02455	0.01391	0.01637	0.00982	0.00737	0.00737	0.00246	0.01146	0.00573	0.00327	0.01146
13	0.02947	0.02172	0.02327	0.01784	0.02404	0.02404	0.01474	0.65329	0.03646	0.04887	0.01862	0.01862	0.01319	0.00931	0.00776	0.00233	0.00853	0.00698	0.00776	0.01319
14	0.01455	0.01002	0.01205	0.01153	0.01418	0.00987	0.00884	0.02099	0.14350	0.09304	0.23624	0.15971	0.15300	0.01661	0.00901	0.00270	0.00489	0.06276	0.00797	0.00856
15	0.17857	0.11530	0.05500	0.01478	0.02041	0.10252	0.01278	0.13876	0.07006	0.16201	0.01858	0.01864	0.01349	0.00840	0.00660	0.00223	0.00805	0.00604	0.03689	0.01088
16	0.01201	0.00858	0.01194	0.01373	0.01530	0.00851	0.01165	0.01523	0.01737	0.02266	0.04132	0.18818	0.04568	0.02187	0.01058	0.00350	0.00672	0.53100	0.00715	0.00701
17	0.02951	0.02078	0.02258	0.01741	0.02352	0.02277	0.01435	0.57550	0.06096	0.10266	0.02017	0.01970	0.01413	0.00938	0.00777	0.00235	0.00827	0.00712	0.00792	0.01315
18	0.01869	0.01817	0.03179	0.10881	0.57145	0.01840	0.07139	0.02350	0.01750	0.02477	0.01459	0.01946	0.01206	0.00696	0.00780	0.00235	0.00961	0.00708	0.00381	0.01180
19	0.01432	0.01335	0.02278	0.53426	0.06824	0.01579	0.05745	0.01904	0.01577	0.02044	0.01845	0.10597	0.01671	0.01015	0.00821	0.00268	0.00964	0.03413	0.00408	0.00852
20	0.01799	0.00967	0.01258	0.01147	0.01441	0.00887	0.00880	0.02173	0.05041	0.22022	0.26825	0.18685	0.08582	0.01591	0.00890	0.00263	0.00494	0.03311	0.00842	0.00902
21	0.78228	0.01499	0.01140	0.01020	0.01499	0.01739	0.00840	0.02279	0.01320	0.03479	0.01080	0.01260	0.00840	0.00720	0.00480	0.00240	0.00600	0.00420	0.00480	0.00840
22	0.02061	0.01731	0.01828	0.01605	0.02067	0.01991	0.01259	0.12089	0.58328	0.03457	0.02987	0.02759	0.02230	0.01036	0.00787	0.00259	0.00645	0.00853	0.00787	0.01239
23	0.02005	0.01772	0.01804	0.05295	0.02202	0.07660	0.01253	0.03591	0.45487	0.05618	0.02631	0.02524	0.01983	0.00943	0.00749	0.00235	0.00701	0.00770	0.00691	0.12084
24	0.01097	0.00793	0.01036	0.00975	0.01158	0.00732	0.00732	0.01463	0.02195	0.03109	0.67505	0.05792	0.07316	0.01585	0.00914	0.00244	0.00366	0.01402	0.00854	0.00732
25	0.01103	0.00817	0.01195	0.01202	0.01324	0.00935	0.00913	0.01349	0.01245	0.01780	0.02199	0.06016	0.02148	0.11854	0.60852	0.01163	0.01889	0.00913	0.00433	0.00669
26	0.00993	0.00709	0.00955	0.01135	0.01201	0.00671	0.00803	0.01163	0.01532	0.02033	0.04247	0.62209	0.05023	0.02384	0.01003	0.00322	0.00492	0.11765	0.00719	0.00643
27	0.01919	0.01842	0.03147	0.04759	0.67914	0.01842	0.02380	0.02380	0.01765	0.02533	0.01458	0.01919	0.01228	0.00691	0.00768	0.00230	0.00921	0.00691	0.00384	0.01228
28	0.01249	0.00892	0.01249	0.01428	0.01606	0.00892	0.01249	0.01606	0.01785	0.02320	0.04105	0.08746	0.04462	0.02142	0.01071	0.00357	0.00714	0.62695	0.00714	0.00714
29	0.01609	0.11244	0.61974	0.02118	0.03213	0.01933	0.02704	0.02442	0.01631	0.02390	0.01359	0.01596	0.00984	0.00729	0.00712	0.00237	0.01113	0.00556	0.00328	0.01130
30	0.07448	0.03099	0.02173	0.01874	0.02345	0.45063	0.01451	0.22010	0.02586	0.02904	0.01393	0.01531	0.01087	0.00834	0.00709	0.00212	0.01184	0.00555	0.00519	0.01023
31	0.06777	0.01971	0.02126	0.01652	0.02239	0.02151	0.01360	0.51014	0.05222	0.11501	0.02017	0.01988	0.01418	0.00926	0.00752	0.00233	0.00792	0.00699	0.03896	0.01267
32	0.01830	0.02092	0.04575	0.03268	0.04052	0.01961	0.65098	0.02484	0.01830	0.02484	0.01569	0.02092	0.01176	0.00654	0.00915	0.00261	0.01307	0.00915	0.00392	0.01046
33	0.01608	0.01378	0.01608	0.01148	0.01837	0.01034	0.00919	0.01952	0.01608	0.02527	0.01378	0.01608	0.01148	0.00574	0.00574	0.00115	0.00574	0.00459	0.00459	0.77491
34	0.02977	0.01995	0.02202	0.01702	0.02308	0.02159	0.01402	0.51095	0.07186	0.15681	0.02145	0.02057	0.01485	0.00943	0.00777	0.00236	0.00806	0.00723	0.00808	0.01313
35	0.75293	0.01492	0.01166	0.01034	0.01518	0.01716	0.00851	0.02338	0.01355	0.06030	0.01157	0.01314	0.00882	0.00729	0.00492	0.00240	0.00602	0.00434	0.00499	0.00859
36	0.02947	0.02172	0.02327	0.01784	0.02404	0.02404	0.01474	0.65329	0.03646	0.04887	0.01862	0.01862	0.01319	0.00931	0.00776	0.00233	0.00853	0.00698	0.00776	0.01319
37	0.01126	0.00756	0.00867	0.00867	0.00875	0.00763	0.00497	0.01141	0.01134	0.01519	0.02423	0.04964	0.02771	0.69129	0.07503	0.00778	0.00823	0.01111	0.00467	0.00482
38	0.01919	0.01842	0.03147	0.04759	0.67914	0.01842	0.02380	0.02380	0.01765	0.02533	0.01458	0.01919	0.01228	0.00691	0.00768	0.00230	0.00921	0.00691	0.00384	0.01228
39	0.00916	0.00785	0.00785	0.00785	0.01047	0.00655	0.00589	0.01113	0.01767	0.02095	0.07855	0.07462	0.67599	0.01964	0.00916	0.00262	0.00393	0.01636	0.00720	0.00655
40	0.01464	0.01378	0.02326	0.70887	0.05340	0.01723	0.02153	0.01981	0.01550	0.01981	0.01378	0.02067	0.01034	0.00775	0.00775	0.00258	0.01034	0.00689	0.00345	0.00861
41	0.78228	0.01499	0.01140	0.01020	0.01499	0.01739	0.00840	0.02279	0.01320	0.03479	0.01080	0.01260	0.00840	0.00720	0.00480	0.00240	0.00600	0.00420	0.00480	0.00840
42	0.00930	0.00786	0.00804	0.00800	0.01056	0.00660	0.00600	0.01139	0.01799	0.02171	0.12333	0.07337	0.63074	0.01935	0.00916	0.00260	0.00391	0.01619	0.00730	0.00660
43	0.78228	0.01499	0.01140	0.01020	0.01499	0.01739	0.00840	0.02279	0.01320	0.03479	0.01080	0.01260	0.00840	0.00720	0.00480	0.00240	0.00600	0.00420	0.00480	0.00840
44	0.01614	0.01575	0.02216	0.01925	0.01944	0.02178	0.01594	0.01798	0.01196	0.01857	0.01166	0.01886	0.01147	0.01983	0.11968	0.00467	0.61611	0.00700	0.00350	0.00826
45	0.00977	0.00698	0.00937	0.01117	0.01176	0.00658	0.00777	0.01136	0.01517	0.02016	0.04255	0.65430	0.05057	0.02398	0.00998	0.00319	0.00478	0.08696	0.00719	0.00639
46	0.01401	0.00729	0.00743	0.00739	0.00924	0.00720	0.00554	0.01754	0.01663	0.02863	0.06260	0.03269	0.05478	0.00992	0.00580	0.00188	0.00363	0.00804	0.69255	0.00720
47	0.04512	0.01997	0.04248	0.03052	0.03794	0.01887	0.59377	0.02440	0.01801	0.02541	0.01603	0.02105	0.01208	0.00669	0.00880	0.00256	0.01232	0.00887	0.04490	0.01021
48	0.01977	0.02171	0.03790	0.03685	0.27569	0.09180	0.35003	0.02511	0.01846	0.02439	0.01488	0.01953	0.01177	0.00683	0.00837	0.00243	0.01174	0.00787	0.00390	0.01098
49	0.01151	0.00767	0.01006	0.01079	0.01209	0.00713	0.00778	0.01370	0.01725	0.05808	0.19695	0.40359	0.08542	0.04919	0.01083	0.00312	0.00475	0.07563	0.00754	0.00694
50	0.03282	0.01419	0.01877	0.01533	0.04190	0.01305	0.01210	0.07948	0.06845	0.57336	0.02931	0.02580	0.01887	0.00955	0.00780	0.00241	0.00678	0.00778	0.00916	0.01310
51	0.31852	0.01638	0.01926	0.14925	0.07595	0.01848	0.03935	0.15677	0.04262	0.03352	0.04957	0.01924	0.01420	0.00828	0.00673	0.00243	0.00778	0.00639	0.00537	0.00992

[dist]
# distance from previous block
# <min> <max>
0	2

[block]
# block no. 1 follows, 25 sequences, length 9
# corresponding to MSA columns:
# 109-117
name=unknown_B
#
# <colnr> <probs for GDERKNQSTAVLIFYWHMCP>
#	G	D	E	R	K	N	Q	S	T	A	V	L	I	F	Y	W	H	M	C	P
0	0.14047	0.04787	0.14301	0.11403	0.13382	0.05716	0.17483	0.02366	0.01651	0.02497	0.01354	0.01763	0.01055	0.00741	0.00823	0.00247	0.04325	0.00661	0.00383	0.01016
1	0.02715	0.01974	0.02122	0.01663	0.02216	0.02173	0.01359	0.56746	0.03365	0.04562	0.02059	0.06270	0.01602	0.01021	0.00772	0.00234	0.00793	0.00793	0.06328	0.01233
2	0.01804	0.01756	0.02686	0.22362	0.37880	0.05423	0.02135	0.02316	0.04332	0.02329	0.01584	0.02262	0.01340	0.00836	0.00880	0.00249	0.04918	0.03438	0.00402	0.01065
3	0.78228	0.01499	0.01140	0.01020	0.01499	0.01739	0.00840	0.02279	0.01320	0.03479	0.01080	0.01260	0.00840	0.00720	0.00480	0.00240	0.00600	0.00420	0.00480	0.00840
4	0.01075	0.00781	0.00983	0.00947	0.01111	0.00721	0.00688	0.01371	0.01998	0.02773	0.51116	0.09193	0.12841	0.09512	0.01253	0.00305	0.00415	0.01436	0.00791	0.00690
5	0.01066	0.00791	0.00993	0.00942	0.01139	0.00718	0.00707	0.01402	0.02120	0.02933	0.57135	0.06082	0.17796	0.01651	0.00915	0.00247	0.00370	0.01443	0.00830	0.00718
6	0.01572	0.00845	0.00858	0.00812	0.01030	0.00865	0.00621	0.07167	0.01796	0.03059	0.02473	0.02804	0.01931	0.00906	0.00562	0.00185	0.00403	0.00721	0.70619	0.00773
7	0.03127	0.01883	0.02148	0.01647	0.02260	0.01976	0.01361	0.44477	0.03162	0.26420	0.02267	0.02125	0.01522	0.00941	0.00777	0.00235	0.00788	0.00726	0.00838	0.01319
8	0.02947	0.02172	0.02327	0.01784	0.02404	0.02404	0.01474	0.65329	0.03646	0.04887	0.01862	0.01862	0.01319	0.00931	0.00776	0.00233	0.00853	0.00698	0.00776	0.01319

[dist]
# distance from previous block
# <min> <max>
0	33

[block]
# block no. 2 follows, 25 sequences, length 92
# corresponding to MSA columns:
# 151-242
name=unknown_C
#
# <colnr> <probs for GDERKNQSTAVLIFYWHMCP>
#	G	D	E	R	K	N	Q	S	T	A	V	L	I	F	Y	W	H	M	C	P
0	0.78228	0.01499	0.01140	0.01020	0.01499	0.01739	0.00840	0.02279	0.01320	0.03479	0.01080	0.01260	0.00840	0.00720	0.00480	0.00240	0.00600	0.00420	0.00480	0.00840
1	0.78228	0.01499	0.01140	0.01020	0.01499	0.01739	0.00840	0.02279	0.01320	0.03479	0.01080	0.01260	0.00840	0.00720	0.00480	0.00240	0.00600	0.00420	0.00480	0.00840
2	0.02896	0.03695	0.02197	0.01998	0.02397	0.69638	0.01498	0.03096	0.02197	0.01898	0.01199	0.01398	0.00999	0.00799	0.00699	0.00200	0.01398	0.00499	0.00400	0.00899
3	0.03479	0.01320	0.01799	0.01380	0.01979	0.01140	0.01140	0.03779	0.02219	0.68451	0.03059	0.02639	0.01919	0.00960	0.00780	0.00240	0.00660	0.00780	0.00960	0.01320
4	0.78228	0.01499	0.01140	0.01020	0.01499	0.01739	0.00840	0.02279	0.01320	0.03479	0.01080	0.01260	0.00840	0.00720	0.00480	0.00240	0.00600	0.00420	0.00480	0.00840
5	0.01193	0.00857	0.01181	0.01354	0.01515	0.00845	0.01148	0.01511	0.01740	0.02262	0.04264	0.18056	0.06822	0.02178	0.01053	0.00347	0.00664	0.51595	0.00715	0.00699
6	0.03479	0.01320	0.01799	0.01380	0.01979	0.01140	0.01140	0.03779	0.02219	0.68451	0.03059	0.02639	0.01919	0.00960	0.00780	0.00240	0.00660	0.00780	0.00960	0.01320
7	0.02729	0.01487	0.01777	0.01475	0.01997	0.01521	0.01182	0.03944	0.33309	0.36919	0.03106	0.02762	0.02136	0.01004	0.00784	0.00251	0.00637	0.00827	0.00877	0.01275
8	0.03479	0.01320	0.01799	0.01380	0.01979	0.01140	0.01140	0.03779	0.02219	0.68451	0.03059	0.02639	0.01919	0.00960	0.00780	0.00240	0.00660	0.00780	0.00960	0.01320
9	0.01102	0.00826	0.01235	0.01241	0.01376	0.00958	0.00961	0.01375	0.01254	0.01806	0.02149	0.05321	0.02043	0.05704	0.67420	0.01215	0.02023	0.00876	0.00425	0.00690
10	0.02206	0.01038	0.01392	0.01164	0.01540	0.00921	0.00921	0.02541	0.02206	0.33520	0.37511	0.04324	0.04804	0.01294	0.00852	0.00242	0.00503	0.01113	0.00903	0.01005
11	0.03405	0.01336	0.01797	0.01389	0.01981	0.01177	0.01144	0.03795	0.05269	0.65358	0.03064	0.02651	0.01941	0.00964	0.00780	0.00241	0.00658	0.00784	0.00952	0.01315
12	0.01520	0.01447	0.02482	0.62299	0.11185	0.01742	0.04375	0.02036	0.01580	0.02051	0.01392	0.02054	0.01057	0.00763	0.00779	0.00256	0.01033	0.00697	0.00350	0.00902
13	0.01919	0.01842	0.03147	0.04759	0.67914	0.01842	0.02380	0.02380	0.01765	0.02533	0.01458	0.01919	0.01228	0.00691	0.00768	0.00230	0.00921	0.00691	0.00384	0.01228
14	0.01088	0.00782	0.01061	0.01233	0.01350	0.00755	0.00965	0.01330	0.01638	0.02145	0.04336	0.39620	0.07285	0.02275	0.01025	0.00333	0.00573	0.30819	0.00717	0.00671
15	0.37285	0.05653	0.01880	0.01597	0.04566	0.20277	0.04953	0.05313	0.01747	0.02889	0.01299	0.01520	0.01033	0.00756	0.00596	0.00222	0.00878	0.00517	0.06116	0.00904
16	0.00994	0.00762	0.00911	0.00930	0.01109	0.00679	0.00676	0.01242	0.01867	0.02465	0.30379	0.22344	0.28985	0.01927	0.00933	0.00268	0.00396	0.01681	0.00772	0.00679
17	0.01758	0.01410	0.01649	0.01188	0.01869	0.01099	0.00954	0.04805	0.01727	0.05878	0.01482	0.01670	0.01194	0.00609	0.00593	0.00126	0.00591	0.00486	0.00498	0.70417
18	0.03479	0.01320	0.01799	0.01380	0.01979	0.01140	0.01140	0.03779	0.02219	0.68451	0.03059	0.02639	0.01919	0.00960	0.00780	0.00240	0.00660	0.00780	0.00960	0.01320
19	0.01888	0.01630	0.01714	0.01546	0.01977	0.01877	0.01201	0.03999	0.63896	0.03197	0.03346	0.03078	0.05004	0.01089	0.00794	0.00263	0.00605	0.00907	0.00786	0.01204
20	0.00924	0.00786	0.00796	0.00794	0.01052	0.00658	0.00595	0.01128	0.01786	0.02139	0.10455	0.07389	0.64971	0.01947	0.00916	0.00261	0.00392	0.01626	0.00726	0.00658
21	0.01013	0.00789	0.00919	0.00887	0.01107	0.00696	0.00665	0.01300	0.01996	0.02636	0.39708	0.06570	0.35408	0.01762	0.00915	0.00252	0.00378	0.01511	0.00791	0.00696
22	0.01040	0.00776	0.00966	0.00949	0.01131	0.00702	0.00700	0.01340	0.02013	0.02751	0.46833	0.14719	0.19678	0.01773	0.00925	0.00257	0.00382	0.01555	0.00808	0.00702
23	0.01608	0.01378	0.01608	0.01148	0.01837	0.01034	0.00919	0.01952	0.01608	0.02527	0.01378	0.01608	0.01148	0.00574	0.00574	0.00115	0.00574	0.00459	0.00459	0.77491
24	0.07173	0.01989	0.02122	0.01675	0.02243	0.02198	0.01368	0.50852	0.09341	0.06728	0.02087	0.05064	0.01580	0.00997	0.00769	0.00240	0.00791	0.00768	0.00764	0.01252
25	0.02887	0.02136	0.02295	0.01755	0.02379	0.02343	0.01449	0.62479	0.03554	0.04780	0.01840	0.01850	0.01311	0.00915	0.00767	0.00227	0.00841	0.00687	0.00761	0.04743
26	0.02331	0.01866	0.01980	0.01659	0.02170	0.02117	0.01325	0.28316	0.41661	0.03893	0.02644	0.02485	0.01952	0.01004	0.00784	0.00251	0.00708	0.00806	0.00784	0.01263
27	0.01656	0.01393	0.01618	0.01182	0.01839	0.01095	0.00942	0.05611	0.01721	0.02640	0.01536	0.04798	0.01337	0.00678	0.00605	0.00131	0.00585	0.00552	0.00490	0.69591
28	0.01755	0.06553	0.18852	0.02734	0.10022	0.01877	0.29163	0.02360	0.01705	0.02420	0.01437	0.01838	0.01115	0.00701	0.00868	0.00234	0.04430	0.00713	0.00379	0.10848
29	0.01049	0.00757	0.00975	0.01114	0.01198	0.00723	0.00768	0.04146	0.01607	0.02132	0.04280	0.64539	0.07129	0.02332	0.00980	0.00311	0.00476	0.04097	0.00722	0.00666
30	0.01083	0.00792	0.01016	0.00960	0.01149	0.00725	0.00720	0.01435	0.02160	0.03027	0.62679	0.05927	0.12193	0.01616	0.00915	0.00245	0.00368	0.01421	0.00843	0.00725
31	0.01484	0.00966	0.01257	0.03793	0.04350	0.00911	0.00899	0.01876	0.04894	0.12054	0.33587	0.08114	0.16807	0.04327	0.01002	0.00271	0.00492	0.01300	0.00780	0.00835
32	0.01699	0.02479	0.21116	0.12459	0.03950	0.01905	0.36644	0.02375	0.01708	0.02375	0.01468	0.01948	0.01097	0.00727	0.00928	0.00261	0.04676	0.00781	0.00366	0.01037
33	0.01703	0.01622	0.02757	0.36193	0.38169	0.01785	0.02272	0.02190	0.01663	0.02271	0.01420	0.01989	0.01136	0.00731	0.00771	0.00244	0.00975	0.00690	0.00365	0.01054
34	0.00945	0.00675	0.00900	0.01080	0.01125	0.00630	0.00720	0.01080	0.01484	0.01979	0.04274	0.72245	0.05128	0.02429	0.00990	0.00315	0.00450	0.02204	0.00720	0.00630
35	0.01759	0.01809	0.03457	0.13921	0.27467	0.01829	0.27291	0.02280	0.01726	0.02380	0.01615	0.05468	0.01363	0.00796	0.00897	0.00255	0.03379	0.00854	0.00396	0.01058
36	0.05518	0.62736	0.06647	0.01379	0.02052	0.02913	0.01381	0.06093	0.01690	0.02109	0.01139	0.01299	0.01007	0.00685	0.00524	0.00177	0.00834	0.00439	0.00365	0.01014
37	0.01756	0.02212	0.11059	0.03004	0.03759	0.01902	0.52876	0.02391	0.01766	0.02431	0.01647	0.05173	0.01326	0.00773	0.00971	0.00266	0.04335	0.00926	0.00398	0.01029
38	0.73643	0.01650	0.05181	0.01091	0.01610	0.01743	0.00961	0.02290	0.01339	0.03418	0.01098	0.01282	0.00848	0.00721	0.00495	0.00240	0.00632	0.00429	0.00471	0.00858
39	0.03479	0.01320	0.01799	0.01380	0.01979	0.01140	0.01140	0.03779	0.02219	0.68451	0.03059	0.02639	0.01919	0.00960	0.00780	0.00240	0.00660	0.00780	0.00960	0.01320
40	0.02147	0.01697	0.01792	0.01567	0.01987	0.05724	0.01241	0.09948	0.38275	0.10159	0.08273	0.03093	0.02569	0.01118	0.00886	0.00259	0.04027	0.03326	0.00764	0.01147
41	0.01097	0.00793	0.01036	0.00975	0.01158	0.00732	0.00732	0.01463	0.02195	0.03109	0.67505	0.05792	0.07316	0.01585	0.00914	0.00244	0.00366	0.01402	0.00854	0.00732
42	0.01782	0.01766	0.02972	0.27929	0.36971	0.04083	0.08743	0.02273	0.01710	0.02311	0.01433	0.01972	0.01146	0.00720	0.00783	0.00242	0.01017	0.00707	0.00371	0.01068
43	0.01181	0.00855	0.00982	0.00938	0.01188	0.00778	0.00716	0.01555	0.05130	0.05505	0.29214	0.06236	0.34247	0.01691	0.00891	0.00253	0.00414	0.03264	0.04215	0.00746
44	0.01372	0.00986	0.01190	0.01082	0.01329	0.00972	0.00819	0.05770	0.08987	0.05338	0.46253	0.05209	0.10332	0.05646	0.01065	0.00276	0.00457	0.01282	0.00813	0.00820
45	0.78228	0.01499	0.01140	0.01020	0.01499	0.01739	0.00840	0.02279	0.01320	0.03479	0.01080	0.01260	0.00840	0.00720	0.00480	0.00240	0.00600	0.00420	0.00480	0.00840
46	0.01919	0.01842	0.03147	0.04759	0.67914	0.01842	0.02380	0.02380	0.01765	0.02533	0.01458	0.01919	0.01228	0.00691	0.00768	0.00230	0.00921	0.00691	0.00384	0.01228
47	0.01125	0.00985	0.05084	0.01049	0.01290	0.00796	0.00859	0.01523	0.02161	0.03070	0.63552	0.05543	0.06937	0.01534	0.00904	0.00244	0.00412	0.01353	0.00822	0.00756
48	0.01334	0.00678	0.01000	0.01000	0.01000	0.00678	0.00661	0.01017	0.01017	0.01356	0.01412	0.02519	0.01435	0.06883	0.03085	0.72855	0.00678	0.00701	0.00345	0.00345
49	0.02073	0.73217	0.04063	0.01327	0.01990	0.03068	0.01327	0.02322	0.01575	0.01824	0.01078	0.01244	0.00995	0.00663	0.00498	0.00166	0.00829	0.00415	0.00332	0.00995
50	0.01944	0.55968	0.20182	0.01547	0.02330	0.02752	0.01710	0.02355	0.01591	0.01982	0.01156	0.01342	0.00992	0.00682	0.00557	0.00186	0.00908	0.00454	0.00331	0.01033
51	0.03479	0.01320	0.01799	0.01380	0.01979	0.01140	0.01140	0.03779	0.02219	0.68451	0.03059	0.02639	0.01919	0.00960	0.00780	0.00240	0.00660	0.00780	0.00960	0.01320
52	0.02823	0.09872	0.02363	0.01938	0.02361	0.63723	0.01483	0.03027	0.02142	0.01891	0.01188	0.01385	0.00998	0.00787	0.00681	0.00197	0.01348	0.00492	0.00393	0.00907
53	0.02941	0.04337	0.08703	0.01499	0.02127	0.01426	0.01339	0.03653	0.14129	0.47073	0.02833	0.02532	0.01873	0.00943	0.00767	0.00242	0.00707	0.00763	0.00840	0.01273
54	0.01639	0.03893	0.65811	0.02174	0.03296	0.01772	0.02789	0.02513	0.01662	0.05337	0.01464	0.01681	0.01023	0.00746	0.00739	0.00245	0.01125	0.00582	0.00355	0.01153
55	0.03479	0.01320	0.01799	0.01380	0.01979	0.01140	0.01140	0.03779	0.02219	0.68451	0.03059	0.02639	0.01919	0.00960	0.00780	0.00240	0.00660	0.00780	0.00960	0.01320
56	0.01003	0.00763	0.01120	0.01203	0.01297	0.00712	0.04477	0.01178	0.01536	0.02058	0.06900	0.65225	0.04994	0.02288	0.00982	0.00309	0.00496	0.02094	0.00707	0.00659
57	0.01481	0.01402	0.02408	0.62502	0.07298	0.01705	0.04933	0.01991	0.01557	0.02015	0.01420	0.02106	0.01086	0.00987	0.03790	0.00301	0.01087	0.00705	0.00351	0.00875
58	0.00959	0.00686	0.00913	0.01070	0.01128	0.00640	0.00721	0.01116	0.01552	0.02087	0.10319	0.65891	0.05337	0.02348	0.00982	0.00308	0.00442	0.02128	0.00733	0.00640
59	0.03107	0.01383	0.01782	0.01400	0.01954	0.01287	0.01144	0.09334	0.07552	0.51865	0.08285	0.02848	0.02346	0.01016	0.00791	0.00241	0.00650	0.00831	0.00920	0.01263
60	0.04796	0.05909	0.39319	0.02531	0.10978	0.01879	0.11175	0.02468	0.01666	0.05700	0.01459	0.01756	0.01082	0.00764	0.00856	0.00248	0.05280	0.00639	0.00381	0.01114
61	0.02304	0.01803	0.01994	0.01775	0.05362	0.02013	0.01347	0.25190	0.36568	0.06110	0.05220	0.02595	0.02130	0.01010	0.00788	0.00249	0.00704	0.00823	0.00773	0.01242
62	0.01613	0.09513	0.60559	0.02253	0.06141	0.01905	0.02719	0.02441	0.01638	0.02408	0.01369	0.01618	0.00994	0.00729	0.00719	0.00238	0.01110	0.00565	0.00330	0.01137
63	0.53595	0.01950	0.03501	0.03776	0.01994	0.11191	0.03886	0.07447	0.01667	0.03248	0.01199	0.01402	0.00926	0.00747	0.00570	0.00236	0.00792	0.00488	0.00480	0.00905
64	0.00945	0.00675	0.00900	0.01080	0.01125	0.00630	0.00720	0.01080	0.01484	0.01979	0.04274	0.72245	0.05128	0.02429	0.00990	0.00315	0.00450	0.02204	0.00720	0.00630
65	0.01860	0.01570	0.01681	0.01520	0.01934	0.01786	0.01193	0.06638	0.54300	0.03216	0.06229	0.03497	0.05244	0.01170	0.00815	0.00266	0.00611	0.04529	0.00784	0.01157
66	0.01107	0.00789	0.01054	0.01055	0.01142	0.00843	0.00740	0.01283	0.01324	0.01851	0.10089	0.07190	0.03052	0.30579	0.33522	0.00898	0.01299	0.01072	0.00502	0.00610
67	0.01057	0.00791	0.00981	0.00933	0.01134	0.00714	0.00700	0.01385	0.02100	0.02884	0.54253	0.06163	0.20708	0.01669	0.00915	0.00248	0.00372	0.01454	0.00824	0.00714
68	0.01733	0.01475	0.01736	0.01279	0.01904	0.01267	0.01033	0.07514	0.01751	0.02678	0.01390	0.01638	0.01152	0.00671	0.00758	0.00144	0.06550	0.00499	0.00477	0.64352
69	0.01608	0.01378	0.01608	0.01148	0.01837	0.01034	0.00919	0.01952	0.01608	0.02527	0.01378	0.01608	0.01148	0.00574	0.00574	0.00115	0.00574	0.00459	0.00459	0.77491
70	0.01128	0.00752	0.00846	0.00846	0.00846	0.00752	0.00470	0.01128	0.01128	0.01503	0.02443	0.05074	0.02819	0.72751	0.03946	0.00752	0.00752	0.01128	0.00470	0.00470
71	0.02167	0.65311	0.03851	0.01403	0.02036	0.10639	0.01346	0.02410	0.01646	0.01833	0.01092	0.01261	0.00995	0.00679	0.00520	0.00170	0.00894	0.00424	0.00339	0.00984
72	0.01702	0.01714	0.02472	0.02090	0.02125	0.02357	0.04500	0.01893	0.01216	0.01893	0.01042	0.01714	0.01025	0.01326	0.02472	0.00336	0.68235	0.00689	0.00342	0.00857
73	0.01608	0.01378	0.01608	0.01148	0.01837	0.01034	0.00919	0.01952	0.01608	0.02527	0.01378	0.01608	0.01148	0.00574	0.00574	0.00115	0.00574	0.00459	0.00459	0.77491
74	0.00951	0.00677	0.00898	0.01072	0.01115	0.00634	0.00711	0.01081	0.01472	0.01963	0.04210	0.69922	0.05048	0.04860	0.01092	0.00330	0.00460	0.02167	0.00711	0.00624
75	0.00965	0.00697	0.00914	0.01051	0.01126	0.00645	0.00715	0.01136	0.01599	0.02146	0.13451	0.59705	0.08403	0.02287	0.00975	0.00302	0.00435	0.02063	0.00739	0.00645
76	0.01347	0.00673	0.01010	0.01010	0.01010	0.00673	0.00673	0.01010	0.01010	0.01347	0.01347	0.02357	0.01347	0.02694	0.03030	0.77441	0.00673	0.00673	0.00337	0.00337
77	0.01761	0.02649	0.24658	0.03246	0.17276	0.01885	0.32121	0.02453	0.01755	0.02485	0.01489	0.01911	0.01126	0.00688	0.00827	0.00250	0.01175	0.00759	0.00370	0.01116
78	0.78228	0.01499	0.01140	0.01020	0.01499	0.01739	0.00840	0.02279	0.01320	0.03479	0.01080	0.01260	0.00840	0.00720	0.00480	0.00240	0.00600	0.00420	0.00480	0.00840
79	0.01696	0.01696	0.02375	0.02036	0.02036	0.02375	0.01696	0.01866	0.01187	0.01866	0.01018	0.01696	0.01018	0.01357	0.02545	0.00339	0.71332	0.00679	0.00339	0.00848
80	0.03344	0.01536	0.01933	0.01482	0.02087	0.01461	0.01224	0.19414	0.02582	0.52304	0.02755	0.02442	0.01767	0.00952	0.00779	0.00238	0.00709	0.00759	0.00913	0.01319
81	0.02947	0.02172	0.02327	0.01784	0.02404	0.02404	0.01474	0.65329	0.03646	0.04887	0.01862	0.01862	0.01319	0.00931	0.00776	0.00233	0.00853	0.00698	0.00776	0.01319
82	0.01059	0.00793	0.01000	0.01068	0.01242	0.00733	0.00831	0.01331	0.01827	0.02400	0.21888	0.20745	0.21850	0.02007	0.00972	0.00294	0.00483	0.18037	0.00754	0.00686
83	0.00993	0.00788	0.00891	0.00865	0.01094	0.00687	0.00649	0.01260	0.01947	0.02522	0.32980	0.06758	0.42207	0.01804	0.00916	0.00254	0.00381	0.01538	0.00776	0.00687
84	0.02399	0.01612	0.02205	0.14478	0.02754	0.01838	0.03772	0.12540	0.08402	0.22089	0.02045	0.02199	0.01471	0.01012	0.01195	0.00268	0.17236	0.00741	0.00637	0.01107
85	0.01555	0.04011	0.68733	0.02210	0.03356	0.01801	0.02865	0.02455	0.01637	0.02455	0.01391	0.01637	0.00982	0.00737	0.00737	0.00246	0.01146	0.00573	0.00327	0.01146
86	0.01377	0.00836	0.01057	0.01028	0.01250	0.00746	0.00759	0.01625	0.01886	0.12594	0.25025	0.26085	0.19094	0.01832	0.00917	0.00269	0.00443	0.01604	0.00799	0.00774
87	0.02671	0.01709	0.05057	0.02839	0.29253	0.01565	0.01744	0.07112	0.04348	0.32275	0.02259	0.02261	0.01574	0.00841	0.00773	0.00237	0.00798	0.00733	0.00679	0.01272
88	0.06391	0.05668	0.01934	0.01382	0.01981	0.01341	0.01155	0.06664	0.02215	0.58708	0.02801	0.02462	0.01791	0.00931	0.00751	0.00235	0.00677	0.00739	0.00894	0.01281
89	0.02743	0.01971	0.02138	0.01668	0.02225	0.02160	0.01358	0.53665	0.05861	0.07317	0.04890	0.02297	0.01738	0.05156	0.00967	0.00265	0.00808	0.00765	0.00770	0.01240
90	0.00962	0.00687	0.00920	0.01100	0.01153	0.00645	0.00751	0.01110	0.01502	0.01999	0.04264	0.68540	0.05089	0.02412	0.00994	0.00317	0.00465	0.05734	0.00719	0.00635
91	0.41026	0.01546	0.03624	0.01143	0.01725	0.01476	0.00962	0.02267	0.05342	0.03057	0.01331	0.01507	0.01057	0.00683	0.00544	0.00192	0.00609	0.00468	0.00485	0.30957

[dist]
# distance from previous block
# <min> <max>
0	2

[block]
# block no. 3 follows, 25 sequences, length 81
# corresponding to MSA columns:
# 245-325
name=unknown_D
#
# <colnr> <probs for GDERKNQSTAVLIFYWHMCP>
#	G	D	E	R	K	N	Q	S	T	A	V	L	I	F	Y	W	H	M	C	P
0	0.04419	0.01391	0.05961	0.03691	0.01761	0.01287	0.01106	0.16718	0.02321	0.05905	0.25673	0.03754	0.03706	0.01186	0.00781	0.00234	0.00590	0.03497	0.15093	0.00926
1	0.01841	0.01865	0.05677	0.13818	0.56642	0.01824	0.02368	0.02327	0.01731	0.02453	0.01445	0.01928	0.01191	0.00704	0.00767	0.00235	0.00946	0.00686	0.00376	0.01174
2	0.01608	0.01378	0.01608	0.01148	0.01837	0.01034	0.00919	0.01952	0.01608	0.02527	0.01378	0.01608	0.01148	0.00574	0.00574	0.00115	0.00574	0.00459	0.00459	0.77491
3	0.78228	0.01499	0.01140	0.01020	0.01499	0.01739	0.00840	0.02279	0.01320	0.03479	0.01080	0.01260	0.00840	0.00720	0.00480	0.00240	0.00600	0.00420	0.00480	0.00840
4	0.08890	0.01295	0.01698	0.01335	0.01894	0.01154	0.01093	0.03509	0.02109	0.59723	0.02983	0.06616	0.02027	0.01028	0.00770	0.00244	0.00643	0.00836	0.00910	0.01243
5	0.01058	0.00786	0.00984	0.00945	0.01137	0.00713	0.00705	0.01382	0.02086	0.02874	0.53815	0.08972	0.18293	0.01691	0.00918	0.00250	0.00374	0.01480	0.00823	0.00713
6	0.01048	0.00754	0.00992	0.01009	0.01147	0.00699	0.00728	0.01339	0.01964	0.02742	0.46956	0.27388	0.06605	0.01859	0.00939	0.00267	0.00393	0.01663	0.00810	0.00699
7	0.01005	0.00733	0.00947	0.01012	0.01132	0.00674	0.00714	0.01241	0.01802	0.02457	0.30748	0.39243	0.11335	0.02040	0.00952	0.00281	0.00410	0.01824	0.00775	0.00674
8	0.02966	0.01986	0.02183	0.01681	0.02280	0.02147	0.01386	0.53559	0.03351	0.14316	0.02068	0.02019	0.01435	0.00934	0.00767	0.00232	0.00804	0.00711	0.03878	0.01295
9	0.01088	0.00792	0.01023	0.00965	0.01152	0.00727	0.00724	0.01444	0.02172	0.03055	0.64306	0.05881	0.10549	0.01605	0.00915	0.00245	0.00367	0.01415	0.00846	0.00727
10	0.78228	0.01499	0.01140	0.01020	0.01499	0.01739	0.00840	0.02279	0.01320	0.03479	0.01080	0.01260	0.00840	0.00720	0.00480	0.00240	0.00600	0.00420	0.00480	0.00840
11	0.78228	0.01499	0.01140	0.01020	0.01499	0.01739	0.00840	0.02279	0.01320	0.03479	0.01080	0.01260	0.00840	0.00720	0.00480	0.00240	0.00600	0.00420	0.00480	0.00840
12	0.78228	0.01499	0.01140	0.01020	0.01499	0.01739	0.00840	0.02279	0.01320	0.03479	0.01080	0.01260	0.00840	0.00720	0.00480	0.00240	0.00600	0.00420	0.00480	0.00840
13	0.78228	0.01499	0.01140	0.01020	0.01499	0.01739	0.00840	0.02279	0.01320	0.03479	0.01080	0.01260	0.00840	0.00720	0.00480	0.00240	0.00600	0.00420	0.00480	0.00840
14	0.00945	0.00675	0.00900	0.01080	0.01125	0.00630	0.00720	0.01080	0.01484	0.01979	0.04274	0.72245	0.05128	0.02429	0.00990	0.00315	0.00450	0.02204	0.00720	0.00630
15	0.00986	0.00692	0.00887	0.01027	0.01061	0.00657	0.00663	0.01091	0.01403	0.01871	0.03858	0.56998	0.04604	0.18391	0.01661	0.00414	0.00518	0.01960	0.00663	0.00593
16	0.01445	0.00723	0.00723	0.00723	0.00903	0.00723	0.00542	0.01807	0.01626	0.02891	0.02529	0.02891	0.01987	0.00903	0.00542	0.00181	0.00361	0.00723	0.77055	0.00723
17	0.78228	0.01499	0.01140	0.01020	0.01499	0.01739	0.00840	0.02279	0.01320	0.03479	0.01080	0.01260	0.00840	0.00720	0.00480	0.00240	0.00600	0.00420	0.00480	0.00840
18	0.01076	0.00788	0.01009	0.00962	0.01147	0.00721	0.00718	0.01419	0.02133	0.02981	0.60046	0.08176	0.12631	0.01647	0.00917	0.00248	0.00371	0.01450	0.00837	0.00721
19	0.01067	0.00806	0.00994	0.00989	0.01195	0.00734	0.00770	0.01380	0.02002	0.02681	0.39655	0.06756	0.24987	0.01786	0.00940	0.00267	0.00428	0.11065	0.00792	0.00706
20	0.01711	0.02546	0.22728	0.02825	0.06322	0.01887	0.36440	0.02376	0.01736	0.02456	0.04424	0.02087	0.01385	0.00777	0.00987	0.00261	0.06800	0.00809	0.00390	0.01053
21	0.78228	0.01499	0.01140	0.01020	0.01499	0.01739	0.00840	0.02279	0.01320	0.03479	0.01080	0.01260	0.00840	0.00720	0.00480	0.00240	0.00600	0.00420	0.00480	0.00840
22	0.00979	0.00700	0.00940	0.01119	0.01180	0.00660	0.00780	0.01140	0.01519	0.02018	0.04254	0.64988	0.05052	0.02396	0.00999	0.00320	0.00480	0.09117	0.00719	0.00639
23	0.01945	0.15691	0.03384	0.04031	0.52463	0.02085	0.04797	0.02373	0.01731	0.02394	0.01389	0.01795	0.01181	0.00684	0.00721	0.00219	0.00919	0.00647	0.00374	0.01175
24	0.01898	0.33734	0.27244	0.01840	0.02667	0.02330	0.08064	0.04704	0.01741	0.04265	0.03892	0.01708	0.01292	0.00743	0.00659	0.00212	0.00968	0.00580	0.00391	0.01066
25	0.01431	0.00866	0.01143	0.01032	0.01273	0.00789	0.00789	0.01788	0.02198	0.12274	0.58466	0.05350	0.06559	0.01497	0.00896	0.00243	0.00407	0.01315	0.00868	0.00814
26	0.78228	0.01499	0.01140	0.01020	0.01499	0.01739	0.00840	0.02279	0.01320	0.03479	0.01080	0.01260	0.00840	0.00720	0.00480	0.00240	0.00600	0.00420	0.00480	0.00840
27	0.01347	0.00673	0.01010	0.01010	0.01010	0.00673	0.00673	0.01010	0.01010	0.01347	0.01347	0.02357	0.01347	0.02694	0.03030	0.77441	0.00673	0.00673	0.00337	0.00337
28	0.16855	0.11717	0.04383	0.01536	0.04095	0.04833	0.01269	0.02936	0.20223	0.10574	0.02382	0.03031	0.01984	0.01048	0.00722	0.00251	0.00726	0.09772	0.00626	0.01037
29	0.06880	0.54846	0.03538	0.01416	0.02026	0.05290	0.01336	0.09916	0.01816	0.02299	0.01174	0.01343	0.01025	0.00732	0.00620	0.00187	0.03681	0.00463	0.00397	0.01015
30	0.01097	0.00793	0.01036	0.00975	0.01158	0.00732	0.00732	0.01463	0.02195	0.03109	0.67505	0.05792	0.07316	0.01585	0.00914	0.00244	0.00366	0.01402	0.00854	0.00732
31	0.01608	0.01378	0.01608	0.01148	0.01837	0.01034	0.00919	0.01952	0.01608	0.02527	0.01378	0.01608	0.01148	0.00574	0.00574	0.00115	0.00574	0.00459	0.00459	0.77491
32	0.01005	0.00789	0.00908	0.00878	0.01102	0.00692	0.00659	0.01284	0.01976	0.02590	0.36985	0.06646	0.38160	0.01779	0.00915	0.00253	0.00380	0.01522	0.00785	0.00692
33	0.00963	0.00757	0.00870	0.00905	0.01092	0.00664	0.00655	0.01179	0.01784	0.02281	0.19693	0.24383	0.38007	0.02007	0.00936	0.00272	0.00402	0.01738	0.00749	0.00664
34	0.02725	0.01098	0.01400	0.01136	0.01580	0.00985	0.00918	0.03048	0.01999	0.44145	0.02863	0.02732	0.01945	0.00939	0.00692	0.00218	0.00549	0.00759	0.29172	0.01098
35	0.01244	0.00889	0.01241	0.01410	0.01589	0.00886	0.01229	0.01601	0.01801	0.02351	0.06554	0.08632	0.04573	0.02120	0.01065	0.00353	0.00701	0.60328	0.00719	0.00715
36	0.01555	0.04011	0.68733	0.02210	0.03356	0.01801	0.02865	0.02455	0.01637	0.02455	0.01391	0.01637	0.00982	0.00737	0.00737	0.00246	0.01146	0.00573	0.00327	0.01146
37	0.01929	0.01666	0.01753	0.01578	0.02016	0.01929	0.01227	0.04120	0.66513	0.03243	0.03156	0.02893	0.02367	0.01052	0.00789	0.00263	0.00614	0.00877	0.00789	0.01227
38	0.01352	0.04491	0.11496	0.01789	0.10817	0.01194	0.04169	0.01802	0.01968	0.02786	0.40336	0.04266	0.04828	0.04199	0.00976	0.00261	0.00634	0.01109	0.00654	0.00875
39	0.78228	0.01499	0.01140	0.01020	0.01499	0.01739	0.00840	0.02279	0.01320	0.03479	0.01080	0.01260	0.00840	0.00720	0.00480	0.00240	0.00600	0.00420	0.00480	0.00840
40	0.03479	0.01320	0.01799	0.01380	0.01979	0.01140	0.01140	0.03779	0.02219	0.68451	0.03059	0.02639	0.01919	0.00960	0.00780	0.00240	0.00660	0.00780	0.00960	0.01320
41	0.02231	0.62770	0.03762	0.01388	0.02025	0.08716	0.01330	0.02478	0.01669	0.05931	0.01210	0.01343	0.01052	0.00693	0.00532	0.00173	0.00868	0.00444	0.00376	0.01007
42	0.01588	0.00861	0.00875	0.00824	0.01046	0.00883	0.00631	0.07853	0.01818	0.03081	0.02466	0.02793	0.01924	0.00906	0.00564	0.00186	0.00408	0.00720	0.69795	0.00779
43	0.01062	0.00724	0.00865	0.00929	0.00945	0.00708	0.00559	0.01110	0.01255	0.01674	0.03098	0.29093	0.03645	0.47605	0.02889	0.00596	0.00644	0.01513	0.00559	0.00527
44	0.02823	0.03441	0.02167	0.01947	0.02354	0.60930	0.01473	0.08328	0.02280	0.02148	0.01293	0.01509	0.01067	0.01028	0.03695	0.00248	0.01381	0.00531	0.00432	0.00926
45	0.03147	0.01275	0.01712	0.01342	0.01889	0.01127	0.01097	0.03533	0.04904	0.58392	0.10296	0.03004	0.02544	0.01034	0.00795	0.00241	0.00625	0.00854	0.00941	0.01250
46	0.03456	0.01356	0.01822	0.01397	0.01998	0.01194	0.01154	0.06429	0.02281	0.65714	0.03007	0.02606	0.01893	0.00958	0.00780	0.00240	0.00668	0.00776	0.00952	0.01319
47	0.01009	0.00777	0.00922	0.00912	0.01111	0.00690	0.00674	0.01282	0.01946	0.02582	0.36839	0.13910	0.30889	0.01829	0.00924	0.00259	0.00386	0.01585	0.00786	0.00690
48	0.01876	0.01791	0.03009	0.10881	0.59141	0.01835	0.02308	0.02417	0.04545	0.02512	0.01524	0.01975	0.01259	0.00714	0.00769	0.00234	0.00918	0.00699	0.00398	0.01193
49	0.03412	0.01334	0.01797	0.01388	0.01981	0.01174	0.01143	0.03793	0.04988	0.65643	0.03063	0.02650	0.01939	0.00964	0.00780	0.00241	0.00658	0.00784	0.00952	0.01316
50	0.69638	0.01513	0.01321	0.04986	0.05598	0.01745	0.01000	0.02269	0.01358	0.03343	0.01118	0.01342	0.00873	0.00721	0.00513	0.00240	0.00642	0.00450	0.00467	0.00864
51	0.01781	0.05673	0.05316	0.30438	0.30497	0.05854	0.02172	0.02242	0.01666	0.02208	0.01370	0.01891	0.01107	0.00758	0.00824	0.00241	0.03907	0.00659	0.00362	0.01032
52	0.01013	0.00757	0.00954	0.01026	0.01168	0.00683	0.00729	0.01224	0.01696	0.02273	0.18080	0.42387	0.15433	0.02083	0.00946	0.00284	0.00438	0.03988	0.00736	0.04103
53	0.01090	0.00792	0.01026	0.00968	0.01154	0.00728	0.00726	0.01449	0.02177	0.03067	0.65046	0.05861	0.09801	0.01601	0.00915	0.00245	0.00367	0.01412	0.00848	0.00728
54	0.01929	0.01666	0.01753	0.01578	0.02016	0.01929	0.01227	0.04120	0.66513	0.03243	0.03156	0.02893	0.02367	0.01052	0.00789	0.00263	0.00614	0.00877	0.00789	0.01227
55	0.00945	0.00675	0.00900	0.01080	0.01125	0.00630	0.00720	0.01080	0.01484	0.01979	0.04274	0.72245	0.05128	0.02429	0.00990	0.00315	0.00450	0.02204	0.00720	0.00630
56	0.01913	0.35431	0.05070	0.01310	0.01974	0.02072	0.01214	0.02223	0.01606	0.05124	0.01300	0.01486	0.01100	0.00666	0.00621	0.00157	0.03177	0.00464	0.00413	0.32678
57	0.04721	0.66434	0.07940	0.01370	0.02057	0.02943	0.01404	0.02328	0.01570	0.01921	0.01097	0.01269	0.00989	0.00670	0.00512	0.00173	0.00841	0.00425	0.00337	0.00999
58	0.00916	0.00785	0.00785	0.00785	0.01047	0.00655	0.00589	0.01113	0.01767	0.02095	0.07855	0.07462	0.67599	0.01964	0.00916	0.00262	0.00393	0.01636	0.00720	0.00655
59	0.01900	0.01648	0.01788	0.05844	0.02221	0.01916	0.01284	0.03988	0.62515	0.03166	0.03046	0.02842	0.02285	0.01035	0.00788	0.00263	0.00639	0.00865	0.00762	0.01205
60	0.02947	0.02172	0.02327	0.01784	0.02404	0.02404	0.01474	0.65329	0.03646	0.04887	0.01862	0.01862	0.01319	0.00931	0.00776	0.00233	0.00853	0.00698	0.00776	0.01319
61	0.01571	0.03898	0.64973	0.02272	0.03397	0.01810	0.06512	0.02457	0.01648	0.02457	0.01402	0.01664	0.00994	0.00732	0.00747	0.00246	0.01155	0.00593	0.00331	0.01140
62	0.03479	0.01320	0.01799	0.01380	0.01979	0.01140	0.01140	0.03779	0.02219	0.68451	0.03059	0.02639	0.01919	0.00960	0.00780	0.00240	0.00660	0.00780	0.00960	0.01320
63	0.01872	0.01765	0.02902	0.04259	0.58242	0.01785	0.02182	0.02478	0.07450	0.02629	0.05477	0.02231	0.01684	0.00775	0.00778	0.00234	0.00862	0.00749	0.00447	0.01199
64	0.01497	0.00823	0.00832	0.00814	0.01022	0.00851	0.00615	0.02053	0.08528	0.02928	0.02596	0.02891	0.02028	0.00919	0.00568	0.00189	0.00388	0.00739	0.68943	0.00776
65	0.00945	0.00675	0.00900	0.01080	0.01125	0.00630	0.00720	0.01080	0.01484	0.01979	0.04274	0.72245	0.05128	0.02429	0.00990	0.00315	0.00450	0.02204	0.00720	0.00630
66	0.78228	0.01499	0.01140	0.01020	0.01499	0.01739	0.00840	0.02279	0.01320	0.03479	0.01080	0.01260	0.00840	0.00720	0.00480	0.00240	0.00600	0.00420	0.00480	0.00840
67	0.03456	0.01356	0.01822	0.01397	0.01998	0.01194	0.01154	0.06446	0.02281	0.65696	0.03007	0.02605	0.01893	0.00958	0.00780	0.00240	0.00668	0.00776	0.00952	0.01319
68	0.01900	0.01823	0.03113	0.07485	0.65334	0.01837	0.02370	0.02363	0.01757	0.02510	0.01455	0.01925	0.01220	0.00694	0.00768	0.00231	0.00926	0.00691	0.00382	0.01213
69	0.01929	0.01666	0.01753	0.01578	0.02016	0.01929	0.01227	0.04120	0.66513	0.03243	0.03156	0.02893	0.02367	0.01052	0.00789	0.00263	0.00614	0.00877	0.00789	0.01227
70	0.01634	0.00913	0.01202	0.01061	0.01342	0.00822	0.00820	0.01979	0.02185	0.17979	0.50710	0.05131	0.08201	0.01456	0.00884	0.00244	0.00434	0.01268	0.00873	0.00863
71	0.01500	0.00776	0.00781	0.00762	0.00958	0.00784	0.00576	0.04133	0.01700	0.02964	0.02505	0.02853	0.01963	0.00904	0.00551	0.00183	0.00379	0.00722	0.74261	0.00745
72	0.02074	0.01983	0.05522	0.10188	0.16756	0.01974	0.20620	0.19126	0.05046	0.03103	0.01779	0.02308	0.01401	0.00835	0.00828	0.00251	0.01015	0.03542	0.00516	0.01133
73	0.01870	0.01891	0.03757	0.13214	0.21269	0.01861	0.36684	0.02438	0.01789	0.05152	0.01574	0.02064	0.01201	0.00694	0.00850	0.00252	0.01138	0.00817	0.00407	0.01080
74	0.03397	0.01301	0.01773	0.01366	0.01951	0.01126	0.01126	0.03699	0.02218	0.66214	0.05265	0.02747	0.02104	0.00981	0.00784	0.00240	0.00650	0.00801	0.00956	0.01299
75	0.01128	0.00752	0.00846	0.00846	0.00846	0.00752	0.00470	0.01128	0.01128	0.01503	0.02443	0.05074	0.02819	0.72751	0.03946	0.00752	0.00752	0.01128	0.00470	0.00470
76	0.01649	0.16509	0.57055	0.02050	0.03109	0.02030	0.02587	0.02431	0.01626	0.02341	0.01335	0.01566	0.00985	0.00723	0.00693	0.00231	0.01089	0.00544	0.00328	0.01119
77	0.01173	0.00898	0.01366	0.01307	0.01462	0.01024	0.03623	0.01453	0.01297	0.01895	0.02143	0.05686	0.02029	0.07128	0.55484	0.01056	0.04241	0.00885	0.05142	0.00705
78	0.07231	0.02004	0.02132	0.01666	0.02250	0.02206	0.01369	0.52422	0.07235	0.07331	0.02207	0.02166	0.04254	0.00972	0.00765	0.00237	0.00795	0.00737	0.00765	0.01256
79	0.01780	0.01935	0.05972	0.11031	0.28279	0.01833	0.29752	0.02335	0.01755	0.02428	0.01604	0.04716	0.01326	0.00752	0.00840	0.00251	0.01092	0.00843	0.00394	0.01083
80	0.04944	0.02126	0.15702	0.18071	0.03147	0.01834	0.05678	0.22463	0.02260	0.03227	0.01697	0.01999	0.01249	0.00826	0.00732	0.00236	0.00905	0.00677	0.11170	0.01057

[dist]
# distance from previous block
# <min> <max>
0	3

[block]
# block no. 4 follows, 25 sequences, length 57
# corresponding to MSA columns:
# 329-385
name=unknown_E
#
# <colnr> <probs for GDERKNQSTAVLIFYWHMCP>
#	G	D	E	R	K	N	Q	S	T	A	V	L	I	F	Y	W	H	M	C	P
0	0.13667	0.01089	0.01229	0.01124	0.01471	0.01026	0.00873	0.03862	0.01711	0.07414	0.08123	0.19120	0.09213	0.03680	0.00891	0.00262	0.00554	0.07898	0.00651	0.16140
1	0.02330	0.02482	0.02071	0.04572	0.04940	0.28349	0.01455	0.06790	0.29150	0.02652	0.02062	0.02114	0.01602	0.00939	0.00854	0.00240	0.05058	0.00694	0.00577	0.01068
2	0.00962	0.00783	0.00852	0.00844	0.01078	0.00673	0.00629	0.01198	0.01862	0.02340	0.22392	0.09543	0.50365	0.01888	0.00919	0.00259	0.00388	0.01601	0.00753	0.00673
