[name]
unknown

[dist]
# distance from previous block
# <min> <max>
0	31

[block]
# block no. 0 follows, 26 sequences, length 39
# corresponding to MSA columns:
# 31-69
name=unknown_A
#
# <colnr> <probs for GDERKNQSTAVLIFYWHMCP>
#	G	D	E	R	K	N	Q	S	T	A	V	L	I	F	Y	W	H	M	C	P
0	0.01322	0.01031	0.04475	0.01117	0.01379	0.00885	0.00906	0.03534	0.04931	0.07324	0.41432	0.13949	0.08394	0.01578	0.00885	0.00254	0.00469	0.04557	0.00782	0.00795
1	0.02698	0.02127	0.02289	0.01997	0.08233	0.05756	0.01500	0.51385	0.09240	0.04275	0.01870	0.01896	0.01361	0.00894	0.00755	0.00229	0.00846	0.00688	0.00707	0.01253
2	0.01642	0.01554	0.02371	0.51652	0.04424	0.03986	0.04692	0.07320	0.01673	0.02179	0.01345	0.01939	0.01037	0.00840	0.00985	0.00259	0.10163	0.00677	0.00375	0.00887
3	0.01776	0.01586	0.02631	0.31289	0.36892	0.01724	0.02130	0.02312	0.04428	0.05666	0.01544	0.02012	0.01206	0.00737	0.00755	0.00238	0.00920	0.00687	0.00405	0.01061
4	0.01784	0.02029	0.04380	0.03143	0.03876	0.01936	0.62998	0.02403	0.01762	0.02403	0.01511	0.02029	0.01144	0.00670	0.00966	0.00259	0.04426	0.00885	0.00381	0.01014
5	0.02152	0.01696	0.02734	0.06546	0.49648	0.01697	0.02033	0.04389	0.04814	0.14116	0.01781	0.02047	0.01364	0.00747	0.00754	0.00230	0.00846	0.00699	0.00500	0.01205
6	0.01555	0.01473	0.02497	0.53073	0.22712	0.01717	0.02168	0.02046	0.01575	0.02087	0.01370	0.01982	0.01064	0.00736	0.00756	0.00245	0.00981	0.00675	0.00348	0.00942
7	0.01186	0.00823	0.01064	0.01037	0.01220	0.00780	0.00776	0.01592	0.05354	0.05407	0.47931	0.17758	0.06193	0.01673	0.00903	0.00257	0.00411	0.04085	0.00806	0.00744
8	0.01206	0.00680	0.00961	0.00999	0.01039	0.00660	0.00687	0.01038	0.01174	0.01539	0.02538	0.15191	0.08375	0.02497	0.02334	0.53520	0.00597	0.04092	0.00447	0.00426
9	0.01549	0.01467	0.02486	0.53950	0.21881	0.01716	0.02165	0.02040	0.01572	0.02080	0.01369	0.01984	0.01061	0.00737	0.00756	0.00246	0.00982	0.00675	0.00347	0.00937
10	0.01084	0.00813	0.01219	0.01219	0.01354	0.00948	0.00948	0.01354	0.01219	0.01761	0.02032	0.02980	0.01896	0.05689	0.70337	0.01219	0.02032	0.00813	0.00406	0.00677
11	0.01074	0.00775	0.01014	0.00954	0.01133	0.00716	0.00716	0.01431	0.02147	0.03042	0.68211	0.05666	0.07157	0.01551	0.00895	0.00239	0.00358	0.01372	0.00835	0.00716
12	0.01618	0.09099	0.61506	0.02088	0.03141	0.04958	0.02630	0.02421	0.01622	0.02332	0.01330	0.01562	0.00963	0.00718	0.00702	0.00232	0.01109	0.00546	0.00324	0.01099
13	0.01560	0.09282	0.64395	0.02096	0.03180	0.01857	0.02687	0.02392	0.01597	0.02355	0.01338	0.01572	0.00962	0.00715	0.00703	0.00234	0.01097	0.00549	0.00321	0.01110
14	0.78701	0.01467	0.01115	0.00997	0.01467	0.01702	0.00821	0.02230	0.01291	0.03403	0.01056	0.01232	0.00821	0.00704	0.00469	0.00235	0.00587	0.00411	0.00469	0.00821
15	0.05810	0.02321	0.02243	0.01865	0.04968	0.13013	0.01457	0.51088	0.03180	0.04173	0.01673	0.01729	0.01219	0.00873	0.00735	0.00223	0.00912	0.00641	0.00674	0.01203
16	0.01001	0.00712	0.00930	0.01036	0.01128	0.00667	0.00711	0.01175	0.01503	0.02074	0.09519	0.54965	0.04672	0.04551	0.04584	0.00348	0.00525	0.01846	0.04104	0.03950
17	0.01035	0.00751	0.00981	0.01130	0.01215	0.00733	0.00809	0.01303	0.04871	0.02035	0.04005	0.54443	0.04648	0.05851	0.01119	0.00334	0.00509	0.12881	0.00694	0.00653
18	0.01918	0.01815	0.03047	0.04539	0.65960	0.01824	0.02292	0.04879	0.01801	0.02570	0.01443	0.01875	0.01205	0.00685	0.00751	0.00225	0.00898	0.00676	0.00391	0.01205
19	0.00924	0.00660	0.00880	0.01056	0.01100	0.00616	0.00704	0.01056	0.01452	0.01936	0.04181	0.72848	0.05017	0.02376	0.00968	0.00308	0.00440	0.02156	0.00704	0.00616
20	0.01877	0.01802	0.03079	0.04656	0.68612	0.01802	0.02328	0.02328	0.01727	0.02478	0.01427	0.01877	0.01201	0.00676	0.00751	0.00225	0.00901	0.00676	0.00375	0.01201
21	0.02833	0.02100	0.02248	0.01735	0.02333	0.02329	0.01429	0.62940	0.06791	0.04699	0.01885	0.01872	0.01342	0.00917	0.00759	0.00229	0.00823	0.00692	0.00759	0.01285
22	0.01085	0.00806	0.01184	0.01184	0.01307	0.00929	0.00905	0.01332	0.01209	0.01735	0.02064	0.03157	0.01973	0.11730	0.64401	0.01176	0.01916	0.00839	0.00411	0.00658
23	0.00924	0.00660	0.00880	0.01056	0.01100	0.00616	0.00704	0.01056	0.01452	0.01936	0.04181	0.72848	0.05017	0.02376	0.00968	0.00308	0.00440	0.02156	0.00704	0.00616
24	0.01484	0.01401	0.02369	0.63728	0.12611	0.01699	0.02132	0.01983	0.01541	0.02001	0.01357	0.02005	0.01033	0.00749	0.00757	0.00250	0.00998	0.00674	0.00342	0.00884
25	0.01860	0.01785	0.03047	0.07259	0.66144	0.01798	0.02319	0.02313	0.01719	0.02457	0.01424	0.01883	0.01194	0.00679	0.00751	0.00226	0.00905	0.00676	0.00374	0.01187
26	0.01650	0.01646	0.02321	0.04956	0.02129	0.02296	0.01679	0.01830	0.01177	0.01830	0.01011	0.01675	0.00996	0.01303	0.02415	0.00329	0.68930	0.00664	0.00332	0.00830
27	0.01759	0.01531	0.02190	0.26341	0.15341	0.01654	0.01686	0.10292	0.04791	0.02598	0.01534	0.01933	0.01204	0.00769	0.00795	0.00217	0.04387	0.00640	0.03855	0.16482
28	0.01987	0.67093	0.06786	0.01371	0.02008	0.02912	0.01383	0.02255	0.01525	0.01814	0.01065	0.01256	0.00974	0.00686	0.00597	0.00174	0.04391	0.00425	0.00325	0.00973
29	0.01077	0.00811	0.01014	0.01109	0.01234	0.00801	0.00788	0.01502	0.09750	0.02257	0.12590	0.49517	0.07412	0.02068	0.00935	0.00293	0.00460	0.04945	0.00729	0.00707
30	0.04408	0.50414	0.19192	0.01520	0.02248	0.02609	0.01644	0.02348	0.03790	0.02032	0.01195	0.01376	0.01012	0.00700	0.00608	0.00191	0.02897	0.00465	0.00344	0.01007
31	0.01040	0.00774	0.00977	0.00968	0.01148	0.00700	0.00716	0.01327	0.01913	0.02629	0.42053	0.19429	0.15341	0.01755	0.00903	0.00254	0.00396	0.03570	0.00772	0.03334
32	0.02838	0.03479	0.02161	0.01935	0.02346	0.64101	0.01463	0.08780	0.02279	0.02123	0.01232	0.01409	0.01006	0.00793	0.00691	0.00198	0.01319	0.00506	0.00424	0.00917
33	0.01103	0.00735	0.00827	0.00827	0.00827	0.00735	0.00460	0.01103	0.01103	0.01471	0.02390	0.04964	0.02758	0.73343	0.03861	0.00735	0.00735	0.01103	0.00460	0.00460
34	0.02642	0.02023	0.02254	0.01764	0.02342	0.02243	0.03991	0.51234	0.16098	0.04367	0.02060	0.02030	0.01487	0.00923	0.00767	0.00235	0.00806	0.00726	0.00746	0.01261
35	0.01725	0.01881	0.03842	0.09016	0.06934	0.01891	0.47430	0.02279	0.01693	0.02317	0.01561	0.02273	0.01262	0.00789	0.01056	0.00266	0.08888	0.03529	0.00387	0.00981
36	0.78701	0.01467	0.01115	0.00997	0.01467	0.01702	0.00821	0.02230	0.01291	0.03403	0.01056	0.01232	0.00821	0.00704	0.00469	0.00235	0.00587	0.00411	0.00469	0.00821
37	0.01841	0.01737	0.02906	0.16144	0.54886	0.01804	0.02253	0.04879	0.01766	0.02479	0.01429	0.01900	0.01172	0.00700	0.00753	0.00230	0.00917	0.00676	0.00385	0.01143
38	0.01604	0.01515	0.02563	0.42517	0.30464	0.01706	0.02167	0.02082	0.01608	0.02165	0.01465	0.02174	0.01195	0.00768	0.00765	0.00245	0.00957	0.02695	0.00364	0.00982

[dist]
# distance from previous block
# <min> <max>
0	1

[block]
# block no. 1 follows, 26 sequences, length 88
# corresponding to MSA columns:
# 71-158
name=unknown_B
#
# <colnr> <probs for GDERKNQSTAVLIFYWHMCP>
#	G	D	E	R	K	N	Q	S	T	A	V	L	I	F	Y	W	H	M	C	P
0	0.05772	0.01355	0.02210	0.67560	0.05013	0.01686	0.02034	0.01954	0.01504	0.02020	0.01332	0.01978	0.01000	0.00755	0.00742	0.00252	0.00987	0.00659	0.00344	0.00841
1	0.09343	0.01939	0.02054	0.01625	0.02189	0.02150	0.01330	0.46825	0.13757	0.08010	0.02028	0.01978	0.01451	0.00914	0.00736	0.00234	0.00764	0.00692	0.00746	0.01235
2	0.01521	0.01291	0.01516	0.01112	0.01735	0.00980	0.00881	0.01850	0.01596	0.02477	0.04785	0.04788	0.01587	0.00687	0.00595	0.00127	0.00546	0.00567	0.00479	0.70877
3	0.00924	0.00660	0.00880	0.01056	0.01100	0.00616	0.00704	0.01056	0.01452	0.01936	0.04181	0.72848	0.05017	0.02376	0.00968	0.00308	0.00440	0.02156	0.00704	0.00616
4	0.01690	0.01750	0.02825	0.02272	0.02451	0.02229	0.16619	0.01966	0.01308	0.01966	0.01121	0.01750	0.01032	0.01167	0.02118	0.00314	0.55485	0.00718	0.00344	0.00875
5	0.05310	0.00723	0.00907	0.01032	0.01123	0.00690	0.00708	0.01170	0.01538	0.02161	0.12135	0.58504	0.06883	0.02166	0.00929	0.00294	0.00436	0.01944	0.00707	0.00641
6	0.03117	0.01292	0.01714	0.01338	0.01883	0.01160	0.01096	0.06142	0.04601	0.58089	0.08790	0.02835	0.02342	0.00996	0.00775	0.00236	0.00626	0.00817	0.00916	0.01236
7	0.01414	0.00707	0.00707	0.00707	0.00884	0.00707	0.00530	0.01767	0.01591	0.02828	0.02474	0.02828	0.01944	0.00884	0.00530	0.00177	0.00353	0.00707	0.77554	0.00707
8	0.05902	0.01762	0.01859	0.07167	0.02209	0.04421	0.01260	0.40856	0.02790	0.03930	0.01873	0.02024	0.01384	0.00878	0.00690	0.00217	0.00747	0.00668	0.18279	0.01083
9	0.01130	0.00952	0.01439	0.03968	0.01614	0.01025	0.05953	0.01328	0.01462	0.01999	0.05770	0.51196	0.04026	0.01988	0.01188	0.00303	0.11611	0.01743	0.00613	0.00693
10	0.62306	0.01726	0.08767	0.08319	0.02050	0.01707	0.01171	0.02219	0.01348	0.03143	0.01120	0.01353	0.00856	0.00711	0.00527	0.00237	0.00689	0.00454	0.00439	0.00857
11	0.02076	0.64269	0.03738	0.01388	0.01982	0.08539	0.01330	0.02311	0.01572	0.01793	0.01061	0.01252	0.00975	0.00695	0.00606	0.00174	0.04524	0.00426	0.00330	0.00958
12	0.08276	0.67905	0.03742	0.01273	0.01908	0.02895	0.01259	0.02268	0.01521	0.01916	0.01055	0.01218	0.00961	0.00653	0.00485	0.00168	0.00793	0.00406	0.00336	0.00961
13	0.05746	0.01232	0.01655	0.01306	0.01831	0.01101	0.01070	0.03337	0.02061	0.57924	0.06208	0.02726	0.02114	0.01349	0.06429	0.00315	0.00742	0.00786	0.00874	0.01195
14	0.01189	0.00802	0.00999	0.00973	0.01184	0.00721	0.00736	0.01468	0.01925	0.07493	0.35485	0.14836	0.22383	0.01741	0.00904	0.00258	0.00416	0.04979	0.00784	0.00725
15	0.00930	0.00664	0.00885	0.01052	0.01101	0.00620	0.00705	0.01070	0.01478	0.01977	0.06565	0.70347	0.05096	0.02346	0.00965	0.00305	0.00437	0.02127	0.00709	0.00620
16	0.01406	0.01313	0.02203	0.67888	0.05012	0.01630	0.02034	0.01893	0.01513	0.01938	0.01494	0.05673	0.01218	0.00842	0.00769	0.00256	0.00982	0.00750	0.00356	0.00831
17	0.00924	0.00660	0.00880	0.01056	0.01100	0.00616	0.00704	0.01056	0.01452	0.01936	0.04181	0.72848	0.05017	0.02376	0.00968	0.00308	0.00440	0.02156	0.00704	0.00616
18	0.00924	0.00660	0.00880	0.01056	0.01100	0.00616	0.00704	0.01056	0.01452	0.01936	0.04181	0.72848	0.05017	0.02376	0.00968	0.00308	0.00440	0.02156	0.00704	0.00616
19	0.00924	0.00660	0.00880	0.01056	0.01100	0.00616	0.00704	0.01056	0.01452	0.01936	0.04181	0.72848	0.05017	0.02376	0.00968	0.00308	0.00440	0.02156	0.00704	0.00616
20	0.01819	0.10409	0.06225	0.12152	0.45534	0.01937	0.06602	0.02284	0.01678	0.02323	0.01377	0.01816	0.01137	0.00682	0.00729	0.00224	0.00940	0.00653	0.00363	0.01115
21	0.01653	0.01654	0.02297	0.11431	0.05070	0.04402	0.01712	0.01881	0.01267	0.01865	0.01108	0.01760	0.01041	0.01381	0.04841	0.00348	0.54442	0.00666	0.00339	0.00842
22	0.74362	0.01460	0.01180	0.04958	0.01678	0.01701	0.00894	0.02213	0.01304	0.03321	0.01073	0.01277	0.00832	0.00707	0.00486	0.00236	0.00611	0.00426	0.00462	0.00823
23	0.03403	0.01291	0.01760	0.01350	0.01936	0.01115	0.01115	0.03697	0.02171	0.69137	0.02992	0.02582	0.01878	0.00939	0.00763	0.00235	0.00645	0.00763	0.00939	0.01291
24	0.04951	0.63618	0.03683	0.01344	0.01972	0.06255	0.01297	0.05891	0.01676	0.02016	0.01103	0.01259	0.00986	0.00672	0.00511	0.00170	0.00832	0.00425	0.00358	0.00981
25	0.01398	0.00974	0.01220	0.01027	0.01377	0.00827	0.00794	0.01739	0.01979	0.08353	0.42576	0.04348	0.07090	0.01243	0.00793	0.00204	0.00438	0.01077	0.00734	0.21808
26	0.00924	0.00660	0.00880	0.01056	0.01100	0.00616	0.00704	0.01056	0.01452	0.01936	0.04181	0.72848	0.05017	0.02376	0.00968	0.00308	0.00440	0.02156	0.00704	0.00616
27	0.01630	0.01757	0.03577	0.13352	0.03691	0.01771	0.43978	0.02157	0.01663	0.02254	0.01755	0.09788	0.01542	0.00901	0.01005	0.00267	0.06587	0.00982	0.00408	0.00936
28	0.01745	0.01601	0.02709	0.30500	0.32748	0.01718	0.06148	0.02282	0.04049	0.04770	0.01519	0.01997	0.01187	0.00725	0.00759	0.00236	0.00938	0.00692	0.00398	0.03277
29	0.02114	0.67950	0.03811	0.01330	0.01965	0.06095	0.01299	0.02357	0.01592	0.04160	0.01128	0.01272	0.01005	0.00665	0.00506	0.00166	0.00831	0.00422	0.00349	0.00980
30	0.01625	0.01495	0.02377	0.51456	0.12417	0.01811	0.02039	0.07203	0.01677	0.02225	0.01365	0.01956	0.01056	0.00812	0.00913	0.00254	0.07348	0.00674	0.00376	0.00922
31	0.01903	0.04494	0.02715	0.22189	0.35937	0.12608	0.02069	0.02310	0.01707	0.02183	0.01335	0.01805	0.01098	0.00740	0.00803	0.00230	0.03843	0.00636	0.00364	0.01030
32	0.75439	0.01571	0.04001	0.01047	0.01544	0.01704	0.00905	0.02237	0.01304	0.03361	0.01069	0.01248	0.00827	0.00705	0.00480	0.00235	0.00609	0.00417	0.00463	0.00834
33	0.02146	0.54205	0.08946	0.01498	0.02135	0.16228	0.01454	0.02432	0.01667	0.01849	0.01103	0.01278	0.00973	0.00681	0.00545	0.00175	0.00947	0.00435	0.00337	0.00967
34	0.01887	0.01629	0.01715	0.01544	0.01972	0.01887	0.01201	0.04031	0.67241	0.03173	0.03087	0.02830	0.02315	0.01029	0.00772	0.00257	0.00600	0.00858	0.00772	0.01201
35	0.02645	0.01287	0.01659	0.01251	0.01849	0.01059	0.01020	0.02957	0.01958	0.42415	0.05473	0.02369	0.01858	0.00834	0.00698	0.00192	0.00602	0.00680	0.00761	0.28434
36	0.00948	0.00677	0.00908	0.01084	0.01139	0.00637	0.00746	0.01098	0.01476	0.01963	0.04167	0.67609	0.04964	0.02353	0.00975	0.00311	0.00461	0.07156	0.00704	0.00623
37	0.01659	0.01659	0.02323	0.01991	0.01991	0.02323	0.01659	0.01825	0.01162	0.01825	0.00996	0.01659	0.00996	0.01328	0.02489	0.00332	0.71955	0.00664	0.00332	0.00830
38	0.01227	0.01150	0.06617	0.01117	0.01420	0.00944	0.00926	0.01793	0.11353	0.04790	0.20340	0.18466	0.23625	0.01658	0.00873	0.00260	0.00489	0.01432	0.00723	0.00797
39	0.03403	0.01291	0.01760	0.01350	0.01936	0.01115	0.01115	0.03697	0.02171	0.69137	0.02992	0.02582	0.01878	0.00939	0.00763	0.00235	0.00645	0.00763	0.00939	0.01291
40	0.02567	0.01101	0.01479	0.01198	0.01636	0.00969	0.00964	0.02884	0.02144	0.45094	0.24553	0.03610	0.03626	0.01139	0.00799	0.00234	0.00541	0.00962	0.03418	0.01081
41	0.02390	0.02880	0.05879	0.08895	0.20173	0.39400	0.01819	0.05604	0.02018	0.02190	0.01295	0.01594	0.01053	0.00754	0.00714	0.00212	0.01175	0.00567	0.00395	0.00993
42	0.01547	0.01481	0.02585	0.47838	0.18193	0.01689	0.07775	0.02044	0.01597	0.02112	0.01519	0.02330	0.01236	0.00799	0.00784	0.00252	0.00996	0.03930	0.00368	0.00926
43	0.02981	0.01284	0.01733	0.01371	0.01865	0.01204	0.01124	0.03339	0.04492	0.54865	0.09097	0.02812	0.02329	0.01033	0.00916	0.00244	0.06427	0.00817	0.00873	0.01195
44	0.00978	0.00683	0.00898	0.01057	0.01115	0.00647	0.00726	0.01131	0.01464	0.01977	0.04003	0.61154	0.04717	0.05945	0.01105	0.00328	0.00473	0.07040	0.03939	0.00619
45	0.01905	0.01723	0.02892	0.04285	0.61694	0.01707	0.02175	0.02334	0.01750	0.05889	0.01830	0.02193	0.04695	0.00754	0.00759	0.00227	0.00861	0.00728	0.00421	0.01177
46	0.01666	0.06138	0.02060	0.07071	0.02095	0.12096	0.01425	0.01894	0.01384	0.01822	0.01422	0.04053	0.01350	0.02351	0.19973	0.00530	0.30790	0.00706	0.00371	0.00800
47	0.68878	0.01595	0.01323	0.01341	0.06980	0.04931	0.00974	0.02275	0.01367	0.03255	0.01092	0.01291	0.00860	0.00705	0.00502	0.00232	0.00649	0.00436	0.00458	0.00855
48	0.02040	0.01865	0.03038	0.04145	0.54982	0.04972	0.07185	0.02480	0.01788	0.07877	0.01551	0.01924	0.01242	0.00699	0.00760	0.00227	0.00932	0.00691	0.00423	0.01180
49	0.07998	0.01461	0.01729	0.19067	0.02670	0.01690	0.01342	0.03097	0.37627	0.04950	0.02869	0.02866	0.07427	0.01007	0.00754	0.00253	0.00686	0.00835	0.00637	0.01035
50	0.02563	0.10359	0.01829	0.01230	0.01708	0.01241	0.01024	0.02869	0.02084	0.41706	0.21367	0.03289	0.03270	0.01077	0.00765	0.00227	0.00584	0.00891	0.00831	0.01086
51	0.01079	0.00808	0.01209	0.01214	0.01347	0.00939	0.00941	0.01346	0.01226	0.01766	0.02092	0.04949	0.01984	0.05595	0.68382	0.01193	0.01987	0.00851	0.00415	0.00676
52	0.02077	0.63688	0.07175	0.01403	0.02053	0.09182	0.01391	0.02348	0.01601	0.01823	0.01081	0.01251	0.00973	0.00665	0.00517	0.00169	0.00879	0.00421	0.00330	0.00972
53	0.02028	0.73799	0.03975	0.01298	0.01947	0.03001	0.01298	0.02271	0.01541	0.01785	0.01055	0.01217	0.00973	0.00649	0.00487	0.00162	0.00811	0.00406	0.00324	0.00973
54	0.00930	0.00663	0.00878	0.01048	0.01091	0.00620	0.00696	0.01058	0.01440	0.01920	0.04118	0.70492	0.04938	0.04840	0.01069	0.00323	0.00450	0.02120	0.00696	0.00611
55	0.01077	0.00770	0.00989	0.00937	0.01092	0.00718	0.00682	0.01388	0.02008	0.02833	0.59458	0.05573	0.06572	0.11098	0.01289	0.00305	0.00408	0.01336	0.00785	0.00682
56	0.01162	0.00939	0.04223	0.01010	0.01253	0.00769	0.00814	0.01515	0.02050	0.05495	0.53312	0.08019	0.13438	0.01559	0.00884	0.00243	0.00411	0.01364	0.00795	0.00746
57	0.01573	0.01348	0.01573	0.01123	0.01798	0.01011	0.00899	0.01910	0.01573	0.02472	0.01348	0.01573	0.01123	0.00562	0.00562	0.00112	0.00562	0.00449	0.00449	0.77980
58	0.00924	0.00660	0.00880	0.01056	0.01100	0.00616	0.00704	0.01056	0.01452	0.01936	0.04181	0.72848	0.05017	0.02376	0.00968	0.00308	0.00440	0.02156	0.00704	0.00616
59	0.01556	0.01495	0.02633	0.34794	0.20062	0.01620	0.12335	0.02038	0.01634	0.02204	0.01959	0.02452	0.06496	0.00818	0.00778	0.00243	0.00945	0.00786	0.04214	0.00937
60	0.01818	0.01867	0.05171	0.18308	0.50087	0.04993	0.02258	0.02282	0.01699	0.02334	0.01396	0.01874	0.01143	0.00699	0.00748	0.00230	0.00953	0.00663	0.00366	0.01109
61	0.02178	0.01975	0.02274	0.15245	0.08469	0.11747	0.01663	0.20499	0.02139	0.04722	0.01467	0.01839	0.01165	0.01155	0.04319	0.00296	0.16692	0.00657	0.00488	0.01010
62	0.01414	0.00707	0.00707	0.00707	0.00884	0.00707	0.00530	0.01767	0.01591	0.02828	0.02474	0.02828	0.01944	0.00884	0.00530	0.00177	0.00353	0.00707	0.77554	0.00707
63	0.01591	0.01405	0.01809	0.01292	0.01974	0.01085	0.06192	0.01952	0.01591	0.02468	0.01363	0.01611	0.01126	0.00568	0.00589	0.00124	0.00620	0.00486	0.00444	0.71709
64	0.01903	0.05948	0.45723	0.01987	0.02915	0.01687	0.06327	0.04950	0.01805	0.13640	0.04714	0.01973	0.01423	0.00794	0.00739	0.00237	0.00994	0.00651	0.00468	0.01125
65	0.03384	0.01321	0.01779	0.01364	0.01951	0.01160	0.01127	0.05971	0.02222	0.66790	0.02950	0.02554	0.01856	0.00938	0.00763	0.00234	0.00652	0.00760	0.00932	0.01291
66	0.01108	0.01023	0.06621	0.01301	0.01492	0.00826	0.01111	0.01400	0.01598	0.02126	0.03876	0.37807	0.04390	0.02114	0.00984	0.00321	0.00613	0.29923	0.00670	0.00695
67	0.02212	0.27586	0.05316	0.01570	0.02074	0.24370	0.01354	0.07820	0.07301	0.02298	0.07045	0.01904	0.01666	0.01010	0.03223	0.00235	0.00996	0.00595	0.00464	0.00961
68	0.02321	0.01220	0.01513	0.01283	0.01713	0.01173	0.01036	0.06162	0.12803	0.32153	0.12870	0.04078	0.10526	0.01251	0.00823	0.00251	0.00581	0.06336	0.00840	0.01068
69	0.01843	0.01592	0.05167	0.01389	0.02042	0.01300	0.04478	0.08817	0.07032	0.07080	0.03845	0.01923	0.01475	0.00703	0.00648	0.00162	0.00657	0.00585	0.00541	0.48723
70	0.02833	0.03615	0.02149	0.01954	0.02345	0.70298	0.01466	0.03029	0.02149	0.01856	0.01172	0.01368	0.00977	0.00782	0.00684	0.00195	0.01368	0.00489	0.00391	0.00879
71	0.02054	0.02244	0.02262	0.14858	0.20707	0.26483	0.01723	0.03954	0.03535	0.02166	0.01848	0.02345	0.05035	0.01096	0.03938	0.00272	0.01096	0.03010	0.00426	0.00949
72	0.03154	0.01247	0.01670	0.01303	0.01846	0.01099	0.01069	0.03508	0.04043	0.60845	0.05567	0.02726	0.02105	0.00963	0.00755	0.00232	0.00616	0.00787	0.05232	0.01232
73	0.78701	0.01467	0.01115	0.00997	0.01467	0.01702	0.00821	0.02230	0.01291	0.03403	0.01056	0.01232	0.00821	0.00704	0.00469	0.00235	0.00587	0.00411	0.00469	0.00821
74	0.01051	0.00769	0.00986	0.00944	0.01122	0.00704	0.00703	0.01383	0.02076	0.02901	0.59799	0.09264	0.12214	0.01624	0.00899	0.00244	0.00364	0.01432	0.00817	0.00704
75	0.01887	0.01629	0.01715	0.01544	0.01972	0.01887	0.01201	0.04031	0.67241	0.03173	0.03087	0.02830	0.02315	0.01029	0.00772	0.00257	0.00600	0.00858	0.00772	0.01201
76	0.01573	0.01348	0.01573	0.01123	0.01798	0.01011	0.00899	0.01910	0.01573	0.02472	0.01348	0.01573	0.01123	0.00562	0.00562	0.00112	0.00562	0.00449	0.00449	0.77980
77	0.01621	0.02138	0.15147	0.05218	0.05878	0.01798	0.33297	0.02166	0.01615	0.02266	0.01695	0.09463	0.01504	0.00947	0.01097	0.00269	0.11597	0.00919	0.00397	0.00969
78	0.02003	0.70333	0.07221	0.01341	0.02013	0.02940	0.01372	0.02278	0.01544	0.01815	0.01070	0.01236	0.00973	0.00652	0.00498	0.00166	0.00827	0.00413	0.00324	0.00981
79	0.00943	0.00679	0.00896	0.01053	0.01118	0.00632	0.00720	0.01097	0.01511	0.02011	0.07611	0.64203	0.07625	0.02304	0.00965	0.00304	0.00444	0.04547	0.00711	0.00625
80	0.00924	0.00660	0.00880	0.01056	0.01100	0.00616	0.00704	0.01056	0.01452	0.01936	0.04181	0.72848	0.05017	0.02376	0.00968	0.00308	0.00440	0.02156	0.00704	0.00616
81	0.08350	0.05696	0.06101	0.05071	0.08566	0.15710	0.23100	0.07959	0.04054	0.02543	0.01425	0.01756	0.01114	0.00755	0.00837	0.00236	0.04615	0.00678	0.00426	0.01007
82	0.18092	0.01069	0.01222	0.01136	0.01297	0.04856	0.03714	0.01450	0.01189	0.01893	0.01498	0.05859	0.01492	0.07771	0.02173	0.42945	0.00706	0.00720	0.00395	0.00524
83	0.01143	0.00838	0.01137	0.06255	0.01593	0.00832	0.01018	0.01383	0.01623	0.02092	0.06773	0.14529	0.15238	0.04675	0.01246	0.06653	0.00621	0.31058	0.00640	0.00651
84	0.01913	0.01882	0.02764	0.19896	0.44287	0.08224	0.02151	0.05465	0.01809	0.02408	0.01404	0.01861	0.01140	0.00717	0.00747	0.00229	0.00967	0.00658	0.00387	0.01092
85	0.01647	0.05318	0.07587	0.01765	0.04377	0.01701	0.06268	0.04054	0.03922	0.05166	0.04305	0.02647	0.01759	0.15743	0.05509	0.00412	0.23495	0.00790	0.00447	0.03088
86	0.14164	0.02183	0.11951	0.02170	0.13199	0.05688	0.04931	0.17044	0.08511	0.03168	0.01596	0.01766	0.01213	0.00768	0.00691	0.00221	0.00851	0.00615	0.00517	0.08752
87	0.01627	0.02590	0.28574	0.04654	0.11984	0.01728	0.25578	0.02302	0.01721	0.02440	0.05293	0.02318	0.01547	0.00788	0.00812	0.00249	0.01087	0.03264	0.00395	0.01049

[dist]
# distance from previous block
# <min> <max>
3	18

[block]
# block no. 2 follows, 26 sequences, length 29
# corresponding to MSA columns:
# 177-205
name=unknown_C
#
# <colnr> <probs for GDERKNQSTAVLIFYWHMCP>
#	G	D	E	R	K	N	Q	S	T	A	V	L	I	F	Y	W	H	M	C	P
0	0.11864	0.01561	0.06487	0.04568	0.05384	0.05414	0.01328	0.04653	0.10234	0.06474	0.04453	0.04373	0.02589	0.06114	0.01020	0.00306	0.00760	0.20919	0.00604	0.00894
1	0.09378	0.08158	0.02137	0.06693	0.02283	0.14079	0.01342	0.27113	0.06235	0.03181	0.01625	0.01943	0.01307	0.05827	0.02641	0.00282	0.03556	0.00641	0.00556	0.01023
2	0.03989	0.01575	0.05397	0.24442	0.02995	0.01662	0.01540	0.14341	0.03591	0.04608	0.01929	0.05426	0.03897	0.04054	0.01056	0.00264	0.08380	0.00770	0.02898	0.07186
3	0.02002	0.01596	0.02105	0.03986	0.02303	0.01441	0.08702	0.16110	0.02072	0.07420	0.01584	0.01766	0.01210	0.00679	0.00664	0.00167	0.00727	0.00582	0.00538	0.44346
4	0.01999	0.01851	0.09402	0.06949	0.04266	0.01561	0.07637	0.15852	0.04360	0.08263	0.01762	0.04340	0.01376	0.00788	0.00710	0.00200	0.00795	0.00676	0.00544	0.26668
5	0.01782	0.02847	0.35257	0.06271	0.07843	0.04315	0.05816	0.06188	0.04533	0.04828	0.01496	0.01765	0.01116	0.00786	0.00869	0.00237	0.06634	0.00619	0.00408	0.06389
6	0.02097	0.01401	0.01979	0.06664	0.13633	0.01397	0.04228	0.04635	0.14020	0.20415	0.07875	0.06715	0.06203	0.01051	0.00789	0.00240	0.00687	0.00922	0.00684	0.04365
7	0.02126	0.65230	0.03752	0.01378	0.01995	0.11218	0.01318	0.02364	0.01615	0.01793	0.01069	0.01235	0.00974	0.00665	0.00511	0.00166	0.00879	0.00416	0.00333	0.00962
8	0.01874	0.04074	0.01714	0.01231	0.01834	0.01266	0.00995	0.07554	0.07830	0.09338	0.06179	0.02069	0.01719	0.00740	0.00637	0.00158	0.00592	0.00597	0.00574	0.49026
9	0.01534	0.03835	0.66367	0.02210	0.03315	0.01769	0.05761	0.02403	0.01610	0.02403	0.01369	0.01622	0.00970	0.00717	0.00729	0.00241	0.01128	0.00576	0.00323	0.01116
10	0.01844	0.01777	0.03112	0.18934	0.36257	0.01845	0.14832	0.07522	0.01845	0.02539	0.01463	0.01938	0.01157	0.00706	0.00782	0.00238	0.00995	0.00720	0.00400	0.01094
11	0.01670	0.10952	0.50185	0.02257	0.05002	0.01898	0.11044	0.02423	0.01639	0.04069	0.01396	0.01653	0.01018	0.00707	0.00721	0.00233	0.01091	0.00597	0.00347	0.01099
12	0.01308	0.00662	0.00981	0.00981	0.00981	0.00662	0.00650	0.00993	0.00993	0.01324	0.01366	0.02426	0.01383	0.05834	0.03005	0.74439	0.00662	0.00679	0.00335	0.00335
13	0.01374	0.01294	0.02341	0.23018	0.03215	0.01347	0.18842	0.01809	0.01653	0.02171	0.04416	0.14572	0.05654	0.01318	0.00896	0.00281	0.00887	0.13589	0.00509	0.00815
14	0.07568	0.11482	0.51338	0.02176	0.08294	0.01901	0.02440	0.02368	0.01581	0.02416	0.01308	0.01552	0.00971	0.00708	0.00677	0.00230	0.01027	0.00541	0.00337	0.01088
15	0.01877	0.01802	0.03079	0.04656	0.68612	0.01802	0.02328	0.02328	0.01727	0.02478	0.01427	0.01877	0.01201	0.00676	0.00751	0.00225	0.00901	0.00676	0.00375	0.01201
16	0.00932	0.00672	0.00883	0.01038	0.01099	0.00623	0.00699	0.01080	0.01505	0.02006	0.08109	0.66090	0.07840	0.02308	0.00961	0.00302	0.00433	0.02086	0.00712	0.00623
17	0.01040	0.00718	0.00837	0.00883	0.00914	0.00697	0.00533	0.01090	0.01243	0.01637	0.03267	0.22893	0.08410	0.49273	0.02875	0.00587	0.00631	0.01417	0.00542	0.00514
18	0.72551	0.07269	0.01344	0.01022	0.01505	0.01806	0.00860	0.02233	0.01311	0.03273	0.01056	0.01231	0.00834	0.00700	0.00471	0.00229	0.00605	0.00410	0.00458	0.00834
19	0.01667	0.03720	0.64189	0.02099	0.03179	0.01712	0.02672	0.02502	0.01645	0.07556	0.01487	0.01677	0.01032	0.00737	0.00724	0.00240	0.01084	0.00576	0.00368	0.01134
20	0.01406	0.00703	0.00730	0.00730	0.00892	0.00703	0.00541	0.01704	0.01542	0.02705	0.02380	0.02785	0.01893	0.01026	0.00728	0.06488	0.00378	0.00703	0.71286	0.00676
21	0.01525	0.02551	0.30751	0.02319	0.03097	0.01597	0.25444	0.02190	0.01716	0.02424	0.07023	0.06850	0.02030	0.00965	0.00839	0.00259	0.01045	0.05949	0.00437	0.00989
22	0.02082	0.69096	0.03852	0.01342	0.01973	0.07511	0.01309	0.02322	0.01582	0.01789	0.01062	0.01227	0.00974	0.00658	0.00500	0.00164	0.00848	0.00411	0.00329	0.00967
23	0.01632	0.03777	0.63964	0.02128	0.03207	0.01809	0.02692	0.07571	0.01761	0.02595	0.01399	0.01619	0.00988	0.00736	0.00724	0.00239	0.01098	0.00570	0.00356	0.01135
24	0.01137	0.00732	0.00814	0.00814	0.00833	0.00732	0.00467	0.01175	0.01156	0.01618	0.02399	0.04732	0.02669	0.65492	0.03500	0.00675	0.00694	0.01060	0.08813	0.00486
25	0.01316	0.00871	0.01013	0.00971	0.01085	0.00943	0.00680	0.03783	0.04323	0.02128	0.02305	0.03661	0.02229	0.32193	0.12856	0.00586	0.04161	0.00894	0.23354	0.00646
26	0.01569	0.03611	0.59566	0.02181	0.03222	0.01782	0.06898	0.02536	0.06942	0.02467	0.01513	0.01731	0.01084	0.00740	0.00736	0.00243	0.01089	0.00607	0.00361	0.01121
27	0.02172	0.01670	0.01767	0.01542	0.02001	0.03755	0.01211	0.07620	0.53075	0.11908	0.02946	0.02696	0.02159	0.01003	0.00767	0.00251	0.00642	0.00824	0.00782	0.01209
28	0.01102	0.00740	0.00849	0.00849	0.00856	0.00747	0.00486	0.01117	0.01109	0.01486	0.02370	0.04856	0.02711	0.69667	0.07472	0.00762	0.00806	0.01087	0.00457	0.00471

[dist]
# distance from previous block
# <min> <max>
9	16

[block]
# block no. 3 follows, 26 sequences, length 31
# corresponding to MSA columns:
# 222-252
name=unknown_D
#
# <colnr> <probs for GDERKNQSTAVLIFYWHMCP>
#	G	D	E	R	K	N	Q	S	T	A	V	L	I	F	Y	W	H	M	C	P
0	0.01862	0.56392	0.15577	0.01419	0.02127	0.02623	0.01522	0.02217	0.01564	0.01913	0.01545	0.01685	0.05390	0.00745	0.00556	0.00182	0.00839	0.00512	0.00349	0.00978
1	0.01617	0.16133	0.45071	0.01799	0.02733	0.01838	0.02166	0.02283	0.01586	0.02316	0.01346	0.01574	0.01024	0.00691	0.00648	0.00205	0.00954	0.00522	0.03305	0.12188
2	0.08862	0.06499	0.57531	0.01968	0.02971	0.01767	0.02470	0.02343	0.01590	0.02496	0.03904	0.01707	0.01188	0.00748	0.00694	0.00236	0.01028	0.00571	0.00355	0.01071
3	0.02007	0.70937	0.06656	0.01333	0.02002	0.02951	0.01360	0.02277	0.01544	0.01810	0.01067	0.01233	0.00973	0.00652	0.00496	0.00165	0.00824	0.00412	0.00324	0.00979
4	0.01102	0.00738	0.00841	0.00841	0.00846	0.00743	0.00477	0.01112	0.01107	0.01481	0.02377	0.04893	0.02727	0.70932	0.06230	0.00753	0.00782	0.01093	0.00458	0.00467
5	0.63332	0.01454	0.01390	0.01194	0.01672	0.01621	0.05196	0.02300	0.01414	0.07774	0.01415	0.01860	0.01148	0.00807	0.00556	0.00244	0.00644	0.04608	0.00511	0.00859
6	0.02094	0.55914	0.03709	0.01525	0.02135	0.02756	0.06422	0.06497	0.01693	0.04620	0.01213	0.01403	0.01044	0.00721	0.00679	0.00188	0.05509	0.00493	0.00382	0.01001
7	0.01318	0.00659	0.00988	0.00988	0.00988	0.00659	0.00659	0.00988	0.00988	0.01318	0.01318	0.02306	0.01318	0.02635	0.02964	0.77931	0.00659	0.00659	0.00329	0.00329
8	0.03318	0.01272	0.01733	0.01335	0.01907	0.01100	0.01100	0.03614	0.02170	0.66718	0.05379	0.02695	0.02071	0.00961	0.00768	0.00235	0.00635	0.00785	0.00935	0.01270
9	0.01960	0.64457	0.12724	0.01413	0.02125	0.02836	0.01499	0.02289	0.01549	0.01867	0.01096	0.01268	0.00972	0.00659	0.00518	0.00173	0.00853	0.00426	0.00324	0.00993
10	0.01461	0.01404	0.02450	0.66078	0.05124	0.01704	0.07184	0.01977	0.01538	0.01977	0.01363	0.02024	0.01022	0.00749	0.00769	0.00253	0.01032	0.00692	0.00341	0.00857
11	0.00918	0.00769	0.00798	0.00791	0.01038	0.00649	0.00593	0.01130	0.01780	0.02170	0.15044	0.07101	0.60868	0.01876	0.00896	0.00254	0.00381	0.01573	0.00720	0.00649
12	0.01423	0.01294	0.02173	0.65950	0.04890	0.01604	0.01992	0.01863	0.01475	0.01889	0.01346	0.02045	0.01035	0.00907	0.00933	0.06387	0.00983	0.00673	0.00336	0.00802
13	0.01576	0.01674	0.06449	0.40582	0.15059	0.01715	0.14731	0.02087	0.01589	0.02125	0.01397	0.01991	0.01079	0.00792	0.00867	0.03252	0.01038	0.00711	0.00351	0.00932
14	0.01594	0.06335	0.65104	0.02107	0.03196	0.01787	0.02700	0.02435	0.01616	0.04332	0.01398	0.01616	0.00988	0.00724	0.00714	0.00237	0.01096	0.00561	0.00339	0.01121
15	0.01084	0.00813	0.01219	0.01219	0.01354	0.00948	0.00948	0.01354	0.01219	0.01761	0.02032	0.02980	0.01896	0.05689	0.70337	0.01219	0.02032	0.00813	0.00406	0.00677
16	0.03558	0.00873	0.01118	0.01102	0.01200	0.00948	0.00796	0.01383	0.01314	0.04154	0.04811	0.11314	0.05013	0.29655	0.18945	0.00685	0.06609	0.05380	0.00516	0.00628
17	0.08684	0.17302	0.02564	0.01635	0.02213	0.11290	0.06411	0.17167	0.04388	0.18521	0.01804	0.01815	0.01304	0.00810	0.00680	0.00215	0.00865	0.00618	0.00607	0.01106
18	0.01872	0.01818	0.03170	0.04560	0.64368	0.01810	0.06498	0.02335	0.01731	0.02475	0.01434	0.01888	0.01198	0.00673	0.00760	0.00227	0.00926	0.00690	0.00376	0.01190
19	0.01771	0.01846	0.03598	0.14033	0.29489	0.01838	0.31382	0.02316	0.01724	0.02375	0.01464	0.01976	0.01150	0.00672	0.00818	0.00243	0.01091	0.00776	0.00373	0.01066
20	0.01622	0.01653	0.02419	0.23163	0.03137	0.05972	0.08352	0.01947	0.01415	0.01929	0.01451	0.02049	0.03450	0.01255	0.04481	0.00326	0.33456	0.00720	0.00359	0.00843
21	0.03173	0.01393	0.01990	0.01512	0.02103	0.01251	0.06282	0.07737	0.02234	0.57599	0.04657	0.02576	0.01931	0.00930	0.00777	0.00236	0.00700	0.00785	0.00879	0.01253
22	0.01743	0.04485	0.36017	0.18921	0.06163	0.04043	0.07750	0.02411	0.01664	0.07579	0.01492	0.01812	0.01072	0.00739	0.00742	0.00240	0.01063	0.00631	0.00384	0.01051
23	0.02843	0.01769	0.11796	0.01635	0.02297	0.01353	0.06526	0.03442	0.08839	0.47258	0.02649	0.02423	0.01732	0.00893	0.00768	0.00240	0.00760	0.00754	0.00787	0.01235
24	0.01744	0.01916	0.03970	0.13171	0.04020	0.01882	0.52209	0.02462	0.06042	0.02406	0.01609	0.02094	0.01207	0.00682	0.00867	0.00255	0.01195	0.00860	0.00402	0.01008
25	0.01638	0.01544	0.06620	0.54804	0.06297	0.01662	0.02017	0.02262	0.06089	0.07420	0.01601	0.02091	0.01171	0.00787	0.00757	0.00250	0.00958	0.00686	0.00415	0.00931
26	0.06521	0.08985	0.13499	0.09575	0.02160	0.01310	0.01356	0.01826	0.01541	0.07448	0.02652	0.30257	0.02775	0.01489	0.00854	0.02223	0.00706	0.03444	0.00548	0.00831
27	0.02955	0.01258	0.01770	0.10734	0.02314	0.01160	0.01216	0.03282	0.02081	0.54901	0.07922	0.02750	0.02178	0.00963	0.00773	0.00237	0.00672	0.00799	0.00850	0.01185
28	0.02825	0.01704	0.07227	0.06083	0.02339	0.01538	0.01385	0.15214	0.11076	0.38582	0.02550	0.02359	0.01697	0.00917	0.00760	0.00238	0.00736	0.00739	0.00795	0.01236
29	0.02512	0.04932	0.02378	0.01774	0.02323	0.04112	0.08217	0.40934	0.04562	0.08117	0.01937	0.03707	0.01495	0.03737	0.05436	0.00313	0.00945	0.00755	0.00667	0.01149
30	0.12468	0.01895	0.07263	0.06379	0.02309	0.01935	0.01427	0.31307	0.02420	0.08796	0.01712	0.02002	0.01306	0.05384	0.01078	0.00273	0.07945	0.00668	0.02363	0.01073

[dist]
# distance from previous block
# <min> <max>
6	15

[block]
# block no. 4 follows, 26 sequences, length 49
# corresponding to MSA columns:
# 268-316
name=unknown_E
#
# <colnr> <probs for GDERKNQSTAVLIFYWHMCP>
#	G	D	E	R	K	N	Q	S	T	A	V	L	I	F	Y	W	H	M	C	P
0	0.04438	0.11816	0.37739	0.04648	0.08060	0.01916	0.04267	0.08036	0.01817	0.08197	0.01501	0.01695	0.01091	0.00741	0.00700	0.00229	0.00984	0.00588	0.00423	0.01115
1	0.01779	0.03173	0.49032	0.02104	0.03055	0.01631	0.09281	0.02522	0.01719	0.11358	0.03691	0.02132	0.01402	0.00811	0.00761	0.00245	0.01038	0.02722	0.00438	0.01107
2	0.01626	0.02254	0.23340	0.22434	0.11791	0.01668	0.11614	0.02230	0.01613	0.05216	0.01523	0.01987	0.01156	0.01158	0.06850	0.00330	0.01144	0.00688	0.00377	0.01005
3	0.02605	0.08290	0.06084	0.07443	0.05503	0.02124	0.01548	0.38914	0.04952	0.12240	0.01864	0.01905	0.01327	0.00862	0.00733	0.00226	0.00834	0.00667	0.00669	0.01210
4	0.06616	0.01793	0.02066	0.23624	0.02955	0.13240	0.01618	0.03661	0.01526	0.02072	0.01286	0.01836	0.01091	0.01290	0.06047	0.00331	0.24219	0.00634	0.03257	0.00838
5	0.01659	0.01596	0.02761	0.36786	0.34858	0.01752	0.05390	0.02145	0.01629	0.02216	0.01394	0.01956	0.01107	0.00714	0.00762	0.00240	0.00973	0.00686	0.00357	0.01020
6	0.01601	0.09949	0.55937	0.02248	0.05137	0.01887	0.08167	0.02391	0.01616	0.02351	0.01351	0.01614	0.00986	0.00706	0.00716	0.00234	0.01101	0.00579	0.00328	0.01102
7	0.01071	0.00846	0.01259	0.01266	0.01366	0.00842	0.06023	0.01238	0.01431	0.01924	0.03553	0.51700	0.04163	0.11302	0.01422	0.00362	0.04503	0.04459	0.00626	0.00644
8	0.01602	0.01647	0.02404	0.04197	0.02301	0.06826	0.13755	0.01864	0.01429	0.01971	0.01823	0.17374	0.01909	0.01368	0.01663	0.00300	0.35291	0.01024	0.00428	0.00824
9	0.02223	0.02292	0.25178	0.07843	0.10422	0.01543	0.01922	0.05219	0.05996	0.24226	0.02113	0.04310	0.01516	0.00868	0.00753	0.00240	0.00867	0.00723	0.00586	0.01158
10	0.01535	0.01482	0.02597	0.54789	0.15312	0.01724	0.07716	0.02044	0.01574	0.02068	0.01377	0.02001	0.01054	0.00735	0.00769	0.00249	0.01017	0.00694	0.00347	0.00916
11	0.00924	0.00660	0.00880	0.01056	0.01100	0.00616	0.00704	0.01056	0.01452	0.01936	0.04181	0.72848	0.05017	0.02376	0.00968	0.00308	0.00440	0.02156	0.00704	0.00616
12	0.01692	0.02758	0.29627	0.02904	0.08570	0.01849	0.36546	0.02411	0.01712	0.02423	0.01459	0.01860	0.01081	0.00674	0.00816	0.00247	0.01189	0.00748	0.00358	0.01075
13	0.01658	0.01493	0.02514	0.46984	0.25600	0.01700	0.02137	0.02137	0.01612	0.04888	0.01442	0.01998	0.01109	0.00739	0.00756	0.00243	0.00960	0.00678	0.00374	0.00977
14	0.01549	0.07779	0.65803	0.02114	0.03209	0.01830	0.02719	0.02395	0.01598	0.02368	0.01344	0.01580	0.00962	0.00717	0.00708	0.00236	0.01104	0.00552	0.00321	0.01113
15	0.01659	0.01659	0.02323	0.01991	0.01991	0.02323	0.01659	0.01825	0.01162	0.01825	0.00996	0.01659	0.00996	0.01328	0.02489	0.00332	0.71955	0.00664	0.00332	0.00830
16	0.01880	0.02906	0.42417	0.08473	0.03178	0.01602	0.06959	0.02572	0.01723	0.15148	0.01804	0.02172	0.01308	0.00822	0.00760	0.00246	0.01012	0.03454	0.00462	0.01102
17	0.01521	0.03923	0.69413	0.02162	0.03283	0.01762	0.02802	0.02402	0.01601	0.02402	0.01361	0.01601	0.00961	0.00721	0.00721	0.00240	0.01121	0.00560	0.00320	0.01121
18	0.01084	0.00813	0.01219	0.01219	0.01354	0.00948	0.00948	0.01354	0.01219	0.01761	0.02032	0.02980	0.01896	0.05689	0.70337	0.01219	0.02032	0.00813	0.00406	0.00677
19	0.01009	0.00789	0.01203	0.01237	0.01353	0.00736	0.06401	0.01200	0.01526	0.02049	0.07980	0.62428	0.04813	0.02172	0.00957	0.00299	0.00508	0.01997	0.00684	0.00658
20	0.02525	0.01897	0.12757	0.01931	0.05756	0.01488	0.11115	0.10752	0.02174	0.31727	0.08000	0.02490	0.01982	0.00897	0.00786	0.00238	0.00825	0.00790	0.00700	0.01170
21	0.01452	0.01387	0.02396	0.67750	0.05155	0.01698	0.05624	0.01965	0.01532	0.01965	0.01358	0.02024	0.01019	0.00752	0.00766	0.00253	0.01026	0.00686	0.00340	0.00853
22	0.07159	0.01300	0.01728	0.01332	0.01913	0.01144	0.01100	0.03623	0.02127	0.65858	0.02896	0.02514	0.01825	0.00927	0.00748	0.00235	0.00642	0.00745	0.00915	0.01267
23	0.02874	0.01423	0.02068	0.01757	0.06956	0.01318	0.06859	0.06791	0.05771	0.46588	0.07279	0.02672	0.02128	0.00940	0.00783	0.00237	0.00707	0.00812	0.00823	0.01215
24	0.01465	0.01412	0.02475	0.65308	0.05110	0.01706	0.07903	0.01983	0.01542	0.01983	0.01365	0.02024	0.01024	0.00748	0.00771	0.00253	0.01035	0.00694	0.00341	0.00859
25	0.01838	0.01763	0.03008	0.10502	0.63069	0.01792	0.02308	0.02294	0.01709	0.02431	0.01420	0.01890	0.01185	0.00683	0.00752	0.00228	0.00911	0.00676	0.00372	0.01170
26	0.01830	0.03174	0.47670	0.02235	0.06686	0.01700	0.07320	0.02671	0.05829	0.11145	0.01699	0.01856	0.01193	0.00760	0.00744	0.00241	0.01026	0.00638	0.00437	0.01145
27	0.01613	0.16513	0.57623	0.02006	0.03042	0.01985	0.02531	0.02379	0.01591	0.02291	0.01306	0.01532	0.00963	0.00708	0.00678	0.00226	0.01065	0.00533	0.00321	0.01094
28	0.01534	0.03833	0.66285	0.02212	0.03316	0.01769	0.05840	0.02403	0.01611	0.02403	0.01370	0.01623	0.00970	0.00717	0.00729	0.00241	0.01129	0.00577	0.00323	0.01116
29	0.01592	0.01329	0.01458	0.01340	0.01685	0.01471	0.01041	0.03087	0.43993	0.03027	0.19509	0.04074	0.07965	0.01263	0.00822	0.00257	0.00530	0.03755	0.00780	0.01022
30	0.01474	0.01409	0.02474	0.43480	0.08574	0.01616	0.11281	0.01944	0.01572	0.02070	0.01777	0.07031	0.01589	0.00978	0.00890	0.00267	0.04013	0.06293	0.00401	0.00866
31	0.01539	0.01586	0.03095	0.19275	0.07211	0.01627	0.31882	0.02020	0.01630	0.02194	0.01961	0.15407	0.01845	0.01028	0.00937	0.00267	0.04104	0.01058	0.00430	0.00904
32	0.66508	0.01531	0.01276	0.01098	0.01589	0.01745	0.00905	0.09408	0.01588	0.06835	0.01238	0.01365	0.00926	0.00739	0.00516	0.00234	0.00617	0.00459	0.00525	0.00897
33	0.01761	0.01684	0.02869	0.22136	0.52040	0.01772	0.02270	0.02226	0.01672	0.02337	0.01406	0.01915	0.01152	0.00697	0.00753	0.00232	0.00930	0.00675	0.00365	0.01108
34	0.01810	0.01734	0.02958	0.14711	0.59079	0.01785	0.02295	0.02269	0.01695	0.02397	0.01415	0.01899	0.01173	0.00688	0.00752	0.00229	0.00918	0.00676	0.00370	0.01148
35	0.01497	0.01476	0.02701	0.49012	0.07431	0.01671	0.16012	0.02005	0.01582	0.02069	0.01578	0.06658	0.01312	0.00835	0.00802	0.00256	0.01028	0.00820	0.00373	0.00883
36	0.01501	0.01415	0.02417	0.55927	0.04669	0.01677	0.09291	0.02116	0.05628	0.02114	0.01532	0.02114	0.01153	0.00768	0.00764	0.00250	0.00985	0.00712	0.04089	0.00879
37	0.01084	0.00813	0.01219	0.01219	0.01354	0.00948	0.00948	0.01354	0.01219	0.01761	0.02032	0.02980	0.01896	0.05689	0.70337	0.01219	0.02032	0.00813	0.00406	0.00677
38	0.01649	0.21515	0.52938	0.01944	0.02947	0.02074	0.02424	0.02369	0.01586	0.02247	0.01284	0.01505	0.00964	0.00703	0.00662	0.00221	0.01043	0.00521	0.00321	0.01084
39	0.01531	0.03856	0.67068	0.02199	0.03307	0.01767	0.05079	0.02403	0.01608	0.02403	0.01367	0.01617	0.00968	0.00718	0.00727	0.00241	0.01127	0.00573	0.00323	0.01117
40	0.07518	0.01482	0.02398	0.42738	0.24536	0.01694	0.02044	0.02069	0.01573	0.02231	0.01446	0.02152	0.01177	0.00777	0.00744	0.00246	0.00933	0.02923	0.00372	0.00947
41	0.01414	0.00707	0.00707	0.00707	0.00884	0.00707	0.00530	0.01767	0.01591	0.02828	0.02474	0.02828	0.01944	0.00884	0.00530	0.00177	0.00353	0.00707	0.77554	0.00707
42	0.03135	0.05350	0.03548	0.01356	0.01937	0.01241	0.01153	0.03498	0.04058	0.58952	0.05636	0.02621	0.02043	0.00946	0.00752	0.00232	0.00653	0.00767	0.00880	0.01242
43	0.02952	0.01480	0.07164	0.01386	0.01969	0.01175	0.01219	0.06119	0.02185	0.53047	0.10516	0.02833	0.02401	0.00992	0.00775	0.00235	0.00658	0.00815	0.00868	0.01209
44	0.02132	0.01517	0.01685	0.01474	0.01919	0.01674	0.01157	0.03823	0.51172	0.15811	0.06666	0.02939	0.02499	0.01041	0.00777	0.00252	0.00596	0.00868	0.00807	0.01191
45	0.01076	0.00724	0.00835	0.00862	0.00868	0.00717	0.00496	0.01096	0.01156	0.01541	0.02659	0.15173	0.03097	0.62671	0.03426	0.00671	0.00691	0.01261	0.00496	0.00483
46	0.06995	0.04094	0.05960	0.09448	0.02559	0.06276	0.04477	0.22538	0.02162	0.05961	0.01624	0.05681	0.01345	0.01014	0.01117	0.00256	0.16215	0.00728	0.00530	0.01018
47	0.31624	0.11430	0.02008	0.01558	0.07172	0.01974	0.01189	0.17722	0.05432	0.08585	0.01572	0.01663	0.01181	0.00785	0.00604	0.00222	0.00700	0.00557	0.02985	0.01038
48	0.30712	0.11089	0.04753	0.01374	0.01949	0.05043	0.01197	0.20377	0.02105	0.09115	0.01471	0.01551	0.01092	0.00773	0.00603	0.00216	0.00746	0.00529	0.00562	0.04745

[dist]
# distance from previous block
# <min> <max>
1	7

[block]
# block no. 5 follows, 26 sequences, length 88
# corresponding to MSA columns:
# 324-411
name=unknown_F
#
# <colnr> <probs for GDERKNQSTAVLIFYWHMCP>
#	G	D	E	R	K	N	Q	S	T	A	V	L	I	F	Y	W	H	M	C	P
