[name]
unknown

[dist]
# distance from previous block
# <min> <max>
0	103

[block]
# block no. 0 follows, 24 sequences, length 10
# corresponding to MSA columns:
# 106-115
name=unknown_A
#
# <colnr> <probs for GDERKNQSTAVLIFYWHMCP>
#	G	D	E	R	K	N	Q	S	T	A	V	L	I	F	Y	W	H	M	C	P
0	0.01443	0.00770	0.00834	0.00866	0.01051	0.00770	0.00682	0.01812	0.01692	0.02854	0.02871	0.04011	0.02478	0.01147	0.00650	0.00217	0.00433	0.11504	0.63180	0.00738
1	0.02306	0.14347	0.02444	0.01964	0.09652	0.06716	0.01433	0.06949	0.31890	0.10384	0.02428	0.02352	0.01829	0.00927	0.00744	0.00239	0.00777	0.00743	0.00668	0.01206
2	0.01719	0.34412	0.27384	0.01649	0.02400	0.02215	0.01834	0.02202	0.01618	0.02134	0.01798	0.13814	0.01757	0.01025	0.00689	0.00227	0.00900	0.00807	0.00408	0.01009
3	0.01962	0.19440	0.41851	0.01977	0.02941	0.02247	0.02319	0.13407	0.02022	0.02802	0.01434	0.01623	0.01068	0.00771	0.00704	0.00230	0.01045	0.00571	0.00417	0.01168
4	0.01505	0.01408	0.02367	0.61866	0.09817	0.01714	0.02145	0.02009	0.01599	0.02068	0.01566	0.05637	0.01285	0.00872	0.00803	0.00265	0.01018	0.00784	0.00375	0.00897
5	0.08277	0.01802	0.01955	0.01523	0.02103	0.01881	0.01245	0.37966	0.02920	0.10210	0.05769	0.02536	0.06527	0.01005	0.00762	0.00226	0.00736	0.00778	0.00746	0.11033
6	0.01963	0.01884	0.03219	0.04867	0.67185	0.01884	0.02434	0.02434	0.01806	0.02591	0.01492	0.01963	0.01256	0.00707	0.00785	0.00236	0.00942	0.00707	0.00393	0.01256
7	0.15003	0.01416	0.01704	0.01383	0.01925	0.01374	0.01133	0.07613	0.06466	0.43302	0.02827	0.05651	0.02025	0.01062	0.00771	0.00255	0.00669	0.03355	0.00858	0.01209
8	0.01797	0.01707	0.02288	0.01906	0.02069	0.02189	0.01581	0.05764	0.01444	0.02217	0.01159	0.01729	0.01083	0.01220	0.02136	0.00300	0.54053	0.00656	0.00396	0.14305
9	0.40117	0.01664	0.01587	0.01314	0.01837	0.01836	0.01073	0.19505	0.05531	0.08186	0.06106	0.01973	0.01618	0.00885	0.00645	0.00240	0.00672	0.00627	0.00649	0.03935

[dist]
# distance from previous block
# <min> <max>
0	5

[block]
# block no. 1 follows, 24 sequences, length 186
# corresponding to MSA columns:
# 121-157,159-172,176-310
name=unknown_B
#
# <colnr> <probs for GDERKNQSTAVLIFYWHMCP>
#	G	D	E	R	K	N	Q	S	T	A	V	L	I	F	Y	W	H	M	C	P
0	0.01618	0.01367	0.07942	0.01308	0.01674	0.01127	0.01128	0.08806	0.04803	0.08936	0.35230	0.12082	0.05092	0.01503	0.00900	0.00262	0.00570	0.03937	0.00796	0.00918
1	0.46953	0.01483	0.01655	0.28975	0.03119	0.01772	0.01401	0.02208	0.01445	0.02939	0.01227	0.01622	0.00939	0.00759	0.00613	0.00253	0.00793	0.00541	0.00435	0.00868
2	0.01708	0.01623	0.02738	0.35351	0.35890	0.01783	0.02260	0.02196	0.01703	0.02310	0.01688	0.02237	0.03514	0.00794	0.00794	0.00250	0.00977	0.00740	0.00386	0.01059
3	0.01607	0.01521	0.02576	0.54842	0.19989	0.01791	0.02257	0.02122	0.01637	0.02159	0.01429	0.02078	0.01104	0.00773	0.00791	0.00258	0.01030	0.00705	0.00362	0.00969
4	0.01115	0.00810	0.01050	0.00990	0.01180	0.00745	0.00743	0.01482	0.02228	0.03139	0.64475	0.05990	0.09799	0.01636	0.00935	0.00250	0.00375	0.01443	0.00868	0.00745
5	0.02975	0.02371	0.02346	0.01841	0.02445	0.09553	0.01502	0.56004	0.05600	0.04616	0.01875	0.01888	0.01349	0.00942	0.00785	0.00235	0.00924	0.00698	0.00753	0.01300
6	0.01478	0.00739	0.00739	0.00739	0.00924	0.00739	0.00554	0.01848	0.01663	0.02956	0.02587	0.02956	0.02033	0.00924	0.00554	0.00185	0.00370	0.00739	0.76534	0.00739
7	0.11383	0.01863	0.02001	0.01577	0.02147	0.02009	0.01294	0.40579	0.05171	0.13474	0.05037	0.02473	0.05397	0.01023	0.00774	0.00243	0.00759	0.00784	0.00786	0.01226
8	0.26830	0.01855	0.02478	0.03392	0.40749	0.04460	0.01848	0.04788	0.01746	0.02973	0.01370	0.01719	0.01121	0.00730	0.00686	0.00238	0.00851	0.00609	0.00441	0.01117
9	0.06781	0.03426	0.49514	0.06198	0.13767	0.01840	0.02671	0.02461	0.01669	0.02569	0.01412	0.01718	0.01038	0.00747	0.00743	0.00249	0.01091	0.00601	0.00356	0.01149
10	0.01627	0.08777	0.63664	0.02199	0.03337	0.01930	0.02822	0.02502	0.01670	0.02467	0.01401	0.01647	0.01005	0.00748	0.00737	0.00246	0.01150	0.00575	0.00335	0.01161
11	0.00966	0.00690	0.00920	0.01104	0.01150	0.00644	0.00736	0.01104	0.01518	0.02024	0.04371	0.71614	0.05245	0.02484	0.01012	0.00322	0.00460	0.02254	0.00736	0.00644
12	0.01903	0.01488	0.01643	0.01457	0.01833	0.01626	0.01128	0.19621	0.24985	0.03454	0.11728	0.17208	0.05651	0.01434	0.00867	0.00269	0.00619	0.01222	0.00795	0.01068
13	0.01644	0.11056	0.61539	0.02168	0.03290	0.01973	0.02770	0.02497	0.01668	0.02446	0.01391	0.01633	0.01006	0.00746	0.00729	0.00243	0.01139	0.00570	0.00335	0.01156
14	0.01576	0.01248	0.01454	0.01271	0.01694	0.01158	0.00961	0.02335	0.17846	0.04926	0.02894	0.24758	0.02841	0.01342	0.00788	0.00227	0.00559	0.01170	0.00660	0.30294
15	0.01644	0.01409	0.01644	0.01175	0.01879	0.01057	0.00940	0.01997	0.01644	0.02584	0.01409	0.01644	0.01175	0.00587	0.00587	0.00117	0.00587	0.00470	0.00470	0.76979
16	0.05923	0.37689	0.23625	0.01904	0.02741	0.02505	0.10911	0.02438	0.01654	0.02250	0.01273	0.01521	0.01032	0.00703	0.00644	0.00213	0.01005	0.00548	0.00355	0.01064
17	0.08345	0.01274	0.01558	0.01236	0.01744	0.01140	0.00986	0.05126	0.02033	0.32392	0.10889	0.03162	0.05139	0.06299	0.00999	0.00262	0.00619	0.00849	0.00780	0.15170
18	0.16213	0.02004	0.02140	0.05583	0.02428	0.02276	0.01432	0.44003	0.05629	0.04337	0.01742	0.01840	0.01273	0.00932	0.00835	0.00248	0.04520	0.00669	0.00691	0.01205
19	0.01103	0.00725	0.00969	0.01120	0.01196	0.00672	0.00759	0.01250	0.01558	0.05501	0.04305	0.67967	0.05071	0.02405	0.01001	0.00318	0.00471	0.02177	0.00749	0.00681
20	0.01011	0.00713	0.00929	0.01084	0.01129	0.00677	0.00722	0.01138	0.01476	0.01965	0.04068	0.58122	0.04840	0.13423	0.01492	0.00394	0.00522	0.04978	0.00696	0.00623
21	0.01644	0.01409	0.01644	0.01175	0.01879	0.01057	0.00940	0.01997	0.01644	0.02584	0.01409	0.01644	0.01175	0.00587	0.00587	0.00117	0.00587	0.00470	0.00470	0.76979
22	0.02868	0.11602	0.02474	0.01951	0.02404	0.57504	0.01511	0.06655	0.02260	0.02110	0.01251	0.01440	0.01040	0.00809	0.00696	0.00202	0.01331	0.00513	0.00423	0.00956
23	0.06814	0.01588	0.02373	0.48831	0.10558	0.05639	0.04407	0.02119	0.01636	0.02199	0.01562	0.05961	0.01304	0.00874	0.00785	0.00260	0.01014	0.00772	0.00393	0.00911
24	0.01972	0.01703	0.01793	0.01614	0.02062	0.01972	0.01255	0.04214	0.65752	0.03317	0.03228	0.02959	0.02421	0.01076	0.00807	0.00269	0.00628	0.00897	0.00807	0.01255
25	0.01242	0.00839	0.01089	0.01010	0.01224	0.00766	0.00763	0.01604	0.02225	0.06545	0.60544	0.05836	0.10076	0.01606	0.00928	0.00250	0.00391	0.01412	0.00872	0.00776
26	0.02328	0.01988	0.01986	0.01701	0.02199	0.06678	0.01344	0.20842	0.44248	0.03688	0.02724	0.02562	0.02028	0.01024	0.00797	0.00256	0.00750	0.00820	0.00776	0.01258
27	0.00966	0.00690	0.00920	0.01104	0.01150	0.00644	0.00736	0.01104	0.01518	0.02024	0.04371	0.71614	0.05245	0.02484	0.01012	0.00322	0.00460	0.02254	0.00736	0.00644
28	0.01316	0.01344	0.01081	0.01047	0.01330	0.13141	0.00783	0.01522	0.01897	0.02145	0.09120	0.08448	0.50422	0.01790	0.00899	0.00257	0.00590	0.01470	0.00682	0.00718
29	0.00966	0.00690	0.00920	0.01104	0.01150	0.00644	0.00736	0.01104	0.01518	0.02024	0.04371	0.71614	0.05245	0.02484	0.01012	0.00322	0.00460	0.02254	0.00736	0.00644
30	0.03011	0.02310	0.02372	0.01837	0.02459	0.06244	0.01509	0.61047	0.03644	0.04824	0.01865	0.01877	0.01330	0.00944	0.00789	0.00236	0.00904	0.00702	0.00771	0.01324
31	0.02281	0.02656	0.02371	0.02072	0.02292	0.33091	0.03658	0.02490	0.01716	0.01941	0.01190	0.01665	0.01076	0.01290	0.04440	0.00317	0.33558	0.00624	0.00380	0.00891
32	0.02962	0.03779	0.02247	0.02043	0.02451	0.68948	0.01532	0.03166	0.02247	0.01941	0.01226	0.01430	0.01021	0.00817	0.00715	0.00204	0.01430	0.00511	0.00409	0.00919
33	0.01775	0.01692	0.02879	0.31255	0.42264	0.01835	0.02340	0.02269	0.01717	0.02363	0.01458	0.02024	0.01176	0.00741	0.00788	0.00247	0.00989	0.00706	0.00376	0.01105
34	0.00945	0.00804	0.00815	0.00812	0.01076	0.00673	0.00609	0.01154	0.01827	0.02188	0.10613	0.07557	0.64254	0.01991	0.00937	0.00267	0.00400	0.01663	0.00742	0.00673
35	0.01622	0.01520	0.02516	0.57780	0.04983	0.01861	0.05753	0.05607	0.01699	0.02217	0.01424	0.02078	0.01081	0.00835	0.00925	0.00269	0.05815	0.00718	0.00380	0.00918
36	0.01504	0.00999	0.01244	0.01138	0.01412	0.00969	0.00879	0.02125	0.11158	0.10157	0.45247	0.05365	0.09192	0.01518	0.00909	0.00257	0.00458	0.03727	0.00863	0.00880
37	0.00966	0.00690	0.00920	0.01104	0.01150	0.00644	0.00736	0.01104	0.01518	0.02024	0.04371	0.71614	0.05245	0.02484	0.01012	0.00322	0.00460	0.02254	0.00736	0.00644
38	0.01758	0.01706	0.02750	0.38534	0.33011	0.04189	0.02282	0.02249	0.01708	0.02276	0.01440	0.02022	0.01145	0.00755	0.00787	0.00249	0.01019	0.00699	0.00372	0.01050
39	0.02965	0.03711	0.02253	0.02033	0.02452	0.66027	0.01531	0.05863	0.02312	0.02075	0.01256	0.01451	0.01036	0.00823	0.00718	0.00206	0.01406	0.00520	0.00425	0.00938
40	0.74175	0.01654	0.04289	0.01100	0.01622	0.01782	0.00956	0.02339	0.01365	0.03509	0.01119	0.01306	0.00866	0.00737	0.00503	0.00246	0.00640	0.00437	0.00483	0.00873
41	0.03014	0.02221	0.02380	0.01825	0.02459	0.02459	0.01507	0.64541	0.03728	0.04998	0.01904	0.01904	0.01349	0.00952	0.00793	0.00238	0.00873	0.00714	0.00793	0.01349
42	0.01153	0.00769	0.00865	0.00865	0.00865	0.00769	0.00480	0.01153	0.01153	0.01538	0.02499	0.05189	0.02883	0.72131	0.04036	0.00769	0.00769	0.01153	0.00480	0.00480
43	0.01516	0.00937	0.01135	0.01074	0.01282	0.00897	0.00767	0.03846	0.04373	0.11533	0.12854	0.17779	0.13667	0.20334	0.04056	0.00437	0.00628	0.01398	0.00717	0.00771
44	0.77733	0.01534	0.01166	0.01043	0.01534	0.01779	0.00859	0.02331	0.01350	0.03558	0.01104	0.01288	0.00859	0.00736	0.00491	0.00245	0.00613	0.00429	0.00491	0.00859
45	0.00966	0.00690	0.00920	0.01104	0.01150	0.00644	0.00736	0.01104	0.01518	0.02024	0.04371	0.71614	0.05245	0.02484	0.01012	0.00322	0.00460	0.02254	0.00736	0.00644
46	0.02156	0.01886	0.01792	0.01585	0.01942	0.16140	0.01237	0.15969	0.07724	0.06515	0.02049	0.02517	0.01703	0.05258	0.27138	0.00651	0.01439	0.00758	0.00570	0.00971
47	0.03055	0.01544	0.01885	0.01486	0.02031	0.01517	0.01200	0.21231	0.04749	0.39550	0.02793	0.05996	0.02022	0.05905	0.01028	0.00283	0.00727	0.00872	0.00875	0.01252
48	0.00972	0.00694	0.00925	0.01100	0.01151	0.00648	0.00737	0.01118	0.01544	0.02066	0.06610	0.69256	0.05325	0.02453	0.01009	0.00319	0.00457	0.02225	0.00741	0.00648
49	0.01685	0.18736	0.47084	0.02019	0.03002	0.02056	0.04807	0.02413	0.01707	0.02417	0.05820	0.01894	0.01457	0.00793	0.00720	0.00234	0.01053	0.00622	0.00375	0.01105
50	0.01936	0.01856	0.03170	0.08679	0.63585	0.01877	0.02420	0.02410	0.01793	0.02558	0.01487	0.01971	0.01244	0.00712	0.00786	0.00237	0.00949	0.00706	0.00390	0.01234
51	0.00975	0.00703	0.00927	0.01102	0.01163	0.00654	0.00748	0.01124	0.01543	0.02042	0.04543	0.66391	0.08217	0.02451	0.01011	0.00321	0.00466	0.04236	0.00736	0.00648
52	0.02120	0.72609	0.04155	0.01357	0.02035	0.03138	0.01357	0.02374	0.01611	0.01866	0.01102	0.01272	0.01018	0.00678	0.00509	0.00170	0.00848	0.00424	0.00339	0.01018
53	0.00966	0.00690	0.00920	0.01104	0.01150	0.00644	0.00736	0.01104	0.01518	0.02024	0.04371	0.71614	0.05245	0.02484	0.01012	0.00322	0.00460	0.02254	0.00736	0.00644
54	0.01846	0.01765	0.03007	0.21304	0.51662	0.01853	0.02375	0.02331	0.01750	0.02449	0.01471	0.02001	0.01206	0.00728	0.00787	0.00243	0.00971	0.00706	0.00382	0.01162
55	0.02273	0.02506	0.02360	0.02048	0.02243	0.26296	0.01645	0.07157	0.01777	0.02157	0.01173	0.01638	0.01058	0.01150	0.01787	0.00287	0.40489	0.00630	0.00403	0.00923
56	0.02962	0.03779	0.02247	0.02043	0.02451	0.68948	0.01532	0.03166	0.02247	0.01941	0.01226	0.01430	0.01021	0.00817	0.00715	0.00204	0.01430	0.00511	0.00409	0.00919
57	0.00966	0.00690	0.00920	0.01104	0.01150	0.00644	0.00736	0.01104	0.01518	0.02024	0.04371	0.71614	0.05245	0.02484	0.01012	0.00322	0.00460	0.02254	0.00736	0.00644
58	0.00937	0.00803	0.00803	0.00803	0.01071	0.00669	0.00602	0.01138	0.01807	0.02142	0.08033	0.07632	0.66863	0.02008	0.00937	0.00268	0.00402	0.01674	0.00736	0.00669
59	0.03014	0.02221	0.02380	0.01825	0.02459	0.02459	0.01507	0.64541	0.03728	0.04998	0.01904	0.01904	0.01349	0.00952	0.00793	0.00238	0.00873	0.00714	0.00793	0.01349
60	0.01940	0.01683	0.01833	0.06296	0.02294	0.01958	0.01320	0.04064	0.61373	0.03229	0.03103	0.02901	0.02328	0.01057	0.00806	0.00269	0.00657	0.00883	0.00776	0.01230
61	0.00937	0.00803	0.00803	0.00803	0.01071	0.00669	0.00602	0.01138	0.01807	0.02142	0.08033	0.07632	0.66863	0.02008	0.00937	0.00268	0.00402	0.01674	0.00736	0.00669
62	0.01383	0.01037	0.01375	0.01523	0.03967	0.01054	0.01223	0.04382	0.06928	0.02609	0.09869	0.11179	0.06691	0.01957	0.01024	0.00331	0.00675	0.41243	0.00740	0.00810
63	0.01644	0.01409	0.01644	0.01175	0.01879	0.01057	0.00940	0.01997	0.01644	0.02584	0.01409	0.01644	0.01175	0.00587	0.00587	0.00117	0.00587	0.00470	0.00470	0.76979
64	0.77733	0.01534	0.01166	0.01043	0.01534	0.01779	0.00859	0.02331	0.01350	0.03558	0.01104	0.01288	0.00859	0.00736	0.00491	0.00245	0.00613	0.00429	0.00491	0.00859
65	0.03558	0.01350	0.01840	0.01411	0.02024	0.01166	0.01166	0.03865	0.02270	0.67734	0.03128	0.02699	0.01963	0.00981	0.00797	0.00245	0.00675	0.00797	0.00981	0.01350
66	0.01153	0.00769	0.00865	0.00865	0.00865	0.00769	0.00480	0.01153	0.01153	0.01538	0.02499	0.05189	0.02883	0.72131	0.04036	0.00769	0.00769	0.01153	0.00480	0.00480
67	0.01633	0.01735	0.03527	0.08640	0.03487	0.01710	0.41387	0.02145	0.01732	0.02346	0.02161	0.17322	0.02066	0.01118	0.01035	0.00284	0.05068	0.01190	0.00467	0.00948
68	0.57877	0.01775	0.01483	0.01259	0.01779	0.04486	0.01032	0.16530	0.01925	0.03824	0.01291	0.01434	0.00977	0.00788	0.00568	0.00242	0.00703	0.00497	0.00557	0.00973
69	0.00966	0.00690	0.00920	0.01104	0.01150	0.00644	0.00736	0.01104	0.01518	0.02024	0.04371	0.71614	0.05245	0.02484	0.01012	0.00322	0.00460	0.02254	0.00736	0.00644
70	0.02525	0.01951	0.02092	0.01678	0.02240	0.02146	0.01352	0.38910	0.22829	0.04178	0.02297	0.02317	0.01718	0.03209	0.00884	0.00255	0.00771	0.00766	0.00763	0.07116
71	0.02120	0.05928	0.43298	0.02210	0.07387	0.01825	0.02388	0.08182	0.01969	0.14620	0.01769	0.01886	0.01227	0.00806	0.00758	0.00245	0.01027	0.00638	0.00497	0.01220
72	0.00966	0.00690	0.00920	0.01104	0.01150	0.00644	0.00736	0.01104	0.01518	0.02024	0.04371	0.71614	0.05245	0.02484	0.01012	0.00322	0.00460	0.02254	0.00736	0.00644
73	0.01498	0.01409	0.02378	0.70226	0.05462	0.01762	0.02202	0.02026	0.01586	0.02026	0.01409	0.02114	0.01057	0.00793	0.00793	0.00264	0.01057	0.00705	0.00352	0.00881
74	0.01919	0.01839	0.03140	0.11025	0.61370	0.01873	0.02412	0.02395	0.01785	0.02537	0.01484	0.01977	0.01237	0.00715	0.00786	0.00238	0.00953	0.00706	0.00389	0.01221
75	0.00966	0.00690	0.00920	0.01104	0.01150	0.00644	0.00736	0.01104	0.01518	0.02024	0.04371	0.71614	0.05245	0.02484	0.01012	0.00322	0.00460	0.02254	0.00736	0.00644
76	0.02120	0.72609	0.04155	0.01357	0.02035	0.03138	0.01357	0.02374	0.01611	0.01866	0.01102	0.01272	0.01018	0.00678	0.00509	0.00170	0.00848	0.00424	0.00339	0.01018
77	0.00966	0.00690	0.00920	0.01104	0.01150	0.00644	0.00736	0.01104	0.01518	0.02024	0.04371	0.71614	0.05245	0.02484	0.01012	0.00322	0.00460	0.02254	0.00736	0.00644
78	0.03014	0.02221	0.02380	0.01825	0.02459	0.02459	0.01507	0.64541	0.03728	0.04998	0.01904	0.01904	0.01349	0.00952	0.00793	0.00238	0.00873	0.00714	0.00793	0.01349
79	0.02866	0.11859	0.02485	0.01943	0.02402	0.55710	0.01509	0.08049	0.02291	0.02180	0.01266	0.01450	0.01048	0.00812	0.00697	0.00203	0.01315	0.00517	0.00432	0.00966
80	0.02962	0.03779	0.02247	0.02043	0.02451	0.68948	0.01532	0.03166	0.02247	0.01941	0.01226	0.01430	0.01021	0.00817	0.00715	0.00204	0.01430	0.00511	0.00409	0.00919
81	0.01498	0.01409	0.02378	0.70226	0.05462	0.01762	0.02202	0.02026	0.01586	0.02026	0.01409	0.02114	0.01057	0.00793	0.00793	0.00264	0.01057	0.00705	0.00352	0.00881
82	0.00937	0.00803	0.00803	0.00803	0.01071	0.00669	0.00602	0.01138	0.01807	0.02142	0.08033	0.07632	0.66863	0.02008	0.00937	0.00268	0.00402	0.01674	0.00736	0.00669
83	0.77733	0.01534	0.01166	0.01043	0.01534	0.01779	0.00859	0.02331	0.01350	0.03558	0.01104	0.01288	0.00859	0.00736	0.00491	0.00245	0.00613	0.00429	0.00491	0.00859
84	0.01478	0.00739	0.00739	0.00739	0.00924	0.00739	0.00554	0.01848	0.01663	0.02956	0.02587	0.02956	0.02033	0.00924	0.00554	0.00185	0.00370	0.00739	0.76534	0.00739
85	0.00966	0.00690	0.00920	0.01104	0.01150	0.00644	0.00736	0.01104	0.01518	0.02024	0.04371	0.71614	0.05245	0.02484	0.01012	0.00322	0.00460	0.02254	0.00736	0.00644
86	0.02098	0.01701	0.01816	0.01609	0.02073	0.01943	0.01259	0.06228	0.60047	0.07041	0.03177	0.02908	0.02358	0.01066	0.00806	0.00267	0.00639	0.00885	0.00816	0.01264
87	0.06961	0.01387	0.01694	0.01300	0.01891	0.01219	0.01055	0.07543	0.02123	0.31190	0.09309	0.02569	0.02200	0.00908	0.00727	0.00204	0.00625	0.00734	0.00762	0.25600
88	0.05193	0.46473	0.18031	0.01614	0.02374	0.07254	0.01705	0.05362	0.01757	0.02230	0.01220	0.01402	0.01024	0.00720	0.00590	0.00196	0.00951	0.00480	0.00370	0.01054
89	0.01309	0.00959	0.01285	0.01403	0.01607	0.00971	0.01197	0.01822	0.06896	0.02568	0.13513	0.08022	0.04834	0.02018	0.01049	0.00340	0.00669	0.48006	0.00758	0.00774
90	0.01153	0.00769	0.00865	0.00865	0.00865	0.00769	0.00480	0.01153	0.01153	0.01538	0.02499	0.05189	0.02883	0.72131	0.04036	0.00769	0.00769	0.01153	0.00480	0.00480
91	0.01798	0.02014	0.04301	0.03121	0.03831	0.01923	0.56832	0.02406	0.01817	0.02474	0.01785	0.07284	0.01496	0.00835	0.01015	0.00275	0.04318	0.01023	0.00424	0.01029
92	0.77733	0.01534	0.01166	0.01043	0.01534	0.01779	0.00859	0.02331	0.01350	0.03558	0.01104	0.01288	0.00859	0.00736	0.00491	0.00245	0.00613	0.00429	0.00491	0.00859
93	0.00966	0.00690	0.00920	0.01104	0.01150	0.00644	0.00736	0.01104	0.01518	0.02024	0.04371	0.71614	0.05245	0.02484	0.01012	0.00322	0.00460	0.02254	0.00736	0.00644
94	0.02065	0.01749	0.01845	0.01632	0.02097	0.02015	0.01277	0.09555	0.60261	0.03466	0.03110	0.02865	0.02326	0.01065	0.00806	0.00266	0.00649	0.00880	0.00806	0.01263
95	0.02847	0.03610	0.02165	0.01972	0.02373	0.65061	0.01479	0.03051	0.02222	0.01952	0.01613	0.01783	0.04770	0.00885	0.00728	0.00208	0.01371	0.00577	0.00427	0.00905
96	0.00966	0.00690	0.00920	0.01104	0.01150	0.00644	0.00736	0.01104	0.01518	0.02024	0.04371	0.71614	0.05245	0.02484	0.01012	0.00322	0.00460	0.02254	0.00736	0.00644
97	0.02104	0.01702	0.01818	0.01610	0.02075	0.01944	0.01260	0.06487	0.59692	0.07138	0.03171	0.02903	0.02353	0.01066	0.00806	0.00266	0.00640	0.00884	0.00817	0.01264
98	0.01946	0.01867	0.03188	0.07240	0.64944	0.01880	0.02425	0.02419	0.01798	0.02570	0.01489	0.01968	0.01249	0.00710	0.00785	0.00237	0.00946	0.00706	0.00391	0.01242
99	0.00966	0.00690	0.00920	0.01104	0.01150	0.00644	0.00736	0.01104	0.01518	0.02024	0.04371	0.71614	0.05245	0.02484	0.01012	0.00322	0.00460	0.02254	0.00736	0.00644
100	0.02962	0.03779	0.02247	0.02043	0.02451	0.68948	0.01532	0.03166	0.02247	0.01941	0.01226	0.01430	0.01021	0.00817	0.00715	0.00204	0.01430	0.00511	0.00409	0.00919
101	0.00961	0.00711	0.00899	0.01049	0.01136	0.00649	0.00712	0.01110	0.01571	0.02046	0.05039	0.59930	0.16497	0.02397	0.00998	0.00312	0.00449	0.02148	0.00736	0.00649
102	0.03014	0.02221	0.02380	0.01825	0.02459	0.02459	0.01507	0.64541	0.03728	0.04998	0.01904	0.01904	0.01349	0.00952	0.00793	0.00238	0.00873	0.00714	0.00793	0.01349
103	0.77733	0.01534	0.01166	0.01043	0.01534	0.01779	0.00859	0.02331	0.01350	0.03558	0.01104	0.01288	0.00859	0.00736	0.00491	0.00245	0.00613	0.00429	0.00491	0.00859
104	0.02962	0.03779	0.02247	0.02043	0.02451	0.68948	0.01532	0.03166	0.02247	0.01941	0.01226	0.01430	0.01021	0.00817	0.00715	0.00204	0.01430	0.00511	0.00409	0.00919
105	0.00947	0.00804	0.00817	0.00814	0.01077	0.00674	0.00610	0.01157	0.01831	0.02197	0.11141	0.07541	0.63721	0.01988	0.00937	0.00267	0.00400	0.01661	0.00744	0.00674
106	0.01023	0.00788	0.00851	0.00872	0.01032	0.00709	0.00599	0.01160	0.01572	0.01944	0.05792	0.11784	0.38781	0.24993	0.01963	0.00440	0.00539	0.03896	0.00652	0.00608
107	0.02921	0.02166	0.02330	0.01780	0.02420	0.02363	0.01468	0.60272	0.03586	0.04833	0.01870	0.01886	0.01337	0.00927	0.00779	0.00230	0.00853	0.00697	0.00771	0.06510
108	0.02211	0.01822	0.01928	0.01662	0.02153	0.02084	0.01313	0.18049	0.51528	0.03703	0.02924	0.02717	0.02175	0.01047	0.00804	0.00262	0.00684	0.00855	0.00804	0.01277
109	0.01001	0.00731	0.00949	0.01101	0.01193	0.00679	0.00776	0.01179	0.01613	0.02121	0.07372	0.55157	0.12353	0.02364	0.01009	0.00317	0.00477	0.08207	0.00741	0.00660
110	0.01999	0.50057	0.22602	0.01646	0.02457	0.05330	0.01820	0.02445	0.01654	0.02056	0.01200	0.01395	0.01014	0.00706	0.00588	0.00195	0.00965	0.00474	0.00341	0.01059
111	0.01814	0.01607	0.02211	0.01591	0.02305	0.01348	0.11335	0.08147	0.01883	0.02811	0.01489	0.01750	0.01196	0.00636	0.00664	0.00154	0.00737	0.00570	0.00490	0.57261
112	0.52773	0.02023	0.05409	0.01528	0.05551	0.11310	0.01211	0.02500	0.01547	0.05309	0.01228	0.01435	0.00958	0.00782	0.00651	0.00243	0.03652	0.00489	0.00475	0.00925
113	0.01072	0.00799	0.00996	0.00966	0.01159	0.00724	0.00717	0.01391	0.02096	0.02872	0.49610	0.11650	0.19482	0.01771	0.00942	0.00259	0.00387	0.01550	0.00834	0.00724
114	0.01153	0.00769	0.00865	0.00865	0.00865	0.00769	0.00480	0.01153	0.01153	0.01538	0.02499	0.05189	0.02883	0.72131	0.04036	0.00769	0.00769	0.01153	0.00480	0.00480
115	0.01763	0.07486	0.17712	0.02750	0.03533	0.01970	0.39014	0.02401	0.01767	0.02431	0.01724	0.05080	0.01441	0.00853	0.00945	0.00266	0.04094	0.03314	0.00407	0.01048
116	0.01590	0.04102	0.68023	0.02260	0.03432	0.01842	0.02930	0.02511	0.01674	0.02511	0.01423	0.01674	0.01005	0.00753	0.00753	0.00251	0.01172	0.00586	0.00335	0.01172
117	0.00980	0.00700	0.00936	0.01120	0.01172	0.00656	0.00760	0.01128	0.01532	0.02040	0.04363	0.68861	0.05215	0.02471	0.01016	0.00324	0.00472	0.04872	0.00736	0.00648
118	0.01612	0.01394	0.01666	0.01244	0.01853	0.01144	0.00992	0.01937	0.01602	0.02497	0.01552	0.05733	0.01401	0.00763	0.00775	0.00148	0.06264	0.00592	0.00475	0.66355
119	0.03014	0.02221	0.02380	0.01825	0.02459	0.02459	0.01507	0.64541	0.03728	0.04998	0.01904	0.01904	0.01349	0.00952	0.00793	0.00238	0.00873	0.00714	0.00793	0.01349
120	0.00966	0.00690	0.00920	0.01104	0.01150	0.00644	0.00736	0.01104	0.01518	0.02024	0.04371	0.71614	0.05245	0.02484	0.01012	0.00322	0.00460	0.02254	0.00736	0.00644
121	0.01963	0.01884	0.03219	0.04867	0.67185	0.01884	0.02434	0.02434	0.01806	0.02591	0.01492	0.01963	0.01256	0.00707	0.00785	0.00236	0.00942	0.00707	0.00393	0.01256
122	0.01092	0.00884	0.01399	0.05370	0.01715	0.00852	0.07484	0.01308	0.01559	0.02078	0.03908	0.60279	0.04577	0.02195	0.00991	0.00313	0.00587	0.02026	0.00679	0.00702
123	0.01122	0.00811	0.01060	0.00998	0.01185	0.00748	0.00748	0.01496	0.02245	0.03180	0.66766	0.05923	0.07482	0.01621	0.00935	0.00249	0.00374	0.01434	0.00873	0.00748
124	0.02965	0.03691	0.02255	0.02030	0.02452	0.65163	0.01531	0.06661	0.02332	0.02115	0.01264	0.01457	0.01040	0.00825	0.00719	0.00206	0.01398	0.00522	0.00430	0.00944
125	0.01153	0.00769	0.00865	0.00865	0.00865	0.00769	0.00480	0.01153	0.01153	0.01538	0.02499	0.05189	0.02883	0.72131	0.04036	0.00769	0.00769	0.01153	0.00480	0.00480
126	0.02627	0.14543	0.07452	0.01954	0.02428	0.48139	0.01625	0.02890	0.02020	0.01969	0.01206	0.01448	0.01021	0.00837	0.00838	0.00214	0.06935	0.00517	0.00387	0.00949
127	0.02955	0.02192	0.02346	0.01813	0.02437	0.02431	0.01493	0.61106	0.07259	0.04902	0.01979	0.01964	0.01410	0.00959	0.00794	0.00240	0.00859	0.00724	0.00794	0.01343
128	0.01993	0.48812	0.23589	0.01661	0.02479	0.05482	0.01845	0.02449	0.01657	0.02066	0.01206	0.01401	0.01014	0.00707	0.00592	0.00196	0.00971	0.00477	0.00341	0.01061
129	0.01153	0.00838	0.01123	0.01121	0.01194	0.00929	0.00789	0.01306	0.01234	0.01726	0.02363	0.07562	0.02500	0.33345	0.35906	0.00980	0.03808	0.01046	0.00462	0.00615
130	0.00966	0.00690	0.00920	0.01104	0.01150	0.00644	0.00736	0.01104	0.01518	0.02024	0.04371	0.71614	0.05245	0.02484	0.01012	0.00322	0.00460	0.02254	0.00736	0.00644
131	0.02622	0.01917	0.02075	0.01655	0.02184	0.02110	0.01331	0.44202	0.13456	0.06728	0.04919	0.02563	0.01937	0.07300	0.01089	0.00291	0.00795	0.00816	0.00778	0.01232
132	0.01478	0.00739	0.00739	0.00739	0.00924	0.00739	0.00554	0.01848	0.01663	0.02956	0.02587	0.02956	0.02033	0.00924	0.00554	0.00185	0.00370	0.00739	0.76534	0.00739
133	0.02120	0.72609	0.04155	0.01357	0.02035	0.03138	0.01357	0.02374	0.01611	0.01866	0.01102	0.01272	0.01018	0.00678	0.00509	0.00170	0.00848	0.00424	0.00339	0.01018
134	0.01478	0.00739	0.00739	0.00739	0.00924	0.00739	0.00554	0.01848	0.01663	0.02956	0.02587	0.02956	0.02033	0.00924	0.00554	0.00185	0.00370	0.00739	0.76534	0.00739
135	0.62108	0.01808	0.03735	0.01223	0.01742	0.05661	0.01034	0.06719	0.04584	0.03515	0.01276	0.01430	0.00980	0.00772	0.00548	0.00244	0.00698	0.00481	0.00516	0.00925
136	0.00981	0.00701	0.00937	0.01121	0.01173	0.00657	0.00761	0.01129	0.01533	0.02041	0.04363	0.68686	0.05213	0.02471	0.01016	0.00324	0.00473	0.05039	0.00736	0.00648
137	0.01574	0.01543	0.02700	0.53982	0.04931	0.01864	0.10684	0.02084	0.01586	0.02084	0.01398	0.02078	0.01075	0.00837	0.01000	0.00273	0.08305	0.00735	0.00358	0.00905
138	0.01377	0.00689	0.01033	0.01033	0.01033	0.00689	0.00689	0.01033	0.01033	0.01377	0.01377	0.02410	0.01377	0.02755	0.03099	0.76928	0.00689	0.00689	0.00344	0.00344
139	0.01127	0.00818	0.01067	0.01025	0.01215	0.00758	0.00782	0.01495	0.02198	0.03083	0.60043	0.06208	0.09362	0.01677	0.00947	0.00259	0.00402	0.05932	0.00857	0.00744
140	0.01653	0.01438	0.01763	0.01259	0.01968	0.01094	0.03412	0.02018	0.01653	0.02582	0.01417	0.01664	0.01176	0.00590	0.00601	0.00123	0.00617	0.00488	0.00467	0.74017
141	0.41053	0.07426	0.01807	0.06014	0.02078	0.04398	0.01164	0.15563	0.04794	0.03536	0.04460	0.01769	0.01373	0.00840	0.00620	0.00239	0.00736	0.00578	0.00562	0.00991
142	0.01148	0.00790	0.00972	0.00972	0.01010	0.00827	0.00615	0.01222	0.01185	0.01617	0.02400	0.04644	0.02646	0.54741	0.21103	0.00902	0.01125	0.01073	0.00466	0.00540
143	0.01120	0.00755	0.00875	0.00907	0.00915	0.00747	0.00526	0.01144	0.01218	0.01624	0.02830	0.16962	0.03302	0.59788	0.03500	0.00690	0.00714	0.01348	0.00526	0.00509
144	0.01545	0.01488	0.02518	0.58888	0.05016	0.01849	0.05773	0.02043	0.01562	0.02043	0.01381	0.02074	0.01064	0.00851	0.00999	0.00273	0.08672	0.00717	0.00355	0.00890
145	0.02665	0.02030	0.02211	0.04365	0.02457	0.02270	0.01470	0.46651	0.17208	0.04421	0.02258	0.02396	0.01688	0.01018	0.00807	0.00250	0.00821	0.02948	0.00777	0.01288
146	0.08510	0.02071	0.02265	0.08347	0.02663	0.02322	0.01515	0.51497	0.05697	0.04538	0.01846	0.01917	0.01324	0.00925	0.00771	0.00242	0.00861	0.00698	0.00728	0.01263
147	0.02901	0.02116	0.02285	0.01768	0.02389	0.02319	0.01453	0.55015	0.08678	0.07195	0.02042	0.02012	0.01454	0.00950	0.00787	0.00236	0.00835	0.00723	0.00790	0.04051
148	0.03064	0.01240	0.01682	0.01327	0.01854	0.01081	0.01081	0.03384	0.02265	0.54640	0.16037	0.03353	0.03083	0.01111	0.00825	0.00246	0.00614	0.00927	0.00959	0.01228
149	0.01519	0.01452	0.02513	0.66325	0.05385	0.01776	0.05824	0.02056	0.01602	0.02056	0.01421	0.02116	0.01066	0.00786	0.00801	0.00264	0.01073	0.00718	0.00355	0.00892
150	0.00976	0.00706	0.00924	0.01079	0.01148	0.00653	0.00729	0.01135	0.01589	0.02117	0.09221	0.63000	0.09005	0.02392	0.01002	0.00313	0.00450	0.02159	0.00746	0.00653
151	0.73479	0.01573	0.01235	0.01087	0.01586	0.01818	0.00896	0.05873	0.01485	0.03640	0.01150	0.01323	0.00887	0.00748	0.00508	0.00245	0.00628	0.00446	0.00508	0.00887
152	0.02129	0.46475	0.19486	0.01626	0.02418	0.02687	0.01749	0.08626	0.01859	0.04582	0.01329	0.01482	0.01080	0.00734	0.00607	0.00199	0.00924	0.00505	0.00405	0.01099
153	0.01634	0.09789	0.62720	0.02185	0.03316	0.01949	0.02799	0.02500	0.01669	0.02458	0.01396	0.01641	0.01006	0.00747	0.00733	0.00244	0.01145	0.00573	0.00335	0.01159
154	0.01972	0.01703	0.01793	0.01614	0.02062	0.01972	0.01255	0.04214	0.65752	0.03317	0.03228	0.02959	0.02421	0.01076	0.00807	0.00269	0.00628	0.00897	0.00807	0.01255
155	0.00994	0.00720	0.00961	0.01100	0.01175	0.00687	0.00756	0.01168	0.01568	0.02110	0.09623	0.57153	0.07470	0.02717	0.07379	0.00403	0.00607	0.02031	0.00719	0.00660
156	0.01478	0.00739	0.00739	0.00739	0.00924	0.00739	0.00554	0.01848	0.01663	0.02956	0.02587	0.02956	0.02033	0.00924	0.00554	0.00185	0.00370	0.00739	0.76534	0.00739
157	0.03396	0.01503	0.01922	0.01485	0.02094	0.01407	0.01223	0.13381	0.05583	0.54781	0.02942	0.02587	0.01889	0.00981	0.00797	0.00245	0.00703	0.00789	0.00944	0.01345
158	0.01151	0.00827	0.01162	0.01162	0.01274	0.00932	0.00860	0.01375	0.01263	0.01818	0.02226	0.03570	0.02185	0.20451	0.51810	0.01118	0.01752	0.00913	0.03492	0.00659
159	0.01644	0.01409	0.01644	0.01175	0.01879	0.01057	0.00940	0.01997	0.01644	0.02584	0.01409	0.01644	0.01175	0.00587	0.00587	0.00117	0.00587	0.00470	0.00470	0.76979
160	0.01801	0.01584	0.02406	0.46945	0.11384	0.01864	0.02044	0.12099	0.04631	0.02626	0.01673	0.02344	0.01307	0.00871	0.00803	0.00261	0.00986	0.02905	0.00459	0.01006
161	0.02559	0.01986	0.02283	0.14376	0.05553	0.04536	0.01606	0.38965	0.07681	0.06625	0.02155	0.02257	0.03874	0.00959	0.00797	0.00245	0.00885	0.00758	0.00689	0.01211
162	0.01007	0.00737	0.00980	0.01133	0.01175	0.00724	0.00765	0.01140	0.01488	0.01996	0.04141	0.65476	0.04955	0.05824	0.01225	0.00345	0.03399	0.02136	0.00707	0.00645
163	0.01591	0.01570	0.02779	0.44722	0.06583	0.01853	0.13439	0.02090	0.01587	0.02115	0.01438	0.02116	0.01131	0.01078	0.04217	0.00321	0.09334	0.00752	0.00365	0.00918
164	0.59632	0.01936	0.01434	0.05260	0.01930	0.14044	0.01060	0.02466	0.01527	0.03173	0.01144	0.01362	0.00900	0.00754	0.00549	0.00239	0.00788	0.00460	0.00468	0.00871
165	0.01864	0.01923	0.06828	0.11201	0.54321	0.01827	0.02388	0.02362	0.01776	0.02519	0.01598	0.02268	0.01367	0.00783	0.00798	0.00245	0.00958	0.03385	0.00400	0.01190
166	0.01672	0.01498	0.02012	0.01437	0.02154	0.01172	0.08617	0.02063	0.01672	0.02579	0.01433	0.01704	0.01178	0.00597	0.00630	0.00136	0.00678	0.00526	0.00461	0.67782
167	0.00966	0.00690	0.00920	0.01104	0.01150	0.00644	0.00736	0.01104	0.01518	0.02024	0.04371	0.71614	0.05245	0.02484	0.01012	0.00322	0.00460	0.02254	0.00736	0.00644
168	0.01624	0.01579	0.02428	0.55813	0.07505	0.05676	0.04450	0.02118	0.01635	0.02098	0.01445	0.02090	0.01108	0.00812	0.00845	0.00259	0.03433	0.00703	0.03479	0.00900
169	0.50218	0.01712	0.08104	0.07875	0.02116	0.01672	0.01217	0.02361	0.03972	0.05990	0.01603	0.07237	0.01358	0.00909	0.00615	0.00255	0.00704	0.00654	0.00515	0.00912
170	0.00966	0.00690	0.00920	0.01104	0.01150	0.00644	0.00736	0.01104	0.01518	0.02024	0.04371	0.71614	0.05245	0.02484	0.01012	0.00322	0.00460	0.02254	0.00736	0.00644
171	0.01631	0.01550	0.02600	0.49627	0.21330	0.01829	0.02238	0.02126	0.01623	0.02167	0.01411	0.02055	0.01108	0.00802	0.00887	0.00261	0.04711	0.00705	0.00363	0.00978
172	0.01608	0.06344	0.65933	0.02231	0.03386	0.01884	0.02878	0.02507	0.01672	0.02490	0.01413	0.01661	0.01005	0.00751	0.00745	0.00248	0.01161	0.00581	0.00335	0.01167
173	0.02860	0.02452	0.02252	0.01811	0.02374	0.16051	0.01458	0.46347	0.05866	0.04160	0.02116	0.02128	0.04509	0.00981	0.00785	0.00234	0.00955	0.00726	0.00712	0.01223
174	0.01902	0.14962	0.04331	0.02838	0.03528	0.02260	0.45800	0.02439	0.01750	0.02346	0.01450	0.01935	0.01151	0.00751	0.01045	0.00258	0.09016	0.00815	0.00384	0.01037
175	0.00966	0.00690	0.00920	0.01104	0.01150	0.00644	0.00736	0.01104	0.01518	0.02024	0.04371	0.71614	0.05245	0.02484	0.01012	0.00322	0.00460	0.02254	0.00736	0.00644
176	0.02767	0.02272	0.02229	0.01800	0.02366	0.09654	0.01452	0.43806	0.17947	0.04272	0.02136	0.02096	0.01561	0.00966	0.00788	0.00241	0.00877	0.00734	0.00754	0.01280
177	0.01478	0.00739	0.00739	0.00739	0.00924	0.00739	0.00554	0.01848	0.01663	0.02956	0.02587	0.02956	0.02033	0.00924	0.00554	0.00185	0.00370	0.00739	0.76534	0.00739
178	0.06431	0.51804	0.14916	0.01500	0.02248	0.02701	0.01589	0.02497	0.01652	0.06570	0.01296	0.01440	0.01071	0.00715	0.00570	0.00193	0.00879	0.00478	0.00391	0.01058
179	0.72562	0.01545	0.01208	0.01082	0.01570	0.01792	0.00886	0.02459	0.05745	0.03541	0.01249	0.01402	0.00965	0.00759	0.00512	0.00247	0.00614	0.00461	0.00512	0.00886
180	0.01651	0.01432	0.01698	0.01236	0.01893	0.01151	0.00994	0.01991	0.01615	0.02538	0.01384	0.01651	0.01165	0.00642	0.00725	0.00133	0.05371	0.00485	0.00461	0.71785
181	0.01148	0.00835	0.01066	0.01170	0.01291	0.00797	0.00819	0.05494	0.01687	0.02265	0.04065	0.61337	0.04773	0.02285	0.00982	0.00309	0.00504	0.04396	0.00728	0.04049
182	0.01577	0.06296	0.61198	0.02142	0.03229	0.01813	0.02725	0.02437	0.01711	0.02534	0.05871	0.01950	0.01447	0.00810	0.00757	0.00248	0.01106	0.00638	0.00372	0.01138
183	0.01058	0.00784	0.01004	0.01141	0.01237	0.00749	0.00778	0.01347	0.05906	0.02132	0.04192	0.64540	0.04913	0.02323	0.00984	0.00311	0.00476	0.02101	0.00732	0.03291
184	0.01729	0.01713	0.02375	0.02020	0.02068	0.02335	0.01681	0.01914	0.01244	0.01955	0.01066	0.01729	0.01050	0.01333	0.02465	0.00331	0.65896	0.00679	0.00355	0.06062
185	0.02044	0.01739	0.01833	0.01628	0.02089	0.02006	0.01272	0.08331	0.61519	0.03432	0.03137	0.02887	0.02347	0.01067	0.00806	0.00267	0.00644	0.00884	0.00806	0.01262

[dist]
# distance from previous block
# <min> <max>
0	5

[block]
# block no. 2 follows, 24 sequences, length 180
# corresponding to MSA columns:
# 316-495
name=unknown_C
#
# <colnr> <probs for GDERKNQSTAVLIFYWHMCP>
#	G	D	E	R	K	N	Q	S	T	A	V	L	I	F	Y	W	H	M	C	P
0	0.02892	0.02138	0.02287	0.01765	0.02378	0.02354	0.01454	0.60816	0.03616	0.04830	0.02264	0.02240	0.05197	0.01014	0.00802	0.00240	0.00845	0.00770	0.00790	0.01309
1	0.01602	0.01672	0.03370	0.02628	0.05424	0.01555	0.40127	0.02093	0.01755	0.02397	0.02382	0.22024	0.02362	0.01186	0.00932	0.00273	0.01027	0.01278	0.00501	0.05413
2	0.05264	0.01433	0.02285	0.62802	0.05069	0.01775	0.02081	0.02170	0.05343	0.02177	0.01501	0.02123	0.01127	0.00807	0.00779	0.00264	0.01010	0.00702	0.00386	0.00902
3	0.01939	0.02144	0.04544	0.03253	0.04045	0.02032	0.60616	0.06182	0.01981	0.02684	0.01622	0.02125	0.01212	0.00685	0.00927	0.00266	0.01310	0.00923	0.00424	0.01086
4	0.05710	0.00872	0.01094	0.01015	0.01235	0.00824	0.00770	0.01631	0.02193	0.05528	0.60617	0.05535	0.06894	0.01546	0.00904	0.00249	0.00399	0.01352	0.00854	0.00776
5	0.01122	0.00811	0.01060	0.00998	0.01185	0.00748	0.00748	0.01496	0.02245	0.03180	0.66766	0.05923	0.07482	0.01621	0.00935	0.00249	0.00374	0.01434	0.00873	0.00748
6	0.01153	0.00769	0.00865	0.00865	0.00865	0.00769	0.00480	0.01153	0.01153	0.01538	0.02499	0.05189	0.02883	0.72131	0.04036	0.00769	0.00769	0.01153	0.00480	0.00480
7	0.01884	0.01804	0.03076	0.15935	0.56733	0.01863	0.02394	0.02365	0.01768	0.02495	0.01478	0.01988	0.01222	0.00721	0.00786	0.00240	0.00962	0.00706	0.00386	0.01193
8	0.74292	0.01503	0.01170	0.01053	0.01528	0.01744	0.00865	0.02290	0.01346	0.03481	0.01150	0.01370	0.00909	0.00970	0.03568	0.00292	0.00681	0.00448	0.00488	0.00852
9	0.02120	0.72609	0.04155	0.01357	0.02035	0.03138	0.01357	0.02374	0.01611	0.01866	0.01102	0.01272	0.01018	0.00678	0.00509	0.00170	0.00848	0.00424	0.00339	0.01018
10	0.01516	0.01445	0.02491	0.66945	0.05397	0.01774	0.05248	0.02051	0.01600	0.02051	0.01419	0.02115	0.01064	0.00787	0.00800	0.00264	0.01071	0.00716	0.00355	0.00890
11	0.00980	0.00700	0.00936	0.01120	0.01172	0.00656	0.00760	0.01128	0.01532	0.02040	0.04363	0.68810	0.05214	0.02471	0.01016	0.00324	0.00472	0.04921	0.00736	0.00648
12	0.01644	0.01409	0.01644	0.01175	0.01879	0.01057	0.00940	0.01997	0.01644	0.02584	0.01409	0.01644	0.01175	0.00587	0.00587	0.00117	0.00587	0.00470	0.00470	0.76979
13	0.01521	0.01039	0.01133	0.01118	0.01155	0.00985	0.00652	0.01422	0.01384	0.01883	0.02781	0.05466	0.03113	0.68173	0.03988	0.00801	0.00878	0.01232	0.00597	0.00680
14	0.01748	0.01773	0.02643	0.02202	0.02278	0.02389	0.07675	0.01968	0.01277	0.01968	0.01094	0.01773	0.01056	0.01320	0.02444	0.00339	0.64097	0.00717	0.00352	0.00887
15	0.01478	0.00739	0.00739	0.00739	0.00924	0.00739	0.00554	0.01848	0.01663	0.02956	0.02587	0.02956	0.02033	0.00924	0.00554	0.00185	0.00370	0.00739	0.76534	0.00739
16	0.02025	0.01692	0.01795	0.01607	0.02061	0.01945	0.01252	0.04202	0.63635	0.05466	0.03224	0.02950	0.02405	0.01073	0.00807	0.00268	0.00629	0.00893	0.00813	0.01258
17	0.03558	0.01350	0.01840	0.01411	0.02024	0.01166	0.01166	0.03865	0.02270	0.67734	0.03128	0.02699	0.01963	0.00981	0.00797	0.00245	0.00675	0.00797	0.00981	0.01350
18	0.03450	0.01433	0.01881	0.01452	0.02060	0.01301	0.01196	0.08687	0.04961	0.60150	0.03035	0.02647	0.01933	0.00983	0.00798	0.00246	0.00689	0.00795	0.00959	0.01346
19	0.01000	0.00729	0.00991	0.04561	0.01356	0.00705	0.00800	0.01152	0.01508	0.02007	0.04155	0.65737	0.04950	0.04908	0.01110	0.00335	0.00501	0.02137	0.00708	0.00650
20	0.01220	0.00830	0.01093	0.01042	0.01238	0.00766	0.00789	0.01577	0.02182	0.05738	0.57490	0.09966	0.06986	0.01673	0.00942	0.00259	0.00408	0.04172	0.00863	0.00766
21	0.02120	0.72609	0.04155	0.01357	0.02035	0.03138	0.01357	0.02374	0.01611	0.01866	0.01102	0.01272	0.01018	0.00678	0.00509	0.00170	0.00848	0.00424	0.00339	0.01018
22	0.02093	0.02157	0.03012	0.08437	0.53072	0.12564	0.02276	0.02525	0.01862	0.02452	0.01444	0.01887	0.01206	0.00729	0.00774	0.00232	0.01027	0.00675	0.00393	0.01179
23	0.01274	0.00955	0.01039	0.00979	0.01268	0.00879	0.00747	0.04438	0.05875	0.05832	0.13713	0.06563	0.44687	0.04902	0.01057	0.00289	0.00475	0.03493	0.00760	0.00775
24	0.01972	0.01703	0.01793	0.01614	0.02062	0.01972	0.01255	0.04214	0.65752	0.03317	0.03228	0.02959	0.02421	0.01076	0.00807	0.00269	0.00628	0.00897	0.00807	0.01255
25	0.02613	0.01714	0.01930	0.01592	0.02120	0.01846	0.01278	0.20227	0.30286	0.19944	0.05690	0.02742	0.02244	0.01043	0.00807	0.00254	0.00694	0.00847	0.00850	0.01281
26	0.00985	0.00718	0.00931	0.01084	0.01166	0.00664	0.00747	0.01151	0.01598	0.02110	0.07871	0.58884	0.11714	0.02379	0.01004	0.00315	0.00462	0.04819	0.00743	0.00656
27	0.01712	0.01701	0.02385	0.02051	0.02057	0.02374	0.01707	0.01890	0.01217	0.01906	0.01082	0.01787	0.01077	0.01561	0.05129	0.00382	0.68070	0.00700	0.00350	0.00861
28	0.01377	0.00689	0.01033	0.01033	0.01033	0.00689	0.00689	0.01033	0.01033	0.01377	0.01377	0.02410	0.01377	0.02755	0.03099	0.76928	0.00689	0.00689	0.00344	0.00344
29	0.01496	0.01419	0.02386	0.55118	0.04745	0.01746	0.05247	0.01969	0.01561	0.02042	0.01621	0.07597	0.01395	0.00975	0.00981	0.00277	0.07330	0.00839	0.00385	0.00871
30	0.01741	0.01752	0.02526	0.02136	0.02170	0.02411	0.04422	0.01936	0.01243	0.01936	0.01065	0.01752	0.01048	0.01357	0.02531	0.00344	0.67702	0.00704	0.00349	0.00876
31	0.02871	0.03606	0.02336	0.02301	0.08370	0.62816	0.01615	0.03099	0.02207	0.02000	0.01250	0.01479	0.01043	0.00807	0.00721	0.00207	0.01385	0.00529	0.00407	0.00950
32	0.74383	0.04682	0.01298	0.01057	0.01556	0.01839	0.00881	0.02333	0.01361	0.03483	0.01104	0.01287	0.00866	0.00734	0.00492	0.00242	0.00624	0.00429	0.00484	0.00866
33	0.01840	0.02045	0.04303	0.08994	0.07869	0.01996	0.52747	0.02463	0.01815	0.02473	0.01557	0.02109	0.01187	0.00712	0.00987	0.00269	0.04292	0.00892	0.00394	0.01056
34	0.01328	0.01105	0.04260	0.01264	0.01585	0.00891	0.03550	0.01625	0.01751	0.05753	0.12469	0.30063	0.09700	0.01740	0.00902	0.00266	0.00566	0.06458	0.00689	0.14035
35	0.01116	0.00810	0.01051	0.00991	0.01181	0.00746	0.00743	0.01484	0.02230	0.03145	0.64802	0.05981	0.09468	0.01634	0.00935	0.00250	0.00375	0.01442	0.00868	0.00746
36	0.02008	0.01636	0.01739	0.01545	0.01995	0.01847	0.01207	0.06957	0.54215	0.06258	0.03571	0.03297	0.07902	0.01146	0.00817	0.00266	0.00623	0.00950	0.00808	0.01214
37	0.03000	0.02300	0.02319	0.01816	0.02422	0.08454	0.01483	0.53610	0.05769	0.07893	0.01953	0.01940	0.01389	0.00946	0.00787	0.00236	0.00904	0.00706	0.00768	0.01306
38	0.02232	0.58373	0.03736	0.01471	0.02097	0.12508	0.01376	0.02601	0.05647	0.01966	0.01251	0.01398	0.01104	0.00723	0.00557	0.00181	0.00918	0.00466	0.00378	0.01018
39	0.01718	0.01457	0.01721	0.04315	0.02074	0.01171	0.01030	0.05672	0.01764	0.02701	0.01438	0.01681	0.01179	0.00618	0.00609	0.00131	0.00625	0.00495	0.00484	0.69118
40	0.05151	0.14660	0.46778	0.01950	0.02921	0.01983	0.02359	0.02562	0.04446	0.04884	0.04172	0.01859	0.01361	0.00798	0.00714	0.00238	0.01021	0.00609	0.00408	0.01126
41	0.01696	0.01827	0.06285	0.08554	0.16756	0.10018	0.07384	0.02118	0.01838	0.02327	0.02928	0.06447	0.08311	0.01330	0.00899	0.00281	0.00939	0.18600	0.00528	0.00933
42	0.77733	0.01534	0.01166	0.01043	0.01534	0.01779	0.00859	0.02331	0.01350	0.03558	0.01104	0.01288	0.00859	0.00736	0.00491	0.00245	0.00613	0.00429	0.00491	0.00859
43	0.01073	0.00809	0.00992	0.00946	0.01154	0.00727	0.00709	0.01401	0.02128	0.02903	0.51097	0.06379	0.23324	0.01724	0.00936	0.00254	0.00381	0.01498	0.00836	0.00727
