[name]
unknown

[dist]
# distance from previous block
# <min> <max>
0	4

[block]
# block no. 0 follows, 22 sequences, length 8
# corresponding to MSA columns:
# 4-11
name=unknown_A
#
# <colnr> <probs for GDERKNQSTAVLIFYWHMCP>
#	G	D	E	R	K	N	Q	S	T	A	V	L	I	F	Y	W	H	M	C	P
0	0.01275	0.00911	0.01265	0.01457	0.01620	0.00901	0.01228	0.01611	0.01849	0.02415	0.04434	0.21298	0.04921	0.02355	0.01130	0.00374	0.00710	0.48734	0.00766	0.00747
1	0.02840	0.01612	0.01901	0.01592	0.02142	0.01673	0.01271	0.04244	0.35366	0.32686	0.03333	0.02973	0.02313	0.01081	0.00841	0.00270	0.00680	0.00891	0.00930	0.01361
2	0.49656	0.01852	0.02156	0.01702	0.02306	0.02030	0.13101	0.12660	0.01941	0.03772	0.01400	0.01633	0.01057	0.00795	0.00659	0.00260	0.00837	0.00604	0.00549	0.01029
3	0.14536	0.02108	0.04136	0.03014	0.03747	0.02088	0.48440	0.02583	0.01826	0.02800	0.01556	0.02064	0.01189	0.00759	0.01010	0.00281	0.05485	0.00875	0.00432	0.01070
4	0.02269	0.02211	0.01972	0.01779	0.02240	0.14877	0.01372	0.04199	0.52022	0.03193	0.02970	0.02786	0.02249	0.01074	0.00826	0.00268	0.00822	0.00860	0.00764	0.01246
5	0.02093	0.01707	0.02025	0.09660	0.02591	0.01596	0.01307	0.18568	0.02307	0.03321	0.01617	0.01856	0.01265	0.00745	0.00700	0.00176	0.00756	0.00592	0.00569	0.46548
6	0.01518	0.00780	0.00802	0.00797	0.00990	0.00775	0.00597	0.01905	0.01792	0.03116	0.07855	0.03353	0.02599	0.01028	0.00614	0.00199	0.00388	0.00834	0.69281	0.00775
7	0.01038	0.00738	0.00972	0.01132	0.01189	0.00692	0.00755	0.01193	0.01628	0.02187	0.09353	0.61041	0.05529	0.06786	0.01252	0.00360	0.00495	0.02220	0.00766	0.00673

[dist]
# distance from previous block
# <min> <max>
0	3

[block]
# block no. 1 follows, 22 sequences, length 15
# corresponding to MSA columns:
# 15-29
name=unknown_B
#
# <colnr> <probs for GDERKNQSTAVLIFYWHMCP>
#	G	D	E	R	K	N	Q	S	T	A	V	L	I	F	Y	W	H	M	C	P
0	0.02846	0.02114	0.02256	0.01758	0.02367	0.02307	0.01443	0.53999	0.03617	0.04806	0.02916	0.02856	0.10584	0.01156	0.00853	0.00254	0.00843	0.00892	0.00822	0.01311
1	0.01569	0.01477	0.02492	0.68808	0.05722	0.01846	0.02307	0.02123	0.01661	0.02123	0.01477	0.02215	0.01107	0.00831	0.00831	0.00277	0.01107	0.00738	0.00369	0.00923
2	0.01443	0.00722	0.01082	0.01082	0.01082	0.00722	0.00722	0.01082	0.01082	0.01443	0.01443	0.02525	0.01443	0.02886	0.03247	0.75830	0.00722	0.00722	0.00361	0.00361
3	0.12911	0.61297	0.03903	0.01374	0.02057	0.03083	0.01347	0.02481	0.01649	0.02209	0.01155	0.01335	0.01042	0.00719	0.00530	0.00189	0.00853	0.00445	0.00378	0.01042
4	0.01963	0.02153	0.04486	0.06677	0.16839	0.02064	0.47784	0.02615	0.01934	0.02648	0.01648	0.02202	0.01265	0.00714	0.00942	0.00273	0.01304	0.00921	0.00416	0.01151
5	0.01764	0.01521	0.01787	0.04942	0.02199	0.01285	0.01103	0.02427	0.10679	0.02786	0.01750	0.01947	0.01411	0.00700	0.00660	0.00154	0.00648	0.00570	0.00536	0.61133
6	0.07688	0.01597	0.02182	0.02250	0.15523	0.01542	0.01495	0.03684	0.11080	0.39868	0.02797	0.02611	0.01896	0.00965	0.00814	0.00258	0.00755	0.00806	0.00839	0.01347
7	0.01935	0.01909	0.03359	0.05782	0.03353	0.01734	0.30977	0.06814	0.01995	0.02840	0.01613	0.02019	0.01252	0.00695	0.00819	0.00216	0.01043	0.00760	0.00476	0.30408
8	0.02165	0.01744	0.02211	0.02238	0.15552	0.01666	0.01468	0.10429	0.13984	0.07137	0.02036	0.02159	0.01572	0.00813	0.00744	0.00204	0.00745	0.00684	0.00619	0.31828
9	0.08024	0.01769	0.04820	0.03073	0.30406	0.01640	0.01831	0.03076	0.04780	0.24838	0.02568	0.02621	0.04962	0.00933	0.00813	0.00255	0.00829	0.00810	0.00669	0.01284
10	0.05960	0.12909	0.08442	0.02425	0.06975	0.05062	0.20413	0.03092	0.07174	0.16413	0.02022	0.02172	0.01471	0.00829	0.00810	0.00252	0.01037	0.00772	0.00576	0.01195
11	0.05599	0.01893	0.01854	0.03696	0.02173	0.11504	0.01351	0.20832	0.02555	0.03340	0.05854	0.07347	0.05674	0.01417	0.00892	0.00275	0.00868	0.15682	0.00699	0.06494
12	0.01561	0.04151	0.01364	0.01187	0.01462	0.00949	0.00903	0.01841	0.01972	0.11486	0.22225	0.27438	0.08315	0.01841	0.00948	0.00280	0.00525	0.04406	0.00810	0.06335
13	0.06275	0.13065	0.05476	0.02149	0.06481	0.07103	0.10003	0.05609	0.01982	0.17328	0.01815	0.02001	0.01358	0.00917	0.01042	0.00252	0.10778	0.00699	0.00567	0.05101
14	0.23895	0.01518	0.01649	0.01389	0.01825	0.01628	0.03479	0.18348	0.02423	0.03832	0.21639	0.07004	0.05631	0.01260	0.00807	0.00262	0.00652	0.01024	0.00742	0.00992

[dist]
# distance from previous block
# <min> <max>
11	62

[block]
# block no. 2 follows, 22 sequences, length 39
# corresponding to MSA columns:
# 92-130
name=unknown_C
#
# <colnr> <probs for GDERKNQSTAVLIFYWHMCP>
#	G	D	E	R	K	N	Q	S	T	A	V	L	I	F	Y	W	H	M	C	P
0	0.13941	0.09039	0.26405	0.01841	0.02589	0.01886	0.04278	0.02489	0.01718	0.08016	0.04066	0.06137	0.01658	0.00994	0.00929	0.00261	0.07364	0.00749	0.00493	0.05147
1	0.08432	0.06382	0.22186	0.11947	0.16840	0.05001	0.02241	0.02547	0.01768	0.05239	0.01503	0.01860	0.01160	0.00812	0.00844	0.00250	0.04194	0.00639	0.00422	0.05735
2	0.06624	0.05299	0.10420	0.01934	0.09586	0.04608	0.01540	0.05007	0.01950	0.13392	0.01767	0.01910	0.01328	0.00761	0.00703	0.00197	0.00819	0.00601	0.00559	0.30995
3	0.02444	0.01655	0.04238	0.01658	0.04946	0.01483	0.01311	0.08064	0.13640	0.21181	0.05773	0.02879	0.02206	0.00996	0.00795	0.00229	0.00707	0.03248	0.00762	0.21785
4	0.01968	0.01534	0.01949	0.01419	0.02128	0.01240	0.04814	0.05393	0.01936	0.08606	0.04468	0.02065	0.01606	0.00725	0.00685	0.00157	0.00677	0.00611	0.00572	0.57449
5	0.13783	0.02049	0.03660	0.02792	0.06040	0.02018	0.37188	0.08030	0.04663	0.06345	0.01767	0.02120	0.01313	0.00771	0.00862	0.00266	0.01128	0.00841	0.00522	0.03843
6	0.76672	0.01607	0.01221	0.01092	0.01607	0.01864	0.00900	0.02442	0.01414	0.03727	0.01157	0.01350	0.00900	0.00771	0.00514	0.00257	0.00643	0.00450	0.00514	0.00900
7	0.69803	0.01588	0.01288	0.01129	0.01655	0.01803	0.00930	0.02593	0.01505	0.09611	0.01356	0.01489	0.01009	0.00795	0.00544	0.00257	0.00649	0.00486	0.00563	0.00948
8	0.01176	0.00849	0.01110	0.01045	0.01241	0.00784	0.00784	0.01568	0.02352	0.03331	0.65184	0.06206	0.07839	0.01698	0.00980	0.00261	0.00392	0.01502	0.00914	0.00784
9	0.01684	0.04192	0.63633	0.02492	0.06412	0.01931	0.03046	0.02627	0.01760	0.02635	0.01494	0.01768	0.01064	0.00787	0.00791	0.00262	0.01217	0.00620	0.00354	0.01232
10	0.01376	0.01051	0.01545	0.01944	0.10259	0.01043	0.01399	0.01731	0.01851	0.02451	0.04048	0.19414	0.04442	0.02141	0.01088	0.00356	0.00744	0.41575	0.00718	0.00823
11	0.03727	0.01414	0.01928	0.01478	0.02121	0.01221	0.01221	0.04049	0.02378	0.66198	0.03277	0.02828	0.02056	0.01028	0.00835	0.00257	0.00707	0.00835	0.01028	0.01414
12	0.03727	0.01414	0.01928	0.01478	0.02121	0.01221	0.01221	0.04049	0.02378	0.66198	0.03277	0.02828	0.02056	0.01028	0.00835	0.00257	0.00707	0.00835	0.01028	0.01414
13	0.03727	0.01414	0.01928	0.01478	0.02121	0.01221	0.01221	0.04049	0.02378	0.66198	0.03277	0.02828	0.02056	0.01028	0.00835	0.00257	0.00707	0.00835	0.01028	0.01414
14	0.01339	0.00956	0.01339	0.01530	0.01721	0.00956	0.01339	0.01721	0.01912	0.02486	0.04399	0.09371	0.04781	0.02295	0.01147	0.00382	0.00765	0.60031	0.00765	0.00765
15	0.03727	0.01414	0.01928	0.01478	0.02121	0.01221	0.01221	0.04049	0.02378	0.66198	0.03277	0.02828	0.02056	0.01028	0.00835	0.00257	0.00707	0.00835	0.01028	0.01414
16	0.03727	0.01414	0.01928	0.01478	0.02121	0.01221	0.01221	0.04049	0.02378	0.66198	0.03277	0.02828	0.02056	0.01028	0.00835	0.00257	0.00707	0.00835	0.01028	0.01414
17	0.02056	0.01974	0.03372	0.05099	0.65622	0.01974	0.02550	0.02550	0.01892	0.02714	0.01563	0.02056	0.01316	0.00740	0.00822	0.00247	0.00987	0.00740	0.00411	0.01316
18	0.00986	0.00824	0.00860	0.00888	0.01134	0.00697	0.00652	0.01187	0.01849	0.02226	0.07846	0.17242	0.56406	0.02178	0.00993	0.00289	0.00430	0.01844	0.00771	0.00697
19	0.03103	0.03959	0.02354	0.02140	0.02568	0.67469	0.01605	0.03317	0.02354	0.02033	0.01284	0.01498	0.01070	0.00856	0.00749	0.00214	0.01498	0.00535	0.00428	0.00963
20	0.03727	0.01414	0.01928	0.01478	0.02121	0.01221	0.01221	0.04049	0.02378	0.66198	0.03277	0.02828	0.02056	0.01028	0.00835	0.00257	0.00707	0.00835	0.01028	0.01414
21	0.01339	0.00956	0.01339	0.01530	0.01721	0.00956	0.01339	0.01721	0.01912	0.02486	0.04399	0.09371	0.04781	0.02295	0.01147	0.00382	0.00765	0.60031	0.00765	0.00765
22	0.01012	0.00723	0.00964	0.01157	0.01205	0.00675	0.00771	0.01157	0.01591	0.02121	0.04579	0.70262	0.05495	0.02603	0.01060	0.00337	0.00482	0.02362	0.00771	0.00675
23	0.01339	0.00956	0.01339	0.01530	0.01721	0.00956	0.01339	0.01721	0.01912	0.02486	0.04399	0.09371	0.04781	0.02295	0.01147	0.00382	0.00765	0.60031	0.00765	0.00765
24	0.03727	0.01414	0.01928	0.01478	0.02121	0.01221	0.01221	0.04049	0.02378	0.66198	0.03277	0.02828	0.02056	0.01028	0.00835	0.00257	0.00707	0.00835	0.01028	0.01414
25	0.02056	0.01974	0.03372	0.05099	0.65622	0.01974	0.02550	0.02550	0.01892	0.02714	0.01563	0.02056	0.01316	0.00740	0.00822	0.00247	0.00987	0.00740	0.00411	0.01316
26	0.76672	0.01607	0.01221	0.01092	0.01607	0.01864	0.00900	0.02442	0.01414	0.03727	0.01157	0.01350	0.00900	0.00771	0.00514	0.00257	0.00643	0.00450	0.00514	0.00900
27	0.02056	0.01974	0.03372	0.05099	0.65622	0.01974	0.02550	0.02550	0.01892	0.02714	0.01563	0.02056	0.01316	0.00740	0.00822	0.00247	0.00987	0.00740	0.00411	0.01316
28	0.01031	0.00737	0.00986	0.01179	0.01235	0.00691	0.00804	0.01190	0.01609	0.02142	0.04568	0.66693	0.05453	0.02585	0.01065	0.00340	0.00499	0.05742	0.00771	0.00680
29	0.01466	0.01243	0.01954	0.02742	0.26266	0.01221	0.01546	0.01781	0.01755	0.02405	0.03382	0.34701	0.03767	0.01834	0.00981	0.00309	0.00720	0.10359	0.00631	0.00937
30	0.01961	0.01682	0.01808	0.01583	0.02076	0.01846	0.01234	0.03897	0.51136	0.03353	0.06898	0.03088	0.02669	0.01087	0.00820	0.00257	0.00635	0.00908	0.00798	0.12265
31	0.01888	0.01312	0.01598	0.01254	0.01835	0.01036	0.00977	0.02204	0.01797	0.12467	0.02396	0.16006	0.02237	0.01089	0.00741	0.00188	0.00602	0.00931	0.00633	0.48809
32	0.01777	0.01826	0.06287	0.01845	0.02637	0.01395	0.15985	0.02261	0.01782	0.02691	0.01527	0.01850	0.01227	0.00646	0.00714	0.00169	0.00841	0.00617	0.00467	0.53456
33	0.01723	0.01477	0.01723	0.01230	0.01969	0.01107	0.00984	0.02092	0.01723	0.02707	0.01477	0.01723	0.01230	0.00615	0.00615	0.00123	0.00615	0.00492	0.00492	0.75883
34	0.01079	0.00794	0.01035	0.01164	0.01277	0.00716	0.00791	0.01245	0.01603	0.02176	0.04287	0.63807	0.05093	0.02415	0.01018	0.00317	0.00495	0.02186	0.00745	0.07758
35	0.01396	0.01152	0.01438	0.01279	0.01628	0.01030	0.00957	0.01643	0.01621	0.02369	0.02903	0.33998	0.03226	0.01624	0.01010	0.00245	0.06580	0.01393	0.00612	0.33896
36	0.07411	0.02023	0.08088	0.01771	0.04933	0.04533	0.01480	0.15598	0.07108	0.25548	0.02388	0.02314	0.01655	0.00934	0.00777	0.00242	0.00815	0.00732	0.04098	0.07551
37	0.02010	0.01927	0.03289	0.11099	0.59981	0.01962	0.02527	0.02509	0.01870	0.02658	0.01555	0.02071	0.01296	0.00749	0.00823	0.00250	0.00998	0.00740	0.00407	0.01279
38	0.01861	0.01419	0.01764	0.01846	0.10389	0.01422	0.01253	0.02850	0.21854	0.09335	0.12087	0.04341	0.13926	0.01314	0.00874	0.00261	0.00631	0.03664	0.00765	0.08146

[dist]
# distance from previous block
# <min> <max>
0	1

[block]
# block no. 3 follows, 22 sequences, length 7
# corresponding to MSA columns:
# 132-138
name=unknown_D
#
# <colnr> <probs for GDERKNQSTAVLIFYWHMCP>
#	G	D	E	R	K	N	Q	S	T	A	V	L	I	F	Y	W	H	M	C	P
0	0.02105	0.01409	0.01706	0.01293	0.01924	0.01147	0.01031	0.05222	0.01998	0.15551	0.07139	0.06384	0.02186	0.00920	0.00725	0.00180	0.00622	0.00765	0.00666	0.47028
1	0.01700	0.01496	0.01979	0.01462	0.02132	0.01221	0.07195	0.02211	0.05168	0.02818	0.09172	0.02382	0.02089	0.00780	0.00708	0.00164	0.00670	0.00685	0.00554	0.55414
2	0.02277	0.01654	0.01921	0.12725	0.02575	0.01841	0.01375	0.29164	0.06926	0.03925	0.06388	0.02667	0.02048	0.01017	0.00778	0.00243	0.00760	0.00816	0.19781	0.01120
3	0.01566	0.00983	0.01214	0.01126	0.01409	0.00908	0.00854	0.02014	0.06377	0.12572	0.32548	0.13464	0.18225	0.01749	0.00959	0.00275	0.00475	0.01516	0.00880	0.00886
4	0.02123	0.01517	0.01784	0.01350	0.02027	0.01287	0.01080	0.02814	0.12259	0.13682	0.02102	0.02141	0.01590	0.00771	0.00691	0.00172	0.00638	0.00626	0.00643	0.50703
5	0.01679	0.01066	0.01573	0.01340	0.01669	0.00969	0.06436	0.02059	0.02243	0.14331	0.41006	0.09712	0.09374	0.01574	0.00960	0.00269	0.00547	0.01409	0.00872	0.00914
6	0.02098	0.01509	0.01760	0.01392	0.01945	0.01391	0.01102	0.17410	0.02388	0.08870	0.09757	0.11699	0.02711	0.01145	0.00792	0.00212	0.00654	0.00960	0.00712	0.31490

[dist]
# distance from previous block
# <min> <max>
0	1

[block]
# block no. 4 follows, 22 sequences, length 53
# corresponding to MSA columns:
# 140-192
name=unknown_E
#
# <colnr> <probs for GDERKNQSTAVLIFYWHMCP>
#	G	D	E	R	K	N	Q	S	T	A	V	L	I	F	Y	W	H	M	C	P
0	0.10259	0.01561	0.01902	0.01541	0.02080	0.01553	0.06361	0.07541	0.16772	0.07908	0.07589	0.05665	0.07780	0.01108	0.00800	0.00241	0.00688	0.00938	0.00705	0.17008
1	0.05721	0.01829	0.01833	0.01591	0.02064	0.07424	0.01250	0.09860	0.32271	0.11529	0.10217	0.03276	0.05172	0.01164	0.00840	0.00266	0.00723	0.00945	0.00821	0.01204
2	0.01972	0.09786	0.49974	0.02217	0.03291	0.05137	0.02669	0.10405	0.02053	0.02881	0.01517	0.01737	0.01101	0.00812	0.00771	0.00252	0.01171	0.00613	0.00417	0.01226
3	0.01714	0.10056	0.61158	0.02286	0.03470	0.02046	0.02928	0.02619	0.01748	0.02573	0.01462	0.01718	0.01054	0.00783	0.00767	0.00256	0.01199	0.00599	0.00351	0.01214
4	0.01308	0.00961	0.01239	0.01337	0.01525	0.00953	0.01063	0.04237	0.04771	0.02624	0.11856	0.26735	0.09079	0.02196	0.01063	0.00337	0.00614	0.26522	0.00792	0.00788
5	0.01176	0.00849	0.01110	0.01045	0.01241	0.00784	0.00784	0.01568	0.02352	0.03331	0.65184	0.06206	0.07839	0.01698	0.00980	0.00261	0.00392	0.01502	0.00914	0.00784
6	0.01155	0.00848	0.01082	0.01023	0.01228	0.00775	0.00767	0.01527	0.02302	0.03215	0.59099	0.06397	0.13996	0.01742	0.00980	0.00263	0.00395	0.01529	0.00899	0.00775
7	0.02066	0.01785	0.01878	0.01691	0.02160	0.02066	0.01315	0.04414	0.64121	0.03475	0.03381	0.03099	0.02536	0.01127	0.00845	0.00282	0.00657	0.00939	0.00845	0.01315
8	0.01666	0.04297	0.66500	0.02368	0.03596	0.01929	0.03069	0.02631	0.01754	0.02631	0.01491	0.01754	0.01052	0.00789	0.00789	0.00263	0.01228	0.00614	0.00351	0.01228
9	0.01176	0.00849	0.01110	0.01045	0.01241	0.00784	0.00784	0.01568	0.02352	0.03331	0.65184	0.06206	0.07839	0.01698	0.00980	0.00261	0.00392	0.01502	0.00914	0.00784
10	0.02221	0.71304	0.04353	0.01421	0.02132	0.03287	0.01421	0.02488	0.01688	0.01955	0.01155	0.01333	0.01066	0.00711	0.00533	0.00178	0.00888	0.00444	0.00355	0.01066
11	0.00982	0.00842	0.00842	0.00842	0.01122	0.00701	0.00631	0.01192	0.01894	0.02244	0.08416	0.07995	0.65285	0.02104	0.00982	0.00281	0.00421	0.01753	0.00771	0.00701
12	0.03103	0.03959	0.02354	0.02140	0.02568	0.67469	0.01605	0.03317	0.02354	0.02033	0.01284	0.01498	0.01070	0.00856	0.00749	0.00214	0.01498	0.00535	0.00428	0.00963
13	0.02221	0.71304	0.04353	0.01421	0.02132	0.03287	0.01421	0.02488	0.01688	0.01955	0.01155	0.01333	0.01066	0.00711	0.00533	0.00178	0.00888	0.00444	0.00355	0.01066
14	0.01176	0.00849	0.01110	0.01045	0.01241	0.00784	0.00784	0.01568	0.02352	0.03331	0.65184	0.06206	0.07839	0.01698	0.00980	0.00261	0.00392	0.01502	0.00914	0.00784
15	0.01723	0.01477	0.01723	0.01230	0.01969	0.01107	0.00984	0.02092	0.01723	0.02707	0.01477	0.01723	0.01230	0.00615	0.00615	0.00123	0.00615	0.00492	0.00492	0.75883
16	0.01038	0.00775	0.00951	0.01049	0.01175	0.00704	0.00725	0.01228	0.01759	0.02303	0.14227	0.42161	0.20806	0.05620	0.01181	0.00334	0.00469	0.02028	0.00779	0.00689
17	0.02933	0.08328	0.02506	0.02095	0.02505	0.57550	0.01611	0.03148	0.02216	0.02025	0.01259	0.01514	0.01072	0.00898	0.00904	0.00224	0.07283	0.00545	0.00418	0.00965
18	0.01743	0.00962	0.00982	0.00912	0.01162	0.00992	0.00701	0.09300	0.02004	0.03356	0.02624	0.02964	0.02043	0.00971	0.00611	0.00200	0.00451	0.00771	0.66399	0.00851
19	0.01569	0.01477	0.02492	0.68808	0.05722	0.01846	0.02307	0.02123	0.01661	0.02123	0.01477	0.02215	0.01107	0.00831	0.00831	0.00277	0.01107	0.00738	0.00369	0.00923
20	0.02508	0.35438	0.11488	0.01834	0.02496	0.29130	0.01707	0.02842	0.01966	0.02073	0.01250	0.01454	0.01066	0.00780	0.00653	0.00203	0.01179	0.00503	0.00384	0.01045
21	0.01012	0.00723	0.00964	0.01157	0.01205	0.00675	0.00771	0.01157	0.01591	0.02121	0.04579	0.70262	0.05495	0.02603	0.01060	0.00337	0.00482	0.02362	0.00771	0.00675
22	0.01012	0.00723	0.00964	0.01157	0.01205	0.00675	0.00771	0.01157	0.01591	0.02121	0.04579	0.70262	0.05495	0.02603	0.01060	0.00337	0.00482	0.02362	0.00771	0.00675
23	0.02066	0.01785	0.01878	0.01691	0.02160	0.02066	0.01315	0.04414	0.64121	0.03475	0.03381	0.03099	0.02536	0.01127	0.00845	0.00282	0.00657	0.00939	0.00845	0.01315
24	0.02056	0.01974	0.03372	0.05099	0.65622	0.01974	0.02550	0.02550	0.01892	0.02714	0.01563	0.02056	0.01316	0.00740	0.00822	0.00247	0.00987	0.00740	0.00411	0.01316
25	0.71856	0.01761	0.01295	0.01161	0.01670	0.06159	0.00946	0.02499	0.01475	0.03616	0.01165	0.01359	0.00911	0.00777	0.00529	0.00254	0.00699	0.00455	0.00508	0.00904
26	0.02048	0.01997	0.03503	0.04962	0.60355	0.01985	0.07711	0.02559	0.01898	0.02709	0.01573	0.02072	0.01311	0.00737	0.00836	0.00250	0.01022	0.00761	0.00412	0.01299
27	0.02066	0.01785	0.01878	0.01691	0.02160	0.02066	0.01315	0.04414	0.64121	0.03475	0.03381	0.03099	0.02536	0.01127	0.00845	0.00282	0.00657	0.00939	0.00845	0.01315
28	0.01954	0.02219	0.04782	0.03434	0.04232	0.02123	0.59520	0.02627	0.01926	0.02627	0.01651	0.02219	0.01252	0.00739	0.01069	0.00284	0.04846	0.00968	0.00417	0.01110
29	0.01666	0.04297	0.66500	0.02368	0.03596	0.01929	0.03069	0.02631	0.01754	0.02631	0.01491	0.01754	0.01052	0.00789	0.00789	0.00263	0.01228	0.00614	0.00351	0.01228
30	0.01666	0.04297	0.66500	0.02368	0.03596	0.01929	0.03069	0.02631	0.01754	0.02631	0.01491	0.01754	0.01052	0.00789	0.00789	0.00263	0.01228	0.00614	0.00351	0.01228
31	0.00982	0.00842	0.00842	0.00842	0.01122	0.00701	0.00631	0.01192	0.01894	0.02244	0.08416	0.07995	0.65285	0.02104	0.00982	0.00281	0.00421	0.01753	0.00771	0.00701
32	0.01569	0.01477	0.02492	0.68808	0.05722	0.01846	0.02307	0.02123	0.01661	0.02123	0.01477	0.02215	0.01107	0.00831	0.00831	0.00277	0.01107	0.00738	0.00369	0.00923
33	0.01652	0.01746	0.03619	0.02738	0.03320	0.01636	0.42463	0.02171	0.01840	0.02485	0.02625	0.24398	0.02640	0.01320	0.01006	0.00299	0.01101	0.01430	0.00534	0.00975
34	0.01184	0.00822	0.00996	0.01009	0.01088	0.00838	0.00664	0.01307	0.01367	0.01870	0.03288	0.09458	0.09622	0.39859	0.18239	0.00807	0.01050	0.01247	0.04678	0.00607
35	0.03084	0.02290	0.02452	0.01896	0.02548	0.02542	0.01561	0.58901	0.07977	0.05117	0.02088	0.02069	0.01489	0.01006	0.00832	0.00252	0.00897	0.00761	0.00832	0.01406
36	0.76672	0.01607	0.01221	0.01092	0.01607	0.01864	0.00900	0.02442	0.01414	0.03727	0.01157	0.01350	0.00900	0.00771	0.00514	0.00257	0.00643	0.00450	0.00514	0.00900
37	0.03727	0.01414	0.01928	0.01478	0.02121	0.01221	0.01221	0.04049	0.02378	0.66198	0.03277	0.02828	0.02056	0.01028	0.00835	0.00257	0.00707	0.00835	0.01028	0.01414
38	0.01218	0.00920	0.01135	0.01083	0.01303	0.00877	0.00810	0.01740	0.07556	0.03134	0.49088	0.10347	0.14128	0.01757	0.00974	0.00270	0.00424	0.01540	0.00882	0.00812
39	0.01159	0.00849	0.01087	0.01028	0.01231	0.00777	0.00771	0.01535	0.02312	0.03238	0.60305	0.06359	0.12776	0.01733	0.00980	0.00263	0.00394	0.01524	0.00902	0.00777
40	0.02989	0.02243	0.02398	0.01877	0.02512	0.02497	0.01538	0.53799	0.13234	0.04963	0.02209	0.02166	0.01587	0.01017	0.00833	0.00254	0.00874	0.00778	0.00833	0.01398
41	0.02066	0.01785	0.01878	0.01691	0.02160	0.02066	0.01315	0.04414	0.64121	0.03475	0.03381	0.03099	0.02536	0.01127	0.00845	0.00282	0.00657	0.00939	0.00845	0.01315
42	0.02029	0.01946	0.03323	0.08621	0.62311	0.01967	0.02536	0.02526	0.01879	0.02681	0.01558	0.02065	0.01304	0.00745	0.00823	0.00248	0.00994	0.00740	0.00409	0.01294
43	0.76672	0.01607	0.01221	0.01092	0.01607	0.01864	0.00900	0.02442	0.01414	0.03727	0.01157	0.01350	0.00900	0.00771	0.00514	0.00257	0.00643	0.00450	0.00514	0.00900
44	0.01689	0.01523	0.02056	0.01833	0.01916	0.01968	0.01474	0.06991	0.01619	0.02356	0.04600	0.18173	0.02469	0.01914	0.05075	0.00388	0.41396	0.01152	0.00525	0.00884
45	0.01190	0.00876	0.01262	0.01262	0.01385	0.00999	0.00947	0.01436	0.01313	0.01874	0.02292	0.03635	0.02238	0.17266	0.56697	0.01245	0.01983	0.00944	0.00455	0.00701
46	0.01317	0.00941	0.01314	0.01505	0.01687	0.00938	0.01302	0.01684	0.01891	0.02462	0.04410	0.13357	0.04828	0.02315	0.01142	0.00380	0.00746	0.56255	0.00765	0.00759
47	0.02390	0.01825	0.01967	0.01640	0.02179	0.01997	0.01306	0.20607	0.34247	0.06891	0.02766	0.02649	0.02049	0.01029	0.00802	0.00251	0.00711	0.00829	0.05860	0.08005
48	0.02328	0.31827	0.23872	0.01848	0.02680	0.11101	0.01967	0.05362	0.01951	0.07846	0.01499	0.01647	0.01162	0.00795	0.00683	0.00220	0.01064	0.00558	0.00442	0.01149
49	0.02751	0.01394	0.01680	0.01387	0.01879	0.03738	0.01108	0.03319	0.09821	0.37941	0.16082	0.03937	0.08739	0.01262	0.00875	0.00261	0.00643	0.01050	0.00938	0.01196
50	0.01997	0.15251	0.44349	0.02026	0.03038	0.02014	0.02437	0.02732	0.01852	0.10595	0.04892	0.02043	0.01526	0.00852	0.00761	0.00248	0.01061	0.00658	0.00466	0.01201
51	0.02011	0.01927	0.03290	0.11047	0.60030	0.01962	0.02527	0.02510	0.01870	0.02659	0.01555	0.02071	0.01296	0.00749	0.00823	0.00250	0.00998	0.00740	0.00407	0.01279
52	0.31275	0.01910	0.07604	0.01449	0.02112	0.01742	0.01293	0.12757	0.02115	0.17823	0.01846	0.01876	0.01303	0.00847	0.00677	0.00238	0.00752	0.00607	0.00665	0.11109

[dist]
# distance from previous block
# <min> <max>
0	3

[block]
# block no. 5 follows, 22 sequences, length 36
# corresponding to MSA columns:
# 196-231
name=unknown_F
#
# <colnr> <probs for GDERKNQSTAVLIFYWHMCP>
#	G	D	E	R	K	N	Q	S	T	A	V	L	I	F	Y	W	H	M	C	P
0	0.55707	0.01629	0.01510	0.01428	0.05491	0.01811	0.01075	0.07321	0.01778	0.09732	0.04671	0.01828	0.01424	0.00858	0.00611	0.00256	0.00678	0.00580	0.00602	0.01008
1	0.59455	0.01434	0.01196	0.01082	0.01523	0.01617	0.00873	0.02243	0.01628	0.03637	0.15759	0.02457	0.02482	0.00983	0.00620	0.00258	0.00585	0.00690	0.00605	0.00873
2	0.01980	0.10873	0.18845	0.02859	0.03712	0.05846	0.35468	0.02640	0.01871	0.02506	0.01526	0.01961	0.01171	0.00766	0.00952	0.00264	0.04449	0.00796	0.00394	0.01120
3	0.01569	0.01477	0.02492	0.68808	0.05722	0.01846	0.02307	0.02123	0.01661	0.02123	0.01477	0.02215	0.01107	0.00831	0.00831	0.00277	0.01107	0.00738	0.00369	0.00923
4	0.01723	0.01477	0.01723	0.01230	0.01969	0.01107	0.00984	0.02092	0.01723	0.02707	0.01477	0.01723	0.01230	0.00615	0.00615	0.00123	0.00615	0.00492	0.00492	0.75883
5	0.01012	0.00723	0.00964	0.01157	0.01205	0.00675	0.00771	0.01157	0.01591	0.02121	0.04579	0.70262	0.05495	0.02603	0.01060	0.00337	0.00482	0.02362	0.00771	0.00675
6	0.01187	0.00890	0.01335	0.01335	0.01483	0.01038	0.01038	0.01483	0.01335	0.01928	0.02225	0.03264	0.02077	0.06231	0.67512	0.01335	0.02225	0.00890	0.00445	0.00742
7	0.01012	0.00723	0.00964	0.01157	0.01205	0.00675	0.00771	0.01157	0.01591	0.02121	0.04579	0.70262	0.05495	0.02603	0.01060	0.00337	0.00482	0.02362	0.00771	0.00675
8	0.01825	0.01839	0.02664	0.02248	0.02290	0.02522	0.04892	0.02033	0.01307	0.02033	0.01120	0.01839	0.01099	0.01416	0.02638	0.00359	0.65851	0.00740	0.00366	0.00919
9	0.01166	0.00849	0.01097	0.01035	0.01235	0.00780	0.00776	0.01549	0.02329	0.03277	0.62331	0.06295	0.10725	0.01719	0.00980	0.00262	0.00393	0.01515	0.00907	0.00780
10	0.01906	0.02153	0.04675	0.03366	0.04161	0.02019	0.59043	0.02574	0.01939	0.02630	0.01848	0.06159	0.01504	0.00810	0.00985	0.00283	0.01348	0.01060	0.00440	0.01095
11	0.69388	0.01587	0.01292	0.01131	0.01658	0.01799	0.00932	0.02602	0.01510	0.09965	0.01369	0.01497	0.01015	0.00797	0.00546	0.00257	0.00649	0.00488	0.00565	0.00951
12	0.01968	0.01884	0.03212	0.16644	0.54767	0.01951	0.02506	0.02472	0.01850	0.02607	0.01547	0.02085	0.01278	0.00757	0.00824	0.00252	0.01009	0.00740	0.00404	0.01245
13	0.02452	0.02051	0.02091	0.01779	0.02308	0.05163	0.01410	0.22514	0.42645	0.03957	0.02856	0.02684	0.02121	0.01075	0.00837	0.00269	0.00775	0.00862	0.00822	0.01330
14	0.01961	0.02241	0.04902	0.03501	0.04342	0.02101	0.62605	0.02661	0.01961	0.02661	0.01681	0.02241	0.01261	0.00700	0.00980	0.00280	0.01401	0.00980	0.00420	0.01120
15	0.01767	0.16524	0.55160	0.02195	0.03329	0.02177	0.02769	0.02605	0.01742	0.02507	0.01430	0.01677	0.01055	0.00775	0.00743	0.00248	0.01166	0.00583	0.00352	0.01198
16	0.01820	0.03155	0.32770	0.02923	0.03899	0.02044	0.32642	0.02616	0.01834	0.02616	0.01566	0.01999	0.01158	0.00777	0.00977	0.00276	0.04581	0.00802	0.00386	0.01159
17	0.01176	0.00849	0.01110	0.01045	0.01241	0.00784	0.00784	0.01568	0.02352	0.03331	0.65184	0.06206	0.07839	0.01698	0.00980	0.00261	0.00392	0.01502	0.00914	0.00784
18	0.03108	0.03831	0.02365	0.02122	0.02569	0.62352	0.01603	0.08012	0.02477	0.02286	0.01340	0.01537	0.01097	0.00867	0.00756	0.00217	0.01452	0.00552	0.00460	0.00999
19	0.02009	0.01926	0.03287	0.11254	0.59835	0.01961	0.02526	0.02508	0.01869	0.02657	0.01554	0.02071	0.01296	0.00749	0.00823	0.00250	0.00999	0.00740	0.00407	0.01278
20	0.03727	0.01414	0.01928	0.01478	0.02121	0.01221	0.01221	0.04049	0.02378	0.66198	0.03277	0.02828	0.02056	0.01028	0.00835	0.00257	0.00707	0.00835	0.01028	0.01414
21	0.01185	0.00855	0.01123	0.01072	0.01268	0.00793	0.00815	0.01576	0.02327	0.03284	0.61812	0.06381	0.07669	0.01731	0.00989	0.00268	0.00413	0.04749	0.00906	0.00783
22	0.01628	0.01113	0.01681	0.01818	0.06831	0.01067	0.04891	0.01975	0.01900	0.09840	0.04074	0.20223	0.06424	0.01988	0.01051	0.00338	0.00741	0.30785	0.00749	0.00884
23	0.01633	0.01549	0.02577	0.57711	0.10936	0.01913	0.02291	0.02152	0.01652	0.02167	0.01454	0.02169	0.01125	0.00871	0.00979	0.00281	0.06472	0.00738	0.00373	0.00958
24	0.00982	0.00842	0.00842	0.00842	0.01122	0.00701	0.00631	0.01192	0.01894	0.02244	0.08416	0.07995	0.65285	0.02104	0.00982	0.00281	0.00421	0.01753	0.00771	0.00701
25	0.02056	0.01974	0.03372	0.05099	0.65622	0.01974	0.02550	0.02550	0.01892	0.02714	0.01563	0.02056	0.01316	0.00740	0.00822	0.00247	0.00987	0.00740	0.00411	0.01316
26	0.01690	0.04149	0.62687	0.02328	0.03511	0.01937	0.02966	0.02736	0.05434	0.02681	0.01602	0.01833	0.01140	0.00809	0.00793	0.00264	0.01194	0.00633	0.00380	0.01233
27	0.00982	0.00842	0.00842	0.00842	0.01122	0.00701	0.00631	0.01192	0.01894	0.02244	0.08416	0.07995	0.65285	0.02104	0.00982	0.00281	0.00421	0.01753	0.00771	0.00701
28	0.00982	0.00842	0.00842	0.00842	0.01122	0.00701	0.00631	0.01192	0.01894	0.02244	0.08416	0.07995	0.65285	0.02104	0.00982	0.00281	0.00421	0.01753	0.00771	0.00701
29	0.03191	0.02273	0.02460	0.01886	0.02550	0.02497	0.01558	0.59399	0.03816	0.08815	0.02070	0.02043	0.01451	0.00999	0.00831	0.00250	0.00902	0.00753	0.00843	0.01413
30	0.01666	0.04297	0.66500	0.02368	0.03596	0.01929	0.03069	0.02631	0.01754	0.02631	0.01491	0.01754	0.01052	0.00789	0.00789	0.00263	0.01228	0.00614	0.00351	0.01228
31	0.05737	0.60870	0.10777	0.01506	0.02262	0.03075	0.01571	0.02501	0.01682	0.02111	0.01191	0.01378	0.01057	0.00722	0.00559	0.00191	0.00913	0.00462	0.00363	0.01075
32	0.01155	0.00843	0.01089	0.01068	0.01257	0.00777	0.00803	0.01509	0.02219	0.03084	0.51516	0.12475	0.11971	0.01849	0.00997	0.00277	0.00424	0.05038	0.00881	0.00766
33	0.01233	0.00819	0.01086	0.01216	0.01347	0.00764	0.00890	0.01447	0.01750	0.05943	0.07625	0.48257	0.09242	0.02380	0.01054	0.00333	0.00537	0.12544	0.00792	0.00741
34	0.01569	0.01477	0.02492	0.68808	0.05722	0.01846	0.02307	0.02123	0.01661	0.02123	0.01477	0.02215	0.01107	0.00831	0.00831	0.00277	0.01107	0.00738	0.00369	0.00923
35	0.03326	0.01500	0.01919	0.01514	0.02111	0.01409	0.01236	0.08589	0.10295	0.49848	0.06755	0.02991	0.02399	0.01077	0.00845	0.00260	0.00699	0.00880	0.00983	0.01365

[dist]
# distance from previous block
# <min> <max>
4	7

[block]
# block no. 6 follows, 22 sequences, length 6
# corresponding to MSA columns:
# 239-244
name=unknown_G
#
# <colnr> <probs for GDERKNQSTAVLIFYWHMCP>
#	G	D	E	R	K	N	Q	S	T	A	V	L	I	F	Y	W	H	M	C	P
0	0.08412	0.01903	0.03383	0.02471	0.03200	0.01766	0.34019	0.05939	0.01944	0.02885	0.01771	0.06007	0.01479	0.00813	0.00841	0.00239	0.01048	0.00875	0.00492	0.20513
1	0.01554	0.01224	0.01660	0.16860	0.02578	0.01156	0.01248	0.01951	0.01900	0.05599	0.17230	0.07214	0.06486	0.01218	0.00835	0.00232	0.00674	0.04595	0.00633	0.25154
2	0.02175	0.01588	0.01857	0.01357	0.02073	0.01328	0.01098	0.10888	0.02112	0.11004	0.01775	0.01899	0.01359	0.00721	0.00673	0.00158	0.00669	0.00571	0.00607	0.56088
3	0.01474	0.00926	0.01142	0.01043	0.01328	0.00820	0.00798	0.01800	0.02213	0.11840	0.38795	0.06287	0.24912	0.01730	0.00960	0.00267	0.00445	0.01487	0.00886	0.00847
4	0.01168	0.00894	0.01101	0.01177	0.01405	0.00826	0.00968	0.01482	0.01968	0.02509	0.14863	0.08347	0.30085	0.02130	0.01055	0.00323	0.00569	0.27598	0.00789	0.00742
5	0.01723	0.01477	0.01723	0.01230	0.01969	0.01107	0.00984	0.02092	0.01723	0.02707	0.01477	0.01723	0.01230	0.00615	0.00615	0.00123	0.00615	0.00492	0.00492	0.75883

[dist]
# distance from previous block
# <min> <max>
0	3

[block]
# block no. 7 follows, 22 sequences, length 11
# corresponding to MSA columns:
# 248-258
name=unknown_H
#
# <colnr> <probs for GDERKNQSTAVLIFYWHMCP>
#	G	D	E	R	K	N	Q	S	T	A	V	L	I	F	Y	W	H	M	C	P
0	0.01190	0.00910	0.01137	0.01108	0.01349	0.00790	0.00802	0.01458	0.01877	0.02613	0.23088	0.32456	0.10671	0.01916	0.00947	0.00270	0.00473	0.01700	0.00764	0.14480
1	0.01548	0.01153	0.01547	0.01441	0.01684	0.01320	0.01137	0.12719	0.01806	0.02534	0.02183	0.03031	0.01955	0.05272	0.55304	0.01136	0.01985	0.00864	0.00516	0.00865
2	0.01662	0.01401	0.01615	0.01310	0.01868	0.01222	0.01012	0.02389	0.14293	0.02755	0.02429	0.14549	0.02275	0.01082	0.00743	0.00194	0.00599	0.00925	0.00615	0.47062
3	0.01943	0.02189	0.04613	0.03340	0.04077	0.02155	0.55154	0.02580	0.01876	0.02580	0.01608	0.02189	0.01240	0.00793	0.01194	0.00290	0.09721	0.00949	0.00413	0.01095
4	0.02090	0.01465	0.01760	0.01276	0.01997	0.01128	0.01028	0.02450	0.01843	0.14331	0.01806	0.01925	0.01382	0.00691	0.00656	0.00148	0.00632	0.00555	0.00590	0.62249
5	0.01723	0.01477	0.01723	0.01230	0.01969	0.01107	0.00984	0.02092	0.01723	0.02707	0.01477	0.01723	0.01230	0.00615	0.00615	0.00123	0.00615	0.00492	0.00492	0.75883
6	0.01667	0.01577	0.02669	0.55948	0.17812	0.01872	0.02356	0.02209	0.01708	0.02242	0.01494	0.02183	0.01150	0.00812	0.00829	0.00271	0.01083	0.00739	0.00378	0.01002
7	0.01832	0.01541	0.01781	0.01282	0.02015	0.01219	0.01030	0.06704	0.01888	0.02899	0.01516	0.01743	0.01244	0.00644	0.00632	0.00133	0.00638	0.00512	0.00518	0.70230
8	0.01584	0.01057	0.01320	0.01170	0.01507	0.00934	0.00887	0.04251	0.02120	0.09728	0.28834	0.17890	0.08632	0.01607	0.00908	0.00252	0.00507	0.01404	0.00809	0.14599
9	0.01607	0.09671	0.01644	0.01163	0.01547	0.01261	0.00935	0.02130	0.08173	0.08135	0.29418	0.05036	0.17292	0.01463	0.00871	0.00246	0.00529	0.01234	0.00786	0.06860
10	0.02356	0.01599	0.02039	0.01494	0.02208	0.01351	0.04698	0.09188	0.02125	0.17654	0.01961	0.02038	0.01443	0.00757	0.00711	0.00177	0.00715	0.00628	0.00649	0.46208

[dist]
# distance from previous block
# <min> <max>
7	27

[block]
# block no. 8 follows, 22 sequences, length 115
# corresponding to MSA columns:
# 286-400
name=unknown_I
#
# <colnr> <probs for GDERKNQSTAVLIFYWHMCP>
#	G	D	E	R	K	N	Q	S	T	A	V	L	I	F	Y	W	H	M	C	P
0	0.34764	0.01681	0.01991	0.05507	0.02330	0.01862	0.08346	0.05646	0.10050	0.05695	0.05888	0.02187	0.01723	0.00927	0.00819	0.00264	0.04637	0.00710	0.00590	0.04382
1	0.01931	0.01936	0.03558	0.06640	0.10865	0.01872	0.31216	0.05925	0.01974	0.02754	0.01791	0.02565	0.01487	0.00854	0.00971	0.00258	0.04174	0.04727	0.00473	0.14030
2	0.49876	0.01700	0.01566	0.01295	0.01865	0.01860	0.01066	0.13210	0.01996	0.12234	0.01603	0.01680	0.01162	0.00836	0.00618	0.00248	0.00697	0.00556	0.00637	0.05295
3	0.01783	0.01719	0.02327	0.01976	0.02100	0.02246	0.01631	0.02119	0.04875	0.02242	0.04987	0.02132	0.01579	0.01351	0.02271	0.00325	0.53372	0.00756	0.00437	0.09769
4	0.01773	0.01575	0.02327	0.53215	0.04854	0.05346	0.02038	0.02274	0.01786	0.06158	0.05177	0.02410	0.01551	0.00881	0.00822	0.00262	0.01035	0.00762	0.00451	0.05303
5	0.01850	0.01533	0.01770	0.01306	0.01997	0.01255	0.01042	0.09145	0.01971	0.02970	0.01712	0.05628	0.01493	0.00772	0.00666	0.00150	0.00643	0.00628	0.00548	0.62924
6	0.02945	0.01547	0.01887	0.01515	0.02056	0.05145	0.01228	0.03346	0.04874	0.40077	0.02682	0.02611	0.01860	0.01605	0.08773	0.00371	0.04723	0.00777	0.00808	0.11171
7	0.07332	0.01781	0.02084	0.01619	0.02254	0.09108	0.04783	0.03533	0.02210	0.43034	0.02593	0.02408	0.01720	0.00920	0.00787	0.00236	0.00825	0.00741	0.00822	0.11210
8	0.10074	0.01412	0.01573	0.01176	0.01824	0.01153	0.00938	0.02091	0.01726	0.02882	0.05218	0.02026	0.01633	0.00717	0.00623	0.00150	0.00591	0.00563	0.05124	0.58505
9	0.01818	0.01818	0.02545	0.02181	0.02181	0.02545	0.01818	0.01999	0.01272	0.01999	0.01091	0.01818	0.01091	0.01454	0.02726	0.00364	0.69284	0.00727	0.00364	0.00909
10	0.02588	0.01975	0.02252	0.01817	0.02399	0.02153	0.04141	0.30415	0.25455	0.07552	0.02625	0.04968	0.01992	0.01074	0.00841	0.00260	0.00801	0.00880	0.00810	0.05003
11	0.76672	0.01607	0.01221	0.01092	0.01607	0.01864	0.00900	0.02442	0.01414	0.03727	0.01157	0.01350	0.00900	0.00771	0.00514	0.00257	0.00643	0.00450	0.00514	0.00900
12	0.03143	0.02785	0.02454	0.01976	0.02574	0.20797	0.01586	0.46136	0.03470	0.04336	0.01795	0.01855	0.01317	0.00958	0.00808	0.00239	0.01078	0.00688	0.00718	0.01287
13	0.01208	0.00805	0.00906	0.00906	0.00906	0.00805	0.00503	0.01208	0.01208	0.01611	0.02618	0.05436	0.03020	0.70804	0.04228	0.00805	0.00805	0.01208	0.00503	0.00503
14	0.01176	0.00849	0.01110	0.01045	0.01241	0.00784	0.00784	0.01568	0.02352	0.03331	0.65184	0.06206	0.07839	0.01698	0.00980	0.00261	0.00392	0.01502	0.00914	0.00784
15	0.01818	0.01818	0.02545	0.02181	0.02181	0.02545	0.01818	0.01999	0.01272	0.01999	0.01091	0.01818	0.01091	0.01454	0.02726	0.00364	0.69284	0.00727	0.00364	0.00909
16	0.02141	0.01768	0.01881	0.01681	0.02158	0.02028	0.01311	0.04398	0.61353	0.06288	0.03377	0.03087	0.02514	0.01123	0.00845	0.00281	0.00660	0.00935	0.00854	0.01319
17	0.02056	0.01974	0.03372	0.05099	0.65622	0.01974	0.02550	0.02550	0.01892	0.02714	0.01563	0.02056	0.01316	0.00740	0.00822	0.00247	0.00987	0.00740	0.00411	0.01316
18	0.01008	0.00829	0.00887	0.00901	0.01145	0.00708	0.00665	0.01233	0.01914	0.02359	0.14681	0.14785	0.51785	0.02112	0.00990	0.00285	0.00424	0.01792	0.00788	0.00708
19	0.01208	0.00805	0.00906	0.00906	0.00906	0.00805	0.00503	0.01208	0.01208	0.01611	0.02618	0.05436	0.03020	0.70804	0.04228	0.00805	0.00805	0.01208	0.00503	0.00503
20	0.01176	0.00849	0.01110	0.01045	0.01241	0.00784	0.00784	0.01568	0.02352	0.03331	0.65184	0.06206	0.07839	0.01698	0.00980	0.00261	0.00392	0.01502	0.00914	0.00784
21	0.76672	0.01607	0.01221	0.01092	0.01607	0.01864	0.00900	0.02442	0.01414	0.03727	0.01157	0.01350	0.00900	0.00771	0.00514	0.00257	0.00643	0.00450	0.00514	0.00900
22	0.01021	0.00730	0.00972	0.01151	0.01207	0.00681	0.00772	0.01180	0.01633	0.02188	0.07942	0.66708	0.05625	0.02552	0.01056	0.00333	0.00477	0.02314	0.00779	0.00681
23	0.02164	0.64364	0.10790	0.01519	0.02284	0.03147	0.01592	0.02502	0.01695	0.02025	0.01190	0.01376	0.01065	0.00719	0.00560	0.00187	0.00924	0.00462	0.00355	0.01083
24	0.01951	0.02213	0.04746	0.03414	0.04199	0.02130	0.58593	0.02617	0.01915	0.02617	0.01642	0.02213	0.01249	0.00750	0.01096	0.00286	0.05881	0.00964	0.00416	0.01106
25	0.03368	0.01533	0.01932	0.01517	0.02120	0.01455	0.01241	0.11483	0.08786	0.48633	0.03093	0.02763	0.02027	0.01031	0.00822	0.00255	0.00711	0.00831	0.05027	0.01369
26	0.01056	0.00767	0.01010	0.01155	0.01245	0.00702	0.00783	0.01224	0.01635	0.02210	0.07405	0.63629	0.05393	0.02457	0.01034	0.00323	0.00484	0.02224	0.00764	0.04499
27	0.01897	0.01511	0.01903	0.01367	0.02103	0.01168	0.04175	0.02279	0.01788	0.07843	0.01633	0.01839	0.01299	0.00653	0.00652	0.00142	0.00663	0.00545	0.00532	0.66008
28	0.07153	0.02288	0.02424	0.01867	0.02524	0.02538	0.01542	0.59569	0.03770	0.05154	0.01949	0.01959	0.01385	0.00985	0.00814	0.00250	0.00899	0.00732	0.00814	0.01385
29	0.01208	0.00805	0.00906	0.00906	0.00906	0.00805	0.00503	0.01208	0.01208	0.01611	0.02618	0.05436	0.03020	0.70804	0.04228	0.00805	0.00805	0.01208	0.00503	0.00503
30	0.07101	0.03831	0.02293	0.02083	0.02516	0.63904	0.01567	0.03270	0.02303	0.02125	0.01277	0.01490	0.01061	0.00851	0.00736	0.00216	0.01452	0.00530	0.00433	0.00960
31	0.01167	0.00849	0.01099	0.01036	0.01236	0.00780	0.00777	0.01552	0.02332	0.03285	0.62738	0.06283	0.10314	0.01716	0.00980	0.00262	0.00393	0.01513	0.00908	0.00780
32	0.02617	0.03037	0.02827	0.03515	0.31875	0.37028	0.02044	0.02960	0.02139	0.02350	0.01414	0.01757	0.01184	0.00802	0.00783	0.00229	0.01261	0.00630	0.00420	0.01127
33	0.01695	0.07746	0.63301	0.02319	0.03520	0.01999	0.02985	0.02624	0.01751	0.02596	0.01474	0.01732	0.01053	0.00785	0.00776	0.00259	0.01210	0.00605	0.00351	0.01219
34	0.02056	0.01974	0.03372	0.05099	0.65622	0.01974	0.02550	0.02550	0.01892	0.02714	0.01563	0.02056	0.01316	0.00740	0.00822	0.00247	0.00987	0.00740	0.00411	0.01316
35	0.01166	0.00849	0.01097	0.01035	0.01235	0.00780	0.00776	0.01549	0.02328	0.03276	0.62302	0.06296	0.10755	0.01719	0.00980	0.00262	0.00393	0.01515	0.00907	0.00780
36	0.01666	0.04297	0.66500	0.02368	0.03596	0.01929	0.03069	0.02631	0.01754	0.02631	0.01491	0.01754	0.01052	0.00789	0.00789	0.00263	0.01228	0.00614	0.00351	0.01228
37	0.76672	0.01607	0.01221	0.01092	0.01607	0.01864	0.00900	0.02442	0.01414	0.03727	0.01157	0.01350	0.00900	0.00771	0.00514	0.00257	0.00643	0.00450	0.00514	0.00900
38	0.01732	0.01507	0.01849	0.01320	0.02063	0.01147	0.03425	0.02114	0.01732	0.02705	0.01485	0.01743	0.01232	0.00619	0.00630	0.00129	0.00646	0.00512	0.00489	0.72922
39	0.42042	0.01887	0.01739	0.01429	0.02002	0.04620	0.01173	0.20536	0.02319	0.12641	0.01699	0.01748	0.01216	0.00876	0.00661	0.00253	0.00766	0.00594	0.00674	0.01124
40	0.72518	0.01647	0.01293	0.01139	0.01661	0.01904	0.00938	0.05856	0.01555	0.03813	0.01204	0.01386	0.00929	0.00784	0.00532	0.00257	0.00658	0.00467	0.00532	0.00929
41	0.02907	0.02123	0.02294	0.01825	0.02436	0.02352	0.01486	0.43546	0.19699	0.08794	0.02445	0.02341	0.01752	0.01034	0.00835	0.00258	0.00833	0.00804	0.00848	0.01387
42	0.01187	0.00890	0.01335	0.01335	0.01483	0.01038	0.01038	0.01483	0.01335	0.01928	0.02225	0.03264	0.02077	0.06231	0.67512	0.01335	0.02225	0.00890	0.00445	0.00742
43	0.01012	0.00723	0.00964	0.01157	0.01205	0.00675	0.00771	0.01157	0.01591	0.02121	0.04579	0.70262	0.05495	0.02603	0.01060	0.00337	0.00482	0.02362	0.00771	0.00675
44	0.22284	0.02067	0.02852	0.02168	0.02832	0.02201	0.20232	0.23735	0.07209	0.03905	0.01780	0.01983	0.01314	0.00855	0.00794	0.00263	0.00973	0.00755	0.00621	0.01178
45	0.01818	0.01818	0.02545	0.02181	0.02181	0.02545	0.01818	0.01999	0.01272	0.01999	0.01091	0.01818	0.01091	0.01454	0.02726	0.00364	0.69284	0.00727	0.00364	0.00909
46	0.00982	0.00842	0.00842	0.00842	0.01122	0.00701	0.00631	0.01192	0.01894	0.02244	0.08416	0.07995	0.65285	0.02104	0.00982	0.00281	0.00421	0.01753	0.00771	0.00701
47	0.01961	0.02241	0.04902	0.03501	0.04342	0.02101	0.62605	0.02661	0.01961	0.02661	0.01681	0.02241	0.01261	0.00700	0.00980	0.00280	0.01401	0.00980	0.00420	0.01120
48	0.02359	0.02062	0.01975	0.01746	0.02232	0.10160	0.01360	0.07558	0.49258	0.07251	0.03036	0.02822	0.02261	0.01080	0.00832	0.00270	0.00779	0.00872	0.00804	0.01283
49	0.01666	0.04297	0.66500	0.02368	0.03596	0.01929	0.03069	0.02631	0.01754	0.02631	0.01491	0.01754	0.01052	0.00789	0.00789	0.00263	0.01228	0.00614	0.00351	0.01228
50	0.02066	0.01785	0.01878	0.01691	0.02160	0.02066	0.01315	0.04414	0.64121	0.03475	0.03381	0.03099	0.02536	0.01127	0.00845	0.00282	0.00657	0.00939	0.00845	0.01315
51	0.76672	0.01607	0.01221	0.01092	0.01607	0.01864	0.00900	0.02442	0.01414	0.03727	0.01157	0.01350	0.00900	0.00771	0.00514	0.00257	0.00643	0.00450	0.00514	0.00900
52	0.03727	0.01414	0.01928	0.01478	0.02121	0.01221	0.01221	0.04049	0.02378	0.66198	0.03277	0.02828	0.02056	0.01028	0.00835	0.00257	0.00707	0.00835	0.01028	0.01414
53	0.01569	0.01477	0.02492	0.68808	0.05722	0.01846	0.02307	0.02123	0.01661	0.02123	0.01477	0.02215	0.01107	0.00831	0.00831	0.00277	0.01107	0.00738	0.00369	0.00923
54	0.01168	0.00849	0.01100	0.01037	0.01236	0.00781	0.00778	0.01553	0.02333	0.03288	0.62921	0.06277	0.10128	0.01715	0.00980	0.00262	0.00393	0.01512	0.00909	0.00781
55	0.01208	0.00805	0.00906	0.00906	0.00906	0.00805	0.00503	0.01208	0.01208	0.01611	0.02618	0.05436	0.03020	0.70804	0.04228	0.00805	0.00805	0.01208	0.00503	0.00503
