[name]
unknown

[dist]
# distance from previous block
# <min> <max>
3	34

[block]
# block no. 0 follows, 24 sequences, length 44
# corresponding to MSA columns:
# 34-77
name=unknown_A
#
# <colnr> <probs for GDERKNQSTAVLIFYWHMCP>
#	G	D	E	R	K	N	Q	S	T	A	V	L	I	F	Y	W	H	M	C	P
0	0.02320	0.23462	0.12150	0.01619	0.02286	0.02241	0.01542	0.13269	0.16486	0.11625	0.04019	0.02145	0.01708	0.00893	0.00710	0.00228	0.00812	0.00682	0.00621	0.01184
1	0.05785	0.03070	0.36322	0.02573	0.05950	0.01895	0.21797	0.05736	0.01830	0.02711	0.01490	0.01821	0.01093	0.00728	0.00794	0.00250	0.01148	0.00694	0.00395	0.03917
2	0.05839	0.23792	0.40495	0.01884	0.02824	0.04373	0.02230	0.02551	0.01687	0.05604	0.01391	0.01580	0.01049	0.00744	0.00669	0.00225	0.01032	0.00539	0.00379	0.01111
3	0.10058	0.23993	0.10890	0.05022	0.02469	0.19364	0.01592	0.08127	0.07086	0.02535	0.01429	0.01595	0.01144	0.00790	0.00652	0.00215	0.01007	0.00544	0.00450	0.01037
4	0.06486	0.05796	0.20052	0.01750	0.02405	0.01963	0.01716	0.08496	0.26986	0.06442	0.02426	0.02410	0.03821	0.00980	0.00859	0.00258	0.04610	0.00755	0.00617	0.01170
5	0.06237	0.10774	0.19405	0.01904	0.08126	0.01720	0.01727	0.02802	0.08291	0.16161	0.05315	0.02588	0.01894	0.00933	0.00745	0.00238	0.00824	0.04097	0.00588	0.05632
6	0.04931	0.05320	0.04836	0.03482	0.01918	0.01347	0.01246	0.02378	0.13825	0.06519	0.08787	0.05056	0.06560	0.01428	0.00865	0.00275	0.00678	0.21202	0.00683	0.08663
7	0.02371	0.01620	0.01742	0.01484	0.01963	0.05388	0.01168	0.08155	0.28016	0.20202	0.04964	0.06681	0.06209	0.01145	0.00808	0.00250	0.00673	0.00944	0.00804	0.05412
8	0.01109	0.04791	0.04866	0.01150	0.01357	0.00902	0.00904	0.01391	0.03316	0.02212	0.10171	0.43551	0.14950	0.02089	0.00949	0.00295	0.00518	0.04046	0.00706	0.00726
9	0.01644	0.01409	0.01644	0.01175	0.01879	0.01057	0.00940	0.01997	0.01644	0.02584	0.01409	0.01644	0.01175	0.00587	0.00587	0.00117	0.00587	0.00470	0.00470	0.76979
10	0.01569	0.00827	0.00836	0.00803	0.01015	0.00841	0.00611	0.05551	0.01785	0.03077	0.02546	0.02894	0.01992	0.00926	0.00568	0.00188	0.00399	0.00738	0.72060	0.00775
11	0.01086	0.00809	0.01010	0.00960	0.01163	0.00733	0.00720	0.01427	0.02160	0.02978	0.55364	0.06255	0.19010	0.01696	0.00936	0.00253	0.00379	0.01481	0.00846	0.00733
12	0.01000	0.00716	0.00951	0.01081	0.01158	0.00667	0.00739	0.01190	0.01676	0.02276	0.17952	0.57316	0.05732	0.02296	0.00995	0.00306	0.00441	0.02076	0.00766	0.00667
13	0.01012	0.00806	0.00908	0.00882	0.01117	0.00701	0.00662	0.01284	0.01985	0.02563	0.31876	0.06938	0.42757	0.01851	0.00936	0.00260	0.00390	0.01576	0.00792	0.00701
14	0.02031	0.01732	0.01826	0.01626	0.02084	0.02000	0.01269	0.07580	0.62291	0.03411	0.03154	0.02900	0.02361	0.01069	0.00806	0.00267	0.00641	0.00886	0.00806	0.01260
15	0.03014	0.02221	0.02380	0.01825	0.02459	0.02459	0.01507	0.64541	0.03728	0.04998	0.01904	0.01904	0.01349	0.00952	0.00793	0.00238	0.00873	0.00714	0.00793	0.01349
16	0.05961	0.01018	0.01023	0.00933	0.01206	0.01073	0.00725	0.10629	0.03904	0.03284	0.02429	0.02718	0.01884	0.00922	0.00592	0.00198	0.00461	0.00723	0.59471	0.00846
17	0.02120	0.72609	0.04155	0.01357	0.02035	0.03138	0.01357	0.02374	0.01611	0.01866	0.01102	0.01272	0.01018	0.00678	0.00509	0.00170	0.00848	0.00424	0.00339	0.01018
18	0.05625	0.05604	0.02183	0.01582	0.02171	0.01847	0.04591	0.30353	0.02667	0.07120	0.07813	0.04948	0.02012	0.00958	0.00750	0.00215	0.00752	0.00777	0.00680	0.17351
19	0.34135	0.04433	0.09650	0.01660	0.04063	0.05443	0.04107	0.12991	0.08720	0.05532	0.01604	0.01722	0.01199	0.00816	0.00655	0.00243	0.00816	0.00590	0.00556	0.01064
20	0.01153	0.00769	0.00865	0.00865	0.00865	0.00769	0.00480	0.01153	0.01153	0.01538	0.02499	0.05189	0.02883	0.72131	0.04036	0.00769	0.00769	0.01153	0.00480	0.00480
21	0.01917	0.01969	0.06061	0.08120	0.57795	0.01882	0.05752	0.02421	0.01792	0.02555	0.01490	0.01968	0.01232	0.00711	0.00792	0.00239	0.00979	0.00713	0.00388	0.01223
22	0.09745	0.03827	0.60863	0.02130	0.03229	0.01835	0.02708	0.02492	0.01639	0.02623	0.01389	0.01633	0.00989	0.00752	0.00725	0.00251	0.01112	0.00569	0.00352	0.01138
23	0.06147	0.07073	0.46958	0.02248	0.03242	0.01875	0.12502	0.02445	0.01714	0.02579	0.04858	0.01929	0.01370	0.00780	0.00764	0.00249	0.01106	0.00669	0.00383	0.01106
24	0.01653	0.12205	0.60469	0.02153	0.03267	0.01995	0.02744	0.02495	0.01667	0.02435	0.01385	0.01627	0.01006	0.00745	0.00724	0.00241	0.01134	0.00567	0.00335	0.01154
25	0.00963	0.00703	0.00907	0.01071	0.01141	0.00647	0.00721	0.01108	0.01550	0.02037	0.04779	0.64485	0.12111	0.02431	0.01004	0.00316	0.00454	0.02190	0.00736	0.00647
26	0.00997	0.00806	0.00886	0.00866	0.01108	0.00695	0.00650	0.01254	0.01949	0.02478	0.27035	0.07079	0.47652	0.01883	0.00937	0.00262	0.00393	0.01596	0.00781	0.00695
27	0.01855	0.01775	0.03025	0.19923	0.52966	0.01856	0.02380	0.02340	0.01755	0.02461	0.01473	0.01998	0.01210	0.00726	0.00787	0.00242	0.00969	0.00706	0.00383	0.01170
28	0.01856	0.02246	0.08122	0.03283	0.04106	0.01996	0.60969	0.02539	0.01861	0.02539	0.01594	0.02114	0.01192	0.00673	0.00926	0.00266	0.01328	0.00917	0.00397	0.01075
29	0.00937	0.00803	0.00803	0.00803	0.01071	0.00669	0.00602	0.01138	0.01807	0.02142	0.08033	0.07632	0.66863	0.02008	0.00937	0.00268	0.00402	0.01674	0.00736	0.00669
30	0.00965	0.00696	0.00914	0.01088	0.01146	0.00645	0.00729	0.01106	0.01533	0.02031	0.04564	0.68244	0.08491	0.02459	0.01008	0.00319	0.00457	0.02224	0.00736	0.00645
31	0.37788	0.02036	0.01651	0.01413	0.01907	0.13729	0.01132	0.15768	0.05456	0.06052	0.01564	0.01675	0.01179	0.00834	0.00626	0.00235	0.00803	0.00559	0.04587	0.01007
32	0.02279	0.05834	0.01973	0.01509	0.02002	0.01833	0.01219	0.24069	0.18703	0.09346	0.12443	0.06281	0.02789	0.01130	0.00802	0.00242	0.00679	0.00926	0.00779	0.05161
33	0.06381	0.05985	0.13382	0.04753	0.16787	0.02038	0.05132	0.19829	0.06097	0.09269	0.01809	0.01967	0.01331	0.00830	0.00762	0.00241	0.00919	0.00691	0.00574	0.01221
34	0.02379	0.01770	0.01915	0.01609	0.02118	0.01961	0.01283	0.22034	0.37176	0.10088	0.03107	0.02894	0.05871	0.01085	0.00810	0.00257	0.00692	0.00878	0.00816	0.01258
35	0.01009	0.00733	0.00965	0.01103	0.01190	0.00671	0.00747	0.01170	0.01560	0.02110	0.07251	0.64788	0.05142	0.02344	0.00986	0.00308	0.00462	0.02122	0.00729	0.04611
36	0.01644	0.01409	0.01644	0.01175	0.01879	0.01057	0.00940	0.01997	0.01644	0.02584	0.01409	0.01644	0.01175	0.00587	0.00587	0.00117	0.00587	0.00470	0.00470	0.76979
37	0.01653	0.03666	0.53967	0.02500	0.03590	0.01878	0.16549	0.02518	0.01718	0.02518	0.01463	0.01777	0.01049	0.00735	0.00794	0.00255	0.01209	0.00664	0.00350	0.01149
38	0.01840	0.01403	0.01664	0.01199	0.01894	0.01068	0.00963	0.02187	0.01708	0.09237	0.01585	0.01752	0.01255	0.00628	0.00609	0.00131	0.00596	0.00503	0.00522	0.69256
39	0.02457	0.01853	0.01931	0.01609	0.02114	0.05389	0.01284	0.24452	0.27308	0.10963	0.06366	0.02897	0.05600	0.01088	0.00810	0.00251	0.00733	0.00873	0.00801	0.01222
40	0.01868	0.01801	0.03124	0.13200	0.53185	0.01838	0.06011	0.02356	0.01795	0.02533	0.03655	0.02124	0.01434	0.00746	0.00800	0.00242	0.00962	0.00744	0.00404	0.01179
41	0.01632	0.01661	0.03180	0.26339	0.10061	0.01719	0.27124	0.02179	0.01781	0.02372	0.05474	0.02940	0.05068	0.00911	0.00880	0.00267	0.01073	0.03930	0.00442	0.00967
42	0.01712	0.15872	0.50366	0.02213	0.03261	0.02085	0.08949	0.02490	0.01683	0.02401	0.01386	0.01652	0.01027	0.00732	0.00729	0.00239	0.01132	0.00594	0.00342	0.01134
43	0.13312	0.16338	0.35470	0.02090	0.06275	0.05831	0.05430	0.02492	0.01663	0.02522	0.01317	0.01566	0.01010	0.00733	0.00677	0.00232	0.01037	0.00552	0.00370	0.01081

[dist]
# distance from previous block
# <min> <max>
0	1

[block]
# block no. 1 follows, 24 sequences, length 78
# corresponding to MSA columns:
# 79-156
name=unknown_B
#
# <colnr> <probs for GDERKNQSTAVLIFYWHMCP>
#	G	D	E	R	K	N	Q	S	T	A	V	L	I	F	Y	W	H	M	C	P
0	0.01122	0.00811	0.01060	0.00998	0.01185	0.00748	0.00748	0.01496	0.02245	0.03180	0.66766	0.05923	0.07482	0.01621	0.00935	0.00249	0.00374	0.01434	0.00873	0.00748
1	0.01795	0.01120	0.01357	0.04673	0.01671	0.01111	0.00953	0.09324	0.05456	0.12885	0.26595	0.04440	0.12342	0.01331	0.00832	0.00243	0.00528	0.01126	0.11287	0.00929
2	0.01377	0.00689	0.01033	0.01033	0.01033	0.00689	0.00689	0.01033	0.01033	0.01377	0.01377	0.02410	0.01377	0.02755	0.03099	0.76928	0.00689	0.00689	0.00344	0.00344
3	0.01133	0.00850	0.01274	0.01274	0.01416	0.00991	0.00991	0.01416	0.01274	0.01841	0.02124	0.03115	0.01982	0.05947	0.68989	0.01274	0.02124	0.00850	0.00425	0.00708
4	0.01708	0.01447	0.01679	0.01205	0.01906	0.01122	0.00966	0.04911	0.01741	0.02696	0.01432	0.01656	0.01183	0.00604	0.00597	0.00123	0.00601	0.00481	0.00485	0.73455
5	0.01377	0.00689	0.01033	0.01033	0.01033	0.00689	0.00689	0.01033	0.01033	0.01377	0.01377	0.02410	0.01377	0.02755	0.03099	0.76928	0.00689	0.00689	0.00344	0.00344
6	0.01906	0.01665	0.01681	0.01524	0.01943	0.04395	0.01180	0.03817	0.55132	0.03155	0.03489	0.03260	0.07318	0.01130	0.00801	0.00262	0.00628	0.00934	0.04610	0.01171
7	0.00937	0.00803	0.00803	0.00803	0.01071	0.00669	0.00602	0.01138	0.01807	0.02142	0.08033	0.07632	0.66863	0.02008	0.00937	0.00268	0.00402	0.01674	0.00736	0.00669
8	0.02965	0.03690	0.02255	0.02030	0.02452	0.65155	0.01531	0.06667	0.02332	0.02115	0.01264	0.01457	0.01040	0.00825	0.00719	0.00206	0.01398	0.00522	0.00431	0.00944
9	0.02962	0.03779	0.02247	0.02043	0.02451	0.68948	0.01532	0.03166	0.02247	0.01941	0.01226	0.01430	0.01021	0.00817	0.00715	0.00204	0.01430	0.00511	0.00409	0.00919
10	0.01963	0.01884	0.03219	0.04867	0.67185	0.01884	0.02434	0.02434	0.01806	0.02591	0.01492	0.01963	0.01256	0.00707	0.00785	0.00236	0.00942	0.00707	0.00393	0.01256
11	0.01133	0.00850	0.01274	0.01274	0.01416	0.00991	0.00991	0.01416	0.01274	0.01841	0.02124	0.03115	0.01982	0.05947	0.68989	0.01274	0.02124	0.00850	0.00425	0.00708
12	0.01133	0.00850	0.01274	0.01274	0.01416	0.00991	0.00991	0.01416	0.01274	0.01841	0.02124	0.03115	0.01982	0.05947	0.68989	0.01274	0.02124	0.00850	0.00425	0.00708
13	0.01944	0.01671	0.01772	0.01607	0.02045	0.01929	0.01256	0.04108	0.63135	0.03279	0.03267	0.03204	0.02508	0.01121	0.00819	0.00273	0.00632	0.03392	0.00804	0.01234
14	0.03558	0.01350	0.01840	0.01411	0.02024	0.01166	0.01166	0.03865	0.02270	0.67734	0.03128	0.02699	0.01963	0.00981	0.00797	0.00245	0.00675	0.00797	0.00981	0.01350
15	0.06463	0.54197	0.06800	0.01588	0.02264	0.08606	0.06108	0.02459	0.01674	0.02049	0.01165	0.01370	0.01022	0.00696	0.00569	0.00188	0.00936	0.00477	0.00358	0.01011
16	0.01122	0.00811	0.01060	0.00998	0.01185	0.00748	0.00748	0.01496	0.02245	0.03180	0.66766	0.05923	0.07482	0.01621	0.00935	0.00249	0.00374	0.01434	0.00873	0.00748
17	0.09083	0.01952	0.02434	0.23275	0.03438	0.04371	0.06220	0.32915	0.02663	0.03660	0.01634	0.01916	0.01192	0.00858	0.00774	0.00248	0.00960	0.00695	0.00587	0.01124
18	0.00966	0.00690	0.00920	0.01104	0.01150	0.00644	0.00736	0.01104	0.01518	0.02024	0.04371	0.71614	0.05245	0.02484	0.01012	0.00322	0.00460	0.02254	0.00736	0.00644
19	0.01478	0.00739	0.00739	0.00739	0.00924	0.00739	0.00554	0.01848	0.01663	0.02956	0.02587	0.02956	0.02033	0.00924	0.00554	0.00185	0.00370	0.00739	0.76534	0.00739
20	0.01542	0.00965	0.01235	0.01110	0.01380	0.00914	0.00852	0.02069	0.07774	0.12358	0.52202	0.05208	0.06258	0.01483	0.00905	0.00251	0.00439	0.01297	0.00883	0.00878
21	0.01122	0.00811	0.01060	0.00998	0.01185	0.00748	0.00748	0.01496	0.02245	0.03180	0.66766	0.05923	0.07482	0.01621	0.00935	0.00249	0.00374	0.01434	0.00873	0.00748
22	0.01861	0.01562	0.01880	0.01362	0.02060	0.01308	0.03620	0.11498	0.01970	0.02948	0.01492	0.01704	0.01202	0.00646	0.00633	0.00142	0.00661	0.00526	0.00516	0.62409
23	0.02976	0.04931	0.02427	0.01834	0.02443	0.10538	0.01505	0.54879	0.03473	0.04515	0.01793	0.01824	0.01297	0.00926	0.00774	0.00231	0.00939	0.00679	0.00730	0.01285
24	0.01752	0.01510	0.01611	0.01408	0.01874	0.01605	0.01096	0.03336	0.44276	0.03002	0.03656	0.03456	0.12296	0.01135	0.00788	0.00242	0.00585	0.00942	0.00736	0.14696
25	0.01226	0.00897	0.01110	0.01077	0.01127	0.00991	0.00719	0.01393	0.03831	0.01705	0.02337	0.04381	0.02527	0.49294	0.18178	0.00829	0.06274	0.01041	0.00472	0.00591
26	0.01957	0.10385	0.06720	0.02494	0.05581	0.09916	0.26151	0.05243	0.01836	0.02370	0.01722	0.09238	0.01567	0.00993	0.01063	0.00261	0.10165	0.00898	0.00438	0.01000
27	0.01252	0.00896	0.01242	0.01383	0.01567	0.00885	0.01190	0.01619	0.01895	0.02508	0.14631	0.08441	0.05050	0.02096	0.01069	0.00346	0.00671	0.51774	0.00754	0.00733
28	0.02648	0.02248	0.02113	0.01742	0.02267	0.12706	0.01391	0.35642	0.19475	0.03964	0.02180	0.02163	0.01614	0.00961	0.00771	0.00238	0.00868	0.00731	0.05056	0.01222
29	0.07803	0.01804	0.02036	0.01599	0.02182	0.01895	0.01309	0.35451	0.05791	0.24858	0.02420	0.05377	0.01742	0.01024	0.00786	0.00246	0.00763	0.00802	0.00832	0.01281
30	0.01624	0.08462	0.63958	0.02203	0.03343	0.01924	0.02830	0.02503	0.01670	0.02470	0.01403	0.01649	0.01005	0.00749	0.00738	0.00246	0.01151	0.00576	0.00335	0.01162
31	0.01002	0.00806	0.00893	0.00871	0.01111	0.00697	0.00654	0.01264	0.01961	0.02506	0.28634	0.07032	0.46035	0.01873	0.00937	0.00261	0.00392	0.01590	0.00784	0.00697
32	0.03447	0.01323	0.01795	0.01386	0.01971	0.01147	0.01134	0.03740	0.02218	0.64686	0.03099	0.02814	0.02005	0.04257	0.00947	0.00269	0.00679	0.00814	0.00958	0.01310
33	0.01844	0.07275	0.04230	0.12501	0.08181	0.02048	0.47124	0.02450	0.01809	0.02422	0.01533	0.02060	0.01173	0.00689	0.00875	0.00258	0.01237	0.00851	0.00389	0.01052
34	0.03015	0.02068	0.02257	0.01737	0.02352	0.02251	0.01433	0.55466	0.03489	0.11800	0.02065	0.02032	0.01442	0.00954	0.00785	0.00237	0.00831	0.00724	0.03737	0.01325
35	0.01430	0.01074	0.01356	0.01409	0.01646	0.01117	0.01165	0.05170	0.12345	0.02740	0.12585	0.12655	0.04516	0.01894	0.01004	0.00323	0.00648	0.35316	0.00766	0.00842
36	0.01872	0.02139	0.04679	0.03342	0.04144	0.02005	0.64305	0.02540	0.01872	0.02540	0.01604	0.02139	0.01203	0.00668	0.00936	0.00267	0.01337	0.00936	0.00401	0.01070
37	0.03558	0.01350	0.01840	0.01411	0.02024	0.01166	0.01166	0.03865	0.02270	0.67734	0.03128	0.02699	0.01963	0.00981	0.00797	0.00245	0.00675	0.00797	0.00981	0.01350
38	0.01153	0.00769	0.00865	0.00865	0.00865	0.00769	0.00480	0.01153	0.01153	0.01538	0.02499	0.05189	0.02883	0.72131	0.04036	0.00769	0.00769	0.01153	0.00480	0.00480
39	0.00951	0.00804	0.00822	0.00818	0.01080	0.00675	0.00613	0.01165	0.01840	0.02220	0.12411	0.07504	0.62437	0.01979	0.00937	0.00266	0.00400	0.01656	0.00747	0.00675
40	0.02319	0.01079	0.01422	0.01183	0.01592	0.00948	0.00941	0.02641	0.02211	0.35294	0.28821	0.04494	0.10974	0.01343	0.00867	0.00249	0.00527	0.01141	0.00913	0.01040
41	0.01152	0.00835	0.01242	0.01242	0.01369	0.00961	0.00951	0.01378	0.01252	0.01796	0.02081	0.03134	0.01968	0.07980	0.61850	0.06896	0.01971	0.00848	0.00421	0.00673
42	0.01142	0.00771	0.00862	0.00862	0.00875	0.00764	0.00487	0.01152	0.01186	0.01568	0.02778	0.05313	0.06114	0.68591	0.03880	0.00743	0.00750	0.01179	0.00493	0.00490
43	0.02168	0.68683	0.04047	0.01396	0.02059	0.06892	0.01367	0.02420	0.01648	0.01870	0.01109	0.01281	0.01018	0.00686	0.00521	0.00172	0.00881	0.00429	0.00343	0.01012
44	0.03014	0.02221	0.02380	0.01825	0.02459	0.02459	0.01507	0.64541	0.03728	0.04998	0.01904	0.01904	0.01349	0.00952	0.00793	0.00238	0.00873	0.00714	0.00793	0.01349
45	0.02153	0.01889	0.02556	0.07497	0.32130	0.05025	0.01884	0.08299	0.20957	0.06282	0.02107	0.02276	0.01622	0.00862	0.00790	0.00247	0.00859	0.00759	0.00578	0.01229
46	0.01825	0.01658	0.09220	0.01556	0.03976	0.01460	0.01305	0.08021	0.21499	0.08699	0.27124	0.03801	0.04026	0.01217	0.00847	0.00254	0.00628	0.01036	0.00778	0.01068
47	0.02044	0.02158	0.09996	0.04241	0.52987	0.01946	0.02380	0.09577	0.02013	0.02859	0.01532	0.01925	0.01240	0.00740	0.00783	0.00237	0.00958	0.00695	0.00432	0.01258
48	0.10862	0.52654	0.03478	0.04873	0.02170	0.02737	0.01335	0.05009	0.01716	0.07105	0.01302	0.01449	0.01086	0.00725	0.00554	0.00192	0.00820	0.00479	0.00424	0.01031
49	0.71273	0.01593	0.01270	0.01110	0.01614	0.01838	0.00915	0.07709	0.01555	0.03682	0.01173	0.01341	0.00901	0.00755	0.00517	0.00245	0.00636	0.00454	0.00517	0.00901
50	0.00966	0.00690	0.00920	0.01104	0.01150	0.00644	0.00736	0.01104	0.01518	0.02024	0.04371	0.71614	0.05245	0.02484	0.01012	0.00322	0.00460	0.02254	0.00736	0.00644
51	0.02072	0.12264	0.36518	0.02066	0.02945	0.12659	0.04315	0.10163	0.04984	0.02679	0.01499	0.01688	0.01123	0.00790	0.00730	0.00233	0.01116	0.00595	0.00426	0.01134
52	0.12506	0.01951	0.02618	0.05624	0.35774	0.04751	0.01906	0.16645	0.02214	0.06245	0.01595	0.01876	0.01240	0.00787	0.00745	0.00238	0.00894	0.00667	0.00524	0.01201
53	0.01030	0.00744	0.00974	0.01050	0.01162	0.00688	0.00737	0.01269	0.01831	0.02510	0.30498	0.42088	0.08246	0.02109	0.00978	0.00290	0.00422	0.01893	0.00793	0.00688
54	0.06292	0.02331	0.02340	0.02235	0.09885	0.21625	0.05315	0.10511	0.07458	0.07538	0.01844	0.06316	0.01551	0.01022	0.01014	0.00253	0.10099	0.00769	0.00547	0.01054
55	0.01787	0.01467	0.01685	0.01277	0.01898	0.01251	0.01013	0.10965	0.04251	0.02903	0.01834	0.08523	0.01640	0.00841	0.00666	0.00160	0.00617	0.00694	0.00554	0.55975
56	0.01377	0.00689	0.01033	0.01033	0.01033	0.00689	0.00689	0.01033	0.01033	0.01377	0.01377	0.02410	0.01377	0.02755	0.03099	0.76928	0.00689	0.00689	0.00344	0.00344
57	0.00957	0.00758	0.00862	0.00934	0.01108	0.00663	0.00663	0.01141	0.01711	0.02143	0.09278	0.33398	0.39218	0.02183	0.00967	0.00289	0.00424	0.01897	0.00743	0.00663
58	0.02664	0.01808	0.02049	0.01543	0.02197	0.01783	0.01265	0.33849	0.02803	0.15017	0.01955	0.01957	0.01398	0.00839	0.00727	0.00200	0.00746	0.00649	0.00721	0.25831
59	0.01088	0.00804	0.01016	0.00974	0.01166	0.00732	0.00726	0.01426	0.02147	0.02975	0.55289	0.09220	0.16056	0.01718	0.00939	0.00255	0.00382	0.01507	0.00847	0.00732
60	0.01122	0.00811	0.01060	0.00998	0.01185	0.00748	0.00748	0.01496	0.02245	0.03180	0.66766	0.05923	0.07482	0.01621	0.00935	0.00249	0.00374	0.01434	0.00873	0.00748
61	0.01610	0.06669	0.65630	0.02226	0.03380	0.01890	0.02871	0.02506	0.01672	0.02487	0.01411	0.01659	0.01005	0.00751	0.00744	0.00248	0.01160	0.00580	0.00335	0.01166
62	0.01943	0.49646	0.25563	0.01660	0.02503	0.02703	0.01884	0.02420	0.01632	0.02082	0.01210	0.01407	0.01013	0.00704	0.00591	0.00197	0.00957	0.00478	0.00338	0.01069
63	0.00973	0.00718	0.00912	0.01047	0.01140	0.00656	0.00715	0.01139	0.01619	0.02130	0.09618	0.56295	0.15449	0.02342	0.00994	0.00308	0.00444	0.02099	0.00746	0.00656
64	0.03434	0.01470	0.01905	0.01469	0.02079	0.01354	0.01211	0.11339	0.04746	0.57688	0.02981	0.02611	0.01904	0.00981	0.00797	0.00245	0.00697	0.00791	0.00952	0.01346
65	0.01644	0.01409	0.01644	0.01175	0.01879	0.01057	0.00940	0.01997	0.01644	0.02584	0.01409	0.01644	0.01175	0.00587	0.00587	0.00117	0.00587	0.00470	0.00470	0.76979
66	0.01590	0.04102	0.68023	0.02260	0.03432	0.01842	0.02930	0.02511	0.01674	0.02511	0.01423	0.01674	0.01005	0.00753	0.00753	0.00251	0.01172	0.00586	0.00335	0.01172
67	0.01111	0.00810	0.01044	0.00985	0.01177	0.00743	0.00739	0.01474	0.02217	0.03114	0.63029	0.06032	0.11261	0.01646	0.00935	0.00251	0.00376	0.01449	0.00864	0.00743
68	0.00966	0.00690	0.00920	0.01104	0.01150	0.00644	0.00736	0.01104	0.01518	0.02024	0.04371	0.71614	0.05245	0.02484	0.01012	0.00322	0.00460	0.02254	0.00736	0.00644
69	0.01014	0.00870	0.00877	0.00864	0.01145	0.00767	0.00651	0.01367	0.06574	0.02230	0.07675	0.07283	0.62060	0.01939	0.00927	0.00268	0.00418	0.01616	0.00742	0.00713
70	0.00966	0.00690	0.00920	0.01104	0.01150	0.00644	0.00736	0.01104	0.01518	0.02024	0.04371	0.71614	0.05245	0.02484	0.01012	0.00322	0.00460	0.02254	0.00736	0.00644
71	0.01261	0.00841	0.01104	0.01021	0.01233	0.00772	0.00772	0.01632	0.02246	0.06862	0.63137	0.05740	0.07167	0.01585	0.00927	0.00249	0.00391	0.01398	0.00879	0.00783
72	0.01478	0.00739	0.00739	0.00739	0.00924	0.00739	0.00554	0.01848	0.01663	0.02956	0.02587	0.02956	0.02033	0.00924	0.00554	0.00185	0.00370	0.00739	0.76534	0.00739
73	0.02054	0.64043	0.12141	0.01470	0.02210	0.02976	0.01554	0.02392	0.01619	0.01946	0.01143	0.01322	0.01016	0.00688	0.00539	0.00180	0.00889	0.00444	0.00339	0.01037
74	0.01596	0.01531	0.02460	0.47599	0.09658	0.01941	0.02103	0.02030	0.01510	0.02042	0.01323	0.02006	0.01069	0.00937	0.01251	0.00283	0.18699	0.00702	0.00354	0.00908
75	0.01271	0.00876	0.01129	0.01045	0.01263	0.00824	0.00791	0.01729	0.05205	0.06084	0.60948	0.05641	0.06999	0.01567	0.00923	0.00250	0.00399	0.01380	0.00875	0.00799
76	0.01552	0.04197	0.01064	0.00904	0.01112	0.01002	0.00703	0.04396	0.01713	0.02876	0.02524	0.07142	0.02111	0.01037	0.00696	0.00203	0.04021	0.00818	0.61153	0.00778
77	0.01767	0.26908	0.46761	0.01959	0.02967	0.02273	0.02406	0.02466	0.01653	0.02296	0.01316	0.01540	0.01009	0.00728	0.00672	0.00224	0.01064	0.00532	0.00336	0.01121

[dist]
# distance from previous block
# <min> <max>
0	2

[block]
# block no. 2 follows, 24 sequences, length 59
# corresponding to MSA columns:
# 159-217
name=unknown_C
#
# <colnr> <probs for GDERKNQSTAVLIFYWHMCP>
#	G	D	E	R	K	N	Q	S	T	A	V	L	I	F	Y	W	H	M	C	P
0	0.02637	0.19896	0.05642	0.01814	0.02369	0.32168	0.01528	0.15146	0.06923	0.02651	0.01483	0.01606	0.01185	0.00826	0.00689	0.00209	0.01111	0.00561	0.00493	0.01063
1	0.77733	0.01534	0.01166	0.01043	0.01534	0.01779	0.00859	0.02331	0.01350	0.03558	0.01104	0.01288	0.00859	0.00736	0.00491	0.00245	0.00613	0.00429	0.00491	0.00859
2	0.01114	0.00810	0.01049	0.00989	0.01180	0.00745	0.00742	0.01480	0.02225	0.03134	0.64146	0.06000	0.10132	0.01638	0.00935	0.00250	0.00375	0.01445	0.00867	0.00745
3	0.06342	0.04655	0.02050	0.01656	0.02171	0.04742	0.01327	0.22666	0.38250	0.03741	0.02547	0.02420	0.01899	0.00994	0.00771	0.00252	0.00742	0.00782	0.00753	0.01241
4	0.01535	0.01448	0.02447	0.64894	0.10497	0.01772	0.02221	0.02059	0.01604	0.02072	0.01416	0.02102	0.01073	0.00786	0.00792	0.00262	0.01048	0.00705	0.00356	0.00912
5	0.01780	0.01868	0.03168	0.02496	0.02759	0.02290	0.22280	0.02116	0.01430	0.02116	0.01226	0.01868	0.01094	0.01152	0.02055	0.00321	0.47911	0.00773	0.00365	0.00934
6	0.01795	0.12901	0.45198	0.02298	0.03313	0.02018	0.13727	0.02554	0.01726	0.05135	0.01483	0.01746	0.01082	0.00737	0.00755	0.00243	0.01137	0.00636	0.00374	0.01140
7	0.03558	0.01350	0.01840	0.01411	0.02024	0.01166	0.01166	0.03865	0.02270	0.67734	0.03128	0.02699	0.01963	0.00981	0.00797	0.00245	0.00675	0.00797	0.00981	0.01350
8	0.01859	0.02102	0.04475	0.03228	0.03957	0.02044	0.58633	0.02483	0.01812	0.02483	0.01553	0.02102	0.01188	0.00734	0.01087	0.00275	0.07623	0.00914	0.00396	0.01051
9	0.01855	0.02258	0.08502	0.03277	0.04101	0.01995	0.60600	0.02538	0.01860	0.02538	0.01593	0.02111	0.01191	0.00674	0.00925	0.00266	0.01327	0.00915	0.00397	0.01076
10	0.01377	0.00689	0.01033	0.01033	0.01033	0.00689	0.00689	0.01033	0.01033	0.01377	0.01377	0.02410	0.01377	0.02755	0.03099	0.76928	0.00689	0.00689	0.00344	0.00344
11	0.01478	0.00739	0.00739	0.00739	0.00924	0.00739	0.00554	0.01848	0.01663	0.02956	0.02587	0.02956	0.02033	0.00924	0.00554	0.00185	0.00370	0.00739	0.76534	0.00739
12	0.00966	0.00690	0.00920	0.01104	0.01150	0.00644	0.00736	0.01104	0.01518	0.02024	0.04371	0.71614	0.05245	0.02484	0.01012	0.00322	0.00460	0.02254	0.00736	0.00644
13	0.07460	0.01592	0.01947	0.01501	0.02113	0.01544	0.01240	0.19945	0.02608	0.47520	0.02692	0.02410	0.01739	0.00960	0.00780	0.00243	0.00724	0.00755	0.00905	0.01322
14	0.01735	0.01735	0.02429	0.02082	0.02082	0.02429	0.01735	0.01908	0.01214	0.01908	0.01041	0.01735	0.01041	0.01388	0.02602	0.00347	0.70680	0.00694	0.00347	0.00867
15	0.07905	0.01465	0.01852	0.01440	0.02040	0.01371	0.01186	0.09901	0.05357	0.54500	0.02888	0.02546	0.01856	0.00968	0.00779	0.00246	0.00689	0.00771	0.00925	0.01315
16	0.01153	0.00769	0.00865	0.00865	0.00865	0.00769	0.00480	0.01153	0.01153	0.01538	0.02499	0.05189	0.02883	0.72131	0.04036	0.00769	0.00769	0.01153	0.00480	0.00480
17	0.01590	0.04102	0.68023	0.02260	0.03432	0.01842	0.02930	0.02511	0.01674	0.02511	0.01423	0.01674	0.01005	0.00753	0.00753	0.00251	0.01172	0.00586	0.00335	0.01172
18	0.00966	0.00690	0.00920	0.01104	0.01150	0.00644	0.00736	0.01104	0.01518	0.02024	0.04371	0.71614	0.05245	0.02484	0.01012	0.00322	0.00460	0.02254	0.00736	0.00644
19	0.01111	0.00810	0.01045	0.00986	0.01178	0.00744	0.00740	0.01475	0.02219	0.03118	0.63287	0.06025	0.11000	0.01644	0.00935	0.00250	0.00376	0.01448	0.00865	0.00744
20	0.01590	0.04102	0.68023	0.02260	0.03432	0.01842	0.02930	0.02511	0.01674	0.02511	0.01423	0.01674	0.01005	0.00753	0.00753	0.00251	0.01172	0.00586	0.00335	0.01172
21	0.00964	0.00699	0.00911	0.01080	0.01144	0.00646	0.00725	0.01107	0.01542	0.02034	0.04666	0.66462	0.10207	0.02446	0.01006	0.00318	0.00455	0.02208	0.00736	0.00646
22	0.02913	0.03589	0.02231	0.02009	0.02432	0.61939	0.01516	0.06464	0.05640	0.02174	0.01366	0.01535	0.01112	0.00838	0.00724	0.00209	0.01359	0.00542	0.00450	0.00960
23	0.01644	0.01409	0.01644	0.01175	0.01879	0.01057	0.00940	0.01997	0.01644	0.02584	0.01409	0.01644	0.01175	0.00587	0.00587	0.00117	0.00587	0.00470	0.00470	0.76979
24	0.01750	0.02649	0.23034	0.02928	0.03805	0.01898	0.43578	0.02469	0.01798	0.02509	0.01672	0.05045	0.01322	0.00773	0.00886	0.00265	0.01250	0.00891	0.00396	0.01081
25	0.01817	0.33405	0.40704	0.01874	0.02835	0.02396	0.02257	0.02453	0.01647	0.02235	0.01286	0.01502	0.01010	0.00721	0.00649	0.00216	0.01033	0.00517	0.00337	0.01106
26	0.00966	0.00690	0.00920	0.01104	0.01150	0.00644	0.00736	0.01104	0.01518	0.02024	0.04371	0.71614	0.05245	0.02484	0.01012	0.00322	0.00460	0.02254	0.00736	0.00644
27	0.01644	0.01409	0.01644	0.01175	0.01879	0.01057	0.00940	0.01997	0.01644	0.02584	0.01409	0.01644	0.01175	0.00587	0.00587	0.00117	0.00587	0.00470	0.00470	0.76979
28	0.02120	0.72609	0.04155	0.01357	0.02035	0.03138	0.01357	0.02374	0.01611	0.01866	0.01102	0.01272	0.01018	0.00678	0.00509	0.00170	0.00848	0.00424	0.00339	0.01018
29	0.01590	0.04102	0.68023	0.02260	0.03432	0.01842	0.02930	0.02511	0.01674	0.02511	0.01423	0.01674	0.01005	0.00753	0.00753	0.00251	0.01172	0.00586	0.00335	0.01172
30	0.02089	0.68550	0.07939	0.01410	0.02118	0.03061	0.01450	0.02383	0.01615	0.01904	0.01121	0.01296	0.01017	0.00683	0.00523	0.00174	0.00867	0.00434	0.00339	0.01027
31	0.02120	0.72609	0.04155	0.01357	0.02035	0.03138	0.01357	0.02374	0.01611	0.01866	0.01102	0.01272	0.01018	0.00678	0.00509	0.00170	0.00848	0.00424	0.00339	0.01018
32	0.02120	0.72609	0.04155	0.01357	0.02035	0.03138	0.01357	0.02374	0.01611	0.01866	0.01102	0.01272	0.01018	0.00678	0.00509	0.00170	0.00848	0.00424	0.00339	0.01018
33	0.01153	0.00769	0.00865	0.00865	0.00865	0.00769	0.00480	0.01153	0.01153	0.01538	0.02499	0.05189	0.02883	0.72131	0.04036	0.00769	0.00769	0.01153	0.00480	0.00480
34	0.01644	0.01409	0.01644	0.01175	0.01879	0.01057	0.00940	0.01997	0.01644	0.02584	0.01409	0.01644	0.01175	0.00587	0.00587	0.00117	0.00587	0.00470	0.00470	0.76979
35	0.01590	0.04102	0.68023	0.02260	0.03432	0.01842	0.02930	0.02511	0.01674	0.02511	0.01423	0.01674	0.01005	0.00753	0.00753	0.00251	0.01172	0.00586	0.00335	0.01172
36	0.03014	0.02221	0.02380	0.01825	0.02459	0.02459	0.01507	0.64541	0.03728	0.04998	0.01904	0.01904	0.01349	0.00952	0.00793	0.00238	0.00873	0.00714	0.00793	0.01349
37	0.01972	0.01703	0.01793	0.01614	0.02062	0.01972	0.01255	0.04214	0.65752	0.03317	0.03228	0.02959	0.02421	0.01076	0.00807	0.00269	0.00628	0.00897	0.00807	0.01255
38	0.77733	0.01534	0.01166	0.01043	0.01534	0.01779	0.00859	0.02331	0.01350	0.03558	0.01104	0.01288	0.00859	0.00736	0.00491	0.00245	0.00613	0.00429	0.00491	0.00859
39	0.01104	0.00804	0.01039	0.00993	0.01177	0.00738	0.00740	0.01456	0.02183	0.03063	0.60306	0.09445	0.10605	0.01687	0.00939	0.00254	0.00380	0.01490	0.00858	0.00738
40	0.01963	0.01884	0.03219	0.04867	0.67185	0.01884	0.02434	0.02434	0.01806	0.02591	0.01492	0.01963	0.01256	0.00707	0.00785	0.00236	0.00942	0.00707	0.00393	0.01256
41	0.01498	0.01409	0.02378	0.70226	0.05462	0.01762	0.02202	0.02026	0.01586	0.02026	0.01409	0.02114	0.01057	0.00793	0.00793	0.00264	0.01057	0.00705	0.00352	0.00881
42	0.00991	0.00844	0.00857	0.00847	0.01120	0.00731	0.00637	0.01289	0.04684	0.02234	0.10064	0.07357	0.61710	0.01952	0.00931	0.00267	0.00411	0.01630	0.00745	0.00699
43	0.01090	0.00809	0.01016	0.00964	0.01165	0.00735	0.00723	0.01435	0.02169	0.03001	0.56650	0.06218	0.17710	0.01688	0.00936	0.00253	0.00379	0.01475	0.00849	0.00735
44	0.01872	0.02139	0.04679	0.03342	0.04144	0.02005	0.64305	0.02540	0.01872	0.02540	0.01604	0.02139	0.01203	0.00668	0.00936	0.00267	0.01337	0.00936	0.00401	0.01070
45	0.03558	0.01350	0.01840	0.01411	0.02024	0.01166	0.01166	0.03865	0.02270	0.67734	0.03128	0.02699	0.01963	0.00981	0.00797	0.00245	0.00675	0.00797	0.00981	0.01350
46	0.00966	0.00690	0.00920	0.01104	0.01150	0.00644	0.00736	0.01104	0.01518	0.02024	0.04371	0.71614	0.05245	0.02484	0.01012	0.00322	0.00460	0.02254	0.00736	0.00644
47	0.02928	0.06543	0.02324	0.02015	0.02435	0.66305	0.01525	0.03135	0.02222	0.01938	0.01221	0.01424	0.01021	0.00812	0.00707	0.00203	0.01407	0.00507	0.00406	0.00923
48	0.03558	0.01350	0.01840	0.01411	0.02024	0.01166	0.01166	0.03865	0.02270	0.67734	0.03128	0.02699	0.01963	0.00981	0.00797	0.00245	0.00675	0.00797	0.00981	0.01350
49	0.02962	0.03779	0.02247	0.02043	0.02451	0.68948	0.01532	0.03166	0.02247	0.01941	0.01226	0.01430	0.01021	0.00817	0.00715	0.00204	0.01430	0.00511	0.00409	0.00919
50	0.01132	0.00817	0.01073	0.01026	0.01212	0.00758	0.00780	0.01505	0.02219	0.03131	0.62990	0.06106	0.07306	0.01656	0.00945	0.00256	0.00396	0.05080	0.00864	0.00747
51	0.01377	0.00689	0.01033	0.01033	0.01033	0.00689	0.00689	0.01033	0.01033	0.01377	0.01377	0.02410	0.01377	0.02755	0.03099	0.76928	0.00689	0.00689	0.00344	0.00344
52	0.02960	0.02134	0.02304	0.01786	0.02404	0.02352	0.01469	0.56511	0.08610	0.08178	0.02074	0.02030	0.01467	0.00963	0.00795	0.00241	0.00843	0.00733	0.00804	0.01341
53	0.02956	0.02468	0.02329	0.01853	0.02439	0.14016	0.01500	0.51004	0.06398	0.04386	0.01848	0.01871	0.01342	0.00934	0.00780	0.00234	0.00958	0.00687	0.00727	0.01269
54	0.01269	0.00851	0.01126	0.01072	0.01281	0.00789	0.00830	0.01638	0.02199	0.06500	0.56362	0.06093	0.06862	0.01651	0.00946	0.00262	0.00430	0.08200	0.00863	0.00778
55	0.01573	0.03928	0.64381	0.02217	0.03334	0.01791	0.02840	0.02464	0.01682	0.02504	0.01575	0.02071	0.01199	0.00832	0.00772	0.00257	0.01148	0.03928	0.00356	0.01148
56	0.01278	0.00913	0.01278	0.01460	0.01643	0.00913	0.01278	0.01643	0.01825	0.02373	0.04199	0.08945	0.04564	0.02191	0.01095	0.00365	0.00730	0.61847	0.00730	0.00730
57	0.01963	0.01884	0.03219	0.04867	0.67185	0.01884	0.02434	0.02434	0.01806	0.02591	0.01492	0.01963	0.01256	0.00707	0.00785	0.00236	0.00942	0.00707	0.00393	0.01256
58	0.02122	0.62298	0.09853	0.01480	0.02187	0.06919	0.01510	0.02434	0.01655	0.01929	0.01139	0.01318	0.01017	0.00693	0.00543	0.00179	0.00912	0.00444	0.00343	0.01026

[dist]
# distance from previous block
# <min> <max>
0	1

[block]
# block no. 3 follows, 24 sequences, length 12
# corresponding to MSA columns:
# 219-230
name=unknown_D
#
# <colnr> <probs for GDERKNQSTAVLIFYWHMCP>
#	G	D	E	R	K	N	Q	S	T	A	V	L	I	F	Y	W	H	M	C	P
0	0.36137	0.06042	0.31251	0.01622	0.02433	0.01839	0.01825	0.02495	0.01556	0.06427	0.01355	0.01535	0.00990	0.00754	0.00625	0.00244	0.00878	0.00519	0.00440	0.01033
1	0.01866	0.01966	0.02341	0.08905	0.02446	0.12268	0.01716	0.02085	0.01410	0.01922	0.01158	0.01794	0.01085	0.01461	0.05327	0.00362	0.49985	0.00675	0.00361	0.00869
2	0.03041	0.02978	0.02254	0.01901	0.02411	0.38363	0.01486	0.25164	0.02779	0.09663	0.01660	0.01727	0.01233	0.00882	0.00751	0.00220	0.01155	0.00612	0.00604	0.01116
3	0.07192	0.02097	0.04433	0.03181	0.03961	0.01989	0.59855	0.02525	0.01835	0.02611	0.01569	0.02079	0.01179	0.00673	0.00905	0.00266	0.01286	0.00900	0.00407	0.01055
4	0.63234	0.01516	0.01233	0.01083	0.01557	0.01736	0.00887	0.07956	0.01598	0.03629	0.01327	0.01512	0.01022	0.00775	0.00525	0.00239	0.00612	0.00487	0.08182	0.00891
5	0.01124	0.00764	0.00866	0.00883	0.00902	0.00752	0.00510	0.01148	0.01223	0.01615	0.02980	0.11255	0.06724	0.61938	0.03590	0.00700	0.00720	0.01281	0.00518	0.00506
6	0.72636	0.01687	0.01239	0.01111	0.01596	0.06358	0.00905	0.02388	0.01411	0.03448	0.01112	0.01298	0.00870	0.00742	0.00506	0.00243	0.00669	0.00435	0.00485	0.00863
7	0.00966	0.00690	0.00920	0.01104	0.01150	0.00644	0.00736	0.01104	0.01518	0.02024	0.04371	0.71614	0.05245	0.02484	0.01012	0.00322	0.00460	0.02254	0.00736	0.00644
8	0.01278	0.00913	0.01278	0.01460	0.01643	0.00913	0.01278	0.01643	0.01825	0.02373	0.04199	0.08945	0.04564	0.02191	0.01095	0.00365	0.00730	0.61847	0.00730	0.00730
9	0.03014	0.02221	0.02380	0.01825	0.02459	0.02459	0.01507	0.64541	0.03728	0.04998	0.01904	0.01904	0.01349	0.00952	0.00793	0.00238	0.00873	0.00714	0.00793	0.01349
10	0.03014	0.02221	0.02380	0.01825	0.02459	0.02459	0.01507	0.64541	0.03728	0.04998	0.01904	0.01904	0.01349	0.00952	0.00793	0.00238	0.00873	0.00714	0.00793	0.01349
11	0.00966	0.00690	0.00920	0.01104	0.01150	0.00644	0.00736	0.01104	0.01518	0.02024	0.04371	0.71614	0.05245	0.02484	0.01012	0.00322	0.00460	0.02254	0.00736	0.00644

[dist]
# distance from previous block
# <min> <max>
0	2

[block]
# block no. 4 follows, 24 sequences, length 7
# corresponding to MSA columns:
# 235-241
name=unknown_E
#
# <colnr> <probs for GDERKNQSTAVLIFYWHMCP>
#	G	D	E	R	K	N	Q	S	T	A	V	L	I	F	Y	W	H	M	C	P
0	0.01122	0.00811	0.01060	0.00998	0.01185	0.00748	0.00748	0.01496	0.02245	0.03180	0.66766	0.05923	0.07482	0.01621	0.00935	0.00249	0.00374	0.01434	0.00873	0.00748
1	0.03558	0.01350	0.01840	0.01411	0.02024	0.01166	0.01166	0.03865	0.02270	0.67734	0.03128	0.02699	0.01963	0.00981	0.00797	0.00245	0.00675	0.00797	0.00981	0.01350
2	0.11566	0.02011	0.02161	0.01673	0.02288	0.02186	0.01382	0.48316	0.03238	0.14319	0.01998	0.01954	0.01386	0.00932	0.00760	0.00240	0.00813	0.00694	0.00787	0.01293
3	0.01520	0.01440	0.02383	0.63824	0.05144	0.01824	0.02158	0.02015	0.01551	0.02015	0.01375	0.02079	0.01056	0.00849	0.00963	0.00272	0.07598	0.00704	0.00352	0.00880
4	0.01850	0.01927	0.02412	0.02078	0.02117	0.08678	0.01716	0.02027	0.01311	0.01911	0.01058	0.01706	0.01039	0.01334	0.02425	0.00334	0.64174	0.00677	0.00353	0.00872
5	0.02972	0.03497	0.02271	0.02003	0.02453	0.56882	0.01528	0.14304	0.02516	0.02495	0.01349	0.01516	0.01081	0.00842	0.00729	0.00210	0.01329	0.00548	0.00478	0.00997
6	0.02834	0.07384	0.02403	0.01958	0.02401	0.45746	0.01531	0.16353	0.02456	0.02598	0.01352	0.01546	0.01094	0.00880	0.00857	0.00220	0.06326	0.00563	0.00483	0.01015

[dist]
# distance from previous block
# <min> <max>
0	1

[block]
# block no. 5 follows, 24 sequences, length 7
# corresponding to MSA columns:
# 243-249
name=unknown_F
#
# <colnr> <probs for GDERKNQSTAVLIFYWHMCP>
#	G	D	E	R	K	N	Q	S	T	A	V	L	I	F	Y	W	H	M	C	P
0	0.01536	0.01420	0.02278	0.54123	0.04590	0.01806	0.02014	0.01994	0.01528	0.02068	0.01426	0.02106	0.01119	0.00902	0.01082	0.00273	0.12747	0.00705	0.05412	0.00869
1	0.02258	0.02019	0.01965	0.04745	0.02271	0.14471	0.01297	0.12473	0.10580	0.07084	0.01814	0.01969	0.01408	0.01031	0.03401	0.00243	0.04221	0.00630	0.00574	0.25546
2	0.02127	0.01497	0.01743	0.05681	0.05647	0.01616	0.01240	0.28685	0.02596	0.03715	0.05792	0.03082	0.02154	0.01064	0.00752	0.00234	0.00690	0.06076	0.24572	0.01037
3	0.01970	0.01920	0.03833	0.08198	0.03730	0.01852	0.44214	0.02536	0.01826	0.08488	0.01678	0.02121	0.01249	0.00744	0.00983	0.00257	0.05429	0.00849	0.00454	0.07669
4	0.07984	0.35165	0.27876	0.01732	0.02559	0.08217	0.01927	0.02491	0.01669	0.02250	0.01234	0.01439	0.01000	0.00723	0.00618	0.00209	0.01002	0.00493	0.00356	0.01055
5	0.02084	0.01753	0.02123	0.01651	0.02266	0.01752	0.06637	0.17206	0.22389	0.03370	0.02115	0.02162	0.01611	0.00833	0.00734	0.00206	0.00731	0.00701	0.00645	0.29031
6	0.02050	0.01971	0.06647	0.02022	0.02657	0.05419	0.17992	0.08570	0.04914	0.08055	0.01860	0.05721	0.01513	0.00877	0.00898	0.00225	0.05451	0.00784	0.00535	0.21839

[dist]
# distance from previous block
# <min> <max>
19	31

[block]
# block no. 6 follows, 24 sequences, length 45
# corresponding to MSA columns:
# 283-327
name=unknown_G
#
# <colnr> <probs for GDERKNQSTAVLIFYWHMCP>
#	G	D	E	R	K	N	Q	S	T	A	V	L	I	F	Y	W	H	M	C	P
0	0.06073	0.01968	0.02334	0.08937	0.02745	0.09663	0.09363	0.15386	0.15424	0.12388	0.02279	0.02613	0.01735	0.00976	0.00809	0.00256	0.00916	0.04336	0.00665	0.01136
1	0.12067	0.16332	0.12618	0.01725	0.02407	0.09083	0.04844	0.12870	0.04407	0.13867	0.01737	0.01800	0.01268	0.00821	0.00693	0.00228	0.00921	0.00612	0.00567	0.01132
2	0.05163	0.06300	0.14909	0.03945	0.02500	0.08188	0.01636	0.13604	0.21800	0.03130	0.02011	0.02060	0.01516	0.00871	0.00733	0.00231	0.00871	0.00673	0.00587	0.09274
3	0.01998	0.05689	0.06427	0.02509	0.03217	0.01877	0.35794	0.02865	0.12889	0.08372	0.04203	0.02362	0.01674	0.00798	0.00849	0.00250	0.01045	0.00863	0.00536	0.05782
4	0.18418	0.02255	0.26711	0.01488	0.02144	0.01405	0.01608	0.02072	0.01780	0.02930	0.21418	0.03181	0.06376	0.01070	0.00753	0.00245	0.00743	0.00859	0.00558	0.03987
5	0.07189	0.41310	0.11289	0.01538	0.02193	0.12930	0.01503	0.02536	0.01768	0.05318	0.04869	0.01672	0.01407	0.00780	0.00607	0.00198	0.00929	0.00531	0.00420	0.01012
6	0.06451	0.02086	0.01932	0.01647	0.02141	0.12972	0.01300	0.18604	0.27778	0.09084	0.02702	0.02580	0.05152	0.01025	0.00778	0.00247	0.00812	0.00795	0.00733	0.01180
7	0.01417	0.00871	0.01097	0.01030	0.01278	0.00777	0.00775	0.01707	0.02043	0.12306	0.34914	0.15459	0.19801	0.01741	0.00927	0.00264	0.00437	0.01515	0.00838	0.00804
8	0.01112	0.00801	0.01054	0.01032	0.01203	0.00744	0.00772	0.01458	0.02140	0.03006	0.56484	0.13717	0.07081	0.01749	0.00952	0.00263	0.00401	0.04444	0.00850	0.00735
9	0.02120	0.72609	0.04155	0.01357	0.02035	0.03138	0.01357	0.02374	0.01611	0.01866	0.01102	0.01272	0.01018	0.00678	0.00509	0.00170	0.00848	0.00424	0.00339	0.01018
10	0.02643	0.01426	0.01780	0.01325	0.01982	0.01188	0.01080	0.06429	0.02063	0.34075	0.02265	0.02167	0.01564	0.00798	0.00700	0.00186	0.00645	0.00641	0.00734	0.36309
11	0.01321	0.00961	0.01310	0.01470	0.01669	0.00978	0.01276	0.01801	0.05754	0.02431	0.04139	0.08577	0.04432	0.02122	0.01078	0.00359	0.00724	0.58102	0.00735	0.00762
12	0.01775	0.01526	0.01607	0.01469	0.01875	0.01721	0.01135	0.03621	0.53453	0.03087	0.04012	0.06291	0.12460	0.01273	0.00835	0.00271	0.00586	0.01068	0.00793	0.01142
13	0.02184	0.67374	0.04010	0.01409	0.02067	0.08143	0.01370	0.02435	0.01660	0.01871	0.01112	0.01284	0.01018	0.00689	0.00525	0.00172	0.00892	0.00431	0.00344	0.01010
14	0.01039	0.00762	0.00988	0.01130	0.01247	0.00712	0.00834	0.01249	0.01672	0.02188	0.08709	0.44651	0.14333	0.02298	0.01014	0.00319	0.00504	0.14937	0.00743	0.00673
15	0.02120	0.72609	0.04155	0.01357	0.02035	0.03138	0.01357	0.02374	0.01611	0.01866	0.01102	0.01272	0.01018	0.00678	0.00509	0.00170	0.00848	0.00424	0.00339	0.01018
16	0.00937	0.00803	0.00803	0.00803	0.01071	0.00669	0.00602	0.01138	0.01807	0.02142	0.08033	0.07632	0.66863	0.02008	0.00937	0.00268	0.00402	0.01674	0.00736	0.00669
17	0.01855	0.02106	0.04576	0.06332	0.04203	0.01994	0.61528	0.02517	0.01859	0.02517	0.01596	0.02138	0.01197	0.00674	0.00929	0.00267	0.01324	0.00925	0.00399	0.01061
18	0.01590	0.04102	0.68023	0.02260	0.03432	0.01842	0.02930	0.02511	0.01674	0.02511	0.01423	0.01674	0.01005	0.00753	0.00753	0.00251	0.01172	0.00586	0.00335	0.01172
19	0.00966	0.00690	0.00920	0.01104	0.01150	0.00644	0.00736	0.01104	0.01518	0.02024	0.04371	0.71614	0.05245	0.02484	0.01012	0.00322	0.00460	0.02254	0.00736	0.00644
20	0.03558	0.01350	0.01840	0.01411	0.02024	0.01166	0.01166	0.03865	0.02270	0.67734	0.03128	0.02699	0.01963	0.00981	0.00797	0.00245	0.00675	0.00797	0.00981	0.01350
21	0.02780	0.06837	0.02327	0.01926	0.02377	0.44905	0.01496	0.13549	0.09215	0.02598	0.01541	0.01675	0.01227	0.00879	0.00790	0.00220	0.03529	0.00588	0.00510	0.01031
22	0.00966	0.00690	0.00920	0.01104	0.01150	0.00644	0.00736	0.01104	0.01518	0.02024	0.04371	0.71614	0.05245	0.02484	0.01012	0.00322	0.00460	0.02254	0.00736	0.00644
23	0.01972	0.01703	0.01793	0.01614	0.02062	0.01972	0.01255	0.04214	0.65752	0.03317	0.03228	0.02959	0.02421	0.01076	0.00807	0.00269	0.00628	0.00897	0.00807	0.01255
24	0.03289	0.01536	0.01856	0.01476	0.02053	0.05012	0.01199	0.03878	0.11717	0.54530	0.03039	0.02668	0.01979	0.00986	0.00794	0.00247	0.00709	0.00796	0.00924	0.01312
25	0.70733	0.01520	0.01256	0.04674	0.01759	0.01753	0.00941	0.02377	0.01399	0.06086	0.01202	0.01389	0.00914	0.00749	0.00519	0.00246	0.00639	0.00459	0.00503	0.00880
26	0.02164	0.68998	0.04055	0.01393	0.02057	0.06590	0.01366	0.02416	0.01645	0.01870	0.01109	0.01280	0.01018	0.00686	0.00520	0.00171	0.00879	0.00429	0.00343	0.01012
