[name]
unknown

[dist]
# distance from previous block
# <min> <max>
0	497

[block]
# block no. 0 follows, 21 sequences, length 10
# corresponding to MSA columns:
# 504-513
name=unknown_A
#
# <colnr> <probs for GDERKNQSTAVLIFYWHMCP>
#	G	D	E	R	K	N	Q	S	T	A	V	L	I	F	Y	W	H	M	C	P
0	0.01116	0.00797	0.01078	0.01275	0.01359	0.00759	0.00927	0.01321	0.01707	0.02260	0.04647	0.55441	0.05457	0.02592	0.01107	0.00356	0.00562	0.15739	0.00788	0.00713
1	0.02203	0.03707	0.50700	0.02211	0.03328	0.01806	0.02699	0.03037	0.01947	0.17436	0.01958	0.02055	0.01320	0.00866	0.00820	0.00268	0.01132	0.00682	0.00523	0.01303
2	0.43391	0.01616	0.01494	0.01282	0.01764	0.01800	0.01038	0.14607	0.02203	0.04043	0.16214	0.02689	0.02702	0.01061	0.00706	0.00263	0.00656	0.00778	0.00690	0.01003
3	0.01784	0.06598	0.08602	0.07488	0.03595	0.01883	0.34481	0.02408	0.02045	0.02797	0.16381	0.03148	0.02835	0.00975	0.00947	0.00274	0.01121	0.01046	0.00536	0.01057
4	0.01134	0.00847	0.01059	0.01091	0.01275	0.00772	0.00811	0.01434	0.02084	0.02802	0.33018	0.21887	0.19835	0.02100	0.01037	0.00300	0.00461	0.06440	0.00857	0.00756
5	0.01661	0.01509	0.02421	0.28541	0.22710	0.01664	0.02003	0.02232	0.05840	0.02453	0.02417	0.18099	0.02354	0.01269	0.00905	0.00289	0.00915	0.01162	0.00521	0.01036
6	0.01790	0.01039	0.01335	0.01183	0.01500	0.00956	0.00914	0.02261	0.05325	0.16505	0.44656	0.05592	0.10339	0.01594	0.00966	0.00269	0.00485	0.01383	0.00948	0.00961
7	0.01765	0.01513	0.01765	0.01260	0.02017	0.01134	0.01008	0.02143	0.01765	0.02773	0.01513	0.01765	0.01260	0.00630	0.00630	0.00126	0.00630	0.00504	0.00504	0.75295
8	0.01148	0.00787	0.00955	0.01042	0.01064	0.00766	0.00638	0.01214	0.01412	0.01882	0.03575	0.34013	0.04221	0.40110	0.02888	0.00612	0.00678	0.01763	0.00638	0.00594
9	0.02480	0.01548	0.01878	0.01381	0.02103	0.01265	0.01120	0.06529	0.02109	0.21909	0.02105	0.02125	0.01529	0.00783	0.00713	0.00176	0.00678	0.00627	0.00693	0.48248

[dist]
# distance from previous block
# <min> <max>
0	11

[block]
# block no. 1 follows, 21 sequences, length 15
# corresponding to MSA columns:
# 525-539
name=unknown_B
#
# <colnr> <probs for GDERKNQSTAVLIFYWHMCP>
#	G	D	E	R	K	N	Q	S	T	A	V	L	I	F	Y	W	H	M	C	P
0	0.02409	0.02036	0.02324	0.19200	0.03332	0.05222	0.01718	0.23220	0.24331	0.03737	0.02374	0.02480	0.01757	0.01017	0.00852	0.00273	0.00923	0.00823	0.00713	0.01259
1	0.01214	0.00896	0.01281	0.01264	0.01419	0.00981	0.00963	0.01525	0.01633	0.02333	0.18558	0.04265	0.03731	0.08960	0.45791	0.01047	0.01701	0.01095	0.00585	0.00757
2	0.01956	0.01286	0.01910	0.02246	0.18086	0.01211	0.01365	0.02371	0.02291	0.15469	0.35874	0.04561	0.05111	0.01347	0.00932	0.00263	0.00625	0.01200	0.00825	0.01073
3	0.01204	0.00870	0.01138	0.01071	0.01271	0.00803	0.00803	0.01606	0.02409	0.03413	0.64335	0.06357	0.08030	0.01740	0.01004	0.00268	0.00401	0.01539	0.00937	0.00803
4	0.01054	0.00773	0.00995	0.01164	0.01256	0.00714	0.00807	0.01227	0.01694	0.02214	0.05233	0.57017	0.13878	0.02574	0.01081	0.00340	0.00504	0.05984	0.00790	0.00701
5	0.26383	0.01961	0.02024	0.06261	0.02423	0.02231	0.01390	0.32258	0.02763	0.04362	0.01738	0.01912	0.01290	0.00953	0.00812	0.00261	0.03667	0.00668	0.05464	0.01179
6	0.01406	0.00773	0.01116	0.01099	0.01151	0.00756	0.00756	0.01239	0.01449	0.01985	0.17943	0.03574	0.03194	0.02638	0.02718	0.55602	0.00651	0.00949	0.00518	0.00483
7	0.01968	0.01594	0.01688	0.01509	0.01960	0.01747	0.01177	0.07283	0.40889	0.05927	0.04720	0.04405	0.18703	0.01404	0.00901	0.00285	0.00629	0.01164	0.00853	0.01193
8	0.01684	0.03462	0.45093	0.19541	0.04148	0.01901	0.02804	0.02524	0.01770	0.02564	0.01522	0.01918	0.01104	0.00808	0.00808	0.00264	0.01186	0.00654	0.00373	0.05871
9	0.02150	0.01741	0.01971	0.01443	0.02180	0.01529	0.01168	0.17808	0.02351	0.03452	0.01652	0.01838	0.01309	0.00733	0.00688	0.00160	0.00710	0.00573	0.00595	0.55951
10	0.01914	0.18798	0.35969	0.02511	0.03545	0.02336	0.18099	0.02670	0.01837	0.02547	0.01500	0.01830	0.01137	0.00766	0.00801	0.00254	0.01226	0.00688	0.00379	0.01192
11	0.02150	0.01741	0.01971	0.01443	0.02180	0.01529	0.01168	0.17808	0.02351	0.03452	0.01652	0.01838	0.01309	0.00733	0.00688	0.00160	0.00710	0.00573	0.00595	0.55951
12	0.01607	0.01513	0.02552	0.68047	0.05861	0.01891	0.02363	0.02174	0.01702	0.02174	0.01513	0.02269	0.01134	0.00851	0.00851	0.00284	0.01134	0.00756	0.00378	0.00945
13	0.76103	0.01646	0.01251	0.01119	0.01646	0.01909	0.00922	0.02502	0.01448	0.03818	0.01185	0.01382	0.00922	0.00790	0.00527	0.00263	0.00658	0.00461	0.00527	0.00922
14	0.21247	0.01676	0.02439	0.34674	0.19615	0.01929	0.02048	0.02370	0.01695	0.02758	0.01449	0.01996	0.01133	0.00812	0.00764	0.00271	0.00979	0.00679	0.00428	0.01041

[dist]
# distance from previous block
# <min> <max>
0	3

[block]
# block no. 2 follows, 21 sequences, length 11
# corresponding to MSA columns:
# 543-553
name=unknown_C
#
# <colnr> <probs for GDERKNQSTAVLIFYWHMCP>
#	G	D	E	R	K	N	Q	S	T	A	V	L	I	F	Y	W	H	M	C	P
0	0.02020	0.01787	0.02186	0.14509	0.08795	0.02065	0.01657	0.03901	0.45915	0.03226	0.02922	0.02904	0.02205	0.01060	0.00861	0.00284	0.00792	0.00904	0.00732	0.01272
1	0.01189	0.00853	0.01023	0.01023	0.01114	0.00863	0.00674	0.01303	0.01401	0.01851	0.03698	0.05517	0.14373	0.41781	0.18943	0.00857	0.01106	0.01263	0.00553	0.00613
2	0.01224	0.00878	0.01195	0.01195	0.01288	0.00970	0.00849	0.01409	0.01317	0.01848	0.02437	0.04215	0.02506	0.31341	0.42279	0.01155	0.01710	0.01039	0.00479	0.00664
3	0.01355	0.01138	0.01867	0.01543	0.01868	0.01056	0.12233	0.01816	0.02334	0.03284	0.52581	0.05594	0.06765	0.01548	0.01004	0.00271	0.00595	0.01439	0.00842	0.00868
4	0.01615	0.03747	0.53610	0.02227	0.03277	0.01805	0.02754	0.02474	0.01716	0.02560	0.01668	0.02087	0.01275	0.01855	0.13181	0.00476	0.01449	0.00682	0.00377	0.01164
5	0.01765	0.01820	0.03521	0.42769	0.05307	0.01993	0.25629	0.02391	0.01822	0.02391	0.01595	0.02279	0.01196	0.00798	0.00911	0.00285	0.01252	0.00854	0.00399	0.01025
6	0.03235	0.02384	0.02554	0.01958	0.02639	0.02639	0.01618	0.61946	0.04001	0.05363	0.02043	0.02043	0.01447	0.01022	0.00851	0.00255	0.00936	0.00766	0.00851	0.01447
7	0.01134	0.00898	0.01195	0.01240	0.01409	0.00837	0.03562	0.01443	0.04662	0.02358	0.08558	0.45870	0.18962	0.02339	0.01049	0.00323	0.00526	0.02096	0.00785	0.00755
8	0.03033	0.01894	0.08553	0.01674	0.02334	0.01623	0.01478	0.09392	0.15868	0.36387	0.06300	0.02947	0.02360	0.01084	0.00861	0.00269	0.00771	0.00883	0.00915	0.01372
9	0.69787	0.07546	0.01525	0.01148	0.01692	0.02034	0.00967	0.02506	0.01472	0.03663	0.01185	0.01381	0.00936	0.00785	0.00528	0.00256	0.00680	0.00460	0.00513	0.00936
10	0.05077	0.01975	0.03164	0.09656	0.40375	0.02088	0.06551	0.05874	0.07757	0.02938	0.01759	0.02189	0.01419	0.00855	0.00948	0.00268	0.04575	0.00783	0.00485	0.01265

[dist]
# distance from previous block
# <min> <max>
0	1

[block]
# block no. 3 follows, 21 sequences, length 116
# corresponding to MSA columns:
# 555-670
name=unknown_D
#
# <colnr> <probs for GDERKNQSTAVLIFYWHMCP>
#	G	D	E	R	K	N	Q	S	T	A	V	L	I	F	Y	W	H	M	C	P
0	0.12914	0.02388	0.02372	0.01861	0.02507	0.06475	0.01527	0.50452	0.03564	0.04957	0.01884	0.01924	0.01356	0.00982	0.00803	0.00254	0.00936	0.00712	0.00783	0.01349
1	0.01478	0.00739	0.01109	0.01109	0.01109	0.00739	0.00739	0.01109	0.01109	0.01478	0.01478	0.02587	0.01478	0.02956	0.03326	0.75240	0.00739	0.00739	0.00370	0.00370
2	0.08231	0.02869	0.27983	0.02249	0.02870	0.02213	0.05108	0.02470	0.01596	0.05212	0.01413	0.01860	0.01135	0.01100	0.01632	0.00313	0.29547	0.00691	0.00412	0.01094
3	0.01119	0.00822	0.01137	0.05345	0.01593	0.00805	0.00968	0.01327	0.01680	0.02225	0.04469	0.56993	0.05250	0.02510	0.01084	0.00348	0.00574	0.10267	0.00764	0.00720
4	0.03441	0.01365	0.01854	0.01450	0.02042	0.01186	0.01186	0.03781	0.02432	0.56431	0.12157	0.03396	0.02961	0.01152	0.00877	0.00264	0.00678	0.00954	0.01036	0.01355
5	0.03232	0.02479	0.02546	0.01971	0.02639	0.06276	0.01619	0.58621	0.03911	0.05177	0.02002	0.02014	0.01427	0.01013	0.00847	0.00253	0.00970	0.00754	0.00828	0.01421
6	0.01193	0.00878	0.01230	0.05958	0.01740	0.00875	0.01102	0.01455	0.01749	0.02303	0.04406	0.43957	0.05062	0.02430	0.01101	0.00357	0.00639	0.22064	0.00759	0.00741
7	0.06041	0.67087	0.04296	0.01439	0.02157	0.03293	0.01429	0.02546	0.01715	0.02095	0.01183	0.01366	0.01083	0.00731	0.00545	0.00186	0.00897	0.00455	0.00372	0.01083
8	0.01647	0.01230	0.01849	0.01850	0.04723	0.01213	0.07356	0.02214	0.07179	0.07015	0.06764	0.12404	0.07016	0.01918	0.01072	0.00343	0.00787	0.31725	0.00766	0.00928
9	0.01511	0.01371	0.05042	0.01374	0.01721	0.01282	0.01126	0.02555	0.21409	0.03270	0.33507	0.07975	0.08457	0.01592	0.00961	0.00285	0.00559	0.04153	0.00861	0.00990
10	0.01192	0.00869	0.01120	0.01057	0.01264	0.00798	0.00793	0.01582	0.02379	0.03342	0.60798	0.06473	0.11611	0.01766	0.01004	0.00269	0.00403	0.01555	0.00927	0.00798
11	0.06389	0.02732	0.02291	0.05164	0.02611	0.30786	0.04354	0.11756	0.02468	0.12635	0.02119	0.08999	0.01783	0.01100	0.00831	0.00253	0.01145	0.00852	0.00633	0.01099
12	0.03272	0.02324	0.02517	0.01930	0.02609	0.02551	0.01594	0.58277	0.03902	0.09173	0.02127	0.02097	0.01489	0.01024	0.00852	0.00256	0.00923	0.00772	0.00864	0.01447
13	0.01858	0.01596	0.01807	0.01385	0.02069	0.01394	0.01098	0.02772	0.18019	0.02981	0.02028	0.02138	0.01614	0.00769	0.00693	0.00169	0.00642	0.00625	0.00600	0.55745
14	0.01607	0.01513	0.02552	0.68047	0.05861	0.01891	0.02363	0.02174	0.01702	0.02174	0.01513	0.02269	0.01134	0.00851	0.00851	0.00284	0.01134	0.00756	0.00378	0.00945
15	0.01237	0.00829	0.00947	0.00947	0.00954	0.00835	0.00539	0.01250	0.01243	0.01664	0.02664	0.05473	0.03052	0.67343	0.07024	0.00848	0.00888	0.01224	0.00513	0.00526
16	0.02355	0.01509	0.01830	0.01354	0.02053	0.01226	0.01094	0.05732	0.02089	0.19450	0.05123	0.02304	0.01827	0.00817	0.00720	0.00176	0.00660	0.00661	0.00688	0.48333
17	0.01885	0.01021	0.01349	0.01206	0.01525	0.00920	0.00940	0.02245	0.02332	0.19634	0.39596	0.08804	0.09074	0.01654	0.00977	0.00277	0.00511	0.04142	0.00946	0.00963
18	0.01238	0.00825	0.00928	0.00928	0.00928	0.00825	0.00516	0.01238	0.01238	0.01650	0.02681	0.05569	0.03094	0.70092	0.04331	0.00825	0.00825	0.01238	0.00516	0.00516
19	0.05551	0.64429	0.04222	0.01476	0.02182	0.06305	0.01442	0.02586	0.01749	0.02086	0.01189	0.01374	0.01085	0.00738	0.00556	0.00187	0.00929	0.00460	0.00375	0.01080
20	0.01138	0.00903	0.01409	0.01436	0.01570	0.00844	0.07158	0.01346	0.01669	0.02230	0.04380	0.62506	0.05175	0.02462	0.01078	0.00339	0.00592	0.02271	0.00752	0.00739
21	0.01533	0.01482	0.02799	0.05668	0.02826	0.01406	0.26203	0.02038	0.02097	0.02874	0.25863	0.11628	0.07024	0.01389	0.01005	0.00286	0.00882	0.01385	0.00674	0.00938
22	0.02079	0.02187	0.07772	0.05029	0.60544	0.02019	0.02649	0.02618	0.01928	0.02774	0.01596	0.02085	0.01329	0.00762	0.00840	0.00254	0.01028	0.00749	0.00417	0.01342
23	0.56909	0.11009	0.09940	0.01331	0.01978	0.02108	0.01277	0.02532	0.01530	0.03437	0.01229	0.01433	0.00964	0.00784	0.00565	0.00253	0.00768	0.00482	0.00484	0.00987
24	0.02030	0.01911	0.03160	0.08607	0.52822	0.01954	0.02430	0.02664	0.06179	0.02782	0.01909	0.02666	0.01647	0.00893	0.00866	0.00266	0.00981	0.04473	0.00472	0.01287
25	0.02608	0.02050	0.03342	0.13962	0.03770	0.02111	0.23147	0.21068	0.02637	0.13553	0.02048	0.02310	0.01444	0.00888	0.00907	0.00273	0.01115	0.00864	0.00651	0.01253
26	0.01216	0.00912	0.01368	0.01368	0.01520	0.01064	0.01064	0.01520	0.01368	0.01976	0.02279	0.03343	0.02127	0.06382	0.66720	0.01368	0.02279	0.00912	0.00456	0.00760
27	0.01705	0.01137	0.01355	0.03981	0.01589	0.01311	0.01004	0.05183	0.05034	0.02970	0.02416	0.02892	0.01952	0.01619	0.07674	0.00355	0.11163	0.00804	0.44975	0.00880
28	0.01235	0.00834	0.00974	0.00974	0.00990	0.00850	0.00573	0.01267	0.01251	0.01684	0.02639	0.05336	0.02993	0.63431	0.10855	0.00882	0.00977	0.01203	0.00509	0.00541
29	0.01607	0.01513	0.02552	0.68047	0.05861	0.01891	0.02363	0.02174	0.01702	0.02174	0.01513	0.02269	0.01134	0.00851	0.00851	0.00284	0.01134	0.00756	0.00378	0.00945
30	0.01195	0.00870	0.01124	0.01060	0.01265	0.00799	0.00795	0.01587	0.02386	0.03358	0.61625	0.06446	0.10773	0.01760	0.01004	0.00269	0.00403	0.01552	0.00930	0.00799
31	0.01607	0.01513	0.02552	0.68047	0.05861	0.01891	0.02363	0.02174	0.01702	0.02174	0.01513	0.02269	0.01134	0.00851	0.00851	0.00284	0.01134	0.00756	0.00378	0.00945
32	0.03275	0.02319	0.02514	0.01927	0.02607	0.02543	0.01592	0.57935	0.03893	0.09528	0.02134	0.02102	0.01493	0.01024	0.00852	0.00256	0.00922	0.00772	0.00865	0.01447
33	0.01133	0.00867	0.01039	0.00996	0.01228	0.00773	0.00747	0.01468	0.02240	0.03013	0.44320	0.07015	0.28294	0.01889	0.01004	0.00275	0.00412	0.01631	0.00884	0.00773
34	0.03179	0.04056	0.02412	0.02192	0.02631	0.66676	0.01644	0.03398	0.02412	0.02083	0.01315	0.01535	0.01096	0.00877	0.00767	0.00219	0.01535	0.00548	0.00438	0.00987
35	0.02106	0.02022	0.03454	0.05223	0.64784	0.02022	0.02612	0.02612	0.01938	0.02780	0.01601	0.02106	0.01348	0.00758	0.00842	0.00253	0.01011	0.00758	0.00421	0.01348
36	0.01245	0.00942	0.01374	0.01358	0.01488	0.01103	0.01040	0.01512	0.01351	0.01945	0.02273	0.03513	0.02186	0.12817	0.57547	0.01270	0.04896	0.00939	0.00459	0.00742
37	0.76103	0.01646	0.01251	0.01119	0.01646	0.01909	0.00922	0.02502	0.01448	0.03818	0.01185	0.01382	0.00922	0.00790	0.00527	0.00263	0.00658	0.00461	0.00527	0.00922
38	0.01152	0.00868	0.01065	0.01015	0.01239	0.00781	0.00762	0.01504	0.02285	0.03118	0.49606	0.06841	0.22942	0.01850	0.01004	0.00273	0.00409	0.01607	0.00898	0.00781
39	0.03235	0.02384	0.02554	0.01958	0.02639	0.02639	0.01618	0.61946	0.04001	0.05363	0.02043	0.02043	0.01447	0.01022	0.00851	0.00255	0.00936	0.00766	0.00851	0.01447
40	0.02121	0.52686	0.21030	0.01719	0.02590	0.02991	0.01913	0.02588	0.01747	0.02190	0.01276	0.01482	0.01088	0.00750	0.00617	0.00206	0.01004	0.00502	0.00363	0.01137
41	0.01734	0.01480	0.01732	0.01257	0.01984	0.01116	0.00999	0.02103	0.01759	0.02748	0.01645	0.04584	0.01442	0.00715	0.00649	0.00135	0.00625	0.00584	0.00516	0.72191
42	0.03235	0.02384	0.02554	0.01958	0.02639	0.02639	0.01618	0.61946	0.04001	0.05363	0.02043	0.02043	0.01447	0.01022	0.00851	0.00255	0.00936	0.00766	0.00851	0.01447
43	0.01705	0.13043	0.41128	0.02154	0.05560	0.01936	0.02410	0.02410	0.01766	0.02523	0.01967	0.12169	0.01801	0.01072	0.00806	0.00261	0.01048	0.00879	0.00436	0.04927
44	0.01900	0.01539	0.01902	0.01365	0.02119	0.01180	0.03341	0.02288	0.01815	0.06616	0.01634	0.01854	0.01314	0.00660	0.00658	0.00141	0.00667	0.00545	0.00535	0.67927
45	0.03187	0.02360	0.02527	0.01948	0.02621	0.02617	0.01606	0.59471	0.06555	0.05286	0.02104	0.02092	0.01497	0.01027	0.00852	0.00257	0.00925	0.00775	0.00852	0.01443
46	0.11867	0.02302	0.16629	0.02224	0.06041	0.01706	0.13906	0.02853	0.04418	0.13899	0.07416	0.02503	0.01980	0.00907	0.00825	0.00258	0.00954	0.00811	0.00604	0.07898
47	0.01705	0.01449	0.01701	0.01254	0.01953	0.01098	0.00990	0.02064	0.01754	0.02724	0.01773	0.07325	0.01619	0.00797	0.00668	0.00144	0.00619	0.00661	0.00528	0.69174
48	0.01051	0.00864	0.00924	0.00909	0.01177	0.00737	0.00682	0.01308	0.02046	0.02550	0.21184	0.07777	0.51719	0.02062	0.01005	0.00283	0.00424	0.01738	0.00823	0.00737
49	0.06152	0.02130	0.02294	0.01791	0.02420	0.02329	0.01471	0.47279	0.06423	0.10557	0.02246	0.02226	0.01592	0.01019	0.00821	0.00254	0.00855	0.00773	0.05990	0.01375
50	0.01054	0.00751	0.00993	0.01169	0.01224	0.00702	0.00780	0.01209	0.01655	0.02217	0.07769	0.63636	0.05654	0.05310	0.01211	0.00361	0.00502	0.02325	0.00787	0.00690
51	0.72938	0.01637	0.01282	0.01136	0.01669	0.01880	0.00936	0.02574	0.01492	0.06514	0.01280	0.01449	0.00974	0.00801	0.00541	0.00263	0.00661	0.00478	0.00550	0.00945
52	0.01996	0.05900	0.16048	0.03926	0.33787	0.02055	0.14562	0.02622	0.01904	0.02714	0.01585	0.02027	0.01265	0.00751	0.00842	0.00252	0.01119	0.00753	0.00413	0.05477
53	0.01929	0.01538	0.01908	0.01398	0.02115	0.01223	0.03573	0.04636	0.01900	0.06819	0.01814	0.05166	0.01535	0.00775	0.00691	0.00157	0.00675	0.00651	0.00564	0.60931
54	0.01744	0.01858	0.03859	0.05716	0.03663	0.01761	0.43081	0.02317	0.01935	0.02620	0.05538	0.16808	0.02551	0.01190	0.01015	0.00298	0.01169	0.01322	0.00530	0.01024
55	0.22739	0.01533	0.01776	0.01415	0.02014	0.01496	0.01164	0.07579	0.02282	0.41416	0.06155	0.02634	0.02084	0.01020	0.00777	0.00263	0.00703	0.00784	0.00893	0.01272
56	0.01689	0.01021	0.01319	0.01170	0.01494	0.00899	0.00893	0.02041	0.02248	0.13929	0.38895	0.11966	0.08429	0.01623	0.00949	0.00262	0.00491	0.01419	0.00892	0.08371
57	0.01765	0.01513	0.01765	0.01260	0.02017	0.01134	0.01008	0.02143	0.01765	0.02773	0.01513	0.01765	0.01260	0.00630	0.00630	0.00126	0.00630	0.00504	0.00504	0.75295
58	0.03085	0.01658	0.02073	0.01617	0.02247	0.04136	0.04206	0.06184	0.09310	0.38184	0.02863	0.02663	0.01939	0.00978	0.00816	0.00243	0.00767	0.00807	0.04654	0.11571
59	0.02197	0.01457	0.01772	0.01315	0.02011	0.01138	0.01052	0.02552	0.01911	0.17089	0.02104	0.05613	0.01686	0.00835	0.00706	0.00169	0.00645	0.00686	0.00645	0.54419
60	0.02050	0.01504	0.01794	0.01296	0.02038	0.01151	0.01042	0.02421	0.01858	0.11472	0.01769	0.01922	0.01378	0.00689	0.00662	0.00145	0.00643	0.00553	0.00580	0.65033
61	0.02046	0.01892	0.02457	0.02065	0.02262	0.02434	0.01706	0.09562	0.08124	0.02669	0.01507	0.02012	0.01324	0.01325	0.02172	0.00328	0.47484	0.00749	0.00493	0.07387
62	0.14417	0.02046	0.02127	0.01676	0.02278	0.02252	0.01377	0.43183	0.03280	0.07837	0.02056	0.02108	0.01480	0.00984	0.00773	0.00251	0.00823	0.00726	0.09034	0.01293
63	0.01161	0.00861	0.01082	0.01043	0.01249	0.00782	0.00776	0.01515	0.02282	0.03149	0.51306	0.10545	0.17364	0.01867	0.01009	0.00276	0.00412	0.01636	0.00903	0.00782
64	0.01412	0.01291	0.02338	0.02006	0.02357	0.01216	0.20203	0.01796	0.01837	0.02433	0.03953	0.31990	0.07714	0.01952	0.01074	0.00333	0.00848	0.13716	0.00675	0.00857
65	0.03477	0.01459	0.01940	0.01472	0.02147	0.01231	0.01211	0.03815	0.02324	0.54983	0.03051	0.02709	0.01966	0.00983	0.00818	0.00241	0.00709	0.00797	0.00962	0.13705
66	0.01095	0.00860	0.00962	0.00976	0.01184	0.00777	0.00710	0.01304	0.01819	0.02282	0.11955	0.10502	0.39453	0.13405	0.05592	0.00447	0.00627	0.04615	0.00738	0.00698
67	0.01752	0.01542	0.02544	0.57638	0.09239	0.01832	0.02260	0.02295	0.01755	0.05256	0.01606	0.02264	0.01200	0.00844	0.00840	0.00273	0.01083	0.00749	0.00419	0.04611
68	0.02275	0.70604	0.04459	0.01456	0.02184	0.03367	0.01456	0.02548	0.01729	0.02002	0.01183	0.01365	0.01092	0.00728	0.00546	0.00182	0.00910	0.00455	0.00364	0.01092
69	0.02099	0.01817	0.01946	0.04036	0.02340	0.02109	0.01382	0.04440	0.61108	0.03512	0.03396	0.03144	0.02547	0.01144	0.00865	0.00288	0.00690	0.00955	0.00849	0.01333
70	0.02306	0.56224	0.11109	0.01642	0.02399	0.09831	0.01665	0.02654	0.01808	0.02088	0.01236	0.01431	0.01091	0.00753	0.00599	0.00196	0.01014	0.00484	0.00371	0.01100
71	0.02424	0.01974	0.02200	0.09240	0.02761	0.02262	0.01549	0.22971	0.37041	0.03992	0.02782	0.02705	0.02059	0.01077	0.00859	0.00277	0.00811	0.00875	0.00806	0.01335
72	0.03296	0.02286	0.02494	0.01912	0.02590	0.02494	0.01579	0.55923	0.03838	0.11617	0.02180	0.02132	0.01516	0.01025	0.00852	0.00256	0.00914	0.00776	0.00872	0.01447
73	0.01317	0.00897	0.01160	0.01079	0.01307	0.00819	0.00814	0.01703	0.02380	0.06297	0.57890	0.06308	0.11328	0.01733	0.00997	0.00269	0.00419	0.01523	0.00933	0.00828
74	0.01247	0.00940	0.01309	0.01356	0.01497	0.00906	0.03955	0.05500	0.01850	0.02481	0.07200	0.58410	0.05232	0.02408	0.01062	0.00333	0.00568	0.02190	0.00783	0.00772
75	0.01037	0.00741	0.00987	0.01185	0.01234	0.00691	0.00790	0.01185	0.01629	0.02172	0.04690	0.69537	0.05629	0.02666	0.01086	0.00346	0.00494	0.02419	0.00790	0.00691
76	0.01743	0.01825	0.03733	0.02987	0.07217	0.01722	0.39726	0.02291	0.01911	0.02586	0.02598	0.18767	0.02557	0.01288	0.01025	0.00305	0.01143	0.05011	0.00538	0.01028
77	0.01478	0.00739	0.01109	0.01109	0.01109	0.00739	0.00739	0.01109	0.01109	0.01478	0.01478	0.02587	0.01478	0.02956	0.03326	0.75240	0.00739	0.00739	0.00370	0.00370
78	0.02025	0.02376	0.10371	0.04256	0.33359	0.02072	0.27418	0.02668	0.01953	0.02749	0.01644	0.02154	0.01297	0.00746	0.00907	0.00269	0.01213	0.00848	0.00419	0.01255
79	0.05933	0.04245	0.62023	0.02351	0.03568	0.01973	0.03018	0.02684	0.01777	0.02759	0.01508	0.01773	0.01069	0.00807	0.00793	0.00269	0.01224	0.00619	0.00369	0.01239
80	0.01765	0.01513	0.01765	0.01260	0.02017	0.01134	0.01008	0.02143	0.01765	0.02773	0.01513	0.01765	0.01260	0.00630	0.00630	0.00126	0.00630	0.00504	0.00504	0.75295
81	0.02131	0.02358	0.13265	0.04256	0.45880	0.01984	0.02510	0.02882	0.07648	0.06070	0.01853	0.02197	0.01460	0.00818	0.00840	0.00259	0.01005	0.00761	0.00485	0.01339
82	0.02260	0.33646	0.08423	0.01991	0.09729	0.08232	0.01623	0.02630	0.01968	0.08282	0.08244	0.02514	0.05272	0.00960	0.00723	0.00223	0.00913	0.00732	0.00523	0.01111
83	0.02111	0.01943	0.02831	0.03800	0.39278	0.02061	0.02096	0.03390	0.26929	0.03098	0.02360	0.02542	0.01857	0.00920	0.00852	0.00267	0.00873	0.00841	0.00603	0.01348
84	0.05665	0.16722	0.37507	0.02057	0.03005	0.07645	0.02352	0.05280	0.04474	0.02696	0.01650	0.04327	0.01328	0.00892	0.00755	0.00251	0.01117	0.00668	0.00434	0.01177
85	0.58922	0.15184	0.01921	0.01226	0.01788	0.04668	0.01053	0.02545	0.01540	0.03398	0.01190	0.01385	0.00962	0.00781	0.00540	0.00246	0.00741	0.00463	0.00492	0.00957
86	0.01028	0.00863	0.00893	0.00885	0.01163	0.00728	0.00664	0.01264	0.01992	0.02423	0.14815	0.07986	0.58167	0.02109	0.01006	0.00285	0.00428	0.01767	0.00807	0.00728
87	0.01062	0.00760	0.01010	0.01168	0.01240	0.00708	0.00792	0.01247	0.01744	0.02356	0.13501	0.60204	0.05983	0.02529	0.01074	0.00334	0.00480	0.02289	0.00812	0.00708
88	0.76103	0.01646	0.01251	0.01119	0.01646	0.01909	0.00922	0.02502	0.01448	0.03818	0.01185	0.01382	0.00922	0.00790	0.00527	0.00263	0.00658	0.00461	0.00527	0.00922
89	0.01216	0.00912	0.01368	0.01368	0.01520	0.01064	0.01064	0.01520	0.01368	0.01976	0.02279	0.03343	0.02127	0.06382	0.66720	0.01368	0.02279	0.00912	0.00456	0.00760
90	0.01216	0.00912	0.01368	0.01368	0.01520	0.01064	0.01064	0.01520	0.01368	0.01976	0.02279	0.03343	0.02127	0.06382	0.66720	0.01368	0.02279	0.00912	0.00456	0.00760
91	0.01037	0.00741	0.00987	0.01185	0.01234	0.00691	0.00790	0.01185	0.01629	0.02172	0.04690	0.69537	0.05629	0.02666	0.01086	0.00346	0.00494	0.02419	0.00790	0.00691
92	0.01216	0.00912	0.01368	0.01368	0.01520	0.01064	0.01064	0.01520	0.01368	0.01976	0.02279	0.03343	0.02127	0.06382	0.66720	0.01368	0.02279	0.00912	0.00456	0.00760
93	0.01385	0.00907	0.01201	0.01185	0.01348	0.01026	0.00918	0.01720	0.01525	0.02437	0.02420	0.03214	0.02105	0.04107	0.38644	0.00877	0.04404	0.00859	0.28937	0.00780
94	0.02884	0.02203	0.02295	0.06394	0.02628	0.06390	0.01526	0.45562	0.03426	0.04623	0.02064	0.02187	0.01508	0.00996	0.00810	0.00247	0.00911	0.00755	0.11302	0.01290
95	0.01707	0.04402	0.65683	0.02426	0.03683	0.01976	0.03144	0.02695	0.01797	0.02695	0.01527	0.01797	0.01078	0.00809	0.00809	0.00270	0.01258	0.00629	0.00359	0.01258
96	0.02596	0.01333	0.01873	0.01884	0.10068	0.01232	0.01302	0.03047	0.04911	0.32532	0.17958	0.08195	0.03814	0.01350	0.00920	0.00276	0.00670	0.03942	0.00905	0.01195
97	0.72893	0.01765	0.04031	0.01175	0.01734	0.01912	0.01018	0.02510	0.01463	0.03770	0.01200	0.01400	0.00928	0.00791	0.00539	0.00264	0.00684	0.00468	0.00519	0.00936
98	0.02291	0.02064	0.03111	0.03875	0.37851	0.02153	0.06296	0.12966	0.14344	0.03364	0.02050	0.02319	0.01606	0.00878	0.00860	0.00263	0.00962	0.00817	0.00582	0.01351
99	0.09975	0.06063	0.14922	0.02690	0.06024	0.05910	0.23776	0.12158	0.02208	0.03159	0.01603	0.01954	0.01213	0.00832	0.00923	0.00269	0.03883	0.00767	0.00489	0.01180
100	0.02339	0.31287	0.18416	0.02091	0.02885	0.18699	0.08199	0.02813	0.01944	0.02261	0.01353	0.01606	0.01111	0.00783	0.00711	0.00223	0.01202	0.00577	0.00388	0.01111
101	0.01478	0.00739	0.01109	0.01109	0.01109	0.00739	0.00739	0.01109	0.01109	0.01478	0.01478	0.02587	0.01478	0.02956	0.03326	0.75240	0.00739	0.00739	0.00370	0.00370
102	0.02022	0.01981	0.03176	0.20657	0.41680	0.04701	0.04993	0.02634	0.04923	0.02635	0.01664	0.02184	0.01343	0.00804	0.00850	0.00262	0.01066	0.00770	0.00433	0.01223
103	0.02053	0.01762	0.01870	0.01686	0.02148	0.02026	0.01309	0.04320	0.59025	0.03550	0.07688	0.03396	0.02975	0.01195	0.00875	0.00287	0.00655	0.01002	0.00871	0.01309
104	0.01109	0.00866	0.01006	0.00971	0.01213	0.00763	0.00728	0.01422	0.02185	0.02880	0.37699	0.07233	0.34997	0.01938	0.01005	0.00277	0.00416	0.01662	0.00867	0.00763
105	0.03179	0.04056	0.02412	0.02192	0.02631	0.66676	0.01644	0.03398	0.02412	0.02083	0.01315	0.01535	0.01096	0.00877	0.00767	0.00219	0.01535	0.00548	0.00438	0.00987
106	0.03179	0.04056	0.02412	0.02192	0.02631	0.66676	0.01644	0.03398	0.02412	0.02083	0.01315	0.01535	0.01096	0.00877	0.00767	0.00219	0.01535	0.00548	0.00438	0.00987
107	0.02106	0.02022	0.03454	0.05223	0.64784	0.02022	0.02612	0.02612	0.01938	0.02780	0.01601	0.02106	0.01348	0.00758	0.00842	0.00253	0.01011	0.00758	0.00421	0.01348
108	0.01765	0.01513	0.01765	0.01260	0.02017	0.01134	0.01008	0.02143	0.01765	0.02773	0.01513	0.01765	0.01260	0.00630	0.00630	0.00126	0.00630	0.00504	0.00504	0.75295
109	0.01333	0.01032	0.01167	0.01114	0.01377	0.01016	0.00833	0.02023	0.13380	0.02978	0.28128	0.08801	0.22726	0.04476	0.01090	0.00299	0.00481	0.01487	0.05395	0.00862
110	0.02427	0.01984	0.02047	0.01740	0.02275	0.05165	0.01375	0.17089	0.38452	0.06312	0.05593	0.02891	0.02410	0.01103	0.00850	0.00267	0.00761	0.00893	0.00832	0.05533
111	0.13244	0.06966	0.02820	0.02995	0.24135	0.08918	0.04404	0.12190	0.08056	0.05671	0.01799	0.02020	0.01402	0.00861	0.00779	0.00252	0.00971	0.00707	0.00568	0.01241
112	0.02242	0.01954	0.01993	0.01740	0.02257	0.04880	0.01361	0.09627	0.50871	0.03609	0.03104	0.02902	0.02334	0.01094	0.00844	0.00271	0.00732	0.00894	0.00821	0.06472
113	0.01660	0.01556	0.02574	0.61335	0.09035	0.01909	0.02329	0.02310	0.04633	0.02274	0.01610	0.02303	0.01216	0.00860	0.00851	0.00282	0.01106	0.00766	0.00404	0.00987
114	0.01236	0.00830	0.00955	0.00955	0.00964	0.00840	0.00549	0.01255	0.01246	0.01670	0.02657	0.05432	0.03035	0.66180	0.08163	0.00858	0.00914	0.01218	0.00512	0.00531
115	0.02052	0.01780	0.02031	0.01759	0.02254	0.01990	0.04989	0.07674	0.48607	0.03477	0.03865	0.03631	0.09624	0.01235	0.00890	0.00286	0.00709	0.01049	0.00829	0.01268

[dist]
# distance from previous block
# <min> <max>
0	1

[block]
# block no. 4 follows, 21 sequences, length 66
# corresponding to MSA columns:
# 672-737
name=unknown_E
#
# <colnr> <probs for GDERKNQSTAVLIFYWHMCP>
#	G	D	E	R	K	N	Q	S	T	A	V	L	I	F	Y	W	H	M	C	P
0	0.01192	0.00869	0.01121	0.01058	0.01264	0.00798	0.00793	0.01583	0.02380	0.03345	0.60960	0.06468	0.11446	0.01765	0.01004	0.00269	0.00403	0.01555	0.00928	0.00798
1	0.01910	0.09888	0.02823	0.02143	0.02228	0.02695	0.01814	0.02106	0.01353	0.02043	0.01125	0.01804	0.01114	0.01401	0.02530	0.00350	0.60639	0.00711	0.00371	0.00950
2	0.69889	0.01709	0.01362	0.01191	0.01730	0.01971	0.00981	0.07571	0.01666	0.03950	0.01258	0.01439	0.00966	0.00810	0.00554	0.00263	0.00682	0.00487	0.00554	0.00966
3	0.01037	0.00741	0.00987	0.01185	0.01234	0.00691	0.00790	0.01185	0.01629	0.02172	0.04690	0.69537	0.05629	0.02666	0.01086	0.00346	0.00494	0.02419	0.00790	0.00691
4	0.02076	0.02059	0.05953	0.10496	0.37117	0.05313	0.05602	0.02684	0.05646	0.05546	0.02037	0.07940	0.01773	0.00974	0.00870	0.00267	0.01009	0.00913	0.00503	0.01221
5	0.02206	0.01917	0.01967	0.01724	0.02214	0.05552	0.01350	0.10702	0.44072	0.03505	0.02963	0.02884	0.02262	0.01538	0.06461	0.00363	0.00885	0.00885	0.00784	0.05768
6	0.05584	0.06382	0.02474	0.18907	0.09242	0.19446	0.03839	0.02646	0.07078	0.02307	0.01601	0.02084	0.01315	0.01177	0.01173	0.11540	0.01107	0.00692	0.00447	0.00958
7	0.02037	0.02040	0.05479	0.11991	0.52928	0.02010	0.02540	0.02660	0.04936	0.02748	0.01680	0.02166	0.01376	0.00790	0.00843	0.00259	0.01017	0.00764	0.00436	0.01300
8	0.01755	0.09402	0.37482	0.02417	0.06053	0.01963	0.09691	0.02582	0.04710	0.02627	0.02064	0.08147	0.01809	0.01056	0.00859	0.00278	0.01115	0.04372	0.00458	0.01161
9	0.01218	0.00904	0.01330	0.01330	0.01469	0.01043	0.01017	0.01496	0.01357	0.01948	0.02314	0.03533	0.02210	0.11816	0.61399	0.01321	0.02155	0.00940	0.00461	0.00739
10	0.01178	0.00869	0.01101	0.01043	0.01255	0.00792	0.00782	0.01555	0.02347	0.03265	0.56961	0.06599	0.15495	0.01795	0.01004	0.00270	0.00405	0.01573	0.00917	0.00792
11	0.01408	0.00958	0.01067	0.01016	0.01074	0.00980	0.00610	0.06415	0.01473	0.01967	0.02627	0.05268	0.02953	0.64201	0.04035	0.00776	0.00835	0.01197	0.00544	0.00595
12	0.01563	0.01435	0.02381	0.59462	0.05293	0.01759	0.02187	0.02108	0.01773	0.02296	0.07000	0.02934	0.01885	0.00991	0.00878	0.00287	0.01057	0.03342	0.00443	0.00926
13	0.01193	0.00869	0.01122	0.01059	0.01264	0.00798	0.00794	0.01584	0.02382	0.03350	0.61188	0.06460	0.11216	0.01763	0.01004	0.00269	0.00403	0.01554	0.00929	0.00798
14	0.02106	0.02022	0.03454	0.05223	0.64784	0.02022	0.02612	0.02612	0.01938	0.02780	0.01601	0.02106	0.01348	0.00758	0.00842	0.00253	0.01011	0.00758	0.00421	0.01348
15	0.03198	0.02284	0.02463	0.01895	0.02557	0.02510	0.01563	0.57201	0.03850	0.07874	0.02127	0.02122	0.01503	0.01022	0.00842	0.00254	0.00907	0.00771	0.03632	0.01423
16	0.01204	0.00870	0.01138	0.01071	0.01271	0.00803	0.00803	0.01606	0.02409	0.03413	0.64335	0.06357	0.08030	0.01740	0.01004	0.00268	0.00401	0.01539	0.00937	0.00803
17	0.30140	0.02111	0.02073	0.01648	0.02272	0.02370	0.01361	0.39998	0.03059	0.04793	0.01726	0.01799	0.01253	0.00936	0.00731	0.00258	0.00834	0.00653	0.00731	0.01253
18	0.01605	0.01528	0.02635	0.50533	0.05008	0.01819	0.08234	0.02138	0.01758	0.02308	0.05881	0.05875	0.01835	0.01017	0.00980	0.00290	0.04256	0.00916	0.00441	0.00943
19	0.03779	0.01511	0.02014	0.01544	0.02204	0.01344	0.01275	0.08018	0.02541	0.61354	0.03269	0.02839	0.02062	0.01051	0.00855	0.00263	0.00738	0.00850	0.01040	0.01448
20	0.76103	0.01646	0.01251	0.01119	0.01646	0.01909	0.00922	0.02502	0.01448	0.03818	0.01185	0.01382	0.00922	0.00790	0.00527	0.00263	0.00658	0.00461	0.00527	0.00922
21	0.03066	0.03842	0.02522	0.02512	0.09181	0.59862	0.01746	0.03315	0.02362	0.02156	0.01345	0.01595	0.01123	0.00864	0.00775	0.00223	0.01479	0.00570	0.00437	0.01025
22	0.03235	0.02384	0.02554	0.01958	0.02639	0.02639	0.01618	0.61946	0.04001	0.05363	0.02043	0.02043	0.01447	0.01022	0.00851	0.00255	0.00936	0.00766	0.00851	0.01447
23	0.01812	0.08928	0.06139	0.15019	0.07749	0.04665	0.01657	0.08442	0.02035	0.02598	0.03622	0.03808	0.20143	0.01307	0.01068	0.00275	0.08161	0.01020	0.00555	0.00998
24	0.01388	0.01037	0.01469	0.01418	0.01615	0.01198	0.01111	0.06673	0.01592	0.02264	0.02259	0.03232	0.02069	0.05925	0.61102	0.01273	0.02165	0.00899	0.00490	0.00818
25	0.03235	0.02384	0.02554	0.01958	0.02639	0.02639	0.01618	0.61946	0.04001	0.05363	0.02043	0.02043	0.01447	0.01022	0.00851	0.00255	0.00936	0.00766	0.00851	0.01447
26	0.02073	0.27927	0.34688	0.02188	0.05920	0.08791	0.02369	0.02707	0.01839	0.02392	0.01387	0.01631	0.01098	0.00784	0.00712	0.00233	0.01149	0.00565	0.00372	0.01176
27	0.04339	0.04206	0.60562	0.02434	0.03647	0.01982	0.05820	0.02690	0.01794	0.02736	0.01524	0.01806	0.01083	0.00804	0.00808	0.00270	0.01245	0.00641	0.00369	0.01241
28	0.03235	0.02384	0.02554	0.01958	0.02639	0.02639	0.01618	0.61946	0.04001	0.05363	0.02043	0.02043	0.01447	0.01022	0.00851	0.00255	0.00936	0.00766	0.00851	0.01447
29	0.01846	0.02061	0.09235	0.04442	0.02982	0.01759	0.17515	0.02580	0.08355	0.02764	0.03896	0.02244	0.01606	0.00860	0.01012	0.00236	0.07788	0.00767	0.00506	0.27545
30	0.02145	0.01456	0.01765	0.01299	0.01998	0.01136	0.01044	0.02514	0.01944	0.15546	0.06095	0.02302	0.01886	0.00791	0.00701	0.00163	0.00634	0.00645	0.00645	0.55288
31	0.01206	0.00899	0.00971	0.00933	0.01230	0.00764	0.00707	0.01457	0.02041	0.06288	0.16767	0.07591	0.52093	0.02025	0.00996	0.00283	0.00444	0.01700	0.00828	0.00775
32	0.01532	0.01196	0.01793	0.19957	0.02858	0.01292	0.04165	0.02060	0.07015	0.05507	0.05304	0.25108	0.03599	0.05087	0.01156	0.00344	0.00796	0.09677	0.00669	0.00884
33	0.01352	0.00905	0.01174	0.01086	0.01319	0.00826	0.00822	0.01739	0.02386	0.07106	0.57675	0.06245	0.10674	0.01720	0.00995	0.00268	0.00423	0.01511	0.00936	0.00838
34	0.02101	0.02037	0.03540	0.05134	0.61490	0.02029	0.05837	0.02618	0.01942	0.02777	0.01607	0.02117	0.01345	0.00756	0.00851	0.00255	0.01034	0.00772	0.00422	0.01337
35	0.03475	0.01823	0.02193	0.01676	0.02349	0.01795	0.01383	0.26973	0.03020	0.38144	0.02735	0.02496	0.01799	0.01018	0.00842	0.00253	0.00803	0.00801	0.00943	0.05479
36	0.03818	0.01448	0.01975	0.01514	0.02172	0.01251	0.01251	0.04147	0.02436	0.65373	0.03357	0.02897	0.02107	0.01053	0.00856	0.00263	0.00724	0.00856	0.01053	0.01448
37	0.01189	0.00993	0.01314	0.01668	0.11038	0.00909	0.01009	0.01422	0.01814	0.02322	0.05948	0.31998	0.30942	0.02145	0.01013	0.00306	0.00546	0.01887	0.00733	0.00805
38	0.01886	0.01830	0.01686	0.10278	0.02276	0.17708	0.01276	0.02317	0.04928	0.02516	0.08704	0.06791	0.05543	0.01858	0.08978	0.00390	0.03977	0.00960	0.15216	0.00883
39	0.01594	0.00956	0.01262	0.01137	0.01406	0.00870	0.00870	0.01985	0.02413	0.12658	0.55236	0.05841	0.07146	0.01637	0.00982	0.00267	0.00450	0.01437	0.00954	0.00899
40	0.01765	0.01513	0.01765	0.01260	0.02017	0.01134	0.01008	0.02143	0.01765	0.02773	0.01513	0.01765	0.01260	0.00630	0.00630	0.00126	0.00630	0.00504	0.00504	0.75295
41	0.03235	0.02384	0.02554	0.01958	0.02639	0.02639	0.01618	0.61946	0.04001	0.05363	0.02043	0.02043	0.01447	0.01022	0.00851	0.00255	0.00936	0.00766	0.00851	0.01447
42	0.02700	0.01461	0.01919	0.11801	0.02608	0.01366	0.01318	0.07103	0.02198	0.29716	0.02486	0.02511	0.01723	0.00915	0.00772	0.00227	0.00743	0.00746	0.09392	0.18294
43	0.01836	0.01555	0.01803	0.01294	0.02047	0.01208	0.01038	0.05055	0.01874	0.02899	0.01538	0.01778	0.01270	0.00649	0.00641	0.00132	0.00645	0.00517	0.00521	0.71699
44	0.03235	0.02384	0.02554	0.01958	0.02639	0.02639	0.01618	0.61946	0.04001	0.05363	0.02043	0.02043	0.01447	0.01022	0.00851	0.00255	0.00936	0.00766	0.00851	0.01447
45	0.14388	0.01477	0.01869	0.01456	0.02095	0.01347	0.01203	0.03907	0.02291	0.56372	0.03040	0.02675	0.01933	0.01015	0.00808	0.00263	0.00715	0.00798	0.00976	0.01371
46	0.01026	0.00863	0.00890	0.00883	0.01162	0.00727	0.00662	0.01260	0.01987	0.02411	0.14208	0.08006	0.58782	0.02114	0.01006	0.00285	0.00428	0.01770	0.00805	0.00727
47	0.02944	0.01533	0.01871	0.01505	0.02043	0.01507	0.01217	0.15339	0.08369	0.32768	0.14249	0.03398	0.03108	0.01179	0.00869	0.00261	0.00686	0.00969	0.04901	0.01285
48	0.01048	0.00749	0.00998	0.01177	0.01237	0.00699	0.00791	0.01213	0.01682	0.02255	0.08685	0.65305	0.05789	0.02604	0.01081	0.00340	0.00488	0.02360	0.00800	0.00699
49	0.01037	0.00741	0.00987	0.01185	0.01234	0.00691	0.00790	0.01185	0.01629	0.02172	0.04690	0.69537	0.05629	0.02666	0.01086	0.00346	0.00494	0.02419	0.00790	0.00691
50	0.01642	0.01611	0.01489	0.04802	0.01855	0.15923	0.01144	0.01855	0.01820	0.02214	0.03472	0.40569	0.03927	0.02008	0.01075	0.00311	0.04397	0.04943	0.04149	0.00794
51	0.01586	0.00793	0.00793	0.00793	0.00991	0.00793	0.00595	0.01983	0.01785	0.03173	0.02776	0.03173	0.02181	0.00991	0.00595	0.00198	0.00397	0.00793	0.74817	0.00793
52	0.02342	0.01940	0.02051	0.01777	0.02299	0.02222	0.01402	0.16106	0.51295	0.03924	0.03177	0.02947	0.02366	0.01128	0.00863	0.00282	0.00727	0.00923	0.00863	0.01367
53	0.58752	0.07647	0.03842	0.05715	0.02091	0.02070	0.01173	0.05398	0.01626	0.03591	0.01260	0.01487	0.00981	0.00801	0.00575	0.00258	0.00745	0.00501	0.00513	0.00975
54	0.03070	0.02159	0.02355	0.01859	0.02496	0.02368	0.01518	0.43244	0.16151	0.11994	0.02492	0.02378	0.01764	0.01053	0.00855	0.00263	0.00857	0.00817	0.00878	0.01426
55	0.01735	0.07673	0.62658	0.02378	0.03609	0.02045	0.03061	0.02688	0.01793	0.02661	0.01510	0.01775	0.01079	0.00805	0.00796	0.00265	0.01241	0.00620	0.00360	0.01250
56	0.01371	0.00980	0.01371	0.01567	0.01763	0.00980	0.01371	0.01763	0.01959	0.02547	0.04506	0.09599	0.04898	0.02351	0.01175	0.00392	0.00784	0.59056	0.00784	0.00784
57	0.01170	0.00862	0.01094	0.01049	0.01254	0.00786	0.00782	0.01535	0.02309	0.03206	0.54128	0.09740	0.15238	0.01840	0.01008	0.00274	0.00410	0.01616	0.00910	0.00786
58	0.01039	0.00798	0.00953	0.01053	0.01205	0.00711	0.00737	0.01235	0.01813	0.02326	0.11264	0.40951	0.28071	0.02394	0.01049	0.00317	0.00462	0.02109	0.00803	0.00711
59	0.68882	0.01664	0.01317	0.01179	0.01701	0.01929	0.00963	0.02699	0.07480	0.03793	0.01407	0.01557	0.01085	0.00826	0.00560	0.00266	0.00660	0.00510	0.00560	0.00963
60	0.01478	0.00739	0.01109	0.01109	0.01109	0.00739	0.00739	0.01109	0.01109	0.01478	0.01478	0.02587	0.01478	0.02956	0.03326	0.75240	0.00739	0.00739	0.00370	0.00370
61	0.01632	0.01538	0.02597	0.64943	0.08773	0.01897	0.02376	0.02196	0.01713	0.02204	0.01517	0.02261	0.01145	0.00846	0.00850	0.00282	0.01128	0.00756	0.00380	0.00965
62	0.03693	0.01452	0.02008	0.05272	0.02381	0.01287	0.01314	0.04036	0.02394	0.61804	0.03253	0.02861	0.02052	0.01042	0.00856	0.00264	0.00747	0.00850	0.01015	0.01420
63	0.01765	0.01513	0.01765	0.01260	0.02017	0.01134	0.01008	0.02143	0.01765	0.02773	0.01513	0.01765	0.01260	0.00630	0.00630	0.00126	0.00630	0.00504	0.00504	0.75295
64	0.02771	0.01590	0.01933	0.05293	0.02283	0.01619	0.01297	0.16266	0.11300	0.26797	0.10623	0.03492	0.05782	0.03774	0.01012	0.00289	0.00737	0.00989	0.00897	0.01256
65	0.02750	0.02559	0.02490	0.10759	0.03012	0.19829	0.05026	0.28426	0.02905	0.03626	0.01815	0.02072	0.01376	0.01124	0.03082	0.00285	0.01163	0.00726	0.05806	0.01169

[dist]
# distance from previous block
# <min> <max>
0	2

[block]
# block no. 5 follows, 21 sequences, length 103
# corresponding to MSA columns:
# 740-842
name=unknown_F
#
# <colnr> <probs for GDERKNQSTAVLIFYWHMCP>
#	G	D	E	R	K	N	Q	S	T	A	V	L	I	F	Y	W	H	M	C	P
0	0.70212	0.01635	0.01354	0.06412	0.01979	0.01908	0.01036	0.02476	0.01468	0.03688	0.01211	0.01453	0.00938	0.00795	0.00552	0.00265	0.00696	0.00484	0.00515	0.00924
1	0.02402	0.42762	0.07221	0.01648	0.02333	0.08056	0.01554	0.12175	0.05817	0.02752	0.04827	0.01883	0.01604	0.00870	0.00671	0.00213	0.00944	0.00610	0.00507	0.01150
2	0.01950	0.01548	0.01812	0.01306	0.02054	0.01209	0.01050	0.04939	0.01904	0.06525	0.01644	0.01843	0.01318	0.00672	0.00653	0.00140	0.00649	0.00536	0.00552	0.67697
3	0.01193	0.00876	0.01122	0.01078	0.01287	0.00804	0.00820	0.01574	0.02332	0.03242	0.54821	0.06745	0.13902	0.01820	0.01014	0.00277	0.00427	0.04961	0.00912	0.00793
4	0.01685	0.01591	0.02740	0.46101	0.11619	0.01858	0.07865	0.02216	0.01740	0.02333	0.01725	0.05311	0.01422	0.00944	0.00949	0.00283	0.04032	0.00856	0.03741	0.00990
5	0.72160	0.01601	0.01227	0.01102	0.01611	0.01850	0.00904	0.02474	0.01466	0.03784	0.01269	0.01477	0.00988	0.00801	0.00530	0.00260	0.00644	0.00478	0.04458	0.00915
6	0.01216	0.00912	0.01368	0.01368	0.01520	0.01064	0.01064	0.01520	0.01368	0.01976	0.02279	0.03343	0.02127	0.06382	0.66720	0.01368	0.02279	0.00912	0.00456	0.00760
7	0.01218	0.00902	0.01318	0.01318	0.01453	0.01037	0.01002	0.01488	0.01353	0.01939	0.02325	0.03595	0.02237	0.13579	0.59673	0.01306	0.02115	0.00949	0.00463	0.00732
8	0.01037	0.00741	0.00987	0.01185	0.01234	0.00691	0.00790	0.01185	0.01629	0.02172	0.04690	0.69537	0.05629	0.02666	0.01086	0.00346	0.00494	0.02419	0.00790	0.00691
9	0.02275	0.70604	0.04459	0.01456	0.02184	0.03367	0.01456	0.02548	0.01729	0.02002	0.01183	0.01365	0.01092	0.00728	0.00546	0.00182	0.00910	0.00455	0.00364	0.01092
10	0.01986	0.02388	0.08424	0.03503	0.06305	0.02161	0.53159	0.02685	0.01957	0.02691	0.01675	0.02237	0.01272	0.00764	0.01080	0.00289	0.04889	0.00960	0.00423	0.01150
11	0.01724	0.01592	0.02576	0.43580	0.17556	0.01847	0.02224	0.02409	0.06659	0.02478	0.04264	0.02844	0.01756	0.00967	0.00873	0.00283	0.01026	0.03826	0.00468	0.01048
12	0.01873	0.22062	0.46451	0.02219	0.03317	0.02358	0.05403	0.02657	0.01788	0.02511	0.01444	0.01704	0.01092	0.00783	0.00747	0.00247	0.01173	0.00600	0.00364	0.01208
13	0.02146	0.02053	0.06813	0.04175	0.46145	0.01934	0.02301	0.02904	0.10181	0.06524	0.01999	0.02431	0.01622	0.03899	0.00999	0.00285	0.00955	0.00805	0.00519	0.01311
14	0.40802	0.02028	0.07475	0.01477	0.02122	0.01974	0.01315	0.14498	0.05513	0.08815	0.01703	0.01792	0.01246	0.00869	0.00667	0.00256	0.00772	0.00598	0.00635	0.05441
15	0.01941	0.02010	0.12066	0.02116	0.02707	0.01655	0.14203	0.06052	0.13005	0.07862	0.03081	0.12872	0.02837	0.01427	0.00973	0.00309	0.00937	0.12152	0.00686	0.01110
16	0.02356	0.09472	0.22232	0.02430	0.10037	0.02221	0.04805	0.14795	0.12003	0.08260	0.02063	0.02166	0.01514	0.00907	0.00817	0.00260	0.01005	0.00741	0.00602	0.01314
17	0.02074	0.05165	0.01715	0.01368	0.01786	0.01439	0.01084	0.06110	0.17272	0.15302	0.21209	0.07466	0.11557	0.01460	0.00911	0.00272	0.00596	0.01234	0.00881	0.01097
