[name]
unknown

[dist]
# distance from previous block
# <min> <max>
0	0

[block]
# block no. 0 follows, 25 sequences, length 113
# corresponding to MSA columns:
# 0-112
name=unknown_A
#
# <colnr> <probs for GDERKNQSTAVLIFYWHMCP>
#	G	D	E	R	K	N	Q	S	T	A	V	L	I	F	Y	W	H	M	C	P
0	0.01249	0.00892	0.01249	0.01428	0.01606	0.00892	0.01249	0.01606	0.01785	0.02320	0.04105	0.08746	0.04462	0.02142	0.01071	0.00357	0.00714	0.62695	0.00714	0.00714
1	0.01608	0.01378	0.01608	0.01148	0.01837	0.01034	0.00919	0.01952	0.01608	0.02527	0.01378	0.01608	0.01148	0.00574	0.00574	0.00115	0.00574	0.00459	0.00459	0.77491
2	0.00943	0.00681	0.00894	0.01064	0.01120	0.00631	0.00713	0.01081	0.01500	0.01986	0.04467	0.68740	0.08508	0.02404	0.00986	0.00312	0.00447	0.02174	0.00720	0.00631
3	0.01028	0.00710	0.00875	0.00973	0.00998	0.00685	0.00606	0.01101	0.01322	0.01763	0.03442	0.41715	0.04079	0.34391	0.02334	0.00513	0.00587	0.01715	0.00606	0.00557
4	0.01464	0.01066	0.01172	0.01057	0.01375	0.01032	0.00812	0.08134	0.09667	0.07454	0.16265	0.05626	0.35428	0.04734	0.01011	0.00276	0.00495	0.01329	0.00763	0.00841
5	0.02089	0.02314	0.04431	0.03238	0.03989	0.06936	0.58492	0.02634	0.01962	0.02602	0.01728	0.02295	0.01347	0.00797	0.00974	0.00291	0.01357	0.00936	0.00460	0.01127
6	0.05719	0.11114	0.02364	0.01879	0.02318	0.57461	0.01453	0.05126	0.02146	0.02054	0.01204	0.01392	0.01003	0.00786	0.00671	0.00199	0.01287	0.00494	0.00408	0.00922
7	0.01630	0.01552	0.02577	0.38424	0.28357	0.01773	0.02144	0.02088	0.01613	0.02184	0.01634	0.02195	0.03699	0.00832	0.00906	0.00254	0.06050	0.00726	0.00373	0.00990
8	0.14819	0.01808	0.12262	0.31794	0.09042	0.01627	0.01860	0.02220	0.01603	0.07085	0.01786	0.02150	0.04480	0.00819	0.00718	0.00245	0.00891	0.00672	0.00435	0.03682
9	0.00991	0.00771	0.00905	0.00966	0.01131	0.00701	0.00688	0.01257	0.04062	0.02230	0.14545	0.34651	0.30145	0.02076	0.00943	0.00282	0.00421	0.01818	0.00741	0.00676
10	0.13977	0.34927	0.28726	0.01621	0.02443	0.02364	0.01847	0.02367	0.01559	0.02333	0.01200	0.01399	0.00965	0.00701	0.00588	0.00209	0.00916	0.00477	0.00354	0.01029
11	0.01462	0.01304	0.02145	0.62968	0.04839	0.01610	0.01971	0.01961	0.01559	0.02084	0.01508	0.02160	0.01141	0.00790	0.00749	0.00250	0.00958	0.00693	0.09002	0.00846
12	0.01066	0.00847	0.00970	0.00928	0.01176	0.00724	0.00674	0.01285	0.01712	0.02256	0.15786	0.18212	0.31335	0.07484	0.01125	0.00287	0.00453	0.01496	0.00685	0.11500
13	0.07225	0.01650	0.01936	0.20962	0.02893	0.04698	0.01476	0.18291	0.12552	0.03045	0.02116	0.02382	0.04177	0.01297	0.05797	0.00320	0.03500	0.00746	0.03930	0.01009
14	0.02834	0.02023	0.02195	0.01719	0.02309	0.02227	0.01408	0.50791	0.13239	0.09882	0.02160	0.02085	0.01530	0.00952	0.00778	0.00238	0.00800	0.00732	0.00793	0.01305
15	0.01981	0.01691	0.01783	0.01588	0.02036	0.01953	0.01240	0.07251	0.63298	0.03328	0.03090	0.02840	0.02313	0.01046	0.00788	0.00261	0.00626	0.00867	0.00788	0.01232
16	0.12166	0.01749	0.10803	0.01463	0.02058	0.01449	0.01328	0.03323	0.15963	0.32574	0.07044	0.02600	0.02124	0.00962	0.00747	0.00246	0.00688	0.00770	0.00768	0.01175
17	0.04684	0.23576	0.41511	0.01843	0.02761	0.02156	0.02192	0.05775	0.01736	0.02469	0.03737	0.01674	0.01231	0.00757	0.00667	0.00222	0.00990	0.00559	0.00378	0.01085
18	0.00973	0.00689	0.00898	0.01046	0.01091	0.00649	0.00689	0.01100	0.01465	0.01960	0.06342	0.61337	0.04916	0.11287	0.01361	0.00368	0.00485	0.02039	0.00693	0.00613
19	0.01126	0.00756	0.00867	0.00867	0.00874	0.00763	0.00496	0.01141	0.01134	0.01519	0.02424	0.04966	0.02772	0.69196	0.07437	0.00778	0.00822	0.01112	0.00467	0.00482
20	0.10642	0.27532	0.11559	0.01503	0.02170	0.02219	0.01457	0.15273	0.02075	0.13449	0.01716	0.04269	0.01343	0.00846	0.00647	0.00216	0.00810	0.00619	0.00553	0.01103
21	0.01825	0.01781	0.02864	0.24266	0.46626	0.04622	0.02276	0.02291	0.01720	0.02343	0.01424	0.01941	0.01161	0.00720	0.00767	0.00237	0.00974	0.00682	0.00373	0.01106
22	0.01344	0.01188	0.01526	0.01441	0.01559	0.05451	0.01132	0.01579	0.01285	0.01805	0.01814	0.02759	0.01728	0.07975	0.47681	0.00962	0.16848	0.00793	0.00401	0.00727
23	0.01820	0.01504	0.01721	0.01249	0.01927	0.01250	0.01006	0.11972	0.01930	0.02900	0.01455	0.01648	0.01175	0.00631	0.00606	0.00133	0.00618	0.00497	0.00509	0.65448
24	0.01666	0.01652	0.02317	0.01995	0.02002	0.02303	0.01659	0.01841	0.01190	0.01863	0.01072	0.01765	0.01065	0.01585	0.05978	0.00386	0.67789	0.00686	0.00343	0.00840
25	0.00972	0.00690	0.00909	0.01061	0.01105	0.00658	0.00703	0.01098	0.01435	0.01919	0.03975	0.61786	0.04733	0.10342	0.04336	0.00404	0.00555	0.02025	0.00679	0.00615
26	0.01831	0.02034	0.06146	0.07392	0.25577	0.01903	0.38491	0.02421	0.01787	0.02472	0.01515	0.02017	0.01180	0.00676	0.00852	0.00250	0.01157	0.00816	0.00385	0.01101
27	0.01636	0.11138	0.57185	0.02301	0.07880	0.01937	0.02668	0.02436	0.01640	0.02395	0.01363	0.01616	0.01001	0.00726	0.00714	0.00236	0.01096	0.00565	0.00332	0.01136
28	0.02737	0.03066	0.02202	0.01923	0.02340	0.45210	0.01487	0.15875	0.07534	0.02617	0.01477	0.01636	0.01175	0.00890	0.00865	0.00222	0.06650	0.00584	0.00503	0.01007
29	0.07302	0.01329	0.01766	0.01361	0.01955	0.01170	0.01124	0.03702	0.02173	0.65128	0.02958	0.02569	0.01864	0.00947	0.00764	0.00240	0.00657	0.00761	0.00935	0.01295
30	0.01648	0.01593	0.02783	0.42978	0.26641	0.01782	0.07157	0.02157	0.01646	0.02209	0.01421	0.02018	0.01111	0.00737	0.00784	0.00249	0.01017	0.00707	0.00362	0.01001
31	0.02260	0.01869	0.10370	0.01717	0.02309	0.01635	0.07483	0.10023	0.22281	0.19126	0.07869	0.02877	0.04579	0.01013	0.00805	0.00250	0.00756	0.00868	0.00736	0.01173
32	0.01128	0.00752	0.00846	0.00846	0.00846	0.00752	0.00470	0.01128	0.01128	0.01503	0.02443	0.05074	0.02819	0.72751	0.03946	0.00752	0.00752	0.01128	0.00470	0.00470
33	0.01445	0.01348	0.02215	0.59772	0.04736	0.01685	0.01999	0.01913	0.01547	0.02020	0.04283	0.05112	0.01470	0.00923	0.00925	0.00266	0.06334	0.00782	0.00381	0.00845
34	0.02919	0.02189	0.07057	0.01760	0.02415	0.02189	0.01529	0.52402	0.03306	0.13366	0.01991	0.01951	0.01376	0.00921	0.00773	0.00235	0.00848	0.00700	0.00768	0.01306
35	0.01715	0.01775	0.05928	0.30871	0.35353	0.01801	0.06911	0.02232	0.01679	0.02306	0.01431	0.01978	0.01136	0.00724	0.00780	0.00244	0.01005	0.00701	0.00366	0.01065
36	0.06144	0.01501	0.01766	0.01413	0.04933	0.01295	0.01077	0.10274	0.01927	0.10158	0.01613	0.01749	0.01242	0.00675	0.00626	0.00156	0.00637	0.00534	0.00553	0.51727
37	0.01443	0.00957	0.01237	0.04225	0.01567	0.00895	0.00898	0.05021	0.01726	0.09499	0.05689	0.41911	0.06298	0.01963	0.03344	0.00304	0.00589	0.01589	0.00694	0.10150
38	0.01336	0.01168	0.06668	0.06184	0.01723	0.00970	0.01054	0.04161	0.02135	0.05994	0.49551	0.07343	0.05790	0.01435	0.00881	0.00247	0.00513	0.01257	0.00771	0.00820
39	0.01959	0.33796	0.13373	0.01569	0.02194	0.08571	0.01526	0.02760	0.16620	0.02312	0.04476	0.01956	0.01611	0.00993	0.03016	0.00244	0.00905	0.00610	0.00468	0.01042
40	0.01083	0.00792	0.01017	0.00961	0.01150	0.00726	0.00720	0.01436	0.02161	0.03030	0.62854	0.05922	0.12016	0.01615	0.00915	0.00245	0.00368	0.01420	0.00843	0.00726
41	0.07533	0.61733	0.09737	0.01385	0.02079	0.02857	0.01431	0.02331	0.01563	0.02001	0.01107	0.01281	0.00983	0.00674	0.00518	0.00178	0.00841	0.00429	0.00342	0.00998
42	0.01716	0.01399	0.01628	0.01193	0.01858	0.01110	0.00953	0.02208	0.06868	0.05488	0.01595	0.01757	0.01281	0.00630	0.00601	0.00132	0.00581	0.00507	0.00508	0.67987
43	0.01908	0.01868	0.03282	0.04467	0.57697	0.01860	0.10270	0.02449	0.03881	0.02550	0.01528	0.01973	0.01259	0.00698	0.00787	0.00235	0.00960	0.00725	0.00398	0.01205
44	0.07026	0.00904	0.01049	0.03500	0.01294	0.00959	0.03419	0.01879	0.01590	0.02837	0.02275	0.02656	0.01792	0.00895	0.00650	0.00198	0.03570	0.00706	0.62047	0.00756
45	0.00960	0.00681	0.00895	0.01060	0.01101	0.00640	0.00698	0.01084	0.01454	0.01939	0.04117	0.66492	0.04930	0.08452	0.01243	0.00352	0.00476	0.02112	0.00698	0.00616
46	0.00945	0.00675	0.00900	0.01080	0.01125	0.00630	0.00720	0.01080	0.01484	0.01979	0.04274	0.72245	0.05128	0.02429	0.00990	0.00315	0.00450	0.02204	0.00720	0.00630
47	0.01108	0.00831	0.01246	0.01246	0.01385	0.00969	0.00969	0.01385	0.01246	0.01800	0.02077	0.03046	0.01938	0.05815	0.69678	0.01246	0.02077	0.00831	0.00415	0.00692
48	0.01077	0.00792	0.01008	0.00954	0.01146	0.00723	0.00716	0.01424	0.02147	0.02995	0.60779	0.05980	0.14114	0.01628	0.00915	0.00246	0.00369	0.01429	0.00838	0.00723
49	0.01816	0.02049	0.04338	0.03135	0.03835	0.02005	0.58252	0.02417	0.01761	0.02417	0.01509	0.02049	0.01159	0.00730	0.01091	0.00270	0.08868	0.00889	0.00386	0.01024
50	0.01830	0.02092	0.04575	0.03268	0.04052	0.01961	0.65098	0.02484	0.01830	0.02484	0.01569	0.02092	0.01176	0.00654	0.00915	0.00261	0.01307	0.00915	0.00392	0.01046
51	0.01464	0.01378	0.02326	0.70887	0.05340	0.01723	0.02153	0.01981	0.01550	0.01981	0.01378	0.02067	0.01034	0.00775	0.00775	0.00258	0.01034	0.00689	0.00345	0.00861
52	0.01555	0.04011	0.68733	0.02210	0.03356	0.01801	0.02865	0.02455	0.01637	0.02455	0.01391	0.01637	0.00982	0.00737	0.00737	0.00246	0.01146	0.00573	0.00327	0.01146
53	0.01142	0.00740	0.00838	0.00857	0.00882	0.00736	0.00504	0.01195	0.01219	0.01703	0.02648	0.12013	0.02976	0.57539	0.03266	0.00644	0.00678	0.01199	0.08707	0.00514
54	0.03479	0.01320	0.01799	0.01380	0.01979	0.01140	0.01140	0.03779	0.02219	0.68451	0.03059	0.02639	0.01919	0.00960	0.00780	0.00240	0.00660	0.00780	0.00960	0.01320
55	0.03419	0.01333	0.01798	0.01387	0.01981	0.01170	0.01143	0.03792	0.04703	0.65932	0.03063	0.02649	0.01937	0.00963	0.00780	0.00241	0.00658	0.00783	0.00953	0.01316
56	0.01929	0.01666	0.01753	0.01578	0.02016	0.01929	0.01227	0.04120	0.66513	0.03243	0.03156	0.02893	0.02367	0.01052	0.00789	0.00263	0.00614	0.00877	0.00789	0.01227
57	0.01929	0.01666	0.01753	0.01578	0.02016	0.01929	0.01227	0.04120	0.66513	0.03243	0.03156	0.02893	0.02367	0.01052	0.00789	0.00263	0.00614	0.00877	0.00789	0.01227
58	0.01579	0.01347	0.01577	0.01145	0.01806	0.01016	0.00910	0.01914	0.01602	0.02502	0.01505	0.04713	0.01323	0.00656	0.00592	0.00124	0.00569	0.00536	0.00471	0.74111
59	0.05759	0.01400	0.01786	0.01405	0.01969	0.01306	0.01148	0.09806	0.05713	0.53359	0.02932	0.05715	0.01993	0.01021	0.00779	0.00244	0.00665	0.00830	0.00905	0.01267
60	0.02073	0.73217	0.04063	0.01327	0.01990	0.03068	0.01327	0.02322	0.01575	0.01824	0.01078	0.01244	0.00995	0.00663	0.00498	0.00166	0.00829	0.00415	0.00332	0.00995
61	0.02440	0.07945	0.05397	0.02741	0.18602	0.31104	0.08382	0.09683	0.02147	0.02462	0.01373	0.01647	0.01108	0.00760	0.00734	0.00217	0.01161	0.00608	0.00429	0.01058
62	0.02335	0.01629	0.01763	0.01450	0.01855	0.04339	0.01161	0.32388	0.02566	0.08299	0.02042	0.02343	0.01584	0.04083	0.07322	0.03087	0.03962	0.00727	0.16026	0.01038
63	0.01091	0.00792	0.01027	0.00969	0.01154	0.00729	0.00727	0.01451	0.02180	0.03073	0.65381	0.05851	0.09462	0.01599	0.00915	0.00245	0.00367	0.01411	0.00849	0.00729
64	0.06897	0.01998	0.02137	0.01683	0.02266	0.02207	0.01378	0.48115	0.13241	0.08935	0.02104	0.02044	0.01498	0.00940	0.00762	0.00238	0.00789	0.00717	0.00774	0.01278
65	0.01069	0.00790	0.00987	0.00939	0.01126	0.00720	0.00697	0.01391	0.02077	0.02871	0.54865	0.06029	0.16874	0.04905	0.01054	0.00270	0.00388	0.01428	0.00814	0.00707
66	0.00950	0.00757	0.00856	0.00928	0.01113	0.00664	0.00679	0.01138	0.01676	0.02073	0.06416	0.28683	0.42660	0.02128	0.00951	0.00286	0.00435	0.06237	0.00719	0.00651
67	0.78228	0.01499	0.01140	0.01020	0.01499	0.01739	0.00840	0.02279	0.01320	0.03479	0.01080	0.01260	0.00840	0.00720	0.00480	0.00240	0.00600	0.00420	0.00480	0.00840
68	0.02947	0.02172	0.02327	0.01784	0.02404	0.02404	0.01474	0.65329	0.03646	0.04887	0.01862	0.01862	0.01319	0.00931	0.00776	0.00233	0.00853	0.00698	0.00776	0.01319
69	0.07592	0.59504	0.06360	0.01346	0.02011	0.02767	0.01341	0.02440	0.01611	0.07275	0.01249	0.01372	0.01057	0.00694	0.00529	0.00180	0.00812	0.00451	0.00392	0.01016
70	0.02073	0.73217	0.04063	0.01327	0.01990	0.03068	0.01327	0.02322	0.01575	0.01824	0.01078	0.01244	0.00995	0.00663	0.00498	0.00166	0.00829	0.00415	0.00332	0.00995
71	0.03479	0.01320	0.01799	0.01380	0.01979	0.01140	0.01140	0.03779	0.02219	0.68451	0.03059	0.02639	0.01919	0.00960	0.00780	0.00240	0.00660	0.00780	0.00960	0.01320
72	0.01929	0.01666	0.01753	0.01578	0.02016	0.01929	0.01227	0.04120	0.66513	0.03243	0.03156	0.02893	0.02367	0.01052	0.00789	0.00263	0.00614	0.00877	0.00789	0.01227
73	0.01929	0.01666	0.01753	0.01578	0.02016	0.01929	0.01227	0.04120	0.66513	0.03243	0.03156	0.02893	0.02367	0.01052	0.00789	0.00263	0.00614	0.00877	0.00789	0.01227
74	0.01445	0.00723	0.00723	0.00723	0.00903	0.00723	0.00542	0.01807	0.01626	0.02891	0.02529	0.02891	0.01987	0.00903	0.00542	0.00181	0.00361	0.00723	0.77055	0.00723
75	0.01696	0.01696	0.02375	0.02036	0.02036	0.02375	0.01696	0.01866	0.01187	0.01866	0.01018	0.01696	0.01018	0.01357	0.02545	0.00339	0.71332	0.00679	0.00339	0.00848
76	0.00956	0.00681	0.00903	0.01068	0.01116	0.00637	0.00712	0.01094	0.01497	0.02002	0.06391	0.67645	0.05124	0.04817	0.01089	0.00327	0.00457	0.02140	0.00716	0.00628
77	0.01088	0.00792	0.01023	0.00965	0.01152	0.00728	0.00724	0.01445	0.02172	0.03055	0.64337	0.05880	0.10517	0.01605	0.00915	0.00245	0.00367	0.01415	0.00846	0.00728
78	0.01379	0.00845	0.01116	0.01038	0.01257	0.00771	0.00781	0.01710	0.02116	0.11175	0.52169	0.13019	0.06388	0.01604	0.00906	0.00252	0.00412	0.01416	0.00851	0.00794
79	0.00955	0.00683	0.00909	0.01072	0.01127	0.00637	0.00721	0.01106	0.01533	0.02057	0.08632	0.67664	0.05279	0.02371	0.00984	0.00310	0.00444	0.02149	0.00729	0.00637
80	0.01489	0.01427	0.02480	0.66234	0.05252	0.01739	0.06485	0.02016	0.01570	0.02016	0.01391	0.02069	0.01043	0.00767	0.00785	0.00259	0.01052	0.00705	0.00348	0.00874
81	0.01696	0.01696	0.02375	0.02036	0.02036	0.02375	0.01696	0.01866	0.01187	0.01866	0.01018	0.01696	0.01018	0.01357	0.02545	0.00339	0.71332	0.00679	0.00339	0.00848
82	0.01929	0.01666	0.01753	0.01578	0.02016	0.01929	0.01227	0.04120	0.66513	0.03243	0.03156	0.02893	0.02367	0.01052	0.00789	0.00263	0.00614	0.00877	0.00789	0.01227
83	0.78228	0.01499	0.01140	0.01020	0.01499	0.01739	0.00840	0.02279	0.01320	0.03479	0.01080	0.01260	0.00840	0.00720	0.00480	0.00240	0.00600	0.00420	0.00480	0.00840
84	0.02947	0.02172	0.02327	0.01784	0.02404	0.02404	0.01474	0.65329	0.03646	0.04887	0.01862	0.01862	0.01319	0.00931	0.00776	0.00233	0.00853	0.00698	0.00776	0.01319
85	0.78228	0.01499	0.01140	0.01020	0.01499	0.01739	0.00840	0.02279	0.01320	0.03479	0.01080	0.01260	0.00840	0.00720	0.00480	0.00240	0.00600	0.00420	0.00480	0.00840
86	0.03479	0.01320	0.01799	0.01380	0.01979	0.01140	0.01140	0.03779	0.02219	0.68451	0.03059	0.02639	0.01919	0.00960	0.00780	0.00240	0.00660	0.00780	0.00960	0.01320
87	0.02054	0.01174	0.01454	0.01252	0.01629	0.01156	0.00983	0.02850	0.18091	0.23751	0.31283	0.04081	0.04391	0.01256	0.00841	0.00247	0.00520	0.01076	0.00871	0.01039
88	0.01445	0.00723	0.00723	0.00723	0.00903	0.00723	0.00542	0.01807	0.01626	0.02891	0.02529	0.02891	0.01987	0.00903	0.00542	0.00181	0.00361	0.00723	0.77055	0.00723
89	0.00952	0.00684	0.00904	0.01066	0.01124	0.00636	0.00717	0.01101	0.01530	0.02043	0.07734	0.66870	0.07024	0.02371	0.00984	0.00310	0.00444	0.02145	0.00727	0.00636
90	0.06742	0.01365	0.01794	0.01382	0.01977	0.01222	0.01141	0.06424	0.02242	0.62795	0.02919	0.02544	0.01845	0.00948	0.00766	0.00240	0.00666	0.00760	0.00930	0.01298
91	0.01696	0.01696	0.02375	0.02036	0.02036	0.02375	0.01696	0.01866	0.01187	0.01866	0.01018	0.01696	0.01018	0.01357	0.02545	0.00339	0.71332	0.00679	0.00339	0.00848
92	0.01376	0.00716	0.00747	0.00772	0.00934	0.00710	0.00567	0.01706	0.01606	0.02764	0.02771	0.12509	0.02423	0.01115	0.00604	0.00199	0.00374	0.00928	0.66469	0.00710
93	0.02073	0.73217	0.04063	0.01327	0.01990	0.03068	0.01327	0.02322	0.01575	0.01824	0.01078	0.01244	0.00995	0.00663	0.00498	0.00166	0.00829	0.00415	0.00332	0.00995
94	0.78228	0.01499	0.01140	0.01020	0.01499	0.01739	0.00840	0.02279	0.01320	0.03479	0.01080	0.01260	0.00840	0.00720	0.00480	0.00240	0.00600	0.00420	0.00480	0.00840
95	0.02947	0.02172	0.02327	0.01784	0.02404	0.02404	0.01474	0.65329	0.03646	0.04887	0.01862	0.01862	0.01319	0.00931	0.00776	0.00233	0.00853	0.00698	0.00776	0.01319
96	0.08125	0.05361	0.02275	0.07664	0.05236	0.13026	0.01488	0.37877	0.02830	0.03759	0.01630	0.01772	0.01214	0.00859	0.00721	0.00225	0.00922	0.00633	0.03243	0.01140
97	0.01929	0.01666	0.01753	0.01578	0.02016	0.01929	0.01227	0.04120	0.66513	0.03243	0.03156	0.02893	0.02367	0.01052	0.00789	0.00263	0.00614	0.00877	0.00789	0.01227
98	0.01490	0.00757	0.01113	0.04102	0.01258	0.00759	0.00757	0.01262	0.01130	0.06239	0.01555	0.02571	0.01486	0.07799	0.02838	0.62640	0.00694	0.00716	0.00392	0.00441
99	0.02596	0.01890	0.02113	0.06684	0.02466	0.02102	0.01421	0.37445	0.21477	0.10055	0.02310	0.02245	0.01655	0.00957	0.00780	0.00244	0.00779	0.00756	0.00765	0.01259
100	0.01555	0.04011	0.68733	0.02210	0.03356	0.01801	0.02865	0.02455	0.01637	0.02455	0.01391	0.01637	0.00982	0.00737	0.00737	0.00246	0.01146	0.00573	0.00327	0.01146
101	0.01077	0.00792	0.01008	0.00954	0.01146	0.00723	0.00715	0.01423	0.02146	0.02993	0.60663	0.05983	0.14231	0.01629	0.00915	0.00246	0.00369	0.01429	0.00838	0.00723
102	0.01737	0.01531	0.02141	0.01575	0.02224	0.01307	0.12012	0.08648	0.01851	0.02726	0.01682	0.07086	0.01474	0.00766	0.00686	0.00168	0.00720	0.00696	0.00501	0.50471
103	0.01029	0.00738	0.00961	0.01101	0.01175	0.00703	0.00749	0.03547	0.01603	0.02148	0.07416	0.66164	0.05095	0.02329	0.00978	0.00308	0.00461	0.02106	0.00729	0.00661
104	0.00992	0.00784	0.00889	0.00941	0.01118	0.00711	0.00670	0.01259	0.04526	0.02156	0.10486	0.30157	0.35713	0.04655	0.01048	0.00297	0.00434	0.01770	0.00723	0.00670
105	0.01148	0.00862	0.01071	0.01006	0.01217	0.00821	0.00758	0.01645	0.07328	0.03027	0.56838	0.05712	0.12468	0.01577	0.00905	0.00247	0.00388	0.01382	0.00836	0.00764
106	0.07588	0.02104	0.02855	0.04061	0.52967	0.12332	0.02132	0.02483	0.01800	0.02503	0.01391	0.01791	0.01165	0.00710	0.00736	0.00226	0.00972	0.00642	0.00393	0.01149
107	0.03376	0.01371	0.01817	0.01406	0.01998	0.01231	0.01157	0.06195	0.05689	0.62512	0.03017	0.02622	0.01920	0.00963	0.00780	0.00241	0.00665	0.00782	0.00943	0.01315
108	0.01097	0.00793	0.01036	0.00975	0.01158	0.00732	0.00732	0.01463	0.02195	0.03109	0.67505	0.05792	0.07316	0.01585	0.00914	0.00244	0.00366	0.01402	0.00854	0.00732
109	0.02148	0.01713	0.01774	0.01578	0.02024	0.05465	0.01241	0.05886	0.50495	0.10331	0.03048	0.03061	0.02321	0.01082	0.00798	0.00261	0.00674	0.04123	0.00782	0.01195
110	0.02762	0.05883	0.02299	0.01700	0.02286	0.02284	0.01404	0.51686	0.09011	0.07114	0.02068	0.04379	0.01551	0.00980	0.00769	0.00235	0.00809	0.00754	0.00759	0.01269
111	0.00967	0.00705	0.00960	0.04048	0.01304	0.00676	0.00781	0.01118	0.01487	0.01979	0.04150	0.69261	0.04954	0.02359	0.00981	0.00312	0.00475	0.02140	0.00704	0.00640
112	0.02841	0.02196	0.02294	0.04455	0.02500	0.05795	0.01490	0.56895	0.06369	0.04546	0.01868	0.01893	0.01339	0.00924	0.00772	0.00233	0.00877	0.00696	0.00740	0.01275

[dist]
# distance from previous block
# <min> <max>
0	2

[block]
# block no. 1 follows, 25 sequences, length 48
# corresponding to MSA columns:
# 115-162
name=unknown_B
#
# <colnr> <probs for GDERKNQSTAVLIFYWHMCP>
#	G	D	E	R	K	N	Q	S	T	A	V	L	I	F	Y	W	H	M	C	P
0	0.07881	0.04069	0.01605	0.01352	0.04095	0.01343	0.01026	0.04114	0.05399	0.07289	0.17611	0.03130	0.04628	0.04042	0.01061	0.00244	0.08793	0.00845	0.06067	0.15407
1	0.02492	0.01440	0.01623	0.05839	0.01962	0.06142	0.01106	0.13058	0.02196	0.26615	0.04851	0.02666	0.01948	0.03808	0.03629	0.00284	0.00752	0.00766	0.17776	0.01047
2	0.02000	0.04873	0.07708	0.03954	0.49220	0.07173	0.02230	0.04797	0.01818	0.02500	0.01407	0.01817	0.01175	0.00751	0.00859	0.00233	0.05268	0.00657	0.00391	0.01168
3	0.10048	0.21523	0.37020	0.01723	0.02591	0.02024	0.02017	0.02319	0.01616	0.02443	0.04967	0.01723	0.01333	0.00754	0.00647	0.00217	0.00929	0.00555	0.00382	0.05171
4	0.72859	0.01547	0.01224	0.01074	0.01564	0.01787	0.00885	0.06776	0.01485	0.03579	0.01135	0.01302	0.00874	0.00735	0.00501	0.00239	0.00618	0.00440	0.00501	0.00874
5	0.01484	0.01398	0.02361	0.68036	0.08038	0.01728	0.02163	0.01998	0.01560	0.02005	0.01382	0.02061	0.01042	0.00772	0.00775	0.00257	0.01029	0.00689	0.00346	0.00877
6	0.00993	0.00695	0.00885	0.01018	0.01051	0.00662	0.00654	0.01092	0.01390	0.01854	0.03790	0.54515	0.04519	0.20991	0.01770	0.00430	0.00530	0.01920	0.00654	0.00588
7	0.01555	0.04011	0.68733	0.02210	0.03356	0.01801	0.02865	0.02455	0.01637	0.02455	0.01391	0.01637	0.00982	0.00737	0.00737	0.00246	0.01146	0.00573	0.00327	0.01146
8	0.00945	0.00675	0.00900	0.01080	0.01125	0.00630	0.00720	0.01080	0.01484	0.01979	0.04274	0.72245	0.05128	0.02429	0.00990	0.00315	0.00450	0.02204	0.00720	0.00630
9	0.01696	0.01696	0.02375	0.02036	0.02036	0.02375	0.01696	0.01866	0.01187	0.01866	0.01018	0.01696	0.01018	0.01357	0.02545	0.00339	0.71332	0.00679	0.00339	0.00848
10	0.00943	0.00679	0.00895	0.01067	0.01121	0.00631	0.00714	0.01081	0.01496	0.01984	0.04422	0.69561	0.07716	0.02410	0.00987	0.00313	0.00447	0.02181	0.00720	0.00631
11	0.01148	0.00808	0.01027	0.00963	0.01169	0.00734	0.00725	0.01489	0.02139	0.05032	0.57540	0.05915	0.15166	0.01616	0.00911	0.00246	0.00379	0.01414	0.00839	0.00740
12	0.78228	0.01499	0.01140	0.01020	0.01499	0.01739	0.00840	0.02279	0.01320	0.03479	0.01080	0.01260	0.00840	0.00720	0.00480	0.00240	0.00600	0.00420	0.00480	0.00840
13	0.78228	0.01499	0.01140	0.01020	0.01499	0.01739	0.00840	0.02279	0.01320	0.03479	0.01080	0.01260	0.00840	0.00720	0.00480	0.00240	0.00600	0.00420	0.00480	0.00840
14	0.01128	0.00752	0.00846	0.00846	0.00846	0.00752	0.00470	0.01128	0.01128	0.01503	0.02443	0.05074	0.02819	0.72751	0.03946	0.00752	0.00752	0.01128	0.00470	0.00470
15	0.02422	0.37729	0.03182	0.01865	0.06870	0.32088	0.01477	0.02664	0.01861	0.01907	0.01158	0.01359	0.01013	0.00725	0.00605	0.00185	0.01085	0.00471	0.00365	0.00970
16	0.02073	0.73217	0.04063	0.01327	0.01990	0.03068	0.01327	0.02322	0.01575	0.01824	0.01078	0.01244	0.00995	0.00663	0.00498	0.00166	0.00829	0.00415	0.00332	0.00995
17	0.01913	0.51874	0.24008	0.01599	0.02411	0.02677	0.01801	0.02363	0.01594	0.02019	0.01175	0.01365	0.00991	0.00686	0.00571	0.00190	0.00927	0.00463	0.00330	0.01042
18	0.02547	0.04511	0.02116	0.09595	0.02521	0.05509	0.01432	0.29091	0.05244	0.15135	0.02250	0.02813	0.01767	0.01034	0.00789	0.00244	0.00832	0.07938	0.00703	0.03928
19	0.01844	0.01732	0.02919	0.13589	0.49561	0.01784	0.04581	0.04667	0.01811	0.02528	0.01655	0.02431	0.01433	0.00814	0.00796	0.00245	0.00934	0.05121	0.00417	0.01137
20	0.01786	0.01530	0.01712	0.07033	0.02192	0.01762	0.01264	0.03599	0.52971	0.03039	0.05451	0.05968	0.02662	0.01162	0.00816	0.00269	0.00637	0.04270	0.00749	0.01129
21	0.02947	0.02172	0.02327	0.01784	0.02404	0.02404	0.01474	0.65329	0.03646	0.04887	0.01862	0.01862	0.01319	0.00931	0.00776	0.00233	0.00853	0.00698	0.00776	0.01319
22	0.01735	0.05709	0.02762	0.02161	0.02302	0.02358	0.10127	0.01974	0.01295	0.01946	0.01095	0.01724	0.01038	0.01225	0.02214	0.00319	0.58094	0.00695	0.00346	0.00883
23	0.02014	0.04508	0.08600	0.07478	0.39738	0.09798	0.07042	0.04903	0.03907	0.02507	0.01483	0.01863	0.01198	0.00729	0.00761	0.00231	0.01017	0.00673	0.00405	0.01144
24	0.00945	0.00675	0.00900	0.01080	0.01125	0.00630	0.00720	0.01080	0.01484	0.01979	0.04274	0.72245	0.05128	0.02429	0.00990	0.00315	0.00450	0.02204	0.00720	0.00630
25	0.02947	0.02172	0.02327	0.01784	0.02404	0.02404	0.01474	0.65329	0.03646	0.04887	0.01862	0.01862	0.01319	0.00931	0.00776	0.00233	0.00853	0.00698	0.00776	0.01319
26	0.00996	0.00688	0.00883	0.01029	0.01075	0.00651	0.00676	0.01125	0.01444	0.01964	0.03931	0.59404	0.04646	0.11871	0.01366	0.00367	0.00486	0.01978	0.04806	0.00613
27	0.02632	0.12231	0.06185	0.01946	0.02487	0.38323	0.05421	0.14798	0.04370	0.02565	0.01404	0.01569	0.01112	0.00802	0.00706	0.00210	0.01177	0.00568	0.00470	0.01024
28	0.00933	0.00759	0.00827	0.00867	0.01072	0.00653	0.00629	0.01124	0.01723	0.02123	0.10292	0.23025	0.49165	0.02055	0.00934	0.00274	0.00405	0.01761	0.00727	0.00653
29	0.00943	0.00681	0.00893	0.01063	0.01120	0.00631	0.00712	0.01081	0.01500	0.01986	0.04474	0.68627	0.08617	0.02403	0.00986	0.00312	0.00447	0.02173	0.00720	0.00631
30	0.03367	0.01359	0.01809	0.01393	0.01981	0.01210	0.01148	0.07764	0.02313	0.62143	0.05065	0.02690	0.02054	0.00978	0.00784	0.00240	0.00663	0.00794	0.00944	0.01300
31	0.03375	0.01465	0.05412	0.01424	0.02054	0.01175	0.01233	0.03707	0.02188	0.64889	0.02969	0.02585	0.01869	0.00948	0.00777	0.00240	0.00686	0.00769	0.00926	0.01310
32	0.01128	0.00752	0.00846	0.00846	0.00846	0.00752	0.00470	0.01128	0.01128	0.01503	0.02443	0.05074	0.02819	0.72751	0.03946	0.00752	0.00752	0.01128	0.00470	0.00470
33	0.01821	0.06364	0.04149	0.02928	0.03564	0.02103	0.49818	0.02363	0.01699	0.02332	0.01440	0.01969	0.01137	0.00781	0.01182	0.00270	0.13852	0.00842	0.00379	0.01007
34	0.01800	0.01727	0.02996	0.12790	0.50431	0.01759	0.06723	0.02274	0.01757	0.02469	0.03668	0.02367	0.01533	0.00790	0.00797	0.00242	0.00936	0.03403	0.00409	0.01131
35	0.01733	0.01936	0.04172	0.03028	0.03732	0.01815	0.58045	0.02330	0.01792	0.02428	0.01865	0.09778	0.01609	0.00848	0.00923	0.00267	0.01213	0.01056	0.00428	0.01000
36	0.01861	0.02072	0.10527	0.06286	0.52223	0.01844	0.04705	0.02486	0.05701	0.02549	0.01556	0.01958	0.01262	0.00719	0.00771	0.00236	0.00946	0.00697	0.00401	0.01200
37	0.01638	0.13688	0.57238	0.02125	0.03189	0.01985	0.04962	0.02438	0.01636	0.02368	0.01354	0.01599	0.00991	0.00723	0.00710	0.00235	0.01107	0.00563	0.00330	0.01121
38	0.01916	0.41544	0.27358	0.01711	0.02510	0.06268	0.01908	0.02396	0.01617	0.02059	0.01196	0.01412	0.00991	0.00724	0.00673	0.00203	0.03654	0.00487	0.00334	0.01039
39	0.00926	0.00786	0.00799	0.00796	0.01053	0.00659	0.00597	0.01132	0.01791	0.02151	0.11157	0.07369	0.64262	0.01943	0.00916	0.00261	0.00391	0.01623	0.00727	0.00659
40	0.01669	0.01663	0.02396	0.02038	0.02076	0.02281	0.04068	0.01863	0.01215	0.01886	0.01098	0.01787	0.01075	0.01579	0.06232	0.00387	0.64800	0.00696	0.00346	0.00847
41	0.00945	0.00675	0.00900	0.01080	0.01125	0.00630	0.00720	0.01080	0.01484	0.01979	0.04274	0.72245	0.05128	0.02429	0.00990	0.00315	0.00450	0.02204	0.00720	0.00630
42	0.01511	0.03429	0.54798	0.02115	0.03102	0.01664	0.07008	0.02320	0.01728	0.02548	0.10545	0.02244	0.01872	0.00848	0.00774	0.00246	0.01050	0.00712	0.00405	0.01081
43	0.01893	0.01635	0.01720	0.01550	0.01983	0.01884	0.01205	0.04016	0.64264	0.03204	0.03319	0.03052	0.04633	0.01084	0.00793	0.00263	0.00606	0.00903	0.00787	0.01207
44	0.01445	0.00723	0.00723	0.00723	0.00903	0.00723	0.00542	0.01807	0.01626	0.02891	0.02529	0.02891	0.01987	0.00903	0.00542	0.00181	0.00361	0.00723	0.77055	0.00723
45	0.01445	0.00723	0.00723	0.00723	0.00903	0.00723	0.00542	0.01807	0.01626	0.02891	0.02529	0.02891	0.01987	0.00903	0.00542	0.00181	0.00361	0.00723	0.77055	0.00723
46	0.00924	0.00786	0.00796	0.00793	0.01052	0.00658	0.00595	0.01127	0.01785	0.02136	0.10267	0.07394	0.65162	0.01948	0.00916	0.00261	0.00392	0.01627	0.00725	0.00658
47	0.01991	0.01696	0.01788	0.01590	0.02040	0.01958	0.01242	0.07858	0.62674	0.03344	0.03077	0.02830	0.02303	0.01045	0.00788	0.00261	0.00628	0.00866	0.00788	0.01233

[dist]
# distance from previous block
# <min> <max>
0	26

[block]
# block no. 2 follows, 25 sequences, length 100
# corresponding to MSA columns:
# 189-215,219-239,241-292
name=unknown_C
#
# <colnr> <probs for GDERKNQSTAVLIFYWHMCP>
#	G	D	E	R	K	N	Q	S	T	A	V	L	I	F	Y	W	H	M	C	P
0	0.01664	0.18516	0.55179	0.02025	0.03070	0.02066	0.02542	0.02427	0.01624	0.02323	0.01326	0.01555	0.00985	0.00721	0.00687	0.00229	0.01080	0.00540	0.00328	0.01114
1	0.01168	0.00835	0.01153	0.01312	0.01461	0.00820	0.01087	0.01475	0.01749	0.02306	0.09216	0.22958	0.04842	0.02163	0.01040	0.00338	0.00626	0.44027	0.00726	0.00696
2	0.02896	0.03695	0.02197	0.01998	0.02397	0.69638	0.01498	0.03096	0.02197	0.01898	0.01199	0.01398	0.00999	0.00799	0.00699	0.00200	0.01398	0.00499	0.00400	0.00899
3	0.02110	0.70090	0.03979	0.01357	0.02008	0.06063	0.01334	0.02357	0.01603	0.01828	0.01083	0.01251	0.00995	0.00669	0.00507	0.00167	0.00855	0.00418	0.00335	0.00991
4	0.01275	0.01042	0.03695	0.01107	0.01384	0.00926	0.00898	0.01844	0.09636	0.05124	0.40557	0.05678	0.16324	0.01573	0.00900	0.00257	0.00464	0.05707	0.00797	0.00812
5	0.01070	0.00787	0.01001	0.00958	0.01144	0.00718	0.00714	0.01406	0.02115	0.02943	0.57845	0.08831	0.14250	0.01665	0.00918	0.00249	0.00373	0.01464	0.00832	0.00718
6	0.01433	0.04526	0.06261	0.07035	0.01866	0.01255	0.01117	0.05751	0.10811	0.02914	0.33791	0.04289	0.07407	0.04183	0.00955	0.00263	0.00578	0.01100	0.03595	0.00872
7	0.06785	0.44677	0.05814	0.01674	0.05087	0.20541	0.01449	0.02532	0.01736	0.01998	0.01139	0.01331	0.00997	0.00707	0.00571	0.00185	0.00983	0.00456	0.00361	0.00977
8	0.71736	0.01486	0.01216	0.03678	0.01668	0.01710	0.00904	0.02340	0.01371	0.06543	0.01186	0.01356	0.00899	0.00733	0.00505	0.00241	0.00619	0.00447	0.00498	0.00864
9	0.01444	0.01217	0.01237	0.03554	0.01568	0.05547	0.00906	0.03722	0.13204	0.05336	0.13733	0.05547	0.34567	0.01572	0.00871	0.00257	0.00552	0.03602	0.00727	0.00837
10	0.01696	0.01696	0.02375	0.02036	0.02036	0.02375	0.01696	0.01866	0.01187	0.01866	0.01018	0.01696	0.01018	0.01357	0.02545	0.00339	0.71332	0.00679	0.00339	0.00848
11	0.01592	0.01483	0.02461	0.57510	0.15575	0.01767	0.02167	0.04294	0.01660	0.02175	0.01409	0.02035	0.01076	0.00767	0.00774	0.00253	0.01009	0.00690	0.00366	0.00938
12	0.01608	0.01378	0.01608	0.01148	0.01837	0.01034	0.00919	0.01952	0.01608	0.02527	0.01378	0.01608	0.01148	0.00574	0.00574	0.00115	0.00574	0.00459	0.00459	0.77491
13	0.04777	0.00940	0.01121	0.01011	0.01309	0.00862	0.00781	0.01879	0.04253	0.13889	0.34078	0.05453	0.23602	0.01535	0.00869	0.00249	0.00442	0.01305	0.00814	0.00830
14	0.01077	0.00784	0.01014	0.00973	0.01150	0.00720	0.00723	0.01418	0.02123	0.02977	0.59955	0.10474	0.10378	0.01664	0.00920	0.00250	0.00373	0.01470	0.00837	0.00720
15	0.01133	0.00868	0.01294	0.01280	0.01412	0.01029	0.01000	0.01405	0.01244	0.01803	0.02032	0.02988	0.01899	0.05624	0.66805	0.01207	0.05041	0.00824	0.00412	0.00699
16	0.78228	0.01499	0.01140	0.01020	0.01499	0.01739	0.00840	0.02279	0.01320	0.03479	0.01080	0.01260	0.00840	0.00720	0.00480	0.00240	0.00600	0.00420	0.00480	0.00840
17	0.00932	0.00786	0.00808	0.00802	0.01057	0.00661	0.00602	0.01144	0.01805	0.02184	0.13140	0.07314	0.62258	0.01930	0.00916	0.00260	0.00390	0.01616	0.00732	0.00661
18	0.78228	0.01499	0.01140	0.01020	0.01499	0.01739	0.00840	0.02279	0.01320	0.03479	0.01080	0.01260	0.00840	0.00720	0.00480	0.00240	0.00600	0.00420	0.00480	0.00840
19	0.01083	0.00792	0.01016	0.00960	0.01149	0.00725	0.00720	0.01435	0.02160	0.03028	0.62706	0.05926	0.12166	0.01616	0.00915	0.00245	0.00368	0.01421	0.00843	0.00725
20	0.02814	0.10611	0.02383	0.01931	0.02357	0.63016	0.01481	0.03019	0.02135	0.01890	0.01187	0.01383	0.00998	0.00786	0.00679	0.00196	0.01342	0.00491	0.00393	0.00908
21	0.01083	0.00792	0.01016	0.00960	0.01149	0.00725	0.00720	0.01435	0.02160	0.03028	0.62706	0.05926	0.12166	0.01616	0.00915	0.00245	0.00368	0.01421	0.00843	0.00725
22	0.01892	0.01808	0.03049	0.08572	0.61862	0.01838	0.02325	0.02418	0.04050	0.02526	0.01514	0.01962	0.01257	0.00709	0.00769	0.00233	0.00917	0.00697	0.00396	0.01206
23	0.01989	0.01696	0.01787	0.01590	0.02039	0.01957	0.01242	0.07753	0.62781	0.03341	0.03079	0.02832	0.02305	0.01045	0.00788	0.00261	0.00628	0.00866	0.00788	0.01233
24	0.78228	0.01499	0.01140	0.01020	0.01499	0.01739	0.00840	0.02279	0.01320	0.03479	0.01080	0.01260	0.00840	0.00720	0.00480	0.00240	0.00600	0.00420	0.00480	0.00840
25	0.01768	0.28473	0.39893	0.02062	0.05999	0.02261	0.04873	0.02405	0.01629	0.02236	0.01290	0.01529	0.01007	0.00705	0.00660	0.00217	0.01029	0.00536	0.00334	0.01092
26	0.01085	0.00783	0.01026	0.00984	0.01156	0.00723	0.00731	0.01433	0.02138	0.03019	0.62455	0.11099	0.07141	0.01653	0.00920	0.00250	0.00373	0.01466	0.00843	0.00723
27	0.01127	0.00755	0.00862	0.00862	0.00867	0.00760	0.00490	0.01138	0.01132	0.01515	0.02428	0.04993	0.02784	0.70066	0.06583	0.00772	0.00805	0.01116	0.00468	0.00479
28	0.01608	0.01378	0.01608	0.01148	0.01837	0.01034	0.00919	0.01952	0.01608	0.02527	0.01378	0.01608	0.01148	0.00574	0.00574	0.00115	0.00574	0.00459	0.00459	0.77491
29	0.03349	0.01528	0.01929	0.01479	0.02083	0.01449	0.01221	0.18858	0.02569	0.52878	0.02766	0.02449	0.01772	0.00953	0.00779	0.00238	0.00707	0.00760	0.00915	0.01319
30	0.02573	0.01889	0.02048	0.01634	0.02169	0.02072	0.01326	0.46555	0.11898	0.06531	0.05892	0.05313	0.04357	0.01082	0.00799	0.00242	0.00755	0.00858	0.00784	0.01223
31	0.01121	0.00749	0.00848	0.00854	0.00855	0.00748	0.00478	0.01126	0.01140	0.01520	0.02506	0.07379	0.02898	0.70337	0.03845	0.00737	0.00741	0.01165	0.00478	0.00475
32	0.01951	0.01567	0.01762	0.01350	0.01972	0.01451	0.01082	0.12791	0.15786	0.05069	0.01887	0.01954	0.01459	0.00746	0.00659	0.00169	0.00631	0.00597	0.00596	0.46520
33	0.01718	0.04265	0.02365	0.05137	0.02249	0.01987	0.08751	0.05765	0.03984	0.02294	0.01506	0.02057	0.01301	0.01500	0.07347	0.00366	0.35921	0.00723	0.09873	0.00891
34	0.01754	0.01674	0.02849	0.28749	0.45214	0.01799	0.02297	0.02235	0.01687	0.02333	0.01429	0.01973	0.01158	0.00721	0.00770	0.00240	0.00962	0.00690	0.00370	0.01095
35	0.74710	0.01615	0.04241	0.01074	0.01585	0.01742	0.00933	0.02287	0.01334	0.03432	0.01094	0.01277	0.00846	0.00721	0.00492	0.00240	0.00625	0.00427	0.00473	0.00854
36	0.01608	0.01378	0.01608	0.01148	0.01837	0.01034	0.00919	0.01952	0.01608	0.02527	0.01378	0.01608	0.01148	0.00574	0.00574	0.00115	0.00574	0.00459	0.00459	0.77491
37	0.03479	0.01320	0.01799	0.01380	0.01979	0.01140	0.01140	0.03779	0.02219	0.68451	0.03059	0.02639	0.01919	0.00960	0.00780	0.00240	0.00660	0.00780	0.00960	0.01320
38	0.01555	0.04011	0.68733	0.02210	0.03356	0.01801	0.02865	0.02455	0.01637	0.02455	0.01391	0.01637	0.00982	0.00737	0.00737	0.00246	0.01146	0.00573	0.00327	0.01146
39	0.01712	0.21834	0.41411	0.02118	0.05401	0.02107	0.07045	0.02381	0.01647	0.02289	0.01447	0.01898	0.01166	0.00773	0.00703	0.00230	0.01047	0.03356	0.00353	0.01082
40	0.00945	0.00675	0.00900	0.01080	0.01125	0.00630	0.00720	0.01080	0.01484	0.01979	0.04274	0.72245	0.05128	0.02429	0.00990	0.00315	0.00450	0.02204	0.00720	0.00630
41	0.01464	0.01378	0.02326	0.70887	0.05340	0.01723	0.02153	0.01981	0.01550	0.01981	0.01378	0.02067	0.01034	0.00775	0.00775	0.00258	0.01034	0.00689	0.00345	0.00861
42	0.02966	0.02142	0.02309	0.01770	0.02390	0.02360	0.01462	0.63179	0.03596	0.07107	0.01903	0.01889	0.01340	0.00932	0.00776	0.00233	0.00846	0.00701	0.00782	0.01319
43	0.03416	0.01334	0.01797	0.01388	0.01981	0.01172	0.01143	0.03793	0.04843	0.65790	0.03063	0.02649	0.01938	0.00963	0.00780	0.00241	0.00658	0.00784	0.00953	0.01316
44	0.01482	0.01412	0.02432	0.67698	0.05279	0.01734	0.05122	0.02005	0.01564	0.02005	0.01387	0.02068	0.01040	0.00769	0.00782	0.00259	0.01046	0.00700	0.00347	0.00870
45	0.01983	0.01693	0.01784	0.01589	0.02037	0.01954	0.01240	0.07382	0.63163	0.03331	0.03087	0.02838	0.02311	0.01045	0.00788	0.00261	0.00626	0.00867	0.00788	0.01232
46	0.01128	0.00752	0.00846	0.00846	0.00846	0.00752	0.00470	0.01128	0.01128	0.01503	0.02443	0.05074	0.02819	0.72751	0.03946	0.00752	0.00752	0.01128	0.00470	0.00470
47	0.02024	0.01613	0.01735	0.01539	0.01982	0.01818	0.01211	0.08493	0.52441	0.07149	0.03310	0.03237	0.05417	0.01121	0.00804	0.00263	0.00628	0.03230	0.00792	0.01193
48	0.78228	0.01499	0.01140	0.01020	0.01499	0.01739	0.00840	0.02279	0.01320	0.03479	0.01080	0.01260	0.00840	0.00720	0.00480	0.00240	0.00600	0.00420	0.00480	0.00840
49	0.69176	0.01563	0.03279	0.04366	0.01757	0.01716	0.00976	0.02333	0.01377	0.06070	0.01185	0.01366	0.00898	0.00733	0.00514	0.00241	0.00639	0.00452	0.00489	0.00870
50	0.01765	0.02484	0.18702	0.03021	0.06428	0.01889	0.46487	0.02455	0.01777	0.02481	0.01518	0.01967	0.01134	0.00671	0.00858	0.00252	0.01230	0.00814	0.00380	0.03689
51	0.01232	0.00887	0.01225	0.01394	0.01577	0.00880	0.01214	0.01580	0.01784	0.02308	0.04305	0.08678	0.07827	0.02132	0.01063	0.00352	0.00697	0.59441	0.00714	0.00711
52	0.02504	0.01136	0.01498	0.01228	0.01667	0.01018	0.00983	0.02906	0.05083	0.40860	0.24600	0.03915	0.06738	0.01217	0.00831	0.00243	0.00548	0.01029	0.00906	0.01090
53	0.07912	0.40203	0.19341	0.01621	0.02348	0.12827	0.01691	0.02469	0.01666	0.02116	0.01173	0.01365	0.00981	0.00706	0.00585	0.00196	0.00976	0.00467	0.00352	0.01005
54	0.00948	0.00787	0.00829	0.00818	0.01066	0.00668	0.00614	0.01173	0.01841	0.02269	0.18134	0.07174	0.57211	0.01898	0.00916	0.00259	0.00388	0.01596	0.00743	0.00668
55	0.01108	0.00831	0.01246	0.01246	0.01385	0.00969	0.00969	0.01385	0.01246	0.01800	0.02077	0.03046	0.01938	0.05815	0.69678	0.01246	0.02077	0.00831	0.00415	0.00692
56	0.02073	0.73217	0.04063	0.01327	0.01990	0.03068	0.01327	0.02322	0.01575	0.01824	0.01078	0.01244	0.00995	0.00663	0.00498	0.00166	0.00829	0.00415	0.00332	0.00995
57	0.02922	0.02066	0.02235	0.01720	0.02323	0.02266	0.01419	0.59274	0.03485	0.08584	0.01958	0.01947	0.01380	0.00931	0.00767	0.00231	0.00823	0.00704	0.03670	0.01296
58	0.07215	0.04847	0.02226	0.04809	0.02398	0.09988	0.01421	0.44451	0.05753	0.04076	0.01766	0.01838	0.01296	0.00890	0.00731	0.00227	0.00881	0.00656	0.03344	0.01185
59	0.01668	0.01605	0.02721	0.37822	0.28633	0.01830	0.04481	0.02140	0.01612	0.02198	0.01386	0.01982	0.01111	0.00787	0.00923	0.00255	0.06784	0.00697	0.00361	0.01005
60	0.54964	0.02261	0.21648	0.01381	0.02063	0.01758	0.01454	0.02333	0.01416	0.03168	0.01174	0.01374	0.00883	0.00725	0.00558	0.00242	0.00765	0.00466	0.00434	0.00933
61	0.01105	0.00929	0.01526	0.01427	0.01618	0.00864	0.11590	0.01349	0.01613	0.02161	0.09068	0.52076	0.07503	0.02040	0.00968	0.00298	0.00585	0.01896	0.00675	0.00709
62	0.01061	0.00785	0.00989	0.00951	0.01139	0.00714	0.00708	0.01387	0.02089	0.02888	0.54662	0.09599	0.16773	0.01690	0.00919	0.00251	0.00375	0.01482	0.00825	0.00714
63	0.01849	0.02069	0.10946	0.08243	0.53636	0.01834	0.02376	0.02439	0.04470	0.02521	0.01517	0.01935	0.01235	0.00717	0.00765	0.00235	0.00942	0.00684	0.00392	0.01196
64	0.00941	0.00783	0.00822	0.00820	0.01064	0.00664	0.00612	0.01157	0.01814	0.02223	0.15536	0.09458	0.57577	0.01930	0.00919	0.00261	0.00391	0.01625	0.00737	0.00664
65	0.72233	0.07145	0.01370	0.01044	0.01538	0.01844	0.00878	0.02283	0.01340	0.03349	0.01079	0.01258	0.00852	0.00715	0.00481	0.00234	0.00618	0.00419	0.00468	0.00852
66	0.01659	0.01408	0.01635	0.01173	0.01859	0.01086	0.00940	0.04364	0.01685	0.02616	0.01397	0.01617	0.01155	0.00588	0.00582	0.00119	0.00585	0.00468	0.00471	0.74592
67	0.01441	0.00720	0.00736	0.00736	0.00908	0.00720	0.00548	0.01768	0.01596	0.02817	0.02473	0.02865	0.01957	0.00989	0.00662	0.03892	0.00376	0.00720	0.73370	0.00704
68	0.01915	0.02026	0.06067	0.15350	0.35398	0.06827	0.08742	0.04663	0.04405	0.02472	0.01501	0.01941	0.01203	0.00758	0.00840	0.00242	0.03438	0.00702	0.00405	0.01108
69	0.01347	0.00673	0.01010	0.01010	0.01010	0.00673	0.00673	0.01010	0.01010	0.01347	0.01347	0.02357	0.01347	0.02694	0.03030	0.77441	0.00673	0.00673	0.00337	0.00337
70	0.02731	0.02005	0.02173	0.01684	0.02290	0.02169	0.01380	0.49971	0.10390	0.07165	0.02011	0.01985	0.01445	0.00912	0.00758	0.00225	0.00792	0.00699	0.00755	0.08458
71	0.01772	0.01499	0.01810	0.01307	0.01992	0.01230	0.03557	0.09315	0.01853	0.02798	0.01442	0.01657	0.01169	0.00619	0.00611	0.00134	0.00636	0.00505	0.00493	0.65601
72	0.02769	0.14561	0.02497	0.01882	0.02333	0.56082	0.01470	0.05830	0.02166	0.02023	0.01210	0.01395	0.01013	0.00784	0.00671	0.00196	0.01284	0.00495	0.00406	0.00933
73	0.01357	0.01145	0.01544	0.10162	0.04563	0.03886	0.03732	0.04490	0.01716	0.02254	0.03252	0.34482	0.03590	0.01780	0.00922	0.00291	0.00695	0.14200	0.00620	0.05321
74	0.01982	0.61009	0.15471	0.01483	0.02231	0.02844	0.01598	0.02345	0.01586	0.01936	0.01133	0.01313	0.00993	0.00676	0.00540	0.00180	0.00885	0.00443	0.00331	0.01022
75	0.00962	0.00788	0.00842	0.00862	0.01092	0.00680	0.00649	0.01166	0.01743	0.02122	0.09566	0.10444	0.54071	0.05233	0.01071	0.00294	0.00437	0.06610	0.00713	0.00653
76	0.13089	0.01421	0.01729	0.01353	0.01924	0.01348	0.01115	0.10905	0.02253	0.49115	0.02881	0.02592	0.04803	0.00972	0.00746	0.00240	0.00663	0.00763	0.00863	0.01225
77	0.01134	0.00748	0.00843	0.00849	0.00858	0.00746	0.00482	0.01153	0.01161	0.01577	0.02515	0.07489	0.02871	0.67215	0.03698	0.00712	0.00725	0.01151	0.03586	0.00486
78	0.01347	0.00673	0.01010	0.01010	0.01010	0.00673	0.00673	0.01010	0.01010	0.01347	0.01347	0.02357	0.01347	0.02694	0.03030	0.77441	0.00673	0.00673	0.00337	0.00337
