[name]
unknown

[dist]
# distance from previous block
# <min> <max>
0	23

[block]
# block no. 0 follows, 25 sequences, length 27
# corresponding to MSA columns:
# 23-49
name=unknown_A
#
# <colnr> <probs for GDERKNQSTAVLIFYWHMCP>
#	G	D	E	R	K	N	Q	S	T	A	V	L	I	F	Y	W	H	M	C	P
0	0.01249	0.00892	0.01249	0.01428	0.01606	0.00892	0.01249	0.01606	0.01785	0.02320	0.04105	0.08746	0.04462	0.02142	0.01071	0.00357	0.00714	0.62695	0.00714	0.00714
1	0.03479	0.01320	0.01799	0.01380	0.01979	0.01140	0.01140	0.03779	0.02219	0.68451	0.03059	0.02639	0.01919	0.00960	0.00780	0.00240	0.00660	0.00780	0.00960	0.01320
2	0.02208	0.01260	0.01549	0.01386	0.01790	0.01266	0.01118	0.03092	0.21886	0.26003	0.07305	0.08081	0.05576	0.01365	0.00861	0.00274	0.00616	0.12451	0.00833	0.01080
3	0.02380	0.01824	0.02038	0.01584	0.02104	0.01958	0.01288	0.39689	0.02750	0.03812	0.01733	0.02031	0.01370	0.05593	0.01111	0.00251	0.07833	0.00675	0.02834	0.17142
4	0.01149	0.00843	0.01116	0.01234	0.01415	0.00810	0.01028	0.01461	0.01808	0.02355	0.12872	0.13721	0.15221	0.02066	0.01018	0.00323	0.00594	0.39533	0.00733	0.00699
5	0.03784	0.01354	0.01825	0.33017	0.03319	0.01587	0.01532	0.07816	0.13912	0.02700	0.02109	0.02699	0.01668	0.00937	0.00742	0.00247	0.00783	0.04082	0.14951	0.00935
6	0.01495	0.01397	0.02288	0.66357	0.05123	0.01736	0.02093	0.02121	0.05797	0.02064	0.01494	0.02121	0.01121	0.00793	0.00776	0.00259	0.01006	0.00701	0.00374	0.00885
7	0.02058	0.01507	0.01730	0.01623	0.04844	0.01646	0.01203	0.07531	0.40396	0.12113	0.05964	0.10811	0.02721	0.01196	0.00814	0.00261	0.00620	0.01019	0.00788	0.01156
8	0.00996	0.00734	0.00981	0.05247	0.01353	0.00711	0.00779	0.01156	0.01503	0.01993	0.06745	0.56181	0.08163	0.08122	0.01216	0.00342	0.00504	0.01960	0.00682	0.00636
9	0.09780	0.01113	0.01511	0.04365	0.11927	0.01095	0.01130	0.01969	0.01843	0.12206	0.20822	0.16728	0.06805	0.01431	0.00841	0.00261	0.00579	0.04007	0.00699	0.00888
10	0.05081	0.01351	0.01582	0.01267	0.01747	0.01284	0.01006	0.15417	0.02165	0.18345	0.07043	0.05709	0.04693	0.05453	0.03601	0.00281	0.00685	0.00834	0.04294	0.18162
11	0.01030	0.00758	0.01053	0.01121	0.01188	0.00720	0.03576	0.01155	0.01412	0.01884	0.03698	0.52447	0.04378	0.19745	0.01718	0.00421	0.00563	0.01879	0.00643	0.00609
12	0.01819	0.01930	0.02687	0.18792	0.03268	0.13200	0.17122	0.02215	0.01634	0.02112	0.01439	0.02000	0.01182	0.01218	0.05746	0.00327	0.16314	0.00722	0.05383	0.00889
13	0.01719	0.01678	0.02417	0.42472	0.04191	0.07203	0.08728	0.06286	0.03567	0.02305	0.01745	0.02219	0.03992	0.00816	0.00774	0.00240	0.01003	0.00725	0.00421	0.07500
14	0.04817	0.01290	0.01585	0.01495	0.06013	0.01260	0.01090	0.05229	0.14466	0.15085	0.16068	0.07670	0.05082	0.01196	0.00798	0.00238	0.00584	0.03776	0.00740	0.11517
15	0.02030	0.01512	0.01795	0.04704	0.02144	0.01659	0.03072	0.08500	0.37011	0.10926	0.03179	0.06570	0.04021	0.01214	0.00834	0.00270	0.00677	0.07993	0.00764	0.01125
16	0.07795	0.00923	0.01060	0.08477	0.01544	0.00995	0.00821	0.03982	0.01586	0.02634	0.02450	0.02967	0.05323	0.04736	0.07448	0.03704	0.00668	0.00769	0.41384	0.00734
17	0.05454	0.01724	0.02081	0.04680	0.02236	0.05543	0.06749	0.25004	0.02266	0.03136	0.01837	0.05098	0.01575	0.05581	0.11289	0.00419	0.07314	0.00788	0.03282	0.03945
18	0.13125	0.02171	0.01969	0.03912	0.05745	0.17510	0.01349	0.20734	0.10180	0.08505	0.01855	0.01929	0.01379	0.00869	0.00704	0.00228	0.00879	0.00642	0.05226	0.01089
19	0.01002	0.00709	0.00905	0.01008	0.01081	0.00663	0.00675	0.01134	0.01532	0.02043	0.12183	0.46593	0.10312	0.11546	0.01447	0.03535	0.00483	0.01850	0.00688	0.00612
20	0.01933	0.01871	0.03286	0.04300	0.53062	0.01861	0.12267	0.05191	0.01860	0.02625	0.01565	0.02127	0.01311	0.00735	0.00800	0.00239	0.00974	0.02393	0.00412	0.01189
21	0.04927	0.02114	0.01816	0.05997	0.09283	0.26713	0.01309	0.04303	0.01953	0.07189	0.05394	0.02240	0.01706	0.01101	0.03934	0.00259	0.00975	0.00669	0.17201	0.00916
22	0.06003	0.01402	0.05584	0.01311	0.01804	0.01203	0.01120	0.08092	0.04227	0.32720	0.20392	0.03572	0.06869	0.01159	0.00807	0.00243	0.00607	0.00962	0.00836	0.01088
23	0.05048	0.03241	0.48065	0.02062	0.03020	0.01720	0.06177	0.05488	0.01770	0.09567	0.01626	0.01843	0.01156	0.01045	0.04564	0.00301	0.01119	0.00629	0.00431	0.01128
24	0.05675	0.01298	0.01553	0.01304	0.01732	0.01271	0.01023	0.10447	0.09966	0.24547	0.12009	0.12015	0.03016	0.04077	0.00925	0.00264	0.00604	0.01030	0.00794	0.06450
25	0.01814	0.01292	0.01500	0.01320	0.01660	0.01301	0.01002	0.22797	0.02277	0.05932	0.06517	0.31265	0.03293	0.04574	0.00983	0.00276	0.00616	0.01354	0.00716	0.09510
26	0.01010	0.00769	0.01122	0.03960	0.01422	0.00735	0.03590	0.01192	0.01529	0.02044	0.06437	0.63857	0.04875	0.02254	0.00975	0.00308	0.00507	0.02057	0.00696	0.00661

[dist]
# distance from previous block
# <min> <max>
0	6

[block]
# block no. 1 follows, 25 sequences, length 10
# corresponding to MSA columns:
# 56-65
name=unknown_B
#
# <colnr> <probs for GDERKNQSTAVLIFYWHMCP>
#	G	D	E	R	K	N	Q	S	T	A	V	L	I	F	Y	W	H	M	C	P
0	0.01865	0.01532	0.02075	0.06375	0.02328	0.01483	0.05966	0.06040	0.01721	0.07865	0.01494	0.01791	0.01192	0.00787	0.00994	0.00193	0.13303	0.00589	0.00485	0.41921
1	0.06721	0.01115	0.01746	0.01494	0.01823	0.01045	0.12513	0.01911	0.01773	0.13123	0.12810	0.30664	0.06825	0.01607	0.00893	0.00275	0.00635	0.01475	0.00703	0.00848
2	0.01760	0.01380	0.01621	0.01188	0.01830	0.01102	0.00952	0.05941	0.01813	0.06504	0.06420	0.01994	0.01662	0.00694	0.00624	0.00139	0.00581	0.00563	0.00537	0.62696
3	0.01430	0.00998	0.01214	0.01217	0.01413	0.01015	0.00891	0.06653	0.11068	0.06298	0.09722	0.38037	0.04263	0.06821	0.01136	0.00323	0.00546	0.05401	0.00743	0.00811
4	0.01171	0.00860	0.01126	0.06242	0.01477	0.00870	0.00836	0.04615	0.01732	0.02363	0.21742	0.29028	0.04697	0.14666	0.04660	0.00407	0.00619	0.01526	0.00675	0.00687
5	0.01096	0.00857	0.01047	0.01068	0.01239	0.00838	0.00793	0.01468	0.06286	0.02433	0.23100	0.26360	0.20672	0.01919	0.01002	0.00281	0.03252	0.04822	0.00748	0.00720
6	0.01631	0.01484	0.02108	0.01572	0.02204	0.01264	0.12591	0.02206	0.08346	0.02551	0.01818	0.07227	0.01584	0.00780	0.00690	0.00172	0.00702	0.00719	0.00501	0.49852
7	0.01047	0.00774	0.00978	0.00962	0.01136	0.00705	0.00708	0.01353	0.02026	0.02789	0.49128	0.15751	0.16238	0.01766	0.00926	0.00257	0.00382	0.01555	0.00814	0.00705
8	0.01464	0.01378	0.02326	0.70887	0.05340	0.01723	0.02153	0.01981	0.01550	0.01981	0.01378	0.02067	0.01034	0.00775	0.00775	0.00258	0.01034	0.00689	0.00345	0.00861
9	0.01950	0.01765	0.01743	0.01584	0.01999	0.06851	0.01222	0.03891	0.58494	0.03081	0.03068	0.06282	0.02405	0.01103	0.00792	0.00261	0.00663	0.00916	0.00757	0.01173

[dist]
# distance from previous block
# <min> <max>
0	1

[block]
# block no. 2 follows, 25 sequences, length 9
# corresponding to MSA columns:
# 67-75
name=unknown_C
#
# <colnr> <probs for GDERKNQSTAVLIFYWHMCP>
#	G	D	E	R	K	N	Q	S	T	A	V	L	I	F	Y	W	H	M	C	P
0	0.01865	0.01787	0.03050	0.12609	0.60486	0.01828	0.02353	0.02332	0.01740	0.02468	0.01449	0.01937	0.01205	0.00701	0.00769	0.00234	0.00934	0.00691	0.00379	0.01185
1	0.01859	0.01589	0.02326	0.52506	0.04559	0.01904	0.01973	0.18831	0.02108	0.02754	0.01507	0.02012	0.01109	0.00817	0.00775	0.00252	0.00986	0.00691	0.00459	0.00983
2	0.01126	0.00842	0.01165	0.01145	0.01261	0.00922	0.00853	0.01371	0.01496	0.02122	0.19640	0.09073	0.03682	0.13810	0.33495	0.00794	0.04852	0.01118	0.00558	0.00674
3	0.01327	0.01051	0.01496	0.01925	0.18749	0.01060	0.01034	0.01486	0.01336	0.01832	0.02373	0.04130	0.05044	0.43793	0.09649	0.00643	0.00916	0.01003	0.00452	0.00702
4	0.01107	0.00945	0.01258	0.19480	0.02217	0.00958	0.01041	0.01432	0.01817	0.02319	0.21080	0.05608	0.34786	0.01553	0.00878	0.00256	0.00556	0.01326	0.00654	0.00729
5	0.01431	0.01191	0.01419	0.01130	0.01648	0.00926	0.00866	0.01720	0.01575	0.02381	0.02148	0.20397	0.02207	0.01068	0.00685	0.00168	0.00541	0.00923	0.00529	0.57046
6	0.01528	0.01313	0.01777	0.01797	0.13115	0.01156	0.01184	0.01875	0.01539	0.02334	0.01578	0.02044	0.01372	0.01988	0.18989	0.00436	0.01034	0.00598	0.00435	0.43908
7	0.02532	0.01493	0.01990	0.19965	0.02927	0.01585	0.01486	0.14242	0.08797	0.28034	0.02481	0.02806	0.01802	0.00999	0.00799	0.00254	0.00793	0.05143	0.00728	0.01145
8	0.01777	0.08573	0.01773	0.01330	0.01696	0.01526	0.01071	0.02698	0.22769	0.09739	0.25820	0.03602	0.03812	0.01196	0.00919	0.00243	0.05566	0.00977	0.00738	0.04177

[dist]
# distance from previous block
# <min> <max>
1	10

[block]
# block no. 3 follows, 25 sequences, length 251
# corresponding to MSA columns:
# 86-336
name=unknown_D
#
# <colnr> <probs for GDERKNQSTAVLIFYWHMCP>
#	G	D	E	R	K	N	Q	S	T	A	V	L	I	F	Y	W	H	M	C	P
0	0.07477	0.19656	0.20045	0.01813	0.02477	0.28760	0.01761	0.02736	0.04638	0.02194	0.01298	0.01481	0.01042	0.00757	0.00651	0.00209	0.01111	0.00510	0.00387	0.00996
1	0.01770	0.01708	0.02845	0.02284	0.07194	0.03862	0.26523	0.02352	0.06105	0.04909	0.04515	0.02472	0.04912	0.01064	0.04566	0.00273	0.00988	0.00813	0.00492	0.20353
2	0.01580	0.03862	0.64236	0.02385	0.07783	0.01804	0.02831	0.02450	0.01646	0.02461	0.01396	0.01656	0.00999	0.00734	0.00739	0.00245	0.01130	0.00581	0.00331	0.01152
3	0.02995	0.04277	0.08232	0.01613	0.04926	0.01399	0.01368	0.07676	0.04459	0.47898	0.02859	0.02596	0.04157	0.00955	0.00770	0.00238	0.00725	0.00772	0.00825	0.01260
4	0.01903	0.01832	0.03061	0.16800	0.41442	0.04352	0.09937	0.02374	0.01745	0.04589	0.01487	0.01966	0.01193	0.00737	0.00842	0.00242	0.03273	0.00713	0.00396	0.01115
5	0.08589	0.01331	0.01771	0.01564	0.06396	0.01222	0.01171	0.03371	0.04478	0.51178	0.05031	0.06128	0.02153	0.01022	0.00772	0.00244	0.00651	0.00844	0.00863	0.01220
6	0.06746	0.01404	0.02276	0.63535	0.07500	0.01728	0.02072	0.02017	0.01543	0.02105	0.01361	0.02006	0.01028	0.00768	0.00755	0.00256	0.00999	0.00671	0.00355	0.00874
7	0.03349	0.01392	0.01915	0.01629	0.06519	0.01243	0.01239	0.06349	0.02250	0.61177	0.02897	0.02556	0.01846	0.00940	0.00779	0.00239	0.00686	0.00770	0.00912	0.01313
8	0.03347	0.01504	0.06389	0.01436	0.02074	0.01185	0.01258	0.03688	0.02179	0.63925	0.02945	0.02570	0.01855	0.00944	0.00777	0.00240	0.00693	0.00766	0.00916	0.01308
9	0.78228	0.01499	0.01140	0.01020	0.01499	0.01739	0.00840	0.02279	0.01320	0.03479	0.01080	0.01260	0.00840	0.00720	0.00480	0.00240	0.00600	0.00420	0.00480	0.00840
10	0.01074	0.00832	0.00961	0.00955	0.01157	0.00771	0.00711	0.01413	0.05100	0.02420	0.25232	0.09370	0.30936	0.09324	0.01245	0.00318	0.00461	0.06290	0.00738	0.00692
11	0.01097	0.00793	0.01036	0.00975	0.01158	0.00732	0.00732	0.01463	0.02195	0.03109	0.67505	0.05792	0.07316	0.01585	0.00914	0.00244	0.00366	0.01402	0.00854	0.00732
12	0.01244	0.00892	0.01036	0.00955	0.01173	0.00812	0.00678	0.03595	0.01746	0.04544	0.20527	0.08910	0.19815	0.21785	0.01739	0.00384	0.00532	0.01293	0.00670	0.07670
13	0.01521	0.01474	0.02591	0.58289	0.04990	0.01720	0.10531	0.02047	0.01591	0.02076	0.01404	0.02047	0.01059	0.00749	0.00784	0.00252	0.01047	0.00708	0.00357	0.04766
14	0.01830	0.02092	0.04575	0.03268	0.04052	0.01961	0.65098	0.02484	0.01830	0.02484	0.01569	0.02092	0.01176	0.00654	0.00915	0.00261	0.01307	0.00915	0.00392	0.01046
15	0.01683	0.03118	0.38885	0.02702	0.03680	0.01875	0.31818	0.02469	0.01727	0.02469	0.01474	0.01848	0.01073	0.00698	0.00820	0.00253	0.01221	0.00732	0.00358	0.01099
16	0.01099	0.00826	0.01208	0.01208	0.01348	0.00945	0.00932	0.01362	0.01268	0.01804	0.02383	0.03343	0.05295	0.08028	0.63832	0.01178	0.01944	0.00882	0.00433	0.00682
17	0.01087	0.00810	0.01012	0.01110	0.01276	0.00762	0.00877	0.01330	0.01694	0.02167	0.08289	0.17464	0.23120	0.08635	0.01271	0.00353	0.00566	0.26813	0.00701	0.00662
18	0.01555	0.04011	0.68733	0.02210	0.03356	0.01801	0.02865	0.02455	0.01637	0.02455	0.01391	0.01637	0.00982	0.00737	0.00737	0.00246	0.01146	0.00573	0.00327	0.01146
19	0.01464	0.01378	0.02326	0.70887	0.05340	0.01723	0.02153	0.01981	0.01550	0.01981	0.01378	0.02067	0.01034	0.00775	0.00775	0.00258	0.01034	0.00689	0.00345	0.00861
20	0.02213	0.01463	0.01866	0.01367	0.02032	0.01219	0.04270	0.07565	0.01942	0.19825	0.01863	0.01920	0.01364	0.00707	0.00661	0.00164	0.00656	0.00585	0.00611	0.47706
21	0.00916	0.00785	0.00785	0.00785	0.01047	0.00655	0.00589	0.01113	0.01767	0.02095	0.07855	0.07462	0.67599	0.01964	0.00916	0.00262	0.00393	0.01636	0.00720	0.00655
22	0.02896	0.03695	0.02197	0.01998	0.02397	0.69638	0.01498	0.03096	0.02197	0.01898	0.01199	0.01398	0.00999	0.00799	0.00699	0.00200	0.01398	0.00499	0.00400	0.00899
23	0.00922	0.00786	0.00794	0.00792	0.01051	0.00657	0.00594	0.01124	0.01781	0.02128	0.09801	0.07407	0.65632	0.01951	0.00916	0.00261	0.00392	0.01629	0.00724	0.00657
24	0.03226	0.01578	0.01942	0.01505	0.02099	0.01543	0.01238	0.20780	0.07022	0.46446	0.02735	0.02442	0.01784	0.00958	0.00779	0.00240	0.00710	0.00764	0.00897	0.01313
25	0.01445	0.00723	0.00723	0.00723	0.00903	0.00723	0.00542	0.01807	0.01626	0.02891	0.02529	0.02891	0.01987	0.00903	0.00542	0.00181	0.00361	0.00723	0.77055	0.00723
26	0.02032	0.01717	0.01811	0.01599	0.02056	0.01977	0.01252	0.10335	0.60130	0.03410	0.03024	0.02788	0.02260	0.01040	0.00788	0.00260	0.00638	0.00858	0.00788	0.01237
27	0.08484	0.01305	0.01715	0.01334	0.01905	0.01160	0.01098	0.03559	0.02156	0.60687	0.06186	0.02704	0.02119	0.00975	0.00766	0.00240	0.00641	0.00787	0.00921	0.01257
28	0.78228	0.01499	0.01140	0.01020	0.01499	0.01739	0.00840	0.02279	0.01320	0.03479	0.01080	0.01260	0.00840	0.00720	0.00480	0.00240	0.00600	0.00420	0.00480	0.00840
29	0.00990	0.00788	0.00887	0.00863	0.01092	0.00686	0.00647	0.01255	0.01941	0.02506	0.32063	0.06784	0.43134	0.01810	0.00916	0.00255	0.00382	0.01541	0.00774	0.00686
30	0.01115	0.00756	0.00886	0.00888	0.00915	0.00753	0.00531	0.01172	0.01263	0.01710	0.09457	0.08251	0.03371	0.58957	0.06295	0.00698	0.00753	0.01195	0.00520	0.00515
31	0.02073	0.73217	0.04063	0.01327	0.01990	0.03068	0.01327	0.02322	0.01575	0.01824	0.01078	0.01244	0.00995	0.00663	0.00498	0.00166	0.00829	0.00415	0.00332	0.00995
32	0.01676	0.01376	0.01615	0.01157	0.01843	0.01037	0.00927	0.02019	0.01630	0.04939	0.01440	0.01646	0.01177	0.00588	0.00582	0.00119	0.00577	0.00471	0.00478	0.74704
33	0.01108	0.00831	0.01246	0.01246	0.01385	0.00969	0.00969	0.01385	0.01246	0.01800	0.02077	0.03046	0.01938	0.05815	0.69678	0.01246	0.02077	0.00831	0.00415	0.00692
34	0.00959	0.00787	0.00845	0.00830	0.01074	0.00673	0.00623	0.01196	0.01868	0.02335	0.21966	0.07067	0.53339	0.01874	0.00916	0.00258	0.00386	0.01581	0.00752	0.00673
35	0.01625	0.01393	0.01616	0.01171	0.01847	0.01081	0.00935	0.02068	0.05060	0.02565	0.01473	0.01676	0.01213	0.00600	0.00586	0.00123	0.00576	0.00482	0.00477	0.73435
36	0.01608	0.01378	0.01608	0.01148	0.01837	0.01034	0.00919	0.01952	0.01608	0.02527	0.01378	0.01608	0.01148	0.00574	0.00574	0.00115	0.00574	0.00459	0.00459	0.77491
37	0.01555	0.04011	0.68733	0.02210	0.03356	0.01801	0.02865	0.02455	0.01637	0.02455	0.01391	0.01637	0.00982	0.00737	0.00737	0.00246	0.01146	0.00573	0.00327	0.01146
38	0.78228	0.01499	0.01140	0.01020	0.01499	0.01739	0.00840	0.02279	0.01320	0.03479	0.01080	0.01260	0.00840	0.00720	0.00480	0.00240	0.00600	0.00420	0.00480	0.00840
39	0.02073	0.73217	0.04063	0.01327	0.01990	0.03068	0.01327	0.02322	0.01575	0.01824	0.01078	0.01244	0.00995	0.00663	0.00498	0.00166	0.00829	0.00415	0.00332	0.00995
40	0.03479	0.01320	0.01799	0.01380	0.01979	0.01140	0.01140	0.03779	0.02219	0.68451	0.03059	0.02639	0.01919	0.00960	0.00780	0.00240	0.00660	0.00780	0.00960	0.01320
41	0.01464	0.01378	0.02326	0.70887	0.05340	0.01723	0.02153	0.01981	0.01550	0.01981	0.01378	0.02067	0.01034	0.00775	0.00775	0.00258	0.01034	0.00689	0.00345	0.00861
42	0.00981	0.00720	0.00964	0.01115	0.01163	0.00704	0.00760	0.01126	0.01499	0.02016	0.06466	0.66943	0.05042	0.02355	0.01050	0.00313	0.03319	0.02113	0.00709	0.00642
43	0.02947	0.02172	0.02327	0.01784	0.02404	0.02404	0.01474	0.65329	0.03646	0.04887	0.01862	0.01862	0.01319	0.00931	0.00776	0.00233	0.00853	0.00698	0.00776	0.01319
44	0.02462	0.01821	0.02097	0.01940	0.08614	0.01998	0.01417	0.25428	0.30740	0.11176	0.02523	0.02406	0.01836	0.00963	0.00781	0.00247	0.00733	0.00785	0.00764	0.01270
45	0.00945	0.00675	0.00900	0.01080	0.01125	0.00630	0.00720	0.01080	0.01484	0.01979	0.04274	0.72245	0.05128	0.02429	0.00990	0.00315	0.00450	0.02204	0.00720	0.00630
46	0.02904	0.02150	0.02302	0.01775	0.02388	0.02384	0.01463	0.62710	0.06335	0.04816	0.01917	0.01906	0.01363	0.00936	0.00776	0.00234	0.00843	0.00706	0.00776	0.01315
47	0.01882	0.01805	0.03081	0.10093	0.62867	0.01833	0.02361	0.02347	0.01748	0.02489	0.01452	0.01931	0.01212	0.00698	0.00768	0.00233	0.00930	0.00691	0.00381	0.01199
48	0.01606	0.10798	0.62391	0.02123	0.03222	0.01925	0.02714	0.02442	0.01631	0.02394	0.01361	0.01598	0.00983	0.00729	0.00713	0.00238	0.01115	0.00557	0.00328	0.01131
49	0.74224	0.01535	0.01203	0.01060	0.01548	0.01775	0.00873	0.05632	0.01443	0.03554	0.01121	0.01292	0.00865	0.00731	0.00496	0.00240	0.00613	0.00435	0.00496	0.00865
50	0.00943	0.00683	0.00891	0.01058	0.01119	0.00632	0.00710	0.01082	0.01505	0.01988	0.04534	0.67527	0.09678	0.02395	0.00984	0.00311	0.00446	0.02163	0.00720	0.00632
51	0.01884	0.01806	0.03083	0.09890	0.63059	0.01833	0.02362	0.02349	0.01749	0.02490	0.01452	0.01931	0.01213	0.00697	0.00768	0.00232	0.00930	0.00691	0.00381	0.01200
52	0.01811	0.02054	0.04456	0.06864	0.04121	0.01948	0.61751	0.02457	0.01815	0.02457	0.01558	0.02090	0.01169	0.00660	0.00908	0.00261	0.01293	0.00903	0.00390	0.01036
53	0.01440	0.01345	0.02258	0.67575	0.05140	0.01671	0.02085	0.01938	0.01547	0.01981	0.01515	0.05397	0.01228	0.00854	0.00785	0.00261	0.01006	0.00761	0.00362	0.00850
54	0.01988	0.01652	0.01755	0.01570	0.02015	0.01899	0.01224	0.04107	0.64068	0.05724	0.03152	0.02883	0.02350	0.01048	0.00789	0.00262	0.00615	0.00873	0.00795	0.01231
55	0.01542	0.03776	0.62917	0.02187	0.03271	0.01753	0.05074	0.02406	0.01672	0.02490	0.04745	0.01864	0.01310	0.00777	0.00752	0.00246	0.01112	0.00628	0.00356	0.01121
56	0.01834	0.02080	0.04507	0.03339	0.07082	0.01955	0.62123	0.02479	0.01827	0.02486	0.01563	0.02083	0.01179	0.00655	0.00908	0.00260	0.01289	0.00904	0.00392	0.01054
57	0.00945	0.00741	0.00859	0.00948	0.01108	0.00655	0.00679	0.01121	0.01641	0.02054	0.06073	0.36535	0.36627	0.02181	0.00957	0.00290	0.00434	0.04787	0.00720	0.00646
58	0.01590	0.01507	0.02553	0.52596	0.22648	0.01756	0.02216	0.02091	0.01610	0.02134	0.01400	0.02026	0.01087	0.00752	0.00773	0.00251	0.01002	0.00690	0.00355	0.00963
59	0.01830	0.02092	0.04575	0.03268	0.04052	0.01961	0.65098	0.02484	0.01830	0.02484	0.01569	0.02092	0.01176	0.00654	0.00915	0.00261	0.01307	0.00915	0.00392	0.01046
60	0.05535	0.05841	0.02280	0.01697	0.02284	0.02336	0.01401	0.49440	0.13915	0.04398	0.02006	0.01978	0.01458	0.00929	0.00752	0.00234	0.00803	0.00702	0.00743	0.01268
61	0.03479	0.01320	0.01799	0.01380	0.01979	0.01140	0.01140	0.03779	0.02219	0.68451	0.03059	0.02639	0.01919	0.00960	0.00780	0.00240	0.00660	0.00780	0.00960	0.01320
62	0.06192	0.01361	0.01797	0.01383	0.01979	0.01213	0.01142	0.06221	0.02244	0.63495	0.02938	0.02557	0.01855	0.00950	0.00769	0.00240	0.00665	0.00763	0.00935	0.01302
63	0.02947	0.02172	0.02327	0.01784	0.02404	0.02404	0.01474	0.65329	0.03646	0.04887	0.01862	0.01862	0.01319	0.00931	0.00776	0.00233	0.00853	0.00698	0.00776	0.01319
64	0.01764	0.01977	0.04228	0.03065	0.03764	0.01887	0.57937	0.02361	0.01779	0.02422	0.01730	0.06885	0.01441	0.00806	0.00991	0.00268	0.04282	0.00993	0.00412	0.01009
65	0.00945	0.00675	0.00900	0.01080	0.01125	0.00630	0.00720	0.01080	0.01484	0.01979	0.04274	0.72245	0.05128	0.02429	0.00990	0.00315	0.00450	0.02204	0.00720	0.00630
66	0.03326	0.01290	0.01762	0.01383	0.01954	0.01123	0.01147	0.03630	0.02189	0.63916	0.03131	0.03058	0.02094	0.01041	0.00800	0.00248	0.00663	0.05026	0.00943	0.01278
67	0.00966	0.00786	0.00826	0.00828	0.01051	0.00680	0.00608	0.01156	0.01721	0.02102	0.11168	0.07108	0.53515	0.10388	0.01283	0.00322	0.00445	0.03709	0.00699	0.00640
68	0.01464	0.01378	0.02326	0.70887	0.05340	0.01723	0.02153	0.01981	0.01550	0.01981	0.01378	0.02067	0.01034	0.00775	0.00775	0.00258	0.01034	0.00689	0.00345	0.00861
69	0.01919	0.01842	0.03147	0.04759	0.67914	0.01842	0.02380	0.02380	0.01765	0.02533	0.01458	0.01919	0.01228	0.00691	0.00768	0.00230	0.00921	0.00691	0.00384	0.01228
70	0.00930	0.00786	0.00804	0.00799	0.01055	0.00660	0.00600	0.01139	0.01799	0.02169	0.12243	0.07339	0.63165	0.01936	0.00916	0.00261	0.00391	0.01619	0.00730	0.00660
71	0.01871	0.01793	0.03061	0.11731	0.61317	0.01830	0.02356	0.02338	0.01743	0.02475	0.01450	0.01935	0.01208	0.00700	0.00768	0.00233	0.00933	0.00691	0.00380	0.01189
72	0.01708	0.21723	0.47659	0.02055	0.03051	0.02138	0.06736	0.02423	0.01634	0.02295	0.01323	0.01567	0.00999	0.00712	0.00687	0.00226	0.01075	0.00556	0.00333	0.01100
73	0.01547	0.01480	0.01991	0.01765	0.01817	0.04088	0.01437	0.01741	0.01234	0.01834	0.01378	0.02202	0.01348	0.05484	0.21346	0.00605	0.46811	0.00734	0.00368	0.00791
74	0.02045	0.69537	0.07502	0.01374	0.02063	0.03001	0.01408	0.02329	0.01579	0.01858	0.01095	0.01265	0.00994	0.00667	0.00510	0.00170	0.00846	0.00423	0.00331	0.01003
75	0.02500	0.01860	0.02054	0.01545	0.02189	0.01873	0.01266	0.40656	0.02875	0.06636	0.01741	0.01804	0.01283	0.00807	0.00705	0.00192	0.00748	0.00618	0.00672	0.27976
76	0.01707	0.11261	0.29471	0.02191	0.06392	0.01786	0.13302	0.02377	0.04471	0.05512	0.03764	0.10603	0.01825	0.00967	0.00782	0.00247	0.00970	0.00868	0.00456	0.01051
77	0.01128	0.00752	0.00846	0.00846	0.00846	0.00752	0.00470	0.01128	0.01128	0.01503	0.02443	0.05074	0.02819	0.72751	0.03946	0.00752	0.00752	0.01128	0.00470	0.00470
78	0.02538	0.02150	0.02146	0.01864	0.05111	0.09735	0.01429	0.34063	0.25556	0.03871	0.02226	0.02176	0.01648	0.00948	0.00771	0.00240	0.00833	0.00738	0.00721	0.01236
79	0.02185	0.01743	0.01869	0.01586	0.02087	0.01941	0.01256	0.17244	0.46023	0.05979	0.02749	0.02571	0.02039	0.00989	0.00771	0.00245	0.00665	0.00806	0.00770	0.06480
80	0.01897	0.01820	0.03108	0.07896	0.64945	0.01837	0.02369	0.02361	0.01755	0.02507	0.01455	0.01926	0.01219	0.00695	0.00768	0.00232	0.00926	0.00691	0.00382	0.01211
81	0.09933	0.20756	0.13356	0.01518	0.02151	0.02083	0.01460	0.05315	0.21303	0.08730	0.02229	0.02199	0.04067	0.00886	0.00676	0.00229	0.00761	0.00672	0.00573	0.01102
82	0.01128	0.00752	0.00846	0.00846	0.00846	0.00752	0.00470	0.01128	0.01128	0.01503	0.02443	0.05074	0.02819	0.72751	0.03946	0.00752	0.00752	0.01128	0.00470	0.00470
83	0.08095	0.01348	0.01702	0.01292	0.01908	0.01152	0.01059	0.03178	0.01991	0.46024	0.02465	0.02263	0.01635	0.00838	0.00703	0.00206	0.00632	0.00668	0.00790	0.22051
84	0.04967	0.06542	0.33655	0.01763	0.02508	0.04480	0.04315	0.02313	0.01832	0.07770	0.16908	0.02898	0.02649	0.00995	0.00774	0.00243	0.00888	0.02963	0.00525	0.01012
85	0.01647	0.05175	0.07493	0.27121	0.20888	0.01785	0.14162	0.02162	0.01675	0.02252	0.01801	0.04659	0.04098	0.00831	0.00798	0.00248	0.01007	0.00806	0.00391	0.01002
86	0.06655	0.01362	0.01793	0.01381	0.01976	0.01217	0.01140	0.06209	0.02239	0.63095	0.02926	0.02549	0.01849	0.00948	0.00767	0.00240	0.00665	0.00761	0.00932	0.01299
87	0.01743	0.01953	0.04215	0.03053	0.03765	0.01830	0.58782	0.02346	0.01796	0.02434	0.01834	0.08974	0.01564	0.00828	0.00922	0.00267	0.01223	0.01042	0.00424	0.01005
88	0.01682	0.03748	0.56130	0.02328	0.03377	0.06473	0.10571	0.02503	0.01700	0.02421	0.01400	0.01678	0.01008	0.00731	0.00756	0.00244	0.01183	0.00611	0.00340	0.01116
89	0.00928	0.00789	0.00802	0.00808	0.01067	0.00663	0.00612	0.01130	0.01768	0.02103	0.07723	0.07507	0.65383	0.01970	0.00922	0.00265	0.00404	0.03780	0.00720	0.00657
90	0.01128	0.00752	0.00846	0.00846	0.00846	0.00752	0.00470	0.01128	0.01128	0.01503	0.02443	0.05074	0.02819	0.72751	0.03946	0.00752	0.00752	0.01128	0.00470	0.00470
91	0.00940	0.00786	0.00818	0.00810	0.01062	0.00664	0.00607	0.01158	0.01822	0.02225	0.15517	0.07247	0.59856	0.01915	0.00916	0.00260	0.00389	0.01606	0.00737	0.00664
92	0.01648	0.16365	0.57189	0.02052	0.03112	0.02027	0.02590	0.02432	0.01626	0.02343	0.01335	0.01567	0.00984	0.00724	0.00694	0.00231	0.01089	0.00545	0.00328	0.01119
93	0.03479	0.01320	0.01799	0.01380	0.01979	0.01140	0.01140	0.03779	0.02219	0.68451	0.03059	0.02639	0.01919	0.00960	0.00780	0.00240	0.00660	0.00780	0.00960	0.01320
94	0.01704	0.01718	0.02495	0.02103	0.02146	0.02352	0.05170	0.01900	0.01223	0.01900	0.01048	0.01718	0.01027	0.01319	0.02455	0.00335	0.67495	0.00691	0.00342	0.00859
95	0.04898	0.08154	0.02165	0.04218	0.02280	0.36205	0.01389	0.05676	0.05624	0.12468	0.01814	0.04279	0.01484	0.00946	0.00775	0.00225	0.03054	0.02820	0.00539	0.00988
96	0.03321	0.01424	0.01836	0.01414	0.02001	0.01312	0.01166	0.12888	0.02409	0.56426	0.02860	0.02533	0.01832	0.00953	0.00770	0.00237	0.00677	0.00765	0.03879	0.01296
97	0.00945	0.00675	0.00900	0.01080	0.01125	0.00630	0.00720	0.01080	0.01484	0.01979	0.04274	0.72245	0.05128	0.02429	0.00990	0.00315	0.00450	0.02204	0.00720	0.00630
98	0.02079	0.01476	0.01637	0.01434	0.01864	0.01612	0.01125	0.05597	0.43248	0.13753	0.09093	0.03250	0.05093	0.01109	0.00793	0.00253	0.00588	0.00925	0.03913	0.01159
99	0.02035	0.02531	0.08558	0.02684	0.03300	0.17127	0.35802	0.02609	0.04443	0.02306	0.01470	0.01886	0.01151	0.00794	0.01047	0.00256	0.09832	0.00766	0.00398	0.01004
100	0.01128	0.00752	0.00846	0.00846	0.00846	0.00752	0.00470	0.01128	0.01128	0.01503	0.02443	0.05074	0.02819	0.72751	0.03946	0.00752	0.00752	0.01128	0.00470	0.00470
101	0.02736	0.17250	0.02561	0.01867	0.02318	0.56658	0.01465	0.02945	0.02076	0.01883	0.01175	0.01368	0.00998	0.00773	0.00660	0.00193	0.01287	0.00483	0.00386	0.00918
102	0.01902	0.01825	0.03117	0.07190	0.65613	0.01838	0.02371	0.02365	0.01758	0.02513	0.01455	0.01924	0.01221	0.00694	0.00768	0.00231	0.00925	0.00691	0.00382	0.01215
103	0.01503	0.06304	0.55297	0.01977	0.02949	0.01681	0.02462	0.02292	0.01724	0.02534	0.11939	0.02285	0.01994	0.00869	0.00755	0.00242	0.01008	0.00699	0.00412	0.01074
104	0.01897	0.01849	0.03013	0.12855	0.57895	0.04175	0.02321	0.02355	0.01754	0.02443	0.01440	0.01919	0.01196	0.00705	0.00766	0.00233	0.00952	0.00684	0.00379	0.01171
105	0.00945	0.00675	0.00900	0.01080	0.01125	0.00630	0.00720	0.01080	0.01484	0.01979	0.04274	0.72245	0.05128	0.02429	0.00990	0.00315	0.00450	0.02204	0.00720	0.00630
106	0.01696	0.01696	0.02375	0.02036	0.02036	0.02375	0.01696	0.01866	0.01187	0.01866	0.01018	0.01696	0.01018	0.01357	0.02545	0.00339	0.71332	0.00679	0.00339	0.00848
107	0.02872	0.02099	0.02382	0.02057	0.08812	0.02289	0.01547	0.56233	0.03393	0.07671	0.01879	0.01904	0.01338	0.00909	0.00775	0.00233	0.00851	0.00701	0.00746	0.01310
108	0.00945	0.00675	0.00900	0.01080	0.01125	0.00630	0.00720	0.01080	0.01484	0.01979	0.04274	0.72245	0.05128	0.02429	0.00990	0.00315	0.00450	0.02204	0.00720	0.00630
109	0.01091	0.00788	0.01031	0.00979	0.01157	0.00728	0.00731	0.01448	0.02167	0.03066	0.65056	0.08365	0.07231	0.01618	0.00917	0.00247	0.00369	0.01433	0.00848	0.00728
110	0.01929	0.01666	0.01753	0.01578	0.02016	0.01929	0.01227	0.04120	0.66513	0.03243	0.03156	0.02893	0.02367	0.01052	0.00789	0.00263	0.00614	0.00877	0.00789	0.01227
111	0.01555	0.04011	0.68733	0.02210	0.03356	0.01801	0.02865	0.02455	0.01637	0.02455	0.01391	0.01637	0.00982	0.00737	0.00737	0.00246	0.01146	0.00573	0.00327	0.01146
112	0.01464	0.01378	0.02326	0.70887	0.05340	0.01723	0.02153	0.01981	0.01550	0.01981	0.01378	0.02067	0.01034	0.00775	0.00775	0.00258	0.01034	0.00689	0.00345	0.00861
113	0.01445	0.00723	0.00723	0.00723	0.00903	0.00723	0.00542	0.01807	0.01626	0.02891	0.02529	0.02891	0.01987	0.00903	0.00542	0.00181	0.00361	0.00723	0.77055	0.00723
114	0.01108	0.00831	0.01246	0.01246	0.01385	0.00969	0.00969	0.01385	0.01246	0.01800	0.02077	0.03046	0.01938	0.05815	0.69678	0.01246	0.02077	0.00831	0.00415	0.00692
115	0.01608	0.01378	0.01608	0.01148	0.01837	0.01034	0.00919	0.01952	0.01608	0.02527	0.01378	0.01608	0.01148	0.00574	0.00574	0.00115	0.00574	0.00459	0.00459	0.77491
116	0.01584	0.07803	0.65190	0.02162	0.03281	0.01870	0.02780	0.02448	0.01634	0.02421	0.01374	0.01615	0.00983	0.00733	0.00724	0.00241	0.01129	0.00564	0.00328	0.01138
117	0.01249	0.00892	0.01249	0.01428	0.01606	0.00892	0.01249	0.01606	0.01785	0.02320	0.04105	0.08746	0.04462	0.02142	0.01071	0.00357	0.00714	0.62695	0.00714	0.00714
118	0.01484	0.01211	0.01363	0.01251	0.01562	0.01300	0.00960	0.02714	0.33017	0.03104	0.32548	0.04516	0.09076	0.01355	0.00854	0.00254	0.00487	0.01166	0.00813	0.00964
119	0.01478	0.01352	0.02274	0.62958	0.08012	0.01656	0.02063	0.01933	0.01524	0.01964	0.01380	0.02080	0.01064	0.00903	0.00929	0.05550	0.01004	0.00688	0.00346	0.00843
120	0.68979	0.01644	0.01275	0.04802	0.01765	0.06395	0.00955	0.02319	0.01392	0.03291	0.01104	0.01312	0.00861	0.00728	0.00511	0.00238	0.00678	0.00440	0.00467	0.00845
121	0.02896	0.03695	0.02197	0.01998	0.02397	0.69638	0.01498	0.03096	0.02197	0.01898	0.01199	0.01398	0.00999	0.00799	0.00699	0.00200	0.01398	0.00499	0.00400	0.00899
122	0.01464	0.01378	0.02326	0.70887	0.05340	0.01723	0.02153	0.01981	0.01550	0.01981	0.01378	0.02067	0.01034	0.00775	0.00775	0.00258	0.01034	0.00689	0.00345	0.00861
123	0.01121	0.00851	0.01255	0.01251	0.01375	0.00995	0.00964	0.01377	0.01252	0.01801	0.02163	0.06575	0.02099	0.07933	0.61380	0.01148	0.04437	0.00906	0.00430	0.00687
124	0.01899	0.01822	0.03112	0.07624	0.65204	0.01837	0.02370	0.02362	0.01756	0.02509	0.01455	0.01925	0.01220	0.00694	0.00768	0.00231	0.00926	0.00691	0.00382	0.01212
125	0.01929	0.01666	0.01753	0.01578	0.02016	0.01929	0.01227	0.04120	0.66513	0.03243	0.03156	0.02893	0.02367	0.01052	0.00789	0.00263	0.00614	0.00877	0.00789	0.01227
126	0.00930	0.00732	0.00841	0.00928	0.01085	0.00643	0.00652	0.01097	0.01630	0.02039	0.06118	0.38879	0.37303	0.02189	0.00952	0.00288	0.00420	0.01912	0.00720	0.00643
127	0.01481	0.01401	0.02329	0.65958	0.05104	0.01769	0.02121	0.01973	0.01524	0.01973	0.01352	0.02041	0.01032	0.00817	0.00902	0.00264	0.06066	0.00688	0.00344	0.00860
128	0.01347	0.00673	0.01010	0.01010	0.01010	0.00673	0.00673	0.01010	0.01010	0.01347	0.01347	0.02357	0.01347	0.02694	0.03030	0.77441	0.00673	0.00673	0.00337	0.00337
129	0.01815	0.01557	0.02433	0.46454	0.06738	0.01837	0.05416	0.09963	0.04316	0.05793	0.01584	0.02078	0.01178	0.00835	0.00877	0.00258	0.04726	0.00714	0.00449	0.00977
130	0.01120	0.00749	0.00848	0.00855	0.00857	0.00747	0.00480	0.01126	0.01142	0.01523	0.02517	0.07799	0.02913	0.69898	0.03827	0.00734	0.00739	0.01171	0.00480	0.00476
131	0.01050	0.00780	0.00980	0.00971	0.01150	0.00710	0.00723	0.01354	0.02008	0.02746	0.45916	0.14875	0.18054	0.01786	0.00930	0.00261	0.00395	0.03804	0.00806	0.00703
132	0.01555	0.04011	0.68733	0.02210	0.03356	0.01801	0.02865	0.02455	0.01637	0.02455	0.01391	0.01637	0.00982	0.00737	0.00737	0.00246	0.01146	0.00573	0.00327	0.01146
133	0.02947	0.02172	0.02327	0.01784	0.02404	0.02404	0.01474	0.65329	0.03646	0.04887	0.01862	0.01862	0.01319	0.00931	0.00776	0.00233	0.00853	0.00698	0.00776	0.01319
134	0.00945	0.00675	0.00900	0.01080	0.01125	0.00630	0.00720	0.01080	0.01484	0.01979	0.04274	0.72245	0.05128	0.02429	0.00990	0.00315	0.00450	0.02204	0.00720	0.00630
135	0.01555	0.04011	0.68733	0.02210	0.03356	0.01801	0.02865	0.02455	0.01637	0.02455	0.01391	0.01637	0.00982	0.00737	0.00737	0.00246	0.01146	0.00573	0.00327	0.01146
136	0.01727	0.01346	0.01595	0.01164	0.01821	0.01026	0.00928	0.02060	0.01650	0.07603	0.01620	0.04423	0.01362	0.00676	0.00606	0.00132	0.00576	0.00552	0.00508	0.68624
137	0.01608	0.01378	0.01608	0.01148	0.01837	0.01034	0.00919	0.01952	0.01608	0.02527	0.01378	0.01608	0.01148	0.00574	0.00574	0.00115	0.00574	0.00459	0.00459	0.77491
138	0.01553	0.01469	0.02486	0.57978	0.17556	0.01746	0.02197	0.02059	0.01592	0.02089	0.01394	0.02038	0.01072	0.00759	0.00774	0.00253	0.01012	0.00689	0.00352	0.00933
139	0.01085	0.00783	0.01026	0.00984	0.01156	0.00724	0.00731	0.01433	0.02139	0.03021	0.62574	0.10974	0.07145	0.01651	0.00920	0.00249	0.00372	0.01465	0.00843	0.00724
140	0.01097	0.00793	0.01036	0.00975	0.01158	0.00732	0.00732	0.01463	0.02195	0.03109	0.67505	0.05792	0.07316	0.01585	0.00914	0.00244	0.00366	0.01402	0.00854	0.00732
141	0.01702	0.01713	0.02469	0.02088	0.02122	0.02357	0.04409	0.01892	0.01215	0.01892	0.01041	0.01713	0.01025	0.01327	0.02475	0.00336	0.68336	0.00689	0.00342	0.00857
142	0.03185	0.01304	0.01741	0.01355	0.01909	0.01158	0.01111	0.06636	0.02289	0.57915	0.10216	0.02953	0.02493	0.01028	0.00795	0.00240	0.00637	0.00845	0.00938	0.01254
143	0.01464	0.01378	0.02326	0.70887	0.05340	0.01723	0.02153	0.01981	0.01550	0.01981	0.01378	0.02067	0.01034	0.00775	0.00775	0.00258	0.01034	0.00689	0.00345	0.00861
144	0.01578	0.00850	0.00864	0.00816	0.01035	0.00871	0.00624	0.07397	0.01804	0.03066	0.02471	0.02800	0.01928	0.00906	0.00563	0.00185	0.00405	0.00721	0.70342	0.00775
145	0.01630	0.01398	0.01618	0.01178	0.01850	0.01095	0.00940	0.02101	0.06059	0.02576	0.01500	0.01696	0.01232	0.00607	0.00589	0.00125	0.00577	0.00488	0.00482	0.72261
146	0.02037	0.67479	0.06450	0.01391	0.02044	0.02990	0.01401	0.02307	0.01561	0.01850	0.01087	0.01278	0.00996	0.00696	0.00595	0.00176	0.03902	0.00432	0.00332	0.00994
147	0.01249	0.00892	0.01249	0.01428	0.01606	0.00892	0.01249	0.01606	0.01785	0.02320	0.04105	0.08746	0.04462	0.02142	0.01071	0.00357	0.00714	0.62695	0.00714	0.00714
148	0.01061	0.00791	0.00986	0.00937	0.01136	0.00716	0.00703	0.01392	0.02108	0.02904	0.55429	0.06130	0.19520	0.01662	0.00915	0.00248	0.00371	0.01450	0.00826	0.00716
149	0.02677	0.01992	0.02141	0.01708	0.02276	0.02217	0.01389	0.45263	0.21633	0.06993	0.02282	0.02189	0.01644	0.00967	0.00780	0.00242	0.00777	0.00753	0.00787	0.01292
150	0.01919	0.01842	0.03147	0.04759	0.67914	0.01842	0.02380	0.02380	0.01765	0.02533	0.01458	0.01919	0.01228	0.00691	0.00768	0.00230	0.00921	0.00691	0.00384	0.01228
151	0.69149	0.10049	0.01488	0.01056	0.01558	0.01898	0.00898	0.02284	0.01350	0.03282	0.01079	0.01258	0.00858	0.00713	0.00482	0.00231	0.00627	0.00419	0.00462	0.00858
152	0.02853	0.07393	0.02296	0.01962	0.02375	0.66098	0.01489	0.03055	0.02164	0.01894	0.01192	0.01390	0.00999	0.00792	0.00688	0.00198	0.01368	0.00495	0.00396	0.00904
153	0.00971	0.00694	0.00930	0.01110	0.01166	0.00653	0.00766	0.01125	0.01511	0.02009	0.04259	0.66737	0.05070	0.02404	0.00997	0.00319	0.00473	0.07451	0.00719	0.00637
154	0.01108	0.00831	0.01246	0.01246	0.01385	0.00969	0.00969	0.01385	0.01246	0.01800	0.02077	0.03046	0.01938	0.05815	0.69678	0.01246	0.02077	0.00831	0.00415	0.00692
155	0.75199	0.01492	0.01166	0.01034	0.01519	0.01715	0.00852	0.02340	0.01356	0.06112	0.01160	0.01315	0.00883	0.00729	0.00492	0.00240	0.00602	0.00434	0.00499	0.00859
156	0.01830	0.02092	0.04575	0.03268	0.04052	0.01961	0.65098	0.02484	0.01830	0.02484	0.01569	0.02092	0.01176	0.00654	0.00915	0.00261	0.01307	0.00915	0.00392	0.01046
157	0.01097	0.00793	0.01036	0.00975	0.01158	0.00732	0.00732	0.01463	0.02195	0.03109	0.67505	0.05792	0.07316	0.01585	0.00914	0.00244	0.00366	0.01402	0.00854	0.00732
158	0.01929	0.01666	0.01753	0.01578	0.02016	0.01929	0.01227	0.04120	0.66513	0.03243	0.03156	0.02893	0.02367	0.01052	0.00789	0.00263	0.00614	0.00877	0.00789	0.01227
159	0.01064	0.00772	0.01003	0.00987	0.01148	0.00711	0.00724	0.01383	0.02054	0.02874	0.54236	0.17588	0.09052	0.01748	0.00928	0.00257	0.00382	0.01552	0.00825	0.00711
160	0.01464	0.01378	0.02326	0.70887	0.05340	0.01723	0.02153	0.01981	0.01550	0.01981	0.01378	0.02067	0.01034	0.00775	0.00775	0.00258	0.01034	0.00689	0.00345	0.00861
161	0.01225	0.00876	0.01219	0.01381	0.01554	0.00870	0.01190	0.01573	0.01801	0.02362	0.08619	0.11287	0.04694	0.02115	0.01056	0.00347	0.00678	0.55719	0.00724	0.00712
162	0.01696	0.01696	0.02375	0.02036	0.02036	0.02375	0.01696	0.01866	0.01187	0.01866	0.01018	0.01696	0.01018	0.01357	0.02545	0.00339	0.71332	0.00679	0.00339	0.00848
163	0.02805	0.02078	0.02244	0.01746	0.02333	0.02307	0.01436	0.59345	0.06062	0.04651	0.01926	0.01968	0.01395	0.01203	0.04552	0.00289	0.00911	0.00713	0.00756	0.01281
164	0.01705	0.01623	0.02760	0.35950	0.38400	0.01786	0.02273	0.02192	0.01664	0.02273	0.01421	0.01989	0.01136	0.00731	0.00771	0.00244	0.00974	0.00690	0.00365	0.01055
165	0.01830	0.02092	0.04575	0.03268	0.04052	0.01961	0.65098	0.02484	0.01830	0.02484	0.01569	0.02092	0.01176	0.00654	0.00915	0.00261	0.01307	0.00915	0.00392	0.01046
166	0.01859	0.01605	0.01687	0.01524	0.01950	0.01841	0.01183	0.03914	0.62073	0.03165	0.03478	0.03206	0.06840	0.01114	0.00798	0.00263	0.00598	0.00929	0.00784	0.01188
167	0.00960	0.00686	0.00913	0.01069	0.01128	0.00640	0.00721	0.01117	0.01554	0.02090	0.10477	0.65725	0.05343	0.02346	0.00982	0.00308	0.00442	0.02126	0.00733	0.00640
168	0.03458	0.01353	0.01820	0.01395	0.01996	0.01189	0.01153	0.06162	0.02274	0.65989	0.03013	0.02609	0.01896	0.00959	0.00780	0.00240	0.00667	0.00777	0.00953	0.01320
169	0.00940	0.00786	0.00818	0.00810	0.01062	0.00665	0.00608	0.01158	0.01823	0.02227	0.15627	0.07244	0.59745	0.01914	0.00916	0.00259	0.00389	0.01606	0.00737	0.00665
170	0.01108	0.00831	0.01246	0.01246	0.01385	0.00969	0.00969	0.01385	0.01246	0.01800	0.02077	0.03046	0.01938	0.05815	0.69678	0.01246	0.02077	0.00831	0.00415	0.00692
171	0.06123	0.69403	0.03908	0.01310	0.01964	0.02997	0.01301	0.02319	0.01562	0.01912	0.01078	0.01245	0.00987	0.00666	0.00497	0.00170	0.00817	0.00415	0.00340	0.00987
172	0.01464	0.01378	0.02326	0.70887	0.05340	0.01723	0.02153	0.01981	0.01550	0.01981	0.01378	0.02067	0.01034	0.00775	0.00775	0.00258	0.01034	0.00689	0.00345	0.00861
173	0.01128	0.00752	0.00846	0.00846	0.00846	0.00752	0.00470	0.01128	0.01128	0.01503	0.02443	0.05074	0.02819	0.72751	0.03946	0.00752	0.00752	0.01128	0.00470	0.00470
174	0.78228	0.01499	0.01140	0.01020	0.01499	0.01739	0.00840	0.02279	0.01320	0.03479	0.01080	0.01260	0.00840	0.00720	0.00480	0.00240	0.00600	0.00420	0.00480	0.00840
175	0.01464	0.01378	0.02326	0.70887	0.05340	0.01723	0.02153	0.01981	0.01550	0.01981	0.01378	0.02067	0.01034	0.00775	0.00775	0.00258	0.01034	0.00689	0.00345	0.00861
176	0.00945	0.00675	0.00900	0.01080	0.01125	0.00630	0.00720	0.01080	0.01484	0.01979	0.04274	0.72245	0.05128	0.02429	0.00990	0.00315	0.00450	0.02204	0.00720	0.00630
177	0.01249	0.00892	0.01249	0.01428	0.01606	0.00892	0.01249	0.01606	0.01785	0.02320	0.04105	0.08746	0.04462	0.02142	0.01071	0.00357	0.00714	0.62695	0.00714	0.00714
178	0.00990	0.00708	0.00951	0.01121	0.01189	0.00668	0.00790	0.01163	0.01551	0.02067	0.06657	0.61402	0.05124	0.02359	0.00997	0.00318	0.00481	0.10095	0.00724	0.00645
179	0.78228	0.01499	0.01140	0.01020	0.01499	0.01739	0.00840	0.02279	0.01320	0.03479	0.01080	0.01260	0.00840	0.00720	0.00480	0.00240	0.00600	0.00420	0.00480	0.00840
180	0.16135	0.19358	0.02526	0.01553	0.02143	0.07553	0.01327	0.34132	0.02621	0.03668	0.01482	0.01570	0.01131	0.00818	0.00650	0.00215	0.00844	0.00565	0.00587	0.01123
181	0.01555	0.04011	0.68733	0.02210	0.03356	0.01801	0.02865	0.02455	0.01637	0.02455	0.01391	0.01637	0.00982	0.00737	0.00737	0.00246	0.01146	0.00573	0.00327	0.01146
182	0.01759	0.19108	0.47961	0.01977	0.02945	0.05802	0.02381	0.02533	0.04471	0.02320	0.01389	0.01592	0.01046	0.00738	0.00684	0.00226	0.01067	0.00547	0.00352	0.01103
183	0.01760	0.06004	0.30585	0.02661	0.03544	0.04303	0.32303	0.02463	0.01728	0.02400	0.01441	0.01830	0.01077	0.00720	0.00879	0.00252	0.03887	0.00730	0.00361	0.01072
184	0.01585	0.01354	0.01583	0.01146	0.01813	0.01020	0.00912	0.01922	0.01604	0.02508	0.01478	0.04054	0.01286	0.00638	0.00589	0.00122	0.00570	0.00520	0.00468	0.74829
185	0.01714	0.01633	0.02776	0.34633	0.39646	0.01788	0.02277	0.02200	0.01668	0.02284	0.01422	0.01986	0.01140	0.00729	0.00771	0.00243	0.00972	0.00690	0.00366	0.01062
186	0.02073	0.73217	0.04063	0.01327	0.01990	0.03068	0.01327	0.02322	0.01575	0.01824	0.01078	0.01244	0.00995	0.00663	0.00498	0.00166	0.00829	0.00415	0.00332	0.00995
187	0.01228	0.00821	0.01078	0.00998	0.01203	0.00754	0.00754	0.01590	0.02196	0.06690	0.63974	0.05619	0.07020	0.01551	0.00907	0.00244	0.00382	0.01368	0.00859	0.00764
188	0.00945	0.00675	0.00900	0.01080	0.01125	0.00630	0.00720	0.01080	0.01484	0.01979	0.04274	0.72245	0.05128	0.02429	0.00990	0.00315	0.00450	0.02204	0.00720	0.00630
189	0.01555	0.04011	0.68733	0.02210	0.03356	0.01801	0.02865	0.02455	0.01637	0.02455	0.01391	0.01637	0.00982	0.00737	0.00737	0.00246	0.01146	0.00573	0.00327	0.01146
190	0.01108	0.00831	0.01246	0.01246	0.01385	0.00969	0.00969	0.01385	0.01246	0.01800	0.02077	0.03046	0.01938	0.05815	0.69678	0.01246	0.02077	0.00831	0.00415	0.00692
191	0.00970	0.00694	0.00922	0.01062	0.01130	0.00647	0.00722	0.01144	0.01603	0.02168	0.14813	0.61168	0.05493	0.02288	0.00977	0.00303	0.00436	0.02071	0.00742	0.00647
