[name]
unknown

[dist]
# distance from previous block
# <min> <max>
3	24

[block]
# block no. 0 follows, 24 sequences, length 59
# corresponding to MSA columns:
# 29-87
name=unknown_A
#
# <colnr> <probs for GDERKNQSTAVLIFYWHMCP>
#	G	D	E	R	K	N	Q	S	T	A	V	L	I	F	Y	W	H	M	C	P
0	0.05194	0.02170	0.21859	0.01822	0.04714	0.01424	0.04266	0.02941	0.04321	0.28987	0.04210	0.02564	0.01792	0.01083	0.00977	0.06411	0.00851	0.02618	0.00655	0.01142
1	0.01804	0.30059	0.38633	0.01902	0.02796	0.02381	0.02238	0.02413	0.01615	0.02219	0.01271	0.01525	0.01012	0.00773	0.00802	0.00227	0.06369	0.00532	0.00337	0.01090
2	0.01590	0.04102	0.68023	0.02260	0.03432	0.01842	0.02930	0.02511	0.01674	0.02511	0.01423	0.01674	0.01005	0.00753	0.00753	0.00251	0.01172	0.00586	0.00335	0.01172
3	0.01528	0.01282	0.01521	0.01174	0.01760	0.00989	0.00921	0.01848	0.01632	0.02491	0.01959	0.12542	0.01914	0.00933	0.00670	0.00157	0.00573	0.02918	0.00520	0.62668
4	0.01749	0.01472	0.01701	0.01224	0.01924	0.01164	0.00983	0.06784	0.01804	0.02769	0.01447	0.01664	0.01188	0.00615	0.00603	0.00127	0.00609	0.00489	0.00495	0.71190
5	0.02979	0.02149	0.02325	0.01779	0.02416	0.02344	0.01468	0.59258	0.03576	0.07580	0.01935	0.01927	0.01367	0.00938	0.00785	0.00233	0.00852	0.00707	0.00787	0.04595
6	0.01092	0.00799	0.01051	0.01193	0.01331	0.00757	0.00927	0.01341	0.01722	0.02247	0.08727	0.34616	0.13555	0.02252	0.01029	0.00327	0.00551	0.25053	0.00742	0.00687
7	0.00966	0.00690	0.00920	0.01104	0.01150	0.00644	0.00736	0.01104	0.01518	0.02024	0.04371	0.71614	0.05245	0.02484	0.01012	0.00322	0.00460	0.02254	0.00736	0.00644
8	0.01377	0.00689	0.01033	0.01033	0.01033	0.00689	0.00689	0.01033	0.01033	0.01377	0.01377	0.02410	0.01377	0.02755	0.03099	0.76928	0.00689	0.00689	0.00344	0.00344
9	0.77733	0.01534	0.01166	0.01043	0.01534	0.01779	0.00859	0.02331	0.01350	0.03558	0.01104	0.01288	0.00859	0.00736	0.00491	0.00245	0.00613	0.00429	0.00491	0.00859
10	0.01024	0.00770	0.01119	0.01228	0.01317	0.00722	0.03856	0.01197	0.01549	0.02064	0.04229	0.65547	0.05019	0.02383	0.01012	0.00321	0.00514	0.04742	0.00720	0.00669
11	0.02120	0.72609	0.04155	0.01357	0.02035	0.03138	0.01357	0.02374	0.01611	0.01866	0.01102	0.01272	0.01018	0.00678	0.00509	0.00170	0.00848	0.00424	0.00339	0.01018
12	0.01644	0.01409	0.01644	0.01175	0.01879	0.01057	0.00940	0.01997	0.01644	0.02584	0.01409	0.01644	0.01175	0.00587	0.00587	0.00117	0.00587	0.00470	0.00470	0.76979
13	0.01054	0.00811	0.00968	0.00960	0.01174	0.00726	0.00731	0.01348	0.02007	0.02651	0.35610	0.09266	0.31274	0.01856	0.00952	0.00269	0.00417	0.06414	0.00801	0.00711
14	0.01139	0.00763	0.00869	0.00883	0.00887	0.00759	0.00500	0.01149	0.01181	0.01575	0.02642	0.10274	0.03064	0.66800	0.03805	0.00735	0.00745	0.01237	0.00500	0.00493
15	0.02950	0.02288	0.02305	0.01799	0.02398	0.07732	0.01472	0.57143	0.03528	0.04672	0.01876	0.01907	0.01349	0.00940	0.00778	0.00233	0.00898	0.00699	0.03744	0.01290
16	0.03421	0.01470	0.01903	0.01470	0.02078	0.01358	0.01211	0.11188	0.05312	0.57270	0.02985	0.02615	0.01910	0.00982	0.00797	0.00246	0.00696	0.00792	0.00951	0.01345
17	0.01172	0.00828	0.01027	0.01012	0.01046	0.00890	0.00654	0.01247	0.01185	0.01625	0.02350	0.04553	0.02593	0.53439	0.19488	0.00872	0.03946	0.01062	0.00462	0.00551
18	0.03235	0.01406	0.01817	0.01406	0.02000	0.01271	0.01153	0.08105	0.05185	0.53298	0.02912	0.02598	0.01892	0.00956	0.00774	0.00235	0.00668	0.00773	0.04243	0.06072
19	0.01592	0.01506	0.02550	0.56884	0.18061	0.01787	0.02249	0.02109	0.01631	0.02141	0.01426	0.02083	0.01098	0.00775	0.00791	0.00258	0.01034	0.00705	0.00361	0.00957
20	0.00966	0.00690	0.00920	0.01104	0.01150	0.00644	0.00736	0.01104	0.01518	0.02024	0.04371	0.71614	0.05245	0.02484	0.01012	0.00322	0.00460	0.02254	0.00736	0.00644
21	0.01162	0.00883	0.01294	0.01278	0.01402	0.01039	0.00984	0.01417	0.01262	0.01820	0.02105	0.03218	0.02012	0.11014	0.60806	0.01192	0.05123	0.00867	0.00426	0.00697
22	0.01056	0.00808	0.00968	0.00928	0.01144	0.00720	0.00696	0.01368	0.02087	0.02807	0.45637	0.06538	0.28845	0.01760	0.00936	0.00256	0.00384	0.01520	0.00824	0.00720
23	0.01842	0.01716	0.02770	0.27038	0.37672	0.01871	0.02214	0.04741	0.07504	0.02549	0.01633	0.02102	0.01295	0.00778	0.00790	0.00249	0.00951	0.00723	0.00430	0.01130
24	0.02120	0.72609	0.04155	0.01357	0.02035	0.03138	0.01357	0.02374	0.01611	0.01866	0.01102	0.01272	0.01018	0.00678	0.00509	0.00170	0.00848	0.00424	0.00339	0.01018
25	0.00939	0.00797	0.00810	0.00820	0.01076	0.00668	0.00610	0.01136	0.01791	0.02136	0.07829	0.11206	0.63421	0.02035	0.00941	0.00271	0.00405	0.01706	0.00736	0.00668
26	0.01023	0.00781	0.01156	0.01245	0.01338	0.00730	0.04732	0.01194	0.01540	0.02057	0.04197	0.67247	0.04991	0.02370	0.01007	0.00319	0.00515	0.02171	0.00715	0.00671
27	0.01730	0.06572	0.11182	0.07934	0.03640	0.01923	0.39453	0.02315	0.01746	0.02375	0.01788	0.08942	0.01554	0.00902	0.00960	0.00268	0.04321	0.00967	0.00417	0.01012
28	0.01252	0.00904	0.01242	0.01411	0.01600	0.00894	0.01227	0.01605	0.01824	0.02356	0.04489	0.08845	0.09280	0.02177	0.01083	0.00358	0.00705	0.57292	0.00731	0.00726
29	0.01860	0.01604	0.02236	0.25058	0.14812	0.01794	0.01758	0.03011	0.26163	0.05476	0.02192	0.02405	0.01660	0.00881	0.00784	0.00251	0.00827	0.00768	0.00568	0.05894
30	0.01590	0.04102	0.68023	0.02260	0.03432	0.01842	0.02930	0.02511	0.01674	0.02511	0.01423	0.01674	0.01005	0.00753	0.00753	0.00251	0.01172	0.00586	0.00335	0.01172
31	0.03014	0.02221	0.02380	0.01825	0.02459	0.02459	0.01507	0.64541	0.03728	0.04998	0.01904	0.01904	0.01349	0.00952	0.00793	0.00238	0.00873	0.00714	0.00793	0.01349
32	0.01560	0.01223	0.01472	0.13295	0.02189	0.01344	0.01135	0.07050	0.17457	0.02814	0.07630	0.07111	0.14094	0.01461	0.03585	0.00294	0.00674	0.01061	0.13632	0.00918
33	0.01872	0.02139	0.04679	0.03342	0.04144	0.02005	0.64305	0.02540	0.01872	0.02540	0.01604	0.02139	0.01203	0.00668	0.00936	0.00267	0.01337	0.00936	0.00401	0.01070
34	0.01108	0.00810	0.01040	0.00983	0.01176	0.00742	0.00737	0.01469	0.02211	0.03101	0.62270	0.06054	0.12028	0.01651	0.00935	0.00251	0.00376	0.01452	0.00862	0.00742
35	0.01706	0.01446	0.01678	0.01204	0.01906	0.01121	0.00965	0.04829	0.01739	0.02693	0.01432	0.01656	0.01182	0.00604	0.00597	0.00123	0.00600	0.00481	0.00484	0.73554
36	0.68518	0.10195	0.01530	0.01081	0.01595	0.01945	0.00919	0.02336	0.01381	0.03352	0.01104	0.01286	0.00878	0.00729	0.00493	0.00236	0.00642	0.00429	0.00472	0.00878
37	0.00958	0.00804	0.00833	0.00826	0.01084	0.00678	0.00619	0.01179	0.01858	0.02261	0.14760	0.07436	0.60062	0.01964	0.00937	0.00266	0.00399	0.01646	0.00752	0.00678
38	0.01135	0.00843	0.01239	0.01239	0.01369	0.00972	0.00947	0.01393	0.01264	0.01815	0.02156	0.03293	0.02060	0.11625	0.63417	0.01231	0.02008	0.00876	0.00430	0.00688
39	0.01143	0.00764	0.00868	0.00878	0.00881	0.00762	0.00495	0.01150	0.01174	0.01565	0.02603	0.08900	0.03015	0.68240	0.03867	0.00744	0.00752	0.01215	0.00495	0.00490
40	0.01133	0.00850	0.01274	0.01274	0.01416	0.00991	0.00991	0.01416	0.01274	0.01841	0.02124	0.03115	0.01982	0.05947	0.68989	0.01274	0.02124	0.00850	0.00425	0.00708
41	0.02509	0.02909	0.02555	0.03077	0.27425	0.39924	0.01837	0.02823	0.02050	0.02238	0.01390	0.01705	0.01158	0.00779	0.00735	0.00215	0.01193	0.00597	0.03840	0.01041
42	0.02416	0.02040	0.02049	0.04376	0.06824	0.12299	0.01399	0.31189	0.05492	0.03536	0.02127	0.10038	0.01831	0.01154	0.00873	0.03067	0.00867	0.00868	0.06464	0.01089
43	0.01735	0.01735	0.02429	0.02082	0.02082	0.02429	0.01735	0.01908	0.01214	0.01908	0.01041	0.01735	0.01041	0.01388	0.02602	0.00347	0.70680	0.00694	0.00347	0.00867
44	0.01644	0.01409	0.01644	0.01175	0.01879	0.01057	0.00940	0.01997	0.01644	0.02584	0.01409	0.01644	0.01175	0.00587	0.00587	0.00117	0.00587	0.00470	0.00470	0.76979
45	0.00960	0.00781	0.00850	0.00882	0.01097	0.00672	0.00643	0.01164	0.01790	0.02214	0.12717	0.20332	0.49001	0.02068	0.00952	0.00277	0.00411	0.01768	0.00749	0.00672
46	0.01296	0.00931	0.01186	0.01135	0.01243	0.01028	0.00809	0.05107	0.01424	0.02008	0.04880	0.03967	0.02511	0.33099	0.28516	0.00865	0.04431	0.00982	0.03922	0.00660
47	0.01913	0.01911	0.03493	0.08633	0.49174	0.01904	0.16288	0.02432	0.01807	0.02544	0.01512	0.02012	0.01232	0.00703	0.00819	0.00244	0.01038	0.00758	0.00392	0.01191
48	0.01122	0.00811	0.01060	0.00998	0.01185	0.00748	0.00748	0.01496	0.02245	0.03180	0.66766	0.05923	0.07482	0.01621	0.00935	0.00249	0.00374	0.01434	0.00873	0.00748
49	0.05803	0.69147	0.04010	0.01342	0.02011	0.03072	0.01333	0.02372	0.01599	0.01948	0.01103	0.01273	0.01010	0.00681	0.00508	0.00173	0.00837	0.00424	0.00347	0.01010
50	0.01104	0.00810	0.01035	0.00978	0.01173	0.00740	0.00734	0.01461	0.02201	0.03077	0.60964	0.06092	0.13349	0.01659	0.00935	0.00251	0.00377	0.01458	0.00859	0.00740
51	0.00966	0.00690	0.00920	0.01104	0.01150	0.00644	0.00736	0.01104	0.01518	0.02024	0.04371	0.71614	0.05245	0.02484	0.01012	0.00322	0.00460	0.02254	0.00736	0.00644
52	0.77733	0.01534	0.01166	0.01043	0.01534	0.01779	0.00859	0.02331	0.01350	0.03558	0.01104	0.01288	0.00859	0.00736	0.00491	0.00245	0.00613	0.00429	0.00491	0.00859
53	0.01845	0.01605	0.01762	0.01719	0.06034	0.01808	0.01249	0.03726	0.53921	0.03128	0.03706	0.03467	0.10220	0.01167	0.00821	0.00267	0.00620	0.00980	0.00772	0.01184
54	0.01122	0.00811	0.01060	0.00998	0.01185	0.00748	0.00748	0.01496	0.02245	0.03180	0.66766	0.05923	0.07482	0.01621	0.00935	0.00249	0.00374	0.01434	0.00873	0.00748
55	0.01122	0.00811	0.01060	0.00998	0.01185	0.00748	0.00748	0.01496	0.02245	0.03180	0.66766	0.05923	0.07482	0.01621	0.00935	0.00249	0.00374	0.01434	0.00873	0.00748
56	0.01371	0.01001	0.01378	0.01369	0.01521	0.01092	0.01031	0.01572	0.01418	0.02066	0.02347	0.03465	0.02206	0.09404	0.60333	0.01205	0.01997	0.00921	0.03496	0.00809
57	0.02097	0.01947	0.03190	0.13199	0.57149	0.01960	0.02439	0.02499	0.01894	0.02690	0.01687	0.02263	0.01427	0.00860	0.00872	0.00278	0.01016	0.00770	0.00461	0.01301
58	0.01740	0.01583	0.02545	0.63367	0.09772	0.01866	0.02261	0.02186	0.01725	0.02257	0.01624	0.02379	0.01275	0.00927	0.00878	0.00300	0.01105	0.00768	0.00430	0.01013

[dist]
# distance from previous block
# <min> <max>
0	12

[block]
# block no. 1 follows, 24 sequences, length 33
# corresponding to MSA columns:
# 100-132
name=unknown_B
#
# <colnr> <probs for GDERKNQSTAVLIFYWHMCP>
#	G	D	E	R	K	N	Q	S	T	A	V	L	I	F	Y	W	H	M	C	P
0	0.01845	0.04157	0.65295	0.02387	0.03535	0.01956	0.02951	0.02652	0.01822	0.02725	0.01679	0.02032	0.01257	0.00927	0.00861	0.00298	0.01235	0.00669	0.00428	0.01290
1	0.01756	0.01582	0.02512	0.67390	0.05476	0.01879	0.02255	0.02188	0.01738	0.02261	0.01666	0.02453	0.01307	0.00965	0.00898	0.00310	0.01125	0.00783	0.00444	0.01011
2	0.01979	0.21554	0.49076	0.02157	0.03180	0.02285	0.02551	0.02617	0.01806	0.02561	0.01598	0.01930	0.01260	0.00908	0.00799	0.00277	0.01153	0.00628	0.00429	0.01251
3	0.02351	0.69678	0.04211	0.01523	0.02199	0.03195	0.01446	0.02521	0.01762	0.02108	0.01373	0.01648	0.01270	0.00855	0.00627	0.00220	0.00925	0.00514	0.00432	0.01142
4	0.01153	0.00769	0.00865	0.00865	0.00865	0.00769	0.00480	0.01153	0.01153	0.01538	0.02499	0.05189	0.02883	0.72131	0.04036	0.00769	0.00769	0.01153	0.00480	0.00480
5	0.01149	0.00786	0.00950	0.00950	0.00980	0.00815	0.00587	0.01208	0.01178	0.01601	0.02421	0.04758	0.02696	0.58359	0.17552	0.00874	0.01051	0.01090	0.00469	0.00528
6	0.01556	0.00814	0.00822	0.00794	0.01002	0.00826	0.00603	0.05023	0.01768	0.03060	0.02552	0.02903	0.01998	0.00925	0.00566	0.00187	0.00395	0.00738	0.72697	0.00770
7	0.01133	0.00850	0.01274	0.01274	0.01416	0.00991	0.00991	0.01416	0.01274	0.01841	0.02124	0.03115	0.01982	0.05947	0.68989	0.01274	0.02124	0.00850	0.00425	0.00708
8	0.77733	0.01534	0.01166	0.01043	0.01534	0.01779	0.00859	0.02331	0.01350	0.03558	0.01104	0.01288	0.00859	0.00736	0.00491	0.00245	0.00613	0.00429	0.00491	0.00859
9	0.01122	0.00811	0.01060	0.00998	0.01185	0.00748	0.00748	0.01496	0.02245	0.03180	0.66766	0.05923	0.07482	0.01621	0.00935	0.00249	0.00374	0.01434	0.00873	0.00748
10	0.02120	0.72609	0.04155	0.01357	0.02035	0.03138	0.01357	0.02374	0.01611	0.01866	0.01102	0.01272	0.01018	0.00678	0.00509	0.00170	0.00848	0.00424	0.00339	0.01018
11	0.02120	0.72609	0.04155	0.01357	0.02035	0.03138	0.01357	0.02374	0.01611	0.01866	0.01102	0.01272	0.01018	0.00678	0.00509	0.00170	0.00848	0.00424	0.00339	0.01018
12	0.62713	0.01672	0.01410	0.01200	0.01720	0.01916	0.00989	0.14836	0.01828	0.03847	0.01265	0.01412	0.00957	0.00779	0.00552	0.00244	0.00666	0.00487	0.00552	0.00957
13	0.01972	0.01703	0.01793	0.01614	0.02062	0.01972	0.01255	0.04214	0.65752	0.03317	0.03228	0.02959	0.02421	0.01076	0.00807	0.00269	0.00628	0.00897	0.00807	0.01255
14	0.77733	0.01534	0.01166	0.01043	0.01534	0.01779	0.00859	0.02331	0.01350	0.03558	0.01104	0.01288	0.00859	0.00736	0.00491	0.00245	0.00613	0.00429	0.00491	0.00859
15	0.01122	0.00811	0.01060	0.00998	0.01185	0.00748	0.00748	0.01496	0.02245	0.03180	0.66766	0.05923	0.07482	0.01621	0.00935	0.00249	0.00374	0.01434	0.00873	0.00748
16	0.00937	0.00803	0.00803	0.00803	0.01071	0.00669	0.00602	0.01138	0.01807	0.02142	0.08033	0.07632	0.66863	0.02008	0.00937	0.00268	0.00402	0.01674	0.00736	0.00669
17	0.02965	0.03699	0.02254	0.02032	0.02452	0.65523	0.01531	0.06328	0.02323	0.02098	0.01261	0.01454	0.01038	0.00824	0.00719	0.00206	0.01401	0.00521	0.00428	0.00941
18	0.01554	0.00812	0.00820	0.00793	0.01000	0.00824	0.00601	0.04937	0.01765	0.03057	0.02553	0.02905	0.01999	0.00925	0.00566	0.00187	0.00394	0.00738	0.72802	0.00769
19	0.00984	0.00703	0.00941	0.01125	0.01178	0.00659	0.00767	0.01135	0.01536	0.02044	0.04361	0.68035	0.05206	0.02468	0.01017	0.00325	0.00475	0.05658	0.00736	0.00649
20	0.01478	0.00739	0.00739	0.00739	0.00924	0.00739	0.00554	0.01848	0.01663	0.02956	0.02587	0.02956	0.02033	0.00924	0.00554	0.00185	0.00370	0.00739	0.76534	0.00739
21	0.01377	0.00689	0.01033	0.01033	0.01033	0.00689	0.00689	0.01033	0.01033	0.01377	0.01377	0.02410	0.01377	0.02755	0.03099	0.76928	0.00689	0.00689	0.00344	0.00344
22	0.01963	0.01884	0.03219	0.04867	0.67185	0.01884	0.02434	0.02434	0.01806	0.02591	0.01492	0.01963	0.01256	0.00707	0.00785	0.00236	0.00942	0.00707	0.00393	0.01256
23	0.02618	0.29351	0.03065	0.01820	0.05044	0.16236	0.01494	0.25709	0.02538	0.03079	0.01443	0.01569	0.01152	0.00810	0.00669	0.00205	0.00980	0.00562	0.00525	0.01131
24	0.01844	0.22450	0.36842	0.02150	0.06567	0.06844	0.04826	0.02470	0.01696	0.02272	0.01363	0.01644	0.01073	0.00952	0.03590	0.00269	0.01136	0.00569	0.00351	0.01093
25	0.01416	0.01274	0.02143	0.02528	0.21244	0.01215	0.09776	0.01735	0.01657	0.02289	0.03002	0.38249	0.03323	0.01622	0.00914	0.00279	0.00727	0.01532	0.00576	0.04499
26	0.01170	0.00711	0.00965	0.01053	0.01101	0.00685	0.00718	0.01138	0.01346	0.01812	0.03194	0.32852	0.06145	0.05787	0.01946	0.30076	0.00570	0.04326	0.03875	0.00529
27	0.01825	0.01743	0.02970	0.24233	0.48896	0.01848	0.02365	0.02313	0.01740	0.02423	0.01467	0.02008	0.01197	0.00732	0.00787	0.00244	0.00976	0.00706	0.00381	0.01145
28	0.07209	0.28030	0.35143	0.01855	0.02768	0.02272	0.04782	0.02430	0.01636	0.02361	0.01294	0.01523	0.01014	0.00715	0.00649	0.00217	0.01000	0.00528	0.00356	0.04220
29	0.04916	0.08148	0.18368	0.02234	0.05887	0.06880	0.14699	0.02623	0.01785	0.11118	0.01606	0.01857	0.01202	0.00797	0.00901	0.00237	0.06756	0.00664	0.00464	0.08856
30	0.26504	0.09728	0.22460	0.04012	0.02357	0.01887	0.01645	0.05006	0.07354	0.02877	0.01653	0.05113	0.01384	0.03971	0.00805	0.00268	0.00840	0.00659	0.00473	0.01003
31	0.07834	0.44604	0.15142	0.01830	0.08732	0.02570	0.01681	0.02363	0.01649	0.02243	0.04061	0.01617	0.01309	0.00740	0.00597	0.00200	0.00877	0.00526	0.00379	0.01045
32	0.05846	0.01678	0.01874	0.01410	0.02064	0.01579	0.01145	0.21861	0.05127	0.08587	0.01766	0.01850	0.01331	0.00761	0.00674	0.00178	0.00687	0.00589	0.00627	0.40367

[dist]
# distance from previous block
# <min> <max>
4	14

[block]
# block no. 2 follows, 24 sequences, length 42
# corresponding to MSA columns:
# 147-188
name=unknown_C
#
# <colnr> <probs for GDERKNQSTAVLIFYWHMCP>
#	G	D	E	R	K	N	Q	S	T	A	V	L	I	F	Y	W	H	M	C	P
0	0.32347	0.08322	0.01791	0.01285	0.01826	0.01743	0.01081	0.11434	0.01965	0.14575	0.04194	0.02278	0.01629	0.00909	0.00651	0.00232	0.00679	0.04218	0.00631	0.08210
1	0.09697	0.06727	0.01818	0.01362	0.01814	0.04039	0.01098	0.05219	0.07523	0.26106	0.08605	0.06417	0.02440	0.05284	0.01038	0.00274	0.04086	0.00867	0.00733	0.04856
2	0.11922	0.01789	0.07430	0.04245	0.07813	0.01677	0.16959	0.05205	0.01702	0.02623	0.01885	0.12350	0.01768	0.01246	0.03625	0.00300	0.07889	0.00932	0.00478	0.08163
3	0.55433	0.01563	0.01504	0.12102	0.02246	0.01850	0.01162	0.05246	0.03783	0.03287	0.01262	0.01531	0.00978	0.00802	0.00676	0.00254	0.04417	0.00517	0.00487	0.00900
4	0.47923	0.06612	0.01506	0.01147	0.01605	0.01750	0.00940	0.09185	0.01759	0.05172	0.09389	0.02195	0.01888	0.05107	0.00799	0.00271	0.00641	0.00637	0.00573	0.00903
5	0.01135	0.00761	0.00870	0.00888	0.00892	0.00757	0.00505	0.01148	0.01188	0.01584	0.02678	0.11548	0.03109	0.65464	0.03747	0.00726	0.00739	0.01259	0.00505	0.00496
6	0.02623	0.20722	0.04685	0.01793	0.02288	0.44037	0.01473	0.05050	0.02089	0.02109	0.01306	0.01506	0.01092	0.00792	0.00658	0.00197	0.01194	0.00512	0.04919	0.00956
7	0.01348	0.01102	0.01314	0.01090	0.01532	0.00883	0.00831	0.01648	0.01746	0.02539	0.14405	0.16161	0.10078	0.01280	0.00767	0.00196	0.00505	0.01106	0.00621	0.40850
8	0.02045	0.01792	0.17638	0.01443	0.02011	0.01153	0.01418	0.02530	0.02114	0.24450	0.29713	0.03817	0.04071	0.01197	0.00845	0.00248	0.00668	0.01016	0.00778	0.01051
9	0.02572	0.06657	0.23753	0.01733	0.02492	0.06305	0.01777	0.05526	0.04558	0.29416	0.05650	0.02339	0.01813	0.00914	0.00768	0.00241	0.00891	0.00720	0.00671	0.01206
10	0.01683	0.03456	0.47187	0.02616	0.03666	0.01895	0.23118	0.02521	0.01739	0.02521	0.01483	0.01827	0.01070	0.00725	0.00813	0.00256	0.01226	0.00701	0.00357	0.01138
11	0.01007	0.00717	0.00953	0.01115	0.01177	0.00676	0.00767	0.01169	0.01563	0.02090	0.07583	0.60157	0.05200	0.05683	0.01156	0.00342	0.00491	0.06773	0.00731	0.00649
12	0.01793	0.02042	0.10690	0.21136	0.39052	0.01857	0.07260	0.02347	0.01739	0.02433	0.01471	0.01981	0.01172	0.00731	0.00795	0.00247	0.01029	0.00710	0.00376	0.01136
13	0.06419	0.01840	0.03055	0.07901	0.60225	0.01872	0.02329	0.02407	0.01768	0.02620	0.01465	0.01930	0.01223	0.00713	0.00768	0.00238	0.00928	0.00690	0.00396	0.01214
14	0.00966	0.00690	0.00920	0.01104	0.01150	0.00644	0.00736	0.01104	0.01518	0.02024	0.04371	0.71614	0.05245	0.02484	0.01012	0.00322	0.00460	0.02254	0.00736	0.00644
15	0.01707	0.01644	0.02980	0.31168	0.21572	0.01759	0.16123	0.02237	0.01717	0.02378	0.01580	0.02153	0.01231	0.00753	0.00802	0.00250	0.01028	0.00760	0.07144	0.01013
16	0.01663	0.02572	0.24624	0.10062	0.03802	0.01810	0.32282	0.02353	0.01747	0.02431	0.01760	0.07893	0.01467	0.00864	0.00868	0.00266	0.01179	0.00910	0.00403	0.01046
17	0.06438	0.01520	0.01878	0.01550	0.04109	0.03316	0.01212	0.09645	0.04750	0.49488	0.02790	0.02615	0.01862	0.03984	0.00919	0.00266	0.00724	0.00781	0.00878	0.01272
18	0.01833	0.02324	0.11302	0.03151	0.03944	0.02013	0.53989	0.02499	0.01811	0.02499	0.01551	0.02065	0.01172	0.00721	0.01017	0.00270	0.05495	0.00884	0.00391	0.01068
19	0.01619	0.01630	0.03000	0.25406	0.09014	0.01797	0.21735	0.02094	0.01627	0.02212	0.01741	0.08680	0.01553	0.01202	0.03991	0.00322	0.10096	0.00930	0.00410	0.00940
20	0.05960	0.02107	0.04655	0.07692	0.18193	0.12495	0.01675	0.15725	0.07592	0.03022	0.01980	0.08743	0.01712	0.00999	0.00775	0.00244	0.00909	0.00827	0.03605	0.01090
21	0.01969	0.01601	0.02300	0.35659	0.03841	0.01849	0.04432	0.18292	0.02180	0.06099	0.02124	0.05187	0.05255	0.01010	0.00913	0.00264	0.04636	0.00841	0.00538	0.01011
22	0.02056	0.01314	0.01429	0.03718	0.01682	0.01411	0.00977	0.21865	0.06098	0.05983	0.02381	0.02701	0.01846	0.04720	0.00848	0.00243	0.00602	0.00763	0.38384	0.00977
23	0.01523	0.01347	0.02083	0.16820	0.02723	0.01595	0.07648	0.01979	0.04193	0.02356	0.08919	0.03531	0.02431	0.01475	0.04489	0.00337	0.18242	0.09198	0.08256	0.00854
24	0.00978	0.00699	0.00931	0.01096	0.01153	0.00652	0.00737	0.01135	0.01575	0.02114	0.09207	0.66522	0.05418	0.02417	0.01006	0.00316	0.00453	0.02191	0.00747	0.00652
25	0.01648	0.09671	0.59730	0.02237	0.03351	0.01957	0.05719	0.02501	0.01678	0.02459	0.01405	0.01663	0.01015	0.00743	0.00742	0.00245	0.01153	0.00589	0.00338	0.01154
26	0.00940	0.00792	0.00815	0.00832	0.01079	0.00667	0.00615	0.01135	0.01780	0.02131	0.07681	0.13777	0.60945	0.02054	0.00944	0.00273	0.00407	0.01729	0.00736	0.00667
27	0.77733	0.01534	0.01166	0.01043	0.01534	0.01779	0.00859	0.02331	0.01350	0.03558	0.01104	0.01288	0.00859	0.00736	0.00491	0.00245	0.00613	0.00429	0.00491	0.00859
28	0.01828	0.34811	0.39393	0.01855	0.02806	0.02423	0.02225	0.02450	0.01646	0.02222	0.01279	0.01494	0.01010	0.00720	0.00644	0.00215	0.01027	0.00513	0.00337	0.01103
29	0.00976	0.00697	0.00929	0.01098	0.01152	0.00650	0.00737	0.01128	0.01562	0.02094	0.08128	0.67658	0.05379	0.02432	0.01008	0.00318	0.00455	0.02205	0.00744	0.00650
30	0.00964	0.00698	0.00912	0.01084	0.01145	0.00646	0.00727	0.01106	0.01538	0.02032	0.04619	0.67277	0.09421	0.02452	0.01007	0.00318	0.00456	0.02215	0.00736	0.00646
31	0.01516	0.01445	0.02491	0.66967	0.05397	0.01774	0.05228	0.02051	0.01600	0.02051	0.01419	0.02115	0.01064	0.00787	0.00800	0.00264	0.01071	0.00716	0.00355	0.00890
32	0.01114	0.00810	0.01049	0.00989	0.01180	0.00745	0.00742	0.01481	0.02226	0.03136	0.64259	0.05996	0.10017	0.01638	0.00935	0.00250	0.00375	0.01444	0.00867	0.00745
33	0.01498	0.01409	0.02378	0.70226	0.05462	0.01762	0.02202	0.02026	0.01586	0.02026	0.01409	0.02114	0.01057	0.00793	0.00793	0.00264	0.01057	0.00705	0.00352	0.00881
34	0.77733	0.01534	0.01166	0.01043	0.01534	0.01779	0.00859	0.02331	0.01350	0.03558	0.01104	0.01288	0.00859	0.00736	0.00491	0.00245	0.00613	0.00429	0.00491	0.00859
35	0.02085	0.01685	0.02028	0.03528	0.02253	0.01628	0.04537	0.23490	0.06148	0.03389	0.01938	0.07554	0.01638	0.00906	0.00730	0.00197	0.00730	0.00756	0.00615	0.34167
36	0.01101	0.00794	0.01041	0.01012	0.01180	0.00734	0.00747	0.01444	0.02147	0.03024	0.58362	0.14772	0.07181	0.01737	0.00946	0.00259	0.00386	0.01545	0.00854	0.00734
37	0.01963	0.01884	0.03219	0.04867	0.67185	0.01884	0.02434	0.02434	0.01806	0.02591	0.01492	0.01963	0.01256	0.00707	0.00785	0.00236	0.00942	0.00707	0.00393	0.01256
38	0.01931	0.01657	0.01763	0.01605	0.02037	0.01910	0.01257	0.04061	0.61960	0.03261	0.03285	0.03314	0.02548	0.01142	0.00824	0.00275	0.00634	0.04512	0.00802	0.01224
39	0.02883	0.02080	0.02245	0.01743	0.02331	0.02288	0.01422	0.56034	0.05911	0.07165	0.02038	0.02173	0.01506	0.05244	0.00989	0.00271	0.00849	0.00751	0.00782	0.01293
40	0.01498	0.01409	0.02378	0.70226	0.05462	0.01762	0.02202	0.02026	0.01586	0.02026	0.01409	0.02114	0.01057	0.00793	0.00793	0.00264	0.01057	0.00705	0.00352	0.00881
41	0.05632	0.09350	0.15399	0.02846	0.03684	0.02077	0.44369	0.02508	0.01786	0.02520	0.01499	0.01931	0.01134	0.00687	0.00840	0.00254	0.01224	0.00800	0.00388	0.01072

[dist]
# distance from previous block
# <min> <max>
0	1

[block]
# block no. 3 follows, 24 sequences, length 10
# corresponding to MSA columns:
# 190-199
name=unknown_D
#
# <colnr> <probs for GDERKNQSTAVLIFYWHMCP>
#	G	D	E	R	K	N	Q	S	T	A	V	L	I	F	Y	W	H	M	C	P
0	0.01982	0.02305	0.04434	0.03211	0.03973	0.08765	0.57966	0.02603	0.01910	0.02480	0.01566	0.02067	0.01185	0.00683	0.00914	0.00261	0.01346	0.00893	0.00402	0.01054
1	0.01498	0.01409	0.02378	0.70226	0.05462	0.01762	0.02202	0.02026	0.01586	0.02026	0.01409	0.02114	0.01057	0.00793	0.00793	0.00264	0.01057	0.00705	0.00352	0.00881
2	0.01590	0.04102	0.68023	0.02260	0.03432	0.01842	0.02930	0.02511	0.01674	0.02511	0.01423	0.01674	0.01005	0.00753	0.00753	0.00251	0.01172	0.00586	0.00335	0.01172
3	0.00967	0.00810	0.00844	0.00851	0.01109	0.00687	0.00648	0.01186	0.01833	0.02213	0.11095	0.07610	0.60077	0.01997	0.00946	0.00272	0.00418	0.05016	0.00744	0.00677
4	0.01718	0.01378	0.01929	0.02348	0.17988	0.01428	0.01569	0.10419	0.06844	0.02833	0.03156	0.08579	0.03184	0.01587	0.00953	0.00307	0.00782	0.31358	0.00661	0.00979
5	0.03510	0.01427	0.01888	0.01447	0.02063	0.01280	0.01196	0.09233	0.02399	0.62183	0.03020	0.02629	0.01909	0.00979	0.00797	0.00245	0.00692	0.00790	0.00965	0.01349
6	0.02862	0.02051	0.02212	0.01728	0.02321	0.02259	0.01417	0.52227	0.09814	0.07975	0.02134	0.02103	0.01522	0.00965	0.00783	0.00239	0.00813	0.00738	0.04527	0.01309
7	0.02381	0.01854	0.01872	0.01584	0.02055	0.07765	0.01254	0.20232	0.27197	0.09786	0.09826	0.02844	0.02514	0.01065	0.00798	0.00247	0.00731	0.00857	0.03957	0.01181
8	0.01142	0.00813	0.01091	0.01091	0.01169	0.00891	0.00762	0.01298	0.01220	0.01705	0.02292	0.04045	0.02386	0.35631	0.39857	0.01048	0.01516	0.00986	0.00450	0.00606
9	0.01166	0.00839	0.01223	0.01223	0.01369	0.00967	0.00949	0.01457	0.01312	0.01948	0.02168	0.03100	0.01987	0.05467	0.62445	0.01170	0.01956	0.00839	0.07703	0.00711

[dist]
# distance from previous block
# <min> <max>
0	10

[block]
# block no. 4 follows, 24 sequences, length 32
# corresponding to MSA columns:
# 210-241
name=unknown_E
#
# <colnr> <probs for GDERKNQSTAVLIFYWHMCP>
#	G	D	E	R	K	N	Q	S	T	A	V	L	I	F	Y	W	H	M	C	P
0	0.01940	0.01861	0.03177	0.08113	0.64120	0.01878	0.02422	0.02413	0.01795	0.02563	0.01488	0.01970	0.01246	0.00711	0.00785	0.00237	0.00948	0.00706	0.00391	0.01237
1	0.01122	0.00811	0.01060	0.00998	0.01185	0.00748	0.00748	0.01496	0.02245	0.03180	0.66766	0.05923	0.07482	0.01621	0.00935	0.00249	0.00374	0.01434	0.00873	0.00748
2	0.02570	0.18222	0.09469	0.01859	0.02439	0.25191	0.01644	0.19538	0.02384	0.02812	0.01391	0.01570	0.01109	0.00855	0.00822	0.00220	0.05771	0.00567	0.00486	0.01080
3	0.02120	0.72609	0.04155	0.01357	0.02035	0.03138	0.01357	0.02374	0.01611	0.01866	0.01102	0.01272	0.01018	0.00678	0.00509	0.00170	0.00848	0.00424	0.00339	0.01018
4	0.01644	0.01409	0.01644	0.01175	0.01879	0.01057	0.00940	0.01997	0.01644	0.02584	0.01409	0.01644	0.01175	0.00587	0.00587	0.00117	0.00587	0.00470	0.00470	0.76979
5	0.01295	0.00851	0.01131	0.01100	0.01303	0.00791	0.00851	0.01643	0.02124	0.07296	0.48241	0.11748	0.06504	0.01733	0.00955	0.00272	0.00452	0.10082	0.00848	0.00777
6	0.01263	0.00902	0.01261	0.01443	0.01619	0.00900	0.01252	0.01617	0.01811	0.02356	0.04207	0.11942	0.04596	0.02205	0.01091	0.00363	0.00717	0.58997	0.00730	0.00726
7	0.03175	0.08388	0.05437	0.01458	0.02089	0.01457	0.01278	0.07578	0.02272	0.51025	0.05597	0.02600	0.02028	0.00967	0.00773	0.00238	0.00717	0.00773	0.00869	0.01282
8	0.01250	0.01107	0.06875	0.01133	0.01411	0.00851	0.00953	0.01648	0.02133	0.05681	0.53067	0.11132	0.06500	0.01595	0.00921	0.00256	0.00463	0.01406	0.00819	0.00801
9	0.01872	0.02139	0.04679	0.03342	0.04144	0.02005	0.64305	0.02540	0.01872	0.02540	0.01604	0.02139	0.01203	0.00668	0.00936	0.00267	0.01337	0.00936	0.00401	0.01070
10	0.00937	0.00803	0.00803	0.00803	0.01071	0.00669	0.00602	0.01138	0.01807	0.02142	0.08033	0.07632	0.66863	0.02008	0.00937	0.00268	0.00402	0.01674	0.00736	0.00669
11	0.02957	0.02157	0.10832	0.01820	0.02526	0.01903	0.05021	0.31925	0.02851	0.26424	0.02252	0.02164	0.01510	0.00921	0.00797	0.00244	0.00868	0.00739	0.00778	0.01311
12	0.01412	0.00897	0.01422	0.21050	0.02314	0.00999	0.01127	0.01320	0.01193	0.01565	0.01387	0.02325	0.01285	0.02187	0.02432	0.54750	0.00795	0.00693	0.00347	0.00500
13	0.01278	0.00913	0.01278	0.01460	0.01643	0.00913	0.01278	0.01643	0.01825	0.02373	0.04199	0.08945	0.04564	0.02191	0.01095	0.00365	0.00730	0.61847	0.00730	0.00730
14	0.01333	0.01001	0.01453	0.01513	0.01726	0.00996	0.04757	0.04634	0.01859	0.02440	0.03975	0.20768	0.04354	0.02103	0.01055	0.00345	0.00717	0.43493	0.00716	0.00762
15	0.01672	0.14642	0.58197	0.02121	0.03217	0.02041	0.02688	0.02490	0.01665	0.02412	0.01374	0.01612	0.01007	0.00742	0.00716	0.00239	0.01122	0.00561	0.00336	0.01148
16	0.01227	0.00831	0.01088	0.01063	0.01256	0.00767	0.00807	0.01560	0.02099	0.06082	0.47764	0.14242	0.09403	0.01764	0.00952	0.00269	0.00432	0.06791	0.00843	0.00760
17	0.01577	0.01338	0.01572	0.01168	0.01807	0.01016	0.00919	0.01908	0.01632	0.02528	0.01704	0.08601	0.01579	0.00776	0.00630	0.00138	0.00575	0.00647	0.00496	0.69390
18	0.01807	0.02374	0.13746	0.06096	0.03994	0.01992	0.49357	0.02481	0.01796	0.02481	0.01540	0.02049	0.01159	0.00723	0.00988	0.00269	0.04833	0.00862	0.00386	0.01066
19	0.00984	0.00703	0.00941	0.01125	0.01179	0.00660	0.00767	0.01135	0.01536	0.02044	0.04361	0.68001	0.05205	0.02467	0.01017	0.00325	0.00476	0.05690	0.00736	0.00649
20	0.01133	0.00850	0.01274	0.01274	0.01416	0.00991	0.00991	0.01416	0.01274	0.01841	0.02124	0.03115	0.01982	0.05947	0.68989	0.01274	0.02124	0.00850	0.00425	0.00708
21	0.01498	0.01409	0.02378	0.70226	0.05462	0.01762	0.02202	0.02026	0.01586	0.02026	0.01409	0.02114	0.01057	0.00793	0.00793	0.00264	0.01057	0.00705	0.00352	0.00881
22	0.01851	0.15275	0.16324	0.09724	0.11341	0.02024	0.19775	0.02413	0.01762	0.05050	0.03531	0.04309	0.01473	0.00806	0.00784	0.00242	0.01051	0.00773	0.00419	0.01072
23	0.01359	0.00752	0.00796	0.00792	0.00921	0.00749	0.00543	0.01617	0.01542	0.02540	0.06260	0.03803	0.02604	0.22514	0.01630	0.00365	0.00491	0.00904	0.49155	0.00661
24	0.01133	0.00850	0.01274	0.01274	0.01416	0.00991	0.00991	0.01416	0.01274	0.01841	0.02124	0.03115	0.01982	0.05947	0.68989	0.01274	0.02124	0.00850	0.00425	0.00708
25	0.02148	0.65135	0.04089	0.01504	0.02176	0.06395	0.04938	0.02424	0.01658	0.01908	0.01137	0.01329	0.01028	0.00685	0.00543	0.00177	0.00905	0.00457	0.00346	0.01016
26	0.01957	0.01901	0.03317	0.04765	0.62956	0.01892	0.06584	0.02441	0.01810	0.02587	0.01499	0.01974	0.01253	0.00704	0.00795	0.00238	0.00969	0.00722	0.00393	0.01244
27	0.01747	0.01423	0.01709	0.05667	0.02128	0.01158	0.01050	0.02212	0.05192	0.05781	0.01594	0.01799	0.01274	0.00647	0.00623	0.00142	0.00624	0.00524	0.00506	0.64203
28	0.01122	0.00777	0.00919	0.00950	0.00999	0.00746	0.00578	0.01180	0.01285	0.01732	0.02996	0.24555	0.03494	0.48138	0.02978	0.00605	0.00669	0.01444	0.00555	0.04277
29	0.01758	0.05869	0.03457	0.02794	0.11030	0.01862	0.32235	0.02231	0.01708	0.02397	0.01801	0.09014	0.01620	0.00954	0.01074	0.00261	0.09859	0.00945	0.03816	0.05315
30	0.01155	0.00763	0.00997	0.01092	0.01185	0.00719	0.00755	0.01327	0.01617	0.05144	0.12455	0.45421	0.04997	0.12712	0.01450	0.00379	0.00523	0.05909	0.00727	0.00672
31	0.01834	0.08324	0.08952	0.04297	0.05949	0.01844	0.16017	0.05971	0.08751	0.02635	0.01771	0.05130	0.01475	0.00852	0.00871	0.00227	0.05181	0.00759	0.00482	0.18679

[dist]
# distance from previous block
# <min> <max>
4	16

[block]
# block no. 5 follows, 24 sequences, length 33
# corresponding to MSA columns:
# 258-290
name=unknown_F
#
# <colnr> <probs for GDERKNQSTAVLIFYWHMCP>
#	G	D	E	R	K	N	Q	S	T	A	V	L	I	F	Y	W	H	M	C	P
0	0.02680	0.02107	0.02241	0.07387	0.02581	0.07467	0.01493	0.41574	0.04836	0.06932	0.03999	0.02060	0.01538	0.00950	0.00853	0.00236	0.03713	0.00714	0.00700	0.05939
1	0.02450	0.01445	0.01700	0.01400	0.01865	0.01439	0.01099	0.16775	0.10796	0.23676	0.03028	0.10329	0.05159	0.08238	0.01134	0.00299	0.00681	0.00998	0.00791	0.06698
2	0.01563	0.04024	0.08832	0.01608	0.02109	0.01346	0.10852	0.08858	0.02046	0.02820	0.15565	0.11235	0.11208	0.01308	0.00852	0.00246	0.00724	0.03052	0.02686	0.09065
3	0.02584	0.02019	0.02135	0.01698	0.02269	0.04364	0.01377	0.42234	0.13684	0.04176	0.02068	0.02116	0.01540	0.01249	0.05103	0.00296	0.00902	0.00722	0.00727	0.08736
4	0.01765	0.01252	0.01484	0.01323	0.01672	0.01230	0.01015	0.16598	0.04223	0.06846	0.10467	0.28368	0.03680	0.01601	0.00875	0.00260	0.00596	0.04060	0.00743	0.11943
5	0.01011	0.00735	0.00959	0.01127	0.01191	0.00703	0.00759	0.01243	0.04390	0.02082	0.04320	0.68544	0.05118	0.02421	0.01003	0.00320	0.00468	0.02194	0.00739	0.00671
6	0.25576	0.01979	0.02123	0.07315	0.02497	0.07731	0.07503	0.25021	0.02389	0.03653	0.01759	0.01941	0.03394	0.00869	0.00706	0.00242	0.00872	0.00664	0.02713	0.01055
7	0.01805	0.01800	0.03292	0.23828	0.35083	0.01875	0.15986	0.02337	0.01755	0.02413	0.01492	0.02046	0.01186	0.00724	0.00821	0.00251	0.01063	0.00756	0.00383	0.01104
8	0.03235	0.01390	0.01818	0.01413	0.01983	0.01267	0.01159	0.10466	0.02432	0.53728	0.09810	0.02955	0.02485	0.01047	0.00812	0.00245	0.00665	0.00856	0.00949	0.01285
9	0.01808	0.01371	0.01571	0.01516	0.05511	0.01466	0.01101	0.07961	0.28192	0.06225	0.16015	0.03850	0.09560	0.01223	0.00815	0.00250	0.00568	0.01032	0.08911	0.01054
10	0.06469	0.02227	0.02319	0.17161	0.12382	0.24055	0.05664	0.02376	0.01820	0.02198	0.01780	0.12071	0.01690	0.01047	0.00850	0.00250	0.03403	0.00867	0.00445	0.00924
11	0.01305	0.01039	0.01141	0.01107	0.01389	0.01012	0.00854	0.08291	0.08289	0.02600	0.07714	0.15884	0.36702	0.01879	0.00935	0.00282	0.00514	0.07505	0.00753	0.00805
12	0.00969	0.00746	0.00889	0.00999	0.01141	0.00667	0.00707	0.01143	0.01650	0.02088	0.05848	0.42761	0.30195	0.02278	0.00986	0.00302	0.00449	0.04788	0.00736	0.00658
13	0.01777	0.01661	0.02795	0.14405	0.48448	0.01713	0.02204	0.02228	0.01757	0.02453	0.01870	0.06637	0.01731	0.00946	0.00825	0.00256	0.00914	0.05827	0.00434	0.01119
14	0.02122	0.50796	0.11411	0.04847	0.04684	0.04844	0.01638	0.07515	0.01818	0.02235	0.01238	0.01440	0.01054	0.00720	0.00590	0.00193	0.00919	0.00493	0.00381	0.01062
15	0.01135	0.00761	0.00870	0.00888	0.00893	0.00756	0.00506	0.01148	0.01189	0.01586	0.02683	0.11740	0.03116	0.65263	0.03738	0.00725	0.00738	0.01262	0.00506	0.00497
16	0.01019	0.00714	0.00893	0.01026	0.01114	0.00663	0.00698	0.01189	0.01579	0.02146	0.06667	0.53966	0.12145	0.04224	0.01045	0.00314	0.00451	0.01993	0.07501	0.00654
17	0.01939	0.05346	0.08826	0.18243	0.30834	0.04920	0.04080	0.08455	0.01936	0.02609	0.01598	0.04738	0.01337	0.00829	0.00783	0.00244	0.00992	0.00744	0.00430	0.01118
18	0.01734	0.04881	0.23355	0.09603	0.10613	0.01900	0.28023	0.02417	0.01784	0.02493	0.04402	0.02117	0.01408	0.00753	0.00836	0.00255	0.01158	0.00788	0.00394	0.01086
19	0.01894	0.09060	0.10219	0.10083	0.46674	0.01995	0.04027	0.02402	0.01754	0.02458	0.01442	0.01882	0.01186	0.00716	0.00759	0.00234	0.00978	0.00672	0.00378	0.01185
20	0.08832	0.02320	0.17830	0.01725	0.02438	0.01842	0.01670	0.26413	0.02565	0.19084	0.02156	0.05982	0.01596	0.00981	0.00772	0.00248	0.00852	0.00768	0.00700	0.01226
21	0.01109	0.00801	0.01048	0.01006	0.01182	0.00740	0.00747	0.01464	0.02185	0.03085	0.61633	0.11328	0.07298	0.01692	0.00942	0.00255	0.00381	0.01502	0.00862	0.00740
22	0.08486	0.02082	0.08689	0.03934	0.02524	0.05766	0.08188	0.12324	0.20606	0.10282	0.04238	0.02341	0.01793	0.00915	0.00775	0.00247	0.00848	0.00763	0.00658	0.04542
23	0.02050	0.01761	0.02588	0.34277	0.19939	0.01993	0.02060	0.20135	0.02258	0.03022	0.01572	0.02016	0.01191	0.00817	0.00791	0.00250	0.00975	0.00708	0.00489	0.01109
24	0.01153	0.00769	0.00865	0.00865	0.00865	0.00769	0.00480	0.01153	0.01153	0.01538	0.02499	0.05189	0.02883	0.72131	0.04036	0.00769	0.00769	0.01153	0.00480	0.00480
25	0.01523	0.01444	0.02384	0.62923	0.05099	0.01833	0.02152	0.02013	0.01546	0.02013	0.01370	0.02074	0.01055	0.00857	0.00987	0.00273	0.08518	0.00704	0.00352	0.00879
26	0.01613	0.01370	0.01589	0.01215	0.01827	0.01115	0.00954	0.02147	0.08534	0.02608	0.01897	0.08686	0.01710	0.00827	0.00653	0.00154	0.00579	0.00692	0.00532	0.61299
27	0.01479	0.01351	0.01730	0.02007	0.13423	0.08435	0.01310	0.01788	0.01475	0.01987	0.01913	0.02726	0.01748	0.04450	0.49335	0.00972	0.01836	0.00787	0.00417	0.00830
28	0.02120	0.72609	0.04155	0.01357	0.02035	0.03138	0.01357	0.02374	0.01611	0.01866	0.01102	0.01272	0.01018	0.00678	0.00509	0.00170	0.00848	0.00424	0.00339	0.01018
29	0.01084	0.00790	0.01020	0.01003	0.01172	0.00726	0.00737	0.01408	0.02096	0.02920	0.52577	0.16920	0.11005	0.01790	0.00948	0.00263	0.00390	0.01586	0.00841	0.00726
30	0.01715	0.02552	0.22660	0.02969	0.09876	0.01819	0.34406	0.02388	0.01775	0.02489	0.01797	0.08431	0.01525	0.00865	0.00875	0.00265	0.01169	0.00934	0.00412	0.01078
31	0.01866	0.27789	0.09639	0.01643	0.02101	0.06240	0.01524	0.02376	0.08388	0.02086	0.01530	0.01969	0.01356	0.04381	0.08902	0.00378	0.15825	0.00631	0.00410	0.00965
32	0.00976	0.00728	0.00909	0.01026	0.01136	0.00661	0.00708	0.01154	0.01660	0.02174	0.11873	0.50324	0.19208	0.02286	0.00987	0.00302	0.00438	0.02037	0.00751	0.00661

[dist]
# distance from previous block
# <min> <max>
19	28

[block]
# block no. 6 follows, 24 sequences, length 110
# corresponding to MSA columns:
# 322-431
name=unknown_G
#
# <colnr> <probs for GDERKNQSTAVLIFYWHMCP>
#	G	D	E	R	K	N	Q	S	T	A	V	L	I	F	Y	W	H	M	C	P
0	0.16156	0.01488	0.01624	0.01341	0.01804	0.01556	0.01063	0.16628	0.08873	0.20567	0.06542	0.03000	0.04830	0.09705	0.01151	0.00311	0.00685	0.00841	0.00754	0.01079
1	0.01987	0.01300	0.01444	0.04059	0.01730	0.01329	0.00972	0.17019	0.05862	0.06479	0.02271	0.02554	0.01758	0.03393	0.00775	0.00220	0.00592	0.00721	0.33969	0.11568
2	0.02068	0.02026	0.03542	0.06269	0.18118	0.04365	0.30906	0.06590	0.09783	0.05471	0.01836	0.02181	0.01391	0.00768	0.00857	0.00255	0.01095	0.00833	0.00495	0.01150
3	0.01842	0.02213	0.08118	0.03157	0.03902	0.02037	0.54657	0.02477	0.01796	0.02477	0.01539	0.02073	0.01176	0.00744	0.01088	0.00274	0.08091	0.00892	0.00392	0.01056
4	0.01238	0.00879	0.01096	0.01124	0.01293	0.00850	0.00808	0.04142	0.05817	0.04631	0.22438	0.39011	0.09619	0.02005	0.00956	0.00288	0.00466	0.01785	0.00790	0.00765
5	0.05406	0.01566	0.02309	0.34873	0.08443	0.03709	0.04638	0.04707	0.01656	0.02370	0.01491	0.02063	0.01184	0.00902	0.01067	0.00264	0.12957	0.00699	0.08775	0.00919
6	0.02007	0.02238	0.05691	0.02718	0.06246	0.09785	0.29315	0.06598	0.01875	0.02500	0.03794	0.02051	0.01374	0.00929	0.01314	0.00276	0.19034	0.00805	0.00429	0.01020
7	0.00977	0.00698	0.00930	0.01097	0.01152	0.00651	0.00737	0.01131	0.01567	0.02102	0.08590	0.67172	0.05396	0.02426	0.01007	0.00317	0.00454	0.02199	0.00745	0.00651
8	0.01013	0.00713	0.00919	0.01051	0.01097	0.00675	0.00687	0.01139	0.01495	0.02006	0.08105	0.54441	0.04934	0.15912	0.01593	0.00404	0.00514	0.01987	0.00696	0.00619
9	0.01887	0.01755	0.02874	0.15488	0.43494	0.01835	0.04358	0.06197	0.04886	0.02642	0.01755	0.06060	0.01511	0.00855	0.00806	0.00248	0.00929	0.00813	0.00450	0.01155
10	0.01651	0.08634	0.59495	0.02366	0.07439	0.01933	0.02791	0.02497	0.01678	0.02472	0.01406	0.01665	0.01022	0.00745	0.00739	0.00245	0.01135	0.00583	0.00339	0.01167
11	0.02234	0.01373	0.01628	0.01387	0.01816	0.01414	0.01096	0.07592	0.24520	0.21381	0.22209	0.03702	0.03738	0.01205	0.00842	0.00254	0.00582	0.01017	0.00875	0.01136
12	0.00971	0.00712	0.00912	0.01057	0.01141	0.00654	0.00719	0.01131	0.01599	0.02107	0.08471	0.59128	0.13746	0.02370	0.00998	0.00310	0.00447	0.02128	0.00744	0.00654
13	0.01917	0.05727	0.05684	0.07679	0.24536	0.01991	0.30230	0.05454	0.01914	0.02627	0.03440	0.02120	0.01386	0.00733	0.00843	0.00249	0.01109	0.00813	0.00423	0.01123
14	0.01509	0.01014	0.01190	0.01115	0.01399	0.00978	0.00845	0.02094	0.12590	0.10819	0.20077	0.12264	0.22326	0.05100	0.01061	0.00293	0.00501	0.03165	0.00799	0.00862
15	0.00966	0.00690	0.00920	0.01104	0.01150	0.00644	0.00736	0.01104	0.01518	0.02024	0.04371	0.71614	0.05245	0.02484	0.01012	0.00322	0.00460	0.02254	0.00736	0.00644
16	0.01819	0.02311	0.11534	0.03155	0.03976	0.01948	0.55275	0.02505	0.01848	0.02531	0.01678	0.02333	0.01302	0.00733	0.00921	0.00269	0.01297	0.03090	0.00406	0.01069
17	0.02090	0.46834	0.08061	0.04266	0.05808	0.07441	0.05417	0.04713	0.01791	0.02171	0.03962	0.01648	0.01324	0.00748	0.00619	0.00196	0.00935	0.00550	0.00390	0.01033
18	0.01613	0.06974	0.65345	0.02222	0.03374	0.01896	0.02864	0.02506	0.01672	0.02484	0.01410	0.01657	0.01005	0.00750	0.00743	0.00248	0.01158	0.00579	0.00335	0.01165
19	0.77733	0.01534	0.01166	0.01043	0.01534	0.01779	0.00859	0.02331	0.01350	0.03558	0.01104	0.01288	0.00859	0.00736	0.00491	0.00245	0.00613	0.00429	0.00491	0.00859
20	0.01298	0.01306	0.08940	0.01333	0.01643	0.01018	0.04114	0.01787	0.07483	0.04457	0.16574	0.27237	0.09866	0.07797	0.01192	0.00323	0.00610	0.01519	0.00693	0.00811
21	0.01045	0.00793	0.00963	0.00951	0.01145	0.00710	0.00702	0.01335	0.02016	0.02711	0.40593	0.14935	0.25507	0.01852	0.00946	0.00264	0.00394	0.01614	0.00813	0.00710
22	0.01143	0.00810	0.01074	0.01074	0.01146	0.00882	0.00741	0.01287	0.01215	0.01692	0.02308	0.04132	0.02424	0.38379	0.37160	0.01027	0.01460	0.00998	0.00452	0.00597
23	0.01514	0.01442	0.02482	0.67216	0.05402	0.01773	0.04996	0.02049	0.01598	0.02049	0.01418	0.02115	0.01064	0.00787	0.00799	0.00264	0.01070	0.00715	0.00355	0.00889
24	0.01894	0.01814	0.03095	0.14508	0.58081	0.01866	0.02400	0.02374	0.01773	0.02507	0.01479	0.01985	0.01227	0.00719	0.00786	0.00240	0.00959	0.00706	0.00387	0.01201
