[name]
unknown

[dist]
# distance from previous block
# <min> <max>
3	23

[block]
# block no. 0 follows, 25 sequences, length 55
# corresponding to MSA columns:
# 24-78
name=unknown_A
#
# <colnr> <probs for GDERKNQSTAVLIFYWHMCP>
#	G	D	E	R	K	N	Q	S	T	A	V	L	I	F	Y	W	H	M	C	P
0	0.08149	0.01694	0.06707	0.04961	0.06235	0.01607	0.01412	0.09914	0.14032	0.17881	0.02378	0.06115	0.01876	0.01031	0.00845	0.00248	0.04047	0.03423	0.00671	0.06775
1	0.09119	0.01568	0.04514	0.04422	0.13875	0.01555	0.06376	0.05602	0.15209	0.07792	0.04962	0.09797	0.02359	0.04488	0.00952	0.00284	0.00757	0.04729	0.00613	0.01027
2	0.19548	0.01437	0.01693	0.09136	0.08613	0.01555	0.01256	0.12337	0.05751	0.05066	0.02156	0.05808	0.03678	0.04451	0.00948	0.02825	0.00718	0.05126	0.03265	0.04633
3	0.02058	0.04993	0.02226	0.05979	0.02325	0.01718	0.09723	0.15799	0.08798	0.09211	0.09640	0.02860	0.02288	0.01035	0.00919	0.00246	0.06263	0.03020	0.09867	0.01032
4	0.01690	0.01694	0.06469	0.30851	0.15200	0.01746	0.01889	0.04857	0.16267	0.02525	0.02114	0.02428	0.04500	0.00874	0.00774	0.00248	0.00873	0.00761	0.00488	0.03753
5	0.01392	0.00772	0.00862	0.00856	0.01023	0.00803	0.00639	0.01755	0.03817	0.02599	0.02415	0.02967	0.01990	0.04386	0.11810	0.04399	0.00674	0.00757	0.55377	0.00706
6	0.01717	0.03970	0.05930	0.08333	0.03011	0.02117	0.22972	0.02119	0.01480	0.02143	0.01305	0.01887	0.01105	0.01008	0.01638	0.00291	0.34219	0.00748	0.03078	0.00928
7	0.00943	0.00680	0.00894	0.01066	0.01121	0.00631	0.00714	0.01081	0.01498	0.01985	0.04442	0.69197	0.08068	0.02407	0.00986	0.00312	0.00447	0.02178	0.00720	0.00631
8	0.00953	0.00678	0.00897	0.01069	0.01112	0.00635	0.00708	0.01082	0.01468	0.01957	0.04188	0.69095	0.05020	0.05726	0.01128	0.00335	0.00464	0.02154	0.00708	0.00622
9	0.02061	0.67040	0.03864	0.01348	0.01992	0.02970	0.01318	0.02477	0.07182	0.01947	0.01257	0.01386	0.01113	0.00697	0.00523	0.00174	0.00811	0.00454	0.00371	0.01015
10	0.00945	0.00675	0.00900	0.01080	0.01125	0.00630	0.00720	0.01080	0.01484	0.01979	0.04274	0.72245	0.05128	0.02429	0.00990	0.00315	0.00450	0.02204	0.00720	0.00630
11	0.01608	0.01378	0.01608	0.01148	0.01837	0.01034	0.00919	0.01952	0.01608	0.02527	0.01378	0.01608	0.01148	0.00574	0.00574	0.00115	0.00574	0.00459	0.00459	0.77491
12	0.01347	0.00673	0.01010	0.01010	0.01010	0.00673	0.00673	0.01010	0.01010	0.01347	0.01347	0.02357	0.01347	0.02694	0.03030	0.77441	0.00673	0.00673	0.00337	0.00337
13	0.01555	0.04011	0.68733	0.02210	0.03356	0.01801	0.02865	0.02455	0.01637	0.02455	0.01391	0.01637	0.00982	0.00737	0.00737	0.00246	0.01146	0.00573	0.00327	0.01146
14	0.02073	0.73217	0.04063	0.01327	0.01990	0.03068	0.01327	0.02322	0.01575	0.01824	0.01078	0.01244	0.00995	0.00663	0.00498	0.00166	0.00829	0.00415	0.00332	0.00995
15	0.01090	0.00792	0.01026	0.00968	0.01154	0.00728	0.00726	0.01449	0.02177	0.03068	0.65072	0.05860	0.09775	0.01601	0.00915	0.00245	0.00367	0.01412	0.00848	0.00728
16	0.00945	0.00675	0.00900	0.01080	0.01125	0.00630	0.00720	0.01080	0.01484	0.01979	0.04274	0.72245	0.05128	0.02429	0.00990	0.00315	0.00450	0.02204	0.00720	0.00630
17	0.01089	0.00792	0.01025	0.00967	0.01153	0.00728	0.00725	0.01447	0.02175	0.03062	0.64708	0.05870	0.10142	0.01603	0.00915	0.00245	0.00367	0.01413	0.00847	0.00728
18	0.01862	0.01554	0.01738	0.01340	0.01956	0.01438	0.01069	0.10680	0.18398	0.03014	0.01893	0.01968	0.01481	0.00742	0.00655	0.00168	0.00620	0.00596	0.00584	0.48245
19	0.01661	0.01646	0.02332	0.06386	0.02223	0.02284	0.01700	0.01856	0.01213	0.01871	0.01078	0.01768	0.01051	0.01477	0.04799	0.00366	0.64420	0.00685	0.00342	0.00844
20	0.00980	0.00788	0.00873	0.00852	0.01086	0.00681	0.00639	0.01235	0.01917	0.02449	0.28680	0.06879	0.46553	0.01832	0.00916	0.00256	0.00383	0.01555	0.00767	0.00681
21	0.00985	0.00692	0.00888	0.01028	0.01063	0.00657	0.00665	0.01090	0.01406	0.01875	0.03871	0.57490	0.04621	0.17876	0.01639	0.00411	0.00516	0.01968	0.00665	0.00595
22	0.01831	0.01095	0.01135	0.00995	0.01289	0.01155	0.00781	0.18124	0.02145	0.03403	0.02358	0.02626	0.01816	0.00910	0.00602	0.00194	0.00488	0.00716	0.57460	0.00876
23	0.01302	0.01102	0.01702	0.01530	0.01685	0.01305	0.06597	0.01571	0.01314	0.01927	0.01991	0.07168	0.01926	0.07111	0.38578	0.00833	0.16301	0.00902	0.04412	0.00743
24	0.00954	0.00682	0.00908	0.01073	0.01127	0.00636	0.00721	0.01104	0.01530	0.02051	0.08294	0.68019	0.05267	0.02375	0.00985	0.00310	0.00444	0.02153	0.00728	0.00636
25	0.01608	0.01378	0.01608	0.01148	0.01837	0.01034	0.00919	0.01952	0.01608	0.02527	0.01378	0.01608	0.01148	0.00574	0.00574	0.00115	0.00574	0.00459	0.00459	0.77491
26	0.00945	0.00675	0.00900	0.01080	0.01125	0.00630	0.00720	0.01080	0.01484	0.01979	0.04274	0.72245	0.05128	0.02429	0.00990	0.00315	0.00450	0.02204	0.00720	0.00630
27	0.01644	0.01723	0.03378	0.36812	0.04619	0.01857	0.31536	0.02212	0.01668	0.02212	0.01454	0.02065	0.01100	0.00739	0.00905	0.00263	0.03707	0.00794	0.00367	0.00947
28	0.01718	0.01766	0.02914	0.02325	0.02584	0.02151	0.20118	0.02156	0.05542	0.02139	0.01453	0.04898	0.01325	0.01178	0.01891	0.00311	0.43385	0.00825	0.00400	0.00921
29	0.00951	0.00689	0.00899	0.01054	0.01121	0.00637	0.00711	0.01102	0.01541	0.02046	0.07819	0.64234	0.09628	0.02352	0.00981	0.00307	0.00441	0.02123	0.00727	0.00637
30	0.01190	0.00819	0.01067	0.01011	0.01213	0.00754	0.00773	0.01545	0.02149	0.05539	0.58101	0.05938	0.09835	0.01615	0.00919	0.00252	0.00401	0.05287	0.00842	0.00750
31	0.02590	0.01917	0.02399	0.15219	0.03024	0.02114	0.05611	0.41027	0.05796	0.09586	0.01910	0.02029	0.01353	0.00891	0.00785	0.00241	0.00890	0.00725	0.00684	0.01209
32	0.00945	0.00675	0.00900	0.01080	0.01125	0.00630	0.00720	0.01080	0.01484	0.01979	0.04274	0.72245	0.05128	0.02429	0.00990	0.00315	0.00450	0.02204	0.00720	0.00630
33	0.01811	0.02054	0.04458	0.06791	0.04119	0.01948	0.61818	0.02457	0.01815	0.02457	0.01559	0.02090	0.01169	0.00660	0.00908	0.00261	0.01293	0.00903	0.00390	0.01036
34	0.01463	0.01328	0.02203	0.65541	0.05002	0.01646	0.02031	0.01968	0.01556	0.02050	0.01466	0.02130	0.01106	0.00785	0.00757	0.00252	0.00982	0.00692	0.06190	0.00851
35	0.01097	0.00793	0.01036	0.00975	0.01158	0.00732	0.00732	0.01463	0.02195	0.03109	0.67505	0.05792	0.07316	0.01585	0.00914	0.00244	0.00366	0.01402	0.00854	0.00732
36	0.02947	0.02172	0.02327	0.01784	0.02404	0.02404	0.01474	0.65329	0.03646	0.04887	0.01862	0.01862	0.01319	0.00931	0.00776	0.00233	0.00853	0.00698	0.00776	0.01319
37	0.01898	0.01820	0.03109	0.07871	0.64970	0.01837	0.02369	0.02361	0.01755	0.02507	0.01455	0.01926	0.01219	0.00695	0.00768	0.00232	0.00926	0.00691	0.00382	0.01211
38	0.01916	0.02038	0.05967	0.08665	0.03685	0.01939	0.42140	0.09876	0.06920	0.02780	0.01692	0.02085	0.01263	0.00726	0.00855	0.00250	0.01137	0.00834	0.00464	0.04768
39	0.01128	0.00752	0.00846	0.00846	0.00846	0.00752	0.00470	0.01128	0.01128	0.01503	0.02443	0.05074	0.02819	0.72751	0.03946	0.00752	0.00752	0.01128	0.00470	0.00470
40	0.01617	0.01582	0.02501	0.21312	0.03115	0.02028	0.08920	0.01950	0.01383	0.02011	0.01281	0.01940	0.01112	0.01235	0.03885	0.00329	0.38460	0.00715	0.03760	0.00864
41	0.06786	0.02115	0.02155	0.01706	0.02283	0.06405	0.01391	0.46925	0.10565	0.08793	0.02010	0.01973	0.01435	0.00928	0.00757	0.00235	0.00833	0.00697	0.00751	0.01257
42	0.00953	0.00678	0.00897	0.01069	0.01112	0.00635	0.00709	0.01082	0.01469	0.01958	0.04192	0.69259	0.05026	0.05555	0.01121	0.00334	0.00463	0.02156	0.00709	0.00623
43	0.00978	0.00788	0.00871	0.00850	0.01085	0.00681	0.00638	0.01232	0.01913	0.02441	0.28220	0.06892	0.47018	0.01834	0.00916	0.00256	0.00384	0.01556	0.00766	0.00681
44	0.01806	0.02009	0.04263	0.09229	0.09441	0.01930	0.54481	0.02432	0.01801	0.02444	0.01543	0.02075	0.01168	0.00667	0.00891	0.00259	0.01252	0.00877	0.00387	0.01045
45	0.01162	0.00792	0.01041	0.01010	0.01184	0.00729	0.00745	0.01484	0.02068	0.05435	0.53671	0.17588	0.06715	0.01712	0.00923	0.00256	0.00392	0.01522	0.00834	0.00736
46	0.01143	0.00850	0.01224	0.01211	0.01330	0.00988	0.00924	0.01385	0.01242	0.01802	0.02095	0.03231	0.02010	0.13421	0.57223	0.01120	0.04436	0.00857	0.02836	0.00673
47	0.00972	0.00689	0.00908	0.01072	0.01118	0.00650	0.00718	0.01103	0.01465	0.01951	0.04109	0.64104	0.04904	0.08490	0.01248	0.00354	0.00486	0.04342	0.00698	0.00619
48	0.03257	0.04475	0.01930	0.01422	0.02013	0.01374	0.01178	0.08090	0.07436	0.55904	0.02898	0.02545	0.01873	0.00952	0.00768	0.00238	0.00677	0.00766	0.00906	0.01298
49	0.02812	0.03535	0.02279	0.02236	0.08053	0.63785	0.01574	0.03034	0.02160	0.01952	0.01221	0.01443	0.01019	0.00790	0.00705	0.00202	0.01357	0.00516	0.00398	0.00927
50	0.01445	0.00723	0.00723	0.00723	0.00903	0.00723	0.00542	0.01807	0.01626	0.02891	0.02529	0.02891	0.01987	0.00903	0.00542	0.00181	0.00361	0.00723	0.77055	0.00723
51	0.01504	0.01403	0.02276	0.64904	0.05053	0.01740	0.02073	0.02166	0.07159	0.02090	0.01532	0.02138	0.01149	0.00799	0.00776	0.00259	0.00997	0.00705	0.00383	0.00893
52	0.02093	0.06282	0.02028	0.01690	0.04387	0.02041	0.01301	0.15006	0.46257	0.03423	0.05101	0.02672	0.02231	0.01012	0.00772	0.00249	0.00673	0.00827	0.00745	0.01211
53	0.01119	0.00748	0.00848	0.00857	0.00859	0.00746	0.00482	0.01125	0.01145	0.01526	0.02531	0.08315	0.02930	0.69357	0.03804	0.00731	0.00737	0.01180	0.00482	0.00478
54	0.02098	0.44766	0.09061	0.01608	0.02177	0.12963	0.01532	0.02448	0.03707	0.01941	0.01182	0.01415	0.01042	0.00796	0.00833	0.00204	0.10397	0.00491	0.00357	0.00981

[dist]
# distance from previous block
# <min> <max>
0	2

[block]
# block no. 1 follows, 25 sequences, length 217
# corresponding to MSA columns:
# 81-297
name=unknown_B
#
# <colnr> <probs for GDERKNQSTAVLIFYWHMCP>
#	G	D	E	R	K	N	Q	S	T	A	V	L	I	F	Y	W	H	M	C	P
0	0.01964	0.01663	0.02958	0.02200	0.02826	0.01537	0.30638	0.04650	0.06195	0.11905	0.04056	0.08788	0.01910	0.00912	0.00831	0.00237	0.00919	0.00942	0.00567	0.14304
1	0.01199	0.00993	0.01076	0.01032	0.01308	0.00977	0.00779	0.01908	0.17503	0.02566	0.18268	0.09852	0.36239	0.01696	0.00889	0.00262	0.00444	0.01440	0.00763	0.00807
2	0.65096	0.01722	0.06975	0.01165	0.01712	0.01728	0.01048	0.04211	0.01467	0.07268	0.01246	0.01391	0.00929	0.00741	0.00528	0.00240	0.00657	0.00462	0.00504	0.00908
3	0.01550	0.01294	0.01520	0.01160	0.01744	0.01018	0.00907	0.04080	0.01661	0.02523	0.01859	0.12926	0.01792	0.00884	0.00648	0.00151	0.00564	0.00747	0.00512	0.62460
4	0.01955	0.01486	0.01865	0.16972	0.02556	0.01754	0.01392	0.21377	0.02153	0.03120	0.01801	0.02180	0.01398	0.00963	0.01018	0.00242	0.13147	0.00700	0.22962	0.00959
5	0.00981	0.00783	0.00881	0.00884	0.01105	0.00683	0.00663	0.01226	0.01865	0.02375	0.23922	0.11832	0.43948	0.01900	0.00927	0.00264	0.00402	0.03926	0.00757	0.00676
6	0.01608	0.01378	0.01608	0.01148	0.01837	0.01034	0.00919	0.01952	0.01608	0.02527	0.01378	0.01608	0.01148	0.00574	0.00574	0.00115	0.00574	0.00459	0.00459	0.77491
7	0.01843	0.01764	0.03009	0.15856	0.57413	0.01822	0.02342	0.02313	0.01729	0.02440	0.01445	0.01944	0.01196	0.00705	0.00769	0.00235	0.00940	0.00691	0.00377	0.01167
8	0.01622	0.03917	0.66403	0.02181	0.03308	0.01778	0.02805	0.02502	0.01657	0.04754	0.01450	0.01672	0.01015	0.00744	0.00738	0.00245	0.01129	0.00580	0.00349	0.01152
9	0.03363	0.01294	0.01762	0.01360	0.01940	0.01120	0.01120	0.03666	0.02218	0.65283	0.06184	0.02792	0.02181	0.00990	0.00786	0.00240	0.00646	0.00810	0.00955	0.01291
10	0.01128	0.00752	0.00846	0.00846	0.00846	0.00752	0.00470	0.01128	0.01128	0.01503	0.02443	0.05074	0.02819	0.72751	0.03946	0.00752	0.00752	0.01128	0.00470	0.00470
11	0.01429	0.00728	0.00748	0.00748	0.00927	0.00735	0.00563	0.01786	0.01608	0.02838	0.02507	0.02898	0.01985	0.01141	0.03894	0.00232	0.00445	0.00728	0.73339	0.00721
12	0.02804	0.02308	0.04318	0.01785	0.02378	0.09358	0.01483	0.48278	0.10225	0.06262	0.01955	0.01942	0.01407	0.00925	0.00768	0.00233	0.00888	0.00695	0.00729	0.01259
13	0.01173	0.00849	0.01155	0.01319	0.01483	0.00831	0.01110	0.01481	0.01735	0.02247	0.04443	0.18806	0.09805	0.02173	0.01045	0.00342	0.00645	0.47947	0.00715	0.00696
14	0.00961	0.00688	0.00915	0.01068	0.01128	0.00641	0.00721	0.01122	0.01562	0.02103	0.11214	0.64950	0.05368	0.02337	0.00981	0.00307	0.00441	0.02116	0.00734	0.00641
15	0.01830	0.01692	0.02783	0.18034	0.46198	0.01798	0.02171	0.04696	0.01764	0.02504	0.01499	0.01992	0.01225	0.00755	0.00825	0.00238	0.03605	0.00692	0.04584	0.01113
16	0.02083	0.63834	0.03830	0.01419	0.02014	0.06362	0.01366	0.02323	0.01575	0.01831	0.01079	0.01289	0.00997	0.00727	0.00676	0.00182	0.06658	0.00441	0.00336	0.00978
17	0.02823	0.03546	0.02123	0.01933	0.02322	0.66169	0.01450	0.03031	0.02169	0.01948	0.01265	0.01473	0.01049	0.00804	0.00691	0.00199	0.01346	0.00511	0.04258	0.00890
18	0.01863	0.01793	0.03022	0.11520	0.48583	0.01848	0.07388	0.02536	0.08854	0.02547	0.01645	0.02056	0.01328	0.00737	0.00783	0.00240	0.00931	0.00729	0.00425	0.01173
19	0.01217	0.00819	0.01075	0.00996	0.01200	0.00752	0.00752	0.01580	0.02196	0.06398	0.64261	0.05633	0.07044	0.01554	0.00908	0.00244	0.00381	0.01371	0.00859	0.00761
20	0.00944	0.00679	0.00895	0.01068	0.01122	0.00631	0.00715	0.01081	0.01495	0.01984	0.04413	0.69724	0.07559	0.02411	0.00987	0.00313	0.00448	0.02182	0.00720	0.00631
21	0.01754	0.01906	0.03731	0.10356	0.03647	0.02047	0.40988	0.02261	0.01625	0.02261	0.01398	0.01982	0.01118	0.00858	0.01342	0.00282	0.20274	0.00826	0.00373	0.00972
22	0.02649	0.02562	0.02339	0.02184	0.09526	0.24956	0.01582	0.29930	0.02663	0.03262	0.01532	0.01740	0.01198	0.01070	0.03360	0.00266	0.06886	0.00633	0.00557	0.01106
23	0.00945	0.00675	0.00900	0.01080	0.01125	0.00630	0.00720	0.01080	0.01484	0.01979	0.04274	0.72245	0.05128	0.02429	0.00990	0.00315	0.00450	0.02204	0.00720	0.00630
24	0.02795	0.01974	0.02137	0.01657	0.02228	0.02159	0.01362	0.55345	0.03376	0.07757	0.04453	0.02122	0.01623	0.00955	0.00764	0.00230	0.00790	0.00730	0.06288	0.01253
25	0.00989	0.00709	0.00939	0.01049	0.01134	0.00659	0.00723	0.01191	0.01691	0.02308	0.22663	0.52918	0.05764	0.02184	0.00968	0.00294	0.00425	0.01971	0.00759	0.00659
26	0.01806	0.02113	0.10596	0.02620	0.05085	0.01981	0.31489	0.06865	0.04625	0.02526	0.01678	0.06112	0.01418	0.00958	0.01232	0.00277	0.16281	0.00878	0.00438	0.01023
27	0.12667	0.02968	0.01994	0.01757	0.02193	0.45010	0.01351	0.13728	0.02300	0.02682	0.01377	0.01549	0.01092	0.00818	0.00674	0.00210	0.01138	0.00537	0.05001	0.00954
28	0.01445	0.00723	0.00723	0.00723	0.00903	0.00723	0.00542	0.01807	0.01626	0.02891	0.02529	0.02891	0.01987	0.00903	0.00542	0.00181	0.00361	0.00723	0.77055	0.00723
29	0.02814	0.02067	0.02210	0.01716	0.02303	0.02289	0.01410	0.58773	0.06699	0.04695	0.01963	0.01970	0.01408	0.00935	0.00764	0.00231	0.00814	0.00708	0.04949	0.01281
30	0.05866	0.57500	0.05992	0.01413	0.02072	0.04767	0.01379	0.09262	0.01810	0.02265	0.01179	0.01331	0.01023	0.00702	0.00541	0.00181	0.00848	0.00454	0.00389	0.01026
31	0.01347	0.00673	0.01010	0.01010	0.01010	0.00673	0.00673	0.01010	0.01010	0.01347	0.01347	0.02357	0.01347	0.02694	0.03030	0.77441	0.00673	0.00673	0.00337	0.00337
32	0.01023	0.00769	0.00947	0.00947	0.01124	0.00693	0.00693	0.01303	0.01953	0.02641	0.40564	0.18733	0.22090	0.01840	0.00929	0.00262	0.00388	0.01612	0.00795	0.00693
33	0.02028	0.01715	0.01809	0.01598	0.02054	0.01975	0.01251	0.10081	0.60391	0.03403	0.03030	0.02792	0.02265	0.01040	0.00788	0.00260	0.00637	0.00859	0.00788	0.01236
34	0.02073	0.73217	0.04063	0.01327	0.01990	0.03068	0.01327	0.02322	0.01575	0.01824	0.01078	0.01244	0.00995	0.00663	0.00498	0.00166	0.00829	0.00415	0.00332	0.00995
35	0.01949	0.05997	0.10287	0.03976	0.50454	0.01942	0.02271	0.06178	0.04701	0.02656	0.01529	0.01891	0.01244	0.00724	0.00751	0.00230	0.00923	0.00671	0.00416	0.01212
36	0.01604	0.10539	0.62633	0.02127	0.03227	0.01920	0.02720	0.02443	0.01631	0.02396	0.01362	0.01600	0.00983	0.00730	0.00714	0.00238	0.01116	0.00558	0.00328	0.01132
37	0.00945	0.00675	0.00900	0.01080	0.01125	0.00630	0.00720	0.01080	0.01484	0.01979	0.04274	0.72245	0.05128	0.02429	0.00990	0.00315	0.00450	0.02204	0.00720	0.00630
38	0.00945	0.00675	0.00900	0.01080	0.01125	0.00630	0.00720	0.01080	0.01484	0.01979	0.04274	0.72245	0.05128	0.02429	0.00990	0.00315	0.00450	0.02204	0.00720	0.00630
39	0.01608	0.01378	0.01608	0.01148	0.01837	0.01034	0.00919	0.01952	0.01608	0.02527	0.01378	0.01608	0.01148	0.00574	0.00574	0.00115	0.00574	0.00459	0.00459	0.77491
40	0.01072	0.00779	0.01009	0.00977	0.01149	0.00717	0.00723	0.01403	0.02095	0.02934	0.57562	0.13170	0.10110	0.01697	0.00923	0.00253	0.00376	0.01502	0.00832	0.00717
41	0.00958	0.00786	0.00837	0.00825	0.01064	0.00673	0.00614	0.01183	0.01835	0.02281	0.19635	0.07062	0.53756	0.03840	0.01000	0.00272	0.00397	0.01576	0.00740	0.00665
42	0.69964	0.01573	0.01270	0.01104	0.01599	0.01812	0.00909	0.09200	0.01575	0.03633	0.01165	0.01326	0.00892	0.00743	0.00512	0.00239	0.00628	0.00450	0.00512	0.00892
43	0.01790	0.02013	0.04328	0.10690	0.04194	0.01935	0.58189	0.02428	0.01799	0.02428	0.01548	0.02089	0.01161	0.00667	0.00900	0.00261	0.01277	0.00890	0.00387	0.01026
44	0.02896	0.03695	0.02197	0.01998	0.02397	0.69638	0.01498	0.03096	0.02197	0.01898	0.01199	0.01398	0.00999	0.00799	0.00699	0.00200	0.01398	0.00499	0.00400	0.00899
45	0.01784	0.01992	0.04238	0.03043	0.03794	0.01849	0.58339	0.02397	0.01802	0.02469	0.01650	0.04507	0.01312	0.00710	0.00894	0.00253	0.01226	0.00928	0.00408	0.06405
46	0.01635	0.01646	0.02604	0.09715	0.02647	0.02105	0.11674	0.01916	0.01351	0.01985	0.01392	0.07162	0.01357	0.01264	0.01975	0.00316	0.47181	0.00833	0.00377	0.00864
47	0.00945	0.00675	0.00900	0.01080	0.01125	0.00630	0.00720	0.01080	0.01484	0.01979	0.04274	0.72245	0.05128	0.02429	0.00990	0.00315	0.00450	0.02204	0.00720	0.00630
48	0.01554	0.01614	0.03277	0.02513	0.03032	0.01543	0.40977	0.02038	0.01724	0.02328	0.02467	0.19328	0.02463	0.01257	0.01000	0.00287	0.03199	0.07993	0.00503	0.00905
49	0.01568	0.01480	0.02402	0.53533	0.08714	0.01790	0.04429	0.02255	0.08689	0.02168	0.01570	0.02133	0.01197	0.00821	0.00859	0.00261	0.04084	0.00718	0.00397	0.00931
50	0.01090	0.00796	0.01026	0.00979	0.01168	0.00732	0.00741	0.01443	0.02148	0.03005	0.60702	0.06028	0.11587	0.01634	0.00921	0.00250	0.00381	0.03804	0.00838	0.00725
51	0.02102	0.70790	0.03998	0.01350	0.02004	0.05392	0.01333	0.02349	0.01597	0.01827	0.01082	0.01249	0.00995	0.00668	0.00505	0.00167	0.00849	0.00418	0.00334	0.00992
52	0.01153	0.00823	0.01138	0.01317	0.01453	0.00809	0.01081	0.01439	0.01689	0.02212	0.04159	0.28940	0.04674	0.02233	0.01045	0.00344	0.00630	0.43457	0.00716	0.00687
53	0.02352	0.01824	0.02311	0.27203	0.03449	0.02108	0.01724	0.36405	0.02691	0.05872	0.01679	0.01955	0.01218	0.00898	0.00872	0.00248	0.04768	0.00697	0.00600	0.01125
54	0.70056	0.01572	0.01268	0.01103	0.01598	0.01812	0.00909	0.09123	0.01572	0.03632	0.01165	0.01325	0.00892	0.00743	0.00512	0.00239	0.00627	0.00450	0.00512	0.00892
55	0.01491	0.00767	0.00772	0.00755	0.00949	0.00774	0.00571	0.03750	0.01688	0.02952	0.02509	0.02859	0.01967	0.00904	0.00549	0.00182	0.00376	0.00722	0.74722	0.00741
56	0.02250	0.01113	0.01448	0.01215	0.01610	0.01029	0.00963	0.02759	0.08304	0.32579	0.32350	0.04096	0.04414	0.01253	0.00842	0.00244	0.00522	0.01072	0.00895	0.01044
57	0.15580	0.01250	0.01658	0.17701	0.02418	0.01447	0.04009	0.05761	0.01522	0.02484	0.01531	0.02081	0.01257	0.01232	0.01302	0.15733	0.07297	0.00652	0.14322	0.00762
58	0.00945	0.00675	0.00900	0.01080	0.01125	0.00630	0.00720	0.01080	0.01484	0.01979	0.04274	0.72245	0.05128	0.02429	0.00990	0.00315	0.00450	0.02204	0.00720	0.00630
59	0.02253	0.01827	0.01936	0.01644	0.02140	0.02080	0.01306	0.23608	0.46497	0.03767	0.02744	0.02564	0.02033	0.01013	0.00785	0.00253	0.00690	0.00820	0.00785	0.01256
60	0.01464	0.01378	0.02326	0.70887	0.05340	0.01723	0.02153	0.01981	0.01550	0.01981	0.01378	0.02067	0.01034	0.00775	0.00775	0.00258	0.01034	0.00689	0.00345	0.00861
61	0.01672	0.01664	0.02370	0.09130	0.02376	0.02308	0.01743	0.01878	0.01225	0.01878	0.01055	0.01735	0.01019	0.01297	0.02362	0.00331	0.64088	0.00680	0.00340	0.00850
62	0.03018	0.01972	0.02193	0.01691	0.02299	0.02119	0.01393	0.49902	0.05890	0.18192	0.02166	0.02067	0.01487	0.00942	0.00777	0.00235	0.00803	0.00722	0.00815	0.01315
63	0.00945	0.00675	0.00900	0.01080	0.01125	0.00630	0.00720	0.01080	0.01484	0.01979	0.04274	0.72245	0.05128	0.02429	0.00990	0.00315	0.00450	0.02204	0.00720	0.00630
64	0.01097	0.00793	0.01036	0.00975	0.01158	0.00732	0.00732	0.01463	0.02195	0.03109	0.67505	0.05792	0.07316	0.01585	0.00914	0.00244	0.00366	0.01402	0.00854	0.00732
65	0.03479	0.01320	0.01799	0.01380	0.01979	0.01140	0.01140	0.03779	0.02219	0.68451	0.03059	0.02639	0.01919	0.00960	0.00780	0.00240	0.00660	0.00780	0.00960	0.01320
66	0.01081	0.00780	0.01021	0.00987	0.01155	0.00720	0.00730	0.01421	0.02117	0.02985	0.60564	0.13086	0.07076	0.01678	0.00923	0.00252	0.00375	0.01490	0.00839	0.00720
67	0.02977	0.02125	0.02298	0.01762	0.02381	0.02335	0.01455	0.61962	0.03568	0.08364	0.01927	0.01904	0.01351	0.00932	0.00776	0.00233	0.00843	0.00703	0.00786	0.01319
68	0.00945	0.00675	0.00900	0.01080	0.01125	0.00630	0.00720	0.01080	0.01484	0.01979	0.04274	0.72245	0.05128	0.02429	0.00990	0.00315	0.00450	0.02204	0.00720	0.00630
69	0.06844	0.02025	0.02137	0.01697	0.02271	0.02265	0.01385	0.48579	0.17179	0.04453	0.02100	0.02053	0.01520	0.00946	0.00762	0.00240	0.00787	0.00722	0.00762	0.01273
70	0.01445	0.00723	0.00723	0.00723	0.00903	0.00723	0.00542	0.01807	0.01626	0.02891	0.02529	0.02891	0.01987	0.00903	0.00542	0.00181	0.00361	0.00723	0.77055	0.00723
71	0.01676	0.01275	0.01507	0.01356	0.01749	0.01267	0.01092	0.07614	0.17284	0.05432	0.10043	0.09392	0.03261	0.01363	0.00839	0.00253	0.00612	0.16019	0.00708	0.17258
72	0.01627	0.01612	0.02469	0.24729	0.03223	0.02140	0.05038	0.01935	0.01339	0.01935	0.01164	0.01838	0.01031	0.01130	0.01881	0.00309	0.44700	0.00694	0.00344	0.00862
73	0.00945	0.00675	0.00900	0.01080	0.01125	0.00630	0.00720	0.01080	0.01484	0.01979	0.04274	0.72245	0.05128	0.02429	0.00990	0.00315	0.00450	0.02204	0.00720	0.00630
74	0.01753	0.01915	0.03959	0.12871	0.04019	0.01879	0.50047	0.02460	0.05597	0.02439	0.01726	0.04510	0.01360	0.00755	0.00890	0.00263	0.01198	0.00924	0.00420	0.01016
75	0.01702	0.01728	0.02615	0.04778	0.02382	0.02305	0.08673	0.01938	0.01272	0.01938	0.01092	0.01754	0.01036	0.01258	0.02299	0.00328	0.60983	0.00705	0.00345	0.00870
76	0.00951	0.00678	0.00898	0.01071	0.01115	0.00634	0.00711	0.01081	0.01472	0.01962	0.04208	0.69842	0.05046	0.04945	0.01095	0.00331	0.00461	0.02166	0.00711	0.00624
77	0.55062	0.01502	0.01324	0.01129	0.01617	0.01677	0.00927	0.10049	0.01723	0.10736	0.01502	0.01608	0.01103	0.00786	0.00553	0.00235	0.00619	0.00516	0.06389	0.00942
78	0.00961	0.00688	0.00915	0.01068	0.01128	0.00641	0.00721	0.01122	0.01562	0.02103	0.11214	0.64950	0.05368	0.02337	0.00981	0.00307	0.00441	0.02116	0.00734	0.00641
79	0.03405	0.01423	0.04361	0.01411	0.02032	0.01165	0.01206	0.03728	0.02197	0.65926	0.02995	0.02601	0.01883	0.00951	0.00778	0.00240	0.00678	0.00772	0.00935	0.01313
80	0.01671	0.01661	0.02369	0.09593	0.02398	0.02303	0.01747	0.01879	0.01227	0.01879	0.01057	0.01737	0.01020	0.01293	0.02350	0.00330	0.63615	0.00680	0.00340	0.00850
81	0.01445	0.00723	0.00723	0.00723	0.00903	0.00723	0.00542	0.01807	0.01626	0.02891	0.02529	0.02891	0.01987	0.00903	0.00542	0.00181	0.00361	0.00723	0.77055	0.00723
82	0.01782	0.05849	0.59393	0.02092	0.03163	0.01767	0.02628	0.02597	0.01699	0.09680	0.01565	0.01735	0.01085	0.00759	0.00734	0.00242	0.01083	0.00591	0.00397	0.01160
83	0.01323	0.00682	0.00992	0.00992	0.00992	0.00682	0.00651	0.01023	0.01023	0.01364	0.01467	0.02655	0.01508	0.10384	0.03131	0.69023	0.00682	0.00723	0.00351	0.00351
84	0.01097	0.00793	0.01036	0.00975	0.01158	0.00732	0.00732	0.01463	0.02195	0.03109	0.67505	0.05792	0.07316	0.01585	0.00914	0.00244	0.00366	0.01402	0.00854	0.00732
85	0.02073	0.73217	0.04063	0.01327	0.01990	0.03068	0.01327	0.02322	0.01575	0.01824	0.01078	0.01244	0.00995	0.00663	0.00498	0.00166	0.00829	0.00415	0.00332	0.00995
86	0.11112	0.02153	0.02084	0.01654	0.02211	0.08627	0.01349	0.48533	0.03127	0.04323	0.01754	0.01815	0.01277	0.00893	0.00721	0.00227	0.00847	0.00650	0.05452	0.01189
87	0.00945	0.00675	0.00900	0.01080	0.01125	0.00630	0.00720	0.01080	0.01484	0.01979	0.04274	0.72245	0.05128	0.02429	0.00990	0.00315	0.00450	0.02204	0.00720	0.00630
88	0.03061	0.01990	0.02215	0.01698	0.02314	0.02135	0.01403	0.52219	0.03342	0.18425	0.02117	0.02027	0.01447	0.00937	0.00777	0.00234	0.00812	0.00715	0.00815	0.01319
89	0.00957	0.00684	0.00914	0.01094	0.01144	0.00640	0.00741	0.01101	0.01497	0.01993	0.04267	0.69674	0.05101	0.02418	0.00993	0.00317	0.00461	0.04653	0.00720	0.00633
90	0.01464	0.01378	0.02326	0.70887	0.05340	0.01723	0.02153	0.01981	0.01550	0.01981	0.01378	0.02067	0.01034	0.00775	0.00775	0.00258	0.01034	0.00689	0.00345	0.00861
91	0.02947	0.02172	0.02327	0.01784	0.02404	0.02404	0.01474	0.65329	0.03646	0.04887	0.01862	0.01862	0.01319	0.00931	0.00776	0.00233	0.00853	0.00698	0.00776	0.01319
92	0.00961	0.00687	0.00919	0.01099	0.01151	0.00644	0.00749	0.01108	0.01501	0.01998	0.04264	0.68771	0.05092	0.02413	0.00994	0.00317	0.00464	0.05513	0.00719	0.00634
93	0.03447	0.01370	0.01831	0.01403	0.02004	0.01214	0.01159	0.07413	0.02303	0.64698	0.02988	0.02593	0.01884	0.00958	0.00779	0.00239	0.00671	0.00775	0.00949	0.01319
94	0.02073	0.73217	0.04063	0.01327	0.01990	0.03068	0.01327	0.02322	0.01575	0.01824	0.01078	0.01244	0.00995	0.00663	0.00498	0.00166	0.00829	0.00415	0.00332	0.00995
95	0.01696	0.01696	0.02375	0.02036	0.02036	0.02375	0.01696	0.01866	0.01187	0.01866	0.01018	0.01696	0.01018	0.01357	0.02545	0.00339	0.71332	0.00679	0.00339	0.00848
96	0.01445	0.00723	0.00723	0.00723	0.00903	0.00723	0.00542	0.01807	0.01626	0.02891	0.02529	0.02891	0.01987	0.00903	0.00542	0.00181	0.00361	0.00723	0.77055	0.00723
97	0.45988	0.01508	0.01500	0.06416	0.04515	0.01632	0.01076	0.04839	0.05118	0.08073	0.01450	0.01610	0.01096	0.00746	0.00577	0.00224	0.00655	0.00518	0.00527	0.11933
98	0.46484	0.09911	0.07870	0.01353	0.01932	0.01807	0.04923	0.02447	0.01527	0.10219	0.01487	0.01822	0.01168	0.00800	0.00590	0.00238	0.00729	0.03242	0.00507	0.00944
99	0.00945	0.00675	0.00900	0.01080	0.01125	0.00630	0.00720	0.01080	0.01484	0.01979	0.04274	0.72245	0.05128	0.02429	0.00990	0.00315	0.00450	0.02204	0.00720	0.00630
100	0.01584	0.01702	0.05163	0.38891	0.04565	0.01763	0.26661	0.02146	0.01659	0.02192	0.01599	0.05596	0.01294	0.00810	0.00839	0.00262	0.01114	0.00850	0.00381	0.00930
101	0.02892	0.02144	0.02296	0.01773	0.02383	0.02378	0.01460	0.61980	0.07085	0.04797	0.01932	0.01918	0.01376	0.00937	0.00776	0.00234	0.00840	0.00708	0.00776	0.01314
102	0.00958	0.00751	0.00868	0.00915	0.01092	0.00660	0.00657	0.01165	0.01753	0.02241	0.17477	0.28069	0.36544	0.02046	0.00940	0.00276	0.00406	0.01777	0.00744	0.00660
103	0.02101	0.70864	0.04000	0.01349	0.02004	0.05321	0.01333	0.02348	0.01597	0.01827	0.01082	0.01249	0.00995	0.00668	0.00504	0.00167	0.00848	0.00417	0.00334	0.00992
104	0.00956	0.00688	0.00907	0.01061	0.01125	0.00639	0.00716	0.01111	0.01550	0.02072	0.09374	0.64819	0.07415	0.02347	0.00981	0.00308	0.00441	0.02122	0.00730	0.00639
105	0.02040	0.01721	0.01816	0.01601	0.02059	0.01981	0.01254	0.10839	0.59612	0.03424	0.03014	0.02780	0.02252	0.01039	0.00787	0.00260	0.00640	0.00857	0.00787	0.01237
106	0.11684	0.01339	0.01727	0.01340	0.01927	0.01205	0.01107	0.03614	0.02120	0.61319	0.02842	0.02488	0.01801	0.00933	0.00747	0.00240	0.00653	0.00740	0.00907	0.01267
107	0.01445	0.00723	0.00723	0.00723	0.00903	0.00723	0.00542	0.01807	0.01626	0.02891	0.02529	0.02891	0.01987	0.00903	0.00542	0.00181	0.00361	0.00723	0.77055	0.00723
108	0.01462	0.01306	0.02150	0.63185	0.04853	0.01613	0.01976	0.01962	0.01559	0.02081	0.01504	0.02158	0.01138	0.00789	0.00750	0.00250	0.00960	0.00693	0.08765	0.00846
109	0.01785	0.01999	0.04251	0.10647	0.04123	0.01949	0.55975	0.02407	0.01777	0.02407	0.01528	0.02075	0.01155	0.00692	0.00957	0.00264	0.03722	0.00882	0.00385	0.01019
110	0.00945	0.00675	0.00900	0.01080	0.01125	0.00630	0.00720	0.01080	0.01484	0.01979	0.04274	0.72245	0.05128	0.02429	0.00990	0.00315	0.00450	0.02204	0.00720	0.00630
111	0.01860	0.01782	0.03040	0.13404	0.59734	0.01827	0.02350	0.02327	0.01737	0.02461	0.01448	0.01938	0.01203	0.00702	0.00769	0.00234	0.00936	0.00691	0.00379	0.01180
112	0.02073	0.73217	0.04063	0.01327	0.01990	0.03068	0.01327	0.02322	0.01575	0.01824	0.01078	0.01244	0.00995	0.00663	0.00498	0.00166	0.00829	0.00415	0.00332	0.00995
113	0.01831	0.40502	0.31572	0.01696	0.02567	0.02437	0.01966	0.02363	0.01603	0.02125	0.01225	0.01428	0.00996	0.00691	0.00603	0.00198	0.00953	0.00484	0.00335	0.04425
114	0.03479	0.01320	0.01799	0.01380	0.01979	0.01140	0.01140	0.03779	0.02219	0.68451	0.03059	0.02639	0.01919	0.00960	0.00780	0.00240	0.00660	0.00780	0.00960	0.01320
115	0.00960	0.00781	0.00850	0.00845	0.01077	0.00671	0.00629	0.01192	0.01851	0.02323	0.21436	0.10620	0.50258	0.01902	0.00920	0.00261	0.00390	0.01613	0.00751	0.00671
116	0.04119	0.00750	0.00737	0.00733	0.00924	0.00758	0.00552	0.01823	0.01615	0.02911	0.02479	0.02834	0.01947	0.00897	0.00540	0.00183	0.00370	0.00712	0.74389	0.00727
117	0.01108	0.00831	0.01246	0.01246	0.01385	0.00969	0.00969	0.01385	0.01246	0.01800	0.02077	0.03046	0.01938	0.05815	0.69678	0.01246	0.02077	0.00831	0.00415	0.00692
118	0.05308	0.00770	0.00986	0.01117	0.01225	0.00739	0.00792	0.01316	0.01558	0.04824	0.06281	0.57367	0.04780	0.02220	0.00958	0.00309	0.00488	0.07560	0.00721	0.00681
119	0.03167	0.01251	0.01700	0.01327	0.01872	0.01086	0.01086	0.03476	0.02216	0.59909	0.11483	0.03051	0.02625	0.01041	0.00797	0.00240	0.00621	0.00861	0.00946	0.01243
120	0.14173	0.01594	0.02444	0.24719	0.31552	0.01725	0.01949	0.02364	0.01667	0.08459	0.01517	0.01925	0.01167	0.00746	0.00725	0.00242	0.00881	0.00655	0.00439	0.01058
121	0.01876	0.01799	0.03070	0.10951	0.62055	0.01831	0.02358	0.02342	0.01745	0.02481	0.01451	0.01933	0.01210	0.00699	0.00768	0.00233	0.00932	0.00691	0.00380	0.01194
122	0.01432	0.00716	0.00760	0.00760	0.00917	0.00716	0.00559	0.01703	0.01546	0.02689	0.02375	0.02821	0.01904	0.01137	0.00867	0.10280	0.00402	0.00716	0.67026	0.00672
123	0.01873	0.01329	0.01657	0.01405	0.01830	0.01188	0.03496	0.07837	0.04454	0.10048	0.09916	0.22868	0.03277	0.01433	0.00868	0.00257	0.00638	0.01214	0.00728	0.23684
124	0.04940	0.02093	0.12024	0.14452	0.24562	0.05737	0.03738	0.06909	0.01904	0.09736	0.01755	0.02300	0.01389	0.00844	0.00772	0.00245	0.00954	0.04060	0.00482	0.01103
125	0.00955	0.00689	0.00908	0.01079	0.01140	0.00641	0.00734	0.01102	0.01510	0.01998	0.04441	0.66633	0.08131	0.02395	0.00989	0.00314	0.00457	0.04530	0.00720	0.00634
126	0.01636	0.01543	0.02529	0.45250	0.20067	0.01781	0.04005	0.02327	0.08742	0.02268	0.01598	0.02123	0.01231	0.00782	0.00779	0.00252	0.00969	0.00717	0.00404	0.00996
127	0.02726	0.01935	0.02093	0.01631	0.02169	0.02117	0.01321	0.53657	0.03245	0.07252	0.01998	0.02279	0.01530	0.08815	0.01117	0.00288	0.00819	0.00750	0.03051	0.01207
128	0.00953	0.00686	0.00903	0.01062	0.01124	0.00637	0.00716	0.01104	0.01537	0.02050	0.08142	0.65868	0.07623	0.02362	0.00982	0.00309	0.00443	0.02135	0.00728	0.00637
129	0.02947	0.02172	0.02327	0.01784	0.02404	0.02404	0.01474	0.65329	0.03646	0.04887	0.01862	0.01862	0.01319	0.00931	0.00776	0.00233	0.00853	0.00698	0.00776	0.01319
130	0.01008	0.00723	0.00956	0.01037	0.01139	0.00672	0.00725	0.01238	0.01777	0.02445	0.30325	0.44866	0.06030	0.02081	0.00959	0.00286	0.00415	0.01874	0.00775	0.00672
131	0.03479	0.01320	0.01799	0.01380	0.01979	0.01140	0.01140	0.03779	0.02219	0.68451	0.03059	0.02639	0.01919	0.00960	0.00780	0.00240	0.00660	0.00780	0.00960	0.01320
132	0.09554	0.00870	0.01034	0.00970	0.01190	0.00838	0.00736	0.01534	0.02075	0.03094	0.56950	0.05386	0.09903	0.01511	0.00867	0.00244	0.00393	0.01307	0.00805	0.00739
133	0.02896	0.03695	0.02197	0.01998	0.02397	0.69638	0.01498	0.03096	0.02197	0.01898	0.01199	0.01398	0.00999	0.00799	0.00699	0.00200	0.01398	0.00499	0.00400	0.00899
134	0.03268	0.01615	0.09146	0.01471	0.02130	0.01212	0.01329	0.03633	0.02155	0.61207	0.02876	0.02529	0.01816	0.00935	0.00775	0.00241	0.00713	0.00757	0.00890	0.01300
135	0.02896	0.03695	0.02197	0.01998	0.02397	0.69638	0.01498	0.03096	0.02197	0.01898	0.01199	0.01398	0.00999	0.00799	0.00699	0.00200	0.01398	0.00499	0.00400	0.00899
136	0.00965	0.00787	0.00852	0.00836	0.01077	0.00675	0.00627	0.01206	0.01881	0.02365	0.23779	0.07016	0.51506	0.01863	0.00916	0.00257	0.00386	0.01574	0.00756	0.00675
137	0.01978	0.01690	0.01781	0.01588	0.02035	0.01952	0.01239	0.07088	0.63465	0.03323	0.03093	0.02843	0.02316	0.01046	0.00788	0.00262	0.00625	0.00868	0.00788	0.01232
138	0.02169	0.65419	0.03872	0.01377	0.02036	0.02995	0.01343	0.09238	0.01803	0.02160	0.01164	0.01312	0.01031	0.00693	0.00528	0.00173	0.00832	0.00446	0.00380	0.01031
139	0.01639	0.10546	0.36494	0.01741	0.02530	0.01717	0.01977	0.02508	0.10629	0.05142	0.11808	0.02705	0.05382	0.00966	0.00754	0.00240	0.00867	0.00780	0.00513	0.01062
140	0.03027	0.01927	0.02161	0.01669	0.02275	0.02056	0.01375	0.46273	0.06721	0.21018	0.02238	0.02116	0.01529	0.00945	0.00777	0.00236	0.00791	0.00729	0.00823	0.01314
141	0.01097	0.00793	0.01036	0.00975	0.01158	0.00732	0.00732	0.01463	0.02195	0.03109	0.67505	0.05792	0.07316	0.01585	0.00914	0.00244	0.00366	0.01402	0.00854	0.00732
142	0.01568	0.03918	0.65623	0.02261	0.03390	0.01808	0.05882	0.02457	0.01646	0.02457	0.01400	0.01659	0.00992	0.00733	0.00745	0.00246	0.01154	0.00590	0.00331	0.01141
143	0.01669	0.03852	0.64782	0.02161	0.03275	0.01762	0.02763	0.02534	0.01671	0.06352	0.01490	0.01696	0.01038	0.00750	0.00739	0.00245	0.01117	0.00585	0.00365	0.01156
144	0.01088	0.00786	0.01028	0.00982	0.01156	0.00726	0.00731	0.01441	0.02153	0.03043	0.63772	0.09715	0.07187	0.01635	0.00919	0.00248	0.00371	0.01450	0.00846	0.00726
145	0.03479	0.01320	0.01799	0.01380	0.01979	0.01140	0.01140	0.03779	0.02219	0.68451	0.03059	0.02639	0.01919	0.00960	0.00780	0.00240	0.00660	0.00780	0.00960	0.01320
146	0.01919	0.01842	0.03147	0.04759	0.67914	0.01842	0.02380	0.02380	0.01765	0.02533	0.01458	0.01919	0.01228	0.00691	0.00768	0.00230	0.00921	0.00691	0.00384	0.01228
147	0.02631	0.03181	0.02297	0.11222	0.08172	0.52565	0.01655	0.05314	0.02134	0.02077	0.01269	0.01547	0.01035	0.00792	0.00718	0.00211	0.01290	0.00548	0.00406	0.00937
148	0.01445	0.00723	0.00723	0.00723	0.00903	0.00723	0.00542	0.01807	0.01626	0.02891	0.02529	0.02891	0.01987	0.00903	0.00542	0.00181	0.00361	0.00723	0.77055	0.00723
149	0.01464	0.01378	0.02326	0.70887	0.05340	0.01723	0.02153	0.01981	0.01550	0.01981	0.01378	0.02067	0.01034	0.00775	0.00775	0.00258	0.01034	0.00689	0.00345	0.00861
150	0.39617	0.07319	0.25964	0.01539	0.02274	0.04622	0.01656	0.04580	0.01569	0.02982	0.01225	0.01422	0.00925	0.00733	0.00593	0.00235	0.00855	0.00488	0.00422	0.00980
151	0.00958	0.00684	0.00915	0.01095	0.01146	0.00641	0.00743	0.01103	0.01498	0.01994	0.04266	0.69451	0.05099	0.02417	0.00993	0.00317	0.00461	0.04866	0.00719	0.00633
152	0.01533	0.03855	0.65451	0.02150	0.03249	0.01749	0.02761	0.02407	0.01664	0.02487	0.04597	0.01838	0.01289	0.00778	0.00745	0.00245	0.01108	0.00613	0.00353	0.01126
153	0.01761	0.04474	0.06340	0.11973	0.06236	0.02025	0.39287	0.02305	0.01668	0.02293	0.01425	0.01969	0.01120	0.00790	0.01137	0.00269	0.12750	0.00807	0.00372	0.00998
154	0.00945	0.00675	0.00900	0.01080	0.01125	0.00630	0.00720	0.01080	0.01484	0.01979	0.04274	0.72245	0.05128	0.02429	0.00990	0.00315	0.00450	0.02204	0.00720	0.00630
155	0.02073	0.73217	0.04063	0.01327	0.01990	0.03068	0.01327	0.02322	0.01575	0.01824	0.01078	0.01244	0.00995	0.00663	0.00498	0.00166	0.00829	0.00415	0.00332	0.00995
156	0.00945	0.00675	0.00900	0.01080	0.01125	0.00630	0.00720	0.01080	0.01484	0.01979	0.04274	0.72245	0.05128	0.02429	0.00990	0.00315	0.00450	0.02204	0.00720	0.00630
157	0.02040	0.01721	0.01816	0.01601	0.02059	0.01981	0.01254	0.10839	0.59612	0.03424	0.03014	0.02780	0.02252	0.01039	0.00787	0.00260	0.00640	0.00857	0.00787	0.01237
158	0.69799	0.01414	0.01094	0.00987	0.01434	0.01628	0.00807	0.02227	0.01353	0.03414	0.01239	0.01439	0.00966	0.00740	0.00487	0.00233	0.00574	0.00453	0.08885	0.00827
159	0.01445	0.00723	0.00723	0.00723	0.00903	0.00723	0.00542	0.01807	0.01626	0.02891	0.02529	0.02891	0.01987	0.00903	0.00542	0.00181	0.00361	0.00723	0.77055	0.00723
160	0.00945	0.00675	0.00900	0.01080	0.01125	0.00630	0.00720	0.01080	0.01484	0.01979	0.04274	0.72245	0.05128	0.02429	0.00990	0.00315	0.00450	0.02204	0.00720	0.00630
161	0.01464	0.01378	0.02326	0.70887	0.05340	0.01723	0.02153	0.01981	0.01550	0.01981	0.01378	0.02067	0.01034	0.00775	0.00775	0.00258	0.01034	0.00689	0.00345	0.00861
162	0.01097	0.00793	0.01036	0.00975	0.01158	0.00732	0.00732	0.01463	0.02195	0.03109	0.67505	0.05792	0.07316	0.01585	0.00914	0.00244	0.00366	0.01402	0.00854	0.00732
163	0.01549	0.01515	0.02318	0.66820	0.05166	0.05732	0.02115	0.02047	0.01589	0.01976	0.01368	0.02028	0.01032	0.00777	0.00771	0.00255	0.01055	0.00678	0.00348	0.00864
164	0.02757	0.15431	0.02512	0.01884	0.02328	0.58401	0.01469	0.02965	0.02092	0.01885	0.01178	0.01372	0.00998	0.00776	0.00665	0.00194	0.01302	0.00485	0.00388	0.00915
165	0.01738	0.08858	0.25001	0.02532	0.03345	0.01998	0.30136	0.02376	0.01674	0.02361	0.01407	0.01808	0.01081	0.00744	0.00957	0.00248	0.07755	0.00715	0.00364	0.04903
166	0.03140	0.01864	0.02136	0.01638	0.02251	0.01947	0.01353	0.43067	0.03130	0.27877	0.02295	0.02143	0.01536	0.00941	0.00777	0.00235	0.00783	0.00728	0.00842	0.01319
167	0.00936	0.00786	0.00813	0.00806	0.01059	0.00663	0.00605	0.01151	0.01814	0.02206	0.14402	0.07279	0.60982	0.01922	0.00916	0.00260	0.00390	0.01611	0.00735	0.00663
168	0.01464	0.01378	0.02326	0.70887	0.05340	0.01723	0.02153	0.01981	0.01550	0.01981	0.01378	0.02067	0.01034	0.00775	0.00775	0.00258	0.01034	0.00689	0.00345	0.00861
169	0.01896	0.01628	0.01729	0.01571	0.01996	0.01878	0.01228	0.03998	0.63375	0.03199	0.03202	0.03177	0.02468	0.01105	0.00803	0.00268	0.00618	0.03874	0.00785	0.01202
170	0.01010	0.00732	0.00954	0.01019	0.01136	0.00676	0.00718	0.01250	0.01811	0.02482	0.32244	0.39778	0.09234	0.02035	0.00953	0.00281	0.00410	0.01823	0.00779	0.00676
171	0.03387	0.01340	0.01797	0.01391	0.01981	0.01186	0.01145	0.03799	0.06015	0.64601	0.03065	0.02654	0.01946	0.00965	0.00780	0.00241	0.00657	0.00785	0.00950	0.01314
172	0.01555	0.04011	0.68733	0.02210	0.03356	0.01801	0.02865	0.02455	0.01637	0.02455	0.01391	0.01637	0.00982	0.00737	0.00737	0.00246	0.01146	0.00573	0.00327	0.01146
173	0.01108	0.00831	0.01246	0.01246	0.01385	0.00969	0.00969	0.01385	0.01246	0.01800	0.02077	0.03046	0.01938	0.05815	0.69678	0.01246	0.02077	0.00831	0.00415	0.00692
174	0.01445	0.00723	0.00723	0.00723	0.00903	0.00723	0.00542	0.01807	0.01626	0.02891	0.02529	0.02891	0.01987	0.00903	0.00542	0.00181	0.00361	0.00723	0.77055	0.00723
175	0.01624	0.01393	0.01615	0.01170	0.01846	0.01079	0.00934	0.02061	0.04875	0.02563	0.01468	0.01672	0.01210	0.00598	0.00585	0.00122	0.00576	0.00480	0.00476	0.73652
176	0.01892	0.01815	0.03099	0.08663	0.64220	0.01835	0.02366	0.02356	0.01753	0.02501	0.01454	0.01928	0.01217	0.00696	0.00768	0.00232	0.00928	0.00691	0.00381	0.01207
177	0.00945	0.00675	0.00900	0.01080	0.01125	0.00630	0.00720	0.01080	0.01484	0.01979	0.04274	0.72245	0.05128	0.02429	0.00990	0.00315	0.00450	0.02204	0.00720	0.00630
178	0.01758	0.01965	0.04185	0.05723	0.03851	0.01889	0.56380	0.02357	0.01774	0.02410	0.01699	0.06217	0.01398	0.00791	0.00977	0.00268	0.03971	0.00973	0.00408	0.01006
179	0.02947	0.02172	0.02327	0.01784	0.02404	0.02404	0.01474	0.65329	0.03646	0.04887	0.01862	0.01862	0.01319	0.00931	0.00776	0.00233	0.00853	0.00698	0.00776	0.01319
180	0.00945	0.00675	0.00900	0.01080	0.01125	0.00630	0.00720	0.01080	0.01484	0.01979	0.04274	0.72245	0.05128	0.02429	0.00990	0.00315	0.00450	0.02204	0.00720	0.00630
181	0.01858	0.01772	0.03017	0.10643	0.60300	0.01803	0.02326	0.02321	0.01747	0.02477	0.01529	0.02134	0.01306	0.00741	0.00777	0.00237	0.00925	0.02517	0.00390	0.01180
182	0.01097	0.00793	0.01036	0.00975	0.01158	0.00732	0.00732	0.01463	0.02195	0.03109	0.67505	0.05792	0.07316	0.01585	0.00914	0.00244	0.00366	0.01402	0.00854	0.00732
183	0.02789	0.03492	0.02302	0.02301	0.09589	0.62196	0.01595	0.03017	0.02150	0.01967	0.01227	0.01455	0.01024	0.00787	0.00707	0.00203	0.01346	0.00520	0.00398	0.00935
184	0.01696	0.01696	0.02375	0.02036	0.02036	0.02375	0.01696	0.01866	0.01187	0.01866	0.01018	0.01696	0.01018	0.01357	0.02545	0.00339	0.71332	0.00679	0.00339	0.00848
185	0.01445	0.00723	0.00723	0.00723	0.00903	0.00723	0.00542	0.01807	0.01626	0.02891	0.02529	0.02891	0.01987	0.00903	0.00542	0.00181	0.00361	0.00723	0.77055	0.00723
