[name]
unknown

[dist]
# distance from previous block
# <min> <max>
0	41

[block]
# block no. 0 follows, 22 sequences, length 11
# corresponding to MSA columns:
# 41-51
name=unknown_A
#
# <colnr> <probs for GDERKNQSTAVLIFYWHMCP>
#	G	D	E	R	K	N	Q	S	T	A	V	L	I	F	Y	W	H	M	C	P
0	0.01339	0.00956	0.01339	0.01530	0.01721	0.00956	0.01339	0.01721	0.01912	0.02486	0.04399	0.09371	0.04781	0.02295	0.01147	0.00382	0.00765	0.60031	0.00765	0.00765
1	0.01869	0.01784	0.02502	0.20820	0.05871	0.05375	0.04774	0.07648	0.01753	0.02392	0.01569	0.04760	0.01395	0.01581	0.07036	0.00392	0.26262	0.00813	0.00439	0.00966
2	0.25257	0.01751	0.04729	0.09814	0.18641	0.01805	0.04908	0.02522	0.04960	0.05925	0.04281	0.02186	0.01563	0.01207	0.05115	0.00332	0.02715	0.00713	0.00510	0.01064
3	0.01308	0.00938	0.01365	0.04039	0.04763	0.00897	0.03691	0.01543	0.01720	0.05507	0.08795	0.44592	0.06695	0.05755	0.01166	0.00335	0.00588	0.01868	0.03657	0.00778
4	0.01651	0.01253	0.01965	0.17961	0.05890	0.01337	0.07827	0.05801	0.01793	0.02565	0.05881	0.06883	0.02123	0.01416	0.01287	0.15013	0.00806	0.00916	0.16803	0.00830
5	0.08087	0.01775	0.02237	0.13260	0.13648	0.01911	0.01621	0.23630	0.02491	0.03638	0.01821	0.02120	0.01388	0.00868	0.00750	0.00235	0.00837	0.00702	0.10979	0.08002
6	0.01292	0.00964	0.01271	0.07385	0.01686	0.01031	0.00975	0.03684	0.01637	0.02235	0.06344	0.32240	0.04003	0.17934	0.01851	0.00431	0.05099	0.05220	0.04004	0.00716
7	0.02396	0.01774	0.01923	0.01579	0.02047	0.01922	0.01238	0.35145	0.10478	0.03985	0.02504	0.08916	0.02183	0.11114	0.01316	0.00332	0.00786	0.00974	0.04735	0.04652
8	0.01567	0.00990	0.01237	0.01192	0.01419	0.00956	0.00869	0.02059	0.09103	0.11189	0.24244	0.24555	0.07046	0.08151	0.01267	0.00336	0.00530	0.01586	0.00837	0.00868
9	0.02926	0.01337	0.01792	0.05540	0.02164	0.01246	0.01211	0.07874	0.02331	0.42568	0.08335	0.13326	0.02948	0.01310	0.00881	0.00270	0.00687	0.01111	0.00924	0.01219
10	0.02334	0.01895	0.02461	0.02713	0.21589	0.08082	0.04677	0.04757	0.07362	0.13587	0.02223	0.07493	0.01834	0.00963	0.00809	0.00235	0.00873	0.00847	0.00612	0.14653

[dist]
# distance from previous block
# <min> <max>
9	17

[block]
# block no. 1 follows, 22 sequences, length 98
# corresponding to MSA columns:
# 70-167
name=unknown_B
#
# <colnr> <probs for GDERKNQSTAVLIFYWHMCP>
#	G	D	E	R	K	N	Q	S	T	A	V	L	I	F	Y	W	H	M	C	P
0	0.09242	0.01734	0.01911	0.07829	0.02423	0.01946	0.01356	0.17209	0.28120	0.07147	0.03025	0.06351	0.05790	0.01164	0.00828	0.00273	0.00737	0.00946	0.00769	0.01199
1	0.36778	0.08301	0.08771	0.01764	0.08008	0.02020	0.01431	0.08845	0.05529	0.05700	0.04631	0.01914	0.01497	0.00863	0.00660	0.00250	0.00778	0.00618	0.00563	0.01078
2	0.39321	0.01773	0.01702	0.11296	0.02434	0.05778	0.01260	0.09234	0.05099	0.06091	0.04018	0.01918	0.01417	0.00867	0.00664	0.00251	0.00785	0.00615	0.00576	0.04902
3	0.01586	0.01511	0.02599	0.65906	0.05660	0.01857	0.04986	0.02146	0.01674	0.02146	0.01486	0.02216	0.01114	0.00825	0.00837	0.00277	0.01120	0.00749	0.00371	0.00932
4	0.01723	0.01477	0.01723	0.01230	0.01969	0.01107	0.00984	0.02092	0.01723	0.02707	0.01477	0.01723	0.01230	0.00615	0.00615	0.00123	0.00615	0.00492	0.00492	0.75883
5	0.02572	0.01903	0.02129	0.01677	0.02318	0.01806	0.01332	0.24614	0.05352	0.07690	0.05520	0.02813	0.02112	0.01092	0.00863	0.00250	0.00808	0.03079	0.00776	0.31292
6	0.03269	0.01386	0.01829	0.01450	0.02024	0.01255	0.01180	0.03801	0.08540	0.52739	0.10374	0.03241	0.02766	0.01115	0.00853	0.00260	0.00666	0.00922	0.00997	0.01332
7	0.01723	0.01477	0.01723	0.01230	0.01969	0.01107	0.00984	0.02092	0.01723	0.02707	0.01477	0.01723	0.01230	0.00615	0.00615	0.00123	0.00615	0.00492	0.00492	0.75883
8	0.01012	0.00723	0.00964	0.01157	0.01205	0.00675	0.00771	0.01157	0.01591	0.02121	0.04579	0.70262	0.05495	0.02603	0.01060	0.00337	0.00482	0.02362	0.00771	0.00675
9	0.76672	0.01607	0.01221	0.01092	0.01607	0.01864	0.00900	0.02442	0.01414	0.03727	0.01157	0.01350	0.00900	0.00771	0.00514	0.00257	0.00643	0.00450	0.00514	0.00900
10	0.18607	0.02001	0.02119	0.01657	0.02286	0.02167	0.01368	0.38954	0.03092	0.16628	0.02066	0.02020	0.01429	0.00956	0.00766	0.00252	0.00818	0.00703	0.00803	0.01306
11	0.01569	0.01477	0.02492	0.68808	0.05722	0.01846	0.02307	0.02123	0.01661	0.02123	0.01477	0.02215	0.01107	0.00831	0.00831	0.00277	0.01107	0.00738	0.00369	0.00923
12	0.01002	0.00840	0.00859	0.00856	0.01120	0.00710	0.00634	0.01214	0.01891	0.02279	0.11349	0.07789	0.59489	0.04932	0.01116	0.00301	0.00435	0.01717	0.00768	0.00698
13	0.01012	0.00723	0.00964	0.01157	0.01205	0.00675	0.00771	0.01157	0.01591	0.02121	0.04579	0.70262	0.05495	0.02603	0.01060	0.00337	0.00482	0.02362	0.00771	0.00675
14	0.02163	0.01913	0.01928	0.01722	0.02198	0.05264	0.01340	0.06835	0.58573	0.03480	0.03221	0.02975	0.02417	0.01108	0.00840	0.00277	0.00709	0.00912	0.00824	0.01302
15	0.03000	0.12391	0.02646	0.01996	0.02513	0.44865	0.01575	0.16262	0.02607	0.02725	0.01423	0.01585	0.01145	0.00868	0.00739	0.00217	0.01291	0.00570	0.00507	0.01075
16	0.01878	0.01589	0.01844	0.01366	0.02046	0.01367	0.01099	0.07815	0.05146	0.02944	0.01604	0.01824	0.01308	0.00720	0.00756	0.00155	0.04175	0.00551	0.00535	0.61278
17	0.02187	0.54245	0.12922	0.01788	0.05656	0.06879	0.01723	0.02561	0.01748	0.02094	0.01231	0.01439	0.01077	0.00732	0.00597	0.00195	0.00978	0.00489	0.00362	0.01096
18	0.02143	0.60470	0.03974	0.01461	0.02072	0.03073	0.01414	0.02408	0.01650	0.02023	0.01235	0.01479	0.01128	0.00799	0.00753	0.00197	0.07643	0.00491	0.04553	0.01034
19	0.01042	0.00844	0.00925	0.00905	0.01159	0.00727	0.00679	0.01309	0.02036	0.02583	0.26087	0.07438	0.47403	0.01978	0.00981	0.00275	0.00412	0.01675	0.00816	0.00727
20	0.01207	0.00809	0.00923	0.00923	0.00929	0.00814	0.00524	0.01219	0.01213	0.01623	0.02602	0.05352	0.02983	0.68289	0.06694	0.00826	0.00861	0.01196	0.00501	0.00513
21	0.02046	0.02115	0.03763	0.07524	0.41137	0.04697	0.21152	0.02595	0.01921	0.02641	0.01584	0.02098	0.01279	0.00737	0.00869	0.00257	0.01142	0.00806	0.00413	0.01222
22	0.01818	0.01818	0.02545	0.02181	0.02181	0.02545	0.01818	0.01999	0.01272	0.01999	0.01091	0.01818	0.01091	0.01454	0.02726	0.00364	0.69284	0.00727	0.00364	0.00909
23	0.03103	0.03959	0.02354	0.02140	0.02568	0.67469	0.01605	0.03317	0.02354	0.02033	0.01284	0.01498	0.01070	0.00856	0.00749	0.00214	0.01498	0.00535	0.00428	0.00963
24	0.01381	0.01005	0.01370	0.01539	0.01747	0.01021	0.01337	0.01879	0.05555	0.02544	0.04339	0.09004	0.04650	0.02227	0.01130	0.00377	0.00759	0.56570	0.00770	0.00797
25	0.01443	0.00722	0.01082	0.01082	0.01082	0.00722	0.00722	0.01082	0.01082	0.01443	0.01443	0.02525	0.01443	0.02886	0.03247	0.75830	0.00722	0.00722	0.00361	0.00361
26	0.02221	0.71304	0.04353	0.01421	0.02132	0.03287	0.01421	0.02488	0.01688	0.01955	0.01155	0.01333	0.01066	0.00711	0.00533	0.00178	0.00888	0.00444	0.00355	0.01066
27	0.01818	0.01818	0.02545	0.02181	0.02181	0.02545	0.01818	0.01999	0.01272	0.01999	0.01091	0.01818	0.01091	0.01454	0.02726	0.00364	0.69284	0.00727	0.00364	0.00909
28	0.01158	0.00848	0.01086	0.01026	0.01230	0.00776	0.00770	0.01533	0.02309	0.03231	0.59955	0.06370	0.13130	0.01736	0.00980	0.00263	0.00395	0.01525	0.00901	0.00776
29	0.01955	0.06155	0.07839	0.05906	0.10104	0.02137	0.48092	0.02619	0.01917	0.02605	0.01623	0.02146	0.01238	0.00714	0.00925	0.00270	0.01312	0.00899	0.00410	0.01134
30	0.01443	0.00722	0.01082	0.01082	0.01082	0.00722	0.00722	0.01082	0.01082	0.01443	0.01443	0.02525	0.01443	0.02886	0.03247	0.75830	0.00722	0.00722	0.00361	0.00361
31	0.02544	0.02022	0.02147	0.01787	0.02342	0.02289	0.01430	0.29988	0.37770	0.04246	0.02774	0.02616	0.02044	0.01070	0.00839	0.00268	0.00770	0.00856	0.00839	0.01358
32	0.01714	0.07538	0.57264	0.02374	0.06034	0.01959	0.02854	0.02592	0.01755	0.02603	0.01476	0.01743	0.01073	0.00774	0.00768	0.00251	0.01168	0.00604	0.00361	0.05094
33	0.01945	0.03705	0.51331	0.02403	0.03514	0.01867	0.10178	0.02801	0.01853	0.10106	0.01724	0.01940	0.01196	0.00806	0.00818	0.00264	0.01188	0.00685	0.00439	0.01236
34	0.02041	0.39627	0.27640	0.01779	0.02659	0.02580	0.02020	0.02576	0.01732	0.05321	0.01429	0.01645	0.01151	0.00985	0.03424	0.00262	0.01064	0.00546	0.00390	0.01131
35	0.01864	0.02009	0.08620	0.12747	0.40528	0.01847	0.04873	0.02472	0.04409	0.02622	0.02104	0.02769	0.04598	0.00918	0.00853	0.00264	0.00989	0.03871	0.00454	0.01189
36	0.01715	0.08051	0.60176	0.02432	0.06213	0.02009	0.02952	0.02619	0.01756	0.02596	0.01475	0.01743	0.01065	0.00783	0.00776	0.00257	0.01198	0.00610	0.00354	0.01222
37	0.02611	0.06684	0.05565	0.02383	0.11152	0.39208	0.01699	0.02895	0.02089	0.04828	0.01772	0.02125	0.04035	0.04267	0.01046	0.00261	0.05239	0.00672	0.00458	0.01013
38	0.03727	0.01414	0.01928	0.01478	0.02121	0.01221	0.01221	0.04049	0.02378	0.66198	0.03277	0.02828	0.02056	0.01028	0.00835	0.00257	0.00707	0.00835	0.01028	0.01414
39	0.01652	0.01595	0.02800	0.56677	0.11281	0.01882	0.07945	0.02213	0.01711	0.02229	0.01504	0.02202	0.01141	0.00810	0.00844	0.00274	0.01123	0.00761	0.00378	0.00979
40	0.01869	0.02040	0.04278	0.03396	0.10751	0.01925	0.48698	0.02496	0.01953	0.02673	0.05495	0.06530	0.01899	0.00876	0.00968	0.00279	0.01242	0.01067	0.00469	0.01096
41	0.02008	0.01925	0.03286	0.11330	0.59763	0.01961	0.02526	0.02508	0.01869	0.02656	0.01554	0.02072	0.01296	0.00749	0.00823	0.00250	0.00999	0.00740	0.00407	0.01277
42	0.03420	0.01382	0.01853	0.01450	0.02044	0.01223	0.01187	0.03846	0.05366	0.57575	0.08782	0.03141	0.02593	0.01093	0.00849	0.00259	0.00677	0.00900	0.01009	0.01353
43	0.05013	0.06345	0.37683	0.02373	0.05250	0.05101	0.10348	0.02771	0.04821	0.06313	0.01822	0.02297	0.01404	0.00882	0.00815	0.00265	0.01136	0.03731	0.00456	0.01174
44	0.01713	0.07140	0.60107	0.02483	0.07099	0.01992	0.02966	0.02620	0.01759	0.02606	0.01480	0.01753	0.01068	0.00783	0.00780	0.00258	0.01199	0.00614	0.00354	0.01226
45	0.03103	0.03959	0.02354	0.02140	0.02568	0.67469	0.01605	0.03317	0.02354	0.02033	0.01284	0.01498	0.01070	0.00856	0.00749	0.00214	0.01498	0.00535	0.00428	0.00963
46	0.03077	0.02264	0.02427	0.01870	0.02507	0.02503	0.01534	0.60294	0.03794	0.05085	0.02020	0.02137	0.01479	0.03894	0.00972	0.00272	0.00910	0.00767	0.00817	0.01375
47	0.02209	0.01814	0.04816	0.13863	0.06390	0.01916	0.01590	0.25704	0.04743	0.03616	0.02367	0.02615	0.05234	0.01031	0.00890	0.00253	0.04386	0.00809	0.14633	0.01121
48	0.01474	0.02265	0.25541	0.01592	0.02224	0.01368	0.01682	0.05045	0.06483	0.02911	0.20420	0.07310	0.15519	0.01403	0.00896	0.00270	0.00757	0.01181	0.00662	0.00997
49	0.01785	0.01807	0.03302	0.30521	0.12768	0.01971	0.20412	0.02328	0.01747	0.02382	0.01511	0.02137	0.01186	0.00830	0.01051	0.00274	0.07906	0.00798	0.00396	0.04887
50	0.01041	0.00860	0.00956	0.00965	0.01189	0.00775	0.00715	0.01261	0.01877	0.02345	0.14272	0.17324	0.46707	0.02110	0.01059	0.00290	0.02986	0.01781	0.00773	0.00715
51	0.01723	0.01477	0.01723	0.01230	0.01969	0.01107	0.00984	0.02092	0.01723	0.02707	0.01477	0.01723	0.01230	0.00615	0.00615	0.00123	0.00615	0.00492	0.00492	0.75883
52	0.01349	0.00964	0.01338	0.01314	0.01518	0.00908	0.04309	0.04473	0.01923	0.05845	0.13590	0.41052	0.10897	0.02139	0.01018	0.00311	0.00561	0.04906	0.00789	0.00797
53	0.06476	0.07012	0.27163	0.02235	0.07778	0.06491	0.05042	0.02955	0.07215	0.11642	0.01964	0.02260	0.01479	0.00887	0.00784	0.00253	0.01020	0.02703	0.00531	0.04108
54	0.01705	0.06663	0.60495	0.02401	0.03586	0.01990	0.06580	0.02627	0.01764	0.02608	0.01490	0.01767	0.01065	0.00781	0.00791	0.00261	0.01226	0.00630	0.00355	0.01215
55	0.01966	0.02227	0.04822	0.03584	0.07529	0.02094	0.59482	0.02655	0.01957	0.02664	0.01675	0.02231	0.01263	0.00702	0.00972	0.00278	0.01379	0.00968	0.00420	0.01131
56	0.42678	0.01482	0.01423	0.01217	0.01697	0.01600	0.00987	0.07997	0.01989	0.13469	0.15131	0.02666	0.02596	0.01028	0.00691	0.00257	0.00624	0.00760	0.00707	0.01002
57	0.02032	0.01930	0.03186	0.08082	0.56537	0.01976	0.02421	0.02703	0.07742	0.02755	0.01729	0.02163	0.01420	0.00781	0.00825	0.00252	0.00962	0.00759	0.00450	0.01295
58	0.01202	0.00831	0.01035	0.01035	0.01080	0.00876	0.00665	0.01291	0.01246	0.01707	0.02499	0.04781	0.02736	0.51333	0.23310	0.00965	0.01234	0.01112	0.00486	0.00575
59	0.02335	0.55618	0.07408	0.01487	0.02200	0.02899	0.01479	0.05140	0.01873	0.08230	0.03649	0.01695	0.01410	0.00792	0.00604	0.00196	0.00874	0.00540	0.00458	0.01113
60	0.01841	0.01525	0.01904	0.15833	0.06427	0.01707	0.01466	0.03184	0.32170	0.06166	0.03650	0.06803	0.11294	0.01249	0.00870	0.00280	0.00731	0.01066	0.00715	0.01119
61	0.02148	0.37813	0.24767	0.01897	0.02760	0.07896	0.04947	0.02665	0.01801	0.04468	0.01377	0.01582	0.01106	0.00759	0.00668	0.00217	0.01069	0.00548	0.00386	0.01126
62	0.03727	0.01414	0.01928	0.01478	0.02121	0.01221	0.01221	0.04049	0.02378	0.66198	0.03277	0.02828	0.02056	0.01028	0.00835	0.00257	0.00707	0.00835	0.01028	0.01414
63	0.06444	0.01472	0.01572	0.05209	0.01843	0.04947	0.01112	0.13942	0.02053	0.03131	0.02104	0.02699	0.01750	0.07486	0.03627	0.00331	0.09309	0.00772	0.29280	0.00917
64	0.06302	0.01960	0.03649	0.03560	0.23782	0.01978	0.28857	0.02466	0.01820	0.02680	0.01705	0.04547	0.01430	0.00866	0.01047	0.00274	0.07371	0.00888	0.03696	0.01121
65	0.01176	0.00882	0.01282	0.01282	0.01429	0.01005	0.00984	0.01451	0.01362	0.01930	0.02619	0.03669	0.05922	0.09593	0.59982	0.01242	0.02038	0.00960	0.00468	0.00726
66	0.01443	0.00722	0.01082	0.01082	0.01082	0.00722	0.00722	0.01082	0.01082	0.01443	0.01443	0.02525	0.01443	0.02886	0.03247	0.75830	0.00722	0.00722	0.00361	0.00361
67	0.02156	0.63429	0.11657	0.01533	0.02304	0.03128	0.01615	0.02504	0.01696	0.02034	0.01194	0.01382	0.01064	0.00720	0.00563	0.00188	0.00928	0.00464	0.00355	0.01085
68	0.14203	0.01905	0.02897	0.10812	0.34405	0.02013	0.07161	0.08191	0.05181	0.03083	0.01631	0.02022	0.01293	0.00796	0.00789	0.00257	0.00955	0.00724	0.00485	0.01198
69	0.01208	0.00805	0.00906	0.00906	0.00906	0.00805	0.00503	0.01208	0.01208	0.01611	0.02618	0.05436	0.03020	0.70804	0.04228	0.00805	0.00805	0.01208	0.00503	0.00503
70	0.01187	0.00890	0.01335	0.01335	0.01483	0.01038	0.01038	0.01483	0.01335	0.01928	0.02225	0.03264	0.02077	0.06231	0.67512	0.01335	0.02225	0.00890	0.00445	0.00742
71	0.01851	0.03670	0.50471	0.02591	0.10758	0.01909	0.02771	0.02838	0.06844	0.05977	0.01744	0.01954	0.01255	0.00823	0.00800	0.00262	0.01126	0.00667	0.00433	0.01255
72	0.01460	0.01188	0.01600	0.07670	0.02125	0.01249	0.03751	0.02254	0.14928	0.02767	0.14464	0.09958	0.09653	0.01751	0.01001	0.00316	0.00691	0.21517	0.00757	0.00901
73	0.01818	0.01818	0.02545	0.02181	0.02181	0.02545	0.01818	0.01999	0.01272	0.01999	0.01091	0.01818	0.01091	0.01454	0.02726	0.00364	0.69284	0.00727	0.00364	0.00909
74	0.01944	0.02173	0.04587	0.05838	0.07787	0.02111	0.53357	0.02596	0.01905	0.02605	0.01631	0.02204	0.01248	0.00752	0.01071	0.00283	0.05440	0.00943	0.00414	0.01112
75	0.06930	0.29918	0.03076	0.01802	0.02324	0.35575	0.01503	0.02880	0.01988	0.02098	0.01217	0.01441	0.01060	0.00824	0.00748	0.00210	0.04503	0.00504	0.00402	0.00997
76	0.02032	0.01950	0.03329	0.08185	0.62721	0.01968	0.02538	0.02529	0.01880	0.02685	0.01558	0.02064	0.01306	0.00745	0.00823	0.00248	0.00993	0.00740	0.00409	0.01297
77	0.01208	0.00805	0.00906	0.00906	0.00906	0.00805	0.00503	0.01208	0.01208	0.01611	0.02618	0.05436	0.03020	0.70804	0.04228	0.00805	0.00805	0.01208	0.00503	0.00503
78	0.01208	0.00805	0.00906	0.00906	0.00906	0.00805	0.00503	0.01208	0.01208	0.01611	0.02618	0.05436	0.03020	0.70804	0.04228	0.00805	0.00805	0.01208	0.00503	0.00503
79	0.02010	0.01927	0.03289	0.11100	0.59980	0.01962	0.02527	0.02509	0.01870	0.02658	0.01555	0.02071	0.01296	0.00749	0.00823	0.00250	0.00998	0.00740	0.00407	0.01279
80	0.02357	0.60920	0.04045	0.01532	0.02199	0.13184	0.01450	0.02616	0.01791	0.01967	0.01175	0.01358	0.01067	0.00733	0.00566	0.00183	0.00982	0.00458	0.00367	0.01050
81	0.01569	0.01477	0.02492	0.68808	0.05722	0.01846	0.02307	0.02123	0.01661	0.02123	0.01477	0.02215	0.01107	0.00831	0.00831	0.00277	0.01107	0.00738	0.00369	0.00923
82	0.02066	0.02222	0.05530	0.26506	0.23495	0.11963	0.05378	0.05382	0.01948	0.02486	0.01493	0.02010	0.01186	0.00833	0.00904	0.00260	0.04109	0.00715	0.00415	0.01097
83	0.01443	0.00722	0.01082	0.01082	0.01082	0.00722	0.00722	0.01082	0.01082	0.01443	0.01443	0.02525	0.01443	0.02886	0.03247	0.75830	0.00722	0.00722	0.00361	0.00361
84	0.01012	0.00723	0.00964	0.01157	0.01205	0.00675	0.00771	0.01157	0.01591	0.02121	0.04579	0.70262	0.05495	0.02603	0.01060	0.00337	0.00482	0.02362	0.00771	0.00675
85	0.01184	0.00803	0.00906	0.00917	0.00935	0.00792	0.00526	0.01204	0.01268	0.01676	0.03055	0.09309	0.06644	0.63040	0.03865	0.00749	0.00765	0.01305	0.00534	0.00524
86	0.01703	0.01315	0.01891	0.05109	0.02146	0.01370	0.08150	0.09459	0.07169	0.06518	0.03425	0.37656	0.03618	0.01824	0.01059	0.00309	0.03987	0.01633	0.00720	0.00938
87	0.01666	0.04297	0.66500	0.02368	0.03596	0.01929	0.03069	0.02631	0.01754	0.02631	0.01491	0.01754	0.01052	0.00789	0.00789	0.00263	0.01228	0.00614	0.00351	0.01228
88	0.01208	0.00805	0.00906	0.00906	0.00906	0.00805	0.00503	0.01208	0.01208	0.01611	0.02618	0.05436	0.03020	0.70804	0.04228	0.00805	0.00805	0.01208	0.00503	0.00503
89	0.01723	0.01477	0.01723	0.01230	0.01969	0.01107	0.00984	0.02092	0.01723	0.02707	0.01477	0.01723	0.01230	0.00615	0.00615	0.00123	0.00615	0.00492	0.00492	0.75883
90	0.01666	0.04297	0.66500	0.02368	0.03596	0.01929	0.03069	0.02631	0.01754	0.02631	0.01491	0.01754	0.01052	0.00789	0.00789	0.00263	0.01228	0.00614	0.00351	0.01228
91	0.01010	0.00730	0.00957	0.01138	0.01200	0.00676	0.00763	0.01159	0.01608	0.02128	0.04803	0.66616	0.08996	0.02573	0.01056	0.00334	0.00478	0.02326	0.00771	0.00676
92	0.01019	0.00732	0.00956	0.01131	0.01189	0.00681	0.00753	0.01161	0.01590	0.02106	0.04685	0.64576	0.08296	0.05380	0.01187	0.00354	0.00492	0.02285	0.00760	0.00669
93	0.01858	0.01548	0.01789	0.01327	0.02015	0.01300	0.01064	0.08375	0.04906	0.02961	0.01659	0.01896	0.01355	0.00971	0.04127	0.00207	0.00732	0.00560	0.00541	0.60809
94	0.06443	0.01952	0.02250	0.01746	0.02378	0.02031	0.04517	0.33604	0.08882	0.07820	0.02163	0.05112	0.01672	0.00985	0.00795	0.00236	0.00814	0.00793	0.00741	0.15066
95	0.36920	0.11339	0.05090	0.05340	0.02189	0.04962	0.01291	0.13088	0.02007	0.03495	0.03595	0.01772	0.01325	0.00850	0.00633	0.00242	0.00798	0.00579	0.03460	0.01024
96	0.02271	0.10041	0.04462	0.01595	0.02122	0.01757	0.04919	0.11018	0.13620	0.13893	0.02766	0.12756	0.02346	0.01190	0.00807	0.00252	0.00739	0.01007	0.07674	0.04764
97	0.12188	0.09657	0.11768	0.05195	0.21140	0.02101	0.01954	0.06165	0.05594	0.05482	0.01615	0.01902	0.01276	0.00850	0.00882	0.00250	0.06095	0.00655	0.00485	0.04746

[dist]
# distance from previous block
# <min> <max>
19	86

[block]
# block no. 2 follows, 22 sequences, length 35
# corresponding to MSA columns:
# 254-288
name=unknown_C
#
# <colnr> <probs for GDERKNQSTAVLIFYWHMCP>
#	G	D	E	R	K	N	Q	S	T	A	V	L	I	F	Y	W	H	M	C	P
0	0.01933	0.12372	0.14138	0.07585	0.03451	0.07898	0.25122	0.02571	0.04167	0.02422	0.01776	0.05856	0.01495	0.01138	0.04163	0.00312	0.01247	0.00856	0.00433	0.01065
1	0.02141	0.04540	0.05412	0.05524	0.05475	0.04428	0.01441	0.09305	0.23937	0.08870	0.06428	0.05553	0.07107	0.01155	0.00835	0.00259	0.00762	0.00956	0.00727	0.05146
2	0.06196	0.10665	0.02318	0.01695	0.04430	0.05133	0.01346	0.24465	0.08386	0.10795	0.05655	0.02376	0.01916	0.00973	0.00755	0.00234	0.00795	0.00748	0.07221	0.03900
3	0.06452	0.09239	0.02058	0.01487	0.01989	0.01910	0.01204	0.18212	0.16581	0.09204	0.05384	0.06609	0.07093	0.04944	0.00990	0.00283	0.00721	0.00956	0.00748	0.03936
4	0.01205	0.00819	0.00975	0.00975	0.00998	0.00843	0.00589	0.01252	0.01228	0.01662	0.02555	0.05089	0.02869	0.60480	0.14346	0.00890	0.01032	0.01157	0.00494	0.00541
5	0.01723	0.01477	0.01723	0.01230	0.01969	0.01107	0.00984	0.02092	0.01723	0.02707	0.01477	0.01723	0.01230	0.00615	0.00615	0.00123	0.00615	0.00492	0.00492	0.75883
6	0.76672	0.01607	0.01221	0.01092	0.01607	0.01864	0.00900	0.02442	0.01414	0.03727	0.01157	0.01350	0.00900	0.00771	0.00514	0.00257	0.00643	0.00450	0.00514	0.00900
7	0.01859	0.06067	0.09708	0.11710	0.10755	0.02069	0.33048	0.02470	0.01812	0.02482	0.01595	0.02156	0.01253	0.01067	0.04587	0.00330	0.04696	0.00842	0.00401	0.01092
8	0.01831	0.05590	0.02895	0.08594	0.02750	0.02470	0.08477	0.02110	0.01407	0.02081	0.01195	0.01875	0.01109	0.01272	0.02238	0.00336	0.51718	0.00740	0.00370	0.00942
9	0.03673	0.01501	0.01982	0.01519	0.02164	0.01350	0.01255	0.09666	0.02524	0.60374	0.03155	0.02748	0.01995	0.01025	0.00835	0.00256	0.00727	0.00827	0.01009	0.01414
10	0.02980	0.02068	0.02277	0.01771	0.02414	0.02213	0.01450	0.42633	0.11335	0.12970	0.02305	0.02228	0.01630	0.00988	0.00817	0.00245	0.00830	0.00764	0.00833	0.07248
11	0.01237	0.00853	0.00983	0.00966	0.00966	0.00887	0.00565	0.01245	0.01211	0.01629	0.02546	0.05267	0.02930	0.67564	0.04158	0.00785	0.04005	0.01186	0.00497	0.00522
12	0.01569	0.01477	0.02492	0.68808	0.05722	0.01846	0.02307	0.02123	0.01661	0.02123	0.01477	0.02215	0.01107	0.00831	0.00831	0.00277	0.01107	0.00738	0.00369	0.00923
13	0.00982	0.00842	0.00842	0.00842	0.01122	0.00701	0.00631	0.01192	0.01894	0.02244	0.08416	0.07995	0.65285	0.02104	0.00982	0.00281	0.00421	0.01753	0.00771	0.00701
14	0.01039	0.00734	0.00956	0.01122	0.01164	0.00693	0.00734	0.01164	0.01538	0.02051	0.04309	0.61346	0.05154	0.11983	0.01496	0.00402	0.00526	0.02203	0.00734	0.00651
15	0.01666	0.04297	0.66500	0.02368	0.03596	0.01929	0.03069	0.02631	0.01754	0.02631	0.01491	0.01754	0.01052	0.00789	0.00789	0.00263	0.01228	0.00614	0.00351	0.01228
16	0.01164	0.00849	0.01094	0.01033	0.01234	0.00779	0.00775	0.01545	0.02324	0.03265	0.61720	0.06315	0.11344	0.01723	0.00980	0.00262	0.00394	0.01518	0.00906	0.00779
17	0.76672	0.01607	0.01221	0.01092	0.01607	0.01864	0.00900	0.02442	0.01414	0.03727	0.01157	0.01350	0.00900	0.00771	0.00514	0.00257	0.00643	0.00450	0.00514	0.00900
18	0.01549	0.00774	0.00774	0.00774	0.00968	0.00774	0.00581	0.01936	0.01742	0.03097	0.02710	0.03097	0.02129	0.00968	0.00581	0.00194	0.00387	0.00774	0.75416	0.00774
19	0.76672	0.01607	0.01221	0.01092	0.01607	0.01864	0.00900	0.02442	0.01414	0.03727	0.01157	0.01350	0.00900	0.00771	0.00514	0.00257	0.00643	0.00450	0.00514	0.00900
20	0.02129	0.01099	0.01449	0.01214	0.01611	0.00965	0.00955	0.02494	0.02313	0.25739	0.38196	0.04656	0.05268	0.01376	0.00900	0.00249	0.00522	0.01187	0.00923	0.06755
21	0.76672	0.01607	0.01221	0.01092	0.01607	0.01864	0.00900	0.02442	0.01414	0.03727	0.01157	0.01350	0.00900	0.00771	0.00514	0.00257	0.00643	0.00450	0.00514	0.00900
22	0.03103	0.03959	0.02354	0.02140	0.02568	0.67469	0.01605	0.03317	0.02354	0.02033	0.01284	0.01498	0.01070	0.00856	0.00749	0.00214	0.01498	0.00535	0.00428	0.00963
23	0.03076	0.02248	0.02405	0.01853	0.02494	0.02484	0.01528	0.59742	0.03795	0.05126	0.02031	0.02051	0.01449	0.00996	0.00818	0.00246	0.00887	0.00749	0.04640	0.01380
24	0.01176	0.00849	0.01110	0.01045	0.01241	0.00784	0.00784	0.01568	0.02352	0.03331	0.65184	0.06206	0.07839	0.01698	0.00980	0.00261	0.00392	0.01502	0.00914	0.00784
25	0.01207	0.00810	0.00929	0.00929	0.00937	0.00818	0.00532	0.01223	0.01215	0.01628	0.02597	0.05321	0.02970	0.67375	0.07589	0.00834	0.00881	0.01191	0.00500	0.00516
26	0.01723	0.01477	0.01723	0.01230	0.01969	0.01107	0.00984	0.02092	0.01723	0.02707	0.01477	0.01723	0.01230	0.00615	0.00615	0.00123	0.00615	0.00492	0.00492	0.75883
27	0.00982	0.00842	0.00842	0.00842	0.01122	0.00701	0.00631	0.01192	0.01894	0.02244	0.08416	0.07995	0.65285	0.02104	0.00982	0.00281	0.00421	0.01753	0.00771	0.00701
28	0.01066	0.00819	0.00976	0.00992	0.01188	0.00728	0.00723	0.01334	0.02010	0.02651	0.30216	0.20935	0.29263	0.02052	0.00998	0.00285	0.00423	0.01787	0.00828	0.00728
29	0.02916	0.06964	0.02564	0.05488	0.07310	0.45106	0.01694	0.13283	0.02516	0.02628	0.01428	0.01649	0.01148	0.00863	0.00761	0.00224	0.01311	0.00591	0.00489	0.01069
30	0.02860	0.02454	0.04537	0.01883	0.02483	0.12016	0.01550	0.34182	0.18354	0.07641	0.02285	0.02231	0.01662	0.01003	0.00821	0.00253	0.00937	0.00764	0.00769	0.01315
31	0.01009	0.00850	0.00880	0.00894	0.01168	0.00721	0.00685	0.01233	0.01895	0.02263	0.08108	0.08100	0.60656	0.02119	0.00995	0.00288	0.00447	0.06212	0.00771	0.00706
32	0.01873	0.01787	0.03041	0.29053	0.43100	0.01926	0.02458	0.02389	0.01805	0.02492	0.01530	0.02116	0.01238	0.00774	0.00825	0.00258	0.01032	0.00739	0.00395	0.01168
33	0.30582	0.08160	0.17066	0.01863	0.02499	0.14223	0.01752	0.02738	0.01816	0.03012	0.01490	0.01843	0.01225	0.01002	0.00928	0.00295	0.07270	0.00608	0.00510	0.01116
34	0.02338	0.01946	0.02029	0.05488	0.02439	0.05746	0.01419	0.12453	0.45419	0.06871	0.02956	0.02790	0.02190	0.01072	0.00837	0.00272	0.00769	0.00873	0.00803	0.01292

[dist]
# distance from previous block
# <min> <max>
0	1

[block]
# block no. 3 follows, 22 sequences, length 166
# corresponding to MSA columns:
# 290-353,355-456
name=unknown_D
#
# <colnr> <probs for GDERKNQSTAVLIFYWHMCP>
#	G	D	E	R	K	N	Q	S	T	A	V	L	I	F	Y	W	H	M	C	P
0	0.07168	0.01683	0.02020	0.01588	0.02182	0.01696	0.01305	0.19525	0.06314	0.38130	0.02941	0.02700	0.04197	0.01068	0.00893	0.00261	0.03261	0.00828	0.00903	0.01335
1	0.01208	0.00805	0.00906	0.00906	0.00906	0.00805	0.00503	0.01208	0.01208	0.01611	0.02618	0.05436	0.03020	0.70804	0.04228	0.00805	0.00805	0.01208	0.00503	0.00503
2	0.01026	0.00741	0.00972	0.01131	0.01204	0.00686	0.00766	0.01197	0.01677	0.02240	0.10462	0.61250	0.08584	0.02494	0.01049	0.00327	0.00471	0.02252	0.00785	0.00686
3	0.01188	0.00886	0.01316	0.01316	0.01458	0.01028	0.01014	0.01471	0.01329	0.01914	0.02243	0.03361	0.02119	0.09125	0.64676	0.01311	0.02162	0.00904	0.00448	0.00731
4	0.01549	0.00774	0.00774	0.00774	0.00968	0.00774	0.00581	0.01936	0.01742	0.03097	0.02710	0.03097	0.02129	0.00968	0.00581	0.00194	0.00387	0.00774	0.75416	0.00774
5	0.01531	0.00776	0.00781	0.00781	0.00965	0.00776	0.00577	0.01897	0.01714	0.03018	0.02705	0.03221	0.02177	0.04671	0.00774	0.00226	0.00409	0.00797	0.71444	0.00760
6	0.02221	0.71304	0.04353	0.01421	0.02132	0.03287	0.01421	0.02488	0.01688	0.01955	0.01155	0.01333	0.01066	0.00711	0.00533	0.00178	0.00888	0.00444	0.00355	0.01066
7	0.01208	0.00805	0.00906	0.00906	0.00906	0.00805	0.00503	0.01208	0.01208	0.01611	0.02618	0.05436	0.03020	0.70804	0.04228	0.00805	0.00805	0.01208	0.00503	0.00503
8	0.03158	0.02327	0.02493	0.01911	0.02576	0.02576	0.01579	0.62852	0.03906	0.05236	0.01995	0.01995	0.01413	0.00997	0.00831	0.00249	0.00914	0.00748	0.00831	0.01413
9	0.02397	0.01836	0.02104	0.01661	0.04617	0.01738	0.01293	0.26712	0.02637	0.06334	0.01763	0.01890	0.01341	0.00791	0.00719	0.00184	0.00754	0.00619	0.00648	0.39962
10	0.01706	0.01438	0.02154	0.41339	0.04073	0.01765	0.01843	0.07025	0.01801	0.02521	0.01719	0.02350	0.01348	0.01179	0.03988	0.00317	0.08585	0.00751	0.13171	0.00928
11	0.03727	0.01414	0.01928	0.01478	0.02121	0.01221	0.01221	0.04049	0.02378	0.66198	0.03277	0.02828	0.02056	0.01028	0.00835	0.00257	0.00707	0.00835	0.01028	0.01414
12	0.01058	0.00845	0.00947	0.00921	0.01169	0.00734	0.00691	0.01339	0.02073	0.02670	0.30636	0.07295	0.42799	0.01945	0.00981	0.00273	0.00409	0.01655	0.00827	0.00734
13	0.01880	0.02445	0.13658	0.10606	0.08140	0.02040	0.43489	0.02591	0.01893	0.02601	0.01623	0.02155	0.01216	0.00730	0.00926	0.00275	0.01317	0.00885	0.00404	0.01127
14	0.01029	0.00742	0.00978	0.01154	0.01223	0.00691	0.00788	0.01194	0.01642	0.02181	0.06769	0.62964	0.08173	0.02538	0.01058	0.00334	0.00488	0.04595	0.00776	0.00683
15	0.01165	0.00848	0.01099	0.01063	0.01256	0.00782	0.00802	0.01534	0.02267	0.03168	0.55949	0.09521	0.10942	0.01795	0.00992	0.00272	0.00416	0.04465	0.00892	0.00773
16	0.02051	0.01989	0.03462	0.05005	0.62030	0.01981	0.06070	0.02556	0.01896	0.02711	0.01570	0.02067	0.01313	0.00738	0.00832	0.00249	0.01011	0.00754	0.00412	0.01304
17	0.02460	0.36130	0.14612	0.01891	0.06164	0.07517	0.01768	0.05700	0.01976	0.12290	0.01619	0.01726	0.01249	0.00800	0.00673	0.00215	0.00973	0.00574	0.00491	0.01172
18	0.01818	0.01818	0.02545	0.02181	0.02181	0.02545	0.01818	0.01999	0.01272	0.01999	0.01091	0.01818	0.01091	0.01454	0.02726	0.00364	0.69284	0.00727	0.00364	0.00909
19	0.01811	0.01581	0.02026	0.01453	0.02196	0.01261	0.06167	0.05055	0.01847	0.02825	0.01518	0.01779	0.01242	0.00641	0.00656	0.00142	0.00695	0.00545	0.00502	0.66055
20	0.06427	0.53666	0.08893	0.05639	0.02465	0.02968	0.01586	0.06030	0.01807	0.02313	0.01251	0.01460	0.01078	0.00745	0.00588	0.00199	0.00916	0.00494	0.00393	0.01081
21	0.01189	0.00882	0.01296	0.01296	0.01430	0.01017	0.00989	0.01458	0.01323	0.01899	0.02261	0.03463	0.02164	0.12168	0.61694	0.01286	0.02095	0.00919	0.00450	0.00720
22	0.02258	0.60979	0.03956	0.01446	0.02100	0.08852	0.01386	0.02528	0.01751	0.02032	0.01262	0.01456	0.01132	0.00739	0.00555	0.00182	0.00912	0.00473	0.04964	0.01039
23	0.13866	0.28574	0.05874	0.01580	0.02263	0.02259	0.06416	0.02464	0.01693	0.05691	0.01391	0.01618	0.01144	0.00752	0.00717	0.00203	0.04095	0.00541	0.00451	0.18408
24	0.03284	0.02125	0.02368	0.01816	0.02476	0.02277	0.01500	0.49860	0.03568	0.18704	0.02278	0.02179	0.01555	0.01004	0.00832	0.00251	0.00868	0.00767	0.00875	0.01413
25	0.01219	0.00933	0.01349	0.01290	0.01505	0.00874	0.04664	0.01581	0.02111	0.02904	0.38589	0.16609	0.09054	0.01902	0.01022	0.00297	0.00535	0.11953	0.00829	0.00780
26	0.01549	0.00774	0.00774	0.00774	0.00968	0.00774	0.00581	0.01936	0.01742	0.03097	0.02710	0.03097	0.02129	0.00968	0.00581	0.00194	0.00387	0.00774	0.75416	0.00774
27	0.01818	0.01818	0.02545	0.02181	0.02181	0.02545	0.01818	0.01999	0.01272	0.01999	0.01091	0.01818	0.01091	0.01454	0.02726	0.00364	0.69284	0.00727	0.00364	0.00909
28	0.03706	0.01600	0.02061	0.01636	0.02252	0.01405	0.01309	0.06892	0.02572	0.56713	0.07188	0.03306	0.02589	0.01232	0.00949	0.00304	0.00783	0.00945	0.01075	0.01484
29	0.01208	0.00805	0.00906	0.00906	0.00906	0.00805	0.00503	0.01208	0.01208	0.01611	0.02618	0.05436	0.03020	0.70804	0.04228	0.00805	0.00805	0.01208	0.00503	0.00503
30	0.01166	0.00842	0.01102	0.01052	0.01239	0.00777	0.00783	0.01543	0.02307	0.03260	0.61614	0.09979	0.07700	0.01752	0.00985	0.00266	0.00397	0.01553	0.00906	0.00777
31	0.01811	0.01840	0.02860	0.09216	0.02840	0.02412	0.10150	0.02102	0.01406	0.02102	0.01211	0.01916	0.01115	0.01287	0.02293	0.00343	0.53020	0.00763	0.00372	0.00939
32	0.02221	0.71304	0.04353	0.01421	0.02132	0.03287	0.01421	0.02488	0.01688	0.01955	0.01155	0.01333	0.01066	0.00711	0.00533	0.00178	0.00888	0.00444	0.00355	0.01066
33	0.01032	0.00844	0.00911	0.00894	0.01153	0.00723	0.00671	0.01290	0.02013	0.02527	0.23162	0.07530	0.50362	0.01999	0.00981	0.00276	0.00413	0.01688	0.00809	0.00723
34	0.01551	0.00842	0.00941	0.07375	0.01429	0.00878	0.00748	0.01954	0.01734	0.03003	0.02590	0.03012	0.02030	0.00955	0.00605	0.00202	0.00457	0.00771	0.68135	0.00789
35	0.01925	0.30548	0.34695	0.02219	0.06713	0.02479	0.05774	0.02571	0.01748	0.02370	0.01373	0.01633	0.01085	0.00750	0.00701	0.00229	0.01089	0.00575	0.00360	0.01163
36	0.06097	0.07443	0.53391	0.02293	0.05594	0.01958	0.02731	0.02693	0.01773	0.06386	0.01561	0.01783	0.01113	0.00796	0.00764	0.00257	0.01137	0.00613	0.00402	0.01215
37	0.09425	0.05908	0.10957	0.01695	0.04597	0.01636	0.01477	0.02852	0.17801	0.08635	0.11289	0.06548	0.03135	0.01293	0.00852	0.00280	0.00739	0.09091	0.00707	0.01081
38	0.09766	0.04413	0.02014	0.01488	0.02104	0.01551	0.01235	0.12871	0.02502	0.45545	0.05882	0.02676	0.02103	0.01021	0.00802	0.00253	0.00725	0.00805	0.00920	0.01324
39	0.02648	0.01902	0.02099	0.01670	0.02249	0.02019	0.01365	0.37624	0.09189	0.08031	0.05904	0.02803	0.02117	0.01078	0.00823	0.00245	0.00783	0.03931	0.04152	0.09368
40	0.01188	0.00797	0.00912	0.00932	0.00937	0.00792	0.00531	0.01203	0.01248	0.01664	0.02823	0.12214	0.03279	0.63674	0.03897	0.00756	0.00772	0.01329	0.00531	0.00521
41	0.01681	0.01432	0.01678	0.01226	0.01924	0.01082	0.00972	0.02037	0.01715	0.02672	0.01659	0.05760	0.01482	0.00732	0.00641	0.00136	0.00607	0.00602	0.00509	0.71452
42	0.01198	0.00801	0.00909	0.00919	0.00922	0.00798	0.00518	0.01205	0.01228	0.01638	0.02721	0.08870	0.03151	0.67192	0.04061	0.00781	0.00788	0.01269	0.00518	0.00512
43	0.01723	0.01477	0.01723	0.01230	0.01969	0.01107	0.00984	0.02092	0.01723	0.02707	0.01477	0.01723	0.01230	0.00615	0.00615	0.00123	0.00615	0.00492	0.00492	0.75883
44	0.01834	0.01502	0.01778	0.01320	0.01982	0.01241	0.01057	0.05128	0.01823	0.04879	0.01678	0.04791	0.01447	0.00780	0.00765	0.00156	0.04268	0.00611	0.00532	0.62429
45	0.01825	0.02262	0.11095	0.06923	0.07719	0.01964	0.40477	0.02460	0.01849	0.02550	0.01851	0.07817	0.01576	0.00918	0.01040	0.00285	0.04858	0.01013	0.00435	0.01085
46	0.03158	0.02327	0.02493	0.01911	0.02576	0.02576	0.01579	0.62852	0.03906	0.05236	0.01995	0.01995	0.01413	0.00997	0.00831	0.00249	0.00914	0.00748	0.00831	0.01413
47	0.01012	0.00723	0.00964	0.01157	0.01205	0.00675	0.00771	0.01157	0.01591	0.02121	0.04579	0.70262	0.05495	0.02603	0.01060	0.00337	0.00482	0.02362	0.00771	0.00675
48	0.02221	0.71304	0.04353	0.01421	0.02132	0.03287	0.01421	0.02488	0.01688	0.01955	0.01155	0.01333	0.01066	0.00711	0.00533	0.00178	0.00888	0.00444	0.00355	0.01066
49	0.01189	0.00887	0.01110	0.01047	0.01265	0.00827	0.00787	0.01640	0.04832	0.03207	0.55839	0.06293	0.14510	0.01724	0.00975	0.00264	0.00406	0.01509	0.00894	0.00796
50	0.01001	0.00842	0.00868	0.00861	0.01134	0.00709	0.00646	0.01228	0.01938	0.02349	0.13898	0.07822	0.59737	0.02065	0.00982	0.00279	0.00418	0.01729	0.00785	0.00709
51	0.01011	0.00729	0.00957	0.01140	0.01201	0.00676	0.00764	0.01159	0.01607	0.02127	0.04782	0.66961	0.08665	0.02576	0.01056	0.00334	0.00479	0.02329	0.00771	0.00676
52	0.02765	0.01317	0.01699	0.01486	0.01901	0.01151	0.01129	0.02965	0.02294	0.36572	0.14490	0.20722	0.04133	0.01705	0.01022	0.00325	0.00681	0.01409	0.01007	0.01228
53	0.01176	0.00849	0.01110	0.01045	0.01241	0.00784	0.00784	0.01568	0.02352	0.03331	0.65184	0.06206	0.07839	0.01698	0.00980	0.00261	0.00392	0.01502	0.00914	0.00784
54	0.01208	0.00805	0.00906	0.00906	0.00906	0.00805	0.00503	0.01208	0.01208	0.01611	0.02618	0.05436	0.03020	0.70804	0.04228	0.00805	0.00805	0.01208	0.00503	0.00503
55	0.01185	0.00855	0.01123	0.01073	0.01268	0.00794	0.00815	0.01576	0.02327	0.03283	0.61726	0.06386	0.07665	0.01732	0.00989	0.00268	0.00413	0.04832	0.00906	0.00783
56	0.01049	0.00744	0.00981	0.01157	0.01209	0.00703	0.00781	0.01195	0.01576	0.02097	0.04395	0.60962	0.05234	0.08595	0.01345	0.00381	0.00527	0.05657	0.00747	0.00665
57	0.03073	0.02245	0.02402	0.01851	0.02491	0.02481	0.01526	0.59626	0.03791	0.05122	0.02032	0.02053	0.01451	0.00996	0.00818	0.00246	0.00886	0.00749	0.04782	0.01379
58	0.03247	0.02184	0.02405	0.01844	0.02505	0.02364	0.01523	0.53655	0.03667	0.14770	0.02195	0.02125	0.01513	0.01002	0.00832	0.00251	0.00882	0.00762	0.00862	0.01413
59	0.00993	0.00842	0.00857	0.00853	0.01129	0.00706	0.00640	0.01214	0.01920	0.02306	0.11645	0.07893	0.62017	0.02081	0.00982	0.00279	0.00419	0.01739	0.00780	0.00706
60	0.01825	0.01840	0.02669	0.02251	0.02295	0.02521	0.05037	0.02034	0.01309	0.02034	0.01122	0.01840	0.01100	0.01414	0.02634	0.00359	0.65688	0.00740	0.00367	0.00920
61	0.01723	0.01477	0.01723	0.01230	0.01969	0.01107	0.00984	0.02092	0.01723	0.02707	0.01477	0.01723	0.01230	0.00615	0.00615	0.00123	0.00615	0.00492	0.00492	0.75883
62	0.02111	0.11865	0.35867	0.02131	0.03050	0.01981	0.07681	0.02787	0.01871	0.13628	0.04284	0.02111	0.01519	0.00884	0.00892	0.00258	0.04681	0.00705	0.00499	0.01196
63	0.01569	0.01477	0.02492	0.68808	0.05722	0.01846	0.02307	0.02123	0.01661	0.02123	0.01477	0.02215	0.01107	0.00831	0.00831	0.00277	0.01107	0.00738	0.00369	0.00923
64	0.01320	0.00896	0.01168	0.01242	0.01448	0.00839	0.00992	0.01622	0.01951	0.06257	0.16091	0.20521	0.15957	0.02141	0.01052	0.00326	0.00576	0.24014	0.00810	0.00777
65	0.01949	0.02205	0.04700	0.03388	0.04157	0.02139	0.57399	0.02604	0.01902	0.02604	0.01630	0.02205	0.01246	0.00765	0.01130	0.00287	0.07215	0.00959	0.00415	0.01102
66	0.58386	0.08125	0.01711	0.04901	0.04531	0.01963	0.01110	0.02528	0.01529	0.07096	0.01314	0.01509	0.01011	0.00782	0.00564	0.00250	0.00708	0.00499	0.00517	0.00964
67	0.01161	0.00849	0.01090	0.01030	0.01232	0.00778	0.00773	0.01540	0.02318	0.03251	0.60964	0.06339	0.12109	0.01728	0.00980	0.00263	0.00394	0.01521	0.00904	0.00778
68	0.01167	0.00842	0.01103	0.01051	0.01239	0.00778	0.00783	0.01546	0.02311	0.03267	0.61971	0.09602	0.07714	0.01746	0.00984	0.00265	0.00397	0.01548	0.00907	0.00778
69	0.05331	0.06925	0.02489	0.06115	0.06549	0.44681	0.01657	0.09394	0.04784	0.02524	0.01457	0.01675	0.01174	0.00862	0.00751	0.00226	0.01289	0.00590	0.00481	0.01046
70	0.06110	0.01598	0.02496	0.50994	0.04852	0.01957	0.04585	0.05465	0.04228	0.02448	0.01541	0.02159	0.01173	0.00889	0.00960	0.00281	0.06132	0.00739	0.00423	0.00970
71	0.01012	0.00723	0.00964	0.01157	0.01205	0.00675	0.00771	0.01157	0.01591	0.02121	0.04579	0.70262	0.05495	0.02603	0.01060	0.00337	0.00482	0.02362	0.00771	0.00675
72	0.03180	0.02016	0.02267	0.01768	0.02404	0.02150	0.01451	0.39999	0.10734	0.21432	0.02507	0.02352	0.01721	0.01021	0.00834	0.00255	0.00828	0.00794	0.00886	0.01401
73	0.10891	0.02061	0.05380	0.02007	0.02628	0.02107	0.11194	0.20889	0.14829	0.12197	0.02225	0.02272	0.01607	0.00971	0.00929	0.00270	0.04786	0.00794	0.00712	0.01253
74	0.01183	0.00855	0.01184	0.01196	0.01294	0.00947	0.00862	0.01382	0.01312	0.01844	0.02481	0.07844	0.02561	0.25425	0.44598	0.01117	0.01696	0.01072	0.00482	0.00666
75	0.01012	0.00723	0.00964	0.01157	0.01205	0.00675	0.00771	0.01157	0.01591	0.02121	0.04579	0.70262	0.05495	0.02603	0.01060	0.00337	0.00482	0.02362	0.00771	0.00675
76	0.02056	0.01974	0.03372	0.05099	0.65622	0.01974	0.02550	0.02550	0.01892	0.02714	0.01563	0.02056	0.01316	0.00740	0.00822	0.00247	0.00987	0.00740	0.00411	0.01316
77	0.01771	0.04493	0.02309	0.01739	0.02149	0.01820	0.04927	0.02062	0.01529	0.02336	0.01374	0.01952	0.01254	0.04308	0.01656	0.00264	0.28361	0.00648	0.00431	0.34616
78	0.76672	0.01607	0.01221	0.01092	0.01607	0.01864	0.00900	0.02442	0.01414	0.03727	0.01157	0.01350	0.00900	0.00771	0.00514	0.00257	0.00643	0.00450	0.00514	0.00900
79	0.76672	0.01607	0.01221	0.01092	0.01607	0.01864	0.00900	0.02442	0.01414	0.03727	0.01157	0.01350	0.00900	0.00771	0.00514	0.00257	0.00643	0.00450	0.00514	0.00900
80	0.01149	0.00901	0.01055	0.01056	0.01301	0.00825	0.00825	0.01535	0.04551	0.02704	0.26932	0.07410	0.33398	0.01957	0.01002	0.00290	0.00476	0.11046	0.00822	0.00764
81	0.01167	0.00801	0.00933	0.00951	0.00995	0.00780	0.00577	0.01241	0.01423	0.01904	0.10166	0.14246	0.07187	0.50416	0.03274	0.00655	0.00696	0.01423	0.00599	0.00568
82	0.01012	0.00723	0.00964	0.01157	0.01205	0.00675	0.00771	0.01157	0.01591	0.02121	0.04579	0.70262	0.05495	0.02603	0.01060	0.00337	0.00482	0.02362	0.00771	0.00675
83	0.01208	0.00805	0.00906	0.00906	0.00906	0.00805	0.00503	0.01208	0.01208	0.01611	0.02618	0.05436	0.03020	0.70804	0.04228	0.00805	0.00805	0.01208	0.00503	0.00503
84	0.01569	0.01477	0.02492	0.68808	0.05722	0.01846	0.02307	0.02123	0.01661	0.02123	0.01477	0.02215	0.01107	0.00831	0.00831	0.00277	0.01107	0.00738	0.00369	0.00923
85	0.02221	0.71304	0.04353	0.01421	0.02132	0.03287	0.01421	0.02488	0.01688	0.01955	0.01155	0.01333	0.01066	0.00711	0.00533	0.00178	0.00888	0.00444	0.00355	0.01066
86	0.01215	0.00931	0.01389	0.01373	0.01514	0.01105	0.01073	0.01506	0.01332	0.01932	0.02175	0.03199	0.02033	0.06019	0.64637	0.01292	0.05201	0.00883	0.00441	0.00749
87	0.76672	0.01607	0.01221	0.01092	0.01607	0.01864	0.00900	0.02442	0.01414	0.03727	0.01157	0.01350	0.00900	0.00771	0.00514	0.00257	0.00643	0.00450	0.00514	0.00900
88	0.01569	0.01477	0.02492	0.68808	0.05722	0.01846	0.02307	0.02123	0.01661	0.02123	0.01477	0.02215	0.01107	0.00831	0.00831	0.00277	0.01107	0.00738	0.00369	0.00923
89	0.01187	0.00890	0.01335	0.01335	0.01483	0.01038	0.01038	0.01483	0.01335	0.01928	0.02225	0.03264	0.02077	0.06231	0.67512	0.01335	0.02225	0.00890	0.00445	0.00742
90	0.02221	0.71304	0.04353	0.01421	0.02132	0.03287	0.01421	0.02488	0.01688	0.01955	0.01155	0.01333	0.01066	0.00711	0.00533	0.00178	0.00888	0.00444	0.00355	0.01066
91	0.01121	0.00775	0.00961	0.01066	0.01101	0.00751	0.00685	0.01215	0.01437	0.01912	0.03680	0.37200	0.04331	0.33439	0.02499	0.00552	0.00646	0.05376	0.00650	0.00603
92	0.03114	0.02305	0.02468	0.01903	0.02560	0.02556	0.01568	0.60506	0.06323	0.05165	0.02050	0.02039	0.01458	0.01002	0.00832	0.00251	0.00904	0.00756	0.00832	0.01409
93	0.01961	0.02241	0.04902	0.03501	0.04342	0.02101	0.62605	0.02661	0.01961	0.02661	0.01681	0.02241	0.01261	0.00700	0.00980	0.00280	0.01401	0.00980	0.00420	0.01120
94	0.01012	0.00723	0.00964	0.01157	0.01205	0.00675	0.00771	0.01157	0.01591	0.02121	0.04579	0.70262	0.05495	0.02603	0.01060	0.00337	0.00482	0.02362	0.00771	0.00675
