[name]
unknown

[dist]
# distance from previous block
# <min> <max>
8	17

[block]
# block no. 0 follows, 25 sequences, length 13
# corresponding to MSA columns:
# 17-29
name=unknown_A
#
# <colnr> <probs for GDERKNQSTAVLIFYWHMCP>
#	G	D	E	R	K	N	Q	S	T	A	V	L	I	F	Y	W	H	M	C	P
0	0.48915	0.05908	0.05287	0.11751	0.02292	0.01840	0.01234	0.05647	0.03709	0.05355	0.01318	0.01534	0.00998	0.00756	0.00575	0.00239	0.00725	0.00511	0.00484	0.00923
1	0.01953	0.01236	0.01715	0.01331	0.01844	0.01039	0.06048	0.02305	0.01926	0.19926	0.18552	0.06685	0.03107	0.01033	0.00762	0.00202	0.00596	0.00908	0.00698	0.28133
2	0.01308	0.00678	0.00994	0.01006	0.01009	0.00675	0.00666	0.01021	0.01049	0.01398	0.01604	0.07234	0.01682	0.06434	0.02941	0.68105	0.00662	0.00801	0.00370	0.00364
3	0.02244	0.01714	0.01858	0.01585	0.02052	0.01912	0.01252	0.23893	0.35939	0.07056	0.02839	0.09555	0.02279	0.01147	0.00804	0.00257	0.00678	0.00947	0.00786	0.01202
4	0.78228	0.01499	0.01140	0.01020	0.01499	0.01739	0.00840	0.02279	0.01320	0.03479	0.01080	0.01260	0.00840	0.00720	0.00480	0.00240	0.00600	0.00420	0.00480	0.00840
5	0.01660	0.00929	0.00952	0.00874	0.01118	0.00963	0.00675	0.10871	0.01914	0.03176	0.02434	0.02744	0.01892	0.00907	0.00575	0.00188	0.00432	0.00719	0.66170	0.00808
6	0.02705	0.01141	0.01544	0.01260	0.01714	0.01000	0.01008	0.03005	0.02147	0.47491	0.17939	0.09628	0.03445	0.01235	0.00830	0.00248	0.00573	0.01051	0.00914	0.01123
7	0.01105	0.00782	0.00989	0.00943	0.01080	0.00737	0.00666	0.01379	0.01927	0.02707	0.51207	0.05612	0.06189	0.19412	0.01674	0.00371	0.00462	0.01333	0.00757	0.00666
8	0.01013	0.00730	0.00973	0.01144	0.01230	0.00691	0.00834	0.01201	0.01567	0.02063	0.04419	0.54461	0.08184	0.02340	0.01004	0.00322	0.00507	0.15947	0.00718	0.00650
9	0.01128	0.00752	0.00846	0.00846	0.00846	0.00752	0.00470	0.01128	0.01128	0.01503	0.02443	0.05074	0.02819	0.72751	0.03946	0.00752	0.00752	0.01128	0.00470	0.00470
10	0.00960	0.00687	0.00914	0.01069	0.01128	0.00640	0.00721	0.01118	0.01556	0.02094	0.10669	0.65524	0.05349	0.02344	0.00982	0.00308	0.00441	0.02123	0.00733	0.00640
11	0.11042	0.01936	0.07088	0.12169	0.10003	0.03877	0.30763	0.02335	0.01705	0.02557	0.01536	0.01993	0.01177	0.00714	0.00777	0.00245	0.01053	0.00750	0.07294	0.00986
12	0.02720	0.01952	0.02084	0.01623	0.02177	0.02150	0.01333	0.55711	0.03340	0.04584	0.01963	0.02017	0.01420	0.00927	0.00740	0.00225	0.00779	0.00702	0.12324	0.01228

[dist]
# distance from previous block
# <min> <max>
0	1

[block]
# block no. 1 follows, 25 sequences, length 13
# corresponding to MSA columns:
# 31-43
name=unknown_B
#
# <colnr> <probs for GDERKNQSTAVLIFYWHMCP>
#	G	D	E	R	K	N	Q	S	T	A	V	L	I	F	Y	W	H	M	C	P
0	0.05459	0.01471	0.01431	0.01232	0.01565	0.06275	0.00952	0.23800	0.02282	0.03318	0.02190	0.06137	0.01860	0.07959	0.01045	0.02169	0.00667	0.00799	0.28480	0.00908
1	0.01628	0.01328	0.01657	0.09755	0.02228	0.01096	0.01067	0.01977	0.01619	0.05328	0.01648	0.06484	0.01437	0.00741	0.00636	0.00152	0.00626	0.00620	0.00485	0.59488
2	0.21661	0.11625	0.17942	0.05211	0.09813	0.07025	0.01728	0.05856	0.03172	0.07224	0.01440	0.01631	0.01091	0.00757	0.00648	0.00229	0.00893	0.00554	0.00457	0.01048
3	0.01433	0.01409	0.09640	0.01306	0.01653	0.01155	0.01155	0.06261	0.02064	0.05155	0.38617	0.07872	0.06369	0.01399	0.01017	0.00250	0.07070	0.01167	0.00711	0.04296
4	0.02469	0.40021	0.03185	0.01629	0.02184	0.29497	0.01406	0.07544	0.01984	0.02092	0.01187	0.01353	0.01022	0.00738	0.00599	0.00185	0.01057	0.00470	0.00393	0.00982
5	0.00973	0.00691	0.00914	0.01082	0.01131	0.00652	0.00730	0.01110	0.01476	0.01965	0.04141	0.64423	0.04938	0.07167	0.01194	0.00347	0.00484	0.05258	0.00703	0.00623
6	0.01141	0.00876	0.01085	0.01149	0.01315	0.00835	0.00805	0.01553	0.09518	0.02197	0.03810	0.55745	0.04340	0.02051	0.00918	0.00286	0.00484	0.01844	0.00699	0.09351
7	0.02977	0.01881	0.02141	0.01666	0.02245	0.02017	0.01371	0.41489	0.07653	0.22383	0.02257	0.02146	0.01550	0.00963	0.00842	0.00241	0.03339	0.00733	0.00812	0.01295
8	0.00976	0.00699	0.00898	0.01029	0.01091	0.00653	0.00685	0.01117	0.01513	0.02018	0.09181	0.55823	0.08328	0.10525	0.01324	0.00357	0.00475	0.01986	0.00701	0.00620
9	0.01112	0.00815	0.01166	0.01166	0.01277	0.00926	0.00869	0.01333	0.01222	0.01741	0.02150	0.03452	0.02114	0.19199	0.56535	0.01147	0.01812	0.00890	0.00426	0.00648
10	0.01863	0.01785	0.03046	0.12915	0.60197	0.01828	0.02352	0.02330	0.01739	0.02465	0.01449	0.01937	0.01204	0.00701	0.00769	0.00234	0.00935	0.00691	0.00379	0.01183
11	0.05386	0.61445	0.06837	0.01407	0.02065	0.08151	0.01392	0.02387	0.01616	0.01931	0.01102	0.01275	0.00988	0.00680	0.00524	0.00175	0.00879	0.00429	0.00343	0.00988
12	0.01744	0.02125	0.12067	0.04357	0.07787	0.03322	0.27612	0.02295	0.01715	0.02451	0.01449	0.01842	0.01133	0.00670	0.00813	0.00213	0.02980	0.00691	0.00401	0.24334

[dist]
# distance from previous block
# <min> <max>
0	1

[block]
# block no. 2 follows, 25 sequences, length 15
# corresponding to MSA columns:
# 45-59
name=unknown_C
#
# <colnr> <probs for GDERKNQSTAVLIFYWHMCP>
#	G	D	E	R	K	N	Q	S	T	A	V	L	I	F	Y	W	H	M	C	P
0	0.04607	0.02311	0.10979	0.07179	0.08716	0.06657	0.39752	0.02448	0.01763	0.02419	0.01459	0.01929	0.01118	0.00719	0.00922	0.00256	0.04561	0.00788	0.00383	0.01033
1	0.47855	0.01882	0.05801	0.02009	0.16425	0.06751	0.01366	0.02437	0.01541	0.05898	0.01277	0.01499	0.00993	0.00731	0.00588	0.00235	0.00766	0.00511	0.00464	0.00970
2	0.01869	0.01791	0.03057	0.12023	0.61041	0.01829	0.02355	0.02336	0.01742	0.02472	0.01450	0.01935	0.01207	0.00700	0.00768	0.00233	0.00933	0.00691	0.00379	0.01188
3	0.01126	0.00758	0.00875	0.00875	0.00885	0.00768	0.00507	0.01147	0.01136	0.01525	0.02416	0.04924	0.02754	0.67811	0.08798	0.00788	0.00850	0.01106	0.00466	0.00486
4	0.05092	0.01504	0.01525	0.01303	0.01716	0.05774	0.01042	0.21853	0.02396	0.10300	0.04256	0.04533	0.25393	0.04086	0.00951	0.00271	0.00678	0.05646	0.00724	0.00957
5	0.01042	0.00773	0.00964	0.00973	0.01139	0.00706	0.00716	0.01317	0.01919	0.02601	0.38559	0.18385	0.18573	0.04600	0.01054	0.00285	0.00418	0.04506	0.00781	0.00687
6	0.01128	0.00752	0.00846	0.00846	0.00846	0.00752	0.00470	0.01128	0.01128	0.01503	0.02443	0.05074	0.02819	0.72751	0.03946	0.00752	0.00752	0.01128	0.00470	0.00470
7	0.01919	0.01842	0.03147	0.04759	0.67914	0.01842	0.02380	0.02380	0.01765	0.02533	0.01458	0.01919	0.01228	0.00691	0.00768	0.00230	0.00921	0.00691	0.00384	0.01228
8	0.01410	0.00904	0.01164	0.01056	0.01301	0.00849	0.00807	0.01879	0.06108	0.10295	0.56513	0.05269	0.06422	0.01484	0.00892	0.00245	0.00413	0.01302	0.00861	0.00826
9	0.00947	0.00774	0.00836	0.00847	0.01073	0.00663	0.00625	0.01161	0.01800	0.02234	0.16380	0.14491	0.51557	0.01959	0.00924	0.00265	0.00395	0.01665	0.00740	0.00663
10	0.01919	0.01842	0.03147	0.04759	0.67914	0.01842	0.02380	0.02380	0.01765	0.02533	0.01458	0.01919	0.01228	0.00691	0.00768	0.00230	0.00921	0.00691	0.00384	0.01228
11	0.00945	0.00675	0.00900	0.01080	0.01125	0.00630	0.00720	0.01080	0.01484	0.01979	0.04274	0.72245	0.05128	0.02429	0.00990	0.00315	0.00450	0.02204	0.00720	0.00630
12	0.01929	0.01666	0.01753	0.01578	0.02016	0.01929	0.01227	0.04120	0.66513	0.03243	0.03156	0.02893	0.02367	0.01052	0.00789	0.00263	0.00614	0.00877	0.00789	0.01227
13	0.00945	0.00675	0.00900	0.01080	0.01125	0.00630	0.00720	0.01080	0.01484	0.01979	0.04274	0.72245	0.05128	0.02429	0.00990	0.00315	0.00450	0.02204	0.00720	0.00630
14	0.02065	0.01642	0.01799	0.06572	0.02190	0.01807	0.01245	0.27659	0.21631	0.03538	0.03602	0.03483	0.17014	0.01195	0.00812	0.00250	0.00689	0.00968	0.00735	0.01104

[dist]
# distance from previous block
# <min> <max>
0	9

[block]
# block no. 3 follows, 25 sequences, length 117
# corresponding to MSA columns:
# 69-185
name=unknown_D
#
# <colnr> <probs for GDERKNQSTAVLIFYWHMCP>
#	G	D	E	R	K	N	Q	S	T	A	V	L	I	F	Y	W	H	M	C	P
0	0.02658	0.07369	0.02250	0.01628	0.02195	0.02167	0.01348	0.43796	0.10104	0.09265	0.07448	0.02311	0.01949	0.00980	0.00768	0.00232	0.00770	0.00760	0.00764	0.01236
1	0.03080	0.01269	0.01699	0.01331	0.01865	0.01123	0.01088	0.05777	0.02270	0.55632	0.13246	0.03110	0.02753	0.01058	0.00801	0.00240	0.00621	0.00875	0.00936	0.01226
2	0.69610	0.01441	0.01154	0.03464	0.01600	0.01656	0.00867	0.02179	0.01362	0.03320	0.01608	0.01762	0.05951	0.00817	0.00524	0.00242	0.00599	0.00522	0.00493	0.00826
3	0.78228	0.01499	0.01140	0.01020	0.01499	0.01739	0.00840	0.02279	0.01320	0.03479	0.01080	0.01260	0.00840	0.00720	0.00480	0.00240	0.00600	0.00420	0.00480	0.00840
4	0.00957	0.00687	0.00926	0.01092	0.01144	0.00656	0.00739	0.01103	0.01466	0.01966	0.04106	0.66953	0.04884	0.02688	0.06242	0.00386	0.00574	0.02099	0.00696	0.00635
5	0.28637	0.08417	0.26092	0.04159	0.02673	0.01938	0.08691	0.06452	0.01669	0.02907	0.01305	0.01551	0.00978	0.00730	0.00650	0.00238	0.00923	0.00555	0.00418	0.01017
6	0.75540	0.01505	0.01161	0.01039	0.01518	0.01746	0.00853	0.02344	0.03616	0.03470	0.01153	0.01317	0.00894	0.00731	0.00491	0.00241	0.00600	0.00436	0.00491	0.00853
7	0.01120	0.00824	0.01214	0.01214	0.01349	0.00953	0.00937	0.01390	0.01255	0.01828	0.02106	0.03112	0.01971	0.08001	0.64933	0.01191	0.01970	0.00837	0.03111	0.00686
8	0.01573	0.06366	0.66532	0.02180	0.03309	0.01844	0.02812	0.02451	0.01635	0.02434	0.01381	0.01624	0.00983	0.00734	0.00729	0.00243	0.01135	0.00568	0.00328	0.01141
9	0.00942	0.00794	0.00821	0.00835	0.01090	0.00673	0.00640	0.01150	0.01769	0.02112	0.07568	0.07560	0.62771	0.01977	0.00928	0.00269	0.00417	0.06305	0.00720	0.00659
10	0.00945	0.00675	0.00900	0.01080	0.01125	0.00630	0.00720	0.01080	0.01484	0.01979	0.04274	0.72245	0.05128	0.02429	0.00990	0.00315	0.00450	0.02204	0.00720	0.00630
11	0.01919	0.01842	0.03147	0.04759	0.67914	0.01842	0.02380	0.02380	0.01765	0.02533	0.01458	0.01919	0.01228	0.00691	0.00768	0.00230	0.00921	0.00691	0.00384	0.01228
12	0.01028	0.00736	0.00964	0.01018	0.01128	0.00685	0.00714	0.01269	0.01815	0.02509	0.35092	0.36612	0.06089	0.05318	0.01092	0.00301	0.00423	0.01762	0.00773	0.00672
13	0.01696	0.01696	0.02375	0.02036	0.02036	0.02375	0.01696	0.01866	0.01187	0.01866	0.01018	0.01696	0.01018	0.01357	0.02545	0.00339	0.71332	0.00679	0.00339	0.00848
14	0.02052	0.70463	0.06637	0.01362	0.02044	0.03018	0.01388	0.02327	0.01578	0.01849	0.01090	0.01259	0.00995	0.00666	0.00507	0.00169	0.00842	0.00421	0.00332	0.01001
15	0.03479	0.01320	0.01799	0.01380	0.01979	0.01140	0.01140	0.03779	0.02219	0.68451	0.03059	0.02639	0.01919	0.00960	0.00780	0.00240	0.00660	0.00780	0.00960	0.01320
16	0.01970	0.56427	0.14629	0.01621	0.02373	0.02776	0.06532	0.02356	0.01605	0.01978	0.01167	0.01374	0.01007	0.00675	0.00569	0.00186	0.00918	0.00479	0.00336	0.01024
17	0.01608	0.01378	0.01608	0.01148	0.01837	0.01034	0.00919	0.01952	0.01608	0.02527	0.01378	0.01608	0.01148	0.00574	0.00574	0.00115	0.00574	0.00459	0.00459	0.77491
18	0.01422	0.00902	0.01077	0.01027	0.01139	0.00913	0.00677	0.06335	0.01465	0.06976	0.02658	0.13481	0.02865	0.46223	0.08963	0.00658	0.00831	0.01186	0.00560	0.00642
19	0.00945	0.00675	0.00900	0.01080	0.01125	0.00630	0.00720	0.01080	0.01484	0.01979	0.04274	0.72245	0.05128	0.02429	0.00990	0.00315	0.00450	0.02204	0.00720	0.00630
20	0.78228	0.01499	0.01140	0.01020	0.01499	0.01739	0.00840	0.02279	0.01320	0.03479	0.01080	0.01260	0.00840	0.00720	0.00480	0.00240	0.00600	0.00420	0.00480	0.00840
21	0.01073	0.00792	0.01002	0.00949	0.01143	0.00721	0.00712	0.01415	0.02136	0.02970	0.59323	0.06021	0.15585	0.01637	0.00915	0.00246	0.00369	0.01434	0.00835	0.00721
22	0.01577	0.03862	0.63749	0.02292	0.03410	0.01813	0.07700	0.02458	0.01652	0.02458	0.01405	0.01672	0.00997	0.00730	0.00751	0.00247	0.01158	0.00600	0.00332	0.01138
23	0.01015	0.00752	0.00947	0.00977	0.01128	0.00684	0.00703	0.01274	0.01882	0.02554	0.35940	0.28342	0.17078	0.01934	0.00940	0.00271	0.00399	0.01712	0.00785	0.00684
24	0.01919	0.01842	0.03147	0.04759	0.67914	0.01842	0.02380	0.02380	0.01765	0.02533	0.01458	0.01919	0.01228	0.00691	0.00768	0.00230	0.00921	0.00691	0.00384	0.01228
25	0.01128	0.00752	0.00846	0.00846	0.00846	0.00752	0.00470	0.01128	0.01128	0.01503	0.02443	0.05074	0.02819	0.72751	0.03946	0.00752	0.00752	0.01128	0.00470	0.00470
26	0.01255	0.03777	0.01292	0.01225	0.01439	0.00977	0.01004	0.01741	0.06888	0.02693	0.31056	0.09717	0.05417	0.01775	0.00956	0.00292	0.00549	0.26415	0.00764	0.00768
27	0.02409	0.52444	0.03463	0.01412	0.02043	0.07636	0.01318	0.06358	0.01847	0.12591	0.01448	0.01513	0.01161	0.00736	0.00574	0.00184	0.00846	0.00496	0.00463	0.01059
28	0.01391	0.01237	0.08192	0.01373	0.05446	0.00948	0.01114	0.01785	0.01969	0.07955	0.31460	0.05354	0.14623	0.01487	0.00877	0.00256	0.00549	0.08637	0.04510	0.00836
29	0.08645	0.04958	0.01823	0.01346	0.01889	0.01423	0.01107	0.13322	0.02272	0.35218	0.08694	0.05333	0.02272	0.01009	0.00746	0.00228	0.00652	0.00810	0.00800	0.07452
30	0.02576	0.01345	0.01679	0.01327	0.01858	0.01236	0.01071	0.07842	0.09066	0.35105	0.13237	0.02952	0.02676	0.01006	0.00769	0.00222	0.00607	0.00833	0.00828	0.13764
31	0.01445	0.00723	0.00723	0.00723	0.00903	0.00723	0.00542	0.01807	0.01626	0.02891	0.02529	0.02891	0.01987	0.00903	0.00542	0.00181	0.00361	0.00723	0.77055	0.00723
32	0.01650	0.01719	0.03382	0.31406	0.09487	0.01800	0.31445	0.02211	0.01695	0.02259	0.01588	0.04860	0.01278	0.00778	0.00848	0.00260	0.01129	0.00855	0.00385	0.00967
33	0.01680	0.01765	0.03479	0.28008	0.09345	0.01854	0.33340	0.02242	0.01685	0.02264	0.01484	0.02080	0.01142	0.00858	0.02676	0.00286	0.03658	0.00805	0.00373	0.00976
34	0.01128	0.00752	0.00846	0.00846	0.00846	0.00752	0.00470	0.01128	0.01128	0.01503	0.02443	0.05074	0.02819	0.72751	0.03946	0.00752	0.00752	0.01128	0.00470	0.00470
35	0.00945	0.00675	0.00900	0.01080	0.01125	0.00630	0.00720	0.01080	0.01484	0.01979	0.04274	0.72245	0.05128	0.02429	0.00990	0.00315	0.00450	0.02204	0.00720	0.00630
36	0.01696	0.12157	0.51238	0.02216	0.03236	0.04363	0.09733	0.02465	0.01671	0.02363	0.01367	0.01633	0.01007	0.00720	0.00727	0.00236	0.01135	0.00590	0.00338	0.01108
37	0.05593	0.02148	0.02285	0.01757	0.02373	0.02381	0.01451	0.63113	0.03564	0.04837	0.01834	0.01840	0.01302	0.00923	0.00765	0.00233	0.00844	0.00688	0.00765	0.01302
38	0.01108	0.00831	0.01246	0.01246	0.01385	0.00969	0.00969	0.01385	0.01246	0.01800	0.02077	0.03046	0.01938	0.05815	0.69678	0.01246	0.02077	0.00831	0.00415	0.00692
39	0.08059	0.01746	0.01996	0.01546	0.02133	0.01809	0.01275	0.34985	0.02886	0.29220	0.04795	0.02272	0.01749	0.00953	0.00763	0.00236	0.00743	0.00738	0.00830	0.01265
40	0.02551	0.01750	0.01880	0.01496	0.01998	0.01908	0.01218	0.43321	0.06827	0.07450	0.02159	0.02210	0.01572	0.00933	0.00720	0.00222	0.00711	0.00719	0.19187	0.01169
41	0.70820	0.01484	0.01225	0.03737	0.01676	0.01703	0.00908	0.02357	0.01382	0.07285	0.01209	0.01373	0.00911	0.00736	0.00509	0.00241	0.00620	0.00452	0.00503	0.00869
42	0.02928	0.01377	0.01745	0.01409	0.01919	0.01306	0.01134	0.13520	0.05360	0.44668	0.03053	0.13253	0.02336	0.01186	0.00812	0.00251	0.00657	0.00990	0.00884	0.01209
43	0.01056	0.00760	0.01003	0.01030	0.01169	0.00707	0.00752	0.01349	0.01952	0.02716	0.44606	0.26867	0.06493	0.01877	0.00946	0.00272	0.00409	0.04533	0.00805	0.00699
44	0.01758	0.01477	0.02272	0.29581	0.03469	0.01680	0.08856	0.11117	0.04497	0.05313	0.02068	0.12968	0.01843	0.01106	0.00949	0.00267	0.06086	0.00962	0.02791	0.00941
45	0.01814	0.02154	0.07048	0.03181	0.03951	0.01969	0.60317	0.02460	0.01799	0.02460	0.01542	0.02059	0.01163	0.00682	0.00967	0.00264	0.03846	0.00893	0.00388	0.01043
46	0.02357	0.01542	0.01731	0.01402	0.01799	0.01639	0.01081	0.33628	0.02540	0.12308	0.02223	0.03064	0.01915	0.24689	0.04245	0.00440	0.00837	0.00855	0.00688	0.01018
47	0.00990	0.00698	0.00882	0.01010	0.01051	0.00661	0.00652	0.01093	0.01405	0.01864	0.03942	0.52961	0.06817	0.20136	0.01732	0.00423	0.00524	0.01912	0.00657	0.00590
48	0.08381	0.01880	0.01950	0.01582	0.02056	0.04355	0.01287	0.38034	0.09797	0.03990	0.01947	0.02041	0.01454	0.00952	0.00855	0.00236	0.06147	0.00691	0.11226	0.01139
49	0.01830	0.02092	0.04575	0.03268	0.04052	0.01961	0.65098	0.02484	0.01830	0.02484	0.01569	0.02092	0.01176	0.00654	0.00915	0.00261	0.01307	0.00915	0.00392	0.01046
50	0.01696	0.01696	0.02375	0.02036	0.02036	0.02375	0.01696	0.01866	0.01187	0.01866	0.01018	0.01696	0.01018	0.01357	0.02545	0.00339	0.71332	0.00679	0.00339	0.00848
51	0.06643	0.01311	0.01694	0.01358	0.01894	0.01204	0.01101	0.03531	0.08287	0.53982	0.03070	0.08007	0.02161	0.01071	0.00783	0.00248	0.00636	0.00883	0.00902	0.01235
52	0.07946	0.01296	0.01348	0.01164	0.01511	0.01393	0.00918	0.24466	0.02308	0.03551	0.02367	0.09949	0.02001	0.01065	0.00669	0.00219	0.00565	0.00852	0.35478	0.00935
53	0.01464	0.01378	0.02326	0.70887	0.05340	0.01723	0.02153	0.01981	0.01550	0.01981	0.01378	0.02067	0.01034	0.00775	0.00775	0.00258	0.01034	0.00689	0.00345	0.00861
54	0.01027	0.00764	0.00966	0.01096	0.01191	0.00737	0.00752	0.01337	0.06589	0.02140	0.07526	0.59718	0.08737	0.02253	0.00966	0.00304	0.00455	0.02028	0.00732	0.00683
55	0.00958	0.00680	0.00896	0.01062	0.01104	0.00639	0.00701	0.01083	0.01458	0.01944	0.04139	0.67293	0.04958	0.07614	0.01208	0.00347	0.00472	0.02125	0.00701	0.00618
56	0.05364	0.01570	0.01865	0.01483	0.02014	0.01605	0.01209	0.19665	0.10788	0.31138	0.07478	0.02587	0.02132	0.01003	0.00836	0.00240	0.03252	0.00790	0.00823	0.04157
57	0.13810	0.00893	0.01071	0.06375	0.01512	0.00918	0.00846	0.01425	0.01615	0.02457	0.16204	0.39205	0.07193	0.01833	0.00871	0.00282	0.00500	0.01610	0.00678	0.00703
58	0.01987	0.01495	0.01722	0.01309	0.01917	0.01330	0.01047	0.15246	0.04649	0.07942	0.01900	0.07277	0.01599	0.00840	0.00672	0.00170	0.00630	0.00685	0.00596	0.46986
59	0.01826	0.14148	0.16274	0.02868	0.08545	0.02104	0.38180	0.02444	0.01747	0.02374	0.01446	0.01854	0.01115	0.00673	0.00802	0.00240	0.01169	0.00752	0.00370	0.01070
60	0.08035	0.23402	0.41852	0.01808	0.02720	0.02112	0.02169	0.02361	0.01617	0.02388	0.04051	0.01668	0.01240	0.00750	0.00655	0.00222	0.00978	0.00550	0.00363	0.01060
61	0.01104	0.00790	0.00948	0.00948	0.01081	0.00727	0.00638	0.01272	0.01552	0.02141	0.16545	0.23060	0.09809	0.24938	0.01882	0.00418	0.00532	0.01448	0.03590	0.06576
62	0.02283	0.07195	0.04775	0.05785	0.04537	0.01874	0.01395	0.12370	0.29698	0.14795	0.05259	0.02562	0.02065	0.00969	0.00765	0.00244	0.00719	0.00791	0.00726	0.01193
63	0.01091	0.00796	0.01013	0.01001	0.01174	0.00740	0.00757	0.01399	0.01987	0.02730	0.45546	0.08708	0.13585	0.07256	0.01172	0.00302	0.00444	0.08816	0.00786	0.00696
64	0.01609	0.07033	0.53517	0.06538	0.03497	0.01878	0.10426	0.02423	0.01652	0.02398	0.01397	0.01700	0.01010	0.00725	0.00749	0.00244	0.01143	0.00615	0.00337	0.01109
65	0.01937	0.01520	0.01654	0.01498	0.01918	0.01700	0.01180	0.03701	0.51979	0.08474	0.03531	0.03622	0.06806	0.01188	0.00818	0.00268	0.00610	0.05646	0.00793	0.01158
66	0.01779	0.01980	0.04244	0.03149	0.06020	0.01862	0.57664	0.02402	0.01841	0.02503	0.04308	0.02516	0.01563	0.00755	0.00917	0.00264	0.01231	0.03552	0.00424	0.01025
67	0.00945	0.00675	0.00900	0.01080	0.01125	0.00630	0.00720	0.01080	0.01484	0.01979	0.04274	0.72245	0.05128	0.02429	0.00990	0.00315	0.00450	0.02204	0.00720	0.00630
68	0.01919	0.01842	0.03147	0.04759	0.67914	0.01842	0.02380	0.02380	0.01765	0.02533	0.01458	0.01919	0.01228	0.00691	0.00768	0.00230	0.00921	0.00691	0.00384	0.01228
69	0.03479	0.01320	0.01799	0.01380	0.01979	0.01140	0.01140	0.03779	0.02219	0.68451	0.03059	0.02639	0.01919	0.00960	0.00780	0.00240	0.00660	0.00780	0.00960	0.01320
70	0.47728	0.01707	0.01581	0.01299	0.01834	0.01912	0.01071	0.23151	0.02154	0.08910	0.01488	0.01563	0.01080	0.00808	0.00600	0.00238	0.00688	0.00539	0.00614	0.01034
71	0.01864	0.01725	0.05684	0.01542	0.02024	0.01761	0.01279	0.08314	0.45989	0.03191	0.05671	0.03193	0.05146	0.01096	0.00793	0.00253	0.00646	0.03249	0.00737	0.05843
72	0.01772	0.02185	0.11083	0.02203	0.02535	0.08712	0.12731	0.02129	0.01460	0.02046	0.01264	0.01837	0.01113	0.01463	0.07286	0.00374	0.37836	0.00701	0.00359	0.00913
73	0.01538	0.01417	0.01345	0.01247	0.01581	0.07770	0.00952	0.02559	0.27821	0.02684	0.14001	0.04808	0.26331	0.01432	0.00844	0.00254	0.00573	0.01189	0.00736	0.00919
74	0.00945	0.00675	0.00900	0.01080	0.01125	0.00630	0.00720	0.01080	0.01484	0.01979	0.04274	0.72245	0.05128	0.02429	0.00990	0.00315	0.00450	0.02204	0.00720	0.00630
75	0.02073	0.73217	0.04063	0.01327	0.01990	0.03068	0.01327	0.02322	0.01575	0.01824	0.01078	0.01244	0.00995	0.00663	0.00498	0.00166	0.00829	0.00415	0.00332	0.00995
76	0.01382	0.01302	0.01775	0.06526	0.02018	0.06479	0.09084	0.01618	0.01531	0.02013	0.02815	0.35891	0.03153	0.07008	0.01335	0.00321	0.09406	0.01451	0.00549	0.04343
77	0.01637	0.06298	0.01237	0.00966	0.01232	0.01138	0.00771	0.09720	0.01826	0.02922	0.02281	0.02660	0.01824	0.01512	0.09333	0.00321	0.00675	0.00710	0.52123	0.00813
78	0.00945	0.00675	0.00900	0.01080	0.01125	0.00630	0.00720	0.01080	0.01484	0.01979	0.04274	0.72245	0.05128	0.02429	0.00990	0.00315	0.00450	0.02204	0.00720	0.00630
79	0.04724	0.40276	0.03403	0.01760	0.04887	0.07642	0.09282	0.02569	0.08729	0.02208	0.01413	0.01597	0.01183	0.00711	0.00613	0.00192	0.00885	0.00549	0.00411	0.06966
80	0.02121	0.32537	0.05745	0.04530	0.17392	0.14343	0.08578	0.02484	0.01757	0.02096	0.01258	0.01554	0.01069	0.00698	0.00656	0.00202	0.01019	0.00560	0.00362	0.01038
81	0.01149	0.00958	0.01518	0.01423	0.01627	0.00909	0.10509	0.01486	0.04246	0.02262	0.11522	0.45304	0.07171	0.01972	0.00962	0.00296	0.00586	0.04677	0.00689	0.00734
82	0.01791	0.20295	0.47413	0.01949	0.02921	0.03963	0.02358	0.02532	0.03428	0.04558	0.01416	0.01605	0.01055	0.00737	0.00682	0.00226	0.01047	0.00549	0.00365	0.01111
83	0.06926	0.00825	0.01054	0.06482	0.01500	0.00826	0.00855	0.01318	0.01605	0.02269	0.12580	0.45313	0.09002	0.02012	0.00922	0.00293	0.00503	0.04342	0.00690	0.00683
84	0.01445	0.00723	0.00723	0.00723	0.00903	0.00723	0.00542	0.01807	0.01626	0.02891	0.02529	0.02891	0.01987	0.00903	0.00542	0.00181	0.00361	0.00723	0.77055	0.00723
85	0.00945	0.00675	0.00900	0.01080	0.01125	0.00630	0.00720	0.01080	0.01484	0.01979	0.04274	0.72245	0.05128	0.02429	0.00990	0.00315	0.00450	0.02204	0.00720	0.00630
86	0.01903	0.08541	0.08757	0.02848	0.09749	0.02092	0.34802	0.06272	0.06790	0.02580	0.01596	0.01980	0.01238	0.00766	0.00958	0.00253	0.06574	0.00788	0.00430	0.01082
87	0.01613	0.01549	0.02300	0.04309	0.02153	0.02034	0.06821	0.01855	0.01303	0.02001	0.01393	0.04911	0.01335	0.01555	0.06122	0.00371	0.50532	0.00776	0.06231	0.00837
88	0.00930	0.00786	0.00805	0.00800	0.01056	0.00661	0.00600	0.01140	0.01801	0.02173	0.12489	0.07332	0.62916	0.01934	0.00916	0.00260	0.00391	0.01618	0.00730	0.00661
89	0.01916	0.01949	0.02294	0.07645	0.02359	0.11664	0.01658	0.06880	0.01549	0.02108	0.01182	0.01755	0.01079	0.01388	0.04858	0.00343	0.47439	0.00662	0.00385	0.00886
90	0.01479	0.01350	0.02310	0.07237	0.02504	0.01329	0.21152	0.08593	0.01864	0.02467	0.03315	0.30180	0.09784	0.01529	0.00918	0.00279	0.00803	0.01457	0.00594	0.00856
91	0.02771	0.01943	0.02130	0.01676	0.02232	0.02113	0.01366	0.53549	0.03299	0.09508	0.02217	0.09588	0.01780	0.01096	0.00799	0.00242	0.00794	0.00868	0.00784	0.01244
92	0.01838	0.02070	0.04451	0.03397	0.09592	0.01951	0.59657	0.02475	0.01824	0.02488	0.01559	0.02077	0.01181	0.00657	0.00902	0.00259	0.01274	0.00896	0.00391	0.01062
93	0.01608	0.01378	0.01608	0.01148	0.01837	0.01034	0.00919	0.01952	0.01608	0.02527	0.01378	0.01608	0.01148	0.00574	0.00574	0.00115	0.00574	0.00459	0.00459	0.77491
94	0.04424	0.08110	0.35434	0.01651	0.02381	0.01540	0.01879	0.03957	0.01875	0.02747	0.24519	0.03053	0.03206	0.01033	0.00772	0.00238	0.00818	0.00849	0.00531	0.00982
95	0.01464	0.01378	0.02326	0.70887	0.05340	0.01723	0.02153	0.01981	0.01550	0.01981	0.01378	0.02067	0.01034	0.00775	0.00775	0.00258	0.01034	0.00689	0.00345	0.00861
96	0.00945	0.00675	0.00900	0.01080	0.01125	0.00630	0.00720	0.01080	0.01484	0.01979	0.04274	0.72245	0.05128	0.02429	0.00990	0.00315	0.00450	0.02204	0.00720	0.00630
97	0.01492	0.01410	0.02444	0.63161	0.05084	0.01706	0.06987	0.02014	0.01575	0.02052	0.01433	0.02098	0.01078	0.00770	0.00778	0.00256	0.01031	0.00708	0.03052	0.00871
98	0.02073	0.73217	0.04063	0.01327	0.01990	0.03068	0.01327	0.02322	0.01575	0.01824	0.01078	0.01244	0.00995	0.00663	0.00498	0.00166	0.00829	0.00415	0.00332	0.00995
99	0.01775	0.33426	0.41246	0.01835	0.02775	0.02339	0.02211	0.02399	0.01611	0.02187	0.01258	0.01470	0.00988	0.00705	0.00635	0.00212	0.01011	0.00506	0.00329	0.01082
100	0.01555	0.04011	0.68733	0.02210	0.03356	0.01801	0.02865	0.02455	0.01637	0.02455	0.01391	0.01637	0.00982	0.00737	0.00737	0.00246	0.01146	0.00573	0.00327	0.01146
101	0.00980	0.00788	0.00874	0.00852	0.01086	0.00682	0.00639	0.01236	0.01918	0.02451	0.28815	0.06875	0.46417	0.01831	0.00916	0.00256	0.00383	0.01554	0.00767	0.00682
102	0.02211	0.31286	0.08594	0.01543	0.02172	0.02391	0.01437	0.11608	0.20789	0.07701	0.01965	0.01946	0.01506	0.00842	0.00662	0.00216	0.00785	0.00629	0.00572	0.01144
103	0.01670	0.02181	0.15536	0.13329	0.03468	0.01955	0.24144	0.02209	0.01571	0.02251	0.01396	0.01928	0.01107	0.00885	0.01278	0.00276	0.19784	0.00745	0.03316	0.00971
104	0.00945	0.00675	0.00900	0.01080	0.01125	0.00630	0.00720	0.01080	0.01484	0.01979	0.04274	0.72245	0.05128	0.02429	0.00990	0.00315	0.00450	0.02204	0.00720	0.00630
105	0.01574	0.06532	0.66377	0.02178	0.03306	0.01847	0.02809	0.02451	0.01635	0.02432	0.01380	0.01623	0.00983	0.00734	0.00728	0.00243	0.01134	0.00567	0.00328	0.01140
106	0.01794	0.02031	0.05741	0.06729	0.12702	0.01893	0.50209	0.02406	0.01793	0.02451	0.01612	0.03938	0.01278	0.00714	0.00886	0.00258	0.01214	0.00900	0.00396	0.01053
107	0.01939	0.02152	0.08346	0.03058	0.03851	0.01888	0.56344	0.02581	0.01848	0.07526	0.01672	0.02105	0.01221	0.00682	0.00894	0.00259	0.01248	0.00883	0.00432	0.01073
108	0.00945	0.00675	0.00900	0.01080	0.01125	0.00630	0.00720	0.01080	0.01484	0.01979	0.04274	0.72245	0.05128	0.02429	0.00990	0.00315	0.00450	0.02204	0.00720	0.00630
109	0.01721	0.02085	0.09045	0.09602	0.03950	0.01846	0.50418	0.02349	0.01768	0.02403	0.01698	0.06227	0.01383	0.00777	0.00892	0.00263	0.01217	0.00944	0.00402	0.01011
110	0.02680	0.02636	0.02376	0.04311	0.02567	0.27490	0.06334	0.30307	0.05239	0.03313	0.01711	0.04311	0.01357	0.00914	0.00766	0.00228	0.01075	0.00701	0.00589	0.01096
111	0.01924	0.01916	0.05679	0.02463	0.03083	0.01814	0.35473	0.17381	0.02197	0.02968	0.02138	0.15111	0.01941	0.01055	0.00889	0.00264	0.01032	0.01091	0.00543	0.01038
112	0.02421	0.01186	0.01556	0.01312	0.01725	0.01152	0.01043	0.02974	0.10888	0.35869	0.10201	0.03217	0.02638	0.05024	0.14659	0.00466	0.00906	0.00889	0.00795	0.01079
113	0.07625	0.00857	0.01060	0.03528	0.01383	0.00827	0.00804	0.01530	0.01571	0.09832	0.04046	0.46065	0.10519	0.05313	0.01047	0.00313	0.00516	0.01730	0.00703	0.00731
114	0.49807	0.01591	0.01378	0.03593	0.01772	0.04811	0.00964	0.07051	0.01609	0.03273	0.01276	0.01479	0.00998	0.00727	0.00542	0.00215	0.00656	0.00476	0.04277	0.13504
115	0.01884	0.14974	0.02473	0.01529	0.02128	0.01813	0.06064	0.09706	0.01814	0.02597	0.01351	0.01618	0.01127	0.00735	0.00850	0.00177	0.09332	0.00541	0.00454	0.38832
116	0.02275	0.01394	0.01749	0.10892	0.02333	0.01415	0.01231	0.08124	0.16040	0.24012	0.08027	0.03090	0.07385	0.01047	0.00784	0.00238	0.00666	0.00870	0.00753	0.07673

[dist]
# distance from previous block
# <min> <max>
0	17

[block]
# block no. 4 follows, 25 sequences, length 113
# corresponding to MSA columns:
# 203-315
name=unknown_E
#
# <colnr> <probs for GDERKNQSTAVLIFYWHMCP>
#	G	D	E	R	K	N	Q	S	T	A	V	L	I	F	Y	W	H	M	C	P
0	0.07685	0.01828	0.03313	0.04830	0.06288	0.01803	0.35750	0.05555	0.05141	0.02660	0.01707	0.05479	0.01404	0.00809	0.00894	0.00247	0.04065	0.00851	0.00458	0.09231
1	0.07458	0.05677	0.39373	0.05344	0.02901	0.01721	0.05395	0.02411	0.07265	0.02520	0.01968	0.05085	0.04660	0.00886	0.00736	0.00243	0.00956	0.00724	0.00426	0.04251
2	0.01838	0.08375	0.38480	0.05413	0.02982	0.01740	0.05184	0.02584	0.04795	0.09644	0.01640	0.01816	0.01184	0.00748	0.00716	0.00225	0.00974	0.00606	0.00439	0.10616
3	0.05173	0.01922	0.05879	0.01983	0.05645	0.01800	0.12504	0.20598	0.09531	0.06599	0.01826	0.01963	0.01360	0.00783	0.00740	0.00214	0.00838	0.00686	0.00591	0.19365
4	0.01963	0.02137	0.16969	0.01752	0.02516	0.01516	0.09619	0.11629	0.02008	0.08955	0.01942	0.02089	0.04384	0.00775	0.00719	0.00199	0.00835	0.00664	0.00527	0.28801
5	0.01057	0.00762	0.01001	0.01003	0.01149	0.00705	0.00728	0.01362	0.02008	0.02812	0.50893	0.23250	0.06741	0.01807	0.00934	0.00263	0.00388	0.01613	0.00818	0.00705
6	0.01608	0.01378	0.01608	0.01148	0.01837	0.01034	0.00919	0.01952	0.01608	0.02527	0.01378	0.01608	0.01148	0.00574	0.00574	0.00115	0.00574	0.00459	0.00459	0.77491
7	0.02582	0.05598	0.02401	0.07847	0.08269	0.04444	0.01558	0.45965	0.03056	0.04040	0.02034	0.02127	0.04682	0.00932	0.00766	0.00232	0.00867	0.00724	0.00668	0.01208
8	0.02896	0.03695	0.02197	0.01998	0.02397	0.69638	0.01498	0.03096	0.02197	0.01898	0.01199	0.01398	0.00999	0.00799	0.00699	0.00200	0.01398	0.00499	0.00400	0.00899
9	0.01666	0.00865	0.00902	0.00838	0.01074	0.00874	0.00645	0.06794	0.01812	0.06429	0.02505	0.02799	0.01932	0.00908	0.00572	0.00188	0.00415	0.00724	0.67260	0.00799
10	0.01128	0.00752	0.00846	0.00846	0.00846	0.00752	0.00470	0.01128	0.01128	0.01503	0.02443	0.05074	0.02819	0.72751	0.03946	0.00752	0.00752	0.01128	0.00470	0.00470
11	0.01515	0.01338	0.02060	0.02880	0.32904	0.01348	0.01563	0.02031	0.08770	0.02381	0.02815	0.31258	0.02975	0.01453	0.00862	0.00269	0.00691	0.01340	0.00568	0.00979
12	0.01128	0.00752	0.00846	0.00846	0.00846	0.00752	0.00470	0.01128	0.01128	0.01503	0.02443	0.05074	0.02819	0.72751	0.03946	0.00752	0.00752	0.01128	0.00470	0.00470
13	0.01830	0.02092	0.04575	0.03268	0.04052	0.01961	0.65098	0.02484	0.01830	0.02484	0.01569	0.02092	0.01176	0.00654	0.00915	0.00261	0.01307	0.00915	0.00392	0.01046
14	0.02489	0.03066	0.05848	0.02970	0.25263	0.42642	0.01873	0.02815	0.02019	0.02147	0.01299	0.01592	0.01078	0.00758	0.00725	0.00213	0.01219	0.00570	0.00390	0.01026
15	0.01616	0.01533	0.02600	0.48768	0.26270	0.01763	0.02229	0.02114	0.01622	0.02166	0.01405	0.02018	0.01099	0.00747	0.00773	0.00249	0.00996	0.00690	0.00358	0.00984
16	0.01085	0.00782	0.01032	0.01026	0.01188	0.00728	0.00770	0.01415	0.02053	0.02873	0.52824	0.16324	0.06757	0.01759	0.00938	0.00264	0.00406	0.06240	0.00822	0.00714
17	0.01121	0.00752	0.00861	0.00866	0.00873	0.00755	0.00494	0.01135	0.01143	0.01528	0.02489	0.07142	0.02863	0.68276	0.06051	0.00754	0.00786	0.01152	0.00476	0.00482
18	0.11382	0.18601	0.38540	0.01923	0.06023	0.02010	0.02118	0.02341	0.01623	0.02489	0.05215	0.01764	0.01356	0.00766	0.00664	0.00226	0.00949	0.00574	0.00382	0.01054
19	0.02073	0.73217	0.04063	0.01327	0.01990	0.03068	0.01327	0.02322	0.01575	0.01824	0.01078	0.01244	0.00995	0.00663	0.00498	0.00166	0.00829	0.00415	0.00332	0.00995
20	0.01464	0.01378	0.02326	0.70887	0.05340	0.01723	0.02153	0.01981	0.01550	0.01981	0.01378	0.02067	0.01034	0.00775	0.00775	0.00258	0.01034	0.00689	0.00345	0.00861
21	0.01431	0.01218	0.01934	0.01690	0.02094	0.01115	0.12912	0.01840	0.01767	0.02421	0.05043	0.05843	0.03212	0.01502	0.00927	0.00282	0.00781	0.35568	0.00603	0.17816
22	0.00945	0.00675	0.00900	0.01080	0.01125	0.00630	0.00720	0.01080	0.01484	0.01979	0.04274	0.72245	0.05128	0.02429	0.00990	0.00315	0.00450	0.02204	0.00720	0.00630
23	0.02070	0.01659	0.01776	0.01571	0.02027	0.01890	0.01230	0.06160	0.59953	0.07802	0.03105	0.02841	0.02301	0.01041	0.00788	0.00260	0.00625	0.00864	0.00800	0.01237
24	0.02496	0.01519	0.01930	0.01468	0.02090	0.01388	0.04415	0.10006	0.10345	0.27069	0.02285	0.02203	0.01607	0.00820	0.00717	0.00200	0.00680	0.00680	0.00717	0.27364
25	0.08409	0.01343	0.01720	0.01357	0.01918	0.01237	0.01111	0.03618	0.08021	0.55520	0.05393	0.02687	0.02092	0.00975	0.00765	0.00242	0.00640	0.00787	0.00907	0.01256
26	0.02073	0.73217	0.04063	0.01327	0.01990	0.03068	0.01327	0.02322	0.01575	0.01824	0.01078	0.01244	0.00995	0.00663	0.00498	0.00166	0.00829	0.00415	0.00332	0.00995
27	0.01357	0.01269	0.02210	0.01768	0.02107	0.01262	0.20060	0.01760	0.01898	0.02638	0.32018	0.08957	0.08991	0.01368	0.01095	0.00266	0.08259	0.01251	0.00642	0.00825
28	0.01830	0.02092	0.04575	0.03268	0.04052	0.01961	0.65098	0.02484	0.01830	0.02484	0.01569	0.02092	0.01176	0.00654	0.00915	0.00261	0.01307	0.00915	0.00392	0.01046
29	0.08110	0.01838	0.02210	0.22480	0.03176	0.05460	0.04729	0.29918	0.02507	0.03468	0.01662	0.01949	0.01227	0.00845	0.00737	0.00236	0.00899	0.00677	0.06811	0.01060
30	0.01128	0.00752	0.00846	0.00846	0.00846	0.00752	0.00470	0.01128	0.01128	0.01503	0.02443	0.05074	0.02819	0.72751	0.03946	0.00752	0.00752	0.01128	0.00470	0.00470
31	0.03190	0.01783	0.02086	0.01599	0.02210	0.01827	0.01321	0.37226	0.02994	0.33909	0.02408	0.02217	0.01593	0.00944	0.00778	0.00236	0.00765	0.00735	0.00860	0.01319
32	0.02903	0.02796	0.02103	0.01807	0.02285	0.38598	0.01402	0.14305	0.09349	0.14152	0.01849	0.01856	0.01362	0.00877	0.00736	0.00219	0.01089	0.00624	0.00605	0.01081
33	0.44621	0.01714	0.01652	0.01431	0.01773	0.05974	0.01176	0.05268	0.01475	0.05287	0.01176	0.01476	0.00964	0.00934	0.01135	0.00267	0.21800	0.00528	0.00464	0.00886
34	0.01055	0.00791	0.00978	0.00931	0.01132	0.00714	0.00698	0.01381	0.02095	0.02872	0.53550	0.06183	0.21419	0.01674	0.00915	0.00248	0.00372	0.01457	0.00822	0.00714
35	0.78228	0.01499	0.01140	0.01020	0.01499	0.01739	0.00840	0.02279	0.01320	0.03479	0.01080	0.01260	0.00840	0.00720	0.00480	0.00240	0.00600	0.00420	0.00480	0.00840
36	0.01499	0.01414	0.02389	0.65802	0.10152	0.01732	0.02171	0.02012	0.01567	0.02024	0.01384	0.02056	0.01049	0.00769	0.00775	0.00256	0.01025	0.00689	0.00348	0.00890
37	0.01940	0.35866	0.04246	0.02297	0.02994	0.02503	0.32318	0.02383	0.01684	0.02146	0.01314	0.01673	0.01084	0.00686	0.00781	0.00219	0.03823	0.00668	0.00361	0.01014
38	0.01347	0.00673	0.01010	0.01010	0.01010	0.00673	0.00673	0.01010	0.01010	0.01347	0.01347	0.02357	0.01347	0.02694	0.03030	0.77441	0.00673	0.00673	0.00337	0.00337
39	0.01859	0.01781	0.03038	0.13544	0.59602	0.01826	0.02350	0.02327	0.01737	0.02460	0.01448	0.01939	0.01202	0.00702	0.00769	0.00234	0.00936	0.00691	0.00379	0.01179
40	0.01722	0.01719	0.02503	0.14494	0.18680	0.06387	0.05572	0.02046	0.01506	0.02071	0.01464	0.04796	0.01361	0.04875	0.03578	0.00332	0.24812	0.00773	0.00382	0.00925
41	0.01097	0.00793	0.01036	0.00975	0.01158	0.00732	0.00732	0.01463	0.02195	0.03109	0.67505	0.05792	0.07316	0.01585	0.00914	0.00244	0.00366	0.01402	0.00854	0.00732
42	0.78228	0.01499	0.01140	0.01020	0.01499	0.01739	0.00840	0.02279	0.01320	0.03479	0.01080	0.01260	0.00840	0.00720	0.00480	0.00240	0.00600	0.00420	0.00480	0.00840
43	0.01464	0.01378	0.02326	0.70887	0.05340	0.01723	0.02153	0.01981	0.01550	0.01981	0.01378	0.02067	0.01034	0.00775	0.00775	0.00258	0.01034	0.00689	0.00345	0.00861
44	0.03282	0.01420	0.01835	0.01431	0.02016	0.01316	0.01174	0.08546	0.08788	0.57012	0.02977	0.02605	0.01918	0.00967	0.00780	0.00242	0.00670	0.00783	0.00928	0.01310
45	0.00945	0.00675	0.00900	0.01080	0.01125	0.00630	0.00720	0.01080	0.01484	0.01979	0.04274	0.72245	0.05128	0.02429	0.00990	0.00315	0.00450	0.02204	0.00720	0.00630
46	0.47209	0.01740	0.02534	0.01932	0.02536	0.01829	0.26929	0.02362	0.01527	0.03075	0.01278	0.01597	0.00976	0.00693	0.00657	0.00249	0.00887	0.00621	0.00444	0.00923
47	0.01850	0.01759	0.02988	0.09676	0.59748	0.01785	0.02305	0.02310	0.01750	0.02480	0.01586	0.02276	0.01377	0.00771	0.00784	0.00239	0.00919	0.03826	0.00397	0.01174
48	0.06502	0.02819	0.05510	0.01835	0.02363	0.30633	0.01496	0.26210	0.09554	0.03257	0.01658	0.01735	0.01255	0.00868	0.00728	0.00223	0.01059	0.00613	0.00581	0.01099
49	0.01445	0.00723	0.00723	0.00723	0.00903	0.00723	0.00542	0.01807	0.01626	0.02891	0.02529	0.02891	0.01987	0.00903	0.00542	0.00181	0.00361	0.00723	0.77055	0.00723
50	0.01499	0.01390	0.02332	0.63300	0.09994	0.01696	0.02113	0.02005	0.01570	0.02056	0.01425	0.02085	0.01083	0.00773	0.00766	0.00253	0.01001	0.00690	0.03083	0.00885
51	0.03479	0.01320	0.01799	0.01380	0.01979	0.01140	0.01140	0.03779	0.02219	0.68451	0.03059	0.02639	0.01919	0.00960	0.00780	0.00240	0.00660	0.00780	0.00960	0.01320
52	0.00945	0.00675	0.00900	0.01080	0.01125	0.00630	0.00720	0.01080	0.01484	0.01979	0.04274	0.72245	0.05128	0.02429	0.00990	0.00315	0.00450	0.02204	0.00720	0.00630
53	0.01919	0.01842	0.03147	0.04759	0.67914	0.01842	0.02380	0.02380	0.01765	0.02533	0.01458	0.01919	0.01228	0.00691	0.00768	0.00230	0.00921	0.00691	0.00384	0.01228
54	0.66105	0.05168	0.01398	0.01104	0.01608	0.01832	0.00921	0.06875	0.01534	0.05978	0.01211	0.01355	0.00923	0.00741	0.00513	0.00236	0.00632	0.00453	0.00512	0.00900
55	0.01763	0.01504	0.01789	0.01332	0.01985	0.01295	0.03292	0.07144	0.10708	0.02805	0.01667	0.01821	0.01330	0.00670	0.00631	0.00150	0.00627	0.00551	0.00527	0.58408
56	0.03387	0.01340	0.01797	0.01391	0.01982	0.01186	0.01145	0.03799	0.06039	0.64577	0.03065	0.02654	0.01946	0.00965	0.00780	0.00241	0.00657	0.00785	0.00950	0.01314
57	0.00916	0.00785	0.00785	0.00785	0.01047	0.00655	0.00589	0.01113	0.01767	0.02095	0.07855	0.07462	0.67599	0.01964	0.00916	0.00262	0.00393	0.01636	0.00720	0.00655
58	0.02073	0.73217	0.04063	0.01327	0.01990	0.03068	0.01327	0.02322	0.01575	0.01824	0.01078	0.01244	0.00995	0.00663	0.00498	0.00166	0.00829	0.00415	0.00332	0.00995
59	0.02896	0.03695	0.02197	0.01998	0.02397	0.69638	0.01498	0.03096	0.02197	0.01898	0.01199	0.01398	0.00999	0.00799	0.00699	0.00200	0.01398	0.00499	0.00400	0.00899
60	0.00945	0.00675	0.00900	0.01080	0.01125	0.00630	0.00720	0.01080	0.01484	0.01979	0.04274	0.72245	0.05128	0.02429	0.00990	0.00315	0.00450	0.02204	0.00720	0.00630
61	0.03479	0.01320	0.01799	0.01380	0.01979	0.01140	0.01140	0.03779	0.02219	0.68451	0.03059	0.02639	0.01919	0.00960	0.00780	0.00240	0.00660	0.00780	0.00960	0.01320
62	0.01110	0.00822	0.01203	0.01203	0.01327	0.00946	0.00916	0.01357	0.01233	0.01768	0.02116	0.03263	0.02033	0.12988	0.62634	0.01193	0.01935	0.00863	0.00421	0.00668
63	0.01555	0.04011	0.68733	0.02210	0.03356	0.01801	0.02865	0.02455	0.01637	0.02455	0.01391	0.01637	0.00982	0.00737	0.00737	0.00246	0.01146	0.00573	0.00327	0.01146
64	0.01108	0.00831	0.01246	0.01246	0.01385	0.00969	0.00969	0.01385	0.01246	0.01800	0.02077	0.03046	0.01938	0.05815	0.69678	0.01246	0.02077	0.00831	0.00415	0.00692
65	0.01652	0.03875	0.65348	0.02168	0.03286	0.01767	0.02777	0.02522	0.01666	0.05793	0.01476	0.01688	0.01030	0.00748	0.00739	0.00245	0.01121	0.00583	0.00359	0.01155
66	0.01464	0.01378	0.02326	0.70887	0.05340	0.01723	0.02153	0.01981	0.01550	0.01981	0.01378	0.02067	0.01034	0.00775	0.00775	0.00258	0.01034	0.00689	0.00345	0.00861
67	0.01595	0.09333	0.63760	0.02142	0.03251	0.01898	0.02746	0.02445	0.01632	0.02407	0.01367	0.01607	0.00983	0.00731	0.00718	0.00239	0.01122	0.00561	0.00328	0.01134
68	0.78228	0.01499	0.01140	0.01020	0.01499	0.01739	0.00840	0.02279	0.01320	0.03479	0.01080	0.01260	0.00840	0.00720	0.00480	0.00240	0.00600	0.00420	0.00480	0.00840
69	0.00943	0.00681	0.00893	0.01062	0.01120	0.00631	0.00712	0.01082	0.01501	0.01986	0.04486	0.68396	0.08840	0.02401	0.00985	0.00312	0.00446	0.02170	0.00720	0.00631
70	0.01108	0.00831	0.01246	0.01246	0.01385	0.00969	0.00969	0.01385	0.01246	0.01800	0.02077	0.03046	0.01938	0.05815	0.69678	0.01246	0.02077	0.00831	0.00415	0.00692
71	0.01555	0.04011	0.68733	0.02210	0.03356	0.01801	0.02865	0.02455	0.01637	0.02455	0.01391	0.01637	0.00982	0.00737	0.00737	0.00246	0.01146	0.00573	0.00327	0.01146
72	0.01830	0.02092	0.04575	0.03268	0.04052	0.01961	0.65098	0.02484	0.01830	0.02484	0.01569	0.02092	0.01176	0.00654	0.00915	0.00261	0.01307	0.00915	0.00392	0.01046
73	0.03479	0.01320	0.01799	0.01380	0.01979	0.01140	0.01140	0.03779	0.02219	0.68451	0.03059	0.02639	0.01919	0.00960	0.00780	0.00240	0.00660	0.00780	0.00960	0.01320
74	0.01108	0.00831	0.01246	0.01246	0.01385	0.00969	0.00969	0.01385	0.01246	0.01800	0.02077	0.03046	0.01938	0.05815	0.69678	0.01246	0.02077	0.00831	0.00415	0.00692
75	0.01830	0.02092	0.04575	0.03268	0.04052	0.01961	0.65098	0.02484	0.01830	0.02484	0.01569	0.02092	0.01176	0.00654	0.00915	0.00261	0.01307	0.00915	0.00392	0.01046
76	0.00945	0.00675	0.00900	0.01080	0.01125	0.00630	0.00720	0.01080	0.01484	0.01979	0.04274	0.72245	0.05128	0.02429	0.00990	0.00315	0.00450	0.02204	0.00720	0.00630
77	0.00945	0.00675	0.00900	0.01080	0.01125	0.00630	0.00720	0.01080	0.01484	0.01979	0.04274	0.72245	0.05128	0.02429	0.00990	0.00315	0.00450	0.02204	0.00720	0.00630
78	0.15933	0.02171	0.02084	0.04978	0.02372	0.09894	0.01389	0.41896	0.05377	0.04099	0.01676	0.01753	0.01225	0.00876	0.00716	0.00233	0.00871	0.00633	0.00661	0.01162
