[name]
unknown

[dist]
# distance from previous block
# <min> <max>
0	98

[block]
# block no. 0 follows, 26 sequences, length 12
# corresponding to MSA columns:
# 99-110
name=unknown_A
#
# <colnr> <probs for GDERKNQSTAVLIFYWHMCP>
#	G	D	E	R	K	N	Q	S	T	A	V	L	I	F	Y	W	H	M	C	P
0	0.01040	0.00756	0.00976	0.01028	0.01140	0.00747	0.00743	0.01236	0.01508	0.02026	0.13392	0.21592	0.11874	0.16773	0.14568	0.00551	0.00806	0.08003	0.00619	0.00623
1	0.02699	0.01796	0.01993	0.01580	0.02116	0.01939	0.01279	0.39165	0.14757	0.16561	0.02308	0.02330	0.01673	0.05093	0.00940	0.00264	0.00750	0.00754	0.00778	0.01226
2	0.01558	0.00860	0.01117	0.01015	0.01263	0.00785	0.00774	0.01882	0.02031	0.16015	0.42651	0.10719	0.05370	0.01432	0.00836	0.00237	0.00422	0.01250	0.08961	0.00820
3	0.01074	0.00779	0.01026	0.08433	0.01446	0.00797	0.00778	0.01201	0.01325	0.01754	0.03090	0.31805	0.03568	0.33142	0.02212	0.00491	0.00645	0.05299	0.00558	0.00577
4	0.01000	0.00719	0.00924	0.01003	0.01101	0.00672	0.00701	0.01198	0.01647	0.02229	0.22594	0.39063	0.09131	0.09606	0.01253	0.00332	0.00458	0.05018	0.00716	0.00634
5	0.01775	0.02154	0.08222	0.03137	0.03925	0.01909	0.62220	0.02428	0.01779	0.02428	0.01525	0.02020	0.01140	0.00644	0.00885	0.00255	0.01270	0.00876	0.00380	0.01029
6	0.01804	0.01727	0.02946	0.15695	0.58146	0.01783	0.02291	0.02263	0.01692	0.02389	0.01414	0.01901	0.01170	0.00689	0.00752	0.00230	0.00919	0.00676	0.00369	0.01142
7	0.01252	0.07443	0.01626	0.01339	0.01500	0.01332	0.01083	0.01505	0.01239	0.01772	0.01793	0.02630	0.01682	0.04602	0.54194	0.00995	0.12142	0.00755	0.00388	0.00726
8	0.01422	0.01287	0.02160	0.65232	0.04846	0.01594	0.01977	0.01853	0.01470	0.01883	0.01345	0.02048	0.01038	0.00926	0.00955	0.07178	0.00980	0.00673	0.00336	0.00797
9	0.02107	0.01673	0.01790	0.01558	0.02019	0.01900	0.01226	0.12016	0.55082	0.07379	0.02918	0.02685	0.02157	0.01008	0.00770	0.00252	0.00633	0.00829	0.00780	0.01218
10	0.22468	0.01380	0.01449	0.01089	0.01708	0.01198	0.00878	0.01997	0.01496	0.02724	0.01269	0.01481	0.01042	0.00600	0.00537	0.00145	0.00569	0.00439	0.00455	0.57077
11	0.01513	0.01087	0.01295	0.01416	0.01521	0.00965	0.00946	0.01498	0.01820	0.02497	0.08617	0.62872	0.05315	0.02533	0.01164	0.00394	0.00629	0.02135	0.00869	0.00913

[dist]
# distance from previous block
# <min> <max>
0	1

[block]
# block no. 1 follows, 26 sequences, length 115
# corresponding to MSA columns:
# 112-226
name=unknown_B
#
# <colnr> <probs for GDERKNQSTAVLIFYWHMCP>
#	G	D	E	R	K	N	Q	S	T	A	V	L	I	F	Y	W	H	M	C	P
0	0.00958	0.00740	0.00874	0.00905	0.01078	0.00656	0.00654	0.01183	0.01779	0.02318	0.25036	0.25009	0.32216	0.01935	0.00916	0.00265	0.00392	0.01686	0.00744	0.00656
1	0.07864	0.01363	0.01612	0.01327	0.01815	0.01358	0.01068	0.07363	0.17834	0.34847	0.08031	0.03063	0.06951	0.01058	0.00764	0.00241	0.00603	0.00861	0.00830	0.01148
2	0.29001	0.01715	0.01672	0.01363	0.01866	0.01923	0.01115	0.33128	0.06693	0.03993	0.01706	0.01788	0.01262	0.00844	0.00635	0.00227	0.00683	0.00602	0.08724	0.01060
3	0.01414	0.00707	0.00707	0.00707	0.00884	0.00707	0.00530	0.01767	0.01591	0.02828	0.02474	0.02828	0.01944	0.00884	0.00530	0.00177	0.00353	0.00707	0.77554	0.00707
4	0.65325	0.01526	0.01285	0.01102	0.01595	0.01731	0.00909	0.09208	0.01597	0.08101	0.01273	0.01389	0.00945	0.00743	0.00521	0.00234	0.00618	0.00464	0.00533	0.00904
5	0.75980	0.01443	0.01111	0.00996	0.01455	0.01667	0.00818	0.02202	0.01321	0.03390	0.03410	0.01388	0.01044	0.00734	0.00484	0.00235	0.00579	0.00444	0.00482	0.00818
6	0.01284	0.00800	0.01062	0.01042	0.01225	0.00735	0.00773	0.01568	0.01932	0.09745	0.40283	0.25077	0.05870	0.01746	0.00907	0.00262	0.00425	0.03714	0.00803	0.00747
7	0.01103	0.00735	0.00827	0.00827	0.00827	0.00735	0.00460	0.01103	0.01103	0.01471	0.02390	0.04964	0.02758	0.73343	0.03861	0.00735	0.00735	0.01103	0.00460	0.00460
8	0.10461	0.01519	0.01811	0.01418	0.01987	0.01504	0.01166	0.17634	0.06908	0.43712	0.02548	0.02297	0.01673	0.00916	0.00734	0.00235	0.00679	0.00717	0.00841	0.01239
9	0.02650	0.01119	0.01514	0.01230	0.01678	0.00981	0.00987	0.02950	0.02118	0.47982	0.19649	0.07917	0.03423	0.01187	0.00810	0.00240	0.00559	0.01008	0.00897	0.01101
10	0.02557	0.10689	0.02657	0.02051	0.02501	0.51059	0.09971	0.02815	0.01993	0.01923	0.01200	0.01455	0.01001	0.00774	0.00774	0.00206	0.04548	0.00542	0.00380	0.00906
11	0.01079	0.00806	0.01034	0.01146	0.01323	0.00761	0.00935	0.01354	0.01724	0.02213	0.09462	0.17905	0.21712	0.02054	0.00985	0.00310	0.00551	0.33263	0.00710	0.00671
12	0.01134	0.00776	0.00906	0.00910	0.00957	0.00771	0.00560	0.03408	0.01356	0.01828	0.09636	0.15802	0.03534	0.51825	0.02974	0.00596	0.00652	0.01286	0.00549	0.00541
13	0.01228	0.01055	0.01511	0.01415	0.01583	0.04048	0.05198	0.01497	0.01316	0.01831	0.02117	0.10097	0.02074	0.04501	0.50869	0.00956	0.06626	0.00935	0.00430	0.00712
14	0.01659	0.01659	0.02323	0.01991	0.01991	0.02323	0.01659	0.01825	0.01162	0.01825	0.00996	0.01659	0.00996	0.01328	0.02489	0.00332	0.71955	0.00664	0.00332	0.00830
15	0.01303	0.00821	0.01078	0.01014	0.01225	0.00750	0.00768	0.01626	0.02055	0.09818	0.51084	0.12027	0.08322	0.01596	0.00893	0.00249	0.00408	0.03374	0.00824	0.00763
16	0.01110	0.00737	0.00836	0.00832	0.00849	0.00733	0.00478	0.01144	0.01185	0.01613	0.06656	0.04946	0.03018	0.66546	0.03570	0.00687	0.00700	0.01109	0.02768	0.00484
17	0.01573	0.01348	0.01573	0.01123	0.01798	0.01011	0.00899	0.01910	0.01573	0.02472	0.01348	0.01573	0.01123	0.00562	0.00562	0.00112	0.00562	0.00449	0.00449	0.77980
18	0.03943	0.39184	0.26937	0.01671	0.02454	0.10108	0.01839	0.02402	0.01625	0.02054	0.01177	0.01371	0.00965	0.00691	0.00592	0.00196	0.00978	0.00470	0.00334	0.01011
19	0.04673	0.01794	0.02550	0.02048	0.02462	0.09990	0.21894	0.08458	0.01883	0.02498	0.05730	0.09223	0.04658	0.01311	0.03281	0.00297	0.09456	0.06386	0.00513	0.00895
20	0.02253	0.01790	0.01909	0.01605	0.02090	0.02022	0.01278	0.29269	0.38389	0.03777	0.02617	0.05422	0.02012	0.01038	0.00775	0.00247	0.00689	0.00842	0.00764	0.01212
21	0.01109	0.00839	0.01222	0.01209	0.01324	0.00982	0.00925	0.01347	0.01204	0.01732	0.02028	0.03139	0.01952	0.12795	0.60379	0.01130	0.04777	0.00838	0.00409	0.00660
22	0.01466	0.01343	0.02237	0.61648	0.09953	0.01631	0.02022	0.01958	0.01538	0.02038	0.01427	0.02063	0.01087	0.00760	0.00743	0.00246	0.00960	0.00676	0.05342	0.00862
23	0.01839	0.01808	0.03251	0.13672	0.33356	0.01821	0.20675	0.06412	0.01827	0.02534	0.01469	0.01931	0.01161	0.00688	0.00786	0.00233	0.01008	0.00730	0.00400	0.04398
24	0.01153	0.00832	0.01048	0.01113	0.01237	0.00814	0.00783	0.07944	0.01783	0.02408	0.13928	0.54901	0.04959	0.02094	0.00935	0.00289	0.00469	0.01879	0.00730	0.00702
25	0.01184	0.00960	0.01411	0.01354	0.01465	0.01188	0.01072	0.01437	0.01209	0.01772	0.01851	0.02750	0.01739	0.04929	0.58516	0.01064	0.14214	0.00787	0.00393	0.00704
26	0.01790	0.02046	0.04476	0.03197	0.03964	0.01918	0.65857	0.02430	0.01790	0.02430	0.01535	0.02046	0.01151	0.00639	0.00895	0.00256	0.01279	0.00895	0.00384	0.01023
27	0.03140	0.01236	0.01656	0.01288	0.01841	0.01065	0.01058	0.03423	0.02125	0.62091	0.03485	0.03077	0.08854	0.01042	0.00777	0.00237	0.00618	0.00851	0.00914	0.01223
28	0.01318	0.00659	0.00988	0.00988	0.00988	0.00659	0.00659	0.00988	0.00988	0.01318	0.01318	0.02306	0.01318	0.02635	0.02964	0.77931	0.00659	0.00659	0.00329	0.00329
29	0.02216	0.02004	0.02055	0.01732	0.02042	0.13500	0.01395	0.25577	0.02231	0.02933	0.01535	0.01949	0.01283	0.03419	0.09611	0.00382	0.21491	0.00672	0.02999	0.00976
30	0.01838	0.02171	0.13027	0.05835	0.52989	0.03827	0.04595	0.02354	0.01718	0.02433	0.01411	0.01830	0.01152	0.00686	0.00750	0.00228	0.00964	0.00661	0.00367	0.01165
31	0.67332	0.01483	0.01287	0.08436	0.01899	0.01728	0.00983	0.04939	0.01412	0.03308	0.01120	0.01340	0.00861	0.00719	0.00512	0.00236	0.00642	0.00450	0.00468	0.00844
32	0.01603	0.03394	0.51827	0.02593	0.10255	0.01791	0.13064	0.02399	0.01645	0.02415	0.01396	0.01703	0.01017	0.00703	0.00752	0.00241	0.01124	0.00627	0.00336	0.01113
33	0.01582	0.01377	0.01693	0.01209	0.01887	0.01049	0.03579	0.01931	0.01582	0.02470	0.01356	0.01592	0.01125	0.00565	0.00575	0.00118	0.00591	0.00468	0.00447	0.74805
34	0.02322	0.01073	0.01428	0.01180	0.01581	0.00962	0.00941	0.02703	0.04228	0.37738	0.31911	0.03957	0.04232	0.01213	0.00822	0.00237	0.00516	0.01036	0.00887	0.01033
35	0.02051	0.04354	0.13884	0.01745	0.02352	0.04907	0.05691	0.18697	0.18863	0.04900	0.07491	0.02555	0.02046	0.00953	0.00765	0.00236	0.00818	0.02775	0.00627	0.04290
36	0.00942	0.00670	0.00889	0.01057	0.01103	0.00630	0.00710	0.01075	0.01446	0.01926	0.04095	0.67747	0.04894	0.05556	0.01101	0.00329	0.00462	0.04066	0.00693	0.00612
37	0.02779	0.02073	0.02217	0.01724	0.02312	0.02303	0.01416	0.59565	0.10254	0.04612	0.01954	0.01927	0.01398	0.00923	0.00760	0.00231	0.00810	0.00701	0.00760	0.01281
38	0.07560	0.09810	0.53871	0.01927	0.02926	0.01819	0.02391	0.02345	0.01570	0.02429	0.01309	0.01537	0.00962	0.00703	0.00670	0.00225	0.01016	0.00528	0.00341	0.06063
39	0.01924	0.01775	0.02944	0.04340	0.61980	0.01787	0.02213	0.02487	0.06274	0.04545	0.01589	0.01965	0.01299	0.00708	0.00753	0.00228	0.00873	0.00691	0.00420	0.01204
40	0.00940	0.00672	0.00894	0.01045	0.01104	0.00627	0.00705	0.01096	0.01525	0.02052	0.10905	0.65792	0.05241	0.02290	0.00960	0.00301	0.00431	0.02074	0.00718	0.00627
41	0.01533	0.03209	0.49303	0.10088	0.05975	0.01723	0.09304	0.02305	0.01642	0.02385	0.04459	0.01894	0.01281	0.00753	0.00753	0.00243	0.01082	0.00651	0.00355	0.01064
42	0.13218	0.16834	0.10137	0.02020	0.11111	0.14924	0.03591	0.09790	0.01919	0.05369	0.01390	0.01583	0.01092	0.00743	0.00640	0.00210	0.00927	0.00547	0.02929	0.01024
43	0.01152	0.00958	0.03028	0.01123	0.01324	0.00890	0.00859	0.01705	0.11711	0.02553	0.26951	0.29144	0.09238	0.01789	0.00904	0.00272	0.00463	0.04424	0.00750	0.00760
44	0.01102	0.00737	0.00834	0.00832	0.00839	0.00735	0.00469	0.01116	0.01143	0.01531	0.04910	0.04991	0.02926	0.70594	0.03747	0.00716	0.00721	0.01113	0.00474	0.00469
45	0.01793	0.02038	0.04430	0.03244	0.06069	0.01914	0.63788	0.02426	0.01788	0.02431	0.01531	0.02041	0.01153	0.00641	0.00890	0.00255	0.01266	0.00888	0.00383	0.01029
46	0.08802	0.07153	0.12996	0.02590	0.03344	0.01884	0.42373	0.02405	0.01706	0.04958	0.01564	0.03903	0.01220	0.00718	0.00801	0.00246	0.01114	0.00802	0.00409	0.01013
47	0.01074	0.00775	0.01014	0.00954	0.01133	0.00716	0.00716	0.01431	0.02147	0.03042	0.68211	0.05666	0.07157	0.01551	0.00895	0.00239	0.00358	0.01372	0.00835	0.00716
48	0.00923	0.00664	0.00876	0.01045	0.01097	0.00617	0.00699	0.01057	0.01463	0.01941	0.04315	0.70338	0.07440	0.02359	0.00965	0.00306	0.00438	0.02135	0.00704	0.00617
49	0.01817	0.01770	0.03087	0.12113	0.52540	0.01803	0.08814	0.02347	0.03777	0.02433	0.01481	0.01941	0.01209	0.00693	0.00767	0.00233	0.00943	0.00704	0.00384	0.01142
50	0.10080	0.66203	0.03674	0.01266	0.01896	0.02865	0.01248	0.02267	0.01515	0.01955	0.01055	0.01218	0.00957	0.00655	0.00485	0.00170	0.00788	0.00406	0.00340	0.00957
51	0.01578	0.01041	0.01338	0.01246	0.01487	0.01130	0.00984	0.11901	0.01750	0.07062	0.02375	0.05363	0.02162	0.07126	0.34868	0.00746	0.01323	0.06534	0.09177	0.00810
52	0.38369	0.03944	0.01558	0.08265	0.02016	0.07000	0.01084	0.08279	0.01741	0.11705	0.01552	0.01703	0.01145	0.00780	0.00586	0.00225	0.00706	0.00542	0.07873	0.00926
53	0.03239	0.00790	0.00941	0.00905	0.01110	0.00719	0.00678	0.01343	0.01980	0.02730	0.46737	0.08060	0.24693	0.01659	0.00885	0.00246	0.00375	0.01435	0.00783	0.00694
54	0.25850	0.01776	0.01926	0.08877	0.04438	0.02012	0.01345	0.32294	0.02431	0.06619	0.01539	0.01689	0.01127	0.00844	0.00748	0.00237	0.03966	0.00601	0.00603	0.01077
55	0.02736	0.06956	0.02279	0.01647	0.02225	0.02238	0.01364	0.51720	0.07299	0.08410	0.01940	0.01992	0.01417	0.03229	0.00841	0.00242	0.00803	0.00693	0.00731	0.01236
56	0.02106	0.03353	0.01820	0.01333	0.01932	0.01434	0.01086	0.15361	0.05846	0.11936	0.03495	0.01933	0.01477	0.00763	0.00710	0.00172	0.02926	0.00593	0.00600	0.41122
57	0.09107	0.10995	0.05645	0.07939	0.29482	0.07057	0.14511	0.02360	0.01688	0.02382	0.01340	0.01729	0.01088	0.00683	0.00714	0.00225	0.00985	0.00642	0.00376	0.01050
58	0.04891	0.02927	0.02318	0.05692	0.16909	0.45694	0.01652	0.04813	0.02047	0.04326	0.01312	0.01559	0.01062	0.00764	0.00700	0.00208	0.01185	0.00551	0.00417	0.00973
59	0.01096	0.00763	0.00965	0.00965	0.01013	0.00810	0.00631	0.01191	0.01144	0.01573	0.02264	0.04266	0.02455	0.49567	0.27223	0.00905	0.01191	0.01001	0.00441	0.00536
60	0.02455	0.01838	0.02048	0.01748	0.05178	0.02004	0.01356	0.49181	0.05139	0.04117	0.02422	0.09283	0.04694	0.01142	0.00798	0.00243	0.00767	0.03693	0.00731	0.01163
61	0.03403	0.01291	0.01760	0.01350	0.01936	0.01115	0.01115	0.03697	0.02171	0.69137	0.02992	0.02582	0.01878	0.00939	0.00763	0.00235	0.00645	0.00763	0.00939	0.01291
62	0.01103	0.00735	0.00827	0.00827	0.00827	0.00735	0.00460	0.01103	0.01103	0.01471	0.02390	0.04964	0.02758	0.73343	0.03861	0.00735	0.00735	0.01103	0.00460	0.00460
63	0.03403	0.01291	0.01760	0.01350	0.01936	0.01115	0.01115	0.03697	0.02171	0.69137	0.02992	0.02582	0.01878	0.00939	0.00763	0.00235	0.00645	0.00763	0.00939	0.01291
64	0.03048	0.01861	0.02113	0.01620	0.02221	0.01961	0.01338	0.46366	0.03125	0.25120	0.02191	0.02061	0.01476	0.00919	0.00760	0.00230	0.00775	0.00708	0.00816	0.01290
65	0.01287	0.00892	0.01034	0.00979	0.01061	0.00935	0.00631	0.07963	0.01378	0.01859	0.02280	0.04356	0.02483	0.56264	0.12842	0.00750	0.00927	0.01018	0.00484	0.00577
66	0.70633	0.01502	0.01321	0.01382	0.08519	0.01712	0.00980	0.02240	0.01337	0.03306	0.01095	0.01300	0.00861	0.00701	0.00499	0.00234	0.00620	0.00439	0.00460	0.00861
67	0.01103	0.00735	0.00827	0.00827	0.00827	0.00735	0.00460	0.01103	0.01103	0.01471	0.02390	0.04964	0.02758	0.73343	0.03861	0.00735	0.00735	0.01103	0.00460	0.00460
68	0.01664	0.01674	0.02404	0.02037	0.02065	0.02308	0.04067	0.01848	0.01185	0.01848	0.01016	0.01674	0.01002	0.01302	0.02429	0.00329	0.69304	0.00672	0.00334	0.00837
69	0.01573	0.01348	0.01573	0.01123	0.01798	0.01011	0.00899	0.01910	0.01573	0.02472	0.01348	0.01573	0.01123	0.00562	0.00562	0.00112	0.00562	0.00449	0.00449	0.77980
70	0.01304	0.00825	0.01076	0.00991	0.01211	0.00750	0.00751	0.01639	0.02104	0.09896	0.56173	0.07937	0.09338	0.01534	0.00884	0.00242	0.00392	0.01348	0.00835	0.00769
71	0.73425	0.01478	0.01175	0.01033	0.01512	0.01696	0.00851	0.04117	0.01392	0.06154	0.01158	0.01305	0.00878	0.00720	0.00490	0.00234	0.00596	0.00433	0.00497	0.00854
72	0.03158	0.01237	0.01682	0.01308	0.01852	0.01073	0.01073	0.03459	0.02168	0.62195	0.09842	0.02906	0.02432	0.01003	0.00777	0.00235	0.00615	0.00827	0.00928	0.01230
73	0.75295	0.01496	0.01167	0.01031	0.01507	0.01731	0.00849	0.05098	0.01393	0.03465	0.01091	0.01259	0.00842	0.00713	0.00482	0.00234	0.00598	0.00423	0.00482	0.00842
74	0.01016	0.00758	0.00945	0.00929	0.01106	0.00687	0.00685	0.01309	0.01966	0.02686	0.46961	0.15009	0.19672	0.01739	0.00905	0.00252	0.00374	0.01525	0.00790	0.00687
75	0.01573	0.01348	0.01573	0.01123	0.01798	0.01011	0.00899	0.01910	0.01573	0.02472	0.01348	0.01573	0.01123	0.00562	0.00562	0.00112	0.00562	0.00449	0.00449	0.77980
76	0.01292	0.00659	0.00981	0.00993	0.00995	0.00656	0.00662	0.00993	0.01018	0.01358	0.01503	0.06875	0.01557	0.02618	0.02835	0.72903	0.00645	0.00756	0.00354	0.00348
77	0.00950	0.00671	0.00872	0.01023	0.01060	0.00634	0.00668	0.01063	0.01401	0.01868	0.03919	0.62918	0.04686	0.12757	0.01391	0.00371	0.00483	0.02002	0.00668	0.00593
78	0.01573	0.01348	0.01573	0.01123	0.01798	0.01011	0.00899	0.01910	0.01573	0.02472	0.01348	0.01573	0.01123	0.00562	0.00562	0.00112	0.00562	0.00449	0.00449	0.77980
79	0.03109	0.01677	0.03994	0.01637	0.04673	0.01588	0.01324	0.25188	0.02620	0.42343	0.02479	0.02263	0.01621	0.00912	0.00760	0.00232	0.00735	0.00726	0.00837	0.01282
80	0.78701	0.01467	0.01115	0.00997	0.01467	0.01702	0.00821	0.02230	0.01291	0.03403	0.01056	0.01232	0.00821	0.00704	0.00469	0.00235	0.00587	0.00411	0.00469	0.00821
81	0.02824	0.01163	0.01575	0.01251	0.01737	0.01016	0.01016	0.03134	0.02165	0.52710	0.19201	0.03348	0.03190	0.01091	0.00796	0.00236	0.00574	0.00914	0.00913	0.01148
82	0.01624	0.01736	0.03478	0.17871	0.03806	0.01791	0.40202	0.02146	0.01642	0.02222	0.01674	0.08186	0.01443	0.00881	0.01020	0.00267	0.07747	0.00935	0.00397	0.00930
83	0.00935	0.00770	0.00822	0.00809	0.01048	0.00657	0.00607	0.01164	0.01820	0.02266	0.20920	0.06942	0.54933	0.01840	0.00896	0.00252	0.00378	0.01551	0.00733	0.00657
84	0.70793	0.01448	0.01183	0.01034	0.01516	0.01640	0.00852	0.02384	0.01383	0.10307	0.01260	0.01374	0.00932	0.00729	0.00500	0.00235	0.00593	0.00448	0.00519	0.00871
85	0.00920	0.00759	0.00810	0.00831	0.01055	0.00649	0.00617	0.01121	0.01726	0.02110	0.11373	0.14849	0.55094	0.01953	0.00908	0.00263	0.00397	0.03209	0.00713	0.00644
86	0.01573	0.01348	0.01573	0.01123	0.01798	0.01011	0.00899	0.01910	0.01573	0.02472	0.01348	0.01573	0.01123	0.00562	0.00562	0.00112	0.00562	0.00449	0.00449	0.77980
87	0.03142	0.01263	0.01698	0.01321	0.01865	0.01112	0.01083	0.05441	0.02213	0.60151	0.09805	0.02881	0.02413	0.01002	0.00776	0.00235	0.00621	0.00824	0.00922	0.01230
88	0.02568	0.03185	0.02064	0.01879	0.02216	0.58310	0.01425	0.02770	0.01983	0.01844	0.01250	0.01557	0.01075	0.01335	0.08124	0.00312	0.06323	0.00535	0.00388	0.00855
89	0.01103	0.00735	0.00827	0.00827	0.00827	0.00735	0.00460	0.01103	0.01103	0.01471	0.02390	0.04964	0.02758	0.73343	0.03861	0.00735	0.00735	0.01103	0.00460	0.00460
90	0.02778	0.08472	0.02276	0.01909	0.02317	0.65641	0.01454	0.02976	0.02107	0.01851	0.01164	0.01357	0.00977	0.00772	0.00670	0.00193	0.01329	0.00483	0.00386	0.00886
91	0.05175	0.02261	0.02228	0.01744	0.02325	0.09468	0.01425	0.57526	0.03349	0.04432	0.01730	0.01756	0.01243	0.00891	0.00742	0.00224	0.00883	0.00654	0.00711	0.01233
92	0.02012	0.01645	0.01760	0.01524	0.01965	0.01862	0.01201	0.16896	0.46923	0.03500	0.09659	0.02914	0.02607	0.01059	0.00782	0.00249	0.00624	0.00875	0.00776	0.01169
93	0.02151	0.05500	0.06163	0.01375	0.01948	0.03599	0.01175	0.06377	0.12180	0.18958	0.04132	0.06742	0.01907	0.00915	0.00701	0.00202	0.00666	0.00747	0.00648	0.23914
94	0.02145	0.55240	0.07867	0.01544	0.04062	0.11940	0.01443	0.02431	0.01654	0.04077	0.01165	0.01327	0.01010	0.00682	0.00546	0.00176	0.00904	0.00447	0.00355	0.00987
95	0.10258	0.54018	0.03335	0.01337	0.01936	0.09606	0.01252	0.02443	0.01621	0.06623	0.01201	0.01328	0.01020	0.00688	0.00524	0.00178	0.00833	0.00439	0.00389	0.00970
96	0.01633	0.01296	0.01620	0.01349	0.01780	0.01223	0.02884	0.07849	0.06001	0.05057	0.02359	0.16721	0.02315	0.01200	0.00875	0.00218	0.05708	0.06617	0.00581	0.32713
97	0.05884	0.01838	0.04251	0.01682	0.04270	0.01881	0.01367	0.35504	0.07007	0.20047	0.05092	0.02211	0.01723	0.00942	0.00797	0.00235	0.02562	0.00729	0.00758	0.01219
98	0.78701	0.01467	0.01115	0.00997	0.01467	0.01702	0.00821	0.02230	0.01291	0.03403	0.01056	0.01232	0.00821	0.00704	0.00469	0.00235	0.00587	0.00411	0.00469	0.00821
99	0.00896	0.00768	0.00768	0.00768	0.01025	0.00640	0.00576	0.01089	0.01729	0.02049	0.07684	0.07300	0.68304	0.01921	0.00896	0.00256	0.00384	0.01601	0.00704	0.00640
100	0.01918	0.01631	0.01718	0.01528	0.01962	0.01871	0.01193	0.08212	0.60326	0.03241	0.03176	0.02931	0.04771	0.01055	0.00776	0.00255	0.00608	0.00874	0.00768	0.01185
101	0.02725	0.13018	0.02394	0.01866	0.02292	0.61282	0.01443	0.02927	0.02068	0.01847	0.01157	0.01348	0.00977	0.00764	0.00658	0.00191	0.01293	0.00477	0.00382	0.00892
102	0.09548	0.01361	0.02153	0.64113	0.04830	0.01687	0.01972	0.01969	0.01493	0.02092	0.01317	0.01939	0.00991	0.00753	0.00728	0.00251	0.00967	0.00646	0.00351	0.00840
103	0.05834	0.02190	0.02066	0.01877	0.02296	0.11607	0.01391	0.07712	0.34061	0.03530	0.13520	0.03685	0.03241	0.01445	0.01022	0.00354	0.00897	0.01029	0.00892	0.01348
104	0.00937	0.00770	0.00824	0.00811	0.01049	0.00658	0.00608	0.01167	0.01824	0.02276	0.21497	0.06927	0.54349	0.01836	0.00896	0.00252	0.00378	0.01549	0.00734	0.00658
105	0.00996	0.00690	0.00859	0.00965	0.00991	0.00664	0.00606	0.01075	0.01312	0.01750	0.03464	0.45665	0.04112	0.30794	0.02126	0.00479	0.00558	0.01735	0.00606	0.00553
106	0.00896	0.00768	0.00768	0.00768	0.01025	0.00640	0.00576	0.01089	0.01729	0.02049	0.07684	0.07300	0.68304	0.01921	0.00896	0.00256	0.00384	0.01601	0.00704	0.00640
107	0.02770	0.05791	0.02213	0.01934	0.02321	0.65966	0.01466	0.02966	0.02098	0.01853	0.01163	0.01372	0.00978	0.00795	0.00736	0.00199	0.03618	0.00492	0.00387	0.00881
108	0.76231	0.03797	0.01207	0.01007	0.01482	0.01743	0.00837	0.02231	0.01299	0.03351	0.01056	0.01232	0.00826	0.00702	0.00470	0.00232	0.00594	0.00411	0.00465	0.00826
109	0.01781	0.02174	0.15569	0.08515	0.52154	0.01787	0.02403	0.02317	0.01690	0.02429	0.01409	0.01835	0.01144	0.00690	0.00746	0.00230	0.00950	0.00654	0.00363	0.01163
110	0.01958	0.01937	0.16904	0.09020	0.04691	0.01479	0.01627	0.02853	0.17054	0.16186	0.05144	0.02781	0.01987	0.00953	0.00761	0.00240	0.00772	0.04946	0.00615	0.08094
111	0.01075	0.00775	0.01023	0.01010	0.01176	0.00723	0.00768	0.01411	0.02040	0.02857	0.55463	0.12272	0.06663	0.01685	0.00918	0.00257	0.00401	0.07971	0.00808	0.00705
112	0.01813	0.40534	0.23069	0.06617	0.02784	0.02430	0.08808	0.02304	0.01584	0.02046	0.01217	0.01475	0.00992	0.00676	0.00618	0.00201	0.00967	0.00523	0.00331	0.01013
113	0.06723	0.00860	0.01363	0.01221	0.01334	0.00863	0.07517	0.01225	0.01093	0.01579	0.01322	0.02204	0.01266	0.02292	0.02574	0.64397	0.00719	0.00666	0.00345	0.00436
114	0.02394	0.32701	0.05971	0.03384	0.02267	0.04908	0.01440	0.27643	0.05096	0.05186	0.01528	0.01609	0.01183	0.00788	0.00639	0.00201	0.00845	0.00562	0.00536	0.01118

[dist]
# distance from previous block
# <min> <max>
0	1

[block]
# block no. 2 follows, 26 sequences, length 55
# corresponding to MSA columns:
# 228-282
name=unknown_C
#
# <colnr> <probs for GDERKNQSTAVLIFYWHMCP>
#	G	D	E	R	K	N	Q	S	T	A	V	L	I	F	Y	W	H	M	C	P
0	0.04575	0.18808	0.31371	0.01723	0.02524	0.03795	0.01901	0.07664	0.05910	0.10177	0.03606	0.01824	0.01360	0.00790	0.00675	0.00221	0.00908	0.00594	0.00477	0.01097
1	0.02089	0.01324	0.01549	0.01300	0.01734	0.01316	0.01038	0.13810	0.13481	0.18323	0.13322	0.06154	0.10309	0.01221	0.00802	0.00238	0.00585	0.03467	0.00779	0.07159
2	0.72681	0.01404	0.01097	0.01002	0.01438	0.01618	0.00812	0.02139	0.01303	0.03290	0.01298	0.06775	0.01146	0.00834	0.00508	0.00240	0.00575	0.00546	0.00488	0.00806
3	0.02263	0.01681	0.02009	0.07315	0.06294	0.01887	0.01400	0.24078	0.20251	0.09772	0.04098	0.02339	0.01779	0.00969	0.00888	0.00244	0.06237	0.00757	0.04595	0.01143
4	0.03277	0.01428	0.01777	0.01392	0.01959	0.04600	0.01138	0.03685	0.06383	0.61526	0.02908	0.02538	0.01861	0.00937	0.00759	0.00234	0.00678	0.00755	0.00901	0.01265
5	0.00924	0.00660	0.00880	0.01056	0.01100	0.00616	0.00704	0.01056	0.01452	0.01936	0.04181	0.72848	0.05017	0.02376	0.00968	0.00308	0.00440	0.02156	0.00704	0.00616
6	0.01755	0.01667	0.02843	0.13246	0.52774	0.01708	0.04238	0.02184	0.01653	0.02326	0.01494	0.02141	0.01295	0.06310	0.00997	0.00269	0.00915	0.00716	0.00377	0.01090
7	0.01815	0.16210	0.41504	0.02020	0.02877	0.11502	0.05416	0.02435	0.01652	0.02186	0.01269	0.01525	0.00977	0.00745	0.00778	0.00226	0.04944	0.00545	0.00335	0.01040
8	0.03245	0.01544	0.01917	0.01470	0.02063	0.01491	0.01214	0.22665	0.02595	0.49569	0.02636	0.02350	0.01699	0.00930	0.00762	0.00233	0.00703	0.00738	0.00884	0.01291
9	0.00947	0.00677	0.00907	0.01083	0.01137	0.00636	0.00744	0.01096	0.01475	0.01962	0.04168	0.67872	0.04966	0.02355	0.00974	0.00311	0.00460	0.06905	0.00704	0.00622
10	0.01054	0.00773	0.00995	0.01013	0.01167	0.00725	0.00748	0.01387	0.03592	0.02646	0.42006	0.23587	0.09981	0.01811	0.00920	0.00265	0.00409	0.05442	0.00782	0.00696
11	0.01043	0.00710	0.00845	0.00904	0.00918	0.00696	0.00541	0.01087	0.01220	0.01626	0.02988	0.27624	0.03512	0.49654	0.02895	0.00593	0.00637	0.01455	0.00541	0.00512
12	0.02883	0.02125	0.02276	0.01745	0.02352	0.02352	0.01442	0.66082	0.03566	0.04780	0.01821	0.01821	0.01290	0.00911	0.00759	0.00228	0.00835	0.00683	0.00759	0.01290
13	0.01505	0.01607	0.11185	0.06184	0.02244	0.01225	0.06282	0.03661	0.03125	0.04616	0.03838	0.18942	0.02305	0.01154	0.00814	0.00223	0.02813	0.02601	0.00524	0.25151
14	0.01889	0.31687	0.31390	0.01734	0.02584	0.02176	0.04460	0.02427	0.01628	0.07460	0.01373	0.01540	0.01055	0.00697	0.00628	0.00202	0.00934	0.00521	0.00381	0.05234
15	0.03380	0.01329	0.01784	0.01367	0.01955	0.01171	0.01130	0.06525	0.02234	0.66219	0.02939	0.02547	0.01851	0.00938	0.00763	0.00234	0.00654	0.00759	0.00931	0.01291
16	0.01790	0.02046	0.04476	0.03197	0.03964	0.01918	0.65857	0.02430	0.01790	0.02430	0.01535	0.02046	0.01151	0.00639	0.00895	0.00256	0.01279	0.00895	0.00384	0.01023
17	0.01787	0.01711	0.02916	0.18157	0.55812	0.01779	0.02283	0.02249	0.01685	0.02369	0.01411	0.01907	0.01163	0.00692	0.00752	0.00231	0.00923	0.00675	0.00368	0.01129
18	0.01103	0.00735	0.00827	0.00827	0.00827	0.00735	0.00460	0.01103	0.01103	0.01471	0.02390	0.04964	0.02758	0.73343	0.03861	0.00735	0.00735	0.01103	0.00460	0.00460
19	0.07944	0.01301	0.01721	0.01328	0.01908	0.01150	0.01097	0.03608	0.02118	0.65173	0.02876	0.02500	0.01814	0.00925	0.00745	0.00235	0.00642	0.00742	0.00910	0.01263
20	0.00964	0.00762	0.00870	0.00880	0.01086	0.00668	0.00657	0.01202	0.01817	0.02329	0.24479	0.14507	0.40844	0.01875	0.00910	0.00261	0.00396	0.04089	0.00742	0.00661
21	0.09386	0.01305	0.01709	0.01322	0.01899	0.01161	0.01092	0.03580	0.02101	0.63914	0.02839	0.02474	0.01794	0.00920	0.00739	0.00235	0.00641	0.00735	0.00902	0.01254
22	0.01432	0.01348	0.02275	0.71520	0.05224	0.01685	0.02107	0.01938	0.01517	0.01938	0.01348	0.02022	0.01011	0.00758	0.00758	0.00253	0.01011	0.00674	0.00337	0.00843
23	0.01566	0.06959	0.62323	0.02278	0.07283	0.01820	0.02705	0.02392	0.01606	0.02379	0.01351	0.01601	0.00976	0.00715	0.00712	0.00236	0.01093	0.00561	0.00324	0.01119
24	0.01074	0.00775	0.01014	0.00954	0.01133	0.00716	0.00716	0.01431	0.02147	0.03042	0.68211	0.05666	0.07157	0.01551	0.00895	0.00239	0.00358	0.01372	0.00835	0.00716
25	0.03099	0.01303	0.01706	0.01337	0.01887	0.01175	0.01095	0.05747	0.06433	0.57445	0.04945	0.02888	0.05325	0.01009	0.00773	0.00237	0.00629	0.00824	0.00907	0.01237
26	0.01449	0.01338	0.02200	0.59849	0.04622	0.01688	0.01970	0.01867	0.01447	0.01888	0.01309	0.02002	0.01029	0.00935	0.01077	0.05090	0.08424	0.00672	0.00336	0.00809
27	0.01076	0.00773	0.00988	0.01109	0.01197	0.00750	0.00761	0.06089	0.01616	0.02156	0.03998	0.67350	0.04728	0.02263	0.00952	0.00302	0.00471	0.02042	0.00708	0.00668
28	0.06548	0.08594	0.20303	0.02592	0.03388	0.01974	0.38028	0.02373	0.01666	0.02405	0.01399	0.01798	0.01062	0.00692	0.00853	0.00246	0.03960	0.00731	0.00366	0.01023
29	0.12573	0.06276	0.01900	0.01431	0.01921	0.06035	0.01168	0.32920	0.05801	0.03701	0.03818	0.04319	0.01610	0.00918	0.00677	0.00217	0.00728	0.00691	0.09635	0.03661
30	0.58503	0.01440	0.01262	0.01081	0.01561	0.01600	0.00888	0.06394	0.01581	0.13322	0.01471	0.01558	0.01070	0.00762	0.00535	0.00231	0.00598	0.00497	0.04733	0.00915
31	0.66841	0.01370	0.01103	0.00997	0.01430	0.01560	0.00809	0.02196	0.01353	0.05897	0.01388	0.05261	0.01158	0.00815	0.00512	0.00235	0.00567	0.00537	0.05149	0.00822
32	0.01551	0.01325	0.01550	0.01121	0.01774	0.00998	0.00892	0.01881	0.01569	0.02454	0.01443	0.03962	0.01254	0.00623	0.00575	0.00119	0.00558	0.00507	0.00458	0.75387
33	0.01010	0.00756	0.00941	0.00958	0.01127	0.00687	0.00711	0.01282	0.01882	0.02535	0.36949	0.20003	0.20959	0.01840	0.00919	0.00264	0.00401	0.05330	0.00769	0.00676
34	0.00952	0.00684	0.00908	0.01069	0.01135	0.00640	0.00740	0.01111	0.01510	0.02009	0.06812	0.63403	0.06920	0.02309	0.00969	0.00307	0.00455	0.06732	0.00709	0.00627
35	0.02120	0.02130	0.02427	0.07462	0.04803	0.16955	0.09697	0.15072	0.05243	0.02605	0.01665	0.07426	0.01462	0.01040	0.01148	0.00256	0.16240	0.00788	0.00490	0.00972
36	0.03297	0.06903	0.01932	0.01346	0.01937	0.01261	0.01129	0.03586	0.02122	0.63924	0.02842	0.02476	0.01808	0.00916	0.00741	0.00229	0.00658	0.00735	0.00891	0.01266
37	0.03089	0.01301	0.01714	0.01344	0.01887	0.01178	0.01099	0.06032	0.06270	0.56801	0.08525	0.02830	0.02332	0.00996	0.00774	0.00236	0.00626	0.00817	0.00912	0.01236
38	0.01074	0.00775	0.01014	0.00954	0.01133	0.00716	0.00716	0.01431	0.02147	0.03042	0.68211	0.05666	0.07157	0.01551	0.00895	0.00239	0.00358	0.01372	0.00835	0.00716
39	0.03403	0.01291	0.01760	0.01350	0.01936	0.01115	0.01115	0.03697	0.02171	0.69137	0.02992	0.02582	0.01878	0.00939	0.00763	0.00235	0.00645	0.00763	0.00939	0.01291
40	0.01573	0.01348	0.01573	0.01123	0.01798	0.01011	0.00899	0.01910	0.01573	0.02472	0.01348	0.01573	0.01123	0.00562	0.00562	0.00112	0.00562	0.00449	0.00449	0.77980
41	0.01855	0.00988	0.01225	0.01108	0.01361	0.00943	0.00801	0.02214	0.08230	0.22852	0.07205	0.16155	0.05443	0.24067	0.01788	0.00409	0.00606	0.01193	0.00715	0.00842
42	0.07555	0.00767	0.00739	0.00730	0.00930	0.00786	0.00553	0.01804	0.01567	0.02874	0.02362	0.02701	0.01855	0.00869	0.00525	0.00181	0.00372	0.00683	0.71429	0.00716
43	0.00932	0.00666	0.00887	0.01051	0.01102	0.00621	0.00705	0.01076	0.01490	0.01996	0.07649	0.69209	0.05133	0.02332	0.00964	0.00304	0.00436	0.02114	0.00711	0.00621
44	0.38082	0.01418	0.01491	0.01209	0.01743	0.01453	0.00997	0.06431	0.01842	0.35320	0.02036	0.01918	0.01359	0.00829	0.00627	0.00234	0.00629	0.00596	0.00713	0.01074
45	0.72521	0.01403	0.01096	0.01002	0.01438	0.01615	0.00812	0.02136	0.01304	0.03287	0.01304	0.06922	0.01155	0.00837	0.00509	0.00241	0.00575	0.00549	0.00488	0.00805
46	0.01826	0.01018	0.01294	0.01124	0.01452	0.00957	0.00878	0.02355	0.09343	0.22054	0.39198	0.04544	0.08135	0.01335	0.00843	0.00240	0.00469	0.01151	0.00851	0.00931
47	0.01345	0.00689	0.00905	0.00916	0.00988	0.00689	0.00649	0.01298	0.01247	0.01906	0.01893	0.02883	0.01729	0.01989	0.01992	0.45838	0.00555	0.04648	0.27357	0.00485
48	0.01350	0.01068	0.06347	0.01080	0.01378	0.00823	0.00904	0.01689	0.01965	0.10810	0.38568	0.12948	0.14994	0.01562	0.00874	0.00249	0.00466	0.01359	0.00773	0.00795
49	0.01197	0.00943	0.01225	0.01215	0.01366	0.04372	0.00941	0.01470	0.01295	0.01850	0.02024	0.02888	0.01854	0.05063	0.61333	0.01085	0.01865	0.00788	0.06535	0.00690
50	0.20719	0.01970	0.02003	0.01569	0.02144	0.02199	0.01296	0.51061	0.03031	0.04456	0.01641	0.01683	0.01180	0.00862	0.00691	0.00229	0.00776	0.00619	0.00691	0.01180
51	0.07175	0.00852	0.01037	0.00962	0.01187	0.00805	0.00732	0.01571	0.02051	0.05993	0.55579	0.05304	0.10951	0.01485	0.00856	0.00239	0.00391	0.01287	0.00802	0.00744
52	0.11202	0.01032	0.01244	0.01123	0.01433	0.01006	0.00872	0.02210	0.06031	0.19344	0.27218	0.11934	0.04242	0.03786	0.00917	0.00268	0.00510	0.03967	0.00778	0.00882
53	0.00953	0.00690	0.00904	0.01036	0.01116	0.00640	0.00715	0.01128	0.01577	0.02111	0.13454	0.57272	0.09115	0.02223	0.00956	0.00296	0.00434	0.04024	0.00722	0.00634
54	0.01877	0.01802	0.03079	0.04656	0.68612	0.01802	0.02328	0.02328	0.01727	0.02478	0.01427	0.01877	0.01201	0.00676	0.00751	0.00225	0.00901	0.00676	0.00375	0.01201

[dist]
# distance from previous block
# <min> <max>
0	1

[block]
# block no. 3 follows, 26 sequences, length 117
# corresponding to MSA columns:
# 284-400
name=unknown_D
#
# <colnr> <probs for GDERKNQSTAVLIFYWHMCP>
#	G	D	E	R	K	N	Q	S	T	A	V	L	I	F	Y	W	H	M	C	P
0	0.01027	0.00770	0.00958	0.00961	0.01143	0.00700	0.00726	0.01318	0.01931	0.02606	0.40440	0.13873	0.21563	0.01783	0.00917	0.00261	0.00404	0.07159	0.00776	0.00685
1	0.01085	0.00728	0.00833	0.00850	0.00854	0.00723	0.00484	0.01098	0.01138	0.01517	0.02568	0.11727	0.02983	0.66273	0.03572	0.00693	0.00706	0.01208	0.00484	0.00475
2	0.68578	0.01477	0.01268	0.07966	0.01866	0.01722	0.00969	0.04319	0.01389	0.03305	0.01110	0.01330	0.00856	0.00716	0.00507	0.00236	0.00637	0.00446	0.00466	0.00839
3	0.00932	0.00663	0.00878	0.01046	0.01088	0.00621	0.00693	0.01058	0.01437	0.01916	0.04102	0.69859	0.04917	0.05501	0.01095	0.00327	0.00453	0.02110	0.00693	0.00609
4	0.01473	0.01401	0.02096	0.01808	0.01902	0.01812	0.06516	0.01690	0.01240	0.01851	0.01527	0.06600	0.01536	0.05491	0.17169	0.00536	0.43359	0.00828	0.00381	0.00782
5	0.29672	0.01501	0.01600	0.01299	0.01832	0.01568	0.01065	0.11812	0.08485	0.30621	0.02159	0.02027	0.01468	0.00861	0.00660	0.00236	0.00646	0.00637	0.00732	0.01117
6	0.72691	0.01439	0.01163	0.04128	0.01623	0.01668	0.00875	0.02190	0.01329	0.03326	0.03300	0.01415	0.01040	0.00735	0.00496	0.00236	0.00598	0.00454	0.00476	0.00819
7	0.02013	0.01609	0.01809	0.01332	0.01984	0.01461	0.01081	0.23460	0.02242	0.03247	0.01507	0.01656	0.01179	0.00679	0.00628	0.00151	0.00653	0.00528	0.00553	0.52227
8	0.01607	0.00891	0.01171	0.01118	0.01374	0.00800	0.00854	0.01861	0.01834	0.18534	0.18119	0.27066	0.09584	0.01722	0.00891	0.00268	0.00497	0.07646	0.00781	0.03382
9	0.00943	0.00701	0.00863	0.00964	0.01068	0.00639	0.00660	0.01102	0.01560	0.02037	0.10875	0.46823	0.20022	0.06655	0.01126	0.00316	0.00438	0.01886	0.00701	0.00621
10	0.01129	0.00735	0.00923	0.01001	0.01060	0.00707	0.00661	0.01231	0.01362	0.04678	0.03373	0.36561	0.03892	0.31752	0.02166	0.00486	0.00592	0.06493	0.00612	0.00587
11	0.01432	0.01348	0.02275	0.71520	0.05224	0.01685	0.02107	0.01938	0.01517	0.01938	0.01348	0.02022	0.01011	0.00758	0.00758	0.00253	0.01011	0.00674	0.00337	0.00843
12	0.58635	0.01382	0.01226	0.01058	0.01525	0.01518	0.00863	0.02445	0.01493	0.15968	0.04437	0.01792	0.01359	0.02808	0.00639	0.00249	0.00592	0.00540	0.00576	0.00897
13	0.16619	0.01121	0.01327	0.01133	0.01516	0.01084	0.00898	0.04167	0.01987	0.26764	0.26056	0.08078	0.03763	0.01208	0.00768	0.00241	0.00523	0.01005	0.00792	0.00951
14	0.01709	0.00960	0.01249	0.01084	0.01380	0.00886	0.00844	0.04951	0.02218	0.18778	0.49700	0.04758	0.05636	0.01376	0.00857	0.00237	0.00448	0.01196	0.00856	0.00878
15	0.02802	0.03471	0.02140	0.01929	0.02332	0.64536	0.01455	0.06163	0.04525	0.02047	0.01272	0.01442	0.01040	0.00797	0.00691	0.00199	0.01314	0.00511	0.00422	0.00911
16	0.05884	0.00912	0.01102	0.01045	0.01302	0.00858	0.00794	0.01812	0.04760	0.12998	0.24962	0.18967	0.16489	0.01637	0.00864	0.00259	0.00459	0.03323	0.00772	0.00799
17	0.01380	0.00809	0.01071	0.01053	0.01235	0.00739	0.00765	0.01625	0.01835	0.12918	0.29966	0.32070	0.05313	0.04356	0.01010	0.00284	0.00449	0.01581	0.00785	0.00757
18	0.04999	0.01360	0.01737	0.01355	0.01897	0.01267	0.01111	0.12508	0.02349	0.50820	0.09926	0.02775	0.02344	0.00996	0.00769	0.00234	0.00640	0.00809	0.00889	0.01216
19	0.00940	0.00673	0.00895	0.01045	0.01104	0.00627	0.00705	0.01097	0.01528	0.02056	0.11139	0.65547	0.05249	0.02287	0.00960	0.00300	0.00431	0.02071	0.00718	0.00627
20	0.52644	0.01408	0.01230	0.01074	0.01522	0.01579	0.00873	0.06428	0.05926	0.08960	0.01583	0.01692	0.01182	0.00781	0.00540	0.00228	0.00579	0.00525	0.10345	0.00901
21	0.00927	0.00695	0.00860	0.00976	0.01083	0.00629	0.00672	0.01089	0.01569	0.02038	0.09328	0.51639	0.21328	0.02205	0.00945	0.00290	0.00420	0.01962	0.00713	0.00629
22	0.78701	0.01467	0.01115	0.00997	0.01467	0.01702	0.00821	0.02230	0.01291	0.03403	0.01056	0.01232	0.00821	0.00704	0.00469	0.00235	0.00587	0.00411	0.00469	0.00821
23	0.02977	0.01251	0.01663	0.01305	0.01824	0.01118	0.01066	0.06901	0.02247	0.54187	0.14022	0.03063	0.02742	0.01041	0.00785	0.00235	0.00607	0.00862	0.00911	0.01193
24	0.01458	0.00857	0.01114	0.01024	0.01253	0.00783	0.00775	0.01754	0.01989	0.13824	0.42880	0.08273	0.08479	0.08028	0.01151	0.00292	0.00460	0.04027	0.00800	0.00780
25	0.07797	0.01999	0.02112	0.01647	0.02211	0.02219	0.01347	0.56297	0.06112	0.04475	0.01851	0.01962	0.01367	0.04037	0.00874	0.00251	0.00804	0.00691	0.00727	0.01219
26	0.01084	0.00809	0.01201	0.01201	0.01330	0.00938	0.00926	0.01343	0.01214	0.01747	0.02048	0.03071	0.01936	0.08795	0.67285	0.01197	0.01972	0.00826	0.00409	0.00667
27	0.01091	0.00744	0.00849	0.00859	0.00930	0.00720	0.00548	0.01194	0.01358	0.01839	0.09368	0.08653	0.11734	0.46101	0.02719	0.00553	0.00614	0.03918	0.05668	0.00541
28	0.00923	0.00666	0.00874	0.01040	0.01096	0.00617	0.00697	0.01058	0.01468	0.01943	0.04382	0.69076	0.08659	0.02350	0.00964	0.00305	0.00437	0.02124	0.00704	0.00617
29	0.02439	0.01454	0.01689	0.01416	0.01889	0.01522	0.01129	0.09046	0.31263	0.26810	0.07241	0.02842	0.02375	0.01015	0.00765	0.00242	0.00610	0.00836	0.04232	0.01187
30	0.02566	0.01844	0.02010	0.01596	0.02127	0.02000	0.01312	0.51579	0.03164	0.07128	0.02608	0.05095	0.07686	0.01120	0.00795	0.00240	0.00765	0.04434	0.00756	0.01175
31	0.12711	0.59672	0.07341	0.01306	0.01957	0.02748	0.01318	0.02273	0.01510	0.02046	0.01072	0.01241	0.00951	0.00661	0.00498	0.00177	0.00798	0.00415	0.00344	0.00961
32	0.03275	0.01480	0.04735	0.01420	0.02032	0.01254	0.01217	0.09252	0.02272	0.60460	0.02816	0.02471	0.01785	0.00927	0.00761	0.00234	0.00683	0.00747	0.00896	0.01283
33	0.01120	0.00768	0.01011	0.00989	0.01153	0.00708	0.00727	0.01428	0.02002	0.05008	0.52577	0.19690	0.06531	0.01704	0.00906	0.00253	0.00385	0.01516	0.00811	0.00714
34	0.13220	0.02193	0.02080	0.04869	0.02348	0.11827	0.01382	0.43364	0.05071	0.03993	0.01644	0.01719	0.01202	0.00861	0.00709	0.00226	0.00876	0.00623	0.00648	0.01144
35	0.01864	0.02064	0.03970	0.09207	0.03846	0.05866	0.51287	0.05322	0.01847	0.02440	0.01492	0.01982	0.01129	0.00694	0.00917	0.00253	0.03587	0.00834	0.00395	0.01004
36	0.01314	0.00696	0.01044	0.04447	0.01189	0.00713	0.00721	0.01040	0.01019	0.01355	0.01366	0.02409	0.01366	0.05671	0.02896	0.70699	0.00679	0.00679	0.00336	0.00360
37	0.01185	0.01029	0.01152	0.01170	0.01343	0.06270	0.03087	0.03468	0.01705	0.02153	0.09013	0.42110	0.17563	0.01979	0.00919	0.00280	0.00547	0.03658	0.00679	0.00688
38	0.01956	0.63829	0.13312	0.01421	0.02137	0.02824	0.01513	0.02290	0.01550	0.01873	0.01098	0.01272	0.00972	0.00659	0.00520	0.00173	0.00855	0.00428	0.00324	0.00994
39	0.01244	0.01028	0.01275	0.05260	0.01579	0.05903	0.00991	0.01502	0.01340	0.01833	0.02146	0.06365	0.02075	0.09801	0.47256	0.00930	0.01625	0.02944	0.04220	0.00684
40	0.02234	0.01765	0.02247	0.20579	0.09489	0.01980	0.01647	0.36868	0.02680	0.03597	0.05484	0.02140	0.01565	0.01043	0.03081	0.00268	0.00901	0.00724	0.00601	0.01109
41	0.02810	0.01977	0.02160	0.01671	0.02237	0.02166	0.01370	0.58035	0.03312	0.08392	0.01858	0.01899	0.01327	0.01027	0.00905	0.05388	0.00812	0.00686	0.00741	0.01226
42	0.02028	0.73799	0.03975	0.01298	0.01947	0.03001	0.01298	0.02271	0.01541	0.01785	0.01055	0.01217	0.00973	0.00649	0.00487	0.00162	0.00811	0.00406	0.00324	0.00973
43	0.01524	0.01449	0.02506	0.49881	0.11915	0.01709	0.07806	0.01973	0.01517	0.02006	0.01350	0.01999	0.01060	0.00866	0.00987	0.04072	0.05468	0.00693	0.00345	0.00874
44	0.01481	0.01370	0.02168	0.51478	0.04251	0.03204	0.04678	0.01929	0.01519	0.02039	0.01532	0.04413	0.01243	0.00868	0.00892	0.00252	0.06909	0.00731	0.08215	0.00829
45	0.03296	0.01267	0.01726	0.01331	0.01899	0.01096	0.01096	0.03592	0.02170	0.66087	0.06002	0.02724	0.02121	0.00967	0.00769	0.00235	0.00632	0.00791	0.00934	0.01264
46	0.03403	0.01291	0.01760	0.01350	0.01936	0.01115	0.01115	0.03697	0.02171	0.69137	0.02992	0.02582	0.01878	0.00939	0.00763	0.00235	0.00645	0.00763	0.00939	0.01291
47	0.28715	0.01749	0.01951	0.03801	0.05207	0.01916	0.04943	0.29085	0.02371	0.08247	0.01612	0.01728	0.01172	0.00810	0.00659	0.00231	0.00754	0.00607	0.03369	0.01075
48	0.01002	0.00720	0.00950	0.01003	0.01117	0.00668	0.00710	0.01252	0.01815	0.02513	0.37605	0.37779	0.06134	0.01945	0.00930	0.00272	0.00397	0.01747	0.00772	0.00668
49	0.02883	0.02125	0.02276	0.01745	0.02352	0.02352	0.01442	0.66082	0.03566	0.04780	0.01821	0.01821	0.01290	0.00911	0.00759	0.00228	0.00835	0.00683	0.00759	0.01290
50	0.04349	0.01523	0.02338	0.27225	0.06930	0.01738	0.08505	0.04396	0.05929	0.02301	0.01555	0.04983	0.01311	0.00908	0.01050	0.00250	0.13285	0.00736	0.00421	0.10267
51	0.06215	0.37251	0.19851	0.01568	0.02260	0.05281	0.04378	0.02218	0.01609	0.02136	0.04561	0.04897	0.03273	0.00828	0.00622	0.00204	0.00872	0.00624	0.00388	0.00963
52	0.01113	0.00803	0.01173	0.01173	0.01312	0.00926	0.00910	0.01392	0.01253	0.01857	0.02072	0.02966	0.01901	0.05254	0.64015	0.01125	0.01880	0.00803	0.07394	0.00680
53	0.03403	0.01291	0.01760	0.01350	0.01936	0.01115	0.01115	0.03697	0.02171	0.69137	0.02992	0.02582	0.01878	0.00939	0.00763	0.00235	0.00645	0.00763	0.00939	0.01291
54	0.01876	0.01841	0.02939	0.10262	0.52599	0.04833	0.05112	0.02442	0.06080	0.02446	0.01524	0.01939	0.01246	0.00710	0.00757	0.00230	0.00929	0.00690	0.00399	0.01147
55	0.78701	0.01467	0.01115	0.00997	0.01467	0.01702	0.00821	0.02230	0.01291	0.03403	0.01056	0.01232	0.00821	0.00704	0.00469	0.00235	0.00587	0.00411	0.00469	0.00821
56	0.78701	0.01467	0.01115	0.00997	0.01467	0.01702	0.00821	0.02230	0.01291	0.03403	0.01056	0.01232	0.00821	0.00704	0.00469	0.00235	0.00587	0.00411	0.00469	0.00821
