[name]
unknown

[dist]
# distance from previous block
# <min> <max>
0	28

[block]
# block no. 0 follows, 21 sequences, length 6
# corresponding to MSA columns:
# 28-33
name=unknown_A
#
# <colnr> <probs for GDERKNQSTAVLIFYWHMCP>
#	G	D	E	R	K	N	Q	S	T	A	V	L	I	F	Y	W	H	M	C	P
0	0.01371	0.00980	0.01371	0.01567	0.01763	0.00980	0.01371	0.01763	0.01959	0.02547	0.04506	0.09599	0.04898	0.02351	0.01175	0.00392	0.00784	0.59056	0.00784	0.00784
1	0.01765	0.01513	0.01765	0.01260	0.02017	0.01134	0.01008	0.02143	0.01765	0.02773	0.01513	0.01765	0.01260	0.00630	0.00630	0.00126	0.00630	0.00504	0.00504	0.75295
2	0.66278	0.01745	0.01427	0.01232	0.01780	0.02008	0.01015	0.10517	0.01793	0.04027	0.01301	0.01472	0.00993	0.00821	0.00570	0.00262	0.00696	0.00502	0.00570	0.00993
3	0.01031	0.00836	0.00891	0.00929	0.01147	0.00722	0.00663	0.01216	0.01822	0.02221	0.07376	0.19659	0.48115	0.07922	0.01299	0.00343	0.00476	0.01868	0.00767	0.00696
4	0.03227	0.02612	0.02535	0.01990	0.02638	0.11382	0.01621	0.53953	0.03784	0.04915	0.01944	0.01974	0.01399	0.01002	0.00840	0.00250	0.01018	0.00736	0.00795	0.01384
5	0.03239	0.02183	0.02406	0.01866	0.02526	0.02366	0.01534	0.47604	0.08663	0.15151	0.02379	0.02279	0.01652	0.01038	0.00853	0.00259	0.00879	0.00797	0.00886	0.01439

[dist]
# distance from previous block
# <min> <max>
1	2

[block]
# block no. 1 follows, 21 sequences, length 6
# corresponding to MSA columns:
# 36-41
name=unknown_B
#
# <colnr> <probs for GDERKNQSTAVLIFYWHMCP>
#	G	D	E	R	K	N	Q	S	T	A	V	L	I	F	Y	W	H	M	C	P
0	0.03186	0.14227	0.02315	0.01462	0.02058	0.01575	0.01232	0.03482	0.02204	0.45740	0.03118	0.10882	0.02355	0.01193	0.00827	0.00258	0.00730	0.00975	0.00892	0.01288
1	0.02016	0.01619	0.01852	0.01413	0.02065	0.01429	0.01123	0.15920	0.02268	0.03301	0.02029	0.10217	0.01844	0.00973	0.00738	0.00183	0.00684	0.00802	0.00620	0.48903
2	0.01642	0.01379	0.02030	0.38981	0.04002	0.01499	0.01699	0.02131	0.01733	0.02508	0.01748	0.02312	0.01360	0.00822	0.00749	0.00229	0.00872	0.00701	0.14258	0.19345
3	0.01521	0.01244	0.01373	0.01323	0.01514	0.07161	0.01026	0.01823	0.01616	0.02318	0.02808	0.03465	0.07734	0.03758	0.33081	0.00793	0.06816	0.00917	0.18910	0.00799
4	0.02045	0.27788	0.20477	0.02805	0.14591	0.02526	0.13321	0.02632	0.01838	0.02463	0.01451	0.01789	0.01173	0.00753	0.00755	0.00238	0.01118	0.00659	0.00386	0.01193
5	0.02308	0.02331	0.02514	0.18930	0.14812	0.17544	0.01917	0.08611	0.13568	0.02815	0.01930	0.02259	0.01513	0.01168	0.03877	0.00311	0.01156	0.00753	0.00540	0.01143

[dist]
# distance from previous block
# <min> <max>
4	8

[block]
# block no. 2 follows, 21 sequences, length 9
# corresponding to MSA columns:
# 51-59
name=unknown_C
#
# <colnr> <probs for GDERKNQSTAVLIFYWHMCP>
#	G	D	E	R	K	N	Q	S	T	A	V	L	I	F	Y	W	H	M	C	P
0	0.01830	0.01853	0.02929	0.06523	0.02786	0.02389	0.11831	0.02136	0.01450	0.02165	0.01315	0.02052	0.01210	0.01627	0.06372	0.00415	0.48971	0.00799	0.00388	0.00957
1	0.01216	0.00912	0.01368	0.01368	0.01520	0.01064	0.01064	0.01520	0.01368	0.01976	0.02279	0.03343	0.02127	0.06382	0.66720	0.01368	0.02279	0.00912	0.00456	0.00760
2	0.01995	0.02257	0.04806	0.03466	0.04250	0.02193	0.56343	0.02665	0.01946	0.02665	0.01668	0.02257	0.01276	0.00786	0.01164	0.00295	0.07435	0.00981	0.00425	0.01128
3	0.01853	0.01831	0.02531	0.02147	0.02215	0.02475	0.01786	0.02057	0.01345	0.02113	0.01152	0.01853	0.01130	0.01413	0.02599	0.00350	0.62463	0.00723	0.00384	0.07580
4	0.01216	0.00912	0.01368	0.01368	0.01520	0.01064	0.01064	0.01520	0.01368	0.01976	0.02279	0.03343	0.02127	0.06382	0.66720	0.01368	0.02279	0.00912	0.00456	0.00760
5	0.01238	0.00825	0.00928	0.00928	0.00928	0.00825	0.00516	0.01238	0.01238	0.01650	0.02681	0.05569	0.03094	0.70092	0.04331	0.00825	0.00825	0.01238	0.00516	0.00516
6	0.01218	0.00904	0.01328	0.01328	0.01467	0.01042	0.01015	0.01494	0.01356	0.01946	0.02315	0.03542	0.02214	0.12079	0.61141	0.01319	0.02149	0.00941	0.00461	0.00738
7	0.02275	0.70604	0.04459	0.01456	0.02184	0.03367	0.01456	0.02548	0.01729	0.02002	0.01183	0.01365	0.01092	0.00728	0.00546	0.00182	0.00910	0.00455	0.00364	0.01092
8	0.02275	0.70604	0.04459	0.01456	0.02184	0.03367	0.01456	0.02548	0.01729	0.02002	0.01183	0.01365	0.01092	0.00728	0.00546	0.00182	0.00910	0.00455	0.00364	0.01092

[dist]
# distance from previous block
# <min> <max>
0	3

[block]
# block no. 3 follows, 21 sequences, length 32
# corresponding to MSA columns:
# 63-94
name=unknown_D
#
# <colnr> <probs for GDERKNQSTAVLIFYWHMCP>
#	G	D	E	R	K	N	Q	S	T	A	V	L	I	F	Y	W	H	M	C	P
0	0.01544	0.01279	0.01529	0.01238	0.01780	0.01000	0.00942	0.01853	0.01724	0.02591	0.02475	0.22290	0.02583	0.01247	0.00768	0.00193	0.00589	0.01084	0.00591	0.52700
1	0.07750	0.61655	0.07739	0.01487	0.02230	0.03179	0.01513	0.02553	0.01712	0.02177	0.01203	0.01391	0.01079	0.00737	0.00560	0.00193	0.00911	0.00465	0.00376	0.01089
2	0.01749	0.09340	0.61116	0.02353	0.03571	0.02080	0.03018	0.02684	0.01792	0.02643	0.01502	0.01765	0.01079	0.00803	0.00789	0.00263	0.01232	0.00616	0.00360	0.01245
3	0.02275	0.70604	0.04459	0.01456	0.02184	0.03367	0.01456	0.02548	0.01729	0.02002	0.01183	0.01365	0.01092	0.00728	0.00546	0.00182	0.00910	0.00455	0.00364	0.01092
4	0.01238	0.00825	0.00928	0.00928	0.00928	0.00825	0.00516	0.01238	0.01238	0.01650	0.02681	0.05569	0.03094	0.70092	0.04331	0.00825	0.00825	0.01238	0.00516	0.00516
5	0.01236	0.00831	0.00961	0.00961	0.00972	0.00843	0.00556	0.01258	0.01247	0.01674	0.02652	0.05404	0.03022	0.65364	0.08961	0.00865	0.00933	0.01213	0.00511	0.00534
6	0.02064	0.01961	0.03333	0.05011	0.61124	0.01961	0.02540	0.02562	0.01939	0.02767	0.01769	0.02541	0.01554	0.00851	0.00862	0.00261	0.00998	0.04144	0.00442	0.01315
7	0.03312	0.02260	0.02477	0.01899	0.02577	0.02456	0.01569	0.54312	0.03794	0.13289	0.02217	0.02156	0.01534	0.01026	0.00852	0.00256	0.00908	0.00778	0.00878	0.01447
8	0.02117	0.01828	0.01924	0.01732	0.02213	0.02117	0.01347	0.04522	0.63246	0.03560	0.03464	0.03175	0.02598	0.01155	0.00866	0.00289	0.00673	0.00962	0.00866	0.01347
9	0.03818	0.01448	0.01975	0.01514	0.02172	0.01251	0.01251	0.04147	0.02436	0.65373	0.03357	0.02897	0.02107	0.01053	0.00856	0.00263	0.00724	0.00856	0.01053	0.01448
10	0.01765	0.01513	0.01765	0.01260	0.02017	0.01134	0.01008	0.02143	0.01765	0.02773	0.01513	0.01765	0.01260	0.00630	0.00630	0.00126	0.00630	0.00504	0.00504	0.75295
11	0.03235	0.02384	0.02554	0.01958	0.02639	0.02639	0.01618	0.61946	0.04001	0.05363	0.02043	0.02043	0.01447	0.01022	0.00851	0.00255	0.00936	0.00766	0.00851	0.01447
12	0.01707	0.04402	0.65683	0.02426	0.03683	0.01976	0.03144	0.02695	0.01797	0.02695	0.01527	0.01797	0.01078	0.00809	0.00809	0.00270	0.01258	0.00629	0.00359	0.01258
13	0.02275	0.70604	0.04459	0.01456	0.02184	0.03367	0.01456	0.02548	0.01729	0.02002	0.01183	0.01365	0.01092	0.00728	0.00546	0.00182	0.00910	0.00455	0.00364	0.01092
14	0.01006	0.00862	0.00862	0.00862	0.01149	0.00718	0.00647	0.01221	0.01940	0.02299	0.08621	0.08190	0.64438	0.02155	0.01006	0.00287	0.00431	0.01796	0.00790	0.00718
15	0.01478	0.00739	0.01109	0.01109	0.01109	0.00739	0.00739	0.01109	0.01109	0.01478	0.01478	0.02587	0.01478	0.02956	0.03326	0.75240	0.00739	0.00739	0.00370	0.00370
16	0.02106	0.02022	0.03454	0.05223	0.64784	0.02022	0.02612	0.02612	0.01938	0.02780	0.01601	0.02106	0.01348	0.00758	0.00842	0.00253	0.01011	0.00758	0.00421	0.01348
17	0.02106	0.02022	0.03454	0.05223	0.64784	0.02022	0.02612	0.02612	0.01938	0.02780	0.01601	0.02106	0.01348	0.00758	0.00842	0.00253	0.01011	0.00758	0.00421	0.01348
18	0.01238	0.00825	0.00928	0.00928	0.00928	0.00825	0.00516	0.01238	0.01238	0.01650	0.02681	0.05569	0.03094	0.70092	0.04331	0.00825	0.00825	0.01238	0.00516	0.00516
19	0.01707	0.04402	0.65683	0.02426	0.03683	0.01976	0.03144	0.02695	0.01797	0.02695	0.01527	0.01797	0.01078	0.00809	0.00809	0.00270	0.01258	0.00629	0.00359	0.01258
20	0.01037	0.00741	0.00987	0.01185	0.01234	0.00691	0.00790	0.01185	0.01629	0.02172	0.04690	0.69537	0.05629	0.02666	0.01086	0.00346	0.00494	0.02419	0.00790	0.00691
21	0.01204	0.00870	0.01138	0.01071	0.01271	0.00803	0.00803	0.01606	0.02409	0.03413	0.64335	0.06357	0.08030	0.01740	0.01004	0.00268	0.00401	0.01539	0.00937	0.00803
22	0.01725	0.01470	0.01722	0.01256	0.01974	0.01110	0.00996	0.02090	0.01757	0.02740	0.01687	0.05484	0.01500	0.00742	0.00655	0.00138	0.00623	0.00609	0.00520	0.71201
23	0.02117	0.01828	0.01924	0.01732	0.02213	0.02117	0.01347	0.04522	0.63246	0.03560	0.03464	0.03175	0.02598	0.01155	0.00866	0.00289	0.00673	0.00962	0.00866	0.01347
24	0.01765	0.01513	0.01765	0.01260	0.02017	0.01134	0.01008	0.02143	0.01765	0.02773	0.01513	0.01765	0.01260	0.00630	0.00630	0.00126	0.00630	0.00504	0.00504	0.75295
25	0.01765	0.01513	0.01765	0.01260	0.02017	0.01134	0.01008	0.02143	0.01765	0.02773	0.01513	0.01765	0.01260	0.00630	0.00630	0.00126	0.00630	0.00504	0.00504	0.75295
26	0.01376	0.00999	0.01359	0.01517	0.01719	0.01005	0.01296	0.01852	0.04916	0.02639	0.08906	0.12349	0.05060	0.02265	0.01143	0.00375	0.00734	0.48882	0.00799	0.00807
27	0.03235	0.02384	0.02554	0.01958	0.02639	0.02639	0.01618	0.61946	0.04001	0.05363	0.02043	0.02043	0.01447	0.01022	0.00851	0.00255	0.00936	0.00766	0.00851	0.01447
28	0.01765	0.01513	0.01765	0.01260	0.02017	0.01134	0.01008	0.02143	0.01765	0.02773	0.01513	0.01765	0.01260	0.00630	0.00630	0.00126	0.00630	0.00504	0.00504	0.75295
29	0.01206	0.00976	0.01036	0.00980	0.01282	0.00876	0.00746	0.05796	0.02176	0.02724	0.18009	0.07409	0.49764	0.01997	0.00994	0.00281	0.00463	0.01674	0.00821	0.00787
30	0.01607	0.01513	0.02552	0.68047	0.05861	0.01891	0.02363	0.02174	0.01702	0.02174	0.01513	0.02269	0.01134	0.00851	0.00851	0.00284	0.01134	0.00756	0.00378	0.00945
31	0.02729	0.01432	0.01745	0.01480	0.01985	0.01403	0.01171	0.03661	0.20832	0.33660	0.04065	0.10276	0.09013	0.01361	0.00898	0.00282	0.00655	0.01143	0.00943	0.01266

[dist]
# distance from previous block
# <min> <max>
5	12

[block]
# block no. 4 follows, 21 sequences, length 20
# corresponding to MSA columns:
# 107-126
name=unknown_E
#
# <colnr> <probs for GDERKNQSTAVLIFYWHMCP>
#	G	D	E	R	K	N	Q	S	T	A	V	L	I	F	Y	W	H	M	C	P
0	0.01717	0.01448	0.01717	0.01297	0.01986	0.01116	0.01052	0.02097	0.01788	0.02746	0.01873	0.02707	0.01698	0.00837	0.00696	0.00158	0.00649	0.07546	0.00538	0.66334
1	0.02896	0.02198	0.02368	0.01841	0.02503	0.02382	0.01505	0.46439	0.12311	0.04791	0.02185	0.02174	0.01591	0.00994	0.00827	0.00245	0.00862	0.00763	0.00812	0.10314
2	0.01215	0.00929	0.01177	0.01203	0.01425	0.00799	0.00843	0.01419	0.01662	0.02319	0.03914	0.52982	0.04562	0.02169	0.00975	0.00292	0.00527	0.01951	0.00720	0.18914
3	0.76103	0.01646	0.01251	0.01119	0.01646	0.01909	0.00922	0.02502	0.01448	0.03818	0.01185	0.01382	0.00922	0.00790	0.00527	0.00263	0.00658	0.00461	0.00527	0.00922
4	0.02275	0.70604	0.04459	0.01456	0.02184	0.03367	0.01456	0.02548	0.01729	0.02002	0.01183	0.01365	0.01092	0.00728	0.00546	0.00182	0.00910	0.00455	0.00364	0.01092
5	0.01984	0.01898	0.03234	0.20569	0.50391	0.01990	0.02551	0.02505	0.01880	0.02632	0.01579	0.02146	0.01296	0.00781	0.00845	0.00260	0.01041	0.00758	0.00411	0.01250
6	0.01037	0.00741	0.00987	0.01185	0.01234	0.00691	0.00790	0.01185	0.01629	0.02172	0.04690	0.69537	0.05629	0.02666	0.01086	0.00346	0.00494	0.02419	0.00790	0.00691
7	0.01707	0.04402	0.65683	0.02426	0.03683	0.01976	0.03144	0.02695	0.01797	0.02695	0.01527	0.01797	0.01078	0.00809	0.00809	0.00270	0.01258	0.00629	0.00359	0.01258
8	0.01478	0.00739	0.01109	0.01109	0.01109	0.00739	0.00739	0.01109	0.01109	0.01478	0.01478	0.02587	0.01478	0.02956	0.03326	0.75240	0.00739	0.00739	0.00370	0.00370
9	0.01204	0.00870	0.01138	0.01071	0.01271	0.00803	0.00803	0.01606	0.02409	0.03413	0.64335	0.06357	0.08030	0.01740	0.01004	0.00268	0.00401	0.01539	0.00937	0.00803
10	0.03101	0.02317	0.02478	0.01931	0.02588	0.02576	0.01585	0.55040	0.11126	0.05146	0.02214	0.02179	0.01586	0.01038	0.00853	0.00259	0.00905	0.00790	0.00853	0.01435
11	0.01999	0.02268	0.04867	0.03500	0.04306	0.02181	0.57872	0.02683	0.01964	0.02683	0.01683	0.02268	0.01280	0.00767	0.01119	0.00292	0.05720	0.00988	0.00427	0.01134
12	0.01234	0.00830	0.00951	0.00944	0.00966	0.00823	0.00547	0.01278	0.01367	0.01845	0.09512	0.05656	0.03641	0.62520	0.03963	0.00763	0.00778	0.01271	0.00562	0.00547
13	0.01035	0.00750	0.00978	0.01161	0.01228	0.00693	0.00779	0.01188	0.01652	0.02182	0.04981	0.65005	0.09973	0.02628	0.01080	0.00341	0.00489	0.02373	0.00790	0.00693
14	0.76103	0.01646	0.01251	0.01119	0.01646	0.01909	0.00922	0.02502	0.01448	0.03818	0.01185	0.01382	0.00922	0.00790	0.00527	0.00263	0.00658	0.00461	0.00527	0.00922
15	0.02009	0.02296	0.05022	0.03587	0.04448	0.02152	0.61693	0.02726	0.02009	0.02726	0.01722	0.02296	0.01291	0.00717	0.01004	0.00287	0.01435	0.01004	0.00430	0.01148
16	0.01990	0.37333	0.35229	0.01943	0.02938	0.02668	0.02305	0.02622	0.01763	0.02350	0.01356	0.01582	0.01085	0.00768	0.00678	0.00226	0.01085	0.00542	0.00362	0.01175
17	0.02154	0.56470	0.17531	0.01663	0.02504	0.03070	0.01817	0.02580	0.01744	0.02150	0.01257	0.01457	0.01089	0.00745	0.00602	0.00201	0.00984	0.00492	0.00363	0.01127
18	0.01796	0.14823	0.56046	0.02273	0.03447	0.02195	0.02879	0.02672	0.01786	0.02586	0.01473	0.01729	0.01080	0.00796	0.00767	0.00256	0.01203	0.00601	0.00360	0.01232
19	0.01974	0.02193	0.04452	0.03268	0.03925	0.02259	0.47575	0.02566	0.01842	0.02566	0.01579	0.02193	0.01250	0.00900	0.01426	0.00307	0.17268	0.00943	0.00417	0.01097

[dist]
# distance from previous block
# <min> <max>
0	16

[block]
# block no. 5 follows, 21 sequences, length 7
# corresponding to MSA columns:
# 143-149
name=unknown_F
#
# <colnr> <probs for GDERKNQSTAVLIFYWHMCP>
#	G	D	E	R	K	N	Q	S	T	A	V	L	I	F	Y	W	H	M	C	P
0	0.01978	0.36005	0.36457	0.01963	0.02968	0.02640	0.02338	0.02625	0.01764	0.02364	0.01363	0.01591	0.01085	0.00770	0.00683	0.00228	0.01092	0.00546	0.00362	0.01179
1	0.29248	0.01238	0.01224	0.01180	0.01516	0.01310	0.00894	0.02078	0.06985	0.03123	0.11838	0.22786	0.06429	0.01568	0.00818	0.00284	0.00562	0.01303	0.00704	0.04910
2	0.01747	0.02069	0.12727	0.01860	0.02667	0.01422	0.12160	0.02269	0.01804	0.02710	0.01777	0.06651	0.01545	0.00819	0.00758	0.00194	0.00866	0.00749	0.00488	0.44718
3	0.01602	0.00907	0.00998	0.00963	0.01170	0.00947	0.00727	0.05365	0.01814	0.03016	0.02647	0.03275	0.02183	0.05908	0.11625	0.00429	0.00761	0.00837	0.54019	0.00810
4	0.02035	0.01949	0.03326	0.14174	0.56389	0.02003	0.02576	0.02549	0.01904	0.02694	0.01588	0.02129	0.01318	0.00771	0.00844	0.00257	0.01029	0.00758	0.00415	0.01291
5	0.01071	0.00791	0.01002	0.01105	0.01229	0.00722	0.00770	0.01290	0.01864	0.02486	0.19425	0.44592	0.15799	0.02364	0.01054	0.00318	0.00462	0.02110	0.00825	0.00722
6	0.02865	0.13287	0.02492	0.01712	0.02303	0.09552	0.01410	0.11692	0.22183	0.19734	0.02626	0.02466	0.01895	0.01008	0.00798	0.00252	0.00859	0.00777	0.00783	0.01304

[dist]
# distance from previous block
# <min> <max>
0	1

[block]
# block no. 6 follows, 21 sequences, length 36
# corresponding to MSA columns:
# 151-186
name=unknown_G
#
# <colnr> <probs for GDERKNQSTAVLIFYWHMCP>
#	G	D	E	R	K	N	Q	S	T	A	V	L	I	F	Y	W	H	M	C	P
0	0.09227	0.01723	0.01963	0.01596	0.02180	0.01773	0.01287	0.16517	0.16509	0.25918	0.02877	0.06192	0.02117	0.01111	0.00829	0.00264	0.00736	0.00892	0.00876	0.05412
1	0.21361	0.02980	0.18972	0.01880	0.02599	0.14770	0.01812	0.10862	0.11201	0.03343	0.01752	0.01875	0.01315	0.00896	0.00742	0.00259	0.01029	0.00637	0.00558	0.01156
2	0.02062	0.40696	0.25393	0.02183	0.09234	0.02749	0.02157	0.02605	0.01774	0.02321	0.01345	0.01591	0.01114	0.00759	0.00667	0.00219	0.01040	0.00546	0.00368	0.01176
3	0.02677	0.02083	0.02215	0.01809	0.02390	0.02329	0.01458	0.36329	0.26766	0.04493	0.02964	0.02828	0.05459	0.01137	0.00866	0.00270	0.00806	0.00900	0.00854	0.01367
4	0.01312	0.00859	0.01033	0.01042	0.01120	0.00842	0.00674	0.01415	0.01483	0.04490	0.07115	0.12546	0.06894	0.45338	0.06573	0.00694	0.00813	0.04512	0.00618	0.00628
5	0.68198	0.01939	0.08098	0.01258	0.01862	0.01916	0.01158	0.02522	0.01485	0.03699	0.01221	0.01426	0.00938	0.00792	0.00557	0.00264	0.00722	0.00479	0.00509	0.00957
6	0.03179	0.04056	0.02412	0.02192	0.02631	0.66676	0.01644	0.03398	0.02412	0.02083	0.01315	0.01535	0.01096	0.00877	0.00767	0.00219	0.01535	0.00548	0.00438	0.00987
7	0.01037	0.00741	0.00987	0.01185	0.01234	0.00691	0.00790	0.01185	0.01629	0.02172	0.04690	0.69537	0.05629	0.02666	0.01086	0.00346	0.00494	0.02419	0.00790	0.00691
8	0.03235	0.02384	0.02554	0.01958	0.02639	0.02639	0.01618	0.61946	0.04001	0.05363	0.02043	0.02043	0.01447	0.01022	0.00851	0.00255	0.00936	0.00766	0.00851	0.01447
9	0.03235	0.02384	0.02554	0.01958	0.02639	0.02639	0.01618	0.61946	0.04001	0.05363	0.02043	0.02043	0.01447	0.01022	0.00851	0.00255	0.00936	0.00766	0.00851	0.01447
10	0.01006	0.00862	0.00862	0.00862	0.01149	0.00718	0.00647	0.01221	0.01940	0.02299	0.08621	0.08190	0.64438	0.02155	0.01006	0.00287	0.00431	0.01796	0.00790	0.00718
11	0.01006	0.00862	0.00862	0.00862	0.01149	0.00718	0.00647	0.01221	0.01940	0.02299	0.08621	0.08190	0.64438	0.02155	0.01006	0.00287	0.00431	0.01796	0.00790	0.00718
12	0.01006	0.00862	0.00862	0.00862	0.01149	0.00718	0.00647	0.01221	0.01940	0.02299	0.08621	0.08190	0.64438	0.02155	0.01006	0.00287	0.00431	0.01796	0.00790	0.00718
13	0.02009	0.02296	0.05022	0.03587	0.04448	0.02152	0.61693	0.02726	0.02009	0.02726	0.01722	0.02296	0.01291	0.00717	0.01004	0.00287	0.01435	0.01004	0.00430	0.01148
14	0.02275	0.70604	0.04459	0.01456	0.02184	0.03367	0.01456	0.02548	0.01729	0.02002	0.01183	0.01365	0.01092	0.00728	0.00546	0.00182	0.00910	0.00455	0.00364	0.01092
15	0.01586	0.00793	0.00793	0.00793	0.00991	0.00793	0.00595	0.01983	0.01785	0.03173	0.02776	0.03173	0.02181	0.00991	0.00595	0.00198	0.00397	0.00793	0.74817	0.00793
16	0.01371	0.00980	0.01371	0.01567	0.01763	0.00980	0.01371	0.01763	0.01959	0.02547	0.04506	0.09599	0.04898	0.02351	0.01175	0.00392	0.00784	0.59056	0.00784	0.00784
17	0.01478	0.00739	0.01109	0.01109	0.01109	0.00739	0.00739	0.01109	0.01109	0.01478	0.01478	0.02587	0.01478	0.02956	0.03326	0.75240	0.00739	0.00739	0.00370	0.00370
18	0.03235	0.02384	0.02554	0.01958	0.02639	0.02639	0.01618	0.61946	0.04001	0.05363	0.02043	0.02043	0.01447	0.01022	0.00851	0.00255	0.00936	0.00766	0.00851	0.01447
19	0.47765	0.01665	0.01459	0.01248	0.01754	0.01883	0.01019	0.15403	0.02062	0.04048	0.01638	0.01825	0.01246	0.00874	0.00609	0.00251	0.00675	0.00583	0.12977	0.01015
20	0.01225	0.00823	0.00941	0.00948	0.00960	0.00817	0.00543	0.01252	0.01313	0.01760	0.05668	0.08962	0.03458	0.63359	0.04006	0.00774	0.00788	0.01314	0.00550	0.00538
21	0.03235	0.02384	0.02554	0.01958	0.02639	0.02639	0.01618	0.61946	0.04001	0.05363	0.02043	0.02043	0.01447	0.01022	0.00851	0.00255	0.00936	0.00766	0.00851	0.01447
22	0.03713	0.01472	0.01972	0.01528	0.02175	0.01304	0.01257	0.04170	0.06187	0.61560	0.03364	0.02914	0.02137	0.01060	0.00856	0.00265	0.00721	0.00862	0.01042	0.01442
23	0.56627	0.01843	0.01599	0.01343	0.01911	0.02104	0.01108	0.18390	0.02131	0.04231	0.01414	0.01559	0.01062	0.00852	0.00613	0.00261	0.00733	0.00542	0.00613	0.01062
24	0.01966	0.02188	0.04644	0.11302	0.07885	0.02114	0.51471	0.02655	0.01968	0.02664	0.01690	0.02282	0.01276	0.00735	0.00977	0.00285	0.01376	0.00962	0.00424	0.01135
25	0.01954	0.02176	0.04556	0.10199	0.04405	0.02164	0.50346	0.02610	0.01916	0.02610	0.01648	0.02255	0.01260	0.00798	0.01142	0.00294	0.07182	0.00956	0.00420	0.01108
26	0.01037	0.00741	0.00987	0.01185	0.01234	0.00691	0.00790	0.01185	0.01629	0.02172	0.04690	0.69537	0.05629	0.02666	0.01086	0.00346	0.00494	0.02419	0.00790	0.00691
27	0.01723	0.04291	0.62496	0.02487	0.03723	0.01986	0.06220	0.02697	0.01808	0.02697	0.01537	0.01823	0.01089	0.00804	0.00819	0.00270	0.01267	0.00649	0.00363	0.01252
28	0.01768	0.01676	0.02842	0.47850	0.24804	0.01933	0.02443	0.02315	0.01778	0.02369	0.01541	0.02217	0.01203	0.00821	0.00848	0.00274	0.01095	0.00757	0.00392	0.01075
29	0.01204	0.00870	0.01138	0.01071	0.01271	0.00803	0.00803	0.01606	0.02409	0.03413	0.64335	0.06357	0.08030	0.01740	0.01004	0.00268	0.00401	0.01539	0.00937	0.00803
30	0.01204	0.00870	0.01138	0.01071	0.01271	0.00803	0.00803	0.01606	0.02409	0.03413	0.64335	0.06357	0.08030	0.01740	0.01004	0.00268	0.00401	0.01539	0.00937	0.00803
31	0.50398	0.01919	0.01654	0.01390	0.01956	0.05608	0.01137	0.15277	0.02127	0.09350	0.01561	0.01661	0.01145	0.00867	0.00637	0.00259	0.00772	0.00564	0.00636	0.01082
32	0.08114	0.04165	0.60134	0.02313	0.03508	0.01971	0.02953	0.02678	0.01767	0.02792	0.01498	0.01761	0.01065	0.00807	0.00784	0.00269	0.01206	0.00614	0.00374	0.01229
33	0.01616	0.01761	0.07990	0.62395	0.05674	0.01898	0.02431	0.02219	0.01710	0.02219	0.01514	0.02228	0.01130	0.00847	0.00847	0.00282	0.01145	0.00745	0.00377	0.00972
34	0.01396	0.00944	0.01215	0.10586	0.01864	0.00958	0.00957	0.01712	0.01677	0.02553	0.03076	0.24125	0.03097	0.05313	0.03605	0.00331	0.00649	0.01309	0.27832	0.06802
35	0.06062	0.01794	0.02439	0.07222	0.02767	0.01837	0.06663	0.18135	0.02623	0.33511	0.02514	0.02457	0.01685	0.01017	0.00974	0.00272	0.05052	0.00816	0.00832	0.01329

[dist]
# distance from previous block
# <min> <max>
18	36

[block]
# block no. 7 follows, 21 sequences, length 22
# corresponding to MSA columns:
# 228-249
name=unknown_H
#
# <colnr> <probs for GDERKNQSTAVLIFYWHMCP>
#	G	D	E	R	K	N	Q	S	T	A	V	L	I	F	Y	W	H	M	C	P
0	0.05350	0.01549	0.01797	0.01412	0.01981	0.01442	0.01123	0.16028	0.02364	0.10921	0.08444	0.06531	0.02358	0.01166	0.00946	0.05116	0.00689	0.00841	0.00704	0.29237
1	0.02890	0.04018	0.01849	0.01419	0.01935	0.01298	0.01134	0.07472	0.02301	0.38299	0.07393	0.11592	0.02889	0.05778	0.01097	0.00299	0.00696	0.01083	0.00902	0.05656
2	0.01808	0.03759	0.01595	0.01382	0.01703	0.01190	0.01057	0.05758	0.01919	0.11695	0.03475	0.35524	0.03689	0.01846	0.01046	0.00290	0.04499	0.04194	0.00746	0.12823
3	0.32724	0.06737	0.02119	0.01649	0.02181	0.15610	0.01344	0.18474	0.02336	0.03654	0.01436	0.01616	0.01119	0.00906	0.00794	0.00253	0.04812	0.00576	0.00576	0.01086
4	0.44129	0.01746	0.01638	0.01357	0.01919	0.01929	0.01115	0.17090	0.02221	0.12555	0.01785	0.01856	0.01286	0.00894	0.00654	0.00258	0.00719	0.00609	0.05126	0.01113
5	0.01195	0.00859	0.01103	0.01222	0.01328	0.00827	0.00844	0.05094	0.01865	0.02511	0.11033	0.58348	0.05625	0.02460	0.01062	0.00331	0.00512	0.02218	0.00810	0.00751
6	0.03531	0.01439	0.01922	0.01493	0.02108	0.01278	0.01226	0.06856	0.02513	0.56212	0.09283	0.03193	0.02655	0.01119	0.00870	0.00263	0.00703	0.00918	0.01032	0.01385
7	0.07916	0.01605	0.01939	0.01568	0.02169	0.01590	0.01272	0.06523	0.19311	0.41843	0.03195	0.02843	0.02140	0.01063	0.00838	0.00270	0.00715	0.00857	0.00960	0.01387
8	0.02234	0.65778	0.08923	0.01527	0.02293	0.03266	0.01579	0.02559	0.01734	0.02053	0.01208	0.01397	0.01091	0.00734	0.00565	0.00188	0.00935	0.00468	0.00364	0.01104
9	0.01586	0.00793	0.00793	0.00793	0.00991	0.00793	0.00595	0.01983	0.01785	0.03173	0.02776	0.03173	0.02181	0.00991	0.00595	0.00198	0.00397	0.00793	0.74817	0.00793
10	0.01204	0.00870	0.01138	0.01071	0.01271	0.00803	0.00803	0.01606	0.02409	0.03413	0.64335	0.06357	0.08030	0.01740	0.01004	0.00268	0.00401	0.01539	0.00937	0.00803
11	0.02275	0.70604	0.04459	0.01456	0.02184	0.03367	0.01456	0.02548	0.01729	0.02002	0.01183	0.01365	0.01092	0.00728	0.00546	0.00182	0.00910	0.00455	0.00364	0.01092
12	0.01765	0.01513	0.01765	0.01260	0.02017	0.01134	0.01008	0.02143	0.01765	0.02773	0.01513	0.01765	0.01260	0.00630	0.00630	0.00126	0.00630	0.00504	0.00504	0.75295
13	0.08854	0.01525	0.01913	0.01520	0.02140	0.01440	0.01242	0.04087	0.12257	0.50792	0.03215	0.02831	0.02099	0.01050	0.00833	0.00267	0.00711	0.00844	0.00984	0.01393
14	0.03818	0.01448	0.01975	0.01514	0.02172	0.01251	0.01251	0.04147	0.02436	0.65373	0.03357	0.02897	0.02107	0.01053	0.00856	0.00263	0.00724	0.00856	0.01053	0.01448
15	0.01204	0.00870	0.01138	0.01071	0.01271	0.00803	0.00803	0.01606	0.02409	0.03413	0.64335	0.06357	0.08030	0.01740	0.01004	0.00268	0.00401	0.01539	0.00937	0.00803
16	0.01052	0.00747	0.00983	0.01166	0.01212	0.00701	0.00770	0.01189	0.01601	0.02134	0.04543	0.64835	0.05442	0.07622	0.01325	0.00381	0.00518	0.02332	0.00770	0.00678
17	0.02186	0.01974	0.01956	0.01762	0.02240	0.06337	0.01366	0.04449	0.59270	0.03463	0.03323	0.03068	0.02500	0.01136	0.00859	0.00284	0.00730	0.00935	0.00838	0.01323
18	0.01238	0.00825	0.00928	0.00928	0.00928	0.00825	0.00516	0.01238	0.01238	0.01650	0.02681	0.05569	0.03094	0.70092	0.04331	0.00825	0.00825	0.01238	0.00516	0.00516
19	0.01765	0.01513	0.01765	0.01260	0.02017	0.01134	0.01008	0.02143	0.01765	0.02773	0.01513	0.01765	0.01260	0.00630	0.00630	0.00126	0.00630	0.00504	0.00504	0.75295
20	0.01202	0.00878	0.01096	0.01205	0.01330	0.00841	0.00837	0.05637	0.01867	0.02473	0.07574	0.55883	0.11062	0.02455	0.01058	0.00330	0.00516	0.02199	0.00801	0.00754
21	0.16641	0.02000	0.01944	0.01572	0.02173	0.06974	0.01266	0.20715	0.10019	0.08334	0.02332	0.02342	0.04699	0.00971	0.00752	0.00237	0.00801	0.00726	0.00707	0.14796

[dist]
# distance from previous block
# <min> <max>
4	7

[block]
# block no. 8 follows, 21 sequences, length 14
# corresponding to MSA columns:
# 257-270
name=unknown_I
#
# <colnr> <probs for GDERKNQSTAVLIFYWHMCP>
#	G	D	E	R	K	N	Q	S	T	A	V	L	I	F	Y	W	H	M	C	P
0	0.02088	0.02173	0.04539	0.03248	0.04088	0.02004	0.52500	0.02751	0.02010	0.06289	0.01795	0.02279	0.01335	0.00728	0.00960	0.00270	0.01318	0.00948	0.00473	0.08202
1	0.01421	0.00923	0.01178	0.01084	0.01339	0.00833	0.00824	0.01791	0.02348	0.09042	0.51130	0.06281	0.15087	0.01732	0.00990	0.00270	0.00436	0.01510	0.00928	0.00852
2	0.02996	0.02185	0.02386	0.01866	0.02469	0.02417	0.01525	0.54251	0.03650	0.04900	0.02019	0.02157	0.01490	0.01471	0.04933	0.05380	0.01003	0.00773	0.00795	0.01334
3	0.03235	0.02384	0.02554	0.01958	0.02639	0.02639	0.01618	0.61946	0.04001	0.05363	0.02043	0.02043	0.01447	0.01022	0.00851	0.00255	0.00936	0.00766	0.00851	0.01447
4	0.76103	0.01646	0.01251	0.01119	0.01646	0.01909	0.00922	0.02502	0.01448	0.03818	0.01185	0.01382	0.00922	0.00790	0.00527	0.00263	0.00658	0.00461	0.00527	0.00922
5	0.03131	0.02332	0.02495	0.01937	0.02599	0.02590	0.01592	0.56589	0.09528	0.05195	0.02176	0.02149	0.01555	0.01034	0.00853	0.00258	0.00912	0.00784	0.00853	0.01438
6	0.01707	0.04402	0.65683	0.02426	0.03683	0.01976	0.03144	0.02695	0.01797	0.02695	0.01527	0.01797	0.01078	0.00809	0.00809	0.00270	0.01258	0.00629	0.00359	0.01258
7	0.03235	0.02384	0.02554	0.01958	0.02639	0.02639	0.01618	0.61946	0.04001	0.05363	0.02043	0.02043	0.01447	0.01022	0.00851	0.00255	0.00936	0.00766	0.00851	0.01447
8	0.01799	0.01744	0.02590	0.15774	0.03024	0.02280	0.04864	0.02110	0.01466	0.02196	0.01327	0.02025	0.01187	0.01254	0.02095	0.00330	0.44783	0.00751	0.03925	0.04477
9	0.02497	0.02017	0.02138	0.01809	0.02358	0.02294	0.01439	0.24057	0.43092	0.04173	0.02980	0.02790	0.02206	0.01109	0.00861	0.00277	0.00763	0.00895	0.00861	0.01381
10	0.02302	0.62181	0.07960	0.01563	0.02303	0.07555	0.01569	0.02614	0.01779	0.02049	0.01212	0.01402	0.01092	0.00743	0.00577	0.00190	0.00973	0.00472	0.00369	0.01095
11	0.03235	0.02384	0.02554	0.01958	0.02639	0.02639	0.01618	0.61946	0.04001	0.05363	0.02043	0.02043	0.01447	0.01022	0.00851	0.00255	0.00936	0.00766	0.00851	0.01447
12	0.03235	0.02384	0.02554	0.01958	0.02639	0.02639	0.01618	0.61946	0.04001	0.05363	0.02043	0.02043	0.01447	0.01022	0.00851	0.00255	0.00936	0.00766	0.00851	0.01447
13	0.02275	0.70604	0.04459	0.01456	0.02184	0.03367	0.01456	0.02548	0.01729	0.02002	0.01183	0.01365	0.01092	0.00728	0.00546	0.00182	0.00910	0.00455	0.00364	0.01092

[dist]
# distance from previous block
# <min> <max>
0	9

[block]
# block no. 9 follows, 21 sequences, length 13
# corresponding to MSA columns:
# 280-292
name=unknown_J
#
# <colnr> <probs for GDERKNQSTAVLIFYWHMCP>
#	G	D	E	R	K	N	Q	S	T	A	V	L	I	F	Y	W	H	M	C	P
0	0.01884	0.25074	0.46566	0.02123	0.03215	0.02411	0.02617	0.02649	0.01776	0.02479	0.01420	0.01662	0.01082	0.00783	0.00727	0.00242	0.01149	0.00575	0.00361	0.01206
1	0.01886	0.04152	0.60290	0.02348	0.03555	0.01915	0.02984	0.02818	0.01851	0.08000	0.01682	0.01890	0.01165	0.00829	0.00813	0.00269	0.01213	0.00648	0.00418	0.01274
2	0.01707	0.04402	0.65683	0.02426	0.03683	0.01976	0.03144	0.02695	0.01797	0.02695	0.01527	0.01797	0.01078	0.00809	0.00809	0.00270	0.01258	0.00629	0.00359	0.01258
3	0.01006	0.00862	0.00862	0.00862	0.01149	0.00718	0.00647	0.01221	0.01940	0.02299	0.08621	0.08190	0.64438	0.02155	0.01006	0.00287	0.00431	0.01796	0.00790	0.00718
4	0.02275	0.70604	0.04459	0.01456	0.02184	0.03367	0.01456	0.02548	0.01729	0.02002	0.01183	0.01365	0.01092	0.00728	0.00546	0.00182	0.00910	0.00455	0.00364	0.01092
5	0.01204	0.00870	0.01138	0.01071	0.01271	0.00803	0.00803	0.01606	0.02409	0.03413	0.64335	0.06357	0.08030	0.01740	0.01004	0.00268	0.00401	0.01539	0.00937	0.00803
6	0.01204	0.00870	0.01138	0.01071	0.01271	0.00803	0.00803	0.01606	0.02409	0.03413	0.64335	0.06357	0.08030	0.01740	0.01004	0.00268	0.00401	0.01539	0.00937	0.00803
7	0.02117	0.01828	0.01924	0.01732	0.02213	0.02117	0.01347	0.04522	0.63246	0.03560	0.03464	0.03175	0.02598	0.01155	0.00866	0.00289	0.00673	0.00962	0.00866	0.01347
8	0.01204	0.00870	0.01138	0.01071	0.01271	0.00803	0.00803	0.01606	0.02409	0.03413	0.64335	0.06357	0.08030	0.01740	0.01004	0.00268	0.00401	0.01539	0.00937	0.00803
9	0.01767	0.11417	0.59195	0.02323	0.03524	0.02124	0.02965	0.02679	0.01790	0.02622	0.01491	0.01751	0.01080	0.00800	0.00781	0.00260	0.01221	0.00610	0.00360	0.01240
10	0.01938	0.01891	0.02705	0.02232	0.02397	0.02448	0.06085	0.05336	0.01540	0.02339	0.01245	0.01894	0.01160	0.01334	0.02372	0.00339	0.54172	0.00744	0.00414	0.07417
11	0.02076	0.02072	0.03352	0.15691	0.46757	0.05741	0.06769	0.02590	0.01930	0.02632	0.01578	0.02115	0.01293	0.00778	0.00851	0.00259	0.01093	0.00764	0.00416	0.01244
12	0.01973	0.02185	0.04502	0.03252	0.04020	0.02109	0.50560	0.02609	0.01918	0.02663	0.01644	0.02207	0.01271	0.00786	0.01148	0.00281	0.07954	0.00935	0.00431	0.07551

[dist]
# distance from previous block
# <min> <max>
1	14

[block]
# block no. 10 follows, 21 sequences, length 47
# corresponding to MSA columns:
# 307-353
name=unknown_K
#
# <colnr> <probs for GDERKNQSTAVLIFYWHMCP>
#	G	D	E	R	K	N	Q	S	T	A	V	L	I	F	Y	W	H	M	C	P
0	0.13248	0.01680	0.02320	0.41861	0.04394	0.02003	0.01946	0.11248	0.01996	0.02929	0.01525	0.02058	0.01154	0.00885	0.00877	0.00273	0.03978	0.00701	0.00478	0.04446
1	0.09332	0.01526	0.02417	0.61107	0.05424	0.01893	0.02214	0.02208	0.01675	0.02345	0.01479	0.02177	0.01112	0.00845	0.00817	0.00282	0.01085	0.00726	0.00394	0.00943
2	0.08852	0.00857	0.01051	0.01214	0.01327	0.00845	0.00859	0.01376	0.01642	0.02378	0.04309	0.56797	0.05071	0.02442	0.01037	0.00341	0.00538	0.07577	0.00762	0.00724
3	0.01187	0.00856	0.01122	0.01082	0.01268	0.00791	0.00802	0.01562	0.02328	0.03284	0.58150	0.12908	0.07781	0.01836	0.01012	0.00276	0.00411	0.01630	0.00922	0.00791
4	0.09970	0.03194	0.02311	0.02116	0.05221	0.40630	0.01570	0.11485	0.05064	0.08199	0.01681	0.01801	0.01289	0.00910	0.00771	0.00237	0.01242	0.00623	0.00573	0.01115
5	0.06268	0.01912	0.02162	0.08621	0.02693	0.02135	0.01504	0.22284	0.27133	0.12103	0.02687	0.02599	0.01936	0.01050	0.00842	0.00273	0.00810	0.00840	0.00819	0.01329
6	0.01607	0.01513	0.02552	0.68047	0.05861	0.01891	0.02363	0.02174	0.01702	0.02174	0.01513	0.02269	0.01134	0.00851	0.00851	0.00284	0.01134	0.00756	0.00378	0.00945
7	0.02107	0.02002	0.03296	0.04861	0.58296	0.02032	0.02481	0.02810	0.08295	0.02861	0.01794	0.02217	0.01478	0.00799	0.00845	0.00256	0.00976	0.00779	0.00467	0.01348
8	0.01765	0.01513	0.01765	0.01260	0.02017	0.01134	0.01008	0.02143	0.01765	0.02773	0.01513	0.01765	0.01260	0.00630	0.00630	0.00126	0.00630	0.00504	0.00504	0.75295
9	0.01340	0.00900	0.01181	0.01094	0.01318	0.00826	0.00826	0.01738	0.02410	0.06628	0.61170	0.06177	0.07722	0.01704	0.00996	0.00267	0.00418	0.01504	0.00943	0.00836
10	0.02117	0.01828	0.01924	0.01732	0.02213	0.02117	0.01347	0.04522	0.63246	0.03560	0.03464	0.03175	0.02598	0.01155	0.00866	0.00289	0.00673	0.00962	0.00866	0.01347
11	0.01006	0.00862	0.00862	0.00862	0.01149	0.00718	0.00647	0.01221	0.01940	0.02299	0.08621	0.08190	0.64438	0.02155	0.01006	0.00287	0.00431	0.01796	0.00790	0.00718
12	0.02039	0.01740	0.01867	0.01715	0.02166	0.01999	0.01350	0.04236	0.56891	0.03455	0.03572	0.03841	0.02836	0.01279	0.00898	0.00299	0.00685	0.06986	0.00857	0.01289
13	0.01204	0.00870	0.01138	0.01071	0.01271	0.00803	0.00803	0.01606	0.02409	0.03413	0.64335	0.06357	0.08030	0.01740	0.01004	0.00268	0.00401	0.01539	0.00937	0.00803
14	0.01649	0.01594	0.02808	0.61363	0.05715	0.01918	0.08515	0.02232	0.01733	0.02232	0.01534	0.02272	0.01151	0.00837	0.00867	0.00284	0.01166	0.00782	0.00384	0.00966
15	0.03818	0.01448	0.01975	0.01514	0.02172	0.01251	0.01251	0.04147	0.02436	0.65373	0.03357	0.02897	0.02107	0.01053	0.00856	0.00263	0.00724	0.00856	0.01053	0.01448
16	0.02275	0.70604	0.04459	0.01456	0.02184	0.03367	0.01456	0.02548	0.01729	0.02002	0.01183	0.01365	0.01092	0.00728	0.00546	0.00182	0.00910	0.00455	0.00364	0.01092
17	0.01765	0.01513	0.01765	0.01260	0.02017	0.01134	0.01008	0.02143	0.01765	0.02773	0.01513	0.01765	0.01260	0.00630	0.00630	0.00126	0.00630	0.00504	0.00504	0.75295
18	0.01334	0.01118	0.01539	0.01515	0.01561	0.01348	0.01140	0.01505	0.01459	0.02063	0.03069	0.33696	0.03513	0.08175	0.11744	0.00545	0.21742	0.01584	0.00589	0.00762
19	0.02275	0.70604	0.04459	0.01456	0.02184	0.03367	0.01456	0.02548	0.01729	0.02002	0.01183	0.01365	0.01092	0.00728	0.00546	0.00182	0.00910	0.00455	0.00364	0.01092
20	0.01746	0.01490	0.01735	0.01279	0.01989	0.01159	0.01014	0.02209	0.04639	0.02781	0.01756	0.05069	0.01532	0.00752	0.00663	0.00144	0.00626	0.00617	0.00535	0.68265
21	0.53738	0.01857	0.01591	0.01472	0.01942	0.01945	0.01112	0.02731	0.01893	0.04060	0.02144	0.02631	0.01789	0.01240	0.00819	0.00360	0.00809	0.00740	0.15925	0.01202
22	0.01499	0.01125	0.01466	0.01596	0.01840	0.01175	0.01367	0.02237	0.12494	0.02721	0.04327	0.08495	0.04502	0.02145	0.01122	0.00374	0.00765	0.49070	0.00798	0.00880
23	0.02106	0.02022	0.03454	0.05223	0.64784	0.02022	0.02612	0.02612	0.01938	0.02780	0.01601	0.02106	0.01348	0.00758	0.00842	0.00253	0.01011	0.00758	0.00421	0.01348
24	0.01619	0.01529	0.02555	0.64948	0.05690	0.01924	0.02340	0.02168	0.01683	0.02168	0.01494	0.02250	0.01134	0.00881	0.00942	0.00288	0.04309	0.00756	0.00378	0.00945
25	0.01238	0.00825	0.00928	0.00928	0.00928	0.00825	0.00516	0.01238	0.01238	0.01650	0.02681	0.05569	0.03094	0.70092	0.04331	0.00825	0.00825	0.01238	0.00516	0.00516
26	0.01862	0.01862	0.02607	0.02234	0.02234	0.02607	0.01862	0.02048	0.01303	0.02048	0.01117	0.01862	0.01117	0.01489	0.02793	0.00372	0.68535	0.00745	0.00372	0.00931
27	0.01006	0.00862	0.00862	0.00862	0.01149	0.00718	0.00647	0.01221	0.01940	0.02299	0.08621	0.08190	0.64438	0.02155	0.01006	0.00287	0.00431	0.01796	0.00790	0.00718
28	0.03235	0.02384	0.02554	0.01958	0.02639	0.02639	0.01618	0.61946	0.04001	0.05363	0.02043	0.02043	0.01447	0.01022	0.00851	0.00255	0.00936	0.00766	0.00851	0.01447
29	0.01006	0.00862	0.00862	0.00862	0.01149	0.00718	0.00647	0.01221	0.01940	0.02299	0.08621	0.08190	0.64438	0.02155	0.01006	0.00287	0.00431	0.01796	0.00790	0.00718
30	0.01862	0.01862	0.02607	0.02234	0.02234	0.02607	0.01862	0.02048	0.01303	0.02048	0.01117	0.01862	0.01117	0.01489	0.02793	0.00372	0.68535	0.00745	0.00372	0.00931
31	0.02009	0.02296	0.05022	0.03587	0.04448	0.02152	0.61693	0.02726	0.02009	0.02726	0.01722	0.02296	0.01291	0.00717	0.01004	0.00287	0.01435	0.01004	0.00430	0.01148
32	0.02009	0.02296	0.05022	0.03587	0.04448	0.02152	0.61693	0.02726	0.02009	0.02726	0.01722	0.02296	0.01291	0.00717	0.01004	0.00287	0.01435	0.01004	0.00430	0.01148
33	0.02009	0.02296	0.05022	0.03587	0.04448	0.02152	0.61693	0.02726	0.02009	0.02726	0.01722	0.02296	0.01291	0.00717	0.01004	0.00287	0.01435	0.01004	0.00430	0.01148
34	0.01862	0.01862	0.02607	0.02234	0.02234	0.02607	0.01862	0.02048	0.01303	0.02048	0.01117	0.01862	0.01117	0.01489	0.02793	0.00372	0.68535	0.00745	0.00372	0.00931
35	0.03179	0.04056	0.02412	0.02192	0.02631	0.66676	0.01644	0.03398	0.02412	0.02083	0.01315	0.01535	0.01096	0.00877	0.00767	0.00219	0.01535	0.00548	0.00438	0.00987
36	0.01216	0.00912	0.01368	0.01368	0.01520	0.01064	0.01064	0.01520	0.01368	0.01976	0.02279	0.03343	0.02127	0.06382	0.66720	0.01368	0.02279	0.00912	0.00456	0.00760
37	0.03818	0.01448	0.01975	0.01514	0.02172	0.01251	0.01251	0.04147	0.02436	0.65373	0.03357	0.02897	0.02107	0.01053	0.00856	0.00263	0.00724	0.00856	0.01053	0.01448
38	0.03818	0.01448	0.01975	0.01514	0.02172	0.01251	0.01251	0.04147	0.02436	0.65373	0.03357	0.02897	0.02107	0.01053	0.00856	0.00263	0.00724	0.00856	0.01053	0.01448
39	0.01748	0.01513	0.01846	0.08183	0.02415	0.01213	0.01149	0.02146	0.01758	0.02711	0.01513	0.01817	0.01247	0.00653	0.00653	0.00142	0.00682	0.00530	0.00491	0.67589
40	0.03171	0.02352	0.02518	0.01945	0.02615	0.02609	0.01602	0.58678	0.07373	0.05261	0.02124	0.02108	0.01513	0.01029	0.00852	0.00257	0.00921	0.00777	0.00852	0.01442
41	0.01765	0.01513	0.01765	0.01260	0.02017	0.01134	0.01008	0.02143	0.01765	0.02773	0.01513	0.01765	0.01260	0.00630	0.00630	0.00126	0.00630	0.00504	0.00504	0.75295
42	0.02275	0.70604	0.04459	0.01456	0.02184	0.03367	0.01456	0.02548	0.01729	0.02002	0.01183	0.01365	0.01092	0.00728	0.00546	0.00182	0.00910	0.00455	0.00364	0.01092
43	0.02346	0.01901	0.02021	0.01728	0.02245	0.02144	0.01368	0.20695	0.40768	0.04014	0.06053	0.03219	0.05278	0.01188	0.00874	0.00278	0.00726	0.00969	0.00862	0.01323
44	0.01248	0.01004	0.01445	0.01421	0.01557	0.01048	0.03828	0.01464	0.01592	0.02209	0.05960	0.40229	0.04182	0.06370	0.11232	0.00510	0.07881	0.01762	0.00657	0.04401
45	0.02053	0.01485	0.01808	0.04280	0.02184	0.01210	0.01109	0.02515	0.04382	0.12187	0.04848	0.02232	0.01757	0.00777	0.00701	0.00167	0.00658	0.00636	0.00616	0.54396
46	0.05402	0.08380	0.11962	0.01737	0.02373	0.01673	0.06931	0.05523	0.06914	0.12888	0.11644	0.09461	0.02895	0.01176	0.00845	0.00258	0.00812	0.01010	0.00688	0.07429

[dist]
# distance from previous block
# <min> <max>
0	3

[block]
# block no. 11 follows, 21 sequences, length 13
# corresponding to MSA columns:
# 357-363,365-370
name=unknown_L
#
# <colnr> <probs for GDERKNQSTAVLIFYWHMCP>
#	G	D	E	R	K	N	Q	S	T	A	V	L	I	F	Y	W	H	M	C	P
0	0.02301	0.02048	0.12789	0.01586	0.02319	0.01509	0.01482	0.11097	0.04665	0.14658	0.06636	0.02478	0.02002	0.00913	0.00768	0.00214	0.00771	0.00735	0.04513	0.26514
1	0.01727	0.12011	0.53867	0.02223	0.03333	0.02051	0.02778	0.02572	0.01777	0.02576	0.01708	0.06500	0.01399	0.00929	0.00797	0.00264	0.01163	0.00734	0.00390	0.01198
2	0.01765	0.01513	0.01765	0.01260	0.02017	0.01134	0.01008	0.02143	0.01765	0.02773	0.01513	0.01765	0.01260	0.00630	0.00630	0.00126	0.00630	0.00504	0.00504	0.75295
3	0.02072	0.01503	0.01796	0.01298	0.02040	0.01152	0.01045	0.02443	0.01865	0.12135	0.01788	0.01934	0.01387	0.00694	0.00664	0.00147	0.00644	0.00557	0.00586	0.64251
4	0.01607	0.01513	0.02552	0.68047	0.05861	0.01891	0.02363	0.02174	0.01702	0.02174	0.01513	0.02269	0.01134	0.00851	0.00851	0.00284	0.01134	0.00756	0.00378	0.00945
5	0.02106	0.02022	0.03454	0.05223	0.64784	0.02022	0.02612	0.02612	0.01938	0.02780	0.01601	0.02106	0.01348	0.00758	0.00842	0.00253	0.01011	0.00758	0.00421	0.01348
6	0.01800	0.01710	0.02901	0.43732	0.28667	0.01942	0.02460	0.02344	0.01793	0.02409	0.01547	0.02206	0.01217	0.00815	0.00848	0.00272	0.01087	0.00757	0.00395	0.01101
7	0.01145	0.00851	0.01050	0.01031	0.01222	0.00773	0.00752	0.01456	0.02157	0.02938	0.42305	0.13774	0.19657	0.05644	0.01194	0.00311	0.00441	0.01677	0.00866	0.00757
8	0.01607	0.01513	0.02552	0.68047	0.05861	0.01891	0.02363	0.02174	0.01702	0.02174	0.01513	0.02269	0.01134	0.00851	0.00851	0.00284	0.01134	0.00756	0.00378	0.00945
9	0.01981	0.02213	0.04561	0.03329	0.04025	0.02239	0.50277	0.02597	0.01874	0.02597	0.01606	0.02213	0.01258	0.00865	0.01346	0.00303	0.14238	0.00955	0.00419	0.01106
10	0.01823	0.14817	0.50821	0.02367	0.03507	0.02214	0.07765	0.02674	0.01804	0.02587	0.01488	0.01769	0.01098	0.00788	0.00783	0.00257	0.01217	0.00632	0.00366	0.01222
11	0.07283	0.01556	0.01720	0.01402	0.01943	0.04338	0.01115	0.05682	0.09946	0.20480	0.13330	0.03361	0.06197	0.01124	0.00816	0.00237	0.00669	0.00916	0.00806	0.17077
12	0.05792	0.01800	0.02025	0.01614	0.02159	0.01890	0.01306	0.25233	0.06869	0.06700	0.05473	0.05531	0.02044	0.01086	0.00958	0.00241	0.06401	0.00829	0.03673	0.18379

[dist]
# distance from previous block
# <min> <max>
11	40

[block]
# block no. 12 follows, 21 sequences, length 8
# corresponding to MSA columns:
# 413-420
name=unknown_M
#
# <colnr> <probs for GDERKNQSTAVLIFYWHMCP>
#	G	D	E	R	K	N	Q	S	T	A	V	L	I	F	Y	W	H	M	C	P
