[name]
unknown

[dist]
# distance from previous block
# <min> <max>
0	33

[block]
# block no. 0 follows, 24 sequences, length 8
# corresponding to MSA columns:
# 33-40
name=unknown_A
#
# <colnr> <probs for GDERKNQSTAVLIFYWHMCP>
#	G	D	E	R	K	N	Q	S	T	A	V	L	I	F	Y	W	H	M	C	P
0	0.01224	0.00880	0.01236	0.01397	0.01559	0.00892	0.01181	0.01553	0.01723	0.02268	0.03963	0.15397	0.04324	0.02686	0.09433	0.00472	0.00871	0.47531	0.00693	0.00718
1	0.01191	0.01186	0.09264	0.01222	0.01445	0.00947	0.01027	0.01474	0.01397	0.02024	0.02674	0.19055	0.02790	0.16691	0.25331	0.00718	0.01180	0.01187	0.08487	0.00710
2	0.08809	0.01812	0.01975	0.05141	0.02278	0.01928	0.01296	0.38208	0.02861	0.07015	0.02223	0.02280	0.05384	0.00946	0.00739	0.00224	0.00760	0.00724	0.04891	0.10506
3	0.02091	0.02078	0.02245	0.20165	0.16727	0.18593	0.01734	0.06613	0.05915	0.02537	0.01700	0.02073	0.01338	0.00828	0.00737	0.00230	0.00986	0.00674	0.11732	0.01003
4	0.01930	0.01599	0.02477	0.07250	0.29785	0.01582	0.05174	0.02570	0.09873	0.08826	0.02188	0.10107	0.01902	0.00972	0.00799	0.00240	0.00807	0.00900	0.00548	0.10471
5	0.01893	0.01110	0.01337	0.01190	0.01444	0.01097	0.00862	0.12082	0.01979	0.15461	0.09538	0.17209	0.03387	0.25523	0.01954	0.00437	0.00666	0.01255	0.00721	0.00854
6	0.43167	0.01545	0.01460	0.06994	0.01989	0.04146	0.01077	0.04813	0.03478	0.08759	0.05475	0.09981	0.01993	0.01091	0.00696	0.00271	0.00696	0.00806	0.00617	0.00949
7	0.02112	0.01660	0.02385	0.27803	0.03582	0.01856	0.08291	0.16386	0.11401	0.08465	0.02022	0.02296	0.01473	0.00880	0.00795	0.00253	0.00907	0.00769	0.05576	0.01088

[dist]
# distance from previous block
# <min> <max>
21	66

[block]
# block no. 1 follows, 24 sequences, length 131
# corresponding to MSA columns:
# 114-244
name=unknown_B
#
# <colnr> <probs for GDERKNQSTAVLIFYWHMCP>
#	G	D	E	R	K	N	Q	S	T	A	V	L	I	F	Y	W	H	M	C	P
0	0.04778	0.01389	0.01714	0.01472	0.01843	0.03546	0.05900	0.07466	0.10746	0.08094	0.05743	0.14896	0.09951	0.01672	0.05445	0.00326	0.04145	0.01138	0.03555	0.06178
1	0.15816	0.02198	0.02144	0.15409	0.02896	0.13278	0.01537	0.30888	0.02635	0.03641	0.01552	0.01759	0.01150	0.00860	0.00727	0.00239	0.00957	0.00628	0.00588	0.01098
2	0.07764	0.01174	0.01388	0.01234	0.01596	0.01167	0.00975	0.04847	0.11555	0.17603	0.23821	0.07459	0.09559	0.01410	0.00859	0.00263	0.00545	0.04977	0.00828	0.00977
3	0.06673	0.01471	0.02251	0.52598	0.04541	0.01826	0.01970	0.05944	0.01651	0.02280	0.01386	0.02023	0.01073	0.00927	0.01022	0.03185	0.07217	0.00685	0.00389	0.00887
4	0.02541	0.01878	0.02270	0.01773	0.02332	0.01994	0.06998	0.40465	0.05379	0.07150	0.02200	0.05094	0.01763	0.03868	0.00936	0.00263	0.00834	0.03204	0.04191	0.04867
5	0.02291	0.01267	0.01551	0.01296	0.01725	0.01220	0.01040	0.12242	0.05721	0.25755	0.21251	0.04359	0.11808	0.01338	0.00865	0.00254	0.00587	0.03491	0.00872	0.01066
6	0.02756	0.02065	0.02246	0.01761	0.02316	0.02308	0.01440	0.53301	0.07383	0.04562	0.04391	0.02220	0.01681	0.03339	0.00992	0.00263	0.04175	0.00766	0.00766	0.01269
7	0.01817	0.04625	0.03495	0.07229	0.05787	0.04306	0.30510	0.02262	0.01616	0.02230	0.01403	0.01994	0.01169	0.01166	0.04716	0.00334	0.23188	0.00798	0.00379	0.00976
8	0.02340	0.01919	0.01958	0.01677	0.02175	0.05542	0.01325	0.18413	0.44997	0.06459	0.02806	0.02618	0.02074	0.01029	0.00798	0.00257	0.00729	0.00829	0.00791	0.01264
9	0.01972	0.01703	0.01793	0.01614	0.02062	0.01972	0.01255	0.04214	0.65752	0.03317	0.03228	0.02959	0.02421	0.01076	0.00807	0.00269	0.00628	0.00897	0.00807	0.01255
10	0.01063	0.00765	0.01007	0.01038	0.01172	0.00709	0.00744	0.01347	0.01968	0.02741	0.43042	0.30900	0.06631	0.01949	0.00965	0.00277	0.00407	0.01746	0.00821	0.00709
11	0.02120	0.72609	0.04155	0.01357	0.02035	0.03138	0.01357	0.02374	0.01611	0.01866	0.01102	0.01272	0.01018	0.00678	0.00509	0.00170	0.00848	0.00424	0.00339	0.01018
12	0.01695	0.01440	0.01672	0.01199	0.01901	0.01109	0.00961	0.04321	0.01722	0.02674	0.01428	0.01654	0.01181	0.00601	0.00595	0.00122	0.00598	0.00479	0.00482	0.74169
13	0.14240	0.17574	0.08470	0.01574	0.02205	0.12401	0.01425	0.11110	0.02121	0.19151	0.01766	0.01778	0.01274	0.00828	0.00671	0.00222	0.00892	0.00585	0.00594	0.01120
14	0.01590	0.04102	0.68023	0.02260	0.03432	0.01842	0.02930	0.02511	0.01674	0.02511	0.01423	0.01674	0.01005	0.00753	0.00753	0.00251	0.01172	0.00586	0.00335	0.01172
15	0.01246	0.00919	0.01159	0.01112	0.01318	0.00896	0.00844	0.04136	0.06416	0.03084	0.49214	0.12937	0.06475	0.01689	0.00940	0.00265	0.00443	0.05273	0.00841	0.00793
16	0.01713	0.01630	0.02768	0.39925	0.34077	0.01819	0.02310	0.02215	0.01688	0.02288	0.01448	0.02044	0.01149	0.00753	0.00789	0.00251	0.01004	0.00706	0.00371	0.01055
17	0.01679	0.01594	0.02706	0.44758	0.29512	0.01809	0.02292	0.02185	0.01671	0.02246	0.01441	0.02055	0.01135	0.00759	0.00790	0.00253	0.01012	0.00705	0.00368	0.01027
18	0.01153	0.00769	0.00865	0.00865	0.00865	0.00769	0.00480	0.01153	0.01153	0.01538	0.02499	0.05189	0.02883	0.72131	0.04036	0.00769	0.00769	0.01153	0.00480	0.00480
19	0.01846	0.02173	0.07025	0.06550	0.06245	0.01983	0.56879	0.02511	0.01848	0.02516	0.01584	0.02114	0.01190	0.00679	0.00917	0.00266	0.01304	0.00903	0.00396	0.01071
20	0.02314	0.01371	0.01648	0.01406	0.01814	0.01365	0.01096	0.21572	0.02441	0.20250	0.06189	0.26129	0.03132	0.01502	0.00868	0.00265	0.00645	0.01288	0.00815	0.03890
21	0.00991	0.00708	0.00948	0.01132	0.01189	0.00665	0.00779	0.01147	0.01543	0.02052	0.04357	0.66659	0.05191	0.02461	0.01019	0.00325	0.00481	0.06966	0.00736	0.00651
22	0.03498	0.01446	0.01900	0.01456	0.02072	0.01308	0.01203	0.10548	0.02430	0.60824	0.02994	0.02611	0.01895	0.00978	0.00797	0.00245	0.00697	0.00788	0.00961	0.01349
23	0.06532	0.05951	0.02363	0.01834	0.02393	0.23275	0.01477	0.39457	0.03052	0.03826	0.01616	0.01697	0.01207	0.00887	0.00741	0.00225	0.01034	0.00623	0.00637	0.01175
24	0.01914	0.01834	0.03130	0.11767	0.60668	0.01871	0.02409	0.02391	0.01782	0.02531	0.01483	0.01979	0.01235	0.00716	0.00786	0.00239	0.00954	0.00706	0.00388	0.01216
25	0.01377	0.00689	0.01033	0.01033	0.01033	0.00689	0.00689	0.01033	0.01033	0.01377	0.01377	0.02410	0.01377	0.02755	0.03099	0.76928	0.00689	0.00689	0.00344	0.00344
26	0.01377	0.00689	0.01033	0.01033	0.01033	0.00689	0.00689	0.01033	0.01033	0.01377	0.01377	0.02410	0.01377	0.02755	0.03099	0.76928	0.00689	0.00689	0.00344	0.00344
27	0.02278	0.59702	0.03798	0.01485	0.02113	0.15478	0.01390	0.02523	0.01731	0.01880	0.01126	0.01302	0.01018	0.00704	0.00547	0.00176	0.00957	0.00440	0.00352	0.00999
28	0.01523	0.03581	0.56517	0.02149	0.03171	0.01698	0.05499	0.02335	0.01678	0.02456	0.01984	0.07514	0.04536	0.00947	0.00791	0.00258	0.01086	0.00787	0.00389	0.01101
29	0.05806	0.02331	0.11263	0.10021	0.03985	0.05153	0.44609	0.02502	0.01810	0.02508	0.01519	0.02006	0.01139	0.00702	0.00867	0.00261	0.01256	0.00826	0.00394	0.01043
30	0.77733	0.01534	0.01166	0.01043	0.01534	0.01779	0.00859	0.02331	0.01350	0.03558	0.01104	0.01288	0.00859	0.00736	0.00491	0.00245	0.00613	0.00429	0.00491	0.00859
31	0.04679	0.11814	0.53632	0.02052	0.03103	0.01946	0.02550	0.02578	0.01694	0.06808	0.01487	0.01681	0.01064	0.00759	0.00718	0.00241	0.01080	0.00575	0.00384	0.01154
32	0.01145	0.00766	0.00867	0.00875	0.00877	0.00764	0.00491	0.01151	0.01168	0.01558	0.02576	0.07930	0.02980	0.69258	0.03911	0.00750	0.00756	0.01199	0.00491	0.00487
33	0.11591	0.01466	0.01876	0.01569	0.05123	0.01372	0.01220	0.08530	0.02264	0.52494	0.02729	0.02444	0.01758	0.00939	0.00763	0.00244	0.00697	0.00746	0.00884	0.01291
34	0.03366	0.01356	0.01821	0.01387	0.02010	0.01155	0.01143	0.03677	0.02207	0.61186	0.02956	0.02593	0.01884	0.00942	0.00776	0.00233	0.00666	0.00765	0.00930	0.08950
35	0.00966	0.00690	0.00920	0.01104	0.01150	0.00644	0.00736	0.01104	0.01518	0.02024	0.04371	0.71614	0.05245	0.02484	0.01012	0.00322	0.00460	0.02254	0.00736	0.00644
36	0.01735	0.01735	0.02429	0.02082	0.02082	0.02429	0.01735	0.01908	0.01214	0.01908	0.01041	0.01735	0.01041	0.01388	0.02602	0.00347	0.70680	0.00694	0.00347	0.00867
37	0.03407	0.01591	0.01990	0.01525	0.02145	0.01524	0.01260	0.20663	0.02674	0.50365	0.02789	0.02479	0.01793	0.00973	0.00796	0.00243	0.00730	0.00774	0.00929	0.01349
38	0.01264	0.00903	0.01262	0.01444	0.01620	0.00900	0.01253	0.01618	0.01811	0.02357	0.04206	0.11804	0.04595	0.02204	0.01091	0.00363	0.00718	0.59128	0.00730	0.00726
39	0.02962	0.03779	0.02247	0.02043	0.02451	0.68948	0.01532	0.03166	0.02247	0.01941	0.01226	0.01430	0.01021	0.00817	0.00715	0.00204	0.01430	0.00511	0.00409	0.00919
40	0.02133	0.61936	0.09629	0.01467	0.02186	0.02979	0.01505	0.06515	0.01757	0.02130	0.01184	0.01349	0.01038	0.00703	0.00549	0.00181	0.00878	0.00457	0.00369	0.01053
41	0.00966	0.00690	0.00920	0.01104	0.01150	0.00644	0.00736	0.01104	0.01518	0.02024	0.04371	0.71614	0.05245	0.02484	0.01012	0.00322	0.00460	0.02254	0.00736	0.00644
42	0.01498	0.01409	0.02378	0.70226	0.05462	0.01762	0.02202	0.02026	0.01586	0.02026	0.01409	0.02114	0.01057	0.00793	0.00793	0.00264	0.01057	0.00705	0.00352	0.00881
43	0.01329	0.00960	0.01203	0.01134	0.01336	0.00870	0.00835	0.01635	0.02337	0.03319	0.64817	0.06054	0.07460	0.01723	0.01010	0.00285	0.00448	0.01469	0.00925	0.00851
44	0.01644	0.01409	0.01644	0.01175	0.01879	0.01057	0.00940	0.01997	0.01644	0.02584	0.01409	0.01644	0.01175	0.00587	0.00587	0.00117	0.00587	0.00470	0.00470	0.76979
45	0.01145	0.00765	0.00867	0.00875	0.00877	0.00763	0.00492	0.01151	0.01169	0.01559	0.02580	0.08094	0.02986	0.69086	0.03904	0.00749	0.00755	0.01201	0.00492	0.00488
46	0.01002	0.00806	0.00893	0.00871	0.01111	0.00697	0.00653	0.01263	0.01960	0.02504	0.28506	0.07036	0.46165	0.01873	0.00937	0.00261	0.00392	0.01590	0.00784	0.00697
47	0.01498	0.01409	0.02378	0.70226	0.05462	0.01762	0.02202	0.02026	0.01586	0.02026	0.01409	0.02114	0.01057	0.00793	0.00793	0.00264	0.01057	0.00705	0.00352	0.00881
48	0.02120	0.72609	0.04155	0.01357	0.02035	0.03138	0.01357	0.02374	0.01611	0.01866	0.01102	0.01272	0.01018	0.00678	0.00509	0.00170	0.00848	0.00424	0.00339	0.01018
49	0.02918	0.03596	0.02263	0.02030	0.02437	0.61923	0.01538	0.07194	0.02305	0.02143	0.01264	0.01473	0.01044	0.00848	0.00794	0.00212	0.04109	0.00531	0.00432	0.00946
50	0.00982	0.00702	0.00939	0.01123	0.01176	0.00658	0.00764	0.01132	0.01534	0.02042	0.04362	0.68349	0.05209	0.02469	0.01016	0.00324	0.00474	0.05359	0.00736	0.00649
51	0.00966	0.00690	0.00920	0.01104	0.01150	0.00644	0.00736	0.01104	0.01518	0.02024	0.04371	0.71614	0.05245	0.02484	0.01012	0.00322	0.00460	0.02254	0.00736	0.00644
52	0.02821	0.03152	0.02300	0.02148	0.06719	0.44971	0.01563	0.15885	0.08013	0.02734	0.01556	0.01695	0.01226	0.00860	0.00744	0.00219	0.01213	0.00599	0.00521	0.01059
53	0.01508	0.00902	0.01184	0.01116	0.01368	0.00824	0.00872	0.01840	0.02111	0.13252	0.39420	0.10098	0.11029	0.01681	0.00939	0.00270	0.00477	0.09429	0.00851	0.00829
54	0.01831	0.01812	0.02685	0.02211	0.02344	0.02382	0.08936	0.05935	0.01449	0.02176	0.01160	0.01792	0.01079	0.01277	0.02296	0.00331	0.58278	0.00723	0.00381	0.00921
55	0.33212	0.01577	0.01962	0.20377	0.06009	0.01779	0.05577	0.07070	0.04096	0.02997	0.01406	0.01774	0.01086	0.00849	0.00761	0.03314	0.00821	0.00603	0.00471	0.04258
56	0.24544	0.01765	0.09430	0.04756	0.05076	0.01534	0.04632	0.05572	0.01907	0.21532	0.07354	0.02487	0.04285	0.00935	0.00725	0.00248	0.00752	0.00744	0.00651	0.01071
57	0.08746	0.01576	0.02425	0.39634	0.04093	0.04675	0.10157	0.02073	0.01595	0.02226	0.01664	0.08874	0.01471	0.00986	0.00943	0.00272	0.06444	0.00854	0.00412	0.00881
58	0.01746	0.01811	0.03184	0.08483	0.07149	0.02110	0.23344	0.02150	0.01560	0.02241	0.04476	0.02124	0.01424	0.01057	0.01677	0.00301	0.32997	0.00815	0.00394	0.00957
59	0.06863	0.01412	0.01621	0.01369	0.01885	0.01196	0.01062	0.02146	0.04157	0.05329	0.02520	0.12890	0.02449	0.01260	0.00821	0.00243	0.00671	0.08532	0.00650	0.42925
60	0.74989	0.01527	0.01190	0.01056	0.01552	0.01756	0.00870	0.02388	0.01384	0.05932	0.01179	0.01340	0.00900	0.00745	0.00502	0.00245	0.00616	0.00443	0.00509	0.00877
61	0.01907	0.01737	0.02847	0.19797	0.40533	0.01836	0.04495	0.07553	0.01909	0.02681	0.01580	0.02063	0.01264	0.00760	0.00779	0.00241	0.00942	0.00717	0.05224	0.01135
62	0.01599	0.01362	0.01596	0.01170	0.01831	0.01030	0.00926	0.01937	0.01636	0.02547	0.01606	0.06292	0.01445	0.00713	0.00615	0.00131	0.00579	0.00588	0.00488	0.71909
63	0.00966	0.00690	0.00920	0.01104	0.01150	0.00644	0.00736	0.01104	0.01518	0.02024	0.04371	0.71614	0.05245	0.02484	0.01012	0.00322	0.00460	0.02254	0.00736	0.00644
64	0.03334	0.01709	0.02063	0.01581	0.02204	0.01699	0.01306	0.28886	0.02871	0.41863	0.02623	0.02371	0.01710	0.00969	0.00796	0.00242	0.00756	0.00763	0.00904	0.01349
65	0.67395	0.01882	0.10243	0.01208	0.01791	0.01787	0.01140	0.02355	0.01394	0.03416	0.01147	0.01341	0.00879	0.00738	0.00526	0.00246	0.00689	0.00451	0.00470	0.00901
66	0.01055	0.00766	0.00972	0.01110	0.01178	0.00747	0.00741	0.01316	0.05742	0.02054	0.04079	0.59400	0.04785	0.10416	0.01347	0.00370	0.00507	0.02037	0.00711	0.00666
67	0.01604	0.01518	0.02570	0.55290	0.19567	0.01790	0.02255	0.02119	0.01636	0.02155	0.01428	0.02080	0.01103	0.00773	0.00791	0.00258	0.01031	0.00705	0.00362	0.00967
68	0.00960	0.00804	0.00835	0.00827	0.01085	0.00679	0.00620	0.01182	0.01861	0.02270	0.15257	0.07421	0.59559	0.01961	0.00937	0.00266	0.00398	0.01644	0.00753	0.00679
69	0.00981	0.00700	0.00937	0.01121	0.01173	0.00657	0.00761	0.01129	0.01533	0.02041	0.04363	0.68698	0.05213	0.02471	0.01016	0.00324	0.00473	0.05027	0.00736	0.00648
70	0.02120	0.72609	0.04155	0.01357	0.02035	0.03138	0.01357	0.02374	0.01611	0.01866	0.01102	0.01272	0.01018	0.00678	0.00509	0.00170	0.00848	0.00424	0.00339	0.01018
71	0.01122	0.00811	0.01060	0.00998	0.01185	0.00748	0.00748	0.01496	0.02245	0.03180	0.66766	0.05923	0.07482	0.01621	0.00935	0.00249	0.00374	0.01434	0.00873	0.00748
72	0.77733	0.01534	0.01166	0.01043	0.01534	0.01779	0.00859	0.02331	0.01350	0.03558	0.01104	0.01288	0.00859	0.00736	0.00491	0.00245	0.00613	0.00429	0.00491	0.00859
73	0.01478	0.00739	0.00739	0.00739	0.00924	0.00739	0.00554	0.01848	0.01663	0.02956	0.02587	0.02956	0.02033	0.00924	0.00554	0.00185	0.00370	0.00739	0.76534	0.00739
74	0.77733	0.01534	0.01166	0.01043	0.01534	0.01779	0.00859	0.02331	0.01350	0.03558	0.01104	0.01288	0.00859	0.00736	0.00491	0.00245	0.00613	0.00429	0.00491	0.00859
75	0.77733	0.01534	0.01166	0.01043	0.01534	0.01779	0.00859	0.02331	0.01350	0.03558	0.01104	0.01288	0.00859	0.00736	0.00491	0.00245	0.00613	0.00429	0.00491	0.00859
76	0.77733	0.01534	0.01166	0.01043	0.01534	0.01779	0.00859	0.02331	0.01350	0.03558	0.01104	0.01288	0.00859	0.00736	0.00491	0.00245	0.00613	0.00429	0.00491	0.00859
77	0.00972	0.00695	0.00925	0.01100	0.01151	0.00648	0.00737	0.01119	0.01546	0.02068	0.06729	0.69131	0.05329	0.02452	0.01009	0.00319	0.00457	0.02223	0.00741	0.00648
78	0.00966	0.00690	0.00920	0.01104	0.01150	0.00644	0.00736	0.01104	0.01518	0.02024	0.04371	0.71614	0.05245	0.02484	0.01012	0.00322	0.00460	0.02254	0.00736	0.00644
79	0.02370	0.01901	0.02017	0.01694	0.02214	0.02158	0.01351	0.27245	0.42073	0.03959	0.02722	0.02556	0.02011	0.01029	0.00802	0.00257	0.00721	0.00827	0.00802	0.01291
80	0.01590	0.04102	0.68023	0.02260	0.03432	0.01842	0.02930	0.02511	0.01674	0.02511	0.01423	0.01674	0.01005	0.00753	0.00753	0.00251	0.01172	0.00586	0.00335	0.01172
81	0.01644	0.01409	0.01644	0.01175	0.01879	0.01057	0.00940	0.01997	0.01644	0.02584	0.01409	0.01644	0.01175	0.00587	0.00587	0.00117	0.00587	0.00470	0.00470	0.76979
82	0.00966	0.00690	0.00920	0.01104	0.01150	0.00644	0.00736	0.01104	0.01518	0.02024	0.04371	0.71614	0.05245	0.02484	0.01012	0.00322	0.00460	0.02254	0.00736	0.00644
83	0.67084	0.01507	0.01262	0.01096	0.01604	0.01691	0.00903	0.02551	0.01482	0.12771	0.01395	0.01491	0.01017	0.00771	0.00535	0.00245	0.00622	0.00482	0.00561	0.00929
84	0.01498	0.01409	0.02378	0.70226	0.05462	0.01762	0.02202	0.02026	0.01586	0.02026	0.01409	0.02114	0.01057	0.00793	0.00793	0.00264	0.01057	0.00705	0.00352	0.00881
85	0.00981	0.00701	0.00937	0.01121	0.01174	0.00657	0.00762	0.01130	0.01533	0.02041	0.04362	0.68581	0.05212	0.02470	0.01016	0.00324	0.00473	0.05139	0.00736	0.00648
86	0.77733	0.01534	0.01166	0.01043	0.01534	0.01779	0.00859	0.02331	0.01350	0.03558	0.01104	0.01288	0.00859	0.00736	0.00491	0.00245	0.00613	0.00429	0.00491	0.00859
87	0.03558	0.01350	0.01840	0.01411	0.02024	0.01166	0.01166	0.03865	0.02270	0.67734	0.03128	0.02699	0.01963	0.00981	0.00797	0.00245	0.00675	0.00797	0.00981	0.01350
88	0.02340	0.26983	0.09468	0.01764	0.04406	0.11761	0.01562	0.16950	0.08882	0.02885	0.01638	0.01755	0.01293	0.00822	0.00670	0.00212	0.00926	0.00592	0.03980	0.01115
89	0.01215	0.00831	0.01090	0.01013	0.01217	0.00764	0.00764	0.01586	0.02246	0.05628	0.64354	0.05801	0.07273	0.01597	0.00930	0.00249	0.00386	0.01410	0.00877	0.00771
90	0.01064	0.00785	0.01049	0.03749	0.01386	0.00768	0.00849	0.01341	0.04160	0.02225	0.11044	0.54907	0.05175	0.02251	0.00993	0.00313	0.00498	0.06010	0.00739	0.00694
91	0.77733	0.01534	0.01166	0.01043	0.01534	0.01779	0.00859	0.02331	0.01350	0.03558	0.01104	0.01288	0.00859	0.00736	0.00491	0.00245	0.00613	0.00429	0.00491	0.00859
92	0.00960	0.00800	0.00837	0.00838	0.01087	0.00677	0.00625	0.01178	0.01846	0.02257	0.14630	0.09995	0.57580	0.01983	0.00940	0.00268	0.00401	0.01669	0.00752	0.00677
93	0.02120	0.72609	0.04155	0.01357	0.02035	0.03138	0.01357	0.02374	0.01611	0.01866	0.01102	0.01272	0.01018	0.00678	0.00509	0.00170	0.00848	0.00424	0.00339	0.01018
94	0.01644	0.01409	0.01644	0.01175	0.01879	0.01057	0.00940	0.01997	0.01644	0.02584	0.01409	0.01644	0.01175	0.00587	0.00587	0.00117	0.00587	0.00470	0.00470	0.76979
95	0.01112	0.00803	0.01051	0.01004	0.01183	0.00742	0.00747	0.01472	0.02199	0.03107	0.62828	0.10070	0.07341	0.01676	0.00940	0.00254	0.00380	0.01486	0.00864	0.00742
96	0.01807	0.07286	0.54193	0.02225	0.03295	0.01864	0.07433	0.02621	0.01737	0.08014	0.01565	0.01776	0.01102	0.00762	0.00758	0.00248	0.01126	0.00622	0.00395	0.01171
97	0.04805	0.46154	0.15523	0.01521	0.02221	0.06662	0.01584	0.02364	0.01712	0.02178	0.07403	0.01799	0.01623	0.00793	0.00607	0.00197	0.00890	0.00556	0.00399	0.01009
98	0.03008	0.02399	0.02365	0.01849	0.02458	0.10057	0.01510	0.57528	0.03559	0.04648	0.01826	0.01850	0.01311	0.00937	0.00784	0.00234	0.00936	0.00691	0.00749	0.01300
99	0.01017	0.00806	0.00914	0.00887	0.01120	0.00704	0.00666	0.01293	0.01997	0.02591	0.33428	0.06893	0.41188	0.01841	0.00936	0.00260	0.00390	0.01570	0.00795	0.00704
100	0.21801	0.01536	0.02098	0.33965	0.03640	0.01794	0.05573	0.09536	0.01782	0.02834	0.01472	0.01950	0.01126	0.01061	0.04268	0.00307	0.00971	0.00656	0.02700	0.00929
101	0.01593	0.01362	0.01437	0.01321	0.01694	0.01484	0.01018	0.03073	0.41505	0.02949	0.09469	0.04604	0.22424	0.01401	0.00856	0.00267	0.00540	0.01174	0.00790	0.01039
102	0.03558	0.01350	0.01840	0.01411	0.02024	0.01166	0.01166	0.03865	0.02270	0.67734	0.03128	0.02699	0.01963	0.00981	0.00797	0.00245	0.00675	0.00797	0.00981	0.01350
103	0.01715	0.03103	0.36584	0.05332	0.03835	0.01913	0.30953	0.02506	0.01761	0.02506	0.01505	0.01903	0.01097	0.00716	0.00838	0.00259	0.01243	0.00750	0.00366	0.01114
104	0.01073	0.00830	0.01250	0.01283	0.01414	0.00778	0.05719	0.01295	0.01655	0.02231	0.12169	0.54489	0.05182	0.02217	0.01001	0.00311	0.00531	0.05151	0.00727	0.00695
105	0.01735	0.01735	0.02429	0.02082	0.02082	0.02429	0.01735	0.01908	0.01214	0.01908	0.01041	0.01735	0.01041	0.01388	0.02602	0.00347	0.70680	0.00694	0.00347	0.00867
106	0.02648	0.01738	0.02031	0.01786	0.06204	0.01838	0.01344	0.32789	0.09095	0.16514	0.02565	0.10377	0.02053	0.01133	0.00811	0.00250	0.00745	0.00929	0.03924	0.01226
107	0.02798	0.01985	0.02176	0.01707	0.02259	0.02174	0.01388	0.53848	0.03339	0.06894	0.02023	0.05312	0.01560	0.01179	0.01000	0.06750	0.00830	0.00789	0.00759	0.01230
108	0.01478	0.01214	0.01613	0.01458	0.01583	0.01477	0.01138	0.05747	0.01443	0.02111	0.01935	0.06201	0.01925	0.14690	0.23504	0.00687	0.23149	0.00891	0.04093	0.03662
109	0.02087	0.68284	0.08187	0.01414	0.02123	0.03056	0.01456	0.02383	0.01615	0.01906	0.01123	0.01297	0.01017	0.00683	0.00524	0.00175	0.00868	0.00434	0.00339	0.01027
110	0.01617	0.01381	0.01615	0.01172	0.01850	0.01041	0.00931	0.01961	0.01639	0.02562	0.01528	0.04444	0.01337	0.00663	0.00604	0.00126	0.00582	0.00541	0.00480	0.73925
111	0.02122	0.42009	0.09071	0.01460	0.02077	0.02417	0.01424	0.02584	0.06006	0.10426	0.08265	0.02099	0.01893	0.00880	0.00731	0.00210	0.04134	0.00634	0.00506	0.01054
112	0.00987	0.00703	0.00929	0.01085	0.01141	0.00658	0.00727	0.01139	0.01563	0.02100	0.09473	0.63420	0.05333	0.05286	0.01131	0.00334	0.00466	0.02141	0.00737	0.00646
113	0.05269	0.01450	0.02322	0.49610	0.04478	0.01713	0.06836	0.06008	0.01741	0.02431	0.01572	0.02156	0.01185	0.00805	0.00763	0.00253	0.00970	0.00714	0.08814	0.00909
114	0.21356	0.29106	0.17119	0.01885	0.09356	0.02344	0.01704	0.02382	0.01564	0.02521	0.01213	0.01457	0.01001	0.00739	0.00665	0.00221	0.03452	0.00502	0.00383	0.01031
115	0.01750	0.01729	0.02623	0.49994	0.04742	0.07501	0.10257	0.05443	0.01793	0.02269	0.01480	0.02073	0.01117	0.00791	0.00798	0.00256	0.01096	0.00720	0.02639	0.00929
116	0.01105	0.00797	0.01045	0.01009	0.01181	0.00737	0.00747	0.01453	0.02165	0.03053	0.59894	0.13159	0.07236	0.01716	0.00944	0.00257	0.00384	0.01524	0.00858	0.00737
117	0.02206	0.01903	0.02874	0.27497	0.03934	0.02103	0.15280	0.28032	0.02535	0.03368	0.01656	0.02032	0.01209	0.00832	0.00824	0.00254	0.01041	0.00758	0.00545	0.01115
118	0.01133	0.00850	0.01274	0.01274	0.01416	0.00991	0.00991	0.01416	0.01274	0.01841	0.02124	0.03115	0.01982	0.05947	0.68989	0.01274	0.02124	0.00850	0.00425	0.00708
119	0.01597	0.01603	0.02990	0.52443	0.05111	0.01827	0.18714	0.02163	0.01662	0.02163	0.01461	0.02121	0.01096	0.00760	0.00831	0.00265	0.01131	0.00766	0.00365	0.00931
120	0.03357	0.01350	0.01809	0.01400	0.01984	0.01194	0.01151	0.06462	0.02334	0.60216	0.07662	0.02895	0.02333	0.01026	0.00807	0.00245	0.00662	0.00840	0.00965	0.01306
121	0.01432	0.00745	0.00745	0.00745	0.00936	0.00733	0.00558	0.01788	0.01675	0.02887	0.03049	0.03353	0.07534	0.01016	0.00587	0.00192	0.00372	0.00818	0.70102	0.00733
122	0.02028	0.01699	0.01805	0.01606	0.02050	0.01944	0.01251	0.10903	0.54618	0.03427	0.03149	0.07172	0.02477	0.01151	0.00818	0.00269	0.00645	0.00961	0.00801	0.01227
123	0.00963	0.00704	0.00906	0.01069	0.01141	0.00647	0.00720	0.01108	0.01553	0.02038	0.04805	0.64031	0.12548	0.02428	0.01003	0.00316	0.00453	0.02185	0.00736	0.00647
124	0.01590	0.04102	0.68023	0.02260	0.03432	0.01842	0.02930	0.02511	0.01674	0.02511	0.01423	0.01674	0.01005	0.00753	0.00753	0.00251	0.01172	0.00586	0.00335	0.01172
125	0.01671	0.11589	0.55956	0.02244	0.03332	0.01999	0.07544	0.02498	0.01683	0.02442	0.01401	0.01666	0.01021	0.00738	0.00740	0.00243	0.01149	0.00595	0.00340	0.01147
126	0.00972	0.00703	0.00919	0.01080	0.01147	0.00651	0.00728	0.01125	0.01570	0.02085	0.07505	0.64519	0.09238	0.02414	0.01004	0.00315	0.00452	0.02180	0.00742	0.00651
127	0.03009	0.01857	0.02104	0.01641	0.02239	0.01955	0.01347	0.38485	0.08507	0.23790	0.02629	0.02460	0.04192	0.01013	0.00801	0.00244	0.00773	0.00792	0.00849	0.01314
128	0.13411	0.08141	0.31449	0.01862	0.02720	0.01879	0.04890	0.09138	0.01952	0.14796	0.01721	0.01819	0.01204	0.00803	0.00717	0.00242	0.00951	0.00619	0.00527	0.01160
129	0.09898	0.09726	0.46244	0.02259	0.08463	0.05450	0.02453	0.02507	0.01675	0.02543	0.01356	0.01609	0.01012	0.00744	0.00704	0.00239	0.01077	0.00561	0.00361	0.01119
130	0.19262	0.05618	0.37560	0.04335	0.02787	0.01831	0.02096	0.06373	0.01777	0.05750	0.04569	0.01849	0.01347	0.00812	0.00698	0.00246	0.00948	0.00606	0.00454	0.01082

[dist]
# distance from previous block
# <min> <max>
0	12

[block]
# block no. 2 follows, 24 sequences, length 125
# corresponding to MSA columns:
# 257-381
name=unknown_C
#
# <colnr> <probs for GDERKNQSTAVLIFYWHMCP>
#	G	D	E	R	K	N	Q	S	T	A	V	L	I	F	Y	W	H	M	C	P
0	0.02306	0.07092	0.13116	0.05326	0.06401	0.01500	0.01543	0.02912	0.07714	0.25913	0.10342	0.05402	0.02462	0.01026	0.00787	0.00243	0.00756	0.00857	0.00700	0.03602
1	0.24867	0.02583	0.27867	0.01765	0.02548	0.01779	0.05095	0.02849	0.10982	0.09838	0.01779	0.01877	0.01278	0.00815	0.00696	0.00252	0.00880	0.00625	0.00522	0.01103
2	0.13155	0.04283	0.02760	0.06749	0.02783	0.01807	0.20567	0.04812	0.01850	0.14074	0.07824	0.02371	0.01842	0.00941	0.01044	0.00265	0.10478	0.00809	0.00561	0.01025
3	0.01153	0.00769	0.00865	0.00865	0.00865	0.00769	0.00480	0.01153	0.01153	0.01538	0.02499	0.05189	0.02883	0.72131	0.04036	0.00769	0.00769	0.01153	0.00480	0.00480
4	0.02035	0.57044	0.03776	0.01516	0.02046	0.02982	0.01440	0.02272	0.01524	0.01875	0.01089	0.01374	0.01023	0.00834	0.00969	0.00209	0.16183	0.00483	0.00341	0.00985
5	0.03558	0.01350	0.01840	0.01411	0.02024	0.01166	0.01166	0.03865	0.02270	0.67734	0.03128	0.02699	0.01963	0.00981	0.00797	0.00245	0.00675	0.00797	0.00981	0.01350
6	0.01061	0.00797	0.00982	0.00959	0.01153	0.00718	0.00710	0.01368	0.02064	0.02807	0.45927	0.12755	0.22185	0.01803	0.00943	0.00261	0.00389	0.01574	0.00825	0.00718
7	0.01106	0.00798	0.01046	0.01008	0.01181	0.00738	0.00747	0.01457	0.02171	0.03062	0.60420	0.12605	0.07255	0.01709	0.00943	0.00257	0.00383	0.01518	0.00859	0.00738
8	0.03558	0.01350	0.01840	0.01411	0.02024	0.01166	0.01166	0.03865	0.02270	0.67734	0.03128	0.02699	0.01963	0.00981	0.00797	0.00245	0.00675	0.00797	0.00981	0.01350
9	0.03014	0.02221	0.02380	0.01825	0.02459	0.02459	0.01507	0.64541	0.03728	0.04998	0.01904	0.01904	0.01349	0.00952	0.00793	0.00238	0.00873	0.00714	0.00793	0.01349
10	0.01590	0.04102	0.68023	0.02260	0.03432	0.01842	0.02930	0.02511	0.01674	0.02511	0.01423	0.01674	0.01005	0.00753	0.00753	0.00251	0.01172	0.00586	0.00335	0.01172
11	0.01113	0.00803	0.01051	0.01004	0.01183	0.00742	0.00747	0.01472	0.02199	0.03108	0.62878	0.10017	0.07343	0.01675	0.00940	0.00254	0.00379	0.01485	0.00864	0.00742
12	0.01116	0.00805	0.01059	0.01038	0.01210	0.00748	0.00780	0.01465	0.02143	0.03010	0.56392	0.12894	0.07068	0.01746	0.00953	0.00264	0.00405	0.05317	0.00850	0.00736
13	0.01590	0.04102	0.68023	0.02260	0.03432	0.01842	0.02930	0.02511	0.01674	0.02511	0.01423	0.01674	0.01005	0.00753	0.00753	0.00251	0.01172	0.00586	0.00335	0.01172
14	0.01735	0.01735	0.02429	0.02082	0.02082	0.02429	0.01735	0.01908	0.01214	0.01908	0.01041	0.01735	0.01041	0.01388	0.02602	0.00347	0.70680	0.00694	0.00347	0.00867
15	0.00981	0.00701	0.00933	0.01094	0.01153	0.00654	0.00737	0.01140	0.01585	0.02131	0.10119	0.65562	0.05451	0.02405	0.01005	0.00315	0.00452	0.02179	0.00749	0.00654
16	0.03227	0.01401	0.01755	0.01409	0.01946	0.04662	0.01135	0.03509	0.02182	0.56697	0.03172	0.10587	0.02292	0.01146	0.00818	0.00252	0.00690	0.00951	0.00923	0.01246
17	0.02109	0.69328	0.04180	0.01449	0.02133	0.03085	0.04288	0.02382	0.01623	0.01897	0.01126	0.01312	0.01026	0.00678	0.00529	0.00174	0.00871	0.00448	0.00342	0.01020
18	0.00984	0.00704	0.00936	0.01092	0.01154	0.00656	0.00738	0.01149	0.01602	0.02158	0.11572	0.64032	0.05503	0.02385	0.01003	0.00314	0.00450	0.02160	0.00752	0.00656
19	0.01887	0.31267	0.38543	0.01888	0.02816	0.06575	0.02218	0.02498	0.01685	0.02219	0.01283	0.01499	0.01011	0.00728	0.00654	0.00216	0.01060	0.00517	0.00341	0.01095
20	0.01958	0.01538	0.01663	0.01489	0.01901	0.01723	0.01149	0.03739	0.51184	0.08039	0.06726	0.03408	0.05059	0.05560	0.01019	0.00297	0.00618	0.00962	0.00801	0.01166
21	0.01153	0.00769	0.00865	0.00865	0.00865	0.00769	0.00480	0.01153	0.01153	0.01538	0.02499	0.05189	0.02883	0.72131	0.04036	0.00769	0.00769	0.01153	0.00480	0.00480
22	0.02528	0.01160	0.01466	0.01203	0.01676	0.01016	0.00967	0.02881	0.04588	0.40786	0.08440	0.04451	0.22717	0.01346	0.00850	0.00254	0.00569	0.01114	0.00891	0.01096
23	0.06295	0.05805	0.01858	0.01577	0.05108	0.03898	0.07116	0.06424	0.01662	0.02273	0.02895	0.09547	0.10887	0.21800	0.05016	0.00454	0.04984	0.01084	0.00527	0.00791
24	0.01575	0.00832	0.00842	0.00807	0.01020	0.00847	0.00614	0.05790	0.01793	0.03085	0.02544	0.02890	0.01990	0.00926	0.00569	0.00188	0.00401	0.00738	0.71771	0.00777
25	0.01478	0.00739	0.00739	0.00739	0.00924	0.00739	0.00554	0.01848	0.01663	0.02956	0.02587	0.02956	0.02033	0.00924	0.00554	0.00185	0.00370	0.00739	0.76534	0.00739
26	0.04855	0.02129	0.02266	0.01993	0.04791	0.14361	0.03930	0.20639	0.02223	0.02936	0.01651	0.05538	0.01448	0.01572	0.07803	0.00365	0.19193	0.00764	0.00527	0.01015
27	0.01739	0.05507	0.03071	0.20414	0.03533	0.04431	0.19624	0.02151	0.01572	0.02124	0.01464	0.05169	0.01285	0.01019	0.01397	0.00287	0.23085	0.00818	0.00384	0.00928
28	0.01275	0.00853	0.01110	0.01052	0.01272	0.00784	0.00813	0.01631	0.02174	0.07050	0.52565	0.06133	0.11282	0.01663	0.00942	0.00261	0.00428	0.07076	0.00856	0.00778
29	0.00971	0.00694	0.00924	0.01101	0.01151	0.00647	0.00736	0.01116	0.01541	0.02060	0.06315	0.69567	0.05314	0.02457	0.01010	0.00320	0.00457	0.02229	0.00740	0.00647
30	0.01963	0.01884	0.03219	0.04867	0.67185	0.01884	0.02434	0.02434	0.01806	0.02591	0.01492	0.01963	0.01256	0.00707	0.00785	0.00236	0.00942	0.00707	0.00393	0.01256
31	0.01644	0.01409	0.01644	0.01175	0.01879	0.01057	0.00940	0.01997	0.01644	0.02584	0.01409	0.01644	0.01175	0.00587	0.00587	0.00117	0.00587	0.00470	0.00470	0.76979
32	0.77733	0.01534	0.01166	0.01043	0.01534	0.01779	0.00859	0.02331	0.01350	0.03558	0.01104	0.01288	0.00859	0.00736	0.00491	0.00245	0.00613	0.00429	0.00491	0.00859
33	0.77733	0.01534	0.01166	0.01043	0.01534	0.01779	0.00859	0.02331	0.01350	0.03558	0.01104	0.01288	0.00859	0.00736	0.00491	0.00245	0.00613	0.00429	0.00491	0.00859
34	0.02940	0.02086	0.02269	0.01760	0.02363	0.02282	0.01445	0.57391	0.03520	0.08749	0.02111	0.05655	0.01594	0.01035	0.00805	0.00243	0.00838	0.00801	0.00802	0.01311
35	0.00975	0.00697	0.00928	0.01098	0.01152	0.00650	0.00737	0.01127	0.01561	0.02093	0.08062	0.67728	0.05377	0.02433	0.01008	0.00318	0.00455	0.02206	0.00744	0.00650
36	0.01144	0.00765	0.00867	0.00876	0.00878	0.00763	0.00492	0.01151	0.01170	0.01560	0.02586	0.08282	0.02993	0.68889	0.03895	0.00748	0.00754	0.01204	0.00492	0.00488
37	0.00945	0.00804	0.00815	0.00812	0.01076	0.00673	0.00609	0.01154	0.01827	0.02188	0.10621	0.07556	0.64247	0.01991	0.00937	0.00267	0.00400	0.01663	0.00742	0.00673
38	0.01972	0.01703	0.01793	0.01614	0.02062	0.01972	0.01255	0.04214	0.65752	0.03317	0.03228	0.02959	0.02421	0.01076	0.00807	0.00269	0.00628	0.00897	0.00807	0.01255
39	0.01972	0.01703	0.01793	0.01614	0.02062	0.01972	0.01255	0.04214	0.65752	0.03317	0.03228	0.02959	0.02421	0.01076	0.00807	0.00269	0.00628	0.00897	0.00807	0.01255
40	0.00942	0.00786	0.00821	0.00848	0.01083	0.00666	0.00622	0.01133	0.01764	0.02125	0.07488	0.17155	0.57691	0.02079	0.00948	0.00276	0.00410	0.01760	0.00736	0.00666
41	0.02967	0.03630	0.02260	0.02022	0.02452	0.62564	0.01530	0.09060	0.02389	0.02234	0.01291	0.01476	0.01053	0.00830	0.00723	0.00208	0.01377	0.00530	0.00446	0.00961
42	0.01885	0.01805	0.03079	0.15723	0.56933	0.01864	0.02395	0.02366	0.01769	0.02497	0.01478	0.01988	0.01223	0.00721	0.00786	0.00240	0.00961	0.00706	0.00386	0.01194
43	0.01972	0.01703	0.01793	0.01614	0.02062	0.01972	0.01255	0.04214	0.65752	0.03317	0.03228	0.02959	0.02421	0.01076	0.00807	0.00269	0.00628	0.00897	0.00807	0.01255
44	0.02581	0.03161	0.02578	0.12188	0.06505	0.48516	0.08389	0.02896	0.02088	0.02052	0.01307	0.01633	0.01058	0.00792	0.00754	0.00221	0.01340	0.00595	0.00399	0.00948
45	0.00990	0.00707	0.00945	0.01113	0.01174	0.00662	0.00761	0.01152	0.01577	0.02112	0.08251	0.64759	0.05354	0.02418	0.01011	0.00319	0.00467	0.04829	0.00744	0.00654
46	0.03014	0.02221	0.02380	0.01825	0.02459	0.02459	0.01507	0.64541	0.03728	0.04998	0.01904	0.01904	0.01349	0.00952	0.00793	0.00238	0.00873	0.00714	0.00793	0.01349
47	0.01144	0.00842	0.01263	0.01263	0.01398	0.00977	0.00977	0.01398	0.01263	0.01819	0.02089	0.03082	0.01954	0.05799	0.65921	0.04797	0.02057	0.00842	0.00421	0.00691
48	0.02408	0.01095	0.01447	0.01205	0.01624	0.00960	0.00957	0.02717	0.02178	0.37819	0.23271	0.07426	0.10752	0.01358	0.00865	0.00253	0.00543	0.01155	0.00910	0.01059
49	0.00980	0.00696	0.00916	0.01086	0.01129	0.00654	0.00717	0.01108	0.01491	0.01987	0.04229	0.66578	0.05066	0.07764	0.01241	0.00356	0.00483	0.02171	0.00717	0.00632
50	0.57933	0.01484	0.01346	0.01141	0.01665	0.01615	0.00941	0.02740	0.01595	0.20689	0.01645	0.01665	0.01154	0.00802	0.00573	0.00245	0.00630	0.00528	0.00622	0.00990
51	0.00945	0.00804	0.00814	0.00811	0.01076	0.00673	0.00609	0.01153	0.01826	0.02185	0.10471	0.07561	0.64398	0.01992	0.00937	0.00267	0.00401	0.01664	0.00742	0.00673
52	0.01079	0.00797	0.01009	0.00981	0.01165	0.00726	0.00726	0.01404	0.02106	0.02910	0.51819	0.13111	0.15689	0.01767	0.00944	0.00260	0.00387	0.01555	0.00839	0.00726
53	0.01898	0.00979	0.01296	0.01121	0.01431	0.00882	0.00864	0.02228	0.02184	0.23595	0.42499	0.04852	0.05439	0.05851	0.01086	0.00281	0.00494	0.01214	0.00883	0.00923
54	0.03558	0.01350	0.01840	0.01411	0.02024	0.01166	0.01166	0.03865	0.02270	0.67734	0.03128	0.02699	0.01963	0.00981	0.00797	0.00245	0.00675	0.00797	0.00981	0.01350
55	0.01590	0.04102	0.68023	0.02260	0.03432	0.01842	0.02930	0.02511	0.01674	0.02511	0.01423	0.01674	0.01005	0.00753	0.00753	0.00251	0.01172	0.00586	0.00335	0.01172
56	0.01914	0.02381	0.09467	0.06481	0.03766	0.09255	0.43482	0.02507	0.01825	0.02388	0.01525	0.02033	0.01177	0.00917	0.03305	0.00298	0.05027	0.00832	0.00392	0.01029
57	0.01006	0.00743	0.00942	0.01025	0.01147	0.00678	0.00718	0.01222	0.01774	0.02376	0.22906	0.42452	0.15775	0.02160	0.00978	0.00292	0.00426	0.01925	0.00776	0.00678
58	0.00966	0.00690	0.00920	0.01104	0.01150	0.00644	0.00736	0.01104	0.01518	0.02024	0.04371	0.71614	0.05245	0.02484	0.01012	0.00322	0.00460	0.02254	0.00736	0.00644
59	0.04591	0.01483	0.02332	0.48061	0.07717	0.01870	0.02014	0.02030	0.01515	0.02123	0.01365	0.02024	0.01088	0.00910	0.01138	0.00276	0.15052	0.00693	0.02825	0.00892
60	0.00951	0.00801	0.00807	0.00807	0.01058	0.00676	0.00595	0.01139	0.01766	0.02104	0.07685	0.07478	0.62840	0.06417	0.01132	0.00299	0.00425	0.01641	0.00720	0.00658
61	0.01122	0.00811	0.01060	0.00998	0.01185	0.00748	0.00748	0.01496	0.02245	0.03180	0.66766	0.05923	0.07482	0.01621	0.00935	0.00249	0.00374	0.01434	0.00873	0.00748
62	0.01644	0.01409	0.01644	0.01175	0.01879	0.01057	0.00940	0.01997	0.01644	0.02584	0.01409	0.01644	0.01175	0.00587	0.00587	0.00117	0.00587	0.00470	0.00470	0.76979
63	0.02211	0.02063	0.02381	0.28399	0.03639	0.12445	0.04654	0.19819	0.07287	0.02995	0.01669	0.01990	0.01252	0.00846	0.00778	0.00240	0.01019	0.00690	0.00528	0.05096
64	0.77733	0.01534	0.01166	0.01043	0.01534	0.01779	0.00859	0.02331	0.01350	0.03558	0.01104	0.01288	0.00859	0.00736	0.00491	0.00245	0.00613	0.00429	0.00491	0.00859
65	0.01972	0.01703	0.01793	0.01614	0.02062	0.01972	0.01255	0.04214	0.65752	0.03317	0.03228	0.02959	0.02421	0.01076	0.00807	0.00269	0.00628	0.00897	0.00807	0.01255
66	0.01735	0.01735	0.02429	0.02082	0.02082	0.02429	0.01735	0.01908	0.01214	0.01908	0.01041	0.01735	0.01041	0.01388	0.02602	0.00347	0.70680	0.00694	0.00347	0.00867
67	0.02088	0.58984	0.10709	0.01492	0.02200	0.05441	0.01524	0.02517	0.05048	0.02014	0.01254	0.01410	0.01091	0.00713	0.00558	0.00185	0.00893	0.00470	0.00366	0.01043
68	0.01377	0.00689	0.01033	0.01033	0.01033	0.00689	0.00689	0.01033	0.01033	0.01377	0.01377	0.02410	0.01377	0.02755	0.03099	0.76928	0.00689	0.00689	0.00344	0.00344
69	0.01667	0.14005	0.58790	0.02130	0.03230	0.02029	0.02702	0.02492	0.01665	0.02418	0.01377	0.01616	0.01006	0.00743	0.00718	0.00239	0.01125	0.00563	0.00335	0.01150
70	0.01963	0.01884	0.03219	0.04867	0.67185	0.01884	0.02434	0.02434	0.01806	0.02591	0.01492	0.01963	0.01256	0.00707	0.00785	0.00236	0.00942	0.00707	0.00393	0.01256
71	0.01153	0.00769	0.00865	0.00865	0.00865	0.00769	0.00480	0.01153	0.01153	0.01538	0.02499	0.05189	0.02883	0.72131	0.04036	0.00769	0.00769	0.01153	0.00480	0.00480
72	0.00991	0.00805	0.00878	0.00860	0.01104	0.00692	0.00645	0.01243	0.01935	0.02445	0.25163	0.07133	0.49544	0.01895	0.00937	0.00262	0.00394	0.01604	0.00776	0.00692
73	0.02775	0.02152	0.02204	0.01752	0.02324	0.05791	0.01424	0.48849	0.13375	0.04476	0.02110	0.02095	0.01533	0.00963	0.00780	0.00239	0.00840	0.00733	0.04302	0.01283
74	0.01644	0.01409	0.01644	0.01175	0.01879	0.01057	0.00940	0.01997	0.01644	0.02584	0.01409	0.01644	0.01175	0.00587	0.00587	0.00117	0.00587	0.00470	0.00470	0.76979
75	0.01289	0.04510	0.18466	0.01356	0.01816	0.01131	0.01356	0.01799	0.02056	0.02924	0.44876	0.04760	0.05442	0.01382	0.00878	0.00251	0.00613	0.03521	0.00707	0.00868
76	0.01795	0.30616	0.43304	0.01911	0.02891	0.02343	0.02321	0.02458	0.01650	0.02261	0.01299	0.01519	0.01010	0.00724	0.00659	0.00220	0.01047	0.00523	0.00337	0.01112
77	0.00966	0.00690	0.00920	0.01104	0.01150	0.00644	0.00736	0.01104	0.01518	0.02024	0.04371	0.71614	0.05245	0.02484	0.01012	0.00322	0.00460	0.02254	0.00736	0.00644
78	0.01590	0.04102	0.68023	0.02260	0.03432	0.01842	0.02930	0.02511	0.01674	0.02511	0.01423	0.01674	0.01005	0.00753	0.00753	0.00251	0.01172	0.00586	0.00335	0.01172
79	0.01576	0.01436	0.02226	0.56472	0.04743	0.01762	0.01989	0.02383	0.12246	0.02272	0.01751	0.02283	0.01317	0.00844	0.00787	0.00262	0.00962	0.00738	0.03013	0.00938
80	0.01142	0.00753	0.00986	0.01114	0.01224	0.00693	0.00779	0.01308	0.01608	0.06149	0.04621	0.58102	0.10676	0.02331	0.00996	0.00315	0.00482	0.05275	0.00751	0.00695
81	0.00976	0.00698	0.00929	0.01097	0.01152	0.00651	0.00737	0.01129	0.01564	0.02097	0.08294	0.67484	0.05385	0.02430	0.01007	0.00317	0.00455	0.02203	0.00745	0.00651
82	0.01590	0.04102	0.68023	0.02260	0.03432	0.01842	0.02930	0.02511	0.01674	0.02511	0.01423	0.01674	0.01005	0.00753	0.00753	0.00251	0.01172	0.00586	0.00335	0.01172
83	0.03048	0.02167	0.02346	0.01799	0.02432	0.02379	0.01486	0.60759	0.03637	0.08907	0.01980	0.01953	0.01387	0.00954	0.00794	0.00238	0.00860	0.00719	0.00805	0.01349
84	0.02590	0.02899	0.02108	0.01868	0.02246	0.40717	0.01426	0.10519	0.11393	0.02477	0.01678	0.02017	0.01405	0.06323	0.01141	0.00272	0.06771	0.00654	0.00513	0.00982
85	0.74568	0.01501	0.01148	0.01030	0.01508	0.01736	0.00846	0.02311	0.01363	0.03533	0.01166	0.01357	0.00908	0.00744	0.00493	0.00243	0.00603	0.00442	0.03647	0.00854
86	0.01140	0.00771	0.00861	0.00861	0.00877	0.00763	0.00488	0.01152	0.01192	0.01573	0.02826	0.05334	0.06668	0.67983	0.03853	0.00739	0.00747	0.01184	0.00496	0.00492
87	0.02179	0.01698	0.02135	0.01721	0.02162	0.01865	0.07497	0.31074	0.05013	0.03591	0.02478	0.07461	0.05622	0.01513	0.06131	0.00332	0.06855	0.00921	0.08678	0.01073
88	0.01122	0.00811	0.01060	0.00998	0.01185	0.00748	0.00748	0.01496	0.02245	0.03180	0.66766	0.05923	0.07482	0.01621	0.00935	0.00249	0.00374	0.01434	0.00873	0.00748
89	0.01804	0.05995	0.23639	0.03019	0.07760	0.02001	0.39035	0.02517	0.01796	0.02503	0.01519	0.01948	0.01138	0.00697	0.00852	0.00256	0.01240	0.00792	0.00378	0.01110
90	0.02855	0.01979	0.02143	0.01670	0.02248	0.02160	0.01371	0.51150	0.05542	0.09477	0.02116	0.02113	0.01505	0.00955	0.00769	0.00234	0.00795	0.00729	0.08907	0.01280
91	0.01043	0.00807	0.00951	0.00915	0.01136	0.00715	0.00686	0.01344	0.02058	0.02738	0.41726	0.06652	0.32799	0.01786	0.00936	0.00257	0.00386	0.01536	0.00815	0.00715
92	0.01688	0.01821	0.05421	0.34540	0.09701	0.01899	0.25108	0.02258	0.01692	0.02270	0.01469	0.02077	0.01124	0.00770	0.00939	0.00267	0.04808	0.00786	0.00373	0.00989
93	0.77733	0.01534	0.01166	0.01043	0.01534	0.01779	0.00859	0.02331	0.01350	0.03558	0.01104	0.01288	0.00859	0.00736	0.00491	0.00245	0.00613	0.00429	0.00491	0.00859
94	0.01278	0.00913	0.01278	0.01460	0.01643	0.00913	0.01278	0.01643	0.01825	0.02373	0.04199	0.08945	0.04564	0.02191	0.01095	0.00365	0.00730	0.61847	0.00730	0.00730
95	0.01034	0.00739	0.00998	0.01182	0.01258	0.00703	0.00855	0.01222	0.01586	0.02101	0.04333	0.57889	0.05096	0.02420	0.01030	0.00331	0.00519	0.15305	0.00735	0.00663
96	0.01136	0.00837	0.01212	0.01212	0.01332	0.00957	0.00913	0.01376	0.01256	0.01795	0.02181	0.03431	0.02120	0.16026	0.59098	0.01197	0.01918	0.00896	0.00433	0.00673
97	0.02964	0.03720	0.02252	0.02035	0.02452	0.66419	0.01531	0.05500	0.02304	0.02057	0.01252	0.01448	0.01034	0.00822	0.00718	0.00206	0.01409	0.00518	0.00423	0.00936
98	0.01644	0.01409	0.01644	0.01175	0.01879	0.01057	0.00940	0.01997	0.01644	0.02584	0.01409	0.01644	0.01175	0.00587	0.00587	0.00117	0.00587	0.00470	0.00470	0.76979
99	0.01119	0.00767	0.00989	0.01053	0.01189	0.00701	0.00744	0.01344	0.01804	0.05121	0.23989	0.41784	0.12217	0.02106	0.00972	0.00291	0.00436	0.01880	0.00789	0.00708
100	0.02887	0.02158	0.02308	0.01799	0.02411	0.02400	0.01476	0.57159	0.11318	0.04792	0.02066	0.02033	0.01480	0.00967	0.00795	0.00242	0.00843	0.00736	0.00795	0.01337
