[name]
unknown

[dist]
# distance from previous block
# <min> <max>
5	39

[block]
# block no. 0 follows, 24 sequences, length 8
# corresponding to MSA columns:
# 43-50
name=unknown_A
#
# <colnr> <probs for GDERKNQSTAVLIFYWHMCP>
#	G	D	E	R	K	N	Q	S	T	A	V	L	I	F	Y	W	H	M	C	P
0	0.02443	0.01800	0.07273	0.01843	0.07580	0.01666	0.01444	0.20843	0.10145	0.18697	0.10157	0.07667	0.02593	0.01126	0.00825	0.00252	0.00738	0.00940	0.00774	0.01194
1	0.02350	0.02253	0.15120	0.07449	0.02582	0.09617	0.01639	0.09006	0.10096	0.18702	0.10691	0.02673	0.02306	0.00993	0.00797	0.00246	0.00870	0.00801	0.00677	0.01132
2	0.11799	0.15057	0.20235	0.01612	0.02360	0.05076	0.01648	0.02869	0.06361	0.16802	0.01816	0.01855	0.01314	0.00800	0.00674	0.00222	0.00859	0.00592	0.00545	0.07506
3	0.01940	0.18563	0.46315	0.01964	0.02962	0.02041	0.02379	0.02644	0.01732	0.10175	0.01558	0.01710	0.01122	0.00764	0.00706	0.00233	0.01043	0.00576	0.00413	0.01160
4	0.17045	0.19380	0.34169	0.01681	0.02520	0.02044	0.01953	0.02390	0.01593	0.02606	0.01377	0.01605	0.01061	0.00746	0.00627	0.00226	0.00919	0.00529	0.06492	0.01038
5	0.10227	0.25516	0.18355	0.01653	0.02360	0.07682	0.01673	0.10009	0.07093	0.02762	0.04631	0.01819	0.01463	0.00824	0.00660	0.00220	0.00909	0.00592	0.00478	0.01075
6	0.07481	0.19017	0.13200	0.01498	0.02071	0.10835	0.01434	0.10317	0.01954	0.02740	0.01645	0.01894	0.01313	0.01056	0.03933	0.00259	0.00924	0.00589	0.16854	0.00986
7	0.04616	0.02037	0.09960	0.01897	0.07452	0.01869	0.01556	0.26745	0.02495	0.06487	0.04521	0.02281	0.04005	0.00962	0.00905	0.00234	0.06665	0.00728	0.04576	0.10010

[dist]
# distance from previous block
# <min> <max>
0	1

[block]
# block no. 1 follows, 24 sequences, length 24
# corresponding to MSA columns:
# 52-75
name=unknown_B
#
# <colnr> <probs for GDERKNQSTAVLIFYWHMCP>
#	G	D	E	R	K	N	Q	S	T	A	V	L	I	F	Y	W	H	M	C	P
0	0.02095	0.37398	0.07506	0.06121	0.21041	0.09289	0.01824	0.02462	0.01734	0.02129	0.01262	0.01555	0.01088	0.00711	0.00639	0.00202	0.00965	0.00539	0.00362	0.01078
1	0.06374	0.18439	0.08161	0.02086	0.11850	0.02243	0.01617	0.19737	0.09142	0.07689	0.01882	0.04156	0.01488	0.00890	0.00716	0.00230	0.00835	0.00695	0.00587	0.01184
2	0.01693	0.10728	0.45080	0.02533	0.10812	0.01953	0.08451	0.02437	0.01696	0.02437	0.01526	0.04359	0.01215	0.00797	0.00759	0.00245	0.01099	0.00680	0.00364	0.01136
3	0.01156	0.01213	0.08381	0.01104	0.01438	0.00902	0.00966	0.01625	0.05088	0.02784	0.37892	0.05856	0.25371	0.01622	0.00910	0.00256	0.00483	0.01391	0.00767	0.00794
4	0.01512	0.00905	0.01172	0.01117	0.01243	0.00899	0.00779	0.07740	0.01493	0.03962	0.02349	0.14780	0.04409	0.09958	0.02374	0.39888	0.00663	0.01041	0.00510	0.03205
5	0.01442	0.00742	0.00753	0.00753	0.00917	0.00742	0.00546	0.01771	0.01607	0.02800	0.02577	0.03202	0.02126	0.08758	0.00937	0.00249	0.00413	0.00785	0.68166	0.00711
6	0.00966	0.00690	0.00920	0.01104	0.01150	0.00644	0.00736	0.01104	0.01518	0.02024	0.04371	0.71614	0.05245	0.02484	0.01012	0.00322	0.00460	0.02254	0.00736	0.00644
7	0.01592	0.01387	0.02188	0.06702	0.14482	0.01434	0.08989	0.02301	0.11266	0.02551	0.03066	0.05519	0.03010	0.01480	0.00957	0.00309	0.00847	0.30347	0.00616	0.00956
8	0.01498	0.01409	0.02378	0.70226	0.05462	0.01762	0.02202	0.02026	0.01586	0.02026	0.01409	0.02114	0.01057	0.00793	0.00793	0.00264	0.01057	0.00705	0.00352	0.00881
9	0.01113	0.00815	0.01047	0.01004	0.01199	0.00750	0.00763	0.01470	0.02180	0.03037	0.57731	0.06252	0.13003	0.01689	0.00944	0.00257	0.00396	0.04757	0.00852	0.00740
10	0.77733	0.01534	0.01166	0.01043	0.01534	0.01779	0.00859	0.02331	0.01350	0.03558	0.01104	0.01288	0.00859	0.00736	0.00491	0.00245	0.00613	0.00429	0.00491	0.00859
11	0.04383	0.01774	0.05341	0.29942	0.38541	0.01831	0.02309	0.02275	0.01700	0.02402	0.01444	0.01987	0.01156	0.00743	0.00777	0.00248	0.00984	0.00692	0.00378	0.01094
12	0.02351	0.23912	0.05761	0.06630	0.13481	0.28148	0.01723	0.02745	0.04383	0.02111	0.01331	0.01586	0.01116	0.00763	0.00675	0.00207	0.01107	0.00548	0.00394	0.01027
13	0.02552	0.01761	0.02000	0.04477	0.02261	0.01906	0.01334	0.37875	0.08669	0.11591	0.02593	0.14685	0.02209	0.01237	0.00834	0.00258	0.00760	0.01018	0.00788	0.01194
14	0.17616	0.40590	0.19691	0.01520	0.02285	0.02529	0.01652	0.02400	0.01573	0.02379	0.01184	0.01377	0.00981	0.00709	0.00567	0.00206	0.00881	0.00466	0.00369	0.01024
15	0.01391	0.00768	0.01181	0.08646	0.01520	0.00807	0.00855	0.01142	0.01094	0.01449	0.01381	0.02378	0.01342	0.02539	0.02845	0.68493	0.00729	0.00690	0.00345	0.00403
16	0.00966	0.00690	0.00920	0.01104	0.01150	0.00644	0.00736	0.01104	0.01518	0.02024	0.04371	0.71614	0.05245	0.02484	0.01012	0.00322	0.00460	0.02254	0.00736	0.00644
17	0.01527	0.01359	0.02243	0.52009	0.04491	0.01647	0.05225	0.02019	0.01594	0.02195	0.01588	0.02230	0.01219	0.00838	0.00858	0.00256	0.04634	0.00722	0.12479	0.00868
18	0.00976	0.00694	0.00917	0.01092	0.01136	0.00650	0.00723	0.01107	0.01500	0.02000	0.04276	0.68257	0.05125	0.06004	0.01165	0.00345	0.00476	0.02199	0.00723	0.00636
19	0.01237	0.00909	0.01117	0.01061	0.01158	0.00958	0.00715	0.01421	0.03599	0.01805	0.04457	0.04306	0.02633	0.45375	0.17069	0.00777	0.04456	0.01024	0.00487	0.05435
20	0.01719	0.07175	0.57808	0.05753	0.03394	0.01864	0.02718	0.02553	0.01699	0.06017	0.01500	0.01734	0.01060	0.00764	0.00746	0.00248	0.01123	0.00596	0.00371	0.01159
21	0.02718	0.13644	0.02644	0.02283	0.10193	0.51214	0.01615	0.02962	0.02101	0.02008	0.01240	0.01471	0.01049	0.00783	0.00693	0.00203	0.01286	0.00522	0.00396	0.00974
22	0.02359	0.01895	0.06102	0.01662	0.02213	0.01932	0.01392	0.14563	0.41721	0.12858	0.02868	0.02656	0.02078	0.01020	0.00800	0.00259	0.00712	0.00831	0.00800	0.01280
23	0.01621	0.03886	0.61053	0.02379	0.03510	0.01860	0.09683	0.02514	0.01696	0.02514	0.01443	0.01725	0.01026	0.00744	0.00773	0.00253	0.01190	0.00624	0.00342	0.01161

[dist]
# distance from previous block
# <min> <max>
0	5

[block]
# block no. 2 follows, 24 sequences, length 54
# corresponding to MSA columns:
# 81-134
name=unknown_C
#
# <colnr> <probs for GDERKNQSTAVLIFYWHMCP>
#	G	D	E	R	K	N	Q	S	T	A	V	L	I	F	Y	W	H	M	C	P
0	0.01051	0.00808	0.00961	0.00922	0.01141	0.00718	0.00692	0.01358	0.02075	0.02778	0.44040	0.06584	0.30459	0.01771	0.00936	0.00257	0.00385	0.01527	0.00820	0.00718
1	0.02148	0.01791	0.01892	0.01649	0.02129	0.02054	0.01298	0.14379	0.55301	0.03600	0.03004	0.02781	0.02240	0.01055	0.00805	0.00264	0.00669	0.00866	0.00805	0.01271
2	0.00997	0.00789	0.00897	0.00906	0.01117	0.00689	0.00666	0.01240	0.01894	0.02434	0.24976	0.16711	0.39945	0.01964	0.00948	0.00270	0.00402	0.01689	0.00777	0.00689
3	0.77733	0.01534	0.01166	0.01043	0.01534	0.01779	0.00859	0.02331	0.01350	0.03558	0.01104	0.01288	0.00859	0.00736	0.00491	0.00245	0.00613	0.00429	0.00491	0.00859
4	0.01498	0.01409	0.02378	0.70226	0.05462	0.01762	0.02202	0.02026	0.01586	0.02026	0.01409	0.02114	0.01057	0.00793	0.00793	0.00264	0.01057	0.00705	0.00352	0.00881
5	0.73555	0.01572	0.01233	0.01087	0.01585	0.01817	0.00895	0.05810	0.01483	0.03638	0.01149	0.01323	0.00886	0.00748	0.00508	0.00245	0.00628	0.00445	0.00508	0.00886
6	0.01158	0.00780	0.01027	0.01105	0.01221	0.00734	0.00793	0.01377	0.01737	0.04755	0.20568	0.37916	0.05402	0.09012	0.01291	0.00349	0.00507	0.08820	0.00755	0.00692
7	0.02395	0.41978	0.08128	0.01678	0.02293	0.27528	0.01537	0.02679	0.01852	0.01941	0.01172	0.01360	0.01018	0.00736	0.00603	0.00188	0.01088	0.00468	0.00365	0.00992
8	0.01122	0.00811	0.01060	0.00998	0.01185	0.00748	0.00748	0.01496	0.02245	0.03180	0.66766	0.05923	0.07482	0.01621	0.00935	0.00249	0.00374	0.01434	0.00873	0.00748
9	0.02081	0.01767	0.01852	0.01678	0.02123	0.01983	0.01287	0.04114	0.61018	0.03381	0.03569	0.03377	0.05555	0.01225	0.00882	0.00299	0.00675	0.00979	0.00851	0.01303
10	0.01398	0.01239	0.01782	0.01630	0.01709	0.01624	0.01318	0.01633	0.01248	0.01871	0.01648	0.02508	0.01568	0.03942	0.39790	0.00867	0.32277	0.00781	0.00391	0.00778
11	0.01845	0.02087	0.04515	0.08107	0.04238	0.01988	0.59880	0.02503	0.01851	0.02503	0.01590	0.02137	0.01193	0.00677	0.00926	0.00267	0.01317	0.00919	0.00398	0.01056
12	0.01015	0.00775	0.00939	0.01057	0.01181	0.00725	0.00731	0.01287	0.05183	0.02126	0.05231	0.51634	0.20631	0.02286	0.00982	0.00305	0.00455	0.02032	0.00740	0.00685
13	0.01060	0.00760	0.00988	0.01131	0.01207	0.00726	0.00769	0.03822	0.01641	0.02197	0.06737	0.66042	0.05167	0.02385	0.01000	0.00316	0.00474	0.02156	0.00744	0.00678
14	0.03014	0.02221	0.02380	0.01825	0.02459	0.02459	0.01507	0.64541	0.03728	0.04998	0.01904	0.01904	0.01349	0.00952	0.00793	0.00238	0.00873	0.00714	0.00793	0.01349
15	0.02026	0.01513	0.01934	0.08239	0.02346	0.01479	0.04271	0.18750	0.02361	0.08289	0.14048	0.05834	0.02636	0.01019	0.00780	0.00215	0.00707	0.00867	0.00668	0.22016
16	0.02724	0.02035	0.02226	0.04858	0.02489	0.02271	0.01469	0.45706	0.17885	0.06638	0.02229	0.02184	0.01604	0.00974	0.00797	0.00247	0.00818	0.00759	0.00783	0.01306
17	0.01585	0.00959	0.00929	0.00895	0.01106	0.04153	0.00680	0.04525	0.01745	0.02896	0.02451	0.02852	0.01950	0.01360	0.06569	0.00283	0.00596	0.00737	0.62957	0.00771
18	0.01736	0.01407	0.01654	0.01186	0.01886	0.01062	0.00950	0.02086	0.01674	0.05714	0.01492	0.01695	0.01212	0.00606	0.00597	0.00124	0.00591	0.00486	0.00494	0.73345
19	0.00966	0.00690	0.00920	0.01104	0.01150	0.00644	0.00736	0.01104	0.01518	0.02024	0.04371	0.71614	0.05245	0.02484	0.01012	0.00322	0.00460	0.02254	0.00736	0.00644
20	0.01278	0.00913	0.01278	0.01460	0.01643	0.00913	0.01278	0.01643	0.01825	0.02373	0.04199	0.08945	0.04564	0.02191	0.01095	0.00365	0.00730	0.61847	0.00730	0.00730
21	0.00946	0.00804	0.00816	0.00813	0.01077	0.00673	0.00609	0.01155	0.01828	0.02192	0.10855	0.07549	0.64010	0.01990	0.00937	0.00267	0.00400	0.01662	0.00743	0.00673
22	0.03014	0.02221	0.02380	0.01825	0.02459	0.02459	0.01507	0.64541	0.03728	0.04998	0.01904	0.01904	0.01349	0.00952	0.00793	0.00238	0.00873	0.00714	0.00793	0.01349
23	0.01498	0.01409	0.02378	0.70226	0.05462	0.01762	0.02202	0.02026	0.01586	0.02026	0.01409	0.02114	0.01057	0.00793	0.00793	0.00264	0.01057	0.00705	0.00352	0.00881
24	0.01527	0.01506	0.01421	0.01600	0.06195	0.15632	0.01069	0.01812	0.04659	0.02125	0.03590	0.42890	0.06685	0.01898	0.00922	0.00287	0.00721	0.04038	0.00644	0.00780
25	0.01735	0.01735	0.02429	0.02082	0.02082	0.02429	0.01735	0.01908	0.01214	0.01908	0.01041	0.01735	0.01041	0.01388	0.02602	0.00347	0.70680	0.00694	0.00347	0.00867
26	0.01478	0.00739	0.00739	0.00739	0.00924	0.00739	0.00554	0.01848	0.01663	0.02956	0.02587	0.02956	0.02033	0.00924	0.00554	0.00185	0.00370	0.00739	0.76534	0.00739
27	0.01904	0.01365	0.01648	0.01616	0.05455	0.01436	0.01219	0.07389	0.24141	0.10603	0.12059	0.04747	0.07929	0.01402	0.00889	0.00279	0.00640	0.13432	0.00791	0.01056
28	0.01138	0.00762	0.00869	0.00884	0.00888	0.00759	0.00501	0.01149	0.01183	0.01577	0.02650	0.10578	0.03075	0.66482	0.03791	0.00733	0.00744	0.01243	0.00501	0.00494
29	0.01939	0.01829	0.03060	0.14304	0.55409	0.01891	0.02361	0.05005	0.01855	0.02610	0.01497	0.01982	0.01231	0.00730	0.00787	0.00240	0.00956	0.00707	0.00404	0.01205
30	0.01748	0.01924	0.04071	0.11572	0.04056	0.01859	0.51097	0.02354	0.01806	0.02432	0.01814	0.08026	0.01527	0.00838	0.00924	0.00272	0.01227	0.01019	0.00423	0.01010
31	0.05696	0.01940	0.02342	0.29185	0.15069	0.11686	0.01862	0.09874	0.06548	0.02641	0.01851	0.02215	0.03992	0.00869	0.00772	0.00247	0.00989	0.00719	0.00476	0.01026
32	0.05122	0.13522	0.45242	0.01989	0.02943	0.02033	0.02369	0.05361	0.01766	0.07194	0.01489	0.01686	0.01086	0.00796	0.00796	0.00242	0.04230	0.00582	0.00409	0.01143
33	0.08569	0.55257	0.07286	0.01439	0.02103	0.02877	0.01426	0.06791	0.01730	0.02270	0.01175	0.01357	0.01028	0.00732	0.00614	0.00192	0.03275	0.00464	0.00384	0.01031
34	0.70786	0.01522	0.01276	0.07347	0.01891	0.01777	0.00981	0.02303	0.01371	0.03418	0.01132	0.01363	0.00877	0.00741	0.00518	0.00247	0.00654	0.00454	0.00478	0.00861
35	0.01830	0.02136	0.06895	0.03026	0.03672	0.02089	0.48274	0.02403	0.01722	0.02403	0.01476	0.02033	0.01160	0.00826	0.01285	0.00284	0.16198	0.00869	0.00387	0.01031
36	0.01377	0.00689	0.01033	0.01033	0.01033	0.00689	0.00689	0.01033	0.01033	0.01377	0.01377	0.02410	0.01377	0.02755	0.03099	0.76928	0.00689	0.00689	0.00344	0.00344
37	0.01972	0.01703	0.01793	0.01614	0.02062	0.01972	0.01255	0.04214	0.65752	0.03317	0.03228	0.02959	0.02421	0.01076	0.00807	0.00269	0.00628	0.00897	0.00807	0.01255
38	0.01122	0.00811	0.01060	0.00998	0.01185	0.00748	0.00748	0.01496	0.02245	0.03180	0.66766	0.05923	0.07482	0.01621	0.00935	0.00249	0.00374	0.01434	0.00873	0.00748
39	0.01970	0.01668	0.01765	0.01571	0.02015	0.01905	0.01226	0.08277	0.56163	0.03385	0.06007	0.03190	0.05063	0.01126	0.00816	0.00266	0.00626	0.00936	0.00806	0.01218
40	0.02120	0.72609	0.04155	0.01357	0.02035	0.03138	0.01357	0.02374	0.01611	0.01866	0.01102	0.01272	0.01018	0.00678	0.00509	0.00170	0.00848	0.00424	0.00339	0.01018
41	0.02340	0.02630	0.02680	0.05784	0.34161	0.30501	0.01984	0.02694	0.01988	0.02282	0.01507	0.02080	0.01310	0.00829	0.00770	0.00229	0.01144	0.03598	0.00414	0.01073
42	0.01837	0.02147	0.13302	0.06786	0.49996	0.01803	0.02421	0.02374	0.01778	0.02540	0.01670	0.02420	0.01444	0.00823	0.00802	0.00248	0.00968	0.05044	0.00406	0.01191
43	0.03014	0.02221	0.02380	0.01825	0.02459	0.02459	0.01507	0.64541	0.03728	0.04998	0.01904	0.01904	0.01349	0.00952	0.00793	0.00238	0.00873	0.00714	0.00793	0.01349
44	0.00989	0.00712	0.00940	0.01099	0.01170	0.00664	0.00754	0.01156	0.01594	0.02126	0.08955	0.61797	0.07833	0.02392	0.01007	0.00316	0.00463	0.04631	0.00746	0.00656
45	0.02962	0.03779	0.02247	0.02043	0.02451	0.68948	0.01532	0.03166	0.02247	0.01941	0.01226	0.01430	0.01021	0.00817	0.00715	0.00204	0.01430	0.00511	0.00409	0.00919
46	0.77733	0.01534	0.01166	0.01043	0.01534	0.01779	0.00859	0.02331	0.01350	0.03558	0.01104	0.01288	0.00859	0.00736	0.00491	0.00245	0.00613	0.00429	0.00491	0.00859
47	0.01122	0.00811	0.01060	0.00998	0.01185	0.00748	0.00748	0.01496	0.02245	0.03180	0.66766	0.05923	0.07482	0.01621	0.00935	0.00249	0.00374	0.01434	0.00873	0.00748
48	0.01383	0.00722	0.01096	0.04262	0.01240	0.00739	0.00759	0.01079	0.01059	0.01408	0.01379	0.02397	0.01362	0.02663	0.02992	0.73350	0.00706	0.00689	0.00345	0.00369
49	0.01122	0.00811	0.01060	0.00998	0.01185	0.00748	0.00748	0.01496	0.02245	0.03180	0.66766	0.05923	0.07482	0.01621	0.00935	0.00249	0.00374	0.01434	0.00873	0.00748
50	0.03152	0.03847	0.02383	0.02176	0.02594	0.66200	0.01612	0.03276	0.02368	0.02174	0.01484	0.01791	0.01268	0.00984	0.00821	0.00252	0.01481	0.00595	0.00496	0.01045
51	0.59207	0.02053	0.07999	0.01646	0.06610	0.04393	0.01305	0.02532	0.01605	0.03492	0.01431	0.01745	0.01160	0.00909	0.00661	0.00290	0.00807	0.00555	0.00550	0.01048
52	0.02258	0.02795	0.17366	0.02159	0.05544	0.17439	0.04851	0.07501	0.09118	0.02848	0.05042	0.06549	0.04791	0.01199	0.00964	0.00293	0.03811	0.00900	0.03418	0.01154
53	0.01750	0.01578	0.02509	0.67454	0.05476	0.01877	0.02253	0.02184	0.01734	0.02256	0.01660	0.02446	0.01302	0.00961	0.00896	0.00309	0.01124	0.00781	0.00442	0.01008

[dist]
# distance from previous block
# <min> <max>
0	2

[block]
# block no. 3 follows, 24 sequences, length 20
# corresponding to MSA columns:
# 137-156
name=unknown_D
#
# <colnr> <probs for GDERKNQSTAVLIFYWHMCP>
#	G	D	E	R	K	N	Q	S	T	A	V	L	I	F	Y	W	H	M	C	P
0	0.02600	0.01438	0.01767	0.01398	0.01954	0.01268	0.01111	0.07389	0.05413	0.30509	0.13854	0.03103	0.02810	0.01075	0.00820	0.00237	0.00653	0.00860	0.00840	0.20901
1	0.15707	0.16086	0.23955	0.13117	0.03175	0.02172	0.05088	0.06677	0.01812	0.02775	0.01471	0.01816	0.01148	0.00838	0.00731	0.00260	0.01009	0.00613	0.00447	0.01103
2	0.01762	0.02572	0.24913	0.06520	0.26637	0.04376	0.04125	0.02495	0.06179	0.02619	0.08380	0.02337	0.01878	0.00851	0.00794	0.00246	0.00976	0.00753	0.00450	0.01137
3	0.02400	0.01474	0.01775	0.01338	0.01985	0.01275	0.01083	0.07307	0.07681	0.24195	0.02170	0.02125	0.01556	0.00786	0.00691	0.00182	0.00640	0.00633	0.00691	0.40015
4	0.01617	0.01495	0.02083	0.04608	0.01998	0.02019	0.01518	0.01845	0.01327	0.02073	0.04089	0.02184	0.01505	0.01739	0.08281	0.00407	0.51081	0.00745	0.08554	0.00835
5	0.01539	0.01279	0.02019	0.01696	0.02043	0.01269	0.14969	0.04450	0.09162	0.05928	0.13249	0.25427	0.08125	0.01584	0.00987	0.00283	0.02944	0.01457	0.00693	0.00896
6	0.00963	0.00704	0.00906	0.01069	0.01141	0.00647	0.00720	0.01108	0.01552	0.02038	0.04804	0.64038	0.12541	0.02428	0.01003	0.00316	0.00453	0.02186	0.00736	0.00647
7	0.01937	0.02198	0.09956	0.18660	0.14644	0.04836	0.17306	0.02539	0.06098	0.02492	0.01680	0.02212	0.01343	0.00926	0.01092	0.00291	0.09430	0.00794	0.00451	0.01116
8	0.01375	0.01533	0.09028	0.01818	0.02272	0.01200	0.18242	0.01785	0.01718	0.02396	0.10463	0.27591	0.03454	0.04139	0.01024	0.00286	0.00787	0.01392	0.00582	0.08915
9	0.67859	0.06068	0.01437	0.01116	0.01628	0.01911	0.00934	0.06579	0.01528	0.03549	0.01159	0.01329	0.00902	0.00747	0.00513	0.00240	0.00646	0.00448	0.00502	0.00902
10	0.02208	0.65433	0.03956	0.01428	0.02079	0.09998	0.01375	0.02457	0.01678	0.01873	0.01115	0.01289	0.01018	0.00693	0.00530	0.00173	0.00909	0.00433	0.00346	0.01007
11	0.02534	0.01903	0.02065	0.01661	0.02187	0.02097	0.01343	0.44812	0.13066	0.04380	0.09630	0.06025	0.02410	0.01124	0.00823	0.00248	0.00757	0.00902	0.00802	0.01230
12	0.00997	0.00806	0.00886	0.00866	0.01108	0.00695	0.00650	0.01254	0.01949	0.02477	0.26983	0.07080	0.47705	0.01883	0.00937	0.00262	0.00393	0.01596	0.00780	0.00695
13	0.01712	0.01720	0.03333	0.23241	0.11256	0.01802	0.28965	0.02186	0.01659	0.02239	0.01482	0.02120	0.01176	0.00963	0.01184	0.08259	0.04575	0.00803	0.00377	0.00949
14	0.00984	0.00711	0.00902	0.01046	0.01110	0.00661	0.00693	0.01113	0.01507	0.01981	0.04540	0.57415	0.11401	0.10329	0.01347	0.00367	0.00489	0.02069	0.00707	0.00628
15	0.77733	0.01534	0.01166	0.01043	0.01534	0.01779	0.00859	0.02331	0.01350	0.03558	0.01104	0.01288	0.00859	0.00736	0.00491	0.00245	0.00613	0.00429	0.00491	0.00859
16	0.01122	0.00811	0.01060	0.00998	0.01185	0.00748	0.00748	0.01496	0.02245	0.03180	0.66766	0.05923	0.07482	0.01621	0.00935	0.00249	0.00374	0.01434	0.00873	0.00748
17	0.01774	0.01405	0.01658	0.01190	0.01889	0.01064	0.00955	0.02123	0.01687	0.06982	0.01525	0.01716	0.01228	0.00614	0.00601	0.00126	0.00593	0.00492	0.00504	0.71874
18	0.01017	0.00742	0.00957	0.01040	0.01155	0.00682	0.00728	0.01241	0.01792	0.02429	0.25988	0.43377	0.11621	0.02147	0.00979	0.00292	0.00425	0.01922	0.00783	0.00682
19	0.05841	0.24008	0.02380	0.01410	0.01868	0.11505	0.01196	0.09624	0.05472	0.02586	0.07247	0.06824	0.09995	0.01193	0.00740	0.00232	0.00793	0.05566	0.00573	0.00945

[dist]
# distance from previous block
# <min> <max>
0	1

[block]
# block no. 4 follows, 24 sequences, length 26
# corresponding to MSA columns:
# 158-183
name=unknown_E
#
# <colnr> <probs for GDERKNQSTAVLIFYWHMCP>
#	G	D	E	R	K	N	Q	S	T	A	V	L	I	F	Y	W	H	M	C	P
0	0.68962	0.01740	0.05727	0.01163	0.01707	0.01816	0.01030	0.05377	0.01487	0.03558	0.01165	0.01344	0.00892	0.00748	0.00523	0.00245	0.00664	0.00454	0.00495	0.00904
1	0.02546	0.02363	0.02090	0.01916	0.05337	0.21658	0.01440	0.16001	0.23645	0.07509	0.02330	0.02548	0.01818	0.01010	0.00791	0.00246	0.00937	0.03987	0.00675	0.01154
2	0.01851	0.02217	0.16878	0.04528	0.22160	0.03659	0.01901	0.02448	0.04583	0.05122	0.01611	0.01889	0.01263	0.00719	0.00711	0.00203	0.00864	0.00614	0.02500	0.24276
3	0.01331	0.00857	0.01127	0.01033	0.01257	0.00784	0.00784	0.01699	0.02247	0.08710	0.61315	0.05647	0.07009	0.01566	0.00923	0.00249	0.00400	0.01380	0.00882	0.00800
4	0.01590	0.04102	0.68023	0.02260	0.03432	0.01842	0.02930	0.02511	0.01674	0.02511	0.01423	0.01674	0.01005	0.00753	0.00753	0.00251	0.01172	0.00586	0.00335	0.01172
5	0.01150	0.00783	0.00936	0.00936	0.00960	0.00807	0.00569	0.01199	0.01174	0.01590	0.02434	0.04832	0.02728	0.60714	0.15241	0.00856	0.01003	0.01101	0.00471	0.00520
6	0.01958	0.41523	0.29393	0.01754	0.02613	0.06350	0.01991	0.02474	0.01672	0.02126	0.01237	0.01441	0.01013	0.00716	0.00618	0.00204	0.01010	0.00493	0.00341	0.01073
7	0.01133	0.00850	0.01274	0.01274	0.01416	0.00991	0.00991	0.01416	0.01274	0.01841	0.02124	0.03115	0.01982	0.05947	0.68989	0.01274	0.02124	0.00850	0.00425	0.00708
8	0.01142	0.00936	0.01023	0.00978	0.01248	0.00881	0.00740	0.01689	0.11181	0.02620	0.24755	0.06449	0.39938	0.01759	0.00918	0.00262	0.00426	0.01490	0.00787	0.00777
9	0.00966	0.00690	0.00920	0.01104	0.01150	0.00644	0.00736	0.01104	0.01518	0.02024	0.04371	0.71614	0.05245	0.02484	0.01012	0.00322	0.00460	0.02254	0.00736	0.00644
10	0.01121	0.00847	0.01040	0.01007	0.01210	0.00792	0.00749	0.01544	0.05624	0.02885	0.46400	0.12634	0.17691	0.01747	0.00936	0.00261	0.00402	0.01529	0.00831	0.00752
11	0.01740	0.01812	0.03437	0.25543	0.11916	0.01967	0.27827	0.02272	0.01680	0.02291	0.01450	0.02055	0.01139	0.00811	0.01094	0.00273	0.10514	0.00799	0.00377	0.01002
12	0.01708	0.08863	0.05550	0.45690	0.10035	0.01969	0.07713	0.05071	0.01736	0.02263	0.01426	0.01990	0.01095	0.00768	0.00775	0.00251	0.01047	0.00693	0.00379	0.00977
13	0.01897	0.01672	0.01881	0.15163	0.02659	0.07163	0.01301	0.11363	0.01990	0.02772	0.01638	0.04527	0.01362	0.00792	0.00685	0.00183	0.00780	0.00639	0.04126	0.37406
14	0.00990	0.00700	0.00913	0.01074	0.01114	0.00660	0.00703	0.01110	0.01472	0.01962	0.04131	0.63128	0.04943	0.11381	0.01398	0.00379	0.00500	0.02114	0.00703	0.00623
15	0.01978	0.05274	0.05340	0.16855	0.25285	0.07199	0.01987	0.09851	0.01957	0.02585	0.01858	0.02242	0.05372	0.00914	0.00957	0.00250	0.07840	0.00734	0.00447	0.01074
16	0.02147	0.36646	0.13419	0.01984	0.10291	0.05031	0.01711	0.05564	0.05260	0.06549	0.03538	0.01783	0.01398	0.00782	0.00650	0.00208	0.00896	0.00582	0.00452	0.01108
17	0.01117	0.00896	0.00969	0.00918	0.01189	0.00804	0.00697	0.05294	0.02042	0.02589	0.22540	0.06831	0.47599	0.01842	0.00927	0.00261	0.00425	0.01551	0.00775	0.00733
18	0.02000	0.02299	0.11827	0.04063	0.45154	0.04545	0.09796	0.05938	0.01920	0.02683	0.01509	0.01922	0.01213	0.00726	0.00797	0.00240	0.01035	0.00711	0.00409	0.01215
19	0.07005	0.10410	0.05772	0.01491	0.03836	0.01689	0.01241	0.13773	0.01987	0.02930	0.01842	0.10246	0.01687	0.00970	0.00761	0.00204	0.03673	0.00760	0.03678	0.26045
20	0.01415	0.01082	0.01231	0.01168	0.01282	0.04068	0.00829	0.05687	0.01470	0.02035	0.02299	0.06863	0.02379	0.33555	0.19109	0.00732	0.06033	0.01002	0.07090	0.00672
21	0.00985	0.00701	0.00925	0.01085	0.01136	0.00657	0.00722	0.01129	0.01538	0.02061	0.07733	0.64200	0.05235	0.06381	0.01179	0.00343	0.00473	0.02146	0.00729	0.00641
22	0.02545	0.01364	0.01702	0.01414	0.01854	0.01361	0.01130	0.11098	0.08887	0.31746	0.10865	0.10364	0.05763	0.01288	0.00939	0.00262	0.04366	0.01059	0.00855	0.01138
23	0.08435	0.01828	0.02654	0.07389	0.42555	0.04662	0.02006	0.06408	0.04547	0.02821	0.05132	0.02406	0.01714	0.00855	0.00779	0.00244	0.00885	0.03055	0.00481	0.01146
24	0.26390	0.01863	0.06466	0.06480	0.08349	0.07319	0.01371	0.02622	0.06515	0.10070	0.06009	0.02078	0.01650	0.00841	0.00675	0.00231	0.00774	0.00640	0.00555	0.09102
25	0.01718	0.01365	0.01861	0.01583	0.01876	0.03914	0.06591	0.01993	0.01663	0.09511	0.07338	0.19545	0.02775	0.01545	0.03208	0.00297	0.16623	0.01136	0.03527	0.11931

[dist]
# distance from previous block
# <min> <max>
6	11

[block]
# block no. 5 follows, 24 sequences, length 10
# corresponding to MSA columns:
# 195-204
name=unknown_F
#
# <colnr> <probs for GDERKNQSTAVLIFYWHMCP>
#	G	D	E	R	K	N	Q	S	T	A	V	L	I	F	Y	W	H	M	C	P
0	0.01501	0.01237	0.01814	0.12964	0.18353	0.01251	0.01409	0.01964	0.05118	0.05695	0.17001	0.07370	0.18467	0.01334	0.00866	0.00257	0.00662	0.01173	0.00634	0.00927
1	0.01916	0.01511	0.01762	0.01468	0.01880	0.01589	0.01158	0.15529	0.11474	0.05237	0.02538	0.12481	0.04727	0.04246	0.01161	0.00264	0.09933	0.00963	0.00640	0.19523
2	0.02010	0.01758	0.02952	0.10161	0.53866	0.01775	0.02265	0.02469	0.01822	0.07427	0.01733	0.02354	0.01445	0.00803	0.00801	0.00245	0.00922	0.03538	0.00449	0.01206
3	0.02083	0.02042	0.02813	0.08202	0.44477	0.10497	0.02136	0.07103	0.01995	0.02633	0.01710	0.02486	0.01498	0.00869	0.00803	0.00244	0.00989	0.05817	0.00450	0.01151
4	0.02280	0.01620	0.01804	0.01466	0.01952	0.01692	0.01158	0.26165	0.13281	0.08964	0.02360	0.05467	0.01925	0.08222	0.03332	0.00314	0.00763	0.00830	0.04194	0.12212
5	0.01963	0.01884	0.03219	0.04867	0.67185	0.01884	0.02434	0.02434	0.01806	0.02591	0.01492	0.01963	0.01256	0.00707	0.00785	0.00236	0.00942	0.00707	0.00393	0.01256
6	0.01498	0.01409	0.02378	0.70226	0.05462	0.01762	0.02202	0.02026	0.01586	0.02026	0.01409	0.02114	0.01057	0.00793	0.00793	0.00264	0.01057	0.00705	0.00352	0.00881
7	0.01930	0.01851	0.03160	0.09460	0.62847	0.01876	0.02417	0.02405	0.01790	0.02551	0.01486	0.01973	0.01242	0.00713	0.00786	0.00238	0.00950	0.00706	0.00390	0.01230
8	0.01101	0.00805	0.01095	0.06908	0.01522	0.00821	0.00881	0.01277	0.01460	0.01942	0.03525	0.38657	0.04058	0.18590	0.06083	0.00487	0.00721	0.08805	0.00624	0.00641
9	0.11717	0.07589	0.02058	0.01541	0.02074	0.06628	0.01262	0.22461	0.15371	0.05858	0.04961	0.02441	0.01873	0.00972	0.00732	0.00233	0.00768	0.03272	0.00676	0.07513

[dist]
# distance from previous block
# <min> <max>
0	2

[block]
# block no. 6 follows, 24 sequences, length 7
# corresponding to MSA columns:
# 207-213
name=unknown_G
#
# <colnr> <probs for GDERKNQSTAVLIFYWHMCP>
#	G	D	E	R	K	N	Q	S	T	A	V	L	I	F	Y	W	H	M	C	P
0	0.11344	0.27709	0.33920	0.01769	0.02656	0.02320	0.02047	0.05624	0.01717	0.02543	0.01296	0.01497	0.01009	0.00735	0.00637	0.00221	0.00973	0.00516	0.00379	0.01088
1	0.01565	0.07524	0.52276	0.02063	0.03028	0.01750	0.02541	0.02347	0.01698	0.02449	0.01904	0.02960	0.01646	0.01008	0.00801	0.00267	0.01073	0.11610	0.00406	0.01083
2	0.01759	0.03940	0.13484	0.01456	0.01926	0.01345	0.01335	0.07720	0.09852	0.10545	0.18342	0.18319	0.03819	0.01424	0.00862	0.00264	0.00661	0.01226	0.00727	0.00995
3	0.01666	0.12160	0.48104	0.01952	0.02978	0.01862	0.02375	0.02402	0.01661	0.02444	0.01381	0.01619	0.01037	0.00714	0.00693	0.00217	0.01026	0.00545	0.00360	0.14806
4	0.02035	0.01554	0.01786	0.01328	0.01973	0.01372	0.01072	0.16861	0.02216	0.06780	0.06436	0.02079	0.01724	0.00771	0.00673	0.00163	0.00644	0.00617	0.00604	0.49311
5	0.17879	0.01854	0.01831	0.06549	0.02251	0.06315	0.01266	0.23246	0.13857	0.03665	0.01928	0.02028	0.01448	0.00886	0.00696	0.00233	0.00765	0.00663	0.07251	0.05389
6	0.02255	0.01956	0.01880	0.01605	0.02100	0.10212	0.01261	0.14538	0.34142	0.06089	0.02892	0.02759	0.06155	0.01036	0.00782	0.00241	0.00755	0.00825	0.00728	0.07788

[dist]
# distance from previous block
# <min> <max>
0	3

[block]
# block no. 7 follows, 24 sequences, length 16
# corresponding to MSA columns:
# 217-232
name=unknown_H
#
# <colnr> <probs for GDERKNQSTAVLIFYWHMCP>
#	G	D	E	R	K	N	Q	S	T	A	V	L	I	F	Y	W	H	M	C	P
0	0.03084	0.02109	0.02311	0.01771	0.02403	0.02293	0.01463	0.56762	0.03541	0.13041	0.02061	0.02006	0.01427	0.00956	0.00794	0.00239	0.00847	0.00725	0.00817	0.01349
1	0.01927	0.01847	0.03154	0.09932	0.62402	0.01875	0.02416	0.02402	0.01789	0.02547	0.01485	0.01974	0.01241	0.00713	0.00786	0.00238	0.00951	0.00706	0.00389	0.01227
2	0.02399	0.01583	0.01840	0.01405	0.02003	0.01503	0.01142	0.19293	0.04413	0.16379	0.02028	0.02074	0.01483	0.00831	0.00749	0.00193	0.02730	0.00643	0.06561	0.30748
3	0.01963	0.01884	0.03219	0.04867	0.67185	0.01884	0.02434	0.02434	0.01806	0.02591	0.01492	0.01963	0.01256	0.00707	0.00785	0.00236	0.00942	0.00707	0.00393	0.01256
4	0.00966	0.00690	0.00920	0.01104	0.01150	0.00644	0.00736	0.01104	0.01518	0.02024	0.04371	0.71614	0.05245	0.02484	0.01012	0.00322	0.00460	0.02254	0.00736	0.00644
5	0.01440	0.01140	0.01719	0.01529	0.01793	0.01270	0.06696	0.09609	0.01642	0.02308	0.02050	0.02873	0.01832	0.04837	0.54185	0.01052	0.01894	0.00840	0.00470	0.00822
6	0.01498	0.01409	0.02378	0.70226	0.05462	0.01762	0.02202	0.02026	0.01586	0.02026	0.01409	0.02114	0.01057	0.00793	0.00793	0.00264	0.01057	0.00705	0.00352	0.00881
7	0.04270	0.01124	0.01252	0.01112	0.01354	0.01230	0.00866	0.13755	0.01956	0.03091	0.04787	0.02656	0.01926	0.01223	0.01102	0.10051	0.06081	0.00743	0.40601	0.00820
8	0.02783	0.05717	0.02299	0.01694	0.02282	0.02319	0.01403	0.52941	0.06304	0.04576	0.01984	0.02014	0.01442	0.00941	0.00758	0.00231	0.00815	0.00710	0.07516	0.01273
9	0.08182	0.01948	0.02085	0.01702	0.02170	0.06694	0.01385	0.25971	0.10025	0.12467	0.01974	0.02062	0.01466	0.01161	0.03210	0.00287	0.12108	0.00705	0.00677	0.03718
10	0.07535	0.01632	0.05168	0.01446	0.02029	0.01496	0.01218	0.06221	0.20392	0.23785	0.05679	0.02558	0.02071	0.00940	0.00746	0.00230	0.00662	0.00759	0.00759	0.14674
11	0.09067	0.53859	0.15187	0.01488	0.02236	0.02782	0.01589	0.02395	0.01598	0.02138	0.01159	0.01345	0.01001	0.00697	0.00550	0.00191	0.00884	0.00453	0.00353	0.01030
12	0.01859	0.01884	0.06046	0.03899	0.47602	0.01790	0.02164	0.02307	0.01727	0.02518	0.01532	0.02132	0.01330	0.00806	0.00931	0.00236	0.07111	0.02812	0.00407	0.10907
13	0.02805	0.02085	0.02576	0.01949	0.02599	0.02218	0.09496	0.46590	0.05841	0.09366	0.01993	0.02027	0.01414	0.00907	0.00803	0.00238	0.00894	0.00745	0.00744	0.04711
14	0.01571	0.01267	0.01695	0.05277	0.01894	0.01273	0.05882	0.08270	0.01679	0.02381	0.02161	0.10344	0.02188	0.23464	0.01929	0.00397	0.05996	0.00979	0.04034	0.17319
15	0.13292	0.01543	0.02235	0.01713	0.02328	0.01467	0.12066	0.03456	0.07728	0.41910	0.02596	0.02432	0.01721	0.00902	0.00780	0.00251	0.00777	0.00780	0.00798	0.01225

[dist]
# distance from previous block
# <min> <max>
0	13

[block]
# block no. 8 follows, 24 sequences, length 6
# corresponding to MSA columns:
# 246-251
name=unknown_I
#
# <colnr> <probs for GDERKNQSTAVLIFYWHMCP>
#	G	D	E	R	K	N	Q	S	T	A	V	L	I	F	Y	W	H	M	C	P
0	0.01953	0.01656	0.02626	0.01915	0.02618	0.01443	0.20776	0.02560	0.07240	0.09786	0.01814	0.02026	0.01376	0.00697	0.00738	0.00191	0.00834	0.00688	0.00533	0.38528
1	0.01504	0.00843	0.00880	0.00807	0.01072	0.00788	0.00614	0.01871	0.01660	0.02899	0.02404	0.02753	0.01899	0.00872	0.00559	0.00174	0.00403	0.00697	0.64717	0.12583
2	0.01680	0.01524	0.02120	0.01515	0.02235	0.01206	0.10881	0.02082	0.01680	0.02577	0.01440	0.01722	0.01179	0.00600	0.00642	0.00141	0.00705	0.00543	0.00459	0.65069
3	0.01700	0.01552	0.01485	0.01365	0.01680	0.11769	0.01023	0.07041	0.11521	0.02774	0.18195	0.21532	0.03952	0.01479	0.00853	0.00249	0.00663	0.01267	0.00704	0.09195
4	0.10234	0.08867	0.08109	0.01776	0.02443	0.01837	0.11127	0.13500	0.04286	0.17475	0.01949	0.02109	0.01429	0.03537	0.00859	0.00250	0.00859	0.00699	0.00618	0.08035
5	0.02020	0.05481	0.14179	0.02251	0.12561	0.12020	0.05829	0.02536	0.04427	0.08498	0.04045	0.07938	0.04167	0.00976	0.00774	0.00230	0.00927	0.00830	0.00518	0.09791

[dist]
# distance from previous block
# <min> <max>
14	39

[block]
# block no. 9 follows, 24 sequences, length 28
# corresponding to MSA columns:
# 297-324
name=unknown_J
#
# <colnr> <probs for GDERKNQSTAVLIFYWHMCP>
#	G	D	E	R	K	N	Q	S	T	A	V	L	I	F	Y	W	H	M	C	P
0	0.02544	0.02466	0.02104	0.07692	0.02511	0.25022	0.01460	0.22155	0.11537	0.03185	0.01854	0.01999	0.01416	0.00918	0.00795	0.00231	0.02870	0.00671	0.07490	0.01079
1	0.01001	0.00711	0.00931	0.01070	0.01128	0.00667	0.00714	0.01153	0.01568	0.02112	0.11311	0.58097	0.05285	0.08710	0.01278	0.00354	0.00478	0.02061	0.00728	0.00641
2	0.01814	0.02086	0.06768	0.10133	0.08941	0.02008	0.44093	0.02413	0.01761	0.02425	0.01510	0.02061	0.01167	0.00762	0.01074	0.00272	0.08422	0.00855	0.00387	0.01048
3	0.01453	0.01290	0.02036	0.26658	0.03256	0.01455	0.07035	0.01997	0.05745	0.02274	0.03020	0.04947	0.07743	0.01416	0.01031	0.00305	0.05100	0.21841	0.00546	0.00851
4	0.01133	0.00850	0.01274	0.01274	0.01416	0.00991	0.00991	0.01416	0.01274	0.01841	0.02124	0.03115	0.01982	0.05947	0.68989	0.01274	0.02124	0.00850	0.00425	0.00708
5	0.07329	0.02564	0.02120	0.01756	0.02275	0.24163	0.01394	0.34798	0.02922	0.03644	0.02189	0.02231	0.07160	0.00990	0.00762	0.00230	0.00998	0.00717	0.00643	0.01116
6	0.01869	0.02196	0.06814	0.15996	0.03971	0.08126	0.36296	0.02423	0.01765	0.02311	0.01458	0.02000	0.01130	0.00794	0.01072	0.00269	0.09319	0.00807	0.00383	0.01001
7	0.02879	0.03395	0.02353	0.02270	0.08330	0.53807	0.01611	0.11455	0.02409	0.02416	0.01342	0.01543	0.01087	0.00825	0.00732	0.00212	0.01310	0.00556	0.00459	0.01008
8	0.01040	0.00803	0.00968	0.01069	0.01253	0.00731	0.00828	0.01270	0.01733	0.02175	0.05959	0.25489	0.32581	0.02189	0.01002	0.00310	0.00510	0.18675	0.00735	0.00680
9	0.01360	0.01240	0.02205	0.14449	0.05882	0.01255	0.15700	0.01738	0.01667	0.02217	0.03035	0.31237	0.03272	0.01635	0.00955	0.00301	0.00829	0.09625	0.00572	0.00826
10	0.01566	0.00890	0.01162	0.01113	0.01344	0.00809	0.00833	0.01830	0.01943	0.15600	0.26181	0.22860	0.09855	0.05551	0.01103	0.00303	0.00500	0.04918	0.00819	0.00820
11	0.00966	0.00690	0.00920	0.01104	0.01150	0.00644	0.00736	0.01104	0.01518	0.02024	0.04371	0.71614	0.05245	0.02484	0.01012	0.00322	0.00460	0.02254	0.00736	0.00644
12	0.01736	0.01660	0.02779	0.33834	0.34289	0.01874	0.02273	0.02209	0.01659	0.02283	0.01418	0.02012	0.01150	0.00801	0.00937	0.00257	0.06697	0.00705	0.00371	0.01057
13	0.09669	0.11798	0.37681	0.04725	0.08860	0.02054	0.03874	0.07815	0.01824	0.02745	0.01402	0.01658	0.01051	0.00755	0.00708	0.00239	0.01028	0.00585	0.00399	0.01130
14	0.01753	0.01818	0.03528	0.28206	0.17859	0.01891	0.28530	0.02329	0.01753	0.02362	0.01509	0.02093	0.01161	0.00722	0.00852	0.00260	0.01151	0.00803	0.00381	0.01039
15	0.01124	0.00809	0.01076	0.01100	0.01262	0.00761	0.00843	0.01457	0.02046	0.02839	0.44878	0.17526	0.06574	0.01870	0.00977	0.00283	0.00453	0.12570	0.00824	0.00727
16	0.22786	0.22738	0.09835	0.01605	0.02192	0.06459	0.07077	0.03772	0.01650	0.02574	0.01590	0.07760	0.01476	0.00939	0.00704	0.00236	0.02599	0.02609	0.00448	0.00952
17	0.02209	0.42943	0.09163	0.01480	0.02120	0.06114	0.01431	0.06453	0.03885	0.08169	0.04757	0.01935	0.01567	0.03808	0.00765	0.00222	0.00861	0.00591	0.00476	0.01049
18	0.01972	0.01703	0.01793	0.01614	0.02062	0.01972	0.01255	0.04214	0.65752	0.03317	0.03228	0.02959	0.02421	0.01076	0.00807	0.00269	0.00628	0.00897	0.00807	0.01255
19	0.01805	0.02603	0.19666	0.03086	0.03976	0.01967	0.49784	0.02533	0.01825	0.02533	0.01561	0.02029	0.01156	0.00689	0.00893	0.00264	0.01298	0.00853	0.00385	0.01094
20	0.01624	0.01523	0.02564	0.40048	0.27945	0.01710	0.02161	0.02097	0.01661	0.02235	0.01696	0.08067	0.01493	0.00907	0.00809	0.00259	0.00963	0.00839	0.00400	0.00999
21	0.01659	0.01747	0.03484	0.27156	0.04317	0.01818	0.35091	0.02221	0.01722	0.02296	0.01745	0.07801	0.01477	0.00881	0.00936	0.00273	0.03050	0.00954	0.00410	0.00961
22	0.02159	0.01045	0.01406	0.01209	0.01575	0.00937	0.00967	0.02504	0.02221	0.30245	0.34903	0.04815	0.04924	0.01399	0.00890	0.00257	0.00530	0.06108	0.00907	0.00999
23	0.03048	0.06256	0.15673	0.01596	0.02329	0.01464	0.01552	0.05335	0.02151	0.48368	0.02616	0.02377	0.01689	0.00915	0.00771	0.00242	0.00794	0.00729	0.00803	0.01293
24	0.02131	0.02310	0.17975	0.01730	0.02367	0.01889	0.01656	0.28206	0.10814	0.03681	0.11217	0.02723	0.02356	0.03953	0.03157	0.00301	0.00880	0.00830	0.00671	0.01153
25	0.00986	0.00703	0.00929	0.01086	0.01142	0.00657	0.00727	0.01138	0.01563	0.02100	0.09401	0.63652	0.05336	0.05129	0.01124	0.00334	0.00465	0.02144	0.00737	0.00646
26	0.15914	0.03139	0.41062	0.02183	0.03135	0.01825	0.13336	0.02550	0.01678	0.05949	0.01480	0.01736	0.01060	0.00746	0.00739	0.00253	0.01073	0.00629	0.00408	0.01104
27	0.51532	0.01661	0.05996	0.01308	0.01859	0.01625	0.04200	0.02560	0.01570	0.14730	0.01684	0.05366	0.01316	0.00871	0.00613	0.00251	0.00690	0.00628	0.00576	0.00966

[dist]
# distance from previous block
# <min> <max>
0	6

[block]
# block no. 10 follows, 24 sequences, length 22
# corresponding to MSA columns:
# 331-352
name=unknown_K
#
# <colnr> <probs for GDERKNQSTAVLIFYWHMCP>
#	G	D	E	R	K	N	Q	S	T	A	V	L	I	F	Y	W	H	M	C	P
0	0.09274	0.03734	0.02767	0.02261	0.08098	0.01841	0.17486	0.10135	0.09439	0.20792	0.02151	0.02228	0.01529	0.00871	0.00868	0.00254	0.03650	0.00780	0.00655	0.01187
1	0.02215	0.36505	0.03081	0.01504	0.02087	0.02500	0.01355	0.14035	0.05191	0.05092	0.01582	0.01903	0.01340	0.00869	0.00796	0.00207	0.06715	0.02907	0.00502	0.09615
2	0.01792	0.01311	0.01572	0.01199	0.01782	0.01055	0.00948	0.04414	0.01848	0.09761	0.09186	0.07641	0.02289	0.00906	0.00690	0.00166	0.00574	0.00760	0.00603	0.51503
3	0.01582	0.01964	0.19902	0.01665	0.02176	0.01342	0.05017	0.01995	0.01595	0.07761	0.02454	0.21740	0.02469	0.07307	0.01296	0.00310	0.08292	0.01138	0.00535	0.09460
4	0.01568	0.01520	0.02670	0.46998	0.04630	0.01685	0.13610	0.02096	0.01674	0.02234	0.04243	0.02229	0.01373	0.00782	0.00803	0.00248	0.01027	0.00753	0.00397	0.09461
5	0.07252	0.07560	0.35675	0.11590	0.03456	0.01997	0.09166	0.09395	0.01887	0.02760	0.01452	0.01758	0.01063	0.00766	0.00749	0.00248	0.01080	0.00634	0.00407	0.01108
6	0.01633	0.03260	0.44718	0.10007	0.06870	0.01830	0.13261	0.02428	0.01722	0.02487	0.03444	0.01946	0.01254	0.00767	0.00796	0.00255	0.01152	0.00691	0.00367	0.01114
7	0.01764	0.02931	0.30980	0.03058	0.10776	0.01924	0.31865	0.02516	0.01782	0.02534	0.01516	0.01925	0.01126	0.00708	0.00843	0.00257	0.01225	0.00764	0.00372	0.01133
8	0.01148	0.00833	0.01104	0.01162	0.01338	0.00790	0.00927	0.01479	0.01981	0.02686	0.33054	0.14513	0.10421	0.01951	0.01002	0.00300	0.00514	0.23276	0.00796	0.00724
9	0.01926	0.02203	0.15167	0.19867	0.10509	0.04879	0.13513	0.05878	0.01888	0.08006	0.01849	0.06136	0.01500	0.00905	0.00826	0.00259	0.01052	0.02104	0.00473	0.01062
10	0.06096	0.09280	0.38020	0.02440	0.08607	0.01930	0.12260	0.02592	0.01739	0.07550	0.01543	0.01795	0.01124	0.00746	0.00752	0.00244	0.01081	0.00645	0.00409	0.01145
11	0.00966	0.00690	0.00920	0.01104	0.01150	0.00644	0.00736	0.01104	0.01518	0.02024	0.04371	0.71614	0.05245	0.02484	0.01012	0.00322	0.00460	0.02254	0.00736	0.00644
12	0.01826	0.02045	0.04344	0.10409	0.04202	0.01996	0.55186	0.02460	0.01815	0.02460	0.01561	0.02120	0.01181	0.00711	0.00987	0.00270	0.04089	0.00902	0.00394	0.01041
13	0.29486	0.02279	0.19616	0.01562	0.02250	0.01778	0.01567	0.11768	0.05081	0.11360	0.01679	0.01795	0.01210	0.00914	0.00782	0.03828	0.00815	0.00595	0.00563	0.01073
14	0.01830	0.02057	0.04421	0.10857	0.04292	0.01978	0.57327	0.02482	0.01840	0.02482	0.01582	0.02136	0.01187	0.00682	0.00920	0.00267	0.01305	0.00910	0.00396	0.01048
15	0.01024	0.00732	0.00987	0.01171	0.01242	0.00694	0.00837	0.01205	0.01576	0.02090	0.04338	0.59896	0.05117	0.02429	0.01028	0.00330	0.00511	0.13397	0.00735	0.00660
16	0.05034	0.05555	0.48011	0.02517	0.11138	0.07568	0.04333	0.02546	0.01729	0.02500	0.01397	0.01674	0.01037	0.00748	0.00741	0.00243	0.01137	0.00593	0.00357	0.01140
17	0.01667	0.01180	0.01413	0.01352	0.01652	0.01237	0.01057	0.02662	0.24705	0.09262	0.17681	0.15242	0.04298	0.01593	0.00915	0.00287	0.00567	0.11446	0.00815	0.00969
18	0.00993	0.00709	0.00950	0.01134	0.01192	0.00667	0.00782	0.01150	0.01544	0.02054	0.04356	0.66307	0.05187	0.02459	0.01019	0.00326	0.00483	0.07301	0.00736	0.00651
19	0.01616	0.01587	0.02826	0.49971	0.12062	0.01839	0.11697	0.02146	0.01639	0.02163	0.01434	0.02086	0.01101	0.00788	0.00885	0.00265	0.03838	0.00740	0.00364	0.00951
20	0.32562	0.02079	0.14676	0.01487	0.02160	0.01720	0.01435	0.10274	0.03692	0.20079	0.01843	0.01848	0.01274	0.00838	0.00667	0.00246	0.00771	0.00602	0.00632	0.01117
21	0.01887	0.02187	0.08969	0.03877	0.29636	0.01944	0.34502	0.02495	0.01830	0.02558	0.01545	0.02032	0.01209	0.00690	0.00861	0.00253	0.01164	0.00816	0.00393	0.01153

[dist]
# distance from previous block
# <min> <max>
0	8

[block]
# block no. 11 follows, 24 sequences, length 20
# corresponding to MSA columns:
# 361-380
name=unknown_L
#
# <colnr> <probs for GDERKNQSTAVLIFYWHMCP>
#	G	D	E	R	K	N	Q	S	T	A	V	L	I	F	Y	W	H	M	C	P
0	0.01173	0.00869	0.01203	0.05488	0.01686	0.00867	0.01123	0.01469	0.01719	0.02231	0.04370	0.26959	0.09268	0.02179	0.01040	0.00339	0.00645	0.35954	0.00709	0.00709
1	0.01843	0.04954	0.03036	0.09177	0.04890	0.04234	0.20133	0.05698	0.01681	0.02348	0.01447	0.02010	0.01211	0.01240	0.05034	0.00335	0.24911	0.00761	0.04098	0.00961
2	0.01615	0.01567	0.02829	0.38201	0.12149	0.01741	0.15714	0.02127	0.01664	0.02251	0.01666	0.05808	0.01383	0.00870	0.00881	0.00263	0.03276	0.00839	0.04206	0.00948
3	0.01249	0.00894	0.01237	0.01374	0.01558	0.00882	0.01179	0.01616	0.01903	0.02523	0.15829	0.08383	0.05106	0.02085	0.01066	0.00344	0.00664	0.50618	0.00757	0.00734
4	0.01754	0.03433	0.45237	0.02863	0.15050	0.04808	0.10672	0.02530	0.01749	0.02504	0.01450	0.01776	0.01076	0.00737	0.00781	0.00248	0.01163	0.00650	0.00357	0.01163
5	0.01777	0.01416	0.01699	0.04043	0.02039	0.01532	0.03594	0.06458	0.31342	0.05900	0.06252	0.04710	0.11638	0.01398	0.00887	0.00283	0.00665	0.12562	0.00760	0.01045
