[name]
unknown

[dist]
# distance from previous block
# <min> <max>
0	165

[block]
# block no. 0 follows, 26 sequences, length 25
# corresponding to MSA columns:
# 189-213
name=unknown_A
#
# <colnr> <probs for GDERKNQSTAVLIFYWHMCP>
#	G	D	E	R	K	N	Q	S	T	A	V	L	I	F	Y	W	H	M	C	P
0	0.08601	0.23073	0.16617	0.01573	0.02173	0.15358	0.01552	0.05609	0.01778	0.02344	0.01572	0.02188	0.01374	0.00865	0.00645	0.00214	0.00923	0.06612	0.05984	0.00943
1	0.17726	0.18911	0.30002	0.04093	0.02509	0.01999	0.01841	0.02338	0.01526	0.05392	0.01284	0.01497	0.00984	0.00732	0.00687	0.00221	0.03853	0.00508	0.00385	0.03513
2	0.05074	0.01358	0.01796	0.05307	0.12213	0.01228	0.01212	0.02534	0.04401	0.20210	0.01962	0.02067	0.01444	0.00744	0.00656	0.00186	0.00642	0.00618	0.07899	0.28447
3	0.02019	0.12858	0.03116	0.05902	0.02779	0.02055	0.22456	0.12148	0.01940	0.07048	0.04119	0.02027	0.01426	0.00867	0.01039	0.00244	0.12512	0.00739	0.03697	0.01008
4	0.01645	0.01490	0.06294	0.04438	0.05343	0.01444	0.01259	0.05309	0.28839	0.05274	0.18996	0.08522	0.03511	0.01230	0.00819	0.00254	0.00611	0.02997	0.00716	0.01009
5	0.01594	0.18767	0.38159	0.01942	0.05377	0.01886	0.05484	0.02222	0.01687	0.02368	0.11606	0.02177	0.01938	0.00826	0.00706	0.00223	0.00934	0.00674	0.00406	0.01024
6	0.01566	0.00980	0.01241	0.01122	0.01230	0.01073	0.00797	0.01674	0.01310	0.12045	0.02230	0.03807	0.02230	0.42135	0.07115	0.00592	0.12780	0.00938	0.04459	0.00676
7	0.01269	0.01223	0.01061	0.01036	0.01268	0.11430	0.00757	0.01529	0.03985	0.02131	0.13557	0.12771	0.36368	0.06932	0.01083	0.00285	0.00571	0.01397	0.00657	0.00690
8	0.01061	0.00781	0.01128	0.01155	0.01263	0.00876	0.00862	0.01283	0.01243	0.01759	0.02398	0.13943	0.02463	0.11906	0.53038	0.01031	0.01658	0.01049	0.00458	0.00646
9	0.01640	0.00925	0.00949	0.00867	0.01110	0.00960	0.00671	0.11678	0.01895	0.03129	0.02374	0.02673	0.01843	0.00888	0.00565	0.00185	0.00428	0.00703	0.65721	0.00797
10	0.01690	0.01344	0.01498	0.10076	0.04148	0.07358	0.01117	0.10290	0.01928	0.02772	0.12105	0.02810	0.02373	0.01323	0.05683	0.00288	0.05133	0.00787	0.26438	0.00839
11	0.71721	0.01456	0.01220	0.07368	0.01806	0.01700	0.00938	0.02203	0.01311	0.03271	0.01083	0.01304	0.00839	0.00709	0.00496	0.00236	0.00625	0.00435	0.00457	0.00823
12	0.02871	0.01160	0.01576	0.01279	0.01756	0.01012	0.01026	0.03143	0.02059	0.54511	0.07390	0.13608	0.02702	0.01200	0.00803	0.00246	0.00595	0.01017	0.00896	0.01150
13	0.01853	0.01073	0.01252	0.01102	0.01425	0.04367	0.00853	0.02137	0.02033	0.23482	0.29032	0.09156	0.16269	0.01441	0.00848	0.00243	0.00510	0.01229	0.00812	0.00884
14	0.01887	0.01629	0.01715	0.01544	0.01972	0.01887	0.01201	0.04031	0.67241	0.03173	0.03087	0.02830	0.02315	0.01029	0.00772	0.00257	0.00600	0.00858	0.00772	0.01201
15	0.01521	0.03923	0.69413	0.02162	0.03283	0.01762	0.02802	0.02402	0.01601	0.02402	0.01361	0.01601	0.00961	0.00721	0.00721	0.00240	0.01121	0.00560	0.00320	0.01121
16	0.01082	0.00827	0.01166	0.11860	0.01753	0.00834	0.00926	0.01392	0.01832	0.02525	0.37805	0.26197	0.05538	0.01688	0.00897	0.00263	0.00484	0.01511	0.00717	0.00704
17	0.00924	0.00660	0.00880	0.01056	0.01100	0.00616	0.00704	0.01056	0.01452	0.01936	0.04181	0.72848	0.05017	0.02376	0.00968	0.00308	0.00440	0.02156	0.00704	0.00616
18	0.01815	0.01803	0.03269	0.11197	0.49522	0.01813	0.14706	0.02308	0.01718	0.02413	0.01440	0.01925	0.01172	0.00677	0.00780	0.00234	0.00986	0.00718	0.00373	0.01130
19	0.01253	0.12011	0.01400	0.00982	0.01133	0.01123	0.00710	0.01392	0.01312	0.01783	0.08287	0.03974	0.02692	0.39111	0.15775	0.00669	0.00945	0.00947	0.03884	0.00616
20	0.66716	0.01343	0.01079	0.01007	0.01410	0.01534	0.00803	0.02049	0.01316	0.03177	0.01538	0.12267	0.01468	0.00962	0.00546	0.00246	0.00564	0.00680	0.00506	0.00790
21	0.01985	0.01479	0.01821	0.01405	0.01943	0.01402	0.05672	0.21318	0.02285	0.08524	0.05514	0.04905	0.11973	0.01014	0.00738	0.00202	0.00658	0.00849	0.02538	0.23776
22	0.03923	0.01304	0.01655	0.15325	0.06485	0.01332	0.01215	0.08835	0.05891	0.06321	0.01891	0.02165	0.01449	0.00784	0.00646	0.00196	0.00653	0.00642	0.21118	0.18171
23	0.01745	0.18317	0.09251	0.08453	0.02962	0.02038	0.21994	0.04084	0.03978	0.02277	0.03666	0.01944	0.01347	0.00984	0.03949	0.00272	0.06410	0.00696	0.00401	0.05234
24	0.00992	0.00739	0.00978	0.01099	0.01160	0.00725	0.00752	0.01128	0.01427	0.01930	0.03846	0.64011	0.04584	0.05034	0.01149	0.00319	0.04263	0.01978	0.00666	0.03219

[dist]
# distance from previous block
# <min> <max>
2	10

[block]
# block no. 1 follows, 26 sequences, length 29
# corresponding to MSA columns:
# 224-252
name=unknown_B
#
# <colnr> <probs for GDERKNQSTAVLIFYWHMCP>
#	G	D	E	R	K	N	Q	S	T	A	V	L	I	F	Y	W	H	M	C	P
0	0.01647	0.04374	0.12686	0.14662	0.31306	0.01656	0.04004	0.02145	0.01611	0.02305	0.01483	0.01955	0.01208	0.01113	0.06513	0.00305	0.01012	0.00654	0.03572	0.05790
1	0.01295	0.01008	0.01166	0.01131	0.01338	0.02988	0.00848	0.06938	0.06741	0.02784	0.33108	0.22817	0.08495	0.01698	0.00895	0.00262	0.00484	0.04468	0.00763	0.00773
2	0.00944	0.00675	0.00898	0.01043	0.01105	0.00629	0.00706	0.01106	0.01545	0.02084	0.12714	0.63894	0.05302	0.02266	0.00958	0.00299	0.00429	0.02052	0.00722	0.00629
3	0.01033	0.00742	0.00821	0.00830	0.00912	0.00701	0.00518	0.01109	0.01342	0.01725	0.06628	0.09777	0.21478	0.46088	0.02733	0.00555	0.00604	0.01318	0.00558	0.00530
4	0.07396	0.00727	0.00900	0.01051	0.01131	0.00706	0.00714	0.01154	0.01439	0.02058	0.03921	0.66888	0.04668	0.02237	0.00927	0.00302	0.00452	0.02011	0.00685	0.00633
5	0.00962	0.00759	0.00868	0.00866	0.01071	0.00664	0.00640	0.01206	0.01846	0.02388	0.28699	0.13991	0.39663	0.01841	0.00904	0.00256	0.00381	0.01581	0.00751	0.00664
6	0.00922	0.00766	0.00785	0.00782	0.01013	0.00652	0.00573	0.01106	0.01696	0.02048	0.10093	0.07028	0.59970	0.07847	0.01143	0.00295	0.00412	0.01549	0.00690	0.00629
7	0.01725	0.01343	0.01588	0.01142	0.01809	0.01020	0.00917	0.02059	0.01623	0.08019	0.01485	0.01657	0.01186	0.00593	0.00578	0.00123	0.00569	0.00475	0.00490	0.71598
8	0.78701	0.01467	0.01115	0.00997	0.01467	0.01702	0.00821	0.02230	0.01291	0.03403	0.01056	0.01232	0.00821	0.00704	0.00469	0.00235	0.00587	0.00411	0.00469	0.00821
9	0.02833	0.03615	0.02149	0.01954	0.02345	0.70298	0.01466	0.03029	0.02149	0.01856	0.01172	0.01368	0.00977	0.00782	0.00684	0.00195	0.01368	0.00489	0.00391	0.00879
10	0.01573	0.01348	0.01573	0.01123	0.01798	0.01011	0.00899	0.01910	0.01573	0.02472	0.01348	0.01573	0.01123	0.00562	0.00562	0.00112	0.00562	0.00449	0.00449	0.77980
11	0.78701	0.01467	0.01115	0.00997	0.01467	0.01702	0.00821	0.02230	0.01291	0.03403	0.01056	0.01232	0.00821	0.00704	0.00469	0.00235	0.00587	0.00411	0.00469	0.00821
12	0.01139	0.00785	0.01021	0.00988	0.01171	0.00722	0.00742	0.01459	0.02030	0.05256	0.52591	0.13274	0.10046	0.01664	0.00904	0.00252	0.00393	0.04031	0.00811	0.00721
13	0.01074	0.00775	0.01014	0.00954	0.01133	0.00716	0.00716	0.01431	0.02147	0.03042	0.68211	0.05666	0.07157	0.01551	0.00895	0.00239	0.00358	0.01372	0.00835	0.00716
14	0.78701	0.01467	0.01115	0.00997	0.01467	0.01702	0.00821	0.02230	0.01291	0.03403	0.01056	0.01232	0.00821	0.00704	0.00469	0.00235	0.00587	0.00411	0.00469	0.00821
15	0.01102	0.00740	0.00849	0.00849	0.00857	0.00747	0.00487	0.01117	0.01110	0.01487	0.02370	0.04852	0.02709	0.69539	0.07598	0.00763	0.00808	0.01087	0.00457	0.00472
16	0.01084	0.00813	0.01219	0.01219	0.01354	0.00948	0.00948	0.01354	0.01219	0.01761	0.02032	0.02980	0.01896	0.05689	0.70337	0.01219	0.02032	0.00813	0.00406	0.00677
17	0.01643	0.01929	0.12841	0.28112	0.31493	0.01728	0.02249	0.02233	0.03855	0.02289	0.01524	0.02125	0.01231	0.00768	0.00759	0.00242	0.00958	0.02598	0.00377	0.01045
18	0.01962	0.01659	0.01760	0.01537	0.01998	0.01877	0.01205	0.09808	0.57126	0.03283	0.02859	0.02656	0.02144	0.00989	0.00758	0.00246	0.00620	0.00816	0.00751	0.05947
19	0.01101	0.00742	0.00861	0.00861	0.00873	0.00754	0.00502	0.01125	0.01113	0.01496	0.02359	0.04792	0.02683	0.67489	0.09613	0.00777	0.00848	0.01078	0.00455	0.00478
20	0.01166	0.00845	0.01148	0.01294	0.01469	0.00827	0.01104	0.01487	0.01746	0.02266	0.07479	0.12206	0.10702	0.02069	0.01021	0.00332	0.00636	0.50809	0.00706	0.00689
21	0.01616	0.01746	0.06176	0.08734	0.03377	0.01601	0.42712	0.02060	0.01604	0.02169	0.01635	0.06376	0.01394	0.01092	0.01226	0.13233	0.01094	0.00899	0.00387	0.00870
22	0.01889	0.01810	0.05107	0.01589	0.02041	0.05065	0.01294	0.03813	0.58530	0.03040	0.02944	0.02906	0.02258	0.01040	0.00775	0.00257	0.00666	0.03083	0.00729	0.01163
23	0.00922	0.00668	0.00872	0.01035	0.01094	0.00618	0.00695	0.01059	0.01473	0.01945	0.04443	0.67934	0.09762	0.02342	0.00963	0.00304	0.00436	0.02115	0.00704	0.00618
24	0.01417	0.01273	0.01817	0.01633	0.01685	0.01693	0.01325	0.01593	0.01173	0.01769	0.01413	0.02206	0.01361	0.03081	0.28547	0.05461	0.40731	0.00721	0.00360	0.00740
25	0.09479	0.02019	0.03019	0.11894	0.03296	0.07886	0.27383	0.17544	0.02173	0.05640	0.01558	0.01874	0.01147	0.00751	0.00780	0.00241	0.01053	0.00727	0.00497	0.01040
26	0.01952	0.01293	0.01704	0.03879	0.09971	0.01330	0.01280	0.06543	0.16298	0.16278	0.03100	0.15791	0.02842	0.01387	0.00852	0.00273	0.00664	0.12827	0.00718	0.01018
27	0.01216	0.00825	0.00956	0.00967	0.01043	0.00831	0.00622	0.06535	0.01450	0.01984	0.02907	0.25735	0.03285	0.40240	0.02473	0.00522	0.00625	0.01370	0.05820	0.00594
28	0.44214	0.05868	0.07880	0.04057	0.02012	0.07457	0.05155	0.02203	0.01468	0.02806	0.01572	0.04402	0.04307	0.00849	0.00650	0.00237	0.02953	0.00603	0.00447	0.00859

[dist]
# distance from previous block
# <min> <max>
0	2

[block]
# block no. 2 follows, 26 sequences, length 24
# corresponding to MSA columns:
# 255-278
name=unknown_C
#
# <colnr> <probs for GDERKNQSTAVLIFYWHMCP>
#	G	D	E	R	K	N	Q	S	T	A	V	L	I	F	Y	W	H	M	C	P
0	0.01407	0.01246	0.01764	0.07288	0.01934	0.01618	0.01324	0.01730	0.04154	0.01900	0.01611	0.02389	0.01488	0.05123	0.27812	0.00663	0.31501	0.00745	0.03531	0.00773
1	0.01573	0.01348	0.01573	0.01123	0.01798	0.01011	0.00899	0.01910	0.01573	0.02472	0.01348	0.01573	0.01123	0.00562	0.00562	0.00112	0.00562	0.00449	0.00449	0.77980
2	0.01074	0.00775	0.01014	0.00954	0.01133	0.00716	0.00716	0.01431	0.02147	0.03042	0.68211	0.05666	0.07157	0.01551	0.00895	0.00239	0.00358	0.01372	0.00835	0.00716
3	0.01318	0.00659	0.00988	0.00988	0.00988	0.00659	0.00659	0.00988	0.00988	0.01318	0.01318	0.02306	0.01318	0.02635	0.02964	0.77931	0.00659	0.00659	0.00329	0.00329
4	0.03292	0.01350	0.01782	0.01379	0.01958	0.01218	0.01135	0.06694	0.05927	0.62325	0.02942	0.02559	0.01874	0.00943	0.00763	0.00236	0.00652	0.00764	0.00921	0.01286
5	0.01057	0.00775	0.00990	0.00936	0.01123	0.00708	0.00702	0.01399	0.02107	0.02947	0.62410	0.05823	0.13018	0.01586	0.00895	0.00240	0.00360	0.01394	0.00822	0.00708
6	0.10801	0.02056	0.02155	0.01667	0.02260	0.02284	0.01377	0.59414	0.03329	0.04637	0.01741	0.01760	0.01241	0.00889	0.00729	0.00228	0.00809	0.00654	0.00729	0.01241
7	0.01666	0.01680	0.02439	0.02056	0.02097	0.02302	0.05098	0.01858	0.01195	0.01858	0.01025	0.01680	0.01004	0.01291	0.02404	0.00328	0.68170	0.00676	0.00335	0.00840
8	0.03403	0.01291	0.01760	0.01350	0.01936	0.01115	0.01115	0.03697	0.02171	0.69137	0.02992	0.02582	0.01878	0.00939	0.00763	0.00235	0.00645	0.00763	0.00939	0.01291
9	0.78701	0.01467	0.01115	0.00997	0.01467	0.01702	0.00821	0.02230	0.01291	0.03403	0.01056	0.01232	0.00821	0.00704	0.00469	0.00235	0.00587	0.00411	0.00469	0.00821
10	0.01659	0.01659	0.02323	0.01991	0.01991	0.02323	0.01659	0.01825	0.01162	0.01825	0.00996	0.01659	0.00996	0.01328	0.02489	0.00332	0.71955	0.00664	0.00332	0.00830
11	0.01507	0.00797	0.00807	0.00773	0.00977	0.00812	0.00588	0.05856	0.01716	0.02952	0.02433	0.02764	0.01903	0.00885	0.00545	0.00180	0.00384	0.00705	0.72671	0.00744
12	0.01997	0.03869	0.07252	0.01295	0.01720	0.03918	0.01135	0.02417	0.04073	0.23954	0.25326	0.04285	0.06418	0.01278	0.00827	0.00246	0.00617	0.07644	0.00767	0.00960
13	0.01667	0.01345	0.01583	0.01135	0.01805	0.01016	0.00910	0.02002	0.01604	0.05904	0.01433	0.01625	0.01162	0.00581	0.00572	0.00119	0.00566	0.00466	0.00475	0.74031
14	0.01573	0.01348	0.01573	0.01123	0.01798	0.01011	0.00899	0.01910	0.01573	0.02472	0.01348	0.01573	0.01123	0.00562	0.00562	0.00112	0.00562	0.00449	0.00449	0.77980
15	0.07426	0.52048	0.12777	0.01403	0.02100	0.02557	0.01459	0.02422	0.01592	0.08373	0.01282	0.01401	0.01047	0.00690	0.00545	0.00185	0.00823	0.00462	0.00392	0.01014
16	0.06508	0.01995	0.02054	0.01663	0.02180	0.05792	0.01348	0.38864	0.18753	0.06672	0.02068	0.02037	0.01510	0.00942	0.00820	0.00238	0.03935	0.00704	0.00716	0.01202
17	0.01208	0.00863	0.01205	0.01361	0.01526	0.00872	0.01172	0.01538	0.01685	0.02203	0.03820	0.08048	0.04139	0.05377	0.05573	0.00421	0.00785	0.56846	0.00670	0.00687
18	0.02028	0.73799	0.03975	0.01298	0.01947	0.03001	0.01298	0.02271	0.01541	0.01785	0.01055	0.01217	0.00973	0.00649	0.00487	0.00162	0.00811	0.00406	0.00324	0.00973
19	0.01208	0.00863	0.01206	0.01381	0.01549	0.00861	0.01198	0.01547	0.01732	0.02254	0.04024	0.11615	0.04396	0.02109	0.01044	0.00347	0.00686	0.60587	0.00699	0.00695
20	0.01024	0.00792	0.00937	0.00917	0.01120	0.00720	0.00681	0.01363	0.04160	0.02589	0.38437	0.12172	0.28838	0.01740	0.00898	0.00252	0.00383	0.01507	0.00774	0.00696
21	0.01583	0.09093	0.58912	0.02184	0.03239	0.01869	0.08039	0.02394	0.01613	0.02357	0.01353	0.01610	0.00978	0.00708	0.00718	0.00236	0.01111	0.00577	0.00326	0.01101
22	0.06224	0.69841	0.03818	0.01281	0.01921	0.02930	0.01272	0.02269	0.01528	0.01873	0.01055	0.01218	0.00965	0.00652	0.00486	0.00166	0.00799	0.00406	0.00332	0.00965
23	0.17944	0.01371	0.01583	0.01271	0.01807	0.01321	0.01039	0.05815	0.07759	0.34087	0.04641	0.02448	0.01835	0.00904	0.00691	0.00224	0.00618	0.02522	0.00746	0.11375

[dist]
# distance from previous block
# <min> <max>
3	5

[block]
# block no. 3 follows, 26 sequences, length 204
# corresponding to MSA columns:
# 284-487
name=unknown_D
#
# <colnr> <probs for GDERKNQSTAVLIFYWHMCP>
#	G	D	E	R	K	N	Q	S	T	A	V	L	I	F	Y	W	H	M	C	P
0	0.16191	0.15554	0.15473	0.12650	0.05375	0.04019	0.01623	0.02164	0.01547	0.04629	0.03812	0.07498	0.01532	0.00908	0.00742	0.00234	0.04004	0.00693	0.00427	0.00926
1	0.02028	0.73799	0.03975	0.01298	0.01947	0.03001	0.01298	0.02271	0.01541	0.01785	0.01055	0.01217	0.00973	0.00649	0.00487	0.00162	0.00811	0.00406	0.00324	0.00973
2	0.01201	0.00834	0.01075	0.00996	0.01202	0.00784	0.00753	0.01637	0.05093	0.05610	0.62736	0.05418	0.06733	0.01503	0.00884	0.00239	0.00380	0.01325	0.00836	0.00760
3	0.01113	0.00731	0.00823	0.00830	0.00841	0.00729	0.00473	0.01137	0.01144	0.01563	0.02466	0.07556	0.02803	0.66565	0.03564	0.00688	0.00703	0.01123	0.04668	0.00479
4	0.78701	0.01467	0.01115	0.00997	0.01467	0.01702	0.00821	0.02230	0.01291	0.03403	0.01056	0.01232	0.00821	0.00704	0.00469	0.00235	0.00587	0.00411	0.00469	0.00821
5	0.00922	0.00667	0.00873	0.01037	0.01095	0.00618	0.00696	0.01058	0.01471	0.01944	0.04416	0.68445	0.09268	0.02346	0.00963	0.00305	0.00436	0.02119	0.00704	0.00618
6	0.02549	0.13390	0.02488	0.04937	0.02432	0.41575	0.03977	0.12366	0.02233	0.02364	0.03956	0.01642	0.01279	0.00806	0.00686	0.00202	0.01145	0.00566	0.00452	0.00953
7	0.78701	0.01467	0.01115	0.00997	0.01467	0.01702	0.00821	0.02230	0.01291	0.03403	0.01056	0.01232	0.00821	0.00704	0.00469	0.00235	0.00587	0.00411	0.00469	0.00821
8	0.01790	0.02046	0.04476	0.03197	0.03964	0.01918	0.65857	0.02430	0.01790	0.02430	0.01535	0.02046	0.01151	0.00639	0.00895	0.00256	0.01279	0.00895	0.00384	0.01023
9	0.00931	0.00770	0.00816	0.00804	0.01046	0.00655	0.00603	0.01155	0.01810	0.02241	0.19389	0.06984	0.56479	0.01849	0.00896	0.00253	0.00379	0.01557	0.00730	0.00655
10	0.01558	0.03670	0.60638	0.02302	0.03375	0.01783	0.11323	0.02406	0.01627	0.02406	0.01385	0.01661	0.00987	0.00710	0.00744	0.00242	0.01142	0.00606	0.00329	0.01108
11	0.01665	0.01675	0.02412	0.02041	0.02073	0.02307	0.04310	0.01850	0.01188	0.01850	0.01018	0.01675	0.01002	0.01299	0.02423	0.00329	0.69037	0.00673	0.00334	0.00838
12	0.01877	0.01802	0.03079	0.04656	0.68612	0.01802	0.02328	0.02328	0.01727	0.02478	0.01427	0.01877	0.01201	0.00676	0.00751	0.00225	0.00901	0.00676	0.00375	0.01201
13	0.00937	0.00670	0.00895	0.01071	0.01121	0.00628	0.00727	0.01079	0.01465	0.01951	0.04173	0.69982	0.04988	0.02364	0.00972	0.00310	0.00452	0.04892	0.00704	0.00620
14	0.05704	0.04324	0.01804	0.01341	0.01901	0.01296	0.01109	0.05483	0.07385	0.54143	0.02998	0.02658	0.04396	0.00963	0.00747	0.00234	0.00642	0.00774	0.00869	0.01229
15	0.01103	0.00735	0.00827	0.00827	0.00827	0.00735	0.00460	0.01103	0.01103	0.01471	0.02390	0.04964	0.02758	0.73343	0.03861	0.00735	0.00735	0.01103	0.00460	0.00460
16	0.00938	0.00688	0.00881	0.01007	0.01094	0.00631	0.00689	0.01104	0.01569	0.02080	0.12083	0.56504	0.13503	0.02221	0.00950	0.00293	0.00423	0.01993	0.00719	0.00631
17	0.01701	0.01540	0.02443	0.49162	0.12742	0.01800	0.04491	0.10136	0.04125	0.02426	0.01486	0.02008	0.01122	0.00772	0.00763	0.00246	0.00971	0.00690	0.00412	0.00964
18	0.01794	0.08111	0.16553	0.11293	0.32023	0.04400	0.07386	0.02400	0.04501	0.02347	0.01445	0.01820	0.01148	0.00708	0.00734	0.00229	0.00986	0.00649	0.00374	0.01099
19	0.01705	0.01742	0.02266	0.04871	0.02125	0.06738	0.01637	0.01891	0.01244	0.01830	0.01063	0.01707	0.01031	0.01439	0.04970	0.00355	0.61561	0.00658	0.00339	0.00828
20	0.01061	0.00771	0.00999	0.00950	0.01127	0.00709	0.00709	0.01404	0.02105	0.02961	0.63378	0.08051	0.09738	0.01595	0.00897	0.00242	0.00362	0.01409	0.00825	0.00709
21	0.01585	0.01359	0.01578	0.01140	0.01804	0.01046	0.00911	0.01993	0.04160	0.02499	0.01417	0.01622	0.01170	0.00580	0.00570	0.00118	0.00563	0.00465	0.00462	0.74955
22	0.01479	0.01406	0.02393	0.58005	0.12800	0.01666	0.04383	0.01970	0.01561	0.02027	0.01617	0.02216	0.03724	0.00790	0.00768	0.00250	0.00982	0.00719	0.00358	0.00885
23	0.22923	0.28536	0.26954	0.01529	0.02300	0.02194	0.01713	0.02307	0.01494	0.02454	0.01166	0.01361	0.00927	0.00690	0.00567	0.00210	0.00862	0.00463	0.00363	0.00985
24	0.01868	0.01583	0.01679	0.01502	0.01913	0.01817	0.01164	0.06512	0.59394	0.03177	0.05763	0.02981	0.02491	0.03591	0.00885	0.00272	0.00605	0.00880	0.00763	0.01158
25	0.05284	0.02041	0.02255	0.23008	0.08874	0.15032	0.01715	0.15837	0.04863	0.02670	0.01440	0.01799	0.01126	0.00869	0.00950	0.00243	0.09907	0.00636	0.00463	0.00988
26	0.00924	0.00660	0.00880	0.01056	0.01100	0.00616	0.00704	0.01056	0.01452	0.01936	0.04181	0.72848	0.05017	0.02376	0.00968	0.00308	0.00440	0.02156	0.00704	0.00616
27	0.01035	0.00766	0.00966	0.00933	0.01114	0.00697	0.00693	0.01351	0.02032	0.02808	0.54217	0.10729	0.16511	0.01667	0.00900	0.00246	0.00368	0.01464	0.00805	0.00697
28	0.00924	0.00660	0.00880	0.01056	0.01100	0.00616	0.00704	0.01056	0.01452	0.01936	0.04181	0.72848	0.05017	0.02376	0.00968	0.00308	0.00440	0.02156	0.00704	0.00616
29	0.00999	0.00765	0.00916	0.00894	0.01092	0.00682	0.00665	0.01282	0.01948	0.02608	0.41983	0.10875	0.29059	0.01741	0.00900	0.00250	0.00373	0.01508	0.00779	0.00682
30	0.78701	0.01467	0.01115	0.00997	0.01467	0.01702	0.00821	0.02230	0.01291	0.03403	0.01056	0.01232	0.00821	0.00704	0.00469	0.00235	0.00587	0.00411	0.00469	0.00821
31	0.01659	0.01659	0.02323	0.01991	0.01991	0.02323	0.01659	0.01825	0.01162	0.01825	0.00996	0.01659	0.00996	0.01328	0.02489	0.00332	0.71955	0.00664	0.00332	0.00830
32	0.02883	0.02125	0.02276	0.01745	0.02352	0.02352	0.01442	0.66082	0.03566	0.04780	0.01821	0.01821	0.01290	0.00911	0.00759	0.00228	0.00835	0.00683	0.00759	0.01290
33	0.00896	0.00768	0.00768	0.00768	0.01025	0.00640	0.00576	0.01089	0.01729	0.02049	0.07684	0.07300	0.68304	0.01921	0.00896	0.00256	0.00384	0.01601	0.00704	0.00640
34	0.78701	0.01467	0.01115	0.00997	0.01467	0.01702	0.00821	0.02230	0.01291	0.03403	0.01056	0.01232	0.00821	0.00704	0.00469	0.00235	0.00587	0.00411	0.00469	0.00821
35	0.01414	0.00707	0.00707	0.00707	0.00884	0.00707	0.00530	0.01767	0.01591	0.02828	0.02474	0.02828	0.01944	0.00884	0.00530	0.00177	0.00353	0.00707	0.77554	0.00707
36	0.01084	0.00813	0.01219	0.01219	0.01354	0.00948	0.00948	0.01354	0.01219	0.01761	0.02032	0.02980	0.01896	0.05689	0.70337	0.01219	0.02032	0.00813	0.00406	0.00677
37	0.00937	0.00777	0.00827	0.00854	0.01093	0.00668	0.00659	0.01146	0.01721	0.02072	0.07118	0.09758	0.58368	0.01958	0.00917	0.00269	0.00424	0.09084	0.00704	0.00646
38	0.00896	0.00768	0.00768	0.00768	0.01025	0.00640	0.00576	0.01089	0.01729	0.02049	0.07684	0.07300	0.68304	0.01921	0.00896	0.00256	0.00384	0.01601	0.00704	0.00640
39	0.00924	0.00660	0.00880	0.01056	0.01100	0.00616	0.00704	0.01056	0.01452	0.01936	0.04181	0.72848	0.05017	0.02376	0.00968	0.00308	0.00440	0.02156	0.00704	0.00616
40	0.01587	0.11412	0.59762	0.02109	0.03165	0.01902	0.05134	0.02389	0.01602	0.02336	0.01335	0.01577	0.00970	0.00710	0.00702	0.00232	0.01094	0.00557	0.00323	0.01101
41	0.01217	0.00901	0.01191	0.01325	0.01523	0.00899	0.01139	0.01644	0.05311	0.02291	0.04434	0.08084	0.12426	0.02015	0.01013	0.00332	0.00653	0.52182	0.00703	0.00718
42	0.01199	0.00861	0.01193	0.01362	0.01534	0.00855	0.01180	0.01534	0.01734	0.02249	0.04148	0.11078	0.06579	0.02101	0.01039	0.00344	0.00677	0.58940	0.00699	0.00693
43	0.01792	0.01727	0.02982	0.16973	0.54487	0.01785	0.04642	0.02259	0.01691	0.02376	0.01416	0.01910	0.01164	0.00690	0.00758	0.00231	0.00935	0.00684	0.00369	0.01128
44	0.01450	0.01366	0.02307	0.68847	0.07758	0.01690	0.02115	0.01954	0.01525	0.01960	0.01351	0.02016	0.01019	0.00755	0.00758	0.00252	0.01007	0.00674	0.00339	0.00857
45	0.02237	0.46923	0.08552	0.01547	0.02173	0.17543	0.01464	0.07865	0.01851	0.02103	0.01169	0.01331	0.01000	0.00706	0.00571	0.00181	0.00959	0.00459	0.00376	0.00991
46	0.01573	0.01348	0.01573	0.01123	0.01798	0.01011	0.00899	0.01910	0.01573	0.02472	0.01348	0.01573	0.01123	0.00562	0.00562	0.00112	0.00562	0.00449	0.00449	0.77980
47	0.10752	0.06257	0.46333	0.04888	0.06634	0.01841	0.05200	0.05236	0.01663	0.02588	0.01344	0.01603	0.00983	0.00720	0.00694	0.00236	0.01022	0.00567	0.00364	0.01076
48	0.00956	0.00711	0.01012	0.01135	0.01205	0.00664	0.03090	0.01106	0.01465	0.01954	0.04084	0.70255	0.04875	0.02313	0.00965	0.00306	0.00471	0.02110	0.00692	0.00631
49	0.01851	0.01940	0.05901	0.06981	0.50752	0.03949	0.09831	0.02332	0.01728	0.02426	0.01422	0.01864	0.01167	0.00676	0.00758	0.00225	0.00961	0.00682	0.00376	0.04176
50	0.01048	0.00774	0.00979	0.00928	0.01118	0.00705	0.00696	0.01383	0.02088	0.02900	0.59600	0.05898	0.15856	0.01603	0.00895	0.00241	0.00362	0.01404	0.00816	0.00705
51	0.00977	0.00717	0.00964	0.03821	0.01284	0.00684	0.00778	0.01166	0.01574	0.02108	0.13059	0.55405	0.07630	0.02168	0.00950	0.00296	0.00460	0.04607	0.00708	0.00643
52	0.01860	0.01784	0.03047	0.07329	0.66078	0.01798	0.02319	0.02312	0.01719	0.02456	0.01424	0.01883	0.01194	0.00679	0.00751	0.00226	0.00906	0.00676	0.00374	0.01187
53	0.03198	0.01619	0.01963	0.01505	0.02100	0.01602	0.01244	0.28261	0.02720	0.43797	0.02531	0.02282	0.01646	0.00928	0.00761	0.00232	0.00720	0.00731	0.00868	0.01290
54	0.01041	0.00765	0.00975	0.00941	0.01118	0.00699	0.00699	0.01362	0.02043	0.02838	0.56074	0.11309	0.13991	0.01660	0.00901	0.00246	0.00368	0.01462	0.00809	0.00699
55	0.01088	0.00777	0.01069	0.01244	0.01360	0.00758	0.00990	0.01340	0.01614	0.02120	0.04090	0.37406	0.04658	0.02221	0.01012	0.00331	0.00583	0.35976	0.00701	0.00661
56	0.00924	0.00660	0.00880	0.01056	0.01100	0.00616	0.00704	0.01056	0.01452	0.01936	0.04181	0.72848	0.05017	0.02376	0.00968	0.00308	0.00440	0.02156	0.00704	0.00616
57	0.01103	0.00735	0.00827	0.00827	0.00827	0.00735	0.00460	0.01103	0.01103	0.01471	0.02390	0.04964	0.02758	0.73343	0.03861	0.00735	0.00735	0.01103	0.00460	0.00460
58	0.01573	0.01348	0.01573	0.01123	0.01798	0.01011	0.00899	0.01910	0.01573	0.02472	0.01348	0.01573	0.01123	0.00562	0.00562	0.00112	0.00562	0.00449	0.00449	0.77980
59	0.01854	0.01596	0.01687	0.01520	0.01939	0.01840	0.01181	0.03928	0.64667	0.03168	0.05663	0.02942	0.02507	0.01050	0.00777	0.00257	0.00591	0.00878	0.00774	0.01181
60	0.00896	0.00768	0.00768	0.00768	0.01025	0.00640	0.00576	0.01089	0.01729	0.02049	0.07684	0.07300	0.68304	0.01921	0.00896	0.00256	0.00384	0.01601	0.00704	0.00640
61	0.01521	0.03923	0.69413	0.02162	0.03283	0.01762	0.02802	0.02402	0.01601	0.02402	0.01361	0.01601	0.00961	0.00721	0.00721	0.00240	0.01121	0.00560	0.00320	0.01121
62	0.01432	0.01348	0.02275	0.71520	0.05224	0.01685	0.02107	0.01938	0.01517	0.01938	0.01348	0.02022	0.01011	0.00758	0.00758	0.00253	0.01011	0.00674	0.00337	0.00843
63	0.01222	0.00873	0.01222	0.01397	0.01572	0.00873	0.01222	0.01572	0.01746	0.02270	0.04016	0.08556	0.04365	0.02095	0.01048	0.00349	0.00698	0.63506	0.00698	0.00698
64	0.03403	0.01291	0.01760	0.01350	0.01936	0.01115	0.01115	0.03697	0.02171	0.69137	0.02992	0.02582	0.01878	0.00939	0.00763	0.00235	0.00645	0.00763	0.00939	0.01291
65	0.01853	0.01712	0.05957	0.02283	0.02862	0.01563	0.34874	0.04345	0.01868	0.10519	0.10506	0.02633	0.02100	0.01033	0.03362	0.00281	0.04008	0.00894	0.06365	0.00983
66	0.02315	0.01842	0.01957	0.01630	0.02136	0.02087	0.01304	0.30726	0.39848	0.03864	0.02543	0.02396	0.01874	0.00978	0.00766	0.00245	0.00701	0.00782	0.00766	0.01239
67	0.01573	0.01348	0.01573	0.01123	0.01798	0.01011	0.00899	0.01910	0.01573	0.02472	0.01348	0.01573	0.01123	0.00562	0.00562	0.00112	0.00562	0.00449	0.00449	0.77980
68	0.01790	0.02046	0.04476	0.03197	0.03964	0.01918	0.65857	0.02430	0.01790	0.02430	0.01535	0.02046	0.01151	0.00639	0.00895	0.00256	0.01279	0.00895	0.00384	0.01023
69	0.78701	0.01467	0.01115	0.00997	0.01467	0.01702	0.00821	0.02230	0.01291	0.03403	0.01056	0.01232	0.00821	0.00704	0.00469	0.00235	0.00587	0.00411	0.00469	0.00821
70	0.01749	0.01684	0.02908	0.23396	0.48234	0.01774	0.04778	0.02222	0.01670	0.02324	0.01409	0.01925	0.01146	0.00698	0.00759	0.00234	0.00947	0.00684	0.00365	0.01094
71	0.01090	0.00811	0.01068	0.04069	0.01341	0.00787	0.00795	0.01481	0.04898	0.02735	0.47004	0.21493	0.06158	0.01691	0.00901	0.00257	0.00417	0.01506	0.00779	0.00719
72	0.01191	0.00851	0.01185	0.01351	0.01515	0.00845	0.01159	0.01522	0.01735	0.02269	0.06344	0.14009	0.04522	0.02100	0.01035	0.00342	0.00664	0.55963	0.00704	0.00692
73	0.01887	0.01629	0.01715	0.01544	0.01972	0.01887	0.01201	0.04031	0.67241	0.03173	0.03087	0.02830	0.02315	0.01029	0.00772	0.00257	0.00600	0.00858	0.00772	0.01201
74	0.01573	0.01348	0.01573	0.01123	0.01798	0.01011	0.00899	0.01910	0.01573	0.02472	0.01348	0.01573	0.01123	0.00562	0.00562	0.00112	0.00562	0.00449	0.00449	0.77980
75	0.01047	0.00755	0.00990	0.00972	0.01127	0.00698	0.00714	0.01365	0.02025	0.02847	0.56939	0.17493	0.06780	0.01696	0.00908	0.00251	0.00372	0.01510	0.00812	0.00698
76	0.00923	0.00664	0.00876	0.01046	0.01097	0.00617	0.00699	0.01057	0.01462	0.01940	0.04307	0.70485	0.07298	0.02360	0.00966	0.00306	0.00438	0.02136	0.00704	0.00617
77	0.01414	0.00707	0.00707	0.00707	0.00884	0.00707	0.00530	0.01767	0.01591	0.02828	0.02474	0.02828	0.01944	0.00884	0.00530	0.00177	0.00353	0.00707	0.77554	0.00707
78	0.04130	0.01789	0.03042	0.20987	0.03589	0.05620	0.26373	0.02146	0.01558	0.02137	0.01353	0.01932	0.01092	0.01049	0.04170	0.00309	0.16713	0.00744	0.00364	0.00903
79	0.01038	0.00737	0.00990	0.01152	0.01236	0.00711	0.00858	0.01232	0.01523	0.02011	0.03984	0.46045	0.04621	0.07894	0.01223	0.00356	0.00550	0.22527	0.00683	0.00631
80	0.01432	0.01348	0.02275	0.71520	0.05224	0.01685	0.02107	0.01938	0.01517	0.01938	0.01348	0.02022	0.01011	0.00758	0.00758	0.00253	0.01011	0.00674	0.00337	0.00843
81	0.01084	0.00809	0.01202	0.01202	0.01331	0.00939	0.00926	0.01343	0.01214	0.01748	0.02048	0.03068	0.01935	0.08705	0.67373	0.01197	0.01974	0.00826	0.00409	0.00668
82	0.01668	0.00952	0.01227	0.01168	0.01431	0.00900	0.00897	0.02097	0.07739	0.18423	0.18978	0.24410	0.07322	0.01668	0.00889	0.00271	0.00508	0.07791	0.00796	0.00863
83	0.05789	0.01211	0.01561	0.01272	0.01739	0.01117	0.01024	0.03144	0.07019	0.46665	0.09950	0.03302	0.02606	0.06234	0.01000	0.00278	0.00617	0.03501	0.00852	0.01119
84	0.01084	0.00813	0.01219	0.01219	0.01354	0.00948	0.00948	0.01354	0.01219	0.01761	0.02032	0.02980	0.01896	0.05689	0.70337	0.01219	0.02032	0.00813	0.00406	0.00677
85	0.00942	0.00672	0.00889	0.01040	0.01093	0.00628	0.00696	0.01088	0.01495	0.02007	0.09199	0.65068	0.05105	0.04869	0.01067	0.00318	0.00444	0.02056	0.00706	0.00618
86	0.01632	0.01383	0.01605	0.01152	0.01823	0.01072	0.00923	0.04813	0.01663	0.02576	0.01370	0.01584	0.01131	0.00578	0.00571	0.00118	0.00574	0.00460	0.00463	0.74510
87	0.00990	0.00749	0.00914	0.00922	0.01094	0.00672	0.00673	0.01251	0.01876	0.02515	0.36831	0.20539	0.24538	0.01836	0.00911	0.00259	0.00383	0.01607	0.00769	0.00672
88	0.01103	0.00735	0.00827	0.00827	0.00827	0.00735	0.00460	0.01103	0.01103	0.01471	0.02390	0.04964	0.02758	0.73343	0.03861	0.00735	0.00735	0.01103	0.00460	0.00460
89	0.00924	0.00660	0.00880	0.01056	0.01100	0.00616	0.00704	0.01056	0.01452	0.01936	0.04181	0.72848	0.05017	0.02376	0.00968	0.00308	0.00440	0.02156	0.00704	0.00616
90	0.00931	0.00665	0.00886	0.01052	0.01102	0.00620	0.00705	0.01072	0.01482	0.01984	0.06961	0.69931	0.05110	0.02340	0.00965	0.00305	0.00436	0.02122	0.00710	0.00620
91	0.02883	0.02125	0.02276	0.01745	0.02352	0.02352	0.01442	0.66082	0.03566	0.04780	0.01821	0.01821	0.01290	0.00911	0.00759	0.00228	0.00835	0.00683	0.00759	0.01290
92	0.00932	0.00663	0.00878	0.01046	0.01089	0.00621	0.00694	0.01058	0.01437	0.01917	0.04105	0.69976	0.04921	0.05379	0.01091	0.00326	0.00453	0.02112	0.00694	0.00609
93	0.00931	0.00665	0.00886	0.01052	0.01102	0.00620	0.00705	0.01072	0.01482	0.01984	0.06935	0.69958	0.05109	0.02341	0.00965	0.00305	0.00437	0.02123	0.00710	0.00620
94	0.01573	0.01348	0.01573	0.01123	0.01798	0.01011	0.00899	0.01910	0.01573	0.02472	0.01348	0.01573	0.01123	0.00562	0.00562	0.00112	0.00562	0.00449	0.00449	0.77980
95	0.04792	0.31287	0.29567	0.04856	0.02656	0.02233	0.04606	0.02248	0.01546	0.02135	0.01330	0.04285	0.01132	0.00779	0.00705	0.00216	0.03697	0.00579	0.00347	0.01002
96	0.08274	0.01494	0.01959	0.27666	0.05754	0.01670	0.01527	0.17122	0.05037	0.07675	0.04374	0.05112	0.04489	0.00946	0.00747	0.00240	0.00797	0.00784	0.00563	0.03766
97	0.00950	0.00678	0.00884	0.01022	0.01079	0.00634	0.00682	0.01091	0.01489	0.01993	0.09370	0.60180	0.06730	0.07935	0.01190	0.00335	0.00455	0.01993	0.00695	0.00612
98	0.01975	0.01763	0.03057	0.07027	0.55155	0.01752	0.07588	0.02431	0.01760	0.07828	0.01559	0.01954	0.01244	0.00697	0.00764	0.00230	0.00917	0.00701	0.00420	0.01179
99	0.02567	0.01356	0.01798	0.04593	0.02063	0.01333	0.03473	0.09919	0.10374	0.35848	0.12529	0.02966	0.02599	0.01210	0.03569	0.00278	0.00712	0.00860	0.00814	0.01138
100	0.15710	0.01436	0.01539	0.01294	0.01703	0.01528	0.01021	0.25454	0.02284	0.12844	0.02330	0.13637	0.02056	0.06516	0.00955	0.00277	0.00654	0.00918	0.06853	0.00990
101	0.01059	0.00728	0.00953	0.01087	0.01195	0.00677	0.00785	0.01237	0.01555	0.04491	0.04500	0.53084	0.11828	0.02229	0.00965	0.00306	0.00481	0.11471	0.00712	0.00656
102	0.01166	0.04772	0.01128	0.00930	0.01176	0.00833	0.00720	0.01462	0.01982	0.05387	0.42649	0.05815	0.26011	0.01594	0.00868	0.00240	0.00403	0.01367	0.00770	0.00730
103	0.01678	0.01646	0.02888	0.30266	0.31090	0.01809	0.10173	0.02153	0.01613	0.02215	0.01379	0.01939	0.01106	0.00750	0.00896	0.00247	0.06077	0.00702	0.00358	0.01013
104	0.01052	0.00743	0.00958	0.01082	0.01153	0.00717	0.00733	0.04597	0.01536	0.02050	0.03875	0.63685	0.04587	0.05107	0.01145	0.03198	0.00481	0.01979	0.00684	0.00636
105	0.01680	0.00902	0.01203	0.01088	0.01359	0.00815	0.00839	0.01992	0.02053	0.20451	0.40600	0.13261	0.05386	0.01510	0.00874	0.00250	0.00457	0.03583	0.00841	0.00856
106	0.00999	0.00701	0.00899	0.01018	0.01068	0.00670	0.00681	0.01126	0.01424	0.01904	0.07206	0.47431	0.04518	0.20130	0.01696	0.00415	0.00529	0.06347	0.00649	0.00588
107	0.18659	0.01609	0.02001	0.31744	0.03384	0.01867	0.01580	0.21722	0.02125	0.06165	0.01504	0.01815	0.01095	0.00801	0.00696	0.00240	0.00849	0.00624	0.00522	0.00995
108	0.52308	0.01794	0.01430	0.05884	0.01899	0.11507	0.01044	0.08258	0.01654	0.03188	0.01225	0.01428	0.00949	0.00746	0.00549	0.00227	0.00739	0.00478	0.03824	0.00870
109	0.01010	0.00786	0.00905	0.00939	0.01127	0.00711	0.00687	0.03437	0.01763	0.02251	0.14443	0.27648	0.35634	0.01985	0.00919	0.00272	0.00424	0.03668	0.00724	0.00668
110	0.05272	0.01480	0.01993	0.16601	0.04704	0.01617	0.04105	0.16406	0.01899	0.02701	0.01534	0.02050	0.01266	0.03742	0.08797	0.04581	0.06233	0.00663	0.00472	0.13882
111	0.02818	0.01890	0.02092	0.01627	0.02195	0.02047	0.01338	0.50053	0.05572	0.14354	0.02074	0.02046	0.01459	0.01083	0.03149	0.00262	0.00823	0.00707	0.03165	0.01248
112	0.00936	0.00667	0.00883	0.01044	0.01091	0.00624	0.00695	0.01071	0.01464	0.01958	0.06377	0.67957	0.05009	0.04978	0.01073	0.00321	0.00448	0.02090	0.00700	0.00614
113	0.02028	0.73799	0.03975	0.01298	0.01947	0.03001	0.01298	0.02271	0.01541	0.01785	0.01055	0.01217	0.00973	0.00649	0.00487	0.00162	0.00811	0.00406	0.00324	0.00973
114	0.04828	0.01663	0.05003	0.10434	0.02547	0.04156	0.09489	0.05040	0.08580	0.02377	0.01896	0.12184	0.01761	0.01109	0.01137	0.00257	0.16004	0.00885	0.00481	0.10167
115	0.02343	0.01669	0.01843	0.01599	0.04580	0.01829	0.01230	0.29975	0.21863	0.08596	0.02374	0.02344	0.01741	0.00934	0.00725	0.00228	0.00674	0.00744	0.13547	0.01163
116	0.01297	0.00926	0.01080	0.01016	0.01269	0.00902	0.00780	0.01888	0.12010	0.05730	0.33050	0.05341	0.19792	0.01493	0.00845	0.00244	0.00427	0.03719	0.07395	0.00797
117	0.01142	0.00824	0.00988	0.00959	0.01181	0.00752	0.00725	0.01491	0.04497	0.05526	0.33771	0.11831	0.27426	0.01723	0.00897	0.00256	0.00411	0.04099	0.00775	0.00725
118	0.01826	0.01731	0.02842	0.07796	0.02981	0.04229	0.27221	0.05707	0.01809	0.05464	0.01627	0.04658	0.01316	0.00725	0.00753	0.00204	0.00933	0.00743	0.00460	0.26974
119	0.02226	0.01322	0.01628	0.01223	0.01830	0.01079	0.00985	0.05045	0.01854	0.25697	0.02093	0.05815	0.01604	0.00805	0.00662	0.00170	0.00595	0.00661	0.00646	0.44062
120	0.02227	0.01567	0.01717	0.01472	0.01930	0.01730	0.01165	0.12204	0.42844	0.13942	0.02851	0.02653	0.02076	0.00987	0.00749	0.00243	0.00619	0.00806	0.07031	0.01187
121	0.01042	0.00751	0.00986	0.00976	0.01126	0.00695	0.00713	0.01353	0.02002	0.02810	0.54820	0.19717	0.06709	0.01723	0.00910	0.00253	0.00375	0.01536	0.00808	0.00695
122	0.23390	0.02050	0.10488	0.04474	0.02453	0.01931	0.09405	0.26547	0.02258	0.03520	0.01529	0.01838	0.01171	0.04735	0.00860	0.00263	0.00858	0.00641	0.00545	0.01043
123	0.01043	0.00749	0.00971	0.01108	0.01188	0.00721	0.00766	0.04619	0.01580	0.02105	0.04045	0.66286	0.04786	0.02285	0.00960	0.00305	0.00472	0.04646	0.00707	0.00656
124	0.00948	0.00704	0.00852	0.00948	0.01048	0.00643	0.00641	0.01091	0.01515	0.01965	0.08329	0.43773	0.20941	0.11355	0.01318	0.00346	0.00459	0.01837	0.00680	0.00608
125	0.02834	0.02558	0.02219	0.01801	0.02337	0.22847	0.01441	0.44926	0.05317	0.03843	0.01669	0.01719	0.01231	0.00876	0.00737	0.00219	0.00988	0.00630	0.00648	0.01163
126	0.45016	0.01239	0.01140	0.01022	0.01388	0.01362	0.00815	0.05404	0.01741	0.03341	0.26666	0.02952	0.03259	0.01038	0.00647	0.00236	0.00513	0.00791	0.00624	0.00807
127	0.01995	0.69853	0.03882	0.05123	0.02125	0.02930	0.01342	0.02253	0.01540	0.01793	0.01071	0.01261	0.00975	0.00655	0.00501	0.00167	0.00822	0.00420	0.00325	0.00966
128	0.01698	0.01033	0.01072	0.00963	0.01227	0.01094	0.00741	0.13511	0.06818	0.03132	0.02398	0.02763	0.01898	0.04846	0.00771	0.00222	0.00480	0.00735	0.53764	0.00836
129	0.02895	0.01231	0.01627	0.01283	0.01792	0.01098	0.01046	0.06621	0.02226	0.52176	0.13773	0.03231	0.05336	0.01076	0.00789	0.00236	0.00598	0.00891	0.00903	0.01171
130	0.10295	0.01266	0.01639	0.01285	0.01827	0.01138	0.01055	0.03376	0.02086	0.57625	0.08071	0.02704	0.02204	0.00966	0.00746	0.00235	0.00617	0.00779	0.00886	0.01200
131	0.02833	0.03615	0.02149	0.01954	0.02345	0.70298	0.01466	0.03029	0.02149	0.01856	0.01172	0.01368	0.00977	0.00782	0.00684	0.00195	0.01368	0.00489	0.00391	0.00879
132	0.11301	0.01446	0.01776	0.01377	0.01955	0.01380	0.01137	0.13771	0.02306	0.51615	0.02595	0.02314	0.01669	0.00909	0.00731	0.00234	0.00670	0.00712	0.00860	0.01241
133	0.01202	0.00864	0.01194	0.01351	0.01529	0.00856	0.01173	0.01545	0.01764	0.02296	0.07072	0.08373	0.07132	0.02063	0.01035	0.00340	0.00670	0.58139	0.00705	0.00697
134	0.01084	0.00813	0.01219	0.01219	0.01354	0.00948	0.00948	0.01354	0.01219	0.01761	0.02032	0.02980	0.01896	0.05689	0.70337	0.01219	0.02032	0.00813	0.00406	0.00677
135	0.01162	0.00830	0.01154	0.01329	0.01477	0.00822	0.01118	0.01468	0.01687	0.02203	0.04049	0.21453	0.04496	0.02152	0.01032	0.00341	0.00647	0.51199	0.00700	0.00682
136	0.69089	0.01444	0.01197	0.01042	0.01527	0.01627	0.00859	0.02417	0.01403	0.11794	0.01303	0.01404	0.00956	0.00734	0.00507	0.00235	0.00594	0.00456	0.00529	0.00881
137	0.43094	0.01776	0.01660	0.01349	0.01883	0.02007	0.01113	0.32218	0.02359	0.04050	0.01415	0.01509	0.01041	0.00801	0.00605	0.00231	0.00703	0.00539	0.00605	0.01041
138	0.01790	0.02046	0.04476	0.03197	0.03964	0.01918	0.65857	0.02430	0.01790	0.02430	0.01535	0.02046	0.01151	0.00639	0.00895	0.00256	0.01279	0.00895	0.00384	0.01023
139	0.01521	0.03923	0.69413	0.02162	0.03283	0.01762	0.02802	0.02402	0.01601	0.02402	0.01361	0.01601	0.00961	0.00721	0.00721	0.00240	0.01121	0.00560	0.00320	0.01121
140	0.01222	0.00873	0.01222	0.01397	0.01572	0.00873	0.01222	0.01572	0.01746	0.02270	0.04016	0.08556	0.04365	0.02095	0.01048	0.00349	0.00698	0.63506	0.00698	0.00698
141	0.01524	0.01491	0.05133	0.40050	0.18320	0.01582	0.01940	0.04474	0.01694	0.02279	0.07064	0.07545	0.01863	0.00930	0.00782	0.00248	0.00889	0.00838	0.00430	0.00924
142	0.01649	0.01665	0.07397	0.02837	0.26536	0.03754	0.09831	0.02069	0.01716	0.04980	0.02444	0.14929	0.02438	0.01244	0.00858	0.00267	0.00856	0.13047	0.00512	0.00972
143	0.01074	0.00775	0.01014	0.00954	0.01133	0.00716	0.00716	0.01431	0.02147	0.03042	0.68211	0.05666	0.07157	0.01551	0.00895	0.00239	0.00358	0.01372	0.00835	0.00716
144	0.00977	0.00731	0.01046	0.01134	0.01224	0.00682	0.03435	0.01156	0.01545	0.02082	0.11297	0.62299	0.05096	0.02210	0.00957	0.00298	0.00466	0.02015	0.00705	0.00644
145	0.04974	0.14129	0.51270	0.02120	0.05427	0.01953	0.05326	0.02374	0.01592	0.02357	0.01312	0.01558	0.00974	0.00704	0.00684	0.00228	0.01050	0.00550	0.00332	0.01084
146	0.01432	0.01348	0.02275	0.71520	0.05224	0.01685	0.02107	0.01938	0.01517	0.01938	0.01348	0.02022	0.01011	0.00758	0.00758	0.00253	0.01011	0.00674	0.00337	0.00843
147	0.02028	0.73799	0.03975	0.01298	0.01947	0.03001	0.01298	0.02271	0.01541	0.01785	0.01055	0.01217	0.00973	0.00649	0.00487	0.00162	0.00811	0.00406	0.00324	0.00973
148	0.02749	0.11072	0.02350	0.01876	0.02303	0.60410	0.01447	0.05436	0.02140	0.01964	0.01185	0.01370	0.00989	0.00773	0.00666	0.00193	0.01287	0.00487	0.00398	0.00906
149	0.05051	0.01238	0.01566	0.04211	0.04524	0.01262	0.03902	0.10811	0.08773	0.10120	0.13778	0.10887	0.12478	0.03837	0.00917	0.00264	0.00604	0.01117	0.03737	0.00920
150	0.01887	0.01629	0.01715	0.01544	0.01972	0.01887	0.01201	0.04031	0.67241	0.03173	0.03087	0.02830	0.02315	0.01029	0.00772	0.00257	0.00600	0.00858	0.00772	0.01201
151	0.00896	0.00768	0.00768	0.00768	0.01025	0.00640	0.00576	0.01089	0.01729	0.02049	0.07684	0.07300	0.68304	0.01921	0.00896	0.00256	0.00384	0.01601	0.00704	0.00640
152	0.07665	0.01866	0.05261	0.22542	0.25831	0.06892	0.06674	0.05074	0.01728	0.02415	0.01445	0.02030	0.01184	0.00787	0.00809	0.00242	0.03545	0.02608	0.00397	0.01006
153	0.01844	0.02053	0.06095	0.09148	0.28244	0.06339	0.26424	0.02356	0.01726	0.02336	0.01419	0.01897	0.01131	0.00713	0.00896	0.00244	0.04963	0.00742	0.00372	0.01060
154	0.02432	0.02946	0.02209	0.01967	0.02224	0.47051	0.01532	0.02617	0.01812	0.01846	0.01112	0.01468	0.00983	0.00968	0.01301	0.00242	0.25509	0.00548	0.00371	0.00862
155	0.00924	0.00660	0.00880	0.01056	0.01100	0.00616	0.00704	0.01056	0.01452	0.01936	0.04181	0.72848	0.05017	0.02376	0.00968	0.00308	0.00440	0.02156	0.00704	0.00616
156	0.07758	0.38757	0.12814	0.01570	0.02184	0.10200	0.01543	0.06900	0.01711	0.02221	0.01162	0.01374	0.00985	0.00758	0.00741	0.00203	0.07283	0.00481	0.00374	0.00983
157	0.01841	0.01766	0.03014	0.10049	0.63499	0.01793	0.02310	0.02296	0.01710	0.02434	0.01420	0.01889	0.01186	0.00682	0.00752	0.00227	0.00910	0.00676	0.00372	0.01173
158	0.00922	0.00668	0.00872	0.01034	0.01094	0.00618	0.00694	0.01059	0.01473	0.01945	0.04448	0.67853	0.09840	0.02342	0.00963	0.00304	0.00436	0.02114	0.00704	0.00618
159	0.00946	0.00770	0.00838	0.00821	0.01055	0.00662	0.00616	0.01185	0.01847	0.02329	0.24738	0.06839	0.51075	0.01817	0.00896	0.00251	0.00377	0.01536	0.00741	0.00662
