[name]
unknown

[dist]
# distance from previous block
# <min> <max>
0	25

[block]
# block no. 0 follows, 25 sequences, length 30
# corresponding to MSA columns:
# 30-59
name=unknown_A
#
# <colnr> <probs for GDERKNQSTAVLIFYWHMCP>
#	G	D	E	R	K	N	Q	S	T	A	V	L	I	F	Y	W	H	M	C	P
0	0.12303	0.02441	0.18861	0.02144	0.10993	0.12569	0.04448	0.02510	0.04856	0.05994	0.07506	0.02716	0.01985	0.00962	0.00758	0.00246	0.00933	0.06262	0.00505	0.01009
1	0.11742	0.27886	0.02636	0.01437	0.01972	0.09753	0.01254	0.02753	0.01759	0.20469	0.01644	0.01702	0.01239	0.00827	0.00783	0.00213	0.07159	0.00551	0.00536	0.03685
2	0.01537	0.00927	0.01201	0.01110	0.01372	0.00865	0.00864	0.01962	0.05274	0.13958	0.41792	0.08743	0.08675	0.01563	0.00903	0.00259	0.00464	0.06842	0.00843	0.00845
3	0.07922	0.00759	0.00927	0.01057	0.01147	0.00741	0.00719	0.01212	0.01494	0.02157	0.07550	0.58854	0.04760	0.05538	0.01079	0.00325	0.00473	0.01947	0.00694	0.00647
4	0.09247	0.01806	0.03537	0.06893	0.03448	0.01739	0.43760	0.02432	0.01783	0.08452	0.02053	0.04752	0.04671	0.00822	0.00855	0.00259	0.01088	0.00922	0.00477	0.01005
5	0.01831	0.01976	0.03978	0.02863	0.03589	0.01869	0.50875	0.04551	0.01830	0.02542	0.01525	0.01997	0.01170	0.00688	0.00945	0.00244	0.04704	0.00833	0.00412	0.11579
6	0.01297	0.00835	0.01090	0.01028	0.01242	0.00763	0.00781	0.01629	0.02103	0.08820	0.51057	0.10744	0.09871	0.01636	0.00915	0.00254	0.00414	0.03911	0.00840	0.00772
7	0.06397	0.06839	0.11541	0.01892	0.02467	0.37078	0.01641	0.18045	0.02396	0.02776	0.01374	0.01529	0.01066	0.00811	0.00702	0.00214	0.01162	0.00550	0.00481	0.01037
8	0.01823	0.02049	0.04338	0.03228	0.06483	0.01990	0.57383	0.02429	0.01775	0.02435	0.01519	0.02052	0.01166	0.00712	0.01042	0.00267	0.06998	0.00887	0.00388	0.01037
9	0.01048	0.00718	0.00869	0.00947	0.00967	0.00699	0.00578	0.01107	0.01282	0.01710	0.03237	0.34224	0.03821	0.42234	0.02663	0.00562	0.00621	0.01595	0.00578	0.00539
10	0.01347	0.00673	0.01010	0.01010	0.01010	0.00673	0.00673	0.01010	0.01010	0.01347	0.01347	0.02357	0.01347	0.02694	0.03030	0.77441	0.00673	0.00673	0.00337	0.00337
11	0.03021	0.02053	0.02253	0.01728	0.02345	0.02228	0.01427	0.56755	0.03447	0.13741	0.02028	0.01970	0.01402	0.00935	0.00776	0.00234	0.00826	0.00709	0.00801	0.01319
12	0.01200	0.00872	0.01184	0.01343	0.01525	0.00855	0.01155	0.01530	0.01770	0.02281	0.04521	0.11300	0.11369	0.02135	0.01051	0.00345	0.00668	0.53477	0.00715	0.00704
13	0.00945	0.00675	0.00900	0.01080	0.01125	0.00630	0.00720	0.01080	0.01484	0.01979	0.04274	0.72245	0.05128	0.02429	0.00990	0.00315	0.00450	0.02204	0.00720	0.00630
14	0.02043	0.69222	0.07796	0.01378	0.02069	0.02995	0.01415	0.02329	0.01579	0.01861	0.01096	0.01266	0.00994	0.00668	0.00511	0.00170	0.00847	0.00424	0.00331	0.01004
15	0.02029	0.58694	0.14405	0.01502	0.02230	0.06081	0.01583	0.02381	0.01615	0.01930	0.01134	0.01315	0.00993	0.00682	0.00546	0.00180	0.00908	0.00444	0.00334	0.01015
16	0.01054	0.00753	0.01025	0.01204	0.01297	0.00724	0.00910	0.01268	0.01592	0.02102	0.04213	0.49483	0.04889	0.02326	0.01019	0.00330	0.00545	0.23888	0.00718	0.00660
17	0.02637	0.01703	0.01877	0.01490	0.01996	0.01819	0.01212	0.41434	0.02954	0.13277	0.02275	0.05633	0.01718	0.01003	0.00742	0.00228	0.00713	0.00788	0.15329	0.01171
18	0.01642	0.08884	0.23803	0.06234	0.03377	0.01841	0.29053	0.02267	0.01691	0.02328	0.01778	0.10151	0.01559	0.00896	0.00823	0.00254	0.01098	0.00904	0.00403	0.01013
19	0.02863	0.07166	0.02331	0.01910	0.02376	0.50061	0.01483	0.17778	0.02506	0.02601	0.01349	0.01499	0.01074	0.00823	0.00706	0.00206	0.01238	0.00542	0.00485	0.01003
20	0.02234	0.56394	0.05641	0.01478	0.02118	0.11842	0.01407	0.07279	0.01819	0.02089	0.01164	0.01324	0.01020	0.00704	0.00553	0.00178	0.00916	0.00453	0.00375	0.01012
21	0.01608	0.01378	0.01608	0.01148	0.01837	0.01034	0.00919	0.01952	0.01608	0.02527	0.01378	0.01608	0.01148	0.00574	0.00574	0.00115	0.00574	0.00459	0.00459	0.77491
22	0.06259	0.06118	0.29658	0.01960	0.05809	0.01638	0.04961	0.02965	0.03916	0.26148	0.02025	0.02032	0.01377	0.00816	0.00739	0.00240	0.00908	0.00663	0.00583	0.01187
23	0.22749	0.01792	0.08779	0.01440	0.02070	0.01576	0.01299	0.13469	0.02159	0.33924	0.02166	0.02043	0.01438	0.00869	0.00696	0.00239	0.00728	0.00650	0.00737	0.01175
24	0.01108	0.00831	0.01246	0.01246	0.01385	0.00969	0.00969	0.01385	0.01246	0.01800	0.02077	0.03046	0.01938	0.05815	0.69678	0.01246	0.02077	0.00831	0.00415	0.00692
25	0.01606	0.01506	0.02518	0.55792	0.11410	0.01796	0.05137	0.05104	0.01677	0.02199	0.01409	0.02034	0.01074	0.00784	0.00828	0.00257	0.02871	0.00700	0.00371	0.00929
26	0.02047	0.01708	0.04316	0.12065	0.24226	0.01752	0.01806	0.10369	0.14546	0.08795	0.02230	0.02855	0.01809	0.00971	0.00804	0.00255	0.00831	0.06883	0.00588	0.01144
27	0.01087	0.00735	0.00858	0.00898	0.00908	0.00725	0.00525	0.01117	0.01207	0.01609	0.02850	0.19991	0.03332	0.57134	0.03290	0.00655	0.00685	0.01367	0.00525	0.00505
28	0.00985	0.00828	0.00863	0.00874	0.01129	0.00727	0.00664	0.01281	0.04803	0.02156	0.07240	0.10518	0.57801	0.01954	0.00923	0.00270	0.00424	0.05153	0.00723	0.00684
29	0.01650	0.06725	0.40156	0.08646	0.06575	0.01931	0.13636	0.02365	0.01634	0.02347	0.01382	0.01754	0.01036	0.00764	0.00891	0.00251	0.06187	0.00649	0.00344	0.01077

[dist]
# distance from previous block
# <min> <max>
0	1

[block]
# block no. 1 follows, 25 sequences, length 21
# corresponding to MSA columns:
# 61-81
name=unknown_B
#
# <colnr> <probs for GDERKNQSTAVLIFYWHMCP>
#	G	D	E	R	K	N	Q	S	T	A	V	L	I	F	Y	W	H	M	C	P
0	0.01888	0.08574	0.04153	0.02884	0.03546	0.05383	0.48725	0.02425	0.01749	0.02322	0.01441	0.01934	0.01133	0.00745	0.01060	0.00259	0.09565	0.00822	0.00381	0.01011
1	0.01098	0.00786	0.01071	0.01222	0.01343	0.00759	0.00956	0.01359	0.01703	0.02266	0.11739	0.36111	0.05093	0.02201	0.01017	0.00325	0.00557	0.28982	0.00733	0.00679
2	0.01761	0.02036	0.10543	0.18526	0.33346	0.01837	0.15953	0.02324	0.01718	0.02394	0.01457	0.01957	0.01147	0.00706	0.00798	0.00245	0.01054	0.00726	0.00371	0.01100
3	0.01838	0.06529	0.42538	0.05840	0.07066	0.01852	0.04245	0.05198	0.07652	0.07454	0.01687	0.01868	0.01215	0.00783	0.00744	0.00243	0.01020	0.00637	0.00440	0.01153
4	0.67362	0.01536	0.01274	0.01102	0.01600	0.01746	0.00908	0.07047	0.01555	0.08189	0.01278	0.01402	0.00952	0.00752	0.00523	0.00239	0.00623	0.00466	0.00536	0.00909
5	0.09876	0.03494	0.01740	0.01345	0.01876	0.03181	0.01107	0.03343	0.04861	0.48609	0.07383	0.02918	0.02272	0.01020	0.00764	0.00243	0.00660	0.03267	0.00857	0.01185
6	0.04038	0.33022	0.20534	0.01919	0.08347	0.07282	0.01806	0.02592	0.01725	0.10047	0.01440	0.01587	0.01119	0.00732	0.00633	0.00206	0.00937	0.00531	0.00419	0.01084
7	0.01456	0.00903	0.01145	0.01088	0.01215	0.00954	0.00778	0.01615	0.01406	0.09614	0.02776	0.12591	0.05026	0.27880	0.12299	0.00586	0.07242	0.01111	0.09622	0.00693
8	0.01848	0.01680	0.01703	0.13263	0.02308	0.14176	0.01276	0.11008	0.01893	0.02445	0.02033	0.07889	0.01893	0.08894	0.06563	0.00375	0.05836	0.03301	0.10779	0.00837
9	0.02934	0.01689	0.01975	0.01543	0.02106	0.01736	0.01264	0.32426	0.06209	0.29369	0.08349	0.02574	0.02151	0.01008	0.00791	0.00238	0.00721	0.00803	0.00855	0.01261
10	0.01706	0.01448	0.01922	0.04980	0.02219	0.01204	0.06828	0.05063	0.01734	0.04365	0.01593	0.04862	0.01351	0.00702	0.00649	0.00154	0.00675	0.00610	0.00488	0.57446
11	0.01608	0.01378	0.01608	0.01148	0.01837	0.01034	0.00919	0.01952	0.01608	0.02527	0.01378	0.01608	0.01148	0.00574	0.00574	0.00115	0.00574	0.00459	0.00459	0.77491
12	0.01977	0.02721	0.30577	0.05302	0.06218	0.01745	0.23528	0.02661	0.01800	0.13315	0.01728	0.01985	0.01215	0.00745	0.00807	0.00250	0.01106	0.00732	0.00456	0.01133
13	0.01315	0.00969	0.01208	0.01120	0.01432	0.00805	0.00814	0.01536	0.01566	0.05384	0.03132	0.42471	0.03485	0.01665	0.00824	0.00236	0.00506	0.01483	0.00634	0.29415
14	0.01839	0.16361	0.05695	0.01982	0.05521	0.09238	0.03965	0.02110	0.01492	0.01994	0.04041	0.01869	0.01362	0.01396	0.06395	0.00337	0.32465	0.00653	0.00375	0.00908
15	0.02582	0.01818	0.01984	0.01575	0.02090	0.01997	0.01286	0.47278	0.05116	0.06688	0.02055	0.02159	0.01515	0.01329	0.06344	0.00309	0.00871	0.00721	0.11098	0.01184
16	0.01627	0.00913	0.00944	0.00888	0.01131	0.00948	0.00680	0.04680	0.09534	0.05059	0.02595	0.02842	0.02004	0.00924	0.00588	0.00194	0.00421	0.00742	0.62459	0.00826
17	0.00954	0.00739	0.00869	0.00938	0.01096	0.00655	0.00665	0.01147	0.01705	0.02186	0.14586	0.35055	0.32410	0.02111	0.00948	0.00282	0.00414	0.01848	0.00738	0.00655
18	0.01658	0.01320	0.01912	0.37561	0.05932	0.01559	0.01612	0.09255	0.01804	0.02585	0.01740	0.02250	0.01339	0.00854	0.00796	0.00237	0.04221	0.00699	0.21780	0.00888
19	0.02119	0.01575	0.01727	0.01521	0.01972	0.01758	0.01192	0.03949	0.54142	0.12822	0.06064	0.02987	0.02526	0.01063	0.00793	0.00259	0.00609	0.00886	0.00817	0.01218
20	0.01859	0.12558	0.19793	0.07471	0.02797	0.01772	0.10816	0.06954	0.01786	0.07491	0.01743	0.07043	0.01458	0.01001	0.00906	0.05704	0.00927	0.00753	0.00460	0.06708

[dist]
# distance from previous block
# <min> <max>
0	1

[block]
# block no. 2 follows, 25 sequences, length 40
# corresponding to MSA columns:
# 83-122
name=unknown_C
#
# <colnr> <probs for GDERKNQSTAVLIFYWHMCP>
#	G	D	E	R	K	N	Q	S	T	A	V	L	I	F	Y	W	H	M	C	P
0	0.01054	0.00904	0.03372	0.01291	0.01440	0.00785	0.05527	0.01276	0.01567	0.02108	0.07143	0.57888	0.04778	0.02186	0.00977	0.00308	0.00546	0.05474	0.00690	0.00687
1	0.15078	0.10102	0.37783	0.04978	0.09644	0.01926	0.05397	0.02386	0.01595	0.02562	0.01321	0.01600	0.00996	0.00719	0.00681	0.00236	0.00999	0.00564	0.00364	0.01069
2	0.01720	0.01375	0.01619	0.01162	0.01846	0.01040	0.00932	0.02062	0.01645	0.06495	0.01479	0.01670	0.01195	0.00597	0.00587	0.00122	0.00579	0.00479	0.00489	0.72906
3	0.04758	0.02583	0.19328	0.05047	0.26780	0.10403	0.05163	0.02486	0.04027	0.02405	0.01411	0.01782	0.01133	0.00802	0.00939	0.00246	0.08589	0.00643	0.00384	0.01092
4	0.06097	0.05884	0.20703	0.08202	0.21199	0.01755	0.05056	0.02377	0.04702	0.02516	0.01465	0.01786	0.01149	0.00707	0.00706	0.00218	0.00916	0.00611	0.00400	0.13550
5	0.68430	0.01616	0.04620	0.06499	0.01890	0.01741	0.01043	0.02265	0.01353	0.03311	0.01118	0.01341	0.00862	0.00725	0.00516	0.00242	0.00661	0.00448	0.00462	0.00857
6	0.01349	0.01027	0.01311	0.01209	0.01457	0.00993	0.03608	0.10816	0.01993	0.02670	0.16712	0.28875	0.15024	0.01826	0.01003	0.03710	0.00535	0.01536	0.00714	0.03631
7	0.00945	0.00675	0.00900	0.01080	0.01125	0.00630	0.00720	0.01080	0.01484	0.01979	0.04274	0.72245	0.05128	0.02429	0.00990	0.00315	0.00450	0.02204	0.00720	0.00630
8	0.01108	0.00831	0.01246	0.01246	0.01385	0.00969	0.00969	0.01385	0.01246	0.01800	0.02077	0.03046	0.01938	0.05815	0.69678	0.01246	0.02077	0.00831	0.00415	0.00692
9	0.00953	0.00787	0.00836	0.00824	0.01070	0.00670	0.00618	0.01184	0.01854	0.02300	0.19929	0.07124	0.55397	0.01887	0.00916	0.00258	0.00387	0.01589	0.00747	0.00670
10	0.02896	0.03695	0.02197	0.01998	0.02397	0.69638	0.01498	0.03096	0.02197	0.01898	0.01199	0.01398	0.00999	0.00799	0.00699	0.00200	0.01398	0.00499	0.00400	0.00899
11	0.00990	0.00779	0.00896	0.00904	0.01112	0.00685	0.00674	0.01240	0.01873	0.02418	0.26626	0.14512	0.38586	0.01902	0.00930	0.00266	0.00402	0.03766	0.00763	0.00679
12	0.01427	0.00724	0.00730	0.00730	0.00900	0.00724	0.00538	0.01768	0.01598	0.02813	0.02524	0.03014	0.02034	0.04951	0.00734	0.00213	0.00383	0.00745	0.72741	0.00708
13	0.30265	0.01928	0.01896	0.01507	0.02076	0.02163	0.01244	0.42450	0.02801	0.04376	0.01578	0.01643	0.01145	0.00854	0.00668	0.00235	0.00761	0.00597	0.00668	0.01145
14	0.01347	0.00673	0.01010	0.01010	0.01010	0.00673	0.00673	0.01010	0.01010	0.01347	0.01347	0.02357	0.01347	0.02694	0.03030	0.77441	0.00673	0.00673	0.00337	0.00337
15	0.02024	0.02058	0.02989	0.07356	0.56747	0.10504	0.02257	0.02453	0.01811	0.02427	0.01422	0.01859	0.01190	0.00708	0.00759	0.00228	0.00987	0.00666	0.00384	0.01170
16	0.01586	0.01393	0.02201	0.59701	0.04752	0.01701	0.01972	0.07219	0.01730	0.02293	0.01508	0.02114	0.01131	0.00798	0.00757	0.00250	0.00966	0.00692	0.06347	0.00888
17	0.01097	0.00793	0.01036	0.00975	0.01158	0.00732	0.00732	0.01463	0.02195	0.03109	0.67505	0.05792	0.07316	0.01585	0.00914	0.00244	0.00366	0.01402	0.00854	0.00732
18	0.01608	0.01378	0.01608	0.01148	0.01837	0.01034	0.00919	0.01952	0.01608	0.02527	0.01378	0.01608	0.01148	0.00574	0.00574	0.00115	0.00574	0.00459	0.00459	0.77491
19	0.03128	0.01471	0.04961	0.04539	0.02191	0.01236	0.01261	0.03573	0.05717	0.55788	0.02835	0.02534	0.01826	0.00929	0.00769	0.00237	0.00693	0.00757	0.00870	0.04684
20	0.01684	0.01423	0.01649	0.01185	0.01870	0.01112	0.00950	0.05574	0.01724	0.02661	0.01406	0.01622	0.01158	0.00595	0.00586	0.00122	0.00590	0.00473	0.00477	0.73138
21	0.02002	0.05291	0.09186	0.07352	0.03336	0.05064	0.32452	0.02743	0.08854	0.09775	0.04701	0.02286	0.01610	0.00794	0.00832	0.00250	0.01069	0.00828	0.00506	0.01068
22	0.02427	0.31571	0.05178	0.01618	0.02226	0.05552	0.01455	0.28365	0.06097	0.03190	0.01530	0.01630	0.01206	0.00834	0.00734	0.00210	0.03918	0.00578	0.00543	0.01136
23	0.01795	0.08445	0.04927	0.01401	0.02007	0.01472	0.03397	0.07738	0.01776	0.04907	0.01627	0.05685	0.01415	0.00970	0.03165	0.00209	0.04666	0.00632	0.00492	0.43272
24	0.05856	0.02279	0.05409	0.05928	0.08592	0.12068	0.01593	0.30682	0.10627	0.06536	0.01856	0.01935	0.01366	0.00878	0.00751	0.00234	0.00915	0.00675	0.00635	0.01182
25	0.05611	0.04496	0.06951	0.13126	0.15898	0.02054	0.14782	0.16049	0.02070	0.02909	0.01482	0.01872	0.01148	0.00811	0.00935	0.00250	0.07298	0.00707	0.00461	0.01090
26	0.01764	0.01408	0.01643	0.01202	0.01860	0.01122	0.00961	0.06511	0.01776	0.05634	0.01587	0.04097	0.01332	0.00681	0.00612	0.00136	0.00594	0.00551	0.00513	0.66018
27	0.01010	0.00738	0.00950	0.01005	0.01132	0.00678	0.00712	0.01254	0.01829	0.02495	0.32858	0.36273	0.12177	0.02007	0.00949	0.00278	0.00407	0.01791	0.00780	0.00678
28	0.01608	0.01378	0.01608	0.01148	0.01837	0.01034	0.00919	0.01952	0.01608	0.02527	0.01378	0.01608	0.01148	0.00574	0.00574	0.00115	0.00574	0.00459	0.00459	0.77491
29	0.01060	0.00762	0.01011	0.01058	0.01193	0.00713	0.00781	0.01345	0.01905	0.02635	0.38962	0.29206	0.06260	0.01936	0.00957	0.00280	0.00431	0.08018	0.00793	0.00694
30	0.05026	0.00775	0.00833	0.00835	0.01010	0.00805	0.00624	0.01705	0.01527	0.02656	0.02465	0.05947	0.02099	0.04891	0.10915	0.00372	0.00647	0.00807	0.55352	0.00708
31	0.42579	0.01443	0.01433	0.01200	0.01707	0.01533	0.00981	0.04889	0.06302	0.24817	0.04780	0.02043	0.01597	0.00866	0.00628	0.00241	0.00618	0.00622	0.00685	0.01035
32	0.74033	0.01537	0.01206	0.01062	0.01550	0.01776	0.00875	0.05793	0.01449	0.03557	0.01123	0.01293	0.00866	0.00732	0.00496	0.00240	0.00614	0.00435	0.00496	0.00866
33	0.01824	0.01785	0.05189	0.24687	0.37440	0.01842	0.02189	0.05988	0.06699	0.02548	0.01583	0.02025	0.01250	0.00760	0.00771	0.00242	0.00937	0.00700	0.00423	0.01117
34	0.00963	0.00688	0.00921	0.01101	0.01154	0.00646	0.00752	0.01111	0.01503	0.02000	0.04263	0.68423	0.05088	0.02412	0.00995	0.00317	0.00466	0.05845	0.00719	0.00635
35	0.01687	0.07166	0.61915	0.02121	0.03214	0.01824	0.02695	0.02523	0.01667	0.06103	0.01469	0.01674	0.01035	0.00746	0.00728	0.00241	0.01104	0.00577	0.00363	0.01148
36	0.02048	0.01721	0.02067	0.04319	0.06246	0.01930	0.04945	0.09044	0.49058	0.05560	0.02788	0.02663	0.02079	0.00984	0.00793	0.00257	0.00708	0.00842	0.00731	0.01215
37	0.19398	0.10080	0.10618	0.01369	0.01804	0.01582	0.04237	0.01942	0.01582	0.02612	0.12241	0.06928	0.05042	0.04682	0.01016	0.00269	0.06982	0.00854	0.05917	0.00845
38	0.02131	0.07394	0.02176	0.01894	0.08475	0.04343	0.02896	0.11385	0.35989	0.06776	0.02813	0.02707	0.05586	0.00998	0.00769	0.00245	0.00726	0.00824	0.00694	0.01178
39	0.01946	0.14423	0.29029	0.02105	0.08509	0.12635	0.02018	0.02601	0.06355	0.04627	0.01854	0.02016	0.04894	0.00848	0.00762	0.00229	0.03023	0.00638	0.00422	0.01066

[dist]
# distance from previous block
# <min> <max>
3	7

[block]
# block no. 3 follows, 25 sequences, length 17
# corresponding to MSA columns:
# 130-146
name=unknown_D
#
# <colnr> <probs for GDERKNQSTAVLIFYWHMCP>
#	G	D	E	R	K	N	Q	S	T	A	V	L	I	F	Y	W	H	M	C	P
0	0.01193	0.05682	0.01345	0.01161	0.01314	0.01063	0.00891	0.01427	0.01268	0.01807	0.02092	0.03247	0.02020	0.16105	0.50919	0.01040	0.01693	0.00846	0.04211	0.00678
1	0.02379	0.01655	0.01926	0.01602	0.02042	0.01852	0.01294	0.21391	0.22220	0.15018	0.04594	0.02532	0.01970	0.01458	0.06873	0.00342	0.08146	0.00800	0.00739	0.01169
2	0.01069	0.00785	0.01001	0.00960	0.01144	0.00717	0.00715	0.01403	0.02107	0.02933	0.57302	0.09673	0.13954	0.01674	0.00919	0.00250	0.00373	0.01473	0.00831	0.00717
3	0.00984	0.00714	0.00929	0.01031	0.01128	0.00659	0.00714	0.01186	0.01697	0.02295	0.21745	0.49679	0.10029	0.02167	0.00964	0.00292	0.00423	0.01947	0.00756	0.00659
4	0.02030	0.67541	0.09368	0.01399	0.02102	0.02964	0.01453	0.02333	0.01581	0.01876	0.01104	0.01276	0.00994	0.00669	0.00517	0.00172	0.00855	0.00428	0.00331	0.01007
5	0.01196	0.00817	0.01053	0.00980	0.01189	0.00745	0.00740	0.01546	0.02163	0.06120	0.59925	0.05770	0.11643	0.01584	0.00908	0.00245	0.00382	0.01391	0.00848	0.00754
6	0.03329	0.01291	0.01762	0.01383	0.01954	0.01123	0.01147	0.03633	0.02190	0.64002	0.03129	0.03050	0.02090	0.01039	0.00799	0.00248	0.00663	0.04945	0.00943	0.01279
7	0.01067	0.00729	0.00874	0.00928	0.00953	0.00711	0.00565	0.01132	0.01305	0.01750	0.06857	0.26638	0.03823	0.46033	0.02821	0.00582	0.00632	0.01489	0.00572	0.00536
8	0.02902	0.03519	0.02212	0.01973	0.02398	0.61850	0.01495	0.10305	0.02365	0.02244	0.01275	0.01452	0.01036	0.00814	0.00708	0.00204	0.01335	0.00522	0.00443	0.00947
9	0.01629	0.01397	0.01618	0.01177	0.01850	0.01094	0.00939	0.02098	0.05973	0.02575	0.01498	0.01694	0.01230	0.00606	0.00589	0.00125	0.00577	0.00487	0.00482	0.72362
10	0.09852	0.02526	0.30594	0.01707	0.02509	0.01546	0.01854	0.07072	0.01974	0.25712	0.05612	0.02192	0.01665	0.00872	0.00739	0.00242	0.00860	0.00684	0.00621	0.01165
11	0.01233	0.00859	0.01099	0.01048	0.01247	0.00817	0.00781	0.01690	0.06531	0.05680	0.51781	0.14511	0.06453	0.01637	0.00910	0.00255	0.00407	0.01449	0.00835	0.00776
12	0.00943	0.00682	0.00893	0.01062	0.01120	0.00631	0.00712	0.01082	0.01502	0.01986	0.04493	0.68280	0.08952	0.02401	0.00985	0.00312	0.00446	0.02169	0.00720	0.00631
13	0.01707	0.02130	0.11799	0.10456	0.07504	0.01899	0.36558	0.02286	0.01682	0.02334	0.01571	0.04985	0.01291	0.00838	0.01062	0.00269	0.09375	0.00862	0.00386	0.01008
14	0.09092	0.08159	0.27529	0.16388	0.11249	0.01874	0.05142	0.02379	0.04678	0.02452	0.01505	0.01959	0.01176	0.00780	0.00724	0.00244	0.00989	0.02250	0.00388	0.01044
15	0.05899	0.01830	0.05625	0.06281	0.03840	0.06584	0.01394	0.16487	0.08029	0.25378	0.02269	0.02267	0.01592	0.01192	0.04803	0.00296	0.00879	0.00716	0.03480	0.01159
16	0.01769	0.02402	0.19768	0.06995	0.30181	0.04713	0.08736	0.02328	0.01734	0.02442	0.05450	0.02072	0.01498	0.00807	0.00901	0.00246	0.05747	0.00718	0.00395	0.01099

[dist]
# distance from previous block
# <min> <max>
3	6

[block]
# block no. 4 follows, 25 sequences, length 13
# corresponding to MSA columns:
# 153-165
name=unknown_E
#
# <colnr> <probs for GDERKNQSTAVLIFYWHMCP>
#	G	D	E	R	K	N	Q	S	T	A	V	L	I	F	Y	W	H	M	C	P
0	0.10588	0.12341	0.13267	0.05489	0.02481	0.20727	0.01599	0.05976	0.08733	0.09352	0.01643	0.01747	0.01236	0.00810	0.00680	0.00223	0.00986	0.00580	0.00502	0.01043
1	0.01932	0.02409	0.14189	0.12003	0.09030	0.10155	0.28082	0.02506	0.01801	0.05567	0.01549	0.01972	0.01169	0.00888	0.03064	0.00279	0.01216	0.00749	0.00404	0.01036
2	0.01000	0.00749	0.00929	0.00968	0.01120	0.00677	0.00694	0.01244	0.01842	0.02469	0.30977	0.29798	0.20748	0.01974	0.00942	0.00273	0.00402	0.01742	0.00775	0.00677
3	0.01430	0.01026	0.01430	0.01328	0.01506	0.01178	0.01048	0.01691	0.01380	0.06902	0.02130	0.07826	0.01975	0.03717	0.38079	0.00790	0.13384	0.00872	0.06981	0.05329
4	0.01517	0.01160	0.01732	0.11963	0.06067	0.01207	0.05102	0.05324	0.04942	0.06003	0.03219	0.23689	0.03346	0.01664	0.00932	0.00300	0.00735	0.19605	0.00643	0.00853
5	0.00973	0.00695	0.00930	0.01097	0.01158	0.00652	0.00755	0.01135	0.01543	0.02063	0.07707	0.64507	0.05204	0.02365	0.00991	0.00314	0.00462	0.06083	0.00727	0.00641
6	0.03256	0.01296	0.01743	0.01370	0.01929	0.01144	0.01118	0.03631	0.05078	0.61489	0.03137	0.06858	0.02134	0.01053	0.00793	0.00245	0.00645	0.00870	0.00937	0.01274
7	0.00985	0.00711	0.00938	0.01090	0.01171	0.00665	0.00766	0.01162	0.01583	0.02103	0.09144	0.57389	0.08700	0.02312	0.00988	0.00311	0.00467	0.08138	0.00729	0.00647
8	0.02446	0.07464	0.02325	0.14686	0.02827	0.14754	0.01539	0.32392	0.02668	0.03341	0.01768	0.06994	0.01464	0.00968	0.00757	0.00233	0.00957	0.00750	0.00588	0.01079
9	0.01125	0.00762	0.00899	0.00899	0.00918	0.00781	0.00537	0.01162	0.01143	0.01543	0.02394	0.04803	0.02701	0.63801	0.12735	0.00818	0.00929	0.01088	0.00463	0.00500
10	0.02777	0.01170	0.01541	0.01233	0.01729	0.01011	0.01000	0.03066	0.02139	0.49871	0.10951	0.03814	0.13810	0.01201	0.00818	0.00244	0.00582	0.00995	0.00907	0.01141
11	0.01754	0.02154	0.10805	0.06239	0.03767	0.01867	0.49150	0.02391	0.01761	0.02461	0.01584	0.02081	0.01196	0.00709	0.00923	0.00257	0.03683	0.00848	0.05352	0.01019
12	0.01841	0.02062	0.04407	0.03443	0.11568	0.01947	0.57717	0.02471	0.01822	0.02489	0.01556	0.02071	0.01183	0.00658	0.00898	0.00258	0.01262	0.00889	0.00391	0.01067

[dist]
# distance from previous block
# <min> <max>
0	1

[block]
# block no. 5 follows, 25 sequences, length 11
# corresponding to MSA columns:
# 167-177
name=unknown_F
#
# <colnr> <probs for GDERKNQSTAVLIFYWHMCP>
#	G	D	E	R	K	N	Q	S	T	A	V	L	I	F	Y	W	H	M	C	P
0	0.01837	0.02020	0.03679	0.05219	0.06867	0.05376	0.38419	0.02315	0.01652	0.02265	0.01381	0.01935	0.01120	0.00867	0.01356	0.00279	0.21245	0.00808	0.00375	0.00986
1	0.01566	0.01511	0.02122	0.01864	0.01885	0.02067	0.01531	0.01746	0.01217	0.01866	0.01396	0.07177	0.01443	0.01998	0.10864	0.00451	0.57293	0.00813	0.00377	0.00812
2	0.56187	0.01937	0.04266	0.01629	0.09325	0.10904	0.01188	0.02408	0.01502	0.03115	0.01152	0.01369	0.00912	0.00728	0.00553	0.00234	0.00767	0.00468	0.00452	0.00905
3	0.01023	0.00738	0.00983	0.01138	0.01234	0.00698	0.00836	0.01227	0.01613	0.02134	0.08343	0.49944	0.08462	0.02285	0.01000	0.00317	0.00503	0.16136	0.00727	0.00657
4	0.01987	0.01801	0.02422	0.21195	0.09362	0.07410	0.09291	0.15635	0.07058	0.02864	0.01922	0.05254	0.01582	0.00935	0.00791	0.00247	0.00938	0.03018	0.05263	0.01022
5	0.00975	0.00698	0.00926	0.01059	0.01131	0.00650	0.00722	0.01155	0.01623	0.02200	0.16640	0.59248	0.05556	0.02264	0.00975	0.00301	0.00433	0.02047	0.00746	0.00650
6	0.02759	0.01990	0.02125	0.01651	0.02216	0.02193	0.01357	0.57346	0.03392	0.04636	0.01945	0.01991	0.01403	0.00927	0.00746	0.00226	0.00791	0.00701	0.10361	0.01244
7	0.01777	0.02078	0.07655	0.06117	0.06606	0.01892	0.47225	0.02377	0.01747	0.02426	0.01497	0.01997	0.01149	0.00703	0.00967	0.00253	0.05550	0.00827	0.00388	0.06768
8	0.07110	0.11150	0.15674	0.10702	0.03157	0.02036	0.18915	0.04692	0.01666	0.02434	0.01401	0.01815	0.01100	0.00806	0.00972	0.00250	0.10324	0.00675	0.04131	0.00990
9	0.01136	0.00802	0.01100	0.01096	0.01207	0.00885	0.00804	0.01356	0.01298	0.01879	0.05929	0.03686	0.02463	0.21557	0.44891	0.00994	0.01536	0.00928	0.05812	0.00642
10	0.02141	0.01927	0.05056	0.05079	0.06843	0.04409	0.01496	0.19004	0.34335	0.03412	0.02536	0.02752	0.01971	0.01023	0.00794	0.00255	0.00772	0.04308	0.00698	0.01189

[dist]
# distance from previous block
# <min> <max>
0	3

[block]
# block no. 6 follows, 25 sequences, length 22
# corresponding to MSA columns:
# 181-202
name=unknown_G
#
# <colnr> <probs for GDERKNQSTAVLIFYWHMCP>
#	G	D	E	R	K	N	Q	S	T	A	V	L	I	F	Y	W	H	M	C	P
0	0.06364	0.02347	0.06752	0.05122	0.14324	0.11342	0.01707	0.33250	0.02699	0.03618	0.01590	0.01762	0.01194	0.00827	0.00739	0.00226	0.00944	0.00638	0.00580	0.03977
1	0.06100	0.07949	0.01546	0.01170	0.01501	0.01362	0.00933	0.04252	0.11753	0.12595	0.04836	0.06754	0.02211	0.03830	0.03915	0.02643	0.03095	0.00836	0.21802	0.00918
2	0.02578	0.02322	0.02422	0.02551	0.19573	0.16349	0.01663	0.31905	0.02727	0.03519	0.01654	0.01839	0.01266	0.00838	0.00744	0.00222	0.00957	0.00656	0.05042	0.01171
3	0.01281	0.01054	0.01245	0.01068	0.01479	0.00841	0.00801	0.01533	0.01593	0.02279	0.03354	0.25661	0.12999	0.01402	0.00765	0.00204	0.00505	0.01217	0.00586	0.40134
4	0.01956	0.01965	0.02842	0.09490	0.50673	0.09911	0.02181	0.02383	0.01801	0.02399	0.01595	0.02319	0.01398	0.00806	0.00780	0.00237	0.00974	0.04759	0.00404	0.01125
5	0.46576	0.01871	0.01631	0.01353	0.01880	0.05940	0.01108	0.25156	0.02213	0.03896	0.01370	0.01486	0.01022	0.00801	0.00600	0.00235	0.00738	0.00525	0.00582	0.01017
6	0.07060	0.02067	0.02160	0.06874	0.02505	0.05875	0.01435	0.44730	0.07978	0.04146	0.01812	0.01880	0.01322	0.00886	0.00742	0.00228	0.00846	0.00669	0.00686	0.06101
7	0.01516	0.01173	0.01477	0.01261	0.01654	0.01073	0.03680	0.04074	0.09213	0.05633	0.11982	0.13601	0.08277	0.05087	0.00974	0.00255	0.00581	0.05163	0.00657	0.22668
8	0.01863	0.25427	0.11018	0.05897	0.06003	0.03915	0.22402	0.02385	0.04464	0.02184	0.01418	0.01789	0.01148	0.00830	0.00873	0.05317	0.01031	0.00663	0.00376	0.00997
9	0.07167	0.37599	0.09762	0.06045	0.02452	0.09091	0.04121	0.05367	0.01743	0.05264	0.01285	0.01499	0.01052	0.00751	0.00689	0.00206	0.03981	0.00518	0.00401	0.01008
10	0.01060	0.00760	0.01007	0.01151	0.01253	0.00727	0.00861	0.01270	0.01606	0.02120	0.07757	0.40727	0.08038	0.07295	0.01218	0.00353	0.00546	0.20894	0.00707	0.00651
11	0.01629	0.01542	0.02422	0.12577	0.20678	0.01847	0.03771	0.01931	0.01441	0.02067	0.01608	0.02217	0.04026	0.01537	0.07461	0.03951	0.27259	0.00745	0.00377	0.00916
12	0.01673	0.09562	0.07001	0.37463	0.03951	0.01921	0.07879	0.05567	0.01675	0.02258	0.01442	0.01966	0.01122	0.00817	0.00892	0.00248	0.07086	0.00675	0.05876	0.00926
13	0.01464	0.01378	0.02326	0.70887	0.05340	0.01723	0.02153	0.01981	0.01550	0.01981	0.01378	0.02067	0.01034	0.00775	0.00775	0.00258	0.01034	0.00689	0.00345	0.00861
14	0.00945	0.00675	0.00900	0.01080	0.01125	0.00630	0.00720	0.01080	0.01484	0.01979	0.04274	0.72245	0.05128	0.02429	0.00990	0.00315	0.00450	0.02204	0.00720	0.00630
15	0.37337	0.01331	0.01376	0.04738	0.01821	0.01452	0.01062	0.02503	0.07421	0.13570	0.05244	0.03301	0.02147	0.01101	0.00703	0.00265	0.00643	0.12421	0.00639	0.00923
16	0.01894	0.01312	0.01463	0.01240	0.01529	0.01382	0.00904	0.21458	0.06179	0.06411	0.02284	0.03583	0.02172	0.36467	0.04733	0.00521	0.00808	0.00920	0.00610	0.04131
17	0.01740	0.01661	0.02832	0.09655	0.03059	0.01595	0.26081	0.07961	0.05284	0.02639	0.01930	0.10220	0.01693	0.00902	0.00807	0.00230	0.00923	0.00910	0.00497	0.19381
18	0.01703	0.01717	0.03195	0.13087	0.18089	0.01689	0.27099	0.02274	0.04007	0.02414	0.01810	0.06740	0.01568	0.00849	0.00834	0.00247	0.01011	0.02906	0.00435	0.08325
19	0.01728	0.01683	0.02765	0.13312	0.06126	0.05951	0.23185	0.04099	0.05106	0.02262	0.01814	0.06573	0.01604	0.01195	0.01227	0.11086	0.03844	0.03450	0.00442	0.02548
20	0.01838	0.01601	0.02239	0.01772	0.04269	0.01547	0.12118	0.09683	0.08824	0.02857	0.01742	0.01996	0.01376	0.00775	0.00832	0.00197	0.06093	0.00659	0.07765	0.31819
21	0.01861	0.07318	0.05182	0.05993	0.11994	0.06993	0.01454	0.11819	0.09659	0.02789	0.09458	0.02900	0.07475	0.01466	0.07292	0.00326	0.00915	0.00832	0.00567	0.03706

[dist]
# distance from previous block
# <min> <max>
1	36

[block]
# block no. 7 follows, 25 sequences, length 19
# corresponding to MSA columns:
# 239-257
name=unknown_H
#
# <colnr> <probs for GDERKNQSTAVLIFYWHMCP>
#	G	D	E	R	K	N	Q	S	T	A	V	L	I	F	Y	W	H	M	C	P
0	0.04557	0.11837	0.09018	0.02090	0.10306	0.15409	0.04520	0.06113	0.04816	0.05423	0.04735	0.01899	0.01478	0.00824	0.00803	0.00215	0.05049	0.00627	0.00473	0.09806
1	0.05386	0.04775	0.01986	0.01757	0.08923	0.01678	0.01266	0.08367	0.19112	0.06003	0.02201	0.02270	0.04240	0.00881	0.00810	0.00211	0.05108	0.00690	0.00590	0.23744
2	0.07238	0.05517	0.02238	0.04752	0.02316	0.01497	0.10984	0.06156	0.06877	0.29055	0.10586	0.04861	0.02422	0.01001	0.00789	0.00244	0.00745	0.00878	0.00736	0.01106
3	0.05771	0.01668	0.01835	0.01487	0.01959	0.01823	0.01206	0.29763	0.11863	0.08771	0.05072	0.02334	0.01826	0.00973	0.00839	0.00231	0.05122	0.00737	0.11125	0.05596
4	0.01883	0.02488	0.21216	0.02720	0.06994	0.01819	0.32989	0.06430	0.01890	0.06029	0.01675	0.03839	0.01280	0.00755	0.00830	0.00247	0.01124	0.00804	0.00440	0.04547
5	0.01940	0.01786	0.05693	0.01528	0.02093	0.01745	0.01272	0.10428	0.38906	0.03200	0.02449	0.02372	0.01854	0.00897	0.00729	0.00220	0.00662	0.00731	0.00676	0.20817
6	0.14770	0.01429	0.01602	0.01202	0.01837	0.01241	0.00975	0.05620	0.01778	0.14969	0.01664	0.01753	0.01248	0.00688	0.00607	0.00165	0.00609	0.00524	0.00571	0.46747
7	0.07172	0.04891	0.02059	0.01495	0.02083	0.01494	0.04675	0.08536	0.04807	0.35194	0.02285	0.02185	0.01564	0.00869	0.00803	0.00221	0.03974	0.00686	0.00733	0.14275
8	0.02727	0.08226	0.02305	0.01649	0.02202	0.02153	0.01375	0.39475	0.06938	0.14257	0.02033	0.02052	0.01470	0.01209	0.04635	0.00291	0.04348	0.00703	0.00725	0.01227
9	0.00945	0.00675	0.00900	0.01080	0.01125	0.00630	0.00720	0.01080	0.01484	0.01979	0.04274	0.72245	0.05128	0.02429	0.00990	0.00315	0.00450	0.02204	0.00720	0.00630
10	0.00941	0.00690	0.00884	0.01040	0.01114	0.00633	0.00702	0.01084	0.01522	0.01995	0.04753	0.63567	0.13496	0.02367	0.00980	0.00308	0.00442	0.02128	0.00720	0.00633
11	0.01852	0.02029	0.06814	0.15072	0.07170	0.01969	0.38547	0.08113	0.01899	0.02582	0.01517	0.02014	0.01149	0.00745	0.00951	0.00260	0.05048	0.00815	0.00412	0.01041
12	0.01739	0.01926	0.03973	0.03000	0.06446	0.01872	0.50867	0.02300	0.01765	0.02396	0.02092	0.02542	0.07252	0.00837	0.01051	0.00267	0.07309	0.00951	0.00417	0.01001
13	0.00920	0.00770	0.00801	0.00826	0.01058	0.00651	0.00607	0.01108	0.01728	0.02079	0.07361	0.16399	0.58981	0.02028	0.00926	0.00269	0.00401	0.01715	0.00720	0.00651
14	0.02606	0.02072	0.05796	0.01628	0.02190	0.05226	0.01385	0.44731	0.05117	0.06129	0.01989	0.02050	0.01444	0.00914	0.00733	0.00225	0.00803	0.00694	0.13080	0.01190
15	0.02869	0.02174	0.02199	0.01742	0.02319	0.08394	0.01416	0.46725	0.10907	0.10174	0.02064	0.02013	0.01469	0.00936	0.00771	0.00234	0.00857	0.00709	0.00759	0.01269
16	0.01185	0.00940	0.01288	0.01254	0.01431	0.00903	0.03794	0.03234	0.01547	0.02133	0.03416	0.50187	0.03955	0.05463	0.01159	0.00306	0.04556	0.01728	0.00638	0.10882
17	0.01805	0.01798	0.02904	0.31326	0.04017	0.05253	0.18965	0.07962	0.01806	0.02387	0.01420	0.01956	0.01099	0.00823	0.01024	0.00258	0.09955	0.00731	0.00404	0.04108
18	0.06934	0.08360	0.05690	0.01741	0.04153	0.03956	0.06961	0.18854	0.06679	0.07848	0.02480	0.07766	0.05480	0.01096	0.00777	0.00243	0.00803	0.05344	0.00625	0.04209

[dist]
# distance from previous block
# <min> <max>
16	25

[block]
# block no. 8 follows, 25 sequences, length 10
# corresponding to MSA columns:
# 288-297
name=unknown_I
#
# <colnr> <probs for GDERKNQSTAVLIFYWHMCP>
#	G	D	E	R	K	N	Q	S	T	A	V	L	I	F	Y	W	H	M	C	P
0	0.05208	0.01843	0.02903	0.15635	0.42602	0.05025	0.06901	0.02445	0.05338	0.02485	0.01519	0.01959	0.01226	0.00729	0.00765	0.00238	0.00961	0.00697	0.00405	0.01118
1	0.10753	0.01631	0.02271	0.02791	0.30527	0.01590	0.01629	0.08245	0.01872	0.05268	0.01689	0.02296	0.01438	0.00806	0.00711	0.00213	0.00768	0.05218	0.00496	0.19787
2	0.32190	0.19128	0.02156	0.01343	0.01874	0.16181	0.01130	0.02597	0.01674	0.09421	0.01326	0.01447	0.01039	0.00740	0.00566	0.00207	0.00827	0.00475	0.00476	0.05205
3	0.00958	0.00680	0.00896	0.01063	0.01104	0.00639	0.00702	0.01083	0.01458	0.01945	0.04140	0.67353	0.04960	0.07550	0.01205	0.00347	0.00472	0.02126	0.00702	0.00618
4	0.00916	0.00785	0.00785	0.00785	0.01047	0.00655	0.00589	0.01113	0.01767	0.02095	0.07855	0.07462	0.67599	0.01964	0.00916	0.00262	0.00393	0.01636	0.00720	0.00655
5	0.01768	0.02522	0.18975	0.03031	0.03896	0.01925	0.51130	0.02477	0.01787	0.02477	0.01529	0.01989	0.01133	0.00672	0.00875	0.00258	0.01271	0.00838	0.00378	0.01068
6	0.01150	0.01164	0.08848	0.01118	0.01412	0.00855	0.00978	0.01578	0.02130	0.03034	0.59876	0.05312	0.06585	0.01487	0.00894	0.00244	0.00456	0.01307	0.00793	0.00779
7	0.00930	0.00773	0.00814	0.00831	0.01063	0.00656	0.00613	0.01130	0.01760	0.02142	0.11012	0.14837	0.56782	0.01995	0.00925	0.00267	0.00398	0.01688	0.00728	0.00656
8	0.02866	0.02011	0.02174	0.01679	0.02265	0.02201	0.01383	0.56801	0.03407	0.08592	0.01985	0.01986	0.01406	0.00930	0.00758	0.00229	0.00804	0.00705	0.06543	0.01274
9	0.02727	0.01982	0.02144	0.01703	0.02275	0.02193	0.01387	0.45383	0.19505	0.09018	0.02276	0.02179	0.01628	0.00964	0.00779	0.00241	0.00779	0.00749	0.00792	0.01295

[dist]
# distance from previous block
# <min> <max>
3	6

[block]
# block no. 9 follows, 25 sequences, length 15
# corresponding to MSA columns:
# 304-318
name=unknown_J
#
# <colnr> <probs for GDERKNQSTAVLIFYWHMCP>
#	G	D	E	R	K	N	Q	S	T	A	V	L	I	F	Y	W	H	M	C	P
0	0.09084	0.02183	0.15613	0.02632	0.06874	0.01723	0.34901	0.02255	0.01660	0.02463	0.01644	0.06557	0.01383	0.00940	0.00987	0.05775	0.01085	0.00858	0.00406	0.00977
1	0.01608	0.01378	0.01608	0.01148	0.01837	0.01034	0.00919	0.01952	0.01608	0.02527	0.01378	0.01608	0.01148	0.00574	0.00574	0.00115	0.00574	0.00459	0.00459	0.77491
2	0.01727	0.02071	0.08863	0.11261	0.03900	0.01902	0.45680	0.02336	0.01750	0.02400	0.04049	0.02169	0.01371	0.00761	0.01001	0.00265	0.06230	0.00864	0.00396	0.01005
3	0.01654	0.01976	0.11916	0.17955	0.24095	0.01718	0.16933	0.02199	0.01689	0.02337	0.01739	0.08969	0.01530	0.00880	0.00822	0.00254	0.01019	0.00878	0.00403	0.01036
4	0.01608	0.01378	0.01608	0.01148	0.01837	0.01034	0.00919	0.01952	0.01608	0.02527	0.01378	0.01608	0.01148	0.00574	0.00574	0.00115	0.00574	0.00459	0.00459	0.77491
5	0.01702	0.08910	0.31162	0.09921	0.18508	0.01875	0.07504	0.02346	0.01667	0.02376	0.01392	0.01749	0.01073	0.00706	0.00731	0.00229	0.01030	0.00619	0.00357	0.06143
6	0.01391	0.01248	0.01790	0.01627	0.01698	0.01646	0.01320	0.01617	0.01218	0.01832	0.01567	0.02396	0.01495	0.03667	0.37332	0.00809	0.35445	0.00757	0.00379	0.00767
7	0.01641	0.02027	0.11758	0.14555	0.07602	0.01783	0.31467	0.02215	0.01707	0.02354	0.04684	0.06382	0.01641	0.00884	0.00972	0.00265	0.05761	0.00903	0.00413	0.00985
8	0.00973	0.00700	0.00913	0.01063	0.01131	0.00654	0.00726	0.01126	0.01530	0.02031	0.07306	0.59271	0.08617	0.05739	0.01128	0.00332	0.00470	0.04941	0.00714	0.00632
9	0.01822	0.02458	0.25607	0.04400	0.02728	0.01776	0.06904	0.03174	0.29424	0.06751	0.02538	0.02537	0.04513	0.00932	0.00785	0.00255	0.00865	0.00792	0.00586	0.01152
10	0.01052	0.00764	0.00991	0.00990	0.01145	0.00703	0.00721	0.01354	0.02004	0.02789	0.49411	0.21662	0.09905	0.01805	0.00932	0.00262	0.00387	0.01605	0.00815	0.00703
11	0.01780	0.01658	0.05174	0.04946	0.27884	0.04404	0.05792	0.06645	0.01902	0.02739	0.05823	0.02676	0.05736	0.00892	0.00738	0.00224	0.00782	0.00797	0.18397	0.01012
12	0.02349	0.01914	0.06812	0.01674	0.02274	0.03828	0.05197	0.17463	0.20904	0.14451	0.02528	0.02448	0.04061	0.00933	0.00766	0.00232	0.00768	0.00768	0.00706	0.09925
13	0.16696	0.42352	0.09901	0.01371	0.01983	0.05740	0.01349	0.02257	0.01555	0.02228	0.01396	0.07484	0.01324	0.00843	0.00572	0.00203	0.00813	0.00592	0.00397	0.00944
14	0.16751	0.04395	0.01824	0.01448	0.03668	0.01606	0.01146	0.09619	0.13627	0.25212	0.02247	0.02140	0.01582	0.00860	0.00687	0.00224	0.00663	0.00664	0.00716	0.10919

[dist]
# distance from previous block
# <min> <max>
0	4

[block]
# block no. 10 follows, 25 sequences, length 25
# corresponding to MSA columns:
# 323-347
name=unknown_K
#
# <colnr> <probs for GDERKNQSTAVLIFYWHMCP>
#	G	D	E	R	K	N	Q	S	T	A	V	L	I	F	Y	W	H	M	C	P
0	0.02200	0.01486	0.01741	0.01332	0.01926	0.01348	0.01072	0.15306	0.05468	0.15536	0.05532	0.04794	0.01870	0.00868	0.00699	0.00185	0.00634	0.00706	0.00666	0.36629
1	0.01598	0.04578	0.02062	0.44417	0.03878	0.01570	0.01720	0.02025	0.01593	0.06368	0.01858	0.05732	0.01559	0.00971	0.00853	0.00255	0.04637	0.03735	0.09729	0.00862
2	0.02416	0.01853	0.02153	0.10498	0.06480	0.02048	0.01489	0.42494	0.06398	0.03981	0.02384	0.02464	0.07031	0.00991	0.00779	0.00238	0.00809	0.00787	0.03535	0.01172
3	0.01036	0.00750	0.00984	0.01056	0.01183	0.00699	0.00771	0.01290	0.01819	0.02479	0.30176	0.35365	0.09294	0.02032	0.00963	0.00287	0.00439	0.07920	0.00774	0.00681
4	0.01641	0.03190	0.44205	0.07107	0.12664	0.01849	0.10227	0.02389	0.01651	0.02411	0.01404	0.01763	0.01046	0.00752	0.00852	0.00251	0.04498	0.00644	0.00345	0.01113
5	0.00943	0.00683	0.00892	0.01059	0.01119	0.00632	0.00711	0.01082	0.01504	0.01987	0.04526	0.67683	0.09527	0.02396	0.00984	0.00311	0.00446	0.02164	0.00720	0.00632
6	0.02132	0.01932	0.01863	0.05334	0.02240	0.11322	0.01324	0.12301	0.39670	0.03164	0.02625	0.02765	0.02039	0.01029	0.00777	0.00251	0.00774	0.03642	0.03684	0.01131
7	0.01087	0.00784	0.01027	0.00983	0.01156	0.00724	0.00731	0.01436	0.02145	0.03030	0.63052	0.10471	0.07162	0.01645	0.00920	0.00249	0.00372	0.01459	0.00844	0.00724
8	0.01612	0.15619	0.50032	0.01977	0.02913	0.01972	0.02405	0.02316	0.01595	0.02288	0.01505	0.06112	0.01253	0.00863	0.00799	0.00241	0.04418	0.00656	0.00354	0.01072
9	0.00945	0.00675	0.00900	0.01080	0.01125	0.00630	0.00720	0.01080	0.01484	0.01979	0.04274	0.72245	0.05128	0.02429	0.00990	0.00315	0.00450	0.02204	0.00720	0.00630
10	0.01608	0.01378	0.01608	0.01148	0.01837	0.01034	0.00919	0.01952	0.01608	0.02527	0.01378	0.01608	0.01148	0.00574	0.00574	0.00115	0.00574	0.00459	0.00459	0.77491
11	0.37371	0.01639	0.02126	0.02866	0.33965	0.01750	0.01611	0.02297	0.01559	0.02963	0.01405	0.01928	0.01197	0.00771	0.00648	0.00241	0.00762	0.03433	0.00444	0.01024
12	0.01058	0.00791	0.00982	0.00934	0.01134	0.00715	0.00701	0.01387	0.02102	0.02889	0.54537	0.06155	0.20422	0.01667	0.00915	0.00248	0.00372	0.01453	0.00825	0.00715
13	0.04222	0.01487	0.02015	0.24430	0.03026	0.01726	0.04563	0.17731	0.02061	0.02984	0.01742	0.02156	0.01335	0.00895	0.00891	0.00241	0.07779	0.00701	0.19068	0.00949
14	0.02847	0.02162	0.02251	0.01753	0.02338	0.04836	0.01432	0.58572	0.05866	0.04601	0.01905	0.01990	0.01396	0.03328	0.00879	0.00250	0.00861	0.00712	0.00752	0.01271
15	0.01127	0.00827	0.01078	0.01109	0.01301	0.00778	0.00895	0.01468	0.01995	0.02700	0.37485	0.07046	0.14181	0.01830	0.00970	0.00286	0.00491	0.22930	0.00787	0.00715
16	0.03000	0.02087	0.02274	0.01744	0.02362	0.02279	0.01441	0.59211	0.03504	0.11205	0.01981	0.01939	0.01378	0.00934	0.00776	0.00233	0.00834	0.00706	0.00794	0.01319
17	0.01630	0.03485	0.51173	0.02500	0.03546	0.01845	0.19899	0.02463	0.01690	0.02463	0.01440	0.01761	0.01035	0.00714	0.00785	0.00250	0.01190	0.00667	0.00345	0.01118
18	0.01439	0.00720	0.00740	0.00740	0.00910	0.00720	0.00550	0.01759	0.01589	0.02799	0.02459	0.02859	0.01949	0.01010	0.00690	0.04780	0.00380	0.00720	0.72488	0.00700
19	0.01796	0.02093	0.06886	0.05815	0.07298	0.01978	0.50665	0.02399	0.01747	0.02407	0.01496	0.02025	0.01150	0.00731	0.01049	0.00266	0.07926	0.00857	0.00382	0.01034
20	0.00945	0.00675	0.00900	0.01080	0.01125	0.00630	0.00720	0.01080	0.01484	0.01979	0.04274	0.72245	0.05128	0.02429	0.00990	0.00315	0.00450	0.02204	0.00720	0.00630
21	0.02239	0.01812	0.02359	0.18935	0.08859	0.02026	0.04154	0.31595	0.09131	0.03546	0.01972	0.02473	0.01544	0.00951	0.00801	0.00251	0.00888	0.04708	0.00618	0.01140
22	0.01148	0.00831	0.00943	0.00920	0.01180	0.00723	0.00713	0.01399	0.01885	0.06587	0.19317	0.06928	0.45491	0.01838	0.00921	0.00265	0.00433	0.06998	0.00762	0.00718
23	0.02806	0.02101	0.02247	0.01755	0.02350	0.02338	0.01439	0.56806	0.12399	0.04658	0.02042	0.02005	0.01465	0.00948	0.00777	0.00237	0.00820	0.00723	0.00777	0.01306
24	0.01843	0.02174	0.10510	0.03848	0.33462	0.01890	0.29749	0.02433	0.01780	0.02504	0.01500	0.01965	0.01180	0.00679	0.00829	0.00245	0.01112	0.00776	0.00382	0.01140

[dist]
# distance from previous block
# <min> <max>
0	39

[block]
# block no. 11 follows, 25 sequences, length 21
# corresponding to MSA columns:
# 387-407
name=unknown_L
#
# <colnr> <probs for GDERKNQSTAVLIFYWHMCP>
#	G	D	E	R	K	N	Q	S	T	A	V	L	I	F	Y	W	H	M	C	P
0	0.01097	0.00793	0.01036	0.00975	0.01158	0.00732	0.00732	0.01463	0.02195	0.03109	0.67505	0.05792	0.07316	0.01585	0.00914	0.00244	0.00366	0.01402	0.00854	0.00732
1	0.01552	0.07309	0.45017	0.01978	0.02837	0.01637	0.06450	0.02226	0.01636	0.04591	0.02004	0.15458	0.01837	0.01065	0.00785	0.00255	0.00985	0.00912	0.00430	0.01035
2	0.07051	0.47908	0.08185	0.01519	0.02176	0.02642	0.04958	0.02629	0.12089	0.02246	0.01464	0.01588	0.01216	0.00735	0.00584	0.00198	0.00829	0.00529	0.00419	0.01036
3	0.01048	0.00763	0.00999	0.01082	0.01216	0.00713	0.00808	0.01306	0.01800	0.02428	0.25647	0.33011	0.11129	0.02055	0.00973	0.00294	0.00465	0.12818	0.00763	0.00681
