[name]
unknown

[dist]
# distance from previous block
# <min> <max>
0	142

[block]
# block no. 0 follows, 24 sequences, length 12
# corresponding to MSA columns:
# 149-160
name=unknown_A
#
# <colnr> <probs for GDERKNQSTAVLIFYWHMCP>
#	G	D	E	R	K	N	Q	S	T	A	V	L	I	F	Y	W	H	M	C	P
0	0.01566	0.03505	0.01938	0.01566	0.01879	0.01280	0.12873	0.08687	0.01799	0.02537	0.04299	0.12332	0.02563	0.10803	0.10140	0.03422	0.00946	0.04604	0.12445	0.00814
1	0.16548	0.02220	0.20016	0.17215	0.09380	0.01728	0.01969	0.06025	0.01785	0.08245	0.01738	0.02352	0.01371	0.00889	0.00745	0.00258	0.00925	0.05058	0.00484	0.01048
2	0.49110	0.01892	0.01474	0.06250	0.01986	0.14389	0.01084	0.02532	0.01611	0.07008	0.01359	0.01558	0.01039	0.00781	0.00577	0.00235	0.00790	0.00505	0.04923	0.00895
3	0.02176	0.01339	0.01573	0.01325	0.01690	0.01366	0.01017	0.19077	0.06253	0.16431	0.15743	0.08622	0.03361	0.14681	0.01453	0.00350	0.00666	0.01084	0.00785	0.01005
4	0.01915	0.01253	0.01484	0.01365	0.03687	0.01298	0.00966	0.12138	0.11577	0.11363	0.10565	0.06268	0.02992	0.24430	0.01970	0.03392	0.00694	0.01039	0.00695	0.00909
5	0.62637	0.01464	0.01243	0.01081	0.01574	0.01632	0.00888	0.02533	0.01503	0.13069	0.01484	0.01587	0.01086	0.00783	0.00540	0.00242	0.00610	0.00501	0.04618	0.00925
6	0.01363	0.00987	0.01204	0.01234	0.01400	0.00993	0.00883	0.13129	0.01978	0.02653	0.07453	0.54687	0.04635	0.02145	0.00966	0.00302	0.00533	0.01916	0.00755	0.00783
7	0.01489	0.01109	0.01484	0.01379	0.01613	0.01269	0.01089	0.13360	0.01739	0.02438	0.02082	0.02886	0.01863	0.05002	0.56086	0.01078	0.01887	0.00824	0.00495	0.00829
8	0.01153	0.00769	0.00865	0.00865	0.00865	0.00769	0.00480	0.01153	0.01153	0.01538	0.02499	0.05189	0.02883	0.72131	0.04036	0.00769	0.00769	0.01153	0.00480	0.00480
9	0.01733	0.01513	0.01831	0.01380	0.01948	0.01390	0.01120	0.05237	0.01672	0.02582	0.01365	0.01675	0.01158	0.00758	0.00979	0.00167	0.13864	0.00525	0.00463	0.58639
10	0.02081	0.02135	0.04133	0.02993	0.03724	0.02112	0.49345	0.14240	0.02191	0.02974	0.01633	0.02075	0.01223	0.00757	0.00991	0.00266	0.04660	0.00882	0.00473	0.01112
11	0.07631	0.02631	0.14858	0.08877	0.20312	0.15530	0.02025	0.07840	0.07862	0.02728	0.01583	0.01852	0.01229	0.00802	0.00747	0.00239	0.01037	0.00642	0.00460	0.01117

[dist]
# distance from previous block
# <min> <max>
0	19

[block]
# block no. 1 follows, 24 sequences, length 38
# corresponding to MSA columns:
# 180-217
name=unknown_B
#
# <colnr> <probs for GDERKNQSTAVLIFYWHMCP>
#	G	D	E	R	K	N	Q	S	T	A	V	L	I	F	Y	W	H	M	C	P
0	0.01753	0.06034	0.32108	0.02140	0.07524	0.01791	0.04659	0.09642	0.07773	0.02822	0.05254	0.10874	0.02057	0.01057	0.00803	0.00256	0.00933	0.00898	0.00516	0.01107
1	0.01113	0.00831	0.01233	0.01255	0.01385	0.00951	0.00962	0.01380	0.01303	0.01862	0.02385	0.11082	0.02362	0.05545	0.61083	0.01164	0.01931	0.01013	0.00461	0.00701
2	0.01863	0.01502	0.01817	0.09676	0.07331	0.01634	0.01334	0.17913	0.15141	0.03076	0.03364	0.04025	0.12982	0.08427	0.01173	0.00316	0.00748	0.05996	0.00667	0.01015
3	0.01577	0.03711	0.60197	0.02083	0.03140	0.01713	0.02654	0.02434	0.01673	0.02563	0.01558	0.01823	0.01124	0.00773	0.00730	0.00243	0.01079	0.00604	0.09197	0.01122
4	0.02257	0.01983	0.01886	0.01632	0.02069	0.10401	0.01262	0.18462	0.35076	0.03347	0.02567	0.02768	0.02036	0.09277	0.01168	0.00311	0.00805	0.00833	0.00715	0.01146
5	0.01122	0.00809	0.00964	0.00949	0.01160	0.00738	0.00728	0.01442	0.02009	0.02772	0.36199	0.06355	0.24464	0.01706	0.00905	0.00257	0.00413	0.06668	0.09619	0.00722
6	0.01175	0.00831	0.01182	0.01182	0.01318	0.00945	0.00902	0.01447	0.01311	0.01948	0.02206	0.03252	0.02056	0.10310	0.56175	0.01110	0.01819	0.00859	0.09281	0.00695
7	0.01143	0.00796	0.01045	0.00993	0.01162	0.00738	0.00734	0.01426	0.02083	0.02922	0.56409	0.05595	0.09555	0.01771	0.01187	0.09168	0.00412	0.01359	0.00805	0.00698
8	0.68864	0.01441	0.01116	0.01007	0.01463	0.01658	0.00823	0.02275	0.01386	0.03488	0.01277	0.01482	0.00995	0.00758	0.00498	0.00238	0.00585	0.00465	0.09335	0.00845
9	0.01814	0.01970	0.04255	0.03074	0.03783	0.01852	0.56906	0.02365	0.01774	0.02405	0.01578	0.02171	0.01223	0.00911	0.01187	0.09183	0.01262	0.00907	0.00394	0.00985
10	0.01891	0.01764	0.06438	0.01974	0.09837	0.01456	0.07708	0.06727	0.06469	0.05891	0.04114	0.02054	0.01549	0.00737	0.00709	0.00185	0.00761	0.00651	0.00531	0.38555
11	0.03308	0.01442	0.02087	0.01594	0.02213	0.01291	0.06727	0.03770	0.06304	0.57869	0.03001	0.02666	0.01925	0.00960	0.00810	0.00249	0.00730	0.00816	0.00919	0.01319
12	0.75017	0.01615	0.01205	0.01079	0.01567	0.04219	0.00883	0.02361	0.01382	0.03499	0.01109	0.01293	0.00865	0.00739	0.00499	0.00244	0.00643	0.00432	0.00488	0.00861
13	0.02400	0.01822	0.01964	0.01657	0.02172	0.02045	0.01320	0.21401	0.42840	0.09085	0.02842	0.02636	0.02077	0.01033	0.00802	0.00258	0.00701	0.00836	0.00817	0.01290
14	0.01735	0.01355	0.01611	0.01182	0.01833	0.01037	0.00938	0.02052	0.01658	0.06697	0.01616	0.04038	0.01366	0.00755	0.00707	0.02961	0.00592	0.00557	0.00507	0.66802
15	0.01051	0.00787	0.00976	0.00973	0.01152	0.00711	0.00713	0.01342	0.02011	0.02730	0.41864	0.18445	0.20594	0.01869	0.00950	0.00267	0.00396	0.01640	0.00817	0.00711
16	0.00966	0.00690	0.00920	0.01104	0.01150	0.00644	0.00736	0.01104	0.01518	0.02024	0.04371	0.71614	0.05245	0.02484	0.01012	0.00322	0.00460	0.02254	0.00736	0.00644
17	0.01872	0.02139	0.04679	0.03342	0.04144	0.02005	0.64305	0.02540	0.01872	0.02540	0.01604	0.02139	0.01203	0.00668	0.00936	0.00267	0.01337	0.00936	0.00401	0.01070
18	0.01081	0.00784	0.01019	0.01013	0.01173	0.00722	0.00740	0.01396	0.02068	0.02885	0.50735	0.20408	0.09355	0.01826	0.00952	0.00266	0.00394	0.01624	0.00837	0.00722
19	0.01667	0.01642	0.02272	0.01959	0.01973	0.02261	0.01618	0.01833	0.01242	0.01903	0.01469	0.02200	0.04512	0.04735	0.02584	0.00363	0.63790	0.00766	0.00373	0.00839
20	0.08021	0.01496	0.01847	0.01440	0.02018	0.01434	0.01183	0.15791	0.02502	0.46179	0.07509	0.02690	0.02181	0.01008	0.00787	0.00244	0.00688	0.00805	0.00904	0.01273
21	0.01248	0.00892	0.01244	0.01427	0.01596	0.00887	0.01226	0.01592	0.01796	0.02340	0.04215	0.14905	0.04628	0.02219	0.01087	0.00361	0.00705	0.56180	0.00731	0.00722
22	0.01426	0.01194	0.02045	0.22484	0.03012	0.01249	0.11613	0.01802	0.01695	0.05461	0.07305	0.28974	0.03282	0.01529	0.00920	0.00288	0.00799	0.03505	0.00586	0.00831
23	0.01934	0.48555	0.26580	0.01674	0.02526	0.02683	0.01909	0.02423	0.01633	0.02092	0.01215	0.01413	0.01013	0.00705	0.00595	0.00198	0.00962	0.00481	0.00338	0.01072
24	0.05893	0.02279	0.02169	0.08138	0.05567	0.17063	0.01507	0.24792	0.12204	0.03324	0.01853	0.02115	0.01453	0.04580	0.00993	0.00269	0.03384	0.00704	0.00605	0.01108
25	0.02100	0.29504	0.13614	0.05216	0.10031	0.07194	0.01742	0.04920	0.04150	0.05414	0.01456	0.01657	0.01169	0.00740	0.00652	0.00202	0.00924	0.00553	0.00428	0.08336
26	0.02610	0.02010	0.02279	0.01802	0.02366	0.02223	0.04515	0.44528	0.16220	0.04293	0.02191	0.02296	0.01640	0.03758	0.03287	0.00301	0.00885	0.00783	0.00752	0.01261
27	0.01602	0.04020	0.65398	0.02305	0.03462	0.01848	0.05473	0.02512	0.01682	0.02512	0.01431	0.01693	0.01013	0.00750	0.00761	0.00252	0.01179	0.00600	0.00338	0.01168
28	0.01671	0.01727	0.05650	0.41665	0.16873	0.01833	0.09484	0.02350	0.06462	0.02313	0.01585	0.02132	0.01212	0.00781	0.00807	0.00259	0.01041	0.00741	0.00399	0.01016
29	0.01787	0.01405	0.01659	0.01192	0.01890	0.01065	0.00957	0.02136	0.01691	0.07454	0.01538	0.01723	0.01233	0.00617	0.00603	0.00127	0.00594	0.00494	0.00508	0.71326
30	0.01592	0.01526	0.02176	0.05287	0.02105	0.02083	0.01597	0.01807	0.01246	0.01900	0.01295	0.02054	0.01246	0.02349	0.16934	0.00544	0.52334	0.00728	0.00364	0.00833
31	0.01145	0.00769	0.00882	0.00890	0.00897	0.00772	0.00510	0.01161	0.01172	0.01568	0.02559	0.07757	0.02944	0.66900	0.06329	0.00770	0.00807	0.01186	0.00489	0.00495
32	0.01322	0.00935	0.01222	0.01189	0.01363	0.01051	0.00905	0.04065	0.05896	0.02218	0.02307	0.03241	0.02088	0.11272	0.43743	0.00933	0.01545	0.00860	0.13092	0.00753
33	0.00966	0.00690	0.00920	0.01104	0.01150	0.00644	0.00736	0.01104	0.01518	0.02024	0.04371	0.71614	0.05245	0.02484	0.01012	0.00322	0.00460	0.02254	0.00736	0.00644
34	0.01531	0.00860	0.00959	0.06006	0.01354	0.00903	0.00740	0.04595	0.01730	0.02924	0.02447	0.02855	0.01927	0.01152	0.03809	0.00244	0.00526	0.00741	0.63923	0.00775
35	0.07777	0.01414	0.04397	0.07229	0.02149	0.01340	0.05850	0.10104	0.01743	0.02584	0.03919	0.02237	0.01527	0.01711	0.06545	0.20751	0.00876	0.00688	0.02627	0.14530
36	0.03728	0.01639	0.01937	0.09542	0.02403	0.06001	0.04297	0.12915	0.15268	0.02869	0.02764	0.15800	0.04280	0.01374	0.01016	0.00282	0.06936	0.05325	0.00639	0.00986
37	0.09312	0.02235	0.02306	0.15412	0.14378	0.17854	0.01705	0.13723	0.06942	0.02902	0.01576	0.01852	0.01225	0.00818	0.00736	0.00232	0.00997	0.00638	0.00504	0.04654

[dist]
# distance from previous block
# <min> <max>
1	6

[block]
# block no. 2 follows, 24 sequences, length 31
# corresponding to MSA columns:
# 224-254
name=unknown_C
#
# <colnr> <probs for GDERKNQSTAVLIFYWHMCP>
#	G	D	E	R	K	N	Q	S	T	A	V	L	I	F	Y	W	H	M	C	P
0	0.02066	0.01364	0.01811	0.09714	0.02295	0.01367	0.01255	0.02509	0.05894	0.19146	0.04300	0.07589	0.01967	0.01195	0.03103	0.00264	0.09962	0.00819	0.00625	0.22755
1	0.01263	0.01032	0.01531	0.01624	0.06798	0.01209	0.01158	0.01534	0.01329	0.01911	0.02216	0.03136	0.04651	0.07401	0.50224	0.01019	0.09907	0.00867	0.00429	0.00761
2	0.09416	0.01651	0.01882	0.01603	0.04700	0.01713	0.01242	0.25330	0.07768	0.21408	0.05443	0.02956	0.09204	0.01086	0.00790	0.00247	0.00706	0.00862	0.00799	0.01194
3	0.02725	0.01962	0.02247	0.01954	0.07547	0.02108	0.01468	0.45347	0.05832	0.09207	0.02185	0.07179	0.01716	0.01040	0.00802	0.00242	0.00812	0.00833	0.00760	0.04036
4	0.01344	0.00689	0.01024	0.01039	0.01043	0.00685	0.00693	0.01039	0.01072	0.01430	0.01620	0.08030	0.01691	0.02733	0.02930	0.70707	0.00670	0.00816	0.00376	0.00369
5	0.01153	0.00769	0.00865	0.00865	0.00865	0.00769	0.00480	0.01153	0.01153	0.01538	0.02499	0.05189	0.02883	0.72131	0.04036	0.00769	0.00769	0.01153	0.00480	0.00480
6	0.01759	0.01773	0.02405	0.04665	0.02309	0.06240	0.06266	0.02144	0.05926	0.02054	0.01388	0.02006	0.01259	0.01779	0.09805	0.00430	0.45766	0.00733	0.00397	0.00895
7	0.01094	0.00799	0.01056	0.01216	0.01348	0.00761	0.00947	0.01336	0.01685	0.02187	0.04770	0.36934	0.12894	0.02299	0.01038	0.00333	0.00567	0.27321	0.00734	0.00684
8	0.02294	0.58409	0.03762	0.01498	0.02121	0.16715	0.01393	0.02538	0.01742	0.01881	0.01128	0.01305	0.01018	0.00707	0.00551	0.00177	0.00968	0.00442	0.00354	0.00997
9	0.06920	0.02202	0.25586	0.01518	0.02176	0.01344	0.01608	0.02137	0.06787	0.02685	0.12691	0.05790	0.12350	0.01179	0.00793	0.00244	0.00745	0.02722	0.00567	0.09956
10	0.02437	0.02260	0.02261	0.10253	0.02703	0.22188	0.06133	0.12554	0.04597	0.10430	0.07660	0.04590	0.01975	0.01016	0.00914	0.00246	0.05363	0.00798	0.00593	0.01029
11	0.02153	0.01793	0.01895	0.01650	0.02131	0.02057	0.01299	0.14654	0.55019	0.03608	0.02998	0.02776	0.02235	0.01054	0.00805	0.00264	0.00670	0.00865	0.00805	0.01271
12	0.77733	0.01534	0.01166	0.01043	0.01534	0.01779	0.00859	0.02331	0.01350	0.03558	0.01104	0.01288	0.00859	0.00736	0.00491	0.00245	0.00613	0.00429	0.00491	0.00859
13	0.01176	0.01324	0.10828	0.01192	0.01543	0.00941	0.01078	0.01646	0.04696	0.02690	0.31340	0.11095	0.21033	0.01668	0.00918	0.00267	0.00534	0.04490	0.00738	0.00803
14	0.00963	0.00701	0.00909	0.01075	0.01142	0.00647	0.00723	0.01107	0.01546	0.02036	0.04728	0.65375	0.11253	0.02438	0.01005	0.00317	0.00454	0.02198	0.00736	0.00647
15	0.02438	0.01790	0.01992	0.01608	0.02075	0.01982	0.01290	0.45081	0.02959	0.03991	0.02015	0.02515	0.01647	0.10105	0.14310	0.00499	0.01102	0.00791	0.00686	0.01125
16	0.01068	0.00763	0.01037	0.01220	0.01311	0.00732	0.00913	0.01280	0.01618	0.02138	0.04315	0.51182	0.05023	0.02389	0.01039	0.00336	0.00548	0.21684	0.00734	0.00672
17	0.02795	0.08436	0.02448	0.04986	0.05731	0.53140	0.01590	0.07581	0.02262	0.02198	0.01288	0.01509	0.01058	0.00811	0.00713	0.00208	0.01307	0.00537	0.00429	0.00973
18	0.01925	0.01846	0.03150	0.10175	0.62172	0.01874	0.02415	0.02401	0.01788	0.02545	0.01485	0.01975	0.01240	0.00714	0.00786	0.00238	0.00951	0.00706	0.00389	0.01226
19	0.02012	0.01785	0.01811	0.01631	0.02077	0.04619	0.01266	0.04172	0.63243	0.03263	0.03148	0.02898	0.02365	0.01066	0.00803	0.00266	0.00659	0.00881	0.00791	0.01242
20	0.00966	0.00690	0.00920	0.01104	0.01150	0.00644	0.00736	0.01104	0.01518	0.02024	0.04371	0.71614	0.05245	0.02484	0.01012	0.00322	0.00460	0.02254	0.00736	0.00644
21	0.01735	0.20400	0.49577	0.02171	0.06197	0.02154	0.02529	0.02475	0.01666	0.02361	0.01350	0.01592	0.01020	0.00733	0.00696	0.00231	0.01083	0.00553	0.00339	0.01139
22	0.01593	0.07443	0.30802	0.01629	0.02220	0.01446	0.01757	0.04411	0.01469	0.02062	0.01399	0.01983	0.01186	0.01649	0.01784	0.34462	0.00921	0.00625	0.00358	0.00799
23	0.02585	0.05719	0.02270	0.04588	0.02418	0.07638	0.01441	0.37445	0.17461	0.04009	0.04819	0.02251	0.01795	0.00977	0.00782	0.00240	0.00847	0.00754	0.00727	0.01231
24	0.02120	0.72609	0.04155	0.01357	0.02035	0.03138	0.01357	0.02374	0.01611	0.01866	0.01102	0.01272	0.01018	0.00678	0.00509	0.00170	0.00848	0.00424	0.00339	0.01018
25	0.01140	0.00763	0.00869	0.00882	0.00885	0.00760	0.00499	0.01150	0.01180	0.01573	0.02634	0.09981	0.03053	0.67107	0.03818	0.00737	0.00747	0.01233	0.00499	0.00492
26	0.06740	0.13165	0.05327	0.01487	0.02109	0.01797	0.01310	0.14862	0.04324	0.33770	0.05483	0.02363	0.01875	0.00938	0.00739	0.00233	0.00744	0.00727	0.00776	0.01230
27	0.05273	0.01871	0.02047	0.01647	0.02152	0.05175	0.03955	0.37391	0.02846	0.03867	0.04861	0.12563	0.02177	0.03270	0.00902	0.00257	0.00801	0.00957	0.00705	0.07282
28	0.01404	0.00948	0.01176	0.01139	0.01385	0.00852	0.00822	0.04585	0.01754	0.07923	0.07073	0.40972	0.08801	0.04589	0.01025	0.00290	0.00521	0.01655	0.00716	0.12371
29	0.05859	0.06995	0.02101	0.06252	0.02252	0.11429	0.01377	0.19805	0.04621	0.02907	0.01730	0.02143	0.01432	0.02324	0.19946	0.00529	0.06086	0.00693	0.00528	0.00992
30	0.05895	0.02079	0.02995	0.02441	0.07230	0.07446	0.21659	0.16775	0.02217	0.03067	0.04022	0.02025	0.01427	0.00868	0.01023	0.00248	0.09444	0.00758	0.00514	0.07869

[dist]
# distance from previous block
# <min> <max>
2	11

[block]
# block no. 3 follows, 24 sequences, length 10
# corresponding to MSA columns:
# 266-275
name=unknown_D
#
# <colnr> <probs for GDERKNQSTAVLIFYWHMCP>
#	G	D	E	R	K	N	Q	S	T	A	V	L	I	F	Y	W	H	M	C	P
0	0.01851	0.08203	0.03040	0.11859	0.49264	0.01894	0.02185	0.02284	0.01741	0.02418	0.01656	0.06985	0.01501	0.00843	0.00777	0.00239	0.00912	0.00793	0.00408	0.01146
1	0.00966	0.00690	0.00920	0.01104	0.01150	0.00644	0.00736	0.01104	0.01518	0.02024	0.04371	0.71614	0.05245	0.02484	0.01012	0.00322	0.00460	0.02254	0.00736	0.00644
2	0.02062	0.01682	0.01746	0.01466	0.01907	0.04998	0.01145	0.21242	0.20320	0.03458	0.11983	0.03280	0.05600	0.07224	0.01081	0.00282	0.00702	0.00918	0.00730	0.08175
3	0.00993	0.00706	0.00936	0.01110	0.01161	0.00665	0.00751	0.01135	0.01514	0.02016	0.04259	0.64635	0.05079	0.06301	0.01183	0.00349	0.00491	0.05355	0.00722	0.00640
4	0.01849	0.01751	0.02851	0.06233	0.24349	0.01898	0.12652	0.07147	0.06471	0.02609	0.01930	0.10329	0.01767	0.01081	0.01159	0.00275	0.13145	0.00943	0.00486	0.01072
5	0.02195	0.01120	0.01451	0.01228	0.01614	0.01042	0.00969	0.02733	0.08749	0.29316	0.34518	0.04315	0.04731	0.01307	0.00866	0.00250	0.00522	0.01122	0.00910	0.01043
6	0.08511	0.01345	0.06235	0.04943	0.01962	0.01219	0.01313	0.05222	0.05242	0.06497	0.06583	0.06045	0.10322	0.01643	0.00927	0.00306	0.00715	0.29410	0.00689	0.00871
7	0.02059	0.01015	0.01346	0.01147	0.01485	0.00910	0.00890	0.02382	0.02180	0.27837	0.38005	0.04637	0.05054	0.06143	0.01092	0.00283	0.00516	0.01171	0.00888	0.00961
8	0.02022	0.04964	0.01815	0.05264	0.02013	0.01419	0.03383	0.13371	0.07293	0.14778	0.09619	0.24362	0.03361	0.01483	0.00869	0.00268	0.00662	0.01293	0.00757	0.01006
9	0.01908	0.01803	0.01903	0.01602	0.04339	0.11233	0.04369	0.08356	0.06667	0.02749	0.05537	0.06054	0.06242	0.00949	0.00731	0.00193	0.00763	0.00787	0.00563	0.33252

[dist]
# distance from previous block
# <min> <max>
1	3

[block]
# block no. 4 follows, 24 sequences, length 6
# corresponding to MSA columns:
# 279-284
name=unknown_E
#
# <colnr> <probs for GDERKNQSTAVLIFYWHMCP>
#	G	D	E	R	K	N	Q	S	T	A	V	L	I	F	Y	W	H	M	C	P
0	0.08037	0.01865	0.02938	0.10364	0.28583	0.04848	0.14079	0.05801	0.01879	0.02687	0.01684	0.02439	0.01432	0.00835	0.00803	0.00248	0.00990	0.05294	0.00450	0.04745
1	0.02088	0.07061	0.02869	0.20177	0.32711	0.11676	0.02095	0.07437	0.01956	0.02499	0.01439	0.01870	0.01163	0.00762	0.00758	0.00234	0.01029	0.00658	0.00413	0.01105
2	0.02189	0.01575	0.02031	0.01903	0.09734	0.01575	0.04221	0.20305	0.05938	0.11498	0.07512	0.08927	0.06511	0.03548	0.00928	0.00257	0.00727	0.00984	0.00705	0.08930
3	0.07832	0.01478	0.01943	0.01652	0.02016	0.04017	0.10857	0.11381	0.05542	0.02745	0.02815	0.19523	0.05129	0.06020	0.01199	0.02677	0.03019	0.05735	0.00613	0.03808
4	0.01478	0.00739	0.00739	0.00739	0.00924	0.00739	0.00554	0.01848	0.01663	0.02956	0.02587	0.02956	0.02033	0.00924	0.00554	0.00185	0.00370	0.00739	0.76534	0.00739
5	0.16135	0.01560	0.01749	0.01572	0.03985	0.05909	0.05142	0.07501	0.06632	0.02829	0.08717	0.08857	0.09400	0.04713	0.01123	0.00284	0.07857	0.00985	0.00594	0.04454

[dist]
# distance from previous block
# <min> <max>
2	8

[block]
# block no. 5 follows, 24 sequences, length 10
# corresponding to MSA columns:
# 293-302
name=unknown_F
#
# <colnr> <probs for GDERKNQSTAVLIFYWHMCP>
#	G	D	E	R	K	N	Q	S	T	A	V	L	I	F	Y	W	H	M	C	P
0	0.01749	0.01070	0.01353	0.01153	0.01504	0.00979	0.00899	0.04735	0.04688	0.15370	0.42605	0.04575	0.05314	0.01341	0.00861	0.00235	0.00484	0.01160	0.00844	0.09082
1	0.05435	0.11378	0.09131	0.18458	0.05060	0.04448	0.05743	0.08023	0.01786	0.02482	0.01400	0.01868	0.01144	0.02944	0.01028	0.00253	0.09088	0.00638	0.00419	0.09274
2	0.00995	0.00806	0.00883	0.00864	0.01107	0.00694	0.00648	0.01250	0.01944	0.02466	0.26355	0.07099	0.48339	0.01888	0.00937	0.00262	0.00393	0.01599	0.00779	0.00694
3	0.01965	0.01700	0.01841	0.01837	0.08375	0.07106	0.01292	0.15811	0.20266	0.03103	0.05149	0.10520	0.08120	0.01701	0.07207	0.00353	0.00869	0.01038	0.00683	0.01061
4	0.00972	0.00718	0.00893	0.01029	0.01117	0.00657	0.00693	0.01114	0.01554	0.02018	0.04998	0.54596	0.17575	0.06649	0.01182	0.00338	0.00467	0.02069	0.00721	0.00639
5	0.02168	0.26202	0.06736	0.01593	0.02166	0.08581	0.01428	0.12460	0.17985	0.02799	0.02277	0.02537	0.04698	0.00980	0.00713	0.00228	0.00844	0.03936	0.00572	0.01097
6	0.01153	0.00769	0.00865	0.00865	0.00865	0.00769	0.00480	0.01153	0.01153	0.01538	0.02499	0.05189	0.02883	0.72131	0.04036	0.00769	0.00769	0.01153	0.00480	0.00480
7	0.01205	0.00926	0.01081	0.01065	0.01282	0.00831	0.00782	0.01422	0.01987	0.02638	0.29171	0.12025	0.31693	0.02346	0.07368	0.00388	0.00618	0.01578	0.00806	0.00788
8	0.02968	0.03610	0.02262	0.02019	0.02452	0.61703	0.01529	0.09854	0.02409	0.02274	0.01300	0.01482	0.01057	0.00832	0.00724	0.00208	0.01369	0.00533	0.00450	0.00966
9	0.06442	0.11214	0.02114	0.01438	0.02012	0.01671	0.01200	0.03678	0.18379	0.39209	0.02781	0.02504	0.01899	0.00953	0.00746	0.00241	0.00684	0.00754	0.00826	0.01257

[dist]
# distance from previous block
# <min> <max>
7	10

[block]
# block no. 6 follows, 24 sequences, length 12
# corresponding to MSA columns:
# 313-324
name=unknown_G
#
# <colnr> <probs for GDERKNQSTAVLIFYWHMCP>
#	G	D	E	R	K	N	Q	S	T	A	V	L	I	F	Y	W	H	M	C	P
0	0.01984	0.27316	0.14870	0.02352	0.16068	0.07785	0.01867	0.02607	0.08120	0.02323	0.01691	0.02234	0.01466	0.00860	0.00701	0.00225	0.00944	0.05067	0.00431	0.01090
1	0.01172	0.00880	0.01160	0.01316	0.03569	0.00840	0.00925	0.01469	0.04458	0.02179	0.03835	0.43403	0.04375	0.07154	0.01198	0.00343	0.00571	0.14173	0.00689	0.06291
2	0.01957	0.02415	0.19378	0.03368	0.34851	0.01868	0.02257	0.12570	0.02089	0.02930	0.02081	0.02347	0.06616	0.00866	0.00791	0.00243	0.00945	0.00757	0.00472	0.01202
3	0.01796	0.05346	0.23431	0.10606	0.27159	0.01925	0.06943	0.02587	0.07757	0.02540	0.01617	0.01968	0.01252	0.00761	0.00778	0.00246	0.01022	0.00692	0.00408	0.01166
4	0.00989	0.00721	0.00937	0.01101	0.01182	0.00669	0.00766	0.01152	0.01575	0.02066	0.04755	0.59485	0.11894	0.02408	0.01011	0.00320	0.00476	0.07104	0.00736	0.00654
5	0.01478	0.00739	0.00739	0.00739	0.00924	0.00739	0.00554	0.01848	0.01663	0.02956	0.02587	0.02956	0.02033	0.00924	0.00554	0.00185	0.00370	0.00739	0.76534	0.00739
6	0.01150	0.00782	0.00934	0.00934	0.00958	0.00806	0.00567	0.01197	0.01174	0.01589	0.02435	0.04840	0.02731	0.60974	0.14986	0.00854	0.00997	0.01102	0.00471	0.00519
7	0.01644	0.01409	0.01644	0.01175	0.01879	0.01057	0.00940	0.01997	0.01644	0.02584	0.01409	0.01644	0.01175	0.00587	0.00587	0.00117	0.00587	0.00470	0.00470	0.76979
8	0.01726	0.17757	0.27199	0.01908	0.02597	0.02126	0.04782	0.02244	0.01598	0.02286	0.05181	0.01874	0.01426	0.00913	0.01119	0.00244	0.16536	0.00632	0.00385	0.07467
9	0.04994	0.01781	0.06096	0.24719	0.33972	0.01835	0.02216	0.02231	0.01668	0.02391	0.01534	0.02263	0.01296	0.00854	0.00920	0.00260	0.06076	0.03434	0.00393	0.01065
10	0.01873	0.47695	0.13625	0.01619	0.05536	0.02516	0.01562	0.02251	0.01699	0.02139	0.07496	0.02146	0.05286	0.00851	0.00624	0.00198	0.00836	0.00625	0.00412	0.01010
11	0.02107	0.01361	0.01554	0.01338	0.01735	0.01395	0.01049	0.15051	0.14115	0.15650	0.06819	0.06536	0.13969	0.09061	0.01205	0.00318	0.00649	0.04270	0.00787	0.01033

[dist]
# distance from previous block
# <min> <max>
0	7

[block]
# block no. 7 follows, 24 sequences, length 36
# corresponding to MSA columns:
# 332-367
name=unknown_H
#
# <colnr> <probs for GDERKNQSTAVLIFYWHMCP>
#	G	D	E	R	K	N	Q	S	T	A	V	L	I	F	Y	W	H	M	C	P
0	0.02588	0.02756	0.02213	0.02161	0.09730	0.34265	0.01517	0.17418	0.06552	0.02845	0.02243	0.02338	0.07978	0.00975	0.00770	0.00226	0.01086	0.00725	0.00557	0.01055
1	0.01797	0.01500	0.01726	0.01247	0.01944	0.01214	0.01003	0.08978	0.01877	0.02853	0.01465	0.01673	0.01194	0.00628	0.00610	0.00131	0.00619	0.00497	0.00506	0.68537
2	0.01735	0.01735	0.02429	0.02082	0.02082	0.02429	0.01735	0.01908	0.01214	0.01908	0.01041	0.01735	0.01041	0.01388	0.02602	0.00347	0.70680	0.00694	0.00347	0.00867
3	0.00948	0.00804	0.00819	0.00815	0.01078	0.00674	0.00611	0.01160	0.01834	0.02205	0.11584	0.07528	0.63273	0.01985	0.00937	0.00267	0.00400	0.01659	0.00745	0.00674
4	0.01627	0.01408	0.02037	0.06692	0.22952	0.01475	0.01648	0.02409	0.14928	0.02598	0.03257	0.04961	0.07644	0.01387	0.00906	0.00290	0.00772	0.21383	0.00615	0.01011
5	0.01590	0.04102	0.68023	0.02260	0.03432	0.01842	0.02930	0.02511	0.01674	0.02511	0.01423	0.01674	0.01005	0.00753	0.00753	0.00251	0.01172	0.00586	0.00335	0.01172
6	0.02962	0.03779	0.02247	0.02043	0.02451	0.68948	0.01532	0.03166	0.02247	0.01941	0.01226	0.01430	0.01021	0.00817	0.00715	0.00204	0.01430	0.00511	0.00409	0.00919
7	0.01498	0.01409	0.02378	0.70226	0.05462	0.01762	0.02202	0.02026	0.01586	0.02026	0.01409	0.02114	0.01057	0.00793	0.00793	0.00264	0.01057	0.00705	0.00352	0.00881
8	0.01211	0.00975	0.04185	0.01094	0.01232	0.00844	0.00807	0.01336	0.01351	0.01836	0.02785	0.14198	0.03111	0.37575	0.05301	0.05687	0.00776	0.09718	0.00532	0.05447
9	0.01736	0.01464	0.01693	0.01218	0.01918	0.01151	0.00978	0.06171	0.01783	0.02745	0.01442	0.01662	0.01186	0.00612	0.00601	0.00125	0.00606	0.00486	0.00491	0.71931
10	0.77733	0.01534	0.01166	0.01043	0.01534	0.01779	0.00859	0.02331	0.01350	0.03558	0.01104	0.01288	0.00859	0.00736	0.00491	0.00245	0.00613	0.00429	0.00491	0.00859
11	0.02638	0.01293	0.01661	0.01307	0.01851	0.01131	0.01055	0.03110	0.06885	0.38877	0.14028	0.03082	0.02818	0.01025	0.00782	0.00223	0.00601	0.00853	0.00850	0.15931
12	0.01033	0.00730	0.00930	0.01048	0.01107	0.00693	0.00699	0.01170	0.01514	0.02022	0.08874	0.46862	0.06735	0.18130	0.01691	0.00418	0.00533	0.04502	0.00689	0.00620
13	0.01432	0.01309	0.02173	0.58786	0.04782	0.01609	0.01996	0.01914	0.01571	0.02027	0.01751	0.06870	0.01517	0.01283	0.05169	0.00336	0.01075	0.03155	0.00396	0.00849
14	0.01872	0.02139	0.04679	0.03342	0.04144	0.02005	0.64305	0.02540	0.01872	0.02540	0.01604	0.02139	0.01203	0.00668	0.00936	0.00267	0.01337	0.00936	0.00401	0.01070
15	0.00966	0.00690	0.00920	0.01104	0.01150	0.00644	0.00736	0.01104	0.01518	0.02024	0.04371	0.71614	0.05245	0.02484	0.01012	0.00322	0.00460	0.02254	0.00736	0.00644
16	0.01534	0.01481	0.02604	0.63671	0.05333	0.01786	0.08288	0.02076	0.01614	0.02076	0.01429	0.02117	0.01071	0.00781	0.00807	0.00265	0.01085	0.00727	0.00357	0.00899
17	0.01548	0.01507	0.02686	0.61275	0.05285	0.01794	0.10513	0.02095	0.01624	0.02095	0.01436	0.02117	0.01077	0.00776	0.00812	0.00265	0.01095	0.00736	0.00359	0.00906
18	0.01003	0.00706	0.00909	0.01057	0.01094	0.00669	0.00686	0.01114	0.01446	0.01928	0.04001	0.58493	0.04778	0.16241	0.01609	0.00410	0.00521	0.02037	0.00686	0.00612
19	0.02064	0.01741	0.01847	0.01608	0.02093	0.01966	0.01262	0.10598	0.54935	0.03452	0.02968	0.02760	0.02225	0.01031	0.00791	0.00256	0.00652	0.00849	0.00784	0.06117
20	0.01616	0.01508	0.02379	0.40767	0.06372	0.01833	0.04122	0.04368	0.01597	0.02178	0.01415	0.02065	0.01147	0.01237	0.05684	0.00336	0.14506	0.00706	0.00384	0.05780
21	0.01731	0.01183	0.01738	0.04314	0.06035	0.01198	0.05358	0.05908	0.01839	0.12563	0.05440	0.30523	0.03472	0.04164	0.01148	0.00312	0.05161	0.06328	0.00689	0.00895
22	0.07709	0.24160	0.02687	0.01665	0.02124	0.24521	0.01391	0.05596	0.04493	0.04591	0.01401	0.01641	0.01179	0.01178	0.05212	0.00285	0.08192	0.00554	0.00443	0.00976
23	0.01187	0.00805	0.01016	0.01017	0.01203	0.00727	0.00742	0.01452	0.01943	0.06535	0.32808	0.25871	0.17890	0.01917	0.00951	0.00275	0.00424	0.01689	0.00812	0.00738
24	0.01478	0.00739	0.00739	0.00739	0.00924	0.00739	0.00554	0.01848	0.01663	0.02956	0.02587	0.02956	0.02033	0.00924	0.00554	0.00185	0.00370	0.00739	0.76534	0.00739
25	0.01601	0.01364	0.01598	0.01170	0.01833	0.01031	0.00927	0.01940	0.01636	0.02548	0.01598	0.06108	0.01434	0.00708	0.00614	0.00131	0.00579	0.00584	0.00487	0.72109
26	0.02962	0.03779	0.02247	0.02043	0.02451	0.68948	0.01532	0.03166	0.02247	0.01941	0.01226	0.01430	0.01021	0.00817	0.00715	0.00204	0.01430	0.00511	0.00409	0.00919
27	0.01146	0.00860	0.01239	0.01238	0.01350	0.00991	0.00934	0.01379	0.01272	0.01815	0.02279	0.07726	0.02276	0.14202	0.53823	0.01115	0.04252	0.00974	0.00449	0.00680
28	0.01972	0.01703	0.01793	0.01614	0.02062	0.01972	0.01255	0.04214	0.65752	0.03317	0.03228	0.02959	0.02421	0.01076	0.00807	0.00269	0.00628	0.00897	0.00807	0.01255
29	0.00955	0.00804	0.00829	0.00822	0.01082	0.00677	0.00617	0.01173	0.01850	0.02244	0.13808	0.07464	0.61024	0.01970	0.00937	0.00266	0.00399	0.01650	0.00750	0.00677
30	0.02693	0.02015	0.02164	0.01738	0.02310	0.02246	0.01410	0.42146	0.24138	0.07013	0.02391	0.02285	0.01728	0.00994	0.00798	0.00249	0.00784	0.00778	0.00805	0.01318
31	0.01133	0.00850	0.01274	0.01274	0.01416	0.00991	0.00991	0.01416	0.01274	0.01841	0.02124	0.03115	0.01982	0.05947	0.68989	0.01274	0.02124	0.00850	0.00425	0.00708
32	0.19377	0.02437	0.02074	0.07301	0.02482	0.21565	0.01436	0.25464	0.02501	0.03431	0.01457	0.01641	0.01110	0.00869	0.00772	0.00236	0.03636	0.00590	0.00562	0.01059
33	0.01088	0.00802	0.01018	0.00980	0.01168	0.00731	0.00729	0.01424	0.02140	0.02970	0.55095	0.10526	0.14923	0.01728	0.00941	0.00257	0.00383	0.01519	0.00846	0.00731
34	0.01636	0.12684	0.56708	0.02085	0.03148	0.01955	0.02626	0.02446	0.01693	0.02461	0.04474	0.01824	0.01313	0.00785	0.00731	0.00241	0.01093	0.00605	0.00361	0.01132
35	0.03090	0.01884	0.02145	0.01668	0.02277	0.01987	0.01370	0.38660	0.09392	0.25413	0.02437	0.02269	0.01656	0.00974	0.00796	0.00243	0.00783	0.00759	0.00856	0.01340

[dist]
# distance from previous block
# <min> <max>
0	2

[block]
# block no. 8 follows, 24 sequences, length 11
# corresponding to MSA columns:
# 370-380
name=unknown_I
#
# <colnr> <probs for GDERKNQSTAVLIFYWHMCP>
#	G	D	E	R	K	N	Q	S	T	A	V	L	I	F	Y	W	H	M	C	P
0	0.06729	0.34477	0.31565	0.01710	0.02566	0.02361	0.01977	0.02385	0.01655	0.02324	0.04674	0.01691	0.01340	0.00764	0.00636	0.00214	0.00949	0.00548	0.00375	0.01060
1	0.01982	0.06073	0.08646	0.01507	0.02041	0.01783	0.01325	0.21266	0.15868	0.03401	0.10825	0.03377	0.10503	0.03585	0.00913	0.00260	0.00714	0.00935	0.00700	0.04295
2	0.02045	0.01647	0.01859	0.01364	0.02049	0.01467	0.01105	0.20264	0.02253	0.03289	0.01554	0.01720	0.01225	0.00694	0.00647	0.00153	0.00671	0.00541	0.00564	0.54889
3	0.08644	0.01329	0.01665	0.01330	0.01839	0.01250	0.01081	0.09421	0.02343	0.41569	0.17442	0.03249	0.03081	0.01106	0.00805	0.00246	0.00621	0.00907	0.00900	0.01174
4	0.01644	0.01409	0.01644	0.01175	0.01879	0.01057	0.00940	0.01997	0.01644	0.02584	0.01409	0.01644	0.01175	0.00587	0.00587	0.00117	0.00587	0.00470	0.00470	0.76979
5	0.01153	0.00769	0.00865	0.00865	0.00865	0.00769	0.00480	0.01153	0.01153	0.01538	0.02499	0.05189	0.02883	0.72131	0.04036	0.00769	0.00769	0.01153	0.00480	0.00480
6	0.02780	0.01364	0.05580	0.01379	0.01900	0.01092	0.01180	0.03122	0.02150	0.46376	0.12297	0.09041	0.03079	0.01235	0.00845	0.00258	0.00646	0.03612	0.00896	0.01168
7	0.01110	0.00806	0.01019	0.00968	0.01143	0.00744	0.00709	0.01432	0.02097	0.02926	0.55346	0.05989	0.11899	0.08878	0.01253	0.00304	0.00417	0.01425	0.00821	0.00714
8	0.02751	0.16632	0.02582	0.01891	0.02352	0.52982	0.01484	0.03073	0.05514	0.02000	0.01309	0.01482	0.01095	0.00805	0.00681	0.00201	0.01278	0.00515	0.00417	0.00956
9	0.17687	0.29425	0.23311	0.01693	0.02474	0.06625	0.04172	0.02465	0.01627	0.02448	0.01230	0.01444	0.00988	0.00722	0.00611	0.00217	0.00956	0.00501	0.00376	0.01028
10	0.02889	0.02864	0.02204	0.01878	0.02376	0.34985	0.01465	0.22691	0.10931	0.07297	0.01820	0.01858	0.01366	0.00904	0.00757	0.00226	0.01102	0.00643	0.00618	0.01126

[dist]
# distance from previous block
# <min> <max>
0	1

[block]
# block no. 9 follows, 24 sequences, length 84
# corresponding to MSA columns:
# 382-465
name=unknown_J
#
# <colnr> <probs for GDERKNQSTAVLIFYWHMCP>
#	G	D	E	R	K	N	Q	S	T	A	V	L	I	F	Y	W	H	M	C	P
0	0.02560	0.01932	0.02143	0.01847	0.05295	0.02144	0.01417	0.36398	0.24289	0.06331	0.02348	0.02311	0.01727	0.01064	0.00902	0.03704	0.00778	0.00777	0.00765	0.01268
1	0.01590	0.04102	0.68023	0.02260	0.03432	0.01842	0.02930	0.02511	0.01674	0.02511	0.01423	0.01674	0.01005	0.00753	0.00753	0.00251	0.01172	0.00586	0.00335	0.01172
2	0.00990	0.00708	0.00945	0.01112	0.01173	0.00663	0.00760	0.01154	0.01581	0.02118	0.08609	0.64478	0.05368	0.02413	0.01010	0.00319	0.00466	0.04733	0.00745	0.00655
3	0.01279	0.00840	0.01105	0.01032	0.01240	0.00771	0.00776	0.01635	0.02205	0.07506	0.58859	0.09470	0.06978	0.01627	0.00930	0.00253	0.00399	0.01438	0.00872	0.00783
4	0.01122	0.00811	0.01060	0.00998	0.01185	0.00748	0.00748	0.01496	0.02245	0.03180	0.66766	0.05923	0.07482	0.01621	0.00935	0.00249	0.00374	0.01434	0.00873	0.00748
5	0.02090	0.01836	0.01854	0.01648	0.02107	0.05160	0.01285	0.08269	0.58541	0.03367	0.03043	0.02815	0.02282	0.01055	0.00802	0.00264	0.00682	0.00866	0.00787	0.01246
6	0.03162	0.01402	0.01963	0.13776	0.02662	0.01334	0.01368	0.06427	0.02216	0.52955	0.02762	0.02556	0.01771	0.00946	0.00796	0.00248	0.00753	0.00777	0.00860	0.01265
7	0.01720	0.01503	0.01985	0.04711	0.02281	0.01249	0.06862	0.05415	0.01781	0.02676	0.01551	0.01979	0.01298	0.00680	0.00658	0.00153	0.00699	0.02664	0.00484	0.59652
8	0.01008	0.00722	0.00958	0.01076	0.01159	0.00672	0.00739	0.01209	0.01713	0.02334	0.21114	0.53986	0.05845	0.02253	0.00992	0.00303	0.00437	0.02034	0.00773	0.00672
9	0.02120	0.72609	0.04155	0.01357	0.02035	0.03138	0.01357	0.02374	0.01611	0.01866	0.01102	0.01272	0.01018	0.00678	0.00509	0.00170	0.00848	0.00424	0.00339	0.01018
10	0.01498	0.01409	0.02378	0.70226	0.05462	0.01762	0.02202	0.02026	0.01586	0.02026	0.01409	0.02114	0.01057	0.00793	0.00793	0.00264	0.01057	0.00705	0.00352	0.00881
11	0.01590	0.04102	0.68023	0.02260	0.03432	0.01842	0.02930	0.02511	0.01674	0.02511	0.01423	0.01674	0.01005	0.00753	0.00753	0.00251	0.01172	0.00586	0.00335	0.01172
12	0.01590	0.04102	0.68023	0.02260	0.03432	0.01842	0.02930	0.02511	0.01674	0.02511	0.01423	0.01674	0.01005	0.00753	0.00753	0.00251	0.01172	0.00586	0.00335	0.01172
13	0.02166	0.01914	0.02425	0.18104	0.20496	0.08065	0.01837	0.20030	0.02357	0.03119	0.04355	0.02428	0.01639	0.00915	0.00792	0.00244	0.00937	0.03303	0.03771	0.01102
14	0.01590	0.04102	0.68023	0.02260	0.03432	0.01842	0.02930	0.02511	0.01674	0.02511	0.01423	0.01674	0.01005	0.00753	0.00753	0.00251	0.01172	0.00586	0.00335	0.01172
15	0.01583	0.01245	0.01469	0.09799	0.04817	0.05007	0.01136	0.06745	0.05395	0.02846	0.19039	0.07053	0.03628	0.04048	0.00945	0.00271	0.00650	0.07459	0.16012	0.00851
16	0.01165	0.00897	0.01337	0.01318	0.01452	0.01069	0.01031	0.01443	0.01271	0.01844	0.02066	0.03041	0.01932	0.05701	0.65402	0.01224	0.05828	0.00841	0.00421	0.00717
17	0.01787	0.01922	0.10436	0.40004	0.07049	0.01967	0.02137	0.11425	0.01878	0.02539	0.01441	0.01973	0.01101	0.00885	0.01022	0.00268	0.10057	0.00690	0.00417	0.01001
18	0.01028	0.00750	0.00971	0.01104	0.01200	0.00688	0.00760	0.01186	0.01538	0.02056	0.04276	0.58318	0.07594	0.05666	0.01135	0.00333	0.00494	0.05498	0.00709	0.04695
19	0.01223	0.10504	0.01619	0.01289	0.01507	0.01103	0.04532	0.01455	0.01650	0.02142	0.06699	0.41113	0.09461	0.02019	0.00943	0.00297	0.00593	0.10445	0.00668	0.00738
20	0.00976	0.00734	0.00905	0.01012	0.01133	0.00663	0.00702	0.01157	0.01677	0.02185	0.12343	0.47204	0.21909	0.02261	0.00984	0.00299	0.00435	0.02008	0.00752	0.00663
21	0.01179	0.01055	0.04540	0.01213	0.01488	0.00878	0.05171	0.01580	0.02136	0.02997	0.53227	0.08510	0.09792	0.01574	0.00930	0.00255	0.00484	0.01409	0.00801	0.00782
22	0.01478	0.00739	0.00739	0.00739	0.00924	0.00739	0.00554	0.01848	0.01663	0.02956	0.02587	0.02956	0.02033	0.00924	0.00554	0.00185	0.00370	0.00739	0.76534	0.00739
23	0.01958	0.01850	0.01860	0.05126	0.05911	0.10409	0.01356	0.03493	0.42509	0.02889	0.03077	0.06050	0.05046	0.01157	0.00820	0.00265	0.00758	0.03645	0.00700	0.01120
24	0.01100	0.00810	0.01029	0.00974	0.01171	0.00739	0.00730	0.01453	0.02191	0.03053	0.59591	0.06132	0.14737	0.01668	0.00936	0.00252	0.00377	0.01463	0.00856	0.00739
25	0.01732	0.01854	0.06796	0.35713	0.04464	0.01893	0.21365	0.05095	0.08296	0.02471	0.01677	0.02174	0.01250	0.00788	0.00836	0.00264	0.01099	0.00789	0.00431	0.01014
26	0.02002	0.01716	0.01844	0.04387	0.02218	0.01987	0.01305	0.06967	0.60247	0.03344	0.03092	0.02875	0.02315	0.01059	0.00806	0.00267	0.00656	0.00880	0.00788	0.01244
27	0.06189	0.10323	0.49305	0.01982	0.02997	0.01873	0.02418	0.02591	0.01703	0.08461	0.01528	0.01705	0.01091	0.00759	0.00712	0.00237	0.01040	0.00576	0.00408	0.04099
28	0.02064	0.07726	0.11414	0.04719	0.02360	0.01872	0.01534	0.13766	0.22902	0.07748	0.02650	0.09210	0.02231	0.01163	0.00810	0.00262	0.00779	0.04971	0.00680	0.01138
29	0.01651	0.01326	0.01640	0.01833	0.11038	0.04260	0.01243	0.04964	0.11398	0.05551	0.18187	0.09250	0.07067	0.03535	0.00999	0.00291	0.00665	0.13447	0.00719	0.00934
30	0.00973	0.00772	0.00875	0.00919	0.01111	0.00674	0.00663	0.01182	0.01790	0.02264	0.15771	0.25796	0.40234	0.02087	0.00958	0.00281	0.00414	0.01805	0.00757	0.00674
31	0.01966	0.08877	0.07898	0.01738	0.02177	0.09189	0.01497	0.03212	0.32484	0.02649	0.02481	0.02520	0.04797	0.01083	0.01099	0.00265	0.13603	0.00783	0.00591	0.01091
32	0.01874	0.01883	0.05788	0.14651	0.45559	0.01875	0.02256	0.02619	0.10601	0.02598	0.01715	0.02111	0.01374	0.00773	0.00788	0.00245	0.00927	0.00727	0.00441	0.01193
33	0.01069	0.00764	0.01005	0.01067	0.01176	0.00728	0.00758	0.01305	0.01771	0.02437	0.28322	0.33103	0.05697	0.08937	0.04516	0.00384	0.00550	0.04983	0.00750	0.00677
34	0.01733	0.10409	0.24709	0.01784	0.04876	0.01794	0.01739	0.09725	0.04482	0.02481	0.01806	0.02657	0.01628	0.18555	0.04936	0.00421	0.04079	0.00758	0.00454	0.00977
35	0.01925	0.01568	0.01866	0.04678	0.02165	0.04461	0.05486	0.05740	0.31911	0.07688	0.09372	0.07403	0.02949	0.04661	0.01007	0.00293	0.00720	0.04297	0.00737	0.01070
36	0.02239	0.01776	0.01959	0.01499	0.02137	0.01752	0.01213	0.27234	0.12012	0.03654	0.01877	0.01943	0.01429	0.00805	0.00702	0.00188	0.00707	0.00631	0.00649	0.35595
37	0.00982	0.00709	0.00934	0.01108	0.01174	0.00661	0.00760	0.01137	0.01551	0.02051	0.04559	0.64564	0.08535	0.02442	0.01013	0.00322	0.00472	0.05640	0.00736	0.00650
38	0.01749	0.24787	0.08514	0.01648	0.02008	0.05365	0.01498	0.02020	0.01532	0.02030	0.04785	0.13275	0.02029	0.01266	0.01329	0.00265	0.23680	0.00881	0.00435	0.00903
39	0.01081	0.00809	0.01002	0.00954	0.01159	0.00730	0.00715	0.01416	0.02146	0.02946	0.53510	0.06309	0.20885	0.01709	0.00936	0.00254	0.00380	0.01488	0.00842	0.00730
40	0.02043	0.05212	0.01686	0.01476	0.01716	0.31942	0.01055	0.02256	0.04438	0.01841	0.01963	0.06088	0.02016	0.28674	0.03967	0.00460	0.01092	0.00859	0.00465	0.00750
41	0.01064	0.00808	0.00979	0.00936	0.01149	0.00723	0.00702	0.01383	0.02107	0.02852	0.48206	0.06463	0.26248	0.01743	0.00936	0.00255	0.00383	0.01510	0.00830	0.00723
42	0.01733	0.17451	0.02116	0.01456	0.01774	0.15416	0.01193	0.01996	0.01567	0.01884	0.01778	0.02545	0.01653	0.03599	0.37534	0.00779	0.01652	0.02639	0.00412	0.00821
43	0.02120	0.72609	0.04155	0.01357	0.02035	0.03138	0.01357	0.02374	0.01611	0.01866	0.01102	0.01272	0.01018	0.00678	0.00509	0.00170	0.00848	0.00424	0.00339	0.01018
44	0.01590	0.04102	0.68023	0.02260	0.03432	0.01842	0.02930	0.02511	0.01674	0.02511	0.01423	0.01674	0.01005	0.00753	0.00753	0.00251	0.01172	0.00586	0.00335	0.01172
45	0.02168	0.68662	0.04046	0.01396	0.02059	0.06911	0.01367	0.02420	0.01648	0.01870	0.01110	0.01281	0.01018	0.00686	0.00521	0.00172	0.00881	0.00429	0.00343	0.01012
46	0.02120	0.72609	0.04155	0.01357	0.02035	0.03138	0.01357	0.02374	0.01611	0.01866	0.01102	0.01272	0.01018	0.00678	0.00509	0.00170	0.00848	0.00424	0.00339	0.01018
47	0.02893	0.03279	0.02238	0.01962	0.02421	0.49375	0.01504	0.16281	0.07736	0.02702	0.01533	0.01655	0.01205	0.00867	0.00739	0.00217	0.01246	0.00585	0.00523	0.01038
48	0.03170	0.01400	0.01827	0.01385	0.02016	0.01203	0.01138	0.06225	0.02216	0.52562	0.02747	0.02463	0.01786	0.00905	0.00757	0.00221	0.00667	0.00732	0.00876	0.15703
49	0.01644	0.01409	0.01644	0.01175	0.01879	0.01057	0.00940	0.01997	0.01644	0.02584	0.01409	0.01644	0.01175	0.00587	0.00587	0.00117	0.00587	0.00470	0.00470	0.76979
50	0.01135	0.00840	0.01228	0.01228	0.01354	0.00966	0.00933	0.01386	0.01261	0.01807	0.02166	0.03350	0.02084	0.13433	0.61642	0.01217	0.01971	0.00884	0.00431	0.00682
51	0.01098	0.00798	0.01034	0.01000	0.01176	0.00734	0.00740	0.01440	0.02150	0.03015	0.57712	0.12746	0.09928	0.01727	0.00943	0.00258	0.00384	0.01529	0.00853	0.00734
52	0.02965	0.03697	0.02254	0.02031	0.02452	0.65418	0.01531	0.06425	0.02326	0.02103	0.01262	0.01455	0.01039	0.00824	0.00719	0.00206	0.01400	0.00522	0.00429	0.00942
53	0.77733	0.01534	0.01166	0.01043	0.01534	0.01779	0.00859	0.02331	0.01350	0.03558	0.01104	0.01288	0.00859	0.00736	0.00491	0.00245	0.00613	0.00429	0.00491	0.00859
54	0.01972	0.01703	0.01793	0.01614	0.02062	0.01972	0.01255	0.04214	0.65752	0.03317	0.03228	0.02959	0.02421	0.01076	0.00807	0.00269	0.00628	0.00897	0.00807	0.01255
55	0.05165	0.69747	0.04035	0.01344	0.02015	0.03083	0.01337	0.02373	0.01601	0.01934	0.01103	0.01273	0.01011	0.00681	0.00508	0.00173	0.00839	0.00424	0.00345	0.01011
56	0.02183	0.01747	0.01862	0.01615	0.02096	0.01979	0.01273	0.14286	0.50532	0.06303	0.03154	0.02919	0.04284	0.01081	0.00808	0.00263	0.00664	0.00886	0.00810	0.01256
57	0.02375	0.05965	0.29901	0.01754	0.02566	0.01577	0.01899	0.03084	0.06573	0.27886	0.06646	0.02434	0.01920	0.00921	0.00775	0.00246	0.00870	0.00740	0.00657	0.01211
58	0.01976	0.56525	0.16061	0.01511	0.02261	0.02788	0.01627	0.02362	0.01651	0.02045	0.04058	0.01553	0.01300	0.00734	0.00574	0.00188	0.00888	0.00499	0.00362	0.01035
59	0.01059	0.00808	0.00972	0.00931	0.01146	0.00721	0.00698	0.01374	0.02095	0.02825	0.46677	0.06508	0.27793	0.01754	0.00936	0.00256	0.00384	0.01516	0.00826	0.00721
60	0.01171	0.00907	0.01205	0.04927	0.04225	0.00880	0.00904	0.01584	0.04884	0.02796	0.40987	0.16681	0.12431	0.01699	0.00929	0.00265	0.00464	0.01503	0.00784	0.00774
61	0.00972	0.00793	0.00859	0.00867	0.01098	0.00680	0.00641	0.01196	0.01852	0.02307	0.17653	0.13847	0.50496	0.01991	0.00944	0.00270	0.00403	0.01692	0.00760	0.00680
62	0.02246	0.03236	0.37812	0.02060	0.02984	0.02126	0.02275	0.31059	0.02620	0.03656	0.01644	0.01780	0.01163	0.00845	0.00772	0.00245	0.01034	0.00645	0.00546	0.01253
63	0.01150	0.00782	0.00932	0.00932	0.00956	0.00805	0.00565	0.01197	0.01173	0.01588	0.02437	0.04847	0.02734	0.61216	0.14748	0.00852	0.00992	0.01103	0.00471	0.00518
