[name]
unknown

[dist]
# distance from previous block
# <min> <max>
0	12

[block]
# block no. 0 follows, 23 sequences, length 32
# corresponding to MSA columns:
# 12-43
name=unknown_A
#
# <colnr> <probs for GDERKNQSTAVLIFYWHMCP>
#	G	D	E	R	K	N	Q	S	T	A	V	L	I	F	Y	W	H	M	C	P
0	0.08616	0.01738	0.13059	0.01564	0.02093	0.01297	0.04581	0.05279	0.02017	0.18492	0.13017	0.15195	0.03328	0.01372	0.00867	0.00275	0.00733	0.04722	0.00728	0.01027
1	0.02354	0.11520	0.02472	0.01790	0.02232	0.18275	0.03878	0.17435	0.05345	0.02989	0.09737	0.02565	0.05114	0.01088	0.01015	0.00245	0.09520	0.00793	0.00590	0.01043
2	0.01923	0.02129	0.08655	0.12477	0.45169	0.05124	0.04956	0.02437	0.01833	0.02520	0.01749	0.02198	0.03625	0.00791	0.00810	0.00247	0.01020	0.00749	0.00406	0.01183
3	0.01096	0.00788	0.01004	0.01100	0.01208	0.00745	0.00788	0.01299	0.01698	0.02263	0.15206	0.33147	0.10792	0.13731	0.01542	0.00394	0.00546	0.11252	0.00733	0.00666
4	0.14346	0.01535	0.01718	0.01430	0.01935	0.01605	0.01149	0.10968	0.18191	0.24055	0.11745	0.02973	0.02680	0.01079	0.00789	0.00257	0.00650	0.00865	0.00840	0.01189
5	0.01262	0.00836	0.01015	0.01041	0.01237	0.00749	0.00755	0.01470	0.01800	0.08066	0.12748	0.28717	0.25773	0.06613	0.01186	0.00327	0.00493	0.04398	0.00775	0.00738
6	0.01397	0.00709	0.01048	0.01048	0.01048	0.00709	0.00693	0.01064	0.01064	0.01418	0.01471	0.02619	0.01492	0.06494	0.03223	0.72346	0.00709	0.00730	0.00360	0.00360
7	0.01242	0.00828	0.01038	0.01014	0.01212	0.00756	0.00749	0.01555	0.02064	0.05929	0.39843	0.17277	0.14288	0.01781	0.00935	0.00266	0.00416	0.01563	0.06479	0.00765
8	0.01045	0.00767	0.00979	0.01128	0.01234	0.00714	0.00811	0.01229	0.01639	0.02129	0.04994	0.47257	0.15400	0.05371	0.01170	0.00347	0.00520	0.11854	0.00741	0.00671
9	0.01842	0.01573	0.01678	0.01536	0.01951	0.01780	0.01199	0.03754	0.52923	0.03226	0.06746	0.03927	0.08799	0.01274	0.00859	0.00279	0.00614	0.04045	0.00818	0.01177
10	0.72385	0.01615	0.01274	0.01119	0.01631	0.01866	0.00922	0.06381	0.01539	0.03737	0.01183	0.01359	0.00911	0.00768	0.00522	0.00251	0.00645	0.00458	0.00522	0.00911
11	0.01133	0.00777	0.00961	0.01041	0.01122	0.00738	0.00693	0.01280	0.01508	0.02089	0.06822	0.37372	0.04326	0.23212	0.01924	0.00448	0.00572	0.04339	0.06305	0.03337
12	0.01285	0.00963	0.01170	0.01182	0.01362	0.00966	0.00858	0.04453	0.09850	0.02713	0.22769	0.30186	0.07487	0.06962	0.01199	0.00329	0.00517	0.04166	0.00788	0.00794
13	0.03614	0.01423	0.01909	0.01464	0.02093	0.01256	0.01209	0.06805	0.02394	0.64032	0.03141	0.02723	0.01979	0.01003	0.00816	0.00251	0.00700	0.00812	0.00995	0.01381
14	0.01188	0.00933	0.01087	0.01030	0.01279	0.00885	0.00778	0.01736	0.09447	0.02926	0.39991	0.06274	0.25972	0.01722	0.00942	0.00264	0.00422	0.01483	0.00840	0.00800
15	0.01653	0.01153	0.01348	0.01308	0.01572	0.01210	0.00964	0.02593	0.24099	0.08906	0.08370	0.29337	0.03932	0.05135	0.01066	0.00314	0.00558	0.01486	0.04042	0.00954
16	0.02018	0.01743	0.01835	0.01651	0.02110	0.02018	0.01284	0.04312	0.64956	0.03394	0.03303	0.03027	0.02477	0.01101	0.00826	0.00275	0.00642	0.00917	0.00826	0.01284
17	0.01088	0.00831	0.01000	0.00970	0.01190	0.00744	0.00735	0.01407	0.02119	0.02840	0.42793	0.06814	0.28381	0.01825	0.00965	0.00267	0.00408	0.04050	0.00837	0.00736
18	0.01169	0.00784	0.00895	0.00902	0.00911	0.00780	0.00514	0.01190	0.01238	0.01657	0.04855	0.08646	0.03235	0.65584	0.03864	0.00745	0.00757	0.01247	0.00519	0.00510
19	0.01180	0.00787	0.00885	0.00885	0.00885	0.00787	0.00492	0.01180	0.01180	0.01573	0.02557	0.05310	0.02950	0.71483	0.04130	0.00787	0.00787	0.01180	0.00492	0.00492
20	0.02937	0.03711	0.02313	0.02093	0.02480	0.63303	0.01583	0.03144	0.02220	0.01983	0.01240	0.01487	0.01047	0.00880	0.00876	0.00220	0.06596	0.00537	0.00413	0.00937
21	0.05446	0.00948	0.01176	0.01152	0.01377	0.00911	0.00874	0.04313	0.02058	0.07540	0.30621	0.22858	0.08612	0.01838	0.00952	0.00285	0.00497	0.06911	0.00820	0.00809
22	0.01163	0.00854	0.01227	0.01227	0.01345	0.00972	0.00918	0.01399	0.01281	0.01826	0.02244	0.03579	0.02199	0.18155	0.56431	0.01209	0.01918	0.00927	0.00445	0.00682
23	0.00984	0.00819	0.00864	0.00893	0.01141	0.00699	0.00673	0.01194	0.01824	0.02196	0.07632	0.13567	0.56704	0.02111	0.00976	0.00285	0.00438	0.05560	0.00753	0.00687
24	0.01083	0.00756	0.00922	0.01002	0.01049	0.00724	0.00634	0.01183	0.01459	0.01948	0.08409	0.34750	0.07132	0.32483	0.02374	0.00521	0.00599	0.01727	0.00650	0.00595
25	0.01001	0.00711	0.00938	0.01114	0.01158	0.00667	0.00736	0.01133	0.01529	0.02039	0.04347	0.66677	0.05209	0.07034	0.01237	0.00359	0.00491	0.02233	0.00736	0.00648
26	0.01448	0.01018	0.01335	0.03317	0.01690	0.01021	0.01133	0.04495	0.05405	0.05540	0.18112	0.13658	0.07276	0.01923	0.01017	0.00319	0.00631	0.29046	0.00788	0.00828
27	0.02971	0.02635	0.02344	0.01904	0.02476	0.19423	0.01525	0.42544	0.09156	0.04146	0.01896	0.01924	0.01396	0.00950	0.00792	0.00238	0.01017	0.00694	0.00711	0.01258
28	0.01181	0.00987	0.01622	0.01493	0.01698	0.00932	0.11364	0.01446	0.01683	0.02274	0.11242	0.43234	0.06568	0.05295	0.04625	0.00380	0.00712	0.01836	0.00684	0.00742
29	0.01641	0.01282	0.01873	0.21788	0.07804	0.01476	0.01476	0.07678	0.01673	0.02299	0.01912	0.09853	0.01809	0.04586	0.01648	0.16556	0.07546	0.00913	0.05381	0.00806
30	0.06162	0.02876	0.02287	0.13543	0.02963	0.36119	0.01647	0.14336	0.04701	0.02716	0.01479	0.01739	0.01160	0.00889	0.00836	0.00237	0.04174	0.00614	0.00498	0.01024
31	0.01441	0.01134	0.01765	0.01865	0.09995	0.01200	0.05612	0.04439	0.01643	0.02375	0.06957	0.06707	0.02427	0.03660	0.34336	0.03811	0.01455	0.00955	0.07383	0.00840

[dist]
# distance from previous block
# <min> <max>
1	6

[block]
# block no. 1 follows, 23 sequences, length 39
# corresponding to MSA columns:
# 50-88
name=unknown_B
#
# <colnr> <probs for GDERKNQSTAVLIFYWHMCP>
#	G	D	E	R	K	N	Q	S	T	A	V	L	I	F	Y	W	H	M	C	P
0	0.01788	0.04932	0.06194	0.06454	0.10157	0.02164	0.15872	0.02191	0.01591	0.02284	0.04133	0.02317	0.01522	0.01114	0.01654	0.00303	0.31172	0.02759	0.00408	0.00993
1	0.01346	0.00916	0.01455	0.15826	0.02171	0.00976	0.03279	0.01348	0.01335	0.01763	0.02205	0.19847	0.02341	0.02243	0.02043	0.37998	0.00749	0.01126	0.00458	0.00574
2	0.04969	0.01873	0.01817	0.01552	0.02003	0.09095	0.01234	0.24104	0.13930	0.07150	0.02510	0.05903	0.02025	0.01104	0.00776	0.00246	0.00772	0.03610	0.14206	0.01122
3	0.01683	0.01442	0.01683	0.01202	0.01923	0.01082	0.00961	0.02043	0.01683	0.02644	0.01442	0.01683	0.01202	0.00601	0.00601	0.00120	0.00601	0.00481	0.00481	0.76444
4	0.13466	0.01682	0.01762	0.01418	0.01925	0.01816	0.01156	0.32324	0.02754	0.11179	0.02148	0.02224	0.01557	0.00938	0.00704	0.00231	0.00700	0.00704	0.20163	0.01147
5	0.01848	0.31754	0.41652	0.01937	0.02931	0.02424	0.02344	0.02513	0.01687	0.02301	0.01323	0.01546	0.01033	0.00740	0.00669	0.00223	0.01064	0.00532	0.00344	0.01135
6	0.01787	0.01485	0.01564	0.01408	0.01792	0.01640	0.01076	0.08127	0.39541	0.03078	0.04156	0.04208	0.15966	0.09048	0.01217	0.00329	0.00629	0.01100	0.00772	0.01077
7	0.00959	0.00822	0.00822	0.00822	0.01096	0.00685	0.00617	0.01165	0.01850	0.02192	0.08220	0.07809	0.66092	0.02055	0.00959	0.00274	0.00411	0.01713	0.00754	0.00685
8	0.01176	0.01012	0.01042	0.01042	0.01316	0.03132	0.00812	0.01580	0.06680	0.02401	0.11990	0.07276	0.45170	0.01934	0.00964	0.00285	0.00511	0.10163	0.00759	0.00755
9	0.01735	0.01394	0.01604	0.04731	0.01988	0.01526	0.01200	0.10237	0.26690	0.03152	0.10570	0.11428	0.08690	0.01524	0.00913	0.00289	0.00644	0.09870	0.00784	0.01030
10	0.14286	0.01408	0.01783	0.01389	0.01999	0.01283	0.01147	0.03727	0.02186	0.57819	0.02902	0.02553	0.01845	0.00968	0.00771	0.00251	0.00681	0.00762	0.00932	0.01308
11	0.00981	0.00736	0.00911	0.01051	0.01156	0.00666	0.00718	0.01139	0.01629	0.02102	0.05427	0.54860	0.20844	0.02418	0.01016	0.00315	0.00456	0.02155	0.00753	0.00666
12	0.03072	0.01911	0.02154	0.01674	0.02273	0.02021	0.01374	0.43028	0.03244	0.20701	0.02389	0.04470	0.01709	0.01031	0.00807	0.00245	0.00799	0.00805	0.04969	0.01323
13	0.04677	0.00872	0.01098	0.01109	0.01308	0.00807	0.00805	0.01649	0.01869	0.10595	0.21109	0.36237	0.10789	0.01990	0.00957	0.00291	0.00476	0.01759	0.00812	0.00790
14	0.03290	0.01468	0.02066	0.01586	0.02197	0.01337	0.05892	0.06635	0.05292	0.52627	0.02997	0.02706	0.01946	0.00980	0.00813	0.00250	0.00732	0.00824	0.05041	0.01320
15	0.02770	0.25535	0.02991	0.01775	0.02372	0.21643	0.01499	0.26270	0.02670	0.03166	0.01480	0.01597	0.01173	0.00843	0.00693	0.00211	0.01049	0.00574	0.00546	0.01143
16	0.11388	0.00976	0.01064	0.01045	0.01312	0.00954	0.00811	0.01655	0.04966	0.02820	0.25791	0.09005	0.25680	0.01742	0.00910	0.00277	0.00479	0.07584	0.00769	0.00772
17	0.09191	0.01410	0.01651	0.01404	0.01862	0.01421	0.01123	0.12962	0.09115	0.25066	0.08132	0.11718	0.05920	0.01337	0.00848	0.00269	0.00652	0.03950	0.00844	0.01125
18	0.01610	0.01559	0.02410	0.02035	0.02171	0.01982	0.09513	0.01864	0.01356	0.02014	0.01600	0.06136	0.01587	0.05206	0.14592	0.00537	0.41685	0.00881	0.00405	0.00855
19	0.01915	0.02189	0.04788	0.03420	0.04241	0.02052	0.63475	0.02599	0.01915	0.02599	0.01642	0.02189	0.01231	0.00684	0.00958	0.00274	0.01368	0.00958	0.00410	0.01094
20	0.01373	0.00834	0.01079	0.01107	0.01280	0.00758	0.00788	0.01585	0.01817	0.10797	0.16884	0.39779	0.11471	0.05113	0.01118	0.00319	0.00490	0.01834	0.00803	0.00770
21	0.01146	0.00815	0.01013	0.01036	0.01222	0.00736	0.00762	0.01411	0.01951	0.04769	0.28791	0.25251	0.21515	0.02017	0.00982	0.00286	0.00441	0.04305	0.00815	0.00734
22	0.02180	0.01347	0.01441	0.01225	0.01609	0.01433	0.00973	0.20031	0.09324	0.08503	0.02561	0.02697	0.01918	0.00975	0.00685	0.00219	0.00578	0.00771	0.40490	0.01040
23	0.01160	0.00862	0.01264	0.01259	0.01400	0.00983	0.00967	0.01440	0.01372	0.01970	0.07023	0.03522	0.02505	0.09366	0.59630	0.01196	0.01961	0.00932	0.00473	0.00715
24	0.01409	0.00940	0.01099	0.01080	0.01231	0.00925	0.00739	0.07602	0.01755	0.05105	0.06732	0.25979	0.09738	0.26085	0.02045	0.00461	0.00618	0.01524	0.04219	0.00716
25	0.01409	0.00705	0.01057	0.01057	0.01057	0.00705	0.00705	0.01057	0.01057	0.01409	0.01409	0.02467	0.01409	0.02819	0.03171	0.76392	0.00705	0.00705	0.00352	0.00352
26	0.01367	0.01067	0.01681	0.01685	0.01941	0.01049	0.08132	0.01775	0.01893	0.02485	0.06867	0.08242	0.04430	0.02043	0.01095	0.00357	0.00799	0.51588	0.00717	0.00786
27	0.02134	0.01801	0.01900	0.01675	0.02154	0.02072	0.01312	0.10776	0.58302	0.03581	0.03155	0.02910	0.02358	0.01087	0.00824	0.00272	0.00669	0.00897	0.00824	0.01295
28	0.01233	0.00881	0.01222	0.01409	0.01563	0.00870	0.01178	0.01552	0.01794	0.02345	0.04337	0.23593	0.04833	0.02312	0.01101	0.00363	0.00683	0.47255	0.00749	0.00727
29	0.02090	0.41985	0.09266	0.01482	0.02110	0.07808	0.01437	0.04972	0.01923	0.04619	0.10901	0.02340	0.04237	0.00921	0.00662	0.00205	0.00856	0.00675	0.00488	0.01022
30	0.01621	0.03122	0.39865	0.02137	0.03011	0.05268	0.10479	0.02350	0.01887	0.02651	0.13789	0.02865	0.05423	0.00990	0.00837	0.00257	0.01047	0.00858	0.00478	0.01066
31	0.01083	0.00822	0.01002	0.01003	0.01206	0.00741	0.00757	0.01382	0.02043	0.02726	0.36278	0.13481	0.26186	0.01922	0.00978	0.00278	0.00429	0.06134	0.00822	0.00727
32	0.02169	0.71972	0.04252	0.01388	0.02083	0.03211	0.01388	0.02430	0.01649	0.01909	0.01128	0.01302	0.01041	0.00694	0.00521	0.00174	0.00868	0.00434	0.00347	0.01041
33	0.02140	0.01739	0.01961	0.07997	0.04525	0.03935	0.01346	0.25072	0.09562	0.03603	0.10929	0.03149	0.08580	0.01106	0.00816	0.00237	0.00752	0.00903	0.00706	0.10942
34	0.05674	0.13701	0.04890	0.10658	0.13371	0.13944	0.04587	0.04667	0.04624	0.02554	0.08706	0.02596	0.02058	0.00949	0.00769	0.00240	0.00973	0.03518	0.00496	0.01025
35	0.01513	0.00756	0.00756	0.00756	0.00945	0.00756	0.00567	0.01891	0.01702	0.03025	0.02647	0.03025	0.02080	0.00945	0.00567	0.00189	0.00378	0.00756	0.75988	0.00756
36	0.01400	0.01259	0.01974	0.15555	0.02595	0.01470	0.06920	0.01719	0.01540	0.02112	0.05255	0.13398	0.06016	0.06035	0.11929	0.00490	0.15087	0.03938	0.00503	0.00805
37	0.01045	0.00808	0.00992	0.01047	0.01227	0.00755	0.00780	0.01281	0.01751	0.02266	0.13257	0.23299	0.29271	0.02729	0.10729	0.00443	0.00703	0.06194	0.00724	0.00699
38	0.12161	0.20307	0.06964	0.01612	0.05101	0.01978	0.01383	0.09363	0.02040	0.16272	0.04766	0.05593	0.01898	0.00985	0.00711	0.00232	0.00774	0.02851	0.00621	0.04390

[dist]
# distance from previous block
# <min> <max>
0	1

[block]
# block no. 2 follows, 23 sequences, length 44
# corresponding to MSA columns:
# 90-133
name=unknown_C
#
# <colnr> <probs for GDERKNQSTAVLIFYWHMCP>
#	G	D	E	R	K	N	Q	S	T	A	V	L	I	F	Y	W	H	M	C	P
0	0.01420	0.01247	0.04058	0.12600	0.02389	0.01214	0.04165	0.05868	0.04060	0.02562	0.08298	0.19727	0.08336	0.01767	0.00977	0.00310	0.00742	0.18744	0.00673	0.00843
1	0.01589	0.01118	0.01307	0.01086	0.01464	0.00971	0.00807	0.04586	0.01837	0.07975	0.13402	0.04345	0.12940	0.18407	0.01607	0.00346	0.00602	0.01045	0.00652	0.23915
2	0.04757	0.01415	0.11579	0.01416	0.01730	0.01169	0.01275	0.01645	0.01361	0.02047	0.02045	0.03046	0.01895	0.10414	0.49273	0.01049	0.01835	0.00833	0.00428	0.00787
3	0.02523	0.03927	0.02060	0.01628	0.02182	0.01972	0.01311	0.23370	0.26696	0.12503	0.02685	0.05467	0.02037	0.01058	0.00802	0.00249	0.00727	0.00855	0.00801	0.07146
4	0.01188	0.00868	0.00993	0.00978	0.01204	0.00785	0.00722	0.01484	0.03868	0.05146	0.19569	0.11824	0.34544	0.09130	0.01290	0.00331	0.00482	0.04093	0.00770	0.00732
5	0.01091	0.00785	0.01055	0.01234	0.01337	0.00750	0.00927	0.01311	0.01669	0.02193	0.04586	0.47984	0.07910	0.02422	0.01060	0.00341	0.00558	0.21347	0.00751	0.00689
6	0.01051	0.00992	0.06118	0.01227	0.01378	0.00767	0.00947	0.01267	0.01590	0.02130	0.04363	0.60654	0.07159	0.02374	0.01016	0.00324	0.00537	0.04680	0.00721	0.00706
7	0.04342	0.00871	0.01191	0.01165	0.01341	0.00824	0.03406	0.01459	0.01958	0.02792	0.37072	0.30447	0.06225	0.01916	0.00968	0.00284	0.00468	0.01723	0.00803	0.00744
8	0.01126	0.00869	0.01030	0.01097	0.01257	0.00839	0.00773	0.01551	0.09021	0.02355	0.11615	0.38765	0.19198	0.05201	0.01121	0.00323	0.00481	0.01871	0.00765	0.00741
9	0.01081	0.00850	0.00983	0.00989	0.01210	0.00771	0.00739	0.01425	0.04497	0.02571	0.25651	0.15745	0.34112	0.01965	0.00970	0.00280	0.00434	0.04194	0.00800	0.00734
10	0.01382	0.00973	0.01172	0.01133	0.01254	0.01020	0.00785	0.08273	0.01613	0.02183	0.05117	0.09938	0.03088	0.39452	0.14668	0.00736	0.01004	0.04968	0.00569	0.00673
11	0.07791	0.02228	0.02356	0.01816	0.02456	0.02472	0.01500	0.59822	0.03661	0.05020	0.01896	0.01908	0.01348	0.00960	0.00792	0.00244	0.00876	0.00712	0.00792	0.01348
12	0.01042	0.00736	0.00952	0.01075	0.01134	0.00694	0.00712	0.01193	0.01594	0.02152	0.12583	0.51367	0.05286	0.13661	0.01529	0.00394	0.00510	0.02008	0.00730	0.00646
13	0.01971	0.01890	0.03227	0.10006	0.61686	0.01918	0.02472	0.02458	0.01830	0.02606	0.01520	0.02020	0.01269	0.00730	0.00804	0.00243	0.00973	0.00723	0.00398	0.01255
14	0.01170	0.00786	0.00905	0.00915	0.00923	0.00790	0.00526	0.01189	0.01203	0.01611	0.02633	0.08403	0.03028	0.65374	0.06693	0.00786	0.00830	0.01221	0.00502	0.00510
15	0.02166	0.01762	0.01861	0.01597	0.02082	0.01972	0.01264	0.20182	0.39520	0.03701	0.03605	0.03387	0.10903	0.01197	0.00840	0.00266	0.00679	0.00975	0.00812	0.01228
16	0.00980	0.00823	0.00852	0.00845	0.01109	0.00694	0.00633	0.01206	0.01900	0.02312	0.14766	0.07611	0.59471	0.02010	0.00959	0.00272	0.00408	0.01685	0.00769	0.00694
17	0.01254	0.00916	0.01161	0.01235	0.01419	0.00890	0.00984	0.04184	0.01898	0.02489	0.12887	0.16588	0.14306	0.08687	0.01334	0.00370	0.00618	0.27305	0.00747	0.00731
18	0.01409	0.00705	0.01057	0.01057	0.01057	0.00705	0.00705	0.01057	0.01057	0.01409	0.01409	0.02467	0.01409	0.02819	0.03171	0.76392	0.00705	0.00705	0.00352	0.00352
19	0.02244	0.36911	0.03048	0.01487	0.02059	0.07636	0.01319	0.11039	0.08668	0.05036	0.02207	0.02289	0.06712	0.01228	0.04637	0.00274	0.00926	0.00678	0.00531	0.01071
20	0.01966	0.01637	0.01767	0.01583	0.02012	0.01855	0.01242	0.08756	0.49282	0.03476	0.11086	0.03588	0.03131	0.01210	0.00854	0.00274	0.00635	0.03611	0.00830	0.01204
21	0.06340	0.01882	0.02160	0.01662	0.02297	0.01950	0.01373	0.36929	0.03109	0.30191	0.02424	0.02253	0.01615	0.00977	0.00801	0.00247	0.00800	0.00753	0.00877	0.01360
22	0.01180	0.00787	0.00885	0.00885	0.00885	0.00787	0.00492	0.01180	0.01180	0.01573	0.02557	0.05310	0.02950	0.71483	0.04130	0.00787	0.00787	0.01180	0.00492	0.00492
23	0.00989	0.00706	0.00942	0.01130	0.01177	0.00659	0.00753	0.01130	0.01554	0.02071	0.04472	0.70954	0.05367	0.02542	0.01036	0.00330	0.00471	0.02307	0.00753	0.00659
24	0.02085	0.01671	0.01785	0.01583	0.02046	0.01884	0.01238	0.06604	0.53431	0.07412	0.03621	0.03336	0.07353	0.01164	0.00835	0.00272	0.00638	0.00965	0.00831	0.01248
25	0.01180	0.00787	0.00885	0.00885	0.00885	0.00787	0.00492	0.01180	0.01180	0.01573	0.02557	0.05310	0.02950	0.71483	0.04130	0.00787	0.00787	0.01180	0.00492	0.00492
26	0.01165	0.00848	0.01193	0.01193	0.01300	0.00954	0.00876	0.01378	0.01271	0.01802	0.02275	0.03748	0.02272	0.23347	0.51339	0.01167	0.01807	0.00951	0.00450	0.00663
27	0.01159	0.00869	0.01304	0.01304	0.01449	0.01014	0.01014	0.01449	0.01304	0.01884	0.02173	0.03188	0.02029	0.06086	0.68268	0.01304	0.02173	0.00869	0.00435	0.00724
28	0.10156	0.02137	0.02274	0.01758	0.02392	0.02347	0.01452	0.53248	0.03468	0.09791	0.01968	0.01952	0.01381	0.00955	0.00783	0.00245	0.00852	0.00710	0.00797	0.01332
29	0.01956	0.01689	0.01775	0.01603	0.02050	0.01940	0.01245	0.04127	0.61249	0.03324	0.03591	0.03308	0.06214	0.01157	0.00833	0.00275	0.00629	0.00964	0.00821	0.01249
30	0.02008	0.01928	0.03294	0.04981	0.66422	0.01928	0.02490	0.02490	0.01848	0.02651	0.01526	0.02008	0.01285	0.00723	0.00803	0.00241	0.00964	0.00723	0.00402	0.01285
31	0.00989	0.00706	0.00942	0.01130	0.01177	0.00659	0.00753	0.01130	0.01554	0.02071	0.04472	0.70954	0.05367	0.02542	0.01036	0.00330	0.00471	0.02307	0.00753	0.00659
32	0.01148	0.00829	0.01085	0.01021	0.01212	0.00766	0.00766	0.01531	0.02297	0.03254	0.65994	0.06061	0.07656	0.01659	0.00957	0.00255	0.00383	0.01467	0.00893	0.00766
33	0.02038	0.01819	0.01729	0.01512	0.01896	0.11617	0.01202	0.19625	0.06492	0.03175	0.09821	0.04462	0.19652	0.01442	0.00987	0.00266	0.04833	0.05733	0.00713	0.00984
34	0.01976	0.02640	0.26122	0.02124	0.07282	0.01910	0.01999	0.03514	0.33044	0.07073	0.02485	0.02451	0.01826	0.00945	0.00803	0.00264	0.00874	0.00779	0.00628	0.01259
35	0.01813	0.01438	0.01696	0.01218	0.01933	0.01089	0.00977	0.02170	0.01725	0.06923	0.01559	0.01754	0.01256	0.00628	0.00615	0.00129	0.00607	0.00503	0.00516	0.71452
36	0.02097	0.05390	0.01754	0.01519	0.01877	0.35652	0.01154	0.02324	0.02116	0.02174	0.09805	0.04095	0.24247	0.01331	0.00823	0.00234	0.00971	0.01021	0.00577	0.00840
37	0.01735	0.01729	0.02568	0.14904	0.02868	0.02339	0.04354	0.02002	0.01341	0.02002	0.01160	0.01865	0.01075	0.01276	0.02245	0.00336	0.54223	0.00722	0.00358	0.00899
38	0.01513	0.00756	0.00756	0.00756	0.00945	0.00756	0.00567	0.01891	0.01702	0.03025	0.02647	0.03025	0.02080	0.00945	0.00567	0.00189	0.00378	0.00756	0.75988	0.00756
39	0.01200	0.00930	0.01383	0.01359	0.01494	0.01112	0.01065	0.01482	0.01300	0.01888	0.02100	0.03094	0.01964	0.05775	0.63905	0.01241	0.06684	0.00859	0.00429	0.00735
40	0.02018	0.01743	0.01835	0.01651	0.02110	0.02018	0.01284	0.04312	0.64956	0.03394	0.03303	0.03027	0.02477	0.01101	0.00826	0.00275	0.00642	0.00917	0.00826	0.01284
41	0.01810	0.01813	0.03018	0.24869	0.11370	0.04717	0.18391	0.02418	0.05437	0.02405	0.01642	0.02185	0.01291	0.00866	0.01049	0.00270	0.09212	0.00789	0.05438	0.01011
42	0.01015	0.00860	0.00881	0.00869	0.01145	0.00745	0.00654	0.01317	0.04458	0.02312	0.11861	0.07497	0.59607	0.01990	0.00953	0.00273	0.00419	0.01664	0.00766	0.00715
43	0.01898	0.02138	0.04507	0.03262	0.03983	0.02105	0.55933	0.02520	0.01833	0.02520	0.01571	0.02138	0.01211	0.00774	0.01166	0.00284	0.09757	0.00927	0.00404	0.01069

[dist]
# distance from previous block
# <min> <max>
0	1

[block]
# block no. 3 follows, 23 sequences, length 33
# corresponding to MSA columns:
# 135-167
name=unknown_D
#
# <colnr> <probs for GDERKNQSTAVLIFYWHMCP>
#	G	D	E	R	K	N	Q	S	T	A	V	L	I	F	Y	W	H	M	C	P
0	0.02997	0.01259	0.01672	0.01354	0.01870	0.01112	0.01089	0.03364	0.04481	0.50251	0.07768	0.09605	0.06937	0.01262	0.00855	0.00261	0.00630	0.01059	0.00951	0.01225
1	0.00994	0.00816	0.00832	0.00832	0.01062	0.00701	0.00597	0.01167	0.01743	0.02094	0.07319	0.07411	0.56048	0.13100	0.01463	0.00356	0.00471	0.01628	0.00712	0.00654
2	0.01007	0.00723	0.00948	0.01102	0.01168	0.00673	0.00742	0.01167	0.01616	0.02161	0.09777	0.61196	0.07682	0.04512	0.01119	0.00335	0.00471	0.02180	0.00757	0.00664
3	0.01964	0.01883	0.03214	0.10929	0.60816	0.01916	0.02468	0.02452	0.01827	0.02598	0.01519	0.02023	0.01267	0.00731	0.00804	0.00244	0.00975	0.00723	0.00398	0.01250
4	0.01740	0.01723	0.02417	0.02083	0.02091	0.02401	0.01731	0.01924	0.01246	0.01949	0.01129	0.01857	0.01121	0.01689	0.06439	0.00410	0.66094	0.00719	0.00360	0.00878
5	0.01420	0.00931	0.01199	0.01095	0.01341	0.00876	0.00834	0.01908	0.05922	0.08933	0.56781	0.05592	0.06854	0.01568	0.00937	0.00256	0.00425	0.01378	0.00899	0.00850
6	0.09510	0.01586	0.01849	0.07968	0.05025	0.01843	0.01366	0.03282	0.35779	0.05078	0.02766	0.09847	0.02308	0.01200	0.00969	0.00283	0.06570	0.00970	0.00690	0.01111
7	0.01441	0.01173	0.01350	0.01304	0.01602	0.01185	0.00959	0.02348	0.23106	0.02612	0.03789	0.34704	0.06477	0.01741	0.00896	0.00277	0.00546	0.01535	0.00737	0.12219
8	0.07364	0.01182	0.01500	0.01253	0.01680	0.01101	0.00998	0.02854	0.05714	0.32558	0.29402	0.04065	0.04328	0.01268	0.00855	0.00254	0.00555	0.01070	0.00915	0.01084
9	0.01112	0.00800	0.01057	0.01079	0.01229	0.00745	0.00793	0.01425	0.02060	0.02868	0.44849	0.24796	0.06830	0.01945	0.00989	0.00283	0.00429	0.05132	0.00845	0.00734
10	0.01309	0.00911	0.01048	0.01038	0.01192	0.00897	0.00707	0.01687	0.08599	0.04823	0.10737	0.17411	0.13741	0.27535	0.02110	0.00468	0.00593	0.01445	0.03035	0.00714
11	0.01187	0.00797	0.01040	0.01084	0.01232	0.00731	0.00773	0.01438	0.01908	0.05880	0.29302	0.37776	0.09624	0.02081	0.00988	0.00292	0.00443	0.01859	0.00822	0.00740
12	0.00959	0.00822	0.00822	0.00822	0.01096	0.00685	0.00617	0.01165	0.01850	0.02192	0.08220	0.07809	0.66092	0.02055	0.00959	0.00274	0.00411	0.01713	0.00754	0.00685
13	0.01684	0.01332	0.01591	0.01204	0.01768	0.01089	0.00941	0.01998	0.01694	0.05730	0.07116	0.02498	0.01970	0.08291	0.01106	0.00219	0.03579	0.00665	0.00537	0.54986
14	0.01055	0.00763	0.01002	0.01113	0.01221	0.00710	0.00792	0.01283	0.01794	0.02426	0.21361	0.45445	0.08972	0.02255	0.01017	0.00310	0.00465	0.06529	0.00791	0.00696
15	0.01828	0.01132	0.01193	0.01074	0.01358	0.01196	0.00824	0.15364	0.05252	0.03368	0.02652	0.07654	0.02215	0.04092	0.00819	0.00241	0.00527	0.00886	0.47425	0.00900
16	0.65526	0.01622	0.01353	0.01166	0.01690	0.01843	0.00961	0.08140	0.01667	0.07959	0.01342	0.01472	0.01000	0.00790	0.00551	0.00250	0.00656	0.00491	0.00564	0.00958
17	0.01067	0.00745	0.00913	0.01015	0.01052	0.00713	0.00638	0.01152	0.01411	0.01869	0.03835	0.40907	0.06961	0.31237	0.02321	0.00518	0.00600	0.01812	0.00644	0.00590
18	0.19936	0.01310	0.01447	0.01218	0.01680	0.01315	0.00980	0.04939	0.06821	0.26445	0.10280	0.03099	0.05720	0.01076	0.00736	0.00247	0.00589	0.00848	0.10242	0.01070
19	0.02033	0.01937	0.01735	0.01584	0.01961	0.14392	0.01203	0.06773	0.33567	0.02955	0.07294	0.09462	0.05949	0.04268	0.00983	0.00286	0.00776	0.01046	0.00727	0.01068
20	0.01572	0.00813	0.00820	0.00798	0.01005	0.00823	0.00604	0.04223	0.01781	0.03104	0.02621	0.02985	0.02053	0.00946	0.00576	0.00191	0.00398	0.00755	0.73152	0.00780
21	0.01252	0.00885	0.01149	0.01248	0.01427	0.00869	0.01008	0.01654	0.04336	0.02601	0.15775	0.18385	0.08054	0.02012	0.01005	0.00318	0.00577	0.28978	0.07712	0.00754
22	0.01683	0.01442	0.01683	0.01202	0.01923	0.01082	0.00961	0.02043	0.01683	0.02644	0.01442	0.01683	0.01202	0.00601	0.00601	0.00120	0.00601	0.00481	0.00481	0.76444
23	0.01125	0.00825	0.01084	0.01231	0.01377	0.00783	0.00965	0.01385	0.01765	0.02297	0.07991	0.32584	0.14166	0.02301	0.01056	0.00336	0.00573	0.26692	0.00758	0.00705
24	0.01056	0.00775	0.00999	0.01138	0.01232	0.00737	0.00788	0.01322	0.04356	0.02253	0.10210	0.56889	0.08542	0.02365	0.01018	0.00319	0.00476	0.04055	0.00769	0.00700
25	0.01998	0.01350	0.01657	0.01557	0.05798	0.01372	0.01134	0.11310	0.13635	0.12995	0.29352	0.04270	0.07476	0.01324	0.00882	0.00257	0.00586	0.01132	0.00848	0.01067
26	0.01263	0.00843	0.01077	0.01029	0.01219	0.00774	0.00752	0.01567	0.02080	0.06558	0.45419	0.12994	0.11122	0.08182	0.01250	0.00313	0.00449	0.01514	0.00837	0.00758
27	0.01101	0.00775	0.00897	0.00938	0.00999	0.00741	0.00583	0.01181	0.01416	0.01855	0.06601	0.21011	0.13186	0.41984	0.02796	0.00580	0.00639	0.01535	0.00609	0.00572
28	0.08984	0.05410	0.02537	0.02060	0.04323	0.04733	0.08013	0.09324	0.13916	0.02862	0.03865	0.02151	0.01597	0.01100	0.01436	0.00288	0.25050	0.00758	0.00536	0.01056
29	0.02100	0.01452	0.01821	0.01499	0.01911	0.01514	0.01202	0.11780	0.03562	0.13446	0.02110	0.05096	0.01772	0.05055	0.14072	0.00463	0.11355	0.00796	0.00612	0.18382
30	0.02068	0.28894	0.09472	0.01814	0.05003	0.05472	0.05430	0.02534	0.04914	0.08402	0.04124	0.05585	0.01772	0.01378	0.06530	0.00320	0.04006	0.00743	0.00492	0.01047
31	0.02927	0.03523	0.02384	0.02262	0.06717	0.55609	0.01633	0.08721	0.02374	0.02317	0.01330	0.01554	0.01093	0.00861	0.00808	0.00219	0.03655	0.00561	0.00451	0.01002
32	0.08485	0.08529	0.02531	0.04649	0.05675	0.08242	0.06579	0.11982	0.06126	0.02779	0.01800	0.02164	0.03337	0.01518	0.07909	0.00370	0.15069	0.00729	0.00503	0.01025

[dist]
# distance from previous block
# <min> <max>
1	4

[block]
# block no. 4 follows, 23 sequences, length 143
# corresponding to MSA columns:
# 185-327
name=unknown_E
#
# <colnr> <probs for GDERKNQSTAVLIFYWHMCP>
#	G	D	E	R	K	N	Q	S	T	A	V	L	I	F	Y	W	H	M	C	P
0	0.02132	0.03996	0.01850	0.07949	0.05289	0.05278	0.01274	0.07950	0.13615	0.15265	0.07408	0.09200	0.12761	0.01304	0.00851	0.00262	0.00717	0.01091	0.00742	0.01067
1	0.19819	0.01858	0.12576	0.01404	0.01938	0.03924	0.01306	0.06090	0.01978	0.13371	0.16475	0.03099	0.05691	0.01209	0.00920	0.05126	0.00722	0.00854	0.00661	0.00979
2	0.06702	0.05329	0.02028	0.04748	0.02265	0.36503	0.01352	0.07956	0.04617	0.02470	0.05897	0.08290	0.02041	0.05197	0.00966	0.00266	0.01098	0.00815	0.00532	0.00928
3	0.05353	0.02084	0.10895	0.05986	0.20237	0.05717	0.06888	0.05149	0.05977	0.05131	0.02576	0.03441	0.06759	0.01094	0.00852	0.00269	0.00942	0.09022	0.00540	0.01089
4	0.02093	0.54746	0.07800	0.01473	0.02112	0.07867	0.01440	0.02383	0.01660	0.01940	0.01289	0.01643	0.01190	0.04365	0.04834	0.00279	0.01010	0.00513	0.00364	0.00999
5	0.01513	0.00756	0.00756	0.00756	0.00945	0.00756	0.00567	0.01891	0.01702	0.03025	0.02647	0.03025	0.02080	0.00945	0.00567	0.00189	0.00378	0.00756	0.75988	0.00756
6	0.65606	0.01662	0.01428	0.01342	0.04797	0.01900	0.01028	0.08996	0.01666	0.03752	0.01237	0.01419	0.00952	0.00776	0.00550	0.00250	0.00672	0.00484	0.00531	0.00952
7	0.01999	0.01425	0.01609	0.01358	0.01762	0.01473	0.01074	0.23943	0.06534	0.07435	0.23265	0.07629	0.14201	0.01450	0.00893	0.00259	0.00607	0.01213	0.00837	0.01034
8	0.01046	0.00816	0.01013	0.01177	0.04149	0.00741	0.00771	0.01232	0.01697	0.02185	0.09298	0.37576	0.26839	0.06149	0.01169	0.00327	0.00485	0.01907	0.00731	0.00694
9	0.01263	0.00983	0.01184	0.01239	0.01453	0.00986	0.00955	0.01888	0.13169	0.02564	0.12638	0.24553	0.16060	0.02013	0.00994	0.00311	0.00544	0.15611	0.00782	0.00810
10	0.01948	0.01466	0.01719	0.01288	0.01947	0.01211	0.01028	0.05837	0.05703	0.09351	0.01909	0.05227	0.01572	0.00787	0.00669	0.00160	0.00623	0.00644	0.00587	0.56324
11	0.02167	0.24594	0.10755	0.01789	0.05144	0.05516	0.01594	0.14690	0.07120	0.02903	0.04866	0.02172	0.04060	0.00919	0.00781	0.00222	0.03547	0.00680	0.00533	0.05947
12	0.11511	0.15318	0.04926	0.01644	0.02189	0.04664	0.01413	0.15314	0.24211	0.03312	0.02066	0.02089	0.01593	0.00954	0.00837	0.00249	0.05223	0.00690	0.00629	0.01167
13	0.01860	0.01513	0.01794	0.06290	0.04338	0.03911	0.01289	0.11041	0.12781	0.05429	0.11697	0.09162	0.06613	0.04607	0.01219	0.00299	0.08248	0.03672	0.00687	0.03549
14	0.02223	0.01680	0.01805	0.01448	0.01993	0.04674	0.01155	0.17896	0.11402	0.09876	0.10421	0.03023	0.07018	0.01053	0.00783	0.00218	0.00689	0.00852	0.00733	0.21057
15	0.61460	0.01548	0.01321	0.01156	0.01653	0.01742	0.00943	0.06382	0.01632	0.09394	0.01560	0.05447	0.01268	0.00892	0.00581	0.00255	0.00641	0.00598	0.00582	0.00944
16	0.06225	0.01688	0.05283	0.12016	0.15589	0.03936	0.09481	0.02161	0.04665	0.02439	0.02366	0.18777	0.02364	0.01299	0.00991	0.00285	0.05316	0.03635	0.00516	0.00969
17	0.04607	0.01222	0.01266	0.01133	0.01443	0.05287	0.00859	0.06542	0.02132	0.10476	0.23278	0.05316	0.22654	0.08764	0.01225	0.00311	0.00587	0.01276	0.00772	0.00849
18	0.01159	0.00869	0.01304	0.01304	0.01449	0.01014	0.01014	0.01449	0.01304	0.01884	0.02173	0.03188	0.02029	0.06086	0.68268	0.01304	0.02173	0.00869	0.00435	0.00724
19	0.05265	0.16991	0.16313	0.01474	0.02016	0.07370	0.01448	0.02062	0.01864	0.02505	0.17583	0.11353	0.08123	0.01281	0.00792	0.00244	0.00782	0.01046	0.00569	0.00921
20	0.10390	0.00993	0.01096	0.01028	0.01306	0.00958	0.00782	0.01783	0.04565	0.07266	0.25650	0.05720	0.23450	0.07842	0.01177	0.00313	0.00503	0.03617	0.00768	0.00794
21	0.01161	0.00848	0.01078	0.01110	0.01269	0.00854	0.00826	0.01479	0.03789	0.02306	0.13380	0.16624	0.13915	0.09517	0.18130	0.00590	0.00927	0.06246	0.05238	0.00714
22	0.01258	0.00859	0.01212	0.01214	0.01343	0.00940	0.00897	0.01479	0.01357	0.04857	0.02555	0.11328	0.02579	0.17435	0.45681	0.01049	0.01655	0.01089	0.00508	0.00705
23	0.01125	0.00756	0.00999	0.01112	0.01203	0.00703	0.00760	0.01307	0.01688	0.04723	0.14517	0.54522	0.05504	0.05579	0.01160	0.00336	0.00479	0.02058	0.00774	0.00696
24	0.01021	0.00760	0.00942	0.01031	0.01156	0.00691	0.00716	0.01220	0.01756	0.02320	0.17676	0.41531	0.19204	0.04676	0.01111	0.00318	0.00451	0.01966	0.00772	0.00680
25	0.01234	0.00849	0.01029	0.01077	0.01251	0.00781	0.00764	0.03756	0.01801	0.06089	0.09193	0.40618	0.21638	0.04606	0.01096	0.00318	0.00489	0.01903	0.00770	0.00737
26	0.03196	0.01835	0.02117	0.01634	0.02246	0.01898	0.01346	0.36947	0.03110	0.28596	0.02471	0.02328	0.01665	0.00984	0.00798	0.00243	0.00783	0.00765	0.05698	0.01340
27	0.02206	0.69115	0.04170	0.01418	0.02100	0.05937	0.01396	0.02464	0.01676	0.01912	0.01133	0.01308	0.01041	0.00700	0.00530	0.00175	0.00893	0.00438	0.00350	0.01037
28	0.01060	0.00826	0.00962	0.00928	0.01158	0.00728	0.00696	0.01360	0.02088	0.02757	0.38981	0.06878	0.34979	0.01844	0.00958	0.00264	0.00396	0.01582	0.00828	0.00728
29	0.01195	0.00800	0.01015	0.01063	0.01215	0.00729	0.00750	0.01413	0.01821	0.06313	0.20837	0.37390	0.14833	0.05332	0.01133	0.00318	0.00467	0.01857	0.00793	0.00727
30	0.01683	0.01442	0.01683	0.01202	0.01923	0.01082	0.00961	0.02043	0.01683	0.02644	0.01442	0.01683	0.01202	0.00601	0.00601	0.00120	0.00601	0.00481	0.00481	0.76444
31	0.77215	0.01569	0.01193	0.01067	0.01569	0.01820	0.00879	0.02385	0.01381	0.03641	0.01130	0.01318	0.00879	0.00753	0.00502	0.00251	0.00628	0.00439	0.00502	0.00879
32	0.01064	0.00795	0.01000	0.01096	0.01248	0.00731	0.00815	0.01304	0.01814	0.02375	0.16498	0.33302	0.20581	0.02212	0.01017	0.00310	0.00487	0.11875	0.00778	0.00700
33	0.01016	0.00758	0.00936	0.01030	0.01154	0.00688	0.00714	0.01210	0.01739	0.02288	0.15991	0.42545	0.19931	0.04687	0.01112	0.00320	0.00452	0.01982	0.00768	0.00678
34	0.01286	0.00927	0.01278	0.01454	0.01646	0.00919	0.01266	0.01650	0.01867	0.02414	0.04534	0.09071	0.08398	0.02230	0.01111	0.00368	0.00727	0.57364	0.00748	0.00743
35	0.01129	0.00799	0.00987	0.01038	0.01199	0.00725	0.00744	0.01351	0.01825	0.04572	0.19892	0.32010	0.21112	0.05290	0.01134	0.00317	0.00466	0.03914	0.00783	0.00711
36	0.02008	0.01928	0.03294	0.04981	0.66422	0.01928	0.02490	0.02490	0.01848	0.02651	0.01526	0.02008	0.01285	0.00723	0.00803	0.00241	0.00964	0.00723	0.00402	0.01285
37	0.06675	0.01114	0.01122	0.01000	0.01301	0.01179	0.00783	0.14365	0.02106	0.03485	0.02409	0.02699	0.01862	0.00939	0.00612	0.00204	0.00498	0.00731	0.56027	0.00890
38	0.02195	0.01415	0.01485	0.01238	0.01627	0.01520	0.00990	0.28729	0.02619	0.03932	0.02344	0.02558	0.01776	0.00958	0.00673	0.00213	0.00602	0.00745	0.43354	0.01027
39	0.00982	0.00821	0.00845	0.00840	0.01098	0.00695	0.00624	0.01194	0.01861	0.02253	0.12522	0.07585	0.59328	0.04457	0.01070	0.00291	0.00422	0.01675	0.00755	0.00685
40	0.03085	0.02273	0.02435	0.01867	0.02516	0.02516	0.01542	0.63716	0.03815	0.05114	0.01948	0.01948	0.01380	0.00974	0.00812	0.00244	0.00893	0.00731	0.00812	0.01380
41	0.00959	0.00822	0.00822	0.00822	0.01096	0.00685	0.00617	0.01165	0.01850	0.02192	0.08220	0.07809	0.66092	0.02055	0.00959	0.00274	0.00411	0.01713	0.00754	0.00685
42	0.02957	0.02210	0.02364	0.01841	0.02468	0.02457	0.01511	0.56626	0.11113	0.04909	0.02110	0.02077	0.01511	0.00989	0.00813	0.00247	0.00863	0.00753	0.00813	0.01369
43	0.01140	0.00836	0.01105	0.01067	0.01238	0.00824	0.00796	0.01456	0.01926	0.02699	0.40717	0.05404	0.10090	0.08332	0.18164	0.00563	0.00868	0.01312	0.00736	0.00728
44	0.01775	0.01775	0.02485	0.02130	0.02130	0.02485	0.01775	0.01953	0.01243	0.01953	0.01065	0.01775	0.01065	0.01420	0.02663	0.00355	0.69998	0.00710	0.00355	0.00888
45	0.00989	0.00706	0.00942	0.01130	0.01177	0.00659	0.00753	0.01130	0.01554	0.02071	0.04472	0.70954	0.05367	0.02542	0.01036	0.00330	0.00471	0.02307	0.00753	0.00659
46	0.16305	0.01484	0.01681	0.01368	0.01895	0.04520	0.01106	0.05588	0.02175	0.40980	0.08978	0.05775	0.02447	0.01084	0.00780	0.00253	0.00684	0.00863	0.00857	0.01177
47	0.01138	0.00964	0.01143	0.01295	0.07001	0.00876	0.00866	0.01488	0.04801	0.02405	0.13132	0.09759	0.45821	0.01881	0.00949	0.00276	0.00485	0.04204	0.00740	0.00776
48	0.01775	0.01775	0.02485	0.02130	0.02130	0.02485	0.01775	0.01953	0.01243	0.01953	0.01065	0.01775	0.01065	0.01420	0.02663	0.00355	0.69998	0.00710	0.00355	0.00888
49	0.00989	0.00706	0.00942	0.01130	0.01177	0.00659	0.00753	0.01130	0.01554	0.02071	0.04472	0.70954	0.05367	0.02542	0.01036	0.00330	0.00471	0.02307	0.00753	0.00659
50	0.01536	0.01443	0.02434	0.49621	0.04611	0.01746	0.06896	0.02014	0.01608	0.02137	0.01736	0.08285	0.01509	0.01015	0.01003	0.00281	0.07308	0.00881	0.03046	0.00889
51	0.01807	0.08029	0.02722	0.04469	0.02321	0.02511	0.03919	0.02022	0.01316	0.01976	0.01104	0.01761	0.01069	0.01308	0.02348	0.00333	0.59026	0.00695	0.00356	0.00909
52	0.01288	0.00928	0.01280	0.01456	0.01648	0.00920	0.01268	0.01652	0.01867	0.02415	0.04519	0.09077	0.08161	0.02231	0.01112	0.00368	0.00728	0.57593	0.00748	0.00744
53	0.02008	0.01928	0.03294	0.04981	0.66422	0.01928	0.02490	0.02490	0.01848	0.02651	0.01526	0.02008	0.01285	0.00723	0.00803	0.00241	0.00964	0.00723	0.00402	0.01285
54	0.03344	0.01645	0.07020	0.01595	0.02266	0.01317	0.03688	0.03814	0.05205	0.56609	0.03013	0.02672	0.01926	0.00979	0.00818	0.00254	0.00753	0.00809	0.00923	0.01352
55	0.02982	0.02203	0.02357	0.01817	0.02448	0.02428	0.01498	0.60702	0.03720	0.04973	0.02250	0.02231	0.04498	0.01026	0.00819	0.00245	0.00870	0.00778	0.00809	0.01346
56	0.02306	0.02195	0.01977	0.01754	0.02222	0.14693	0.01361	0.09397	0.47559	0.03279	0.02791	0.02633	0.02106	0.01039	0.00806	0.00260	0.00821	0.00825	0.00747	0.01227
57	0.03031	0.03867	0.02299	0.02090	0.02508	0.68226	0.01568	0.03240	0.02299	0.01986	0.01254	0.01463	0.01045	0.00836	0.00732	0.00209	0.01463	0.00523	0.00418	0.00941
58	0.77215	0.01569	0.01193	0.01067	0.01569	0.01820	0.00879	0.02385	0.01381	0.03641	0.01130	0.01318	0.00879	0.00753	0.00502	0.00251	0.00628	0.00439	0.00502	0.00879
59	0.02902	0.01437	0.01767	0.01430	0.01928	0.01403	0.01128	0.09884	0.12726	0.38951	0.02978	0.03144	0.02177	0.12743	0.01369	0.00343	0.00720	0.00884	0.00869	0.01217
60	0.01775	0.01775	0.02485	0.02130	0.02130	0.02485	0.01775	0.01953	0.01243	0.01953	0.01065	0.01775	0.01065	0.01420	0.02663	0.00355	0.69998	0.00710	0.00355	0.00888
61	0.16012	0.01316	0.01476	0.03636	0.01818	0.01326	0.01015	0.02618	0.12962	0.12800	0.08496	0.08925	0.02540	0.01186	0.00854	0.03758	0.00605	0.00896	0.04320	0.13439
62	0.01683	0.01442	0.01683	0.01202	0.01923	0.01082	0.00961	0.02043	0.01683	0.02644	0.01442	0.01683	0.01202	0.00601	0.00601	0.00120	0.00601	0.00481	0.00481	0.76444
63	0.02008	0.01928	0.03294	0.04981	0.66422	0.01928	0.02490	0.02490	0.01848	0.02651	0.01526	0.02008	0.01285	0.00723	0.00803	0.00241	0.00964	0.00723	0.00402	0.01285
64	0.00989	0.00706	0.00942	0.01130	0.01177	0.00659	0.00753	0.01130	0.01554	0.02071	0.04472	0.70954	0.05367	0.02542	0.01036	0.00330	0.00471	0.02307	0.00753	0.00659
65	0.72716	0.01612	0.01268	0.01116	0.01627	0.01863	0.00919	0.06107	0.01529	0.03730	0.01179	0.01356	0.00909	0.00767	0.00521	0.00251	0.00644	0.00457	0.00521	0.00909
66	0.02828	0.02064	0.02230	0.01778	0.02373	0.02286	0.01446	0.43064	0.20662	0.08967	0.02411	0.02304	0.01728	0.01011	0.00816	0.00253	0.00809	0.00788	0.00829	0.01353
67	0.01810	0.02926	0.27722	0.03014	0.03973	0.01990	0.41280	0.02588	0.01841	0.02588	0.01574	0.02014	0.01157	0.00716	0.00889	0.00267	0.01306	0.00826	0.00386	0.01133
68	0.01293	0.00923	0.01291	0.01478	0.01658	0.00921	0.01282	0.01656	0.01853	0.02412	0.04304	0.12009	0.04702	0.02255	0.01117	0.00372	0.00734	0.58249	0.00747	0.00743
69	0.01532	0.01442	0.02434	0.69533	0.05589	0.01803	0.02253	0.02073	0.01622	0.02073	0.01442	0.02163	0.01082	0.00811	0.00811	0.00270	0.01082	0.00721	0.00361	0.00901
70	0.01148	0.00829	0.01085	0.01021	0.01212	0.00766	0.00766	0.01531	0.02297	0.03254	0.65994	0.06061	0.07656	0.01659	0.00957	0.00255	0.00383	0.01467	0.00893	0.00766
71	0.00988	0.00823	0.00863	0.00853	0.01114	0.00698	0.00640	0.01221	0.01919	0.02357	0.17196	0.07537	0.57014	0.01993	0.00959	0.00271	0.00407	0.01674	0.00775	0.00698
72	0.01745	0.01901	0.05745	0.31428	0.10223	0.01950	0.27121	0.02336	0.01747	0.02350	0.01513	0.02126	0.01158	0.00779	0.00956	0.00273	0.04432	0.00812	0.00384	0.01024
73	0.01308	0.00934	0.01308	0.01494	0.01681	0.00934	0.01308	0.01681	0.01868	0.02428	0.04296	0.09153	0.04670	0.02242	0.01121	0.00374	0.00747	0.60960	0.00747	0.00747
74	0.03001	0.02089	0.02072	0.01703	0.02259	0.12558	0.01361	0.18376	0.18359	0.25599	0.02609	0.02422	0.01818	0.00994	0.00804	0.00248	0.00852	0.00773	0.00818	0.01285
75	0.00989	0.00706	0.00942	0.01130	0.01177	0.00659	0.00753	0.01130	0.01554	0.02071	0.04472	0.70954	0.05367	0.02542	0.01036	0.00330	0.00471	0.02307	0.00753	0.00659
76	0.06217	0.01760	0.01945	0.01575	0.02108	0.01876	0.01268	0.30306	0.12787	0.16848	0.02895	0.05813	0.05823	0.03842	0.00947	0.00277	0.00747	0.00911	0.00820	0.01233
77	0.00989	0.00706	0.00942	0.01130	0.01177	0.00659	0.00753	0.01130	0.01554	0.02071	0.04472	0.70954	0.05367	0.02542	0.01036	0.00330	0.00471	0.02307	0.00753	0.00659
78	0.01412	0.00892	0.01179	0.01092	0.01327	0.00819	0.00841	0.01787	0.02274	0.09696	0.55978	0.05907	0.06906	0.01626	0.00952	0.00262	0.00436	0.04892	0.00896	0.00827
79	0.09530	0.01186	0.01444	0.01238	0.01640	0.01133	0.00969	0.02749	0.07411	0.28276	0.20237	0.08240	0.06551	0.04524	0.00996	0.00285	0.00575	0.01116	0.00860	0.01041
80	0.01589	0.01534	0.01371	0.01273	0.01526	0.15774	0.00956	0.01992	0.04406	0.02941	0.47555	0.04997	0.07986	0.01471	0.00903	0.00246	0.00632	0.01247	0.00781	0.00819
81	0.01178	0.00796	0.00931	0.00931	0.00947	0.00812	0.00549	0.01209	0.01194	0.01607	0.02515	0.05077	0.02849	0.64314	0.11161	0.00843	0.00939	0.01146	0.00485	0.00517
82	0.01258	0.00881	0.01062	0.01109	0.01279	0.00833	0.00783	0.04256	0.03918	0.05432	0.07648	0.41541	0.18354	0.06246	0.01169	0.00331	0.00508	0.01882	0.00761	0.00748
83	0.01227	0.00782	0.00899	0.00907	0.01089	0.00733	0.00666	0.01542	0.01890	0.02814	0.23753	0.15164	0.14831	0.01596	0.00826	0.00245	0.00399	0.01374	0.28528	0.00733
84	0.01179	0.00790	0.00904	0.00904	0.00910	0.00797	0.00515	0.01192	0.01186	0.01587	0.02540	0.05215	0.02909	0.68571	0.06986	0.00810	0.00848	0.01166	0.00489	0.00502
85	0.01034	0.00737	0.00976	0.01118	0.01190	0.00692	0.00767	0.01214	0.01660	0.02239	0.13467	0.55853	0.05568	0.05469	0.01165	0.00341	0.00483	0.04592	0.00762	0.00671
86	0.01483	0.00900	0.01159	0.01106	0.01341	0.00821	0.00841	0.01780	0.02047	0.12022	0.32751	0.14016	0.13154	0.06012	0.01154	0.00309	0.00500	0.06953	0.00837	0.00813
87	0.01252	0.00863	0.01111	0.01063	0.01283	0.00792	0.00820	0.01610	0.02203	0.05861	0.50297	0.06428	0.14013	0.01734	0.00967	0.00269	0.00436	0.07350	0.00867	0.00781
88	0.02135	0.67633	0.08287	0.01448	0.02174	0.03126	0.01491	0.02439	0.01653	0.01951	0.01149	0.01328	0.01040	0.00699	0.00537	0.00179	0.00889	0.00444	0.00347	0.01051
