[name]
unknown

[dist]
# distance from previous block
# <min> <max>
0	34

[block]
# block no. 0 follows, 23 sequences, length 13
# corresponding to MSA columns:
# 34-46
name=unknown_A
#
# <colnr> <probs for GDERKNQSTAVLIFYWHMCP>
#	G	D	E	R	K	N	Q	S	T	A	V	L	I	F	Y	W	H	M	C	P
0	0.01385	0.01073	0.01502	0.01599	0.01755	0.01190	0.01385	0.01726	0.01765	0.02350	0.03763	0.07935	0.04075	0.02106	0.01375	0.00371	0.12181	0.51013	0.00682	0.00770
1	0.02354	0.02589	0.02659	0.05930	0.12559	0.27178	0.09418	0.06797	0.02092	0.02486	0.01450	0.01796	0.01181	0.00920	0.02538	0.00245	0.03221	0.00640	0.00447	0.13499
2	0.01405	0.01025	0.01240	0.05621	0.01639	0.01053	0.00924	0.05040	0.09775	0.02556	0.03386	0.34505	0.03561	0.06428	0.01088	0.00310	0.00568	0.01505	0.13128	0.05242
3	0.07931	0.00949	0.01335	0.01283	0.01449	0.00932	0.06903	0.01445	0.01522	0.02240	0.05530	0.37832	0.03872	0.13480	0.01571	0.04178	0.00629	0.01630	0.04600	0.00688
4	0.32933	0.01437	0.01490	0.01285	0.01736	0.01565	0.01039	0.08953	0.05317	0.14777	0.07632	0.02464	0.02011	0.01801	0.11837	0.00426	0.00901	0.00725	0.00665	0.01007
5	0.01362	0.01033	0.01129	0.01060	0.01346	0.01003	0.00791	0.02001	0.14580	0.05819	0.15856	0.06043	0.33864	0.09005	0.01256	0.00324	0.00506	0.01411	0.00776	0.00834
6	0.01818	0.01814	0.12391	0.01533	0.02017	0.01505	0.01374	0.08672	0.20542	0.07305	0.16788	0.10733	0.03577	0.04971	0.01038	0.00296	0.00694	0.01124	0.00746	0.01063
7	0.02140	0.01132	0.01458	0.01249	0.01619	0.01059	0.00978	0.05590	0.05631	0.25268	0.33751	0.08859	0.04970	0.01428	0.00899	0.00259	0.00534	0.01233	0.00915	0.01029
8	0.01310	0.00859	0.01071	0.01022	0.01242	0.00774	0.00755	0.01599	0.02053	0.08433	0.37074	0.14120	0.19231	0.05433	0.01120	0.00296	0.00448	0.01551	0.00835	0.00775
9	0.01335	0.00965	0.01188	0.01252	0.01398	0.00966	0.00883	0.11463	0.01927	0.02574	0.04056	0.59561	0.04708	0.02283	0.00999	0.00315	0.00540	0.02047	0.00763	0.00778
10	0.61066	0.01553	0.01303	0.01141	0.01621	0.01767	0.00931	0.08342	0.01728	0.03741	0.08739	0.01931	0.01715	0.00880	0.00586	0.00251	0.00625	0.00587	0.00578	0.00915
11	0.01023	0.00733	0.00973	0.01106	0.01185	0.00682	0.00756	0.01217	0.01716	0.02329	0.17882	0.56809	0.05866	0.02350	0.01019	0.00313	0.00452	0.02124	0.00784	0.00682
12	0.01003	0.00717	0.00954	0.01120	0.01180	0.00669	0.00754	0.01165	0.01619	0.02176	0.09932	0.65195	0.05570	0.02464	0.01029	0.00323	0.00463	0.02232	0.00766	0.00669

[dist]
# distance from previous block
# <min> <max>
0	1

[block]
# block no. 1 follows, 23 sequences, length 6
# corresponding to MSA columns:
# 48-53
name=unknown_B
#
# <colnr> <probs for GDERKNQSTAVLIFYWHMCP>
#	G	D	E	R	K	N	Q	S	T	A	V	L	I	F	Y	W	H	M	C	P
0	0.10381	0.01227	0.01433	0.01247	0.01645	0.01227	0.00980	0.02876	0.13213	0.22826	0.18435	0.07471	0.03559	0.01239	0.00806	0.00255	0.00555	0.01034	0.08540	0.01052
1	0.56122	0.01549	0.01336	0.01179	0.01645	0.01756	0.00953	0.10650	0.01784	0.03688	0.05349	0.07557	0.01726	0.00988	0.00616	0.00257	0.00636	0.00697	0.00589	0.00922
2	0.08642	0.01456	0.01650	0.01403	0.01861	0.01498	0.01136	0.15993	0.10634	0.17659	0.12058	0.04123	0.10592	0.01315	0.00853	0.00267	0.00652	0.06278	0.00829	0.01102
3	0.09662	0.01101	0.01595	0.06482	0.10539	0.01147	0.04142	0.01723	0.01421	0.02271	0.01675	0.02366	0.01448	0.01661	0.01725	0.32290	0.00721	0.00704	0.16628	0.00699
4	0.11007	0.01381	0.01844	0.01707	0.08477	0.01276	0.01233	0.03304	0.02170	0.44877	0.11430	0.02983	0.02589	0.01039	0.00800	0.00251	0.00669	0.00856	0.00874	0.01233
5	0.01773	0.01833	0.03360	0.05929	0.03259	0.01812	0.32196	0.02262	0.01716	0.02451	0.01623	0.05270	0.01386	0.00881	0.01151	0.00253	0.12481	0.00855	0.00432	0.19077

[dist]
# distance from previous block
# <min> <max>
1	7

[block]
# block no. 2 follows, 23 sequences, length 48
# corresponding to MSA columns:
# 61-108
name=unknown_C
#
# <colnr> <probs for GDERKNQSTAVLIFYWHMCP>
#	G	D	E	R	K	N	Q	S	T	A	V	L	I	F	Y	W	H	M	C	P
0	0.01679	0.01601	0.03749	0.13588	0.02592	0.05512	0.04087	0.05676	0.17522	0.02592	0.03069	0.22040	0.05581	0.01471	0.01001	0.00289	0.05099	0.01259	0.00634	0.00962
1	0.01426	0.01419	0.05121	0.31030	0.09016	0.01453	0.06967	0.01859	0.01630	0.02177	0.02403	0.22423	0.02428	0.01629	0.05097	0.00349	0.00990	0.01211	0.00488	0.00882
2	0.01799	0.01439	0.01694	0.01216	0.01932	0.01088	0.00975	0.02156	0.01721	0.06457	0.01546	0.01747	0.01250	0.00625	0.00614	0.00128	0.00606	0.00501	0.00512	0.71995
3	0.01748	0.02000	0.16355	0.01592	0.02227	0.01400	0.03245	0.09423	0.05232	0.05265	0.02654	0.17535	0.05134	0.01224	0.00807	0.00236	0.00759	0.01048	0.00598	0.21515
4	0.01513	0.00756	0.00756	0.00756	0.00945	0.00756	0.00567	0.01891	0.01702	0.03025	0.02647	0.03025	0.02080	0.00945	0.00567	0.00189	0.00378	0.00756	0.75988	0.00756
5	0.02218	0.68162	0.04143	0.01428	0.02106	0.06847	0.01398	0.02475	0.01685	0.01913	0.01135	0.01311	0.01042	0.00702	0.00532	0.00176	0.00901	0.00439	0.00351	0.01036
6	0.03085	0.02273	0.02435	0.01867	0.02516	0.02516	0.01542	0.63716	0.03815	0.05114	0.01948	0.01948	0.01380	0.00974	0.00812	0.00244	0.00893	0.00731	0.00812	0.01380
7	0.01685	0.01304	0.01551	0.01226	0.01786	0.01061	0.00952	0.02124	0.05670	0.06684	0.04412	0.14413	0.02300	0.01042	0.00719	0.00180	0.00578	0.00890	0.00598	0.50823
8	0.01631	0.09503	0.56430	0.02126	0.03198	0.01898	0.02675	0.02470	0.01758	0.02574	0.06936	0.02050	0.01595	0.00840	0.00766	0.00250	0.01102	0.00660	0.00390	0.01149
9	0.03044	0.01249	0.01692	0.01342	0.01866	0.01090	0.01090	0.03374	0.02316	0.51718	0.18242	0.03552	0.03361	0.01161	0.00850	0.00252	0.00617	0.00972	0.00978	0.01234
10	0.01640	0.03854	0.58055	0.02383	0.03504	0.01860	0.09432	0.02534	0.01757	0.02599	0.03904	0.01928	0.01299	0.00795	0.00798	0.00259	0.01187	0.00671	0.00371	0.01172
11	0.02191	0.03314	0.45826	0.02142	0.03164	0.01707	0.06092	0.02947	0.01890	0.20054	0.01941	0.02026	0.01306	0.00829	0.00794	0.00256	0.01071	0.00680	0.00526	0.01242
12	0.07543	0.01344	0.01776	0.01387	0.01970	0.01191	0.01139	0.03660	0.02268	0.58003	0.08443	0.02963	0.02427	0.01046	0.00810	0.00251	0.00661	0.00851	0.00967	0.01300
13	0.09834	0.01416	0.01822	0.01422	0.02031	0.01289	0.01171	0.03839	0.05489	0.58283	0.03030	0.02652	0.01936	0.00988	0.00790	0.00252	0.00683	0.00789	0.00952	0.01333
14	0.01185	0.01237	0.07178	0.01557	0.01835	0.00986	0.10224	0.01485	0.01629	0.02192	0.03936	0.48146	0.08037	0.02232	0.03763	0.00352	0.00732	0.01865	0.00654	0.00774
15	0.01645	0.00936	0.01226	0.01104	0.01382	0.00843	0.00845	0.01988	0.02229	0.16360	0.45682	0.09529	0.09803	0.01601	0.00933	0.00260	0.00454	0.01399	0.00899	0.00882
16	0.03641	0.01381	0.01883	0.01444	0.02071	0.01193	0.01193	0.03954	0.02322	0.66984	0.03201	0.02762	0.02009	0.01004	0.00816	0.00251	0.00690	0.00816	0.01004	0.01381
17	0.01698	0.01823	0.03786	0.11477	0.03856	0.01767	0.44215	0.02264	0.01812	0.02436	0.02131	0.14699	0.01965	0.01038	0.00953	0.00283	0.01168	0.01173	0.00466	0.00990
18	0.06150	0.62821	0.06307	0.01436	0.02126	0.05914	0.01428	0.02468	0.01665	0.02028	0.01146	0.01325	0.01032	0.00706	0.00538	0.00182	0.00893	0.00444	0.00358	0.01034
19	0.01187	0.00888	0.01268	0.01254	0.01366	0.01026	0.00942	0.01416	0.01278	0.01826	0.02205	0.03545	0.02170	0.18581	0.53335	0.01168	0.04493	0.00923	0.00443	0.00686
20	0.00981	0.00737	0.00909	0.01047	0.01155	0.00666	0.00716	0.01139	0.01633	0.02104	0.05483	0.53931	0.21737	0.02411	0.01015	0.00315	0.00455	0.02147	0.00753	0.00666
21	0.03031	0.03867	0.02299	0.02090	0.02508	0.68226	0.01568	0.03240	0.02299	0.01986	0.01254	0.01463	0.01045	0.00836	0.00732	0.00209	0.01463	0.00523	0.00418	0.00941
22	0.17283	0.01766	0.01842	0.01487	0.02063	0.08232	0.01207	0.08926	0.05583	0.39649	0.02509	0.02301	0.01668	0.00943	0.00749	0.00247	0.00772	0.00713	0.00824	0.01237
23	0.01886	0.02103	0.04311	0.03153	0.03804	0.02142	0.50703	0.02465	0.01776	0.02465	0.01522	0.02103	0.01197	0.00836	0.01311	0.00290	0.15574	0.00906	0.00399	0.01052
24	0.01840	0.01884	0.02476	0.02128	0.02150	0.05893	0.01764	0.02020	0.01297	0.01954	0.01075	0.01759	0.01064	0.01390	0.02563	0.00347	0.66446	0.00700	0.00358	0.00890
25	0.02193	0.02002	0.02121	0.02190	0.11454	0.09654	0.01503	0.03837	0.44043	0.05696	0.02736	0.02650	0.02076	0.01021	0.00867	0.00264	0.02913	0.00833	0.00710	0.01236
26	0.01872	0.01797	0.02478	0.06314	0.02379	0.02445	0.01785	0.07230	0.01486	0.02230	0.01164	0.01814	0.01093	0.01344	0.02389	0.00340	0.59801	0.00713	0.00394	0.00930
27	0.77215	0.01569	0.01193	0.01067	0.01569	0.01820	0.00879	0.02385	0.01381	0.03641	0.01130	0.01318	0.00879	0.00753	0.00502	0.00251	0.00628	0.00439	0.00502	0.00879
28	0.01161	0.00862	0.01268	0.01268	0.01401	0.00995	0.00970	0.01426	0.01293	0.01857	0.02206	0.03369	0.02107	0.11666	0.62795	0.01260	0.02055	0.00896	0.00440	0.00705
29	0.02008	0.01928	0.03294	0.04981	0.66422	0.01928	0.02490	0.02490	0.01848	0.02651	0.01526	0.02008	0.01285	0.00723	0.00803	0.00241	0.00964	0.00723	0.00402	0.01285
30	0.01213	0.00942	0.01380	0.01350	0.01474	0.01126	0.01048	0.01476	0.01291	0.01871	0.02102	0.03193	0.02001	0.09563	0.58869	0.01192	0.07879	0.00874	0.00431	0.00725
31	0.02643	0.01409	0.04657	0.07185	0.02224	0.01227	0.01253	0.03146	0.06794	0.38766	0.10873	0.03665	0.10172	0.01185	0.00848	0.00258	0.00674	0.00988	0.00864	0.01171
32	0.00989	0.00706	0.00942	0.01130	0.01177	0.00659	0.00753	0.01130	0.01554	0.02071	0.04472	0.70954	0.05367	0.02542	0.01036	0.00330	0.00471	0.02307	0.00753	0.00659
33	0.03031	0.03867	0.02299	0.02090	0.02508	0.68226	0.01568	0.03240	0.02299	0.01986	0.01254	0.01463	0.01045	0.00836	0.00732	0.00209	0.01463	0.00523	0.00418	0.00941
34	0.01693	0.01756	0.03424	0.41738	0.05022	0.01908	0.27992	0.02294	0.01746	0.02294	0.01526	0.02174	0.01145	0.00758	0.00873	0.00272	0.01202	0.00821	0.00382	0.00983
35	0.00959	0.00822	0.00822	0.00822	0.01096	0.00685	0.00617	0.01165	0.01850	0.02192	0.08220	0.07809	0.66092	0.02055	0.00959	0.00274	0.00411	0.01713	0.00754	0.00685
36	0.01799	0.25710	0.47273	0.02019	0.03058	0.02305	0.02487	0.02525	0.01693	0.02360	0.01352	0.01583	0.01032	0.00747	0.00691	0.00230	0.01094	0.00547	0.00344	0.01149
37	0.06507	0.54043	0.16863	0.01557	0.02342	0.02859	0.01685	0.02455	0.01646	0.02146	0.01195	0.01386	0.01029	0.00713	0.00570	0.00195	0.00921	0.00468	0.00355	0.01064
38	0.01112	0.00999	0.00927	0.00912	0.01165	0.04701	0.00668	0.01305	0.01832	0.02168	0.09855	0.07113	0.53521	0.08663	0.01251	0.00319	0.00508	0.01580	0.00715	0.00685
39	0.02053	0.02012	0.03250	0.04855	0.63645	0.04808	0.02450	0.02523	0.01867	0.02622	0.01514	0.01985	0.01275	0.00728	0.00800	0.00240	0.00986	0.00714	0.00402	0.01270
40	0.01036	0.00825	0.00928	0.00902	0.01143	0.00718	0.00677	0.01313	0.02030	0.02621	0.31584	0.07102	0.42461	0.01895	0.00958	0.00266	0.00400	0.01613	0.00810	0.00718
41	0.01256	0.01024	0.01280	0.01223	0.01397	0.01113	0.00940	0.04182	0.01676	0.02223	0.07733	0.10770	0.24410	0.08742	0.16084	0.00558	0.10707	0.03325	0.00615	0.00741
42	0.02231	0.06380	0.05947	0.01645	0.02227	0.04655	0.01389	0.15309	0.31004	0.05538	0.02670	0.02577	0.04188	0.00994	0.00775	0.00240	0.00760	0.00791	0.00711	0.09969
43	0.05153	0.01585	0.02416	0.17027	0.29386	0.01707	0.01938	0.02481	0.10765	0.02651	0.04035	0.05531	0.02147	0.01079	0.00847	0.00273	0.00866	0.08504	0.00528	0.01082
44	0.01690	0.01422	0.01666	0.01230	0.01903	0.01109	0.00988	0.04026	0.01785	0.02740	0.04178	0.02204	0.01623	0.00730	0.00646	0.00141	0.00608	0.03256	0.00520	0.67535
45	0.02203	0.53737	0.03622	0.01489	0.02086	0.12428	0.01375	0.02527	0.04056	0.01998	0.01492	0.05287	0.01425	0.00871	0.00607	0.00196	0.00922	0.02266	0.00408	0.01007
46	0.65741	0.01606	0.01487	0.01270	0.01764	0.01846	0.04250	0.02435	0.01440	0.06092	0.01238	0.01451	0.00955	0.00799	0.00667	0.00258	0.04781	0.00498	0.00509	0.00911
47	0.06986	0.21100	0.06750	0.01984	0.06009	0.18175	0.05418	0.07993	0.06495	0.09332	0.01669	0.01787	0.01287	0.00821	0.00704	0.00223	0.01021	0.00612	0.00521	0.01114

[dist]
# distance from previous block
# <min> <max>
0	1

[block]
# block no. 3 follows, 23 sequences, length 43
# corresponding to MSA columns:
# 110-152
name=unknown_D
#
# <colnr> <probs for GDERKNQSTAVLIFYWHMCP>
#	G	D	E	R	K	N	Q	S	T	A	V	L	I	F	Y	W	H	M	C	P
0	0.01785	0.01635	0.04011	0.01506	0.01949	0.01731	0.01210	0.03589	0.49114	0.03156	0.06989	0.03926	0.13368	0.01275	0.00852	0.00273	0.00611	0.01065	0.00799	0.01156
1	0.01160	0.00866	0.01288	0.01288	0.01428	0.01006	0.00995	0.01439	0.01299	0.01872	0.02188	0.03268	0.02063	0.08548	0.65853	0.01285	0.02121	0.00881	0.00437	0.00716
2	0.03682	0.05739	0.01712	0.01829	0.12216	0.01237	0.01175	0.01676	0.01787	0.02516	0.20045	0.23905	0.04462	0.05142	0.01183	0.00309	0.04829	0.05059	0.00661	0.00835
3	0.01089	0.00788	0.01050	0.01215	0.01325	0.00748	0.00912	0.01315	0.01698	0.02234	0.07074	0.45495	0.09311	0.02384	0.01053	0.00336	0.00547	0.19977	0.00757	0.00692
4	0.01676	0.10253	0.61648	0.02230	0.03384	0.02003	0.02854	0.02557	0.01707	0.02511	0.01427	0.01676	0.01029	0.00764	0.00749	0.00250	0.01170	0.00585	0.00343	0.01185
5	0.01031	0.00782	0.00950	0.00998	0.01163	0.00702	0.00714	0.01271	0.01887	0.02492	0.25552	0.30201	0.25106	0.02104	0.00986	0.00288	0.00424	0.01849	0.00799	0.00702
6	0.01975	0.47659	0.26862	0.01720	0.02595	0.02735	0.01966	0.02480	0.01672	0.02146	0.01246	0.01449	0.01036	0.00722	0.00610	0.00203	0.00987	0.00493	0.00345	0.01098
7	0.01047	0.00731	0.00924	0.01055	0.01088	0.00698	0.00673	0.01145	0.01440	0.01919	0.03888	0.50919	0.04629	0.23583	0.01980	0.00469	0.00567	0.01963	0.00673	0.00608
8	0.00989	0.00706	0.00942	0.01130	0.01177	0.00659	0.00753	0.01130	0.01554	0.02071	0.04472	0.70954	0.05367	0.02542	0.01036	0.00330	0.00471	0.02307	0.00753	0.00659
9	0.01659	0.08153	0.63600	0.02259	0.03429	0.01962	0.02904	0.02562	0.01709	0.02531	0.01437	0.01689	0.01029	0.00766	0.00756	0.00252	0.01180	0.00590	0.00343	0.01190
10	0.02018	0.01743	0.01835	0.01651	0.02110	0.02018	0.01284	0.04312	0.64956	0.03394	0.03303	0.03027	0.02477	0.01101	0.00826	0.00275	0.00642	0.00917	0.00826	0.01284
11	0.02094	0.28202	0.03002	0.02177	0.13819	0.07809	0.01558	0.02967	0.19487	0.02490	0.02002	0.02354	0.01690	0.01081	0.03020	0.00265	0.00910	0.03432	0.00518	0.01121
12	0.01513	0.00756	0.00756	0.00756	0.00945	0.00756	0.00567	0.01891	0.01702	0.03025	0.02647	0.03025	0.02080	0.00945	0.00567	0.00189	0.00378	0.00756	0.75988	0.00756
13	0.01775	0.01775	0.02485	0.02130	0.02130	0.02485	0.01775	0.01953	0.01243	0.01953	0.01065	0.01775	0.01065	0.01420	0.02663	0.00355	0.69998	0.00710	0.00355	0.00888
14	0.01148	0.00829	0.01085	0.01021	0.01212	0.00766	0.00766	0.01531	0.02297	0.03254	0.65994	0.06061	0.07656	0.01659	0.00957	0.00255	0.00383	0.01467	0.00893	0.00766
15	0.01063	0.00797	0.01075	0.01223	0.01273	0.00809	0.00857	0.01219	0.01546	0.02080	0.04209	0.62733	0.05011	0.02443	0.01161	0.00334	0.05678	0.05085	0.00723	0.00680
16	0.02288	0.62790	0.04002	0.01465	0.02140	0.06954	0.01410	0.07055	0.01849	0.02153	0.01197	0.01359	0.01067	0.00723	0.00555	0.00181	0.00904	0.00461	0.00386	0.01061
17	0.01683	0.01442	0.01683	0.01202	0.01923	0.01082	0.00961	0.02043	0.01683	0.02644	0.01442	0.01683	0.01202	0.00601	0.00601	0.00120	0.00601	0.00481	0.00481	0.76444
18	0.02018	0.01757	0.01944	0.01900	0.06914	0.02012	0.01374	0.04176	0.60242	0.03339	0.03170	0.02951	0.02388	0.01073	0.00824	0.00273	0.00666	0.00903	0.00794	0.01284
19	0.01802	0.01438	0.01695	0.01217	0.01932	0.01088	0.00976	0.02160	0.01722	0.06565	0.01549	0.01748	0.01251	0.00626	0.00614	0.00128	0.00606	0.00501	0.00513	0.71869
20	0.01346	0.00896	0.01156	0.01117	0.01316	0.00844	0.00824	0.04470	0.02161	0.06898	0.41974	0.23811	0.06379	0.01834	0.00964	0.00275	0.00450	0.01628	0.00857	0.00802
21	0.03290	0.03891	0.01990	0.01461	0.02086	0.01401	0.01210	0.11017	0.02434	0.50173	0.04993	0.02644	0.02031	0.00982	0.00794	0.00238	0.00704	0.00790	0.00915	0.06955
22	0.02464	0.02993	0.02120	0.01937	0.02289	0.47690	0.05145	0.02686	0.02094	0.02044	0.02064	0.18477	0.02112	0.01243	0.00820	0.00242	0.01215	0.00985	0.00499	0.00881
23	0.01513	0.00756	0.00756	0.00756	0.00945	0.00756	0.00567	0.01891	0.01702	0.03025	0.02647	0.03025	0.02080	0.00945	0.00567	0.00189	0.00378	0.00756	0.75988	0.00756
24	0.02077	0.06981	0.02050	0.01553	0.02112	0.01950	0.01248	0.10598	0.38490	0.03312	0.02553	0.02462	0.01947	0.00940	0.00749	0.00228	0.00679	0.00759	0.00709	0.18602
25	0.01148	0.00829	0.01085	0.01021	0.01212	0.00766	0.00766	0.01531	0.02297	0.03254	0.65994	0.06061	0.07656	0.01659	0.00957	0.00255	0.00383	0.01467	0.00893	0.00766
26	0.01532	0.01442	0.02434	0.69533	0.05589	0.01803	0.02253	0.02073	0.01622	0.02073	0.01442	0.02163	0.01082	0.00811	0.00811	0.00270	0.01082	0.00721	0.00361	0.00901
27	0.01874	0.01734	0.06521	0.01595	0.02338	0.01321	0.08814	0.02428	0.05621	0.07485	0.01713	0.01909	0.01332	0.00683	0.00686	0.00168	0.00745	0.00599	0.00523	0.51912
28	0.01939	0.01877	0.03235	0.04630	0.58589	0.01860	0.06150	0.02416	0.01852	0.02620	0.01942	0.02373	0.05235	0.00802	0.00822	0.00245	0.00955	0.00798	0.00424	0.01237
29	0.01657	0.01222	0.01681	0.08369	0.02035	0.01403	0.01261	0.01934	0.01731	0.10943	0.12370	0.09462	0.13712	0.01836	0.05336	0.00358	0.19879	0.03300	0.00638	0.00871
30	0.01604	0.01956	0.17319	0.01650	0.02110	0.05304	0.03755	0.05745	0.01876	0.05448	0.05089	0.28104	0.03409	0.04069	0.01041	0.00313	0.00818	0.08849	0.00631	0.00909
31	0.01970	0.01688	0.01799	0.01641	0.02081	0.01945	0.01286	0.04134	0.60692	0.03329	0.03370	0.03441	0.02625	0.01178	0.00846	0.00282	0.00649	0.04975	0.00820	0.01248
32	0.03437	0.01620	0.01989	0.01560	0.02134	0.05292	0.01280	0.08255	0.02360	0.54160	0.02849	0.02558	0.01842	0.01020	0.00936	0.00255	0.05435	0.00785	0.00912	0.01322
33	0.01325	0.00983	0.01181	0.01123	0.01346	0.00876	0.00826	0.01602	0.02303	0.03185	0.52457	0.06541	0.19288	0.01843	0.01035	0.00295	0.00465	0.01551	0.00919	0.00856
34	0.01677	0.08685	0.60141	0.02301	0.03449	0.01982	0.05675	0.02562	0.01718	0.02526	0.01443	0.01707	0.01038	0.00762	0.00763	0.00252	0.01185	0.00605	0.00346	0.01184
35	0.45456	0.01548	0.01528	0.01258	0.01816	0.01639	0.01038	0.07100	0.01888	0.26769	0.01938	0.01886	0.01323	0.00859	0.00637	0.00251	0.00668	0.00596	0.00706	0.01095
36	0.02169	0.71972	0.04252	0.01388	0.02083	0.03211	0.01388	0.02430	0.01649	0.01909	0.01128	0.01302	0.01041	0.00694	0.00521	0.00174	0.00868	0.00434	0.00347	0.01041
37	0.01513	0.00756	0.00756	0.00756	0.00945	0.00756	0.00567	0.01891	0.01702	0.03025	0.02647	0.03025	0.02080	0.00945	0.00567	0.00189	0.00378	0.00756	0.75988	0.00756
38	0.02169	0.71972	0.04252	0.01388	0.02083	0.03211	0.01388	0.02430	0.01649	0.01909	0.01128	0.01302	0.01041	0.00694	0.00521	0.00174	0.00868	0.00434	0.00347	0.01041
39	0.01152	0.00824	0.01060	0.01004	0.01172	0.00768	0.00732	0.01488	0.02160	0.03047	0.58202	0.05969	0.07078	0.10235	0.01347	0.00320	0.00432	0.01432	0.00844	0.00732
40	0.01910	0.00996	0.01316	0.01148	0.01473	0.00891	0.00891	0.02254	0.02255	0.23031	0.41294	0.07705	0.08495	0.01508	0.00916	0.00258	0.00484	0.01309	0.00916	0.00950
41	0.01022	0.00731	0.00978	0.01150	0.01217	0.00686	0.00796	0.01196	0.01623	0.02171	0.08266	0.62308	0.05456	0.02465	0.01037	0.00328	0.00486	0.06649	0.00761	0.00672
42	0.02400	0.02084	0.02658	0.09341	0.23957	0.08070	0.03978	0.16887	0.12372	0.07135	0.01978	0.02174	0.01497	0.00875	0.00809	0.00249	0.00950	0.00751	0.00597	0.01238

[dist]
# distance from previous block
# <min> <max>
0	3

[block]
# block no. 4 follows, 23 sequences, length 13
# corresponding to MSA columns:
# 156-168
name=unknown_E
#
# <colnr> <probs for GDERKNQSTAVLIFYWHMCP>
#	G	D	E	R	K	N	Q	S	T	A	V	L	I	F	Y	W	H	M	C	P
0	0.57048	0.10767	0.01957	0.01572	0.07457	0.02022	0.04276	0.02411	0.01484	0.03276	0.01190	0.01421	0.00953	0.00739	0.00554	0.00241	0.00726	0.00490	0.00469	0.00946
1	0.12320	0.01182	0.01493	0.01270	0.01655	0.01149	0.04068	0.02395	0.06388	0.17084	0.31804	0.04405	0.08867	0.01331	0.00854	0.00257	0.00553	0.01137	0.00824	0.00962
2	0.01048	0.00744	0.00986	0.01158	0.01219	0.00707	0.00805	0.01209	0.01563	0.02076	0.04281	0.56883	0.05062	0.08526	0.01318	0.00375	0.00536	0.10118	0.00730	0.00656
3	0.02461	0.01896	0.02116	0.01910	0.06189	0.02114	0.01433	0.22831	0.37668	0.08159	0.02761	0.02608	0.02028	0.01031	0.00819	0.00262	0.00744	0.00840	0.00807	0.01321
4	0.01132	0.00829	0.01062	0.01003	0.01202	0.00759	0.00753	0.01499	0.02258	0.03161	0.60929	0.06214	0.12779	0.01694	0.00957	0.00257	0.00385	0.01489	0.00881	0.00759
5	0.01593	0.01374	0.01760	0.01739	0.07692	0.01422	0.05076	0.04816	0.23524	0.02978	0.16332	0.07244	0.18237	0.01424	0.00896	0.00269	0.00616	0.01243	0.00753	0.01010
6	0.08804	0.01394	0.01835	0.01417	0.02036	0.01237	0.01171	0.03844	0.02256	0.62539	0.03056	0.02661	0.01929	0.00987	0.00794	0.00251	0.00686	0.00790	0.00969	0.01346
7	0.01178	0.00794	0.00923	0.00923	0.00937	0.00807	0.00539	0.01205	0.01191	0.01602	0.02522	0.05116	0.02866	0.65504	0.09994	0.00834	0.00913	0.01152	0.00486	0.00513
8	0.02008	0.01928	0.03294	0.04981	0.66422	0.01928	0.02490	0.02490	0.01848	0.02651	0.01526	0.02008	0.01285	0.00723	0.00803	0.00241	0.00964	0.00723	0.00402	0.01285
9	0.01513	0.00756	0.00756	0.00756	0.00945	0.00756	0.00567	0.01891	0.01702	0.03025	0.02647	0.03025	0.02080	0.00945	0.00567	0.00189	0.00378	0.00756	0.75988	0.00756
10	0.02008	0.01928	0.03294	0.04981	0.66422	0.01928	0.02490	0.02490	0.01848	0.02651	0.01526	0.02008	0.01285	0.00723	0.00803	0.00241	0.00964	0.00723	0.00402	0.01285
11	0.02152	0.01809	0.01910	0.01678	0.02161	0.02081	0.01317	0.11738	0.57313	0.03609	0.03133	0.02892	0.02340	0.01085	0.00824	0.00271	0.00674	0.00894	0.00824	0.01296
12	0.01714	0.07339	0.54115	0.02678	0.13186	0.01960	0.02836	0.02550	0.01731	0.02548	0.01450	0.01738	0.01068	0.00760	0.00763	0.00250	0.01146	0.00610	0.00352	0.01204

[dist]
# distance from previous block
# <min> <max>
5	9

[block]
# block no. 5 follows, 23 sequences, length 30
# corresponding to MSA columns:
# 178-207
name=unknown_F
#
# <colnr> <probs for GDERKNQSTAVLIFYWHMCP>
#	G	D	E	R	K	N	Q	S	T	A	V	L	I	F	Y	W	H	M	C	P
0	0.01409	0.04168	0.04315	0.01358	0.01643	0.01174	0.01106	0.06369	0.01806	0.02448	0.03656	0.33162	0.07880	0.01886	0.01045	0.00293	0.04983	0.10911	0.00665	0.09726
1	0.01513	0.00756	0.00756	0.00756	0.00945	0.00756	0.00567	0.01891	0.01702	0.03025	0.02647	0.03025	0.02080	0.00945	0.00567	0.00189	0.00378	0.00756	0.75988	0.00756
2	0.11372	0.00877	0.01054	0.03790	0.01407	0.00880	0.00827	0.01404	0.01665	0.02483	0.14133	0.45891	0.07132	0.02069	0.00939	0.00302	0.00500	0.01832	0.00727	0.00717
3	0.77215	0.01569	0.01193	0.01067	0.01569	0.01820	0.00879	0.02385	0.01381	0.03641	0.01130	0.01318	0.00879	0.00753	0.00502	0.00251	0.00628	0.00439	0.00502	0.00879
4	0.01513	0.00756	0.00756	0.00756	0.00945	0.00756	0.00567	0.01891	0.01702	0.03025	0.02647	0.03025	0.02080	0.00945	0.00567	0.00189	0.00378	0.00756	0.75988	0.00756
5	0.01813	0.01346	0.01606	0.01304	0.01746	0.01291	0.01029	0.10903	0.01999	0.07542	0.07351	0.03356	0.10358	0.07094	0.08146	0.00368	0.05506	0.00883	0.00621	0.25738
6	0.02151	0.13351	0.07181	0.01724	0.02273	0.02199	0.04134	0.17153	0.23354	0.03276	0.05414	0.02607	0.02059	0.05434	0.01066	0.00285	0.03715	0.00810	0.00654	0.01160
7	0.01016	0.00725	0.00972	0.01161	0.01219	0.00682	0.00800	0.01176	0.01580	0.02101	0.04457	0.65742	0.05308	0.02517	0.01043	0.00333	0.00494	0.07253	0.00753	0.00667
8	0.01064	0.00829	0.01187	0.01222	0.01364	0.00764	0.04686	0.01278	0.01708	0.02271	0.12618	0.50554	0.12879	0.02252	0.01011	0.00310	0.00509	0.02041	0.00750	0.00703
9	0.01843	0.01466	0.01766	0.01299	0.01952	0.01209	0.01048	0.02184	0.01695	0.07596	0.01547	0.01774	0.01253	0.00701	0.00792	0.00150	0.06460	0.00526	0.00511	0.64226
10	0.01010	0.00715	0.00935	0.01102	0.01144	0.00674	0.00723	0.01136	0.01511	0.02015	0.04254	0.63489	0.05092	0.10382	0.01388	0.00382	0.00507	0.02179	0.00723	0.00640
11	0.03031	0.03867	0.02299	0.02090	0.02508	0.68226	0.01568	0.03240	0.02299	0.01986	0.01254	0.01463	0.01045	0.00836	0.00732	0.00209	0.01463	0.00523	0.00418	0.00941
12	0.02079	0.45998	0.03588	0.01662	0.02117	0.05896	0.01523	0.02310	0.01545	0.01927	0.01113	0.01463	0.01049	0.00938	0.01229	0.00234	0.23459	0.00528	0.00353	0.00987
13	0.02063	0.01765	0.01860	0.01660	0.02127	0.02039	0.01295	0.06827	0.62367	0.03467	0.03245	0.02982	0.02431	0.01095	0.00825	0.00274	0.00653	0.00909	0.00825	0.01288
14	0.02301	0.22959	0.13575	0.01744	0.02447	0.02147	0.06130	0.07388	0.10631	0.14458	0.06697	0.02331	0.01933	0.00909	0.00742	0.00234	0.00863	0.00732	0.00610	0.01171
15	0.47886	0.01494	0.01468	0.01217	0.01769	0.01570	0.01004	0.03011	0.01756	0.28891	0.01956	0.01894	0.01329	0.00853	0.00627	0.00251	0.00653	0.00590	0.00702	0.01079
16	0.01415	0.00911	0.01259	0.01288	0.01462	0.00863	0.03209	0.01734	0.05652	0.10170	0.04135	0.55682	0.04615	0.02192	0.00992	0.00314	0.00542	0.01985	0.00776	0.00804
17	0.02234	0.30525	0.10668	0.02030	0.02746	0.08538	0.15592	0.05668	0.01930	0.07127	0.01638	0.04858	0.01368	0.00834	0.00726	0.00225	0.01043	0.00707	0.00458	0.01086
18	0.01097	0.00756	0.00928	0.01023	0.01052	0.00734	0.00646	0.01177	0.01381	0.01838	0.03512	0.35766	0.04136	0.36825	0.02578	0.00559	0.00639	0.04151	0.00623	0.00579
19	0.01202	0.00848	0.01062	0.00997	0.01221	0.00765	0.00752	0.01547	0.02209	0.05380	0.52195	0.06288	0.19077	0.01714	0.00952	0.00259	0.00400	0.01492	0.00869	0.00772
20	0.02030	0.02193	0.08825	0.06089	0.07891	0.02172	0.23608	0.11564	0.07334	0.02876	0.01672	0.02083	0.01303	0.00932	0.01246	0.00282	0.15483	0.00810	0.00484	0.01123
21	0.08635	0.01811	0.10552	0.01536	0.02169	0.01461	0.01398	0.07194	0.08882	0.36176	0.09253	0.02828	0.02385	0.01030	0.00801	0.00254	0.00730	0.00831	0.00834	0.01243
22	0.02983	0.02223	0.02378	0.01847	0.02478	0.02469	0.01518	0.58084	0.09612	0.04951	0.02077	0.02050	0.01484	0.00986	0.00813	0.00247	0.00869	0.00748	0.00813	0.01371
23	0.01000	0.00715	0.00952	0.01122	0.01179	0.00667	0.00754	0.01159	0.01608	0.02157	0.08943	0.66238	0.05533	0.02478	0.01030	0.00324	0.00464	0.02246	0.00763	0.00667
24	0.04822	0.18394	0.02272	0.05635	0.02098	0.01787	0.01211	0.02946	0.12846	0.20835	0.10618	0.03197	0.07852	0.01094	0.00765	0.00240	0.00686	0.00878	0.00723	0.01101
25	0.02389	0.07188	0.02383	0.02232	0.13848	0.01967	0.01542	0.09343	0.20056	0.15950	0.02637	0.02628	0.04675	0.01045	0.00996	0.00261	0.08123	0.00819	0.00692	0.01225
26	0.01122	0.00779	0.00966	0.01007	0.01061	0.00769	0.00648	0.01243	0.01462	0.01991	0.12782	0.22780	0.04241	0.36827	0.08225	0.00627	0.00757	0.01499	0.00618	0.00598
27	0.03031	0.03867	0.02299	0.02090	0.02508	0.68226	0.01568	0.03240	0.02299	0.01986	0.01254	0.01463	0.01045	0.00836	0.00732	0.00209	0.01463	0.00523	0.00418	0.00941
28	0.02490	0.07943	0.02740	0.07958	0.17082	0.35108	0.04389	0.02986	0.07366	0.02281	0.01510	0.01791	0.01230	0.00814	0.00756	0.00227	0.01205	0.00628	0.00439	0.01058
29	0.02155	0.05231	0.04846	0.08109	0.15229	0.26775	0.03748	0.02513	0.02005	0.02296	0.06921	0.03025	0.04025	0.03224	0.00918	0.00261	0.01093	0.06168	0.00484	0.00971

[dist]
# distance from previous block
# <min> <max>
2	7

[block]
# block no. 6 follows, 23 sequences, length 35
# corresponding to MSA columns:
# 215-249
name=unknown_G
#
# <colnr> <probs for GDERKNQSTAVLIFYWHMCP>
#	G	D	E	R	K	N	Q	S	T	A	V	L	I	F	Y	W	H	M	C	P
0	0.06720	0.01389	0.01613	0.01490	0.04330	0.01446	0.01112	0.09411	0.18610	0.12808	0.19713	0.06862	0.08457	0.01317	0.00855	0.00262	0.00596	0.01109	0.00822	0.01075
1	0.01957	0.01585	0.01958	0.05794	0.10677	0.01748	0.01420	0.07919	0.32937	0.05943	0.08207	0.07949	0.02766	0.01389	0.03772	0.00314	0.00763	0.01007	0.00734	0.01161
2	0.01197	0.00879	0.01192	0.01175	0.01255	0.00993	0.00841	0.01365	0.01251	0.01762	0.02275	0.03972	0.02353	0.32109	0.39414	0.01051	0.04837	0.00986	0.00454	0.00639
3	0.02894	0.07374	0.02104	0.01505	0.02069	0.01706	0.01246	0.18976	0.07616	0.31543	0.11614	0.02920	0.02604	0.01071	0.00811	0.00245	0.00710	0.00863	0.00870	0.01258
4	0.00992	0.00744	0.00921	0.01044	0.01159	0.00673	0.00719	0.01167	0.01681	0.02185	0.09762	0.50318	0.20975	0.02356	0.01011	0.00310	0.00449	0.02096	0.00763	0.00673
5	0.01236	0.00843	0.01189	0.01242	0.01374	0.00793	0.03264	0.01439	0.01671	0.05763	0.09332	0.46397	0.04916	0.08739	0.01313	0.00364	0.00569	0.08097	0.00740	0.00718
6	0.01676	0.10224	0.61675	0.02231	0.03385	0.02002	0.02855	0.02557	0.01707	0.02511	0.01427	0.01677	0.01029	0.00764	0.00749	0.00250	0.01170	0.00585	0.00343	0.01185
7	0.01104	0.00828	0.01023	0.00974	0.01185	0.00747	0.00730	0.01445	0.02191	0.03003	0.52342	0.06474	0.21464	0.01752	0.00957	0.00260	0.00389	0.01525	0.00860	0.00747
8	0.73005	0.01579	0.01229	0.01100	0.01599	0.01831	0.00901	0.02493	0.04940	0.03627	0.01251	0.01414	0.00968	0.00773	0.00520	0.00252	0.00628	0.00466	0.00520	0.00901
9	0.01532	0.01442	0.02434	0.69533	0.05589	0.01803	0.02253	0.02073	0.01622	0.02073	0.01442	0.02163	0.01082	0.00811	0.00811	0.00270	0.01082	0.00721	0.00361	0.00901
10	0.01184	0.00860	0.01157	0.01325	0.01482	0.00833	0.01084	0.01476	0.01780	0.02306	0.04749	0.26015	0.11191	0.02305	0.01081	0.00351	0.00636	0.38720	0.00749	0.00717
11	0.06013	0.02051	0.02194	0.01744	0.02315	0.02267	0.01418	0.51221	0.07012	0.04639	0.02250	0.09050	0.01830	0.01132	0.00822	0.00254	0.00824	0.00890	0.00793	0.01279
12	0.03055	0.02090	0.02294	0.01784	0.02411	0.02275	0.01466	0.49041	0.09876	0.13818	0.02267	0.02176	0.01583	0.00991	0.00814	0.00248	0.00838	0.00762	0.00841	0.01370
13	0.01915	0.02189	0.04788	0.03420	0.04241	0.02052	0.63475	0.02599	0.01915	0.02599	0.01642	0.02189	0.01231	0.00684	0.00958	0.00274	0.01368	0.00958	0.00410	0.01094
14	0.01085	0.00822	0.01000	0.00966	0.01176	0.00737	0.00720	0.01405	0.02132	0.02887	0.46126	0.09265	0.25087	0.01814	0.00961	0.00264	0.00395	0.01576	0.00846	0.00737
15	0.01138	0.00822	0.01076	0.01028	0.01210	0.00759	0.00765	0.01506	0.02250	0.03180	0.62150	0.10116	0.07513	0.01714	0.00962	0.00260	0.00388	0.01520	0.00884	0.00759
16	0.10378	0.02025	0.02239	0.01847	0.05456	0.02167	0.01444	0.43485	0.03162	0.12240	0.01967	0.01971	0.01391	0.00920	0.00768	0.00237	0.00827	0.00696	0.00764	0.06016
17	0.77215	0.01569	0.01193	0.01067	0.01569	0.01820	0.00879	0.02385	0.01381	0.03641	0.01130	0.01318	0.00879	0.00753	0.00502	0.00251	0.00628	0.00439	0.00502	0.00879
18	0.69099	0.01490	0.01181	0.01062	0.01531	0.01708	0.00867	0.02294	0.01479	0.03599	0.08050	0.01824	0.01602	0.00850	0.00551	0.00252	0.00602	0.00549	0.00544	0.00867
19	0.01894	0.01432	0.01914	0.01586	0.04815	0.01262	0.04105	0.02225	0.01729	0.11149	0.02031	0.10448	0.01818	0.00983	0.00907	0.00199	0.07288	0.00807	0.00566	0.42843
20	0.01521	0.01435	0.02394	0.19688	0.17295	0.01485	0.10176	0.02015	0.04111	0.02390	0.05624	0.12195	0.13731	0.01264	0.00891	0.00272	0.00852	0.01173	0.00536	0.00952
21	0.01129	0.00845	0.01195	0.01210	0.01347	0.00936	0.00912	0.01374	0.01364	0.01900	0.02947	0.09173	0.08283	0.11022	0.51240	0.01087	0.01757	0.01088	0.00494	0.00696
22	0.01721	0.01530	0.01790	0.08023	0.07986	0.07678	0.03584	0.10479	0.04499	0.02552	0.03296	0.18207	0.10866	0.12468	0.01398	0.00353	0.00808	0.01265	0.00610	0.00885
23	0.03116	0.01402	0.01805	0.01446	0.02004	0.01313	0.01173	0.03812	0.14232	0.49359	0.08669	0.03099	0.02588	0.01079	0.00830	0.00256	0.00655	0.00892	0.00961	0.01309
24	0.01627	0.04197	0.67279	0.02313	0.03512	0.01884	0.02998	0.02570	0.01713	0.02570	0.01456	0.01713	0.01028	0.00771	0.00771	0.00257	0.01199	0.00600	0.00343	0.01199
25	0.01165	0.00846	0.01184	0.01184	0.01288	0.00949	0.00865	0.01372	0.01269	0.01795	0.02283	0.03795	0.02292	0.24790	0.49924	0.01156	0.01777	0.00958	0.00451	0.00658
26	0.01842	0.00986	0.01288	0.01123	0.01447	0.00880	0.00874	0.02189	0.02263	0.21336	0.42760	0.05281	0.11427	0.01509	0.00917	0.00256	0.00473	0.01304	0.00912	0.00934
27	0.01026	0.00825	0.00915	0.00892	0.01137	0.00714	0.00669	0.01294	0.02008	0.02568	0.28692	0.07190	0.45386	0.01915	0.00958	0.00267	0.00401	0.01626	0.00803	0.00714
28	0.01416	0.01014	0.01171	0.01073	0.01370	0.00960	0.00823	0.04324	0.08423	0.07387	0.31436	0.06013	0.28138	0.01677	0.00929	0.00263	0.00461	0.01429	0.00839	0.00855
29	0.09264	0.03932	0.60602	0.02187	0.03316	0.01878	0.02784	0.02551	0.01680	0.02678	0.01423	0.01673	0.01013	0.00769	0.00744	0.00256	0.01141	0.00583	0.00359	0.01167
30	0.10006	0.01544	0.01798	0.01491	0.02039	0.01584	0.01199	0.03948	0.27368	0.35424	0.03044	0.02731	0.02089	0.01019	0.00790	0.00261	0.00665	0.00821	0.00885	0.01294
31	0.02917	0.03592	0.02245	0.02029	0.02443	0.60402	0.01532	0.06464	0.02321	0.02152	0.01350	0.01598	0.01125	0.01172	0.04956	0.00279	0.01476	0.00556	0.00441	0.00951
32	0.01513	0.00756	0.00756	0.00756	0.00945	0.00756	0.00567	0.01891	0.01702	0.03025	0.02647	0.03025	0.02080	0.00945	0.00567	0.00189	0.00378	0.00756	0.75988	0.00756
33	0.01862	0.01556	0.01677	0.01514	0.01918	0.01748	0.01172	0.07065	0.46824	0.03361	0.12440	0.06698	0.06079	0.01281	0.00859	0.00273	0.00602	0.01083	0.00828	0.01161
34	0.06245	0.15161	0.07941	0.01732	0.02307	0.24351	0.01505	0.13772	0.02344	0.07469	0.05436	0.02163	0.04357	0.00937	0.00729	0.00223	0.01029	0.00673	0.00558	0.01068

[dist]
# distance from previous block
# <min> <max>
0	5

[block]
# block no. 7 follows, 23 sequences, length 21
# corresponding to MSA columns:
# 255-275
name=unknown_H
#
# <colnr> <probs for GDERKNQSTAVLIFYWHMCP>
#	G	D	E	R	K	N	Q	S	T	A	V	L	I	F	Y	W	H	M	C	P
0	0.05098	0.01819	0.01773	0.01501	0.01975	0.08973	0.01182	0.16091	0.18302	0.06786	0.11579	0.03329	0.09167	0.01156	0.00811	0.00242	0.00726	0.00928	0.00746	0.07814
1	0.01513	0.00756	0.00756	0.00756	0.00945	0.00756	0.00567	0.01891	0.01702	0.03025	0.02647	0.03025	0.02080	0.00945	0.00567	0.00189	0.00378	0.00756	0.75988	0.00756
2	0.01635	0.01066	0.01314	0.01179	0.01482	0.01031	0.00918	0.05720	0.07838	0.11073	0.41570	0.05420	0.11079	0.01546	0.00926	0.00262	0.00490	0.03657	0.00878	0.00915
3	0.01804	0.01445	0.01754	0.01316	0.01905	0.01246	0.01053	0.02121	0.01647	0.06984	0.01576	0.01956	0.01331	0.04386	0.01051	0.00193	0.09134	0.00568	0.00502	0.58026
4	0.10452	0.00986	0.01423	0.01390	0.01584	0.00965	0.08116	0.01456	0.01575	0.02326	0.03730	0.54352	0.04331	0.02105	0.00961	0.00313	0.00595	0.01920	0.00682	0.00737
5	0.02516	0.15569	0.02450	0.01774	0.02232	0.36097	0.01402	0.06247	0.11561	0.02362	0.02063	0.06070	0.04325	0.01010	0.00739	0.00224	0.01098	0.00733	0.00521	0.01006
6	0.02001	0.29266	0.06099	0.05810	0.02373	0.09235	0.01637	0.02282	0.01606	0.02043	0.04542	0.01804	0.01397	0.01025	0.01349	0.00255	0.25308	0.00619	0.00386	0.00962
7	0.02540	0.04489	0.01861	0.01452	0.01978	0.01529	0.01169	0.03598	0.25506	0.28313	0.10066	0.03083	0.02712	0.01068	0.00806	0.00247	0.00638	0.00884	0.00856	0.07204
8	0.01511	0.01160	0.01404	0.01378	0.01649	0.01218	0.01102	0.05898	0.17524	0.03053	0.23222	0.11155	0.04928	0.01729	0.00972	0.00301	0.00594	0.19468	0.00816	0.00915
9	0.03641	0.01381	0.01883	0.01444	0.02071	0.01193	0.01193	0.03954	0.02322	0.66984	0.03201	0.02762	0.02009	0.01004	0.00816	0.00251	0.00690	0.00816	0.01004	0.01381
10	0.02485	0.01820	0.07383	0.15577	0.03131	0.01679	0.08420	0.13570	0.04316	0.23228	0.02755	0.02799	0.07112	0.01001	0.00839	0.00259	0.00894	0.00861	0.00696	0.01174
11	0.01671	0.01611	0.02556	0.39443	0.11917	0.02043	0.02125	0.02085	0.01525	0.02104	0.01329	0.02017	0.01101	0.01001	0.01419	0.00295	0.23733	0.00718	0.00364	0.00944
12	0.67856	0.01478	0.01147	0.01037	0.01511	0.01681	0.00847	0.02235	0.01438	0.03463	0.02000	0.02115	0.08882	0.00913	0.00558	0.00254	0.00601	0.00596	0.00533	0.00855
13	0.01083	0.00789	0.00870	0.00892	0.00990	0.00737	0.00564	0.01169	0.01450	0.01840	0.04690	0.13856	0.24517	0.39990	0.02698	0.00560	0.00623	0.01492	0.00611	0.00576
14	0.01513	0.00756	0.00756	0.00756	0.00945	0.00756	0.00567	0.01891	0.01702	0.03025	0.02647	0.03025	0.02080	0.00945	0.00567	0.00189	0.00378	0.00756	0.75988	0.00756
15	0.01598	0.01411	0.01895	0.05225	0.02154	0.01551	0.07987	0.02677	0.26283	0.02660	0.06632	0.09569	0.09651	0.07356	0.05241	0.00386	0.04931	0.01153	0.00666	0.00975
16	0.03314	0.01641	0.02018	0.01558	0.02167	0.01601	0.01282	0.23368	0.02809	0.43053	0.06425	0.02687	0.02130	0.01032	0.00823	0.00249	0.00739	0.00826	0.00935	0.01345
17	0.01852	0.02619	0.27961	0.10051	0.20050	0.01743	0.02328	0.05642	0.01956	0.06482	0.09520	0.02447	0.01991	0.00896	0.00811	0.00253	0.00978	0.00771	0.00491	0.01157
18	0.55772	0.01680	0.01774	0.01451	0.02005	0.01858	0.08636	0.05858	0.04912	0.07357	0.01472	0.01633	0.01098	0.00789	0.00610	0.00255	0.00737	0.00566	0.00554	0.00983
19	0.05583	0.01287	0.01557	0.01554	0.05430	0.01373	0.01107	0.13787	0.06081	0.03109	0.16519	0.25307	0.06513	0.01674	0.01015	0.00284	0.04727	0.01427	0.00741	0.00924
20	0.15435	0.02083	0.05643	0.01701	0.06016	0.14366	0.01316	0.07847	0.02009	0.08370	0.02616	0.05792	0.10298	0.01072	0.00795	0.00236	0.02748	0.00816	0.00581	0.10260

[dist]
# distance from previous block
# <min> <max>
1	4

[block]
# block no. 8 follows, 23 sequences, length 9
# corresponding to MSA columns:
# 280-288
name=unknown_I
#
# <colnr> <probs for GDERKNQSTAVLIFYWHMCP>
#	G	D	E	R	K	N	Q	S	T	A	V	L	I	F	Y	W	H	M	C	P
0	0.05269	0.07976	0.02267	0.01824	0.06752	0.02023	0.01385	0.22746	0.16747	0.13474	0.02552	0.04388	0.03703	0.01018	0.00780	0.00244	0.00759	0.00812	0.00745	0.04534
1	0.01194	0.00894	0.01115	0.01048	0.01266	0.00848	0.00790	0.01698	0.06759	0.03169	0.56343	0.05999	0.12489	0.01654	0.00948	0.00258	0.00404	0.01450	0.00876	0.00796
2	0.09243	0.37062	0.10249	0.06635	0.02691	0.12126	0.07129	0.02547	0.01746	0.02226	0.01249	0.01511	0.01045	0.00736	0.00636	0.00211	0.01026	0.00532	0.00378	0.01023
3	0.01513	0.00756	0.00756	0.00756	0.00945	0.00756	0.00567	0.01891	0.01702	0.03025	0.02647	0.03025	0.02080	0.00945	0.00567	0.00189	0.00378	0.00756	0.75988	0.00756
4	0.02105	0.02358	0.07683	0.06340	0.39197	0.11568	0.07273	0.02770	0.07850	0.02593	0.01656	0.02025	0.01332	0.00779	0.00806	0.00244	0.01061	0.00723	0.00439	0.01199
5	0.01225	0.08362	0.01384	0.01173	0.01436	0.01046	0.00980	0.01496	0.01808	0.02243	0.05589	0.13599	0.29567	0.02030	0.00983	0.00307	0.00596	0.24723	0.00708	0.00744
6	0.01155	0.00797	0.00913	0.00913	0.00954	0.00795	0.00548	0.01200	0.01261	0.01664	0.03123	0.05400	0.09536	0.58793	0.09057	0.00775	0.00861	0.01211	0.00515	0.00531
7	0.09335	0.01820	0.05646	0.01626	0.02173	0.05450	0.05710	0.12504	0.02197	0.13547	0.08829	0.08041	0.02332	0.01078	0.00867	0.00240	0.03796	0.00879	0.00666	0.13262
8	0.02170	0.01593	0.01717	0.01493	0.01951	0.05260	0.01163	0.03407	0.31669	0.14733	0.07457	0.07825	0.02727	0.01330	0.03183	0.00288	0.00716	0.00965	0.00783	0.09571

[dist]
# distance from previous block
# <min> <max>
14	65

[block]
# block no. 9 follows, 23 sequences, length 23
# corresponding to MSA columns:
# 362-384
name=unknown_J
#
# <colnr> <probs for GDERKNQSTAVLIFYWHMCP>
#	G	D	E	R	K	N	Q	S	T	A	V	L	I	F	Y	W	H	M	C	P
0	0.07905	0.01563	0.02071	0.07025	0.04375	0.01851	0.01481	0.02496	0.07000	0.12519	0.04087	0.02256	0.01628	0.01370	0.04873	0.00335	0.27710	0.00738	0.00546	0.08170
1	0.04500	0.01668	0.02649	0.03174	0.31180	0.01655	0.09121	0.02369	0.07253	0.02716	0.07542	0.03081	0.09704	0.00997	0.00882	0.00247	0.02827	0.00917	0.00529	0.06992
2	0.01723	0.01694	0.02408	0.02036	0.02135	0.02228	0.04091	0.01934	0.01328	0.02047	0.01338	0.06184	0.01357	0.01390	0.02309	0.00329	0.56717	0.00801	0.00394	0.07556
3	0.63402	0.01591	0.01370	0.01210	0.01669	0.01869	0.00994	0.02519	0.05232	0.05732	0.01329	0.01513	0.01032	0.00842	0.00724	0.00262	0.06759	0.00505	0.00527	0.00922
4	0.01247	0.00902	0.01236	0.06660	0.01619	0.00949	0.00950	0.01434	0.01583	0.04922	0.08481	0.44348	0.04429	0.09827	0.01482	0.00368	0.06372	0.01791	0.00681	0.00719
5	0.10654	0.01754	0.02669	0.26411	0.31592	0.01931	0.02127	0.08475	0.01914	0.02814	0.01494	0.01976	0.01178	0.00782	0.00772	0.00253	0.00958	0.00690	0.00440	0.01116
6	0.01715	0.01683	0.02354	0.02034	0.02043	0.02332	0.01682	0.01893	0.01244	0.01935	0.01188	0.01990	0.01193	0.04188	0.06888	0.00431	0.63243	0.00737	0.00365	0.00863
7	0.01775	0.01775	0.02485	0.02130	0.02130	0.02485	0.01775	0.01953	0.01243	0.01953	0.01065	0.01775	0.01065	0.01420	0.02663	0.00355	0.69998	0.00710	0.00355	0.00888
8	0.01939	0.01855	0.03113	0.04565	0.58132	0.01908	0.02347	0.02380	0.01786	0.02567	0.01638	0.05444	0.01473	0.00869	0.00960	0.00254	0.06330	0.00801	0.00416	0.01223
9	0.01017	0.00726	0.00974	0.01162	0.01221	0.00683	0.00802	0.01179	0.01581	0.02103	0.04457	0.65494	0.05305	0.02516	0.01043	0.00333	0.00495	0.07488	0.00753	0.00667
10	0.01924	0.01676	0.01859	0.01838	0.07043	0.01893	0.01320	0.03891	0.54453	0.03230	0.03598	0.03370	0.08004	0.01156	0.00836	0.00272	0.00647	0.00972	0.00786	0.01231
11	0.03102	0.01591	0.02148	0.01656	0.02283	0.01506	0.06091	0.09955	0.11229	0.42734	0.02858	0.02605	0.01900	0.00965	0.00815	0.00248	0.00752	0.00812	0.00881	0.05866
