[name]
unknown

[dist]
# distance from previous block
# <min> <max>
0	30

[block]
# block no. 0 follows, 25 sequences, length 31
# corresponding to MSA columns:
# 30-60
name=unknown_A
#
# <colnr> <probs for GDERKNQSTAVLIFYWHMCP>
#	G	D	E	R	K	N	Q	S	T	A	V	L	I	F	Y	W	H	M	C	P
0	0.01138	0.00796	0.00960	0.01011	0.01082	0.00782	0.00672	0.03564	0.01463	0.01944	0.06043	0.26926	0.06305	0.35615	0.02384	0.00518	0.00626	0.06972	0.00608	0.00592
1	0.07451	0.01003	0.01244	0.01200	0.01438	0.00991	0.00897	0.04751	0.01730	0.16814	0.03609	0.37165	0.06532	0.04944	0.01086	0.00309	0.03278	0.03993	0.00731	0.00834
2	0.02839	0.01414	0.01688	0.01379	0.01888	0.04377	0.01103	0.03432	0.12487	0.44033	0.02980	0.07820	0.02158	0.01058	0.00774	0.00239	0.00654	0.00872	0.04120	0.04686
3	0.04449	0.00910	0.01081	0.04633	0.01371	0.00974	0.00808	0.01692	0.01570	0.02565	0.07890	0.06025	0.05408	0.03768	0.07788	0.00335	0.05941	0.00876	0.37684	0.04232
4	0.01367	0.01024	0.01630	0.01463	0.01715	0.00977	0.11072	0.01730	0.04489	0.05856	0.15257	0.28265	0.04194	0.01770	0.01050	0.04699	0.00626	0.07984	0.04060	0.00773
5	0.01420	0.00909	0.01161	0.01088	0.01329	0.00850	0.00840	0.04612	0.02124	0.09909	0.40967	0.12095	0.11195	0.01649	0.00914	0.00261	0.00460	0.06588	0.00825	0.00804
6	0.01236	0.00914	0.01105	0.01103	0.01275	0.00889	0.00781	0.06548	0.04735	0.02456	0.15434	0.36443	0.07322	0.10542	0.01285	0.00333	0.00515	0.01627	0.00708	0.04750
7	0.02644	0.01964	0.02103	0.01669	0.02219	0.02179	0.01359	0.50525	0.12731	0.04433	0.02171	0.04417	0.01638	0.00997	0.00771	0.00237	0.00776	0.00776	0.05140	0.01248
8	0.17106	0.12928	0.35817	0.01922	0.02781	0.07078	0.07382	0.02452	0.01623	0.02533	0.01286	0.01527	0.00973	0.00721	0.00664	0.00231	0.01025	0.00544	0.00369	0.01037
9	0.03338	0.01355	0.01802	0.01390	0.01973	0.01208	0.01145	0.07892	0.02316	0.61242	0.05794	0.02724	0.02114	0.00985	0.00785	0.00240	0.00660	0.00801	0.00942	0.01294
10	0.01716	0.02122	0.10862	0.07198	0.03679	0.01827	0.44606	0.02470	0.06709	0.02477	0.02131	0.02506	0.06231	0.00799	0.00877	0.00260	0.01151	0.00915	0.00437	0.01029
11	0.01689	0.01786	0.05763	0.01942	0.02085	0.02198	0.01665	0.01986	0.03591	0.02011	0.01149	0.01727	0.01077	0.01237	0.02195	0.00310	0.58213	0.00659	0.00366	0.08351
12	0.01644	0.03171	0.42854	0.07879	0.08809	0.01837	0.17931	0.02420	0.01688	0.02433	0.01439	0.01803	0.01053	0.00716	0.00785	0.00249	0.01159	0.00674	0.00349	0.01106
13	0.01916	0.01566	0.06687	0.01267	0.01975	0.01109	0.01102	0.02295	0.01712	0.13522	0.01660	0.01782	0.01265	0.00651	0.00621	0.00146	0.00631	0.00521	0.00533	0.59040
14	0.78228	0.01499	0.01140	0.01020	0.01499	0.01739	0.00840	0.02279	0.01320	0.03479	0.01080	0.01260	0.00840	0.00720	0.00480	0.00240	0.00600	0.00420	0.00480	0.00840
15	0.01274	0.00946	0.01246	0.01272	0.04059	0.01042	0.00854	0.04686	0.01336	0.01857	0.02164	0.03828	0.02248	0.36563	0.29289	0.00877	0.04403	0.00950	0.00455	0.00651
16	0.01445	0.00723	0.00723	0.00723	0.00903	0.00723	0.00542	0.01807	0.01626	0.02891	0.02529	0.02891	0.01987	0.00903	0.00542	0.00181	0.00361	0.00723	0.77055	0.00723
17	0.05698	0.01390	0.01681	0.01385	0.01866	0.01381	0.01109	0.11739	0.12878	0.33910	0.09607	0.08845	0.02702	0.01153	0.00801	0.00250	0.00628	0.00957	0.00855	0.01165
18	0.01149	0.00777	0.00917	0.00949	0.00980	0.00777	0.00608	0.01212	0.01244	0.01648	0.02737	0.05724	0.03110	0.60251	0.03437	0.00682	0.00745	0.12026	0.00513	0.00513
19	0.01108	0.00831	0.01246	0.01246	0.01385	0.00969	0.00969	0.01385	0.01246	0.01800	0.02077	0.03046	0.01938	0.05815	0.69678	0.01246	0.02077	0.00831	0.00415	0.00692
20	0.01724	0.26590	0.47634	0.01922	0.02910	0.02214	0.02363	0.02412	0.01617	0.02250	0.01289	0.01509	0.00986	0.00713	0.00659	0.00220	0.01043	0.00521	0.00329	0.01097
21	0.01597	0.09602	0.63509	0.02139	0.03246	0.01903	0.02740	0.02445	0.01632	0.02404	0.01366	0.01605	0.00983	0.00731	0.00717	0.00239	0.01120	0.00560	0.00328	0.01134
22	0.01445	0.00723	0.00723	0.00723	0.00903	0.00723	0.00542	0.01807	0.01626	0.02891	0.02529	0.02891	0.01987	0.00903	0.00542	0.00181	0.00361	0.00723	0.77055	0.00723
23	0.78228	0.01499	0.01140	0.01020	0.01499	0.01739	0.00840	0.02279	0.01320	0.03479	0.01080	0.01260	0.00840	0.00720	0.00480	0.00240	0.00600	0.00420	0.00480	0.00840
24	0.01399	0.01262	0.01976	0.46059	0.06799	0.01490	0.01747	0.01962	0.06813	0.02112	0.02359	0.15733	0.04825	0.01161	0.00823	0.00268	0.00856	0.01034	0.00470	0.00854
25	0.02896	0.03695	0.02197	0.01998	0.02397	0.69638	0.01498	0.03096	0.02197	0.01898	0.01199	0.01398	0.00999	0.00799	0.00699	0.00200	0.01398	0.00499	0.00400	0.00899
26	0.01608	0.01378	0.01608	0.01148	0.01837	0.01034	0.00919	0.01952	0.01608	0.02527	0.01378	0.01608	0.01148	0.00574	0.00574	0.00115	0.00574	0.00459	0.00459	0.77491
27	0.02431	0.04972	0.02031	0.01609	0.02103	0.05853	0.01290	0.28439	0.22934	0.08913	0.02532	0.09151	0.02041	0.01100	0.00785	0.00246	0.00752	0.00886	0.00748	0.01184
28	0.01039	0.00757	0.00977	0.00992	0.01140	0.00696	0.00717	0.01324	0.01954	0.02701	0.44437	0.25447	0.11205	0.01862	0.00937	0.00266	0.00393	0.01656	0.00804	0.00696
29	0.29797	0.05435	0.16336	0.01584	0.02225	0.13010	0.01515	0.09863	0.04697	0.06798	0.01460	0.01583	0.01086	0.00787	0.00637	0.00232	0.00892	0.00538	0.00502	0.01022
30	0.47632	0.05232	0.10625	0.01314	0.01871	0.09540	0.01214	0.04242	0.01580	0.03024	0.01669	0.01811	0.05918	0.00829	0.00583	0.00234	0.00768	0.00550	0.00470	0.00896

[dist]
# distance from previous block
# <min> <max>
0	2

[block]
# block no. 1 follows, 25 sequences, length 100
# corresponding to MSA columns:
# 63-162
name=unknown_B
#
# <colnr> <probs for GDERKNQSTAVLIFYWHMCP>
#	G	D	E	R	K	N	Q	S	T	A	V	L	I	F	Y	W	H	M	C	P
0	0.02597	0.01815	0.02005	0.01603	0.02169	0.01943	0.01298	0.31342	0.22793	0.13990	0.02407	0.02280	0.01723	0.00942	0.00763	0.00233	0.00725	0.00746	0.00781	0.07845
1	0.00945	0.00675	0.00900	0.01080	0.01125	0.00630	0.00720	0.01080	0.01484	0.01979	0.04274	0.72245	0.05128	0.02429	0.00990	0.00315	0.00450	0.02204	0.00720	0.00630
2	0.00930	0.00764	0.00818	0.00850	0.01067	0.00653	0.00620	0.01121	0.01731	0.02116	0.09728	0.19911	0.52933	0.02037	0.00930	0.00271	0.00403	0.01736	0.00726	0.00653
3	0.01754	0.08419	0.05383	0.01717	0.10094	0.04160	0.01271	0.02212	0.04681	0.02466	0.01436	0.01665	0.01187	0.00636	0.00614	0.00151	0.00704	0.00510	0.00445	0.50496
4	0.01831	0.01446	0.01683	0.01218	0.01896	0.01162	0.00981	0.07737	0.01824	0.06362	0.01514	0.01687	0.01206	0.00627	0.00604	0.00132	0.00604	0.00498	0.00515	0.66471
5	0.01288	0.01167	0.01273	0.07543	0.05316	0.04408	0.00966	0.04191	0.06998	0.02340	0.08229	0.05716	0.44485	0.01600	0.00869	0.00255	0.00565	0.01335	0.00664	0.00792
6	0.01055	0.00791	0.00978	0.00931	0.01132	0.00714	0.00698	0.01381	0.02095	0.02872	0.53546	0.06183	0.21423	0.01674	0.00915	0.00248	0.00372	0.01457	0.00822	0.00714
7	0.01608	0.01378	0.01608	0.01148	0.01837	0.01034	0.00919	0.01952	0.01608	0.02527	0.01378	0.01608	0.01148	0.00574	0.00574	0.00115	0.00574	0.00459	0.00459	0.77491
8	0.01445	0.00723	0.00723	0.00723	0.00903	0.00723	0.00542	0.01807	0.01626	0.02891	0.02529	0.02891	0.01987	0.00903	0.00542	0.00181	0.00361	0.00723	0.77055	0.00723
9	0.01251	0.01035	0.01584	0.04267	0.20136	0.01016	0.01224	0.01495	0.01586	0.02171	0.06306	0.44438	0.03912	0.04570	0.01031	0.00303	0.00609	0.01650	0.00610	0.00805
10	0.02572	0.23961	0.02709	0.01753	0.02230	0.43080	0.01421	0.06208	0.02049	0.02036	0.01241	0.01456	0.01060	0.01003	0.03905	0.00241	0.01233	0.00501	0.00401	0.00941
11	0.01304	0.01027	0.01441	0.04584	0.01706	0.01139	0.01072	0.04758	0.01426	0.02060	0.01904	0.02706	0.01729	0.04494	0.51595	0.00970	0.04395	0.00764	0.00433	0.10492
12	0.12967	0.01956	0.02234	0.08019	0.02601	0.02182	0.04923	0.41734	0.08941	0.04143	0.01816	0.01907	0.01318	0.00884	0.00744	0.00240	0.00837	0.00688	0.00676	0.01188
13	0.01765	0.01502	0.02306	0.24800	0.06242	0.01506	0.08813	0.02284	0.04685	0.07551	0.01606	0.01975	0.01230	0.00738	0.00789	0.00210	0.03505	0.00651	0.00460	0.27382
14	0.03384	0.01323	0.01790	0.01368	0.01972	0.01134	0.01128	0.03686	0.02188	0.65095	0.02973	0.02587	0.01880	0.00940	0.00769	0.00234	0.00655	0.00763	0.00934	0.05197
15	0.01536	0.01399	0.02269	0.54279	0.04565	0.01645	0.04631	0.05437	0.01739	0.02293	0.07420	0.02372	0.01632	0.00842	0.00784	0.00248	0.00951	0.00752	0.00422	0.04784
16	0.01948	0.01848	0.07421	0.04477	0.05367	0.07744	0.05829	0.08148	0.04954	0.09249	0.05325	0.14339	0.02246	0.01205	0.01060	0.00258	0.10939	0.00978	0.00574	0.06088
17	0.00992	0.00727	0.00931	0.01009	0.01126	0.00667	0.00708	0.01211	0.01754	0.02367	0.25644	0.42351	0.13465	0.02093	0.00956	0.00285	0.00415	0.01870	0.00764	0.00667
18	0.05702	0.05006	0.02212	0.01801	0.04658	0.01858	0.08794	0.13550	0.28574	0.05163	0.11796	0.02845	0.02573	0.01011	0.00790	0.00247	0.00722	0.00874	0.00702	0.01122
19	0.67404	0.01541	0.01312	0.01237	0.04661	0.01742	0.00945	0.05249	0.01464	0.03455	0.01149	0.01336	0.00895	0.00721	0.00512	0.00233	0.00626	0.00448	0.00488	0.04582
20	0.05625	0.13602	0.34333	0.01881	0.02684	0.04724	0.07299	0.02329	0.01672	0.05597	0.01992	0.08587	0.04544	0.00949	0.00735	0.00240	0.00969	0.00781	0.00431	0.01025
21	0.01696	0.01696	0.02375	0.02036	0.02036	0.02375	0.01696	0.01866	0.01187	0.01866	0.01018	0.01696	0.01018	0.01357	0.02545	0.00339	0.71332	0.00679	0.00339	0.00848
22	0.01108	0.00831	0.01246	0.01246	0.01385	0.00969	0.00969	0.01385	0.01246	0.01800	0.02077	0.03046	0.01938	0.05815	0.69678	0.01246	0.02077	0.00831	0.00415	0.00692
23	0.01698	0.02071	0.12277	0.18528	0.21513	0.04310	0.16998	0.02241	0.01707	0.02315	0.01688	0.07942	0.01462	0.00860	0.00816	0.00252	0.01047	0.00849	0.00398	0.01027
24	0.01494	0.01622	0.08635	0.19988	0.25049	0.01476	0.04268	0.01930	0.01636	0.02236	0.02374	0.18737	0.04927	0.01179	0.00831	0.00261	0.00852	0.01085	0.00462	0.00956
25	0.00989	0.00693	0.00887	0.01023	0.01058	0.00659	0.00660	0.01091	0.01399	0.01865	0.03834	0.56101	0.04573	0.19330	0.01700	0.00420	0.00522	0.01945	0.00660	0.00591
26	0.01879	0.01806	0.03110	0.04571	0.63273	0.01800	0.04399	0.02334	0.01757	0.02511	0.01568	0.04579	0.01374	0.00755	0.00781	0.00235	0.00916	0.00755	0.00397	0.01200
27	0.01929	0.06154	0.29637	0.05814	0.08936	0.01962	0.17925	0.11119	0.01984	0.04905	0.01545	0.01839	0.01132	0.00744	0.00781	0.00243	0.01090	0.00690	0.00432	0.01137
28	0.01127	0.00833	0.01057	0.00994	0.01193	0.00784	0.00747	0.01570	0.05215	0.03060	0.61181	0.05746	0.10396	0.01581	0.00909	0.00246	0.00379	0.01390	0.00843	0.00751
29	0.01445	0.00723	0.00723	0.00723	0.00903	0.00723	0.00542	0.01807	0.01626	0.02891	0.02529	0.02891	0.01987	0.00903	0.00542	0.00181	0.00361	0.00723	0.77055	0.00723
30	0.01608	0.01378	0.01608	0.01148	0.01837	0.01034	0.00919	0.01952	0.01608	0.02527	0.01378	0.01608	0.01148	0.00574	0.00574	0.00115	0.00574	0.00459	0.00459	0.77491
31	0.01219	0.00877	0.01199	0.01352	0.01530	0.00867	0.01163	0.01555	0.01778	0.02309	0.06677	0.08435	0.08442	0.04414	0.01149	0.00360	0.00682	0.54577	0.00712	0.00703
32	0.00964	0.00687	0.00911	0.01083	0.01131	0.00645	0.00730	0.01102	0.01481	0.01972	0.04188	0.66896	0.05003	0.05443	0.01120	0.00335	0.00473	0.04501	0.00709	0.00626
33	0.02201	0.66686	0.03857	0.01331	0.01989	0.02893	0.01310	0.02454	0.01634	0.07877	0.01258	0.01371	0.01079	0.00690	0.00523	0.00173	0.00814	0.00448	0.00389	0.01025
34	0.01819	0.01971	0.03387	0.24477	0.11453	0.08208	0.29464	0.02344	0.01740	0.02249	0.01437	0.01982	0.01114	0.00741	0.00907	0.00255	0.04323	0.00769	0.00375	0.00986
35	0.78228	0.01499	0.01140	0.01020	0.01499	0.01739	0.00840	0.02279	0.01320	0.03479	0.01080	0.01260	0.00840	0.00720	0.00480	0.00240	0.00600	0.00420	0.00480	0.00840
36	0.01538	0.06848	0.57897	0.02030	0.03064	0.01743	0.02549	0.02332	0.01633	0.02401	0.01711	0.04025	0.03651	0.00825	0.00733	0.00238	0.01054	0.00651	0.00361	0.04717
37	0.53882	0.01965	0.01448	0.01282	0.01754	0.15628	0.01023	0.04412	0.04138	0.06494	0.01308	0.01439	0.01000	0.00767	0.00560	0.00232	0.00774	0.00480	0.00508	0.00905
38	0.02415	0.02965	0.09440	0.02671	0.13292	0.32045	0.13478	0.09756	0.02166	0.02497	0.01402	0.01685	0.01102	0.00763	0.00762	0.00224	0.01219	0.00636	0.00430	0.01050
39	0.01929	0.01666	0.01753	0.01578	0.02016	0.01929	0.01227	0.04120	0.66513	0.03243	0.03156	0.02893	0.02367	0.01052	0.00789	0.00263	0.00614	0.00877	0.00789	0.01227
40	0.01209	0.00909	0.01209	0.01286	0.04376	0.00986	0.00861	0.01550	0.06866	0.01872	0.02468	0.09973	0.02538	0.28193	0.31332	0.00856	0.01286	0.01056	0.00493	0.00680
41	0.06294	0.01353	0.01791	0.01379	0.01975	0.01202	0.01139	0.05662	0.02230	0.63985	0.02946	0.02562	0.01859	0.00950	0.00768	0.00240	0.00664	0.00764	0.00936	0.01301
42	0.01445	0.00723	0.00723	0.00723	0.00903	0.00723	0.00542	0.01807	0.01626	0.02891	0.02529	0.02891	0.01987	0.00903	0.00542	0.00181	0.00361	0.00723	0.77055	0.00723
43	0.01445	0.00723	0.00723	0.00723	0.00903	0.00723	0.00542	0.01807	0.01626	0.02891	0.02529	0.02891	0.01987	0.00903	0.00542	0.00181	0.00361	0.00723	0.77055	0.00723
44	0.02848	0.02122	0.02271	0.01764	0.02366	0.02358	0.01450	0.59331	0.09805	0.04726	0.01988	0.01963	0.01421	0.00943	0.00777	0.00236	0.00830	0.00716	0.00777	0.01310
45	0.01163	0.01070	0.04512	0.01166	0.03509	0.00877	0.00895	0.04837	0.01833	0.02376	0.11018	0.20410	0.33711	0.01809	0.00899	0.00265	0.00505	0.03910	0.00691	0.04544
46	0.08410	0.04643	0.02936	0.09571	0.33052	0.07676	0.11206	0.02571	0.07757	0.02541	0.01556	0.01922	0.01247	0.00737	0.00752	0.00236	0.00969	0.00691	0.00427	0.01098
47	0.01830	0.02092	0.04575	0.03268	0.04052	0.01961	0.65098	0.02484	0.01830	0.02484	0.01569	0.02092	0.01176	0.00654	0.00915	0.00261	0.01307	0.00915	0.00392	0.01046
48	0.00945	0.00675	0.00900	0.01080	0.01125	0.00630	0.00720	0.01080	0.01484	0.01979	0.04274	0.72245	0.05128	0.02429	0.00990	0.00315	0.00450	0.02204	0.00720	0.00630
49	0.02170	0.01920	0.02125	0.02163	0.13323	0.12735	0.03892	0.12781	0.10015	0.08092	0.02794	0.03117	0.10468	0.03429	0.01001	0.00264	0.04730	0.03330	0.00605	0.01046
50	0.03025	0.02048	0.02250	0.01725	0.02342	0.02220	0.01425	0.56354	0.03438	0.14155	0.02036	0.01975	0.01406	0.00935	0.00776	0.00234	0.00825	0.00710	0.00802	0.01319
51	0.00945	0.00675	0.00900	0.01080	0.01125	0.00630	0.00720	0.01080	0.01484	0.01979	0.04274	0.72245	0.05128	0.02429	0.00990	0.00315	0.00450	0.02204	0.00720	0.00630
52	0.01641	0.06101	0.47897	0.05757	0.07071	0.01877	0.13981	0.02429	0.01672	0.02418	0.01414	0.01740	0.01034	0.00718	0.00763	0.00245	0.01145	0.00641	0.00343	0.01113
53	0.02023	0.02022	0.05381	0.12648	0.16932	0.11216	0.01766	0.11108	0.13919	0.02778	0.02118	0.02916	0.01798	0.01008	0.00802	0.00254	0.00922	0.08773	0.00548	0.01069
54	0.02947	0.02172	0.02327	0.01784	0.02404	0.02404	0.01474	0.65329	0.03646	0.04887	0.01862	0.01862	0.01319	0.00931	0.00776	0.00233	0.00853	0.00698	0.00776	0.01319
55	0.00952	0.00681	0.00906	0.01074	0.01126	0.00635	0.00720	0.01099	0.01520	0.02035	0.07405	0.68953	0.05237	0.02387	0.00986	0.00311	0.00446	0.02165	0.00726	0.00635
56	0.05083	0.01723	0.01961	0.01676	0.02150	0.01923	0.04308	0.21152	0.34474	0.03566	0.02754	0.03262	0.02226	0.01128	0.00816	0.00266	0.00728	0.08897	0.00745	0.01163
57	0.00970	0.00693	0.00928	0.01108	0.01164	0.00651	0.00763	0.01123	0.01509	0.02007	0.04260	0.67070	0.05074	0.02406	0.00996	0.00318	0.00471	0.07134	0.00719	0.00637
58	0.02947	0.02172	0.02327	0.01784	0.02404	0.02404	0.01474	0.65329	0.03646	0.04887	0.01862	0.01862	0.01319	0.00931	0.00776	0.00233	0.00853	0.00698	0.00776	0.01319
59	0.01919	0.01842	0.03147	0.04759	0.67914	0.01842	0.02380	0.02380	0.01765	0.02533	0.01458	0.01919	0.01228	0.00691	0.00768	0.00230	0.00921	0.00691	0.00384	0.01228
60	0.06142	0.01432	0.01776	0.01388	0.01956	0.03856	0.01137	0.06488	0.02250	0.57079	0.06136	0.02662	0.02089	0.00975	0.00772	0.00238	0.00680	0.00783	0.00906	0.01255
61	0.01064	0.00773	0.01002	0.00983	0.01147	0.00712	0.00723	0.01385	0.02060	0.02879	0.54451	0.16489	0.09952	0.01739	0.00927	0.00256	0.00381	0.01542	0.00826	0.00712
62	0.00945	0.00675	0.00900	0.01080	0.01125	0.00630	0.00720	0.01080	0.01484	0.01979	0.04274	0.72245	0.05128	0.02429	0.00990	0.00315	0.00450	0.02204	0.00720	0.00630
63	0.01231	0.01119	0.01076	0.01063	0.01278	0.08808	0.00791	0.01486	0.01931	0.02428	0.27851	0.15569	0.26673	0.01765	0.00907	0.00259	0.00522	0.03805	0.00730	0.00710
64	0.01464	0.01378	0.02326	0.70887	0.05340	0.01723	0.02153	0.01981	0.01550	0.01981	0.01378	0.02067	0.01034	0.00775	0.00775	0.00258	0.01034	0.00689	0.00345	0.00861
65	0.01445	0.00723	0.00723	0.00723	0.00903	0.00723	0.00542	0.01807	0.01626	0.02891	0.02529	0.02891	0.01987	0.00903	0.00542	0.00181	0.00361	0.00723	0.77055	0.00723
66	0.01608	0.01378	0.01608	0.01148	0.01837	0.01034	0.00919	0.01952	0.01608	0.02527	0.01378	0.01608	0.01148	0.00574	0.00574	0.00115	0.00574	0.00459	0.00459	0.77491
67	0.02947	0.02172	0.02327	0.01784	0.02404	0.02404	0.01474	0.65329	0.03646	0.04887	0.01862	0.01862	0.01319	0.00931	0.00776	0.00233	0.00853	0.00698	0.00776	0.01319
68	0.01445	0.00723	0.00723	0.00723	0.00903	0.00723	0.00542	0.01807	0.01626	0.02891	0.02529	0.02891	0.01987	0.00903	0.00542	0.00181	0.00361	0.00723	0.77055	0.00723
69	0.03184	0.01291	0.01731	0.01348	0.01901	0.01140	0.01105	0.05841	0.02270	0.58517	0.10439	0.02973	0.02518	0.01031	0.00795	0.00240	0.00633	0.00848	0.00940	0.01252
70	0.01589	0.21327	0.36662	0.01762	0.02555	0.01943	0.02036	0.02179	0.01533	0.02143	0.01464	0.01852	0.01201	0.01863	0.16223	0.00450	0.01273	0.00590	0.00348	0.01004
71	0.02896	0.03695	0.02197	0.01998	0.02397	0.69638	0.01498	0.03096	0.02197	0.01898	0.01199	0.01398	0.00999	0.00799	0.00699	0.00200	0.01398	0.00499	0.00400	0.00899
72	0.01128	0.00752	0.00846	0.00846	0.00846	0.00752	0.00470	0.01128	0.01128	0.01503	0.02443	0.05074	0.02819	0.72751	0.03946	0.00752	0.00752	0.01128	0.00470	0.00470
73	0.07089	0.01328	0.01768	0.01362	0.01956	0.01169	0.01125	0.03706	0.02176	0.65313	0.02963	0.02572	0.01867	0.00948	0.00765	0.00240	0.00657	0.00762	0.00936	0.01296
74	0.01678	0.01655	0.02299	0.01982	0.02005	0.02293	0.01645	0.01929	0.03673	0.01915	0.01148	0.01804	0.01111	0.01551	0.05570	0.00378	0.65455	0.00693	0.00360	0.00855
75	0.01002	0.00727	0.00942	0.01077	0.01169	0.00680	0.00765	0.01184	0.01589	0.02100	0.09443	0.49290	0.11149	0.05677	0.01130	0.00331	0.00487	0.09899	0.00717	0.00643
76	0.01696	0.01696	0.02375	0.02036	0.02036	0.02375	0.01696	0.01866	0.01187	0.01866	0.01018	0.01696	0.01018	0.01357	0.02545	0.00339	0.71332	0.00679	0.00339	0.00848
77	0.01445	0.00723	0.00723	0.00723	0.00903	0.00723	0.00542	0.01807	0.01626	0.02891	0.02529	0.02891	0.01987	0.00903	0.00542	0.00181	0.00361	0.00723	0.77055	0.00723
78	0.01269	0.00858	0.00971	0.00927	0.01214	0.00739	0.00721	0.01509	0.01872	0.10170	0.13858	0.06790	0.48030	0.01813	0.00911	0.00264	0.00446	0.06125	0.00764	0.00747
79	0.02431	0.02503	0.01963	0.01751	0.02189	0.29487	0.01346	0.06646	0.34857	0.05246	0.02293	0.02225	0.01742	0.00940	0.00751	0.00235	0.00946	0.00711	0.00636	0.01101
80	0.01929	0.01666	0.01753	0.01578	0.02016	0.01929	0.01227	0.04120	0.66513	0.03243	0.03156	0.02893	0.02367	0.01052	0.00789	0.00263	0.00614	0.00877	0.00789	0.01227
81	0.01445	0.00723	0.00723	0.00723	0.00903	0.00723	0.00542	0.01807	0.01626	0.02891	0.02529	0.02891	0.01987	0.00903	0.00542	0.00181	0.00361	0.00723	0.77055	0.00723
82	0.02947	0.02172	0.02327	0.01784	0.02404	0.02404	0.01474	0.65329	0.03646	0.04887	0.01862	0.01862	0.01319	0.00931	0.00776	0.00233	0.00853	0.00698	0.00776	0.01319
83	0.01670	0.01415	0.01641	0.01178	0.01864	0.01098	0.00945	0.04913	0.01703	0.02637	0.01401	0.01620	0.01156	0.00591	0.00584	0.00120	0.00587	0.00471	0.00474	0.73933
84	0.02736	0.12679	0.02568	0.01966	0.02428	0.54920	0.04712	0.05312	0.02152	0.02031	0.01227	0.01431	0.01019	0.00779	0.00687	0.00200	0.01298	0.00517	0.00404	0.00935
85	0.01830	0.02092	0.04575	0.03268	0.04052	0.01961	0.65098	0.02484	0.01830	0.02484	0.01569	0.02092	0.01176	0.00654	0.00915	0.00261	0.01307	0.00915	0.00392	0.01046
86	0.02643	0.02020	0.02155	0.01722	0.02288	0.02262	0.01400	0.47028	0.22443	0.04395	0.02249	0.02170	0.01632	0.00967	0.00780	0.00242	0.00782	0.00751	0.00780	0.01291
87	0.01661	0.01772	0.03634	0.02818	0.06616	0.01680	0.46040	0.02265	0.04230	0.02464	0.05242	0.13566	0.02156	0.01001	0.00915	0.00268	0.01078	0.01133	0.00482	0.00980
88	0.01774	0.01435	0.01616	0.04044	0.01924	0.01609	0.01150	0.07852	0.35673	0.05441	0.06587	0.06805	0.12012	0.01446	0.03511	0.00302	0.03997	0.01039	0.00732	0.01051
89	0.01024	0.00780	0.00941	0.00922	0.01119	0.00697	0.00684	0.01313	0.01990	0.02673	0.42142	0.12378	0.26944	0.01786	0.00922	0.00256	0.00382	0.01552	0.00797	0.00697
90	0.02408	0.02790	0.02740	0.03289	0.31587	0.36074	0.05127	0.02747	0.01987	0.02210	0.01333	0.01665	0.01110	0.00744	0.00741	0.00216	0.01182	0.00606	0.00392	0.01053
91	0.01046	0.00791	0.00965	0.00922	0.01127	0.00710	0.00691	0.01364	0.02074	0.02822	0.50636	0.06264	0.24364	0.01692	0.00915	0.00249	0.00373	0.01468	0.00816	0.00710
92	0.01902	0.01636	0.01734	0.01572	0.02000	0.01888	0.01228	0.04023	0.64005	0.03208	0.03193	0.03120	0.02448	0.01094	0.00800	0.00267	0.00618	0.03272	0.00786	0.01207
93	0.01710	0.01842	0.08330	0.30526	0.37910	0.01792	0.02331	0.02229	0.01670	0.02310	0.01421	0.01954	0.01131	0.00728	0.00768	0.00243	0.00984	0.00680	0.00364	0.01077
94	0.01514	0.01230	0.01395	0.01277	0.01588	0.01331	0.00980	0.02794	0.34409	0.03176	0.35275	0.04340	0.04837	0.01318	0.00852	0.00253	0.00490	0.01139	0.00821	0.00980
95	0.01556	0.00924	0.01230	0.01254	0.01507	0.00864	0.01039	0.01862	0.01874	0.14054	0.10929	0.12923	0.12976	0.01877	0.00975	0.00308	0.00601	0.31667	0.00773	0.00807
96	0.02668	0.03289	0.02137	0.02007	0.05348	0.57700	0.01448	0.02885	0.02084	0.01969	0.01274	0.01581	0.01092	0.03508	0.00815	0.00215	0.01277	0.00529	0.00407	0.07768
97	0.01039	0.00790	0.00956	0.00915	0.01123	0.00707	0.00686	0.01351	0.02058	0.02784	0.48390	0.06327	0.26634	0.01706	0.00915	0.00250	0.00374	0.01477	0.00811	0.00707
98	0.02143	0.02116	0.01852	0.01671	0.02101	0.16942	0.01287	0.03893	0.52253	0.02945	0.02722	0.02561	0.02064	0.00996	0.00769	0.00249	0.00788	0.00793	0.00703	0.01154
99	0.05609	0.01796	0.06994	0.01664	0.02104	0.06771	0.09048	0.09453	0.09538	0.02687	0.06277	0.03476	0.16879	0.01556	0.06244	0.00333	0.07094	0.00964	0.00577	0.00935

[dist]
# distance from previous block
# <min> <max>
0	3

[block]
# block no. 2 follows, 25 sequences, length 33
# corresponding to MSA columns:
# 166-198
name=unknown_C
#
# <colnr> <probs for GDERKNQSTAVLIFYWHMCP>
#	G	D	E	R	K	N	Q	S	T	A	V	L	I	F	Y	W	H	M	C	P
0	0.01472	0.01407	0.04992	0.10891	0.11236	0.01362	0.01372	0.02306	0.17874	0.02586	0.11452	0.08672	0.13759	0.01279	0.00832	0.00255	0.00659	0.02933	0.00628	0.04030
1	0.01674	0.02042	0.17062	0.01697	0.04828	0.01583	0.01530	0.02945	0.29506	0.02899	0.11397	0.02763	0.02498	0.00962	0.00759	0.00231	0.00707	0.00805	0.00622	0.13488
2	0.01760	0.01724	0.02717	0.35232	0.35514	0.05334	0.02229	0.02233	0.01688	0.02244	0.01408	0.01960	0.01126	0.00736	0.00768	0.00242	0.00998	0.00680	0.00366	0.01041
3	0.01696	0.22785	0.51190	0.01970	0.02985	0.02144	0.02448	0.02419	0.01620	0.02284	0.01306	0.01530	0.00986	0.00717	0.00672	0.00224	0.01060	0.00530	0.00329	0.01105
4	0.06224	0.01247	0.01656	0.01303	0.01834	0.01102	0.01065	0.03364	0.02178	0.55798	0.12792	0.03062	0.02696	0.01045	0.00788	0.00241	0.00613	0.00860	0.00924	0.01210
5	0.01097	0.00793	0.01036	0.00975	0.01158	0.00732	0.00732	0.01463	0.02195	0.03109	0.67505	0.05792	0.07316	0.01585	0.00914	0.00244	0.00366	0.01402	0.00854	0.00732
6	0.01155	0.00853	0.01086	0.01017	0.01218	0.00815	0.00766	0.01648	0.06675	0.03119	0.63023	0.05590	0.06971	0.01548	0.00906	0.00245	0.00383	0.01366	0.00849	0.00766
7	0.23333	0.01647	0.07758	0.01375	0.01993	0.01411	0.01230	0.05699	0.01981	0.42470	0.02328	0.02147	0.01520	0.00874	0.00695	0.00240	0.00696	0.00661	0.00766	0.01175
8	0.01108	0.00831	0.01246	0.01246	0.01385	0.00969	0.00969	0.01385	0.01246	0.01800	0.02077	0.03046	0.01938	0.05815	0.69678	0.01246	0.02077	0.00831	0.00415	0.00692
9	0.01931	0.02333	0.10920	0.03012	0.06139	0.05831	0.47975	0.02616	0.04030	0.04933	0.01634	0.02045	0.01216	0.00697	0.00869	0.00254	0.01233	0.00840	0.00420	0.01071
10	0.03350	0.01439	0.01863	0.01438	0.02033	0.01328	0.01184	0.11400	0.05026	0.57927	0.02915	0.02553	0.01863	0.00960	0.00780	0.00240	0.00682	0.00774	0.00930	0.01316
11	0.01114	0.00807	0.01126	0.01126	0.01223	0.00904	0.00819	0.01307	0.01210	0.01711	0.02187	0.03655	0.02203	0.25921	0.49933	0.01098	0.01679	0.00920	0.00432	0.00625
12	0.00950	0.00735	0.00866	0.00943	0.01096	0.00652	0.00666	0.01136	0.01683	0.02154	0.12815	0.37389	0.31866	0.02138	0.00950	0.00284	0.00416	0.01874	0.00735	0.00652
13	0.07947	0.02162	0.02199	0.01721	0.02313	0.06188	0.01411	0.52859	0.05478	0.07235	0.01865	0.01862	0.01329	0.00914	0.00752	0.00233	0.00852	0.00678	0.00742	0.01259
14	0.02108	0.01955	0.01983	0.05293	0.06969	0.10278	0.01409	0.08785	0.45615	0.03100	0.02600	0.02514	0.01965	0.00971	0.00775	0.00250	0.00772	0.00793	0.00689	0.01176
15	0.02180	0.05034	0.06008	0.07610	0.05738	0.09406	0.01538	0.15631	0.32121	0.03177	0.02269	0.02270	0.01708	0.00926	0.00759	0.00243	0.00836	0.00739	0.00642	0.01165
16	0.01128	0.00752	0.00846	0.00846	0.00846	0.00752	0.00470	0.01128	0.01128	0.01503	0.02443	0.05074	0.02819	0.72751	0.03946	0.00752	0.00752	0.01128	0.00470	0.00470
17	0.06189	0.01544	0.01900	0.01470	0.02065	0.01495	0.01212	0.18600	0.04690	0.48392	0.02696	0.02406	0.01748	0.00947	0.00767	0.00239	0.00703	0.00749	0.00891	0.01298
18	0.02018	0.57392	0.13408	0.01566	0.02295	0.05353	0.04375	0.02378	0.01619	0.01948	0.01150	0.01344	0.01001	0.00679	0.00558	0.00183	0.00918	0.00463	0.00336	0.01016
19	0.10882	0.05057	0.01892	0.01605	0.06534	0.04481	0.01205	0.03335	0.12724	0.36328	0.02822	0.02612	0.05180	0.00961	0.00738	0.00239	0.00691	0.00765	0.00771	0.01177
20	0.03196	0.01773	0.02080	0.01595	0.02206	0.01813	0.01317	0.36527	0.02978	0.34631	0.02422	0.02225	0.01600	0.00944	0.00778	0.00236	0.00763	0.00736	0.00862	0.01319
21	0.01128	0.00752	0.00846	0.00846	0.00846	0.00752	0.00470	0.01128	0.01128	0.01503	0.02443	0.05074	0.02819	0.72751	0.03946	0.00752	0.00752	0.01128	0.00470	0.00470
22	0.01861	0.07703	0.09133	0.15335	0.08896	0.08006	0.33037	0.02424	0.01771	0.02291	0.01440	0.01909	0.01109	0.00699	0.00812	0.00244	0.01185	0.00753	0.00373	0.01018
23	0.02947	0.02172	0.02327	0.01784	0.02404	0.02404	0.01474	0.65329	0.03646	0.04887	0.01862	0.01862	0.01319	0.00931	0.00776	0.00233	0.00853	0.00698	0.00776	0.01319
24	0.01445	0.00723	0.00723	0.00723	0.00903	0.00723	0.00542	0.01807	0.01626	0.02891	0.02529	0.02891	0.01987	0.00903	0.00542	0.00181	0.00361	0.00723	0.77055	0.00723
25	0.01858	0.01821	0.03226	0.11851	0.53463	0.01843	0.09793	0.02348	0.01750	0.02467	0.01463	0.01956	0.01201	0.00696	0.00786	0.00237	0.00979	0.00717	0.00380	0.01166
26	0.02901	0.03556	0.02209	0.01978	0.02398	0.63467	0.01496	0.08808	0.02330	0.02172	0.01259	0.01441	0.01028	0.00811	0.00706	0.00203	0.01348	0.00518	0.00434	0.00937
27	0.01097	0.00793	0.01036	0.00975	0.01158	0.00732	0.00732	0.01463	0.02195	0.03109	0.67505	0.05792	0.07316	0.01585	0.00914	0.00244	0.00366	0.01402	0.00854	0.00732
28	0.01464	0.01378	0.02326	0.70887	0.05340	0.01723	0.02153	0.01981	0.01550	0.01981	0.01378	0.02067	0.01034	0.00775	0.00775	0.00258	0.01034	0.00689	0.00345	0.00861
29	0.00931	0.00780	0.00810	0.00816	0.01060	0.00658	0.00607	0.01135	0.01781	0.02159	0.11802	0.11101	0.59779	0.01964	0.00920	0.00264	0.00394	0.01653	0.00729	0.00658
30	0.01608	0.01378	0.01608	0.01148	0.01837	0.01034	0.00919	0.01952	0.01608	0.02527	0.01378	0.01608	0.01148	0.00574	0.00574	0.00115	0.00574	0.00459	0.00459	0.77491
31	0.03225	0.01423	0.01833	0.01418	0.01992	0.01320	0.01166	0.13775	0.02453	0.53410	0.07350	0.02730	0.02196	0.00998	0.00788	0.00239	0.00671	0.00810	0.00922	0.01278
32	0.01929	0.01666	0.01753	0.01578	0.02016	0.01929	0.01227	0.04120	0.66513	0.03243	0.03156	0.02893	0.02367	0.01052	0.00789	0.00263	0.00614	0.00877	0.00789	0.01227

[dist]
# distance from previous block
# <min> <max>
0	1

[block]
# block no. 3 follows, 25 sequences, length 48
# corresponding to MSA columns:
# 200-247
name=unknown_D
#
# <colnr> <probs for GDERKNQSTAVLIFYWHMCP>
#	G	D	E	R	K	N	Q	S	T	A	V	L	I	F	Y	W	H	M	C	P
0	0.78228	0.01499	0.01140	0.01020	0.01499	0.01739	0.00840	0.02279	0.01320	0.03479	0.01080	0.01260	0.00840	0.00720	0.00480	0.00240	0.00600	0.00420	0.00480	0.00840
1	0.78228	0.01499	0.01140	0.01020	0.01499	0.01739	0.00840	0.02279	0.01320	0.03479	0.01080	0.01260	0.00840	0.00720	0.00480	0.00240	0.00600	0.00420	0.00480	0.00840
2	0.01114	0.00773	0.00974	0.00981	0.01027	0.00815	0.00637	0.01206	0.01180	0.01617	0.02404	0.07234	0.02638	0.48745	0.24520	0.00889	0.01156	0.01079	0.00463	0.00547
3	0.03479	0.01320	0.01799	0.01380	0.01979	0.01140	0.01140	0.03779	0.02219	0.68451	0.03059	0.02639	0.01919	0.00960	0.00780	0.00240	0.00660	0.00780	0.00960	0.01320
4	0.00916	0.00785	0.00785	0.00785	0.01047	0.00655	0.00589	0.01113	0.01767	0.02095	0.07855	0.07462	0.67599	0.01964	0.00916	0.00262	0.00393	0.01636	0.00720	0.00655
5	0.09669	0.01474	0.01830	0.01415	0.02009	0.01397	0.01169	0.13721	0.02377	0.52596	0.02697	0.02396	0.01730	0.00935	0.00754	0.00239	0.00686	0.00736	0.00889	0.01279
6	0.01929	0.01666	0.01753	0.01578	0.02016	0.01929	0.01227	0.04120	0.66513	0.03243	0.03156	0.02893	0.02367	0.01052	0.00789	0.00263	0.00614	0.00877	0.00789	0.01227
7	0.01249	0.00892	0.01249	0.01428	0.01606	0.00892	0.01249	0.01606	0.01785	0.02320	0.04105	0.08746	0.04462	0.02142	0.01071	0.00357	0.00714	0.62695	0.00714	0.00714
8	0.01445	0.00723	0.00723	0.00723	0.00903	0.00723	0.00542	0.01807	0.01626	0.02891	0.02529	0.02891	0.01987	0.00903	0.00542	0.00181	0.00361	0.00723	0.77055	0.00723
9	0.78228	0.01499	0.01140	0.01020	0.01499	0.01739	0.00840	0.02279	0.01320	0.03479	0.01080	0.01260	0.00840	0.00720	0.00480	0.00240	0.00600	0.00420	0.00480	0.00840
10	0.01436	0.01340	0.02248	0.67113	0.05112	0.01664	0.02076	0.01932	0.01547	0.01981	0.01535	0.05861	0.01255	0.00865	0.00787	0.00261	0.01002	0.00771	0.00365	0.00849
11	0.01108	0.00831	0.01246	0.01246	0.01385	0.00969	0.00969	0.01385	0.01246	0.01800	0.02077	0.03046	0.01938	0.05815	0.69678	0.01246	0.02077	0.00831	0.00415	0.00692
12	0.74187	0.01490	0.01175	0.01039	0.01525	0.01707	0.00856	0.02360	0.01368	0.06991	0.01187	0.01334	0.00898	0.00733	0.00496	0.00240	0.00603	0.00439	0.00506	0.00866
13	0.03279	0.01530	0.01945	0.01501	0.02079	0.01482	0.01240	0.17710	0.02499	0.51043	0.02696	0.02420	0.01743	0.00971	0.00857	0.00243	0.03818	0.00757	0.00890	0.01299
14	0.02159	0.01694	0.02535	0.03307	0.38919	0.01709	0.01844	0.02984	0.16658	0.13374	0.02102	0.02243	0.01597	0.00811	0.00765	0.00234	0.00791	0.00736	0.00574	0.04963
15	0.00974	0.00715	0.00981	0.05068	0.01365	0.00692	0.00802	0.01131	0.01488	0.01979	0.04108	0.68236	0.04894	0.02335	0.00977	0.00312	0.00483	0.02118	0.00698	0.00643
16	0.01445	0.00723	0.00723	0.00723	0.00903	0.00723	0.00542	0.01807	0.01626	0.02891	0.02529	0.02891	0.01987	0.00903	0.00542	0.00181	0.00361	0.00723	0.77055	0.00723
17	0.02095	0.02014	0.01830	0.01650	0.02082	0.13564	0.01274	0.03944	0.55461	0.03012	0.02819	0.02636	0.02132	0.01008	0.00774	0.00252	0.00748	0.00812	0.00722	0.01171
18	0.02283	0.01374	0.01683	0.01254	0.01898	0.01122	0.01014	0.02718	0.05531	0.25727	0.02070	0.02044	0.01489	0.00737	0.00659	0.00167	0.00607	0.00596	0.00654	0.46374
19	0.01830	0.02092	0.04575	0.03268	0.04052	0.01961	0.65098	0.02484	0.01830	0.02484	0.01569	0.02092	0.01176	0.00654	0.00915	0.00261	0.01307	0.00915	0.00392	0.01046
20	0.01475	0.01393	0.02328	0.67736	0.05189	0.01753	0.02132	0.01976	0.01534	0.01976	0.01362	0.02050	0.01033	0.00802	0.00856	0.00262	0.04251	0.00689	0.00344	0.00861
21	0.01347	0.00673	0.01010	0.01010	0.01010	0.00673	0.00673	0.01010	0.01010	0.01347	0.01347	0.02357	0.01347	0.02694	0.03030	0.77441	0.00673	0.00673	0.00337	0.00337
22	0.01071	0.00795	0.01167	0.01208	0.01325	0.00892	0.00912	0.01315	0.01300	0.01841	0.02576	0.18784	0.02664	0.05045	0.54056	0.01034	0.01707	0.01143	0.00485	0.00678
23	0.02073	0.73217	0.04063	0.01327	0.01990	0.03068	0.01327	0.02322	0.01575	0.01824	0.01078	0.01244	0.00995	0.00663	0.00498	0.00166	0.00829	0.00415	0.00332	0.00995
24	0.01128	0.00752	0.00846	0.00846	0.00846	0.00752	0.00470	0.01128	0.01128	0.01503	0.02443	0.05074	0.02819	0.72751	0.03946	0.00752	0.00752	0.01128	0.00470	0.00470
25	0.01830	0.02092	0.04575	0.03268	0.04052	0.01961	0.65098	0.02484	0.01830	0.02484	0.01569	0.02092	0.01176	0.00654	0.00915	0.00261	0.01307	0.00915	0.00392	0.01046
26	0.78228	0.01499	0.01140	0.01020	0.01499	0.01739	0.00840	0.02279	0.01320	0.03479	0.01080	0.01260	0.00840	0.00720	0.00480	0.00240	0.00600	0.00420	0.00480	0.00840
27	0.02073	0.73217	0.04063	0.01327	0.01990	0.03068	0.01327	0.02322	0.01575	0.01824	0.01078	0.01244	0.00995	0.00663	0.00498	0.00166	0.00829	0.00415	0.00332	0.00995
28	0.02792	0.02095	0.02239	0.01753	0.02345	0.02332	0.01436	0.55990	0.13237	0.04636	0.02059	0.02019	0.01479	0.00949	0.00778	0.00237	0.00817	0.00725	0.00778	0.01305
29	0.02947	0.02172	0.02327	0.01784	0.02404	0.02404	0.01474	0.65329	0.03646	0.04887	0.01862	0.01862	0.01319	0.00931	0.00776	0.00233	0.00853	0.00698	0.00776	0.01319
30	0.02896	0.03695	0.02197	0.01998	0.02397	0.69638	0.01498	0.03096	0.02197	0.01898	0.01199	0.01398	0.00999	0.00799	0.00699	0.00200	0.01398	0.00499	0.00400	0.00899
31	0.78228	0.01499	0.01140	0.01020	0.01499	0.01739	0.00840	0.02279	0.01320	0.03479	0.01080	0.01260	0.00840	0.00720	0.00480	0.00240	0.00600	0.00420	0.00480	0.00840
32	0.00945	0.00675	0.00900	0.01080	0.01125	0.00630	0.00720	0.01080	0.01484	0.01979	0.04274	0.72245	0.05128	0.02429	0.00990	0.00315	0.00450	0.02204	0.00720	0.00630
33	0.03479	0.01320	0.01799	0.01380	0.01979	0.01140	0.01140	0.03779	0.02219	0.68451	0.03059	0.02639	0.01919	0.00960	0.00780	0.00240	0.00660	0.00780	0.00960	0.01320
34	0.01608	0.01378	0.01608	0.01148	0.01837	0.01034	0.00919	0.01952	0.01608	0.02527	0.01378	0.01608	0.01148	0.00574	0.00574	0.00115	0.00574	0.00459	0.00459	0.77491
35	0.00945	0.00675	0.00900	0.01080	0.01125	0.00630	0.00720	0.01080	0.01484	0.01979	0.04274	0.72245	0.05128	0.02429	0.00990	0.00315	0.00450	0.02204	0.00720	0.00630
36	0.02073	0.73217	0.04063	0.01327	0.01990	0.03068	0.01327	0.02322	0.01575	0.01824	0.01078	0.01244	0.00995	0.00663	0.00498	0.00166	0.00829	0.00415	0.00332	0.00995
37	0.00926	0.00786	0.00798	0.00795	0.01053	0.00659	0.00596	0.01131	0.01789	0.02147	0.10944	0.07375	0.64477	0.01944	0.00916	0.00261	0.00391	0.01624	0.00727	0.00659
38	0.02113	0.69826	0.03972	0.01359	0.02010	0.06315	0.01335	0.02359	0.01606	0.01828	0.01084	0.01251	0.00995	0.00670	0.00507	0.00167	0.00857	0.00419	0.00335	0.00990
39	0.01117	0.00753	0.00843	0.00843	0.00856	0.00747	0.00476	0.01127	0.01161	0.01534	0.02723	0.05198	0.06174	0.69084	0.03790	0.00726	0.00733	0.01154	0.00483	0.00479
40	0.01660	0.01753	0.05551	0.39668	0.18482	0.04845	0.09226	0.02160	0.01644	0.02155	0.01455	0.02117	0.01165	0.03833	0.00920	0.00271	0.01049	0.00720	0.00366	0.00960
41	0.00942	0.00683	0.00891	0.01057	0.01119	0.00632	0.00710	0.01082	0.01506	0.01988	0.04551	0.67224	0.09970	0.02393	0.00984	0.00311	0.00445	0.02160	0.00720	0.00632
42	0.00974	0.00797	0.00910	0.01009	0.03500	0.00698	0.00686	0.01164	0.01690	0.02096	0.08659	0.22473	0.45721	0.04770	0.01046	0.00292	0.00439	0.01709	0.00703	0.00665
43	0.01840	0.01728	0.02502	0.02656	0.24449	0.03859	0.08434	0.04925	0.01794	0.02604	0.01441	0.01769	0.01181	0.00645	0.00690	0.00178	0.00812	0.00599	0.00438	0.37459
44	0.05064	0.14478	0.26951	0.01581	0.02421	0.01698	0.01720	0.02320	0.01636	0.06189	0.01416	0.01601	0.01092	0.00678	0.00629	0.00185	0.00836	0.00511	0.00418	0.28579
45	0.57613	0.01917	0.06598	0.01287	0.01803	0.06874	0.01131	0.07181	0.01582	0.03321	0.01170	0.01364	0.00907	0.00771	0.00627	0.00241	0.03758	0.00470	0.00479	0.00905
46	0.01988	0.26465	0.10517	0.01719	0.02313	0.02076	0.10072	0.02494	0.05467	0.10891	0.10872	0.02353	0.02105	0.00915	0.00855	0.00228	0.06391	0.00734	0.00521	0.01026
47	0.02033	0.01674	0.01750	0.01533	0.01979	0.04626	0.01208	0.10014	0.43271	0.06078	0.07719	0.03118	0.02579	0.01087	0.00794	0.00251	0.00657	0.03579	0.00762	0.05290

[dist]
# distance from previous block
# <min> <max>
0	2

[block]
# block no. 4 follows, 25 sequences, length 46
# corresponding to MSA columns:
# 250-295
name=unknown_E
#
# <colnr> <probs for GDERKNQSTAVLIFYWHMCP>
#	G	D	E	R	K	N	Q	S	T	A	V	L	I	F	Y	W	H	M	C	P
0	0.01048	0.00759	0.00992	0.01020	0.01162	0.00703	0.00744	0.01334	0.01936	0.02677	0.42394	0.26940	0.09007	0.01891	0.00945	0.00272	0.00408	0.04273	0.00800	0.00696
1	0.08028	0.01388	0.01569	0.01138	0.01809	0.01093	0.00912	0.01980	0.01584	0.02606	0.01353	0.01579	0.01123	0.00586	0.00566	0.00125	0.00576	0.00456	0.00461	0.71068
2	0.02165	0.08787	0.28491	0.01887	0.02723	0.05398	0.07202	0.06387	0.01908	0.15617	0.01726	0.01837	0.01227	0.00762	0.00719	0.00219	0.00960	0.00618	0.00506	0.10861
3	0.74862	0.04669	0.01269	0.01033	0.01521	0.01798	0.00861	0.02281	0.01331	0.03406	0.01080	0.01259	0.00847	0.00717	0.00481	0.00237	0.00610	0.00420	0.00473	0.00847
4	0.01270	0.00847	0.01048	0.01021	0.01260	0.00762	0.00796	0.01561	0.01960	0.08600	0.29600	0.10065	0.25957	0.01777	0.00929	0.00269	0.00456	0.10276	0.00792	0.00752
5	0.01031	0.00788	0.00932	0.00897	0.01101	0.00703	0.00665	0.01314	0.01981	0.02647	0.41780	0.06387	0.29862	0.05225	0.01064	0.00276	0.00395	0.01477	0.00784	0.00690
6	0.01718	0.01318	0.01570	0.01158	0.01790	0.01013	0.00921	0.02051	0.01680	0.08166	0.04459	0.04886	0.01646	0.00729	0.00624	0.00140	0.00567	0.00601	0.00530	0.64433
7	0.01110	0.00820	0.01193	0.01193	0.01313	0.00940	0.00902	0.01350	0.01230	0.01760	0.02126	0.03317	0.02056	0.14765	0.60890	0.01180	0.01900	0.00870	0.00423	0.00663
8	0.06028	0.05946	0.02127	0.01788	0.04198	0.36882	0.01361	0.03253	0.02128	0.26136	0.01871	0.01852	0.01333	0.00845	0.00712	0.00215	0.01057	0.00600	0.00602	0.01064
9	0.78228	0.01499	0.01140	0.01020	0.01499	0.01739	0.00840	0.02279	0.01320	0.03479	0.01080	0.01260	0.00840	0.00720	0.00480	0.00240	0.00600	0.00420	0.00480	0.00840
10	0.01586	0.01492	0.02266	0.36261	0.12909	0.03715	0.04929	0.02267	0.09987	0.02311	0.05132	0.05976	0.03682	0.00991	0.00812	0.00259	0.00901	0.03106	0.00476	0.00942
11	0.03252	0.01269	0.01727	0.01341	0.01901	0.01101	0.01101	0.03558	0.02217	0.62220	0.09205	0.02940	0.02434	0.01019	0.00793	0.00240	0.00632	0.00839	0.00950	0.01263
12	0.01057	0.00840	0.01244	0.01253	0.01408	0.00766	0.06120	0.01250	0.01534	0.02059	0.04043	0.59176	0.07479	0.02149	0.00955	0.00296	0.00526	0.01967	0.00677	0.05198
13	0.34451	0.01712	0.01998	0.13557	0.21497	0.06694	0.01568	0.02288	0.01573	0.02790	0.01389	0.01943	0.01165	0.00793	0.00655	0.00243	0.00827	0.03466	0.00435	0.00955
14	0.01445	0.00723	0.00723	0.00723	0.00903	0.00723	0.00542	0.01807	0.01626	0.02891	0.02529	0.02891	0.01987	0.00903	0.00542	0.00181	0.00361	0.00723	0.77055	0.00723
15	0.02896	0.03695	0.02197	0.01998	0.02397	0.69638	0.01498	0.03096	0.02197	0.01898	0.01199	0.01398	0.00999	0.00799	0.00699	0.00200	0.01398	0.00499	0.00400	0.00899
16	0.01570	0.03907	0.65264	0.02267	0.03394	0.01809	0.06230	0.02457	0.01647	0.02457	0.01401	0.01662	0.00993	0.00732	0.00746	0.00246	0.01155	0.00591	0.00331	0.01140
17	0.01909	0.01765	0.05375	0.01656	0.04084	0.04000	0.01321	0.11394	0.37901	0.03198	0.07905	0.03263	0.05113	0.01306	0.03477	0.00295	0.00742	0.03453	0.00721	0.01121
18	0.02079	0.01740	0.01838	0.01608	0.02074	0.01999	0.01264	0.13154	0.57234	0.03486	0.02965	0.02741	0.02212	0.01034	0.00787	0.00259	0.00649	0.00850	0.00787	0.01241
19	0.05148	0.01546	0.01736	0.01294	0.01944	0.01375	0.01044	0.13900	0.05943	0.05126	0.01616	0.01751	0.01265	0.00688	0.00627	0.00155	0.00632	0.00537	0.00555	0.53117
20	0.02150	0.01711	0.01840	0.01584	0.02034	0.01925	0.01246	0.24602	0.36754	0.03642	0.02858	0.11417	0.02363	0.01187	0.00810	0.00259	0.00674	0.00986	0.00776	0.01182
21	0.78228	0.01499	0.01140	0.01020	0.01499	0.01739	0.00840	0.02279	0.01320	0.03479	0.01080	0.01260	0.00840	0.00720	0.00480	0.00240	0.00600	0.00420	0.00480	0.00840
22	0.57940	0.01893	0.07163	0.01257	0.01806	0.05778	0.01117	0.07532	0.01625	0.06109	0.01259	0.01407	0.00945	0.00753	0.00551	0.00237	0.00717	0.00475	0.00506	0.00928
23	0.01674	0.06480	0.42253	0.02746	0.14490	0.01862	0.12248	0.02412	0.01691	0.02439	0.01505	0.01973	0.01170	0.00759	0.00769	0.00245	0.01103	0.02696	0.00360	0.01123
24	0.02216	0.03950	0.09020	0.01312	0.01857	0.01138	0.01179	0.02607	0.02040	0.29325	0.22603	0.03316	0.03353	0.01065	0.00778	0.00222	0.00616	0.00893	0.00765	0.11745
