[name]
unknown

[dist]
# distance from previous block
# <min> <max>
0	22

[block]
# block no. 0 follows, 25 sequences, length 23
# corresponding to MSA columns:
# 22-44
name=unknown_A
#
# <colnr> <probs for GDERKNQSTAVLIFYWHMCP>
#	G	D	E	R	K	N	Q	S	T	A	V	L	I	F	Y	W	H	M	C	P
0	0.02890	0.01232	0.01646	0.01316	0.01816	0.01100	0.01074	0.05793	0.02258	0.50070	0.16214	0.03471	0.03088	0.01129	0.00818	0.00245	0.00610	0.03133	0.00921	0.01178
1	0.02971	0.01322	0.01724	0.01341	0.01891	0.01182	0.01095	0.08496	0.02292	0.49369	0.11781	0.02938	0.02563	0.01017	0.00783	0.00231	0.00629	0.00837	0.00894	0.06644
2	0.02977	0.01340	0.01788	0.06259	0.02157	0.01257	0.01193	0.07794	0.04806	0.49503	0.09938	0.02900	0.02425	0.01017	0.00794	0.00242	0.00666	0.00840	0.00885	0.01219
3	0.01593	0.01483	0.02362	0.51958	0.13690	0.01768	0.02057	0.02334	0.10595	0.02234	0.01636	0.02161	0.01246	0.00802	0.00776	0.00255	0.00959	0.00715	0.00412	0.00964
4	0.01493	0.01370	0.02282	0.52772	0.12844	0.01623	0.02057	0.01980	0.01611	0.02099	0.01767	0.02975	0.01534	0.00954	0.00815	0.00268	0.00975	0.09293	0.00401	0.00888
5	0.01315	0.01168	0.01397	0.01317	0.01495	0.04347	0.00993	0.01511	0.01532	0.02110	0.06681	0.34149	0.07609	0.01740	0.01237	0.00275	0.15884	0.01427	0.00587	0.13227
6	0.01865	0.01787	0.03050	0.12568	0.60525	0.01828	0.02353	0.02333	0.01740	0.02468	0.01449	0.01937	0.01205	0.00701	0.00769	0.00234	0.00934	0.00691	0.00379	0.01185
7	0.01439	0.01344	0.02256	0.67461	0.05133	0.01669	0.02083	0.01937	0.01547	0.01981	0.01520	0.05512	0.01235	0.00856	0.00786	0.00261	0.01005	0.00763	0.00363	0.00850
8	0.01211	0.00822	0.01084	0.01023	0.01224	0.00760	0.00784	0.01573	0.02168	0.05889	0.60442	0.05854	0.06890	0.01595	0.00919	0.00251	0.00402	0.05502	0.00849	0.00756
9	0.02821	0.01245	0.01746	0.10955	0.02314	0.01154	0.01212	0.03156	0.02110	0.48963	0.11196	0.03102	0.04385	0.01043	0.00800	0.00244	0.00666	0.00871	0.00854	0.01162
10	0.03281	0.01309	0.01760	0.01363	0.01932	0.01152	0.01120	0.05697	0.02266	0.61371	0.07870	0.02850	0.02305	0.01006	0.00790	0.00240	0.00644	0.00824	0.00945	0.01275
11	0.07919	0.01952	0.02126	0.01652	0.02250	0.02115	0.01361	0.47141	0.06722	0.15722	0.02089	0.02014	0.01449	0.00929	0.00758	0.00236	0.00790	0.00704	0.00789	0.01282
12	0.01779	0.01993	0.04263	0.12650	0.04231	0.01928	0.56364	0.02414	0.01791	0.02414	0.01542	0.02088	0.01157	0.00670	0.00896	0.00261	0.01269	0.00884	0.00386	0.01020
13	0.01659	0.01573	0.05396	0.01288	0.01955	0.01214	0.01098	0.04276	0.01656	0.02565	0.01373	0.01624	0.01137	0.00647	0.00720	0.00141	0.05255	0.00489	0.00456	0.65477
14	0.67661	0.11451	0.01545	0.01062	0.01568	0.01924	0.00907	0.02285	0.01355	0.03249	0.01079	0.01257	0.00861	0.00712	0.00482	0.00230	0.00632	0.00419	0.00459	0.00861
15	0.01128	0.00752	0.00846	0.00846	0.00846	0.00752	0.00470	0.01128	0.01128	0.01503	0.02443	0.05074	0.02819	0.72751	0.03946	0.00752	0.00752	0.01128	0.00470	0.00470
16	0.00984	0.00714	0.00934	0.01067	0.01156	0.00663	0.00747	0.01171	0.01624	0.02167	0.13300	0.54002	0.09988	0.02259	0.00979	0.00304	0.00452	0.06101	0.00738	0.00651
17	0.08980	0.01953	0.02050	0.05042	0.06011	0.07633	0.01379	0.25398	0.11887	0.03467	0.01763	0.01883	0.01343	0.00852	0.00779	0.00220	0.03584	0.00640	0.00605	0.14532
18	0.00986	0.00698	0.00890	0.01019	0.01067	0.00659	0.00666	0.01104	0.01447	0.01927	0.06217	0.54234	0.06901	0.16488	0.01578	0.00398	0.00506	0.01941	0.00674	0.00602
19	0.02256	0.05548	0.02961	0.03579	0.40449	0.11297	0.04647	0.14695	0.02183	0.02867	0.01488	0.01812	0.01201	0.00749	0.00753	0.00225	0.00985	0.00662	0.00460	0.01182
20	0.02669	0.01858	0.02333	0.01769	0.02369	0.01926	0.07175	0.34679	0.02755	0.16067	0.01934	0.01981	0.01374	0.00887	0.00876	0.00227	0.05439	0.00697	0.00701	0.12283
21	0.05139	0.09532	0.02326	0.04999	0.04442	0.05106	0.01413	0.31382	0.14957	0.07287	0.01982	0.01997	0.01464	0.00886	0.00728	0.00227	0.00810	0.00679	0.00670	0.03974
22	0.01790	0.03683	0.04644	0.09234	0.02168	0.01463	0.01246	0.13552	0.12638	0.07700	0.11337	0.21218	0.03273	0.01401	0.00842	0.00263	0.00662	0.01209	0.00704	0.00975

[dist]
# distance from previous block
# <min> <max>
2	7

[block]
# block no. 1 follows, 25 sequences, length 62
# corresponding to MSA columns:
# 52-113
name=unknown_B
#
# <colnr> <probs for GDERKNQSTAVLIFYWHMCP>
#	G	D	E	R	K	N	Q	S	T	A	V	L	I	F	Y	W	H	M	C	P
0	0.10862	0.01526	0.01654	0.01385	0.01824	0.01630	0.01107	0.29008	0.05001	0.09059	0.06494	0.11016	0.10047	0.01481	0.04097	0.00298	0.00729	0.01012	0.00732	0.01040
1	0.32638	0.01898	0.02021	0.02110	0.15726	0.04753	0.01412	0.24606	0.02270	0.03714	0.01440	0.01616	0.01096	0.00791	0.00653	0.00234	0.00789	0.00578	0.00561	0.01092
2	0.01572	0.01523	0.02668	0.51499	0.13217	0.01738	0.09529	0.02091	0.01614	0.02134	0.01411	0.02032	0.01080	0.00742	0.00783	0.00249	0.01033	0.00707	0.00360	0.04018
3	0.01483	0.01397	0.02359	0.68158	0.07923	0.01728	0.02163	0.01997	0.01559	0.02004	0.01381	0.02061	0.01042	0.00772	0.00775	0.00257	0.01029	0.00689	0.00346	0.00876
4	0.01919	0.01842	0.03147	0.04759	0.67914	0.01842	0.02380	0.02380	0.01765	0.02533	0.01458	0.01919	0.01228	0.00691	0.00768	0.00230	0.00921	0.00691	0.00384	0.01228
5	0.01486	0.01400	0.02365	0.67715	0.08342	0.01728	0.02164	0.02000	0.01561	0.02008	0.01382	0.02060	0.01043	0.00771	0.00775	0.00257	0.01028	0.00689	0.00346	0.00879
6	0.01090	0.00792	0.01026	0.00967	0.01154	0.00728	0.00725	0.01448	0.02176	0.03066	0.64932	0.05864	0.09916	0.01601	0.00915	0.00245	0.00367	0.01412	0.00848	0.00728
7	0.02896	0.03695	0.02197	0.01998	0.02397	0.69638	0.01498	0.03096	0.02197	0.01898	0.01199	0.01398	0.00999	0.00799	0.00699	0.00200	0.01398	0.00499	0.00400	0.00899
8	0.01899	0.01822	0.03112	0.07619	0.65208	0.01837	0.02370	0.02362	0.01756	0.02509	0.01455	0.01925	0.01220	0.00694	0.00768	0.00231	0.00926	0.00691	0.00382	0.01212
9	0.02896	0.03695	0.02197	0.01998	0.02397	0.69638	0.01498	0.03096	0.02197	0.01898	0.01199	0.01398	0.00999	0.00799	0.00699	0.00200	0.01398	0.00499	0.00400	0.00899
10	0.01919	0.01842	0.03147	0.04759	0.67914	0.01842	0.02380	0.02380	0.01765	0.02533	0.01458	0.01919	0.01228	0.00691	0.00768	0.00230	0.00921	0.00691	0.00384	0.01228
11	0.01919	0.01842	0.03147	0.04759	0.67914	0.01842	0.02380	0.02380	0.01765	0.02533	0.01458	0.01919	0.01228	0.00691	0.00768	0.00230	0.00921	0.00691	0.00384	0.01228
12	0.01919	0.01842	0.03147	0.04759	0.67914	0.01842	0.02380	0.02380	0.01765	0.02533	0.01458	0.01919	0.01228	0.00691	0.00768	0.00230	0.00921	0.00691	0.00384	0.01228
13	0.02903	0.03484	0.02215	0.01968	0.02398	0.60311	0.01495	0.11729	0.02398	0.02312	0.01290	0.01463	0.01043	0.00817	0.00710	0.00204	0.01323	0.00527	0.00452	0.00957
14	0.01347	0.00673	0.01010	0.01010	0.01010	0.00673	0.00673	0.01010	0.01010	0.01347	0.01347	0.02357	0.01347	0.02694	0.03030	0.77441	0.00673	0.00673	0.00337	0.00337
15	0.02763	0.03409	0.02120	0.01928	0.02320	0.61026	0.01448	0.05247	0.04988	0.02065	0.01454	0.04877	0.01267	0.00893	0.00720	0.00209	0.01300	0.00604	0.00445	0.00915
16	0.01919	0.01842	0.03147	0.04759	0.67914	0.01842	0.02380	0.02380	0.01765	0.02533	0.01458	0.01919	0.01228	0.00691	0.00768	0.00230	0.00921	0.00691	0.00384	0.01228
17	0.01393	0.01238	0.01744	0.01581	0.01638	0.01621	0.01263	0.01587	0.01205	0.01799	0.01608	0.02622	0.01593	0.11088	0.30128	0.00755	0.35218	0.00790	0.00385	0.00743
18	0.02947	0.02172	0.02327	0.01784	0.02404	0.02404	0.01474	0.65329	0.03646	0.04887	0.01862	0.01862	0.01319	0.00931	0.00776	0.00233	0.00853	0.00698	0.00776	0.01319
19	0.02118	0.69439	0.03962	0.01363	0.02012	0.06685	0.01336	0.02364	0.01609	0.01828	0.01084	0.01252	0.00995	0.00671	0.00508	0.00168	0.00860	0.00419	0.00335	0.00990
20	0.00946	0.00787	0.00826	0.00816	0.01065	0.00667	0.00612	0.01170	0.01837	0.02260	0.17578	0.07190	0.57772	0.01902	0.00916	0.00259	0.00388	0.01598	0.00742	0.00667
21	0.02321	0.02697	0.03280	0.05465	0.03264	0.30467	0.31108	0.02825	0.04488	0.04343	0.01513	0.01847	0.01165	0.00745	0.00809	0.00235	0.01287	0.00724	0.00427	0.00992
22	0.02073	0.73217	0.04063	0.01327	0.01990	0.03068	0.01327	0.02322	0.01575	0.01824	0.01078	0.01244	0.00995	0.00663	0.00498	0.00166	0.00829	0.00415	0.00332	0.00995
23	0.01067	0.00791	0.00994	0.00944	0.01140	0.00719	0.00708	0.01405	0.02123	0.02940	0.57537	0.06071	0.17390	0.01648	0.00915	0.00247	0.00370	0.01441	0.00831	0.00719
24	0.01573	0.09425	0.60894	0.02095	0.03159	0.01856	0.02657	0.02391	0.01626	0.02386	0.01479	0.04372	0.01146	0.00797	0.00727	0.00242	0.01093	0.00624	0.00343	0.01114
25	0.01747	0.25734	0.43139	0.02130	0.07980	0.02205	0.02340	0.02407	0.01628	0.02262	0.01298	0.01535	0.01006	0.00710	0.00663	0.00219	0.01028	0.00532	0.00333	0.01105
26	0.01126	0.00758	0.00877	0.00877	0.00888	0.00769	0.00509	0.01148	0.01137	0.01527	0.02414	0.04915	0.02750	0.67508	0.09095	0.00790	0.00855	0.01104	0.00466	0.00487
27	0.00945	0.00675	0.00900	0.01080	0.01125	0.00630	0.00720	0.01080	0.01484	0.01979	0.04274	0.72245	0.05128	0.02429	0.00990	0.00315	0.00450	0.02204	0.00720	0.00630
28	0.01782	0.32575	0.39037	0.01892	0.02822	0.02333	0.05062	0.02401	0.01620	0.02195	0.01270	0.01495	0.00996	0.00703	0.00646	0.00213	0.01022	0.00523	0.00332	0.01079
29	0.02073	0.73217	0.04063	0.01327	0.01990	0.03068	0.01327	0.02322	0.01575	0.01824	0.01078	0.01244	0.00995	0.00663	0.00498	0.00166	0.00829	0.00415	0.00332	0.00995
30	0.01078	0.00792	0.01010	0.00956	0.01147	0.00724	0.00717	0.01426	0.02150	0.03003	0.61248	0.05967	0.13640	0.01625	0.00915	0.00246	0.00369	0.01427	0.00840	0.00724
31	0.01464	0.01378	0.02326	0.70887	0.05340	0.01723	0.02153	0.01981	0.01550	0.01981	0.01378	0.02067	0.01034	0.00775	0.00775	0.00258	0.01034	0.00689	0.00345	0.00861
32	0.01323	0.01189	0.01642	0.01561	0.01583	0.01508	0.01211	0.01475	0.01335	0.01922	0.02635	0.36739	0.03059	0.01890	0.01772	0.00327	0.36124	0.01436	0.00528	0.00740
33	0.01809	0.02242	0.09600	0.03185	0.03998	0.01948	0.60224	0.02481	0.01815	0.02481	0.01555	0.02056	0.01161	0.00660	0.00901	0.00260	0.01295	0.00888	0.00387	0.01054
34	0.01587	0.03788	0.61276	0.02333	0.03437	0.01819	0.10099	0.02459	0.01659	0.02459	0.01412	0.01690	0.01005	0.00727	0.00757	0.00247	0.01165	0.00613	0.00335	0.01134
35	0.01483	0.01398	0.02360	0.68092	0.07985	0.01728	0.02163	0.01998	0.01559	0.02004	0.01382	0.02061	0.01042	0.00772	0.00775	0.00257	0.01029	0.00689	0.00346	0.00877
36	0.02656	0.01503	0.01775	0.01485	0.01999	0.01558	0.01186	0.03960	0.36345	0.33840	0.03110	0.02774	0.02157	0.01009	0.00785	0.00252	0.00635	0.00831	0.00869	0.01271
37	0.02064	0.01635	0.01757	0.01561	0.02013	0.01860	0.01220	0.04090	0.60909	0.08927	0.03147	0.02871	0.02328	0.01044	0.00788	0.00261	0.00618	0.00868	0.00804	0.01235
38	0.78228	0.01499	0.01140	0.01020	0.01499	0.01739	0.00840	0.02279	0.01320	0.03479	0.01080	0.01260	0.00840	0.00720	0.00480	0.00240	0.00600	0.00420	0.00480	0.00840
39	0.78228	0.01499	0.01140	0.01020	0.01499	0.01739	0.00840	0.02279	0.01320	0.03479	0.01080	0.01260	0.00840	0.00720	0.00480	0.00240	0.00600	0.00420	0.00480	0.00840
40	0.00945	0.00675	0.00900	0.01080	0.01125	0.00630	0.00720	0.01080	0.01484	0.01979	0.04274	0.72245	0.05128	0.02429	0.00990	0.00315	0.00450	0.02204	0.00720	0.00630
41	0.00950	0.00727	0.00872	0.00961	0.01100	0.00649	0.00673	0.01131	0.01661	0.02137	0.12056	0.41684	0.28267	0.02172	0.00955	0.00288	0.00420	0.01914	0.00734	0.00649
42	0.03023	0.01875	0.02111	0.01626	0.02221	0.01986	0.01341	0.45786	0.03168	0.21991	0.02216	0.02119	0.01512	0.00937	0.00766	0.00232	0.00778	0.00721	0.04299	0.01292
43	0.01653	0.17131	0.56473	0.02043	0.03097	0.02041	0.02573	0.02430	0.01625	0.02336	0.01332	0.01562	0.00985	0.00723	0.00691	0.00230	0.01086	0.00543	0.00328	0.01117
44	0.01897	0.01820	0.03107	0.07991	0.64856	0.01836	0.02369	0.02360	0.01755	0.02506	0.01455	0.01926	0.01219	0.00695	0.00768	0.00232	0.00927	0.00691	0.00382	0.01210
45	0.02149	0.01622	0.01826	0.01405	0.02021	0.01548	0.01131	0.17895	0.14746	0.08680	0.01979	0.02004	0.01490	0.00785	0.00682	0.00182	0.00657	0.00625	0.00641	0.37931
46	0.02118	0.69439	0.03962	0.01363	0.02012	0.06685	0.01336	0.02364	0.01609	0.01828	0.01084	0.01252	0.00995	0.00671	0.00508	0.00168	0.00860	0.00419	0.00335	0.00990
47	0.02036	0.54247	0.16556	0.01552	0.02289	0.08034	0.01641	0.02409	0.01636	0.01953	0.01149	0.01333	0.00993	0.00688	0.00560	0.00184	0.00936	0.00452	0.00336	0.01017
48	0.05828	0.02162	0.02190	0.01725	0.02309	0.07432	0.01408	0.49083	0.07631	0.09468	0.01962	0.01934	0.01394	0.00923	0.00760	0.00233	0.00854	0.00691	0.00751	0.01262
49	0.00945	0.00675	0.00900	0.01080	0.01125	0.00630	0.00720	0.01080	0.01484	0.01979	0.04274	0.72245	0.05128	0.02429	0.00990	0.00315	0.00450	0.02204	0.00720	0.00630
50	0.01128	0.00752	0.00846	0.00846	0.00846	0.00752	0.00470	0.01128	0.01128	0.01503	0.02443	0.05074	0.02819	0.72751	0.03946	0.00752	0.00752	0.01128	0.00470	0.00470
51	0.01127	0.00755	0.00862	0.00862	0.00868	0.00761	0.00490	0.01138	0.01132	0.01515	0.02428	0.04992	0.02783	0.70033	0.06616	0.00772	0.00806	0.01116	0.00468	0.00479
52	0.01037	0.00731	0.00970	0.01027	0.01135	0.00680	0.00723	0.01258	0.01799	0.02485	0.34177	0.37252	0.05983	0.02041	0.01054	0.04050	0.00421	0.01748	0.00765	0.00664
53	0.02073	0.73217	0.04063	0.01327	0.01990	0.03068	0.01327	0.02322	0.01575	0.01824	0.01078	0.01244	0.00995	0.00663	0.00498	0.00166	0.00829	0.00415	0.00332	0.00995
54	0.01511	0.01108	0.01276	0.01201	0.01491	0.01140	0.00908	0.02424	0.23864	0.07912	0.19935	0.16693	0.14274	0.01565	0.00875	0.00266	0.00492	0.01355	0.00795	0.00916
55	0.72215	0.01490	0.01232	0.06492	0.01800	0.01738	0.00943	0.02256	0.01338	0.03361	0.01103	0.01323	0.00855	0.00724	0.00503	0.00241	0.00634	0.00441	0.00469	0.00841
56	0.01904	0.12835	0.17663	0.02484	0.03289	0.04606	0.32574	0.02561	0.04072	0.04890	0.01550	0.01873	0.01171	0.00700	0.00783	0.00234	0.01124	0.00727	0.00409	0.04552
57	0.01816	0.01636	0.02512	0.02247	0.13151	0.01471	0.14782	0.02459	0.09297	0.05153	0.01705	0.01951	0.01340	0.00681	0.00711	0.00187	0.00794	0.00655	0.00491	0.36962
58	0.01867	0.08223	0.22848	0.05718	0.23467	0.04866	0.11575	0.05128	0.01807	0.02499	0.01425	0.01776	0.01112	0.00711	0.00749	0.00230	0.01047	0.00650	0.00383	0.03918
59	0.01990	0.07644	0.09233	0.07011	0.43419	0.01995	0.02181	0.09475	0.04731	0.02737	0.01537	0.01882	0.01236	0.00740	0.00746	0.00230	0.00920	0.00667	0.00434	0.01194
60	0.01909	0.10590	0.05696	0.01765	0.10461	0.01520	0.01309	0.02538	0.10816	0.12233	0.14010	0.02757	0.02575	0.01123	0.03428	0.00250	0.00721	0.00782	0.00616	0.14899
61	0.01566	0.05507	0.35378	0.01901	0.05321	0.01540	0.04172	0.02171	0.01710	0.05275	0.07977	0.05167	0.08629	0.01010	0.00833	0.00239	0.03457	0.00828	0.00470	0.06850

[dist]
# distance from previous block
# <min> <max>
0	12

[block]
# block no. 2 follows, 25 sequences, length 43
# corresponding to MSA columns:
# 126-168
name=unknown_C
#
# <colnr> <probs for GDERKNQSTAVLIFYWHMCP>
#	G	D	E	R	K	N	Q	S	T	A	V	L	I	F	Y	W	H	M	C	P
0	0.07210	0.01940	0.06736	0.05660	0.40044	0.05613	0.04756	0.02459	0.04507	0.05065	0.07032	0.02228	0.01744	0.00802	0.00762	0.00235	0.00892	0.00734	0.00464	0.01120
1	0.07718	0.01738	0.06593	0.29029	0.30141	0.01726	0.02094	0.02194	0.01629	0.02394	0.01388	0.01883	0.01103	0.00719	0.00731	0.00234	0.00926	0.00644	0.00379	0.06736
2	0.01886	0.07104	0.03048	0.10870	0.52744	0.01927	0.02208	0.02443	0.05708	0.02469	0.01526	0.01943	0.01261	0.00719	0.00750	0.00230	0.00907	0.00681	0.00401	0.01174
3	0.43785	0.04596	0.01785	0.11300	0.11044	0.01785	0.01297	0.02482	0.06335	0.07047	0.01448	0.01666	0.01106	0.00761	0.00602	0.00240	0.00718	0.00550	0.00494	0.00960
4	0.07592	0.01760	0.02814	0.15148	0.48788	0.01849	0.02174	0.06069	0.01809	0.02654	0.01441	0.01891	0.01173	0.00721	0.00748	0.00236	0.00912	0.00671	0.00408	0.01144
5	0.04797	0.04036	0.02231	0.07693	0.15174	0.04536	0.01532	0.19307	0.06507	0.10209	0.05345	0.02478	0.05450	0.00958	0.00833	0.00236	0.03639	0.00769	0.00619	0.03652
6	0.02653	0.02101	0.02621	0.01997	0.02623	0.02279	0.11607	0.48316	0.10521	0.04316	0.01962	0.02016	0.01415	0.00900	0.00799	0.00241	0.00898	0.00753	0.00716	0.01265
7	0.01579	0.01470	0.02485	0.50407	0.21639	0.01708	0.02148	0.02044	0.01583	0.02099	0.01398	0.02041	0.01099	0.00837	0.00872	0.03625	0.00988	0.00689	0.00355	0.00935
8	0.01608	0.01378	0.01608	0.01148	0.01837	0.01034	0.00919	0.01952	0.01608	0.02527	0.01378	0.01608	0.01148	0.00574	0.00574	0.00115	0.00574	0.00459	0.00459	0.77491
9	0.00945	0.00675	0.00900	0.01080	0.01125	0.00630	0.00720	0.01080	0.01484	0.01979	0.04274	0.72245	0.05128	0.02429	0.00990	0.00315	0.00450	0.02204	0.00720	0.00630
10	0.01539	0.01455	0.02461	0.59973	0.15668	0.01742	0.02191	0.02047	0.01586	0.02072	0.01391	0.02043	0.01066	0.00761	0.00774	0.00254	0.01015	0.00689	0.00351	0.00922
11	0.01133	0.00826	0.00897	0.00857	0.01133	0.00702	0.00650	0.01361	0.01862	0.07184	0.16024	0.06864	0.54088	0.01835	0.00906	0.00258	0.00409	0.01539	0.00757	0.00715
12	0.02073	0.73217	0.04063	0.01327	0.01990	0.03068	0.01327	0.02322	0.01575	0.01824	0.01078	0.01244	0.00995	0.00663	0.00498	0.00166	0.00829	0.00415	0.00332	0.00995
13	0.00945	0.00675	0.00900	0.01080	0.01125	0.00630	0.00720	0.01080	0.01484	0.01979	0.04274	0.72245	0.05128	0.02429	0.00990	0.00315	0.00450	0.02204	0.00720	0.00630
14	0.00916	0.00785	0.00785	0.00785	0.01047	0.00655	0.00589	0.01113	0.01767	0.02095	0.07855	0.07462	0.67599	0.01964	0.00916	0.00262	0.00393	0.01636	0.00720	0.00655
15	0.00945	0.00675	0.00900	0.01080	0.01125	0.00630	0.00720	0.01080	0.01484	0.01979	0.04274	0.72245	0.05128	0.02429	0.00990	0.00315	0.00450	0.02204	0.00720	0.00630
16	0.01806	0.02030	0.04361	0.08355	0.06250	0.01939	0.58344	0.02443	0.01807	0.02448	0.01551	0.02084	0.01168	0.00664	0.00900	0.00260	0.01274	0.00891	0.00388	0.01038
17	0.04666	0.01544	0.02026	0.06263	0.02159	0.01788	0.01393	0.01923	0.01379	0.02193	0.01184	0.01670	0.01062	0.00990	0.01583	0.00243	0.36482	0.00584	0.00392	0.30476
18	0.02111	0.64829	0.03814	0.01381	0.02015	0.06821	0.01330	0.02477	0.05601	0.01916	0.01213	0.01354	0.01080	0.00695	0.00527	0.00174	0.00849	0.00448	0.00364	0.01004
19	0.02947	0.02172	0.02327	0.01784	0.02404	0.02404	0.01474	0.65329	0.03646	0.04887	0.01862	0.01862	0.01319	0.00931	0.00776	0.00233	0.00853	0.00698	0.00776	0.01319
20	0.01424	0.01310	0.01696	0.06945	0.07216	0.05567	0.01290	0.01637	0.01474	0.02022	0.02612	0.33424	0.02917	0.01688	0.01377	0.00299	0.21420	0.01356	0.03545	0.00780
21	0.01027	0.00790	0.00939	0.00902	0.01115	0.00702	0.00676	0.01327	0.02028	0.02714	0.44284	0.06442	0.30783	0.01732	0.00915	0.00251	0.00376	0.01493	0.00802	0.00702
22	0.01863	0.01370	0.01634	0.01180	0.01857	0.01048	0.00949	0.02202	0.01691	0.11528	0.01608	0.01749	0.01254	0.00627	0.00602	0.00132	0.00586	0.00503	0.00528	0.67090
23	0.02066	0.01399	0.01679	0.01225	0.01892	0.01114	0.00989	0.04994	0.01824	0.16800	0.01760	0.01840	0.01321	0.00672	0.00627	0.00147	0.00604	0.00538	0.00580	0.57929
24	0.01633	0.01344	0.01570	0.01137	0.01800	0.01017	0.00908	0.01968	0.01637	0.04700	0.01784	0.01958	0.04760	0.00662	0.00600	0.00127	0.00567	0.00534	0.00490	0.70806
25	0.01879	0.01800	0.03054	0.04602	0.65263	0.01795	0.02309	0.02329	0.01766	0.02516	0.01712	0.02139	0.03859	0.00741	0.00774	0.00232	0.00900	0.00728	0.00397	0.01205
26	0.02177	0.64473	0.03828	0.01411	0.02041	0.11441	0.01348	0.02419	0.01654	0.01833	0.01093	0.01263	0.00995	0.00680	0.00523	0.00170	0.00901	0.00425	0.00340	0.00983
27	0.01030	0.00790	0.00943	0.00905	0.01117	0.00703	0.00679	0.01333	0.02036	0.02733	0.45374	0.06411	0.29682	0.01726	0.00915	0.00251	0.00376	0.01489	0.00804	0.00703
28	0.00992	0.00723	0.00941	0.01104	0.01168	0.00693	0.00744	0.01227	0.04626	0.02040	0.04220	0.68894	0.04995	0.02363	0.00980	0.00312	0.00458	0.02140	0.00723	0.00659
29	0.03411	0.01429	0.01867	0.01431	0.02034	0.01302	0.01183	0.11686	0.02402	0.60285	0.02905	0.02539	0.01842	0.00956	0.00779	0.00239	0.00685	0.00769	0.00936	0.01319
30	0.04552	0.01181	0.01640	0.01507	0.01597	0.01518	0.01203	0.01586	0.01218	0.01874	0.01661	0.02607	0.01608	0.08751	0.36616	0.00825	0.28146	0.00777	0.00393	0.00741
31	0.01830	0.02092	0.04575	0.03268	0.04052	0.01961	0.65098	0.02484	0.01830	0.02484	0.01569	0.02092	0.01176	0.00654	0.00915	0.00261	0.01307	0.00915	0.00392	0.01046
32	0.01788	0.01959	0.04082	0.13197	0.11789	0.01912	0.48604	0.02399	0.01782	0.02417	0.01528	0.02068	0.01162	0.00676	0.00877	0.00257	0.01222	0.00856	0.00384	0.01041
33	0.01602	0.01378	0.01638	0.04060	0.01984	0.01062	0.00970	0.01954	0.01605	0.02504	0.01378	0.01627	0.01144	0.00583	0.00583	0.00121	0.00593	0.00469	0.00455	0.74291
34	0.02896	0.03695	0.02197	0.01998	0.02397	0.69638	0.01498	0.03096	0.02197	0.01898	0.01199	0.01398	0.00999	0.00799	0.00699	0.00200	0.01398	0.00499	0.00400	0.00899
35	0.03479	0.01320	0.01799	0.01380	0.01979	0.01140	0.01140	0.03779	0.02219	0.68451	0.03059	0.02639	0.01919	0.00960	0.00780	0.00240	0.00660	0.00780	0.00960	0.01320
36	0.01919	0.01842	0.03147	0.04759	0.67914	0.01842	0.02380	0.02380	0.01765	0.02533	0.01458	0.01919	0.01228	0.00691	0.00768	0.00230	0.00921	0.00691	0.00384	0.01228
37	0.01919	0.01842	0.03147	0.04759	0.67914	0.01842	0.02380	0.02380	0.01765	0.02533	0.01458	0.01919	0.01228	0.00691	0.00768	0.00230	0.00921	0.00691	0.00384	0.01228
38	0.01074	0.01126	0.08064	0.01355	0.01575	0.00852	0.05921	0.01329	0.01535	0.02070	0.03882	0.57646	0.06329	0.02105	0.00956	0.00302	0.00585	0.01921	0.00655	0.00715
39	0.01464	0.01378	0.02326	0.70887	0.05340	0.01723	0.02153	0.01981	0.01550	0.01981	0.01378	0.02067	0.01034	0.00775	0.00775	0.00258	0.01034	0.00689	0.00345	0.00861
40	0.05607	0.01385	0.02262	0.67117	0.05133	0.01724	0.02082	0.01997	0.01538	0.02062	0.01362	0.02024	0.01023	0.00772	0.00759	0.00257	0.01010	0.00675	0.00352	0.00860
41	0.01273	0.01049	0.01319	0.01512	0.10630	0.00999	0.00998	0.03256	0.01805	0.04567	0.05950	0.06148	0.45464	0.01702	0.00987	0.00268	0.04343	0.06275	0.00662	0.00792
42	0.03196	0.01660	0.05747	0.01517	0.02145	0.01465	0.01309	0.16049	0.05220	0.49138	0.02727	0.02437	0.01764	0.00945	0.00777	0.00240	0.00724	0.00756	0.00879	0.01305

[dist]
# distance from previous block
# <min> <max>
0	4

[block]
# block no. 3 follows, 25 sequences, length 16
# corresponding to MSA columns:
# 173-188
name=unknown_D
#
# <colnr> <probs for GDERKNQSTAVLIFYWHMCP>
#	G	D	E	R	K	N	Q	S	T	A	V	L	I	F	Y	W	H	M	C	P
0	0.01858	0.01911	0.03606	0.06268	0.38198	0.01913	0.25673	0.02375	0.01749	0.02457	0.01471	0.01975	0.01190	0.00719	0.00926	0.00249	0.05179	0.00774	0.00383	0.01126
1	0.01044	0.00819	0.01264	0.01303	0.01425	0.00769	0.06803	0.01239	0.01533	0.02044	0.04010	0.62362	0.04722	0.02247	0.00987	0.00312	0.00544	0.05210	0.00689	0.00673
2	0.11524	0.01324	0.01649	0.01320	0.01852	0.01246	0.01076	0.03425	0.08436	0.48574	0.08908	0.02805	0.02349	0.01001	0.00760	0.00243	0.00621	0.00807	0.00879	0.01201
3	0.03140	0.08467	0.02042	0.01416	0.02005	0.01479	0.01184	0.06636	0.09469	0.51495	0.02817	0.02493	0.01850	0.00940	0.00753	0.00235	0.00681	0.00751	0.00870	0.01277
4	0.01687	0.01529	0.02530	0.05962	0.45765	0.01539	0.02005	0.02107	0.01750	0.02434	0.02263	0.07041	0.02230	0.01146	0.00856	0.00267	0.00850	0.16500	0.00482	0.01057
5	0.73306	0.01522	0.01269	0.01261	0.05783	0.01746	0.00939	0.02286	0.01348	0.03418	0.01104	0.01302	0.00865	0.00718	0.00498	0.00239	0.00621	0.00437	0.00474	0.00865
6	0.01250	0.00981	0.01363	0.03874	0.08899	0.00967	0.01024	0.01727	0.06185	0.02867	0.44417	0.11445	0.05742	0.01530	0.00900	0.00257	0.00493	0.04508	0.00759	0.00813
7	0.01174	0.00881	0.01335	0.01247	0.01441	0.00817	0.06794	0.01468	0.01865	0.04533	0.32999	0.33069	0.05664	0.01831	0.00942	0.00275	0.00498	0.01672	0.00757	0.00736
8	0.01604	0.01344	0.01517	0.01217	0.01747	0.01196	0.00952	0.05871	0.13576	0.02695	0.02733	0.09162	0.09242	0.01013	0.00703	0.00184	0.00566	0.00846	0.00592	0.43241
9	0.01505	0.01458	0.02579	0.63268	0.05195	0.01749	0.09245	0.02038	0.01582	0.02038	0.01400	0.02070	0.01050	0.00761	0.00791	0.00259	0.01064	0.00715	0.00350	0.00882
10	0.01812	0.01567	0.02435	0.45593	0.16046	0.01815	0.02042	0.09876	0.04308	0.04743	0.01575	0.02066	0.01184	0.00796	0.00775	0.00250	0.00963	0.00701	0.00442	0.01012
11	0.01772	0.02191	0.10887	0.05797	0.11953	0.01880	0.46455	0.02407	0.01781	0.02453	0.01611	0.04139	0.01277	0.00725	0.00875	0.00257	0.01206	0.00882	0.00392	0.01060
12	0.01791	0.01712	0.02916	0.23377	0.50297	0.01809	0.02316	0.02267	0.01705	0.02378	0.01436	0.01961	0.01173	0.00715	0.00770	0.00238	0.00953	0.00690	0.00373	0.01125
13	0.01501	0.01251	0.02112	0.13619	0.04852	0.01218	0.13976	0.01882	0.01725	0.06581	0.09896	0.22489	0.03127	0.01348	0.00871	0.00261	0.00764	0.03556	0.00583	0.08388
14	0.01032	0.00814	0.01261	0.01295	0.01412	0.00761	0.07048	0.01218	0.01518	0.02029	0.04008	0.65349	0.04740	0.02255	0.00982	0.00310	0.00534	0.02077	0.00688	0.00671
15	0.05901	0.01335	0.02284	0.04288	0.16042	0.01296	0.15669	0.01799	0.01619	0.02318	0.02694	0.32834	0.02900	0.01446	0.00875	0.00272	0.00773	0.01382	0.00541	0.03731

[dist]
# distance from previous block
# <min> <max>
5	14

[block]
# block no. 4 follows, 25 sequences, length 19
# corresponding to MSA columns:
# 203-221
name=unknown_E
#
# <colnr> <probs for GDERKNQSTAVLIFYWHMCP>
#	G	D	E	R	K	N	Q	S	T	A	V	L	I	F	Y	W	H	M	C	P
0	0.01741	0.01866	0.11220	0.03193	0.34188	0.01572	0.06150	0.02224	0.01829	0.05844	0.14600	0.04970	0.02543	0.00965	0.00877	0.00244	0.03503	0.00883	0.00507	0.01078
1	0.02039	0.01494	0.01684	0.01366	0.01912	0.01462	0.01085	0.07152	0.27141	0.12252	0.02771	0.02661	0.06165	0.00931	0.00723	0.00208	0.00608	0.00761	0.00697	0.26889
2	0.08617	0.05045	0.29805	0.01567	0.02200	0.01429	0.01692	0.02090	0.06191	0.02567	0.11535	0.15555	0.06124	0.01247	0.00787	0.00257	0.00770	0.01044	0.00540	0.00939
3	0.02724	0.01432	0.01896	0.01647	0.06546	0.01369	0.01243	0.06348	0.05034	0.39140	0.02721	0.02582	0.05038	0.00982	0.00925	0.00234	0.07320	0.00766	0.00765	0.11288
4	0.02719	0.07668	0.02260	0.01837	0.02283	0.44063	0.01427	0.18080	0.02460	0.02627	0.01567	0.06448	0.01365	0.00936	0.00725	0.00214	0.01162	0.00661	0.00509	0.00989
5	0.02435	0.07493	0.02256	0.02194	0.11961	0.43844	0.01492	0.02697	0.01972	0.02075	0.01416	0.01722	0.01192	0.01134	0.05498	0.00273	0.01239	0.00567	0.07617	0.00923
6	0.02402	0.22824	0.02560	0.01637	0.02106	0.38949	0.01314	0.02614	0.01882	0.01905	0.01280	0.01667	0.01156	0.06458	0.00889	0.00226	0.01109	0.00522	0.00392	0.08109
7	0.01608	0.01378	0.01608	0.01148	0.01837	0.01034	0.00919	0.01952	0.01608	0.02527	0.01378	0.01608	0.01148	0.00574	0.00574	0.00115	0.00574	0.00459	0.00459	0.77491
8	0.04689	0.27090	0.13885	0.02096	0.08535	0.12915	0.07693	0.06688	0.01885	0.05793	0.01384	0.01587	0.01096	0.00733	0.00664	0.00210	0.01009	0.00564	0.00419	0.01064
9	0.01531	0.01469	0.02553	0.60157	0.11151	0.01750	0.06362	0.02052	0.01589	0.02067	0.01398	0.02055	0.01061	0.00759	0.00784	0.00256	0.01041	0.00704	0.00351	0.00908
10	0.13117	0.18437	0.15606	0.01486	0.02197	0.05047	0.01469	0.05722	0.05046	0.05117	0.01440	0.01588	0.01129	0.00716	0.00611	0.00193	0.00808	0.00514	0.00456	0.19300
11	0.01119	0.00784	0.01011	0.01011	0.01068	0.00841	0.00676	0.01233	0.01176	0.01626	0.02292	0.04238	0.02456	0.45171	0.31030	0.00955	0.01298	0.01005	0.00447	0.00561
12	0.01108	0.00831	0.01246	0.01246	0.01385	0.00969	0.00969	0.01385	0.01246	0.01800	0.02077	0.03046	0.01938	0.05815	0.69678	0.01246	0.02077	0.00831	0.00415	0.00692
13	0.02152	0.66718	0.03898	0.01377	0.02028	0.05597	0.01341	0.05740	0.01711	0.01992	0.01125	0.01283	0.01013	0.00683	0.00520	0.00171	0.00852	0.00433	0.00358	0.01009
14	0.00969	0.00743	0.00896	0.01006	0.01151	0.00670	0.00731	0.01154	0.01629	0.02064	0.05647	0.39650	0.29347	0.02215	0.00971	0.00299	0.00458	0.09033	0.00719	0.00649
15	0.01347	0.00673	0.01010	0.01010	0.01010	0.00673	0.00673	0.01010	0.01010	0.01347	0.01347	0.02357	0.01347	0.02694	0.03030	0.77441	0.00673	0.00673	0.00337	0.00337
16	0.44929	0.01987	0.09720	0.01393	0.01998	0.01911	0.01276	0.20086	0.02046	0.06188	0.01412	0.01527	0.01032	0.00790	0.00606	0.00239	0.00740	0.00530	0.00562	0.01030
17	0.05257	0.12589	0.09733	0.02373	0.03105	0.01909	0.33371	0.02651	0.01816	0.14776	0.01816	0.04001	0.01370	0.00774	0.00795	0.00242	0.01046	0.00800	0.00497	0.01079
18	0.21166	0.05620	0.26679	0.02064	0.06193	0.06608	0.09587	0.02606	0.07737	0.02732	0.01478	0.01697	0.01115	0.00751	0.00688	0.00240	0.00970	0.00599	0.00426	0.01045

[dist]
# distance from previous block
# <min> <max>
0	3

[block]
# block no. 5 follows, 25 sequences, length 79
# corresponding to MSA columns:
# 225-303
name=unknown_F
#
# <colnr> <probs for GDERKNQSTAVLIFYWHMCP>
#	G	D	E	R	K	N	Q	S	T	A	V	L	I	F	Y	W	H	M	C	P
0	0.10782	0.01935	0.08528	0.01554	0.02154	0.01819	0.01364	0.22114	0.17651	0.10716	0.04901	0.02243	0.01783	0.00914	0.00729	0.00232	0.00729	0.00713	0.00694	0.08445
1	0.01904	0.01598	0.02453	0.03223	0.38965	0.01515	0.01781	0.02390	0.04528	0.07749	0.04364	0.02466	0.01725	0.00814	0.00748	0.00214	0.00777	0.04017	0.00499	0.18271
2	0.01845	0.26753	0.20672	0.01657	0.02387	0.04341	0.04598	0.07069	0.01817	0.02429	0.05176	0.05559	0.01620	0.00843	0.00669	0.00204	0.00880	0.00662	0.00435	0.10383
3	0.02099	0.01679	0.01826	0.01538	0.02025	0.01825	0.01225	0.22030	0.32090	0.03566	0.05454	0.05435	0.02310	0.01077	0.00784	0.00241	0.00668	0.03223	0.00743	0.10162
4	0.15749	0.01603	0.06989	0.04122	0.02158	0.01373	0.01280	0.06206	0.02063	0.46836	0.02475	0.02271	0.01602	0.00893	0.00726	0.00241	0.00711	0.00696	0.00797	0.01208
5	0.02013	0.65136	0.11615	0.01430	0.02150	0.02920	0.01506	0.02337	0.01583	0.01898	0.01115	0.01290	0.00994	0.00672	0.00525	0.00175	0.00866	0.00433	0.00331	0.01013
6	0.04659	0.01340	0.01580	0.01190	0.01786	0.01095	0.00947	0.01993	0.01601	0.06039	0.01662	0.07050	0.01476	0.00777	0.00700	0.00152	0.03697	0.00618	0.00502	0.61137
7	0.01264	0.00719	0.01041	0.01041	0.01072	0.00750	0.00712	0.01110	0.01079	0.01469	0.01658	0.02877	0.01678	0.12828	0.18093	0.50035	0.00999	0.00770	0.00372	0.00434
8	0.01109	0.00824	0.01210	0.01210	0.01336	0.00950	0.00924	0.01361	0.01235	0.01773	0.02110	0.03230	0.02018	0.11872	0.63730	0.01201	0.01957	0.00858	0.00420	0.00672
9	0.00951	0.00680	0.00905	0.01075	0.01126	0.00634	0.00720	0.01096	0.01514	0.02027	0.06916	0.69468	0.05220	0.02394	0.00987	0.00312	0.00446	0.02171	0.00725	0.00634
10	0.01660	0.02961	0.35454	0.02665	0.03593	0.01828	0.32306	0.02411	0.01722	0.02449	0.01596	0.04803	0.01248	0.00768	0.00832	0.00256	0.01193	0.00803	0.00375	0.01077
11	0.01830	0.02092	0.04575	0.03268	0.04052	0.01961	0.65098	0.02484	0.01830	0.02484	0.01569	0.02092	0.01176	0.00654	0.00915	0.00261	0.01307	0.00915	0.00392	0.01046
12	0.01929	0.01666	0.01753	0.01578	0.02016	0.01929	0.01227	0.04120	0.66513	0.03243	0.03156	0.02893	0.02367	0.01052	0.00789	0.00263	0.00614	0.00877	0.00789	0.01227
13	0.40907	0.01649	0.02090	0.05377	0.31572	0.01785	0.01584	0.02313	0.01529	0.02995	0.01262	0.01588	0.01022	0.00709	0.00621	0.00236	0.00761	0.00552	0.00431	0.01016
14	0.01919	0.01842	0.03147	0.04759	0.67914	0.01842	0.02380	0.02380	0.01765	0.02533	0.01458	0.01919	0.01228	0.00691	0.00768	0.00230	0.00921	0.00691	0.00384	0.01228
15	0.01887	0.01895	0.05808	0.07150	0.54770	0.01819	0.05060	0.04444	0.01818	0.02574	0.01582	0.02208	0.01347	0.00764	0.00786	0.00239	0.00941	0.03317	0.00407	0.01182
16	0.01206	0.01007	0.01501	0.11158	0.02064	0.00957	0.05649	0.01480	0.01571	0.02161	0.05835	0.41887	0.03649	0.01702	0.00877	0.00265	0.00614	0.01553	0.00602	0.14262
17	0.01090	0.00792	0.01026	0.00968	0.01154	0.00728	0.00726	0.01449	0.02177	0.03067	0.65014	0.05862	0.09834	0.01601	0.00915	0.00245	0.00367	0.01412	0.00848	0.00728
18	0.01946	0.01899	0.03043	0.04492	0.62400	0.04615	0.02281	0.02391	0.01777	0.02507	0.01444	0.01884	0.01215	0.00690	0.00757	0.00224	0.00926	0.00673	0.00388	0.04448
19	0.01464	0.01378	0.02326	0.70887	0.05340	0.01723	0.02153	0.01981	0.01550	0.01981	0.01378	0.02067	0.01034	0.00775	0.00775	0.00258	0.01034	0.00689	0.00345	0.00861
20	0.01608	0.01378	0.01608	0.01148	0.01837	0.01034	0.00919	0.01952	0.01608	0.02527	0.01378	0.01608	0.01148	0.00574	0.00574	0.00115	0.00574	0.00459	0.00459	0.77491
21	0.01800	0.16279	0.51816	0.01985	0.03001	0.01977	0.02452	0.02535	0.01672	0.07523	0.01466	0.01645	0.01058	0.00741	0.00697	0.00231	0.01051	0.00561	0.00378	0.01132
22	0.01754	0.01763	0.05167	0.26781	0.44733	0.01801	0.02321	0.02249	0.01689	0.02346	0.01429	0.01959	0.01155	0.00721	0.00769	0.00240	0.00967	0.00686	0.00369	0.01103
23	0.00958	0.00684	0.00914	0.01094	0.01145	0.00641	0.00742	0.01102	0.01497	0.01994	0.04266	0.69570	0.05100	0.02417	0.00993	0.00317	0.00461	0.04753	0.00720	0.00633
24	0.02793	0.03520	0.02199	0.02091	0.05252	0.64499	0.01513	0.03002	0.02156	0.01928	0.01305	0.03621	0.01137	0.00845	0.00711	0.00205	0.01348	0.00561	0.00409	0.00905
25	0.01783	0.03107	0.43725	0.02274	0.05397	0.01704	0.11741	0.04457	0.01827	0.08293	0.06770	0.02134	0.01608	0.00815	0.00783	0.00246	0.01050	0.00715	0.00449	0.01122
26	0.01895	0.01833	0.03173	0.07616	0.62351	0.01842	0.05118	0.02367	0.01759	0.02507	0.01460	0.01933	0.01217	0.00693	0.00774	0.00233	0.00943	0.00701	0.00382	0.01204
27	0.01608	0.01378	0.01608	0.01148	0.01837	0.01034	0.00919	0.01952	0.01608	0.02527	0.01378	0.01608	0.01148	0.00574	0.00574	0.00115	0.00574	0.00459	0.00459	0.77491
28	0.02947	0.02172	0.02327	0.01784	0.02404	0.02404	0.01474	0.65329	0.03646	0.04887	0.01862	0.01862	0.01319	0.00931	0.00776	0.00233	0.00853	0.00698	0.00776	0.01319
29	0.01704	0.01099	0.03900	0.01150	0.01479	0.00942	0.00935	0.05397	0.02211	0.16872	0.43010	0.07612	0.07665	0.01434	0.00875	0.00246	0.00489	0.01243	0.00841	0.00896
30	0.00945	0.00675	0.00900	0.01080	0.01125	0.00630	0.00720	0.01080	0.01484	0.01979	0.04274	0.72245	0.05128	0.02429	0.00990	0.00315	0.00450	0.02204	0.00720	0.00630
31	0.01608	0.01378	0.01608	0.01148	0.01837	0.01034	0.00919	0.01952	0.01608	0.02527	0.01378	0.01608	0.01148	0.00574	0.00574	0.00115	0.00574	0.00459	0.00459	0.77491
32	0.03479	0.01320	0.01799	0.01380	0.01979	0.01140	0.01140	0.03779	0.02219	0.68451	0.03059	0.02639	0.01919	0.00960	0.00780	0.00240	0.00660	0.00780	0.00960	0.01320
33	0.01062	0.00791	0.00987	0.00938	0.01136	0.00716	0.00703	0.01394	0.02110	0.02909	0.55704	0.06122	0.19242	0.01660	0.00915	0.00247	0.00371	0.01449	0.00827	0.00716
34	0.01555	0.04011	0.68733	0.02210	0.03356	0.01801	0.02865	0.02455	0.01637	0.02455	0.01391	0.01637	0.00982	0.00737	0.00737	0.00246	0.01146	0.00573	0.00327	0.01146
35	0.01080	0.00792	0.01012	0.00957	0.01147	0.00724	0.00718	0.01429	0.02153	0.03010	0.61664	0.05955	0.13219	0.01622	0.00915	0.00246	0.00368	0.01425	0.00840	0.00724
36	0.00931	0.00786	0.00805	0.00800	0.01056	0.00661	0.00600	0.01140	0.01801	0.02174	0.12538	0.07331	0.62866	0.01934	0.00916	0.00260	0.00391	0.01618	0.00730	0.00661
37	0.13397	0.01410	0.01753	0.01363	0.01949	0.01319	0.01126	0.08412	0.02211	0.54803	0.02701	0.02394	0.01728	0.00925	0.00739	0.00239	0.00667	0.00725	0.00881	0.01256
38	0.01880	0.01399	0.01656	0.01198	0.01874	0.01094	0.00965	0.04391	0.01753	0.10539	0.01597	0.01741	0.01247	0.00633	0.00606	0.00134	0.00594	0.00506	0.00531	0.65661
39	0.78228	0.01499	0.01140	0.01020	0.01499	0.01739	0.00840	0.02279	0.01320	0.03479	0.01080	0.01260	0.00840	0.00720	0.00480	0.00240	0.00600	0.00420	0.00480	0.00840
40	0.72359	0.01485	0.01191	0.01048	0.01537	0.01692	0.00863	0.02397	0.01390	0.08580	0.01235	0.01368	0.00924	0.00739	0.00503	0.00240	0.00604	0.00448	0.00518	0.00877
41	0.02947	0.02172	0.02327	0.01784	0.02404	0.02404	0.01474	0.65329	0.03646	0.04887	0.01862	0.01862	0.01319	0.00931	0.00776	0.00233	0.00853	0.00698	0.00776	0.01319
42	0.01108	0.00831	0.01246	0.01246	0.01385	0.00969	0.00969	0.01385	0.01246	0.01800	0.02077	0.03046	0.01938	0.05815	0.69678	0.01246	0.02077	0.00831	0.00415	0.00692
43	0.02896	0.03695	0.02197	0.01998	0.02397	0.69638	0.01498	0.03096	0.02197	0.01898	0.01199	0.01398	0.00999	0.00799	0.00699	0.00200	0.01398	0.00499	0.00400	0.00899
44	0.01608	0.01378	0.01608	0.01148	0.01837	0.01034	0.00919	0.01952	0.01608	0.02527	0.01378	0.01608	0.01148	0.00574	0.00574	0.00115	0.00574	0.00459	0.00459	0.77491
45	0.02073	0.73217	0.04063	0.01327	0.01990	0.03068	0.01327	0.02322	0.01575	0.01824	0.01078	0.01244	0.00995	0.00663	0.00498	0.00166	0.00829	0.00415	0.00332	0.00995
46	0.01121	0.00753	0.00844	0.00844	0.00852	0.00749	0.00474	0.01127	0.01148	0.01522	0.02615	0.05150	0.04873	0.70507	0.03850	0.00736	0.00740	0.01144	0.00478	0.00476
47	0.01117	0.00997	0.06181	0.00987	0.01102	0.00808	0.00707	0.01223	0.01269	0.01696	0.03027	0.15847	0.07485	0.50860	0.03008	0.00608	0.00709	0.01293	0.00516	0.00561
48	0.02905	0.09214	0.02456	0.01704	0.02327	0.02364	0.01431	0.53808	0.03317	0.09962	0.01884	0.01866	0.01337	0.00906	0.00748	0.00227	0.00834	0.00677	0.00747	0.01286
49	0.01696	0.01696	0.02375	0.02036	0.02036	0.02375	0.01696	0.01866	0.01187	0.01866	0.01018	0.01696	0.01018	0.01357	0.02545	0.00339	0.71332	0.00679	0.00339	0.00848
50	0.01830	0.02092	0.04575	0.03268	0.04052	0.01961	0.65098	0.02484	0.01830	0.02484	0.01569	0.02092	0.01176	0.00654	0.00915	0.00261	0.01307	0.00915	0.00392	0.01046
51	0.03175	0.04375	0.07281	0.01482	0.02123	0.01391	0.01313	0.08290	0.04548	0.53472	0.02762	0.02455	0.01779	0.00932	0.00765	0.00238	0.00718	0.00746	0.00865	0.01290
52	0.00945	0.00675	0.00900	0.01080	0.01125	0.00630	0.00720	0.01080	0.01484	0.01979	0.04274	0.72245	0.05128	0.02429	0.00990	0.00315	0.00450	0.02204	0.00720	0.00630
53	0.00945	0.00675	0.00900	0.01080	0.01125	0.00630	0.00720	0.01080	0.01484	0.01979	0.04274	0.72245	0.05128	0.02429	0.00990	0.00315	0.00450	0.02204	0.00720	0.00630
54	0.01453	0.01450	0.02813	0.13346	0.06013	0.01433	0.28807	0.01887	0.01657	0.02222	0.02519	0.27642	0.02596	0.01322	0.00913	0.00279	0.00934	0.01339	0.00504	0.00873
55	0.01612	0.06829	0.57865	0.02303	0.03382	0.01877	0.10568	0.02453	0.01658	0.02431	0.01400	0.01676	0.01007	0.00723	0.00748	0.00244	0.01152	0.00609	0.00336	0.01127
56	0.03479	0.01320	0.01799	0.01380	0.01979	0.01140	0.01140	0.03779	0.02219	0.68451	0.03059	0.02639	0.01919	0.00960	0.00780	0.00240	0.00660	0.00780	0.00960	0.01320
57	0.01696	0.01696	0.02375	0.02036	0.02036	0.02375	0.01696	0.01866	0.01187	0.01866	0.01018	0.01696	0.01018	0.01357	0.02545	0.00339	0.71332	0.00679	0.00339	0.00848
58	0.01645	0.19093	0.40158	0.01873	0.02738	0.01965	0.04015	0.02380	0.04687	0.02394	0.06744	0.02328	0.01739	0.00874	0.00722	0.00235	0.00970	0.03968	0.00414	0.01057
59	0.01090	0.00792	0.01026	0.00967	0.01154	0.00728	0.00726	0.01448	0.02177	0.03066	0.64983	0.05862	0.09865	0.01601	0.00915	0.00245	0.00367	0.01412	0.00848	0.00728
60	0.01555	0.04011	0.68733	0.02210	0.03356	0.01801	0.02865	0.02455	0.01637	0.02455	0.01391	0.01637	0.00982	0.00737	0.00737	0.00246	0.01146	0.00573	0.00327	0.01146
61	0.01143	0.01115	0.07815	0.01099	0.01378	0.00839	0.00945	0.01563	0.02139	0.03044	0.60885	0.05376	0.06682	0.01500	0.00897	0.00244	0.00444	0.01319	0.00801	0.00773
62	0.01873	0.01823	0.03186	0.04270	0.53953	0.01814	0.10474	0.02428	0.04520	0.02581	0.04337	0.02146	0.01527	0.00739	0.00794	0.00236	0.00935	0.00758	0.00422	0.01183
63	0.01832	0.01754	0.02990	0.17397	0.55955	0.01819	0.02336	0.02303	0.01724	0.02428	0.01443	0.01947	0.01191	0.00707	0.00769	0.00236	0.00943	0.00691	0.00376	0.01158
64	0.01655	0.01870	0.08188	0.05445	0.19280	0.01682	0.27520	0.02171	0.01749	0.02437	0.06742	0.10443	0.02082	0.00981	0.00940	0.00261	0.04087	0.01002	0.00454	0.01012
65	0.01919	0.01842	0.03147	0.04759	0.67914	0.01842	0.02380	0.02380	0.01765	0.02533	0.01458	0.01919	0.01228	0.00691	0.00768	0.00230	0.00921	0.00691	0.00384	0.01228
66	0.02233	0.02437	0.27189	0.02045	0.02853	0.01522	0.14939	0.02835	0.01921	0.25089	0.07289	0.02406	0.01850	0.00864	0.00802	0.00247	0.00950	0.00781	0.00599	0.01151
67	0.01535	0.03869	0.65745	0.02155	0.03259	0.01754	0.02771	0.02412	0.01662	0.02484	0.04310	0.01820	0.01262	0.00774	0.00744	0.00245	0.01111	0.00610	0.00351	0.01128
68	0.01812	0.33156	0.16014	0.01816	0.02501	0.02253	0.12204	0.04494	0.04426	0.02243	0.01748	0.10722	0.01626	0.00930	0.00699	0.00223	0.00913	0.00789	0.00426	0.01006
69	0.01805	0.01732	0.02911	0.18640	0.49405	0.01859	0.02278	0.02254	0.01674	0.02363	0.01407	0.01933	0.01170	0.00761	0.00909	0.00245	0.06474	0.00689	0.00372	0.01120
70	0.00938	0.00734	0.00850	0.00932	0.01089	0.00646	0.00657	0.01113	0.01653	0.02085	0.08805	0.37833	0.35580	0.02166	0.00951	0.00286	0.00418	0.01893	0.00726	0.00646
71	0.01905	0.08776	0.44911	0.02117	0.03083	0.01831	0.09191	0.02694	0.04226	0.11525	0.01683	0.01842	0.01186	0.00765	0.00745	0.00241	0.01051	0.00638	0.00440	0.01150
72	0.01537	0.01470	0.02542	0.59584	0.12525	0.01749	0.05565	0.02054	0.01590	0.02072	0.01398	0.02051	0.01064	0.00759	0.00782	0.00255	0.01035	0.00701	0.00352	0.00914
