[name]
unknown

[dist]
# distance from previous block
# <min> <max>
0	0

[block]
# block no. 0 follows, 25 sequences, length 22
# corresponding to MSA columns:
# 0-21
name=unknown_A
#
# <colnr> <probs for GDERKNQSTAVLIFYWHMCP>
#	G	D	E	R	K	N	Q	S	T	A	V	L	I	F	Y	W	H	M	C	P
0	0.01249	0.00892	0.01249	0.01428	0.01606	0.00892	0.01249	0.01606	0.01785	0.02320	0.04105	0.08746	0.04462	0.02142	0.01071	0.00357	0.00714	0.62695	0.00714	0.00714
1	0.01877	0.01865	0.02861	0.21681	0.46640	0.07047	0.02253	0.02332	0.01743	0.02341	0.01418	0.01917	0.01160	0.00721	0.00764	0.00235	0.00987	0.00676	0.00375	0.01108
2	0.00965	0.00707	0.00895	0.01016	0.01105	0.00649	0.00691	0.01128	0.01587	0.02097	0.11497	0.52841	0.14410	0.05202	0.01094	0.00318	0.00445	0.01990	0.00724	0.00638
3	0.00945	0.00675	0.00900	0.01080	0.01125	0.00630	0.00720	0.01080	0.01484	0.01979	0.04274	0.72245	0.05128	0.02429	0.00990	0.00315	0.00450	0.02204	0.00720	0.00630
4	0.01115	0.00746	0.00849	0.00862	0.00865	0.00743	0.00487	0.01124	0.01152	0.01536	0.02567	0.09629	0.02975	0.67982	0.03746	0.00722	0.00731	0.01201	0.00487	0.00481
5	0.00943	0.00681	0.00893	0.01064	0.01120	0.00631	0.00713	0.01081	0.01500	0.01986	0.04468	0.68728	0.08520	0.02404	0.00986	0.00312	0.00447	0.02173	0.00720	0.00631
6	0.03479	0.01320	0.01799	0.01380	0.01979	0.01140	0.01140	0.03779	0.02219	0.68451	0.03059	0.02639	0.01919	0.00960	0.00780	0.00240	0.00660	0.00780	0.00960	0.01320
7	0.01451	0.00817	0.00869	0.00806	0.01054	0.00777	0.00614	0.01806	0.01605	0.02789	0.02350	0.02723	0.01870	0.01093	0.03847	0.00223	0.00472	0.00692	0.62920	0.11221
8	0.01061	0.00854	0.00977	0.01134	0.01200	0.04730	0.00766	0.01199	0.01527	0.01974	0.04091	0.68035	0.04883	0.02332	0.00972	0.00308	0.00506	0.02103	0.00701	0.00646
9	0.02735	0.02269	0.07449	0.01916	0.04925	0.02306	0.01599	0.54121	0.07503	0.04503	0.01894	0.01913	0.01357	0.00915	0.00773	0.00236	0.00863	0.00700	0.00727	0.01296
10	0.01626	0.01405	0.01696	0.01354	0.05602	0.01080	0.01002	0.01977	0.01617	0.02527	0.01383	0.01626	0.01153	0.00581	0.00585	0.00121	0.00594	0.00473	0.00455	0.73146
11	0.01904	0.01908	0.03063	0.11355	0.48138	0.05737	0.07074	0.02351	0.01733	0.02389	0.01414	0.01903	0.01176	0.00748	0.00896	0.00241	0.05765	0.00696	0.00378	0.01131
12	0.02007	0.01705	0.01798	0.01594	0.02046	0.01965	0.01246	0.08847	0.61658	0.03370	0.03056	0.02813	0.02286	0.01043	0.00788	0.00261	0.00632	0.00863	0.00788	0.01234
13	0.78228	0.01499	0.01140	0.01020	0.01499	0.01739	0.00840	0.02279	0.01320	0.03479	0.01080	0.01260	0.00840	0.00720	0.00480	0.00240	0.00600	0.00420	0.00480	0.00840
14	0.02896	0.03695	0.02197	0.01998	0.02397	0.69638	0.01498	0.03096	0.02197	0.01898	0.01199	0.01398	0.00999	0.00799	0.00699	0.00200	0.01398	0.00499	0.00400	0.00899
15	0.01620	0.01317	0.01495	0.08760	0.01841	0.07267	0.01132	0.01928	0.01528	0.02367	0.01860	0.02364	0.01538	0.01299	0.05304	0.00298	0.19543	0.00694	0.37062	0.00784
16	0.01877	0.01606	0.01694	0.01530	0.01940	0.01852	0.01178	0.03926	0.62266	0.03130	0.03110	0.03035	0.02396	0.05709	0.00994	0.00295	0.00623	0.00893	0.00768	0.01178
17	0.01929	0.01666	0.01753	0.01578	0.02016	0.01929	0.01227	0.04120	0.66513	0.03243	0.03156	0.02893	0.02367	0.01052	0.00789	0.00263	0.00614	0.00877	0.00789	0.01227
18	0.03479	0.01320	0.01799	0.01380	0.01979	0.01140	0.01140	0.03779	0.02219	0.68451	0.03059	0.02639	0.01919	0.00960	0.00780	0.00240	0.00660	0.00780	0.00960	0.01320
19	0.01611	0.06992	0.58944	0.02336	0.05756	0.01872	0.06996	0.02448	0.01652	0.02431	0.01392	0.01660	0.01005	0.00726	0.00739	0.00242	0.01134	0.00593	0.00334	0.01135
20	0.01464	0.01378	0.02326	0.70887	0.05340	0.01723	0.02153	0.01981	0.01550	0.01981	0.01378	0.02067	0.01034	0.00775	0.00775	0.00258	0.01034	0.00689	0.00345	0.00861
21	0.00916	0.00785	0.00785	0.00785	0.01047	0.00655	0.00589	0.01113	0.01767	0.02095	0.07855	0.07462	0.67599	0.01964	0.00916	0.00262	0.00393	0.01636	0.00720	0.00655

[dist]
# distance from previous block
# <min> <max>
0	6

[block]
# block no. 1 follows, 25 sequences, length 32
# corresponding to MSA columns:
# 28-59
name=unknown_B
#
# <colnr> <probs for GDERKNQSTAVLIFYWHMCP>
#	G	D	E	R	K	N	Q	S	T	A	V	L	I	F	Y	W	H	M	C	P
0	0.01481	0.01410	0.02426	0.67861	0.05283	0.01733	0.04971	0.02004	0.01563	0.02004	0.01387	0.02068	0.01040	0.00770	0.00781	0.00259	0.01046	0.00699	0.00347	0.00870
1	0.10044	0.14513	0.07254	0.01667	0.02288	0.09857	0.01472	0.33110	0.04656	0.05629	0.01620	0.01685	0.01207	0.00840	0.00688	0.00220	0.00893	0.00599	0.00603	0.01154
2	0.01632	0.01602	0.02252	0.01949	0.01965	0.02222	0.01617	0.01813	0.01194	0.01859	0.01133	0.01844	0.01118	0.01843	0.09868	0.00438	0.63777	0.00695	0.00348	0.00831
3	0.00927	0.00786	0.00800	0.00796	0.01054	0.00659	0.00597	0.01133	0.01791	0.02152	0.11223	0.07368	0.64195	0.01942	0.00916	0.00261	0.00391	0.01623	0.00728	0.00659
4	0.01528	0.03822	0.64764	0.02138	0.03227	0.01738	0.02740	0.02397	0.01670	0.02494	0.05268	0.01881	0.01354	0.00786	0.00747	0.00245	0.01100	0.00622	0.00358	0.01122
5	0.03019	0.01980	0.02248	0.01815	0.04862	0.02118	0.01439	0.49984	0.03274	0.18114	0.02097	0.02027	0.01441	0.00927	0.00776	0.00234	0.00815	0.00715	0.00799	0.01315
6	0.03204	0.01259	0.01711	0.01333	0.01885	0.01093	0.01093	0.03512	0.02216	0.60916	0.10491	0.03003	0.02542	0.01032	0.00795	0.00240	0.00626	0.00852	0.00947	0.01252
7	0.78228	0.01499	0.01140	0.01020	0.01499	0.01739	0.00840	0.02279	0.01320	0.03479	0.01080	0.01260	0.00840	0.00720	0.00480	0.00240	0.00600	0.00420	0.00480	0.00840
8	0.01696	0.01696	0.02375	0.02036	0.02036	0.02375	0.01696	0.01866	0.01187	0.01866	0.01018	0.01696	0.01018	0.01357	0.02545	0.00339	0.71332	0.00679	0.00339	0.00848
9	0.01873	0.01596	0.01690	0.01516	0.01939	0.01822	0.01180	0.05948	0.57910	0.03241	0.06825	0.03222	0.05561	0.01118	0.00801	0.00261	0.00598	0.00934	0.00789	0.01177
10	0.01445	0.00723	0.00723	0.00723	0.00903	0.00723	0.00542	0.01807	0.01626	0.02891	0.02529	0.02891	0.01987	0.00903	0.00542	0.00181	0.00361	0.00723	0.77055	0.00723
11	0.01295	0.02376	0.34340	0.01554	0.02224	0.01246	0.01760	0.01898	0.01854	0.02631	0.25730	0.04003	0.13506	0.01226	0.00827	0.00247	0.00754	0.01030	0.00574	0.00924
12	0.00945	0.00675	0.00900	0.01080	0.01125	0.00630	0.00720	0.01080	0.01484	0.01979	0.04274	0.72245	0.05128	0.02429	0.00990	0.00315	0.00450	0.02204	0.00720	0.00630
13	0.01511	0.01388	0.02314	0.51431	0.04428	0.01692	0.06474	0.01987	0.01543	0.02108	0.01485	0.02124	0.01149	0.00838	0.00933	0.00258	0.07864	0.00708	0.08907	0.00858
14	0.02138	0.63356	0.03808	0.01423	0.02032	0.09559	0.01359	0.02378	0.01620	0.01833	0.01087	0.01278	0.00996	0.00706	0.00605	0.00177	0.03893	0.00434	0.00339	0.00979
15	0.02461	0.01354	0.01649	0.01365	0.01824	0.01349	0.01091	0.09310	0.17667	0.30336	0.19097	0.03413	0.03318	0.01135	0.00815	0.00246	0.00594	0.00951	0.00874	0.01150
16	0.14519	0.01494	0.04657	0.15609	0.02654	0.01425	0.01379	0.03140	0.05548	0.38234	0.02341	0.02279	0.01555	0.00880	0.00731	0.00245	0.00745	0.00702	0.00722	0.01138
17	0.05876	0.37062	0.31302	0.01768	0.02631	0.02414	0.04701	0.02383	0.01599	0.02207	0.01232	0.01448	0.00989	0.00697	0.00616	0.00208	0.00972	0.00503	0.00340	0.01053
18	0.01084	0.00745	0.00847	0.00869	0.00900	0.00727	0.00513	0.01120	0.01235	0.01621	0.03202	0.13715	0.09454	0.57015	0.03280	0.00649	0.00679	0.01312	0.00526	0.00508
19	0.01943	0.02040	0.06368	0.07503	0.26000	0.01961	0.27987	0.09141	0.01956	0.02707	0.01524	0.01973	0.01188	0.00731	0.00889	0.00249	0.03514	0.00778	0.00423	0.01125
20	0.02862	0.09131	0.02497	0.01739	0.02364	0.02469	0.01459	0.59157	0.03443	0.04587	0.01785	0.01801	0.01287	0.00905	0.00748	0.00226	0.00851	0.00670	0.00732	0.01287
21	0.02449	0.01605	0.01943	0.08228	0.02387	0.01543	0.01261	0.21661	0.02368	0.18976	0.01928	0.01977	0.01374	0.00795	0.00704	0.00195	0.00725	0.00631	0.00664	0.28587
22	0.10423	0.01904	0.06799	0.01581	0.02217	0.01799	0.01381	0.30424	0.02712	0.29560	0.02222	0.02092	0.01484	0.00907	0.00745	0.00237	0.00774	0.00694	0.00787	0.01260
23	0.01892	0.45332	0.25238	0.01865	0.07199	0.02563	0.01908	0.02370	0.01609	0.02083	0.01208	0.01422	0.01008	0.00689	0.00596	0.00197	0.00940	0.00487	0.00334	0.01061
24	0.01088	0.00792	0.01023	0.00965	0.01152	0.00727	0.00724	0.01444	0.02172	0.03054	0.64260	0.05883	0.10595	0.01606	0.00915	0.00245	0.00367	0.01415	0.00846	0.00727
25	0.02922	0.01683	0.04610	0.01512	0.02080	0.04558	0.01267	0.10544	0.15025	0.40399	0.05113	0.02618	0.02054	0.00981	0.00781	0.00242	0.00715	0.00791	0.00850	0.01254
26	0.02210	0.09145	0.04988	0.01817	0.02236	0.15157	0.05997	0.16079	0.02152	0.05433	0.05460	0.08922	0.01888	0.01115	0.01092	0.00251	0.13693	0.00831	0.00541	0.00992
27	0.00945	0.00675	0.00900	0.01080	0.01125	0.00630	0.00720	0.01080	0.01484	0.01979	0.04274	0.72245	0.05128	0.02429	0.00990	0.00315	0.00450	0.02204	0.00720	0.00630
28	0.01154	0.00878	0.01090	0.01152	0.01341	0.00857	0.00897	0.01612	0.08140	0.02458	0.18123	0.21980	0.16312	0.01952	0.00964	0.00297	0.00512	0.18791	0.00753	0.00738
29	0.02489	0.02050	0.06194	0.01841	0.04980	0.05914	0.01515	0.34784	0.09107	0.08491	0.02341	0.03058	0.01913	0.01105	0.00816	0.00254	0.00847	0.10410	0.00715	0.01176
30	0.01756	0.02148	0.10932	0.15865	0.04084	0.01929	0.41815	0.04082	0.01777	0.02423	0.01496	0.02013	0.01125	0.00725	0.00939	0.00262	0.04404	0.00819	0.00384	0.01020
31	0.02000	0.22612	0.24460	0.02021	0.06573	0.16758	0.01942	0.02459	0.01697	0.02092	0.01271	0.01563	0.01051	0.01004	0.03929	0.00265	0.06399	0.00540	0.00352	0.01013

[dist]
# distance from previous block
# <min> <max>
0	2

[block]
# block no. 2 follows, 25 sequences, length 53
# corresponding to MSA columns:
# 62-114
name=unknown_C
#
# <colnr> <probs for GDERKNQSTAVLIFYWHMCP>
#	G	D	E	R	K	N	Q	S	T	A	V	L	I	F	Y	W	H	M	C	P
0	0.01631	0.01466	0.02009	0.06761	0.05139	0.01312	0.06943	0.02104	0.05378	0.02441	0.01535	0.01945	0.01290	0.04114	0.00903	0.00194	0.04333	0.00595	0.00455	0.49451
1	0.01149	0.00753	0.00853	0.00853	0.00872	0.00759	0.00496	0.01187	0.01168	0.01615	0.02434	0.04835	0.02723	0.64865	0.06414	0.00731	0.00778	0.01086	0.05931	0.00497
2	0.01650	0.12921	0.53874	0.02199	0.03245	0.01983	0.08827	0.02441	0.01648	0.02375	0.01368	0.01630	0.01003	0.00719	0.00723	0.00237	0.01120	0.00586	0.00334	0.01116
3	0.51152	0.01478	0.01405	0.01171	0.01695	0.01587	0.00965	0.05982	0.01718	0.23727	0.01734	0.01719	0.01200	0.00805	0.00588	0.00240	0.00631	0.00546	0.00644	0.01013
4	0.03048	0.01219	0.01656	0.01314	0.01832	0.01061	0.01067	0.03345	0.02171	0.56810	0.10576	0.07291	0.02740	0.01122	0.00808	0.00245	0.00613	0.00939	0.00933	0.01209
5	0.00943	0.00682	0.00892	0.01060	0.01120	0.00631	0.00711	0.01082	0.01503	0.01987	0.04509	0.67992	0.09230	0.02399	0.00985	0.00311	0.00446	0.02167	0.00720	0.00631
6	0.07316	0.01329	0.01765	0.01361	0.01955	0.01170	0.01124	0.03702	0.02173	0.65116	0.02957	0.02568	0.01864	0.00947	0.00764	0.00240	0.00657	0.00761	0.00935	0.01295
7	0.00916	0.00785	0.00785	0.00785	0.01047	0.00655	0.00589	0.01113	0.01767	0.02095	0.07855	0.07462	0.67599	0.01964	0.00916	0.00262	0.00393	0.01636	0.00720	0.00655
8	0.01696	0.01696	0.02375	0.02036	0.02036	0.02375	0.01696	0.01866	0.01187	0.01866	0.01018	0.01696	0.01018	0.01357	0.02545	0.00339	0.71332	0.00679	0.00339	0.00848
9	0.00950	0.00685	0.00900	0.01061	0.01122	0.00635	0.00714	0.01097	0.01527	0.02031	0.07053	0.66390	0.08221	0.02372	0.00983	0.00309	0.00444	0.02144	0.00725	0.00635
10	0.01122	0.00775	0.00963	0.00963	0.01004	0.00816	0.00616	0.01203	0.01162	0.01590	0.02336	0.04479	0.02560	0.53107	0.23237	0.00897	0.01141	0.01040	0.00454	0.00535
11	0.01848	0.01770	0.03020	0.15025	0.58200	0.01824	0.02344	0.02318	0.01732	0.02447	0.01446	0.01942	0.01198	0.00704	0.00769	0.00235	0.00939	0.00691	0.00378	0.01171
12	0.38546	0.01404	0.01490	0.01211	0.01754	0.01421	0.00999	0.03075	0.01797	0.37970	0.02130	0.01992	0.01413	0.00847	0.00639	0.00240	0.00632	0.00611	0.00735	0.01094
13	0.78228	0.01499	0.01140	0.01020	0.01499	0.01739	0.00840	0.02279	0.01320	0.03479	0.01080	0.01260	0.00840	0.00720	0.00480	0.00240	0.00600	0.00420	0.00480	0.00840
14	0.01490	0.01429	0.02486	0.66063	0.05248	0.01740	0.06644	0.02017	0.01570	0.02017	0.01392	0.02069	0.01044	0.00767	0.00785	0.00259	0.01053	0.00705	0.00348	0.00874
15	0.00985	0.00692	0.00888	0.01028	0.01063	0.00657	0.00665	0.01090	0.01406	0.01875	0.03872	0.57508	0.04622	0.17857	0.01638	0.00411	0.00516	0.01968	0.00665	0.00595
16	0.00945	0.00675	0.00900	0.01080	0.01125	0.00630	0.00720	0.01080	0.01484	0.01979	0.04274	0.72245	0.05128	0.02429	0.00990	0.00315	0.00450	0.02204	0.00720	0.00630
17	0.00958	0.00684	0.00915	0.01095	0.01145	0.00641	0.00743	0.01102	0.01498	0.01994	0.04266	0.69492	0.05099	0.02417	0.00993	0.00317	0.00461	0.04827	0.00719	0.00633
18	0.12198	0.63683	0.03674	0.01286	0.01925	0.02891	0.01262	0.02316	0.01541	0.02044	0.01078	0.01246	0.00974	0.00671	0.00495	0.00176	0.00799	0.00415	0.00351	0.00974
19	0.01386	0.00934	0.01050	0.00969	0.01250	0.00870	0.00742	0.05548	0.04212	0.07866	0.20673	0.07659	0.31722	0.01586	0.00850	0.00246	0.00441	0.01337	0.09866	0.00793
20	0.17465	0.01974	0.06317	0.06743	0.03394	0.01931	0.39680	0.02354	0.01642	0.02601	0.01399	0.01864	0.01076	0.00742	0.00957	0.00263	0.07456	0.00764	0.00400	0.00979
21	0.01440	0.00859	0.01105	0.01033	0.01273	0.00772	0.00777	0.01734	0.02024	0.13554	0.38309	0.16321	0.14440	0.01672	0.00905	0.00257	0.00432	0.01463	0.00831	0.00801
22	0.01608	0.01378	0.01608	0.01148	0.01837	0.01034	0.00919	0.01952	0.01608	0.02527	0.01378	0.01608	0.01148	0.00574	0.00574	0.00115	0.00574	0.00459	0.00459	0.77491
23	0.01125	0.00759	0.00880	0.00877	0.00894	0.00764	0.00513	0.01160	0.01187	0.01600	0.05608	0.04984	0.02985	0.65140	0.07848	0.00757	0.00814	0.01123	0.00485	0.00496
24	0.78228	0.01499	0.01140	0.01020	0.01499	0.01739	0.00840	0.02279	0.01320	0.03479	0.01080	0.01260	0.00840	0.00720	0.00480	0.00240	0.00600	0.00420	0.00480	0.00840
25	0.01054	0.00786	0.00979	0.00941	0.01134	0.00711	0.00702	0.01375	0.02076	0.02853	0.52556	0.09066	0.19506	0.01700	0.00918	0.00251	0.00375	0.01485	0.00820	0.00711
26	0.00983	0.00788	0.00878	0.00855	0.01088	0.00683	0.00641	0.01242	0.01924	0.02468	0.29783	0.06848	0.45438	0.01825	0.00916	0.00255	0.00383	0.01550	0.00769	0.00683
27	0.01128	0.00752	0.00846	0.00846	0.00846	0.00752	0.00470	0.01128	0.01128	0.01503	0.02443	0.05074	0.02819	0.72751	0.03946	0.00752	0.00752	0.01128	0.00470	0.00470
28	0.78228	0.01499	0.01140	0.01020	0.01499	0.01739	0.00840	0.02279	0.01320	0.03479	0.01080	0.01260	0.00840	0.00720	0.00480	0.00240	0.00600	0.00420	0.00480	0.00840
29	0.78228	0.01499	0.01140	0.01020	0.01499	0.01739	0.00840	0.02279	0.01320	0.03479	0.01080	0.01260	0.00840	0.00720	0.00480	0.00240	0.00600	0.00420	0.00480	0.00840
30	0.01929	0.01666	0.01753	0.01578	0.02016	0.01929	0.01227	0.04120	0.66513	0.03243	0.03156	0.02893	0.02367	0.01052	0.00789	0.00263	0.00614	0.00877	0.00789	0.01227
31	0.02073	0.73217	0.04063	0.01327	0.01990	0.03068	0.01327	0.02322	0.01575	0.01824	0.01078	0.01244	0.00995	0.00663	0.00498	0.00166	0.00829	0.00415	0.00332	0.00995
32	0.00958	0.00779	0.00848	0.00848	0.01077	0.00670	0.00629	0.01187	0.01840	0.02307	0.20572	0.11720	0.50033	0.01915	0.00921	0.00262	0.00391	0.01626	0.00749	0.00670
33	0.02896	0.03695	0.02197	0.01998	0.02397	0.69638	0.01498	0.03096	0.02197	0.01898	0.01199	0.01398	0.00999	0.00799	0.00699	0.00200	0.01398	0.00499	0.00400	0.00899
34	0.01555	0.04011	0.68733	0.02210	0.03356	0.01801	0.02865	0.02455	0.01637	0.02455	0.01391	0.01637	0.00982	0.00737	0.00737	0.00246	0.01146	0.00573	0.00327	0.01146
35	0.02073	0.73217	0.04063	0.01327	0.01990	0.03068	0.01327	0.02322	0.01575	0.01824	0.01078	0.01244	0.00995	0.00663	0.00498	0.00166	0.00829	0.00415	0.00332	0.00995
36	0.01097	0.00793	0.01036	0.00975	0.01158	0.00732	0.00732	0.01463	0.02195	0.03109	0.67505	0.05792	0.07316	0.01585	0.00914	0.00244	0.00366	0.01402	0.00854	0.00732
37	0.01900	0.01823	0.03113	0.07517	0.65304	0.01837	0.02370	0.02363	0.01757	0.02510	0.01455	0.01925	0.01220	0.00694	0.00768	0.00231	0.00926	0.00691	0.00382	0.01213
38	0.01664	0.42859	0.02794	0.01179	0.01641	0.02089	0.01077	0.01962	0.01835	0.02363	0.28922	0.03150	0.03645	0.01050	0.00672	0.00199	0.00635	0.00829	0.00550	0.00885
39	0.01872	0.03622	0.54281	0.02143	0.03162	0.06573	0.04872	0.02647	0.01748	0.09655	0.01567	0.01747	0.01093	0.00762	0.00745	0.00242	0.01117	0.00603	0.00404	0.01144
40	0.05556	0.01903	0.03315	0.02751	0.09620	0.02033	0.30981	0.05674	0.11548	0.02653	0.01685	0.02070	0.01323	0.00867	0.01159	0.00271	0.14263	0.00808	0.00464	0.01058
41	0.01900	0.01823	0.03113	0.07528	0.65294	0.01837	0.02370	0.02363	0.01756	0.02510	0.01455	0.01925	0.01220	0.00694	0.00768	0.00231	0.00926	0.00691	0.00382	0.01213
42	0.01408	0.01302	0.02171	0.63335	0.04884	0.01604	0.01998	0.01884	0.01543	0.01981	0.01691	0.09660	0.01477	0.00954	0.00798	0.00265	0.00970	0.00853	0.00385	0.00836
43	0.05923	0.01147	0.01507	0.01357	0.04624	0.01063	0.01013	0.04869	0.02173	0.31050	0.29244	0.06106	0.04127	0.01239	0.00827	0.00243	0.00549	0.01057	0.00852	0.01029
44	0.01097	0.00793	0.01036	0.00975	0.01158	0.00732	0.00732	0.01463	0.02195	0.03109	0.67505	0.05792	0.07316	0.01585	0.00914	0.00244	0.00366	0.01402	0.00854	0.00732
45	0.01249	0.00892	0.01249	0.01428	0.01606	0.00892	0.01249	0.01606	0.01785	0.02320	0.04105	0.08746	0.04462	0.02142	0.01071	0.00357	0.00714	0.62695	0.00714	0.00714
46	0.05230	0.03795	0.62612	0.02266	0.06117	0.01800	0.02747	0.02444	0.01628	0.02508	0.01380	0.01631	0.00986	0.00734	0.00726	0.00245	0.01110	0.00571	0.00337	0.01135
47	0.01789	0.05755	0.14397	0.06455	0.09629	0.01967	0.43547	0.02437	0.01768	0.02427	0.01498	0.01963	0.01135	0.00676	0.00847	0.00251	0.01211	0.00806	0.00376	0.01066
48	0.01097	0.00793	0.01036	0.00975	0.01158	0.00732	0.00732	0.01463	0.02195	0.03109	0.67505	0.05792	0.07316	0.01585	0.00914	0.00244	0.00366	0.01402	0.00854	0.00732
49	0.00945	0.00675	0.00900	0.01080	0.01125	0.00630	0.00720	0.01080	0.01484	0.01979	0.04274	0.72245	0.05128	0.02429	0.00990	0.00315	0.00450	0.02204	0.00720	0.00630
50	0.01400	0.01443	0.06235	0.15972	0.13699	0.01398	0.08120	0.01769	0.01566	0.02145	0.02512	0.29329	0.02672	0.01436	0.01009	0.00282	0.06351	0.01295	0.00501	0.00868
51	0.06541	0.01740	0.02880	0.16084	0.52889	0.01815	0.02245	0.02304	0.01700	0.02495	0.01421	0.01904	0.01170	0.00707	0.00751	0.00236	0.00921	0.00674	0.00383	0.01140
52	0.03454	0.01359	0.01824	0.01398	0.01999	0.01197	0.01155	0.06595	0.02284	0.65543	0.03004	0.02604	0.01892	0.00958	0.00780	0.00240	0.00669	0.00776	0.00951	0.01319

[dist]
# distance from previous block
# <min> <max>
0	21

[block]
# block no. 3 follows, 25 sequences, length 53
# corresponding to MSA columns:
# 136-188
name=unknown_D
#
# <colnr> <probs for GDERKNQSTAVLIFYWHMCP>
#	G	D	E	R	K	N	Q	S	T	A	V	L	I	F	Y	W	H	M	C	P
0	0.01488	0.01371	0.02308	0.62847	0.09173	0.01674	0.02089	0.01955	0.01535	0.01983	0.01382	0.02073	0.01063	0.00873	0.00896	0.04392	0.01007	0.00688	0.00347	0.00857
1	0.01128	0.00752	0.00846	0.00846	0.00846	0.00752	0.00470	0.01128	0.01128	0.01503	0.02443	0.05074	0.02819	0.72751	0.03946	0.00752	0.00752	0.01128	0.00470	0.00470
2	0.03479	0.01320	0.01799	0.01380	0.01979	0.01140	0.01140	0.03779	0.02219	0.68451	0.03059	0.02639	0.01919	0.00960	0.00780	0.00240	0.00660	0.00780	0.00960	0.01320
3	0.01097	0.00793	0.01036	0.00975	0.01158	0.00732	0.00732	0.01463	0.02195	0.03109	0.67505	0.05792	0.07316	0.01585	0.00914	0.00244	0.00366	0.01402	0.00854	0.00732
4	0.03479	0.01320	0.01799	0.01380	0.01979	0.01140	0.01140	0.03779	0.02219	0.68451	0.03059	0.02639	0.01919	0.00960	0.00780	0.00240	0.00660	0.00780	0.00960	0.01320
5	0.01128	0.00752	0.00846	0.00846	0.00846	0.00752	0.00470	0.01128	0.01128	0.01503	0.02443	0.05074	0.02819	0.72751	0.03946	0.00752	0.00752	0.01128	0.00470	0.00470
6	0.02208	0.01804	0.01911	0.01634	0.02123	0.02059	0.01295	0.20908	0.49270	0.03694	0.02801	0.02610	0.02079	0.01019	0.00785	0.00255	0.00679	0.00828	0.00785	0.01252
7	0.01983	0.32669	0.22163	0.01802	0.05633	0.02292	0.01805	0.02537	0.05091	0.07678	0.01472	0.01636	0.01161	0.00768	0.00741	0.00211	0.04992	0.00546	0.00415	0.04404
8	0.01905	0.02258	0.16011	0.04062	0.49903	0.01812	0.05151	0.02454	0.01761	0.05098	0.01513	0.01899	0.01205	0.00709	0.00768	0.00235	0.00972	0.00681	0.00396	0.01208
9	0.01010	0.00722	0.00975	0.01154	0.01228	0.00686	0.00834	0.01193	0.01549	0.02053	0.04237	0.58606	0.04985	0.02367	0.01007	0.00324	0.00507	0.15197	0.00719	0.00648
10	0.01919	0.01842	0.03147	0.04759	0.67914	0.01842	0.02380	0.02380	0.01765	0.02533	0.01458	0.01919	0.01228	0.00691	0.00768	0.00230	0.00921	0.00691	0.00384	0.01228
11	0.04365	0.03576	0.55962	0.02389	0.08007	0.01791	0.06205	0.02484	0.01663	0.04453	0.01445	0.01699	0.01034	0.00735	0.00741	0.00245	0.01105	0.00602	0.00359	0.01141
12	0.01772	0.06741	0.36713	0.04883	0.13223	0.04747	0.04772	0.02542	0.05753	0.04879	0.05401	0.02039	0.01520	0.00803	0.00751	0.00239	0.01011	0.00672	0.00425	0.01113
13	0.03446	0.01372	0.01832	0.01405	0.02006	0.01218	0.01160	0.07590	0.02308	0.64515	0.02985	0.02591	0.01882	0.00958	0.00779	0.00239	0.00672	0.00775	0.00948	0.01319
14	0.06383	0.03743	0.61769	0.02102	0.03184	0.01769	0.02668	0.02500	0.01642	0.05259	0.01441	0.01655	0.01012	0.00745	0.00723	0.00245	0.01092	0.00572	0.00363	0.01134
15	0.01556	0.01153	0.03696	0.04956	0.01720	0.01094	0.01035	0.06979	0.08966	0.09203	0.11103	0.29868	0.05907	0.05373	0.01054	0.00304	0.00591	0.03858	0.00725	0.00858
16	0.01201	0.01016	0.04579	0.01140	0.01284	0.00950	0.00860	0.03969	0.01462	0.02023	0.09152	0.16759	0.03288	0.28281	0.17737	0.00671	0.03198	0.01227	0.00544	0.00659
17	0.01038	0.00694	0.00949	0.01099	0.01149	0.00660	0.00759	0.01115	0.01433	0.01905	0.03776	0.55049	0.04445	0.02447	0.01334	0.13045	0.00510	0.07348	0.00656	0.00589
18	0.01280	0.05292	0.08152	0.01239	0.01578	0.01066	0.01067	0.01603	0.01698	0.02391	0.19158	0.20818	0.04039	0.05933	0.01092	0.00280	0.03008	0.06272	0.00620	0.13415
19	0.02560	0.01775	0.01902	0.01511	0.02018	0.01940	0.01231	0.44757	0.06783	0.06696	0.02136	0.02189	0.01557	0.00933	0.00722	0.00223	0.00718	0.00717	0.18456	0.01175
20	0.09570	0.06223	0.11497	0.02618	0.03394	0.01957	0.40979	0.05768	0.01827	0.02674	0.01477	0.01869	0.01115	0.00681	0.00802	0.00243	0.01128	0.00761	0.00414	0.05002
21	0.06675	0.03860	0.02168	0.08433	0.02515	0.02131	0.01423	0.44091	0.06178	0.07586	0.02215	0.02240	0.05065	0.00962	0.00761	0.00237	0.00809	0.00740	0.00713	0.01197
22	0.02559	0.01843	0.01994	0.01757	0.06935	0.05276	0.01316	0.38641	0.02885	0.09329	0.02327	0.02374	0.05006	0.00960	0.00741	0.00225	0.00765	0.00749	0.13162	0.01158
23	0.01820	0.02140	0.13378	0.10432	0.52022	0.01825	0.02435	0.02355	0.01726	0.02470	0.01441	0.01888	0.01172	0.00706	0.00763	0.00235	0.00967	0.00672	0.00371	0.01182
24	0.00975	0.00793	0.00867	0.00862	0.01102	0.00685	0.00656	0.01219	0.01866	0.02339	0.21354	0.07145	0.50504	0.01886	0.00924	0.00263	0.00403	0.04733	0.00750	0.00675
25	0.01256	0.01016	0.01427	0.04335	0.01583	0.01237	0.01069	0.01488	0.01280	0.01860	0.02194	0.03187	0.05205	0.12239	0.37666	0.00848	0.16016	0.00864	0.04526	0.00705
26	0.01088	0.00792	0.01024	0.00966	0.01153	0.00728	0.00724	0.01446	0.02173	0.03058	0.64502	0.05876	0.10351	0.01604	0.00915	0.00245	0.00367	0.01414	0.00847	0.00728
27	0.01822	0.02069	0.04447	0.03196	0.03935	0.01985	0.61408	0.02448	0.01793	0.02448	0.01537	0.02069	0.01167	0.00695	0.01010	0.00266	0.05383	0.00901	0.00389	0.01034
28	0.01902	0.01369	0.01638	0.01185	0.01860	0.01050	0.00953	0.02239	0.01704	0.12886	0.01642	0.01770	0.01270	0.00635	0.00607	0.00134	0.00588	0.00510	0.00538	0.65521
29	0.01830	0.02092	0.04575	0.03268	0.04052	0.01961	0.65098	0.02484	0.01830	0.02484	0.01569	0.02092	0.01176	0.00654	0.00915	0.00261	0.01307	0.00915	0.00392	0.01046
30	0.78228	0.01499	0.01140	0.01020	0.01499	0.01739	0.00840	0.02279	0.01320	0.03479	0.01080	0.01260	0.00840	0.00720	0.00480	0.00240	0.00600	0.00420	0.00480	0.00840
31	0.00954	0.00785	0.00828	0.00818	0.01057	0.00671	0.00607	0.01170	0.01809	0.02233	0.17208	0.07095	0.55229	0.04842	0.01042	0.00279	0.00403	0.01578	0.00731	0.00659
32	0.01681	0.02780	0.31164	0.05354	0.11433	0.01813	0.25592	0.02394	0.01728	0.02451	0.01609	0.02232	0.01271	0.00777	0.00825	0.00256	0.01151	0.04023	0.00379	0.01086
33	0.01965	0.01684	0.01774	0.01585	0.02030	0.01946	0.01236	0.06337	0.64237	0.03303	0.03109	0.02855	0.02329	0.01048	0.00788	0.00262	0.00622	0.00870	0.00788	0.01231
34	0.01776	0.07038	0.29211	0.25158	0.07280	0.05430	0.04458	0.02402	0.01684	0.06320	0.01470	0.01836	0.01079	0.00757	0.00743	0.00242	0.01066	0.00629	0.00382	0.01040
35	0.01742	0.00965	0.01248	0.01075	0.01404	0.00850	0.00837	0.02073	0.02128	0.20342	0.41100	0.04875	0.11160	0.01397	0.00860	0.00237	0.00458	0.01206	0.00847	0.05195
36	0.02966	0.01633	0.01931	0.01536	0.02103	0.01670	0.01251	0.20550	0.17916	0.35688	0.02757	0.02489	0.01863	0.00974	0.00781	0.00243	0.00701	0.00781	0.00869	0.01297
37	0.02019	0.07660	0.26454	0.02100	0.05493	0.01985	0.07770	0.19752	0.05482	0.03121	0.01764	0.02200	0.01385	0.00864	0.00762	0.00238	0.00966	0.04257	0.00512	0.05219
38	0.10681	0.15346	0.06882	0.02233	0.12393	0.13050	0.05497	0.10026	0.05928	0.02664	0.01422	0.01665	0.01150	0.00816	0.00839	0.00229	0.07078	0.00597	0.00452	0.01051
39	0.01112	0.00745	0.00850	0.00866	0.00870	0.00741	0.00491	0.01123	0.01158	0.01545	0.02602	0.10890	0.03019	0.66662	0.03690	0.00714	0.00726	0.01221	0.00491	0.00484
40	0.02206	0.01633	0.01527	0.01288	0.01669	0.09097	0.01020	0.27269	0.02495	0.03575	0.02114	0.02314	0.01610	0.00903	0.00653	0.00204	0.00673	0.00688	0.38083	0.00980
41	0.01347	0.00673	0.01010	0.01010	0.01010	0.00673	0.00673	0.01010	0.01010	0.01347	0.01347	0.02357	0.01347	0.02694	0.03030	0.77441	0.00673	0.00673	0.00337	0.00337
42	0.02271	0.09757	0.02187	0.04594	0.02233	0.02117	0.01329	0.23625	0.30846	0.05277	0.02330	0.02302	0.01750	0.01037	0.00864	0.04127	0.00738	0.00746	0.00696	0.01173
43	0.12968	0.29058	0.35091	0.01711	0.02583	0.02257	0.02004	0.02381	0.01568	0.02373	0.01231	0.01437	0.00966	0.00707	0.00611	0.00215	0.00950	0.00492	0.00351	0.01046
44	0.01128	0.00752	0.00846	0.00846	0.00846	0.00752	0.00470	0.01128	0.01128	0.01503	0.02443	0.05074	0.02819	0.72751	0.03946	0.00752	0.00752	0.01128	0.00470	0.00470
45	0.00945	0.00675	0.00900	0.01080	0.01125	0.00630	0.00720	0.01080	0.01484	0.01979	0.04274	0.72245	0.05128	0.02429	0.00990	0.00315	0.00450	0.02204	0.00720	0.00630
46	0.01619	0.01530	0.02412	0.44716	0.09963	0.01926	0.02031	0.04289	0.01552	0.02106	0.01310	0.01951	0.01057	0.00923	0.01231	0.00276	0.19151	0.00687	0.00362	0.00907
47	0.02625	0.02080	0.02185	0.09544	0.02621	0.07335	0.01481	0.46029	0.06706	0.04113	0.01870	0.01971	0.01362	0.00908	0.00756	0.00232	0.00871	0.00693	0.05422	0.01193
48	0.02861	0.01904	0.02111	0.01663	0.02245	0.02059	0.01359	0.41271	0.15306	0.17406	0.02349	0.02215	0.01639	0.00960	0.00779	0.00240	0.00769	0.00748	0.00815	0.01301
49	0.68343	0.10809	0.01519	0.01059	0.01563	0.01912	0.00903	0.02285	0.01353	0.03264	0.01079	0.01258	0.00860	0.00712	0.00482	0.00230	0.00630	0.00419	0.00461	0.00860
50	0.01152	0.00795	0.01036	0.00995	0.01178	0.00730	0.00739	0.01480	0.02091	0.05129	0.55239	0.14081	0.09051	0.01684	0.00919	0.00253	0.00387	0.01490	0.00835	0.00736
51	0.02038	0.02014	0.09866	0.24684	0.03311	0.05488	0.01759	0.22210	0.02257	0.03061	0.01614	0.01953	0.01208	0.00846	0.00804	0.00234	0.03656	0.00659	0.07452	0.04887
52	0.10881	0.05382	0.01744	0.04238	0.01947	0.05923	0.01130	0.11224	0.15726	0.13157	0.09508	0.02937	0.06835	0.01047	0.00738	0.00237	0.00675	0.00830	0.04799	0.01042

[dist]
# distance from previous block
# <min> <max>
0	1

[block]
# block no. 4 follows, 25 sequences, length 45
# corresponding to MSA columns:
# 190-234
name=unknown_E
#
# <colnr> <probs for GDERKNQSTAVLIFYWHMCP>
#	G	D	E	R	K	N	Q	S	T	A	V	L	I	F	Y	W	H	M	C	P
0	0.05155	0.03743	0.02136	0.07743	0.02248	0.04608	0.06769	0.02140	0.03950	0.05032	0.01809	0.02226	0.03915	0.01068	0.01417	0.00266	0.28440	0.00722	0.13235	0.03375
1	0.04551	0.01023	0.04431	0.01081	0.01355	0.00859	0.00878	0.01741	0.02097	0.09090	0.52319	0.08464	0.06124	0.01492	0.00879	0.00247	0.00445	0.01303	0.00815	0.00806
2	0.01903	0.40371	0.28173	0.01792	0.02630	0.05539	0.05358	0.02415	0.01640	0.02099	0.01227	0.01444	0.01000	0.00696	0.00619	0.00202	0.00999	0.00505	0.00336	0.01050
3	0.01904	0.32462	0.28246	0.05708	0.07102	0.08097	0.02039	0.02424	0.01663	0.02125	0.01248	0.01495	0.01008	0.00711	0.00638	0.00208	0.01015	0.00515	0.00340	0.01052
4	0.00996	0.00725	0.00944	0.01097	0.01166	0.00692	0.00743	0.01234	0.04408	0.02091	0.07331	0.65899	0.05113	0.02327	0.00977	0.00309	0.00453	0.02106	0.00729	0.00661
5	0.01537	0.01432	0.02283	0.44325	0.04044	0.01818	0.04158	0.01954	0.01471	0.02046	0.01388	0.02041	0.01116	0.00935	0.01227	0.00273	0.19513	0.00697	0.06890	0.00853
6	0.01090	0.00792	0.01026	0.00967	0.01154	0.00728	0.00726	0.01448	0.02177	0.03066	0.64971	0.05863	0.09877	0.01601	0.00915	0.00245	0.00367	0.01412	0.00848	0.00728
7	0.01128	0.00752	0.00846	0.00846	0.00846	0.00752	0.00470	0.01128	0.01128	0.01503	0.02443	0.05074	0.02819	0.72751	0.03946	0.00752	0.00752	0.01128	0.00470	0.00470
8	0.00961	0.00686	0.00918	0.01098	0.01150	0.00644	0.00748	0.01108	0.01500	0.01997	0.04265	0.68876	0.05093	0.02414	0.00994	0.00317	0.00464	0.05413	0.00719	0.00634
9	0.00945	0.00675	0.00900	0.01080	0.01125	0.00630	0.00720	0.01080	0.01484	0.01979	0.04274	0.72245	0.05128	0.02429	0.00990	0.00315	0.00450	0.02204	0.00720	0.00630
10	0.01088	0.00792	0.01023	0.00965	0.01152	0.00727	0.00724	0.01444	0.02172	0.03054	0.64279	0.05882	0.10576	0.01606	0.00915	0.00245	0.00367	0.01415	0.00846	0.00727
11	0.01445	0.00723	0.00723	0.00723	0.00903	0.00723	0.00542	0.01807	0.01626	0.02891	0.02529	0.02891	0.01987	0.00903	0.00542	0.00181	0.00361	0.00723	0.77055	0.00723
12	0.78228	0.01499	0.01140	0.01020	0.01499	0.01739	0.00840	0.02279	0.01320	0.03479	0.01080	0.01260	0.00840	0.00720	0.00480	0.00240	0.00600	0.00420	0.00480	0.00840
13	0.00945	0.00675	0.00900	0.01080	0.01125	0.00630	0.00720	0.01080	0.01484	0.01979	0.04274	0.72245	0.05128	0.02429	0.00990	0.00315	0.00450	0.02204	0.00720	0.00630
14	0.01464	0.01378	0.02326	0.70887	0.05340	0.01723	0.02153	0.01981	0.01550	0.01981	0.01378	0.02067	0.01034	0.00775	0.00775	0.00258	0.01034	0.00689	0.00345	0.00861
15	0.01585	0.01459	0.02385	0.62003	0.09671	0.01772	0.02129	0.05789	0.01691	0.02194	0.01413	0.02044	0.01065	0.00778	0.00775	0.00255	0.01015	0.00690	0.00373	0.00915
16	0.01088	0.00792	0.01024	0.00966	0.01153	0.00728	0.00724	0.01445	0.02173	0.03058	0.64491	0.05876	0.10362	0.01604	0.00915	0.00245	0.00367	0.01414	0.00847	0.00728
17	0.01919	0.01842	0.03147	0.04759	0.67914	0.01842	0.02380	0.02380	0.01765	0.02533	0.01458	0.01919	0.01228	0.00691	0.00768	0.00230	0.00921	0.00691	0.00384	0.01228
18	0.02073	0.73217	0.04063	0.01327	0.01990	0.03068	0.01327	0.02322	0.01575	0.01824	0.01078	0.01244	0.00995	0.00663	0.00498	0.00166	0.00829	0.00415	0.00332	0.00995
19	0.01608	0.01378	0.01608	0.01148	0.01837	0.01034	0.00919	0.01952	0.01608	0.02527	0.01378	0.01608	0.01148	0.00574	0.00574	0.00115	0.00574	0.00459	0.00459	0.77491
20	0.00945	0.00675	0.00900	0.01080	0.01125	0.00630	0.00720	0.01080	0.01484	0.01979	0.04274	0.72245	0.05128	0.02429	0.00990	0.00315	0.00450	0.02204	0.00720	0.00630
21	0.01108	0.00831	0.01246	0.01246	0.01385	0.00969	0.00969	0.01385	0.01246	0.01800	0.02077	0.03046	0.01938	0.05815	0.69678	0.01246	0.02077	0.00831	0.00415	0.00692
22	0.00945	0.00675	0.00900	0.01080	0.01125	0.00630	0.00720	0.01080	0.01484	0.01979	0.04274	0.72245	0.05128	0.02429	0.00990	0.00315	0.00450	0.02204	0.00720	0.00630
23	0.01354	0.00816	0.01084	0.01071	0.01254	0.00746	0.00781	0.01620	0.01916	0.11377	0.33804	0.31754	0.05728	0.01837	0.00926	0.00272	0.00438	0.01638	0.00815	0.00770
24	0.01754	0.13087	0.44291	0.02410	0.10817	0.05602	0.04464	0.02444	0.01665	0.02330	0.01340	0.01621	0.01022	0.00742	0.00770	0.00234	0.03381	0.00576	0.00341	0.01109
25	0.02258	0.04335	0.01594	0.04958	0.01800	0.01078	0.01023	0.02596	0.02143	0.33076	0.31257	0.03933	0.04206	0.01212	0.00826	0.00239	0.00558	0.01032	0.00851	0.01021
26	0.01128	0.00752	0.00846	0.00846	0.00846	0.00752	0.00470	0.01128	0.01128	0.01503	0.02443	0.05074	0.02819	0.72751	0.03946	0.00752	0.00752	0.01128	0.00470	0.00470
27	0.02920	0.02102	0.02301	0.04237	0.02489	0.02318	0.01482	0.60038	0.03500	0.07906	0.01903	0.01907	0.01338	0.00927	0.00776	0.00234	0.00850	0.00702	0.00769	0.01302
28	0.09417	0.06200	0.57308	0.02141	0.05251	0.01842	0.02586	0.02430	0.01607	0.02540	0.01350	0.01593	0.00976	0.00731	0.00703	0.00242	0.01071	0.00555	0.00345	0.01112
29	0.01347	0.00673	0.01010	0.01010	0.01010	0.00673	0.00673	0.01010	0.01010	0.01347	0.01347	0.02357	0.01347	0.02694	0.03030	0.77441	0.00673	0.00673	0.00337	0.00337
30	0.01696	0.01696	0.02375	0.02036	0.02036	0.02375	0.01696	0.01866	0.01187	0.01866	0.01018	0.01696	0.01018	0.01357	0.02545	0.00339	0.71332	0.00679	0.00339	0.00848
31	0.02185	0.01329	0.01601	0.01330	0.01734	0.01386	0.03652	0.16844	0.09260	0.14928	0.02457	0.02594	0.01826	0.01394	0.07279	0.00317	0.00757	0.00762	0.27332	0.01030
32	0.01759	0.06298	0.38526	0.02738	0.11771	0.01931	0.17840	0.05438	0.01793	0.02560	0.01452	0.01777	0.01078	0.00716	0.00775	0.00243	0.01128	0.00670	0.00372	0.01134
33	0.02686	0.16781	0.05324	0.01880	0.02360	0.54290	0.01523	0.02924	0.02057	0.01907	0.01184	0.01379	0.00997	0.00771	0.00663	0.00195	0.01281	0.00487	0.00384	0.00927
34	0.01435	0.01211	0.01530	0.01206	0.01722	0.00960	0.03404	0.01745	0.01623	0.02435	0.05992	0.17993	0.02426	0.01061	0.00703	0.00174	0.00562	0.00932	0.00540	0.52347
35	0.01378	0.01123	0.01619	0.04073	0.01827	0.01136	0.07472	0.09237	0.01780	0.02415	0.03256	0.46045	0.03659	0.01837	0.01001	0.00287	0.04197	0.01650	0.00644	0.05362
36	0.02183	0.02396	0.01702	0.01550	0.01869	0.38264	0.01167	0.02455	0.02197	0.05352	0.28544	0.03260	0.03637	0.01129	0.00791	0.00220	0.00941	0.00883	0.00611	0.00849
37	0.01007	0.00789	0.00912	0.00881	0.01103	0.00693	0.00661	0.01289	0.01982	0.02605	0.37870	0.06622	0.37265	0.01773	0.00915	0.00253	0.00379	0.01519	0.00787	0.00693
38	0.00953	0.00678	0.00897	0.01068	0.01111	0.00636	0.00708	0.01082	0.01467	0.01957	0.04186	0.69049	0.05018	0.05775	0.01130	0.00336	0.00464	0.02153	0.00708	0.00622
39	0.00982	0.00788	0.00876	0.00854	0.01087	0.00682	0.00641	0.01239	0.01922	0.02461	0.29406	0.06859	0.45819	0.01827	0.00916	0.00255	0.00383	0.01552	0.00768	0.00682
40	0.00916	0.00785	0.00785	0.00785	0.01047	0.00655	0.00589	0.01113	0.01767	0.02095	0.07855	0.07462	0.67599	0.01964	0.00916	0.00262	0.00393	0.01636	0.00720	0.00655
41	0.00928	0.00779	0.00806	0.00813	0.01058	0.00657	0.00604	0.01129	0.01773	0.02142	0.10805	0.11239	0.60674	0.01971	0.00921	0.00264	0.00395	0.01658	0.00727	0.00657
42	0.78228	0.01499	0.01140	0.01020	0.01499	0.01739	0.00840	0.02279	0.01320	0.03479	0.01080	0.01260	0.00840	0.00720	0.00480	0.00240	0.00600	0.00420	0.00480	0.00840
43	0.01608	0.01378	0.01608	0.01148	0.01837	0.01034	0.00919	0.01952	0.01608	0.02527	0.01378	0.01608	0.01148	0.00574	0.00574	0.00115	0.00574	0.00459	0.00459	0.77491
44	0.01945	0.02025	0.05778	0.06984	0.58967	0.05881	0.02339	0.02410	0.01778	0.02471	0.01437	0.01882	0.01197	0.00702	0.00763	0.00230	0.00963	0.00674	0.00381	0.01191

[dist]
# distance from previous block
# <min> <max>
2	7

[block]
# block no. 5 follows, 25 sequences, length 134
# corresponding to MSA columns:
# 242-375
name=unknown_F
#
# <colnr> <probs for GDERKNQSTAVLIFYWHMCP>
#	G	D	E	R	K	N	Q	S	T	A	V	L	I	F	Y	W	H	M	C	P
0	0.01590	0.01357	0.01581	0.01162	0.01811	0.01050	0.00922	0.01998	0.04190	0.02530	0.01584	0.04961	0.01383	0.00680	0.00602	0.00130	0.00570	0.00558	0.00485	0.70858
1	0.01319	0.01054	0.04839	0.01097	0.01373	0.00875	0.00893	0.04569	0.02116	0.06903	0.44148	0.12186	0.12431	0.01596	0.00898	0.00252	0.00461	0.01393	0.00800	0.00799
2	0.01047	0.00718	0.00870	0.00949	0.00969	0.00698	0.00580	0.01106	0.01285	0.01714	0.03252	0.34755	0.03839	0.41677	0.02640	0.00559	0.00618	0.01603	0.00580	0.00540
3	0.02275	0.01750	0.01873	0.01588	0.02074	0.01971	0.01262	0.21631	0.42234	0.06878	0.02749	0.02583	0.02025	0.01006	0.00773	0.00249	0.00673	0.00813	0.04358	0.01234
4	0.05887	0.04726	0.16252	0.01483	0.02075	0.01425	0.01432	0.08259	0.05015	0.22159	0.16641	0.06186	0.02929	0.01095	0.00784	0.00243	0.00710	0.00903	0.00715	0.01080
5	0.01597	0.03720	0.59032	0.02370	0.03461	0.01825	0.12275	0.02460	0.01666	0.02460	0.01418	0.01706	0.01012	0.00724	0.00764	0.00248	0.01170	0.00625	0.00337	0.01131
6	0.01091	0.00786	0.01025	0.00977	0.01148	0.00727	0.00724	0.01436	0.02133	0.03014	0.62812	0.08879	0.07094	0.03525	0.00999	0.00261	0.00380	0.01432	0.00837	0.00720
7	0.01581	0.06443	0.57243	0.05416	0.05833	0.01799	0.02642	0.02395	0.01635	0.02431	0.01434	0.01711	0.01042	0.00741	0.00721	0.00239	0.01082	0.00584	0.03918	0.01110
8	0.02271	0.05319	0.24413	0.01641	0.02346	0.01530	0.01696	0.08116	0.05706	0.23814	0.09408	0.02527	0.02112	0.01025	0.00873	0.03848	0.00813	0.00757	0.00653	0.01130
9	0.01765	0.01324	0.01544	0.08483	0.05712	0.05604	0.01121	0.10891	0.02207	0.07763	0.26037	0.03863	0.08269	0.01201	0.00800	0.00233	0.00624	0.01014	0.10643	0.00903
10	0.01189	0.00900	0.01136	0.01072	0.01262	0.00893	0.00809	0.03620	0.04543	0.02922	0.48812	0.12552	0.10687	0.01649	0.00989	0.00258	0.03719	0.01427	0.00801	0.00759
11	0.01792	0.01658	0.02701	0.14749	0.43591	0.01779	0.02090	0.04248	0.01722	0.02453	0.01602	0.05254	0.01399	0.00862	0.00925	0.00246	0.07093	0.00762	0.03987	0.01087
12	0.01449	0.01349	0.02256	0.67613	0.05130	0.01677	0.02075	0.01941	0.01531	0.01959	0.01428	0.02208	0.01117	0.04139	0.00923	0.00281	0.01020	0.00710	0.00350	0.00843
13	0.02531	0.01745	0.01985	0.01728	0.05170	0.01891	0.01316	0.25289	0.26600	0.15637	0.02571	0.02542	0.01886	0.04359	0.00931	0.00270	0.00727	0.00799	0.00782	0.01240
14	0.02724	0.04789	0.01941	0.01623	0.06191	0.01479	0.01228	0.06877	0.16269	0.37286	0.08789	0.02832	0.02396	0.01005	0.00780	0.00241	0.00658	0.00831	0.00836	0.01224
15	0.78228	0.01499	0.01140	0.01020	0.01499	0.01739	0.00840	0.02279	0.01320	0.03479	0.01080	0.01260	0.00840	0.00720	0.00480	0.00240	0.00600	0.00420	0.00480	0.00840
16	0.01090	0.00792	0.01026	0.00967	0.01154	0.00728	0.00725	0.01448	0.02176	0.03066	0.64943	0.05864	0.09905	0.01601	0.00915	0.00245	0.00367	0.01412	0.00848	0.00728
17	0.01201	0.00833	0.01011	0.00987	0.01049	0.00878	0.00639	0.03950	0.01266	0.01724	0.02325	0.04422	0.02531	0.52711	0.20460	0.00855	0.01092	0.01034	0.00469	0.00563
18	0.00965	0.00690	0.00921	0.01091	0.01148	0.00646	0.00744	0.01120	0.01529	0.02043	0.06982	0.66523	0.05192	0.02380	0.00990	0.00314	0.00458	0.04901	0.00725	0.00638
19	0.03323	0.01354	0.01795	0.01399	0.01983	0.01219	0.01148	0.03813	0.08671	0.61907	0.03069	0.02665	0.01964	0.00969	0.00781	0.00242	0.00655	0.00789	0.00943	0.01310
20	0.02236	0.05142	0.06244	0.04921	0.02946	0.01625	0.26347	0.02702	0.01851	0.21867	0.02046	0.05142	0.01533	0.00850	0.00877	0.00241	0.03739	0.00829	0.00570	0.08292
21	0.01603	0.10423	0.62741	0.02128	0.03229	0.01918	0.02722	0.02443	0.01631	0.02397	0.01362	0.01601	0.00983	0.00730	0.00714	0.00238	0.01117	0.00558	0.00328	0.01132
22	0.01429	0.01339	0.02275	0.61957	0.04903	0.01630	0.04313	0.01916	0.01554	0.01999	0.01653	0.08570	0.01418	0.00924	0.00800	0.00264	0.00989	0.00838	0.00381	0.00847
23	0.02733	0.02245	0.05945	0.06249	0.02607	0.04998	0.01571	0.53583	0.03288	0.04392	0.01795	0.01871	0.01286	0.00904	0.00764	0.00232	0.00890	0.00683	0.02717	0.01247
24	0.01784	0.02002	0.04292	0.11793	0.04215	0.01931	0.57163	0.02420	0.01795	0.02420	0.01545	0.02088	0.01158	0.00669	0.00897	0.00261	0.01273	0.00887	0.00386	0.01023
25	0.01669	0.06650	0.29773	0.05557	0.03450	0.01831	0.26819	0.02351	0.01697	0.02398	0.01547	0.04381	0.01224	0.00752	0.00792	0.00241	0.01119	0.00754	0.00378	0.06616
26	0.01589	0.08478	0.64559	0.02153	0.03268	0.01882	0.02765	0.02447	0.01633	0.02415	0.01371	0.01612	0.00983	0.00732	0.00721	0.00240	0.01125	0.00563	0.00328	0.01136
27	0.00951	0.00679	0.00905	0.01076	0.01126	0.00634	0.00720	0.01095	0.01513	0.02024	0.06775	0.69616	0.05215	0.02396	0.00987	0.00312	0.00447	0.02172	0.00725	0.00634
28	0.01696	0.01696	0.02375	0.02036	0.02036	0.02375	0.01696	0.01866	0.01187	0.01866	0.01018	0.01696	0.01018	0.01357	0.02545	0.00339	0.71332	0.00679	0.00339	0.00848
29	0.03406	0.01336	0.01797	0.01389	0.01981	0.01176	0.01144	0.03795	0.05225	0.65402	0.03063	0.02651	0.01940	0.00964	0.00780	0.00241	0.00658	0.00784	0.00952	0.01315
30	0.03281	0.01276	0.01736	0.01346	0.01911	0.01106	0.01106	0.03586	0.02217	0.63017	0.08419	0.02901	0.02368	0.01012	0.00791	0.00240	0.00635	0.00832	0.00951	0.01271
