[name]
unknown

[dist]
# distance from previous block
# <min> <max>
0	26

[block]
# block no. 0 follows, 25 sequences, length 114
# corresponding to MSA columns:
# 26-139
name=unknown_A
#
# <colnr> <probs for GDERKNQSTAVLIFYWHMCP>
#	G	D	E	R	K	N	Q	S	T	A	V	L	I	F	Y	W	H	M	C	P
0	0.01783	0.01756	0.02738	0.06359	0.05835	0.07104	0.22591	0.02331	0.06821	0.04711	0.02123	0.12525	0.01963	0.01099	0.01023	0.00262	0.08100	0.03375	0.00502	0.07000
1	0.01156	0.00808	0.01040	0.00973	0.01175	0.00738	0.00733	0.01506	0.02162	0.05030	0.60833	0.05827	0.11899	0.01596	0.00911	0.00245	0.00377	0.01402	0.00846	0.00744
2	0.01770	0.01857	0.03601	0.17536	0.17133	0.01905	0.33733	0.02394	0.04301	0.02390	0.01544	0.02065	0.01197	0.00735	0.00927	0.00258	0.04408	0.00810	0.00394	0.01042
3	0.01523	0.01438	0.02432	0.62305	0.13461	0.01738	0.02183	0.02033	0.01578	0.02053	0.01389	0.02048	0.01059	0.00764	0.00774	0.00255	0.01019	0.00689	0.00350	0.00909
4	0.01089	0.00792	0.01025	0.00967	0.01153	0.00728	0.00725	0.01448	0.02176	0.03064	0.64868	0.05866	0.09981	0.01602	0.00915	0.00245	0.00367	0.01413	0.00848	0.00728
5	0.01088	0.00786	0.01028	0.00982	0.01156	0.00726	0.00731	0.01440	0.02153	0.03042	0.63757	0.09731	0.07186	0.01635	0.00919	0.00248	0.00371	0.01450	0.00846	0.00726
6	0.00945	0.00675	0.00900	0.01080	0.01125	0.00630	0.00720	0.01080	0.01484	0.01979	0.04274	0.72245	0.05128	0.02429	0.00990	0.00315	0.00450	0.02204	0.00720	0.00630
7	0.02895	0.03218	0.02182	0.04739	0.02481	0.53207	0.01490	0.10098	0.02335	0.08166	0.01446	0.01588	0.01118	0.00827	0.00718	0.00209	0.01256	0.00554	0.00489	0.00982
8	0.02896	0.06383	0.02430	0.01757	0.02380	0.02444	0.01465	0.61594	0.03523	0.04705	0.01815	0.01825	0.01299	0.00915	0.00759	0.00229	0.00852	0.00681	0.00749	0.01299
9	0.01464	0.01378	0.02326	0.70887	0.05340	0.01723	0.02153	0.01981	0.01550	0.01981	0.01378	0.02067	0.01034	0.00775	0.00775	0.00258	0.01034	0.00689	0.00345	0.00861
10	0.01608	0.01378	0.01608	0.01148	0.01837	0.01034	0.00919	0.01952	0.01608	0.02527	0.01378	0.01608	0.01148	0.00574	0.00574	0.00115	0.00574	0.00459	0.00459	0.77491
11	0.78228	0.01499	0.01140	0.01020	0.01499	0.01739	0.00840	0.02279	0.01320	0.03479	0.01080	0.01260	0.00840	0.00720	0.00480	0.00240	0.00600	0.00420	0.00480	0.00840
12	0.02151	0.02235	0.07959	0.06453	0.40105	0.11637	0.02101	0.05412	0.05641	0.06463	0.01622	0.01924	0.01278	0.00761	0.00758	0.00231	0.00977	0.00670	0.00455	0.01168
13	0.02849	0.07692	0.02305	0.01959	0.02374	0.65811	0.01488	0.03052	0.02162	0.01893	0.01192	0.01389	0.00999	0.00791	0.00688	0.00198	0.01366	0.00495	0.00396	0.00904
14	0.67593	0.01632	0.05103	0.04162	0.01793	0.01719	0.01025	0.02334	0.01382	0.05844	0.01186	0.01370	0.00898	0.00732	0.00519	0.00241	0.00652	0.00454	0.00484	0.00877
15	0.01900	0.02337	0.24600	0.01906	0.02575	0.01640	0.09059	0.04941	0.10034	0.12200	0.12366	0.02665	0.02335	0.00993	0.00950	0.00256	0.06748	0.00825	0.00585	0.01085
16	0.01757	0.01373	0.01623	0.01167	0.01849	0.01042	0.00936	0.02098	0.01657	0.07779	0.01512	0.01690	0.01210	0.00605	0.00591	0.00125	0.00581	0.00485	0.00499	0.71422
17	0.01648	0.04245	0.01440	0.01159	0.01477	0.01155	0.00914	0.10926	0.04928	0.09268	0.43910	0.04704	0.08333	0.01390	0.00859	0.00240	0.00494	0.01191	0.00820	0.00897
18	0.01635	0.01410	0.01676	0.01311	0.04473	0.01106	0.00991	0.02067	0.04552	0.02559	0.01462	0.01678	0.01207	0.00600	0.00592	0.00126	0.00590	0.00487	0.00471	0.71005
19	0.17804	0.06156	0.43195	0.01854	0.02771	0.01876	0.02183	0.08456	0.01780	0.05170	0.01416	0.01598	0.01018	0.00756	0.00678	0.00240	0.00973	0.00553	0.00424	0.01098
20	0.02738	0.03431	0.02221	0.02003	0.02349	0.60742	0.01524	0.02933	0.02064	0.01893	0.01175	0.01438	0.01001	0.00873	0.00943	0.00218	0.10647	0.00523	0.00392	0.00892
21	0.01128	0.00752	0.00846	0.00846	0.00846	0.00752	0.00470	0.01128	0.01128	0.01503	0.02443	0.05074	0.02819	0.72751	0.03946	0.00752	0.00752	0.01128	0.00470	0.00470
22	0.01464	0.01378	0.02326	0.70887	0.05340	0.01723	0.02153	0.01981	0.01550	0.01981	0.01378	0.02067	0.01034	0.00775	0.00775	0.00258	0.01034	0.00689	0.00345	0.00861
23	0.01142	0.00765	0.01011	0.01041	0.01182	0.00705	0.00746	0.01401	0.01879	0.05687	0.36210	0.35337	0.06084	0.01933	0.00942	0.00275	0.00417	0.01731	0.00799	0.00714
24	0.01555	0.04011	0.68733	0.02210	0.03356	0.01801	0.02865	0.02455	0.01637	0.02455	0.01391	0.01637	0.00982	0.00737	0.00737	0.00246	0.01146	0.00573	0.00327	0.01146
25	0.01653	0.08640	0.58082	0.02208	0.03273	0.04166	0.06574	0.02469	0.01663	0.02395	0.01374	0.01630	0.00996	0.00729	0.00730	0.00240	0.01143	0.00581	0.00334	0.01121
26	0.08271	0.01453	0.01532	0.01350	0.01772	0.01582	0.01056	0.07514	0.35569	0.09800	0.03749	0.03601	0.14493	0.03692	0.00896	0.00274	0.00597	0.00969	0.00756	0.01076
27	0.01985	0.04468	0.01845	0.01540	0.01971	0.04258	0.01228	0.13010	0.40518	0.03195	0.03270	0.03297	0.08975	0.01159	0.00852	0.00258	0.02890	0.03422	0.00731	0.01128
28	0.01042	0.00768	0.00985	0.01108	0.01201	0.00746	0.00762	0.01370	0.06816	0.02213	0.11567	0.58887	0.05161	0.02219	0.00965	0.00302	0.00453	0.02003	0.00741	0.00690
29	0.06942	0.01595	0.01967	0.01539	0.02091	0.01603	0.04951	0.20840	0.08637	0.23184	0.09980	0.02615	0.02256	0.00970	0.00769	0.00231	0.00704	0.00800	0.00775	0.07551
30	0.01949	0.01565	0.01757	0.01355	0.01970	0.01459	0.01084	0.12040	0.17593	0.05257	0.01936	0.01990	0.01494	0.00756	0.00663	0.00172	0.00628	0.00607	0.00603	0.45122
31	0.05215	0.47360	0.21084	0.01522	0.02269	0.02537	0.01668	0.02287	0.01555	0.02047	0.01241	0.01570	0.01090	0.04830	0.00759	0.00224	0.00900	0.00498	0.00345	0.00998
32	0.00943	0.00680	0.00895	0.01066	0.01121	0.00631	0.00714	0.01081	0.01497	0.01984	0.04433	0.69354	0.07916	0.02408	0.00986	0.00313	0.00447	0.02179	0.00720	0.00631
33	0.01937	0.02672	0.20724	0.03491	0.36200	0.10982	0.05175	0.02485	0.01786	0.02424	0.01407	0.01768	0.01125	0.00712	0.00749	0.00227	0.01051	0.00634	0.00374	0.04076
34	0.01853	0.36545	0.20877	0.01896	0.06404	0.02332	0.06778	0.02330	0.01627	0.02169	0.01258	0.01498	0.01038	0.00673	0.00619	0.00192	0.00926	0.00518	0.00354	0.10115
35	0.74870	0.01609	0.04100	0.01072	0.01581	0.01742	0.00928	0.02287	0.01333	0.03434	0.01093	0.01276	0.00846	0.00720	0.00491	0.00240	0.00624	0.00427	0.00473	0.00853
36	0.01670	0.06504	0.44417	0.02523	0.03526	0.01911	0.23542	0.02459	0.01699	0.02436	0.01436	0.01771	0.01048	0.00706	0.00785	0.00247	0.01185	0.00680	0.00349	0.01106
37	0.01171	0.00809	0.01060	0.00988	0.01184	0.00744	0.00744	0.01535	0.02196	0.05125	0.65517	0.05695	0.07149	0.01566	0.00910	0.00244	0.00375	0.01383	0.00857	0.00750
38	0.00991	0.00725	0.00976	0.03787	0.01303	0.00702	0.00791	0.01152	0.01487	0.01972	0.04138	0.58703	0.07222	0.05590	0.03521	0.00365	0.00552	0.04700	0.00683	0.00639
39	0.01097	0.00793	0.01036	0.00975	0.01158	0.00732	0.00732	0.01463	0.02195	0.03109	0.67505	0.05792	0.07316	0.01585	0.00914	0.00244	0.00366	0.01402	0.00854	0.00732
40	0.01464	0.01378	0.02326	0.70887	0.05340	0.01723	0.02153	0.01981	0.01550	0.01981	0.01378	0.02067	0.01034	0.00775	0.00775	0.00258	0.01034	0.00689	0.00345	0.00861
41	0.01929	0.01666	0.01753	0.01578	0.02016	0.01929	0.01227	0.04120	0.66513	0.03243	0.03156	0.02893	0.02367	0.01052	0.00789	0.00263	0.00614	0.00877	0.00789	0.01227
42	0.00957	0.00685	0.00911	0.01071	0.01127	0.00638	0.00721	0.01112	0.01544	0.02074	0.09559	0.66689	0.05311	0.02359	0.00983	0.00309	0.00443	0.02137	0.00731	0.00638
43	0.01204	0.00941	0.01192	0.01183	0.01308	0.04027	0.00880	0.01426	0.01279	0.01784	0.02125	0.03365	0.02071	0.18571	0.51233	0.01065	0.01726	0.00870	0.03091	0.00659
44	0.00945	0.00675	0.00900	0.01080	0.01125	0.00630	0.00720	0.01080	0.01484	0.01979	0.04274	0.72245	0.05128	0.02429	0.00990	0.00315	0.00450	0.02204	0.00720	0.00630
45	0.02947	0.02172	0.02327	0.01784	0.02404	0.02404	0.01474	0.65329	0.03646	0.04887	0.01862	0.01862	0.01319	0.00931	0.00776	0.00233	0.00853	0.00698	0.00776	0.01319
46	0.01097	0.00793	0.01036	0.00975	0.01158	0.00732	0.00732	0.01463	0.02195	0.03109	0.67505	0.05792	0.07316	0.01585	0.00914	0.00244	0.00366	0.01402	0.00854	0.00732
47	0.02073	0.73217	0.04063	0.01327	0.01990	0.03068	0.01327	0.02322	0.01575	0.01824	0.01078	0.01244	0.00995	0.00663	0.00498	0.00166	0.00829	0.00415	0.00332	0.00995
48	0.01608	0.01378	0.01608	0.01148	0.01837	0.01034	0.00919	0.01952	0.01608	0.02527	0.01378	0.01608	0.01148	0.00574	0.00574	0.00115	0.00574	0.00459	0.00459	0.77491
49	0.01193	0.00893	0.01296	0.01271	0.01432	0.01036	0.00993	0.04365	0.01358	0.01944	0.02067	0.02991	0.01909	0.05587	0.66466	0.01199	0.02020	0.00825	0.00432	0.00721
50	0.01249	0.00892	0.01249	0.01428	0.01606	0.00892	0.01249	0.01606	0.01785	0.02320	0.04105	0.08746	0.04462	0.02142	0.01071	0.00357	0.00714	0.62695	0.00714	0.00714
51	0.01464	0.01378	0.02326	0.70887	0.05340	0.01723	0.02153	0.01981	0.01550	0.01981	0.01378	0.02067	0.01034	0.00775	0.00775	0.00258	0.01034	0.00689	0.00345	0.00861
52	0.01445	0.00723	0.00723	0.00723	0.00903	0.00723	0.00542	0.01807	0.01626	0.02891	0.02529	0.02891	0.01987	0.00903	0.00542	0.00181	0.00361	0.00723	0.77055	0.00723
53	0.01463	0.01351	0.02260	0.68014	0.05159	0.01682	0.02087	0.01974	0.01553	0.02018	0.01425	0.02101	0.01073	0.00780	0.00766	0.00255	0.01006	0.00690	0.03485	0.00856
54	0.01216	0.00869	0.01211	0.01390	0.01554	0.00864	0.01192	0.01549	0.01752	0.02283	0.04124	0.15677	0.04535	0.02173	0.01062	0.00352	0.00685	0.56093	0.00715	0.00705
55	0.02896	0.03695	0.02197	0.01998	0.02397	0.69638	0.01498	0.03096	0.02197	0.01898	0.01199	0.01398	0.00999	0.00799	0.00699	0.00200	0.01398	0.00499	0.00400	0.00899
56	0.01791	0.25532	0.45961	0.01902	0.02876	0.02171	0.02318	0.02464	0.01640	0.04788	0.01357	0.01553	0.01022	0.00722	0.00664	0.00220	0.01028	0.00531	0.00353	0.01105
57	0.02071	0.65531	0.03762	0.01297	0.01934	0.02834	0.01274	0.02319	0.01617	0.04984	0.01573	0.01678	0.04987	0.00754	0.00536	0.00175	0.00795	0.00504	0.00384	0.00990
58	0.02094	0.01748	0.01847	0.01611	0.02079	0.02006	0.01267	0.14082	0.56281	0.03511	0.02945	0.02725	0.02196	0.01032	0.00787	0.00258	0.00653	0.00848	0.00787	0.01242
59	0.74635	0.04883	0.01278	0.01034	0.01523	0.01802	0.00863	0.02281	0.01332	0.03401	0.01080	0.01259	0.00847	0.00717	0.00481	0.00236	0.00611	0.00420	0.00473	0.00847
60	0.02980	0.01457	0.01813	0.01435	0.01980	0.01412	0.01169	0.14194	0.10052	0.43668	0.08927	0.02832	0.02376	0.01024	0.00793	0.00242	0.00660	0.00836	0.00898	0.01253
61	0.09547	0.50751	0.18088	0.01492	0.02244	0.02655	0.01619	0.02347	0.01564	0.02129	0.01148	0.01332	0.00977	0.00685	0.00549	0.00191	0.00876	0.00450	0.00345	0.01013
62	0.01108	0.00831	0.01246	0.01246	0.01385	0.00969	0.00969	0.01385	0.01246	0.01800	0.02077	0.03046	0.01938	0.05815	0.69678	0.01246	0.02077	0.00831	0.00415	0.00692
63	0.00968	0.00692	0.00925	0.01097	0.01154	0.00649	0.00752	0.01124	0.01527	0.02039	0.06463	0.66169	0.05165	0.02383	0.00992	0.00315	0.00463	0.05762	0.00724	0.00638
64	0.07457	0.01379	0.01617	0.04627	0.01963	0.01455	0.01131	0.10256	0.19870	0.19920	0.03014	0.18745	0.02606	0.01300	0.00810	0.00264	0.00634	0.01100	0.00773	0.01079
65	0.01695	0.01430	0.01655	0.01190	0.01874	0.01123	0.00955	0.06080	0.01741	0.02680	0.01410	0.01624	0.01160	0.00597	0.00587	0.00123	0.00592	0.00475	0.00480	0.72529
66	0.01347	0.00673	0.01010	0.01010	0.01010	0.00673	0.00673	0.01010	0.01010	0.01347	0.01347	0.02357	0.01347	0.02694	0.03030	0.77441	0.00673	0.00673	0.00337	0.00337
67	0.06092	0.01774	0.05142	0.20679	0.08637	0.01745	0.27909	0.04482	0.01776	0.02511	0.04511	0.04490	0.01527	0.00802	0.00818	0.00250	0.01039	0.00836	0.00431	0.04547
68	0.00950	0.00685	0.00901	0.01063	0.01123	0.00635	0.00715	0.01098	0.01528	0.02035	0.07245	0.66572	0.07837	0.02372	0.00983	0.00310	0.00444	0.02145	0.00726	0.00635
69	0.09282	0.05750	0.12581	0.01761	0.02453	0.02284	0.01627	0.47106	0.03033	0.04243	0.01683	0.01745	0.01209	0.00870	0.00731	0.00232	0.00875	0.00641	0.00659	0.01235
70	0.04970	0.03656	0.59782	0.02205	0.05868	0.01749	0.02653	0.02398	0.01655	0.02535	0.04500	0.01828	0.01285	0.00774	0.00735	0.00245	0.01075	0.00610	0.00361	0.01116
71	0.01767	0.00889	0.00950	0.00867	0.01124	0.00886	0.00671	0.06518	0.01832	0.09975	0.02538	0.02791	0.01933	0.00911	0.00584	0.00191	0.00428	0.00727	0.63590	0.00828
72	0.01170	0.00793	0.01034	0.01007	0.01185	0.00727	0.00742	0.01479	0.02034	0.05884	0.49200	0.19133	0.09183	0.01742	0.00923	0.00259	0.00398	0.01545	0.00826	0.00735
73	0.02073	0.73217	0.04063	0.01327	0.01990	0.03068	0.01327	0.02322	0.01575	0.01824	0.01078	0.01244	0.00995	0.00663	0.00498	0.00166	0.00829	0.00415	0.00332	0.00995
74	0.78228	0.01499	0.01140	0.01020	0.01499	0.01739	0.00840	0.02279	0.01320	0.03479	0.01080	0.01260	0.00840	0.00720	0.00480	0.00240	0.00600	0.00420	0.00480	0.00840
75	0.78228	0.01499	0.01140	0.01020	0.01499	0.01739	0.00840	0.02279	0.01320	0.03479	0.01080	0.01260	0.00840	0.00720	0.00480	0.00240	0.00600	0.00420	0.00480	0.00840
76	0.78228	0.01499	0.01140	0.01020	0.01499	0.01739	0.00840	0.02279	0.01320	0.03479	0.01080	0.01260	0.00840	0.00720	0.00480	0.00240	0.00600	0.00420	0.00480	0.00840
77	0.01090	0.00792	0.01026	0.00968	0.01154	0.00729	0.00726	0.01449	0.02178	0.03069	0.65120	0.05859	0.09726	0.01600	0.00915	0.00245	0.00367	0.01412	0.00848	0.00729
78	0.78228	0.01499	0.01140	0.01020	0.01499	0.01739	0.00840	0.02279	0.01320	0.03479	0.01080	0.01260	0.00840	0.00720	0.00480	0.00240	0.00600	0.00420	0.00480	0.00840
79	0.01086	0.00783	0.01026	0.00984	0.01156	0.00724	0.00731	0.01433	0.02140	0.03022	0.62607	0.10939	0.07146	0.01651	0.00920	0.00249	0.00372	0.01464	0.00843	0.00724
80	0.01090	0.00792	0.01026	0.00968	0.01154	0.00728	0.00726	0.01449	0.02177	0.03067	0.65012	0.05862	0.09836	0.01601	0.00915	0.00245	0.00367	0.01412	0.00848	0.00728
81	0.01625	0.06579	0.55459	0.02406	0.05952	0.01875	0.10506	0.02450	0.01663	0.02436	0.01403	0.01688	0.01017	0.00721	0.00750	0.00244	0.01144	0.00613	0.00338	0.01130
82	0.02733	0.04585	0.02115	0.01595	0.02164	0.01966	0.01307	0.37771	0.09623	0.16757	0.02316	0.06132	0.01744	0.01008	0.00770	0.00234	0.00753	0.00797	0.00778	0.04851
83	0.02902	0.02149	0.02302	0.01775	0.02387	0.02383	0.01463	0.62623	0.06424	0.04814	0.01919	0.01907	0.01365	0.00936	0.00776	0.00234	0.00843	0.00706	0.00776	0.01315
84	0.01559	0.01419	0.02336	0.48913	0.16810	0.01679	0.02029	0.02037	0.01584	0.02167	0.01486	0.02100	0.01159	0.00794	0.00823	0.00249	0.03760	0.00692	0.07485	0.00918
85	0.01750	0.01469	0.01310	0.01216	0.01408	0.14491	0.00942	0.02044	0.01644	0.02465	0.01997	0.02414	0.01634	0.01248	0.04996	0.00273	0.12182	0.00678	0.45063	0.00776
86	0.05885	0.17780	0.08872	0.01683	0.02348	0.05043	0.04083	0.26437	0.04224	0.10855	0.01725	0.01776	0.01266	0.00820	0.00693	0.00216	0.00866	0.00617	0.00601	0.04208
87	0.05245	0.04504	0.02059	0.01590	0.02108	0.04519	0.03944	0.12042	0.16231	0.29628	0.02579	0.04879	0.01865	0.01007	0.00850	0.00247	0.03932	0.00804	0.00772	0.01195
88	0.01126	0.00753	0.00946	0.01030	0.01112	0.00759	0.00722	0.01320	0.01496	0.02172	0.06293	0.39013	0.03979	0.09937	0.04289	0.00375	0.03258	0.03817	0.16953	0.00651
89	0.02710	0.01807	0.01997	0.04639	0.02282	0.04836	0.01331	0.27794	0.16535	0.20655	0.02508	0.05414	0.01843	0.01019	0.00786	0.00244	0.00765	0.00816	0.00788	0.01230
90	0.04165	0.02436	0.30098	0.02191	0.12408	0.01489	0.04381	0.02265	0.04156	0.05427	0.17269	0.02991	0.05422	0.00997	0.00792	0.00244	0.00846	0.00858	0.00526	0.01037
91	0.73849	0.05623	0.01308	0.01037	0.01528	0.01816	0.00868	0.02282	0.01334	0.03384	0.01080	0.01259	0.00849	0.00717	0.00481	0.00236	0.00613	0.00420	0.00471	0.00849
92	0.02061	0.67442	0.03877	0.01347	0.01992	0.02976	0.01319	0.02467	0.06817	0.01939	0.01246	0.01377	0.01106	0.00695	0.00521	0.00174	0.00812	0.00452	0.00369	0.01014
93	0.01388	0.01068	0.01256	0.01155	0.01428	0.01085	0.00895	0.07232	0.13677	0.03122	0.40249	0.05306	0.12540	0.01510	0.00890	0.00255	0.00474	0.04800	0.00813	0.00859
94	0.01097	0.00793	0.01036	0.00975	0.01158	0.00732	0.00732	0.01463	0.02195	0.03109	0.67505	0.05792	0.07316	0.01585	0.00914	0.00244	0.00366	0.01402	0.00854	0.00732
95	0.01846	0.01583	0.01683	0.01536	0.01951	0.01814	0.01202	0.03845	0.59970	0.03141	0.03409	0.03431	0.05218	0.01155	0.00811	0.00269	0.00610	0.04573	0.00782	0.01173
96	0.02795	0.02092	0.02182	0.01700	0.02265	0.04501	0.01387	0.57449	0.03392	0.04544	0.01896	0.02036	0.01405	0.04100	0.00902	0.00252	0.00844	0.00712	0.04305	0.01239
97	0.01133	0.00762	0.00879	0.00886	0.00906	0.00759	0.00528	0.01172	0.01217	0.01628	0.05611	0.05326	0.03128	0.65207	0.03633	0.00704	0.00731	0.04790	0.00502	0.00497
98	0.02722	0.03257	0.02122	0.01911	0.02328	0.54285	0.01448	0.06034	0.14022	0.02276	0.01586	0.01692	0.01263	0.00851	0.00719	0.00213	0.01231	0.00577	0.00487	0.00977
99	0.01347	0.00673	0.01010	0.01010	0.01010	0.00673	0.00673	0.01010	0.01010	0.01347	0.01347	0.02357	0.01347	0.02694	0.03030	0.77441	0.00673	0.00673	0.00337	0.00337
100	0.01613	0.01453	0.01867	0.09025	0.02269	0.01425	0.01238	0.01935	0.01503	0.02311	0.01293	0.01679	0.01105	0.00781	0.01060	0.00183	0.17282	0.00536	0.00418	0.51023
101	0.01347	0.00673	0.01010	0.01010	0.01010	0.00673	0.00673	0.01010	0.01010	0.01347	0.01347	0.02357	0.01347	0.02694	0.03030	0.77441	0.00673	0.00673	0.00337	0.00337
102	0.01833	0.02082	0.04523	0.03322	0.06377	0.01956	0.62815	0.02480	0.01828	0.02485	0.01565	0.02085	0.01178	0.00655	0.00910	0.00260	0.01293	0.00907	0.00392	0.01052
103	0.01975	0.01688	0.01779	0.01587	0.02034	0.01950	0.01238	0.06891	0.63667	0.03318	0.03097	0.02846	0.02319	0.01046	0.00788	0.00262	0.00624	0.00869	0.00788	0.01231
104	0.01606	0.01674	0.04994	0.05240	0.04608	0.02041	0.07452	0.01891	0.01309	0.01963	0.01284	0.01971	0.01187	0.01934	0.12951	0.00467	0.45483	0.00721	0.00358	0.00867
105	0.06170	0.15225	0.02131	0.01341	0.01884	0.04377	0.01135	0.05410	0.05104	0.36989	0.06265	0.02444	0.01979	0.00923	0.00703	0.00222	0.00690	0.00717	0.05149	0.01145
106	0.01059	0.00785	0.00987	0.00950	0.01138	0.00713	0.00707	0.01383	0.02083	0.02876	0.53998	0.09889	0.17166	0.01696	0.00919	0.00251	0.00375	0.01487	0.00824	0.00713
107	0.01142	0.00826	0.01104	0.01224	0.01380	0.00798	0.00995	0.01437	0.01774	0.02342	0.14572	0.18904	0.09956	0.04636	0.01123	0.00338	0.00589	0.35441	0.00729	0.00689
108	0.01979	0.26965	0.03225	0.05368	0.25493	0.04671	0.04711	0.02416	0.04404	0.04011	0.01577	0.02150	0.01386	0.00827	0.00773	0.00223	0.03886	0.04454	0.00416	0.01066
109	0.73819	0.01644	0.05026	0.01088	0.01606	0.01743	0.00956	0.02289	0.01338	0.03420	0.01098	0.01281	0.00848	0.00721	0.00495	0.00240	0.00631	0.00429	0.00471	0.00857
110	0.05115	0.07987	0.02436	0.02059	0.09938	0.12384	0.01512	0.33556	0.05624	0.09226	0.01786	0.01842	0.01316	0.00862	0.00732	0.00224	0.00906	0.00650	0.00644	0.01200
111	0.18234	0.04225	0.01486	0.01414	0.06766	0.01333	0.01001	0.06893	0.04817	0.09872	0.05767	0.17210	0.07729	0.01284	0.00739	0.00248	0.00579	0.01065	0.08432	0.00908
112	0.00951	0.00680	0.00905	0.01075	0.01126	0.00634	0.00720	0.01096	0.01515	0.02027	0.06959	0.69422	0.05221	0.02393	0.00986	0.00312	0.00446	0.02170	0.00725	0.00634
113	0.01830	0.02092	0.04575	0.03268	0.04052	0.01961	0.65098	0.02484	0.01830	0.02484	0.01569	0.02092	0.01176	0.00654	0.00915	0.00261	0.01307	0.00915	0.00392	0.01046

[dist]
# distance from previous block
# <min> <max>
0	29

[block]
# block no. 1 follows, 25 sequences, length 38
# corresponding to MSA columns:
# 169-206
name=unknown_B
#
# <colnr> <probs for GDERKNQSTAVLIFYWHMCP>
#	G	D	E	R	K	N	Q	S	T	A	V	L	I	F	Y	W	H	M	C	P
0	0.01893	0.01820	0.03137	0.04592	0.63325	0.01815	0.04670	0.02358	0.01769	0.02524	0.01551	0.02154	0.01334	0.00738	0.00783	0.00236	0.00929	0.02774	0.00395	0.01204
1	0.01071	0.00772	0.01013	0.00994	0.01152	0.00714	0.00730	0.01397	0.02071	0.02913	0.56524	0.17333	0.06936	0.01732	0.00928	0.00256	0.00380	0.01542	0.00830	0.00714
2	0.02078	0.64293	0.06666	0.01423	0.02070	0.06278	0.01414	0.02349	0.01595	0.01856	0.01095	0.01284	0.00995	0.00698	0.00590	0.00177	0.03376	0.00435	0.00335	0.00991
3	0.01633	0.01380	0.01607	0.01171	0.01830	0.01071	0.00932	0.04415	0.01683	0.02597	0.01517	0.04529	0.01319	0.00665	0.00599	0.00128	0.00580	0.00541	0.00483	0.71320
4	0.04861	0.02053	0.08490	0.11890	0.03860	0.01872	0.43716	0.05450	0.01833	0.02552	0.01644	0.05086	0.01310	0.00770	0.00862	0.00260	0.01171	0.00886	0.00418	0.01015
5	0.01040	0.00743	0.01008	0.01178	0.01268	0.00711	0.00876	0.01249	0.01599	0.02122	0.06594	0.51083	0.05014	0.02313	0.01011	0.00325	0.00524	0.19960	0.00723	0.00658
6	0.01259	0.00857	0.01107	0.01022	0.01238	0.00803	0.00774	0.01696	0.04847	0.06601	0.61414	0.05504	0.06824	0.01530	0.00902	0.00244	0.00392	0.01347	0.00857	0.00783
7	0.05453	0.66591	0.03841	0.01347	0.01989	0.06344	0.01314	0.02359	0.01595	0.01900	0.01084	0.01252	0.00988	0.00673	0.00507	0.00171	0.00848	0.00419	0.00342	0.00983
8	0.78228	0.01499	0.01140	0.01020	0.01499	0.01739	0.00840	0.02279	0.01320	0.03479	0.01080	0.01260	0.00840	0.00720	0.00480	0.00240	0.00600	0.00420	0.00480	0.00840
9	0.01696	0.01696	0.02375	0.02036	0.02036	0.02375	0.01696	0.01866	0.01187	0.01866	0.01018	0.01696	0.01018	0.01357	0.02545	0.00339	0.71332	0.00679	0.00339	0.00848
10	0.00956	0.00689	0.00906	0.01058	0.01124	0.00639	0.00715	0.01113	0.01555	0.02078	0.09657	0.63987	0.07971	0.02339	0.00980	0.00307	0.00440	0.02114	0.00731	0.00639
11	0.02947	0.02172	0.02327	0.01784	0.02404	0.02404	0.01474	0.65329	0.03646	0.04887	0.01862	0.01862	0.01319	0.00931	0.00776	0.00233	0.00853	0.00698	0.00776	0.01319
12	0.01149	0.00892	0.01326	0.01302	0.01431	0.01069	0.01021	0.01419	0.01242	0.01805	0.02002	0.02950	0.01873	0.05499	0.64910	0.01182	0.06996	0.00820	0.00410	0.00703
13	0.01113	0.00751	0.00868	0.00873	0.00894	0.00742	0.00512	0.01159	0.01258	0.01696	0.09199	0.09201	0.03418	0.61238	0.03458	0.00673	0.00694	0.01221	0.00524	0.00506
14	0.00945	0.00675	0.00900	0.01080	0.01125	0.00630	0.00720	0.01080	0.01484	0.01979	0.04274	0.72245	0.05128	0.02429	0.00990	0.00315	0.00450	0.02204	0.00720	0.00630
15	0.78228	0.01499	0.01140	0.01020	0.01499	0.01739	0.00840	0.02279	0.01320	0.03479	0.01080	0.01260	0.00840	0.00720	0.00480	0.00240	0.00600	0.00420	0.00480	0.00840
16	0.05723	0.01303	0.01714	0.01336	0.01900	0.01154	0.01095	0.03503	0.04401	0.56733	0.07506	0.02784	0.02251	0.00984	0.00771	0.00236	0.00632	0.00802	0.00910	0.04261
17	0.01088	0.00792	0.01023	0.00965	0.01152	0.00727	0.00724	0.01444	0.02172	0.03055	0.64323	0.05881	0.10532	0.01605	0.00915	0.00245	0.00367	0.01415	0.00846	0.00727
18	0.78228	0.01499	0.01140	0.01020	0.01499	0.01739	0.00840	0.02279	0.01320	0.03479	0.01080	0.01260	0.00840	0.00720	0.00480	0.00240	0.00600	0.00420	0.00480	0.00840
19	0.01140	0.00847	0.01103	0.01237	0.01425	0.00811	0.01039	0.01438	0.01756	0.02235	0.05067	0.13694	0.20476	0.02121	0.01025	0.00329	0.00611	0.42240	0.00716	0.00692
20	0.01765	0.01519	0.01679	0.01359	0.01925	0.01473	0.01070	0.03017	0.33474	0.02879	0.02251	0.02239	0.01747	0.00809	0.00680	0.00188	0.00594	0.00664	0.00621	0.40049
21	0.78228	0.01499	0.01140	0.01020	0.01499	0.01739	0.00840	0.02279	0.01320	0.03479	0.01080	0.01260	0.00840	0.00720	0.00480	0.00240	0.00600	0.00420	0.00480	0.00840
22	0.00945	0.00675	0.00900	0.01080	0.01125	0.00630	0.00720	0.01080	0.01484	0.01979	0.04274	0.72245	0.05128	0.02429	0.00990	0.00315	0.00450	0.02204	0.00720	0.00630
23	0.02058	0.01689	0.01796	0.01585	0.02042	0.01934	0.01242	0.08455	0.59700	0.05742	0.03060	0.02810	0.02276	0.01040	0.00788	0.00260	0.00632	0.00860	0.00794	0.01237
24	0.03452	0.01363	0.01826	0.01400	0.02001	0.01204	0.01157	0.06902	0.02292	0.65225	0.02998	0.02600	0.01889	0.00958	0.00780	0.00240	0.00670	0.00776	0.00950	0.01319
25	0.00984	0.00697	0.00914	0.01065	0.01116	0.00659	0.00716	0.01122	0.01484	0.01982	0.06360	0.59564	0.04921	0.10218	0.01320	0.00363	0.00492	0.04707	0.00697	0.00619
26	0.00982	0.00690	0.00889	0.01032	0.01068	0.00655	0.00669	0.01089	0.01411	0.01882	0.03899	0.58508	0.04656	0.16810	0.01594	0.00404	0.00512	0.01984	0.00669	0.00597
27	0.78228	0.01499	0.01140	0.01020	0.01499	0.01739	0.00840	0.02279	0.01320	0.03479	0.01080	0.01260	0.00840	0.00720	0.00480	0.00240	0.00600	0.00420	0.00480	0.00840
28	0.01062	0.00796	0.00987	0.00953	0.01154	0.00721	0.00723	0.01387	0.02073	0.02830	0.50241	0.06333	0.21457	0.01702	0.00923	0.00254	0.00389	0.04485	0.00815	0.00712
29	0.01464	0.01378	0.02326	0.70887	0.05340	0.01723	0.02153	0.01981	0.01550	0.01981	0.01378	0.02067	0.01034	0.00775	0.00775	0.00258	0.01034	0.00689	0.00345	0.00861
30	0.01610	0.07355	0.60389	0.02362	0.08269	0.01868	0.02749	0.02443	0.01644	0.02429	0.01381	0.01639	0.01002	0.00729	0.00727	0.00240	0.01112	0.00574	0.00332	0.01145
31	0.01927	0.05417	0.03193	0.04587	0.64612	0.01904	0.02327	0.02377	0.01756	0.02498	0.01439	0.01885	0.01216	0.00689	0.00754	0.00227	0.00917	0.00677	0.00381	0.01216
32	0.78228	0.01499	0.01140	0.01020	0.01499	0.01739	0.00840	0.02279	0.01320	0.03479	0.01080	0.01260	0.00840	0.00720	0.00480	0.00240	0.00600	0.00420	0.00480	0.00840
33	0.01835	0.01927	0.02354	0.02031	0.02077	0.10136	0.01673	0.02008	0.01304	0.01870	0.01039	0.01662	0.01016	0.01293	0.02332	0.00323	0.63262	0.00658	0.00346	0.00854
34	0.01085	0.00792	0.01019	0.00962	0.01151	0.00726	0.00722	0.01439	0.02166	0.03040	0.63420	0.05906	0.11444	0.01611	0.00915	0.00245	0.00368	0.01418	0.00844	0.00726
35	0.01755	0.01515	0.01588	0.01442	0.01850	0.01711	0.01118	0.03605	0.55433	0.03047	0.03960	0.03675	0.13531	0.01208	0.00811	0.00263	0.00576	0.01007	0.00777	0.01129
36	0.01982	0.01820	0.05590	0.06934	0.41858	0.01677	0.04694	0.04411	0.01822	0.07681	0.01581	0.01927	0.01250	0.00706	0.00744	0.00216	0.00876	0.00666	0.00449	0.13117
37	0.72819	0.06593	0.01347	0.01041	0.01534	0.01834	0.00874	0.02282	0.01338	0.03361	0.01080	0.01258	0.00851	0.00716	0.00481	0.00235	0.00616	0.00419	0.00469	0.00851

[dist]
# distance from previous block
# <min> <max>
0	2

[block]
# block no. 2 follows, 25 sequences, length 190
# corresponding to MSA columns:
# 209-398
name=unknown_C
#
# <colnr> <probs for GDERKNQSTAVLIFYWHMCP>
#	G	D	E	R	K	N	Q	S	T	A	V	L	I	F	Y	W	H	M	C	P
0	0.01784	0.02010	0.04319	0.03119	0.03838	0.01915	0.59664	0.02395	0.01789	0.02436	0.01674	0.05346	0.01355	0.00763	0.00981	0.00267	0.03955	0.00966	0.00405	0.01019
1	0.01929	0.01666	0.01753	0.01578	0.02016	0.01929	0.01227	0.04120	0.66513	0.03243	0.03156	0.02893	0.02367	0.01052	0.00789	0.00263	0.00614	0.00877	0.00789	0.01227
2	0.01217	0.00876	0.01208	0.01377	0.01554	0.00867	0.01189	0.01555	0.01770	0.02292	0.04310	0.11735	0.07807	0.02146	0.01059	0.00350	0.00684	0.56581	0.00715	0.00707
3	0.01097	0.00793	0.01036	0.00975	0.01158	0.00732	0.00732	0.01463	0.02195	0.03109	0.67505	0.05792	0.07316	0.01585	0.00914	0.00244	0.00366	0.01402	0.00854	0.00732
4	0.01057	0.00791	0.00981	0.00933	0.01134	0.00714	0.00700	0.01385	0.02100	0.02883	0.54229	0.06164	0.20733	0.01669	0.00915	0.00248	0.00372	0.01454	0.00824	0.00714
5	0.02947	0.02172	0.02327	0.01784	0.02404	0.02404	0.01474	0.65329	0.03646	0.04887	0.01862	0.01862	0.01319	0.00931	0.00776	0.00233	0.00853	0.00698	0.00776	0.01319
6	0.75378	0.01493	0.01165	0.01033	0.01518	0.01717	0.00851	0.02336	0.01354	0.05956	0.01155	0.01312	0.00881	0.00729	0.00491	0.00240	0.00602	0.00434	0.00498	0.00858
7	0.03479	0.01320	0.01799	0.01380	0.01979	0.01140	0.01140	0.03779	0.02219	0.68451	0.03059	0.02639	0.01919	0.00960	0.00780	0.00240	0.00660	0.00780	0.00960	0.01320
8	0.03455	0.01358	0.01823	0.01398	0.01999	0.01197	0.01155	0.06590	0.02284	0.65547	0.03004	0.02604	0.01892	0.00958	0.00780	0.00240	0.00669	0.00776	0.00951	0.01319
9	0.78228	0.01499	0.01140	0.01020	0.01499	0.01739	0.00840	0.02279	0.01320	0.03479	0.01080	0.01260	0.00840	0.00720	0.00480	0.00240	0.00600	0.00420	0.00480	0.00840
10	0.03479	0.01320	0.01799	0.01380	0.01979	0.01140	0.01140	0.03779	0.02219	0.68451	0.03059	0.02639	0.01919	0.00960	0.00780	0.00240	0.00660	0.00780	0.00960	0.01320
11	0.01445	0.00723	0.00723	0.00723	0.00903	0.00723	0.00542	0.01807	0.01626	0.02891	0.02529	0.02891	0.01987	0.00903	0.00542	0.00181	0.00361	0.00723	0.77055	0.00723
12	0.78228	0.01499	0.01140	0.01020	0.01499	0.01739	0.00840	0.02279	0.01320	0.03479	0.01080	0.01260	0.00840	0.00720	0.00480	0.00240	0.00600	0.00420	0.00480	0.00840
13	0.02947	0.02172	0.02327	0.01784	0.02404	0.02404	0.01474	0.65329	0.03646	0.04887	0.01862	0.01862	0.01319	0.00931	0.00776	0.00233	0.00853	0.00698	0.00776	0.01319
14	0.00963	0.00736	0.00872	0.00942	0.01086	0.00658	0.00660	0.01145	0.01670	0.02151	0.13928	0.35501	0.29244	0.05417	0.01089	0.00306	0.00431	0.01830	0.00726	0.00645
15	0.03479	0.01320	0.01799	0.01380	0.01979	0.01140	0.01140	0.03779	0.02219	0.68451	0.03059	0.02639	0.01919	0.00960	0.00780	0.00240	0.00660	0.00780	0.00960	0.01320
16	0.78228	0.01499	0.01140	0.01020	0.01499	0.01739	0.00840	0.02279	0.01320	0.03479	0.01080	0.01260	0.00840	0.00720	0.00480	0.00240	0.00600	0.00420	0.00480	0.00840
17	0.01830	0.02092	0.04575	0.03268	0.04052	0.01961	0.65098	0.02484	0.01830	0.02484	0.01569	0.02092	0.01176	0.00654	0.00915	0.00261	0.01307	0.00915	0.00392	0.01046
18	0.00916	0.00785	0.00785	0.00785	0.01047	0.00655	0.00589	0.01113	0.01767	0.02095	0.07855	0.07462	0.67599	0.01964	0.00916	0.00262	0.00393	0.01636	0.00720	0.00655
19	0.71737	0.01484	0.01197	0.01051	0.01541	0.01687	0.00866	0.02409	0.01398	0.09120	0.01251	0.01379	0.00933	0.00741	0.00506	0.00240	0.00605	0.00451	0.00521	0.00881
20	0.01492	0.01410	0.02359	0.65354	0.07581	0.01756	0.02142	0.01991	0.01543	0.01997	0.01365	0.02045	0.01040	0.00797	0.00852	0.00261	0.04105	0.00689	0.00346	0.00875
21	0.00950	0.00679	0.00904	0.01076	0.01126	0.00633	0.00720	0.01093	0.01509	0.02018	0.06459	0.69948	0.05204	0.02400	0.00987	0.00312	0.00447	0.02177	0.00724	0.00633
22	0.02049	0.69992	0.07077	0.01368	0.02054	0.03009	0.01398	0.02328	0.01578	0.01854	0.01093	0.01262	0.00994	0.00667	0.00509	0.00170	0.00844	0.00422	0.00331	0.01002
23	0.78228	0.01499	0.01140	0.01020	0.01499	0.01739	0.00840	0.02279	0.01320	0.03479	0.01080	0.01260	0.00840	0.00720	0.00480	0.00240	0.00600	0.00420	0.00480	0.00840
24	0.01445	0.00723	0.00723	0.00723	0.00903	0.00723	0.00542	0.01807	0.01626	0.02891	0.02529	0.02891	0.01987	0.00903	0.00542	0.00181	0.00361	0.00723	0.77055	0.00723
25	0.01875	0.01781	0.12315	0.01600	0.04789	0.01467	0.01384	0.17335	0.07192	0.07917	0.29212	0.03590	0.03871	0.01172	0.00828	0.00242	0.00669	0.00989	0.00734	0.01037
26	0.04349	0.01475	0.02307	0.51459	0.12268	0.01764	0.02013	0.02317	0.09988	0.02265	0.01607	0.02127	0.01223	0.00799	0.00765	0.00255	0.00950	0.00704	0.00412	0.00952
27	0.01196	0.00814	0.01068	0.00992	0.01192	0.00748	0.00748	0.01559	0.02196	0.05810	0.64841	0.05661	0.07093	0.01559	0.00909	0.00244	0.00378	0.01376	0.00858	0.00756
28	0.01098	0.00791	0.01030	0.00971	0.01147	0.00732	0.00722	0.01451	0.02156	0.03051	0.65149	0.05766	0.07153	0.04162	0.01024	0.00262	0.00380	0.01392	0.00840	0.00722
29	0.78228	0.01499	0.01140	0.01020	0.01499	0.01739	0.00840	0.02279	0.01320	0.03479	0.01080	0.01260	0.00840	0.00720	0.00480	0.00240	0.00600	0.00420	0.00480	0.00840
30	0.00926	0.00786	0.00799	0.00795	0.01053	0.00659	0.00597	0.01131	0.01790	0.02148	0.10984	0.07374	0.64437	0.01944	0.00916	0.00261	0.00391	0.01624	0.00727	0.00659
31	0.01504	0.00780	0.00786	0.00764	0.00962	0.00789	0.00579	0.04299	0.01705	0.02969	0.02503	0.02850	0.01961	0.00904	0.00551	0.00183	0.00381	0.00722	0.74062	0.00746
32	0.78228	0.01499	0.01140	0.01020	0.01499	0.01739	0.00840	0.02279	0.01320	0.03479	0.01080	0.01260	0.00840	0.00720	0.00480	0.00240	0.00600	0.00420	0.00480	0.00840
33	0.02911	0.02154	0.02306	0.01777	0.02391	0.02387	0.01465	0.63139	0.05895	0.04828	0.01908	0.01898	0.01356	0.00935	0.00776	0.00234	0.00845	0.00704	0.00776	0.01315
34	0.02051	0.53515	0.17329	0.01536	0.02288	0.05132	0.01645	0.02435	0.01636	0.04580	0.01225	0.01386	0.01029	0.00695	0.00566	0.00187	0.00909	0.00465	0.00358	0.01036
35	0.01656	0.06832	0.48930	0.02514	0.06594	0.01897	0.15846	0.02451	0.01681	0.02435	0.01417	0.01727	0.01036	0.00713	0.00764	0.00244	0.01154	0.00643	0.00344	0.01122
36	0.01919	0.01842	0.03147	0.04759	0.67914	0.01842	0.02380	0.02380	0.01765	0.02533	0.01458	0.01919	0.01228	0.00691	0.00768	0.00230	0.00921	0.00691	0.00384	0.01228
37	0.01445	0.00723	0.00723	0.00723	0.00903	0.00723	0.00542	0.01807	0.01626	0.02891	0.02529	0.02891	0.01987	0.00903	0.00542	0.00181	0.00361	0.00723	0.77055	0.00723
38	0.05735	0.01748	0.03240	0.26911	0.21228	0.01836	0.23412	0.02272	0.01690	0.02375	0.01448	0.01994	0.01123	0.00709	0.00805	0.00251	0.01074	0.00752	0.00378	0.01019
39	0.02341	0.01259	0.01551	0.01299	0.01734	0.01227	0.01033	0.05426	0.16439	0.30586	0.20620	0.03767	0.06893	0.01200	0.00825	0.00247	0.00564	0.01010	0.00874	0.01106
40	0.00956	0.00689	0.00906	0.01060	0.01124	0.00639	0.00716	0.01112	0.01553	0.02076	0.09588	0.64317	0.07705	0.02342	0.00981	0.00307	0.00441	0.02117	0.00731	0.00639
41	0.01171	0.00878	0.01157	0.01158	0.03894	0.00835	0.00822	0.01630	0.05323	0.03093	0.61693	0.05494	0.06828	0.01523	0.00902	0.00244	0.00400	0.01348	0.00831	0.00776
42	0.02017	0.11175	0.38177	0.02080	0.05662	0.02113	0.02233	0.19340	0.04724	0.03069	0.01554	0.01714	0.01139	0.00791	0.00723	0.00233	0.01001	0.00606	0.00468	0.01182
43	0.01861	0.42092	0.23745	0.05128	0.05458	0.02528	0.01902	0.02328	0.01584	0.02059	0.01203	0.01455	0.01004	0.00724	0.00690	0.00206	0.04161	0.00501	0.00334	0.01038
44	0.00971	0.00681	0.00898	0.01061	0.01117	0.00637	0.00713	0.01124	0.01517	0.02060	0.06611	0.66846	0.05082	0.02334	0.00968	0.00307	0.00443	0.02112	0.03880	0.00637
45	0.75173	0.01527	0.01188	0.01051	0.01536	0.01766	0.00865	0.04837	0.01414	0.03536	0.01111	0.01284	0.00859	0.00728	0.00492	0.00240	0.00610	0.00431	0.00492	0.00859
46	0.01128	0.00752	0.00846	0.00846	0.00846	0.00752	0.00470	0.01128	0.01128	0.01503	0.02443	0.05074	0.02819	0.72751	0.03946	0.00752	0.00752	0.01128	0.00470	0.00470
47	0.02540	0.04774	0.02185	0.01691	0.02246	0.02256	0.01378	0.40458	0.26570	0.04165	0.02304	0.02215	0.01689	0.00965	0.00770	0.00241	0.00765	0.00752	0.00763	0.01272
48	0.10424	0.01474	0.01812	0.01412	0.01997	0.01410	0.01163	0.12582	0.04809	0.50569	0.02701	0.02405	0.01747	0.00936	0.00751	0.00240	0.00680	0.00738	0.00881	0.01270
49	0.09622	0.01334	0.01745	0.01350	0.01940	0.01189	0.01115	0.03655	0.02145	0.63111	0.02896	0.02526	0.01831	0.00940	0.00755	0.00240	0.00655	0.00750	0.00920	0.01280
50	0.00981	0.00783	0.00878	0.00865	0.01090	0.00680	0.00645	0.01234	0.01904	0.02444	0.28559	0.09712	0.43784	0.01852	0.00919	0.00258	0.00386	0.01579	0.00767	0.00680
51	0.02896	0.03695	0.02197	0.01998	0.02397	0.69638	0.01498	0.03096	0.02197	0.01898	0.01199	0.01398	0.00999	0.00799	0.00699	0.00200	0.01398	0.00499	0.00400	0.00899
52	0.01108	0.00831	0.01246	0.01246	0.01385	0.00969	0.00969	0.01385	0.01246	0.01800	0.02077	0.03046	0.01938	0.05815	0.69678	0.01246	0.02077	0.00831	0.00415	0.00692
53	0.04377	0.01592	0.02453	0.48792	0.18190	0.04693	0.02108	0.02120	0.01602	0.02143	0.01363	0.01964	0.01066	0.00779	0.00828	0.00252	0.03708	0.00671	0.00360	0.00939
54	0.01871	0.01857	0.05579	0.13898	0.18794	0.04665	0.13047	0.09784	0.07197	0.02708	0.01929	0.08140	0.01643	0.00922	0.00802	0.00248	0.00939	0.00865	0.04059	0.01054
55	0.29243	0.02883	0.38057	0.01792	0.02654	0.01754	0.05047	0.02458	0.01561	0.06052	0.01369	0.01572	0.00986	0.00737	0.00655	0.00244	0.00933	0.00544	0.00416	0.01039
56	0.05107	0.67353	0.03866	0.01344	0.01989	0.05928	0.01315	0.02354	0.01593	0.01893	0.01083	0.01251	0.00989	0.00672	0.00506	0.00170	0.00845	0.00419	0.00340	0.00985
57	0.01038	0.00785	0.00958	0.00925	0.01125	0.00705	0.00690	0.01344	0.02038	0.02764	0.47342	0.09371	0.24612	0.01734	0.00919	0.00252	0.00377	0.01507	0.00809	0.00705
58	0.02590	0.01787	0.02003	0.01545	0.02156	0.01823	0.01260	0.33093	0.10709	0.14171	0.02097	0.02052	0.01503	0.00866	0.00730	0.00210	0.00727	0.00677	0.00732	0.19271
59	0.02885	0.01644	0.02003	0.04924	0.07117	0.04532	0.01355	0.11914	0.14306	0.36914	0.02639	0.02448	0.01790	0.00937	0.00776	0.00242	0.00746	0.00764	0.00808	0.01256
60	0.06001	0.01485	0.02369	0.26842	0.12837	0.01543	0.06699	0.02760	0.01841	0.26862	0.02015	0.02221	0.01393	0.00819	0.00773	0.00247	0.00879	0.00728	0.00589	0.01098
61	0.00945	0.00675	0.00900	0.01080	0.01125	0.00630	0.00720	0.01080	0.01484	0.01979	0.04274	0.72245	0.05128	0.02429	0.00990	0.00315	0.00450	0.02204	0.00720	0.00630
62	0.01776	0.01723	0.03014	0.24472	0.44075	0.01816	0.07294	0.02268	0.01706	0.02364	0.01443	0.01977	0.01166	0.00713	0.00782	0.00241	0.00986	0.00708	0.00373	0.01104
63	0.01744	0.11927	0.49571	0.02337	0.08792	0.01935	0.05287	0.02491	0.01674	0.05224	0.01439	0.01677	0.01054	0.00730	0.00720	0.00235	0.01074	0.00588	0.00363	0.01138
64	0.04978	0.01565	0.01715	0.04174	0.01899	0.04951	0.01197	0.21110	0.04314	0.03166	0.04718	0.08374	0.04332	0.01174	0.01057	0.00250	0.13224	0.00873	0.15978	0.00950
65	0.01445	0.00723	0.00723	0.00723	0.00903	0.00723	0.00542	0.01807	0.01626	0.02891	0.02529	0.02891	0.01987	0.00903	0.00542	0.00181	0.00361	0.00723	0.77055	0.00723
66	0.01608	0.01378	0.01608	0.01148	0.01837	0.01034	0.00919	0.01952	0.01608	0.02527	0.01378	0.01608	0.01148	0.00574	0.00574	0.00115	0.00574	0.00459	0.00459	0.77491
67	0.05464	0.35197	0.05680	0.07968	0.05944	0.13585	0.04020	0.04940	0.04340	0.04365	0.01352	0.01561	0.01108	0.00737	0.00626	0.00202	0.00954	0.00534	0.00411	0.01013
68	0.78228	0.01499	0.01140	0.01020	0.01499	0.01739	0.00840	0.02279	0.01320	0.03479	0.01080	0.01260	0.00840	0.00720	0.00480	0.00240	0.00600	0.00420	0.00480	0.00840
69	0.01013	0.00789	0.00920	0.00887	0.01107	0.00696	0.00666	0.01301	0.01997	0.02639	0.39840	0.06566	0.35275	0.01761	0.00915	0.00252	0.00378	0.01511	0.00792	0.00696
70	0.02073	0.73217	0.04063	0.01327	0.01990	0.03068	0.01327	0.02322	0.01575	0.01824	0.01078	0.01244	0.00995	0.00663	0.00498	0.00166	0.00829	0.00415	0.00332	0.00995
71	0.01061	0.00791	0.00986	0.00937	0.01136	0.00716	0.00703	0.01392	0.02108	0.02904	0.55455	0.06129	0.19494	0.01662	0.00915	0.00247	0.00371	0.01450	0.00827	0.00716
72	0.01108	0.00831	0.01246	0.01246	0.01385	0.00969	0.00969	0.01385	0.01246	0.01800	0.02077	0.03046	0.01938	0.05815	0.69678	0.01246	0.02077	0.00831	0.00415	0.00692
73	0.01128	0.00752	0.00846	0.00846	0.00846	0.00752	0.00470	0.01128	0.01128	0.01503	0.02443	0.05074	0.02819	0.72751	0.03946	0.00752	0.00752	0.01128	0.00470	0.00470
74	0.02073	0.73217	0.04063	0.01327	0.01990	0.03068	0.01327	0.02322	0.01575	0.01824	0.01078	0.01244	0.00995	0.00663	0.00498	0.00166	0.00829	0.00415	0.00332	0.00995
75	0.02896	0.03695	0.02197	0.01998	0.02397	0.69638	0.01498	0.03096	0.02197	0.01898	0.01199	0.01398	0.00999	0.00799	0.00699	0.00200	0.01398	0.00499	0.00400	0.00899
76	0.01097	0.00793	0.01036	0.00975	0.01158	0.00732	0.00732	0.01463	0.02195	0.03109	0.67505	0.05792	0.07316	0.01585	0.00914	0.00244	0.00366	0.01402	0.00854	0.00732
77	0.78228	0.01499	0.01140	0.01020	0.01499	0.01739	0.00840	0.02279	0.01320	0.03479	0.01080	0.01260	0.00840	0.00720	0.00480	0.00240	0.00600	0.00420	0.00480	0.00840
78	0.78228	0.01499	0.01140	0.01020	0.01499	0.01739	0.00840	0.02279	0.01320	0.03479	0.01080	0.01260	0.00840	0.00720	0.00480	0.00240	0.00600	0.00420	0.00480	0.00840
79	0.05543	0.10881	0.02046	0.01329	0.01942	0.01568	0.01112	0.10953	0.04846	0.21715	0.04313	0.02079	0.01632	0.00806	0.00667	0.00189	0.00664	0.00627	0.00657	0.26431
80	0.01001	0.00846	0.00873	0.00856	0.01123	0.00749	0.00645	0.01349	0.06243	0.02261	0.12676	0.07005	0.57928	0.01869	0.00907	0.00260	0.00406	0.01564	0.00736	0.00700
81	0.02947	0.02172	0.02327	0.01784	0.02404	0.02404	0.01474	0.65329	0.03646	0.04887	0.01862	0.01862	0.01319	0.00931	0.00776	0.00233	0.00853	0.00698	0.00776	0.01319
82	0.02054	0.70720	0.06397	0.01359	0.02039	0.03022	0.01382	0.02327	0.01578	0.01847	0.01089	0.01258	0.00995	0.00666	0.00506	0.00169	0.00841	0.00420	0.00332	0.01000
83	0.02807	0.01470	0.01779	0.01466	0.01995	0.01482	0.01178	0.03927	0.30085	0.40189	0.03101	0.02749	0.02113	0.01000	0.00784	0.00250	0.00640	0.00822	0.00886	0.01280
84	0.01097	0.00793	0.01036	0.00975	0.01158	0.00732	0.00732	0.01463	0.02195	0.03109	0.67505	0.05792	0.07316	0.01585	0.00914	0.00244	0.00366	0.01402	0.00854	0.00732
85	0.00918	0.00781	0.00790	0.00797	0.01050	0.00654	0.00594	0.01111	0.01756	0.02090	0.07709	0.10090	0.65065	0.01983	0.00919	0.00264	0.00395	0.01659	0.00720	0.00654
86	0.03066	0.01708	0.06545	0.01640	0.04718	0.01504	0.01363	0.18625	0.02485	0.42878	0.02565	0.02362	0.01683	0.00924	0.00765	0.00236	0.00738	0.00739	0.04178	0.01278
87	0.01830	0.02092	0.04575	0.03268	0.04052	0.01961	0.65098	0.02484	0.01830	0.02484	0.01569	0.02092	0.01176	0.00654	0.00915	0.00261	0.01307	0.00915	0.00392	0.01046
