[name]
unknown

[dist]
# distance from previous block
# <min> <max>
0	19

[block]
# block no. 0 follows, 24 sequences, length 7
# corresponding to MSA columns:
# 19-25
name=unknown_A
#
# <colnr> <probs for GDERKNQSTAVLIFYWHMCP>
#	G	D	E	R	K	N	Q	S	T	A	V	L	I	F	Y	W	H	M	C	P
0	0.01278	0.00913	0.01278	0.01460	0.01643	0.00913	0.01278	0.01643	0.01825	0.02373	0.04199	0.08945	0.04564	0.02191	0.01095	0.00365	0.00730	0.61847	0.00730	0.00730
1	0.01738	0.18269	0.48255	0.02326	0.09393	0.02118	0.02551	0.02475	0.01674	0.02384	0.01362	0.01618	0.01032	0.00733	0.00705	0.00232	0.01081	0.00564	0.00341	0.01148
2	0.06149	0.18812	0.46581	0.01946	0.02941	0.02085	0.02370	0.02546	0.01675	0.06020	0.01429	0.01621	0.01052	0.00749	0.00687	0.00233	0.01042	0.00553	0.00380	0.01130
3	0.02111	0.01471	0.01552	0.01358	0.01738	0.07842	0.01055	0.05268	0.16133	0.17981	0.24135	0.06635	0.06741	0.01301	0.00851	0.00252	0.00627	0.01094	0.00824	0.01031
4	0.01886	0.01684	0.02599	0.06769	0.41202	0.01731	0.01976	0.08426	0.05830	0.02828	0.05359	0.03169	0.05321	0.01009	0.00832	0.00254	0.00847	0.06609	0.00528	0.01143
5	0.01988	0.37874	0.30138	0.01771	0.02647	0.02543	0.02015	0.08334	0.01838	0.02427	0.01310	0.01497	0.01044	0.00735	0.00636	0.00209	0.00983	0.00518	0.00381	0.01112
6	0.18336	0.05859	0.12684	0.04502	0.04381	0.05288	0.01495	0.14738	0.02156	0.08844	0.08378	0.02493	0.05710	0.00969	0.00726	0.00241	0.00810	0.00741	0.00599	0.01053

[dist]
# distance from previous block
# <min> <max>
0	4

[block]
# block no. 1 follows, 24 sequences, length 15
# corresponding to MSA columns:
# 30-44
name=unknown_B
#
# <colnr> <probs for GDERKNQSTAVLIFYWHMCP>
#	G	D	E	R	K	N	Q	S	T	A	V	L	I	F	Y	W	H	M	C	P
0	0.01874	0.01761	0.02965	0.04430	0.59486	0.01761	0.02246	0.02309	0.01763	0.02510	0.01695	0.02528	0.01530	0.05526	0.01017	0.00277	0.00920	0.03808	0.00415	0.01178
1	0.49547	0.01680	0.08391	0.01385	0.05995	0.01589	0.01138	0.02239	0.01515	0.03278	0.05706	0.01899	0.01492	0.00819	0.00576	0.00238	0.00647	0.00571	0.10400	0.00896
2	0.01116	0.00795	0.00968	0.00943	0.01058	0.00766	0.00641	0.01312	0.01682	0.02302	0.29641	0.05602	0.11464	0.30845	0.07067	0.00537	0.00664	0.01303	0.00666	0.00627
3	0.02623	0.01314	0.01650	0.01325	0.01818	0.01224	0.01069	0.10696	0.04676	0.35771	0.17867	0.03635	0.07438	0.01181	0.00830	0.00243	0.00607	0.00982	0.00890	0.04161
4	0.01641	0.10670	0.61900	0.02174	0.03298	0.01966	0.02779	0.02498	0.01668	0.02449	0.01392	0.01636	0.01006	0.00746	0.00730	0.00243	0.01141	0.00570	0.00335	0.01157
5	0.01498	0.01409	0.02378	0.70226	0.05462	0.01762	0.02202	0.02026	0.01586	0.02026	0.01409	0.02114	0.01057	0.00793	0.00793	0.00264	0.01057	0.00705	0.00352	0.00881
6	0.00966	0.00690	0.00920	0.01104	0.01150	0.00644	0.00736	0.01104	0.01518	0.02024	0.04371	0.71614	0.05245	0.02484	0.01012	0.00322	0.00460	0.02254	0.00736	0.00644
7	0.01972	0.01703	0.01793	0.01614	0.02062	0.01972	0.01255	0.04214	0.65752	0.03317	0.03228	0.02959	0.02421	0.01076	0.00807	0.00269	0.00628	0.00897	0.00807	0.01255
8	0.00964	0.00697	0.00913	0.01087	0.01146	0.00646	0.00728	0.01106	0.01535	0.02031	0.04582	0.67928	0.08794	0.02457	0.01008	0.00319	0.00457	0.02221	0.00736	0.00646
9	0.73188	0.01522	0.01207	0.01065	0.01564	0.01741	0.00878	0.02425	0.01406	0.07490	0.01228	0.01375	0.00926	0.00751	0.00510	0.00245	0.00617	0.00452	0.00521	0.00889
10	0.00958	0.00804	0.00832	0.00825	0.01084	0.00678	0.00619	0.01178	0.01856	0.02257	0.14518	0.07443	0.60307	0.01966	0.00937	0.00266	0.00399	0.01647	0.00751	0.00678
11	0.01959	0.01568	0.01676	0.01500	0.01938	0.01756	0.01169	0.03813	0.53411	0.07776	0.03807	0.03510	0.10254	0.01183	0.00822	0.00267	0.00603	0.00984	0.00811	0.01190
12	0.01519	0.01452	0.02512	0.66342	0.05385	0.01776	0.05808	0.02056	0.01602	0.02056	0.01421	0.02116	0.01066	0.00786	0.00801	0.00264	0.01073	0.00718	0.00355	0.00892
13	0.01003	0.00806	0.00895	0.00873	0.01112	0.00698	0.00654	0.01266	0.01963	0.02512	0.28957	0.07023	0.45709	0.01870	0.00937	0.00261	0.00392	0.01588	0.00785	0.00698
14	0.00966	0.00690	0.00920	0.01104	0.01150	0.00644	0.00736	0.01104	0.01518	0.02024	0.04371	0.71614	0.05245	0.02484	0.01012	0.00322	0.00460	0.02254	0.00736	0.00644

[dist]
# distance from previous block
# <min> <max>
0	3

[block]
# block no. 2 follows, 24 sequences, length 56
# corresponding to MSA columns:
# 48-103
name=unknown_C
#
# <colnr> <probs for GDERKNQSTAVLIFYWHMCP>
#	G	D	E	R	K	N	Q	S	T	A	V	L	I	F	Y	W	H	M	C	P
0	0.01590	0.04102	0.68023	0.02260	0.03432	0.01842	0.02930	0.02511	0.01674	0.02511	0.01423	0.01674	0.01005	0.00753	0.00753	0.00251	0.01172	0.00586	0.00335	0.01172
1	0.02853	0.02959	0.02314	0.05353	0.02587	0.36582	0.01565	0.27008	0.02745	0.03137	0.01491	0.01663	0.01152	0.00895	0.00837	0.00227	0.04390	0.00608	0.00553	0.01083
2	0.01139	0.00808	0.01093	0.01258	0.01368	0.00790	0.00981	0.01377	0.01636	0.02151	0.04104	0.34034	0.04678	0.09070	0.01346	0.00387	0.00624	0.31779	0.00708	0.00671
3	0.01644	0.01409	0.01644	0.01175	0.01879	0.01057	0.00940	0.01997	0.01644	0.02584	0.01409	0.01644	0.01175	0.00587	0.00587	0.00117	0.00587	0.00470	0.00470	0.76979
4	0.72896	0.01578	0.01244	0.01093	0.01593	0.01823	0.00901	0.06358	0.01504	0.03651	0.01156	0.01328	0.00890	0.00750	0.00510	0.00245	0.00630	0.00448	0.00510	0.00890
5	0.01122	0.00811	0.01060	0.00998	0.01185	0.00748	0.00748	0.01496	0.02245	0.03180	0.66766	0.05923	0.07482	0.01621	0.00935	0.00249	0.00374	0.01434	0.00873	0.00748
6	0.01430	0.01033	0.01245	0.01185	0.01433	0.01034	0.00896	0.05970	0.11435	0.05670	0.30352	0.19393	0.09999	0.01707	0.00924	0.00273	0.00491	0.03855	0.00817	0.00858
7	0.02120	0.72609	0.04155	0.01357	0.02035	0.03138	0.01357	0.02374	0.01611	0.01866	0.01102	0.01272	0.01018	0.00678	0.00509	0.00170	0.00848	0.00424	0.00339	0.01018
8	0.01122	0.00811	0.01060	0.00998	0.01185	0.00748	0.00748	0.01496	0.02245	0.03180	0.66766	0.05923	0.07482	0.01621	0.00935	0.00249	0.00374	0.01434	0.00873	0.00748
9	0.01539	0.01403	0.02284	0.62347	0.05033	0.01724	0.02073	0.05078	0.01688	0.02174	0.01626	0.06603	0.01343	0.00910	0.00807	0.00267	0.01009	0.00806	0.00399	0.00889
10	0.01143	0.00773	0.00899	0.00901	0.00923	0.00773	0.00532	0.01188	0.01250	0.01686	0.07134	0.07556	0.03256	0.61625	0.06603	0.00738	0.00790	0.01200	0.00515	0.00516
11	0.02351	0.01085	0.01460	0.01223	0.01624	0.00964	0.00978	0.02691	0.02241	0.35546	0.32365	0.04424	0.04597	0.01323	0.00872	0.00252	0.00539	0.03494	0.00922	0.01049
12	0.01614	0.07089	0.65238	0.02221	0.03371	0.01898	0.02861	0.02505	0.01671	0.02483	0.01409	0.01657	0.01005	0.00750	0.00743	0.00248	0.01158	0.00579	0.00335	0.01165
13	0.04864	0.01458	0.02401	0.61335	0.10838	0.01774	0.02164	0.02076	0.01595	0.02144	0.01404	0.02065	0.01066	0.00783	0.00779	0.00261	0.01027	0.00693	0.00362	0.00914
14	0.09283	0.11204	0.42027	0.01871	0.02822	0.01854	0.02213	0.02639	0.01716	0.11480	0.01589	0.01730	0.01131	0.00767	0.00698	0.00234	0.00985	0.00576	0.00445	0.04735
15	0.01644	0.01409	0.01644	0.01175	0.01879	0.01057	0.00940	0.01997	0.01644	0.02584	0.01409	0.01644	0.01175	0.00587	0.00587	0.00117	0.00587	0.00470	0.00470	0.76979
16	0.03558	0.01350	0.01840	0.01411	0.02024	0.01166	0.01166	0.03865	0.02270	0.67734	0.03128	0.02699	0.01963	0.00981	0.00797	0.00245	0.00675	0.00797	0.00981	0.01350
17	0.01633	0.09541	0.62952	0.02188	0.03321	0.01945	0.02805	0.02500	0.01669	0.02460	0.01398	0.01642	0.01006	0.00747	0.00734	0.00245	0.01146	0.00573	0.00335	0.01160
18	0.01897	0.01817	0.03100	0.14107	0.58459	0.01867	0.02401	0.02376	0.01775	0.02511	0.01480	0.01984	0.01228	0.00719	0.00786	0.00240	0.00958	0.00706	0.00387	0.01203
19	0.01520	0.01441	0.02383	0.63639	0.05135	0.01826	0.02157	0.02015	0.01550	0.02015	0.01374	0.02078	0.01056	0.00850	0.00968	0.00272	0.07786	0.00704	0.00352	0.00880
20	0.02256	0.01709	0.01700	0.04029	0.01968	0.06949	0.01159	0.26433	0.11554	0.03678	0.02263	0.02400	0.01708	0.00943	0.00704	0.00222	0.00709	0.00732	0.27817	0.01066
21	0.00964	0.00697	0.00913	0.01085	0.01145	0.00646	0.00727	0.01106	0.01537	0.02032	0.04608	0.67472	0.09234	0.02454	0.01007	0.00319	0.00456	0.02217	0.00736	0.00646
22	0.01054	0.00830	0.01283	0.01320	0.01440	0.00776	0.06880	0.01243	0.01552	0.02074	0.04103	0.64899	0.04854	0.02309	0.01005	0.00317	0.00545	0.02127	0.00704	0.00685
23	0.02914	0.02171	0.02323	0.01804	0.02421	0.02412	0.01483	0.58710	0.09723	0.04835	0.02032	0.02006	0.01452	0.00964	0.00795	0.00241	0.00849	0.00732	0.00795	0.01340
24	0.01377	0.00689	0.01033	0.01033	0.01033	0.00689	0.00689	0.01033	0.01033	0.01377	0.01377	0.02410	0.01377	0.02755	0.03099	0.76928	0.00689	0.00689	0.00344	0.00344
25	0.01590	0.04102	0.68023	0.02260	0.03432	0.01842	0.02930	0.02511	0.01674	0.02511	0.01423	0.01674	0.01005	0.00753	0.00753	0.00251	0.01172	0.00586	0.00335	0.01172
26	0.01872	0.02139	0.04679	0.03342	0.04144	0.02005	0.64305	0.02540	0.01872	0.02540	0.01604	0.02139	0.01203	0.00668	0.00936	0.00267	0.01337	0.00936	0.00401	0.01070
27	0.01918	0.01838	0.03138	0.11184	0.61219	0.01872	0.02411	0.02394	0.01784	0.02536	0.01484	0.01977	0.01237	0.00715	0.00786	0.00238	0.00953	0.00706	0.00389	0.01220
28	0.02962	0.03779	0.02247	0.02043	0.02451	0.68948	0.01532	0.03166	0.02247	0.01941	0.01226	0.01430	0.01021	0.00817	0.00715	0.00204	0.01430	0.00511	0.00409	0.00919
29	0.05312	0.02036	0.01829	0.01612	0.02053	0.14632	0.01267	0.13227	0.29887	0.05555	0.02536	0.02720	0.01975	0.01031	0.00766	0.00247	0.00803	0.03791	0.07600	0.01121
30	0.01478	0.00739	0.00739	0.00739	0.00924	0.00739	0.00554	0.01848	0.01663	0.02956	0.02587	0.02956	0.02033	0.00924	0.00554	0.00185	0.00370	0.00739	0.76534	0.00739
31	0.01324	0.00874	0.01013	0.00940	0.01226	0.00756	0.00718	0.01592	0.02001	0.10703	0.25614	0.06483	0.40313	0.01759	0.00919	0.00259	0.00427	0.01489	0.00809	0.00779
32	0.00966	0.00690	0.00920	0.01104	0.01150	0.00644	0.00736	0.01104	0.01518	0.02024	0.04371	0.71614	0.05245	0.02484	0.01012	0.00322	0.00460	0.02254	0.00736	0.00644
33	0.01644	0.01409	0.01644	0.01175	0.01879	0.01057	0.00940	0.01997	0.01644	0.02584	0.01409	0.01644	0.01175	0.00587	0.00587	0.00117	0.00587	0.00470	0.00470	0.76979
34	0.01615	0.07263	0.65075	0.02218	0.03368	0.01901	0.02857	0.02505	0.01671	0.02482	0.01408	0.01656	0.01005	0.00750	0.00742	0.00247	0.01157	0.00578	0.00335	0.01165
35	0.02120	0.72609	0.04155	0.01357	0.02035	0.03138	0.01357	0.02374	0.01611	0.01866	0.01102	0.01272	0.01018	0.00678	0.00509	0.00170	0.00848	0.00424	0.00339	0.01018
36	0.00980	0.00700	0.00936	0.01120	0.01172	0.00656	0.00760	0.01128	0.01532	0.02040	0.04363	0.68819	0.05214	0.02471	0.01016	0.00324	0.00472	0.04913	0.00736	0.00648
37	0.01596	0.01510	0.02556	0.56425	0.18495	0.01788	0.02251	0.02112	0.01632	0.02145	0.01427	0.02082	0.01099	0.00775	0.00791	0.00258	0.01033	0.00705	0.00361	0.00960
38	0.02120	0.72609	0.04155	0.01357	0.02035	0.03138	0.01357	0.02374	0.01611	0.01866	0.01102	0.01272	0.01018	0.00678	0.00509	0.00170	0.00848	0.00424	0.00339	0.01018
39	0.01153	0.00769	0.00865	0.00865	0.00865	0.00769	0.00480	0.01153	0.01153	0.01538	0.02499	0.05189	0.02883	0.72131	0.04036	0.00769	0.00769	0.01153	0.00480	0.00480
40	0.01133	0.00850	0.01274	0.01274	0.01416	0.00991	0.00991	0.01416	0.01274	0.01841	0.02124	0.03115	0.01982	0.05947	0.68989	0.01274	0.02124	0.00850	0.00425	0.00708
41	0.01049	0.00808	0.01209	0.01263	0.01365	0.00758	0.05664	0.01219	0.01522	0.02033	0.04034	0.61910	0.04778	0.06852	0.01202	0.00347	0.00548	0.02080	0.00693	0.00667
42	0.01972	0.01703	0.01793	0.01614	0.02062	0.01972	0.01255	0.04214	0.65752	0.03317	0.03228	0.02959	0.02421	0.01076	0.00807	0.00269	0.00628	0.00897	0.00807	0.01255
43	0.01818	0.01551	0.01660	0.01531	0.01938	0.01760	0.01202	0.03706	0.54176	0.03127	0.03727	0.03932	0.08067	0.01262	0.00846	0.00278	0.00618	0.06853	0.00794	0.01155
44	0.02120	0.72609	0.04155	0.01357	0.02035	0.03138	0.01357	0.02374	0.01611	0.01866	0.01102	0.01272	0.01018	0.00678	0.00509	0.00170	0.00848	0.00424	0.00339	0.01018
45	0.77733	0.01534	0.01166	0.01043	0.01534	0.01779	0.00859	0.02331	0.01350	0.03558	0.01104	0.01288	0.00859	0.00736	0.00491	0.00245	0.00613	0.00429	0.00491	0.00859
46	0.01153	0.00769	0.00865	0.00865	0.00865	0.00769	0.00480	0.01153	0.01153	0.01538	0.02499	0.05189	0.02883	0.72131	0.04036	0.00769	0.00769	0.01153	0.00480	0.00480
47	0.01900	0.01674	0.02026	0.01767	0.02226	0.01880	0.07351	0.03821	0.53833	0.03157	0.03158	0.03417	0.02496	0.01137	0.00845	0.00277	0.00705	0.06378	0.00761	0.01190
48	0.00966	0.00690	0.00920	0.01104	0.01150	0.00644	0.00736	0.01104	0.01518	0.02024	0.04371	0.71614	0.05245	0.02484	0.01012	0.00322	0.00460	0.02254	0.00736	0.00644
49	0.02314	0.01771	0.01909	0.01636	0.02135	0.01993	0.01295	0.15713	0.48192	0.09428	0.02966	0.02734	0.02175	0.01044	0.00803	0.00261	0.00679	0.00853	0.00820	0.01281
50	0.01377	0.00689	0.01033	0.01033	0.01033	0.00689	0.00689	0.01033	0.01033	0.01377	0.01377	0.02410	0.01377	0.02755	0.03099	0.76928	0.00689	0.00689	0.00344	0.00344
51	0.05631	0.02625	0.02301	0.01857	0.02424	0.20720	0.01491	0.45472	0.03237	0.04106	0.01689	0.01752	0.01241	0.00907	0.00761	0.00229	0.01017	0.00648	0.00677	0.01213
52	0.02055	0.01420	0.01567	0.01317	0.01697	0.04517	0.01040	0.20107	0.02635	0.11260	0.32230	0.04097	0.06764	0.01297	0.00850	0.00241	0.00605	0.01084	0.04219	0.00998
53	0.01947	0.01977	0.05939	0.04758	0.64509	0.01882	0.02454	0.02437	0.01800	0.02587	0.01489	0.01951	0.01246	0.00709	0.00784	0.00236	0.00952	0.00701	0.00390	0.01253
54	0.00966	0.00690	0.00920	0.01104	0.01150	0.00644	0.00736	0.01104	0.01518	0.02024	0.04371	0.71614	0.05245	0.02484	0.01012	0.00322	0.00460	0.02254	0.00736	0.00644
55	0.01906	0.44964	0.29928	0.01721	0.02599	0.02615	0.01992	0.02430	0.01637	0.02126	0.01232	0.01434	0.01012	0.00709	0.00608	0.00203	0.00979	0.00489	0.00337	0.01080

[dist]
# distance from previous block
# <min> <max>
0	10

[block]
# block no. 3 follows, 24 sequences, length 23
# corresponding to MSA columns:
# 114-136
name=unknown_D
#
# <colnr> <probs for GDERKNQSTAVLIFYWHMCP>
#	G	D	E	R	K	N	Q	S	T	A	V	L	I	F	Y	W	H	M	C	P
0	0.09598	0.12896	0.02428	0.01833	0.02312	0.46059	0.01444	0.10131	0.02251	0.02432	0.01277	0.01451	0.01044	0.00806	0.00675	0.00207	0.01211	0.00515	0.00451	0.00977
1	0.01619	0.03930	0.63003	0.02462	0.08371	0.01845	0.02891	0.02505	0.01684	0.02517	0.01428	0.01697	0.01024	0.00750	0.00756	0.00250	0.01154	0.00595	0.00339	0.01178
2	0.01691	0.01052	0.01184	0.00992	0.01360	0.00952	0.00765	0.05493	0.01839	0.07039	0.08248	0.02929	0.02314	0.04935	0.00825	0.00213	0.00499	0.00757	0.35493	0.21421
3	0.01288	0.00849	0.01102	0.01016	0.01239	0.00774	0.00770	0.01647	0.02222	0.07779	0.58849	0.05787	0.10446	0.01597	0.00925	0.00250	0.00397	0.01402	0.00873	0.00787
4	0.01776	0.01492	0.01714	0.01249	0.01937	0.01216	0.01002	0.07482	0.04472	0.02822	0.01527	0.01721	0.01241	0.00639	0.00614	0.00134	0.00614	0.00508	0.00512	0.67328
5	0.01017	0.00738	0.00960	0.01049	0.01157	0.00681	0.00732	0.01238	0.01781	0.02420	0.25575	0.45460	0.09922	0.02164	0.00982	0.00294	0.00427	0.01942	0.00782	0.00681
6	0.77733	0.01534	0.01166	0.01043	0.01534	0.01779	0.00859	0.02331	0.01350	0.03558	0.01104	0.01288	0.00859	0.00736	0.00491	0.00245	0.00613	0.00429	0.00491	0.00859
7	0.01767	0.01052	0.01113	0.00997	0.01254	0.01127	0.00780	0.13162	0.02015	0.03277	0.02393	0.02710	0.01864	0.00950	0.00692	0.00202	0.03690	0.00732	0.59368	0.00855
8	0.01278	0.00913	0.01278	0.01460	0.01643	0.00913	0.01278	0.01643	0.01825	0.02373	0.04199	0.08945	0.04564	0.02191	0.01095	0.00365	0.00730	0.61847	0.00730	0.00730
9	0.01274	0.00966	0.01294	0.01391	0.05112	0.00951	0.01023	0.01794	0.07186	0.02908	0.39487	0.08383	0.05883	0.01703	0.00961	0.00283	0.00523	0.17270	0.00798	0.00810
10	0.00952	0.00797	0.00828	0.00834	0.01084	0.00674	0.00620	0.01161	0.01822	0.02208	0.11947	0.11133	0.59209	0.02008	0.00941	0.00270	0.00403	0.01690	0.00746	0.00674
11	0.02913	0.03617	0.02261	0.02034	0.02436	0.62878	0.01539	0.06147	0.02277	0.02090	0.01252	0.01466	0.01038	0.00848	0.00798	0.00212	0.04301	0.00528	0.00425	0.00938
12	0.09359	0.02136	0.02165	0.01698	0.02281	0.05208	0.01392	0.52488	0.03327	0.04609	0.01849	0.01897	0.01336	0.00926	0.00749	0.00234	0.00843	0.00682	0.05576	0.01249
13	0.01108	0.00810	0.01040	0.00983	0.01176	0.00742	0.00737	0.01469	0.02211	0.03100	0.62216	0.06056	0.12082	0.01651	0.00935	0.00251	0.00376	0.01453	0.00862	0.00742
14	0.13792	0.01357	0.01676	0.01342	0.01884	0.01276	0.01093	0.05534	0.04129	0.47735	0.06542	0.05720	0.02264	0.01052	0.00771	0.00249	0.00645	0.00847	0.00882	0.01211
15	0.01824	0.01784	0.02827	0.30195	0.27161	0.05608	0.07966	0.04466	0.01818	0.02398	0.01622	0.02402	0.01349	0.00836	0.00816	0.00256	0.01038	0.04178	0.00412	0.01044
16	0.00966	0.00690	0.00920	0.01104	0.01150	0.00644	0.00736	0.01104	0.01518	0.02024	0.04371	0.71614	0.05245	0.02484	0.01012	0.00322	0.00460	0.02254	0.00736	0.00644
17	0.01527	0.01151	0.01750	0.28279	0.02996	0.01311	0.05943	0.01971	0.01627	0.02512	0.01981	0.02509	0.01543	0.00875	0.00770	0.00230	0.03941	0.00738	0.37520	0.00825
18	0.01510	0.01276	0.01553	0.05162	0.01952	0.01022	0.00975	0.01833	0.01618	0.02448	0.01957	0.14606	0.01920	0.00950	0.00678	0.00164	0.00591	0.00813	0.00512	0.58460
19	0.00966	0.00690	0.00920	0.01104	0.01150	0.00644	0.00736	0.01104	0.01518	0.02024	0.04371	0.71614	0.05245	0.02484	0.01012	0.00322	0.00460	0.02254	0.00736	0.00644
20	0.05723	0.00927	0.01060	0.01092	0.01290	0.00933	0.00791	0.01834	0.10366	0.04837	0.08904	0.34960	0.09957	0.01806	0.00868	0.00277	0.00474	0.01580	0.11532	0.00788
21	0.01851	0.02281	0.09250	0.03264	0.04093	0.01994	0.59876	0.02538	0.01857	0.02538	0.01591	0.02105	0.01189	0.00675	0.00923	0.00266	0.01325	0.00911	0.00396	0.01077
22	0.02387	0.01849	0.02043	0.01527	0.02194	0.01817	0.01247	0.35898	0.02774	0.03892	0.01677	0.01785	0.01269	0.00785	0.00699	0.00183	0.00742	0.00602	0.00645	0.35984

[dist]
# distance from previous block
# <min> <max>
0	1

[block]
# block no. 4 follows, 24 sequences, length 22
# corresponding to MSA columns:
# 138-159
name=unknown_E
#
# <colnr> <probs for GDERKNQSTAVLIFYWHMCP>
#	G	D	E	R	K	N	Q	S	T	A	V	L	I	F	Y	W	H	M	C	P
0	0.02875	0.02447	0.02211	0.01795	0.02346	0.18720	0.01434	0.38391	0.05694	0.08148	0.01939	0.04262	0.01480	0.00965	0.00775	0.00230	0.00963	0.00721	0.00698	0.03908
1	0.01038	0.00769	0.00968	0.00999	0.01153	0.00700	0.00719	0.01302	0.01925	0.02611	0.35579	0.28226	0.17133	0.01978	0.00961	0.00277	0.00408	0.01751	0.00803	0.00700
2	0.01146	0.00798	0.01012	0.01012	0.01063	0.00849	0.00664	0.01248	0.01197	0.01647	0.02364	0.04444	0.02559	0.48340	0.27385	0.00951	0.01256	0.01044	0.00460	0.00562
3	0.02912	0.02123	0.02271	0.01752	0.02357	0.02345	0.01444	0.60374	0.03591	0.04862	0.01949	0.01974	0.01394	0.00950	0.00777	0.00234	0.00839	0.00716	0.05827	0.01308
4	0.00966	0.00690	0.00920	0.01104	0.01150	0.00644	0.00736	0.01104	0.01518	0.02024	0.04371	0.71614	0.05245	0.02484	0.01012	0.00322	0.00460	0.02254	0.00736	0.00644
5	0.01644	0.01409	0.01644	0.01175	0.01879	0.01057	0.00940	0.01997	0.01644	0.02584	0.01409	0.01644	0.01175	0.00587	0.00587	0.00117	0.00587	0.00470	0.00470	0.76979
6	0.02856	0.03119	0.02222	0.01927	0.02385	0.44544	0.01489	0.21412	0.02626	0.02849	0.01488	0.01684	0.01183	0.01198	0.05271	0.00285	0.01309	0.00594	0.00525	0.01034
7	0.03377	0.01435	0.01869	0.01455	0.02054	0.01319	0.01195	0.07569	0.08266	0.57942	0.03064	0.02675	0.01968	0.00988	0.00798	0.00247	0.00682	0.00802	0.00954	0.01341
8	0.01644	0.01409	0.01644	0.01175	0.01879	0.01057	0.00940	0.01997	0.01644	0.02584	0.01409	0.01644	0.01175	0.00587	0.00587	0.00117	0.00587	0.00470	0.00470	0.76979
9	0.02484	0.01957	0.02081	0.01717	0.02257	0.02211	0.01379	0.33810	0.35324	0.04142	0.02578	0.02441	0.01895	0.01015	0.00800	0.00254	0.00748	0.00807	0.00800	0.01301
10	0.00963	0.00701	0.00909	0.01076	0.01143	0.00646	0.00724	0.01107	0.01545	0.02035	0.04711	0.65659	0.10979	0.02440	0.01005	0.00317	0.00455	0.02200	0.00736	0.00646
11	0.03342	0.01302	0.01771	0.01374	0.01950	0.01128	0.01128	0.03654	0.02267	0.62004	0.08777	0.02985	0.02453	0.01038	0.00810	0.00246	0.00648	0.00854	0.00972	0.01296
12	0.02120	0.72609	0.04155	0.01357	0.02035	0.03138	0.01357	0.02374	0.01611	0.01866	0.01102	0.01272	0.01018	0.00678	0.00509	0.00170	0.00848	0.00424	0.00339	0.01018
13	0.00966	0.00690	0.00920	0.01104	0.01150	0.00644	0.00736	0.01104	0.01518	0.02024	0.04371	0.71614	0.05245	0.02484	0.01012	0.00322	0.00460	0.02254	0.00736	0.00644
14	0.02093	0.69054	0.07470	0.01404	0.02108	0.03070	0.01438	0.02382	0.01615	0.01899	0.01119	0.01293	0.01017	0.00682	0.00522	0.00174	0.00865	0.00432	0.00339	0.01026
15	0.01534	0.00928	0.01168	0.01093	0.01199	0.00969	0.00757	0.09691	0.01482	0.02037	0.01852	0.03110	0.01827	0.19778	0.06839	0.38052	0.00799	0.00820	0.05502	0.00562
16	0.01816	0.30233	0.39631	0.02071	0.06739	0.02341	0.02297	0.02454	0.01658	0.02269	0.01304	0.01537	0.01025	0.00722	0.00662	0.00219	0.01034	0.00531	0.00340	0.01118
17	0.08854	0.26798	0.40419	0.01844	0.02788	0.02270	0.02211	0.02449	0.01623	0.02393	0.01286	0.01504	0.00995	0.00727	0.00647	0.00223	0.01012	0.00517	0.00351	0.01091
18	0.02366	0.19848	0.22119	0.01812	0.02586	0.07832	0.01851	0.17800	0.05531	0.08517	0.01684	0.01765	0.01247	0.00825	0.00707	0.00225	0.00972	0.00605	0.00533	0.01176
19	0.15052	0.01711	0.01752	0.01492	0.01924	0.05190	0.03271	0.20799	0.15092	0.03403	0.02683	0.09352	0.06318	0.07214	0.01052	0.00300	0.00744	0.00948	0.00675	0.01028
20	0.02032	0.07179	0.24709	0.03938	0.02716	0.01850	0.05647	0.07063	0.17675	0.10751	0.06654	0.02440	0.01958	0.00925	0.00783	0.00250	0.00888	0.00769	0.00601	0.01171
21	0.16504	0.09330	0.32027	0.01957	0.02804	0.01862	0.10558	0.02496	0.01707	0.07028	0.05408	0.01950	0.01459	0.00799	0.00719	0.00244	0.00975	0.00654	0.00450	0.01069

[dist]
# distance from previous block
# <min> <max>
1	5

[block]
# block no. 5 follows, 24 sequences, length 89
# corresponding to MSA columns:
# 165-253
name=unknown_F
#
# <colnr> <probs for GDERKNQSTAVLIFYWHMCP>
#	G	D	E	R	K	N	Q	S	T	A	V	L	I	F	Y	W	H	M	C	P
0	0.21458	0.04551	0.04695	0.01751	0.07568	0.01585	0.05198	0.02732	0.04748	0.20936	0.11222	0.02566	0.02260	0.00970	0.00823	0.00250	0.04187	0.00771	0.00662	0.01064
1	0.01759	0.01540	0.01975	0.07671	0.02355	0.01439	0.03421	0.06953	0.01757	0.02637	0.01409	0.01736	0.01162	0.00739	0.00890	0.00175	0.09555	0.00555	0.00467	0.51806
2	0.02464	0.02127	0.18570	0.07721	0.05889	0.01554	0.01764	0.07367	0.07684	0.28066	0.06752	0.02543	0.01985	0.00944	0.00795	0.00250	0.00835	0.00778	0.00700	0.01211
3	0.02424	0.01939	0.15445	0.02100	0.11323	0.01373	0.04758	0.02887	0.01971	0.30459	0.05674	0.08389	0.02154	0.01025	0.00809	0.00247	0.00808	0.00891	0.00690	0.04632
4	0.01644	0.01409	0.01644	0.01175	0.01879	0.01057	0.00940	0.01997	0.01644	0.02584	0.01409	0.01644	0.01175	0.00587	0.00587	0.00117	0.00587	0.00470	0.00470	0.76979
5	0.01715	0.01707	0.02425	0.07931	0.02372	0.02372	0.01775	0.01918	0.01246	0.01918	0.01073	0.01767	0.01042	0.01337	0.02447	0.00340	0.64704	0.00695	0.00347	0.00869
6	0.01153	0.00769	0.00865	0.00865	0.00865	0.00769	0.00480	0.01153	0.01153	0.01538	0.02499	0.05189	0.02883	0.72131	0.04036	0.00769	0.00769	0.01153	0.00480	0.00480
7	0.02120	0.72609	0.04155	0.01357	0.02035	0.03138	0.01357	0.02374	0.01611	0.01866	0.01102	0.01272	0.01018	0.00678	0.00509	0.00170	0.00848	0.00424	0.00339	0.01018
8	0.03031	0.01996	0.02219	0.01718	0.02324	0.02143	0.01412	0.50619	0.03365	0.16554	0.02234	0.04938	0.01624	0.01021	0.00803	0.00243	0.00819	0.00793	0.00826	0.01320
9	0.01628	0.01479	0.02379	0.64354	0.05204	0.01822	0.02143	0.07392	0.01770	0.02281	0.01452	0.02096	0.01082	0.00806	0.00793	0.00262	0.01041	0.00706	0.00390	0.00921
10	0.02873	0.02127	0.02274	0.01770	0.02373	0.02359	0.01454	0.57253	0.08983	0.04785	0.02040	0.02030	0.01464	0.00962	0.00786	0.00239	0.00835	0.00730	0.03343	0.01320
11	0.01498	0.01409	0.02378	0.70226	0.05462	0.01762	0.02202	0.02026	0.01586	0.02026	0.01409	0.02114	0.01057	0.00793	0.00793	0.00264	0.01057	0.00705	0.00352	0.00881
12	0.00949	0.00804	0.00819	0.00815	0.01078	0.00674	0.00612	0.01160	0.01835	0.02207	0.11706	0.07525	0.63150	0.01984	0.00937	0.00267	0.00400	0.01659	0.00745	0.00674
13	0.01152	0.00774	0.00893	0.00893	0.00903	0.00784	0.00516	0.01171	0.01162	0.01559	0.02473	0.05046	0.02821	0.67547	0.08535	0.00804	0.00863	0.01132	0.00477	0.00496
14	0.01590	0.04102	0.68023	0.02260	0.03432	0.01842	0.02930	0.02511	0.01674	0.02511	0.01423	0.01674	0.01005	0.00753	0.00753	0.00251	0.01172	0.00586	0.00335	0.01172
15	0.00966	0.00690	0.00920	0.01104	0.01150	0.00644	0.00736	0.01104	0.01518	0.02024	0.04371	0.71614	0.05245	0.02484	0.01012	0.00322	0.00460	0.02254	0.00736	0.00644
16	0.02103	0.69410	0.04077	0.01390	0.02037	0.03106	0.01374	0.02353	0.01593	0.01868	0.01100	0.01293	0.01019	0.00710	0.00603	0.00178	0.03999	0.00436	0.00340	0.01011
17	0.02449	0.01886	0.02076	0.01556	0.02220	0.01880	0.01273	0.38707	0.02868	0.04001	0.01700	0.01797	0.01277	0.00801	0.00708	0.00188	0.00755	0.00613	0.00660	0.32587
18	0.01478	0.00739	0.00739	0.00739	0.00924	0.00739	0.00554	0.01848	0.01663	0.02956	0.02587	0.02956	0.02033	0.00924	0.00554	0.00185	0.00370	0.00739	0.76534	0.00739
19	0.47998	0.02114	0.01592	0.01383	0.01879	0.16909	0.01106	0.10320	0.01892	0.06552	0.01331	0.01466	0.01011	0.00793	0.00594	0.00235	0.00832	0.00501	0.00534	0.00957
20	0.71698	0.01588	0.03424	0.01082	0.01582	0.01735	0.00924	0.02299	0.01401	0.03505	0.04078	0.01510	0.01163	0.00777	0.00520	0.00246	0.00622	0.00480	0.00503	0.00864
21	0.02967	0.03626	0.02260	0.02021	0.02452	0.62420	0.01530	0.09192	0.02393	0.02241	0.01292	0.01477	0.01054	0.00830	0.00723	0.00208	0.01375	0.00531	0.00446	0.00961
22	0.77733	0.01534	0.01166	0.01043	0.01534	0.01779	0.00859	0.02331	0.01350	0.03558	0.01104	0.01288	0.00859	0.00736	0.00491	0.00245	0.00613	0.00429	0.00491	0.00859
23	0.01875	0.01795	0.03060	0.17174	0.55563	0.01861	0.02390	0.02357	0.01764	0.02484	0.01476	0.01991	0.01219	0.00723	0.00787	0.00241	0.00964	0.00706	0.00385	0.01185
24	0.01236	0.00836	0.01096	0.01017	0.01224	0.00768	0.00768	0.01607	0.02246	0.06188	0.63801	0.05773	0.07225	0.01591	0.00929	0.00249	0.00388	0.01404	0.00878	0.00776
25	0.01478	0.00739	0.00739	0.00739	0.00924	0.00739	0.00554	0.01848	0.01663	0.02956	0.02587	0.02956	0.02033	0.00924	0.00554	0.00185	0.00370	0.00739	0.76534	0.00739
26	0.00966	0.00690	0.00920	0.01104	0.01150	0.00644	0.00736	0.01104	0.01518	0.02024	0.04371	0.71614	0.05245	0.02484	0.01012	0.00322	0.00460	0.02254	0.00736	0.00644
27	0.01233	0.00835	0.01095	0.01016	0.01223	0.00767	0.00767	0.01604	0.02246	0.06113	0.63875	0.05777	0.07231	0.01592	0.00929	0.00249	0.00388	0.01405	0.00878	0.00776
28	0.01133	0.00850	0.01274	0.01274	0.01416	0.00991	0.00991	0.01416	0.01274	0.01841	0.02124	0.03115	0.01982	0.05947	0.68989	0.01274	0.02124	0.00850	0.00425	0.00708
29	0.01955	0.01895	0.03255	0.04533	0.57701	0.01900	0.07671	0.02554	0.05810	0.02632	0.01610	0.02040	0.01324	0.00726	0.00799	0.00240	0.00956	0.00738	0.00419	0.01240
30	0.05959	0.09795	0.02379	0.01931	0.02377	0.57536	0.01488	0.05602	0.02215	0.02127	0.01238	0.01430	0.01028	0.00807	0.00691	0.00204	0.01321	0.00508	0.00422	0.00943
31	0.01678	0.00845	0.00883	0.00830	0.01062	0.00844	0.00636	0.04822	0.01795	0.07100	0.02590	0.02892	0.01997	0.00929	0.00580	0.00191	0.00411	0.00742	0.68368	0.00805
32	0.02063	0.01760	0.01934	0.01836	0.06170	0.02010	0.01351	0.09411	0.56295	0.03420	0.03002	0.02803	0.02253	0.01042	0.00804	0.00264	0.00669	0.00869	0.00780	0.01263
33	0.01773	0.01663	0.05184	0.01543	0.04913	0.01308	0.03813	0.06437	0.04698	0.02777	0.01538	0.01757	0.01239	0.00651	0.00643	0.00151	0.00684	0.00541	0.00494	0.58194
34	0.70884	0.07971	0.01436	0.01071	0.01579	0.01902	0.00904	0.02335	0.01373	0.03405	0.01104	0.01287	0.00873	0.00731	0.00492	0.00239	0.00635	0.00429	0.00477	0.00873
35	0.01449	0.03923	0.07684	0.01182	0.01533	0.00989	0.01038	0.01849	0.02110	0.09624	0.43239	0.05301	0.10993	0.01497	0.00895	0.00253	0.00520	0.04273	0.00793	0.00854
36	0.01114	0.00803	0.01059	0.01046	0.01215	0.00748	0.00787	0.01458	0.02121	0.02972	0.54089	0.14489	0.06976	0.01774	0.00957	0.00267	0.00412	0.06134	0.00845	0.00734
37	0.03396	0.01349	0.01811	0.01407	0.01998	0.01191	0.01156	0.03801	0.05413	0.62341	0.05305	0.02822	0.02174	0.01008	0.00803	0.00247	0.00662	0.00824	0.00969	0.01324
38	0.01922	0.02581	0.14182	0.03065	0.03890	0.07726	0.49507	0.02589	0.01874	0.02484	0.01544	0.02007	0.01157	0.00694	0.00889	0.00259	0.01320	0.00846	0.00392	0.01072
39	0.01850	0.02045	0.04215	0.05608	0.08905	0.02038	0.49790	0.02438	0.01778	0.02451	0.01521	0.02076	0.01183	0.00762	0.01119	0.00274	0.09620	0.00881	0.00392	0.01053
40	0.02525	0.01815	0.01854	0.01489	0.01972	0.04629	0.01206	0.42157	0.03013	0.04226	0.02093	0.02218	0.01552	0.00938	0.00714	0.00220	0.00736	0.00714	0.24792	0.01138
41	0.01617	0.07494	0.64860	0.02215	0.03363	0.01906	0.02852	0.02505	0.01671	0.02479	0.01407	0.01654	0.01005	0.00750	0.00741	0.00247	0.01156	0.00578	0.00335	0.01164
42	0.01007	0.00798	0.00893	0.00883	0.01102	0.00698	0.00650	0.01251	0.01902	0.02438	0.26223	0.10162	0.42084	0.05074	0.01080	0.00287	0.00412	0.01603	0.00768	0.00685
43	0.01377	0.00689	0.01033	0.01033	0.01033	0.00689	0.00689	0.01033	0.01033	0.01377	0.01377	0.02410	0.01377	0.02755	0.03099	0.76928	0.00689	0.00689	0.00344	0.00344
44	0.01153	0.00769	0.00865	0.00865	0.00865	0.00769	0.00480	0.01153	0.01153	0.01538	0.02499	0.05189	0.02883	0.72131	0.04036	0.00769	0.00769	0.01153	0.00480	0.00480
45	0.00978	0.00699	0.00934	0.01118	0.01169	0.00654	0.00757	0.01125	0.01530	0.02038	0.04364	0.69226	0.05219	0.02473	0.01015	0.00324	0.00470	0.04525	0.00736	0.00647
46	0.02120	0.72609	0.04155	0.01357	0.02035	0.03138	0.01357	0.02374	0.01611	0.01866	0.01102	0.01272	0.01018	0.00678	0.00509	0.00170	0.00848	0.00424	0.00339	0.01018
47	0.01498	0.01409	0.02378	0.70226	0.05462	0.01762	0.02202	0.02026	0.01586	0.02026	0.01409	0.02114	0.01057	0.00793	0.00793	0.00264	0.01057	0.00705	0.00352	0.00881
48	0.03095	0.02092	0.02300	0.01763	0.02395	0.02267	0.01457	0.55538	0.03512	0.14306	0.02086	0.02022	0.01440	0.00956	0.00794	0.00239	0.00843	0.00726	0.00821	0.01349
49	0.01010	0.00694	0.00905	0.01073	0.01131	0.00652	0.00721	0.01168	0.01531	0.02104	0.04218	0.65721	0.04969	0.02350	0.00973	0.00310	0.00452	0.02124	0.07242	0.00652
50	0.01346	0.00879	0.01136	0.03410	0.01379	0.00971	0.00859	0.04148	0.01514	0.02349	0.02284	0.03133	0.02012	0.08820	0.34646	0.00772	0.01311	0.00823	0.27476	0.00734
51	0.01377	0.00689	0.01033	0.01033	0.01033	0.00689	0.00689	0.01033	0.01033	0.01377	0.01377	0.02410	0.01377	0.02755	0.03099	0.76928	0.00689	0.00689	0.00344	0.00344
52	0.01683	0.01659	0.02330	0.02013	0.02025	0.02305	0.01671	0.01866	0.01220	0.01903	0.01134	0.01853	0.01122	0.01779	0.08301	0.00427	0.64796	0.00707	0.00354	0.00854
53	0.01139	0.00790	0.00992	0.01000	0.01045	0.00831	0.00647	0.01231	0.01207	0.01652	0.02469	0.07556	0.02716	0.48852	0.23662	0.00902	0.01167	0.01111	0.00475	0.00557
54	0.00987	0.00705	0.00942	0.01114	0.01173	0.00661	0.00759	0.01146	0.01567	0.02096	0.07466	0.65719	0.05327	0.02429	0.01012	0.00320	0.00467	0.04713	0.00743	0.00653
55	0.02072	0.01681	0.01796	0.01601	0.02060	0.01922	0.01250	0.04192	0.61782	0.07346	0.03221	0.02942	0.02392	0.01070	0.00806	0.00267	0.00631	0.00890	0.00818	0.01261
56	0.02852	0.01639	0.02026	0.01544	0.02176	0.01562	0.03194	0.19309	0.06822	0.31194	0.02405	0.02269	0.01644	0.00887	0.00757	0.00219	0.00726	0.00718	0.00794	0.17264
57	0.02521	0.01976	0.02102	0.01725	0.02271	0.02229	0.01388	0.35956	0.33117	0.04201	0.02531	0.02404	0.01857	0.01011	0.00800	0.00253	0.00757	0.00800	0.00800	0.01304
58	0.01153	0.00769	0.00865	0.00865	0.00865	0.00769	0.00480	0.01153	0.01153	0.01538	0.02499	0.05189	0.02883	0.72131	0.04036	0.00769	0.00769	0.01153	0.00480	0.00480
59	0.01960	0.01659	0.01776	0.01610	0.02044	0.01904	0.01269	0.06734	0.57447	0.03313	0.03251	0.03424	0.02556	0.01166	0.00831	0.00276	0.00648	0.06120	0.00800	0.01214
60	0.03356	0.01673	0.02040	0.01564	0.02186	0.01645	0.01292	0.26377	0.02811	0.44457	0.02674	0.02404	0.01735	0.00971	0.00796	0.00243	0.00748	0.00766	0.00912	0.01349
61	0.01133	0.00850	0.01274	0.01274	0.01416	0.00991	0.00991	0.01416	0.01274	0.01841	0.02124	0.03115	0.01982	0.05947	0.68989	0.01274	0.02124	0.00850	0.00425	0.00708
62	0.01133	0.00850	0.01274	0.01274	0.01416	0.00991	0.00991	0.01416	0.01274	0.01841	0.02124	0.03115	0.01982	0.05947	0.68989	0.01274	0.02124	0.00850	0.00425	0.00708
63	0.01498	0.01409	0.02378	0.70226	0.05462	0.01762	0.02202	0.02026	0.01586	0.02026	0.01409	0.02114	0.01057	0.00793	0.00793	0.00264	0.01057	0.00705	0.00352	0.00881
64	0.00966	0.00690	0.00920	0.01104	0.01150	0.00644	0.00736	0.01104	0.01518	0.02024	0.04371	0.71614	0.05245	0.02484	0.01012	0.00322	0.00460	0.02254	0.00736	0.00644
65	0.01278	0.00913	0.01278	0.01460	0.01643	0.00913	0.01278	0.01643	0.01825	0.02373	0.04199	0.08945	0.04564	0.02191	0.01095	0.00365	0.00730	0.61847	0.00730	0.00730
66	0.00945	0.00798	0.00817	0.00824	0.01079	0.00671	0.00614	0.01149	0.01809	0.02172	0.09838	0.10556	0.61994	0.02017	0.00941	0.00270	0.00403	0.01693	0.00741	0.00671
67	0.02114	0.01774	0.01873	0.01642	0.02116	0.02038	0.01289	0.12392	0.57344	0.03545	0.03048	0.02816	0.02275	0.01059	0.00805	0.00265	0.00661	0.00872	0.00805	0.01268
68	0.01845	0.01918	0.02413	0.02078	0.02115	0.08395	0.01717	0.02021	0.01307	0.01911	0.01058	0.01708	0.01039	0.01337	0.02433	0.00334	0.64470	0.00678	0.00353	0.00872
69	0.00974	0.00693	0.00918	0.01094	0.01139	0.00649	0.00726	0.01106	0.01503	0.02004	0.04294	0.68902	0.05148	0.05328	0.01136	0.00340	0.00473	0.02209	0.00726	0.00637
70	0.77733	0.01534	0.01166	0.01043	0.01534	0.01779	0.00859	0.02331	0.01350	0.03558	0.01104	0.01288	0.00859	0.00736	0.00491	0.00245	0.00613	0.00429	0.00491	0.00859
71	0.00966	0.00690	0.00920	0.01104	0.01150	0.00644	0.00736	0.01104	0.01518	0.02024	0.04371	0.71614	0.05245	0.02484	0.01012	0.00322	0.00460	0.02254	0.00736	0.00644
72	0.01644	0.01409	0.01644	0.01175	0.01879	0.01057	0.00940	0.01997	0.01644	0.02584	0.01409	0.01644	0.01175	0.00587	0.00587	0.00117	0.00587	0.00470	0.00470	0.76979
73	0.01590	0.04102	0.68023	0.02260	0.03432	0.01842	0.02930	0.02511	0.01674	0.02511	0.01423	0.01674	0.01005	0.00753	0.00753	0.00251	0.01172	0.00586	0.00335	0.01172
74	0.01377	0.00689	0.01033	0.01033	0.01033	0.00689	0.00689	0.01033	0.01033	0.01377	0.01377	0.02410	0.01377	0.02755	0.03099	0.76928	0.00689	0.00689	0.00344	0.00344
75	0.01866	0.02122	0.04585	0.03289	0.04058	0.02023	0.61681	0.02514	0.01844	0.02514	0.01581	0.02122	0.01196	0.00699	0.01006	0.00271	0.04245	0.00926	0.00399	0.01061
76	0.01212	0.00976	0.01316	0.01308	0.01461	0.03919	0.01015	0.01491	0.01316	0.01845	0.02085	0.03043	0.01941	0.05726	0.66047	0.01228	0.02094	0.00835	0.00424	0.00717
77	0.02933	0.01921	0.02019	0.05924	0.02371	0.12190	0.01367	0.11447	0.13201	0.31971	0.02510	0.02372	0.01726	0.00970	0.00847	0.00247	0.03239	0.00749	0.00776	0.01220
78	0.01150	0.00780	0.00924	0.00924	0.00944	0.00801	0.00554	0.01191	0.01171	0.01581	0.02445	0.04890	0.02753	0.62586	0.13404	0.00842	0.00964	0.01109	0.00472	0.00513
79	0.01972	0.01703	0.01793	0.01614	0.02062	0.01972	0.01255	0.04214	0.65752	0.03317	0.03228	0.02959	0.02421	0.01076	0.00807	0.00269	0.00628	0.00897	0.00807	0.01255
80	0.01721	0.01476	0.01789	0.01284	0.01989	0.01161	0.03226	0.05126	0.01756	0.02702	0.01441	0.01675	0.01184	0.00608	0.00610	0.00129	0.00628	0.00499	0.00483	0.70513
81	0.01133	0.00850	0.01274	0.01274	0.01416	0.00991	0.00991	0.01416	0.01274	0.01841	0.02124	0.03115	0.01982	0.05947	0.68989	0.01274	0.02124	0.00850	0.00425	0.00708
82	0.77733	0.01534	0.01166	0.01043	0.01534	0.01779	0.00859	0.02331	0.01350	0.03558	0.01104	0.01288	0.00859	0.00736	0.00491	0.00245	0.00613	0.00429	0.00491	0.00859
83	0.01644	0.01409	0.01644	0.01175	0.01879	0.01057	0.00940	0.01997	0.01644	0.02584	0.01409	0.01644	0.01175	0.00587	0.00587	0.00117	0.00587	0.00470	0.00470	0.76979
84	0.03014	0.02221	0.02380	0.01825	0.02459	0.02459	0.01507	0.64541	0.03728	0.04998	0.01904	0.01904	0.01349	0.00952	0.00793	0.00238	0.00873	0.00714	0.00793	0.01349
85	0.01644	0.01409	0.01644	0.01175	0.01879	0.01057	0.00940	0.01997	0.01644	0.02584	0.01409	0.01644	0.01175	0.00587	0.00587	0.00117	0.00587	0.00470	0.00470	0.76979
86	0.01872	0.02139	0.04679	0.03342	0.04144	0.02005	0.64305	0.02540	0.01872	0.02540	0.01604	0.02139	0.01203	0.00668	0.00936	0.00267	0.01337	0.00936	0.00401	0.01070
87	0.03511	0.01424	0.01887	0.01446	0.02062	0.01277	0.01195	0.09073	0.02395	0.62349	0.03023	0.02631	0.01910	0.00979	0.00797	0.00245	0.00692	0.00790	0.00965	0.01349
88	0.01963	0.01884	0.03219	0.04867	0.67185	0.01884	0.02434	0.02434	0.01806	0.02591	0.01492	0.01963	0.01256	0.00707	0.00785	0.00236	0.00942	0.00707	0.00393	0.01256

[dist]
# distance from previous block
# <min> <max>
0	12

[block]
# block no. 6 follows, 24 sequences, length 15
# corresponding to MSA columns:
# 266-280
name=unknown_G
#
# <colnr> <probs for GDERKNQSTAVLIFYWHMCP>
#	G	D	E	R	K	N	Q	S	T	A	V	L	I	F	Y	W	H	M	C	P
0	0.01872	0.02139	0.04679	0.03342	0.04144	0.02005	0.64305	0.02540	0.01872	0.02540	0.01604	0.02139	0.01203	0.00668	0.00936	0.00267	0.01337	0.00936	0.00401	0.01070
1	0.01377	0.00689	0.01033	0.01033	0.01033	0.00689	0.00689	0.01033	0.01033	0.01377	0.01377	0.02410	0.01377	0.02755	0.03099	0.76928	0.00689	0.00689	0.00344	0.00344
2	0.03413	0.01382	0.01836	0.01429	0.02028	0.01239	0.01174	0.03896	0.08062	0.61857	0.03137	0.02723	0.02005	0.00990	0.00798	0.00248	0.00670	0.00806	0.00966	0.01341
3	0.02678	0.01754	0.01906	0.01505	0.02023	0.01888	0.01229	0.42335	0.03052	0.10909	0.02204	0.02254	0.01586	0.00948	0.00733	0.00225	0.00724	0.00729	0.20124	0.01193
4	0.00966	0.00690	0.00920	0.01104	0.01150	0.00644	0.00736	0.01104	0.01518	0.02024	0.04371	0.71614	0.05245	0.02484	0.01012	0.00322	0.00460	0.02254	0.00736	0.00644
5	0.01133	0.00850	0.01274	0.01274	0.01416	0.00991	0.00991	0.01416	0.01274	0.01841	0.02124	0.03115	0.01982	0.05947	0.68989	0.01274	0.02124	0.00850	0.00425	0.00708
6	0.01832	0.02062	0.04438	0.10366	0.04283	0.01980	0.57783	0.02486	0.01842	0.02486	0.01584	0.02136	0.01188	0.00682	0.00921	0.00267	0.01308	0.00912	0.00396	0.01050
7	0.01644	0.01409	0.01644	0.01175	0.01879	0.01057	0.00940	0.01997	0.01644	0.02584	0.01409	0.01644	0.01175	0.00587	0.00587	0.00117	0.00587	0.00470	0.00470	0.76979
8	0.01004	0.00731	0.00990	0.04570	0.01350	0.00708	0.00795	0.01153	0.01500	0.01996	0.04112	0.64214	0.04895	0.06489	0.01179	0.00345	0.00508	0.02112	0.00702	0.00646
9	0.01677	0.01428	0.01491	0.01354	0.01751	0.01561	0.01050	0.06070	0.41473	0.03006	0.04766	0.04466	0.23852	0.01381	0.00850	0.00267	0.00564	0.01147	0.00783	0.01064
10	0.01368	0.00918	0.01059	0.01000	0.01074	0.00949	0.00631	0.07811	0.01418	0.01901	0.02316	0.04493	0.02542	0.55202	0.06677	0.07686	0.00836	0.01050	0.00498	0.00570
11	0.04629	0.01979	0.02605	0.08102	0.02732	0.07287	0.11002	0.15457	0.04367	0.02818	0.01498	0.01920	0.01214	0.01040	0.01449	0.00281	0.26406	0.00722	0.03478	0.01014
12	0.21909	0.01518	0.01473	0.03747	0.01783	0.04300	0.01028	0.18733	0.02163	0.06371	0.01929	0.02144	0.01464	0.01049	0.02987	0.00259	0.00709	0.00648	0.24818	0.00970
13	0.01948	0.31668	0.35385	0.01873	0.02766	0.09411	0.02149	0.02525	0.01709	0.02191	0.01273	0.01487	0.01012	0.00730	0.00651	0.00213	0.01069	0.00513	0.00344	0.01083
14	0.01905	0.01305	0.01586	0.04320	0.01902	0.01244	0.01064	0.13165	0.04516	0.11261	0.07855	0.22092	0.03008	0.01351	0.00817	0.00236	0.00618	0.01165	0.00708	0.19883

[dist]
# distance from previous block
# <min> <max>
1	4

[block]
# block no. 7 follows, 24 sequences, length 35
# corresponding to MSA columns:
# 285-319
name=unknown_H
#
# <colnr> <probs for GDERKNQSTAVLIFYWHMCP>
#	G	D	E	R	K	N	Q	S	T	A	V	L	I	F	Y	W	H	M	C	P
0	0.02178	0.05177	0.05659	0.01551	0.02132	0.01722	0.01338	0.16323	0.13346	0.09523	0.02243	0.02724	0.01811	0.00992	0.00829	0.00226	0.03627	0.06552	0.00656	0.21390
1	0.02922	0.01515	0.01993	0.01506	0.02134	0.01370	0.04198	0.12760	0.02351	0.39503	0.04848	0.02456	0.01875	0.00907	0.00767	0.00220	0.00709	0.00749	0.00818	0.16398
2	0.57199	0.01532	0.01367	0.01170	0.01686	0.01699	0.00960	0.04849	0.05182	0.15503	0.01625	0.01664	0.01167	0.00808	0.00576	0.00246	0.00634	0.00533	0.00610	0.00989
3	0.01833	0.35448	0.38799	0.01847	0.02793	0.02435	0.02210	0.02449	0.01645	0.02216	0.01276	0.01490	0.01011	0.00719	0.00641	0.00214	0.01024	0.00512	0.00337	0.01101
4	0.01841	0.01395	0.01674	0.01373	0.01801	0.01379	0.01080	0.12382	0.04672	0.06778	0.05619	0.11321	0.02289	0.05183	0.04897	0.00306	0.07457	0.00909	0.00611	0.27033
5	0.01198	0.00935	0.01201	0.01153	0.01261	0.01013	0.00833	0.01366	0.01431	0.01983	0.09884	0.12769	0.09349	0.24322	0.15064	0.00623	0.10032	0.01224	0.00551	0.03809
