[name]
unknown

[dist]
# distance from previous block
# <min> <max>
0	33

[block]
# block no. 0 follows, 25 sequences, length 10
# corresponding to MSA columns:
# 33-42
name=unknown_A
#
# <colnr> <probs for GDERKNQSTAVLIFYWHMCP>
#	G	D	E	R	K	N	Q	S	T	A	V	L	I	F	Y	W	H	M	C	P
0	0.01249	0.00892	0.01249	0.01428	0.01606	0.00892	0.01249	0.01606	0.01785	0.02320	0.04105	0.08746	0.04462	0.02142	0.01071	0.00357	0.00714	0.62695	0.00714	0.00714
1	0.01893	0.06943	0.02964	0.16151	0.46250	0.04961	0.02176	0.02408	0.04429	0.02384	0.01476	0.01914	0.01214	0.00724	0.00747	0.00231	0.00943	0.00670	0.00391	0.01131
2	0.25185	0.01380	0.01440	0.01208	0.01675	0.01425	0.00971	0.08640	0.09115	0.15745	0.11856	0.02941	0.07636	0.01037	0.00705	0.00235	0.00585	0.00809	0.00706	0.06707
3	0.01092	0.00773	0.00975	0.01030	0.01106	0.00787	0.00709	0.01253	0.01451	0.02027	0.08265	0.32637	0.07462	0.18192	0.07910	0.00478	0.03951	0.01538	0.07739	0.00627
4	0.01034	0.00778	0.00915	0.00977	0.01100	0.00734	0.00666	0.01284	0.04864	0.02076	0.09969	0.33969	0.20799	0.15402	0.01511	0.00375	0.00493	0.01722	0.00687	0.00645
5	0.01346	0.00824	0.01066	0.01058	0.01246	0.00753	0.00777	0.01592	0.01849	0.10915	0.26559	0.27190	0.11144	0.05783	0.01097	0.00302	0.00471	0.04493	0.00783	0.00752
6	0.01492	0.00845	0.01086	0.01060	0.01258	0.00767	0.00761	0.01695	0.01758	0.15194	0.16979	0.30601	0.10905	0.10371	0.01281	0.00333	0.00505	0.01576	0.00764	0.00769
7	0.02657	0.01274	0.01614	0.01328	0.01786	0.01212	0.01052	0.05857	0.11801	0.40423	0.10121	0.06914	0.02791	0.06258	0.01034	0.00284	0.00624	0.00961	0.00867	0.01143
8	0.07154	0.01011	0.01196	0.01140	0.01395	0.01025	0.00862	0.05067	0.07564	0.08030	0.17340	0.20925	0.12129	0.02147	0.09051	0.00383	0.00682	0.01354	0.00723	0.00822
9	0.01171	0.00789	0.01015	0.01007	0.01184	0.00718	0.00736	0.01451	0.01954	0.06379	0.40072	0.24222	0.12725	0.01824	0.00928	0.00265	0.00409	0.01614	0.00808	0.00728

[dist]
# distance from previous block
# <min> <max>
5	9

[block]
# block no. 1 follows, 25 sequences, length 27
# corresponding to MSA columns:
# 52-78
name=unknown_B
#
# <colnr> <probs for GDERKNQSTAVLIFYWHMCP>
#	G	D	E	R	K	N	Q	S	T	A	V	L	I	F	Y	W	H	M	C	P
0	0.11742	0.02005	0.01939	0.01599	0.02111	0.08702	0.01284	0.31175	0.17151	0.06736	0.06105	0.02251	0.01861	0.00961	0.00744	0.00238	0.00784	0.00732	0.00719	0.01162
1	0.10725	0.06152	0.02049	0.01633	0.01948	0.07826	0.04071	0.09261	0.11503	0.02589	0.01788	0.04121	0.01580	0.07006	0.08252	0.00400	0.16912	0.00750	0.00507	0.00928
2	0.14602	0.01349	0.01691	0.01314	0.01901	0.01224	0.01084	0.03466	0.02055	0.55540	0.02681	0.02383	0.01720	0.00905	0.00725	0.00234	0.00647	0.00710	0.00864	0.04904
3	0.02434	0.01702	0.01881	0.01579	0.02079	0.01867	0.01258	0.20387	0.35789	0.15035	0.02836	0.05333	0.02117	0.01058	0.00792	0.00253	0.00680	0.00865	0.00812	0.01244
4	0.00945	0.00675	0.00900	0.01080	0.01125	0.00630	0.00720	0.01080	0.01484	0.01979	0.04274	0.72245	0.05128	0.02429	0.00990	0.00315	0.00450	0.02204	0.00720	0.00630
5	0.01166	0.01094	0.06255	0.01156	0.01396	0.00894	0.00937	0.04047	0.04655	0.02419	0.16174	0.30515	0.15852	0.04988	0.01059	0.00303	0.00530	0.05107	0.00708	0.00745
6	0.00964	0.00772	0.00861	0.00871	0.01084	0.00670	0.00641	0.01192	0.01831	0.02322	0.21644	0.15882	0.44665	0.01936	0.00926	0.00265	0.00394	0.01658	0.00752	0.00670
7	0.01888	0.01900	0.03256	0.12049	0.47536	0.04382	0.12826	0.02378	0.01768	0.02437	0.01458	0.01946	0.01188	0.00698	0.00791	0.00238	0.01017	0.00721	0.00381	0.01143
8	0.78228	0.01499	0.01140	0.01020	0.01499	0.01739	0.00840	0.02279	0.01320	0.03479	0.01080	0.01260	0.00840	0.00720	0.00480	0.00240	0.00600	0.00420	0.00480	0.00840
9	0.01757	0.01646	0.01676	0.01247	0.01902	0.08963	0.00986	0.02085	0.01676	0.02454	0.01357	0.01584	0.01131	0.00600	0.00589	0.00125	0.00669	0.00464	0.00452	0.68639
10	0.02133	0.08493	0.05104	0.01614	0.02184	0.06048	0.04094	0.08094	0.30350	0.08215	0.02301	0.02250	0.01729	0.00875	0.00723	0.00221	0.00752	0.00710	0.00644	0.13465
11	0.19821	0.02824	0.32741	0.02534	0.16774	0.03819	0.06092	0.02418	0.01618	0.02699	0.01337	0.01629	0.01014	0.00720	0.00692	0.00241	0.00986	0.00581	0.00382	0.01078
12	0.01717	0.01414	0.01631	0.01220	0.01832	0.01196	0.00975	0.09297	0.04742	0.02897	0.09154	0.02177	0.01934	0.00753	0.00646	0.00150	0.00584	0.00614	0.00556	0.56511
13	0.01337	0.00848	0.01077	0.00993	0.01233	0.00762	0.00754	0.01659	0.02102	0.10451	0.47816	0.07849	0.16939	0.01605	0.00902	0.00249	0.00407	0.01396	0.00839	0.00783
14	0.00990	0.00708	0.00945	0.01083	0.01160	0.00664	0.00755	0.01178	0.01625	0.02195	0.15136	0.56889	0.05463	0.02266	0.00982	0.00305	0.00452	0.05809	0.00742	0.00652
15	0.01968	0.03434	0.54383	0.02032	0.03061	0.01659	0.02495	0.02739	0.01762	0.16604	0.01749	0.01852	0.01183	0.00784	0.00746	0.00244	0.01042	0.00617	0.00463	0.01183
16	0.67860	0.01814	0.04238	0.01163	0.01665	0.08019	0.00990	0.02363	0.01415	0.03287	0.01104	0.01289	0.00861	0.00728	0.00512	0.00236	0.00698	0.00434	0.00466	0.00859
17	0.06538	0.22460	0.29144	0.02350	0.10432	0.02177	0.11880	0.02403	0.01645	0.02358	0.01320	0.01608	0.01035	0.00697	0.00686	0.00224	0.01023	0.00586	0.00355	0.01079
18	0.02195	0.07641	0.09186	0.03644	0.05385	0.06068	0.03248	0.18209	0.05578	0.03144	0.03535	0.05409	0.03393	0.01242	0.03851	0.00292	0.00942	0.00789	0.00609	0.15642
19	0.01058	0.00795	0.01005	0.00965	0.01160	0.00742	0.00727	0.01376	0.01990	0.02733	0.46695	0.05845	0.20084	0.02158	0.08862	0.00364	0.00570	0.01388	0.00773	0.00710
20	0.02035	0.01847	0.05476	0.01668	0.02173	0.01947	0.03212	0.13878	0.48006	0.03442	0.05660	0.02762	0.02306	0.01027	0.00793	0.00256	0.00691	0.00856	0.00753	0.01211
21	0.00961	0.00694	0.00909	0.01052	0.01124	0.00643	0.00714	0.01126	0.01582	0.02116	0.11773	0.61104	0.08718	0.02307	0.00977	0.00304	0.00437	0.02081	0.00735	0.00643
22	0.01550	0.03847	0.64615	0.06469	0.03479	0.01796	0.02821	0.02426	0.01632	0.02426	0.01391	0.01664	0.00985	0.00739	0.00739	0.00246	0.01139	0.00580	0.00328	0.01128
23	0.01445	0.00723	0.00723	0.00723	0.00903	0.00723	0.00542	0.01807	0.01626	0.02891	0.02529	0.02891	0.01987	0.00903	0.00542	0.00181	0.00361	0.00723	0.77055	0.00723
24	0.01005	0.00764	0.01101	0.01175	0.01279	0.00719	0.03877	0.01191	0.01553	0.02082	0.08754	0.58232	0.07492	0.02416	0.04096	0.00347	0.00557	0.01998	0.00700	0.00661
25	0.01705	0.15499	0.01928	0.01306	0.01626	0.04308	0.01056	0.10409	0.01807	0.05265	0.06258	0.12841	0.02481	0.07088	0.22331	0.00578	0.01146	0.00969	0.00546	0.00854
26	0.02313	0.11859	0.10025	0.01686	0.02300	0.02223	0.01517	0.30614	0.19540	0.03631	0.02145	0.05092	0.01677	0.00969	0.00746	0.00237	0.00803	0.00758	0.00664	0.01201

[dist]
# distance from previous block
# <min> <max>
0	2

[block]
# block no. 2 follows, 25 sequences, length 15
# corresponding to MSA columns:
# 81-95
name=unknown_C
#
# <colnr> <probs for GDERKNQSTAVLIFYWHMCP>
#	G	D	E	R	K	N	Q	S	T	A	V	L	I	F	Y	W	H	M	C	P
0	0.05489	0.02026	0.02102	0.01633	0.02220	0.05647	0.01333	0.46344	0.03108	0.06900	0.05283	0.02026	0.01608	0.00910	0.00745	0.00218	0.00806	0.00690	0.00719	0.10192
1	0.01789	0.21842	0.48479	0.01938	0.02930	0.02096	0.02376	0.02489	0.01651	0.05704	0.01396	0.01587	0.01034	0.00729	0.00677	0.00225	0.01039	0.00543	0.00361	0.01116
2	0.01452	0.00999	0.01270	0.04341	0.01539	0.01044	0.00913	0.10515	0.01754	0.05755	0.05298	0.28768	0.03336	0.15367	0.13460	0.00536	0.00880	0.01383	0.00630	0.00760
3	0.02806	0.11674	0.02432	0.01893	0.02350	0.53655	0.01475	0.10563	0.02300	0.02252	0.01265	0.01436	0.01037	0.00799	0.00685	0.00200	0.01265	0.00514	0.00437	0.00961
4	0.01118	0.00865	0.01046	0.01089	0.01313	0.00813	0.00882	0.01497	0.04830	0.02434	0.18456	0.07368	0.29908	0.01908	0.00965	0.00292	0.00511	0.23239	0.00748	0.00718
5	0.02745	0.10753	0.02484	0.01709	0.02318	0.02440	0.01433	0.51910	0.09317	0.04360	0.01888	0.01884	0.01378	0.00910	0.00743	0.00227	0.00828	0.00680	0.00723	0.01271
6	0.10972	0.02121	0.03342	0.06294	0.06412	0.10134	0.35025	0.06287	0.05036	0.02680	0.01609	0.02092	0.01259	0.00760	0.00813	0.00251	0.01127	0.02317	0.00450	0.01019
7	0.01097	0.00793	0.01036	0.00975	0.01158	0.00732	0.00732	0.01463	0.02195	0.03109	0.67505	0.05792	0.07316	0.01585	0.00914	0.00244	0.00366	0.01402	0.00854	0.00732
8	0.01584	0.01535	0.02233	0.14877	0.02580	0.02087	0.01697	0.01831	0.01263	0.01880	0.01210	0.01925	0.01129	0.01771	0.10095	0.00431	0.49993	0.00698	0.00349	0.00832
9	0.01118	0.00773	0.00888	0.00910	0.00961	0.00758	0.00578	0.01184	0.01280	0.01670	0.03261	0.05792	0.10398	0.56112	0.03252	0.00648	0.00706	0.08663	0.00528	0.00521
10	0.01587	0.03785	0.61200	0.02334	0.03438	0.01819	0.10172	0.02459	0.01660	0.02459	0.01412	0.01690	0.01005	0.00727	0.00758	0.00247	0.01165	0.00613	0.00335	0.01134
11	0.01561	0.01396	0.02309	0.11125	0.20577	0.01451	0.09269	0.05255	0.01754	0.02417	0.08527	0.03206	0.04552	0.05755	0.14444	0.00472	0.01113	0.03406	0.00484	0.00929
12	0.01330	0.00971	0.01293	0.01199	0.01343	0.01020	0.03750	0.07998	0.01500	0.02041	0.02451	0.12942	0.02610	0.32418	0.20311	0.03434	0.01093	0.01122	0.00513	0.00661
13	0.02430	0.01842	0.02068	0.01648	0.02096	0.02073	0.01331	0.44223	0.02844	0.03864	0.01825	0.02286	0.01492	0.09952	0.05046	0.00358	0.09282	0.00746	0.00656	0.03938
14	0.11092	0.05583	0.05115	0.17349	0.24635	0.01816	0.07429	0.05251	0.01729	0.02598	0.01393	0.01802	0.01109	0.00708	0.00711	0.00225	0.00902	0.00633	0.00410	0.09511

[dist]
# distance from previous block
# <min> <max>
0	5

[block]
# block no. 3 follows, 25 sequences, length 7
# corresponding to MSA columns:
# 101-107
name=unknown_D
#
# <colnr> <probs for GDERKNQSTAVLIFYWHMCP>
#	G	D	E	R	K	N	Q	S	T	A	V	L	I	F	Y	W	H	M	C	P
0	0.06908	0.02265	0.06028	0.09483	0.07184	0.14302	0.22868	0.06969	0.04067	0.02540	0.01575	0.02130	0.01274	0.00842	0.00916	0.00253	0.05742	0.03211	0.00441	0.01002
1	0.08754	0.07620	0.05930	0.01969	0.10255	0.01677	0.07995	0.12599	0.04492	0.05272	0.07326	0.06209	0.10239	0.01144	0.00794	0.00249	0.00767	0.05111	0.00598	0.01003
2	0.01347	0.00673	0.01010	0.01010	0.01010	0.00673	0.00673	0.01010	0.01010	0.01347	0.01347	0.02357	0.01347	0.02694	0.03030	0.77441	0.00673	0.00673	0.00337	0.00337
3	0.01416	0.01297	0.02119	0.32272	0.03385	0.01567	0.06885	0.01779	0.01406	0.01910	0.01614	0.02587	0.01448	0.10881	0.15264	0.00531	0.11682	0.00790	0.00378	0.00792
4	0.01710	0.01735	0.07129	0.32430	0.08838	0.01660	0.07117	0.08049	0.01807	0.02501	0.01447	0.01900	0.01111	0.00723	0.00737	0.00220	0.00931	0.00647	0.00418	0.18891
5	0.01153	0.00779	0.00990	0.00998	0.01157	0.00712	0.00715	0.01398	0.01850	0.05943	0.32596	0.26957	0.13355	0.06417	0.01125	0.00301	0.00436	0.01636	0.00776	0.00704
6	0.12947	0.10872	0.11648	0.01340	0.01753	0.01528	0.01233	0.07662	0.01559	0.02353	0.01717	0.02703	0.01609	0.09891	0.09555	0.14713	0.00946	0.04735	0.00446	0.00790

[dist]
# distance from previous block
# <min> <max>
0	7

[block]
# block no. 4 follows, 25 sequences, length 7
# corresponding to MSA columns:
# 115-121
name=unknown_E
#
# <colnr> <probs for GDERKNQSTAVLIFYWHMCP>
#	G	D	E	R	K	N	Q	S	T	A	V	L	I	F	Y	W	H	M	C	P
0	0.09830	0.05888	0.04666	0.25089	0.03033	0.01723	0.01569	0.07726	0.01652	0.05545	0.01585	0.02119	0.01285	0.02000	0.16850	0.00483	0.06938	0.00676	0.00442	0.00902
1	0.05468	0.01347	0.01763	0.20960	0.02657	0.01571	0.01345	0.13052	0.07613	0.02506	0.01763	0.02530	0.01525	0.10545	0.06092	0.12089	0.05099	0.00756	0.00486	0.00833
2	0.01286	0.00959	0.01480	0.25495	0.02576	0.01101	0.01217	0.01438	0.01291	0.01716	0.01852	0.07662	0.01822	0.12836	0.13958	0.20367	0.01042	0.00880	0.00400	0.00623
3	0.01445	0.00723	0.00723	0.00723	0.00903	0.00723	0.00542	0.01807	0.01626	0.02891	0.02529	0.02891	0.01987	0.00903	0.00542	0.00181	0.00361	0.00723	0.77055	0.00723
4	0.05830	0.00988	0.01208	0.04164	0.01441	0.01028	0.00838	0.06014	0.01517	0.08047	0.02617	0.04142	0.06150	0.30304	0.11909	0.06909	0.00911	0.04750	0.00542	0.00691
5	0.13132	0.01300	0.01477	0.01300	0.01619	0.01414	0.01010	0.16742	0.01872	0.02837	0.02070	0.11603	0.01995	0.08183	0.17607	0.03047	0.03741	0.00900	0.00554	0.07596
6	0.10948	0.07770	0.05901	0.08699	0.02060	0.04742	0.01218	0.07802	0.01697	0.04547	0.07609	0.02630	0.01970	0.07858	0.14135	0.07315	0.01039	0.00746	0.00490	0.00825

[dist]
# distance from previous block
# <min> <max>
1	6

[block]
# block no. 5 follows, 25 sequences, length 11
# corresponding to MSA columns:
# 128-138
name=unknown_F
#
# <colnr> <probs for GDERKNQSTAVLIFYWHMCP>
#	G	D	E	R	K	N	Q	S	T	A	V	L	I	F	Y	W	H	M	C	P
0	0.01691	0.02542	0.27483	0.11796	0.10399	0.04455	0.04272	0.04588	0.10209	0.02541	0.03570	0.02517	0.01639	0.01115	0.03789	0.00297	0.01035	0.04544	0.00458	0.01061
1	0.01516	0.05024	0.14243	0.32052	0.03859	0.01680	0.10294	0.02144	0.04850	0.02211	0.01936	0.08889	0.01722	0.01008	0.00815	0.00265	0.00984	0.05150	0.00429	0.00929
2	0.01591	0.07856	0.31731	0.01726	0.02441	0.01714	0.01864	0.02682	0.20230	0.02614	0.06293	0.08415	0.05420	0.01074	0.00774	0.00251	0.00829	0.00886	0.00543	0.01066
3	0.09098	0.15284	0.27389	0.01682	0.02477	0.01869	0.03521	0.05231	0.04319	0.08112	0.04605	0.01876	0.01436	0.00781	0.00672	0.00216	0.00869	0.00600	0.00474	0.09489
4	0.22007	0.28128	0.10498	0.01628	0.05020	0.11013	0.01463	0.07910	0.01784	0.02636	0.01216	0.01398	0.00992	0.00729	0.00583	0.00208	0.00886	0.00482	0.00419	0.00998
5	0.01995	0.01744	0.02582	0.28474	0.19690	0.01947	0.04881	0.17703	0.07910	0.02960	0.01683	0.02055	0.01276	0.00811	0.00781	0.00246	0.00937	0.00719	0.00501	0.01104
6	0.14497	0.00944	0.01056	0.01118	0.01317	0.00956	0.00814	0.01590	0.06325	0.02386	0.03626	0.44910	0.06463	0.01902	0.00867	0.00288	0.00507	0.05213	0.00670	0.04552
7	0.01123	0.00863	0.01268	0.04021	0.01501	0.00845	0.04758	0.01386	0.01692	0.02320	0.23769	0.26415	0.04851	0.10984	0.06433	0.00413	0.00674	0.05326	0.00673	0.00687
8	0.00974	0.00696	0.00931	0.01098	0.01160	0.00653	0.00757	0.01136	0.01542	0.02061	0.07530	0.64391	0.05195	0.02366	0.00991	0.00314	0.00464	0.06373	0.00726	0.00641
9	0.01838	0.01489	0.01915	0.09909	0.06305	0.01729	0.01385	0.18322	0.06448	0.02758	0.02064	0.08284	0.01940	0.11296	0.04326	0.02416	0.13151	0.02948	0.00551	0.00928
10	0.01000	0.00799	0.00884	0.00905	0.01105	0.00719	0.00652	0.01277	0.04424	0.02213	0.14247	0.19678	0.40836	0.06363	0.01113	0.00300	0.00432	0.01655	0.00724	0.00672

[dist]
# distance from previous block
# <min> <max>
5	7

[block]
# block no. 6 follows, 25 sequences, length 15
# corresponding to MSA columns:
# 146-160
name=unknown_G
#
# <colnr> <probs for GDERKNQSTAVLIFYWHMCP>
#	G	D	E	R	K	N	Q	S	T	A	V	L	I	F	Y	W	H	M	C	P
0	0.02184	0.01774	0.02125	0.06229	0.02374	0.03806	0.04648	0.29888	0.10788	0.03405	0.02066	0.02644	0.01701	0.04905	0.08485	0.00387	0.06773	0.04119	0.00627	0.01073
1	0.16266	0.07387	0.24492	0.01794	0.02513	0.04135	0.06955	0.09047	0.01863	0.07417	0.01809	0.05737	0.01512	0.00938	0.00727	0.00248	0.00915	0.04707	0.00501	0.01037
2	0.58874	0.01411	0.01197	0.01061	0.01494	0.01594	0.00861	0.06223	0.01635	0.03501	0.13585	0.02148	0.02085	0.00896	0.00581	0.00240	0.00572	0.00622	0.00569	0.00851
3	0.01600	0.01222	0.01526	0.06392	0.01957	0.01051	0.01024	0.04394	0.01735	0.06545	0.04894	0.15278	0.02388	0.01110	0.00732	0.00196	0.00603	0.04907	0.00574	0.41872
4	0.01099	0.00806	0.01156	0.01170	0.01279	0.00909	0.00871	0.01321	0.01245	0.01766	0.02299	0.08535	0.02317	0.16250	0.54056	0.01098	0.01744	0.00981	0.00447	0.00652
5	0.01464	0.01378	0.02326	0.70887	0.05340	0.01723	0.02153	0.01981	0.01550	0.01981	0.01378	0.02067	0.01034	0.00775	0.00775	0.00258	0.01034	0.00689	0.00345	0.00861
6	0.01445	0.00723	0.00723	0.00723	0.00903	0.00723	0.00542	0.01807	0.01626	0.02891	0.02529	0.02891	0.01987	0.00903	0.00542	0.00181	0.00361	0.00723	0.77055	0.00723
7	0.01418	0.00866	0.01126	0.01019	0.01265	0.00783	0.00779	0.01763	0.02169	0.12167	0.54463	0.05465	0.10645	0.01523	0.00896	0.00245	0.00409	0.01331	0.00859	0.00808
8	0.02744	0.01906	0.02151	0.06179	0.02452	0.02084	0.01422	0.46335	0.07485	0.12120	0.02186	0.05641	0.01639	0.01009	0.00788	0.00241	0.00805	0.00797	0.00768	0.01248
9	0.01996	0.54522	0.18382	0.01555	0.02313	0.05924	0.01677	0.02388	0.01618	0.01968	0.01153	0.01339	0.00992	0.00686	0.00560	0.00185	0.00927	0.00454	0.00334	0.01024
10	0.14480	0.17757	0.02329	0.01529	0.02059	0.26475	0.01256	0.04525	0.01925	0.13175	0.01491	0.01575	0.01144	0.00771	0.00627	0.00200	0.00953	0.00517	0.00504	0.06707
11	0.11446	0.08213	0.18459	0.01835	0.05037	0.06441	0.04650	0.12330	0.04729	0.10162	0.01918	0.02008	0.03913	0.00836	0.00705	0.00227	0.00889	0.00649	0.00537	0.05015
12	0.02674	0.02735	0.02128	0.01842	0.02279	0.34787	0.01434	0.15962	0.14806	0.06372	0.01800	0.01867	0.01379	0.00920	0.00856	0.00230	0.05644	0.00639	0.00578	0.01067
13	0.01913	0.08553	0.06584	0.01294	0.01719	0.01299	0.01115	0.02516	0.10799	0.18911	0.24949	0.10570	0.03991	0.01289	0.00817	0.00245	0.00584	0.01098	0.00766	0.00990
14	0.06289	0.01755	0.01815	0.01574	0.02021	0.08898	0.03651	0.06265	0.33241	0.11137	0.02745	0.09711	0.02226	0.01099	0.00778	0.00250	0.00722	0.00914	0.00715	0.04194

[dist]
# distance from previous block
# <min> <max>
0	9

[block]
# block no. 7 follows, 25 sequences, length 24
# corresponding to MSA columns:
# 170-193
name=unknown_H
#
# <colnr> <probs for GDERKNQSTAVLIFYWHMCP>
#	G	D	E	R	K	N	Q	S	T	A	V	L	I	F	Y	W	H	M	C	P
0	0.02175	0.38007	0.05884	0.01607	0.04976	0.10518	0.01399	0.05664	0.01824	0.08087	0.01799	0.02153	0.03867	0.01154	0.04829	0.00264	0.00956	0.03375	0.00459	0.01002
1	0.02687	0.03406	0.08252	0.02099	0.04887	0.51002	0.01661	0.09240	0.02229	0.02272	0.01284	0.01500	0.01039	0.00829	0.00801	0.00215	0.04655	0.00542	0.00428	0.00973
2	0.02452	0.01616	0.01791	0.01463	0.01921	0.04662	0.01178	0.27443	0.05536	0.16948	0.13380	0.02873	0.02585	0.01487	0.06997	0.00325	0.00831	0.00847	0.04556	0.01110
3	0.02856	0.02126	0.02275	0.01765	0.02369	0.02362	0.01452	0.59811	0.09313	0.04738	0.01978	0.01955	0.01413	0.00942	0.00777	0.00235	0.00832	0.00714	0.00777	0.01310
4	0.01669	0.08025	0.23920	0.02284	0.05643	0.05230	0.18689	0.02330	0.05141	0.02354	0.02046	0.12480	0.01885	0.01039	0.00820	0.00257	0.01018	0.03712	0.00451	0.01007
5	0.01800	0.01490	0.01693	0.01278	0.01901	0.01313	0.01022	0.10601	0.10070	0.02958	0.04941	0.02010	0.01630	0.00732	0.00645	0.00155	0.00606	0.00590	0.00562	0.54001
6	0.01003	0.00699	0.00928	0.01056	0.01112	0.00672	0.00711	0.01105	0.01413	0.01883	0.03887	0.52576	0.07377	0.08221	0.07107	0.06525	0.00624	0.01857	0.00644	0.00600
7	0.02538	0.04549	0.02078	0.01756	0.05029	0.08031	0.01345	0.17620	0.29368	0.15507	0.02518	0.02375	0.01823	0.00954	0.00764	0.00241	0.00768	0.00759	0.00748	0.01227
8	0.01008	0.00759	0.00859	0.00880	0.01019	0.00690	0.00598	0.01164	0.01603	0.02059	0.14625	0.17253	0.29870	0.22088	0.01789	0.00407	0.00500	0.01551	0.00669	0.00609
9	0.01836	0.01667	0.02348	0.02907	0.31951	0.01643	0.01667	0.02733	0.19222	0.02723	0.01895	0.02097	0.01514	0.00756	0.00720	0.00207	0.00743	0.00677	0.00514	0.22179
10	0.01076	0.00792	0.01007	0.00953	0.01145	0.00722	0.00715	0.01422	0.02144	0.02989	0.60417	0.05990	0.14480	0.01630	0.00915	0.00246	0.00369	0.01430	0.00838	0.00722
11	0.01863	0.02124	0.07781	0.02125	0.02363	0.09333	0.08119	0.04837	0.01499	0.02099	0.01200	0.01804	0.01094	0.03211	0.02006	0.00317	0.46258	0.00689	0.00373	0.00907
12	0.01109	0.00824	0.01214	0.01214	0.01342	0.00952	0.00930	0.01364	0.01237	0.01776	0.02106	0.03206	0.02008	0.11110	0.64479	0.01207	0.01972	0.00854	0.00420	0.00675
13	0.01167	0.00834	0.01155	0.01334	0.01476	0.00822	0.01106	0.01464	0.01704	0.02228	0.04151	0.25895	0.04642	0.02219	0.01049	0.00346	0.00643	0.46359	0.00716	0.00691
14	0.16856	0.01455	0.01995	0.39649	0.03730	0.01766	0.01688	0.08790	0.01683	0.02569	0.01415	0.01953	0.01106	0.01266	0.07022	0.00345	0.04749	0.00649	0.00424	0.00890
15	0.12265	0.16852	0.41636	0.01963	0.02894	0.02050	0.07422	0.02408	0.01597	0.02477	0.01303	0.01547	0.00981	0.00713	0.00670	0.00231	0.01023	0.00549	0.00355	0.01066
16	0.01138	0.00867	0.01099	0.01066	0.01296	0.00750	0.00768	0.01385	0.01710	0.02417	0.21166	0.37739	0.04831	0.01773	0.00874	0.00250	0.00455	0.01585	0.00698	0.18134
17	0.02599	0.01772	0.01987	0.01596	0.02094	0.01923	0.01286	0.42072	0.08015	0.10990	0.02179	0.05728	0.01690	0.01386	0.03911	0.07243	0.00828	0.00802	0.00739	0.01161
18	0.01032	0.00745	0.00966	0.01026	0.01144	0.00693	0.00731	0.01271	0.01793	0.02450	0.30851	0.34355	0.09106	0.05765	0.01115	0.00308	0.00441	0.04778	0.00762	0.00669
19	0.02096	0.01694	0.01873	0.01595	0.01970	0.04824	0.01273	0.26723	0.14179	0.03257	0.02083	0.02458	0.01697	0.05040	0.19532	0.00537	0.06732	0.00773	0.00619	0.01046
20	0.01526	0.07331	0.02410	0.51826	0.09579	0.01748	0.01998	0.01997	0.01597	0.02051	0.01676	0.02761	0.01443	0.00918	0.00786	0.00260	0.00971	0.07851	0.00389	0.00884
21	0.01960	0.11559	0.35492	0.01841	0.02667	0.03683	0.04107	0.05364	0.01871	0.12528	0.07230	0.04713	0.01828	0.00902	0.00745	0.00236	0.00942	0.00729	0.00507	0.01098
22	0.64103	0.01626	0.01362	0.01163	0.01669	0.01864	0.00959	0.14109	0.01756	0.03743	0.01226	0.01373	0.00930	0.00759	0.00535	0.00239	0.00647	0.00472	0.00535	0.00930
23	0.04105	0.07600	0.01664	0.01331	0.01592	0.01397	0.01064	0.10190	0.01706	0.05274	0.04076	0.13895	0.02351	0.03408	0.32225	0.00708	0.05048	0.00990	0.00540	0.00836

[dist]
# distance from previous block
# <min> <max>
3	9

[block]
# block no. 8 follows, 25 sequences, length 41
# corresponding to MSA columns:
# 203-243
name=unknown_I
#
# <colnr> <probs for GDERKNQSTAVLIFYWHMCP>
#	G	D	E	R	K	N	Q	S	T	A	V	L	I	F	Y	W	H	M	C	P
0	0.01747	0.01260	0.01562	0.01339	0.01707	0.01256	0.04033	0.15267	0.07094	0.08231	0.18366	0.13206	0.13756	0.01468	0.00869	0.00255	0.00591	0.03578	0.00761	0.03654
1	0.01805	0.01640	0.01993	0.01850	0.08957	0.07769	0.06229	0.10224	0.01986	0.02713	0.06017	0.13360	0.02301	0.01077	0.00766	0.00211	0.00756	0.03401	0.00557	0.26388
2	0.05016	0.11705	0.16462	0.02720	0.06648	0.03944	0.35290	0.02441	0.01725	0.02401	0.01417	0.01819	0.01094	0.00702	0.00846	0.00244	0.03367	0.00734	0.00374	0.01049
3	0.01829	0.24131	0.34177	0.01785	0.02604	0.11249	0.02010	0.02376	0.01707	0.02159	0.01884	0.02039	0.07286	0.00839	0.00678	0.00217	0.01015	0.00617	0.00376	0.01021
4	0.00955	0.00690	0.00904	0.01056	0.01123	0.00639	0.00714	0.01111	0.01555	0.02074	0.09424	0.63562	0.08647	0.02338	0.00980	0.00306	0.00440	0.02111	0.00730	0.00639
5	0.01730	0.01593	0.02493	0.31419	0.25429	0.01816	0.02020	0.05460	0.07843	0.02424	0.01689	0.04855	0.01401	0.00885	0.00899	0.00256	0.05552	0.00767	0.00436	0.01032
6	0.01097	0.00793	0.01036	0.00975	0.01158	0.00732	0.00732	0.01463	0.02195	0.03109	0.67505	0.05792	0.07316	0.01585	0.00914	0.00244	0.00366	0.01402	0.00854	0.00732
7	0.01699	0.01520	0.02443	0.37064	0.06296	0.01666	0.09630	0.02362	0.08487	0.05449	0.01662	0.02100	0.01258	0.00782	0.00814	0.00238	0.02942	0.00707	0.00445	0.12436
8	0.01401	0.01252	0.07648	0.01436	0.05111	0.00976	0.01098	0.04674	0.01739	0.06724	0.08694	0.40714	0.03895	0.01739	0.00879	0.00268	0.00580	0.01550	0.00667	0.08956
9	0.71111	0.01563	0.01252	0.01092	0.01585	0.01802	0.00900	0.08240	0.01539	0.03612	0.01154	0.01316	0.00885	0.00740	0.00508	0.00239	0.00624	0.00446	0.00508	0.00885
10	0.05713	0.53177	0.14142	0.01474	0.02202	0.02704	0.01549	0.04940	0.01680	0.04581	0.01233	0.01384	0.01033	0.00700	0.00557	0.00188	0.00864	0.00465	0.00379	0.01037
11	0.02130	0.56139	0.08228	0.03979	0.02262	0.12217	0.01487	0.02427	0.01666	0.01884	0.01127	0.01322	0.00996	0.00691	0.00552	0.00179	0.00938	0.00447	0.00341	0.00987
12	0.01097	0.00793	0.01036	0.00975	0.01158	0.00732	0.00732	0.01463	0.02195	0.03109	0.67505	0.05792	0.07316	0.01585	0.00914	0.00244	0.00366	0.01402	0.00854	0.00732
13	0.01402	0.02460	0.34441	0.01641	0.02322	0.01372	0.01829	0.02205	0.08042	0.02800	0.28823	0.03470	0.03726	0.01117	0.00815	0.00247	0.00774	0.00944	0.00588	0.00983
14	0.01013	0.00727	0.00961	0.01033	0.01140	0.00675	0.00725	0.01250	0.01801	0.02482	0.32423	0.42661	0.06102	0.02053	0.00956	0.00283	0.00412	0.01847	0.00779	0.00675
15	0.01809	0.05230	0.27161	0.06124	0.30889	0.04613	0.04800	0.02509	0.04980	0.02465	0.01496	0.01832	0.01168	0.00731	0.00751	0.00236	0.01023	0.00648	0.00381	0.01154
16	0.01445	0.00723	0.00723	0.00723	0.00903	0.00723	0.00542	0.01807	0.01626	0.02891	0.02529	0.02891	0.01987	0.00903	0.00542	0.00181	0.00361	0.00723	0.77055	0.00723
17	0.02850	0.02141	0.02404	0.02065	0.08598	0.02351	0.01559	0.59377	0.03468	0.04664	0.01823	0.01867	0.01310	0.00908	0.00775	0.00232	0.00860	0.00697	0.00739	0.01310
18	0.02780	0.01475	0.01779	0.01469	0.01996	0.01495	0.01179	0.03933	0.31193	0.39066	0.03103	0.02753	0.02121	0.01001	0.00784	0.00250	0.00639	0.00823	0.00883	0.01278
19	0.02556	0.02214	0.08501	0.05264	0.02571	0.02227	0.01595	0.45060	0.14789	0.04212	0.02028	0.02038	0.01463	0.00927	0.00774	0.00241	0.00846	0.00718	0.00714	0.01263
20	0.03150	0.01640	0.01960	0.01512	0.02098	0.01641	0.01246	0.29141	0.02778	0.38636	0.02535	0.02331	0.01674	0.00945	0.00765	0.00234	0.00724	0.00743	0.04961	0.01287
21	0.02947	0.02172	0.02327	0.01784	0.02404	0.02404	0.01474	0.65329	0.03646	0.04887	0.01862	0.01862	0.01319	0.00931	0.00776	0.00233	0.00853	0.00698	0.00776	0.01319
22	0.01555	0.04011	0.68733	0.02210	0.03356	0.01801	0.02865	0.02455	0.01637	0.02455	0.01391	0.01637	0.00982	0.00737	0.00737	0.00246	0.01146	0.00573	0.00327	0.01146
23	0.01883	0.02934	0.37862	0.02122	0.07089	0.01818	0.02187	0.05736	0.20041	0.07539	0.02033	0.02091	0.01470	0.00847	0.00758	0.00248	0.00934	0.00687	0.00526	0.01194
24	0.01610	0.01350	0.01575	0.01173	0.01797	0.01061	0.00927	0.04920	0.01694	0.02588	0.01675	0.08298	0.01533	0.00767	0.00623	0.00139	0.00576	0.00636	0.00499	0.66559
25	0.02174	0.02805	0.18637	0.02323	0.03058	0.14778	0.20887	0.16668	0.02259	0.02888	0.01825	0.02059	0.04325	0.00826	0.00801	0.00240	0.01140	0.00741	0.00480	0.01084
26	0.01111	0.00817	0.01177	0.01177	0.01292	0.00932	0.00883	0.01340	0.01226	0.01749	0.02140	0.03395	0.02090	0.17327	0.58373	0.01161	0.01849	0.00882	0.00425	0.00654
27	0.01482	0.01062	0.01186	0.01088	0.01249	0.01115	0.00741	0.13276	0.04808	0.02297	0.02761	0.08819	0.06097	0.44143	0.06100	0.00601	0.00791	0.01119	0.00569	0.00696
28	0.01347	0.00673	0.01010	0.01010	0.01010	0.00673	0.00673	0.01010	0.01010	0.01347	0.01347	0.02357	0.01347	0.02694	0.03030	0.77441	0.00673	0.00673	0.00337	0.00337
29	0.02138	0.01840	0.02700	0.02203	0.05307	0.07692	0.20602	0.14925	0.02121	0.09594	0.01976	0.06218	0.01628	0.01803	0.13242	0.00429	0.03138	0.00864	0.00549	0.01031
30	0.01919	0.01842	0.03147	0.04759	0.67914	0.01842	0.02380	0.02380	0.01765	0.02533	0.01458	0.01919	0.01228	0.00691	0.00768	0.00230	0.00921	0.00691	0.00384	0.01228
31	0.01617	0.06104	0.49865	0.02147	0.03100	0.05025	0.08408	0.02376	0.01701	0.02424	0.05767	0.01983	0.01457	0.00987	0.03499	0.00282	0.01147	0.00661	0.00375	0.01073
32	0.67780	0.04409	0.01271	0.01054	0.01509	0.01722	0.00872	0.02196	0.01323	0.03251	0.01174	0.01428	0.00950	0.01199	0.07023	0.00332	0.00749	0.00458	0.00468	0.00832
33	0.05389	0.11788	0.29921	0.01907	0.02709	0.12922	0.02008	0.19133	0.02236	0.02974	0.01434	0.01595	0.01069	0.00788	0.00701	0.00225	0.01048	0.00569	0.00464	0.01121
34	0.02073	0.73217	0.04063	0.01327	0.01990	0.03068	0.01327	0.02322	0.01575	0.01824	0.01078	0.01244	0.00995	0.00663	0.00498	0.00166	0.00829	0.00415	0.00332	0.00995
35	0.01347	0.00673	0.01010	0.01010	0.01010	0.00673	0.00673	0.01010	0.01010	0.01347	0.01347	0.02357	0.01347	0.02694	0.03030	0.77441	0.00673	0.00673	0.00337	0.00337
36	0.01071	0.00935	0.00938	0.00945	0.01182	0.04155	0.00718	0.01301	0.01834	0.02241	0.15467	0.10948	0.46643	0.01894	0.00922	0.00267	0.00470	0.06665	0.00722	0.00681
37	0.01082	0.01059	0.06607	0.01294	0.01503	0.00831	0.05133	0.01358	0.01659	0.02272	0.16256	0.48942	0.04964	0.02011	0.00950	0.00292	0.00546	0.01831	0.00693	0.00718
38	0.01615	0.01345	0.01569	0.01182	0.01788	0.01075	0.00931	0.06019	0.01727	0.02615	0.01762	0.10215	0.01644	0.00823	0.00638	0.00147	0.00577	0.00687	0.00512	0.63128
39	0.02970	0.02135	0.02304	0.01766	0.02386	0.02350	0.01459	0.62665	0.03584	0.07638	0.01913	0.01895	0.01345	0.00932	0.00776	0.00233	0.00845	0.00702	0.00784	0.01319
40	0.02807	0.02185	0.02256	0.01846	0.04977	0.08444	0.01446	0.48174	0.03179	0.07499	0.01800	0.01837	0.01300	0.00878	0.00750	0.00219	0.00872	0.00662	0.00706	0.08162

[dist]
# distance from previous block
# <min> <max>
0	4

[block]
# block no. 9 follows, 25 sequences, length 20
# corresponding to MSA columns:
# 248-267
name=unknown_J
#
# <colnr> <probs for GDERKNQSTAVLIFYWHMCP>
#	G	D	E	R	K	N	Q	S	T	A	V	L	I	F	Y	W	H	M	C	P
0	0.01915	0.05848	0.09152	0.19666	0.27531	0.05703	0.02072	0.05284	0.05789	0.04749	0.01666	0.02179	0.01341	0.00813	0.00761	0.00240	0.00955	0.02808	0.00441	0.01089
1	0.02034	0.02231	0.05703	0.08176	0.45879	0.13250	0.06672	0.02486	0.01824	0.02385	0.01415	0.01841	0.01164	0.00713	0.00766	0.00230	0.01045	0.00670	0.00382	0.01134
2	0.01092	0.00788	0.01035	0.01005	0.01176	0.00731	0.00754	0.01439	0.02119	0.02982	0.59489	0.11303	0.07008	0.01679	0.00928	0.00255	0.00389	0.04271	0.00836	0.00723
3	0.02281	0.01944	0.02323	0.27053	0.06975	0.07058	0.01755	0.30223	0.06890	0.03373	0.01702	0.01974	0.01257	0.00860	0.00770	0.00242	0.00947	0.00692	0.00571	0.01110
4	0.02221	0.10371	0.12628	0.01648	0.05931	0.01476	0.01448	0.04748	0.01879	0.23750	0.02540	0.04958	0.03994	0.05118	0.00942	0.00265	0.00770	0.07345	0.00634	0.07333
5	0.01753	0.05733	0.16992	0.01792	0.02351	0.01421	0.10618	0.03936	0.04009	0.11313	0.04479	0.16260	0.02731	0.01345	0.00867	0.00275	0.00836	0.11713	0.00603	0.00973
6	0.02073	0.73217	0.04063	0.01327	0.01990	0.03068	0.01327	0.02322	0.01575	0.01824	0.01078	0.01244	0.00995	0.00663	0.00498	0.00166	0.00829	0.00415	0.00332	0.00995
7	0.18048	0.02848	0.31572	0.01814	0.02638	0.01997	0.01959	0.24240	0.02268	0.03513	0.01489	0.01636	0.01069	0.00800	0.00697	0.00240	0.00930	0.00584	0.00515	0.01142
8	0.78228	0.01499	0.01140	0.01020	0.01499	0.01739	0.00840	0.02279	0.01320	0.03479	0.01080	0.01260	0.00840	0.00720	0.00480	0.00240	0.00600	0.00420	0.00480	0.00840
9	0.01758	0.04910	0.03020	0.15401	0.17162	0.01793	0.20393	0.05898	0.06445	0.02609	0.08474	0.04817	0.02009	0.00884	0.00825	0.00248	0.00953	0.00882	0.00487	0.01030
10	0.01109	0.00825	0.01220	0.01220	0.01349	0.00955	0.00936	0.01368	0.01238	0.01780	0.02101	0.03180	0.01997	0.10253	0.65320	0.01213	0.01989	0.00850	0.00419	0.00678
11	0.02084	0.01674	0.01790	0.01578	0.02037	0.01908	0.01236	0.07705	0.58865	0.07341	0.03074	0.02817	0.02278	0.01039	0.00788	0.00260	0.00631	0.00860	0.00799	0.01238
12	0.01445	0.00723	0.00723	0.00723	0.00903	0.00723	0.00542	0.01807	0.01626	0.02891	0.02529	0.02891	0.01987	0.00903	0.00542	0.00181	0.00361	0.00723	0.77055	0.00723
13	0.01768	0.01390	0.01586	0.01479	0.01827	0.01525	0.01192	0.13088	0.28058	0.03174	0.09870	0.08857	0.03437	0.01466	0.00888	0.00285	0.00645	0.17682	0.00769	0.01016
14	0.03166	0.01250	0.01699	0.01326	0.01871	0.01086	0.01086	0.03474	0.02216	0.59858	0.11534	0.03054	0.02629	0.01042	0.00797	0.00240	0.00621	0.00862	0.00946	0.01242
15	0.01723	0.02549	0.23507	0.09771	0.07711	0.01878	0.30301	0.02562	0.07441	0.02494	0.01629	0.02011	0.01211	0.00729	0.00826	0.00255	0.01145	0.00771	0.00402	0.01085
16	0.01920	0.01876	0.02358	0.02003	0.02102	0.06506	0.01657	0.09569	0.01545	0.02231	0.01130	0.01698	0.01053	0.01272	0.02219	0.00318	0.58569	0.00670	0.00395	0.00908
17	0.01608	0.01378	0.01608	0.01148	0.01837	0.01034	0.00919	0.01952	0.01608	0.02527	0.01378	0.01608	0.01148	0.00574	0.00574	0.00115	0.00574	0.00459	0.00459	0.77491
18	0.02473	0.01906	0.02042	0.01670	0.02193	0.02133	0.01343	0.40108	0.25535	0.04140	0.02457	0.06369	0.01910	0.01061	0.00793	0.00248	0.00746	0.00849	0.00777	0.01246
19	0.01201	0.01006	0.05193	0.01056	0.01316	0.00803	0.00866	0.01571	0.02092	0.05625	0.52682	0.08552	0.11917	0.01579	0.00902	0.00249	0.00432	0.01382	0.00808	0.00770

[dist]
# distance from previous block
# <min> <max>
0	1

[block]
# block no. 10 follows, 25 sequences, length 13
# corresponding to MSA columns:
# 269-281
name=unknown_K
#
# <colnr> <probs for GDERKNQSTAVLIFYWHMCP>
#	G	D	E	R	K	N	Q	S	T	A	V	L	I	F	Y	W	H	M	C	P
0	0.02869	0.01995	0.02216	0.04155	0.02410	0.02176	0.01431	0.53889	0.03359	0.11313	0.04844	0.02122	0.01634	0.00957	0.00782	0.00235	0.00818	0.00737	0.00783	0.01277
1	0.00958	0.00680	0.00896	0.01063	0.01105	0.00639	0.00702	0.01083	0.01459	0.01945	0.04142	0.67433	0.04963	0.07466	0.01201	0.00346	0.00471	0.02127	0.00702	0.00618
2	0.02167	0.01909	0.02087	0.13135	0.07965	0.09977	0.01522	0.22558	0.13301	0.03263	0.07699	0.02765	0.03997	0.01020	0.00795	0.00244	0.00853	0.03027	0.00634	0.01080
3	0.01805	0.01715	0.02909	0.15084	0.54552	0.01767	0.02259	0.02269	0.01753	0.02475	0.04818	0.02140	0.01508	0.00750	0.00776	0.00235	0.00911	0.00727	0.00402	0.01144
4	0.02088	0.01909	0.02624	0.11980	0.27948	0.06311	0.05120	0.15011	0.09854	0.02957	0.01857	0.02375	0.01508	0.00873	0.00792	0.00245	0.00926	0.03958	0.00523	0.01141
5	0.01657	0.01447	0.02212	0.54359	0.04538	0.01743	0.01931	0.11932	0.01877	0.02441	0.01687	0.07659	0.01407	0.00932	0.00792	0.00259	0.00958	0.00812	0.00443	0.00915
6	0.02334	0.02019	0.01972	0.01682	0.02172	0.08716	0.01329	0.22675	0.41043	0.03612	0.02569	0.02432	0.01913	0.00990	0.00776	0.00248	0.00764	0.00785	0.00747	0.01223
7	0.00949	0.00775	0.00823	0.00833	0.01053	0.00666	0.00607	0.01145	0.01748	0.02151	0.13130	0.12636	0.52566	0.06110	0.01100	0.00293	0.00416	0.01631	0.00719	0.00649
8	0.02518	0.02284	0.06818	0.06154	0.06522	0.07158	0.07016	0.38317	0.08866	0.03847	0.01826	0.01944	0.01337	0.00873	0.00780	0.00238	0.00943	0.00709	0.00640	0.01213
9	0.00989	0.00750	0.00824	0.00868	0.01059	0.00660	0.00627	0.01197	0.01703	0.02206	0.09844	0.24103	0.40647	0.01955	0.00897	0.00266	0.00403	0.01679	0.08663	0.00660
10	0.01764	0.01534	0.01562	0.01445	0.01795	0.05545	0.01101	0.07153	0.39297	0.02960	0.06807	0.16228	0.06763	0.01369	0.00835	0.00266	0.00619	0.01165	0.00752	0.01042
11	0.01083	0.00785	0.01027	0.01031	0.01195	0.00730	0.00778	0.01405	0.02026	0.02813	0.48834	0.16286	0.09165	0.01787	0.00942	0.00267	0.00416	0.07905	0.00813	0.00711
12	0.00973	0.00697	0.00925	0.01060	0.01131	0.00649	0.00722	0.01152	0.01618	0.02192	0.16194	0.59717	0.05541	0.02270	0.00975	0.00301	0.00434	0.02053	0.00745	0.00649

[dist]
# distance from previous block
# <min> <max>
2	28

[block]
# block no. 11 follows, 25 sequences, length 8
# corresponding to MSA columns:
# 315-322
name=unknown_L
#
# <colnr> <probs for GDERKNQSTAVLIFYWHMCP>
#	G	D	E	R	K	N	Q	S	T	A	V	L	I	F	Y	W	H	M	C	P
0	0.01945	0.38605	0.25119	0.01847	0.02658	0.07746	0.07715	0.02441	0.01668	0.02097	0.01235	0.01463	0.01008	0.00697	0.00630	0.00203	0.01021	0.00519	0.00341	0.01042
1	0.02459	0.01295	0.01987	0.01633	0.02105	0.01191	0.10118	0.05229	0.02041	0.35010	0.03166	0.12471	0.02706	0.01338	0.00884	0.00276	0.00743	0.13483	0.00793	0.01072
2	0.02589	0.01561	0.01864	0.01418	0.02010	0.01484	0.01160	0.19682	0.02345	0.25060	0.02096	0.02072	0.01477	0.00844	0.00778	0.00200	0.03630	0.00650	0.03640	0.25439
3	0.01670	0.00976	0.01276	0.01166	0.01292	0.01023	0.00835	0.14005	0.01543	0.02062	0.01451	0.02257	0.01341	0.02337	0.02575	0.61842	0.00710	0.00678	0.00425	0.00535
4	0.01090	0.00799	0.01139	0.01161	0.01266	0.00892	0.00858	0.01305	0.01257	0.01775	0.02410	0.12026	0.02479	0.16124	0.50547	0.01050	0.01661	0.01050	0.00462	0.00649
5	0.01709	0.07859	0.29795	0.02019	0.02723	0.07923	0.11363	0.02258	0.01687	0.04648	0.02007	0.15959	0.01887	0.01097	0.00861	0.00255	0.03568	0.00947	0.00447	0.00988
6	0.02455	0.16369	0.02500	0.01628	0.02201	0.02391	0.01368	0.33657	0.22682	0.03759	0.02104	0.02056	0.01578	0.00914	0.00724	0.00229	0.00774	0.00696	0.00690	0.01225
7	0.17679	0.01669	0.01766	0.01503	0.01968	0.01895	0.01208	0.12971	0.31165	0.11606	0.02379	0.02291	0.01749	0.00975	0.00843	0.00256	0.05482	0.00731	0.00715	0.01149

[dist]
# distance from previous block
# <min> <max>
0	2

[block]
# block no. 12 follows, 25 sequences, length 8
# corresponding to MSA columns:
# 325-332
name=unknown_M
#
# <colnr> <probs for GDERKNQSTAVLIFYWHMCP>
#	G	D	E	R	K	N	Q	S	T	A	V	L	I	F	Y	W	H	M	C	P
0	0.01726	0.01817	0.02723	0.42875	0.04393	0.09873	0.13409	0.02191	0.01637	0.02049	0.01351	0.01951	0.01054	0.00821	0.00988	0.00261	0.08919	0.00706	0.00359	0.00898
1	0.00959	0.00740	0.00875	0.00941	0.01098	0.00657	0.00668	0.01158	0.01721	0.02216	0.16356	0.34314	0.31328	0.02095	0.00947	0.00281	0.00412	0.01835	0.00742	0.00657
2	0.01314	0.00867	0.01103	0.01088	0.01289	0.00836	0.00830	0.01616	0.05709	0.06742	0.17870	0.11156	0.18052	0.02213	0.06251	0.12163	0.00629	0.08876	0.00687	0.00711
3	0.00945	0.00675	0.00900	0.01080	0.01125	0.00630	0.00720	0.01080	0.01484	0.01979	0.04274	0.72245	0.05128	0.02429	0.00990	0.00315	0.00450	0.02204	0.00720	0.00630
4	0.01250	0.00926	0.01217	0.01334	0.01526	0.00933	0.01114	0.01743	0.07687	0.02425	0.09705	0.14651	0.07669	0.02016	0.01016	0.00330	0.00631	0.42344	0.00734	0.00750
5	0.02009	0.01461	0.01627	0.01436	0.01847	0.01591	0.01120	0.08414	0.38851	0.11645	0.10094	0.08321	0.05720	0.01225	0.00820	0.00259	0.00592	0.01034	0.00809	0.01127
6	0.02469	0.01577	0.01794	0.01465	0.01924	0.01655	0.01173	0.35086	0.02795	0.15044	0.06980	0.14162	0.02517	0.01230	0.00805	0.00245	0.00684	0.01015	0.06260	0.01121
7	0.15081	0.01307	0.01567	0.01260	0.01766	0.01233	0.01021	0.06952	0.02090	0.36926	0.12053	0.05339	0.02561	0.01038	0.00743	0.00234	0.00605	0.00837	0.00809	0.06578

[dist]
# distance from previous block
# <min> <max>
0	1

[block]
# block no. 13 follows, 25 sequences, length 6
# corresponding to MSA columns:
# 334-339
name=unknown_N
#
# <colnr> <probs for GDERKNQSTAVLIFYWHMCP>
#	G	D	E	R	K	N	Q	S	T	A	V	L	I	F	Y	W	H	M	C	P
0	0.28708	0.01270	0.01411	0.01170	0.01641	0.01260	0.00950	0.02773	0.01904	0.32281	0.15992	0.02830	0.02688	0.01009	0.00705	0.00241	0.00577	0.00787	0.00772	0.01030
1	0.01725	0.00920	0.01186	0.01091	0.01363	0.00826	0.00827	0.01978	0.01912	0.21008	0.21773	0.17115	0.13319	0.07267	0.01137	0.00303	0.00513	0.04086	0.00804	0.00847
2	0.20531	0.01303	0.01429	0.01201	0.01624	0.01329	0.00955	0.09280	0.05680	0.18116	0.20897	0.03199	0.03176	0.03956	0.00865	0.00257	0.00580	0.00870	0.00744	0.04006
3	0.11751	0.00794	0.00918	0.01041	0.01158	0.00792	0.00721	0.01308	0.01473	0.02265	0.03682	0.56511	0.04266	0.02062	0.00881	0.00293	0.00463	0.01831	0.07121	0.00667
4	0.00986	0.00699	0.00911	0.01038	0.01096	0.00657	0.00692	0.01135	0.01534	0.02068	0.12208	0.55689	0.05136	0.10683	0.01332	0.00358	0.00475	0.01973	0.00707	0.00624
5	0.01621	0.01035	0.01292	0.01146	0.01425	0.01002	0.00882	0.10593	0.02327	0.10959	0.44288	0.11663	0.05620	0.01506	0.00887	0.00249	0.00477	0.01313	0.00842	0.00872

[dist]
# distance from previous block
# <min> <max>
0	1

[block]
# block no. 14 follows, 25 sequences, length 16
# corresponding to MSA columns:
# 341-356
name=unknown_O
#
# <colnr> <probs for GDERKNQSTAVLIFYWHMCP>
#	G	D	E	R	K	N	Q	S	T	A	V	L	I	F	Y	W	H	M	C	P
0	0.01270	0.00780	0.00955	0.00984	0.01120	0.00723	0.00674	0.01429	0.01568	0.08418	0.08213	0.32334	0.12839	0.18095	0.01598	0.00386	0.00520	0.01592	0.05826	0.00676
1	0.01284	0.00851	0.00978	0.00916	0.01194	0.00734	0.00697	0.01533	0.01920	0.10684	0.21695	0.08462	0.42686	0.01760	0.00901	0.00256	0.00422	0.01489	0.00783	0.00756
2	0.01214	0.00788	0.01022	0.01076	0.01237	0.00722	0.00788	0.01442	0.01766	0.07841	0.18562	0.37827	0.13218	0.02035	0.00953	0.00290	0.00465	0.07263	0.00769	0.00721
3	0.07490	0.01884	0.02059	0.01612	0.02182	0.02034	0.01317	0.43563	0.07367	0.16075	0.02142	0.02168	0.01531	0.03893	0.00890	0.00258	0.00782	0.00726	0.00779	0.01248
4	0.01163	0.00851	0.01124	0.01212	0.01383	0.00829	0.00977	0.01545	0.04265	0.02512	0.22486	0.18279	0.08579	0.01981	0.00994	0.00309	0.00549	0.29484	0.00758	0.00721
5	0.02324	0.01846	0.01959	0.01633	0.02142	0.02079	0.01306	0.30360	0.36669	0.03902	0.02799	0.02643	0.04697	0.01039	0.00789	0.00250	0.00707	0.00832	0.00780	0.01242
6	0.01594	0.01011	0.01245	0.01128	0.01418	0.00977	0.00864	0.02212	0.12470	0.13635	0.37015	0.09427	0.10900	0.01488	0.00877	0.00253	0.00462	0.01291	0.00839	0.00894
7	0.01199	0.00748	0.00863	0.00876	0.00944	0.00761	0.00566	0.01339	0.01301	0.01948	0.02546	0.08755	0.02644	0.40550	0.10629	0.00626	0.00783	0.01055	0.21292	0.00576
8	0.00981	0.00695	0.00904	0.01041	0.01091	0.00654	0.00689	0.01118	0.01498	0.02013	0.09333	0.58015	0.05014	0.11429	0.01365	0.00365	0.00482	0.01998	0.00699	0.00618
9	0.01368	0.00744	0.00824	0.00819	0.00994	0.00759	0.00619	0.01717	0.01618	0.02751	0.07825	0.03153	0.02420	0.01670	0.10579	0.00340	0.00610	0.00794	0.59676	0.00719
