[name]
unknown

[dist]
# distance from previous block
# <min> <max>
6	37

[block]
# block no. 0 follows, 23 sequences, length 17
# corresponding to MSA columns:
# 44-60
name=unknown_A
#
# <colnr> <probs for GDERKNQSTAVLIFYWHMCP>
#	G	D	E	R	K	N	Q	S	T	A	V	L	I	F	Y	W	H	M	C	P
0	0.01789	0.05461	0.03172	0.02299	0.02876	0.01726	0.29798	0.07898	0.02006	0.02752	0.07725	0.13711	0.02472	0.01119	0.00952	0.00259	0.03263	0.01116	0.00549	0.09057
1	0.01703	0.01605	0.02661	0.46340	0.23768	0.01852	0.02272	0.02321	0.05143	0.02320	0.01569	0.02164	0.01219	0.00800	0.00810	0.00262	0.01022	0.00732	0.00398	0.01038
2	0.06861	0.01736	0.01933	0.01557	0.02142	0.01802	0.01255	0.18286	0.22782	0.18109	0.02547	0.02406	0.01822	0.00954	0.00768	0.00237	0.00707	0.00756	0.00793	0.12548
3	0.17536	0.01704	0.02535	0.22624	0.32167	0.01874	0.02026	0.02439	0.04821	0.02727	0.01508	0.01960	0.01201	0.00774	0.00744	0.00253	0.00912	0.00673	0.00432	0.01090
4	0.01851	0.02293	0.10344	0.07938	0.04172	0.01978	0.50838	0.02536	0.01866	0.02561	0.01602	0.02121	0.01200	0.00698	0.00915	0.00265	0.01300	0.00887	0.00403	0.04232
5	0.01532	0.01442	0.02434	0.69533	0.05589	0.01803	0.02253	0.02073	0.01622	0.02073	0.01442	0.02163	0.01082	0.00811	0.00811	0.00270	0.01082	0.00721	0.00361	0.00901
6	0.01919	0.01485	0.01635	0.01441	0.01881	0.01593	0.01123	0.03461	0.41028	0.08599	0.11749	0.03756	0.09055	0.01220	0.00838	0.00259	0.00588	0.01024	0.00818	0.06528
7	0.01248	0.00853	0.01106	0.01029	0.01244	0.00780	0.00776	0.01618	0.02274	0.06002	0.60149	0.06009	0.10524	0.01651	0.00951	0.00256	0.00398	0.01452	0.00891	0.00788
8	0.00989	0.00706	0.00942	0.01130	0.01177	0.00659	0.00753	0.01130	0.01554	0.02071	0.04472	0.70954	0.05367	0.02542	0.01036	0.00330	0.00471	0.02307	0.00753	0.00659
9	0.73255	0.01607	0.01259	0.01110	0.01620	0.01857	0.00914	0.05661	0.01511	0.03719	0.01174	0.01352	0.00906	0.00765	0.00519	0.00251	0.00642	0.00455	0.00519	0.00906
10	0.01319	0.00956	0.01201	0.01108	0.01332	0.00922	0.00838	0.07342	0.02386	0.03344	0.55593	0.10302	0.06904	0.01658	0.00949	0.00259	0.00437	0.01458	0.00876	0.00816
11	0.00989	0.00706	0.00942	0.01130	0.01177	0.00659	0.00753	0.01130	0.01554	0.02071	0.04472	0.70954	0.05367	0.02542	0.01036	0.00330	0.00471	0.02307	0.00753	0.00659
12	0.02769	0.02356	0.02242	0.01838	0.02398	0.12110	0.01472	0.37608	0.21238	0.04154	0.02236	0.02188	0.01647	0.00990	0.00804	0.00248	0.00905	0.00754	0.00757	0.01287
13	0.01678	0.10546	0.61375	0.02226	0.03378	0.02009	0.02847	0.02557	0.01707	0.02508	0.01425	0.01675	0.01029	0.00764	0.00747	0.00249	0.01168	0.00584	0.00343	0.01184
14	0.03031	0.03867	0.02299	0.02090	0.02508	0.68226	0.01568	0.03240	0.02299	0.01986	0.01254	0.01463	0.01045	0.00836	0.00732	0.00209	0.01463	0.00523	0.00418	0.00941
15	0.01790	0.24582	0.48322	0.02035	0.03082	0.02283	0.02514	0.02528	0.01694	0.02371	0.01357	0.01589	0.01032	0.00748	0.00696	0.00232	0.01100	0.00550	0.00344	0.01152
16	0.01737	0.01873	0.03807	0.02844	0.03422	0.01874	0.44025	0.02265	0.01748	0.02408	0.01954	0.10868	0.01777	0.01320	0.05006	0.00350	0.10191	0.01091	0.00448	0.00992

[dist]
# distance from previous block
# <min> <max>
8	9

[block]
# block no. 1 follows, 23 sequences, length 7
# corresponding to MSA columns:
# 70-76
name=unknown_B
#
# <colnr> <probs for GDERKNQSTAVLIFYWHMCP>
#	G	D	E	R	K	N	Q	S	T	A	V	L	I	F	Y	W	H	M	C	P
0	0.02070	0.01770	0.02578	0.06087	0.05879	0.01750	0.14312	0.21120	0.02376	0.03281	0.02091	0.12122	0.01874	0.01038	0.00827	0.00236	0.00879	0.00953	0.00598	0.18159
1	0.01845	0.01405	0.02251	0.02569	0.21750	0.01400	0.07522	0.02150	0.01702	0.10639	0.06223	0.06699	0.02438	0.20294	0.03836	0.00436	0.04315	0.01011	0.00552	0.00964
2	0.02083	0.01675	0.02191	0.02275	0.14389	0.01846	0.01536	0.24255	0.02351	0.03256	0.02058	0.09001	0.01855	0.02191	0.15269	0.00482	0.07883	0.00903	0.00590	0.03913
3	0.01814	0.01929	0.09464	0.18931	0.30332	0.01754	0.02146	0.06236	0.01945	0.02730	0.08337	0.02417	0.01885	0.00856	0.00805	0.00243	0.00927	0.00773	0.00469	0.06005
4	0.16542	0.01958	0.02212	0.10713	0.02680	0.09186	0.05798	0.08536	0.08515	0.02877	0.01551	0.01873	0.01235	0.00933	0.01081	0.00258	0.13907	0.00656	0.00502	0.08986
5	0.08680	0.01744	0.01985	0.08285	0.02443	0.01911	0.01370	0.30175	0.09393	0.10644	0.06140	0.09109	0.02253	0.01150	0.00819	0.00260	0.00770	0.00932	0.00763	0.01175
6	0.07130	0.08510	0.02051	0.01462	0.01973	0.01835	0.01181	0.25175	0.04222	0.11735	0.02298	0.09606	0.01997	0.08524	0.01118	0.00293	0.00756	0.00889	0.00700	0.08546

[dist]
# distance from previous block
# <min> <max>
9	17

[block]
# block no. 2 follows, 23 sequences, length 17
# corresponding to MSA columns:
# 94-110
name=unknown_C
#
# <colnr> <probs for GDERKNQSTAVLIFYWHMCP>
#	G	D	E	R	K	N	Q	S	T	A	V	L	I	F	Y	W	H	M	C	P
0	0.01973	0.01804	0.01998	0.01662	0.02168	0.09305	0.06289	0.04554	0.22643	0.04792	0.02423	0.08093	0.02043	0.01372	0.05540	0.00303	0.00889	0.00866	0.00626	0.20657
1	0.02614	0.02007	0.02453	0.01900	0.02463	0.02162	0.08610	0.46047	0.03176	0.04259	0.02150	0.07172	0.01797	0.07956	0.01169	0.00306	0.00908	0.00912	0.00729	0.01209
2	0.02837	0.02371	0.02367	0.08507	0.02783	0.11590	0.01594	0.44344	0.08413	0.04238	0.01913	0.01990	0.01394	0.00949	0.00802	0.00244	0.00971	0.00716	0.00714	0.01264
3	0.03061	0.02096	0.02140	0.01697	0.02258	0.09685	0.01363	0.35519	0.03018	0.20758	0.02250	0.02395	0.01642	0.07035	0.01089	0.00288	0.00897	0.00768	0.00789	0.01252
4	0.05257	0.02217	0.02288	0.01800	0.02412	0.05996	0.01470	0.47932	0.09358	0.09820	0.02117	0.02072	0.01502	0.00974	0.00800	0.00245	0.00876	0.00735	0.00798	0.01331
5	0.01733	0.00971	0.01206	0.01108	0.01330	0.00938	0.00796	0.04079	0.01709	0.15652	0.06464	0.10814	0.09183	0.25856	0.10593	0.00574	0.00842	0.01202	0.04149	0.00799
6	0.22680	0.26539	0.14841	0.01466	0.02141	0.02243	0.01491	0.06661	0.01816	0.02894	0.08817	0.01985	0.01790	0.00857	0.00634	0.00225	0.00810	0.00608	0.00485	0.01018
7	0.01737	0.14784	0.01865	0.01184	0.01579	0.01460	0.00981	0.09083	0.02258	0.08231	0.28777	0.04755	0.17370	0.01421	0.00845	0.00242	0.00567	0.01179	0.00758	0.00924
8	0.01512	0.01147	0.01567	0.12000	0.02140	0.01344	0.01218	0.07734	0.01679	0.02439	0.02214	0.08383	0.02037	0.05189	0.25642	0.00659	0.07844	0.00926	0.13501	0.00825
9	0.01250	0.00846	0.01102	0.01044	0.01247	0.00774	0.00780	0.01602	0.02218	0.06231	0.55556	0.11548	0.09278	0.01717	0.00957	0.00262	0.00406	0.01517	0.00882	0.00784
10	0.01749	0.11258	0.29303	0.01896	0.02683	0.01709	0.09103	0.02360	0.01889	0.07865	0.12941	0.03121	0.08604	0.01043	0.00815	0.00249	0.00923	0.00891	0.00537	0.01060
11	0.01618	0.09638	0.54131	0.02082	0.03121	0.01868	0.02599	0.02436	0.01776	0.02593	0.08958	0.02185	0.01802	0.00868	0.00771	0.00250	0.01075	0.00687	0.00407	0.01135
12	0.02485	0.01504	0.01807	0.01393	0.02030	0.01342	0.01123	0.05240	0.13624	0.25648	0.02425	0.02321	0.01728	0.00848	0.00726	0.00199	0.00650	0.00688	0.00741	0.33476
13	0.02282	0.05541	0.09371	0.05828	0.02139	0.01449	0.01319	0.11137	0.02203	0.19195	0.08419	0.02792	0.02249	0.00989	0.00738	0.00231	0.00698	0.00797	0.21545	0.01078
14	0.01874	0.06617	0.34508	0.01850	0.02682	0.01798	0.02063	0.09725	0.08243	0.06516	0.07726	0.02844	0.08008	0.01031	0.00803	0.00254	0.00921	0.00827	0.00566	0.01146
15	0.01349	0.00880	0.01109	0.01022	0.01271	0.00791	0.00777	0.01690	0.02212	0.09116	0.48723	0.06089	0.18538	0.01674	0.00944	0.00258	0.00418	0.01453	0.00877	0.00808
16	0.01368	0.01206	0.01937	0.01584	0.01915	0.01168	0.12968	0.01769	0.02031	0.02862	0.37541	0.08222	0.08153	0.01443	0.01077	0.00262	0.06320	0.01294	0.00712	0.06167

[dist]
# distance from previous block
# <min> <max>
25	36

[block]
# block no. 3 follows, 23 sequences, length 11
# corresponding to MSA columns:
# 161-171
name=unknown_D
#
# <colnr> <probs for GDERKNQSTAVLIFYWHMCP>
#	G	D	E	R	K	N	Q	S	T	A	V	L	I	F	Y	W	H	M	C	P
0	0.35733	0.02105	0.01807	0.01501	0.02039	0.10353	0.01216	0.26795	0.02473	0.03995	0.01526	0.01650	0.01143	0.00858	0.00656	0.00241	0.00828	0.00577	0.03422	0.01081
1	0.02844	0.02113	0.02286	0.01767	0.02390	0.02286	0.01447	0.54729	0.03499	0.04725	0.02038	0.05629	0.01578	0.01024	0.00805	0.00237	0.00844	0.00792	0.00778	0.08189
2	0.05074	0.00893	0.00950	0.05281	0.01329	0.00937	0.00722	0.04069	0.01734	0.03004	0.02470	0.02949	0.01971	0.03911	0.00739	0.00224	0.00471	0.00756	0.61735	0.00782
3	0.01623	0.01609	0.03051	0.08643	0.05400	0.01588	0.28939	0.02114	0.01786	0.02423	0.02476	0.12418	0.02430	0.01277	0.01041	0.00295	0.04236	0.13012	0.00518	0.05119
4	0.02028	0.54341	0.20648	0.01629	0.02454	0.02866	0.01807	0.02466	0.01665	0.02081	0.01213	0.01409	0.01038	0.00714	0.00586	0.00195	0.00954	0.00477	0.00346	0.01082
5	0.02794	0.10737	0.02129	0.01460	0.02008	0.01642	0.01221	0.09342	0.10824	0.33819	0.10077	0.03157	0.02637	0.01098	0.00806	0.00249	0.00694	0.03229	0.00852	0.01227
6	0.02808	0.02066	0.02238	0.01770	0.02340	0.02272	0.01438	0.55470	0.03517	0.04713	0.02281	0.11040	0.01905	0.01181	0.00841	0.00255	0.00837	0.00938	0.00804	0.01285
7	0.06310	0.01080	0.01335	0.01418	0.01670	0.01124	0.01198	0.02075	0.11117	0.02704	0.09128	0.07429	0.07412	0.01921	0.01016	0.00337	0.00678	0.40461	0.00755	0.00833
8	0.01887	0.01926	0.03533	0.05349	0.03310	0.02074	0.33616	0.07853	0.01868	0.02591	0.01762	0.08181	0.01564	0.01074	0.01393	0.00297	0.19256	0.00983	0.00461	0.01020
9	0.02834	0.06949	0.11094	0.01895	0.02620	0.02477	0.01724	0.51771	0.03401	0.04575	0.01831	0.01876	0.01312	0.00930	0.00788	0.00241	0.00932	0.00694	0.00720	0.01335
10	0.01826	0.06438	0.30768	0.01861	0.02612	0.01573	0.05684	0.04879	0.01860	0.10998	0.02701	0.17416	0.05391	0.01255	0.00844	0.00269	0.00912	0.01078	0.00564	0.01071

[dist]
# distance from previous block
# <min> <max>
7	15

[block]
# block no. 4 follows, 23 sequences, length 70
# corresponding to MSA columns:
# 187-256
name=unknown_E
#
# <colnr> <probs for GDERKNQSTAVLIFYWHMCP>
#	G	D	E	R	K	N	Q	S	T	A	V	L	I	F	Y	W	H	M	C	P
0	0.01732	0.15639	0.53805	0.02204	0.03301	0.02117	0.05386	0.02547	0.01711	0.02459	0.01409	0.01664	0.01039	0.00754	0.00737	0.00244	0.01150	0.00587	0.00346	0.01168
1	0.01159	0.00869	0.01304	0.01304	0.01449	0.01014	0.01014	0.01449	0.01304	0.01884	0.02173	0.03188	0.02029	0.06086	0.68268	0.01304	0.02173	0.00869	0.00435	0.00724
2	0.03493	0.01436	0.01899	0.01464	0.02076	0.01290	0.01206	0.09036	0.02451	0.59093	0.05585	0.02822	0.02178	0.01028	0.00821	0.00251	0.00696	0.00834	0.00983	0.01356
3	0.06664	0.05837	0.50463	0.02318	0.05757	0.01935	0.05332	0.02572	0.01704	0.04847	0.01479	0.01746	0.01074	0.00799	0.00841	0.00258	0.04211	0.00617	0.00382	0.01164
4	0.02157	0.61009	0.10967	0.01526	0.02260	0.06533	0.01572	0.02488	0.01690	0.01985	0.01170	0.01355	0.01040	0.00710	0.00559	0.00184	0.00935	0.00457	0.00350	0.01053
5	0.00959	0.00822	0.00822	0.00822	0.01096	0.00685	0.00617	0.01165	0.01850	0.02192	0.08220	0.07809	0.66092	0.02055	0.00959	0.00274	0.00411	0.01713	0.00754	0.00685
6	0.01516	0.01394	0.01988	0.01782	0.01843	0.01866	0.01455	0.01741	0.01269	0.01924	0.01532	0.02370	0.01471	0.03386	0.30300	0.00755	0.41426	0.00777	0.00389	0.00819
7	0.01814	0.01698	0.03099	0.27690	0.12558	0.01838	0.19988	0.02329	0.01743	0.05572	0.01716	0.04439	0.01378	0.00883	0.01001	0.00272	0.06685	0.00848	0.03427	0.01018
8	0.02064	0.02270	0.02305	0.02030	0.02164	0.20941	0.01634	0.02263	0.01549	0.01955	0.01238	0.01840	0.01164	0.01759	0.09203	0.00416	0.43266	0.00674	0.00382	0.00885
9	0.01012	0.00723	0.00969	0.01157	0.01215	0.00680	0.00795	0.01171	0.01577	0.02098	0.04459	0.66340	0.05315	0.02520	0.01042	0.00333	0.00491	0.06686	0.00753	0.00666
10	0.01571	0.01482	0.02504	0.64285	0.10535	0.01813	0.02273	0.02107	0.01641	0.02120	0.01449	0.02151	0.01098	0.00804	0.00811	0.00268	0.01072	0.00721	0.00364	0.00933
11	0.01824	0.03512	0.43560	0.02911	0.14517	0.06227	0.10881	0.02603	0.01802	0.02550	0.01480	0.01812	0.01101	0.00755	0.00799	0.00253	0.01198	0.00664	0.00367	0.01183
12	0.02791	0.02199	0.02251	0.07617	0.02637	0.09172	0.01513	0.41039	0.08250	0.06933	0.02036	0.02101	0.01476	0.00955	0.00790	0.00242	0.00910	0.00728	0.05109	0.01249
13	0.01627	0.04197	0.67279	0.02313	0.03512	0.01884	0.02998	0.02570	0.01713	0.02570	0.01456	0.01713	0.01028	0.00771	0.00771	0.00257	0.01199	0.00600	0.00343	0.01199
14	0.01383	0.01187	0.01700	0.02204	0.20705	0.01145	0.01270	0.01820	0.05289	0.02655	0.20606	0.14232	0.19466	0.01571	0.00916	0.00267	0.00589	0.01394	0.00689	0.00914
15	0.01883	0.01877	0.05959	0.24549	0.29988	0.01898	0.06807	0.06964	0.03924	0.02659	0.01717	0.02404	0.01401	0.00849	0.00831	0.00261	0.01017	0.03437	0.00446	0.01129
16	0.01263	0.00877	0.01079	0.01084	0.01158	0.00933	0.00736	0.03378	0.01426	0.02022	0.02827	0.18651	0.03090	0.32927	0.12896	0.00664	0.04349	0.01291	0.08707	0.00642
17	0.01596	0.01455	0.02344	0.55691	0.07011	0.01777	0.02084	0.05292	0.01727	0.02250	0.01705	0.07725	0.01452	0.00980	0.00897	0.00276	0.03549	0.00850	0.00418	0.00920
18	0.02349	0.01507	0.01810	0.01332	0.02021	0.01251	0.01081	0.08568	0.02064	0.20304	0.01968	0.02001	0.01438	0.00746	0.00680	0.00168	0.00654	0.00596	0.00655	0.48810
19	0.01741	0.01589	0.02665	0.20846	0.38868	0.01678	0.02132	0.02153	0.01718	0.02369	0.01838	0.07516	0.01693	0.01084	0.00991	0.05212	0.00931	0.03491	0.00429	0.01056
20	0.01839	0.01564	0.01882	0.01585	0.07224	0.01313	0.01149	0.07173	0.05027	0.02882	0.01583	0.01798	0.01287	0.00666	0.00646	0.00148	0.00656	0.00542	0.00518	0.60520
21	0.49162	0.15260	0.02050	0.01497	0.05996	0.07762	0.01162	0.04559	0.01623	0.03155	0.01194	0.01394	0.00967	0.00755	0.00555	0.00232	0.00775	0.00474	0.00469	0.00959
22	0.01161	0.00863	0.01273	0.01273	0.01407	0.00997	0.00975	0.01429	0.01295	0.01860	0.02202	0.03346	0.02097	0.10968	0.63479	0.01265	0.02070	0.00893	0.00439	0.00707
23	0.01112	0.00791	0.01070	0.01248	0.01343	0.00763	0.00939	0.01329	0.01648	0.02175	0.04319	0.45777	0.05004	0.05693	0.01212	0.00367	0.00584	0.23203	0.00739	0.00683
24	0.01901	0.06039	0.34410	0.15400	0.09374	0.01951	0.05943	0.07157	0.01908	0.06080	0.01586	0.01908	0.01152	0.00794	0.00787	0.00254	0.01100	0.00668	0.00426	0.01160
25	0.01940	0.01925	0.02957	0.24437	0.43111	0.06840	0.02349	0.02419	0.01813	0.02425	0.01480	0.02015	0.01205	0.00758	0.00800	0.00248	0.01037	0.00707	0.00390	0.01143
26	0.01825	0.01923	0.03308	0.02591	0.02884	0.02331	0.23813	0.02184	0.01483	0.02184	0.01271	0.01923	0.01124	0.01157	0.02054	0.00326	0.45485	0.00799	0.00375	0.00961
27	0.07824	0.01453	0.01643	0.01191	0.01894	0.01142	0.00955	0.02071	0.01658	0.02725	0.01417	0.01653	0.01176	0.00613	0.00593	0.00131	0.00603	0.00477	0.00482	0.70300
28	0.01960	0.31449	0.38100	0.01890	0.02853	0.02382	0.02245	0.02591	0.01721	0.05936	0.01422	0.01606	0.01089	0.00753	0.00672	0.00223	0.01036	0.00545	0.00382	0.01146
29	0.00959	0.00822	0.00822	0.00822	0.01096	0.00685	0.00617	0.01165	0.01850	0.02192	0.08220	0.07809	0.66092	0.02055	0.00959	0.00274	0.00411	0.01713	0.00754	0.00685
30	0.02126	0.01797	0.01896	0.01673	0.02151	0.02069	0.01310	0.10321	0.58771	0.03568	0.03166	0.02918	0.02366	0.01088	0.00824	0.00272	0.00668	0.00898	0.00824	0.01294
31	0.08342	0.11211	0.04691	0.01824	0.02363	0.32950	0.01497	0.18918	0.02513	0.02955	0.01727	0.01849	0.03983	0.00901	0.00722	0.00222	0.01124	0.00616	0.00532	0.01062
32	0.25461	0.14235	0.01993	0.01284	0.01778	0.02007	0.01085	0.19056	0.02145	0.03518	0.01660	0.01868	0.01301	0.00930	0.00718	0.03511	0.00699	0.00591	0.15163	0.00999
33	0.01308	0.00934	0.01308	0.01494	0.01681	0.00934	0.01308	0.01681	0.01868	0.02428	0.04296	0.09153	0.04670	0.02242	0.01121	0.00374	0.00747	0.60960	0.00747	0.00747
34	0.01532	0.01442	0.02434	0.69533	0.05589	0.01803	0.02253	0.02073	0.01622	0.02073	0.01442	0.02163	0.01082	0.00811	0.00811	0.00270	0.01082	0.00721	0.00361	0.00901
35	0.01440	0.00895	0.01152	0.01056	0.01308	0.00807	0.00803	0.01786	0.02224	0.11248	0.49306	0.08047	0.13488	0.01650	0.00942	0.00259	0.00428	0.01440	0.00887	0.00832
36	0.01076	0.00892	0.00950	0.00924	0.01195	0.00801	0.00696	0.01473	0.06650	0.02494	0.19386	0.07103	0.49678	0.01905	0.00949	0.00270	0.00423	0.01604	0.00787	0.00746
37	0.00989	0.00706	0.00942	0.01130	0.01177	0.00659	0.00753	0.01130	0.01554	0.02071	0.04472	0.70954	0.05367	0.02542	0.01036	0.00330	0.00471	0.02307	0.00753	0.00659
38	0.01134	0.00829	0.01064	0.01005	0.01203	0.00759	0.00754	0.01503	0.02262	0.03171	0.61499	0.06197	0.12202	0.01690	0.00957	0.00257	0.00385	0.01487	0.00882	0.00759
39	0.02205	0.63274	0.07466	0.01490	0.02191	0.07994	0.01488	0.02498	0.01701	0.01950	0.01155	0.01336	0.01041	0.00709	0.00550	0.00181	0.00930	0.00449	0.00352	0.01042
40	0.01409	0.00705	0.01057	0.01057	0.01057	0.00705	0.00705	0.01057	0.01057	0.01409	0.01409	0.02467	0.01409	0.02819	0.03171	0.76392	0.00705	0.00705	0.00352	0.00352
41	0.01051	0.00751	0.01013	0.01201	0.01276	0.00713	0.00862	0.01238	0.01615	0.02141	0.04438	0.58836	0.05230	0.02483	0.01052	0.00338	0.00525	0.13807	0.00752	0.00676
42	0.01384	0.00882	0.01160	0.01061	0.01294	0.00806	0.00806	0.01761	0.02299	0.09288	0.60049	0.05749	0.07122	0.01597	0.00944	0.00255	0.00412	0.01406	0.00904	0.00824
43	0.01671	0.07467	0.60608	0.02329	0.03482	0.01960	0.06329	0.02564	0.01721	0.02538	0.01450	0.01719	0.01040	0.00762	0.00769	0.00254	0.01192	0.00612	0.00347	0.01185
44	0.01148	0.00829	0.01085	0.01021	0.01212	0.00766	0.00766	0.01531	0.02297	0.03254	0.65994	0.06061	0.07656	0.01659	0.00957	0.00255	0.00383	0.01467	0.00893	0.00766
45	0.21480	0.01292	0.01405	0.01205	0.01599	0.01334	0.00958	0.10458	0.02267	0.12406	0.31879	0.03822	0.04274	0.01241	0.00800	0.00252	0.00557	0.01012	0.00796	0.00963
46	0.01779	0.02902	0.28861	0.07999	0.06997	0.01962	0.32486	0.02543	0.01812	0.02551	0.01549	0.01993	0.01143	0.00729	0.00867	0.00265	0.01262	0.00790	0.00380	0.01130
47	0.05916	0.07252	0.60573	0.02199	0.03335	0.01944	0.02802	0.02553	0.01691	0.02599	0.01422	0.01671	0.01020	0.00766	0.00744	0.00253	0.01151	0.00583	0.00352	0.01174
48	0.01161	0.00864	0.01277	0.01277	0.01412	0.00999	0.00980	0.01431	0.01296	0.01863	0.02198	0.03326	0.02088	0.10337	0.64098	0.01270	0.02083	0.00890	0.00438	0.00709
49	0.01922	0.02029	0.06967	0.12026	0.49152	0.01925	0.09141	0.02459	0.01822	0.02575	0.01525	0.02029	0.01242	0.00732	0.00819	0.00249	0.01035	0.00741	0.00395	0.01216
50	0.01015	0.00725	0.00971	0.01159	0.01218	0.00681	0.00798	0.01175	0.01579	0.02100	0.04458	0.65929	0.05310	0.02518	0.01043	0.00333	0.00493	0.07076	0.00753	0.00666
51	0.07062	0.01361	0.01756	0.13986	0.02411	0.01519	0.05232	0.13191	0.02037	0.03184	0.02043	0.02432	0.01576	0.00921	0.00789	0.00233	0.04395	0.00734	0.34206	0.00933
52	0.07983	0.01944	0.02096	0.01657	0.02231	0.02116	0.01354	0.43717	0.06316	0.11369	0.02239	0.04854	0.01671	0.01029	0.00785	0.00246	0.00791	0.00793	0.05536	0.01273
53	0.01672	0.09708	0.62155	0.02238	0.03396	0.01992	0.02867	0.02558	0.01708	0.02516	0.01429	0.01680	0.01029	0.00765	0.00751	0.00250	0.01172	0.00586	0.00343	0.01186
54	0.02018	0.01743	0.01835	0.01651	0.02110	0.02018	0.01284	0.04312	0.64956	0.03394	0.03303	0.03027	0.02477	0.01101	0.00826	0.00275	0.00642	0.00917	0.00826	0.01284
55	0.00990	0.00727	0.00929	0.01082	0.01167	0.00666	0.00734	0.01149	0.01622	0.02130	0.07138	0.59669	0.14138	0.02442	0.01022	0.00319	0.00459	0.02193	0.00758	0.00666
56	0.01507	0.01376	0.01936	0.01739	0.01788	0.01827	0.01402	0.01707	0.01267	0.01906	0.01640	0.04630	0.01650	0.08209	0.23920	0.00693	0.40756	0.00846	0.00403	0.00798
57	0.00989	0.00706	0.00942	0.01130	0.01177	0.00659	0.00753	0.01130	0.01554	0.02071	0.04472	0.70954	0.05367	0.02542	0.01036	0.00330	0.00471	0.02307	0.00753	0.00659
58	0.03454	0.01480	0.01920	0.01494	0.02108	0.01365	0.01227	0.08448	0.08047	0.56666	0.03117	0.02725	0.02004	0.01011	0.00817	0.00253	0.00701	0.00819	0.00974	0.01372
59	0.01128	0.00829	0.01056	0.00999	0.01199	0.00757	0.00749	0.01491	0.02248	0.03137	0.59652	0.06253	0.14071	0.01702	0.00957	0.00257	0.00386	0.01494	0.00878	0.00757
60	0.03031	0.03867	0.02299	0.02090	0.02508	0.68226	0.01568	0.03240	0.02299	0.01986	0.01254	0.01463	0.01045	0.00836	0.00732	0.00209	0.01463	0.00523	0.00418	0.00941
61	0.01159	0.00869	0.01304	0.01304	0.01449	0.01014	0.01014	0.01449	0.01304	0.01884	0.02173	0.03188	0.02029	0.06086	0.68268	0.01304	0.02173	0.00869	0.00435	0.00724
62	0.01123	0.00827	0.01069	0.01208	0.01317	0.00811	0.00865	0.01486	0.06802	0.02311	0.08949	0.53062	0.05218	0.02322	0.01023	0.00325	0.00512	0.09272	0.00769	0.00729
63	0.02169	0.71972	0.04252	0.01388	0.02083	0.03211	0.01388	0.02430	0.01649	0.01909	0.01128	0.01302	0.01041	0.00694	0.00521	0.00174	0.00868	0.00434	0.00347	0.01041
64	0.01531	0.01410	0.02354	0.66283	0.05369	0.01753	0.02174	0.02065	0.01626	0.02118	0.01499	0.02204	0.01129	0.00818	0.00800	0.00267	0.01048	0.00723	0.03935	0.00895
65	0.01180	0.00787	0.00885	0.00885	0.00885	0.00787	0.00492	0.01180	0.01180	0.01573	0.02557	0.05310	0.02950	0.71483	0.04130	0.00787	0.00787	0.01180	0.00492	0.00492
66	0.01015	0.00725	0.00971	0.01159	0.01218	0.00681	0.00798	0.01175	0.01579	0.02100	0.04458	0.65929	0.05310	0.02518	0.01043	0.00333	0.00493	0.07076	0.00753	0.00666
67	0.03042	0.02251	0.02411	0.01858	0.02500	0.02496	0.01532	0.61324	0.06277	0.05045	0.02003	0.01992	0.01424	0.00979	0.00812	0.00245	0.00883	0.00738	0.00812	0.01376
68	0.01694	0.01088	0.01364	0.01191	0.01462	0.01141	0.05460	0.09181	0.01923	0.03091	0.02521	0.07201	0.02100	0.01229	0.03052	0.00256	0.03696	0.00871	0.50625	0.00854
69	0.01786	0.01352	0.01571	0.01509	0.01863	0.01460	0.01230	0.05102	0.29891	0.06612	0.06684	0.05607	0.07559	0.01585	0.00944	0.00307	0.00665	0.22427	0.00805	0.01039

[dist]
# distance from previous block
# <min> <max>
0	1

[block]
# block no. 5 follows, 23 sequences, length 86
# corresponding to MSA columns:
# 258-343
name=unknown_F
#
# <colnr> <probs for GDERKNQSTAVLIFYWHMCP>
#	G	D	E	R	K	N	Q	S	T	A	V	L	I	F	Y	W	H	M	C	P
0	0.02291	0.01856	0.01838	0.01549	0.01915	0.09393	0.01190	0.30194	0.02565	0.03361	0.02122	0.05233	0.01927	0.18376	0.06842	0.00456	0.03167	0.00881	0.03845	0.00998
1	0.01113	0.00828	0.01035	0.00983	0.01190	0.00750	0.00737	0.01462	0.02212	0.03053	0.55058	0.06392	0.18717	0.01734	0.00957	0.00259	0.00388	0.01514	0.00867	0.00750
2	0.01589	0.01616	0.06580	0.07186	0.32665	0.01507	0.01870	0.01971	0.01692	0.02373	0.02513	0.25870	0.02658	0.01398	0.00980	0.00280	0.04455	0.01263	0.00515	0.01019
3	0.01537	0.01583	0.05755	0.66090	0.05482	0.01807	0.02292	0.02099	0.01627	0.02099	0.01443	0.02140	0.01079	0.00809	0.00809	0.00270	0.01088	0.00715	0.00360	0.00917
4	0.39567	0.06350	0.08448	0.01439	0.02022	0.10277	0.01290	0.07561	0.01869	0.08863	0.04481	0.01777	0.01383	0.00844	0.00634	0.00241	0.00822	0.00571	0.00553	0.01008
5	0.02072	0.02049	0.03231	0.04800	0.62419	0.06080	0.02432	0.02537	0.01876	0.02609	0.01509	0.01974	0.01270	0.00730	0.00799	0.00239	0.00995	0.00710	0.00403	0.01264
6	0.00989	0.00706	0.00942	0.01130	0.01177	0.00659	0.00753	0.01130	0.01554	0.02071	0.04472	0.70954	0.05367	0.02542	0.01036	0.00330	0.00471	0.02307	0.00753	0.00659
7	0.01915	0.02189	0.04788	0.03420	0.04241	0.02052	0.63475	0.02599	0.01915	0.02599	0.01642	0.02189	0.01231	0.00684	0.00958	0.00274	0.01368	0.00958	0.00410	0.01094
8	0.00989	0.00706	0.00942	0.01130	0.01177	0.00659	0.00753	0.01130	0.01554	0.02071	0.04472	0.70954	0.05367	0.02542	0.01036	0.00330	0.00471	0.02307	0.00753	0.00659
9	0.01312	0.00866	0.01137	0.01049	0.01269	0.00794	0.00794	0.01690	0.02299	0.07432	0.61877	0.05845	0.07286	0.01616	0.00948	0.00255	0.00403	0.01425	0.00901	0.00806
10	0.77215	0.01569	0.01193	0.01067	0.01569	0.01820	0.00879	0.02385	0.01381	0.03641	0.01130	0.01318	0.00879	0.00753	0.00502	0.00251	0.00628	0.00439	0.00502	0.00879
11	0.02104	0.01724	0.01837	0.01640	0.02108	0.01975	0.01280	0.04293	0.61654	0.06746	0.03297	0.03013	0.02452	0.01096	0.00825	0.00274	0.00645	0.00912	0.00835	0.01289
12	0.03607	0.01434	0.01916	0.01469	0.02098	0.01272	0.01214	0.07532	0.02412	0.63280	0.03126	0.02713	0.01971	0.01002	0.00816	0.00251	0.00703	0.00811	0.00993	0.01381
13	0.03510	0.01405	0.01879	0.01449	0.02060	0.01244	0.01194	0.06979	0.02399	0.61162	0.05687	0.02853	0.02205	0.01029	0.00822	0.00251	0.00689	0.00838	0.00990	0.01356
14	0.01111	0.00776	0.00951	0.01049	0.01196	0.00694	0.00732	0.01281	0.01685	0.05344	0.05587	0.47711	0.24284	0.02312	0.01001	0.00308	0.00463	0.02046	0.00766	0.00703
15	0.01078	0.00771	0.01042	0.01214	0.01305	0.00734	0.00892	0.01293	0.01679	0.02235	0.08281	0.51450	0.05336	0.02412	0.01052	0.00336	0.00534	0.16908	0.00760	0.00688
16	0.00998	0.00791	0.00898	0.00939	0.01137	0.00691	0.00679	0.01215	0.01842	0.02333	0.16685	0.24910	0.39764	0.02124	0.00980	0.00286	0.00423	0.01836	0.00776	0.00691
17	0.03641	0.01381	0.01883	0.01444	0.02071	0.01193	0.01193	0.03954	0.02322	0.66984	0.03201	0.02762	0.02009	0.01004	0.00816	0.00251	0.00690	0.00816	0.01004	0.01381
18	0.03534	0.01552	0.01989	0.01525	0.02157	0.01447	0.01260	0.15444	0.02609	0.55089	0.02960	0.02605	0.01888	0.00998	0.00815	0.00250	0.00729	0.00800	0.00967	0.01381
19	0.02008	0.01928	0.03294	0.04981	0.66422	0.01928	0.02490	0.02490	0.01848	0.02651	0.01526	0.02008	0.01285	0.00723	0.00803	0.00241	0.00964	0.00723	0.00402	0.01285
20	0.01159	0.00869	0.01304	0.01304	0.01449	0.01014	0.01014	0.01449	0.01304	0.01884	0.02173	0.03188	0.02029	0.06086	0.68268	0.01304	0.02173	0.00869	0.00435	0.00724
21	0.01627	0.04197	0.67279	0.02313	0.03512	0.01884	0.02998	0.02570	0.01713	0.02570	0.01456	0.01713	0.01028	0.00771	0.00771	0.00257	0.01199	0.00600	0.00343	0.01199
22	0.01627	0.04197	0.67279	0.02313	0.03512	0.01884	0.02998	0.02570	0.01713	0.02570	0.01456	0.01713	0.01028	0.00771	0.00771	0.00257	0.01199	0.00600	0.00343	0.01199
23	0.01102	0.00889	0.01029	0.01121	0.05202	0.00785	0.00763	0.01374	0.01935	0.02503	0.19803	0.06758	0.45327	0.01814	0.00923	0.00262	0.00437	0.01535	0.05694	0.00745
24	0.01654	0.05361	0.01558	0.01286	0.01538	0.01346	0.00982	0.08419	0.07883	0.05737	0.02364	0.03432	0.02177	0.20673	0.28542	0.00800	0.01323	0.00905	0.03175	0.00845
25	0.01683	0.01442	0.01683	0.01202	0.01923	0.01082	0.00961	0.02043	0.01683	0.02644	0.01442	0.01683	0.01202	0.00601	0.00601	0.00120	0.00601	0.00481	0.00481	0.76444
26	0.01683	0.01442	0.01683	0.01202	0.01923	0.01082	0.00961	0.02043	0.01683	0.02644	0.01442	0.01683	0.01202	0.00601	0.00601	0.00120	0.00601	0.00481	0.00481	0.76444
27	0.01766	0.18418	0.49915	0.02284	0.07149	0.02168	0.02625	0.02535	0.01708	0.02435	0.01391	0.01644	0.01047	0.00752	0.00720	0.00238	0.01114	0.00572	0.00347	0.01171
28	0.01096	0.00801	0.01036	0.01118	0.01236	0.00764	0.00784	0.01429	0.04972	0.02550	0.25904	0.44902	0.06022	0.02162	0.00998	0.00301	0.00449	0.01944	0.00806	0.00727
29	0.02499	0.36826	0.05487	0.01718	0.02310	0.27127	0.01511	0.05468	0.06135	0.02194	0.01364	0.01516	0.01151	0.00788	0.00640	0.00199	0.01086	0.00517	0.00424	0.01040
30	0.01736	0.15386	0.52843	0.02228	0.03319	0.02116	0.06517	0.02548	0.01715	0.02461	0.01413	0.01674	0.01043	0.00753	0.00741	0.00244	0.01154	0.00594	0.00348	0.01166
31	0.01170	0.00782	0.00888	0.00898	0.00900	0.00780	0.00505	0.01177	0.01200	0.01600	0.02658	0.08770	0.03077	0.67849	0.03967	0.00763	0.00770	0.01239	0.00505	0.00500
32	0.01139	0.00829	0.01072	0.01011	0.01206	0.00762	0.00758	0.01513	0.02275	0.03201	0.63115	0.06148	0.10568	0.01679	0.00957	0.00256	0.00384	0.01480	0.00886	0.00762
33	0.01159	0.00869	0.01304	0.01304	0.01449	0.01014	0.01014	0.01449	0.01304	0.01884	0.02173	0.03188	0.02029	0.06086	0.68268	0.01304	0.02173	0.00869	0.00435	0.00724
34	0.01114	0.00949	0.00975	0.00946	0.01241	0.00872	0.00716	0.01616	0.10529	0.02413	0.10591	0.07061	0.54286	0.01903	0.00941	0.00273	0.00441	0.01591	0.00771	0.00771
35	0.02018	0.01743	0.01835	0.01651	0.02110	0.02018	0.01284	0.04312	0.64956	0.03394	0.03303	0.03027	0.02477	0.01101	0.00826	0.00275	0.00642	0.00917	0.00826	0.01284
36	0.02169	0.71972	0.04252	0.01388	0.02083	0.03211	0.01388	0.02430	0.01649	0.01909	0.01128	0.01302	0.01041	0.00694	0.00521	0.00174	0.00868	0.00434	0.00347	0.01041
37	0.02472	0.26701	0.06081	0.01614	0.02213	0.09718	0.01437	0.24818	0.02495	0.03188	0.01644	0.01910	0.01340	0.04460	0.00851	0.00240	0.00918	0.00623	0.06165	0.01112
38	0.02047	0.01680	0.01787	0.01600	0.02058	0.01911	0.01247	0.04139	0.58727	0.06503	0.03540	0.03250	0.05587	0.01143	0.00832	0.00274	0.00633	0.00951	0.00831	0.01260
39	0.01159	0.00869	0.01304	0.01304	0.01449	0.01014	0.01014	0.01449	0.01304	0.01884	0.02173	0.03188	0.02029	0.06086	0.68268	0.01304	0.02173	0.00869	0.00435	0.00724
40	0.02338	0.01899	0.02009	0.01823	0.05188	0.04727	0.01373	0.17983	0.39666	0.05839	0.02780	0.02653	0.02069	0.01031	0.00804	0.00258	0.00737	0.00837	0.04719	0.01269
41	0.01932	0.01869	0.03243	0.14565	0.54063	0.01916	0.05641	0.02433	0.01817	0.02562	0.01520	0.02041	0.01252	0.00734	0.00813	0.00247	0.01003	0.00735	0.00396	0.01218
42	0.01949	0.01855	0.03094	0.12868	0.54764	0.01918	0.02385	0.02552	0.05772	0.02625	0.01627	0.02092	0.01334	0.00758	0.00806	0.00247	0.00959	0.00735	0.00423	0.01237
43	0.01957	0.02366	0.07609	0.03302	0.04121	0.05303	0.57577	0.02629	0.01925	0.02568	0.01614	0.02131	0.01212	0.00696	0.00938	0.00270	0.01365	0.00919	0.00408	0.01092
44	0.00989	0.00706	0.00942	0.01130	0.01177	0.00659	0.00753	0.01130	0.01554	0.02071	0.04472	0.70954	0.05367	0.02542	0.01036	0.00330	0.00471	0.02307	0.00753	0.00659
45	0.01193	0.00881	0.01094	0.01159	0.01304	0.00859	0.00820	0.05110	0.04969	0.02546	0.15929	0.47292	0.09392	0.02181	0.00992	0.00304	0.00484	0.01949	0.00786	0.00754
46	0.01597	0.01537	0.02728	0.52549	0.04979	0.01822	0.11495	0.02097	0.01619	0.02114	0.01451	0.02162	0.01120	0.00923	0.01047	0.04024	0.04708	0.00756	0.00367	0.00903
47	0.01308	0.00934	0.01308	0.01494	0.01681	0.00934	0.01308	0.01681	0.01868	0.02428	0.04296	0.09153	0.04670	0.02242	0.01121	0.00374	0.00747	0.60960	0.00747	0.00747
48	0.01627	0.04197	0.67279	0.02313	0.03512	0.01884	0.02998	0.02570	0.01713	0.02570	0.01456	0.01713	0.01028	0.00771	0.00771	0.00257	0.01199	0.00600	0.00343	0.01199
49	0.02006	0.01988	0.02931	0.02335	0.02632	0.05538	0.16215	0.09956	0.01776	0.02488	0.01399	0.02060	0.01240	0.04750	0.02006	0.00337	0.38141	0.00786	0.00436	0.00981
50	0.01579	0.01005	0.01275	0.01209	0.01414	0.00999	0.00895	0.04885	0.01893	0.11710	0.15695	0.27439	0.11015	0.08483	0.01383	0.00339	0.05628	0.01567	0.00765	0.00823
51	0.01074	0.00767	0.00932	0.01012	0.01090	0.00724	0.00669	0.01205	0.01541	0.02033	0.09464	0.33064	0.12674	0.25444	0.02057	0.00470	0.00571	0.03912	0.00677	0.00619
52	0.00998	0.00710	0.00939	0.01117	0.01162	0.00666	0.00740	0.01132	0.01534	0.02046	0.04374	0.67591	0.05243	0.06073	0.01194	0.00353	0.00487	0.02249	0.00740	0.00650
53	0.02036	0.02148	0.06956	0.28646	0.24995	0.09406	0.02226	0.09140	0.02020	0.02622	0.01505	0.01980	0.01174	0.00800	0.00797	0.00250	0.01072	0.00692	0.00429	0.01105
54	0.01399	0.00885	0.01165	0.01063	0.01299	0.00809	0.00809	0.01775	0.02299	0.09658	0.59683	0.05730	0.07089	0.01593	0.00943	0.00255	0.00414	0.01402	0.00904	0.00827
55	0.00989	0.00706	0.00942	0.01130	0.01177	0.00659	0.00753	0.01130	0.01554	0.02071	0.04472	0.70954	0.05367	0.02542	0.01036	0.00330	0.00471	0.02307	0.00753	0.00659
56	0.14684	0.10146	0.02171	0.05528	0.02270	0.01815	0.01286	0.11925	0.06369	0.32297	0.02348	0.02224	0.01600	0.00918	0.00731	0.00243	0.00751	0.00699	0.00768	0.01226
57	0.01180	0.00787	0.00885	0.00885	0.00885	0.00787	0.00492	0.01180	0.01180	0.01573	0.02557	0.05310	0.02950	0.71483	0.04130	0.00787	0.00787	0.01180	0.00492	0.00492
58	0.04813	0.27401	0.03242	0.19182	0.18666	0.09633	0.01872	0.02444	0.01752	0.02202	0.01317	0.01705	0.01105	0.00748	0.00684	0.00221	0.01001	0.00585	0.00377	0.01049
59	0.01193	0.00852	0.01176	0.01363	0.01500	0.00835	0.01108	0.01483	0.01755	0.02300	0.04360	0.31409	0.04921	0.02350	0.01090	0.00358	0.00648	0.39838	0.00749	0.00715
60	0.02858	0.01595	0.01889	0.01562	0.02112	0.01644	0.01253	0.07181	0.31504	0.34265	0.03184	0.02844	0.02194	0.01048	0.00820	0.00262	0.00678	0.00859	0.00911	0.01336
61	0.02940	0.01229	0.01666	0.01345	0.01848	0.01079	0.01095	0.03273	0.02296	0.48847	0.18302	0.03836	0.03480	0.01216	0.00863	0.00257	0.00619	0.03637	0.00966	0.01205
62	0.01811	0.01438	0.01696	0.01218	0.01933	0.01089	0.00977	0.02168	0.01725	0.06862	0.01558	0.01753	0.01255	0.00627	0.00615	0.00129	0.00607	0.00503	0.00515	0.71523
63	0.02018	0.01743	0.01835	0.01651	0.02110	0.02018	0.01284	0.04312	0.64956	0.03394	0.03303	0.03027	0.02477	0.01101	0.00826	0.00275	0.00642	0.00917	0.00826	0.01284
64	0.02112	0.01547	0.01694	0.01447	0.01921	0.01634	0.01143	0.12590	0.29772	0.10896	0.06396	0.03831	0.15086	0.01256	0.00842	0.00258	0.00628	0.01034	0.00815	0.05098
65	0.02244	0.06635	0.02478	0.02176	0.06429	0.24421	0.01653	0.05314	0.01788	0.02150	0.01300	0.01787	0.01169	0.01516	0.07324	0.00364	0.29250	0.00646	0.00407	0.00950
66	0.01940	0.02117	0.04440	0.03203	0.03973	0.02008	0.56319	0.06350	0.02015	0.02729	0.01809	0.05767	0.01457	0.00799	0.00953	0.00275	0.01291	0.01014	0.00453	0.01090
67	0.01180	0.00787	0.00885	0.00885	0.00885	0.00787	0.00492	0.01180	0.01180	0.01573	0.02557	0.05310	0.02950	0.71483	0.04130	0.00787	0.00787	0.01180	0.00492	0.00492
68	0.00989	0.00706	0.00942	0.01130	0.01177	0.00659	0.00753	0.01130	0.01554	0.02071	0.04472	0.70954	0.05367	0.02542	0.01036	0.00330	0.00471	0.02307	0.00753	0.00659
69	0.01656	0.01490	0.02350	0.31062	0.03696	0.01742	0.08263	0.05778	0.04080	0.02446	0.02284	0.03436	0.04612	0.01165	0.01107	0.00291	0.09914	0.09498	0.04207	0.00923
70	0.01384	0.01311	0.02412	0.02018	0.02339	0.01289	0.22729	0.01728	0.01673	0.02265	0.03232	0.38973	0.03582	0.01799	0.01129	0.00314	0.05776	0.04611	0.00605	0.00832
71	0.01168	0.00802	0.00981	0.00988	0.01023	0.00833	0.00619	0.01239	0.01222	0.01661	0.02541	0.07234	0.02831	0.54248	0.18447	0.00886	0.01087	0.01151	0.00488	0.00550
72	0.01270	0.00924	0.01201	0.01321	0.01485	0.00920	0.01049	0.03701	0.04261	0.02422	0.06550	0.27473	0.07427	0.05867	0.01218	0.00365	0.00636	0.30415	0.00746	0.00747
73	0.02350	0.01620	0.01826	0.01546	0.01990	0.01737	0.01214	0.25917	0.16392	0.11526	0.07073	0.15134	0.02881	0.03720	0.00978	0.00286	0.00700	0.01130	0.00822	0.01159
74	0.01182	0.01088	0.05843	0.01047	0.01359	0.00822	0.00878	0.01514	0.02022	0.04991	0.30435	0.09279	0.32981	0.01786	0.00943	0.00267	0.00470	0.01527	0.00788	0.00779
75	0.04613	0.02428	0.18433	0.02421	0.02963	0.02142	0.17389	0.02382	0.01585	0.05750	0.01417	0.01899	0.01141	0.01036	0.01611	0.00302	0.30304	0.00741	0.00405	0.01039
76	0.05176	0.01835	0.02112	0.04068	0.02342	0.01891	0.01353	0.29838	0.02668	0.11507	0.01843	0.01944	0.01354	0.00890	0.00877	0.00218	0.05848	0.00657	0.00679	0.22901
77	0.01226	0.00899	0.01125	0.01052	0.01268	0.00845	0.00792	0.04730	0.02304	0.03205	0.54829	0.08767	0.12489	0.01696	0.00953	0.00259	0.00416	0.01487	0.00870	0.00786
78	0.01685	0.00923	0.00941	0.00878	0.01118	0.00950	0.00674	0.08684	0.01934	0.03255	0.02570	0.02907	0.02003	0.00949	0.00594	0.00195	0.00435	0.00753	0.67728	0.00825
79	0.02585	0.04857	0.01935	0.01448	0.01960	0.01617	0.01171	0.21881	0.04809	0.21939	0.14214	0.03177	0.02849	0.06128	0.01052	0.00277	0.00705	0.00902	0.00818	0.05677
80	0.02073	0.02176	0.04693	0.08421	0.21536	0.15100	0.01799	0.05182	0.14675	0.02650	0.02375	0.06769	0.04108	0.01067	0.00828	0.00257	0.00956	0.03684	0.00550	0.01100
81	0.02064	0.01766	0.01860	0.01660	0.02127	0.02039	0.01295	0.06841	0.62352	0.03468	0.03245	0.02981	0.02430	0.01095	0.00825	0.00274	0.00653	0.00909	0.00825	0.01288
82	0.02041	0.02973	0.37432	0.05447	0.07126	0.01703	0.06007	0.04834	0.01931	0.14402	0.04412	0.04542	0.01657	0.00910	0.00812	0.00258	0.01029	0.00771	0.00524	0.01188
83	0.02977	0.03719	0.02312	0.02084	0.02492	0.63011	0.01576	0.05301	0.02306	0.02094	0.01270	0.01494	0.01058	0.00867	0.00820	0.00217	0.04480	0.00538	0.00429	0.00954
84	0.00989	0.00706	0.00942	0.01130	0.01177	0.00659	0.00753	0.01130	0.01554	0.02071	0.04472	0.70954	0.05367	0.02542	0.01036	0.00330	0.00471	0.02307	0.00753	0.00659
85	0.03641	0.01381	0.01883	0.01444	0.02071	0.01193	0.01193	0.03954	0.02322	0.66984	0.03201	0.02762	0.02009	0.01004	0.00816	0.00251	0.00690	0.00816	0.01004	0.01381

[dist]
# distance from previous block
# <min> <max>
1	13

[block]
# block no. 6 follows, 23 sequences, length 38
# corresponding to MSA columns:
# 365-402
name=unknown_G
#
# <colnr> <probs for GDERKNQSTAVLIFYWHMCP>
#	G	D	E	R	K	N	Q	S	T	A	V	L	I	F	Y	W	H	M	C	P
0	0.01160	0.00864	0.01278	0.01278	0.01414	0.01000	0.00982	0.01432	0.01296	0.01864	0.02197	0.03319	0.02086	0.10138	0.64294	0.01272	0.02088	0.00889	0.00438	0.00710
1	0.01155	0.00805	0.01005	0.01035	0.01210	0.00726	0.00745	0.01402	0.01913	0.05384	0.26549	0.30941	0.20009	0.02056	0.00981	0.00288	0.00436	0.01814	0.00813	0.00734
2	0.09469	0.01649	0.01970	0.01534	0.02150	0.01631	0.01264	0.19673	0.05416	0.42569	0.02703	0.02439	0.01770	0.00980	0.00789	0.00250	0.00737	0.00767	0.00904	0.01335
3	0.01627	0.04197	0.67279	0.02313	0.03512	0.01884	0.02998	0.02570	0.01713	0.02570	0.01456	0.01713	0.01028	0.00771	0.00771	0.00257	0.01199	0.00600	0.00343	0.01199
4	0.00989	0.00706	0.00942	0.01130	0.01177	0.00659	0.00753	0.01130	0.01554	0.02071	0.04472	0.70954	0.05367	0.02542	0.01036	0.00330	0.00471	0.02307	0.00753	0.00659
5	0.06005	0.02222	0.02360	0.01826	0.02461	0.02468	0.01505	0.58769	0.06284	0.04983	0.01972	0.01968	0.01406	0.00971	0.00800	0.00245	0.00872	0.00727	0.00800	0.01356
6	0.01032	0.00737	0.00991	0.01179	0.01245	0.00696	0.00829	0.01205	0.01596	0.02120	0.04448	0.62561	0.05272	0.02501	0.01047	0.00336	0.00508	0.10272	0.00752	0.00671
7	0.00989	0.00706	0.00942	0.01130	0.01177	0.00659	0.00753	0.01130	0.01554	0.02071	0.04472	0.70954	0.05367	0.02542	0.01036	0.00330	0.00471	0.02307	0.00753	0.00659
8	0.01695	0.12620	0.59447	0.02198	0.03334	0.02049	0.02798	0.02552	0.01705	0.02488	0.01415	0.01662	0.01030	0.00761	0.00740	0.00247	0.01158	0.00579	0.00343	0.01180
9	0.01208	0.00920	0.01135	0.01151	0.01369	0.00886	0.00902	0.01697	0.07414	0.02771	0.30148	0.12182	0.17947	0.01894	0.00990	0.00294	0.00500	0.14995	0.00815	0.00781
10	0.05490	0.60709	0.08857	0.01475	0.02188	0.05868	0.01497	0.02474	0.01670	0.02040	0.01159	0.01341	0.01033	0.00709	0.00548	0.00185	0.00908	0.00451	0.00357	0.01042
11	0.01639	0.01392	0.01633	0.01187	0.01865	0.01056	0.00945	0.02001	0.01733	0.02694	0.06748	0.02043	0.01732	0.00688	0.00630	0.00131	0.00583	0.00562	0.00515	0.70223
12	0.01248	0.00867	0.00970	0.00953	0.00997	0.00887	0.00567	0.01450	0.06462	0.01783	0.04879	0.05149	0.03079	0.63209	0.03745	0.00726	0.00760	0.01169	0.00533	0.00567
13	0.01039	0.00768	0.01028	0.01172	0.01227	0.00757	0.00805	0.01199	0.01591	0.02149	0.08652	0.62930	0.05315	0.02424	0.01111	0.00326	0.03918	0.02168	0.00743	0.00678
14	0.01856	0.02025	0.04133	0.12971	0.09362	0.02042	0.44464	0.02460	0.01811	0.02473	0.01555	0.02136	0.01200	0.00767	0.01067	0.00277	0.07055	0.00883	0.00398	0.01065
15	0.01250	0.00998	0.01458	0.01406	0.01524	0.01219	0.01103	0.01511	0.01290	0.01880	0.02028	0.03074	0.01928	0.08267	0.55882	0.01143	0.12016	0.00860	0.00426	0.00738
16	0.01643	0.01403	0.01459	0.01373	0.01690	0.05041	0.01020	0.06324	0.23039	0.02737	0.03736	0.25801	0.08782	0.04724	0.01029	0.00297	0.00630	0.01390	0.00729	0.07154
17	0.01696	0.01484	0.01856	0.01326	0.02052	0.01136	0.04446	0.02074	0.01696	0.02642	0.01453	0.01711	0.01203	0.00606	0.00621	0.00129	0.00644	0.00507	0.00477	0.72243
18	0.03085	0.02273	0.02435	0.01867	0.02516	0.02516	0.01542	0.63716	0.03815	0.05114	0.01948	0.01948	0.01380	0.00974	0.00812	0.00244	0.00893	0.00731	0.00812	0.01380
19	0.01362	0.01191	0.01761	0.02097	0.15910	0.01144	0.05074	0.01787	0.05330	0.02433	0.07406	0.19330	0.22111	0.01727	0.00951	0.00288	0.00653	0.07898	0.00664	0.00882
20	0.01139	0.00855	0.01063	0.01077	0.01252	0.00812	0.00782	0.01561	0.06443	0.02774	0.35794	0.26338	0.13178	0.01940	0.00973	0.00282	0.00432	0.01719	0.00829	0.00760
21	0.03641	0.01381	0.01883	0.01444	0.02071	0.01193	0.01193	0.03954	0.02322	0.66984	0.03201	0.02762	0.02009	0.01004	0.00816	0.00251	0.00690	0.00816	0.01004	0.01381
22	0.03641	0.01381	0.01883	0.01444	0.02071	0.01193	0.01193	0.03954	0.02322	0.66984	0.03201	0.02762	0.02009	0.01004	0.00816	0.00251	0.00690	0.00816	0.01004	0.01381
23	0.28848	0.01480	0.01668	0.01331	0.01917	0.01460	0.01099	0.05755	0.02058	0.42841	0.02442	0.02235	0.01597	0.00917	0.00708	0.00251	0.00677	0.00684	0.00825	0.01209
24	0.03467	0.01467	0.01913	0.01488	0.02102	0.01345	0.01222	0.07688	0.07777	0.57706	0.03132	0.02734	0.02010	0.01011	0.00817	0.00253	0.00699	0.00819	0.00977	0.01373
25	0.01161	0.00862	0.01269	0.01269	0.01402	0.00995	0.00970	0.01426	0.01294	0.01858	0.02206	0.03366	0.02106	0.11575	0.62884	0.01261	0.02057	0.00895	0.00439	0.00705
