[name]
unknown

[dist]
# distance from previous block
# <min> <max>
0	9

[block]
# block no. 0 follows, 24 sequences, length 12
# corresponding to MSA columns:
# 19-30
name=unknown_A
#
# <colnr> <probs for GDERKNQSTAVLIFYWHMCP>
#	G	D	E	R	K	N	Q	S	T	A	V	L	I	F	Y	W	H	M	C	P
0	0.06071	0.01158	0.01687	0.09203	0.15813	0.01182	0.01325	0.01824	0.01611	0.06854	0.02897	0.18635	0.05293	0.08758	0.01346	0.05357	0.00728	0.08847	0.00573	0.00838
1	0.11592	0.01218	0.01768	0.18323	0.14801	0.01325	0.01402	0.01768	0.01523	0.02295	0.07532	0.10196	0.02277	0.06437	0.01406	0.13169	0.00768	0.00932	0.00474	0.00793
2	0.01451	0.01142	0.01348	0.06167	0.01749	0.01214	0.00988	0.08140	0.15696	0.02645	0.08375	0.25684	0.11353	0.08868	0.01223	0.00332	0.00598	0.01456	0.00713	0.00857
3	0.01322	0.00912	0.01117	0.01133	0.01326	0.00876	0.00820	0.05011	0.05672	0.06560	0.15269	0.39377	0.13527	0.02010	0.00951	0.00290	0.00483	0.01778	0.00782	0.00784
4	0.01067	0.00784	0.01009	0.01115	0.01219	0.00755	0.00773	0.01397	0.05965	0.02362	0.17861	0.52746	0.05543	0.02203	0.00982	0.00303	0.00453	0.01985	0.00771	0.00708
5	0.01416	0.00887	0.01129	0.01140	0.01336	0.00837	0.00825	0.01789	0.06649	0.11065	0.17351	0.39107	0.09432	0.01966	0.00947	0.00289	0.00479	0.01747	0.00802	0.00807
6	0.00985	0.00698	0.00915	0.01080	0.01121	0.00657	0.00710	0.01109	0.01481	0.01975	0.04180	0.64861	0.05005	0.09565	0.01320	0.00367	0.00491	0.02142	0.00710	0.00627
7	0.04056	0.00773	0.01002	0.03686	0.01316	0.00754	0.00782	0.01248	0.01598	0.02224	0.13175	0.52434	0.05095	0.06550	0.01160	0.00334	0.00495	0.01935	0.00716	0.00667
8	0.01444	0.00854	0.00999	0.01016	0.01197	0.00849	0.00755	0.01858	0.06117	0.06166	0.07586	0.18490	0.03442	0.07793	0.01074	0.00298	0.00496	0.07371	0.31432	0.00765
9	0.09528	0.01236	0.01411	0.01240	0.01531	0.01328	0.00961	0.14337	0.01933	0.07858	0.02216	0.10840	0.01965	0.01441	0.01247	0.13196	0.05576	0.00875	0.18233	0.03051
10	0.02023	0.01459	0.01833	0.01555	0.01969	0.01526	0.05872	0.12906	0.21456	0.11361	0.10615	0.13954	0.05169	0.03378	0.00958	0.00281	0.00668	0.01164	0.00781	0.01073
11	0.11277	0.01010	0.01183	0.01102	0.01312	0.01045	0.00812	0.08016	0.01610	0.07394	0.02116	0.11072	0.01955	0.01834	0.01660	0.30782	0.00613	0.00873	0.13642	0.00693

[dist]
# distance from previous block
# <min> <max>
0	3

[block]
# block no. 1 follows, 24 sequences, length 49
# corresponding to MSA columns:
# 39-87
name=unknown_B
#
# <colnr> <probs for GDERKNQSTAVLIFYWHMCP>
#	G	D	E	R	K	N	Q	S	T	A	V	L	I	F	Y	W	H	M	C	P
0	0.07194	0.01469	0.01677	0.01372	0.01839	0.01516	0.01105	0.20300	0.08364	0.20370	0.15737	0.03100	0.02907	0.01093	0.00782	0.00240	0.00631	0.00885	0.08293	0.01126
1	0.02324	0.02085	0.06340	0.07386	0.02824	0.02209	0.09496	0.32511	0.05437	0.03598	0.01820	0.04930	0.01450	0.01036	0.01121	0.00268	0.12601	0.00804	0.00607	0.01152
2	0.25551	0.01437	0.01617	0.01294	0.01848	0.01424	0.01065	0.07957	0.02072	0.40039	0.02399	0.02231	0.01590	0.00903	0.00692	0.00241	0.00654	0.00678	0.05140	0.01168
3	0.01166	0.00768	0.01001	0.01108	0.01233	0.00705	0.00785	0.01352	0.01667	0.06531	0.08851	0.51855	0.11704	0.02257	0.00990	0.00309	0.00479	0.05769	0.00761	0.00706
4	0.04147	0.03500	0.01216	0.01091	0.01326	0.04881	0.00821	0.01689	0.05634	0.02731	0.35003	0.15529	0.16127	0.01676	0.00896	0.00259	0.00493	0.01444	0.00765	0.00771
5	0.01583	0.01455	0.02379	0.66353	0.05292	0.01801	0.02163	0.05565	0.01707	0.02194	0.01437	0.02102	0.01074	0.00802	0.00793	0.00263	0.01047	0.00705	0.00377	0.00907
6	0.01051	0.00808	0.00961	0.00923	0.01141	0.00718	0.00692	0.01359	0.02077	0.02781	0.44176	0.06580	0.30322	0.01770	0.00936	0.00256	0.00385	0.01526	0.00820	0.00718
7	0.01934	0.01450	0.01709	0.01238	0.01929	0.01151	0.00997	0.05844	0.01834	0.09862	0.01627	0.01775	0.01271	0.00652	0.00622	0.00138	0.00613	0.00520	0.00545	0.64289
8	0.00966	0.00690	0.00920	0.01104	0.01150	0.00644	0.00736	0.01104	0.01518	0.02024	0.04371	0.71614	0.05245	0.02484	0.01012	0.00322	0.00460	0.02254	0.00736	0.00644
9	0.01731	0.01576	0.02537	0.33218	0.17003	0.01750	0.07048	0.08141	0.04388	0.02538	0.02079	0.05964	0.04105	0.00979	0.00832	0.00263	0.00954	0.03414	0.00474	0.01006
10	0.01564	0.01488	0.02551	0.49338	0.12339	0.01698	0.07200	0.02067	0.01635	0.02167	0.01593	0.05768	0.01322	0.00851	0.00804	0.00256	0.01008	0.00793	0.00388	0.05168
11	0.01415	0.01228	0.04871	0.04344	0.04217	0.03514	0.01120	0.01824	0.05365	0.04928	0.16313	0.15008	0.04064	0.13333	0.04444	0.00409	0.00747	0.11408	0.00659	0.00791
12	0.02045	0.03777	0.02039	0.15484	0.02757	0.04165	0.01363	0.12929	0.06332	0.06677	0.01699	0.01914	0.01299	0.00758	0.00694	0.00190	0.00780	0.00607	0.00547	0.33945
13	0.02758	0.02084	0.02238	0.01746	0.02357	0.02284	0.01428	0.50876	0.13010	0.04569	0.02070	0.02046	0.01499	0.00945	0.00781	0.00234	0.00815	0.00724	0.00772	0.06766
14	0.01026	0.00791	0.00940	0.00963	0.01157	0.00706	0.00716	0.01284	0.01906	0.02492	0.27459	0.19079	0.31320	0.01974	0.00959	0.00277	0.00421	0.05052	0.00783	0.00695
15	0.01498	0.01409	0.02378	0.70226	0.05462	0.01762	0.02202	0.02026	0.01586	0.02026	0.01409	0.02114	0.01057	0.00793	0.00793	0.00264	0.01057	0.00705	0.00352	0.00881
16	0.02731	0.01999	0.02308	0.01817	0.02411	0.02184	0.04999	0.39569	0.19572	0.10396	0.02347	0.02267	0.01677	0.00971	0.00805	0.00248	0.00817	0.00782	0.00792	0.01308
17	0.01693	0.02202	0.14129	0.14254	0.03830	0.01909	0.32519	0.02289	0.01691	0.02342	0.01635	0.06057	0.01362	0.00896	0.01086	0.00277	0.09542	0.00887	0.00395	0.01005
18	0.00966	0.00690	0.00920	0.01104	0.01150	0.00644	0.00736	0.01104	0.01518	0.02024	0.04371	0.71614	0.05245	0.02484	0.01012	0.00322	0.00460	0.02254	0.00736	0.00644
19	0.01498	0.01409	0.02378	0.70226	0.05462	0.01762	0.02202	0.02026	0.01586	0.02026	0.01409	0.02114	0.01057	0.00793	0.00793	0.00264	0.01057	0.00705	0.00352	0.00881
20	0.06085	0.01504	0.03519	0.01453	0.02049	0.01358	0.01218	0.08247	0.07800	0.51206	0.05065	0.02690	0.02075	0.00994	0.00790	0.00247	0.00686	0.00802	0.00913	0.01298
21	0.02515	0.17958	0.07011	0.04081	0.05098	0.05755	0.07342	0.17042	0.08635	0.14012	0.01937	0.01992	0.01419	0.00847	0.00738	0.00229	0.00909	0.00682	0.00609	0.01187
22	0.38307	0.04919	0.02096	0.01815	0.06473	0.17019	0.07287	0.05925	0.01810	0.05877	0.01338	0.01542	0.01036	0.00766	0.00634	0.00234	0.00915	0.00546	0.00489	0.00973
23	0.01588	0.01395	0.02517	0.09468	0.07061	0.01368	0.21074	0.04041	0.01801	0.05869	0.05505	0.28852	0.03049	0.01445	0.00927	0.00283	0.00854	0.01406	0.00588	0.00910
24	0.00966	0.00690	0.00920	0.01104	0.01150	0.00644	0.00736	0.01104	0.01518	0.02024	0.04371	0.71614	0.05245	0.02484	0.01012	0.00322	0.00460	0.02254	0.00736	0.00644
25	0.04167	0.06030	0.44154	0.02195	0.03144	0.05668	0.09763	0.05929	0.01870	0.02674	0.05808	0.01985	0.01477	0.00813	0.00770	0.00246	0.01106	0.00676	0.00413	0.01111
26	0.06181	0.16002	0.30826	0.01897	0.02738	0.07770	0.04314	0.05203	0.04956	0.10532	0.01652	0.01772	0.01207	0.00792	0.00707	0.00232	0.01012	0.00600	0.00473	0.01134
27	0.01152	0.00773	0.00888	0.00888	0.00896	0.00782	0.00510	0.01168	0.01160	0.01555	0.02477	0.05071	0.02831	0.68348	0.07749	0.00798	0.00846	0.01136	0.00477	0.00493
28	0.01001	0.00716	0.00958	0.01127	0.01193	0.00672	0.00782	0.01172	0.01586	0.02120	0.07990	0.62610	0.05319	0.02410	0.01015	0.00321	0.00477	0.07131	0.00744	0.00657
29	0.01775	0.01725	0.03053	0.25975	0.36900	0.01824	0.09902	0.02285	0.01742	0.02392	0.01575	0.02282	0.01302	0.00783	0.00817	0.00253	0.01021	0.02908	0.00392	0.01092
30	0.01962	0.50450	0.21934	0.01696	0.02517	0.02727	0.04575	0.02420	0.01640	0.02075	0.01214	0.01422	0.01022	0.00699	0.00596	0.00197	0.00960	0.00492	0.00341	0.01063
31	0.01780	0.01762	0.02356	0.05825	0.02262	0.04763	0.01706	0.04162	0.01366	0.02022	0.01157	0.01824	0.01102	0.01561	0.05899	0.00383	0.58126	0.00697	0.00370	0.00879
32	0.01861	0.01797	0.03370	0.25928	0.04160	0.01943	0.29489	0.04482	0.01778	0.06060	0.01564	0.02104	0.01181	0.00828	0.01083	0.00274	0.09859	0.00811	0.00424	0.01005
33	0.01708	0.01346	0.01623	0.01222	0.01815	0.01096	0.00974	0.02040	0.01705	0.06928	0.06735	0.04993	0.01884	0.00817	0.00754	0.00157	0.04299	0.00654	0.00540	0.58710
34	0.02120	0.72609	0.04155	0.01357	0.02035	0.03138	0.01357	0.02374	0.01611	0.01866	0.01102	0.01272	0.01018	0.00678	0.00509	0.00170	0.00848	0.00424	0.00339	0.01018
35	0.01621	0.00975	0.01270	0.01258	0.01534	0.00919	0.01032	0.02011	0.04403	0.14322	0.15377	0.10355	0.14027	0.01819	0.00974	0.00303	0.00590	0.25555	0.00805	0.00851
36	0.01124	0.00764	0.00866	0.00883	0.00903	0.00752	0.00511	0.01148	0.01224	0.01617	0.02984	0.11430	0.06722	0.61763	0.03583	0.00699	0.00720	0.01284	0.00518	0.00506
37	0.08664	0.02667	0.02383	0.01946	0.02490	0.29823	0.07950	0.17898	0.02499	0.13590	0.01729	0.01814	0.01260	0.00855	0.00753	0.00229	0.01101	0.00644	0.00600	0.01104
38	0.01498	0.01409	0.02378	0.70226	0.05462	0.01762	0.02202	0.02026	0.01586	0.02026	0.01409	0.02114	0.01057	0.00793	0.00793	0.00264	0.01057	0.00705	0.00352	0.00881
39	0.01596	0.01501	0.02487	0.56246	0.15363	0.01792	0.02194	0.02198	0.04727	0.02181	0.01511	0.02130	0.01156	0.00792	0.00792	0.00260	0.01018	0.00714	0.00381	0.00960
40	0.01135	0.00840	0.01225	0.01225	0.01349	0.00964	0.00929	0.01384	0.01260	0.01804	0.02170	0.03367	0.02092	0.13981	0.61105	0.01213	0.01960	0.00886	0.00432	0.00680
41	0.02955	0.01388	0.01765	0.01415	0.01933	0.01315	0.01149	0.11630	0.05757	0.43657	0.08230	0.03312	0.02536	0.05058	0.01004	0.00281	0.00682	0.03819	0.00898	0.01216
42	0.01857	0.02095	0.04433	0.03204	0.03918	0.02052	0.57450	0.02471	0.01800	0.02471	0.01543	0.02095	0.01185	0.00747	0.01118	0.00276	0.08934	0.00909	0.00395	0.01047
43	0.01478	0.00739	0.00739	0.00739	0.00924	0.00739	0.00554	0.01848	0.01663	0.02956	0.02587	0.02956	0.02033	0.00924	0.00554	0.00185	0.00370	0.00739	0.76534	0.00739
44	0.01134	0.00798	0.01001	0.01001	0.01065	0.00839	0.00662	0.01242	0.01232	0.01675	0.02684	0.04620	0.06198	0.45585	0.26018	0.00913	0.01210	0.01079	0.00476	0.00569
45	0.01644	0.01409	0.01644	0.01175	0.01879	0.01057	0.00940	0.01997	0.01644	0.02584	0.01409	0.01644	0.01175	0.00587	0.00587	0.00117	0.00587	0.00470	0.00470	0.76979
46	0.02125	0.05345	0.02101	0.01457	0.02122	0.01461	0.05313	0.12484	0.02102	0.11102	0.04491	0.02014	0.01564	0.00751	0.00681	0.00172	0.00700	0.00621	0.00592	0.42803
47	0.46800	0.01805	0.05362	0.03999	0.01998	0.04586	0.01171	0.06250	0.07758	0.11198	0.01631	0.01713	0.01191	0.00817	0.00611	0.00247	0.00721	0.00558	0.00579	0.01005
48	0.05951	0.01513	0.01848	0.01645	0.02007	0.01707	0.06317	0.03145	0.38720	0.02893	0.03077	0.17569	0.02753	0.01349	0.00964	0.00284	0.05334	0.01154	0.00710	0.01060

[dist]
# distance from previous block
# <min> <max>
5	7

[block]
# block no. 2 follows, 24 sequences, length 51
# corresponding to MSA columns:
# 95-145
name=unknown_C
#
# <colnr> <probs for GDERKNQSTAVLIFYWHMCP>
#	G	D	E	R	K	N	Q	S	T	A	V	L	I	F	Y	W	H	M	C	P
0	0.01674	0.01510	0.02425	0.50449	0.12905	0.01805	0.02088	0.06644	0.01730	0.02283	0.01440	0.02077	0.01119	0.00913	0.00980	0.03973	0.03953	0.00704	0.00390	0.00938
1	0.05739	0.01855	0.01958	0.01598	0.02100	0.04357	0.01279	0.32903	0.15211	0.09928	0.05404	0.02589	0.02001	0.05743	0.03440	0.00316	0.00829	0.00806	0.00757	0.01187
2	0.02453	0.01797	0.02159	0.09747	0.07341	0.01957	0.01498	0.33971	0.08636	0.09138	0.08193	0.02698	0.04751	0.01034	0.00813	0.00247	0.00796	0.00841	0.00734	0.01197
3	0.01586	0.03810	0.60529	0.02271	0.03370	0.01799	0.06923	0.02464	0.01715	0.02546	0.04619	0.01912	0.01333	0.00790	0.00774	0.00252	0.01144	0.00651	0.00365	0.01144
4	0.01849	0.01701	0.02718	0.31427	0.32734	0.01882	0.02194	0.06968	0.05959	0.02582	0.01599	0.02085	0.01255	0.00784	0.00790	0.00250	0.00964	0.00719	0.00432	0.01108
5	0.00957	0.00728	0.00881	0.01004	0.01124	0.00653	0.00692	0.01115	0.01615	0.02064	0.05590	0.50312	0.25760	0.02326	0.00987	0.00304	0.00441	0.02061	0.00736	0.00653
6	0.01134	0.00846	0.01257	0.01257	0.01392	0.00982	0.00969	0.01405	0.01269	0.01828	0.02140	0.03205	0.02022	0.08825	0.66164	0.01252	0.02065	0.00863	0.00427	0.00698
7	0.02962	0.03779	0.02247	0.02043	0.02451	0.68948	0.01532	0.03166	0.02247	0.01941	0.01226	0.01430	0.01021	0.00817	0.00715	0.00204	0.01430	0.00511	0.00409	0.00919
8	0.01150	0.00781	0.00929	0.00929	0.00951	0.00804	0.00561	0.01194	0.01172	0.01585	0.02440	0.04863	0.02741	0.61734	0.14240	0.00848	0.00982	0.01105	0.00472	0.00516
9	0.01255	0.00896	0.01251	0.01434	0.01607	0.00893	0.01238	0.01603	0.01803	0.02347	0.04211	0.13575	0.04614	0.02212	0.01089	0.00362	0.00710	0.57445	0.00731	0.00724
10	0.02120	0.72609	0.04155	0.01357	0.02035	0.03138	0.01357	0.02374	0.01611	0.01866	0.01102	0.01272	0.01018	0.00678	0.00509	0.00170	0.00848	0.00424	0.00339	0.01018
11	0.03336	0.01330	0.01788	0.01393	0.01972	0.01172	0.01142	0.03727	0.04908	0.60914	0.07215	0.02917	0.02336	0.01026	0.00807	0.00247	0.00654	0.00842	0.00967	0.01307
12	0.01858	0.02235	0.07765	0.03290	0.04110	0.01997	0.61314	0.02539	0.01862	0.02539	0.01595	0.02116	0.01194	0.00673	0.00927	0.00267	0.01329	0.00919	0.00398	0.01075
13	0.01138	0.00828	0.01163	0.01163	0.01266	0.00931	0.00852	0.01344	0.01241	0.01758	0.02226	0.03680	0.02228	0.23973	0.51299	0.01137	0.01755	0.00932	0.00440	0.00646
14	0.01140	0.00821	0.01127	0.01127	0.01218	0.00911	0.00808	0.01322	0.01231	0.01732	0.02259	0.03860	0.02306	0.29720	0.45659	0.01093	0.01637	0.00959	0.00445	0.00626
15	0.77733	0.01534	0.01166	0.01043	0.01534	0.01779	0.00859	0.02331	0.01350	0.03558	0.01104	0.01288	0.00859	0.00736	0.00491	0.00245	0.00613	0.00429	0.00491	0.00859
16	0.01650	0.05566	0.38690	0.02427	0.03328	0.01865	0.20235	0.02381	0.01723	0.02473	0.04245	0.05085	0.01517	0.00870	0.00906	0.00261	0.04508	0.00795	0.00394	0.01082
17	0.00959	0.00804	0.00833	0.00826	0.01084	0.00679	0.00619	0.01179	0.01858	0.02262	0.14826	0.07434	0.59995	0.01964	0.00937	0.00266	0.00398	0.01646	0.00752	0.00679
18	0.06482	0.02278	0.06532	0.04406	0.02591	0.02360	0.01593	0.55182	0.03400	0.04656	0.01816	0.01867	0.01292	0.00923	0.00776	0.00240	0.00886	0.00692	0.00733	0.01296
19	0.00978	0.00699	0.00930	0.01096	0.01153	0.00652	0.00737	0.01133	0.01571	0.02109	0.08945	0.66798	0.05409	0.02421	0.01007	0.00317	0.00454	0.02194	0.00746	0.00652
20	0.77733	0.01534	0.01166	0.01043	0.01534	0.01779	0.00859	0.02331	0.01350	0.03558	0.01104	0.01288	0.00859	0.00736	0.00491	0.00245	0.00613	0.00429	0.00491	0.00859
21	0.02066	0.01871	0.01940	0.05113	0.05031	0.06908	0.01382	0.06505	0.52644	0.03194	0.02863	0.02718	0.02157	0.01022	0.00798	0.00261	0.00731	0.00843	0.00737	0.01216
22	0.01644	0.01409	0.01644	0.01175	0.01879	0.01057	0.00940	0.01997	0.01644	0.02584	0.01409	0.01644	0.01175	0.00587	0.00587	0.00117	0.00587	0.00470	0.00470	0.76979
23	0.13348	0.02791	0.34640	0.01826	0.02724	0.01614	0.05008	0.02556	0.01702	0.10639	0.01589	0.01758	0.01140	0.00744	0.00698	0.00226	0.00928	0.00584	0.00465	0.15020
24	0.01872	0.02139	0.04679	0.03342	0.04144	0.02005	0.64305	0.02540	0.01872	0.02540	0.01604	0.02139	0.01203	0.00668	0.00936	0.00267	0.01337	0.00936	0.00401	0.01070
25	0.02962	0.03779	0.02247	0.02043	0.02451	0.68948	0.01532	0.03166	0.02247	0.01941	0.01226	0.01430	0.01021	0.00817	0.00715	0.00204	0.01430	0.00511	0.00409	0.00919
26	0.01153	0.00769	0.00865	0.00865	0.00865	0.00769	0.00480	0.01153	0.01153	0.01538	0.02499	0.05189	0.02883	0.72131	0.04036	0.00769	0.00769	0.01153	0.00480	0.00480
27	0.02493	0.01962	0.02086	0.01719	0.02260	0.02215	0.01381	0.34328	0.34791	0.04156	0.02567	0.02432	0.01885	0.01014	0.00800	0.00253	0.00750	0.00805	0.00800	0.01302
28	0.01122	0.00811	0.01060	0.00998	0.01185	0.00748	0.00748	0.01496	0.02245	0.03180	0.66766	0.05923	0.07482	0.01621	0.00935	0.00249	0.00374	0.01434	0.00873	0.00748
29	0.01070	0.00809	0.00987	0.00942	0.01152	0.00726	0.00707	0.01395	0.02120	0.02885	0.50076	0.06409	0.24357	0.01731	0.00936	0.00255	0.00382	0.01502	0.00834	0.00726
30	0.01153	0.00769	0.00865	0.00865	0.00865	0.00769	0.00480	0.01153	0.01153	0.01538	0.02499	0.05189	0.02883	0.72131	0.04036	0.00769	0.00769	0.01153	0.00480	0.00480
31	0.02120	0.72609	0.04155	0.01357	0.02035	0.03138	0.01357	0.02374	0.01611	0.01866	0.01102	0.01272	0.01018	0.00678	0.00509	0.00170	0.00848	0.00424	0.00339	0.01018
32	0.01972	0.01703	0.01793	0.01614	0.02062	0.01972	0.01255	0.04214	0.65752	0.03317	0.03228	0.02959	0.02421	0.01076	0.00807	0.00269	0.00628	0.00897	0.00807	0.01255
33	0.77733	0.01534	0.01166	0.01043	0.01534	0.01779	0.00859	0.02331	0.01350	0.03558	0.01104	0.01288	0.00859	0.00736	0.00491	0.00245	0.00613	0.00429	0.00491	0.00859
34	0.03014	0.02221	0.02380	0.01825	0.02459	0.02459	0.01507	0.64541	0.03728	0.04998	0.01904	0.01904	0.01349	0.00952	0.00793	0.00238	0.00873	0.00714	0.00793	0.01349
35	0.03311	0.01653	0.02017	0.01556	0.02170	0.01628	0.01282	0.23956	0.05442	0.44246	0.02727	0.02447	0.01779	0.00976	0.00796	0.00244	0.00738	0.00774	0.00912	0.01345
36	0.02182	0.67524	0.04014	0.01408	0.02066	0.07999	0.01370	0.02433	0.01658	0.01871	0.01112	0.01284	0.01018	0.00689	0.00524	0.00172	0.00891	0.00430	0.00344	0.01010
37	0.00966	0.00690	0.00920	0.01104	0.01150	0.00644	0.00736	0.01104	0.01518	0.02024	0.04371	0.71614	0.05245	0.02484	0.01012	0.00322	0.00460	0.02254	0.00736	0.00644
38	0.01377	0.00689	0.01033	0.01033	0.01033	0.00689	0.00689	0.01033	0.01033	0.01377	0.01377	0.02410	0.01377	0.02755	0.03099	0.76928	0.00689	0.00689	0.00344	0.00344
39	0.01122	0.00811	0.01060	0.00998	0.01185	0.00748	0.00748	0.01496	0.02245	0.03180	0.66766	0.05923	0.07482	0.01621	0.00935	0.00249	0.00374	0.01434	0.00873	0.00748
40	0.01644	0.01409	0.01644	0.01175	0.01879	0.01057	0.00940	0.01997	0.01644	0.02584	0.01409	0.01644	0.01175	0.00587	0.00587	0.00117	0.00587	0.00470	0.00470	0.76979
41	0.03014	0.02221	0.02380	0.01825	0.02459	0.02459	0.01507	0.64541	0.03728	0.04998	0.01904	0.01904	0.01349	0.00952	0.00793	0.00238	0.00873	0.00714	0.00793	0.01349
42	0.02440	0.01808	0.01982	0.01614	0.02099	0.01977	0.01299	0.43639	0.07735	0.04209	0.08921	0.07975	0.02540	0.04364	0.00982	0.00276	0.00763	0.03431	0.00782	0.01165
43	0.01133	0.00850	0.01274	0.01274	0.01416	0.00991	0.00991	0.01416	0.01274	0.01841	0.02124	0.03115	0.01982	0.05947	0.68989	0.01274	0.02124	0.00850	0.00425	0.00708
44	0.01478	0.00739	0.00739	0.00739	0.00924	0.00739	0.00554	0.01848	0.01663	0.02956	0.02587	0.02956	0.02033	0.00924	0.00554	0.00185	0.00370	0.00739	0.76534	0.00739
45	0.01088	0.00809	0.01012	0.00961	0.01163	0.00734	0.00721	0.01430	0.02163	0.02986	0.55802	0.06242	0.18568	0.01693	0.00936	0.00253	0.00379	0.01479	0.00847	0.00734
46	0.02964	0.02196	0.02351	0.01814	0.02440	0.02436	0.01495	0.61621	0.06730	0.04916	0.01968	0.01955	0.01400	0.00958	0.00794	0.00239	0.00861	0.00723	0.00794	0.01344
47	0.01826	0.02509	0.18917	0.02763	0.03632	0.01870	0.39711	0.05045	0.01875	0.02641	0.01551	0.01961	0.01160	0.00690	0.00845	0.00244	0.01188	0.00788	0.00410	0.10373
48	0.03456	0.01372	0.01837	0.01424	0.02027	0.01217	0.01171	0.03887	0.06342	0.63602	0.03135	0.02716	0.01992	0.00988	0.00798	0.00247	0.00672	0.00804	0.00970	0.01343
49	0.01478	0.00739	0.00739	0.00739	0.00924	0.00739	0.00554	0.01848	0.01663	0.02956	0.02587	0.02956	0.02033	0.00924	0.00554	0.00185	0.00370	0.00739	0.76534	0.00739
50	0.13569	0.01328	0.01630	0.01320	0.01825	0.01270	0.01072	0.07631	0.02175	0.40760	0.10765	0.05305	0.02573	0.01286	0.03628	0.00291	0.00696	0.00873	0.00852	0.01152

[dist]
# distance from previous block
# <min> <max>
0	1

[block]
# block no. 3 follows, 24 sequences, length 107
# corresponding to MSA columns:
# 147-253
name=unknown_D
#
# <colnr> <probs for GDERKNQSTAVLIFYWHMCP>
#	G	D	E	R	K	N	Q	S	T	A	V	L	I	F	Y	W	H	M	C	P
0	0.01672	0.01277	0.01462	0.05210	0.01831	0.04283	0.01090	0.09798	0.11491	0.06147	0.08486	0.29185	0.03792	0.03894	0.01012	0.00303	0.00651	0.06785	0.00733	0.00896
1	0.01735	0.01735	0.02429	0.02082	0.02082	0.02429	0.01735	0.01908	0.01214	0.01908	0.01041	0.01735	0.01041	0.01388	0.02602	0.00347	0.70680	0.00694	0.00347	0.00867
2	0.04429	0.01847	0.05593	0.29051	0.09504	0.04863	0.04821	0.04440	0.01606	0.02247	0.01312	0.01897	0.01077	0.00967	0.01345	0.00283	0.22697	0.00689	0.00379	0.00951
3	0.01762	0.01690	0.02861	0.33600	0.26467	0.01908	0.07208	0.04280	0.01723	0.02352	0.01437	0.02022	0.01146	0.00812	0.00966	0.00261	0.07357	0.00723	0.00384	0.01041
4	0.01153	0.00769	0.00865	0.00865	0.00865	0.00769	0.00480	0.01153	0.01153	0.01538	0.02499	0.05189	0.02883	0.72131	0.04036	0.00769	0.00769	0.01153	0.00480	0.00480
5	0.01877	0.01918	0.06122	0.14387	0.55101	0.01864	0.02423	0.02377	0.01767	0.02504	0.01476	0.01972	0.01215	0.00721	0.00785	0.00240	0.00970	0.00701	0.00384	0.01197
6	0.03521	0.01408	0.01877	0.01439	0.02054	0.01253	0.01189	0.07950	0.02368	0.63510	0.03046	0.02646	0.01922	0.00979	0.00797	0.00245	0.00688	0.00792	0.00969	0.01349
7	0.01140	0.00776	0.00891	0.00888	0.00917	0.00773	0.00524	0.01183	0.01247	0.01667	0.06123	0.05246	0.06097	0.62026	0.06761	0.00741	0.00794	0.01178	0.00511	0.00514
8	0.01682	0.03558	0.52138	0.02899	0.19059	0.01852	0.02808	0.02492	0.01706	0.02531	0.01440	0.01745	0.01066	0.00742	0.00761	0.00247	0.01116	0.00616	0.00349	0.01193
9	0.03014	0.02221	0.02380	0.01825	0.02459	0.02459	0.01507	0.64541	0.03728	0.04998	0.01904	0.01904	0.01349	0.00952	0.00793	0.00238	0.00873	0.00714	0.00793	0.01349
10	0.02654	0.04407	0.02211	0.01727	0.02291	0.04711	0.01403	0.37084	0.24556	0.06985	0.02355	0.02258	0.01716	0.00981	0.00786	0.00245	0.00801	0.00762	0.00777	0.01290
11	0.02512	0.01972	0.02097	0.01723	0.02268	0.02224	0.01386	0.35453	0.33634	0.04187	0.02542	0.02412	0.01865	0.01012	0.00800	0.00253	0.00754	0.00802	0.00800	0.01304
12	0.01142	0.00814	0.01093	0.01093	0.01171	0.00893	0.00765	0.01299	0.01221	0.01706	0.02290	0.04036	0.02382	0.35319	0.40164	0.01050	0.01523	0.00984	0.00450	0.00607
13	0.01607	0.01422	0.02140	0.20830	0.02950	0.01677	0.06619	0.02164	0.07978	0.05103	0.12970	0.03250	0.08142	0.01209	0.01287	0.00282	0.17964	0.00950	0.00546	0.00909
14	0.01819	0.01668	0.02441	0.04901	0.02290	0.02207	0.05168	0.02042	0.01352	0.06386	0.01388	0.05181	0.01314	0.01348	0.02236	0.00331	0.55827	0.00790	0.00412	0.00901
15	0.02120	0.72609	0.04155	0.01357	0.02035	0.03138	0.01357	0.02374	0.01611	0.01866	0.01102	0.01272	0.01018	0.00678	0.00509	0.00170	0.00848	0.00424	0.00339	0.01018
16	0.77733	0.01534	0.01166	0.01043	0.01534	0.01779	0.00859	0.02331	0.01350	0.03558	0.01104	0.01288	0.00859	0.00736	0.00491	0.00245	0.00613	0.00429	0.00491	0.00859
17	0.01577	0.01477	0.02424	0.58992	0.11479	0.01788	0.02162	0.02215	0.05928	0.02170	0.01540	0.02156	0.01169	0.00803	0.00793	0.00262	0.01017	0.00718	0.00387	0.00944
18	0.01367	0.01107	0.01420	0.09987	0.04120	0.01150	0.01118	0.04598	0.10600	0.02765	0.23633	0.08258	0.16975	0.01562	0.00910	0.00273	0.00583	0.07991	0.00730	0.00854
19	0.01141	0.00771	0.00861	0.00861	0.00876	0.00763	0.00487	0.01152	0.01190	0.01571	0.02808	0.05326	0.06462	0.68209	0.03863	0.00741	0.00748	0.01182	0.00495	0.00491
20	0.62323	0.01757	0.04290	0.01222	0.01766	0.01892	0.01054	0.12392	0.01748	0.03745	0.01247	0.01405	0.00944	0.00772	0.00551	0.00244	0.00680	0.00482	0.00533	0.00952
21	0.00937	0.00803	0.00803	0.00803	0.01071	0.00669	0.00602	0.01138	0.01807	0.02142	0.08033	0.07632	0.66863	0.02008	0.00937	0.00268	0.00402	0.01674	0.00736	0.00669
22	0.01757	0.01803	0.02647	0.05284	0.02473	0.04618	0.09429	0.02014	0.01351	0.01990	0.01181	0.01852	0.01103	0.01454	0.05184	0.00369	0.53519	0.00725	0.00359	0.00888
23	0.01133	0.00850	0.01274	0.01274	0.01416	0.00991	0.00991	0.01416	0.01274	0.01841	0.02124	0.03115	0.01982	0.05947	0.68989	0.01274	0.02124	0.00850	0.00425	0.00708
24	0.73755	0.05273	0.01323	0.01059	0.01560	0.01850	0.00885	0.02333	0.01363	0.03469	0.01104	0.01287	0.00867	0.00733	0.00492	0.00241	0.00626	0.00429	0.00483	0.00867
25	0.02862	0.02146	0.02294	0.01794	0.02401	0.02388	0.01470	0.55738	0.12779	0.04752	0.02097	0.02058	0.01505	0.00970	0.00795	0.00243	0.00837	0.00741	0.00795	0.01335
26	0.77733	0.01534	0.01166	0.01043	0.01534	0.01779	0.00859	0.02331	0.01350	0.03558	0.01104	0.01288	0.00859	0.00736	0.00491	0.00245	0.00613	0.00429	0.00491	0.00859
27	0.01726	0.01747	0.02672	0.09116	0.02651	0.02315	0.08685	0.01990	0.01325	0.01990	0.01140	0.01818	0.01060	0.01248	0.02235	0.00330	0.55985	0.00722	0.00353	0.00891
28	0.01012	0.00723	0.00973	0.01156	0.01222	0.00683	0.00815	0.01183	0.01563	0.02075	0.04345	0.62436	0.05145	0.02441	0.01024	0.00328	0.00500	0.10982	0.00735	0.00657
29	0.01026	0.00734	0.00987	0.01154	0.01231	0.00694	0.00823	0.01217	0.01616	0.02158	0.08544	0.57196	0.05287	0.02379	0.01020	0.00324	0.00497	0.11704	0.00744	0.00665
30	0.77733	0.01534	0.01166	0.01043	0.01534	0.01779	0.00859	0.02331	0.01350	0.03558	0.01104	0.01288	0.00859	0.00736	0.00491	0.00245	0.00613	0.00429	0.00491	0.00859
31	0.01116	0.00848	0.01031	0.00978	0.01196	0.00783	0.00736	0.01531	0.04948	0.02937	0.49888	0.06202	0.21483	0.01690	0.00930	0.00255	0.00392	0.01468	0.00837	0.00752
32	0.01259	0.00915	0.01239	0.01386	0.01563	0.00919	0.01163	0.01690	0.05173	0.02427	0.08385	0.17497	0.04746	0.02136	0.01057	0.00346	0.00662	0.45948	0.00745	0.00747
33	0.17819	0.01526	0.01797	0.01407	0.02000	0.01494	0.01161	0.13390	0.02328	0.45164	0.02539	0.02297	0.01650	0.00929	0.00737	0.00244	0.00695	0.00713	0.00856	0.01254
34	0.01668	0.01584	0.02687	0.46209	0.28143	0.01807	0.02287	0.02176	0.01666	0.02234	0.01440	0.02058	0.01130	0.00761	0.00790	0.00254	0.01015	0.00705	0.00367	0.01019
35	0.02049	0.63455	0.12689	0.01478	0.02222	0.02965	0.01567	0.02393	0.01620	0.01952	0.01145	0.01326	0.01016	0.00688	0.00541	0.00180	0.00891	0.00446	0.00339	0.01038
36	0.01683	0.01682	0.07329	0.01635	0.02088	0.01621	0.05517	0.03164	0.38498	0.02963	0.08784	0.09560	0.06601	0.01295	0.00861	0.00275	0.00677	0.03952	0.00732	0.01082
37	0.00977	0.00699	0.00930	0.01097	0.01153	0.00651	0.00737	0.01132	0.01569	0.02105	0.08726	0.67029	0.05401	0.02424	0.01007	0.00317	0.00454	0.02197	0.00746	0.00651
38	0.01918	0.01853	0.03173	0.10036	0.53894	0.01887	0.06757	0.02507	0.05369	0.02581	0.01590	0.02044	0.01301	0.00732	0.00798	0.00242	0.00962	0.00733	0.00413	0.01211
39	0.01038	0.00807	0.00943	0.00909	0.01133	0.00712	0.00682	0.01333	0.02045	0.02706	0.39965	0.06703	0.34579	0.01798	0.00936	0.00258	0.00387	0.01543	0.00811	0.00712
40	0.63686	0.03991	0.01388	0.01138	0.01645	0.04699	0.00939	0.02539	0.01500	0.10559	0.01334	0.01451	0.00994	0.00765	0.00535	0.00241	0.00664	0.00474	0.00537	0.00921
41	0.17185	0.06311	0.06862	0.01763	0.02333	0.12297	0.03788	0.24993	0.04321	0.05762	0.01581	0.01718	0.01189	0.00884	0.00832	0.00241	0.05629	0.00618	0.00582	0.01113
42	0.01039	0.00771	0.00977	0.01064	0.01206	0.00709	0.00782	0.01276	0.01793	0.02376	0.20376	0.34802	0.17884	0.02141	0.00989	0.00299	0.00462	0.09598	0.00769	0.00686
43	0.02227	0.01597	0.01807	0.04432	0.02144	0.01754	0.01250	0.11647	0.37508	0.13374	0.08791	0.03150	0.04536	0.01110	0.00818	0.00259	0.00656	0.00921	0.00817	0.01203
44	0.01258	0.00912	0.01097	0.01035	0.01277	0.00860	0.00780	0.01756	0.08222	0.05683	0.40867	0.09354	0.20533	0.01677	0.00921	0.00259	0.00423	0.01454	0.00832	0.00799
45	0.01599	0.01778	0.10914	0.02221	0.10858	0.01440	0.12463	0.06257	0.05423	0.02626	0.05326	0.23481	0.02769	0.01317	0.00867	0.00262	0.00815	0.01226	0.00570	0.07790
46	0.07862	0.11018	0.02423	0.02023	0.05128	0.54399	0.01507	0.02993	0.02099	0.02069	0.01216	0.01426	0.01020	0.00792	0.00681	0.00205	0.01291	0.00504	0.00406	0.00940
47	0.01872	0.02139	0.04679	0.03342	0.04144	0.02005	0.64305	0.02540	0.01872	0.02540	0.01604	0.02139	0.01203	0.00668	0.00936	0.00267	0.01337	0.00936	0.00401	0.01070
48	0.01537	0.03577	0.56451	0.02129	0.03153	0.01699	0.04984	0.02374	0.01760	0.02604	0.10353	0.02272	0.01897	0.00869	0.00785	0.00252	0.01069	0.00715	0.00411	0.01110
49	0.01153	0.00769	0.00865	0.00865	0.00865	0.00769	0.00480	0.01153	0.01153	0.01538	0.02499	0.05189	0.02883	0.72131	0.04036	0.00769	0.00769	0.01153	0.00480	0.00480
50	0.77733	0.01534	0.01166	0.01043	0.01534	0.01779	0.00859	0.02331	0.01350	0.03558	0.01104	0.01288	0.00859	0.00736	0.00491	0.00245	0.00613	0.00429	0.00491	0.00859
51	0.01590	0.04102	0.68023	0.02260	0.03432	0.01842	0.02930	0.02511	0.01674	0.02511	0.01423	0.01674	0.01005	0.00753	0.00753	0.00251	0.01172	0.00586	0.00335	0.01172
52	0.03084	0.02110	0.02311	0.01772	0.02404	0.02295	0.01464	0.56822	0.03543	0.12978	0.02060	0.02005	0.01427	0.00956	0.00794	0.00239	0.00847	0.00725	0.00817	0.01349
53	0.01113	0.00810	0.01048	0.00988	0.01179	0.00744	0.00741	0.01479	0.02224	0.03130	0.63957	0.06005	0.10322	0.01640	0.00935	0.00250	0.00375	0.01446	0.00866	0.00744
54	0.01136	0.00837	0.01209	0.01209	0.01328	0.00956	0.00910	0.01374	0.01255	0.01793	0.02184	0.03446	0.02126	0.16490	0.58642	0.01194	0.01908	0.00898	0.00434	0.00672
55	0.01590	0.04102	0.68023	0.02260	0.03432	0.01842	0.02930	0.02511	0.01674	0.02511	0.01423	0.01674	0.01005	0.00753	0.00753	0.00251	0.01172	0.00586	0.00335	0.01172
56	0.01644	0.01409	0.01644	0.01175	0.01879	0.01057	0.00940	0.01997	0.01644	0.02584	0.01409	0.01644	0.01175	0.00587	0.00587	0.00117	0.00587	0.00470	0.00470	0.76979
57	0.71806	0.01588	0.01262	0.01105	0.01607	0.01833	0.00910	0.07266	0.01538	0.03672	0.01168	0.01337	0.00898	0.00753	0.00515	0.00245	0.00634	0.00452	0.00515	0.00898
58	0.01845	0.07847	0.04599	0.01308	0.01639	0.01459	0.01057	0.15013	0.03871	0.07108	0.05326	0.06924	0.02698	0.27533	0.02014	0.00447	0.00771	0.07048	0.00624	0.00869
59	0.02464	0.01699	0.01885	0.01570	0.02080	0.01844	0.01256	0.20369	0.31417	0.15549	0.06024	0.02963	0.05069	0.01090	0.00813	0.00255	0.00682	0.00887	0.00835	0.01249
60	0.01153	0.00769	0.00865	0.00865	0.00865	0.00769	0.00480	0.01153	0.01153	0.01538	0.02499	0.05189	0.02883	0.72131	0.04036	0.00769	0.00769	0.01153	0.00480	0.00480
61	0.01279	0.00840	0.01109	0.01055	0.01258	0.00774	0.00798	0.01626	0.02161	0.07385	0.54031	0.11884	0.06778	0.01682	0.00940	0.00261	0.00418	0.04081	0.00861	0.00778
62	0.01389	0.01110	0.01298	0.01371	0.01574	0.03323	0.01076	0.02083	0.15814	0.02463	0.06172	0.24590	0.04200	0.04967	0.01116	0.00340	0.00644	0.24919	0.00733	0.00818
63	0.13590	0.01452	0.01772	0.01400	0.01983	0.01390	0.01149	0.06877	0.07857	0.49887	0.02794	0.02486	0.01819	0.00955	0.00756	0.00247	0.00673	0.00751	0.00889	0.01274
64	0.01860	0.01867	0.03407	0.14350	0.39743	0.01919	0.17259	0.02374	0.01762	0.02462	0.01486	0.02018	0.01204	0.00740	0.00902	0.00252	0.04109	0.00761	0.00386	0.01137
65	0.01153	0.00769	0.00865	0.00865	0.00865	0.00769	0.00480	0.01153	0.01153	0.01538	0.02499	0.05189	0.02883	0.72131	0.04036	0.00769	0.00769	0.01153	0.00480	0.00480
66	0.02120	0.72609	0.04155	0.01357	0.02035	0.03138	0.01357	0.02374	0.01611	0.01866	0.01102	0.01272	0.01018	0.00678	0.00509	0.00170	0.00848	0.00424	0.00339	0.01018
67	0.77733	0.01534	0.01166	0.01043	0.01534	0.01779	0.00859	0.02331	0.01350	0.03558	0.01104	0.01288	0.00859	0.00736	0.00491	0.00245	0.00613	0.00429	0.00491	0.00859
68	0.01087	0.00809	0.01011	0.00960	0.01163	0.00733	0.00720	0.01428	0.02161	0.02981	0.55483	0.06252	0.18890	0.01696	0.00936	0.00253	0.00379	0.01480	0.00847	0.00733
69	0.00966	0.00690	0.00920	0.01104	0.01150	0.00644	0.00736	0.01104	0.01518	0.02024	0.04371	0.71614	0.05245	0.02484	0.01012	0.00322	0.00460	0.02254	0.00736	0.00644
70	0.77733	0.01534	0.01166	0.01043	0.01534	0.01779	0.00859	0.02331	0.01350	0.03558	0.01104	0.01288	0.00859	0.00736	0.00491	0.00245	0.00613	0.00429	0.00491	0.00859
71	0.01051	0.00750	0.01017	0.01201	0.01284	0.00717	0.00883	0.01250	0.01601	0.02119	0.04324	0.54640	0.05060	0.02405	0.01035	0.00334	0.00533	0.18395	0.00735	0.00667
72	0.40934	0.01604	0.01599	0.01302	0.01857	0.01716	0.01074	0.14353	0.02076	0.23663	0.01878	0.01839	0.01291	0.00852	0.00642	0.00244	0.00680	0.00596	0.00699	0.01101
73	0.01135	0.00843	0.01240	0.01240	0.01370	0.00973	0.00948	0.01394	0.01264	0.01815	0.02155	0.03289	0.02058	0.11503	0.63537	0.01232	0.02010	0.00875	0.00429	0.00689
74	0.01685	0.01539	0.02182	0.01559	0.02281	0.01225	0.12172	0.02093	0.01685	0.02576	0.01444	0.01732	0.01180	0.00602	0.00649	0.00144	0.00720	0.00552	0.00458	0.63523
75	0.02872	0.05298	0.02582	0.01873	0.02524	0.02294	0.06723	0.49224	0.03280	0.09719	0.01925	0.01951	0.01365	0.00905	0.00785	0.00234	0.00884	0.00717	0.00743	0.04104
76	0.00966	0.00690	0.00920	0.01104	0.01150	0.00644	0.00736	0.01104	0.01518	0.02024	0.04371	0.71614	0.05245	0.02484	0.01012	0.00322	0.00460	0.02254	0.00736	0.00644
77	0.03509	0.01428	0.01889	0.01448	0.02063	0.01281	0.01196	0.09296	0.02400	0.62118	0.03019	0.02628	0.01908	0.00979	0.00797	0.00245	0.00692	0.00790	0.00965	0.01349
78	0.01637	0.06787	0.59845	0.02317	0.03436	0.01910	0.08208	0.02508	0.01689	0.02487	0.01425	0.01698	0.01022	0.00743	0.00759	0.00249	0.01173	0.00610	0.00341	0.01157
79	0.06482	0.02353	0.28575	0.01487	0.02145	0.04496	0.01628	0.01896	0.01762	0.02424	0.07045	0.04382	0.29610	0.01333	0.00821	0.00256	0.00781	0.01076	0.00545	0.00904
80	0.06378	0.00950	0.01242	0.01360	0.04112	0.00991	0.00947	0.01488	0.01611	0.04792	0.10162	0.43538	0.06348	0.02012	0.01110	0.00305	0.07500	0.03715	0.00690	0.00748
81	0.64856	0.08955	0.01558	0.01128	0.01648	0.01966	0.00954	0.06524	0.01537	0.03479	0.01158	0.01328	0.00908	0.00745	0.00513	0.00237	0.00655	0.00448	0.00495	0.00908
82	0.02762	0.02686	0.05730	0.02228	0.10657	0.28394	0.01623	0.11860	0.09455	0.13977	0.01916	0.01966	0.01415	0.00876	0.00761	0.00230	0.01056	0.00661	0.00600	0.01147
83	0.01703	0.01514	0.01671	0.01213	0.01905	0.04059	0.00966	0.02048	0.01671	0.02556	0.01401	0.01635	0.01168	0.00597	0.00593	0.00121	0.00625	0.00472	0.00467	0.73616
84	0.01122	0.00811	0.01060	0.00998	0.01185	0.00748	0.00748	0.01496	0.02245	0.03180	0.66766	0.05923	0.07482	0.01621	0.00935	0.00249	0.00374	0.01434	0.00873	0.00748
85	0.01153	0.00769	0.00865	0.00865	0.00865	0.00769	0.00480	0.01153	0.01153	0.01538	0.02499	0.05189	0.02883	0.72131	0.04036	0.00769	0.00769	0.01153	0.00480	0.00480
86	0.02120	0.72609	0.04155	0.01357	0.02035	0.03138	0.01357	0.02374	0.01611	0.01866	0.01102	0.01272	0.01018	0.00678	0.00509	0.00170	0.00848	0.00424	0.00339	0.01018
87	0.02878	0.03198	0.02235	0.01948	0.02415	0.46255	0.01499	0.18144	0.08844	0.02817	0.01587	0.01695	0.01238	0.00875	0.00743	0.00219	0.01216	0.00598	0.00541	0.01056
88	0.01198	0.00862	0.01181	0.01347	0.01507	0.00845	0.01126	0.01513	0.01782	0.02327	0.06707	0.20723	0.07480	0.02218	0.01067	0.00348	0.00651	0.45669	0.00737	0.00712
89	0.01070	0.00809	0.01008	0.01108	0.01283	0.00747	0.00864	0.01323	0.01780	0.02285	0.11582	0.24656	0.25345	0.02153	0.01006	0.00311	0.00518	0.20718	0.00748	0.00690
90	0.03110	0.01962	0.07513	0.01752	0.05272	0.10853	0.01443	0.05810	0.02230	0.44550	0.02641	0.02652	0.01811	0.00980	0.00795	0.00245	0.00846	0.03495	0.00800	0.01241
91	0.01867	0.02124	0.04596	0.03296	0.04068	0.02021	0.61998	0.02517	0.01847	0.02517	0.01584	0.02124	0.01197	0.00695	0.00997	0.00270	0.03894	0.00927	0.00399	0.01062
92	0.05328	0.02285	0.02990	0.04039	0.47883	0.16189	0.04886	0.02590	0.01884	0.02490	0.01424	0.01829	0.01187	0.00730	0.00764	0.00231	0.01050	0.00663	0.00400	0.01160
93	0.01737	0.01347	0.01974	0.02224	0.16915	0.01317	0.05580	0.09234	0.02023	0.07758	0.03817	0.16471	0.15164	0.01522	0.00909	0.00278	0.00721	0.09381	0.00659	0.00969
94	0.01084	0.00781	0.01025	0.01024	0.01176	0.00722	0.00745	0.01399	0.02065	0.02894	0.51312	0.22194	0.06928	0.01835	0.00954	0.00267	0.00395	0.01637	0.00839	0.00722
95	0.02001	0.42459	0.20737	0.01660	0.02429	0.05724	0.01770	0.02675	0.09564	0.02220	0.01455	0.01594	0.01187	0.00754	0.00620	0.00205	0.00934	0.00529	0.00399	0.01083
96	0.01867	0.02799	0.27154	0.03188	0.17832	0.01950	0.24037	0.06680	0.01910	0.02706	0.01534	0.01915	0.01153	0.00727	0.00826	0.00252	0.01158	0.00743	0.00402	0.01167
97	0.01743	0.03791	0.01737	0.01191	0.01891	0.01131	0.00963	0.02090	0.01670	0.05361	0.01473	0.01677	0.01203	0.00607	0.00594	0.00125	0.00600	0.00482	0.00487	0.71184
98	0.01080	0.00814	0.01002	0.00969	0.01178	0.00735	0.00736	0.01407	0.02104	0.02855	0.47492	0.06547	0.23488	0.01756	0.00944	0.00260	0.00400	0.04678	0.00828	0.00726
99	0.01153	0.00769	0.00865	0.00865	0.00865	0.00769	0.00480	0.01153	0.01153	0.01538	0.02499	0.05189	0.02883	0.72131	0.04036	0.00769	0.00769	0.01153	0.00480	0.00480
100	0.03014	0.02221	0.02380	0.01825	0.02459	0.02459	0.01507	0.64541	0.03728	0.04998	0.01904	0.01904	0.01349	0.00952	0.00793	0.00238	0.00873	0.00714	0.00793	0.01349
101	0.01143	0.00767	0.00876	0.00882	0.00892	0.00762	0.00504	0.01166	0.01218	0.01632	0.05369	0.08398	0.03195	0.65749	0.03757	0.00725	0.00737	0.01218	0.00510	0.00500
102	0.01134	0.00846	0.01255	0.01255	0.01390	0.00981	0.00967	0.01404	0.01269	0.01827	0.02142	0.03213	0.02025	0.09065	0.65929	0.01251	0.02060	0.00864	0.00427	0.00697
103	0.00966	0.00690	0.00920	0.01104	0.01150	0.00644	0.00736	0.01104	0.01518	0.02024	0.04371	0.71614	0.05245	0.02484	0.01012	0.00322	0.00460	0.02254	0.00736	0.00644
104	0.02857	0.02289	0.02378	0.04902	0.05267	0.08289	0.01567	0.51265	0.06048	0.04427	0.01861	0.01918	0.01348	0.00928	0.00787	0.00237	0.00923	0.00703	0.00724	0.01283
105	0.01743	0.01768	0.02446	0.46077	0.16504	0.10174	0.02086	0.02204	0.01721	0.02127	0.01714	0.02260	0.04190	0.00837	0.00788	0.00251	0.01051	0.00726	0.00385	0.00946
106	0.05662	0.01990	0.02507	0.23770	0.22711	0.11055	0.01949	0.12580	0.02070	0.02737	0.01507	0.01946	0.01191	0.01020	0.03753	0.00286	0.01069	0.00674	0.00454	0.01067

[dist]
# distance from previous block
# <min> <max>
0	7

[block]
# block no. 4 follows, 24 sequences, length 35
# corresponding to MSA columns:
# 261-295
name=unknown_E
#
# <colnr> <probs for GDERKNQSTAVLIFYWHMCP>
#	G	D	E	R	K	N	Q	S	T	A	V	L	I	F	Y	W	H	M	C	P
0	0.01698	0.01378	0.01938	0.01687	0.06366	0.01261	0.07724	0.06584	0.01834	0.05496	0.07955	0.11007	0.02475	0.08690	0.01184	0.00270	0.03075	0.00952	0.00570	0.27857
1	0.27571	0.06078	0.37405	0.01816	0.02698	0.01858	0.04495	0.02498	0.01592	0.05393	0.01374	0.01584	0.01001	0.00750	0.00662	0.00246	0.00955	0.00548	0.00416	0.01062
2	0.77733	0.01534	0.01166	0.01043	0.01534	0.01779	0.00859	0.02331	0.01350	0.03558	0.01104	0.01288	0.00859	0.00736	0.00491	0.00245	0.00613	0.00429	0.00491	0.00859
3	0.01590	0.04102	0.68023	0.02260	0.03432	0.01842	0.02930	0.02511	0.01674	0.02511	0.01423	0.01674	0.01005	0.00753	0.00753	0.00251	0.01172	0.00586	0.00335	0.01172
4	0.00966	0.00690	0.00920	0.01104	0.01150	0.00644	0.00736	0.01104	0.01518	0.02024	0.04371	0.71614	0.05245	0.02484	0.01012	0.00322	0.00460	0.02254	0.00736	0.00644
5	0.00990	0.00708	0.00945	0.01114	0.01175	0.00663	0.00762	0.01153	0.01576	0.02110	0.08133	0.64761	0.05349	0.02419	0.01011	0.00320	0.00467	0.04947	0.00744	0.00654
6	0.00984	0.00707	0.00905	0.01056	0.01114	0.00659	0.00699	0.01112	0.01501	0.01981	0.04442	0.59701	0.09586	0.09936	0.01332	0.00366	0.00489	0.02093	0.00709	0.00628
7	0.77733	0.01534	0.01166	0.01043	0.01534	0.01779	0.00859	0.02331	0.01350	0.03558	0.01104	0.01288	0.00859	0.00736	0.00491	0.00245	0.00613	0.00429	0.00491	0.00859
8	0.67091	0.01547	0.01286	0.01114	0.01623	0.01750	0.00918	0.05292	0.01547	0.09910	0.01339	0.01454	0.00989	0.00770	0.00534	0.00245	0.00631	0.00478	0.00552	0.00929
9	0.01577	0.01326	0.01448	0.01496	0.06304	0.05271	0.01067	0.02362	0.18146	0.05663	0.14552	0.05287	0.23802	0.01514	0.00887	0.00267	0.00599	0.06764	0.00742	0.00925
10	0.02193	0.66614	0.03989	0.01417	0.02072	0.08870	0.01372	0.02443	0.01667	0.01872	0.01113	0.01286	0.01018	0.00691	0.00527	0.00173	0.00899	0.00432	0.00345	0.01009
11	0.01665	0.06701	0.55057	0.02508	0.08187	0.01914	0.08057	0.02502	0.01698	0.02492	0.01430	0.01718	0.01041	0.00739	0.00761	0.00248	0.01155	0.00618	0.00345	0.01163
12	0.02741	0.09670	0.10640	0.01670	0.02342	0.01982	0.01528	0.22004	0.12479	0.23287	0.02338	0.02215	0.01625	0.00926	0.00761	0.00239	0.00809	0.00721	0.00746	0.01276
13	0.01068	0.00794	0.01100	0.08539	0.01624	0.00799	0.00911	0.01252	0.01512	0.02002	0.03843	0.52159	0.04494	0.09532	0.01310	0.00366	0.00578	0.06790	0.00668	0.00659
14	0.01141	0.00819	0.01119	0.01119	0.01207	0.00907	0.00798	0.01317	0.01229	0.01726	0.02266	0.03901	0.02323	0.31006	0.44397	0.01083	0.01611	0.00965	0.00446	0.00622
15	0.01664	0.01548	0.03549	0.01589	0.04787	0.03764	0.01198	0.02969	0.34913	0.02877	0.11067	0.07984	0.12941	0.01347	0.00928	0.00269	0.03712	0.01121	0.00733	0.01039
16	0.54430	0.01658	0.04492	0.09636	0.02178	0.01746	0.01157	0.05200	0.01532	0.03301	0.01222	0.01469	0.00942	0.00740	0.00563	0.00236	0.00703	0.00487	0.00479	0.07829
17	0.01760	0.01681	0.06658	0.01312	0.02046	0.01238	0.01138	0.07486	0.01828	0.02789	0.01454	0.01669	0.01177	0.00631	0.00618	0.00138	0.00656	0.00500	0.00488	0.64734
