[name]
unknown

[dist]
# distance from previous block
# <min> <max>
3	80

[block]
# block no. 0 follows, 23 sequences, length 16
# corresponding to MSA columns:
# 81-96
name=unknown_A
#
# <colnr> <probs for GDERKNQSTAVLIFYWHMCP>
#	G	D	E	R	K	N	Q	S	T	A	V	L	I	F	Y	W	H	M	C	P
0	0.05374	0.36298	0.17996	0.07362	0.02650	0.07967	0.01775	0.02400	0.01696	0.02171	0.01490	0.06685	0.01358	0.00874	0.00658	0.00219	0.00971	0.00644	0.00390	0.01021
1	0.02007	0.07475	0.04261	0.06323	0.06500	0.07670	0.45399	0.02581	0.01880	0.02444	0.01530	0.02034	0.01189	0.00739	0.00970	0.00263	0.04416	0.00850	0.00401	0.01067
2	0.01047	0.00768	0.01003	0.01136	0.01239	0.00694	0.00771	0.01206	0.01564	0.02119	0.04219	0.65166	0.05019	0.02380	0.00999	0.00312	0.00482	0.02154	0.00730	0.06992
3	0.01915	0.11914	0.33970	0.02141	0.03060	0.01888	0.12215	0.02578	0.01788	0.08868	0.01775	0.05479	0.01402	0.00850	0.00775	0.00242	0.01050	0.00739	0.00452	0.06901
4	0.01004	0.00718	0.00956	0.01119	0.01180	0.00670	0.00754	0.01170	0.01627	0.02189	0.10584	0.64507	0.05594	0.02454	0.01028	0.00322	0.00462	0.02223	0.00767	0.00670
5	0.02443	0.11689	0.02747	0.02525	0.15718	0.27434	0.01716	0.07169	0.02048	0.02391	0.01336	0.01649	0.01134	0.00862	0.00967	0.00226	0.10106	0.00590	0.00431	0.06820
6	0.01813	0.01580	0.02049	0.01473	0.02199	0.01288	0.07216	0.06811	0.01869	0.02828	0.01501	0.01753	0.01218	0.00638	0.00652	0.00145	0.00699	0.00547	0.00499	0.63223
7	0.01644	0.01599	0.02554	0.58609	0.07818	0.04288	0.05127	0.02244	0.04070	0.02169	0.01519	0.02165	0.01149	0.00813	0.00816	0.00267	0.01088	0.00733	0.00384	0.00943
8	0.00978	0.00823	0.00848	0.00842	0.01108	0.00693	0.00631	0.01201	0.01894	0.02298	0.14006	0.07634	0.60240	0.02015	0.00959	0.00272	0.00408	0.01688	0.00767	0.00693
9	0.01589	0.01253	0.01690	0.11191	0.02281	0.01251	0.06285	0.07444	0.06075	0.07427	0.07766	0.07129	0.32336	0.01522	0.00907	0.00270	0.00667	0.01308	0.00702	0.00906
10	0.03424	0.01933	0.02073	0.01634	0.02238	0.10569	0.01328	0.18340	0.02681	0.43211	0.02635	0.02389	0.01726	0.00974	0.00804	0.00244	0.00844	0.00756	0.00878	0.01321
11	0.09135	0.01395	0.01831	0.01416	0.02034	0.01239	0.01169	0.03837	0.02252	0.62253	0.03047	0.02654	0.01924	0.00986	0.00793	0.00251	0.00686	0.00788	0.00967	0.01343
12	0.01184	0.00805	0.01053	0.01072	0.01230	0.00740	0.00773	0.01465	0.01996	0.05434	0.37513	0.30780	0.08918	0.01985	0.00981	0.00284	0.00430	0.01771	0.00839	0.00747
13	0.01793	0.01775	0.03164	0.30576	0.20011	0.01916	0.17209	0.02528	0.08042	0.02477	0.01697	0.02217	0.01307	0.00787	0.00847	0.00264	0.01079	0.00799	0.00429	0.01082
14	0.01663	0.01576	0.02670	0.51806	0.22294	0.01837	0.02318	0.02188	0.01684	0.02232	0.01465	0.02121	0.01138	0.00787	0.00809	0.00262	0.01049	0.00722	0.00372	0.01007
15	0.05249	0.01263	0.01629	0.01323	0.01816	0.01160	0.01067	0.03287	0.07049	0.42784	0.17907	0.03521	0.03340	0.01156	0.00831	0.00252	0.00601	0.00963	0.03614	0.01190

[dist]
# distance from previous block
# <min> <max>
1	11

[block]
# block no. 1 follows, 23 sequences, length 19
# corresponding to MSA columns:
# 108-126
name=unknown_B
#
# <colnr> <probs for GDERKNQSTAVLIFYWHMCP>
#	G	D	E	R	K	N	Q	S	T	A	V	L	I	F	Y	W	H	M	C	P
0	0.01852	0.01752	0.02625	0.23434	0.25205	0.05715	0.05510	0.07301	0.01929	0.02549	0.01981	0.12672	0.01844	0.01056	0.00847	0.00264	0.00971	0.00969	0.00479	0.01049
1	0.03085	0.02273	0.02435	0.01867	0.02516	0.02516	0.01542	0.63716	0.03815	0.05114	0.01948	0.01948	0.01380	0.00974	0.00812	0.00244	0.00893	0.00731	0.00812	0.01380
2	0.02032	0.01186	0.01773	0.01425	0.01847	0.01060	0.07897	0.02414	0.02193	0.22660	0.33841	0.04334	0.04684	0.03327	0.00985	0.00263	0.00612	0.01143	0.00837	0.05488
3	0.01625	0.02011	0.13747	0.42361	0.08663	0.01787	0.07729	0.02229	0.01683	0.02289	0.01468	0.02039	0.01109	0.00770	0.00799	0.00254	0.01080	0.00701	0.00375	0.07282
4	0.01902	0.24598	0.41443	0.02153	0.06777	0.02262	0.02400	0.02582	0.01728	0.05131	0.01435	0.01650	0.01089	0.00755	0.00699	0.00230	0.01062	0.00566	0.00376	0.01164
5	0.01232	0.00849	0.01055	0.01006	0.01230	0.00762	0.00753	0.01547	0.02128	0.06548	0.43229	0.11698	0.21351	0.01791	0.00956	0.00266	0.00415	0.01560	0.00854	0.00772
6	0.01013	0.00719	0.00944	0.01104	0.01154	0.00675	0.00732	0.01154	0.01560	0.02090	0.07448	0.62183	0.05282	0.08235	0.01289	0.00364	0.00493	0.02170	0.00739	0.00651
7	0.10509	0.01366	0.01455	0.01224	0.01629	0.01445	0.00981	0.20191	0.02368	0.10809	0.05417	0.02648	0.02006	0.01155	0.03058	0.00261	0.00654	0.00759	0.31043	0.01021
8	0.01212	0.00805	0.01065	0.01114	0.01255	0.00749	0.00803	0.01466	0.01891	0.05850	0.28682	0.35808	0.05972	0.04660	0.01113	0.00316	0.00475	0.05216	0.00811	0.00737
9	0.02819	0.02297	0.02281	0.01769	0.02406	0.09582	0.01438	0.45543	0.03251	0.04307	0.01777	0.01845	0.01310	0.00890	0.00764	0.00217	0.00902	0.00661	0.00706	0.15237
10	0.30675	0.04130	0.04904	0.01333	0.01955	0.01569	0.01158	0.05256	0.01902	0.28441	0.02028	0.01970	0.01392	0.00842	0.00662	0.00234	0.00696	0.00611	0.00696	0.09547
11	0.01573	0.01294	0.01612	0.08848	0.02160	0.01148	0.01088	0.06292	0.01825	0.02644	0.04958	0.19153	0.02509	0.01179	0.00763	0.00204	0.00634	0.01021	0.00577	0.40519
12	0.01993	0.56229	0.11158	0.01454	0.02150	0.02785	0.01504	0.02346	0.01728	0.02135	0.08403	0.01880	0.01778	0.00811	0.00598	0.00192	0.00852	0.00568	0.00408	0.01029
13	0.01012	0.00730	0.00959	0.01101	0.01179	0.00676	0.00750	0.01193	0.01680	0.02258	0.14083	0.58472	0.08124	0.02387	0.01021	0.00316	0.00455	0.02154	0.00775	0.00676
14	0.01915	0.02189	0.04788	0.03420	0.04241	0.02052	0.63475	0.02599	0.01915	0.02599	0.01642	0.02189	0.01231	0.00684	0.00958	0.00274	0.01368	0.00958	0.00410	0.01094
15	0.01616	0.01521	0.02476	0.56141	0.10467	0.01864	0.02190	0.02236	0.05391	0.02195	0.01539	0.02180	0.01181	0.00855	0.00914	0.00273	0.04880	0.00732	0.00392	0.00957
16	0.01354	0.00871	0.01198	0.07371	0.01698	0.00841	0.00958	0.01575	0.01707	0.09383	0.06601	0.47861	0.08270	0.02136	0.00987	0.00311	0.00557	0.04796	0.00751	0.00771
17	0.02034	0.01690	0.01807	0.01618	0.02053	0.01924	0.01256	0.11432	0.49930	0.03458	0.03267	0.10733	0.02672	0.01251	0.00848	0.00277	0.00654	0.01054	0.00816	0.01224
18	0.45885	0.01551	0.01660	0.06475	0.02069	0.01814	0.03476	0.02416	0.01501	0.08936	0.01437	0.01715	0.01108	0.00893	0.00913	0.00266	0.11547	0.00575	0.04835	0.00928

[dist]
# distance from previous block
# <min> <max>
0	1

[block]
# block no. 2 follows, 23 sequences, length 13
# corresponding to MSA columns:
# 128-140
name=unknown_C
#
# <colnr> <probs for GDERKNQSTAVLIFYWHMCP>
#	G	D	E	R	K	N	Q	S	T	A	V	L	I	F	Y	W	H	M	C	P
0	0.00989	0.00706	0.00942	0.01130	0.01177	0.00659	0.00753	0.01130	0.01554	0.02071	0.04472	0.70954	0.05367	0.02542	0.01036	0.00330	0.00471	0.02307	0.00753	0.00659
1	0.03134	0.02193	0.02386	0.01829	0.02476	0.02398	0.01511	0.58358	0.03681	0.10661	0.02060	0.02021	0.01436	0.00977	0.00812	0.00244	0.00875	0.00738	0.00829	0.01380
2	0.04872	0.04857	0.02506	0.14270	0.13875	0.04255	0.10204	0.02367	0.01810	0.09394	0.02170	0.09444	0.01906	0.01031	0.00808	0.00252	0.00888	0.03529	0.06630	0.04933
3	0.02675	0.02000	0.02229	0.06020	0.02557	0.02159	0.01461	0.40810	0.12157	0.06948	0.02099	0.02117	0.01523	0.00935	0.00787	0.00234	0.00823	0.00728	0.00751	0.10987
4	0.02086	0.47807	0.21619	0.01700	0.02513	0.07926	0.01850	0.02532	0.01718	0.02099	0.01229	0.01429	0.01038	0.00727	0.00607	0.00200	0.01006	0.00487	0.00351	0.01077
5	0.01178	0.00870	0.01105	0.01039	0.01247	0.00818	0.00781	0.01637	0.05090	0.03205	0.60152	0.06016	0.10481	0.01654	0.00951	0.00257	0.00396	0.01456	0.00883	0.00785
6	0.01842	0.02001	0.04028	0.13922	0.08131	0.02059	0.42081	0.02427	0.01780	0.02437	0.01530	0.02121	0.01190	0.00799	0.01139	0.00281	0.09914	0.00874	0.00395	0.01050
7	0.01884	0.04567	0.11790	0.12653	0.03628	0.02021	0.26061	0.09668	0.01971	0.02692	0.01772	0.07379	0.01500	0.00964	0.01047	0.00276	0.07695	0.00912	0.00461	0.01058
8	0.01017	0.00728	0.00967	0.01111	0.01183	0.00678	0.00755	0.01200	0.01683	0.02278	0.15215	0.59622	0.05767	0.02388	0.01022	0.00317	0.00455	0.02160	0.00778	0.00678
9	0.01315	0.01166	0.01720	0.09709	0.02107	0.01374	0.03971	0.01541	0.01502	0.02066	0.03174	0.37616	0.05900	0.01917	0.01461	0.00325	0.20202	0.01583	0.00579	0.00773
10	0.02348	0.01700	0.02177	0.01867	0.04381	0.01847	0.06526	0.10151	0.29285	0.15146	0.05878	0.02816	0.02268	0.01067	0.00964	0.00268	0.05785	0.00882	0.03421	0.01223
11	0.03238	0.01329	0.01778	0.01400	0.01963	0.01181	0.01143	0.03663	0.05572	0.55531	0.11237	0.03198	0.02755	0.01093	0.00835	0.00253	0.00649	0.00905	0.00981	0.01297
12	0.02540	0.01249	0.01603	0.01332	0.01784	0.01175	0.01061	0.03183	0.11993	0.35427	0.24627	0.03928	0.04007	0.01242	0.00866	0.00256	0.00578	0.01054	0.00939	0.01156

[dist]
# distance from previous block
# <min> <max>
0	6

[block]
# block no. 3 follows, 23 sequences, length 10
# corresponding to MSA columns:
# 147-156
name=unknown_D
#
# <colnr> <probs for GDERKNQSTAVLIFYWHMCP>
#	G	D	E	R	K	N	Q	S	T	A	V	L	I	F	Y	W	H	M	C	P
0	0.02019	0.01575	0.02281	0.35118	0.08617	0.01708	0.01812	0.09023	0.04899	0.09887	0.01786	0.02155	0.01318	0.00822	0.00776	0.00238	0.00907	0.00701	0.00526	0.13831
1	0.01851	0.01660	0.02215	0.12088	0.02593	0.02115	0.01639	0.10187	0.09585	0.02602	0.03806	0.05180	0.01731	0.01540	0.05358	0.00365	0.33151	0.00841	0.00512	0.00980
2	0.01957	0.01472	0.02011	0.14211	0.06073	0.01380	0.04197	0.06743	0.01911	0.09131	0.01816	0.02105	0.01387	0.00760	0.00700	0.00192	0.00747	0.00646	0.09890	0.32670
3	0.02004	0.01432	0.01715	0.01241	0.01947	0.01100	0.00999	0.02356	0.01787	0.13190	0.01731	0.01859	0.01334	0.00667	0.00636	0.00142	0.00616	0.00536	0.00567	0.64140
4	0.01512	0.01034	0.01485	0.01289	0.01596	0.00952	0.06336	0.01928	0.04191	0.10843	0.36563	0.11871	0.13910	0.01615	0.00943	0.00267	0.00529	0.01440	0.00829	0.00866
5	0.02019	0.01691	0.01850	0.01501	0.02087	0.01712	0.01189	0.10829	0.32418	0.03313	0.02401	0.02363	0.01838	0.00888	0.00735	0.00210	0.00657	0.00722	0.00688	0.30886
6	0.03100	0.01409	0.02139	0.01633	0.02228	0.01243	0.08860	0.03469	0.02269	0.50640	0.11244	0.03124	0.02653	0.01050	0.00852	0.00254	0.00734	0.00919	0.00916	0.01265
7	0.01182	0.00918	0.01237	0.01272	0.01427	0.00904	0.03441	0.01654	0.09557	0.02458	0.14616	0.48681	0.05223	0.02136	0.00993	0.00308	0.00515	0.01936	0.00772	0.00773
8	0.02261	0.01964	0.03171	0.02413	0.03010	0.09878	0.31153	0.02721	0.02024	0.16145	0.05782	0.11182	0.02248	0.01060	0.00909	0.00267	0.01068	0.01073	0.00607	0.01063
9	0.01372	0.00882	0.01164	0.01212	0.01367	0.00862	0.00869	0.04945	0.01770	0.08020	0.08396	0.47931	0.04598	0.02697	0.09385	0.00434	0.00720	0.01847	0.00749	0.00779

[dist]
# distance from previous block
# <min> <max>
6	14

[block]
# block no. 4 follows, 23 sequences, length 54
# corresponding to MSA columns:
# 171-224
name=unknown_E
#
# <colnr> <probs for GDERKNQSTAVLIFYWHMCP>
#	G	D	E	R	K	N	Q	S	T	A	V	L	I	F	Y	W	H	M	C	P
0	0.00997	0.00713	0.00949	0.01124	0.01179	0.00665	0.00754	0.01151	0.01593	0.02135	0.07779	0.67466	0.05490	0.02495	0.01031	0.00326	0.00466	0.02262	0.00761	0.00665
1	0.15470	0.02055	0.02163	0.05346	0.02480	0.02309	0.01442	0.43981	0.09477	0.04526	0.01919	0.01962	0.01390	0.00941	0.00761	0.00249	0.00833	0.00700	0.00736	0.01259
2	0.01441	0.01016	0.01222	0.01179	0.01375	0.01024	0.00847	0.06207	0.09234	0.05201	0.22858	0.24175	0.04915	0.13774	0.01494	0.00370	0.00556	0.01523	0.00774	0.00815
3	0.53612	0.01587	0.01462	0.01225	0.01769	0.01735	0.01010	0.08127	0.01813	0.18495	0.01683	0.01709	0.01185	0.00831	0.00602	0.00250	0.00666	0.00552	0.00646	0.01039
4	0.01513	0.00756	0.00756	0.00756	0.00945	0.00756	0.00567	0.01891	0.01702	0.03025	0.02647	0.03025	0.02080	0.00945	0.00567	0.00189	0.00378	0.00756	0.75988	0.00756
5	0.01710	0.01401	0.01742	0.09314	0.02319	0.01152	0.01112	0.02091	0.01741	0.05210	0.05643	0.02063	0.01633	0.00710	0.00657	0.00152	0.00648	0.00586	0.00514	0.59605
6	0.01426	0.00995	0.01223	0.01126	0.01381	0.00959	0.00854	0.06166	0.05445	0.06449	0.44377	0.11261	0.11850	0.01662	0.00940	0.00263	0.00458	0.01450	0.00865	0.00850
7	0.00985	0.00722	0.00925	0.01088	0.01166	0.00663	0.00735	0.01135	0.01594	0.02088	0.04980	0.62405	0.13588	0.02476	0.01025	0.00322	0.00463	0.02226	0.00753	0.00663
8	0.02225	0.67614	0.04127	0.01433	0.02110	0.07370	0.01400	0.02482	0.01690	0.01914	0.01136	0.01312	0.01042	0.00703	0.00534	0.00176	0.00906	0.00440	0.00352	0.01035
9	0.20253	0.02090	0.11892	0.09035	0.05917	0.03944	0.10698	0.07910	0.01950	0.08164	0.06306	0.04799	0.01789	0.00926	0.00768	0.00258	0.00917	0.00786	0.00548	0.01050
10	0.01000	0.00715	0.00952	0.01122	0.01179	0.00667	0.00754	0.01159	0.01607	0.02156	0.08865	0.66320	0.05530	0.02479	0.01030	0.00324	0.00464	0.02247	0.00763	0.00667
11	0.01032	0.00737	0.00991	0.01179	0.01245	0.00696	0.00828	0.01204	0.01596	0.02119	0.04449	0.62642	0.05273	0.02502	0.01047	0.00335	0.00508	0.10196	0.00752	0.00671
12	0.01563	0.01478	0.02472	0.63690	0.07937	0.01840	0.02241	0.02085	0.01614	0.02091	0.01428	0.02139	0.01089	0.00836	0.00898	0.00273	0.04326	0.00721	0.00362	0.00917
13	0.77215	0.01569	0.01193	0.01067	0.01569	0.01820	0.00879	0.02385	0.01381	0.03641	0.01130	0.01318	0.00879	0.00753	0.00502	0.00251	0.00628	0.00439	0.00502	0.00879
14	0.77215	0.01569	0.01193	0.01067	0.01569	0.01820	0.00879	0.02385	0.01381	0.03641	0.01130	0.01318	0.00879	0.00753	0.00502	0.00251	0.00628	0.00439	0.00502	0.00879
15	0.01006	0.00732	0.00949	0.01088	0.01174	0.00675	0.00742	0.01184	0.01676	0.02234	0.12708	0.56909	0.11157	0.02385	0.01019	0.00315	0.00454	0.02145	0.00771	0.00675
16	0.01754	0.01485	0.01721	0.01236	0.01953	0.01155	0.00991	0.05195	0.01792	0.02770	0.01468	0.01696	0.01211	0.00620	0.00612	0.00126	0.00616	0.00494	0.00498	0.72608
17	0.01199	0.00807	0.01066	0.01082	0.01237	0.00744	0.00780	0.01486	0.02013	0.05663	0.39597	0.30782	0.06525	0.01968	0.00981	0.00284	0.00430	0.01760	0.00845	0.00752
18	0.45071	0.01714	0.04519	0.09302	0.02260	0.01858	0.01257	0.07975	0.04933	0.05815	0.01502	0.01724	0.01136	0.00847	0.00711	0.00257	0.03994	0.00570	0.03579	0.00976
19	0.66459	0.01561	0.01325	0.05486	0.01868	0.01803	0.00995	0.02505	0.04057	0.05949	0.01319	0.01498	0.01001	0.00781	0.00547	0.00253	0.00660	0.00492	0.00526	0.00916
20	0.01022	0.00824	0.00909	0.00888	0.01134	0.00712	0.00666	0.01286	0.01998	0.02543	0.27336	0.07231	0.46757	0.01924	0.00958	0.00268	0.00402	0.01631	0.00800	0.00712
21	0.02018	0.01743	0.01835	0.01651	0.02110	0.02018	0.01284	0.04312	0.64956	0.03394	0.03303	0.03027	0.02477	0.01101	0.00826	0.00275	0.00642	0.00917	0.00826	0.01284
22	0.01627	0.04197	0.67279	0.02313	0.03512	0.01884	0.02998	0.02570	0.01713	0.02570	0.01456	0.01713	0.01028	0.00771	0.00771	0.00257	0.01199	0.00600	0.00343	0.01199
23	0.00989	0.00706	0.00942	0.01130	0.01177	0.00659	0.00753	0.01130	0.01554	0.02071	0.04472	0.70954	0.05367	0.02542	0.01036	0.00330	0.00471	0.02307	0.00753	0.00659
24	0.03209	0.01749	0.02066	0.01598	0.02191	0.01772	0.01303	0.31237	0.02927	0.33863	0.02579	0.02570	0.01787	0.06023	0.01051	0.00286	0.00790	0.00803	0.00879	0.01317
25	0.77215	0.01569	0.01193	0.01067	0.01569	0.01820	0.00879	0.02385	0.01381	0.03641	0.01130	0.01318	0.00879	0.00753	0.00502	0.00251	0.00628	0.00439	0.00502	0.00879
26	0.01652	0.03761	0.55951	0.02259	0.03381	0.01805	0.06639	0.02513	0.01723	0.02580	0.01466	0.01740	0.01060	0.00746	0.00764	0.00243	0.01143	0.00609	0.00362	0.09601
27	0.03085	0.02273	0.02435	0.01867	0.02516	0.02516	0.01542	0.63716	0.03815	0.05114	0.01948	0.01948	0.01380	0.00974	0.00812	0.00244	0.00893	0.00731	0.00812	0.01380
28	0.54407	0.01580	0.01449	0.01216	0.01759	0.01728	0.01003	0.07487	0.01788	0.18460	0.01674	0.01702	0.01180	0.00829	0.00599	0.00250	0.00663	0.00549	0.00643	0.01034
29	0.03433	0.01423	0.01877	0.01459	0.02063	0.01285	0.01198	0.06773	0.05760	0.58176	0.05509	0.02861	0.02216	0.01033	0.00822	0.00252	0.00686	0.00842	0.00981	0.01353
30	0.77215	0.01569	0.01193	0.01067	0.01569	0.01820	0.00879	0.02385	0.01381	0.03641	0.01130	0.01318	0.00879	0.00753	0.00502	0.00251	0.00628	0.00439	0.00502	0.00879
31	0.02008	0.01928	0.03294	0.04981	0.66422	0.01928	0.02490	0.02490	0.01848	0.02651	0.01526	0.02008	0.01285	0.00723	0.00803	0.00241	0.00964	0.00723	0.00402	0.01285
32	0.02018	0.01743	0.01835	0.01651	0.02110	0.02018	0.01284	0.04312	0.64956	0.03394	0.03303	0.03027	0.02477	0.01101	0.00826	0.00275	0.00642	0.00917	0.00826	0.01284
33	0.01915	0.02189	0.04788	0.03420	0.04241	0.02052	0.63475	0.02599	0.01915	0.02599	0.01642	0.02189	0.01231	0.00684	0.00958	0.00274	0.01368	0.00958	0.00410	0.01094
34	0.01042	0.00738	0.00929	0.01049	0.01103	0.00697	0.00683	0.01165	0.01517	0.02019	0.07499	0.48268	0.07947	0.19305	0.01783	0.00434	0.00540	0.01957	0.00697	0.00625
35	0.37572	0.01416	0.01468	0.01211	0.01744	0.01447	0.00994	0.03053	0.01834	0.32224	0.02194	0.02115	0.01491	0.00883	0.00650	0.00246	0.00635	0.00636	0.07094	0.01095
36	0.00989	0.00706	0.00942	0.01130	0.01177	0.00659	0.00753	0.01130	0.01554	0.02071	0.04472	0.70954	0.05367	0.02542	0.01036	0.00330	0.00471	0.02307	0.00753	0.00659
37	0.01915	0.02189	0.04788	0.03420	0.04241	0.02052	0.63475	0.02599	0.01915	0.02599	0.01642	0.02189	0.01231	0.00684	0.00958	0.00274	0.01368	0.00958	0.00410	0.01094
38	0.01008	0.00722	0.00939	0.01095	0.01154	0.00674	0.00730	0.01153	0.01572	0.02094	0.07249	0.60805	0.07747	0.07406	0.01250	0.00357	0.00487	0.02165	0.00741	0.00653
39	0.01914	0.01144	0.01185	0.01040	0.01347	0.01206	0.00816	0.17685	0.02242	0.03559	0.02468	0.02750	0.01901	0.00953	0.00630	0.00203	0.00510	0.00750	0.56783	0.00916
40	0.00989	0.00706	0.00942	0.01130	0.01177	0.00659	0.00753	0.01130	0.01554	0.02071	0.04472	0.70954	0.05367	0.02542	0.01036	0.00330	0.00471	0.02307	0.00753	0.00659
41	0.02800	0.02049	0.02186	0.01720	0.02299	0.02268	0.01407	0.50754	0.09770	0.04705	0.02164	0.02178	0.01570	0.00984	0.00786	0.00241	0.00810	0.00752	0.09259	0.01300
42	0.01269	0.00856	0.01123	0.01041	0.01254	0.00786	0.00786	0.01648	0.02298	0.06336	0.62957	0.05902	0.07383	0.01627	0.00950	0.00255	0.00398	0.01436	0.00899	0.00795
43	0.01915	0.02189	0.04788	0.03420	0.04241	0.02052	0.63475	0.02599	0.01915	0.02599	0.01642	0.02189	0.01231	0.00684	0.00958	0.00274	0.01368	0.00958	0.00410	0.01094
44	0.01152	0.00862	0.01288	0.01296	0.01437	0.00999	0.01003	0.01435	0.01315	0.01892	0.02274	0.06150	0.02174	0.05931	0.65328	0.01261	0.02099	0.00932	0.00449	0.00722
45	0.01783	0.06518	0.01902	0.01247	0.01962	0.01301	0.01019	0.04979	0.01781	0.02708	0.01444	0.01668	0.01199	0.00625	0.00605	0.00130	0.00634	0.00489	0.00487	0.67520
46	0.01791	0.01448	0.02185	0.11178	0.02681	0.01446	0.11638	0.02593	0.14279	0.08654	0.14421	0.08375	0.03054	0.01129	0.00854	0.00251	0.00761	0.01038	0.00667	0.11558
47	0.01758	0.07535	0.37429	0.04902	0.03410	0.01875	0.17018	0.02496	0.01801	0.05075	0.04904	0.04760	0.01619	0.00869	0.00822	0.00259	0.01125	0.00797	0.00429	0.01117
48	0.01608	0.01541	0.02042	0.01824	0.01897	0.05056	0.01485	0.01828	0.01315	0.01929	0.01482	0.02280	0.01419	0.03110	0.26719	0.00697	0.41790	0.00760	0.00387	0.00830
49	0.70973	0.01559	0.01295	0.06713	0.01901	0.01819	0.00992	0.02359	0.01401	0.03511	0.01156	0.01388	0.00895	0.00758	0.00528	0.00253	0.00665	0.00463	0.00490	0.00881
50	0.77215	0.01569	0.01193	0.01067	0.01569	0.01820	0.00879	0.02385	0.01381	0.03641	0.01130	0.01318	0.00879	0.00753	0.00502	0.00251	0.00628	0.00439	0.00502	0.00879
51	0.00989	0.00706	0.00942	0.01130	0.01177	0.00659	0.00753	0.01130	0.01554	0.02071	0.04472	0.70954	0.05367	0.02542	0.01036	0.00330	0.00471	0.02307	0.00753	0.00659
52	0.31096	0.12195	0.02184	0.01553	0.02094	0.19095	0.01275	0.16411	0.02200	0.03307	0.01345	0.01495	0.01057	0.00816	0.00633	0.00228	0.00934	0.00525	0.00529	0.01030
53	0.03224	0.02049	0.02297	0.01761	0.02405	0.02185	0.01455	0.48743	0.03441	0.20615	0.02262	0.02152	0.01537	0.00982	0.00813	0.00245	0.00842	0.00752	0.00860	0.01380

[dist]
# distance from previous block
# <min> <max>
0	23

[block]
# block no. 5 follows, 23 sequences, length 36
# corresponding to MSA columns:
# 248-283
name=unknown_F
#
# <colnr> <probs for GDERKNQSTAVLIFYWHMCP>
#	G	D	E	R	K	N	Q	S	T	A	V	L	I	F	Y	W	H	M	C	P
0	0.77215	0.01569	0.01193	0.01067	0.01569	0.01820	0.00879	0.02385	0.01381	0.03641	0.01130	0.01318	0.00879	0.00753	0.00502	0.00251	0.00628	0.00439	0.00502	0.00879
1	0.03641	0.01381	0.01883	0.01444	0.02071	0.01193	0.01193	0.03954	0.02322	0.66984	0.03201	0.02762	0.02009	0.01004	0.00816	0.00251	0.00690	0.00816	0.01004	0.01381
2	0.01117	0.00804	0.01060	0.01068	0.01224	0.00747	0.00786	0.01440	0.02098	0.02931	0.48410	0.21928	0.06972	0.01898	0.00983	0.00278	0.00420	0.04244	0.00853	0.00739
3	0.01164	0.00852	0.01214	0.01214	0.01328	0.00965	0.00902	0.01391	0.01277	0.01817	0.02256	0.03643	0.02226	0.20120	0.54504	0.01193	0.01876	0.00936	0.00447	0.00675
4	0.01012	0.00824	0.00895	0.00877	0.01128	0.00707	0.00658	0.01267	0.01974	0.02488	0.24337	0.07321	0.49791	0.01944	0.00958	0.00269	0.00403	0.01644	0.00792	0.00707
5	0.01590	0.00831	0.00839	0.00811	0.01022	0.00843	0.00615	0.04920	0.01805	0.03127	0.02613	0.02972	0.02045	0.00947	0.00579	0.00192	0.00403	0.00755	0.72304	0.00787
6	0.02018	0.01743	0.01835	0.01651	0.02110	0.02018	0.01284	0.04312	0.64956	0.03394	0.03303	0.03027	0.02477	0.01101	0.00826	0.00275	0.00642	0.00917	0.00826	0.01284
7	0.01627	0.04197	0.67279	0.02313	0.03512	0.01884	0.02998	0.02570	0.01713	0.02570	0.01456	0.01713	0.01028	0.00771	0.00771	0.00257	0.01199	0.00600	0.00343	0.01199
8	0.07238	0.62425	0.03909	0.01417	0.02079	0.07747	0.01367	0.02484	0.01677	0.02030	0.01137	0.01314	0.01031	0.00708	0.00534	0.00181	0.00894	0.00441	0.00363	0.01023
9	0.02582	0.01990	0.02269	0.01766	0.02375	0.02111	0.04101	0.41949	0.09195	0.04267	0.02162	0.06678	0.01722	0.01024	0.00803	0.00236	0.00818	0.00828	0.00743	0.12382
10	0.01180	0.00787	0.00885	0.00885	0.00885	0.00787	0.00492	0.01180	0.01180	0.01573	0.02557	0.05310	0.02950	0.71483	0.04130	0.00787	0.00787	0.01180	0.00492	0.00492
11	0.01683	0.01442	0.01683	0.01202	0.01923	0.01082	0.00961	0.02043	0.01683	0.02644	0.01442	0.01683	0.01202	0.00601	0.00601	0.00120	0.00601	0.00481	0.00481	0.76444
12	0.01243	0.01001	0.01051	0.00974	0.01284	0.00920	0.00748	0.08906	0.02143	0.02675	0.14134	0.06885	0.51365	0.01876	0.00941	0.00268	0.00467	0.01563	0.00777	0.00780
13	0.01797	0.01689	0.02744	0.30320	0.33452	0.01827	0.02212	0.02415	0.05957	0.02469	0.01606	0.02116	0.01278	0.00775	0.00794	0.00247	0.00965	0.00719	0.00419	0.06200
14	0.01532	0.01442	0.02434	0.69533	0.05589	0.01803	0.02253	0.02073	0.01622	0.02073	0.01442	0.02163	0.01082	0.00811	0.00811	0.00270	0.01082	0.00721	0.00361	0.00901
15	0.00989	0.00706	0.00942	0.01130	0.01177	0.00659	0.00753	0.01130	0.01554	0.02071	0.04472	0.70954	0.05367	0.02542	0.01036	0.00330	0.00471	0.02307	0.00753	0.00659
16	0.01727	0.01824	0.03632	0.25765	0.04404	0.01920	0.35201	0.02309	0.01739	0.02338	0.01579	0.02225	0.01225	0.01126	0.05488	0.00346	0.04907	0.00858	0.00392	0.00993
17	0.01915	0.02189	0.04788	0.03420	0.04241	0.02052	0.63475	0.02599	0.01915	0.02599	0.01642	0.02189	0.01231	0.00684	0.00958	0.00274	0.01368	0.00958	0.00410	0.01094
18	0.01023	0.00731	0.00981	0.01170	0.01232	0.00689	0.00814	0.01190	0.01588	0.02110	0.04453	0.64219	0.05291	0.02509	0.01045	0.00334	0.00501	0.08699	0.00753	0.00669
19	0.00972	0.00823	0.00841	0.00836	0.01104	0.00691	0.00627	0.01191	0.01881	0.02268	0.12334	0.07685	0.61932	0.02027	0.00959	0.00273	0.00409	0.01695	0.00763	0.00691
20	0.06279	0.01777	0.02084	0.15028	0.02856	0.02007	0.01507	0.22865	0.21695	0.08588	0.05206	0.02535	0.01961	0.01002	0.00807	0.00260	0.00801	0.00810	0.00729	0.01203
21	0.11371	0.07856	0.32619	0.02241	0.03110	0.01892	0.17111	0.02402	0.01699	0.02619	0.01731	0.08518	0.01483	0.00915	0.00790	0.00261	0.01072	0.00821	0.00420	0.01069
22	0.01915	0.02189	0.04788	0.03420	0.04241	0.02052	0.63475	0.02599	0.01915	0.02599	0.01642	0.02189	0.01231	0.00684	0.00958	0.00274	0.01368	0.00958	0.00410	0.01094
23	0.02482	0.01754	0.02029	0.04503	0.02306	0.01795	0.01314	0.30515	0.05071	0.10872	0.05359	0.02330	0.01810	0.01290	0.05575	0.00295	0.00867	0.00738	0.00716	0.18378
24	0.01520	0.01209	0.01723	0.29729	0.03100	0.01390	0.01428	0.05919	0.01876	0.02629	0.14722	0.03487	0.05386	0.05856	0.01113	0.00291	0.03879	0.00946	0.12951	0.00845
25	0.01011	0.00722	0.00968	0.01156	0.01213	0.00679	0.00793	0.01169	0.01576	0.02097	0.04460	0.66553	0.05317	0.02521	0.01042	0.00333	0.00490	0.06483	0.00753	0.00665
26	0.01563	0.01474	0.02489	0.65349	0.09531	0.01811	0.02269	0.02100	0.01637	0.02111	0.01448	0.02153	0.01095	0.00806	0.00811	0.00269	0.01074	0.00721	0.00363	0.00926
27	0.02666	0.01953	0.02442	0.01842	0.02510	0.01982	0.08338	0.33245	0.07071	0.11671	0.02053	0.02092	0.01476	0.00878	0.00787	0.00225	0.00846	0.00729	0.00724	0.16469
28	0.02107	0.56951	0.13240	0.01577	0.02307	0.05382	0.01643	0.02461	0.01666	0.02009	0.01178	0.01385	0.01040	0.00738	0.00647	0.00194	0.03596	0.00472	0.00349	0.01055
29	0.01132	0.00798	0.01024	0.01020	0.01183	0.00740	0.00745	0.01457	0.02086	0.02952	0.46885	0.19598	0.08878	0.01813	0.00948	0.00267	0.00402	0.01607	0.05726	0.00740
30	0.01683	0.01442	0.01683	0.01202	0.01923	0.01082	0.00961	0.02043	0.01683	0.02644	0.01442	0.01683	0.01202	0.00601	0.00601	0.00120	0.00601	0.00481	0.00481	0.76444
31	0.01837	0.01874	0.10598	0.01727	0.05195	0.01372	0.05652	0.05014	0.04445	0.06092	0.01857	0.06531	0.01568	0.00824	0.00716	0.00187	0.00759	0.00710	0.00529	0.42513
32	0.02936	0.17774	0.02718	0.01674	0.02292	0.02360	0.01438	0.32398	0.02832	0.18752	0.02008	0.01984	0.01434	0.00943	0.00850	0.00236	0.04685	0.00682	0.00727	0.01276
33	0.01144	0.00928	0.01480	0.01410	0.01589	0.00865	0.09050	0.01407	0.01755	0.02386	0.16843	0.48417	0.05294	0.02113	0.01009	0.00307	0.00571	0.01954	0.00737	0.00739
34	0.01179	0.01044	0.01096	0.05422	0.01528	0.03813	0.00832	0.01549	0.05427	0.02411	0.16525	0.09223	0.43381	0.01823	0.00935	0.00270	0.00511	0.01536	0.00740	0.00756
35	0.08245	0.05780	0.02279	0.17786	0.02978	0.05559	0.01581	0.20688	0.06487	0.03243	0.01672	0.01965	0.01288	0.00923	0.00936	0.00248	0.08049	0.00672	0.03456	0.06165

[dist]
# distance from previous block
# <min> <max>
0	1

[block]
# block no. 6 follows, 23 sequences, length 86
# corresponding to MSA columns:
# 285-370
name=unknown_G
#
# <colnr> <probs for GDERKNQSTAVLIFYWHMCP>
#	G	D	E	R	K	N	Q	S	T	A	V	L	I	F	Y	W	H	M	C	P
0	0.01134	0.00929	0.01303	0.01474	0.06312	0.00869	0.03876	0.01405	0.03510	0.02209	0.04987	0.45098	0.19503	0.02154	0.00989	0.00305	0.00542	0.01937	0.00712	0.00752
1	0.01801	0.01807	0.02614	0.35844	0.07071	0.09343	0.10663	0.02274	0.01735	0.02266	0.01539	0.02115	0.01204	0.00838	0.00919	0.00255	0.05812	0.00726	0.07373	0.03801
2	0.01165	0.00781	0.00889	0.00904	0.00907	0.00777	0.00512	0.01176	0.01209	0.01611	0.02703	0.10321	0.03134	0.66221	0.03894	0.00752	0.00763	0.01266	0.00512	0.00504
3	0.08871	0.02218	0.02338	0.01805	0.02442	0.02462	0.01490	0.58929	0.03625	0.04999	0.01884	0.01899	0.01341	0.00957	0.00788	0.00244	0.00872	0.00708	0.00788	0.01341
4	0.02169	0.71972	0.04252	0.01388	0.02083	0.03211	0.01388	0.02430	0.01649	0.01909	0.01128	0.01302	0.01041	0.00694	0.00521	0.00174	0.00868	0.00434	0.00347	0.01041
5	0.02253	0.02607	0.02647	0.17163	0.03279	0.29321	0.08470	0.02579	0.01834	0.02063	0.01289	0.01778	0.01079	0.00966	0.01275	0.00267	0.19147	0.00662	0.00388	0.00935
6	0.01035	0.00825	0.00927	0.00902	0.01143	0.00717	0.00676	0.01311	0.02029	0.02617	0.31365	0.07109	0.42682	0.01896	0.00958	0.00266	0.00400	0.01614	0.00809	0.00717
7	0.01161	0.00863	0.01272	0.01272	0.01406	0.00997	0.00974	0.01428	0.01295	0.01860	0.02203	0.03350	0.02099	0.11078	0.63372	0.01265	0.02068	0.00893	0.00439	0.00707
8	0.01030	0.00825	0.00921	0.00897	0.01140	0.00715	0.00673	0.01302	0.02018	0.02591	0.29945	0.07152	0.44118	0.01906	0.00958	0.00267	0.00400	0.01620	0.00806	0.00715
9	0.01627	0.04197	0.67279	0.02313	0.03512	0.01884	0.02998	0.02570	0.01713	0.02570	0.01456	0.01713	0.01028	0.00771	0.00771	0.00257	0.01199	0.00600	0.00343	0.01199
10	0.01775	0.01775	0.02485	0.02130	0.02130	0.02485	0.01775	0.01953	0.01243	0.01953	0.01065	0.01775	0.01065	0.01420	0.02663	0.00355	0.69998	0.00710	0.00355	0.00888
11	0.03037	0.01455	0.01827	0.01475	0.02029	0.01402	0.01193	0.05693	0.17676	0.44675	0.07981	0.03054	0.02535	0.01077	0.00829	0.00257	0.00661	0.00888	0.00946	0.01310
12	0.03479	0.01423	0.01887	0.01456	0.02064	0.01273	0.01199	0.08400	0.02435	0.59204	0.06117	0.02858	0.02231	0.01033	0.00822	0.00251	0.00691	0.00841	0.00984	0.01351
13	0.02169	0.71972	0.04252	0.01388	0.02083	0.03211	0.01388	0.02430	0.01649	0.01909	0.01128	0.01302	0.01041	0.00694	0.00521	0.00174	0.00868	0.00434	0.00347	0.01041
14	0.00989	0.00706	0.00942	0.01130	0.01177	0.00659	0.00753	0.01130	0.01554	0.02071	0.04472	0.70954	0.05367	0.02542	0.01036	0.00330	0.00471	0.02307	0.00753	0.00659
15	0.14357	0.26943	0.19097	0.01617	0.02380	0.02298	0.01688	0.05455	0.06734	0.10033	0.01653	0.01737	0.01249	0.00802	0.00651	0.00227	0.00876	0.00571	0.00504	0.01127
16	0.03169	0.01918	0.02193	0.01691	0.02311	0.02008	0.01393	0.41576	0.03264	0.24844	0.05435	0.02407	0.01884	0.01017	0.00820	0.00247	0.00803	0.00793	0.00877	0.01351
17	0.00989	0.00706	0.00942	0.01130	0.01177	0.00659	0.00753	0.01130	0.01554	0.02071	0.04472	0.70954	0.05367	0.02542	0.01036	0.00330	0.00471	0.02307	0.00753	0.00659
18	0.01826	0.02221	0.09306	0.03228	0.06704	0.01927	0.51265	0.02480	0.01869	0.02559	0.01838	0.07393	0.01533	0.00834	0.00942	0.00275	0.01268	0.01022	0.00431	0.01078
19	0.02269	0.01472	0.04159	0.04211	0.02029	0.01399	0.01214	0.12210	0.10619	0.20736	0.25887	0.03815	0.03966	0.01235	0.00866	0.00256	0.00638	0.01043	0.00859	0.01116
20	0.01513	0.00756	0.00756	0.00756	0.00945	0.00756	0.00567	0.01891	0.01702	0.03025	0.02647	0.03025	0.02080	0.00945	0.00567	0.00189	0.00378	0.00756	0.75988	0.00756
21	0.01022	0.00749	0.00960	0.01066	0.01175	0.00687	0.00739	0.01228	0.01764	0.02361	0.19246	0.47937	0.13524	0.02276	0.01008	0.00305	0.00443	0.02037	0.00786	0.00687
22	0.02789	0.02122	0.02337	0.07113	0.02690	0.02379	0.01556	0.49216	0.13616	0.04596	0.02130	0.02141	0.01536	0.00982	0.00814	0.00251	0.00867	0.00760	0.00779	0.01327
23	0.01684	0.01709	0.03295	0.40192	0.04847	0.01855	0.26521	0.02274	0.01742	0.02325	0.01575	0.02212	0.01185	0.00767	0.00859	0.00268	0.01164	0.00817	0.03737	0.00972
24	0.01532	0.01442	0.02434	0.69533	0.05589	0.01803	0.02253	0.02073	0.01622	0.02073	0.01442	0.02163	0.01082	0.00811	0.00811	0.00270	0.01082	0.00721	0.00361	0.00901
25	0.01802	0.00970	0.01290	0.01137	0.01438	0.00874	0.00878	0.02156	0.02273	0.20078	0.46842	0.07854	0.06067	0.01522	0.00923	0.00257	0.00468	0.01329	0.00917	0.00924
26	0.01702	0.01393	0.01761	0.11659	0.02436	0.01173	0.01154	0.02090	0.01748	0.05350	0.06445	0.02137	0.01711	0.00731	0.00669	0.00159	0.00662	0.00607	0.00516	0.55897
27	0.01064	0.00802	0.00992	0.01084	0.01224	0.00749	0.00771	0.01356	0.04355	0.02361	0.15427	0.41944	0.18111	0.02224	0.01001	0.00305	0.00462	0.04277	0.00779	0.00711
28	0.00989	0.00706	0.00942	0.01130	0.01177	0.00659	0.00753	0.01130	0.01554	0.02071	0.04472	0.70954	0.05367	0.02542	0.01036	0.00330	0.00471	0.02307	0.00753	0.00659
29	0.00989	0.00706	0.00942	0.01130	0.01177	0.00659	0.00753	0.01130	0.01554	0.02071	0.04472	0.70954	0.05367	0.02542	0.01036	0.00330	0.00471	0.02307	0.00753	0.00659
30	0.06473	0.01869	0.07338	0.01889	0.07617	0.01646	0.01513	0.17603	0.02541	0.39227	0.02538	0.02361	0.01673	0.00944	0.00796	0.00249	0.00798	0.00754	0.00834	0.01336
31	0.01687	0.01578	0.02847	0.54625	0.05200	0.01825	0.13518	0.02245	0.01704	0.04742	0.01549	0.02192	0.01146	0.00795	0.00838	0.00270	0.01119	0.00769	0.00395	0.00956
32	0.65549	0.01576	0.01388	0.06377	0.01920	0.01871	0.01054	0.02328	0.01389	0.03389	0.01149	0.01418	0.00909	0.00810	0.00694	0.00261	0.06077	0.00482	0.00480	0.00881
33	0.01103	0.00806	0.01070	0.04082	0.01424	0.00789	0.00852	0.03903	0.01655	0.02204	0.04233	0.65004	0.05010	0.02400	0.01016	0.00323	0.00515	0.02170	0.00739	0.00701
34	0.01385	0.00882	0.01160	0.01061	0.01294	0.00806	0.00806	0.01761	0.02299	0.09291	0.60045	0.05749	0.07121	0.01597	0.00944	0.00255	0.00412	0.01406	0.00904	0.00824
35	0.01546	0.01468	0.02517	0.67207	0.05541	0.01812	0.04408	0.02092	0.01633	0.02092	0.01449	0.02164	0.01087	0.00807	0.00816	0.00271	0.01092	0.00729	0.00362	0.00908
36	0.01004	0.00712	0.00937	0.01111	0.01154	0.00669	0.00733	0.01134	0.01524	0.02032	0.04323	0.65830	0.05178	0.07923	0.01277	0.00365	0.00495	0.02219	0.00733	0.00646
37	0.01090	0.00806	0.01018	0.01008	0.01188	0.00734	0.00740	0.01402	0.02095	0.02876	0.45952	0.17792	0.16541	0.01878	0.00971	0.00271	0.00403	0.01655	0.00846	0.00734
38	0.01343	0.00872	0.01147	0.01054	0.01279	0.00799	0.00799	0.01720	0.02299	0.08228	0.61093	0.05804	0.07215	0.01608	0.00946	0.00255	0.00407	0.01417	0.00902	0.00814
39	0.01108	0.00804	0.01044	0.01034	0.01200	0.00740	0.00756	0.01434	0.02126	0.02967	0.50971	0.19279	0.09786	0.01855	0.00973	0.00271	0.00402	0.01648	0.00859	0.00740
40	0.02169	0.71972	0.04252	0.01388	0.02083	0.03211	0.01388	0.02430	0.01649	0.01909	0.01128	0.01302	0.01041	0.00694	0.00521	0.00174	0.00868	0.00434	0.00347	0.01041
41	0.03085	0.02273	0.02435	0.01867	0.02516	0.02516	0.01542	0.63716	0.03815	0.05114	0.01948	0.01948	0.01380	0.00974	0.00812	0.00244	0.00893	0.00731	0.00812	0.01380
42	0.01141	0.00824	0.01078	0.01026	0.01211	0.00761	0.00765	0.01513	0.02262	0.03199	0.63130	0.09082	0.07550	0.01700	0.00961	0.00259	0.00387	0.01507	0.00887	0.00761
43	0.03569	0.01397	0.01881	0.01453	0.02073	0.01229	0.01197	0.03970	0.05078	0.64186	0.03206	0.02774	0.02029	0.01009	0.00816	0.00252	0.00688	0.00820	0.00996	0.01377
44	0.06786	0.01498	0.01920	0.01479	0.02104	0.01382	0.01222	0.11197	0.02464	0.56648	0.02957	0.02599	0.01882	0.00990	0.00802	0.00250	0.00712	0.00789	0.00959	0.01359
45	0.00989	0.00706	0.00942	0.01130	0.01177	0.00659	0.00753	0.01130	0.01554	0.02071	0.04472	0.70954	0.05367	0.02542	0.01036	0.00330	0.00471	0.02307	0.00753	0.00659
46	0.01180	0.00787	0.00885	0.00885	0.00885	0.00787	0.00492	0.01180	0.01180	0.01573	0.02557	0.05310	0.02950	0.71483	0.04130	0.00787	0.00787	0.01180	0.00492	0.00492
47	0.01532	0.01442	0.02434	0.69533	0.05589	0.01803	0.02253	0.02073	0.01622	0.02073	0.01442	0.02163	0.01082	0.00811	0.00811	0.00270	0.01082	0.00721	0.00361	0.00901
48	0.02644	0.01891	0.01944	0.01561	0.02070	0.04857	0.01264	0.40404	0.05527	0.06460	0.02198	0.02281	0.01614	0.00966	0.00744	0.00229	0.00765	0.00738	0.20649	0.01192
49	0.01666	0.06626	0.60916	0.02348	0.03504	0.01945	0.06794	0.02566	0.01724	0.02547	0.01456	0.01728	0.01041	0.00762	0.00773	0.00255	0.01197	0.00616	0.00347	0.01187
50	0.01180	0.00787	0.00885	0.00885	0.00885	0.00787	0.00492	0.01180	0.01180	0.01573	0.02557	0.05310	0.02950	0.71483	0.04130	0.00787	0.00787	0.01180	0.00492	0.00492
51	0.07710	0.02156	0.08801	0.08309	0.03867	0.01947	0.43676	0.02565	0.04858	0.02654	0.01758	0.04717	0.01392	0.00796	0.00893	0.00273	0.01205	0.00920	0.00441	0.01063
52	0.03212	0.01348	0.01792	0.01408	0.01991	0.01175	0.01143	0.03594	0.04692	0.54212	0.03163	0.08008	0.02224	0.01096	0.00816	0.00248	0.00664	0.00909	0.00935	0.07371
53	0.02397	0.44292	0.11632	0.01601	0.02345	0.02746	0.01604	0.14346	0.02128	0.07927	0.01496	0.01597	0.01184	0.00783	0.00632	0.00204	0.00900	0.00543	0.00490	0.01154
54	0.01920	0.40832	0.33211	0.01813	0.02739	0.02601	0.02128	0.02494	0.01678	0.02213	0.01279	0.01491	0.01035	0.00729	0.00636	0.00212	0.01020	0.00510	0.00345	0.01114
55	0.07629	0.01041	0.01332	0.01208	0.01418	0.01063	0.00885	0.04914	0.06634	0.12623	0.01861	0.02449	0.01553	0.02138	0.02280	0.48334	0.00701	0.00721	0.00531	0.00686
56	0.01194	0.00927	0.01285	0.04272	0.01599	0.00897	0.03789	0.04349	0.01852	0.02467	0.14628	0.40918	0.11919	0.02090	0.00994	0.00304	0.00551	0.04473	0.00745	0.00749
57	0.01644	0.03820	0.57135	0.07536	0.03731	0.01892	0.07968	0.02534	0.01723	0.02534	0.01471	0.01787	0.01049	0.00767	0.00790	0.00259	0.01204	0.00639	0.00350	0.01168
58	0.01570	0.01480	0.02501	0.64495	0.10337	0.01813	0.02272	0.02106	0.01640	0.02118	0.01449	0.02151	0.01098	0.00804	0.00811	0.00268	0.01072	0.00721	0.00364	0.00931
59	0.02917	0.02617	0.02146	0.01845	0.02308	0.30401	0.01443	0.08522	0.12894	0.18192	0.02113	0.02104	0.01548	0.00977	0.00922	0.00244	0.06323	0.00692	0.00656	0.01137
60	0.01696	0.01609	0.02730	0.47324	0.26518	0.01846	0.02335	0.02217	0.01700	0.02272	0.01471	0.02110	0.01152	0.00781	0.00809	0.00260	0.01041	0.00722	0.00375	0.01033
61	0.01857	0.02029	0.03961	0.05246	0.03602	0.02184	0.41372	0.02372	0.01687	0.02372	0.01448	0.02054	0.01172	0.00927	0.01506	0.00300	0.23631	0.00869	0.00391	0.01021
62	0.01035	0.00748	0.00989	0.01165	0.01248	0.00702	0.00828	0.01215	0.01620	0.02133	0.04685	0.57585	0.09134	0.02466	0.01044	0.00333	0.00509	0.11135	0.00752	0.00674
63	0.01089	0.00781	0.01014	0.01157	0.01238	0.00746	0.00789	0.03902	0.01689	0.02262	0.07325	0.64792	0.05302	0.02431	0.01022	0.00322	0.00485	0.02197	0.00763	0.00696
64	0.02709	0.01621	0.01871	0.05872	0.02288	0.04660	0.01289	0.03821	0.27341	0.31480	0.03261	0.02993	0.04931	0.01069	0.00822	0.00261	0.00720	0.00877	0.00853	0.01260
65	0.01122	0.00771	0.00934	0.00976	0.01020	0.00748	0.00610	0.01224	0.01469	0.01990	0.13594	0.23702	0.04402	0.40736	0.02744	0.00571	0.00632	0.01541	0.00631	0.00584
66	0.07920	0.02056	0.02250	0.01735	0.02370	0.02217	0.01433	0.48311	0.03373	0.16919	0.02137	0.02064	0.01469	0.00966	0.00793	0.00245	0.00837	0.00728	0.00829	0.01348
67	0.03161	0.02134	0.02284	0.01777	0.02403	0.05360	0.01457	0.45427	0.05839	0.18390	0.02242	0.02145	0.01544	0.00979	0.00809	0.00245	0.00866	0.00747	0.00835	0.01355
68	0.02185	0.01599	0.01878	0.01819	0.06157	0.01746	0.01363	0.06367	0.39327	0.12373	0.03271	0.03840	0.02630	0.01237	0.00869	0.00284	0.00697	0.10328	0.00811	0.01218
69	0.00995	0.00711	0.00948	0.01125	0.01178	0.00664	0.00754	0.01147	0.01585	0.02122	0.07099	0.68183	0.05464	0.02504	0.01032	0.00326	0.00467	0.02271	0.00759	0.00664
70	0.01764	0.01784	0.02737	0.09792	0.02752	0.02361	0.08736	0.02039	0.01360	0.02039	0.01172	0.01865	0.01086	0.01270	0.02265	0.00336	0.54629	0.00739	0.00362	0.00912
71	0.01651	0.01625	0.02647	0.33224	0.03909	0.02061	0.08341	0.02053	0.01490	0.02072	0.01347	0.02059	0.01133	0.01271	0.04541	0.00350	0.28205	0.00748	0.00367	0.00908
72	0.00986	0.00715	0.00932	0.01106	0.01171	0.00661	0.00743	0.01132	0.01576	0.02081	0.04758	0.66133	0.10002	0.02505	0.01030	0.00325	0.00466	0.02261	0.00753	0.00661
73	0.02894	0.02121	0.02266	0.01767	0.02368	0.02347	0.01450	0.55102	0.07550	0.04841	0.02089	0.02101	0.01505	0.00980	0.00794	0.00241	0.00837	0.00744	0.06680	0.01325
74	0.01852	0.01862	0.03137	0.15434	0.03428	0.02231	0.19653	0.06102	0.01674	0.02364	0.01360	0.01980	0.01136	0.01062	0.01697	0.00308	0.32551	0.00785	0.00401	0.00981
75	0.02013	0.07540	0.29945	0.02314	0.03181	0.07088	0.14411	0.08158	0.12027	0.02839	0.01793	0.01992	0.01331	0.00824	0.00801	0.00253	0.01117	0.00716	0.00479	0.01178
76	0.01197	0.00849	0.01065	0.01051	0.01092	0.00917	0.00689	0.01286	0.01217	0.01675	0.02391	0.04575	0.02617	0.50364	0.22103	0.00915	0.03878	0.01074	0.00470	0.00573
77	0.06318	0.05582	0.02205	0.01777	0.02268	0.22677	0.01413	0.19261	0.13668	0.07998	0.01978	0.02024	0.01491	0.00951	0.00833	0.00239	0.03995	0.00678	0.03501	0.01142
78	0.02805	0.01627	0.01907	0.01568	0.02112	0.01690	0.01260	0.12465	0.27475	0.30057	0.05851	0.02899	0.02357	0.01068	0.00825	0.00260	0.00686	0.00873	0.00901	0.01315
79	0.01966	0.01446	0.01709	0.01270	0.01931	0.01182	0.01018	0.05082	0.04840	0.10705	0.05884	0.02168	0.01780	0.00758	0.00670	0.00158	0.00613	0.00616	0.00602	0.55603
80	0.01148	0.00829	0.01085	0.01021	0.01212	0.00766	0.00766	0.01531	0.02297	0.03254	0.65994	0.06061	0.07656	0.01659	0.00957	0.00255	0.00383	0.01467	0.00893	0.00766
81	0.01012	0.00719	0.00944	0.01105	0.01155	0.00674	0.00733	0.01153	0.01559	0.02088	0.07270	0.62582	0.05283	0.08024	0.01280	0.00363	0.00492	0.02176	0.00739	0.00651
82	0.01489	0.00761	0.00777	0.00773	0.00962	0.00757	0.00580	0.01868	0.01740	0.03040	0.06687	0.03219	0.02435	0.00991	0.00592	0.00193	0.00378	0.00802	0.71198	0.00757
83	0.00975	0.00823	0.00844	0.00839	0.01106	0.00692	0.00629	0.01195	0.01887	0.02280	0.13022	0.07664	0.61235	0.02022	0.00959	0.00272	0.00409	0.01692	0.00765	0.00692
84	0.03031	0.03867	0.02299	0.02090	0.02508	0.68226	0.01568	0.03240	0.02299	0.01986	0.01254	0.01463	0.01045	0.00836	0.00732	0.00209	0.01463	0.00523	0.00418	0.00941
85	0.01915	0.02189	0.04788	0.03420	0.04241	0.02052	0.63475	0.02599	0.01915	0.02599	0.01642	0.02189	0.01231	0.00684	0.00958	0.00274	0.01368	0.00958	0.00410	0.01094

[dist]
# distance from previous block
# <min> <max>
0	5

[block]
# block no. 7 follows, 23 sequences, length 8
