[name]
unknown

[dist]
# distance from previous block
# <min> <max>
16	40

[block]
# block no. 0 follows, 23 sequences, length 80
# corresponding to MSA columns:
# 56-135
name=unknown_A
#
# <colnr> <probs for GDERKNQSTAVLIFYWHMCP>
#	G	D	E	R	K	N	Q	S	T	A	V	L	I	F	Y	W	H	M	C	P
0	0.04952	0.01373	0.01608	0.03688	0.01936	0.01236	0.01032	0.05086	0.08920	0.05110	0.04658	0.10476	0.02135	0.01076	0.00824	0.03465	0.00621	0.00830	0.00595	0.40380
1	0.02193	0.04632	0.02013	0.01435	0.02060	0.01377	0.05268	0.07679	0.04275	0.15453	0.04999	0.02292	0.01786	0.00815	0.00703	0.00186	0.00680	0.00681	0.06699	0.34775
2	0.04545	0.01387	0.01729	0.03542	0.02024	0.01242	0.03813	0.05008	0.07388	0.08124	0.02577	0.13972	0.04841	0.01104	0.00756	0.00209	0.00646	0.00949	0.00622	0.35522
3	0.05731	0.01454	0.01774	0.01351	0.01959	0.01277	0.01095	0.04708	0.01900	0.22062	0.02059	0.04527	0.01578	0.00868	0.00823	0.00193	0.05323	0.00670	0.00652	0.39996
4	0.01937	0.06576	0.05064	0.07203	0.02474	0.01644	0.03517	0.12528	0.06310	0.02979	0.01767	0.04801	0.01467	0.00814	0.00702	0.00188	0.00759	0.00669	0.00543	0.38056
5	0.07783	0.01625	0.01868	0.01509	0.02052	0.01647	0.01213	0.22575	0.07599	0.23581	0.02684	0.11380	0.02144	0.01155	0.00805	0.00250	0.00711	0.00940	0.00816	0.07662
6	0.08881	0.01713	0.04922	0.06250	0.04995	0.01733	0.01374	0.23588	0.06849	0.06106	0.12936	0.08639	0.02796	0.01262	0.00928	0.03528	0.00744	0.00972	0.00711	0.01074
7	0.07786	0.01704	0.04249	0.01500	0.02098	0.01607	0.01263	0.16039	0.06938	0.23711	0.02667	0.02575	0.05939	0.00996	0.00843	0.00234	0.03694	0.00768	0.00753	0.14634
8	0.05706	0.01885	0.04708	0.07818	0.06945	0.01901	0.01540	0.25685	0.02464	0.06128	0.01726	0.01985	0.01324	0.01221	0.05422	0.00300	0.05141	0.00671	0.00597	0.16835
9	0.01950	0.01991	0.05993	0.07268	0.54900	0.01881	0.05166	0.02457	0.01827	0.02621	0.01520	0.01992	0.01259	0.00720	0.00798	0.00238	0.00978	0.00715	0.00402	0.05325
10	0.01956	0.01875	0.03200	0.12018	0.59789	0.01914	0.02464	0.02445	0.01823	0.02588	0.01517	0.02025	0.01263	0.00733	0.00804	0.00244	0.00977	0.00723	0.00397	0.01243
11	0.02008	0.01928	0.03294	0.04981	0.66422	0.01928	0.02490	0.02490	0.01848	0.02651	0.01526	0.02008	0.01285	0.00723	0.00803	0.00241	0.00964	0.00723	0.00402	0.01285
12	0.00989	0.00706	0.00942	0.01130	0.01177	0.00659	0.00753	0.01130	0.01554	0.02071	0.04472	0.70954	0.05367	0.02542	0.01036	0.00330	0.00471	0.02307	0.00753	0.00659
13	0.01160	0.00866	0.01287	0.01287	0.01426	0.01005	0.00993	0.01438	0.01299	0.01871	0.02189	0.03276	0.02067	0.08797	0.65608	0.01283	0.02116	0.00882	0.00437	0.00715
14	0.01915	0.02189	0.04788	0.03420	0.04241	0.02052	0.63475	0.02599	0.01915	0.02599	0.01642	0.02189	0.01231	0.00684	0.00958	0.00274	0.01368	0.00958	0.00410	0.01094
15	0.02490	0.01450	0.01699	0.01442	0.01933	0.01478	0.01145	0.03670	0.30010	0.28222	0.06525	0.03634	0.10254	0.01203	0.00844	0.00265	0.00622	0.00998	0.00890	0.01227
16	0.00961	0.00812	0.00832	0.00848	0.01103	0.00683	0.00628	0.01162	0.01825	0.02182	0.07906	0.13096	0.61008	0.02096	0.00965	0.00279	0.00416	0.01762	0.00753	0.00683
17	0.08707	0.01394	0.01836	0.01418	0.02037	0.01236	0.01171	0.03846	0.02258	0.62621	0.03059	0.02662	0.01931	0.00987	0.00794	0.00251	0.00686	0.00790	0.00970	0.01346
18	0.07708	0.02854	0.24878	0.01948	0.02777	0.02189	0.01987	0.35534	0.02849	0.06914	0.01777	0.01860	0.01251	0.00890	0.00776	0.00249	0.00972	0.00669	0.00636	0.01283
19	0.37197	0.02051	0.01851	0.03849	0.02167	0.08450	0.01273	0.24882	0.02362	0.03896	0.01449	0.01611	0.01093	0.00872	0.00740	0.00249	0.03768	0.00575	0.00596	0.01069
20	0.01771	0.01594	0.02545	0.44335	0.18282	0.01840	0.02172	0.08093	0.01900	0.02517	0.01702	0.02581	0.01397	0.00904	0.00830	0.00268	0.01015	0.04792	0.00439	0.01021
21	0.02829	0.01922	0.02165	0.04349	0.02425	0.02089	0.01426	0.36498	0.15739	0.15311	0.04965	0.02479	0.01948	0.01026	0.00821	0.00253	0.00794	0.00812	0.00834	0.01318
22	0.02251	0.01424	0.01741	0.01272	0.01966	0.01114	0.01029	0.02598	0.01868	0.21326	0.01953	0.01996	0.01436	0.00718	0.00663	0.00158	0.00627	0.00578	0.00633	0.54649
23	0.01131	0.00816	0.01069	0.01033	0.01208	0.00754	0.00764	0.01487	0.02215	0.03124	0.59231	0.13194	0.07405	0.01756	0.00966	0.00263	0.00392	0.01560	0.00878	0.00754
24	0.01674	0.03909	0.58878	0.02596	0.09057	0.01896	0.05658	0.02564	0.01734	0.02578	0.01471	0.01760	0.01060	0.00763	0.00782	0.00256	0.01186	0.00626	0.00351	0.01202
25	0.77215	0.01569	0.01193	0.01067	0.01569	0.01820	0.00879	0.02385	0.01381	0.03641	0.01130	0.01318	0.00879	0.00753	0.00502	0.00251	0.00628	0.00439	0.00502	0.00879
26	0.02220	0.63123	0.04136	0.01551	0.02231	0.07989	0.04762	0.02499	0.01712	0.01952	0.01165	0.01362	0.01052	0.00704	0.00560	0.00182	0.00939	0.00469	0.00356	0.01037
27	0.01708	0.01690	0.02007	0.01789	0.01866	0.09312	0.01424	0.01890	0.01366	0.01892	0.01515	0.02500	0.01512	0.11520	0.16417	0.00595	0.39010	0.00784	0.00397	0.00807
28	0.01955	0.02580	0.24599	0.01872	0.02596	0.01935	0.01876	0.03690	0.40139	0.05971	0.02656	0.02558	0.01952	0.00982	0.00806	0.00268	0.00838	0.00802	0.00666	0.01259
29	0.01627	0.04197	0.67279	0.02313	0.03512	0.01884	0.02998	0.02570	0.01713	0.02570	0.01456	0.01713	0.01028	0.00771	0.00771	0.00257	0.01199	0.00600	0.00343	0.01199
30	0.03418	0.01388	0.01860	0.01416	0.02055	0.01180	0.01166	0.03738	0.02250	0.59682	0.03002	0.02639	0.01917	0.00959	0.00792	0.00236	0.00680	0.00778	0.00945	0.09900
31	0.01537	0.01204	0.01792	0.39213	0.03635	0.01411	0.01575	0.04803	0.01740	0.02483	0.02151	0.10257	0.01866	0.01054	0.00768	0.00253	0.00805	0.00913	0.21684	0.00855
32	0.01199	0.00888	0.01161	0.01379	0.05630	0.00856	0.00884	0.04648	0.01715	0.02312	0.04302	0.51939	0.09728	0.04584	0.01086	0.00324	0.00529	0.01956	0.04140	0.00741
33	0.00993	0.00721	0.00938	0.01099	0.01172	0.00666	0.00742	0.01150	0.01610	0.02132	0.07428	0.62880	0.10550	0.02463	0.01026	0.00322	0.00462	0.02221	0.00759	0.00666
34	0.00989	0.00734	0.00924	0.01065	0.01163	0.00669	0.00727	0.01153	0.01642	0.02144	0.07733	0.55917	0.17359	0.02410	0.01017	0.00316	0.00455	0.02156	0.00759	0.00669
35	0.10184	0.01801	0.02190	0.18792	0.06515	0.02032	0.01619	0.25456	0.10665	0.06649	0.04697	0.02293	0.01688	0.00944	0.00787	0.00256	0.00853	0.00757	0.00659	0.01164
36	0.01921	0.02138	0.04500	0.03564	0.12068	0.02055	0.53089	0.02558	0.01878	0.02578	0.01602	0.02148	0.01231	0.00720	0.01010	0.00273	0.04233	0.00917	0.00407	0.01110
37	0.01584	0.01519	0.02639	0.61573	0.08790	0.01826	0.06402	0.02131	0.01654	0.02140	0.01460	0.02157	0.01103	0.00798	0.00821	0.00269	0.01095	0.00737	0.00366	0.00935
38	0.01710	0.11973	0.55700	0.02280	0.03394	0.02051	0.06896	0.02555	0.01719	0.02495	0.01430	0.01697	0.01043	0.00756	0.00754	0.00248	0.01172	0.00604	0.00348	0.01174
39	0.06441	0.06930	0.02479	0.01790	0.02428	0.02513	0.01492	0.54609	0.05724	0.04768	0.01903	0.01913	0.01373	0.00949	0.00778	0.00240	0.00870	0.00704	0.00766	0.01330
40	0.06168	0.02063	0.02313	0.11456	0.02851	0.02314	0.01576	0.49718	0.03309	0.04531	0.01866	0.01992	0.01342	0.00940	0.00788	0.00246	0.00888	0.00717	0.03657	0.01265
41	0.01180	0.00787	0.00885	0.00885	0.00885	0.00787	0.00492	0.01180	0.01180	0.01573	0.02557	0.05310	0.02950	0.71483	0.04130	0.00787	0.00787	0.01180	0.00492	0.00492
42	0.01712	0.01538	0.02434	0.61702	0.05233	0.01885	0.02171	0.09208	0.01876	0.02425	0.01501	0.02138	0.01116	0.00830	0.00811	0.00267	0.01060	0.00722	0.00413	0.00957
43	0.01973	0.01892	0.03194	0.09140	0.55469	0.01930	0.04765	0.02589	0.06098	0.02659	0.01645	0.02095	0.01350	0.00753	0.00811	0.00247	0.00966	0.00745	0.00428	0.01251
44	0.02254	0.64096	0.04013	0.01424	0.02084	0.03041	0.01392	0.02514	0.01678	0.06392	0.01268	0.01423	0.01109	0.00747	0.00633	0.00187	0.03824	0.00472	0.00393	0.01058
45	0.00989	0.00706	0.00942	0.01130	0.01177	0.00659	0.00753	0.01130	0.01554	0.02071	0.04472	0.70954	0.05367	0.02542	0.01036	0.00330	0.00471	0.02307	0.00753	0.00659
46	0.01876	0.05329	0.04369	0.03106	0.03822	0.02060	0.52131	0.02485	0.01853	0.02511	0.01757	0.02589	0.01443	0.00840	0.01066	0.00281	0.06029	0.04970	0.00426	0.01054
47	0.01409	0.00705	0.01057	0.01057	0.01057	0.00705	0.00705	0.01057	0.01057	0.01409	0.01409	0.02467	0.01409	0.02819	0.03171	0.76392	0.00705	0.00705	0.00352	0.00352
48	0.01120	0.00878	0.01024	0.01021	0.01245	0.00814	0.00765	0.01532	0.06318	0.02651	0.27981	0.15196	0.29973	0.01919	0.00966	0.00279	0.00440	0.04316	0.00808	0.00755
49	0.00989	0.00706	0.00942	0.01130	0.01177	0.00659	0.00753	0.01130	0.01554	0.02071	0.04472	0.70954	0.05367	0.02542	0.01036	0.00330	0.00471	0.02307	0.00753	0.00659
50	0.01192	0.00813	0.01013	0.00999	0.01134	0.00777	0.00713	0.01462	0.01891	0.02686	0.37000	0.08759	0.05640	0.19905	0.01766	0.00400	0.00516	0.05388	0.07258	0.00687
51	0.03031	0.03867	0.02299	0.02090	0.02508	0.68226	0.01568	0.03240	0.02299	0.01986	0.01254	0.01463	0.01045	0.00836	0.00732	0.00209	0.01463	0.00523	0.00418	0.00941
52	0.02168	0.01890	0.02421	0.02940	0.26877	0.05033	0.01756	0.03537	0.33639	0.07197	0.02516	0.02545	0.01921	0.00937	0.00812	0.00257	0.00808	0.00817	0.00655	0.01275
53	0.01160	0.00866	0.01285	0.01285	0.01424	0.01004	0.00991	0.01437	0.01299	0.01870	0.02191	0.03282	0.02070	0.09004	0.65406	0.01281	0.02112	0.00883	0.00437	0.00714
54	0.01140	0.00829	0.01073	0.01012	0.01207	0.00762	0.00759	0.01515	0.02278	0.03208	0.63506	0.06136	0.10172	0.01676	0.00957	0.00256	0.00384	0.01478	0.00887	0.00762
55	0.01683	0.01442	0.01683	0.01202	0.01923	0.01082	0.00961	0.02043	0.01683	0.02644	0.01442	0.01683	0.01202	0.00601	0.00601	0.00120	0.00601	0.00481	0.00481	0.76444
56	0.03085	0.02273	0.02435	0.01867	0.02516	0.02516	0.01542	0.63716	0.03815	0.05114	0.01948	0.01948	0.01380	0.00974	0.00812	0.00244	0.00893	0.00731	0.00812	0.01380
57	0.00989	0.00706	0.00942	0.01130	0.01177	0.00659	0.00753	0.01130	0.01554	0.02071	0.04472	0.70954	0.05367	0.02542	0.01036	0.00330	0.00471	0.02307	0.00753	0.00659
58	0.00959	0.00822	0.00822	0.00822	0.01096	0.00685	0.00617	0.01165	0.01850	0.02192	0.08220	0.07809	0.66092	0.02055	0.00959	0.00274	0.00411	0.01713	0.00754	0.00685
59	0.01915	0.02189	0.04788	0.03420	0.04241	0.02052	0.63475	0.02599	0.01915	0.02599	0.01642	0.02189	0.01231	0.00684	0.00958	0.00274	0.01368	0.00958	0.00410	0.01094
60	0.02216	0.68286	0.04146	0.01426	0.02106	0.06729	0.01398	0.02474	0.01684	0.01913	0.01135	0.01310	0.01042	0.00702	0.00532	0.00175	0.00900	0.00439	0.00351	0.01036
61	0.77215	0.01569	0.01193	0.01067	0.01569	0.01820	0.00879	0.02385	0.01381	0.03641	0.01130	0.01318	0.00879	0.00753	0.00502	0.00251	0.00628	0.00439	0.00502	0.00879
62	0.01683	0.01442	0.01683	0.01202	0.01923	0.01082	0.00961	0.02043	0.01683	0.02644	0.01442	0.01683	0.01202	0.00601	0.00601	0.00120	0.00601	0.00481	0.00481	0.76444
63	0.01927	0.02155	0.04592	0.03625	0.12392	0.02036	0.55480	0.02585	0.01906	0.02606	0.01626	0.02165	0.01238	0.00689	0.00937	0.00269	0.01315	0.00927	0.00409	0.01119
64	0.01513	0.00756	0.00756	0.00756	0.00945	0.00756	0.00567	0.01891	0.01702	0.03025	0.02647	0.03025	0.02080	0.00945	0.00567	0.00189	0.00378	0.00756	0.75988	0.00756
65	0.77215	0.01569	0.01193	0.01067	0.01569	0.01820	0.00879	0.02385	0.01381	0.03641	0.01130	0.01318	0.00879	0.00753	0.00502	0.00251	0.00628	0.00439	0.00502	0.00879
66	0.00989	0.00706	0.00942	0.01130	0.01177	0.00659	0.00753	0.01130	0.01554	0.02071	0.04472	0.70954	0.05367	0.02542	0.01036	0.00330	0.00471	0.02307	0.00753	0.00659
67	0.01148	0.00829	0.01085	0.01021	0.01212	0.00766	0.00766	0.01531	0.02297	0.03254	0.65994	0.06061	0.07656	0.01659	0.00957	0.00255	0.00383	0.01467	0.00893	0.00766
68	0.03641	0.01381	0.01883	0.01444	0.02071	0.01193	0.01193	0.03954	0.02322	0.66984	0.03201	0.02762	0.02009	0.01004	0.00816	0.00251	0.00690	0.00816	0.01004	0.01381
69	0.00989	0.00706	0.00942	0.01130	0.01177	0.00659	0.00753	0.01130	0.01554	0.02071	0.04472	0.70954	0.05367	0.02542	0.01036	0.00330	0.00471	0.02307	0.00753	0.00659
70	0.01409	0.00705	0.01057	0.01057	0.01057	0.00705	0.00705	0.01057	0.01057	0.01409	0.01409	0.02467	0.01409	0.02819	0.03171	0.76392	0.00705	0.00705	0.00352	0.00352
71	0.01308	0.00934	0.01308	0.01494	0.01681	0.00934	0.01308	0.01681	0.01868	0.02428	0.04296	0.09153	0.04670	0.02242	0.01121	0.00374	0.00747	0.60960	0.00747	0.00747
72	0.03579	0.01480	0.01944	0.01491	0.02121	0.01339	0.01231	0.10586	0.02488	0.60119	0.03062	0.02672	0.01939	0.01001	0.00816	0.00250	0.00713	0.00807	0.00983	0.01381
73	0.06726	0.01475	0.01871	0.01472	0.02074	0.01384	0.01206	0.06642	0.10148	0.53402	0.03064	0.02693	0.01987	0.01004	0.00803	0.00254	0.00691	0.00808	0.00951	0.01346
74	0.01799	0.01844	0.02870	0.02346	0.02483	0.02413	0.12073	0.02061	0.01355	0.02061	0.01161	0.01844	0.01093	0.01297	0.02378	0.00341	0.58544	0.00751	0.00364	0.00922
75	0.01012	0.00737	0.01005	0.04043	0.01365	0.00708	0.00817	0.01170	0.01556	0.02071	0.04343	0.68024	0.05184	0.02468	0.01026	0.00327	0.00497	0.02239	0.00737	0.00669
76	0.01373	0.01201	0.02044	0.28259	0.03304	0.01305	0.09711	0.01744	0.01647	0.02208	0.05449	0.26064	0.02927	0.01519	0.01004	0.03521	0.00832	0.01333	0.03747	0.00808
77	0.01879	0.02081	0.04390	0.11187	0.09649	0.02013	0.51253	0.02529	0.01876	0.02543	0.01609	0.02171	0.01218	0.00702	0.00928	0.00270	0.01301	0.00910	0.00404	0.01088
78	0.01982	0.01610	0.01764	0.01321	0.01985	0.04829	0.01051	0.07477	0.01937	0.07227	0.01721	0.04612	0.01435	0.00753	0.00659	0.00153	0.00673	0.00602	0.00553	0.57656
79	0.02130	0.01872	0.05853	0.02420	0.06408	0.01645	0.26177	0.05416	0.04951	0.12999	0.04608	0.05196	0.01836	0.00875	0.00848	0.00242	0.00968	0.00889	0.00584	0.14083

[dist]
# distance from previous block
# <min> <max>
0	2

[block]
# block no. 1 follows, 23 sequences, length 123
# corresponding to MSA columns:
# 138-260
name=unknown_B
#
# <colnr> <probs for GDERKNQSTAVLIFYWHMCP>
#	G	D	E	R	K	N	Q	S	T	A	V	L	I	F	Y	W	H	M	C	P
0	0.01073	0.00830	0.00984	0.01015	0.01202	0.00761	0.00734	0.01407	0.04726	0.02533	0.24485	0.26473	0.26730	0.02041	0.00976	0.00285	0.00431	0.01785	0.00799	0.00729
1	0.02370	0.33075	0.06007	0.01589	0.02223	0.02599	0.01453	0.25041	0.05406	0.03262	0.04764	0.05289	0.01756	0.00956	0.00699	0.00219	0.00839	0.00714	0.00586	0.01153
2	0.01202	0.00874	0.01174	0.01319	0.01492	0.00846	0.01092	0.01519	0.01851	0.02417	0.10297	0.19336	0.11440	0.02221	0.01075	0.00345	0.00632	0.39380	0.00762	0.00727
3	0.01732	0.13171	0.53446	0.02409	0.08543	0.02067	0.02738	0.02544	0.01716	0.02487	0.01418	0.01682	0.01051	0.00757	0.00740	0.00244	0.01135	0.00587	0.00348	0.01185
4	0.02120	0.05357	0.02138	0.05636	0.08110	0.08271	0.01475	0.03687	0.41259	0.05373	0.02786	0.02952	0.02179	0.01059	0.00813	0.00265	0.00791	0.03831	0.00703	0.01196
5	0.01071	0.00797	0.00998	0.01010	0.01181	0.00723	0.00734	0.01359	0.02023	0.02751	0.39314	0.22694	0.18443	0.01958	0.00977	0.00278	0.00410	0.01726	0.00831	0.00723
6	0.01183	0.00874	0.01113	0.01069	0.01270	0.00827	0.00808	0.01642	0.05345	0.03124	0.54823	0.09034	0.09813	0.01714	0.00961	0.00266	0.00417	0.04065	0.00871	0.00782
7	0.01920	0.02212	0.06549	0.03627	0.13862	0.02027	0.52087	0.02581	0.01898	0.02606	0.01618	0.02146	0.01233	0.00693	0.00928	0.00268	0.01300	0.00910	0.00407	0.01127
8	0.01864	0.01585	0.01786	0.01746	0.05335	0.01786	0.01296	0.03691	0.49479	0.03254	0.09784	0.03842	0.03149	0.01242	0.00865	0.00280	0.00642	0.06391	0.00803	0.01182
9	0.03641	0.01381	0.01883	0.01444	0.02071	0.01193	0.01193	0.03954	0.02322	0.66984	0.03201	0.02762	0.02009	0.01004	0.00816	0.00251	0.00690	0.00816	0.01004	0.01381
10	0.01282	0.01018	0.01511	0.01961	0.14500	0.00986	0.01212	0.01577	0.01797	0.02454	0.14146	0.34409	0.04791	0.01969	0.00992	0.00307	0.00608	0.12953	0.00704	0.00821
11	0.06032	0.11863	0.11893	0.13590	0.03049	0.11870	0.01802	0.18521	0.08327	0.03099	0.01668	0.01866	0.01263	0.00860	0.00741	0.00239	0.01012	0.00644	0.00532	0.01128
12	0.01847	0.01868	0.02814	0.39244	0.24419	0.08249	0.05435	0.02344	0.01774	0.02274	0.01461	0.02048	0.01150	0.00779	0.00809	0.00255	0.01096	0.00715	0.00382	0.01036
13	0.73411	0.01701	0.04518	0.01130	0.01667	0.01824	0.00985	0.02394	0.01398	0.03587	0.01146	0.01338	0.00886	0.00754	0.00516	0.00251	0.00656	0.00447	0.00494	0.00895
14	0.01177	0.00860	0.01258	0.01258	0.01398	0.00991	0.00968	0.01456	0.01316	0.01921	0.02214	0.03285	0.02076	0.09075	0.61971	0.01227	0.02022	0.00879	0.03932	0.00714
15	0.02018	0.01743	0.01835	0.01651	0.02110	0.02018	0.01284	0.04312	0.64956	0.03394	0.03303	0.03027	0.02477	0.01101	0.00826	0.00275	0.00642	0.00917	0.00826	0.01284
16	0.03316	0.01623	0.08137	0.01505	0.02165	0.01237	0.01344	0.03694	0.02262	0.57450	0.06317	0.02833	0.02210	0.01016	0.00819	0.00252	0.00723	0.00829	0.00935	0.01331
17	0.01908	0.02167	0.04668	0.03353	0.04130	0.02075	0.60248	0.02565	0.01880	0.02565	0.01611	0.02167	0.01223	0.00722	0.01047	0.00278	0.04957	0.00945	0.00408	0.01084
18	0.77215	0.01569	0.01193	0.01067	0.01569	0.01820	0.00879	0.02385	0.01381	0.03641	0.01130	0.01318	0.00879	0.00753	0.00502	0.00251	0.00628	0.00439	0.00502	0.00879
19	0.01627	0.04197	0.67279	0.02313	0.03512	0.01884	0.02998	0.02570	0.01713	0.02570	0.01456	0.01713	0.01028	0.00771	0.00771	0.00257	0.01199	0.00600	0.00343	0.01199
20	0.01255	0.00911	0.01238	0.01405	0.01594	0.00894	0.01207	0.01599	0.01850	0.02386	0.04721	0.12089	0.11210	0.02237	0.01099	0.00361	0.00698	0.51764	0.00748	0.00736
21	0.01180	0.00787	0.00885	0.00885	0.00885	0.00787	0.00492	0.01180	0.01180	0.01573	0.02557	0.05310	0.02950	0.71483	0.04130	0.00787	0.00787	0.01180	0.00492	0.00492
22	0.03085	0.02273	0.02435	0.01867	0.02516	0.02516	0.01542	0.63716	0.03815	0.05114	0.01948	0.01948	0.01380	0.00974	0.00812	0.00244	0.00893	0.00731	0.00812	0.01380
23	0.03641	0.01381	0.01883	0.01444	0.02071	0.01193	0.01193	0.03954	0.02322	0.66984	0.03201	0.02762	0.02009	0.01004	0.00816	0.00251	0.00690	0.00816	0.01004	0.01381
24	0.15131	0.06138	0.06677	0.05258	0.05596	0.11055	0.04620	0.10878	0.01948	0.02893	0.01503	0.01856	0.01213	0.01087	0.03209	0.00287	0.11773	0.00640	0.07233	0.01005
25	0.02607	0.32119	0.03122	0.01800	0.02312	0.37745	0.01504	0.02836	0.01974	0.01952	0.01192	0.01412	0.01045	0.00807	0.00744	0.00202	0.04767	0.00495	0.00385	0.00980
26	0.01294	0.00924	0.01292	0.01479	0.01660	0.00922	0.01284	0.01658	0.01855	0.02413	0.04304	0.11772	0.04699	0.02254	0.01117	0.00372	0.00735	0.58475	0.00747	0.00743
27	0.03613	0.01426	0.01911	0.01465	0.02094	0.01259	0.01210	0.06962	0.02398	0.63870	0.03138	0.02721	0.01977	0.01003	0.00816	0.00251	0.00701	0.00812	0.00995	0.01381
28	0.01103	0.00836	0.01187	0.01520	0.07484	0.00796	0.00949	0.01290	0.01598	0.02146	0.04179	0.61091	0.04937	0.02351	0.01018	0.00323	0.00533	0.05215	0.00719	0.00724
29	0.00989	0.00706	0.00942	0.01130	0.01177	0.00659	0.00753	0.01130	0.01554	0.02071	0.04472	0.70954	0.05367	0.02542	0.01036	0.00330	0.00471	0.02307	0.00753	0.00659
30	0.03641	0.01381	0.01883	0.01444	0.02071	0.01193	0.01193	0.03954	0.02322	0.66984	0.03201	0.02762	0.02009	0.01004	0.00816	0.00251	0.00690	0.00816	0.01004	0.01381
31	0.05052	0.04078	0.64285	0.02256	0.03424	0.01882	0.02902	0.02561	0.01698	0.02618	0.01441	0.01695	0.01021	0.00770	0.00759	0.00257	0.01173	0.00592	0.00350	0.01185
32	0.01654	0.07531	0.64179	0.02267	0.03442	0.01950	0.02919	0.02563	0.01710	0.02537	0.01440	0.01693	0.01029	0.00767	0.00759	0.00253	0.01183	0.00591	0.00343	0.01191
33	0.01382	0.00879	0.01143	0.01084	0.01313	0.00801	0.00825	0.01719	0.02167	0.09546	0.45432	0.12421	0.11468	0.01743	0.00959	0.00270	0.00445	0.04721	0.00872	0.00811
34	0.01503	0.00797	0.00800	0.00793	0.00997	0.00800	0.00597	0.01943	0.04070	0.02996	0.02960	0.03273	0.05412	0.01009	0.00597	0.00197	0.00390	0.00812	0.69284	0.00772
35	0.66533	0.04677	0.01304	0.01064	0.01545	0.01781	0.00881	0.02323	0.01451	0.03514	0.04206	0.01622	0.01259	0.00802	0.00527	0.00245	0.00615	0.00502	0.04273	0.00875
36	0.01494	0.00756	0.00773	0.00773	0.00947	0.00756	0.00569	0.01829	0.01655	0.02902	0.02597	0.03103	0.02092	0.04070	0.00819	0.03059	0.00408	0.00773	0.69896	0.00730
37	0.01788	0.01671	0.02835	0.30489	0.38804	0.01815	0.02303	0.02250	0.01717	0.02356	0.01487	0.02094	0.01211	0.00867	0.00929	0.04200	0.00997	0.00721	0.00383	0.01084
38	0.02955	0.01229	0.01664	0.01327	0.01835	0.01075	0.01075	0.03288	0.02315	0.49462	0.20465	0.03669	0.03561	0.01184	0.00855	0.00252	0.00606	0.00995	0.00974	0.01212
39	0.01721	0.03545	0.46986	0.02672	0.03749	0.01939	0.22637	0.02579	0.01779	0.02579	0.01516	0.01868	0.01094	0.00743	0.00832	0.00262	0.01254	0.00716	0.00365	0.01165
40	0.01206	0.00977	0.01427	0.21035	0.02505	0.01061	0.01214	0.01580	0.04479	0.02229	0.08601	0.42564	0.04179	0.01901	0.00955	0.00304	0.00649	0.01714	0.00654	0.00766
41	0.00989	0.00706	0.00942	0.01130	0.01177	0.00659	0.00753	0.01130	0.01554	0.02071	0.04472	0.70954	0.05367	0.02542	0.01036	0.00330	0.00471	0.02307	0.00753	0.00659
42	0.02836	0.02073	0.02309	0.01941	0.05581	0.02272	0.01504	0.48136	0.10000	0.07703	0.02264	0.05714	0.01731	0.01058	0.00825	0.00252	0.00838	0.00837	0.00799	0.01327
43	0.77215	0.01569	0.01193	0.01067	0.01569	0.01820	0.00879	0.02385	0.01381	0.03641	0.01130	0.01318	0.00879	0.00753	0.00502	0.00251	0.00628	0.00439	0.00502	0.00879
44	0.77215	0.01569	0.01193	0.01067	0.01569	0.01820	0.00879	0.02385	0.01381	0.03641	0.01130	0.01318	0.00879	0.00753	0.00502	0.00251	0.00628	0.00439	0.00502	0.00879
45	0.01124	0.00803	0.01096	0.01284	0.01390	0.00775	0.00988	0.01363	0.01687	0.02222	0.04398	0.44810	0.05072	0.02415	0.01072	0.00348	0.00588	0.27119	0.00751	0.00696
46	0.12347	0.05375	0.02057	0.09906	0.02496	0.05457	0.01391	0.27480	0.05425	0.03607	0.02548	0.06131	0.07347	0.01141	0.00791	0.00257	0.00828	0.03673	0.00660	0.01083
47	0.66915	0.07713	0.01512	0.01148	0.01662	0.05412	0.00958	0.02434	0.01452	0.03406	0.01136	0.01324	0.00901	0.00753	0.00516	0.00242	0.00692	0.00443	0.00484	0.00896
48	0.05617	0.14700	0.08723	0.07256	0.07459	0.18245	0.01607	0.05663	0.02018	0.05871	0.06798	0.02097	0.01718	0.00866	0.00713	0.00219	0.00977	0.00653	0.03691	0.05111
49	0.02978	0.03766	0.02351	0.02241	0.05844	0.64766	0.01616	0.03201	0.02276	0.02021	0.01268	0.01492	0.01058	0.00830	0.00735	0.00211	0.01437	0.00533	0.00417	0.00959
50	0.08421	0.01530	0.01824	0.04882	0.02156	0.01569	0.01215	0.12104	0.13813	0.31460	0.02727	0.02825	0.01972	0.08454	0.01144	0.00312	0.00736	0.00828	0.00819	0.01207
51	0.07019	0.01647	0.05100	0.01601	0.04441	0.04632	0.01289	0.03499	0.08564	0.41650	0.02888	0.05976	0.02042	0.01044	0.00791	0.00252	0.00729	0.00848	0.04748	0.01241
52	0.02285	0.01336	0.01735	0.08207	0.02203	0.01390	0.01238	0.05940	0.13089	0.24637	0.09154	0.15764	0.03092	0.01373	0.00968	0.00277	0.04252	0.01157	0.00808	0.01096
53	0.00987	0.00823	0.00861	0.00852	0.01113	0.00697	0.00639	0.01219	0.01917	0.02351	0.16880	0.07547	0.57333	0.01996	0.00959	0.00271	0.00407	0.01676	0.00774	0.00697
54	0.01017	0.00773	0.00926	0.00993	0.01144	0.00694	0.00698	0.01221	0.01782	0.02320	0.17545	0.34078	0.26449	0.05127	0.01125	0.00316	0.00447	0.01894	0.00769	0.00681
55	0.02213	0.01881	0.05673	0.10131	0.34548	0.01840	0.02055	0.04751	0.13404	0.12138	0.02093	0.02303	0.01577	0.00851	0.00809	0.00252	0.00886	0.00766	0.00571	0.01259
56	0.01775	0.01775	0.02485	0.02130	0.02130	0.02485	0.01775	0.01953	0.01243	0.01953	0.01065	0.01775	0.01065	0.01420	0.02663	0.00355	0.69998	0.00710	0.00355	0.00888
57	0.00989	0.00706	0.00942	0.01130	0.01177	0.00659	0.00753	0.01130	0.01554	0.02071	0.04472	0.70954	0.05367	0.02542	0.01036	0.00330	0.00471	0.02307	0.00753	0.00659
58	0.01745	0.00926	0.01241	0.01164	0.01343	0.00906	0.00851	0.01844	0.07046	0.11809	0.05067	0.03529	0.08397	0.02245	0.02209	0.44192	0.00658	0.03599	0.00572	0.00658
59	0.27855	0.14982	0.11408	0.04980	0.02372	0.05456	0.01525	0.11674	0.01932	0.05843	0.01404	0.01596	0.01079	0.00826	0.00727	0.00240	0.03994	0.00551	0.00501	0.01054
60	0.42840	0.01533	0.01796	0.29265	0.06146	0.01818	0.01514	0.02262	0.01501	0.02954	0.01276	0.01695	0.00980	0.00776	0.00642	0.00259	0.00829	0.00568	0.00440	0.00906
61	0.01903	0.02141	0.04602	0.06470	0.07664	0.02034	0.57430	0.02570	0.01898	0.02578	0.01626	0.02178	0.01227	0.00692	0.00943	0.00272	0.01333	0.00934	0.00408	0.01096
62	0.01683	0.01442	0.01683	0.01202	0.01923	0.01082	0.00961	0.02043	0.01683	0.02644	0.01442	0.01683	0.01202	0.00601	0.00601	0.00120	0.00601	0.00481	0.00481	0.76444
63	0.01113	0.00828	0.01035	0.00983	0.01190	0.00750	0.00737	0.01462	0.02212	0.03053	0.55064	0.06392	0.18711	0.01734	0.00957	0.00259	0.00388	0.01514	0.00867	0.00750
64	0.00997	0.00713	0.00949	0.01124	0.01179	0.00665	0.00754	0.01151	0.01592	0.02133	0.07690	0.67560	0.05486	0.02496	0.01032	0.00326	0.00466	0.02263	0.00761	0.00665
65	0.00968	0.00822	0.00834	0.00831	0.01101	0.00689	0.00624	0.01182	0.01871	0.02242	0.10940	0.07727	0.63341	0.02036	0.00959	0.00273	0.00410	0.01701	0.00760	0.00689
66	0.01683	0.01442	0.01683	0.01202	0.01923	0.01082	0.00961	0.02043	0.01683	0.02644	0.01442	0.01683	0.01202	0.00601	0.00601	0.00120	0.00601	0.00481	0.00481	0.76444
67	0.01159	0.00869	0.01304	0.01304	0.01449	0.01014	0.01014	0.01449	0.01304	0.01884	0.02173	0.03188	0.02029	0.06086	0.68268	0.01304	0.02173	0.00869	0.00435	0.00724
68	0.02169	0.71972	0.04252	0.01388	0.02083	0.03211	0.01388	0.02430	0.01649	0.01909	0.01128	0.01302	0.01041	0.00694	0.00521	0.00174	0.00868	0.00434	0.00347	0.01041
69	0.01707	0.04065	0.61186	0.02443	0.06753	0.04698	0.02911	0.02594	0.01745	0.02549	0.01451	0.01718	0.01042	0.00771	0.00771	0.00254	0.01198	0.00603	0.00349	0.01193
70	0.02169	0.71972	0.04252	0.01388	0.02083	0.03211	0.01388	0.02430	0.01649	0.01909	0.01128	0.01302	0.01041	0.00694	0.00521	0.00174	0.00868	0.00434	0.00347	0.01041
71	0.01249	0.00882	0.01099	0.04590	0.01304	0.00934	0.00729	0.03322	0.01329	0.01795	0.02487	0.07413	0.02728	0.50113	0.15932	0.00821	0.01056	0.01130	0.00496	0.00594
72	0.03031	0.03867	0.02299	0.02090	0.02508	0.68226	0.01568	0.03240	0.02299	0.01986	0.01254	0.01463	0.01045	0.00836	0.00732	0.00209	0.01463	0.00523	0.00418	0.00941
73	0.01775	0.01775	0.02485	0.02130	0.02130	0.02485	0.01775	0.01953	0.01243	0.01953	0.01065	0.01775	0.01065	0.01420	0.02663	0.00355	0.69998	0.00710	0.00355	0.00888
74	0.01728	0.04057	0.64022	0.02269	0.03440	0.01850	0.02908	0.02639	0.01743	0.05778	0.01543	0.01765	0.01077	0.00783	0.00773	0.00257	0.01174	0.00610	0.00376	0.01208
75	0.01683	0.01442	0.01683	0.01202	0.01923	0.01082	0.00961	0.02043	0.01683	0.02644	0.01442	0.01683	0.01202	0.00601	0.00601	0.00120	0.00601	0.00481	0.00481	0.76444
76	0.01513	0.00756	0.00756	0.00756	0.00945	0.00756	0.00567	0.01891	0.01702	0.03025	0.02647	0.03025	0.02080	0.00945	0.00567	0.00189	0.00378	0.00756	0.75988	0.00756
77	0.01661	0.01877	0.06753	0.09258	0.03637	0.01704	0.39760	0.02227	0.01807	0.02440	0.02273	0.15329	0.02149	0.01125	0.00957	0.00288	0.01134	0.04157	0.00483	0.00982
78	0.01532	0.01442	0.02434	0.69533	0.05589	0.01803	0.02253	0.02073	0.01622	0.02073	0.01442	0.02163	0.01082	0.00811	0.00811	0.00270	0.01082	0.00721	0.00361	0.00901
79	0.12345	0.02318	0.02462	0.14273	0.03108	0.14460	0.07233	0.27690	0.02644	0.03558	0.01592	0.01837	0.01185	0.00864	0.00770	0.00246	0.01042	0.00673	0.00579	0.01120
80	0.77215	0.01569	0.01193	0.01067	0.01569	0.01820	0.00879	0.02385	0.01381	0.03641	0.01130	0.01318	0.00879	0.00753	0.00502	0.00251	0.00628	0.00439	0.00502	0.00879
81	0.01752	0.01748	0.02513	0.02138	0.02174	0.02402	0.03946	0.01953	0.01270	0.01973	0.01137	0.01855	0.01116	0.01610	0.05637	0.00396	0.64407	0.00726	0.00361	0.00887
82	0.01706	0.01619	0.02747	0.46008	0.27758	0.01848	0.02340	0.02225	0.01705	0.02284	0.01473	0.02107	0.01156	0.00779	0.00808	0.00260	0.01039	0.00722	0.00376	0.01041
83	0.03641	0.01381	0.01883	0.01444	0.02071	0.01193	0.01193	0.03954	0.02322	0.66984	0.03201	0.02762	0.02009	0.01004	0.00816	0.00251	0.00690	0.00816	0.01004	0.01381
84	0.01775	0.01775	0.02485	0.02130	0.02130	0.02485	0.01775	0.01953	0.01243	0.01953	0.01065	0.01775	0.01065	0.01420	0.02663	0.00355	0.69998	0.00710	0.00355	0.00888
85	0.01409	0.00705	0.01057	0.01057	0.01057	0.00705	0.00705	0.01057	0.01057	0.01409	0.01409	0.02467	0.01409	0.02819	0.03171	0.76392	0.00705	0.00705	0.00352	0.00352
86	0.03641	0.01381	0.01883	0.01444	0.02071	0.01193	0.01193	0.03954	0.02322	0.66984	0.03201	0.02762	0.02009	0.01004	0.00816	0.00251	0.00690	0.00816	0.01004	0.01381
87	0.01167	0.00826	0.01067	0.01007	0.01198	0.00765	0.00755	0.01550	0.02266	0.03242	0.62688	0.05903	0.07365	0.01622	0.00937	0.00252	0.00383	0.01430	0.04812	0.00765
88	0.03264	0.01299	0.01752	0.01371	0.01939	0.01126	0.01122	0.03579	0.02296	0.57549	0.09537	0.03335	0.05781	0.01121	0.00837	0.00253	0.00647	0.00924	0.00981	0.01286
89	0.03085	0.02273	0.02435	0.01867	0.02516	0.02516	0.01542	0.63716	0.03815	0.05114	0.01948	0.01948	0.01380	0.00974	0.00812	0.00244	0.00893	0.00731	0.00812	0.01380
90	0.77215	0.01569	0.01193	0.01067	0.01569	0.01820	0.00879	0.02385	0.01381	0.03641	0.01130	0.01318	0.00879	0.00753	0.00502	0.00251	0.00628	0.00439	0.00502	0.00879
91	0.01110	0.00828	0.01032	0.00981	0.01189	0.00749	0.00736	0.01458	0.02207	0.03041	0.54414	0.06412	0.19369	0.01738	0.00957	0.00259	0.00388	0.01517	0.00865	0.00749
92	0.00997	0.00712	0.00949	0.01124	0.01179	0.00664	0.00754	0.01150	0.01591	0.02131	0.07568	0.67688	0.05482	0.02498	0.01032	0.00326	0.00466	0.02265	0.00760	0.00664
93	0.01027	0.00732	0.00969	0.01123	0.01189	0.00687	0.00766	0.01196	0.01625	0.02183	0.10555	0.58846	0.05458	0.05564	0.01172	0.00345	0.00488	0.04657	0.00755	0.00666
94	0.73236	0.01559	0.01230	0.01087	0.01596	0.01786	0.00896	0.02470	0.01432	0.07067	0.01242	0.01396	0.00940	0.00767	0.00519	0.00251	0.00631	0.00460	0.00529	0.00906
95	0.01015	0.00725	0.00969	0.01141	0.01204	0.00680	0.00781	0.01183	0.01617	0.02165	0.08427	0.63723	0.05480	0.02470	0.01035	0.00327	0.00479	0.05147	0.00762	0.00670
96	0.02158	0.29670	0.12017	0.08352	0.06102	0.08650	0.01718	0.02764	0.08261	0.07276	0.04557	0.01999	0.01577	0.00840	0.00692	0.00222	0.00938	0.00634	0.00482	0.01092
97	0.01890	0.02167	0.10387	0.06225	0.06514	0.01863	0.37783	0.02494	0.01845	0.05881	0.01975	0.02387	0.04483	0.00819	0.00982	0.00263	0.04742	0.00885	0.00450	0.05962
98	0.66095	0.05079	0.01443	0.04681	0.01828	0.01860	0.00991	0.02444	0.01451	0.06402	0.01242	0.01428	0.00950	0.00765	0.00534	0.00248	0.00666	0.00471	0.00510	0.00911
99	0.02716	0.05380	0.02172	0.01609	0.02172	0.02147	0.01329	0.46127	0.03239	0.06707	0.02372	0.02401	0.04732	0.01011	0.00768	0.00234	0.00783	0.00772	0.12096	0.01235
100	0.01090	0.00798	0.01024	0.01029	0.01192	0.00731	0.00748	0.01396	0.02068	0.02857	0.45083	0.22515	0.12613	0.01918	0.00977	0.00276	0.00408	0.01701	0.00845	0.00731
101	0.10317	0.09298	0.02286	0.01708	0.02237	0.21634	0.01379	0.26095	0.05491	0.03453	0.01940	0.02021	0.04075	0.00935	0.00726	0.00228	0.00980	0.00663	0.03423	0.01109
102	0.02079	0.05369	0.10234	0.08133	0.15455	0.05064	0.08170	0.14098	0.10028	0.03018	0.02160	0.02412	0.04659	0.01160	0.04130	0.00303	0.01039	0.00792	0.00540	0.01157
103	0.01905	0.08080	0.40147	0.06006	0.12631	0.04108	0.05619	0.05361	0.01867	0.04669	0.01524	0.01811	0.01127	0.00775	0.00772	0.00248	0.01123	0.00641	0.00401	0.01187
104	0.01729	0.05467	0.06137	0.05136	0.02473	0.02205	0.07484	0.02039	0.01441	0.02139	0.04143	0.02057	0.01425	0.01437	0.05063	0.00357	0.43485	0.00743	0.00393	0.04648
105	0.01653	0.01191	0.01355	0.01270	0.01519	0.01280	0.00927	0.02560	0.23960	0.07384	0.06559	0.13820	0.06501	0.18771	0.01732	0.00405	0.02832	0.01232	0.04135	0.00911
106	0.01747	0.01897	0.06511	0.08049	0.03385	0.01688	0.32308	0.02296	0.01771	0.02535	0.01726	0.05181	0.01426	0.00809	0.00910	0.00239	0.03976	0.00851	0.04349	0.18347
107	0.02023	0.01483	0.01735	0.01316	0.01959	0.01274	0.01052	0.05649	0.10164	0.11252	0.05308	0.02240	0.01819	0.00792	0.00687	0.00171	0.00621	0.00645	0.00632	0.49178
108	0.02178	0.65485	0.07457	0.01467	0.02176	0.05957	0.01480	0.02472	0.01680	0.01947	0.01151	0.01330	0.01041	0.00704	0.00543	0.00179	0.00911	0.00446	0.00350	0.01045
109	0.01652	0.01410	0.01626	0.01214	0.01865	0.01130	0.00964	0.02177	0.07326	0.02717	0.04979	0.02309	0.04811	0.00767	0.00655	0.00148	0.00585	0.00626	0.00544	0.62495
110	0.02278	0.01785	0.01922	0.01651	0.02144	0.02012	0.01305	0.16547	0.45553	0.07042	0.06405	0.02952	0.02504	0.01100	0.00829	0.00266	0.00683	0.00903	0.00836	0.01281
111	0.00997	0.00713	0.00949	0.01124	0.01179	0.00665	0.00754	0.01152	0.01594	0.02135	0.07800	0.67444	0.05491	0.02494	0.01031	0.00326	0.00466	0.02261	0.00761	0.00665
112	0.01756	0.01486	0.01722	0.01237	0.01954	0.01157	0.00992	0.05269	0.01794	0.02773	0.01469	0.01696	0.01211	0.00620	0.00612	0.00127	0.00616	0.00494	0.00498	0.72518
113	0.01409	0.00705	0.01057	0.01057	0.01057	0.00705	0.00705	0.01057	0.01057	0.01409	0.01409	0.02467	0.01409	0.02819	0.03171	0.76392	0.00705	0.00705	0.00352	0.00352
114	0.00995	0.00718	0.00943	0.01109	0.01175	0.00666	0.00747	0.01152	0.01605	0.02137	0.07738	0.64588	0.08478	0.02474	0.01028	0.00323	0.00463	0.02235	0.00760	0.00666
115	0.01507	0.01315	0.01824	0.04987	0.01918	0.01673	0.01356	0.04458	0.01477	0.02152	0.02179	0.17726	0.02287	0.02581	0.15753	0.00532	0.31162	0.01106	0.03186	0.00820
116	0.01107	0.00794	0.01034	0.01176	0.01264	0.00762	0.00817	0.04006	0.01706	0.02281	0.07195	0.61737	0.05257	0.02415	0.01026	0.00324	0.00500	0.05134	0.00762	0.00701
117	0.02499	0.01515	0.01858	0.04772	0.02192	0.01401	0.01193	0.13778	0.04070	0.23492	0.05220	0.05948	0.02029	0.00970	0.00763	0.00213	0.00690	0.00796	0.00743	0.25858
118	0.10118	0.01937	0.08279	0.11871	0.05971	0.01818	0.09903	0.08241	0.13421	0.16937	0.02201	0.02299	0.01563	0.00888	0.00798	0.00261	0.00898	0.00769	0.00644	0.01183
119	0.17236	0.29061	0.10890	0.01579	0.02188	0.05579	0.01522	0.08488	0.01836	0.02725	0.04059	0.01682	0.01330	0.00865	0.00823	0.00230	0.07865	0.00562	0.00452	0.01030
120	0.17157	0.02141	0.08305	0.03590	0.02419	0.02103	0.01506	0.30620	0.10667	0.10591	0.02028	0.02029	0.01444	0.00926	0.00750	0.00252	0.00824	0.00694	0.00715	0.01240
121	0.06495	0.05228	0.02003	0.03711	0.02142	0.04734	0.01250	0.17565	0.05644	0.18039	0.02148	0.02193	0.01557	0.00918	0.00808	0.00225	0.03948	0.00689	0.09459	0.11243
122	0.02303	0.04582	0.01950	0.04545	0.02145	0.01698	0.01224	0.25444	0.04536	0.09839	0.02403	0.12413	0.02098	0.03379	0.00891	0.00250	0.00729	0.00939	0.04647	0.13985

[dist]
# distance from previous block
# <min> <max>
4	10

[block]
# block no. 2 follows, 23 sequences, length 65
# corresponding to MSA columns:
# 271-335
name=unknown_C
#
# <colnr> <probs for GDERKNQSTAVLIFYWHMCP>
#	G	D	E	R	K	N	Q	S	T	A	V	L	I	F	Y	W	H	M	C	P
0	0.26478	0.08096	0.01951	0.04029	0.02098	0.04597	0.01185	0.08413	0.04679	0.22293	0.01955	0.01944	0.01384	0.00851	0.00669	0.00233	0.00744	0.00615	0.00668	0.07117
1	0.01388	0.00977	0.01180	0.01082	0.01378	0.00868	0.00814	0.04247	0.02043	0.07035	0.26046	0.17853	0.19420	0.01717	0.00913	0.00256	0.00475	0.01489	0.00788	0.10031
2	0.01767	0.01840	0.07666	0.29695	0.19848	0.01779	0.12489	0.02326	0.01812	0.04747	0.06612	0.02422	0.01701	0.00838	0.00842	0.00261	0.01040	0.00814	0.00442	0.01057
3	0.01737	0.17936	0.54503	0.02125	0.03222	0.02153	0.02672	0.02541	0.01700	0.02436	0.01390	0.01630	0.01031	0.00755	0.00720	0.00240	0.01132	0.00566	0.00344	0.01167
4	0.01705	0.00952	0.01243	0.01108	0.01401	0.00854	0.00852	0.02047	0.02234	0.17924	0.44048	0.08278	0.10958	0.01577	0.00928	0.00259	0.00460	0.01373	0.00902	0.00897
5	0.01220	0.00932	0.01310	0.01277	0.01374	0.01093	0.00956	0.01429	0.01268	0.01814	0.02166	0.03576	0.02165	0.21600	0.46646	0.01091	0.08026	0.00931	0.00441	0.00683
6	0.01032	0.00816	0.00929	0.00920	0.01146	0.00713	0.00683	0.01298	0.01992	0.02577	0.29393	0.12180	0.39547	0.01947	0.00964	0.00271	0.00405	0.01669	0.00805	0.00713
7	0.00999	0.00710	0.00938	0.01117	0.01161	0.00666	0.00739	0.01133	0.01533	0.02045	0.04369	0.67430	0.05237	0.06243	0.01202	0.00354	0.00488	0.02246	0.00739	0.00650
8	0.03641	0.01381	0.01883	0.01444	0.02071	0.01193	0.01193	0.03954	0.02322	0.66984	0.03201	0.02762	0.02009	0.01004	0.00816	0.00251	0.00690	0.00816	0.01004	0.01381
9	0.02008	0.01928	0.03294	0.04981	0.66422	0.01928	0.02490	0.02490	0.01848	0.02651	0.01526	0.02008	0.01285	0.00723	0.00803	0.00241	0.00964	0.00723	0.00402	0.01285
10	0.01904	0.02156	0.04605	0.03317	0.04073	0.02086	0.58569	0.02548	0.01862	0.02548	0.01596	0.02156	0.01218	0.00743	0.01093	0.00280	0.06824	0.00938	0.00406	0.01078
11	0.77215	0.01569	0.01193	0.01067	0.01569	0.01820	0.00879	0.02385	0.01381	0.03641	0.01130	0.01318	0.00879	0.00753	0.00502	0.00251	0.00628	0.00439	0.00502	0.00879
12	0.01959	0.01869	0.03179	0.04793	0.63251	0.01866	0.02406	0.02424	0.01833	0.02623	0.01669	0.05359	0.01484	0.00811	0.00815	0.00245	0.00940	0.00800	0.00419	0.01255
13	0.03085	0.02273	0.02435	0.01867	0.02516	0.02516	0.01542	0.63716	0.03815	0.05114	0.01948	0.01948	0.01380	0.00974	0.00812	0.00244	0.00893	0.00731	0.00812	0.01380
14	0.01004	0.00713	0.00937	0.01110	0.01154	0.00669	0.00732	0.01134	0.01524	0.02032	0.04320	0.65735	0.05175	0.08023	0.01282	0.00366	0.00496	0.02217	0.00732	0.00646
15	0.01557	0.01477	0.02439	0.62577	0.05232	0.01873	0.02204	0.02061	0.01583	0.02061	0.01403	0.02123	0.01080	0.00874	0.01002	0.00279	0.08194	0.00720	0.00360	0.00900
16	0.01159	0.00869	0.01304	0.01304	0.01449	0.01014	0.01014	0.01449	0.01304	0.01884	0.02173	0.03188	0.02029	0.06086	0.68268	0.01304	0.02173	0.00869	0.00435	0.00724
17	0.01883	0.02125	0.04587	0.09052	0.04356	0.02031	0.58259	0.02554	0.01890	0.02554	0.01625	0.02187	0.01218	0.00695	0.00945	0.00273	0.01344	0.00937	0.00406	0.01078
18	0.00986	0.00715	0.00932	0.01105	0.01170	0.00661	0.00742	0.01133	0.01577	0.02081	0.04770	0.65934	0.10195	0.02503	0.01030	0.00325	0.00466	0.02260	0.00753	0.00661
19	0.01384	0.00705	0.01050	0.01061	0.01064	0.00702	0.00708	0.01061	0.01087	0.01450	0.01595	0.06612	0.01649	0.02802	0.03042	0.71788	0.00691	0.00802	0.00377	0.00371
20	0.07292	0.02320	0.05202	0.02333	0.12605	0.05860	0.01704	0.42004	0.05734	0.04288	0.01830	0.01929	0.01348	0.00910	0.00786	0.00244	0.00921	0.00703	0.00688	0.01299
21	0.01050	0.00729	0.00956	0.01109	0.01154	0.00693	0.00740	0.01161	0.01493	0.01988	0.04052	0.55433	0.04809	0.12536	0.01582	0.03729	0.00540	0.04924	0.00697	0.00626
22	0.06026	0.46858	0.23929	0.01662	0.02505	0.02719	0.01868	0.02471	0.01655	0.02210	0.01231	0.01432	0.01028	0.00722	0.00598	0.00204	0.00959	0.00486	0.00354	0.01082
23	0.05523	0.01828	0.02009	0.01923	0.08921	0.04312	0.01371	0.29078	0.11751	0.03790	0.02690	0.09559	0.05432	0.01168	0.00808	0.00253	0.00764	0.00953	0.06710	0.01158
24	0.01099	0.00814	0.01025	0.01001	0.01189	0.00740	0.00740	0.01425	0.02139	0.02945	0.49510	0.13758	0.16961	0.01825	0.00966	0.00267	0.00397	0.01603	0.00854	0.00740
25	0.03106	0.01445	0.01817	0.01453	0.02023	0.01366	0.01181	0.06583	0.13892	0.47308	0.03555	0.03169	0.07092	0.01103	0.00829	0.00257	0.00669	0.00901	0.00943	0.01308
26	0.01838	0.02564	0.18303	0.05830	0.09347	0.02014	0.39791	0.02535	0.01824	0.02548	0.01558	0.02049	0.01178	0.00744	0.00972	0.00271	0.04291	0.00838	0.00390	0.01117
27	0.03085	0.02273	0.02435	0.01867	0.02516	0.02516	0.01542	0.63716	0.03815	0.05114	0.01948	0.01948	0.01380	0.00974	0.00812	0.00244	0.00893	0.00731	0.00812	0.01380
28	0.03031	0.03867	0.02299	0.02090	0.02508	0.68226	0.01568	0.03240	0.02299	0.01986	0.01254	0.01463	0.01045	0.00836	0.00732	0.00209	0.01463	0.00523	0.00418	0.00941
29	0.02189	0.05305	0.30050	0.04506	0.05610	0.01640	0.07313	0.02809	0.01886	0.19921	0.02153	0.05830	0.01608	0.00927	0.00796	0.00254	0.00970	0.00791	0.04267	0.01176
30	0.01915	0.02189	0.04788	0.03420	0.04241	0.02052	0.63475	0.02599	0.01915	0.02599	0.01642	0.02189	0.01231	0.00684	0.00958	0.00274	0.01368	0.00958	0.00410	0.01094
31	0.00989	0.00706	0.00942	0.01130	0.01177	0.00659	0.00753	0.01130	0.01554	0.02071	0.04472	0.70954	0.05367	0.02542	0.01036	0.00330	0.00471	0.02307	0.00753	0.00659
32	0.01776	0.01691	0.02873	0.36531	0.36689	0.01867	0.02375	0.02286	0.01738	0.02369	0.01485	0.02084	0.01186	0.00766	0.00807	0.00255	0.01021	0.00722	0.00382	0.01098
33	0.01866	0.06116	0.33610	0.01941	0.02754	0.01873	0.02127	0.05261	0.19561	0.05587	0.02362	0.02930	0.01888	0.01038	0.00816	0.00270	0.00945	0.07304	0.00568	0.01181
34	0.01261	0.00907	0.01250	0.01428	0.01605	0.00896	0.01222	0.01604	0.01837	0.02383	0.04496	0.15034	0.07596	0.02262	0.01105	0.00365	0.00705	0.52562	0.00748	0.00736
35	0.05018	0.66862	0.06385	0.01409	0.02114	0.03110	0.01426	0.02433	0.01641	0.01999	0.01140	0.01317	0.01035	0.00699	0.00529	0.00179	0.00870	0.00440	0.00353	0.01041
36	0.01683	0.01442	0.01683	0.01202	0.01923	0.01082	0.00961	0.02043	0.01683	0.02644	0.01442	0.01683	0.01202	0.00601	0.00601	0.00120	0.00601	0.00481	0.00481	0.76444
