[name]
unknown

[dist]
# distance from previous block
# <min> <max>
2	33

[block]
# block no. 0 follows, 20 sequences, length 45
# corresponding to MSA columns:
# 42-77,79-87
name=unknown_A
#
# <colnr> <probs for GDERKNQSTAVLIFYWHMCP>
#	G	D	E	R	K	N	Q	S	T	A	V	L	I	F	Y	W	H	M	C	P
0	0.07853	0.17325	0.09857	0.02770	0.16905	0.02385	0.08567	0.07201	0.09269	0.03031	0.01776	0.02028	0.01410	0.00835	0.00777	0.00247	0.00991	0.00710	0.00514	0.05549
1	0.10005	0.07816	0.16232	0.02317	0.09403	0.04885	0.05199	0.09699	0.06506	0.03040	0.01855	0.02415	0.01552	0.08209	0.03885	0.00374	0.04168	0.00769	0.00522	0.01146
2	0.01732	0.06699	0.05267	0.02268	0.15948	0.04394	0.01482	0.02248	0.05452	0.02881	0.21421	0.07958	0.05592	0.05276	0.01099	0.00290	0.00757	0.01140	0.00662	0.07434
3	0.02399	0.11193	0.06080	0.01663	0.02276	0.02089	0.01440	0.14440	0.20937	0.09871	0.08394	0.03155	0.05818	0.01145	0.00842	0.00259	0.00775	0.00918	0.00784	0.05520
4	0.02164	0.16540	0.20815	0.02766	0.15378	0.04861	0.05635	0.02837	0.04913	0.05511	0.01674	0.01960	0.01318	0.00857	0.00900	0.00251	0.04831	0.00681	0.00459	0.05649
5	0.02172	0.09969	0.16793	0.02128	0.06687	0.09728	0.01887	0.06146	0.14981	0.04888	0.06090	0.06787	0.02438	0.01180	0.00864	0.00274	0.00979	0.04191	0.00629	0.01189
6	0.06434	0.14373	0.18709	0.02600	0.09197	0.02277	0.13835	0.02862	0.05499	0.06503	0.01738	0.02030	0.01337	0.00861	0.00932	0.00263	0.05159	0.00731	0.00481	0.04177
7	0.02047	0.02001	0.06065	0.12672	0.34855	0.01893	0.10891	0.02588	0.01988	0.06309	0.02462	0.02861	0.07539	0.00946	0.00905	0.00273	0.01052	0.00919	0.00500	0.01234
8	0.01951	0.02714	0.23792	0.11210	0.13408	0.01950	0.09427	0.02736	0.05586	0.06397	0.02347	0.02659	0.05968	0.00994	0.01004	0.00286	0.05006	0.00859	0.00498	0.01206
9	0.01903	0.01956	0.09210	0.02201	0.02741	0.05089	0.18788	0.02351	0.01928	0.08908	0.02989	0.26797	0.03010	0.01548	0.01051	0.00304	0.03068	0.01453	0.00637	0.04069
10	0.01211	0.00887	0.01123	0.01225	0.01356	0.00853	0.00858	0.04637	0.01899	0.02531	0.10375	0.49999	0.11305	0.02688	0.04316	0.00388	0.00608	0.02160	0.00810	0.00769
11	0.01433	0.01172	0.01631	0.01630	0.05260	0.01321	0.01168	0.01746	0.01908	0.02743	0.30672	0.04729	0.04856	0.09675	0.12182	0.00538	0.14580	0.01227	0.00685	0.00845
12	0.02106	0.05913	0.17757	0.03065	0.15960	0.10793	0.13202	0.04220	0.02024	0.02655	0.02069	0.06155	0.04209	0.01024	0.01000	0.00276	0.05041	0.00895	0.00466	0.01170
13	0.01581	0.01565	0.02928	0.12087	0.03293	0.01587	0.24041	0.02027	0.01828	0.02444	0.03165	0.25846	0.06435	0.01586	0.01147	0.00320	0.05069	0.01528	0.00579	0.00943
14	0.01437	0.01070	0.01460	0.01307	0.01607	0.01002	0.04534	0.01950	0.05796	0.06032	0.40760	0.06420	0.16535	0.01761	0.01024	0.00287	0.00535	0.04698	0.00895	0.00891
15	0.05928	0.07554	0.37250	0.03138	0.17433	0.02139	0.09031	0.02726	0.01874	0.02805	0.01563	0.01919	0.01184	0.00801	0.00826	0.00268	0.01195	0.00696	0.00400	0.01269
16	0.05519	0.15489	0.40950	0.02287	0.05941	0.02231	0.02560	0.02592	0.01781	0.02630	0.01664	0.05842	0.01399	0.00964	0.00893	0.00270	0.04658	0.00729	0.00408	0.01193
17	0.01234	0.01006	0.01141	0.01281	0.01393	0.04704	0.00874	0.01402	0.01726	0.02252	0.04434	0.61335	0.05262	0.02517	0.01070	0.00335	0.00578	0.02265	0.00773	0.04418
18	0.01799	0.01636	0.02611	0.48489	0.12911	0.01935	0.02267	0.05765	0.04545	0.02562	0.01880	0.06383	0.01556	0.00997	0.00886	0.00289	0.01074	0.00889	0.00469	0.01055
19	0.07246	0.05647	0.02185	0.26999	0.03429	0.01874	0.01666	0.05924	0.05558	0.02794	0.05241	0.05655	0.02014	0.01383	0.04244	0.00337	0.07015	0.00880	0.08924	0.00985
20	0.02974	0.02197	0.02375	0.01851	0.02474	0.02386	0.01499	0.50386	0.03646	0.04911	0.02228	0.05246	0.01783	0.06154	0.01133	0.00301	0.00913	0.00878	0.00823	0.05841
21	0.03120	0.03954	0.02373	0.02163	0.02602	0.61804	0.01622	0.03345	0.02442	0.02149	0.01813	0.01996	0.04996	0.00980	0.00802	0.00229	0.01503	0.00641	0.00472	0.00994
22	0.07455	0.05905	0.06719	0.04610	0.02389	0.01492	0.01420	0.03566	0.02287	0.43387	0.06821	0.03102	0.04740	0.01103	0.00849	0.00267	0.00778	0.00888	0.00901	0.01321
23	0.03166	0.01363	0.01812	0.01463	0.02010	0.01224	0.01179	0.03642	0.06169	0.46272	0.15195	0.06397	0.03523	0.01291	0.00917	0.00276	0.00665	0.01087	0.01033	0.01317
24	0.01095	0.00802	0.01099	0.04810	0.01523	0.00775	0.00898	0.01270	0.01674	0.02227	0.04630	0.65158	0.05518	0.02631	0.01100	0.00351	0.00542	0.02387	0.00787	0.00723
25	0.01641	0.01627	0.02685	0.13765	0.06764	0.05394	0.17992	0.02057	0.01859	0.02416	0.02992	0.30600	0.03181	0.01623	0.01013	0.00313	0.00986	0.01560	0.00589	0.00943
26	0.06913	0.01446	0.01820	0.01471	0.02028	0.01345	0.01185	0.06721	0.06035	0.38894	0.12091	0.07126	0.03151	0.01249	0.00885	0.00270	0.00681	0.01036	0.00969	0.04684
27	0.01750	0.04512	0.64825	0.02486	0.03775	0.02026	0.03223	0.02762	0.01842	0.02762	0.01565	0.01842	0.01105	0.00829	0.00829	0.00276	0.01289	0.00645	0.00368	0.01289
28	0.02587	0.02949	0.02058	0.01867	0.02297	0.37100	0.01416	0.05626	0.13963	0.02673	0.06295	0.03275	0.11834	0.01217	0.00862	0.00254	0.01135	0.00912	0.00636	0.01048
29	0.05234	0.36491	0.25398	0.01858	0.02716	0.02713	0.02073	0.02587	0.01790	0.02454	0.04242	0.01826	0.01441	0.00874	0.00816	0.00238	0.05096	0.00600	0.00407	0.01148
30	0.01335	0.00979	0.01300	0.01453	0.01641	0.00969	0.01192	0.01773	0.04970	0.02616	0.08446	0.22340	0.08772	0.02370	0.01147	0.00372	0.00686	0.36011	0.00819	0.00808
31	0.01243	0.00847	0.01010	0.01032	0.01056	0.00859	0.00625	0.01296	0.01328	0.01789	0.02925	0.12332	0.03340	0.54773	0.11215	0.00857	0.00982	0.01362	0.00552	0.00577
32	0.01835	0.11930	0.54382	0.02441	0.03644	0.02201	0.06385	0.02747	0.01846	0.02682	0.01536	0.01820	0.01119	0.00814	0.00809	0.00267	0.01259	0.00646	0.00373	0.01263
33	0.02006	0.01799	0.02934	0.31402	0.04333	0.02048	0.13859	0.11288	0.02142	0.02945	0.01785	0.02362	0.01362	0.00944	0.01048	0.00285	0.06903	0.00831	0.08654	0.01071
34	0.01334	0.00998	0.01303	0.01260	0.01314	0.01138	0.00880	0.01463	0.01322	0.01853	0.02423	0.04486	0.02598	0.39903	0.25501	0.00985	0.08989	0.01095	0.00491	0.00664
35	0.01066	0.00869	0.00947	0.00989	0.01232	0.00750	0.00735	0.01293	0.01956	0.02400	0.10431	0.18887	0.47845	0.02291	0.01054	0.00310	0.00471	0.04918	0.00817	0.00739
36	0.12814	0.02556	0.05579	0.02040	0.06187	0.13193	0.01604	0.30213	0.02987	0.04094	0.02312	0.02405	0.05941	0.01046	0.00813	0.00258	0.00993	0.00775	0.02955	0.01236
37	0.01667	0.01577	0.02620	0.62438	0.05732	0.01992	0.02384	0.02219	0.01714	0.02219	0.01520	0.02295	0.01161	0.00921	0.01019	0.00297	0.06094	0.00774	0.00387	0.00968
38	0.01228	0.00889	0.01125	0.01258	0.01368	0.00858	0.00866	0.05643	0.01864	0.02475	0.04789	0.61113	0.08059	0.02584	0.01092	0.00345	0.00537	0.02325	0.00814	0.00767
39	0.05774	0.58732	0.08042	0.01568	0.02335	0.03250	0.01584	0.05993	0.01898	0.02382	0.01286	0.01468	0.01131	0.00772	0.00594	0.00200	0.00944	0.00496	0.00409	0.01143
40	0.01836	0.01549	0.01891	0.01626	0.06589	0.01269	0.01166	0.05639	0.01943	0.02929	0.01977	0.09805	0.01842	0.00928	0.00731	0.00173	0.00677	0.00785	0.00567	0.56078
41	0.04908	0.01804	0.03213	0.18322	0.14279	0.01915	0.18598	0.02461	0.01863	0.06150	0.02084	0.10372	0.01855	0.01111	0.01108	0.00300	0.07006	0.01048	0.00507	0.01095
42	0.02390	0.29738	0.15624	0.01858	0.02645	0.09935	0.01839	0.09824	0.09132	0.02837	0.01691	0.01826	0.01348	0.00860	0.00719	0.00227	0.01036	0.00613	0.00507	0.05350
43	0.01340	0.01134	0.01822	0.08382	0.02228	0.01168	0.08926	0.01606	0.01676	0.02245	0.03613	0.39408	0.04109	0.10322	0.01582	0.00403	0.04415	0.04168	0.00660	0.00792
44	0.01902	0.06040	0.14528	0.01997	0.06856	0.01524	0.05223	0.05502	0.02150	0.09988	0.15412	0.18394	0.03836	0.01492	0.00942	0.00287	0.00817	0.01318	0.00711	0.01081

[dist]
# distance from previous block
# <min> <max>
7	37

[block]
# block no. 1 follows, 20 sequences, length 74
# corresponding to MSA columns:
# 129-202
name=unknown_B
#
# <colnr> <probs for GDERKNQSTAVLIFYWHMCP>
#	G	D	E	R	K	N	Q	S	T	A	V	L	I	F	Y	W	H	M	C	P
0	0.01820	0.01765	0.03042	0.25231	0.04115	0.01827	0.18241	0.02359	0.01820	0.02576	0.01644	0.02223	0.01291	0.00838	0.01004	0.00256	0.06283	0.00785	0.04156	0.18723
1	0.01689	0.04988	0.05582	0.01713	0.02134	0.01473	0.08078	0.08395	0.06774	0.02816	0.03317	0.32867	0.03533	0.04425	0.01104	0.00318	0.00774	0.01577	0.00695	0.07747
2	0.01933	0.02047	0.04090	0.14022	0.12163	0.01997	0.36675	0.02561	0.01961	0.02680	0.01872	0.06028	0.01553	0.00870	0.00964	0.00282	0.01260	0.01006	0.00456	0.05579
3	0.01452	0.01478	0.06615	0.11127	0.02771	0.01290	0.11962	0.01870	0.01801	0.02462	0.03347	0.32765	0.03610	0.01799	0.01012	0.00318	0.00853	0.06084	0.03585	0.03801
4	0.01063	0.00759	0.01012	0.01215	0.01265	0.00709	0.00810	0.01215	0.01670	0.02227	0.04808	0.68775	0.05769	0.02733	0.01113	0.00354	0.00506	0.02480	0.00810	0.00709
5	0.02328	0.02113	0.02051	0.01830	0.02330	0.08051	0.01423	0.07400	0.53858	0.03604	0.03274	0.03041	0.02461	0.01150	0.00878	0.00288	0.00785	0.00937	0.00847	0.01352
6	0.01287	0.01001	0.01434	0.01397	0.01590	0.00960	0.06315	0.01669	0.05444	0.02526	0.09006	0.41194	0.09101	0.05602	0.01209	0.00348	0.00603	0.01948	0.06564	0.00802
7	0.10930	0.03897	0.50928	0.02368	0.05833	0.01971	0.02795	0.02703	0.01801	0.02913	0.01524	0.01800	0.01107	0.00814	0.00784	0.00266	0.01166	0.00621	0.00401	0.05379
8	0.02059	0.02353	0.05147	0.03676	0.04559	0.02206	0.60735	0.02794	0.02059	0.02794	0.01765	0.02353	0.01324	0.00735	0.01029	0.00294	0.01471	0.01029	0.00441	0.01176
9	0.02135	0.02048	0.03497	0.08242	0.61202	0.02066	0.02665	0.02656	0.01975	0.02821	0.01637	0.02167	0.01371	0.00782	0.00864	0.00261	0.01042	0.00777	0.00430	0.01362
10	0.01306	0.00801	0.00976	0.01066	0.01191	0.00785	0.00753	0.01539	0.01690	0.02546	0.03899	0.32525	0.06851	0.02453	0.07007	0.04389	0.00649	0.01612	0.27226	0.00736
11	0.01596	0.14747	0.08486	0.01504	0.01877	0.01714	0.01361	0.01962	0.01612	0.02299	0.05814	0.03043	0.02215	0.06803	0.28466	0.00762	0.06743	0.00846	0.07244	0.00904
12	0.01176	0.00877	0.01093	0.01064	0.01274	0.00794	0.00789	0.01522	0.02292	0.03138	0.46427	0.12951	0.19462	0.01964	0.01037	0.00286	0.00427	0.01720	0.00914	0.00794
13	0.06016	0.01490	0.01897	0.01510	0.02106	0.01376	0.01228	0.07881	0.05229	0.46649	0.06649	0.05857	0.05635	0.01229	0.00890	0.00275	0.00712	0.01007	0.01006	0.01359
14	0.02044	0.02458	0.08853	0.03432	0.07846	0.05316	0.44531	0.02729	0.02055	0.02745	0.01984	0.02953	0.01641	0.00907	0.01008	0.00297	0.01374	0.06204	0.00469	0.01155
15	0.02075	0.01820	0.02842	0.30627	0.09861	0.02033	0.10191	0.12627	0.06575	0.03124	0.01945	0.02426	0.01467	0.00910	0.00870	0.00276	0.01056	0.00831	0.07304	0.01140
16	0.01854	0.03881	0.52943	0.02285	0.03404	0.01843	0.02836	0.02748	0.01937	0.07234	0.05713	0.02644	0.01835	0.00991	0.00865	0.00282	0.01169	0.03807	0.00480	0.01248
17	0.05395	0.01188	0.01453	0.01461	0.01681	0.01161	0.01109	0.01874	0.02070	0.05682	0.17143	0.21677	0.12386	0.02495	0.05271	0.00437	0.04368	0.11337	0.00863	0.00948
18	0.02026	0.12292	0.14606	0.08108	0.19260	0.02220	0.02175	0.03111	0.17715	0.02862	0.02224	0.02721	0.01814	0.00988	0.00839	0.00272	0.00975	0.03983	0.00548	0.01260
19	0.01844	0.10064	0.52437	0.02640	0.07421	0.02165	0.06129	0.02745	0.01856	0.02706	0.01549	0.01849	0.01135	0.00813	0.00818	0.00268	0.01251	0.00658	0.00377	0.01274
20	0.02091	0.01498	0.01740	0.01641	0.02056	0.01613	0.01332	0.03518	0.32590	0.11048	0.04182	0.05540	0.06994	0.01607	0.00992	0.00325	0.00716	0.18455	0.00882	0.01179
21	0.04077	0.01903	0.03478	0.24691	0.09781	0.02002	0.24964	0.02664	0.07587	0.02696	0.02273	0.02759	0.05260	0.00921	0.00934	0.00289	0.01168	0.00952	0.00490	0.01110
22	0.05428	0.08640	0.13652	0.05515	0.16292	0.05703	0.13285	0.02941	0.01998	0.12088	0.01825	0.02128	0.01366	0.00871	0.00948	0.00270	0.04525	0.00765	0.00518	0.01243
23	0.02200	0.55029	0.18253	0.01718	0.02588	0.03128	0.01885	0.02646	0.01788	0.02214	0.01293	0.01500	0.01116	0.00765	0.00621	0.00207	0.01014	0.00507	0.00372	0.01158
24	0.01511	0.01409	0.02437	0.04850	0.07278	0.01464	0.14846	0.01847	0.01743	0.02389	0.03254	0.36954	0.03619	0.01891	0.01295	0.00334	0.09626	0.01722	0.00623	0.00911
25	0.04559	0.09353	0.45149	0.02728	0.10533	0.05130	0.05252	0.02768	0.01878	0.02728	0.01531	0.01836	0.01142	0.00815	0.00807	0.00265	0.01230	0.00651	0.00389	0.01256
26	0.02042	0.02214	0.06525	0.09795	0.34094	0.05292	0.11953	0.02567	0.01943	0.02654	0.02043	0.02528	0.05174	0.00936	0.01054	0.00279	0.06382	0.00866	0.00447	0.01214
27	0.05923	0.00929	0.01204	0.01289	0.01460	0.00902	0.00932	0.01713	0.01749	0.09557	0.04194	0.47751	0.04687	0.02757	0.07012	0.00438	0.00729	0.05156	0.00793	0.00825
28	0.02022	0.01951	0.03376	0.21283	0.46161	0.02044	0.05320	0.02567	0.01927	0.02687	0.01623	0.02211	0.01322	0.00800	0.00874	0.00269	0.01089	0.00788	0.00421	0.01265
29	0.02063	0.05931	0.15997	0.04678	0.02981	0.01856	0.13640	0.02699	0.04789	0.11735	0.05472	0.03373	0.11291	0.01186	0.01123	0.00290	0.08152	0.01001	0.00606	0.01139
30	0.02302	0.02286	0.07665	0.15511	0.17475	0.06069	0.02173	0.12101	0.06918	0.05244	0.01806	0.02194	0.01408	0.01014	0.01184	0.00288	0.11827	0.00772	0.00540	0.01223
31	0.02330	0.01738	0.01878	0.01622	0.02014	0.06293	0.01268	0.24171	0.02592	0.07153	0.02522	0.08946	0.02252	0.08114	0.19338	0.00631	0.01302	0.01012	0.03746	0.01078
32	0.01961	0.03749	0.48866	0.02380	0.05202	0.01894	0.02786	0.02941	0.05569	0.08485	0.02079	0.02614	0.01585	0.00985	0.00865	0.00285	0.01160	0.04812	0.00498	0.01280
33	0.01810	0.01717	0.02911	0.47518	0.24464	0.01981	0.02504	0.02372	0.01821	0.02427	0.01579	0.02272	0.01233	0.00842	0.00869	0.00281	0.01122	0.00776	0.00402	0.01101
34	0.01533	0.01590	0.04952	0.01457	0.01851	0.07078	0.04788	0.02134	0.08860	0.02818	0.19744	0.06085	0.27420	0.01716	0.00990	0.00288	0.00694	0.04312	0.00775	0.00915
35	0.01624	0.01232	0.02017	0.01859	0.04437	0.01194	0.11328	0.01887	0.01823	0.08074	0.06049	0.33072	0.08577	0.02036	0.01321	0.05660	0.04508	0.01711	0.00706	0.00884
36	0.05196	0.36400	0.14234	0.01932	0.02664	0.14987	0.04208	0.02777	0.01890	0.02294	0.01317	0.01580	0.01121	0.00842	0.00816	0.00229	0.05446	0.00557	0.00397	0.01113
37	0.02807	0.07254	0.02586	0.02226	0.04969	0.38057	0.01684	0.09799	0.02358	0.02539	0.01504	0.01861	0.01276	0.01501	0.07038	0.00356	0.09987	0.00651	0.00487	0.01059
38	0.01295	0.01003	0.01481	0.06575	0.01861	0.01174	0.01156	0.01583	0.01429	0.02024	0.02416	0.07446	0.02372	0.11800	0.48318	0.01156	0.04613	0.01041	0.00484	0.00772
39	0.02018	0.01935	0.03344	0.13205	0.48101	0.01973	0.06014	0.02550	0.01993	0.02810	0.06074	0.02506	0.01841	0.00860	0.00887	0.00267	0.01035	0.00850	0.00464	0.01274
40	0.03727	0.05489	0.02265	0.01623	0.02306	0.01637	0.01355	0.13454	0.02719	0.51327	0.03095	0.02737	0.01990	0.01056	0.00859	0.00264	0.00789	0.00839	0.01006	0.01464
41	0.02881	0.02127	0.02210	0.01823	0.02395	0.06031	0.01452	0.25896	0.25175	0.12841	0.02809	0.02780	0.02071	0.04190	0.01035	0.00300	0.00861	0.00881	0.00866	0.01374
42	0.01144	0.00861	0.01070	0.01191	0.01338	0.00805	0.00857	0.01440	0.04005	0.02455	0.10828	0.42334	0.18169	0.02450	0.01089	0.00337	0.00519	0.07527	0.00825	0.00758
43	0.01882	0.03273	0.35432	0.03492	0.25158	0.01969	0.05267	0.02658	0.01915	0.02783	0.01841	0.02607	0.01522	0.00931	0.00879	0.00281	0.01168	0.05233	0.00428	0.01279
44	0.01803	0.10521	0.59285	0.02395	0.03634	0.02157	0.03064	0.02749	0.01835	0.02697	0.01533	0.01801	0.01106	0.00821	0.00804	0.00268	0.01256	0.00628	0.00369	0.01274
45	0.03828	0.01621	0.02109	0.01617	0.02295	0.01485	0.01336	0.12359	0.02726	0.56076	0.03249	0.02844	0.02063	0.01075	0.00877	0.00269	0.00773	0.00864	0.01050	0.01484
46	0.02044	0.31796	0.31387	0.02345	0.07492	0.02642	0.05925	0.02695	0.01836	0.02471	0.01434	0.01709	0.01144	0.00785	0.00730	0.00238	0.01132	0.00602	0.00379	0.01217
47	0.01241	0.00954	0.01102	0.01156	0.01365	0.00890	0.00840	0.05969	0.02008	0.02554	0.06256	0.36044	0.29353	0.02369	0.01064	0.00324	0.00528	0.04383	0.00815	0.00785
48	0.01756	0.01591	0.02496	0.49543	0.04927	0.02005	0.02180	0.04629	0.01784	0.02417	0.01602	0.02317	0.01250	0.00993	0.01167	0.00298	0.11587	0.00776	0.05707	0.00977
49	0.01211	0.00898	0.01211	0.06458	0.01704	0.00896	0.00975	0.04005	0.01786	0.02375	0.04428	0.60512	0.05212	0.02510	0.01083	0.00345	0.00578	0.02269	0.00779	0.00764
50	0.02884	0.01786	0.09882	0.01590	0.02223	0.01365	0.01439	0.05798	0.05185	0.36613	0.17688	0.03661	0.03490	0.01221	0.00908	0.00273	0.00739	0.01018	0.00942	0.01294
51	0.01823	0.12726	0.57253	0.02361	0.03582	0.02205	0.03005	0.02744	0.01833	0.02673	0.01521	0.01786	0.01107	0.00818	0.00795	0.00265	0.01244	0.00622	0.00369	0.01268
52	0.01063	0.00885	0.00928	0.00918	0.01198	0.00750	0.00688	0.01314	0.02064	0.02537	0.17495	0.08097	0.54778	0.02142	0.01031	0.00291	0.00437	0.01799	0.00834	0.00750
53	0.01925	0.01834	0.03117	0.33687	0.37401	0.02011	0.02561	0.02472	0.01875	0.02565	0.01599	0.02235	0.01281	0.00821	0.00867	0.00274	0.01094	0.00776	0.00412	0.01193
54	0.02066	0.01978	0.03373	0.16587	0.53396	0.02048	0.02631	0.02596	0.01942	0.02737	0.01624	0.02189	0.01342	0.00794	0.00865	0.00265	0.01059	0.00777	0.00424	0.01307
55	0.08302	0.02318	0.18557	0.01796	0.02596	0.01582	0.01797	0.06452	0.02302	0.37128	0.02789	0.02930	0.01932	0.01073	0.00860	0.00279	0.00897	0.04232	0.00826	0.01353
56	0.02184	0.02023	0.03065	0.17710	0.34492	0.04697	0.04723	0.08764	0.04323	0.03012	0.01795	0.02270	0.01424	0.00856	0.00857	0.00264	0.01049	0.00789	0.04454	0.01249
57	0.02236	0.07271	0.02608	0.05564	0.17207	0.07182	0.01758	0.09617	0.02108	0.06277	0.02168	0.02591	0.04414	0.01828	0.10228	0.00428	0.10071	0.00814	0.04502	0.01128
58	0.01892	0.16030	0.35817	0.07440	0.03476	0.02396	0.05727	0.02592	0.01755	0.02487	0.01444	0.01835	0.01130	0.00919	0.01106	0.00278	0.11466	0.00660	0.00377	0.01174
59	0.01268	0.00846	0.00951	0.00951	0.00951	0.00846	0.00529	0.01268	0.01268	0.01691	0.02748	0.05708	0.03171	0.69345	0.04440	0.00846	0.00846	0.01268	0.00529	0.00529
60	0.01892	0.17436	0.48959	0.02466	0.07208	0.02314	0.02843	0.02727	0.01837	0.02626	0.01500	0.01773	0.01125	0.00809	0.00777	0.00257	0.01202	0.00617	0.00373	0.01261
61	0.01793	0.01923	0.08439	0.44521	0.04966	0.02017	0.06514	0.05291	0.01863	0.02521	0.01619	0.02277	0.01234	0.00932	0.01044	0.00292	0.07080	0.00783	0.03857	0.01031
62	0.02062	0.19300	0.03009	0.28102	0.08120	0.11277	0.01905	0.02442	0.01811	0.02160	0.01536	0.02265	0.01346	0.07160	0.01191	0.00307	0.03887	0.00711	0.00409	0.01002
63	0.01137	0.00842	0.01034	0.01076	0.01231	0.00769	0.00757	0.01384	0.01992	0.02666	0.26732	0.27270	0.19010	0.08403	0.01371	0.00358	0.00489	0.01902	0.00838	0.00740
64	0.05929	0.07376	0.01640	0.01308	0.01629	0.01206	0.01013	0.02250	0.01990	0.17579	0.12794	0.27596	0.04424	0.04993	0.01121	0.00327	0.00628	0.04407	0.00830	0.00961
65	0.02165	0.02333	0.07169	0.11583	0.49114	0.07084	0.02605	0.02698	0.01989	0.02721	0.01603	0.02111	0.01321	0.00800	0.00856	0.00261	0.01108	0.00752	0.00424	0.01302
66	0.02102	0.01635	0.05688	0.06160	0.02317	0.01373	0.01304	0.07668	0.04353	0.12555	0.06801	0.03642	0.07938	0.06501	0.01120	0.00282	0.00756	0.03197	0.00699	0.23911
67	0.01571	0.01108	0.01459	0.07456	0.02017	0.01149	0.01186	0.02172	0.10714	0.07029	0.07088	0.30496	0.04496	0.04865	0.01194	0.00360	0.00680	0.13259	0.00796	0.00904
68	0.07953	0.02423	0.07303	0.11761	0.28032	0.09115	0.15469	0.02733	0.01978	0.02760	0.01587	0.02080	0.01261	0.00799	0.00866	0.00269	0.01196	0.00778	0.00435	0.01204
69	0.05467	0.27674	0.29414	0.01962	0.02901	0.02606	0.02199	0.07463	0.07540	0.02854	0.01646	0.01812	0.01276	0.00848	0.00727	0.00244	0.01051	0.00615	0.00465	0.01236
70	0.06203	0.07767	0.03070	0.03568	0.32340	0.12584	0.02084	0.10593	0.07847	0.03144	0.01773	0.02059	0.01428	0.00869	0.00814	0.00252	0.01055	0.00723	0.00535	0.01292
71	0.01785	0.01609	0.02698	0.35025	0.11356	0.01805	0.08788	0.04684	0.04215	0.02468	0.01902	0.05872	0.01635	0.04262	0.01297	0.07149	0.01072	0.00920	0.00466	0.00991
72	0.16819	0.01246	0.01368	0.01300	0.01621	0.01264	0.00972	0.08655	0.02029	0.05395	0.08838	0.33771	0.04021	0.01829	0.00914	0.00298	0.00604	0.01574	0.00762	0.06719
73	0.01801	0.09200	0.25759	0.07990	0.03088	0.01776	0.06713	0.02452	0.02021	0.06490	0.14169	0.03629	0.05411	0.01173	0.00896	0.00278	0.00988	0.04484	0.00580	0.01102

[dist]
# distance from previous block
# <min> <max>
0	1

[block]
# block no. 2 follows, 20 sequences, length 14
# corresponding to MSA columns:
# 204-217
name=unknown_C
#
# <colnr> <probs for GDERKNQSTAVLIFYWHMCP>
#	G	D	E	R	K	N	Q	S	T	A	V	L	I	F	Y	W	H	M	C	P
0	0.01776	0.01589	0.02640	0.03187	0.24551	0.01594	0.08971	0.02369	0.05705	0.02732	0.03032	0.08912	0.03019	0.01762	0.04190	0.00377	0.01018	0.20874	0.00615	0.01086
1	0.20670	0.06997	0.24873	0.09934	0.06156	0.02096	0.02149	0.07747	0.01982	0.07454	0.01632	0.01881	0.01191	0.00858	0.00753	0.00268	0.01018	0.00641	0.00510	0.01188
2	0.03051	0.01511	0.01936	0.01445	0.02161	0.01233	0.01180	0.03409	0.02215	0.39228	0.02666	0.02493	0.01804	0.00902	0.00782	0.00212	0.00703	0.00729	0.00849	0.31489
3	0.01787	0.04251	0.57625	0.02630	0.03870	0.02048	0.10162	0.02766	0.01868	0.02766	0.01589	0.01903	0.01131	0.00817	0.00853	0.00278	0.01311	0.00691	0.00377	0.01276
4	0.02159	0.02073	0.03541	0.05354	0.63903	0.02073	0.02677	0.02677	0.01986	0.02850	0.01641	0.02159	0.01382	0.00777	0.00864	0.00259	0.01036	0.00777	0.00432	0.01382
5	0.01193	0.00868	0.01124	0.01107	0.01290	0.00798	0.00812	0.01549	0.02302	0.03213	0.50179	0.17683	0.10669	0.01974	0.01044	0.00290	0.00430	0.01752	0.00926	0.00798
6	0.01310	0.00997	0.01182	0.01225	0.01431	0.00965	0.00894	0.05633	0.05591	0.02723	0.11859	0.36022	0.19822	0.02279	0.01058	0.00323	0.00535	0.04492	0.00835	0.00825
7	0.10650	0.01766	0.03135	0.36174	0.04776	0.01952	0.19904	0.02384	0.01804	0.02604	0.01760	0.05995	0.01447	0.00929	0.00894	0.00293	0.01160	0.00913	0.00446	0.01014
8	0.01323	0.00947	0.01357	0.01343	0.01481	0.01095	0.01030	0.01590	0.01421	0.02106	0.02320	0.03428	0.02163	0.08803	0.50856	0.04854	0.04522	0.00924	0.07680	0.00756
9	0.01124	0.00910	0.00966	0.00966	0.01209	0.00811	0.00697	0.01416	0.04284	0.02409	0.12036	0.11675	0.45414	0.10473	0.01452	0.00365	0.00503	0.01757	0.00790	0.00741
10	0.10836	0.07642	0.34432	0.02206	0.03164	0.02038	0.08875	0.02902	0.07000	0.06092	0.05296	0.02260	0.01700	0.00907	0.00817	0.00273	0.01084	0.00749	0.00511	0.01215
11	0.02164	0.52619	0.08374	0.13814	0.03047	0.03071	0.01785	0.02551	0.01772	0.02134	0.01300	0.01602	0.01126	0.00775	0.00637	0.00212	0.01000	0.00536	0.00375	0.01103
12	0.01917	0.01826	0.03104	0.34585	0.36561	0.02009	0.02557	0.02465	0.01872	0.02556	0.01598	0.02238	0.01278	0.00822	0.00868	0.00274	0.01096	0.00776	0.00411	0.01187
13	0.02023	0.01511	0.01729	0.01575	0.01968	0.01585	0.01284	0.23208	0.05289	0.03653	0.06819	0.12847	0.13521	0.01841	0.01025	0.00318	0.00747	0.17163	0.00840	0.01053

[dist]
# distance from previous block
# <min> <max>
0	2

[block]
# block no. 3 follows, 20 sequences, length 36
# corresponding to MSA columns:
# 220-255
name=unknown_D
#
# <colnr> <probs for GDERKNQSTAVLIFYWHMCP>
#	G	D	E	R	K	N	Q	S	T	A	V	L	I	F	Y	W	H	M	C	P
0	0.02159	0.02073	0.03541	0.05354	0.63903	0.02073	0.02677	0.02677	0.01986	0.02850	0.01641	0.02159	0.01382	0.00777	0.00864	0.00259	0.01036	0.00777	0.00432	0.01382
1	0.04725	0.19108	0.11856	0.01497	0.02047	0.01846	0.01441	0.02320	0.07728	0.02756	0.14807	0.08892	0.10775	0.01440	0.00864	0.00272	0.00755	0.05207	0.00656	0.01008
2	0.02405	0.02055	0.01974	0.01746	0.02234	0.10026	0.01359	0.06851	0.40667	0.08662	0.06581	0.03392	0.05749	0.01215	0.00888	0.00282	0.00792	0.00988	0.00848	0.01286
3	0.01669	0.01656	0.03192	0.02954	0.13158	0.01573	0.26577	0.02130	0.01888	0.02572	0.02985	0.29402	0.03146	0.01557	0.01036	0.00313	0.01005	0.01578	0.00590	0.01020
4	0.01274	0.00953	0.01133	0.01196	0.01404	0.00905	0.00877	0.01716	0.07847	0.04162	0.09974	0.33392	0.23316	0.02286	0.01060	0.00326	0.00525	0.06001	0.00835	0.00819
5	0.06821	0.04318	0.60456	0.02394	0.03632	0.02021	0.03066	0.02749	0.01817	0.02842	0.01541	0.01812	0.01094	0.00827	0.00809	0.00276	0.01247	0.00633	0.00380	0.01265
6	0.01932	0.01805	0.03049	0.16089	0.37463	0.01879	0.05565	0.02516	0.03864	0.02716	0.02190	0.03522	0.01988	0.01079	0.00932	0.00292	0.01034	0.10389	0.00501	0.01196
7	0.01203	0.00815	0.01017	0.01140	0.01200	0.00789	0.00764	0.01349	0.01586	0.02166	0.03987	0.38031	0.04609	0.23970	0.02155	0.00506	0.00637	0.07446	0.05964	0.00668
8	0.02417	0.02489	0.02442	0.15347	0.03148	0.21257	0.01806	0.12307	0.02241	0.02706	0.01689	0.05237	0.01479	0.01459	0.04881	0.00351	0.16391	0.00801	0.00511	0.01041
9	0.01364	0.01226	0.02097	0.11536	0.02641	0.01210	0.13289	0.01727	0.01855	0.02457	0.08777	0.34520	0.09892	0.01921	0.01046	0.00320	0.00788	0.01795	0.00683	0.00855
10	0.02060	0.01989	0.03244	0.10861	0.46727	0.04200	0.04902	0.02571	0.01985	0.02735	0.01954	0.03008	0.01749	0.00969	0.00906	0.00278	0.01060	0.07078	0.00469	0.01256
11	0.02949	0.03653	0.02271	0.02072	0.02508	0.54515	0.01557	0.03333	0.06700	0.02266	0.02285	0.02403	0.07731	0.01056	0.00819	0.00237	0.01392	0.00725	0.00518	0.01009
12	0.02685	0.02017	0.03542	0.02900	0.09335	0.01941	0.26737	0.11605	0.02460	0.19130	0.02439	0.02994	0.01835	0.00994	0.00963	0.00287	0.01117	0.05030	0.00694	0.01294
13	0.03082	0.04490	0.01985	0.01505	0.02053	0.01496	0.01212	0.07763	0.09404	0.38424	0.08926	0.03479	0.02803	0.07869	0.01230	0.00326	0.00739	0.00971	0.00946	0.01299
14	0.01087	0.00777	0.01040	0.01243	0.01304	0.00730	0.00852	0.01257	0.01694	0.02254	0.04794	0.64562	0.05716	0.02710	0.01120	0.00358	0.00527	0.06451	0.00809	0.00715
15	0.01896	0.01845	0.03217	0.17711	0.30981	0.01973	0.10368	0.02389	0.01851	0.02574	0.01928	0.09239	0.01769	0.01067	0.01098	0.00292	0.07199	0.00990	0.00459	0.01154
16	0.08437	0.01071	0.01280	0.01276	0.01521	0.01088	0.00989	0.02015	0.08510	0.03223	0.32929	0.15153	0.06056	0.01868	0.01009	0.00309	0.00545	0.10984	0.00865	0.00874
17	0.01907	0.02006	0.03890	0.03318	0.12200	0.02062	0.33284	0.02439	0.01851	0.02586	0.01963	0.08657	0.01773	0.01387	0.04892	0.00371	0.12765	0.01081	0.00466	0.01101
18	0.01994	0.03097	0.26967	0.03458	0.27730	0.08197	0.02579	0.02650	0.01996	0.02733	0.04342	0.02585	0.05969	0.00949	0.00860	0.00265	0.01122	0.00810	0.00455	0.01243
19	0.01993	0.01953	0.02835	0.16995	0.35243	0.07923	0.02248	0.02451	0.01954	0.02575	0.02137	0.09297	0.02027	0.01128	0.00909	0.00283	0.01043	0.05365	0.00491	0.01151
20	0.02239	0.02212	0.03382	0.04944	0.56289	0.06665	0.02538	0.02837	0.05165	0.02840	0.01719	0.02174	0.01430	0.00807	0.00859	0.00259	0.01057	0.00773	0.00457	0.01355
21	0.01216	0.01011	0.01627	0.01555	0.01753	0.00939	0.09747	0.01471	0.01783	0.02373	0.07048	0.52140	0.09180	0.02359	0.01092	0.00338	0.00642	0.02182	0.00761	0.00785
22	0.01774	0.01825	0.03700	0.03060	0.09191	0.01725	0.36363	0.02284	0.01908	0.02592	0.02573	0.20469	0.02550	0.01379	0.01135	0.03372	0.01137	0.01390	0.00538	0.01036
23	0.01877	0.01810	0.03471	0.09090	0.03571	0.01825	0.30921	0.02406	0.01936	0.05707	0.02756	0.09611	0.05572	0.01293	0.01209	0.00318	0.07519	0.07509	0.00557	0.01042
24	0.02030	0.08647	0.04573	0.03421	0.09636	0.02194	0.43777	0.02668	0.02020	0.02710	0.01982	0.02981	0.01674	0.00905	0.00986	0.00291	0.01313	0.06569	0.00469	0.01153
25	0.01141	0.00847	0.01194	0.01281	0.01376	0.00795	0.03287	0.01328	0.01727	0.02325	0.10262	0.53838	0.05578	0.08923	0.01419	0.00391	0.00569	0.02214	0.00782	0.00722
26	0.01939	0.02064	0.03505	0.16550	0.07279	0.06648	0.25182	0.02444	0.01858	0.02458	0.01885	0.08874	0.01695	0.01111	0.01285	0.00307	0.12381	0.01030	0.00457	0.01048
27	0.02017	0.02393	0.07600	0.07995	0.04624	0.02180	0.54194	0.02754	0.02028	0.02754	0.01741	0.02329	0.01303	0.00749	0.01010	0.00293	0.01441	0.00995	0.00434	0.01167
28	0.02076	0.02070	0.03774	0.12409	0.44273	0.02085	0.15067	0.02648	0.01973	0.02763	0.01656	0.02220	0.01343	0.00780	0.00900	0.00270	0.01144	0.00831	0.00428	0.01288
29	0.02025	0.03151	0.28427	0.07012	0.33403	0.05369	0.02836	0.02732	0.01941	0.02747	0.01590	0.02007	0.01245	0.00809	0.00846	0.00266	0.01173	0.00712	0.00405	0.01305
30	0.01834	0.11047	0.47532	0.02500	0.03628	0.02164	0.10888	0.02701	0.01846	0.02660	0.01587	0.01930	0.01181	0.01043	0.03515	0.00316	0.01319	0.00691	0.00383	0.01234
31	0.01720	0.01392	0.01632	0.01849	0.06279	0.07278	0.01384	0.02149	0.04522	0.05579	0.06348	0.18621	0.04415	0.02068	0.01088	0.00350	0.00816	0.30838	0.00767	0.00905
32	0.39535	0.04837	0.05487	0.04104	0.02476	0.01887	0.11353	0.02630	0.01734	0.08937	0.01887	0.08212	0.01606	0.01006	0.00737	0.00280	0.00862	0.00816	0.00577	0.01038
33	0.01963	0.03243	0.32936	0.03978	0.35063	0.02050	0.02939	0.02718	0.01917	0.02808	0.01605	0.02007	0.01249	0.00802	0.00847	0.00267	0.01158	0.00714	0.00401	0.01337
34	0.10782	0.01598	0.01973	0.01762	0.06537	0.01539	0.01313	0.07531	0.08284	0.35238	0.03436	0.03187	0.07812	0.01128	0.00847	0.00268	0.00734	0.00910	0.00895	0.04228
35	0.01650	0.14537	0.22175	0.01790	0.02482	0.01769	0.04249	0.02174	0.01788	0.02495	0.05426	0.16670	0.02610	0.01799	0.07061	0.00371	0.01055	0.01089	0.00522	0.08288

[dist]
# distance from previous block
# <min> <max>
0	4

[block]
# block no. 4 follows, 20 sequences, length 10
# corresponding to MSA columns:
# 260-269
name=unknown_E
#
# <colnr> <probs for GDERKNQSTAVLIFYWHMCP>
#	G	D	E	R	K	N	Q	S	T	A	V	L	I	F	Y	W	H	M	C	P
0	0.01333	0.01178	0.04803	0.01697	0.07992	0.01080	0.01137	0.01572	0.01510	0.02098	0.02928	0.19278	0.03182	0.23657	0.21783	0.00807	0.01263	0.01367	0.00557	0.00778
1	0.01987	0.03792	0.44383	0.02713	0.03845	0.02139	0.16444	0.08904	0.02130	0.03058	0.01667	0.01987	0.01196	0.00830	0.00880	0.00279	0.01297	0.00749	0.00438	0.01283
2	0.01589	0.05560	0.11659	0.02088	0.05558	0.01565	0.12468	0.02107	0.02090	0.02917	0.25766	0.08428	0.07535	0.01410	0.01084	0.00286	0.04967	0.01260	0.00664	0.00998
3	0.01272	0.01012	0.01556	0.01454	0.01642	0.00963	0.08627	0.01511	0.01705	0.02314	0.07278	0.34813	0.08414	0.14645	0.05161	0.00477	0.00779	0.01823	0.03799	0.00754
4	0.01564	0.01284	0.01922	0.02607	0.23883	0.01285	0.01373	0.01787	0.01588	0.02199	0.02597	0.12592	0.02814	0.32634	0.05699	0.00595	0.00943	0.01233	0.00527	0.00874
5	0.01621	0.01587	0.02926	0.02274	0.02801	0.01466	0.27470	0.02075	0.01905	0.02529	0.03674	0.08364	0.13407	0.09718	0.01448	0.00368	0.01013	0.08734	0.00590	0.06028
6	0.13823	0.15447	0.39870	0.02038	0.03041	0.02205	0.02433	0.02644	0.01782	0.02814	0.01634	0.02188	0.01323	0.00909	0.00757	0.00267	0.01096	0.04132	0.00424	0.01173
7	0.02114	0.02264	0.02209	0.01934	0.02260	0.24692	0.09049	0.02346	0.01835	0.02079	0.01857	0.02761	0.01714	0.09683	0.20959	0.08486	0.01629	0.00827	0.00454	0.00848
8	0.02437	0.15410	0.10834	0.01860	0.02521	0.10032	0.01702	0.17158	0.14183	0.03352	0.02634	0.02945	0.05796	0.01124	0.00829	0.00262	0.00977	0.04064	0.00656	0.01225
9	0.11586	0.06466	0.28065	0.07172	0.13493	0.02125	0.13615	0.02686	0.01850	0.02863	0.01550	0.01944	0.01175	0.00799	0.00824	0.00272	0.01175	0.00716	0.00416	0.01208

[dist]
# distance from previous block
# <min> <max>
0	3

[block]
# block no. 5 follows, 20 sequences, length 7
# corresponding to MSA columns:
# 273-279
name=unknown_F
#
# <colnr> <probs for GDERKNQSTAVLIFYWHMCP>
#	G	D	E	R	K	N	Q	S	T	A	V	L	I	F	Y	W	H	M	C	P
0	0.07849	0.01841	0.07742	0.17310	0.05515	0.01660	0.10894	0.02259	0.01781	0.02685	0.02004	0.10528	0.01820	0.01054	0.00908	0.00261	0.03279	0.00941	0.03063	0.16606
1	0.01749	0.01628	0.02222	0.20487	0.08069	0.05361	0.04762	0.06886	0.02012	0.02585	0.03435	0.15637	0.12864	0.01506	0.01115	0.00302	0.06543	0.01278	0.00589	0.00968
2	0.02022	0.17613	0.02913	0.07079	0.02647	0.05809	0.08920	0.02617	0.08419	0.04791	0.07538	0.03289	0.06449	0.03580	0.01136	0.00285	0.06557	0.02966	0.00576	0.04794
3	0.05855	0.18551	0.28479	0.02756	0.14364	0.07967	0.05094	0.02767	0.01900	0.02623	0.01472	0.01778	0.01163	0.00802	0.00765	0.00249	0.01164	0.00630	0.00400	0.01221
4	0.01765	0.01650	0.02826	0.25951	0.24873	0.01768	0.07559	0.02229	0.01791	0.02428	0.02028	0.08301	0.01896	0.09651	0.01356	0.00356	0.01052	0.01006	0.00461	0.01053
5	0.03003	0.03350	0.02789	0.02300	0.02884	0.38984	0.09102	0.15701	0.02718	0.03000	0.01578	0.01803	0.01240	0.00890	0.00825	0.00234	0.01354	0.00666	0.00545	0.07034
6	0.01700	0.01274	0.02197	0.05443	0.02412	0.01204	0.14806	0.02056	0.01935	0.10348	0.08629	0.36270	0.04237	0.01881	0.01044	0.00320	0.00787	0.01773	0.00748	0.00939

[dist]
# distance from previous block
# <min> <max>
0	2

[block]
# block no. 6 follows, 20 sequences, length 109
# corresponding to MSA columns:
# 288-341,348-402
name=unknown_G
#
# <colnr> <probs for GDERKNQSTAVLIFYWHMCP>
#	G	D	E	R	K	N	Q	S	T	A	V	L	I	F	Y	W	H	M	C	P
0	0.08110	0.23683	0.02405	0.01427	0.01832	0.04949	0.01179	0.02358	0.09301	0.02559	0.05668	0.24706	0.03321	0.01587	0.00840	0.00277	0.00739	0.03445	0.00644	0.00969
1	0.01972	0.09613	0.35666	0.12194	0.03638	0.09759	0.02566	0.02679	0.01862	0.02517	0.01529	0.01905	0.01166	0.00890	0.00932	0.00268	0.05659	0.00653	0.03380	0.01150
2	0.01260	0.00976	0.01439	0.01446	0.01583	0.00970	0.05330	0.01498	0.01748	0.02393	0.08298	0.43790	0.04989	0.06790	0.01401	0.00376	0.04113	0.07103	0.03732	0.00765
3	0.01921	0.01885	0.03399	0.19884	0.33169	0.01948	0.13368	0.02464	0.01913	0.02633	0.01913	0.07939	0.01693	0.00960	0.00918	0.00282	0.01104	0.00970	0.00455	0.01184
4	0.07682	0.01109	0.01436	0.07302	0.01894	0.01230	0.01139	0.01703	0.01811	0.02675	0.14513	0.26650	0.06985	0.01935	0.01230	0.00323	0.09263	0.05764	0.04536	0.00819
5	0.02324	0.08296	0.02524	0.02422	0.11950	0.24904	0.04017	0.05273	0.04607	0.02505	0.02454	0.19855	0.02501	0.01372	0.00885	0.00269	0.01079	0.01150	0.00574	0.01040
6	0.02848	0.01924	0.01951	0.01638	0.02127	0.11465	0.01302	0.14726	0.05074	0.21907	0.07088	0.02942	0.02344	0.01848	0.09796	0.00412	0.01076	0.00869	0.07462	0.01200
7	0.23646	0.01355	0.01426	0.06110	0.01887	0.01472	0.01034	0.09663	0.02013	0.03263	0.10818	0.13737	0.07462	0.10933	0.01340	0.00366	0.00695	0.01199	0.00687	0.00893
8	0.02320	0.02346	0.03529	0.04717	0.49165	0.09218	0.07783	0.05200	0.02135	0.02875	0.01638	0.02108	0.01352	0.00798	0.00870	0.00259	0.01132	0.00776	0.00453	0.01326
9	0.07253	0.01688	0.07292	0.01511	0.01972	0.01563	0.01287	0.03094	0.25841	0.05999	0.27282	0.04291	0.04613	0.01361	0.00913	0.00282	0.00633	0.01151	0.00852	0.01120
10	0.01709	0.01762	0.03565	0.07561	0.03571	0.01691	0.35871	0.02249	0.01924	0.02583	0.02782	0.21249	0.02789	0.01410	0.01053	0.00318	0.01136	0.05206	0.00563	0.01007
11	0.01905	0.02016	0.03820	0.21367	0.04411	0.02245	0.29714	0.02463	0.01792	0.02463	0.01551	0.02236	0.01234	0.00969	0.01436	0.00315	0.17699	0.00892	0.00411	0.01063
12	0.01593	0.01403	0.07094	0.01366	0.01728	0.01153	0.01165	0.06336	0.05080	0.06262	0.32806	0.10760	0.09833	0.04353	0.01136	0.00313	0.00613	0.05210	0.00853	0.00944
13	0.01057	0.00781	0.00990	0.01156	0.01250	0.00713	0.00784	0.01221	0.01726	0.02250	0.05518	0.58137	0.15949	0.02641	0.01099	0.00344	0.00495	0.02367	0.00810	0.00713
14	0.03209	0.03011	0.02426	0.02039	0.02606	0.29132	0.01602	0.24894	0.10205	0.09205	0.02075	0.02092	0.01533	0.01004	0.00839	0.00251	0.01167	0.00723	0.00715	0.01272
15	0.02733	0.02039	0.02310	0.07394	0.02691	0.02241	0.01547	0.43410	0.03554	0.04795	0.15030	0.03050	0.02884	0.01188	0.00906	0.00267	0.00861	0.00952	0.00850	0.01300
16	0.01907	0.01805	0.04679	0.02017	0.02206	0.04927	0.03925	0.02184	0.01526	0.06271	0.01719	0.02525	0.01566	0.05512	0.18690	0.00640	0.35656	0.00832	0.00461	0.00951
17	0.02160	0.02055	0.03399	0.05030	0.58320	0.02081	0.02560	0.02854	0.07452	0.02922	0.01814	0.02258	0.01498	0.00814	0.00866	0.00262	0.01005	0.00796	0.00473	0.01382
18	0.01759	0.03551	0.44265	0.07138	0.13137	0.01924	0.02867	0.02594	0.01833	0.02683	0.01742	0.02328	0.01371	0.01285	0.05444	0.00359	0.01297	0.02793	0.00402	0.01229
19	0.02048	0.02171	0.08842	0.09372	0.49987	0.01975	0.02570	0.02609	0.01945	0.02823	0.01707	0.02215	0.01397	0.00805	0.00844	0.00259	0.01027	0.00767	0.05332	0.01305
20	0.01164	0.00908	0.01380	0.01415	0.01551	0.00847	0.05941	0.01389	0.01776	0.02390	0.09859	0.57450	0.05612	0.02476	0.01099	0.00342	0.00580	0.02274	0.00792	0.00759
21	0.02068	0.02288	0.04778	0.03881	0.13927	0.02206	0.48795	0.02744	0.02014	0.02771	0.01717	0.02302	0.01325	0.00778	0.01086	0.00293	0.04414	0.00977	0.00437	0.01199
22	0.08909	0.06613	0.02509	0.07975	0.07265	0.04150	0.01658	0.31789	0.05273	0.04128	0.02396	0.02878	0.04482	0.01121	0.00851	0.00271	0.00930	0.04826	0.00715	0.01260
23	0.01740	0.01325	0.06070	0.01404	0.01745	0.01100	0.01165	0.04871	0.04727	0.11482	0.24184	0.23358	0.05384	0.01874	0.01017	0.00306	0.00615	0.05794	0.00871	0.00968
24	0.02146	0.01780	0.01936	0.01768	0.02231	0.02024	0.01410	0.09269	0.47003	0.03643	0.03596	0.04247	0.02949	0.01375	0.00939	0.00310	0.00734	0.10473	0.00872	0.01294
25	0.01913	0.04379	0.04931	0.04289	0.02269	0.04414	0.07665	0.06298	0.02047	0.08019	0.08385	0.22475	0.03377	0.01642	0.01169	0.02424	0.06126	0.01365	0.05838	0.00974
26	0.01721	0.07219	0.53046	0.02289	0.03400	0.01944	0.02855	0.02614	0.01885	0.02753	0.05032	0.02759	0.01817	0.01012	0.00859	0.00283	0.01184	0.05678	0.00437	0.01214
27	0.02954	0.02199	0.02421	0.01917	0.02485	0.02469	0.01568	0.48846	0.03582	0.04866	0.02241	0.06842	0.01794	0.01206	0.01047	0.00276	0.06618	0.00904	0.04416	0.01351
28	0.02568	0.05109	0.14133	0.02467	0.12002	0.04784	0.01968	0.12895	0.19414	0.11997	0.02461	0.02458	0.01796	0.00991	0.00852	0.00270	0.00951	0.00806	0.00708	0.01370
29	0.02036	0.03034	0.28846	0.02341	0.08086	0.06366	0.02242	0.13077	0.02315	0.03163	0.04634	0.12627	0.02357	0.01267	0.00905	0.00286	0.01053	0.03599	0.00581	0.01185
30	0.01077	0.00770	0.01025	0.01205	0.01268	0.00718	0.00811	0.01252	0.01738	0.02336	0.09827	0.63446	0.05980	0.02652	0.01106	0.00347	0.00498	0.02403	0.00823	0.00718
31	0.02938	0.11288	0.02715	0.01873	0.02469	0.06842	0.01566	0.40249	0.03295	0.04386	0.01925	0.02054	0.01452	0.01029	0.00944	0.00253	0.05665	0.00729	0.07020	0.01309
32	0.05707	0.08795	0.02823	0.11889	0.11165	0.20575	0.01883	0.16734	0.02512	0.03110	0.01563	0.01884	0.01243	0.00939	0.00937	0.00257	0.05605	0.00676	0.00532	0.01170
33	0.02116	0.39161	0.13754	0.07744	0.07487	0.02862	0.04873	0.02570	0.01771	0.02280	0.01350	0.01698	0.01153	0.00843	0.00883	0.00238	0.07095	0.00599	0.00382	0.01141
34	0.01083	0.00929	0.00933	0.00924	0.01228	0.00802	0.00695	0.01406	0.04731	0.02415	0.08596	0.08161	0.60782	0.02163	0.01024	0.00295	0.00453	0.01802	0.00814	0.00766
35	0.02780	0.01624	0.02040	0.01926	0.07419	0.01648	0.01392	0.06811	0.22400	0.27668	0.05903	0.09059	0.02808	0.01266	0.00907	0.00285	0.00726	0.01075	0.00920	0.01343
36	0.02575	0.02405	0.07208	0.03313	0.27087	0.07468	0.02092	0.21479	0.02692	0.06089	0.02094	0.07657	0.01771	0.01053	0.00879	0.00267	0.01018	0.00899	0.00629	0.01325
37	0.08438	0.01662	0.02616	0.41790	0.16255	0.01973	0.02232	0.02311	0.01767	0.02544	0.04113	0.02357	0.01481	0.00935	0.00994	0.00289	0.05990	0.00781	0.00434	0.01039
38	0.02229	0.02689	0.16538	0.17536	0.18558	0.10827	0.02376	0.02899	0.04755	0.07897	0.01917	0.02455	0.01498	0.00933	0.00862	0.00273	0.01146	0.02909	0.00500	0.01204
39	0.02171	0.05927	0.25586	0.03160	0.08876	0.02247	0.23390	0.02781	0.02044	0.02908	0.02049	0.05912	0.01731	0.01125	0.01159	0.00340	0.05766	0.00979	0.00526	0.01324
40	0.01365	0.01053	0.01480	0.06511	0.06257	0.01054	0.01300	0.01698	0.01893	0.02473	0.06975	0.16398	0.11431	0.07907	0.01392	0.00397	0.00749	0.28122	0.00731	0.00812
41	0.01082	0.00774	0.01029	0.01201	0.01269	0.00721	0.00811	0.01263	0.01759	0.02369	0.11371	0.61806	0.06045	0.02627	0.01104	0.00345	0.00495	0.02379	0.00827	0.00721
42	0.08371	0.01622	0.07376	0.01477	0.02019	0.01335	0.01290	0.07206	0.02430	0.27291	0.22377	0.06776	0.04034	0.01334	0.00905	0.00275	0.00685	0.01115	0.00906	0.01176
43	0.02023	0.01917	0.03246	0.09349	0.54142	0.01939	0.02490	0.02513	0.01940	0.02749	0.01921	0.08205	0.01764	0.00961	0.00887	0.00270	0.00997	0.00931	0.00463	0.01292
44	0.01138	0.00932	0.01014	0.01056	0.01297	0.00851	0.00767	0.01531	0.07061	0.02429	0.07214	0.25487	0.41560	0.02273	0.01043	0.00312	0.00482	0.01953	0.00817	0.00783
45	0.01791	0.07349	0.53299	0.07309	0.03917	0.02101	0.06907	0.02718	0.01845	0.02690	0.01560	0.01890	0.01125	0.00822	0.00832	0.00274	0.01274	0.00671	0.00375	0.01250
46	0.02098	0.09033	0.39687	0.02328	0.03341	0.07479	0.08002	0.02863	0.02006	0.07776	0.05810	0.02235	0.01689	0.00904	0.00840	0.00266	0.01198	0.00740	0.00480	0.01226
47	0.01911	0.09418	0.42356	0.02879	0.13470	0.02174	0.05541	0.02869	0.06140	0.02780	0.01697	0.01980	0.01272	0.00834	0.00825	0.00268	0.01183	0.00693	0.00419	0.01291
