[name]
unknown

[dist]
# distance from previous block
# <min> <max>
4	6

[block]
# block no. 0 follows, 24 sequences, length 8
# corresponding to MSA columns:
# 6-13
name=unknown_A
#
# <colnr> <probs for GDERKNQSTAVLIFYWHMCP>
#	G	D	E	R	K	N	Q	S	T	A	V	L	I	F	Y	W	H	M	C	P
0	0.02105	0.01718	0.01823	0.01584	0.02027	0.01955	0.01232	0.16191	0.46889	0.03487	0.02888	0.02960	0.02247	0.07919	0.01116	0.00311	0.00691	0.00884	0.00773	0.01199
1	0.01183	0.01002	0.01053	0.01170	0.01257	0.07262	0.00795	0.01332	0.01607	0.02052	0.07827	0.55740	0.04799	0.07494	0.01205	0.00340	0.00572	0.01952	0.00694	0.00665
2	0.01118	0.00888	0.03999	0.01090	0.01199	0.00753	0.00796	0.01207	0.01417	0.01873	0.03680	0.33105	0.09448	0.17814	0.01990	0.12195	0.00609	0.05625	0.00601	0.00594
3	0.02217	0.53377	0.12533	0.01523	0.02248	0.06557	0.01565	0.02564	0.01711	0.07491	0.01323	0.01456	0.01095	0.00722	0.00578	0.00189	0.00911	0.00482	0.00397	0.01061
4	0.05204	0.07336	0.02136	0.01661	0.02113	0.11564	0.01338	0.15955	0.23027	0.06767	0.06892	0.02432	0.02064	0.01032	0.00918	0.00249	0.06740	0.00768	0.00676	0.01129
5	0.01013	0.00762	0.00945	0.01033	0.01177	0.00693	0.00748	0.01231	0.01757	0.02299	0.16896	0.36933	0.22219	0.02171	0.00985	0.00298	0.00451	0.06952	0.00761	0.00677
6	0.01026	0.00762	0.00855	0.00901	0.01013	0.00701	0.00590	0.01135	0.01490	0.01885	0.05043	0.22528	0.27536	0.28534	0.02123	0.00470	0.00554	0.01621	0.00640	0.00592
7	0.01656	0.01077	0.01404	0.01281	0.01512	0.01168	0.00976	0.10401	0.01696	0.09212	0.02277	0.03330	0.02078	0.18348	0.38896	0.00917	0.01517	0.00888	0.00547	0.00818

[dist]
# distance from previous block
# <min> <max>
0	1

[block]
# block no. 1 follows, 24 sequences, length 90
# corresponding to MSA columns:
# 15-74,76-105
name=unknown_B
#
# <colnr> <probs for GDERKNQSTAVLIFYWHMCP>
#	G	D	E	R	K	N	Q	S	T	A	V	L	I	F	Y	W	H	M	C	P
0	0.02164	0.01542	0.02050	0.01646	0.02008	0.01708	0.01358	0.02424	0.01606	0.18585	0.01672	0.01950	0.01311	0.01050	0.01555	0.00254	0.32457	0.00654	0.00542	0.23466
1	0.01723	0.01494	0.01885	0.01391	0.02057	0.01239	0.05639	0.05184	0.05951	0.02724	0.01682	0.04510	0.01425	0.00717	0.00654	0.00152	0.00654	0.00613	0.00513	0.59793
2	0.01250	0.01072	0.01724	0.01522	0.01816	0.00972	0.12300	0.01554	0.01708	0.02338	0.10318	0.36644	0.06484	0.01797	0.00943	0.00281	0.00643	0.06116	0.00658	0.09859
3	0.01478	0.00739	0.00739	0.00739	0.00924	0.00739	0.00554	0.01848	0.01663	0.02956	0.02587	0.02956	0.02033	0.00924	0.00554	0.00185	0.00370	0.00739	0.76534	0.00739
4	0.04929	0.53964	0.12954	0.01514	0.02233	0.05476	0.01564	0.02513	0.04750	0.02095	0.01256	0.01418	0.01078	0.00716	0.00566	0.00190	0.00898	0.00474	0.00370	0.01041
5	0.69553	0.01809	0.08348	0.01174	0.01738	0.01786	0.01081	0.02350	0.01384	0.03445	0.01138	0.01330	0.00874	0.00738	0.00519	0.00246	0.00673	0.00446	0.00474	0.00892
6	0.01361	0.00695	0.01021	0.01021	0.01021	0.00695	0.00673	0.01042	0.01042	0.01389	0.01460	0.02615	0.01488	0.07856	0.03168	0.71328	0.00695	0.00723	0.00354	0.00354
7	0.02504	0.01947	0.02074	0.01698	0.02229	0.02188	0.01361	0.36784	0.29558	0.04157	0.02481	0.02476	0.01858	0.03848	0.00929	0.00272	0.00766	0.00808	0.00786	0.01275
8	0.02968	0.03612	0.02261	0.02019	0.02452	0.61805	0.01529	0.09760	0.02406	0.02269	0.01299	0.01481	0.01057	0.00832	0.00723	0.00208	0.01370	0.00533	0.00450	0.00965
9	0.10855	0.03003	0.02133	0.01954	0.04593	0.41854	0.01456	0.12318	0.09563	0.02749	0.01550	0.01678	0.01220	0.00854	0.00715	0.00222	0.01151	0.00583	0.00519	0.01027
10	0.01972	0.01703	0.01793	0.01614	0.02062	0.01972	0.01255	0.04214	0.65752	0.03317	0.03228	0.02959	0.02421	0.01076	0.00807	0.00269	0.00628	0.00897	0.00807	0.01255
11	0.01590	0.04102	0.68023	0.02260	0.03432	0.01842	0.02930	0.02511	0.01674	0.02511	0.01423	0.01674	0.01005	0.00753	0.00753	0.00251	0.01172	0.00586	0.00335	0.01172
12	0.77733	0.01534	0.01166	0.01043	0.01534	0.01779	0.00859	0.02331	0.01350	0.03558	0.01104	0.01288	0.00859	0.00736	0.00491	0.00245	0.00613	0.00429	0.00491	0.00859
13	0.03558	0.01350	0.01840	0.01411	0.02024	0.01166	0.01166	0.03865	0.02270	0.67734	0.03128	0.02699	0.01963	0.00981	0.00797	0.00245	0.00675	0.00797	0.00981	0.01350
14	0.00982	0.00774	0.00864	0.00902	0.01085	0.00680	0.00640	0.01170	0.01730	0.02174	0.12994	0.22641	0.40256	0.07998	0.01217	0.00321	0.00444	0.01744	0.00729	0.00656
15	0.01133	0.00850	0.01274	0.01274	0.01416	0.00991	0.00991	0.01416	0.01274	0.01841	0.02124	0.03115	0.01982	0.05947	0.68989	0.01274	0.02124	0.00850	0.00425	0.00708
16	0.01774	0.01850	0.03071	0.02442	0.02671	0.02308	0.19600	0.02089	0.01402	0.02089	0.01202	0.01850	0.01087	0.01182	0.02127	0.00324	0.50881	0.00763	0.00362	0.00925
17	0.00966	0.00690	0.00920	0.01104	0.01150	0.00644	0.00736	0.01104	0.01518	0.02024	0.04371	0.71614	0.05245	0.02484	0.01012	0.00322	0.00460	0.02254	0.00736	0.00644
18	0.77733	0.01534	0.01166	0.01043	0.01534	0.01779	0.00859	0.02331	0.01350	0.03558	0.01104	0.01288	0.00859	0.00736	0.00491	0.00245	0.00613	0.00429	0.00491	0.00859
19	0.02919	0.03707	0.02254	0.02044	0.02438	0.66589	0.01539	0.03122	0.02211	0.01940	0.01219	0.01441	0.01022	0.00837	0.00782	0.00209	0.03886	0.00517	0.00406	0.00917
20	0.01861	0.01607	0.01687	0.01527	0.01956	0.01832	0.01185	0.03883	0.58883	0.03191	0.03744	0.03461	0.09344	0.01176	0.00821	0.00269	0.00603	0.00980	0.00799	0.01192
21	0.01023	0.00797	0.00917	0.00950	0.01144	0.00711	0.00706	0.01247	0.01795	0.02283	0.16851	0.16432	0.36851	0.07173	0.01191	0.00319	0.00465	0.07731	0.00740	0.00672
22	0.01013	0.00718	0.00944	0.01099	0.01155	0.00680	0.00746	0.01161	0.01527	0.02038	0.06443	0.57774	0.05026	0.09915	0.01340	0.00370	0.00509	0.06193	0.00713	0.00636
23	0.01203	0.00847	0.00934	0.00905	0.00991	0.00832	0.00562	0.04240	0.01435	0.01873	0.05738	0.05498	0.14548	0.53499	0.03209	0.00634	0.00693	0.01236	0.00556	0.00566
24	0.00966	0.00690	0.00920	0.01104	0.01150	0.00644	0.00736	0.01104	0.01518	0.02024	0.04371	0.71614	0.05245	0.02484	0.01012	0.00322	0.00460	0.02254	0.00736	0.00644
25	0.77733	0.01534	0.01166	0.01043	0.01534	0.01779	0.00859	0.02331	0.01350	0.03558	0.01104	0.01288	0.00859	0.00736	0.00491	0.00245	0.00613	0.00429	0.00491	0.00859
26	0.01133	0.00850	0.01274	0.01274	0.01416	0.00991	0.00991	0.01416	0.01274	0.01841	0.02124	0.03115	0.01982	0.05947	0.68989	0.01274	0.02124	0.00850	0.00425	0.00708
27	0.01278	0.00913	0.01278	0.01460	0.01643	0.00913	0.01278	0.01643	0.01825	0.02373	0.04199	0.08945	0.04564	0.02191	0.01095	0.00365	0.00730	0.61847	0.00730	0.00730
28	0.77733	0.01534	0.01166	0.01043	0.01534	0.01779	0.00859	0.02331	0.01350	0.03558	0.01104	0.01288	0.00859	0.00736	0.00491	0.00245	0.00613	0.00429	0.00491	0.00859
29	0.77733	0.01534	0.01166	0.01043	0.01534	0.01779	0.00859	0.02331	0.01350	0.03558	0.01104	0.01288	0.00859	0.00736	0.00491	0.00245	0.00613	0.00429	0.00491	0.00859
30	0.03014	0.02221	0.02380	0.01825	0.02459	0.02459	0.01507	0.64541	0.03728	0.04998	0.01904	0.01904	0.01349	0.00952	0.00793	0.00238	0.00873	0.00714	0.00793	0.01349
31	0.77733	0.01534	0.01166	0.01043	0.01534	0.01779	0.00859	0.02331	0.01350	0.03558	0.01104	0.01288	0.00859	0.00736	0.00491	0.00245	0.00613	0.00429	0.00491	0.00859
32	0.03098	0.01398	0.01743	0.01389	0.01923	0.04218	0.01126	0.03504	0.05347	0.52201	0.12334	0.03125	0.02748	0.01072	0.00814	0.00245	0.00663	0.00882	0.00931	0.01238
33	0.01138	0.00831	0.01178	0.01178	0.01286	0.00939	0.00871	0.01354	0.01246	0.01769	0.02212	0.03604	0.02195	0.21539	0.53687	0.01155	0.01805	0.00921	0.00438	0.00654
34	0.77733	0.01534	0.01166	0.01043	0.01534	0.01779	0.00859	0.02331	0.01350	0.03558	0.01104	0.01288	0.00859	0.00736	0.00491	0.00245	0.00613	0.00429	0.00491	0.00859
35	0.02155	0.01066	0.01221	0.01069	0.01419	0.01054	0.00840	0.02799	0.11835	0.21702	0.02843	0.02882	0.02073	0.00964	0.00664	0.00215	0.00498	0.00780	0.42924	0.00996
36	0.00963	0.00702	0.00908	0.01072	0.01142	0.00647	0.00722	0.01108	0.01549	0.02037	0.04764	0.64740	0.11864	0.02433	0.01004	0.00316	0.00454	0.02192	0.00736	0.00647
37	0.01146	0.00799	0.01016	0.01016	0.01069	0.00851	0.00669	0.01250	0.01198	0.01650	0.02360	0.04422	0.02550	0.47644	0.28068	0.00956	0.01270	0.01041	0.00460	0.00565
38	0.00937	0.00803	0.00803	0.00803	0.01071	0.00669	0.00602	0.01138	0.01807	0.02142	0.08033	0.07632	0.66863	0.02008	0.00937	0.00268	0.00402	0.01674	0.00736	0.00669
39	0.01153	0.00769	0.00865	0.00865	0.00865	0.00769	0.00480	0.01153	0.01153	0.01538	0.02499	0.05189	0.02883	0.72131	0.04036	0.00769	0.00769	0.01153	0.00480	0.00480
40	0.42093	0.01802	0.01695	0.01389	0.01938	0.02029	0.01142	0.26683	0.05438	0.06610	0.01597	0.01664	0.01168	0.00846	0.00636	0.00244	0.00717	0.00577	0.00643	0.01088
41	0.01102	0.00747	0.00880	0.00930	0.00942	0.00735	0.00550	0.01140	0.01252	0.01670	0.03007	0.23217	0.03524	0.53229	0.03215	0.00648	0.00685	0.01452	0.00550	0.00525
42	0.00983	0.00702	0.00939	0.01123	0.01177	0.00659	0.00765	0.01133	0.01535	0.02043	0.04361	0.68252	0.05208	0.02469	0.01017	0.00324	0.00475	0.05451	0.00736	0.00649
43	0.02466	0.01414	0.01659	0.01387	0.01844	0.01448	0.01105	0.12387	0.18523	0.24873	0.10170	0.05286	0.02729	0.01116	0.00793	0.00246	0.00615	0.00923	0.09852	0.01162
44	0.01612	0.01382	0.01606	0.01158	0.01843	0.01040	0.00924	0.01958	0.01652	0.02564	0.01710	0.01916	0.04154	0.00652	0.00603	0.00124	0.00579	0.00524	0.00482	0.73518
45	0.16585	0.01414	0.01741	0.01361	0.01954	0.01321	0.01124	0.05828	0.02161	0.54137	0.02727	0.02422	0.01746	0.00937	0.00743	0.00245	0.00671	0.00730	0.00888	0.01263
46	0.01151	0.00777	0.00909	0.00909	0.00924	0.00793	0.00536	0.01182	0.01166	0.01570	0.02458	0.04966	0.02786	0.64999	0.11036	0.00823	0.00915	0.01120	0.00474	0.00505
47	0.03814	0.00842	0.01036	0.01123	0.01253	0.00825	0.00788	0.03597	0.04622	0.02417	0.13429	0.51339	0.07615	0.02159	0.00962	0.00301	0.00473	0.01930	0.00753	0.00721
48	0.01478	0.00739	0.00739	0.00739	0.00924	0.00739	0.00554	0.01848	0.01663	0.02956	0.02587	0.02956	0.02033	0.00924	0.00554	0.00185	0.00370	0.00739	0.76534	0.00739
49	0.00984	0.00707	0.00958	0.01122	0.01179	0.00681	0.00764	0.01138	0.01492	0.02005	0.04129	0.64255	0.04894	0.02856	0.08315	0.00424	0.00639	0.02103	0.00703	0.00651
50	0.02894	0.01489	0.01819	0.01482	0.02018	0.01479	0.01194	0.09202	0.20432	0.39581	0.04943	0.05271	0.02317	0.01078	0.00811	0.00254	0.00663	0.00889	0.00903	0.01280
51	0.01001	0.00716	0.00955	0.01111	0.01181	0.00671	0.00767	0.01178	0.01619	0.02177	0.11575	0.60658	0.05467	0.02369	0.01008	0.00316	0.00465	0.05356	0.00752	0.00661
52	0.01377	0.00689	0.01033	0.01033	0.01033	0.00689	0.00689	0.01033	0.01033	0.01377	0.01377	0.02410	0.01377	0.02755	0.03099	0.76928	0.00689	0.00689	0.00344	0.00344
53	0.77733	0.01534	0.01166	0.01043	0.01534	0.01779	0.00859	0.02331	0.01350	0.03558	0.01104	0.01288	0.00859	0.00736	0.00491	0.00245	0.00613	0.00429	0.00491	0.00859
54	0.01346	0.00695	0.01017	0.01023	0.01025	0.00693	0.00675	0.01044	0.01059	0.01412	0.01567	0.05100	0.01627	0.07846	0.03093	0.68577	0.00686	0.00779	0.00368	0.00365
55	0.01104	0.00794	0.01073	0.01231	0.01352	0.00763	0.00954	0.01355	0.01708	0.02257	0.09022	0.38739	0.07386	0.02283	0.01038	0.00332	0.00562	0.26613	0.00744	0.00688
56	0.02117	0.09385	0.02119	0.01612	0.02108	0.02158	0.01297	0.11473	0.51195	0.03369	0.02836	0.02647	0.02137	0.01018	0.00773	0.00254	0.00682	0.00823	0.00755	0.01241
57	0.01444	0.00916	0.01231	0.01269	0.01500	0.00868	0.01053	0.01785	0.01974	0.09583	0.21267	0.09667	0.09678	0.01904	0.01005	0.00312	0.00594	0.32358	0.00796	0.00794
58	0.01478	0.00739	0.00739	0.00739	0.00924	0.00739	0.00554	0.01848	0.01663	0.02956	0.02587	0.02956	0.02033	0.00924	0.00554	0.00185	0.00370	0.00739	0.76534	0.00739
59	0.74856	0.01560	0.01212	0.01073	0.01569	0.01805	0.00884	0.04726	0.01441	0.03613	0.01135	0.01312	0.00878	0.00744	0.00502	0.00245	0.00623	0.00440	0.00502	0.00878
60	0.01428	0.00874	0.01144	0.01145	0.01358	0.00774	0.00821	0.01637	0.01712	0.11670	0.10051	0.47680	0.04557	0.01979	0.00928	0.00282	0.00496	0.01772	0.00756	0.08935
61	0.02120	0.72609	0.04155	0.01357	0.02035	0.03138	0.01357	0.02374	0.01611	0.01866	0.01102	0.01272	0.01018	0.00678	0.00509	0.00170	0.00848	0.00424	0.00339	0.01018
62	0.01282	0.00849	0.01090	0.01007	0.01234	0.00770	0.00763	0.01632	0.02200	0.07815	0.55777	0.05870	0.13456	0.01616	0.00925	0.00251	0.00399	0.01413	0.00866	0.00784
63	0.01140	0.00773	0.00903	0.00899	0.00935	0.00760	0.00539	0.01214	0.01366	0.01856	0.14271	0.07979	0.03815	0.56513	0.03351	0.00656	0.00685	0.01248	0.00562	0.00536
64	0.01745	0.01401	0.01512	0.01360	0.01710	0.01528	0.01035	0.12029	0.30269	0.03091	0.08415	0.09584	0.12276	0.08982	0.01197	0.00321	0.00614	0.01161	0.00759	0.01013
65	0.01377	0.00689	0.01033	0.01033	0.01033	0.00689	0.00689	0.01033	0.01033	0.01377	0.01377	0.02410	0.01377	0.02755	0.03099	0.76928	0.00689	0.00689	0.00344	0.00344
66	0.02769	0.03228	0.02205	0.01957	0.02357	0.50727	0.01500	0.11883	0.02335	0.02376	0.01380	0.01639	0.01141	0.01245	0.05848	0.00296	0.05115	0.00575	0.00462	0.00963
67	0.01098	0.00756	0.00973	0.01080	0.01202	0.00693	0.00762	0.01289	0.01684	0.04812	0.11704	0.49617	0.13952	0.02248	0.00989	0.00305	0.00464	0.04918	0.00761	0.00692
68	0.00977	0.00703	0.00927	0.01086	0.01150	0.00653	0.00732	0.01135	0.01583	0.02115	0.09180	0.64485	0.07530	0.02403	0.01004	0.00315	0.00452	0.02173	0.00746	0.00653
69	0.01030	0.00763	0.01027	0.01183	0.01236	0.00760	0.00830	0.01187	0.01525	0.02044	0.04179	0.63257	0.04969	0.02404	0.01104	0.00327	0.04247	0.06553	0.00715	0.00662
70	0.01025	0.00737	0.00982	0.01142	0.01227	0.00694	0.00817	0.01218	0.01629	0.02167	0.09055	0.54893	0.07380	0.02359	0.01017	0.00322	0.00494	0.11431	0.00745	0.00666
71	0.01515	0.00841	0.01120	0.01144	0.01319	0.00767	0.00814	0.01709	0.01741	0.15394	0.11446	0.47268	0.04754	0.04864	0.01081	0.00316	0.00506	0.01819	0.00792	0.00792
72	0.02692	0.01369	0.02192	0.01697	0.02239	0.01222	0.13008	0.03057	0.02111	0.41234	0.09990	0.10352	0.02780	0.01154	0.00862	0.00258	0.00744	0.01050	0.00833	0.01155
73	0.01663	0.00865	0.00894	0.00840	0.01072	0.00874	0.00643	0.06267	0.01829	0.05546	0.02560	0.02874	0.01983	0.00928	0.00580	0.00191	0.00416	0.00740	0.68432	0.00804
74	0.01069	0.00768	0.00981	0.01098	0.01183	0.00732	0.00746	0.03584	0.01651	0.02210	0.09548	0.57007	0.07244	0.06729	0.01185	0.00339	0.00486	0.02036	0.00734	0.00671
75	0.04496	0.00928	0.01199	0.01160	0.01410	0.00854	0.00856	0.02052	0.01794	0.21853	0.07735	0.39304	0.04016	0.01804	0.00891	0.00282	0.00517	0.01591	0.06383	0.00876
76	0.01872	0.02139	0.04679	0.03342	0.04144	0.02005	0.64305	0.02540	0.01872	0.02540	0.01604	0.02139	0.01203	0.00668	0.00936	0.00267	0.01337	0.00936	0.00401	0.01070
77	0.01033	0.00830	0.00927	0.00930	0.01155	0.00744	0.00687	0.01360	0.04772	0.02430	0.21543	0.16176	0.40698	0.01940	0.00942	0.00271	0.00414	0.01663	0.00773	0.00711
78	0.04501	0.00834	0.00873	0.00822	0.01064	0.00823	0.00631	0.02082	0.01717	0.09937	0.02591	0.02867	0.01982	0.00923	0.00578	0.00194	0.00411	0.00734	0.65625	0.00809
79	0.01735	0.01735	0.02429	0.02082	0.02082	0.02429	0.01735	0.01908	0.01214	0.01908	0.01041	0.01735	0.01041	0.01388	0.02602	0.00347	0.70680	0.00694	0.00347	0.00867
80	0.00966	0.00690	0.00920	0.01104	0.01150	0.00644	0.00736	0.01104	0.01518	0.02024	0.04371	0.71614	0.05245	0.02484	0.01012	0.00322	0.00460	0.02254	0.00736	0.00644
81	0.00994	0.00749	0.00910	0.00986	0.01122	0.00676	0.00689	0.01189	0.01726	0.02257	0.17052	0.37805	0.23839	0.04864	0.01092	0.00310	0.00439	0.01886	0.00752	0.00665
82	0.01152	0.00813	0.01091	0.01087	0.01182	0.00884	0.00773	0.01343	0.01316	0.01871	0.07029	0.04065	0.02714	0.29357	0.38012	0.00976	0.01441	0.00998	0.03265	0.00630
83	0.01498	0.01409	0.02378	0.70226	0.05462	0.01762	0.02202	0.02026	0.01586	0.02026	0.01409	0.02114	0.01057	0.00793	0.00793	0.00264	0.01057	0.00705	0.00352	0.00881
84	0.00983	0.00702	0.00939	0.01123	0.01177	0.00659	0.00765	0.01133	0.01535	0.02043	0.04361	0.68252	0.05208	0.02469	0.01017	0.00324	0.00475	0.05451	0.00736	0.00649
85	0.01518	0.01428	0.02203	0.14256	0.02655	0.01776	0.06729	0.01820	0.01473	0.02068	0.02130	0.13533	0.02221	0.01508	0.01672	0.00324	0.31316	0.10068	0.00469	0.00832
86	0.01809	0.01971	0.04079	0.16403	0.11171	0.01945	0.45683	0.02430	0.01809	0.02446	0.01555	0.02115	0.01181	0.00697	0.00892	0.00263	0.01241	0.00867	0.00391	0.01053
87	0.01810	0.32491	0.41556	0.01886	0.02853	0.02379	0.02278	0.02455	0.01648	0.02244	0.01290	0.01508	0.01010	0.00722	0.00652	0.00217	0.01038	0.00519	0.00337	0.01108
88	0.69706	0.01607	0.01296	0.01127	0.01633	0.01852	0.00928	0.09014	0.01605	0.03713	0.01190	0.01354	0.00911	0.00759	0.00523	0.00245	0.00641	0.00460	0.00523	0.00911
89	0.00974	0.00747	0.00864	0.00949	0.01085	0.00668	0.00651	0.01124	0.01604	0.02023	0.05748	0.36897	0.31553	0.09761	0.01305	0.00347	0.00468	0.01886	0.00709	0.00637

[dist]
# distance from previous block
# <min> <max>
0	1

[block]
# block no. 2 follows, 24 sequences, length 179
# corresponding to MSA columns:
# 107-285
name=unknown_C
#
# <colnr> <probs for GDERKNQSTAVLIFYWHMCP>
#	G	D	E	R	K	N	Q	S	T	A	V	L	I	F	Y	W	H	M	C	P
0	0.13894	0.02372	0.06703	0.06827	0.05081	0.10618	0.01597	0.36403	0.02818	0.03921	0.01615	0.01754	0.01186	0.00868	0.00735	0.00238	0.00941	0.00636	0.00621	0.01172
1	0.01620	0.07404	0.61714	0.02164	0.03289	0.01870	0.02758	0.02480	0.01670	0.02482	0.01406	0.01653	0.01013	0.00742	0.00733	0.00241	0.01128	0.00572	0.00341	0.04719
2	0.01590	0.04102	0.68023	0.02260	0.03432	0.01842	0.02930	0.02511	0.01674	0.02511	0.01423	0.01674	0.01005	0.00753	0.00753	0.00251	0.01172	0.00586	0.00335	0.01172
3	0.00987	0.00703	0.00935	0.01112	0.01163	0.00661	0.00752	0.01131	0.01519	0.02023	0.04295	0.66321	0.05128	0.04989	0.01125	0.00340	0.00484	0.04964	0.00727	0.00642
4	0.02539	0.06714	0.02187	0.01653	0.02197	0.02150	0.01347	0.31570	0.24925	0.09041	0.02520	0.05516	0.01928	0.01050	0.00789	0.00249	0.00751	0.00835	0.00779	0.01261
5	0.05764	0.01775	0.02014	0.01574	0.02162	0.01844	0.01292	0.34241	0.05917	0.26221	0.02776	0.02595	0.06072	0.01032	0.00794	0.00244	0.00751	0.00806	0.00844	0.01280
6	0.00973	0.00696	0.00927	0.01099	0.01152	0.00649	0.00737	0.01122	0.01552	0.02078	0.07268	0.68564	0.05349	0.02444	0.01009	0.00319	0.00456	0.02216	0.00742	0.00649
7	0.01133	0.00850	0.01274	0.01274	0.01416	0.00991	0.00991	0.01416	0.01274	0.01841	0.02124	0.03115	0.01982	0.05947	0.68989	0.01274	0.02124	0.00850	0.00425	0.00708
8	0.02130	0.02051	0.03589	0.05417	0.09949	0.02080	0.34255	0.16324	0.10077	0.03161	0.01850	0.02169	0.01384	0.00789	0.00868	0.00258	0.01098	0.00851	0.00534	0.01165
9	0.08403	0.01432	0.01754	0.01406	0.01961	0.04355	0.01150	0.03525	0.02158	0.54895	0.02995	0.05439	0.02082	0.01067	0.00794	0.00252	0.00700	0.03490	0.00901	0.01242
10	0.01199	0.00831	0.01064	0.00993	0.01206	0.00756	0.00749	0.01552	0.02199	0.05636	0.57985	0.05977	0.13583	0.01637	0.00930	0.00251	0.00389	0.01434	0.00863	0.00764
11	0.01134	0.00846	0.01255	0.01255	0.01390	0.00981	0.00968	0.01404	0.01269	0.01827	0.02141	0.03212	0.02024	0.09020	0.65973	0.01251	0.02061	0.00864	0.00427	0.00697
12	0.01015	0.00763	0.01101	0.01203	0.01290	0.00712	0.03678	0.01189	0.01568	0.02102	0.07140	0.65349	0.05162	0.02360	0.01005	0.00316	0.00497	0.02155	0.00727	0.00669
13	0.01644	0.01409	0.01644	0.01175	0.01879	0.01057	0.00940	0.01997	0.01644	0.02584	0.01409	0.01644	0.01175	0.00587	0.00587	0.00117	0.00587	0.00470	0.00470	0.76979
14	0.00966	0.00690	0.00920	0.01104	0.01150	0.00644	0.00736	0.01104	0.01518	0.02024	0.04371	0.71614	0.05245	0.02484	0.01012	0.00322	0.00460	0.02254	0.00736	0.00644
15	0.50163	0.19277	0.09817	0.01264	0.01881	0.02120	0.01226	0.02363	0.01452	0.03019	0.01142	0.01330	0.00915	0.00724	0.00526	0.00227	0.00737	0.00447	0.00435	0.00935
16	0.01122	0.00811	0.01060	0.00998	0.01185	0.00748	0.00748	0.01496	0.02245	0.03180	0.66766	0.05923	0.07482	0.01621	0.00935	0.00249	0.00374	0.01434	0.00873	0.00748
17	0.01644	0.01409	0.01644	0.01175	0.01879	0.01057	0.00940	0.01997	0.01644	0.02584	0.01409	0.01644	0.01175	0.00587	0.00587	0.00117	0.00587	0.00470	0.00470	0.76979
18	0.01108	0.00810	0.01040	0.00983	0.01176	0.00742	0.00737	0.01469	0.02211	0.03100	0.62263	0.06054	0.12035	0.01651	0.00935	0.00251	0.00376	0.01452	0.00862	0.00742
19	0.01822	0.02009	0.04111	0.06404	0.03831	0.01974	0.50042	0.02408	0.01770	0.02449	0.01520	0.02060	0.01176	0.00748	0.01087	0.00266	0.08832	0.00866	0.00397	0.06229
20	0.01213	0.00833	0.01075	0.01002	0.01212	0.00760	0.00756	0.01572	0.02216	0.05836	0.60062	0.05904	0.11309	0.01621	0.00930	0.00250	0.00389	0.01424	0.00868	0.00768
21	0.01153	0.00769	0.00865	0.00865	0.00865	0.00769	0.00480	0.01153	0.01153	0.01538	0.02499	0.05189	0.02883	0.72131	0.04036	0.00769	0.00769	0.01153	0.00480	0.00480
22	0.01958	0.01896	0.03286	0.04797	0.64276	0.01890	0.05288	0.02439	0.01809	0.02588	0.01497	0.01971	0.01254	0.00705	0.00792	0.00237	0.00960	0.00717	0.00393	0.01247
23	0.01728	0.18618	0.48993	0.02158	0.03193	0.02133	0.07770	0.02484	0.01677	0.02375	0.01370	0.01627	0.01024	0.00730	0.00716	0.00235	0.01116	0.00581	0.00341	0.01130
24	0.00953	0.00804	0.00825	0.00819	0.01081	0.00676	0.00615	0.01168	0.01844	0.02228	0.12903	0.07490	0.61939	0.01976	0.00937	0.00266	0.00399	0.01654	0.00748	0.00676
25	0.02691	0.01402	0.01731	0.01440	0.01937	0.01388	0.01162	0.05827	0.20737	0.36247	0.10458	0.03408	0.02828	0.01138	0.00830	0.00258	0.00636	0.03759	0.00900	0.01224
26	0.28299	0.01757	0.05136	0.05296	0.19464	0.01740	0.01552	0.06790	0.04254	0.15904	0.01766	0.01903	0.01288	0.00807	0.00687	0.00244	0.00776	0.00631	0.00579	0.01124
27	0.06340	0.01377	0.01810	0.01400	0.01994	0.01234	0.01154	0.06533	0.02300	0.59886	0.05385	0.02728	0.02099	0.00995	0.00790	0.00245	0.00670	0.00803	0.00949	0.01308
28	0.09319	0.00899	0.00923	0.00888	0.01014	0.00934	0.00580	0.03981	0.01412	0.02264	0.02353	0.04057	0.02384	0.42902	0.02611	0.00538	0.00651	0.00950	0.20719	0.00623
29	0.01626	0.06533	0.62931	0.02337	0.06074	0.01891	0.02851	0.02503	0.01677	0.02491	0.01414	0.01672	0.01016	0.00749	0.00746	0.00247	0.01150	0.00585	0.00337	0.01170
30	0.02852	0.06604	0.02297	0.01971	0.02391	0.60201	0.01501	0.05892	0.02248	0.02074	0.01289	0.01514	0.01076	0.01028	0.03517	0.00248	0.01407	0.00530	0.00424	0.00935
31	0.01900	0.01843	0.03216	0.12760	0.55322	0.01877	0.06636	0.02391	0.01783	0.02518	0.01489	0.01993	0.01228	0.00714	0.00796	0.00241	0.00983	0.00722	0.00388	0.01197
32	0.01417	0.00876	0.01154	0.01048	0.01286	0.00799	0.00799	0.01783	0.02248	0.10996	0.59061	0.05533	0.06814	0.01544	0.00919	0.00249	0.00411	0.01357	0.00886	0.00821
33	0.01063	0.00764	0.01010	0.01062	0.01189	0.00711	0.00765	0.01337	0.01921	0.02659	0.37873	0.33719	0.06418	0.02009	0.00974	0.00285	0.00425	0.04302	0.00809	0.00704
34	0.02114	0.03110	0.40923	0.01954	0.02880	0.01777	0.02230	0.13843	0.02109	0.12236	0.01796	0.02000	0.01286	0.03652	0.00890	0.00262	0.01003	0.00656	0.00522	0.04756
35	0.00980	0.00707	0.00932	0.01106	0.01170	0.00658	0.00756	0.01132	0.01548	0.02047	0.04546	0.65369	0.08295	0.02446	0.01012	0.00321	0.00470	0.05119	0.00736	0.00650
36	0.09067	0.06763	0.07816	0.03618	0.43726	0.01849	0.02068	0.02507	0.01769	0.07587	0.01599	0.01933	0.01274	0.00742	0.00727	0.00231	0.00876	0.00661	0.04008	0.01179
37	0.02970	0.01539	0.04989	0.01687	0.06493	0.01341	0.01321	0.06550	0.07644	0.45674	0.08764	0.02881	0.02388	0.01018	0.00808	0.00247	0.00694	0.00844	0.00877	0.01271
38	0.50104	0.07151	0.21090	0.01423	0.02128	0.01890	0.01504	0.02387	0.01463	0.03133	0.01198	0.01401	0.00913	0.00737	0.00569	0.00242	0.00794	0.00475	0.00434	0.00962
39	0.01621	0.03887	0.61087	0.02379	0.03510	0.01860	0.09650	0.02514	0.01696	0.02514	0.01443	0.01725	0.01026	0.00744	0.00773	0.00253	0.01190	0.00624	0.00342	0.01161
40	0.01937	0.01751	0.01804	0.01737	0.05158	0.06404	0.01285	0.03722	0.50664	0.03101	0.06011	0.03340	0.05024	0.01142	0.00821	0.00266	0.00682	0.03225	0.00757	0.01168
41	0.01133	0.00850	0.01274	0.01274	0.01416	0.00991	0.00991	0.01416	0.01274	0.01841	0.02124	0.03115	0.01982	0.05947	0.68989	0.01274	0.02124	0.00850	0.00425	0.00708
42	0.03558	0.01350	0.01840	0.01411	0.02024	0.01166	0.01166	0.03865	0.02270	0.67734	0.03128	0.02699	0.01963	0.00981	0.00797	0.00245	0.00675	0.00797	0.00981	0.01350
43	0.01076	0.00787	0.01010	0.01001	0.01168	0.00721	0.00733	0.01389	0.02065	0.02864	0.49481	0.18785	0.12319	0.01823	0.00950	0.00265	0.00393	0.01614	0.00834	0.00721
44	0.01590	0.04102	0.68023	0.02260	0.03432	0.01842	0.02930	0.02511	0.01674	0.02511	0.01423	0.01674	0.01005	0.00753	0.00753	0.00251	0.01172	0.00586	0.00335	0.01172
45	0.74658	0.01626	0.01210	0.01084	0.01571	0.04541	0.00886	0.02365	0.01386	0.03491	0.01109	0.01294	0.00865	0.00739	0.00500	0.00244	0.00647	0.00433	0.00487	0.00861
46	0.01963	0.01884	0.03219	0.04867	0.67185	0.01884	0.02434	0.02434	0.01806	0.02591	0.01492	0.01963	0.01256	0.00707	0.00785	0.00236	0.00942	0.00707	0.00393	0.01256
47	0.01972	0.01703	0.01793	0.01614	0.02062	0.01972	0.01255	0.04214	0.65752	0.03317	0.03228	0.02959	0.02421	0.01076	0.00807	0.00269	0.00628	0.00897	0.00807	0.01255
48	0.01657	0.01396	0.01644	0.01209	0.01865	0.01108	0.00966	0.04440	0.01697	0.02620	0.01487	0.01774	0.01247	0.01038	0.06159	0.00216	0.00724	0.00510	0.00479	0.67765
49	0.00945	0.00804	0.00814	0.00811	0.01076	0.00673	0.00608	0.01153	0.01825	0.02185	0.10448	0.07561	0.64422	0.01992	0.00937	0.00267	0.00401	0.01664	0.00742	0.00673
50	0.02122	0.67047	0.07194	0.01423	0.02117	0.05213	0.01439	0.02407	0.01635	0.01899	0.01122	0.01297	0.01017	0.00687	0.00527	0.00175	0.00883	0.00435	0.00341	0.01022
51	0.01812	0.02023	0.04314	0.13955	0.04353	0.01967	0.54451	0.02459	0.01826	0.02459	0.01573	0.02135	0.01180	0.00688	0.00913	0.00267	0.01292	0.00899	0.00393	0.01040
52	0.00966	0.00690	0.00920	0.01104	0.01150	0.00644	0.00736	0.01104	0.01518	0.02024	0.04371	0.71614	0.05245	0.02484	0.01012	0.00322	0.00460	0.02254	0.00736	0.00644
53	0.03034	0.02189	0.02360	0.01809	0.02443	0.02411	0.01495	0.62304	0.03675	0.07310	0.01949	0.01933	0.01371	0.00953	0.00793	0.00238	0.00865	0.00717	0.00800	0.01349
54	0.01153	0.00769	0.00865	0.00865	0.00865	0.00769	0.00480	0.01153	0.01153	0.01538	0.02499	0.05189	0.02883	0.72131	0.04036	0.00769	0.00769	0.01153	0.00480	0.00480
55	0.00966	0.00690	0.00920	0.01104	0.01150	0.00644	0.00736	0.01104	0.01518	0.02024	0.04371	0.71614	0.05245	0.02484	0.01012	0.00322	0.00460	0.02254	0.00736	0.00644
56	0.00966	0.00690	0.00920	0.01104	0.01150	0.00644	0.00736	0.01104	0.01518	0.02024	0.04371	0.71614	0.05245	0.02484	0.01012	0.00322	0.00460	0.02254	0.00736	0.00644
57	0.02969	0.02198	0.02354	0.01815	0.02442	0.02438	0.01496	0.61896	0.06447	0.04924	0.01962	0.01950	0.01396	0.00957	0.00794	0.00239	0.00862	0.00722	0.00794	0.01344
58	0.77733	0.01534	0.01166	0.01043	0.01534	0.01779	0.00859	0.02331	0.01350	0.03558	0.01104	0.01288	0.00859	0.00736	0.00491	0.00245	0.00613	0.00429	0.00491	0.00859
59	0.01498	0.01409	0.02378	0.70226	0.05462	0.01762	0.02202	0.02026	0.01586	0.02026	0.01409	0.02114	0.01057	0.00793	0.00793	0.00264	0.01057	0.00705	0.00352	0.00881
60	0.00951	0.00808	0.00823	0.00831	0.01095	0.00680	0.00631	0.01159	0.01808	0.02152	0.07873	0.07686	0.64262	0.02016	0.00944	0.00272	0.00415	0.04186	0.00736	0.00672
61	0.02370	0.02556	0.02322	0.29978	0.03688	0.30663	0.01803	0.12597	0.02215	0.02469	0.01410	0.01787	0.01089	0.00829	0.00760	0.00234	0.01187	0.00623	0.00448	0.00973
62	0.01122	0.00811	0.01060	0.00998	0.01185	0.00748	0.00748	0.01496	0.02245	0.03180	0.66766	0.05923	0.07482	0.01621	0.00935	0.00249	0.00374	0.01434	0.00873	0.00748
63	0.03014	0.02221	0.02380	0.01825	0.02459	0.02459	0.01507	0.64541	0.03728	0.04998	0.01904	0.01904	0.01349	0.00952	0.00793	0.00238	0.00873	0.00714	0.00793	0.01349
64	0.00966	0.00690	0.00920	0.01104	0.01150	0.00644	0.00736	0.01104	0.01518	0.02024	0.04371	0.71614	0.05245	0.02484	0.01012	0.00322	0.00460	0.02254	0.00736	0.00644
65	0.01615	0.07272	0.65068	0.02218	0.03367	0.01902	0.02857	0.02505	0.01671	0.02481	0.01408	0.01656	0.01005	0.00750	0.00742	0.00247	0.01157	0.00578	0.00335	0.01165
66	0.77733	0.01534	0.01166	0.01043	0.01534	0.01779	0.00859	0.02331	0.01350	0.03558	0.01104	0.01288	0.00859	0.00736	0.00491	0.00245	0.00613	0.00429	0.00491	0.00859
67	0.01872	0.02139	0.04679	0.03342	0.04144	0.02005	0.64305	0.02540	0.01872	0.02540	0.01604	0.02139	0.01203	0.00668	0.00936	0.00267	0.01337	0.00936	0.00401	0.01070
68	0.01153	0.00769	0.00865	0.00865	0.00865	0.00769	0.00480	0.01153	0.01153	0.01538	0.02499	0.05189	0.02883	0.72131	0.04036	0.00769	0.00769	0.01153	0.00480	0.00480
69	0.00966	0.00690	0.00920	0.01104	0.01150	0.00644	0.00736	0.01104	0.01518	0.02024	0.04371	0.71614	0.05245	0.02484	0.01012	0.00322	0.00460	0.02254	0.00736	0.00644
70	0.01735	0.01735	0.02429	0.02082	0.02082	0.02429	0.01735	0.01908	0.01214	0.01908	0.01041	0.01735	0.01041	0.01388	0.02602	0.00347	0.70680	0.00694	0.00347	0.00867
71	0.01133	0.00850	0.01274	0.01274	0.01416	0.00991	0.00991	0.01416	0.01274	0.01841	0.02124	0.03115	0.01982	0.05947	0.68989	0.01274	0.02124	0.00850	0.00425	0.00708
72	0.00937	0.00803	0.00803	0.00803	0.01071	0.00669	0.00602	0.01138	0.01807	0.02142	0.08033	0.07632	0.66863	0.02008	0.00937	0.00268	0.00402	0.01674	0.00736	0.00669
73	0.01507	0.01370	0.01963	0.01681	0.01744	0.01715	0.06106	0.01648	0.01241	0.01806	0.01683	0.03184	0.01809	0.30352	0.03060	0.00514	0.36586	0.00901	0.00406	0.00724
74	0.01570	0.01409	0.02014	0.35928	0.03682	0.01412	0.01575	0.02011	0.01615	0.02303	0.01409	0.01881	0.01115	0.00691	0.00691	0.00191	0.00824	0.00588	0.00411	0.38678
75	0.01694	0.01674	0.02350	0.02027	0.02036	0.02331	0.01684	0.01875	0.01219	0.01904	0.01115	0.01829	0.01105	0.01700	0.07142	0.00410	0.65992	0.00705	0.00352	0.00857
76	0.01876	0.02127	0.04612	0.03413	0.07061	0.02000	0.61442	0.02535	0.01869	0.02542	0.01599	0.02131	0.01206	0.00670	0.00929	0.00266	0.01319	0.00925	0.00401	0.01078
77	0.01153	0.00769	0.00865	0.00865	0.00865	0.00769	0.00480	0.01153	0.01153	0.01538	0.02499	0.05189	0.02883	0.72131	0.04036	0.00769	0.00769	0.01153	0.00480	0.00480
78	0.00966	0.00690	0.00920	0.01104	0.01150	0.00644	0.00736	0.01104	0.01518	0.02024	0.04371	0.71614	0.05245	0.02484	0.01012	0.00322	0.00460	0.02254	0.00736	0.00644
79	0.02120	0.72609	0.04155	0.01357	0.02035	0.03138	0.01357	0.02374	0.01611	0.01866	0.01102	0.01272	0.01018	0.00678	0.00509	0.00170	0.00848	0.00424	0.00339	0.01018
80	0.03014	0.02221	0.02380	0.01825	0.02459	0.02459	0.01507	0.64541	0.03728	0.04998	0.01904	0.01904	0.01349	0.00952	0.00793	0.00238	0.00873	0.00714	0.00793	0.01349
81	0.01644	0.01409	0.01644	0.01175	0.01879	0.01057	0.00940	0.01997	0.01644	0.02584	0.01409	0.01644	0.01175	0.00587	0.00587	0.00117	0.00587	0.00470	0.00470	0.76979
82	0.01590	0.04102	0.68023	0.02260	0.03432	0.01842	0.02930	0.02511	0.01674	0.02511	0.01423	0.01674	0.01005	0.00753	0.00753	0.00251	0.01172	0.00586	0.00335	0.01172
83	0.01377	0.00689	0.01033	0.01033	0.01033	0.00689	0.00689	0.01033	0.01033	0.01377	0.01377	0.02410	0.01377	0.02755	0.03099	0.76928	0.00689	0.00689	0.00344	0.00344
84	0.04478	0.04004	0.65488	0.02214	0.03360	0.01839	0.02851	0.02504	0.01662	0.02551	0.01411	0.01660	0.00999	0.00753	0.00743	0.00251	0.01151	0.00580	0.00341	0.01160
85	0.03014	0.02221	0.02380	0.01825	0.02459	0.02459	0.01507	0.64541	0.03728	0.04998	0.01904	0.01904	0.01349	0.00952	0.00793	0.00238	0.00873	0.00714	0.00793	0.01349
86	0.00966	0.00690	0.00920	0.01104	0.01150	0.00644	0.00736	0.01104	0.01518	0.02024	0.04371	0.71614	0.05245	0.02484	0.01012	0.00322	0.00460	0.02254	0.00736	0.00644
87	0.01498	0.01409	0.02378	0.70226	0.05462	0.01762	0.02202	0.02026	0.01586	0.02026	0.01409	0.02114	0.01057	0.00793	0.00793	0.00264	0.01057	0.00705	0.00352	0.00881
88	0.01644	0.01409	0.01644	0.01175	0.01879	0.01057	0.00940	0.01997	0.01644	0.02584	0.01409	0.01644	0.01175	0.00587	0.00587	0.00117	0.00587	0.00470	0.00470	0.76979
89	0.02708	0.03043	0.02110	0.01890	0.02327	0.44907	0.01440	0.06048	0.20149	0.04834	0.01885	0.01925	0.01462	0.00901	0.00747	0.00225	0.01154	0.00638	0.00557	0.01047
90	0.01590	0.04102	0.68023	0.02260	0.03432	0.01842	0.02930	0.02511	0.01674	0.02511	0.01423	0.01674	0.01005	0.00753	0.00753	0.00251	0.01172	0.00586	0.00335	0.01172
91	0.01652	0.10204	0.59798	0.02277	0.05723	0.01960	0.02769	0.02496	0.01674	0.02456	0.01397	0.01649	0.01015	0.00745	0.00733	0.00243	0.01134	0.00576	0.00337	0.01161
92	0.77733	0.01534	0.01166	0.01043	0.01534	0.01779	0.00859	0.02331	0.01350	0.03558	0.01104	0.01288	0.00859	0.00736	0.00491	0.00245	0.00613	0.00429	0.00491	0.00859
93	0.02283	0.02524	0.02913	0.06328	0.40197	0.24810	0.04580	0.02673	0.01951	0.02345	0.01402	0.01793	0.01166	0.00746	0.00767	0.00227	0.01129	0.00649	0.00397	0.01119
94	0.01153	0.00769	0.00865	0.00865	0.00865	0.00769	0.00480	0.01153	0.01153	0.01538	0.02499	0.05189	0.02883	0.72131	0.04036	0.00769	0.00769	0.01153	0.00480	0.00480
95	0.01872	0.02139	0.04679	0.03342	0.04144	0.02005	0.64305	0.02540	0.01872	0.02540	0.01604	0.02139	0.01203	0.00668	0.00936	0.00267	0.01337	0.00936	0.00401	0.01070
96	0.01122	0.00811	0.01060	0.00998	0.01185	0.00748	0.00748	0.01496	0.02245	0.03180	0.66766	0.05923	0.07482	0.01621	0.00935	0.00249	0.00374	0.01434	0.00873	0.00748
97	0.01972	0.01703	0.01793	0.01614	0.02062	0.01972	0.01255	0.04214	0.65752	0.03317	0.03228	0.02959	0.02421	0.01076	0.00807	0.00269	0.00628	0.00897	0.00807	0.01255
98	0.00981	0.00700	0.00937	0.01121	0.01173	0.00656	0.00761	0.01129	0.01532	0.02040	0.04363	0.68722	0.05213	0.02471	0.01016	0.00324	0.00473	0.05004	0.00736	0.00648
99	0.01911	0.01637	0.01744	0.01584	0.02011	0.01882	0.01237	0.04005	0.60707	0.03273	0.05685	0.03318	0.02701	0.01142	0.00824	0.00272	0.00622	0.03423	0.00806	0.01214
100	0.03558	0.01350	0.01840	0.01411	0.02024	0.01166	0.01166	0.03865	0.02270	0.67734	0.03128	0.02699	0.01963	0.00981	0.00797	0.00245	0.00675	0.00797	0.00981	0.01350
101	0.01656	0.12528	0.60167	0.02149	0.03260	0.02001	0.02736	0.02494	0.01666	0.02432	0.01384	0.01625	0.01006	0.00744	0.00723	0.00241	0.01132	0.00566	0.00335	0.01153
102	0.01747	0.03118	0.40854	0.01995	0.02870	0.01895	0.02243	0.03210	0.27961	0.02842	0.02163	0.02201	0.01585	0.00886	0.00775	0.00258	0.00949	0.00713	0.00528	0.01206
103	0.02152	0.70021	0.04084	0.01383	0.02051	0.05612	0.01363	0.02404	0.01635	0.01868	0.01107	0.01278	0.01018	0.00684	0.00517	0.00171	0.00870	0.00427	0.00342	0.01014
104	0.02310	0.01541	0.01627	0.01327	0.01755	0.01670	0.01070	0.35779	0.02781	0.04061	0.02217	0.02387	0.01662	0.00939	0.00684	0.00214	0.00642	0.00725	0.35541	0.01069
105	0.01526	0.01434	0.02426	0.61020	0.05057	0.01767	0.05028	0.02037	0.01583	0.02080	0.01445	0.02129	0.01100	0.00822	0.00881	0.00266	0.04528	0.00716	0.03270	0.00884
106	0.01133	0.00850	0.01274	0.01274	0.01416	0.00991	0.00991	0.01416	0.01274	0.01841	0.02124	0.03115	0.01982	0.05947	0.68989	0.01274	0.02124	0.00850	0.00425	0.00708
107	0.00997	0.00806	0.00886	0.00866	0.01108	0.00695	0.00650	0.01254	0.01949	0.02478	0.27063	0.07078	0.47624	0.01883	0.00937	0.00262	0.00393	0.01596	0.00781	0.00695
108	0.02860	0.02145	0.02293	0.01793	0.02400	0.02387	0.01470	0.55610	0.12911	0.04749	0.02100	0.02060	0.01507	0.00970	0.00795	0.00243	0.00836	0.00741	0.00795	0.01335
109	0.01377	0.00689	0.01033	0.01033	0.01033	0.00689	0.00689	0.01033	0.01033	0.01377	0.01377	0.02410	0.01377	0.02755	0.03099	0.76928	0.00689	0.00689	0.00344	0.00344
110	0.01691	0.01513	0.02379	0.61487	0.05078	0.01851	0.02113	0.10013	0.01859	0.02406	0.01473	0.02087	0.01094	0.00813	0.00793	0.00261	0.01034	0.00706	0.00409	0.00941
111	0.01498	0.01409	0.02378	0.70226	0.05462	0.01762	0.02202	0.02026	0.01586	0.02026	0.01409	0.02114	0.01057	0.00793	0.00793	0.00264	0.01057	0.00705	0.00352	0.00881
112	0.01528	0.01411	0.02360	0.62541	0.09472	0.01723	0.02142	0.02046	0.01604	0.02108	0.01470	0.02143	0.01116	0.00793	0.00781	0.00259	0.01017	0.00706	0.03880	0.00900
113	0.01538	0.01454	0.02438	0.63148	0.09553	0.01796	0.02200	0.02049	0.01586	0.02060	0.01401	0.02089	0.01070	0.00810	0.00862	0.00265	0.03714	0.00704	0.00355	0.00906
114	0.00966	0.00690	0.00920	0.01104	0.01150	0.00644	0.00736	0.01104	0.01518	0.02024	0.04371	0.71614	0.05245	0.02484	0.01012	0.00322	0.00460	0.02254	0.00736	0.00644
115	0.01134	0.00846	0.01255	0.01255	0.01389	0.00980	0.00966	0.01403	0.01269	0.01826	0.02142	0.03216	0.02026	0.09161	0.65835	0.01250	0.02058	0.00864	0.00428	0.00697
116	0.01251	0.00909	0.01193	0.01326	0.01481	0.00910	0.01048	0.04559	0.04280	0.02383	0.04125	0.36123	0.04625	0.02217	0.01033	0.00336	0.00613	0.30105	0.00739	0.00743
117	0.00993	0.00709	0.00951	0.01135	0.01193	0.00667	0.00783	0.01150	0.01545	0.02054	0.04356	0.66226	0.05186	0.02459	0.01019	0.00326	0.00483	0.07378	0.00736	0.00651
118	0.01036	0.00785	0.00972	0.01094	0.01249	0.00721	0.00829	0.01253	0.01693	0.02153	0.05555	0.34213	0.25727	0.02250	0.01008	0.00315	0.00509	0.17229	0.00735	0.00675
119	0.03042	0.02178	0.02353	0.01804	0.02437	0.02394	0.01490	0.61504	0.03655	0.08137	0.01965	0.01944	0.01379	0.00953	0.00793	0.00238	0.00863	0.00718	0.00803	0.01349
120	0.01909	0.01830	0.03122	0.12371	0.60098	0.01870	0.02407	0.02387	0.01780	0.02526	0.01482	0.01980	0.01233	0.00716	0.00786	0.00239	0.00955	0.00706	0.00388	0.01213
121	0.01864	0.31127	0.36941	0.01885	0.02775	0.05184	0.02193	0.02457	0.01652	0.02204	0.01270	0.01507	0.01012	0.00756	0.00740	0.00221	0.04261	0.00524	0.00340	0.01086
122	0.01564	0.01445	0.02378	0.67227	0.05330	0.01792	0.02172	0.04766	0.01680	0.02156	0.01431	0.02105	0.01070	0.00800	0.00793	0.00263	0.01049	0.00705	0.00372	0.00901
123	0.01134	0.00846	0.01259	0.01259	0.01395	0.00983	0.00971	0.01406	0.01270	0.01829	0.02139	0.03196	0.02017	0.08509	0.66475	0.01255	0.02072	0.00861	0.00427	0.00699
124	0.00979	0.00805	0.00861	0.00847	0.01097	0.00687	0.00635	0.01219	0.01906	0.02375	0.21236	0.07248	0.53515	0.01921	0.00937	0.00264	0.00395	0.01620	0.00767	0.00687
125	0.03347	0.04409	0.01933	0.01413	0.02010	0.01345	0.01175	0.09163	0.02344	0.56162	0.02906	0.02580	0.01871	0.00963	0.00773	0.00239	0.00685	0.00771	0.04606	0.01306
126	0.01559	0.01510	0.02373	0.67345	0.05334	0.04600	0.02174	0.02074	0.01614	0.02022	0.01402	0.02085	0.01056	0.00794	0.00790	0.00262	0.01073	0.00697	0.00355	0.00883
127	0.00966	0.00690	0.00920	0.01104	0.01150	0.00644	0.00736	0.01104	0.01518	0.02024	0.04371	0.71614	0.05245	0.02484	0.01012	0.00322	0.00460	0.02254	0.00736	0.00644
128	0.01153	0.00769	0.00865	0.00865	0.00865	0.00769	0.00480	0.01153	0.01153	0.01538	0.02499	0.05189	0.02883	0.72131	0.04036	0.00769	0.00769	0.01153	0.00480	0.00480
129	0.03061	0.02146	0.02333	0.01789	0.02422	0.02347	0.01478	0.59294	0.03602	0.10422	0.02010	0.01973	0.01402	0.00954	0.00794	0.00239	0.00855	0.00721	0.00810	0.01349
130	0.01083	0.00792	0.01016	0.00997	0.01169	0.00726	0.00734	0.01406	0.02097	0.02915	0.52210	0.15957	0.12372	0.01785	0.00947	0.00262	0.00389	0.01579	0.00840	0.00726
131	0.01278	0.00913	0.01278	0.01460	0.01643	0.00913	0.01278	0.01643	0.01825	0.02373	0.04199	0.08945	0.04564	0.02191	0.01095	0.00365	0.00730	0.61847	0.00730	0.00730
132	0.00966	0.00690	0.00920	0.01104	0.01150	0.00644	0.00736	0.01104	0.01518	0.02024	0.04371	0.71614	0.05245	0.02484	0.01012	0.00322	0.00460	0.02254	0.00736	0.00644
133	0.77733	0.01534	0.01166	0.01043	0.01534	0.01779	0.00859	0.02331	0.01350	0.03558	0.01104	0.01288	0.00859	0.00736	0.00491	0.00245	0.00613	0.00429	0.00491	0.00859
134	0.01934	0.01804	0.01775	0.01602	0.01883	0.15769	0.01256	0.14342	0.01972	0.02501	0.01892	0.05018	0.01705	0.03387	0.33302	0.00735	0.06941	0.00792	0.00500	0.00890
135	0.02120	0.72609	0.04155	0.01357	0.02035	0.03138	0.01357	0.02374	0.01611	0.01866	0.01102	0.01272	0.01018	0.00678	0.00509	0.00170	0.00848	0.00424	0.00339	0.01018
136	0.00938	0.00799	0.00808	0.00815	0.01074	0.00668	0.00608	0.01137	0.01796	0.02137	0.07887	0.10179	0.64410	0.02027	0.00940	0.00270	0.00404	0.01697	0.00736	0.00668
137	0.03405	0.01445	0.01881	0.01458	0.02062	0.01326	0.01199	0.08823	0.06729	0.58227	0.03036	0.02652	0.01944	0.00986	0.00798	0.00246	0.00688	0.00797	0.00954	0.01343
138	0.01808	0.32205	0.41823	0.01890	0.02859	0.02373	0.02285	0.02455	0.01648	0.02246	0.01292	0.01509	0.01010	0.00723	0.00653	0.00218	0.01039	0.00520	0.00337	0.01109
139	0.01963	0.01884	0.03219	0.04867	0.67185	0.01884	0.02434	0.02434	0.01806	0.02591	0.01492	0.01963	0.01256	0.00707	0.00785	0.00236	0.00942	0.00707	0.00393	0.01256
140	0.00966	0.00690	0.00920	0.01104	0.01150	0.00644	0.00736	0.01104	0.01518	0.02024	0.04371	0.71614	0.05245	0.02484	0.01012	0.00322	0.00460	0.02254	0.00736	0.00644
141	0.01133	0.00850	0.01274	0.01274	0.01416	0.00991	0.00991	0.01416	0.01274	0.01841	0.02124	0.03115	0.01982	0.05947	0.68989	0.01274	0.02124	0.00850	0.00425	0.00708
