[name]
unknown

[dist]
# distance from previous block
# <min> <max>
0	44

[block]
# block no. 0 follows, 25 sequences, length 143
# corresponding to MSA columns:
# 48-190
name=unknown_A
#
# <colnr> <probs for GDERKNQSTAVLIFYWHMCP>
#	G	D	E	R	K	N	Q	S	T	A	V	L	I	F	Y	W	H	M	C	P
0	0.02453	0.21458	0.05695	0.01594	0.02226	0.02322	0.01426	0.33059	0.05103	0.06089	0.01798	0.02068	0.01419	0.00889	0.00699	0.00214	0.00817	0.03602	0.00617	0.06453
1	0.02237	0.01731	0.02087	0.01661	0.02153	0.01863	0.03862	0.23693	0.12806	0.08076	0.02037	0.05221	0.01622	0.01002	0.01013	0.00235	0.11079	0.00760	0.00647	0.16217
2	0.08796	0.01749	0.02427	0.04949	0.02572	0.03832	0.16839	0.14074	0.12304	0.08351	0.02154	0.02309	0.03541	0.00915	0.00830	0.02494	0.00853	0.00770	0.04272	0.05968
3	0.01892	0.01532	0.01840	0.05888	0.02179	0.01430	0.01167	0.11676	0.03924	0.05407	0.01543	0.01764	0.01224	0.00737	0.00797	0.00170	0.06573	0.00554	0.00520	0.49183
4	0.02559	0.01815	0.01962	0.01554	0.02057	0.01983	0.01254	0.46664	0.06167	0.06524	0.04584	0.02448	0.01804	0.06882	0.01022	0.00273	0.00763	0.00774	0.07743	0.01167
5	0.01090	0.00790	0.01016	0.00960	0.01139	0.00729	0.00713	0.01431	0.02125	0.02987	0.61647	0.05840	0.10021	0.04860	0.01053	0.00268	0.00385	0.01401	0.00830	0.00716
6	0.01534	0.03310	0.01459	0.01311	0.01557	0.01064	0.03770	0.07767	0.04366	0.08980	0.11031	0.38808	0.04251	0.01838	0.00919	0.00285	0.00573	0.05606	0.00740	0.00833
7	0.00945	0.00675	0.00900	0.01080	0.01125	0.00630	0.00720	0.01080	0.01484	0.01979	0.04274	0.72245	0.05128	0.02429	0.00990	0.00315	0.00450	0.02204	0.00720	0.00630
8	0.02896	0.03695	0.02197	0.01998	0.02397	0.69638	0.01498	0.03096	0.02197	0.01898	0.01199	0.01398	0.00999	0.00799	0.00699	0.00200	0.01398	0.00499	0.00400	0.00899
9	0.02147	0.01868	0.01836	0.01622	0.02076	0.07920	0.01266	0.08433	0.53832	0.05736	0.02886	0.02677	0.02153	0.01017	0.00780	0.00254	0.00702	0.00827	0.00760	0.01208
10	0.74884	0.04649	0.01268	0.01033	0.01521	0.01798	0.00861	0.02281	0.01331	0.03406	0.01080	0.01259	0.00847	0.00717	0.00481	0.00237	0.00610	0.00420	0.00473	0.00847
11	0.01815	0.01128	0.01397	0.01240	0.01549	0.01133	0.00961	0.06409	0.10801	0.16449	0.27462	0.13451	0.07250	0.01464	0.00935	0.00259	0.03286	0.01248	0.00817	0.00945
12	0.01701	0.01888	0.05543	0.19991	0.03928	0.01984	0.33897	0.02226	0.01618	0.02226	0.01399	0.01988	0.01101	0.00836	0.01219	0.00277	0.16057	0.00797	0.00367	0.00961
13	0.01234	0.00887	0.01228	0.01398	0.01580	0.00881	0.01218	0.01583	0.01784	0.02310	0.04282	0.08686	0.07434	0.02134	0.01064	0.00353	0.00699	0.59821	0.00714	0.00711
14	0.01608	0.01378	0.01608	0.01148	0.01837	0.01034	0.00919	0.01952	0.01608	0.02527	0.01378	0.01608	0.01148	0.00574	0.00574	0.00115	0.00574	0.00459	0.00459	0.77491
15	0.01153	0.00831	0.01043	0.01193	0.01270	0.00755	0.00800	0.01243	0.01636	0.02199	0.06984	0.65201	0.07654	0.02451	0.01054	0.00342	0.00513	0.02160	0.00780	0.00737
16	0.00961	0.00687	0.00914	0.01069	0.01128	0.00641	0.00721	0.01120	0.01559	0.02099	0.10943	0.65235	0.05359	0.02340	0.00982	0.00307	0.00441	0.02120	0.00734	0.00641
17	0.78228	0.01499	0.01140	0.01020	0.01499	0.01739	0.00840	0.02279	0.01320	0.03479	0.01080	0.01260	0.00840	0.00720	0.00480	0.00240	0.00600	0.00420	0.00480	0.00840
18	0.00945	0.00675	0.00900	0.01080	0.01125	0.00630	0.00720	0.01080	0.01484	0.01979	0.04274	0.72245	0.05128	0.02429	0.00990	0.00315	0.00450	0.02204	0.00720	0.00630
19	0.78228	0.01499	0.01140	0.01020	0.01499	0.01739	0.00840	0.02279	0.01320	0.03479	0.01080	0.01260	0.00840	0.00720	0.00480	0.00240	0.00600	0.00420	0.00480	0.00840
20	0.01898	0.01631	0.01731	0.01571	0.01998	0.01882	0.01228	0.04008	0.63632	0.03202	0.03198	0.03153	0.02460	0.01100	0.00802	0.00267	0.00618	0.03629	0.00786	0.01204
21	0.01161	0.04282	0.01249	0.01118	0.01236	0.00998	0.00822	0.01345	0.01223	0.01703	0.02150	0.03628	0.02183	0.27642	0.44678	0.01031	0.01580	0.00909	0.00429	0.00633
22	0.01779	0.01730	0.03039	0.23840	0.43902	0.01818	0.08037	0.02273	0.01709	0.02368	0.01445	0.01978	0.01167	0.00712	0.00783	0.00241	0.00989	0.00711	0.00373	0.01105
23	0.00956	0.00683	0.00913	0.01093	0.01143	0.00640	0.00740	0.01100	0.01496	0.01992	0.04267	0.69821	0.05103	0.02418	0.00993	0.00316	0.00460	0.04514	0.00720	0.00633
24	0.01553	0.01299	0.02248	0.25780	0.03225	0.01404	0.14745	0.01968	0.01672	0.04424	0.10273	0.02721	0.02093	0.01051	0.01024	0.06130	0.03537	0.00836	0.13184	0.00834
25	0.74611	0.01532	0.01197	0.01056	0.01543	0.01771	0.00870	0.05308	0.01431	0.03546	0.01117	0.01288	0.00863	0.00730	0.00494	0.00240	0.00612	0.00433	0.00494	0.00863
26	0.01832	0.01470	0.01914	0.04530	0.02171	0.01350	0.06552	0.10499	0.06467	0.05855	0.02111	0.02314	0.05662	0.01079	0.03504	0.03662	0.00753	0.00686	0.00547	0.37042
27	0.01719	0.14355	0.53497	0.02162	0.06053	0.01972	0.02547	0.02479	0.01654	0.04716	0.01406	0.01626	0.01029	0.00731	0.00703	0.00233	0.01070	0.00562	0.00353	0.01133
28	0.01952	0.32659	0.26227	0.01724	0.02487	0.09412	0.01866	0.05343	0.01757	0.02211	0.01561	0.01740	0.04207	0.00800	0.00699	0.00210	0.03177	0.00559	0.00377	0.01032
29	0.01245	0.00974	0.01150	0.01074	0.01321	0.00970	0.00814	0.01966	0.15542	0.02991	0.45469	0.05429	0.14996	0.01529	0.00889	0.00250	0.00421	0.01326	0.00821	0.00824
30	0.01234	0.01009	0.01441	0.03407	0.01575	0.01225	0.01103	0.01459	0.01297	0.01850	0.02269	0.11916	0.02354	0.09830	0.34626	0.00807	0.16410	0.05024	0.00459	0.00705
31	0.01815	0.01839	0.03400	0.22364	0.04021	0.04629	0.35263	0.05076	0.01835	0.04561	0.01737	0.06637	0.01416	0.00833	0.00860	0.00259	0.01135	0.00903	0.00436	0.00981
32	0.03084	0.01345	0.01749	0.01382	0.01929	0.01239	0.01127	0.05970	0.09322	0.53266	0.08552	0.02908	0.02408	0.01022	0.00792	0.00243	0.00637	0.00841	0.00925	0.01259
33	0.01097	0.00793	0.01036	0.00975	0.01158	0.00732	0.00732	0.01463	0.02195	0.03109	0.67505	0.05792	0.07316	0.01585	0.00914	0.00244	0.00366	0.01402	0.00854	0.00732
34	0.02099	0.71013	0.04004	0.01348	0.02003	0.05179	0.01332	0.02346	0.01595	0.01827	0.01082	0.01249	0.00995	0.00668	0.00504	0.00167	0.00847	0.00417	0.00334	0.00992
35	0.03346	0.01334	0.01788	0.01379	0.01961	0.01178	0.01136	0.06472	0.02283	0.62570	0.05954	0.02748	0.02139	0.00987	0.00786	0.00240	0.00655	0.00805	0.00946	0.01293
36	0.03455	0.01357	0.01823	0.01398	0.01998	0.01196	0.01154	0.06519	0.02283	0.65621	0.03006	0.02604	0.01893	0.00958	0.00780	0.00240	0.00668	0.00776	0.00951	0.01319
37	0.00945	0.00675	0.00900	0.01080	0.01125	0.00630	0.00720	0.01080	0.01484	0.01979	0.04274	0.72245	0.05128	0.02429	0.00990	0.00315	0.00450	0.02204	0.00720	0.00630
38	0.03039	0.01451	0.01869	0.01580	0.04889	0.01388	0.01222	0.08645	0.12829	0.47728	0.04936	0.02686	0.02084	0.00980	0.00785	0.00243	0.00670	0.00805	0.00888	0.01282
39	0.03401	0.01370	0.01822	0.01405	0.02000	0.01225	0.01158	0.06590	0.04525	0.63287	0.03008	0.02613	0.01908	0.00962	0.00780	0.00240	0.00667	0.00779	0.00945	0.01316
40	0.78228	0.01499	0.01140	0.01020	0.01499	0.01739	0.00840	0.02279	0.01320	0.03479	0.01080	0.01260	0.00840	0.00720	0.00480	0.00240	0.00600	0.00420	0.00480	0.00840
41	0.01108	0.00831	0.01246	0.01246	0.01385	0.00969	0.00969	0.01385	0.01246	0.01800	0.02077	0.03046	0.01938	0.05815	0.69678	0.01246	0.02077	0.00831	0.00415	0.00692
42	0.01464	0.01378	0.02326	0.70887	0.05340	0.01723	0.02153	0.01981	0.01550	0.01981	0.01378	0.02067	0.01034	0.00775	0.00775	0.00258	0.01034	0.00689	0.00345	0.00861
43	0.03220	0.01573	0.01979	0.01531	0.02097	0.01560	0.01266	0.20215	0.02536	0.47007	0.02604	0.02368	0.01699	0.00978	0.00894	0.00244	0.05319	0.00751	0.00870	0.01289
44	0.01128	0.00752	0.00846	0.00846	0.00846	0.00752	0.00470	0.01128	0.01128	0.01503	0.02443	0.05074	0.02819	0.72751	0.03946	0.00752	0.00752	0.01128	0.00470	0.00470
45	0.02073	0.73217	0.04063	0.01327	0.01990	0.03068	0.01327	0.02322	0.01575	0.01824	0.01078	0.01244	0.00995	0.00663	0.00498	0.00166	0.00829	0.00415	0.00332	0.00995
46	0.02492	0.01945	0.02070	0.01692	0.02231	0.02192	0.01364	0.37966	0.31750	0.04152	0.02440	0.02323	0.01787	0.00985	0.00782	0.00246	0.00746	0.00778	0.00782	0.01278
47	0.03479	0.01320	0.01799	0.01380	0.01979	0.01140	0.01140	0.03779	0.02219	0.68451	0.03059	0.02639	0.01919	0.00960	0.00780	0.00240	0.00660	0.00780	0.00960	0.01320
48	0.03226	0.01435	0.01836	0.01439	0.02018	0.01348	0.01178	0.08770	0.11047	0.54507	0.02976	0.02611	0.01932	0.00970	0.00781	0.00242	0.00669	0.00786	0.00922	0.01307
49	0.01090	0.00792	0.01027	0.00968	0.01154	0.00729	0.00726	0.01449	0.02178	0.03069	0.65160	0.05857	0.09686	0.01600	0.00915	0.00245	0.00367	0.01411	0.00848	0.00729
50	0.01108	0.00831	0.01246	0.01246	0.01385	0.00969	0.00969	0.01385	0.01246	0.01800	0.02077	0.03046	0.01938	0.05815	0.69678	0.01246	0.02077	0.00831	0.00415	0.00692
51	0.07953	0.01475	0.02440	0.54503	0.06705	0.01775	0.07249	0.02055	0.01546	0.02160	0.01356	0.01981	0.01035	0.00782	0.00836	0.00260	0.03957	0.00685	0.00361	0.00886
52	0.02896	0.03695	0.02197	0.01998	0.02397	0.69638	0.01498	0.03096	0.02197	0.01898	0.01199	0.01398	0.00999	0.00799	0.00699	0.00200	0.01398	0.00499	0.00400	0.00899
53	0.01555	0.04011	0.68733	0.02210	0.03356	0.01801	0.02865	0.02455	0.01637	0.02455	0.01391	0.01637	0.00982	0.00737	0.00737	0.00246	0.01146	0.00573	0.00327	0.01146
54	0.03228	0.01342	0.01773	0.01382	0.01948	0.01210	0.01133	0.06600	0.05210	0.58172	0.07207	0.02819	0.02263	0.01003	0.00789	0.00241	0.00648	0.00821	0.00936	0.01277
55	0.02027	0.52032	0.14755	0.01590	0.02307	0.02686	0.04260	0.02401	0.01610	0.05160	0.01244	0.01432	0.01046	0.00720	0.00659	0.00194	0.03990	0.00491	0.00364	0.01032
56	0.00940	0.00691	0.00883	0.01036	0.01113	0.00633	0.00700	0.01085	0.01527	0.01997	0.04810	0.62531	0.14496	0.02359	0.00979	0.00307	0.00441	0.02119	0.00720	0.00633
57	0.78228	0.01499	0.01140	0.01020	0.01499	0.01739	0.00840	0.02279	0.01320	0.03479	0.01080	0.01260	0.00840	0.00720	0.00480	0.00240	0.00600	0.00420	0.00480	0.00840
58	0.01664	0.01598	0.02748	0.36283	0.12528	0.01841	0.12713	0.04182	0.01651	0.02260	0.01442	0.02034	0.01134	0.00831	0.01019	0.00261	0.10254	0.00728	0.03882	0.00947
59	0.03374	0.01333	0.01793	0.01381	0.01967	0.01173	0.01138	0.06047	0.02273	0.63715	0.05291	0.02721	0.02087	0.00981	0.00784	0.00240	0.00657	0.00799	0.00949	0.01299
60	0.00945	0.00675	0.00900	0.01080	0.01125	0.00630	0.00720	0.01080	0.01484	0.01979	0.04274	0.72245	0.05128	0.02429	0.00990	0.00315	0.00450	0.02204	0.00720	0.00630
61	0.01612	0.01477	0.02444	0.41760	0.24259	0.01698	0.02068	0.02085	0.01610	0.02227	0.01489	0.02079	0.01176	0.00782	0.00818	0.00246	0.03539	0.00692	0.06976	0.00963
62	0.01708	0.02998	0.41196	0.02120	0.05968	0.01757	0.05108	0.07798	0.07084	0.02732	0.01772	0.04363	0.01376	0.00867	0.00806	0.00246	0.03295	0.00703	0.07002	0.01102
63	0.00945	0.00675	0.00900	0.01080	0.01125	0.00630	0.00720	0.01080	0.01484	0.01979	0.04274	0.72245	0.05128	0.02429	0.00990	0.00315	0.00450	0.02204	0.00720	0.00630
64	0.00945	0.00675	0.00900	0.01080	0.01125	0.00630	0.00720	0.01080	0.01484	0.01979	0.04274	0.72245	0.05128	0.02429	0.00990	0.00315	0.00450	0.02204	0.00720	0.00630
65	0.01608	0.01378	0.01608	0.01148	0.01837	0.01034	0.00919	0.01952	0.01608	0.02527	0.01378	0.01608	0.01148	0.00574	0.00574	0.00115	0.00574	0.00459	0.00459	0.77491
66	0.01919	0.01842	0.03147	0.04759	0.67914	0.01842	0.02380	0.02380	0.01765	0.02533	0.01458	0.01919	0.01228	0.00691	0.00768	0.00230	0.00921	0.00691	0.00384	0.01228
67	0.01444	0.01325	0.01891	0.01697	0.01756	0.01772	0.01384	0.01660	0.01213	0.01838	0.01472	0.02275	0.01413	0.03269	0.31338	0.00728	0.41629	0.00744	0.00372	0.00781
68	0.62085	0.07010	0.01438	0.04422	0.01722	0.01773	0.00943	0.02320	0.01405	0.06314	0.01244	0.01426	0.00957	0.00737	0.00512	0.00233	0.00632	0.00461	0.03495	0.00871
69	0.00945	0.00675	0.00900	0.01080	0.01125	0.00630	0.00720	0.01080	0.01484	0.01979	0.04274	0.72245	0.05128	0.02429	0.00990	0.00315	0.00450	0.02204	0.00720	0.00630
70	0.02348	0.01929	0.01986	0.01671	0.02176	0.04522	0.01330	0.27202	0.40475	0.03816	0.02597	0.02450	0.01922	0.00997	0.00781	0.00249	0.00732	0.00796	0.00770	0.01250
71	0.01464	0.01378	0.02326	0.70887	0.05340	0.01723	0.02153	0.01981	0.01550	0.01981	0.01378	0.02067	0.01034	0.00775	0.00775	0.00258	0.01034	0.00689	0.00345	0.00861
72	0.05734	0.02981	0.40969	0.02289	0.10082	0.01662	0.04707	0.02733	0.01772	0.17150	0.01760	0.01889	0.01218	0.00777	0.00744	0.00243	0.00993	0.00637	0.00484	0.01175
73	0.02050	0.70140	0.06938	0.01366	0.02051	0.03012	0.01395	0.02328	0.01578	0.01852	0.01092	0.01261	0.00994	0.00667	0.00508	0.00169	0.00843	0.00422	0.00331	0.01002
74	0.01060	0.00791	0.00985	0.00937	0.01136	0.00716	0.00702	0.01391	0.02107	0.02902	0.55293	0.06134	0.19657	0.01663	0.00915	0.00248	0.00371	0.01450	0.00826	0.00716
75	0.01128	0.00752	0.00846	0.00846	0.00846	0.00752	0.00470	0.01128	0.01128	0.01503	0.02443	0.05074	0.02819	0.72751	0.03946	0.00752	0.00752	0.01128	0.00470	0.00470
76	0.00931	0.00776	0.00813	0.00826	0.01062	0.00657	0.00611	0.01132	0.01769	0.02150	0.11407	0.13446	0.57794	0.01983	0.00923	0.00266	0.00396	0.01675	0.00729	0.00657
77	0.01929	0.01666	0.01753	0.01578	0.02016	0.01929	0.01227	0.04120	0.66513	0.03243	0.03156	0.02893	0.02367	0.01052	0.00789	0.00263	0.00614	0.00877	0.00789	0.01227
78	0.02902	0.02149	0.02301	0.01775	0.02387	0.02383	0.01463	0.62607	0.06441	0.04814	0.01919	0.01907	0.01365	0.00936	0.00776	0.00234	0.00843	0.00706	0.00776	0.01315
79	0.01919	0.01842	0.03147	0.04759	0.67914	0.01842	0.02380	0.02380	0.01765	0.02533	0.01458	0.01919	0.01228	0.00691	0.00768	0.00230	0.00921	0.00691	0.00384	0.01228
80	0.00945	0.00675	0.00900	0.01080	0.01125	0.00630	0.00720	0.01080	0.01484	0.01979	0.04274	0.72245	0.05128	0.02429	0.00990	0.00315	0.00450	0.02204	0.00720	0.00630
81	0.63114	0.01614	0.01355	0.01165	0.01665	0.01854	0.00957	0.12498	0.04257	0.03696	0.01287	0.01421	0.00977	0.00767	0.00540	0.00240	0.00641	0.00483	0.00540	0.00932
82	0.01608	0.01378	0.01608	0.01148	0.01837	0.01034	0.00919	0.01952	0.01608	0.02527	0.01378	0.01608	0.01148	0.00574	0.00574	0.00115	0.00574	0.00459	0.00459	0.77491
83	0.01847	0.01768	0.03016	0.15290	0.57950	0.01823	0.02344	0.02316	0.01731	0.02445	0.01446	0.01943	0.01197	0.00704	0.00769	0.00235	0.00939	0.00691	0.00378	0.01170
84	0.02073	0.73217	0.04063	0.01327	0.01990	0.03068	0.01327	0.02322	0.01575	0.01824	0.01078	0.01244	0.00995	0.00663	0.00498	0.00166	0.00829	0.00415	0.00332	0.00995
85	0.01830	0.02092	0.04575	0.03268	0.04052	0.01961	0.65098	0.02484	0.01830	0.02484	0.01569	0.02092	0.01176	0.00654	0.00915	0.00261	0.01307	0.00915	0.00392	0.01046
86	0.78228	0.01499	0.01140	0.01020	0.01499	0.01739	0.00840	0.02279	0.01320	0.03479	0.01080	0.01260	0.00840	0.00720	0.00480	0.00240	0.00600	0.00420	0.00480	0.00840
87	0.01929	0.02697	0.33291	0.01828	0.02586	0.01714	0.01982	0.12886	0.04621	0.08407	0.07018	0.02181	0.01713	0.00989	0.00975	0.03676	0.05498	0.00697	0.00524	0.04790
88	0.13961	0.01616	0.02424	0.18194	0.33150	0.01733	0.01912	0.05329	0.01760	0.05678	0.01646	0.02323	0.01371	0.00832	0.00744	0.00247	0.00866	0.04694	0.00457	0.01061
89	0.03378	0.01342	0.01796	0.01392	0.01982	0.01191	0.01145	0.03801	0.06411	0.64200	0.03065	0.02656	0.01949	0.00966	0.00780	0.00241	0.00657	0.00786	0.00949	0.01314
90	0.01420	0.01200	0.01863	0.25252	0.11185	0.01293	0.01658	0.01836	0.01683	0.02235	0.02681	0.07132	0.02704	0.01405	0.00898	0.00291	0.00831	0.28071	0.00531	0.05831
91	0.01799	0.17345	0.48541	0.02029	0.03015	0.05006	0.04395	0.02510	0.01678	0.04896	0.01393	0.01603	0.01028	0.00731	0.00696	0.00228	0.01081	0.00558	0.00358	0.01109
92	0.57748	0.01453	0.01344	0.04390	0.01789	0.01603	0.00969	0.02604	0.01533	0.18069	0.01540	0.01609	0.01092	0.00776	0.00561	0.00241	0.00634	0.00514	0.00582	0.00949
93	0.02733	0.01101	0.01405	0.01139	0.01585	0.00987	0.00920	0.03056	0.02002	0.44409	0.02865	0.02731	0.01944	0.00939	0.00693	0.00218	0.00550	0.00759	0.28865	0.01101
94	0.01041	0.00829	0.01301	0.01318	0.01444	0.00775	0.07744	0.01233	0.01522	0.02034	0.03978	0.64591	0.04697	0.02235	0.00982	0.00309	0.00543	0.02064	0.00684	0.00675
95	0.01618	0.01597	0.02645	0.35711	0.06787	0.01969	0.09973	0.02092	0.03488	0.02072	0.01348	0.01973	0.01096	0.00947	0.01347	0.00283	0.23061	0.00720	0.00364	0.00908
96	0.02947	0.02172	0.02327	0.01784	0.02404	0.02404	0.01474	0.65329	0.03646	0.04887	0.01862	0.01862	0.01319	0.00931	0.00776	0.00233	0.00853	0.00698	0.00776	0.01319
97	0.00945	0.00675	0.00900	0.01080	0.01125	0.00630	0.00720	0.01080	0.01484	0.01979	0.04274	0.72245	0.05128	0.02429	0.00990	0.00315	0.00450	0.02204	0.00720	0.00630
98	0.02382	0.07213	0.24441	0.01813	0.02580	0.01973	0.01860	0.25948	0.04948	0.12864	0.01984	0.02230	0.01464	0.00916	0.00760	0.00241	0.00905	0.03650	0.00621	0.01207
99	0.01793	0.02139	0.07194	0.02986	0.03711	0.04859	0.54165	0.02397	0.01810	0.02416	0.01761	0.07675	0.01477	0.00807	0.00903	0.00262	0.01235	0.00984	0.00416	0.01011
100	0.00945	0.00675	0.00900	0.01080	0.01125	0.00630	0.00720	0.01080	0.01484	0.01979	0.04274	0.72245	0.05128	0.02429	0.00990	0.00315	0.00450	0.02204	0.00720	0.00630
101	0.33421	0.41067	0.02790	0.01226	0.01804	0.05066	0.01133	0.02334	0.01494	0.02507	0.01083	0.01256	0.00931	0.00692	0.00498	0.00198	0.00757	0.00420	0.00395	0.00927
102	0.00997	0.00696	0.00911	0.01063	0.01124	0.00656	0.00724	0.01157	0.01521	0.02066	0.07074	0.59872	0.04946	0.05702	0.01112	0.00328	0.00468	0.04740	0.04207	0.00635
103	0.30673	0.23397	0.18357	0.01463	0.02170	0.02206	0.01526	0.07842	0.01675	0.02866	0.01222	0.01398	0.00962	0.00726	0.00573	0.00219	0.00821	0.00479	0.00425	0.01001
104	0.01119	0.00823	0.01235	0.01235	0.01367	0.00955	0.00955	0.01367	0.01235	0.01779	0.02042	0.03014	0.01911	0.05668	0.66541	0.04833	0.02011	0.00823	0.00412	0.00676
105	0.00916	0.00785	0.00785	0.00785	0.01047	0.00655	0.00589	0.01113	0.01767	0.02095	0.07855	0.07462	0.67599	0.01964	0.00916	0.00262	0.00393	0.01636	0.00720	0.00655
106	0.02073	0.73217	0.04063	0.01327	0.01990	0.03068	0.01327	0.02322	0.01575	0.01824	0.01078	0.01244	0.00995	0.00663	0.00498	0.00166	0.00829	0.00415	0.00332	0.00995
107	0.00945	0.00675	0.00900	0.01080	0.01125	0.00630	0.00720	0.01080	0.01484	0.01979	0.04274	0.72245	0.05128	0.02429	0.00990	0.00315	0.00450	0.02204	0.00720	0.00630
108	0.01111	0.00819	0.01186	0.01186	0.01304	0.00937	0.00894	0.01346	0.01228	0.01755	0.02132	0.03350	0.02070	0.15852	0.59822	0.01172	0.01878	0.00875	0.00424	0.00659
109	0.00945	0.00675	0.00900	0.01080	0.01125	0.00630	0.00720	0.01080	0.01484	0.01979	0.04274	0.72245	0.05128	0.02429	0.00990	0.00315	0.00450	0.02204	0.00720	0.00630
110	0.00935	0.00786	0.00811	0.00805	0.01058	0.00662	0.00603	0.01148	0.01810	0.02197	0.13870	0.07294	0.61520	0.01925	0.00916	0.00260	0.00390	0.01613	0.00733	0.00662
111	0.01696	0.01696	0.02375	0.02036	0.02036	0.02375	0.01696	0.01866	0.01187	0.01866	0.01018	0.01696	0.01018	0.01357	0.02545	0.00339	0.71332	0.00679	0.00339	0.00848
112	0.01347	0.00673	0.01010	0.01010	0.01010	0.00673	0.00673	0.01010	0.01010	0.01347	0.01347	0.02357	0.01347	0.02694	0.03030	0.77441	0.00673	0.00673	0.00337	0.00337
113	0.01608	0.01378	0.01608	0.01148	0.01837	0.01034	0.00919	0.01952	0.01608	0.02527	0.01378	0.01608	0.01148	0.00574	0.00574	0.00115	0.00574	0.00459	0.00459	0.77491
114	0.78228	0.01499	0.01140	0.01020	0.01499	0.01739	0.00840	0.02279	0.01320	0.03479	0.01080	0.01260	0.00840	0.00720	0.00480	0.00240	0.00600	0.00420	0.00480	0.00840
115	0.01968	0.01685	0.01776	0.01586	0.02031	0.01947	0.01237	0.06520	0.64049	0.03308	0.03105	0.02852	0.02326	0.01047	0.00788	0.00262	0.00623	0.00870	0.00788	0.01231
116	0.01814	0.02060	0.04475	0.06278	0.04110	0.01950	0.62296	0.02461	0.01818	0.02461	0.01560	0.02090	0.01170	0.00659	0.00909	0.00261	0.01295	0.00905	0.00390	0.01038
117	0.74609	0.01605	0.01190	0.01067	0.01543	0.05001	0.00871	0.02318	0.01362	0.03403	0.01085	0.01266	0.00847	0.00724	0.00490	0.00238	0.00638	0.00424	0.00476	0.00843
118	0.01023	0.00750	0.01035	0.07241	0.01506	0.00742	0.00857	0.01216	0.01531	0.02064	0.06288	0.59140	0.04715	0.02189	0.00955	0.00304	0.00503	0.03892	0.03389	0.00660
119	0.08081	0.19537	0.02202	0.05760	0.02008	0.01679	0.01119	0.05262	0.01845	0.10738	0.12645	0.02362	0.02219	0.00857	0.00653	0.00190	0.00660	0.00670	0.00564	0.20951
120	0.01306	0.00839	0.01103	0.01011	0.01230	0.00767	0.00767	0.01666	0.02197	0.08833	0.61860	0.05516	0.06843	0.01530	0.00903	0.00244	0.00392	0.01348	0.00863	0.00783
121	0.24998	0.01818	0.06099	0.04381	0.05055	0.04393	0.01322	0.08531	0.16217	0.16645	0.02067	0.02048	0.01481	0.00866	0.00686	0.00243	0.00736	0.00655	0.00650	0.01106
122	0.02033	0.70189	0.03945	0.01323	0.01965	0.02980	0.01312	0.02283	0.01562	0.01823	0.01120	0.01319	0.01034	0.00879	0.03392	0.00211	0.00881	0.00432	0.00335	0.00982
123	0.05466	0.04402	0.05193	0.03012	0.20805	0.01767	0.26124	0.02275	0.01703	0.02484	0.01569	0.05066	0.01333	0.00762	0.00840	0.00231	0.03304	0.00785	0.00413	0.12466
124	0.01573	0.01472	0.02421	0.52609	0.04567	0.01811	0.06115	0.04411	0.01605	0.02143	0.01404	0.02043	0.01086	0.00852	0.01000	0.00265	0.09934	0.00704	0.03098	0.00884
125	0.02896	0.03695	0.02197	0.01998	0.02397	0.69638	0.01498	0.03096	0.02197	0.01898	0.01199	0.01398	0.00999	0.00799	0.00699	0.00200	0.01398	0.00499	0.00400	0.00899
126	0.01782	0.01415	0.01642	0.01226	0.01860	0.01169	0.00991	0.09143	0.01878	0.05284	0.01925	0.02289	0.04398	0.00769	0.00645	0.00151	0.00608	0.03558	0.00539	0.58730
127	0.40581	0.02195	0.18475	0.01867	0.10722	0.01760	0.01599	0.05402	0.01626	0.07400	0.01373	0.01559	0.01019	0.00746	0.00615	0.00240	0.00795	0.00530	0.00474	0.01021
128	0.02896	0.03695	0.02197	0.01998	0.02397	0.69638	0.01498	0.03096	0.02197	0.01898	0.01199	0.01398	0.00999	0.00799	0.00699	0.00200	0.01398	0.00499	0.00400	0.00899
129	0.01464	0.01378	0.02326	0.70887	0.05340	0.01723	0.02153	0.01981	0.01550	0.01981	0.01378	0.02067	0.01034	0.00775	0.00775	0.00258	0.01034	0.00689	0.00345	0.00861
130	0.03363	0.01402	0.01838	0.01420	0.02014	0.01275	0.01170	0.08551	0.05434	0.60391	0.02971	0.02591	0.01895	0.00962	0.00780	0.00240	0.00672	0.00778	0.00937	0.01315
131	0.01898	0.02123	0.06712	0.03142	0.03930	0.01916	0.59888	0.02544	0.01842	0.05588	0.01633	0.02101	0.01205	0.00671	0.00902	0.00260	0.01271	0.00897	0.00417	0.01062
132	0.02947	0.02172	0.02327	0.01784	0.02404	0.02404	0.01474	0.65329	0.03646	0.04887	0.01862	0.01862	0.01319	0.00931	0.00776	0.00233	0.00853	0.00698	0.00776	0.01319
133	0.01347	0.00673	0.01010	0.01010	0.01010	0.00673	0.00673	0.01010	0.01010	0.01347	0.01347	0.02357	0.01347	0.02694	0.03030	0.77441	0.00673	0.00673	0.00337	0.00337
134	0.02902	0.01413	0.04824	0.07821	0.02297	0.01224	0.01306	0.03335	0.04791	0.49721	0.05427	0.03073	0.02191	0.01038	0.00802	0.00251	0.00706	0.04827	0.00847	0.01203
135	0.02312	0.01466	0.04678	0.01415	0.01888	0.01380	0.01181	0.07225	0.20661	0.25966	0.16953	0.03533	0.03234	0.01155	0.00820	0.00252	0.00620	0.03291	0.00838	0.01135
136	0.00945	0.00675	0.00900	0.01080	0.01125	0.00630	0.00720	0.01080	0.01484	0.01979	0.04274	0.72245	0.05128	0.02429	0.00990	0.00315	0.00450	0.02204	0.00720	0.00630
137	0.01555	0.04011	0.68733	0.02210	0.03356	0.01801	0.02865	0.02455	0.01637	0.02455	0.01391	0.01637	0.00982	0.00737	0.00737	0.00246	0.01146	0.00573	0.00327	0.01146
138	0.01608	0.09281	0.61419	0.02232	0.05532	0.01900	0.02729	0.02442	0.01637	0.02409	0.01370	0.01617	0.00992	0.00729	0.00719	0.00239	0.01113	0.00565	0.00330	0.01137
139	0.01003	0.00699	0.00882	0.01005	0.01035	0.00669	0.00640	0.01095	0.01370	0.01827	0.03686	0.50687	0.04387	0.24998	0.01939	0.00455	0.00547	0.01859	0.00640	0.00578
140	0.01646	0.01622	0.02278	0.01968	0.01980	0.02254	0.01634	0.01825	0.01192	0.01860	0.01109	0.01812	0.01097	0.01739	0.08301	0.00417	0.65393	0.00692	0.00346	0.00835
141	0.19056	0.01683	0.01845	0.01578	0.04649	0.03834	0.01235	0.19841	0.05299	0.27340	0.02235	0.02305	0.01585	0.00933	0.00723	0.00242	0.00733	0.02962	0.00750	0.01173
142	0.01837	0.02376	0.17323	0.05753	0.03605	0.01878	0.39192	0.08322	0.01935	0.02708	0.01614	0.02027	0.01196	0.00719	0.00834	0.00250	0.01157	0.00801	0.05410	0.01063

[dist]
# distance from previous block
# <min> <max>
0	2

[block]
# block no. 1 follows, 25 sequences, length 143
# corresponding to MSA columns:
# 193-335
name=unknown_B
#
# <colnr> <probs for GDERKNQSTAVLIFYWHMCP>
#	G	D	E	R	K	N	Q	S	T	A	V	L	I	F	Y	W	H	M	C	P
0	0.78228	0.01499	0.01140	0.01020	0.01499	0.01739	0.00840	0.02279	0.01320	0.03479	0.01080	0.01260	0.00840	0.00720	0.00480	0.00240	0.00600	0.00420	0.00480	0.00840
1	0.01927	0.01885	0.02971	0.07676	0.55889	0.04817	0.02250	0.02428	0.04162	0.02468	0.01483	0.01928	0.01240	0.00750	0.00863	0.00238	0.04770	0.00689	0.00395	0.01175
2	0.01007	0.00701	0.00881	0.01000	0.01030	0.00671	0.00635	0.01096	0.01363	0.01817	0.03649	0.49343	0.04341	0.26405	0.01998	0.00464	0.00553	0.01837	0.00635	0.00575
3	0.01691	0.01609	0.02735	0.37954	0.36504	0.01782	0.02266	0.02180	0.01658	0.02256	0.01418	0.01993	0.01130	0.00733	0.00771	0.00244	0.00978	0.00690	0.00364	0.01044
4	0.03460	0.01350	0.01819	0.01394	0.01995	0.01185	0.01152	0.06011	0.02271	0.66145	0.03015	0.02611	0.01898	0.00959	0.00780	0.00240	0.00667	0.00777	0.00953	0.01320
5	0.00916	0.00785	0.00785	0.00785	0.01047	0.00655	0.00589	0.01113	0.01767	0.02095	0.07855	0.07462	0.67599	0.01964	0.00916	0.00262	0.00393	0.01636	0.00720	0.00655
6	0.78228	0.01499	0.01140	0.01020	0.01499	0.01739	0.00840	0.02279	0.01320	0.03479	0.01080	0.01260	0.00840	0.00720	0.00480	0.00240	0.00600	0.00420	0.00480	0.00840
7	0.01097	0.00793	0.01036	0.00975	0.01158	0.00732	0.00732	0.01463	0.02195	0.03109	0.67505	0.05792	0.07316	0.01585	0.00914	0.00244	0.00366	0.01402	0.00854	0.00732
8	0.02947	0.02172	0.02327	0.01784	0.02404	0.02404	0.01474	0.65329	0.03646	0.04887	0.01862	0.01862	0.01319	0.00931	0.00776	0.00233	0.00853	0.00698	0.00776	0.01319
9	0.02896	0.03695	0.02197	0.01998	0.02397	0.69638	0.01498	0.03096	0.02197	0.01898	0.01199	0.01398	0.00999	0.00799	0.00699	0.00200	0.01398	0.00499	0.00400	0.00899
10	0.01108	0.00831	0.01246	0.01246	0.01385	0.00969	0.00969	0.01385	0.01246	0.01800	0.02077	0.03046	0.01938	0.05815	0.69678	0.01246	0.02077	0.00831	0.00415	0.00692
11	0.01929	0.01666	0.01753	0.01578	0.02016	0.01929	0.01227	0.04120	0.66513	0.03243	0.03156	0.02893	0.02367	0.01052	0.00789	0.00263	0.00614	0.00877	0.00789	0.01227
12	0.01637	0.01232	0.01474	0.01152	0.01672	0.01028	0.00908	0.02131	0.06998	0.07925	0.20275	0.02970	0.03043	0.00927	0.00703	0.00173	0.00525	0.00783	0.00636	0.43809
13	0.10492	0.01704	0.07476	0.05053	0.13559	0.01494	0.01526	0.05913	0.05092	0.36299	0.02324	0.02246	0.01570	0.00866	0.00744	0.00240	0.00761	0.00708	0.00717	0.01216
14	0.01696	0.01696	0.02375	0.02036	0.02036	0.02375	0.01696	0.01866	0.01187	0.01866	0.01018	0.01696	0.01018	0.01357	0.02545	0.00339	0.71332	0.00679	0.00339	0.00848
15	0.01194	0.00853	0.01186	0.01365	0.01520	0.00845	0.01154	0.01511	0.01731	0.02259	0.04136	0.20202	0.04582	0.02194	0.01056	0.00349	0.00666	0.51782	0.00715	0.00699
16	0.01649	0.01852	0.08697	0.36065	0.15991	0.01809	0.15470	0.02285	0.04234	0.02277	0.01504	0.02041	0.01147	0.00742	0.00800	0.00253	0.01064	0.00734	0.00378	0.01005
17	0.05895	0.06626	0.55212	0.02090	0.03128	0.01813	0.04939	0.02532	0.01664	0.07007	0.01482	0.01685	0.01047	0.00745	0.00722	0.00242	0.01075	0.00585	0.00382	0.01131
18	0.00945	0.00675	0.00900	0.01080	0.01125	0.00630	0.00720	0.01080	0.01484	0.01979	0.04274	0.72245	0.05128	0.02429	0.00990	0.00315	0.00450	0.02204	0.00720	0.00630
19	0.01097	0.00789	0.01070	0.01235	0.01358	0.00762	0.00974	0.01349	0.01663	0.02184	0.06197	0.36734	0.07326	0.02246	0.01024	0.00331	0.00574	0.31691	0.00721	0.00675
20	0.05309	0.05627	0.07186	0.03252	0.19422	0.01948	0.35403	0.04646	0.01848	0.05466	0.01561	0.01962	0.01193	0.00693	0.00819	0.00245	0.01105	0.00782	0.00425	0.01106
21	0.06745	0.01995	0.02099	0.01659	0.02220	0.04896	0.01363	0.47705	0.03177	0.10473	0.05284	0.02380	0.01773	0.01002	0.00777	0.00238	0.00814	0.03414	0.00763	0.01221
22	0.01517	0.00792	0.00799	0.00773	0.00975	0.00803	0.00586	0.04827	0.01722	0.02986	0.02498	0.02842	0.01956	0.00905	0.00553	0.00183	0.00385	0.00722	0.73429	0.00751
23	0.01741	0.01620	0.02683	0.26724	0.40462	0.01747	0.02158	0.02291	0.04489	0.02396	0.01561	0.02062	0.01251	0.00746	0.00759	0.00239	0.00917	0.00700	0.04377	0.01078
24	0.01111	0.00826	0.01038	0.00979	0.01180	0.00771	0.00736	0.01531	0.04681	0.03007	0.58657	0.05855	0.13504	0.01604	0.00910	0.00247	0.00378	0.01406	0.00837	0.00743
25	0.01651	0.01357	0.01684	0.04425	0.05232	0.01169	0.01074	0.02091	0.05050	0.05416	0.06733	0.02324	0.04575	0.00797	0.00730	0.00165	0.03379	0.00646	0.00525	0.50976
26	0.01608	0.01378	0.01608	0.01148	0.01837	0.01034	0.00919	0.01952	0.01608	0.02527	0.01378	0.01608	0.01148	0.00574	0.00574	0.00115	0.00574	0.00459	0.00459	0.77491
27	0.03479	0.01320	0.01799	0.01380	0.01979	0.01140	0.01140	0.03779	0.02219	0.68451	0.03059	0.02639	0.01919	0.00960	0.00780	0.00240	0.00660	0.00780	0.00960	0.01320
28	0.01085	0.00783	0.01026	0.00984	0.01156	0.00724	0.00731	0.01433	0.02139	0.03020	0.62514	0.11037	0.07143	0.01652	0.00920	0.00249	0.00372	0.01466	0.00843	0.00724
29	0.00945	0.00675	0.00900	0.01080	0.01125	0.00630	0.00720	0.01080	0.01484	0.01979	0.04274	0.72245	0.05128	0.02429	0.00990	0.00315	0.00450	0.02204	0.00720	0.00630
30	0.01830	0.02092	0.04575	0.03268	0.04052	0.01961	0.65098	0.02484	0.01830	0.02484	0.01569	0.02092	0.01176	0.00654	0.00915	0.00261	0.01307	0.00915	0.00392	0.01046
31	0.01097	0.00793	0.01036	0.00975	0.01158	0.00732	0.00732	0.01463	0.02195	0.03109	0.67505	0.05792	0.07316	0.01585	0.00914	0.00244	0.00366	0.01402	0.00854	0.00732
32	0.01555	0.04011	0.68733	0.02210	0.03356	0.01801	0.02865	0.02455	0.01637	0.02455	0.01391	0.01637	0.00982	0.00737	0.00737	0.00246	0.01146	0.00573	0.00327	0.01146
33	0.01128	0.00752	0.00846	0.00846	0.00846	0.00752	0.00470	0.01128	0.01128	0.01503	0.02443	0.05074	0.02819	0.72751	0.03946	0.00752	0.00752	0.01128	0.00470	0.00470
34	0.01696	0.01696	0.02375	0.02036	0.02036	0.02375	0.01696	0.01866	0.01187	0.01866	0.01018	0.01696	0.01018	0.01357	0.02545	0.00339	0.71332	0.00679	0.00339	0.00848
35	0.01608	0.01378	0.01608	0.01148	0.01837	0.01034	0.00919	0.01952	0.01608	0.02527	0.01378	0.01608	0.01148	0.00574	0.00574	0.00115	0.00574	0.00459	0.00459	0.77491
36	0.01620	0.01656	0.05320	0.34438	0.18015	0.01705	0.14247	0.02136	0.01639	0.02239	0.01537	0.02197	0.01227	0.03894	0.00927	0.00270	0.01021	0.00750	0.04200	0.00962
37	0.00984	0.00830	0.03885	0.01128	0.01223	0.00699	0.00815	0.01154	0.01469	0.01976	0.03996	0.64063	0.04739	0.04938	0.03808	0.00364	0.00555	0.02041	0.00682	0.00649
38	0.01868	0.00942	0.01109	0.00984	0.01278	0.00897	0.00765	0.05428	0.01964	0.17382	0.14579	0.06160	0.05566	0.01140	0.00705	0.00216	0.00458	0.00949	0.36730	0.00880
39	0.01830	0.02092	0.04575	0.03268	0.04052	0.01961	0.65098	0.02484	0.01830	0.02484	0.01569	0.02092	0.01176	0.00654	0.00915	0.00261	0.01307	0.00915	0.00392	0.01046
40	0.09458	0.04453	0.05411	0.05021	0.13484	0.04303	0.01473	0.07496	0.13840	0.12448	0.04829	0.02215	0.01725	0.00851	0.00716	0.00224	0.00757	0.00693	0.00604	0.09999
41	0.01643	0.15810	0.57708	0.02059	0.03123	0.02017	0.02603	0.02433	0.01627	0.02348	0.01338	0.01570	0.00984	0.00724	0.00696	0.00232	0.01092	0.00546	0.00328	0.01120
42	0.00961	0.00686	0.00918	0.01098	0.01150	0.00643	0.00747	0.01107	0.01500	0.01997	0.04265	0.68941	0.05094	0.02414	0.00994	0.00317	0.00464	0.05351	0.00719	0.00634
43	0.01482	0.01396	0.02357	0.68333	0.07757	0.01727	0.02162	0.01996	0.01559	0.02002	0.01381	0.02061	0.01041	0.00772	0.00775	0.00257	0.01029	0.00689	0.00346	0.00875
44	0.05302	0.02157	0.14441	0.13268	0.05206	0.01906	0.01796	0.22848	0.04804	0.14128	0.01855	0.01992	0.01312	0.00884	0.00850	0.00247	0.04555	0.00682	0.00605	0.01162
45	0.01001	0.00718	0.00950	0.01042	0.01137	0.00667	0.00724	0.01220	0.01744	0.02393	0.27409	0.47930	0.05929	0.02120	0.00962	0.00289	0.00419	0.01911	0.00769	0.00667
46	0.01445	0.00723	0.00723	0.00723	0.00903	0.00723	0.00542	0.01807	0.01626	0.02891	0.02529	0.02891	0.01987	0.00903	0.00542	0.00181	0.00361	0.00723	0.77055	0.00723
47	0.10087	0.04739	0.19245	0.09240	0.22717	0.01830	0.07318	0.05467	0.01792	0.08140	0.01543	0.01841	0.01157	0.00743	0.00734	0.00239	0.00957	0.00649	0.00442	0.01121
48	0.01692	0.03611	0.53959	0.02281	0.05999	0.05485	0.05337	0.05170	0.01774	0.02521	0.01662	0.01891	0.03590	0.00790	0.00752	0.00243	0.01115	0.00635	0.00371	0.01120
49	0.01634	0.01334	0.04999	0.10254	0.05572	0.01348	0.01324	0.11386	0.01757	0.05978	0.02076	0.03084	0.01861	0.11543	0.28911	0.00713	0.01358	0.03496	0.00504	0.00867
50	0.54571	0.04863	0.07264	0.08443	0.04015	0.01837	0.01244	0.05419	0.01510	0.03209	0.01187	0.01423	0.00914	0.00734	0.00556	0.00238	0.00723	0.00482	0.00459	0.00910
51	0.01088	0.00792	0.01023	0.00965	0.01152	0.00727	0.00724	0.01444	0.02172	0.03054	0.64257	0.05883	0.10598	0.01606	0.00915	0.00245	0.00367	0.01415	0.00846	0.00727
52	0.01430	0.00724	0.00729	0.00729	0.00901	0.00724	0.00539	0.01774	0.01602	0.02825	0.02525	0.02994	0.02027	0.04319	0.00704	0.00208	0.00380	0.00742	0.73414	0.00711
53	0.01128	0.00752	0.00846	0.00846	0.00846	0.00752	0.00470	0.01128	0.01128	0.01503	0.02443	0.05074	0.02819	0.72751	0.03946	0.00752	0.00752	0.01128	0.00470	0.00470
54	0.01830	0.02092	0.04575	0.03268	0.04052	0.01961	0.65098	0.02484	0.01830	0.02484	0.01569	0.02092	0.01176	0.00654	0.00915	0.00261	0.01307	0.00915	0.00392	0.01046
55	0.03479	0.01320	0.01799	0.01380	0.01979	0.01140	0.01140	0.03779	0.02219	0.68451	0.03059	0.02639	0.01919	0.00960	0.00780	0.00240	0.00660	0.00780	0.00960	0.01320
56	0.01108	0.00831	0.01246	0.01246	0.01385	0.00969	0.00969	0.01385	0.01246	0.01800	0.02077	0.03046	0.01938	0.05815	0.69678	0.01246	0.02077	0.00831	0.00415	0.00692
57	0.02909	0.02153	0.02305	0.01776	0.02390	0.02386	0.01464	0.62999	0.06039	0.04824	0.01911	0.01901	0.01359	0.00935	0.00776	0.00234	0.00844	0.00705	0.00776	0.01315
58	0.02947	0.02172	0.02327	0.01784	0.02404	0.02404	0.01474	0.65329	0.03646	0.04887	0.01862	0.01862	0.01319	0.00931	0.00776	0.00233	0.00853	0.00698	0.00776	0.01319
59	0.00945	0.00675	0.00900	0.01080	0.01125	0.00630	0.00720	0.01080	0.01484	0.01979	0.04274	0.72245	0.05128	0.02429	0.00990	0.00315	0.00450	0.02204	0.00720	0.00630
60	0.78228	0.01499	0.01140	0.01020	0.01499	0.01739	0.00840	0.02279	0.01320	0.03479	0.01080	0.01260	0.00840	0.00720	0.00480	0.00240	0.00600	0.00420	0.00480	0.00840
61	0.01842	0.01711	0.02521	0.13857	0.23159	0.01871	0.07237	0.03095	0.30416	0.02755	0.02207	0.02389	0.01697	0.00861	0.00791	0.00252	0.00836	0.00792	0.00558	0.01153
62	0.78228	0.01499	0.01140	0.01020	0.01499	0.01739	0.00840	0.02279	0.01320	0.03479	0.01080	0.01260	0.00840	0.00720	0.00480	0.00240	0.00600	0.00420	0.00480	0.00840
63	0.04654	0.10360	0.29201	0.01661	0.02367	0.01711	0.01792	0.08723	0.05458	0.05662	0.12452	0.08151	0.02488	0.01050	0.00758	0.00241	0.00827	0.00855	0.00549	0.01038
64	0.00945	0.00675	0.00900	0.01080	0.01125	0.00630	0.00720	0.01080	0.01484	0.01979	0.04274	0.72245	0.05128	0.02429	0.00990	0.00315	0.00450	0.02204	0.00720	0.00630
65	0.01046	0.00775	0.00990	0.01067	0.01195	0.00722	0.00746	0.01325	0.04222	0.02314	0.18642	0.48840	0.07759	0.02085	0.00944	0.00286	0.00440	0.01872	0.00742	0.03987
66	0.02313	0.01886	0.02283	0.01955	0.05195	0.04453	0.07872	0.18521	0.32051	0.08587	0.02449	0.02401	0.01807	0.00961	0.00859	0.00253	0.03430	0.00801	0.00710	0.01212
67	0.04852	0.47607	0.17776	0.01584	0.02300	0.07606	0.01669	0.02388	0.01610	0.02030	0.01152	0.01359	0.00988	0.00719	0.00644	0.00195	0.03706	0.00466	0.00342	0.01009
68	0.01615	0.01404	0.01671	0.01222	0.01854	0.01144	0.00983	0.01945	0.01573	0.02472	0.01348	0.01615	0.01138	0.00639	0.00737	0.00133	0.06406	0.00477	0.00449	0.71174
69	0.01365	0.00885	0.01240	0.01137	0.01368	0.00808	0.03592	0.01678	0.02011	0.10355	0.41036	0.19673	0.08456	0.01670	0.00915	0.00260	0.00460	0.01492	0.00811	0.00788
70	0.01072	0.00792	0.01001	0.00949	0.01143	0.00721	0.00711	0.01414	0.02134	0.02966	0.59061	0.06028	0.15850	0.01639	0.00915	0.00246	0.00370	0.01435	0.00835	0.00721
71	0.01205	0.01017	0.01453	0.01416	0.01603	0.03370	0.08131	0.01516	0.03524	0.02235	0.10248	0.43546	0.04576	0.02001	0.00969	0.00302	0.00617	0.10858	0.00686	0.00727
72	0.01844	0.06400	0.47744	0.02238	0.03239	0.01860	0.11664	0.05981	0.01817	0.07724	0.01560	0.01777	0.01103	0.00749	0.00758	0.00243	0.01102	0.00639	0.00411	0.01148
73	0.01061	0.00787	0.00992	0.00969	0.01155	0.00718	0.00728	0.01381	0.02052	0.02819	0.49945	0.11025	0.17486	0.01735	0.00927	0.00257	0.00391	0.04048	0.00815	0.00710
74	0.03479	0.01320	0.01799	0.01380	0.01979	0.01140	0.01140	0.03779	0.02219	0.68451	0.03059	0.02639	0.01919	0.00960	0.00780	0.00240	0.00660	0.00780	0.00960	0.01320
75	0.05248	0.05968	0.10898	0.03834	0.45443	0.01879	0.07697	0.02451	0.01746	0.05388	0.01493	0.01867	0.01195	0.00704	0.00750	0.00232	0.00951	0.00673	0.00404	0.01177
76	0.17476	0.02489	0.07630	0.12528	0.08334	0.23039	0.04094	0.07820	0.05004	0.02660	0.01402	0.01672	0.01089	0.00783	0.00695	0.00231	0.01036	0.00585	0.00449	0.00985
77	0.01466	0.00765	0.00855	0.00839	0.01028	0.00781	0.00639	0.01810	0.01583	0.05248	0.02472	0.02908	0.01976	0.01753	0.12483	0.00367	0.00669	0.00744	0.60873	0.00741
78	0.43298	0.02122	0.15847	0.05530	0.06520	0.01808	0.06761	0.05321	0.01579	0.03108	0.01263	0.01521	0.00955	0.00729	0.00618	0.00243	0.00828	0.00538	0.00441	0.00969
79	0.01470	0.01379	0.02290	0.60644	0.07650	0.01706	0.02064	0.01945	0.01537	0.01999	0.01513	0.05691	0.01254	0.00889	0.00882	0.00265	0.04826	0.00767	0.00365	0.00864
80	0.02113	0.01757	0.01857	0.01615	0.02086	0.02015	0.01272	0.15176	0.55158	0.03540	0.02922	0.02707	0.02178	0.01030	0.00787	0.00258	0.00657	0.00844	0.00787	0.01244
81	0.05090	0.01431	0.01632	0.01200	0.01861	0.01174	0.00963	0.04871	0.05080	0.04962	0.01536	0.01706	0.01232	0.00634	0.00597	0.00137	0.00592	0.00501	0.00508	0.64292
82	0.03479	0.01320	0.01799	0.01380	0.01979	0.01140	0.01140	0.03779	0.02219	0.68451	0.03059	0.02639	0.01919	0.00960	0.00780	0.00240	0.00660	0.00780	0.00960	0.01320
83	0.01830	0.02092	0.04575	0.03268	0.04052	0.01961	0.65098	0.02484	0.01830	0.02484	0.01569	0.02092	0.01176	0.00654	0.00915	0.00261	0.01307	0.00915	0.00392	0.01046
84	0.01097	0.00793	0.01036	0.00975	0.01158	0.00732	0.00732	0.01463	0.02195	0.03109	0.67505	0.05792	0.07316	0.01585	0.00914	0.00244	0.00366	0.01402	0.00854	0.00732
85	0.00945	0.00675	0.00900	0.01080	0.01125	0.00630	0.00720	0.01080	0.01484	0.01979	0.04274	0.72245	0.05128	0.02429	0.00990	0.00315	0.00450	0.02204	0.00720	0.00630
86	0.00945	0.00675	0.00900	0.01080	0.01125	0.00630	0.00720	0.01080	0.01484	0.01979	0.04274	0.72245	0.05128	0.02429	0.00990	0.00315	0.00450	0.02204	0.00720	0.00630
87	0.01464	0.01378	0.02326	0.70887	0.05340	0.01723	0.02153	0.01981	0.01550	0.01981	0.01378	0.02067	0.01034	0.00775	0.00775	0.00258	0.01034	0.00689	0.00345	0.00861
88	0.01347	0.00673	0.01010	0.01010	0.01010	0.00673	0.00673	0.01010	0.01010	0.01347	0.01347	0.02357	0.01347	0.02694	0.03030	0.77441	0.00673	0.00673	0.00337	0.00337
89	0.03479	0.01320	0.01799	0.01380	0.01979	0.01140	0.01140	0.03779	0.02219	0.68451	0.03059	0.02639	0.01919	0.00960	0.00780	0.00240	0.00660	0.00780	0.00960	0.01320
90	0.01086	0.00784	0.01026	0.00983	0.01156	0.00724	0.00731	0.01435	0.02142	0.03025	0.62802	0.10735	0.07153	0.01648	0.00920	0.00249	0.00372	0.01462	0.00844	0.00724
91	0.01830	0.02092	0.04575	0.03268	0.04052	0.01961	0.65098	0.02484	0.01830	0.02484	0.01569	0.02092	0.01176	0.00654	0.00915	0.00261	0.01307	0.00915	0.00392	0.01046
92	0.01825	0.02076	0.04488	0.03219	0.03972	0.01977	0.62581	0.02459	0.01805	0.02459	0.01547	0.02076	0.01170	0.00682	0.00980	0.00265	0.04087	0.00906	0.00390	0.01038
93	0.56291	0.05127	0.01534	0.01266	0.01743	0.15965	0.01023	0.04887	0.01603	0.03131	0.01135	0.01311	0.00898	0.00742	0.00538	0.00228	0.00786	0.00447	0.00468	0.00877
94	0.01055	0.00791	0.00977	0.00931	0.01132	0.00713	0.00698	0.01381	0.02094	0.02870	0.53454	0.06185	0.21516	0.01674	0.00915	0.00248	0.00372	0.01457	0.00822	0.00713
95	0.05395	0.01379	0.01600	0.01160	0.01832	0.01075	0.00932	0.02109	0.01641	0.07664	0.01494	0.01671	0.01193	0.00611	0.00586	0.00130	0.00582	0.00482	0.00499	0.67963
96	0.01192	0.00813	0.01067	0.00992	0.01191	0.00748	0.00748	0.01555	0.02196	0.05703	0.64946	0.05667	0.07102	0.01560	0.00909	0.00244	0.00377	0.01378	0.00858	0.00755
97	0.00945	0.00675	0.00900	0.01080	0.01125	0.00630	0.00720	0.01080	0.01484	0.01979	0.04274	0.72245	0.05128	0.02429	0.00990	0.00315	0.00450	0.02204	0.00720	0.00630
98	0.01608	0.01378	0.01608	0.01148	0.01837	0.01034	0.00919	0.01952	0.01608	0.02527	0.01378	0.01608	0.01148	0.00574	0.00574	0.00115	0.00574	0.00459	0.00459	0.77491
