[name]
unknown

[dist]
# distance from previous block
# <min> <max>
0	0

[block]
# block no. 0 follows, 24 sequences, length 27
# corresponding to MSA columns:
# 0-26
name=unknown_A
#
# <colnr> <probs for GDERKNQSTAVLIFYWHMCP>
#	G	D	E	R	K	N	Q	S	T	A	V	L	I	F	Y	W	H	M	C	P
0	0.01278	0.00913	0.01278	0.01460	0.01643	0.00913	0.01278	0.01643	0.01825	0.02373	0.04199	0.08945	0.04564	0.02191	0.01095	0.00365	0.00730	0.61847	0.00730	0.00730
1	0.01122	0.00811	0.01060	0.00998	0.01185	0.00748	0.00748	0.01496	0.02245	0.03180	0.66766	0.05923	0.07482	0.01621	0.00935	0.00249	0.00374	0.01434	0.00873	0.00748
2	0.01498	0.01409	0.02378	0.70226	0.05462	0.01762	0.02202	0.02026	0.01586	0.02026	0.01409	0.02114	0.01057	0.00793	0.00793	0.00264	0.01057	0.00705	0.00352	0.00881
3	0.03039	0.01668	0.07714	0.01569	0.02203	0.01374	0.03366	0.06174	0.08993	0.47789	0.05530	0.02719	0.02106	0.00987	0.00805	0.00249	0.00730	0.00817	0.00875	0.01290
4	0.01673	0.01621	0.02561	0.25223	0.24183	0.04432	0.07352	0.02206	0.05008	0.02320	0.02192	0.11314	0.04418	0.01038	0.00835	0.00261	0.00934	0.00967	0.00461	0.01000
5	0.01498	0.01409	0.02378	0.70226	0.05462	0.01762	0.02202	0.02026	0.01586	0.02026	0.01409	0.02114	0.01057	0.00793	0.00793	0.00264	0.01057	0.00705	0.00352	0.00881
6	0.07779	0.01555	0.01860	0.09148	0.07432	0.04016	0.01342	0.05669	0.19760	0.18303	0.10275	0.02994	0.04340	0.01046	0.00793	0.00253	0.00712	0.00868	0.00734	0.01122
7	0.01559	0.01400	0.02212	0.03100	0.37479	0.01362	0.01655	0.01963	0.01943	0.02713	0.22803	0.03979	0.12199	0.01171	0.00853	0.00244	0.00690	0.01067	0.00590	0.01017
8	0.01808	0.01691	0.02736	0.25346	0.25348	0.01789	0.06923	0.05932	0.01802	0.02513	0.01465	0.01965	0.01170	0.00760	0.00853	0.00235	0.04140	0.00689	0.00413	0.12421
9	0.01930	0.03697	0.02082	0.12887	0.12390	0.01418	0.03963	0.02479	0.07770	0.14678	0.13067	0.07156	0.02803	0.04355	0.00964	0.00269	0.00741	0.00961	0.00642	0.05747
10	0.04825	0.01643	0.02609	0.08463	0.08450	0.01468	0.17464	0.02191	0.01699	0.02561	0.01454	0.01828	0.01165	0.00644	0.00709	0.00185	0.00855	0.00630	0.00435	0.40720
11	0.01684	0.01592	0.02658	0.43939	0.27578	0.01814	0.02248	0.02260	0.04213	0.02281	0.01511	0.02093	0.01183	0.00773	0.00791	0.00254	0.00999	0.00713	0.00385	0.01031
12	0.02015	0.01386	0.01769	0.01334	0.01949	0.01156	0.03859	0.02515	0.06601	0.16117	0.09119	0.02454	0.02127	0.00822	0.00701	0.00176	0.00619	0.00696	0.00642	0.43944
13	0.01974	0.02025	0.02907	0.11278	0.39379	0.10462	0.07304	0.02514	0.05290	0.02453	0.01924	0.02302	0.05002	0.00821	0.00799	0.00241	0.01003	0.00766	0.00433	0.01122
14	0.01999	0.02012	0.02974	0.06649	0.49614	0.08571	0.04745	0.02533	0.05133	0.02520	0.01832	0.02213	0.04058	0.00793	0.00792	0.00238	0.00973	0.00747	0.00429	0.01176
15	0.01888	0.04954	0.05337	0.05068	0.15305	0.01745	0.05118	0.05509	0.22538	0.05490	0.12638	0.02905	0.02629	0.00991	0.00803	0.00244	0.00753	0.00873	0.00641	0.04571
16	0.01677	0.03134	0.40224	0.02522	0.06297	0.01809	0.18183	0.02527	0.04716	0.02593	0.04515	0.02056	0.01432	0.00777	0.00805	0.00250	0.01118	0.00728	0.00406	0.04232
17	0.01710	0.02411	0.19113	0.14432	0.06256	0.01863	0.34090	0.02394	0.01791	0.02477	0.04501	0.02191	0.01420	0.00755	0.00863	0.00261	0.01192	0.00828	0.00398	0.01053
18	0.01240	0.01005	0.01269	0.01258	0.01393	0.04832	0.00946	0.01477	0.01312	0.01802	0.02128	0.03326	0.02061	0.15450	0.55485	0.01139	0.01884	0.00875	0.00432	0.00686
19	0.06306	0.68674	0.03990	0.01339	0.02008	0.03062	0.01329	0.02372	0.01597	0.01959	0.01103	0.01273	0.01009	0.00682	0.00508	0.00174	0.00835	0.00424	0.00348	0.01009
20	0.01979	0.06973	0.44149	0.02048	0.03002	0.02027	0.02372	0.19291	0.02222	0.03133	0.01659	0.04596	0.01273	0.00875	0.00762	0.00246	0.01045	0.00681	0.00476	0.01190
21	0.06477	0.64747	0.03879	0.01377	0.02030	0.06704	0.01338	0.02416	0.01632	0.01966	0.01109	0.01282	0.01009	0.00689	0.00519	0.00176	0.00867	0.00429	0.00352	0.01003
22	0.02088	0.68513	0.07974	0.01411	0.02119	0.03060	0.01451	0.02383	0.01615	0.01904	0.01122	0.01296	0.01017	0.00683	0.00523	0.00174	0.00867	0.00434	0.00339	0.01027
23	0.01813	0.01509	0.01735	0.01254	0.01951	0.01229	0.01009	0.09683	0.01900	0.02881	0.01470	0.01676	0.01196	0.00632	0.00613	0.00132	0.00622	0.00500	0.00510	0.67684
24	0.02055	0.06889	0.41492	0.04813	0.10365	0.01777	0.02406	0.02751	0.01803	0.15632	0.01757	0.01908	0.01229	0.00792	0.00754	0.00244	0.01024	0.00638	0.00473	0.01198
25	0.10734	0.01516	0.05687	0.01507	0.04428	0.01292	0.01240	0.03419	0.04540	0.46935	0.02717	0.02497	0.01790	0.00931	0.00743	0.00241	0.00681	0.00743	0.07128	0.01231
26	0.01157	0.01025	0.04872	0.01328	0.01525	0.01037	0.01096	0.01475	0.01296	0.01877	0.02086	0.03038	0.01930	0.05667	0.65311	0.01219	0.02073	0.00835	0.00420	0.00733

[dist]
# distance from previous block
# <min> <max>
0	2

[block]
# block no. 1 follows, 24 sequences, length 8
# corresponding to MSA columns:
# 29-36
name=unknown_B
#
# <colnr> <probs for GDERKNQSTAVLIFYWHMCP>
#	G	D	E	R	K	N	Q	S	T	A	V	L	I	F	Y	W	H	M	C	P
0	0.06442	0.01799	0.19287	0.01537	0.02020	0.01181	0.01579	0.01848	0.01769	0.02495	0.06660	0.06138	0.12116	0.01652	0.00933	0.00307	0.00780	0.29990	0.00614	0.00851
1	0.07450	0.04674	0.05628	0.01436	0.02124	0.01388	0.03933	0.05990	0.01940	0.23027	0.01947	0.01970	0.01393	0.00756	0.00678	0.00188	0.00708	0.00607	0.00632	0.33531
2	0.01232	0.00842	0.01050	0.00979	0.01211	0.00756	0.00741	0.01562	0.02146	0.06960	0.49403	0.06113	0.20690	0.01670	0.00927	0.00253	0.00399	0.01449	0.00849	0.00768
3	0.01644	0.01409	0.01644	0.01175	0.01879	0.01057	0.00940	0.01997	0.01644	0.02584	0.01409	0.01644	0.01175	0.00587	0.00587	0.00117	0.00587	0.00470	0.00470	0.76979
4	0.02120	0.72609	0.04155	0.01357	0.02035	0.03138	0.01357	0.02374	0.01611	0.01866	0.01102	0.01272	0.01018	0.00678	0.00509	0.00170	0.00848	0.00424	0.00339	0.01018
5	0.01821	0.01734	0.02884	0.04304	0.58025	0.01716	0.02180	0.02254	0.01806	0.02529	0.02398	0.02748	0.10345	0.00887	0.00806	0.00240	0.00867	0.00841	0.00440	0.01175
6	0.02000	0.02026	0.02771	0.18586	0.38787	0.11156	0.02152	0.02605	0.07542	0.02441	0.01592	0.02011	0.01284	0.00774	0.00779	0.00241	0.01007	0.00696	0.00423	0.01127
7	0.03067	0.02136	0.02327	0.01784	0.02417	0.02333	0.01474	0.58627	0.03586	0.11112	0.02023	0.01981	0.01408	0.00955	0.00794	0.00239	0.00853	0.00722	0.00812	0.01349

[dist]
# distance from previous block
# <min> <max>
0	4

[block]
# block no. 2 follows, 24 sequences, length 46
# corresponding to MSA columns:
# 41-86
name=unknown_C
#
# <colnr> <probs for GDERKNQSTAVLIFYWHMCP>
#	G	D	E	R	K	N	Q	S	T	A	V	L	I	F	Y	W	H	M	C	P
0	0.01806	0.02796	0.29432	0.03707	0.36965	0.01876	0.07084	0.02473	0.01757	0.02555	0.01472	0.01859	0.01151	0.00723	0.00783	0.00244	0.01063	0.00674	0.00370	0.01209
1	0.02120	0.72609	0.04155	0.01357	0.02035	0.03138	0.01357	0.02374	0.01611	0.01866	0.01102	0.01272	0.01018	0.00678	0.00509	0.00170	0.00848	0.00424	0.00339	0.01018
2	0.01900	0.02249	0.13637	0.04391	0.54532	0.01882	0.04927	0.02450	0.01787	0.02576	0.01485	0.01923	0.01214	0.00713	0.00786	0.00239	0.00994	0.00696	0.00384	0.01235
3	0.00997	0.00806	0.00887	0.00866	0.01108	0.00695	0.00650	0.01254	0.01950	0.02479	0.27113	0.07077	0.47572	0.01883	0.00937	0.00262	0.00393	0.01596	0.00781	0.00695
4	0.02048	0.63303	0.12831	0.01480	0.02225	0.02962	0.01571	0.02393	0.01620	0.01953	0.01146	0.01327	0.01016	0.00689	0.00542	0.00181	0.00892	0.00446	0.00339	0.01039
5	0.01617	0.03838	0.60581	0.02357	0.06014	0.01886	0.02823	0.02465	0.01647	0.02471	0.01398	0.01691	0.01018	0.00797	0.00888	0.00257	0.06162	0.00599	0.00338	0.01154
6	0.01152	0.00775	0.00894	0.00894	0.00904	0.00785	0.00517	0.01172	0.01162	0.01559	0.02472	0.05042	0.02819	0.67445	0.08636	0.00805	0.00865	0.01132	0.00477	0.00497
7	0.01735	0.01735	0.02429	0.02082	0.02082	0.02429	0.01735	0.01908	0.01214	0.01908	0.01041	0.01735	0.01041	0.01388	0.02602	0.00347	0.70680	0.00694	0.00347	0.00867
8	0.02549	0.37740	0.03201	0.01688	0.02246	0.31588	0.01444	0.07189	0.02039	0.02123	0.01213	0.01386	0.01043	0.00758	0.00619	0.00190	0.01102	0.00482	0.00402	0.00999
9	0.01898	0.10364	0.36443	0.02630	0.16158	0.01953	0.04552	0.02700	0.06353	0.07138	0.01660	0.01872	0.01234	0.00772	0.00748	0.00241	0.01022	0.00643	0.00429	0.01188
10	0.01939	0.01849	0.03092	0.08041	0.60213	0.01883	0.02353	0.02516	0.05521	0.02604	0.01589	0.02028	0.01314	0.00733	0.00787	0.00239	0.00930	0.00718	0.00415	0.01237
11	0.00937	0.00803	0.00803	0.00803	0.01071	0.00669	0.00602	0.01138	0.01807	0.02142	0.08033	0.07632	0.66863	0.02008	0.00937	0.00268	0.00402	0.01674	0.00736	0.00669
12	0.03036	0.01806	0.05766	0.01829	0.06825	0.01668	0.01450	0.24073	0.02663	0.35357	0.02559	0.05389	0.01798	0.01006	0.00802	0.00246	0.00779	0.00816	0.00829	0.01301
13	0.02177	0.07462	0.06685	0.03834	0.44549	0.14574	0.02182	0.04732	0.01934	0.02496	0.01424	0.01795	0.01184	0.00736	0.00751	0.00226	0.01037	0.00643	0.00402	0.01174
14	0.00966	0.00690	0.00920	0.01104	0.01150	0.00644	0.00736	0.01104	0.01518	0.02024	0.04371	0.71614	0.05245	0.02484	0.01012	0.00322	0.00460	0.02254	0.00736	0.00644
15	0.00979	0.00700	0.00935	0.01119	0.01171	0.00655	0.00759	0.01127	0.01531	0.02039	0.04363	0.68956	0.05216	0.02472	0.01016	0.00324	0.00472	0.04782	0.00736	0.00648
16	0.03487	0.01546	0.01901	0.01475	0.02079	0.05032	0.01210	0.08073	0.02371	0.59677	0.02937	0.02573	0.01867	0.00970	0.00793	0.00243	0.00731	0.00776	0.00936	0.01325
17	0.01802	0.06703	0.02884	0.37747	0.04217	0.02066	0.12071	0.09039	0.01821	0.02411	0.01424	0.01984	0.01108	0.00862	0.01040	0.00266	0.10452	0.00722	0.00407	0.00971
18	0.77733	0.01534	0.01166	0.01043	0.01534	0.01779	0.00859	0.02331	0.01350	0.03558	0.01104	0.01288	0.00859	0.00736	0.00491	0.00245	0.00613	0.00429	0.00491	0.00859
19	0.01102	0.00810	0.01032	0.00976	0.01172	0.00740	0.00732	0.01457	0.02196	0.03065	0.60266	0.06112	0.14054	0.01664	0.00935	0.00251	0.00377	0.01461	0.00858	0.00740
20	0.01888	0.02119	0.04084	0.06960	0.03857	0.05699	0.49292	0.02471	0.01817	0.02434	0.01521	0.02042	0.01172	0.00730	0.01014	0.00261	0.06195	0.00856	0.00399	0.05188
21	0.01579	0.01797	0.16759	0.01837	0.06254	0.01289	0.01663	0.04542	0.05573	0.05895	0.03210	0.13886	0.03239	0.01628	0.00943	0.00308	0.00807	0.27211	0.00639	0.00941
22	0.01850	0.40574	0.22189	0.06097	0.02719	0.02480	0.05327	0.02333	0.01653	0.02114	0.01621	0.01837	0.04629	0.00779	0.00644	0.00210	0.00957	0.00585	0.00364	0.01037
23	0.02972	0.05446	0.02451	0.01816	0.02440	0.06364	0.01502	0.58196	0.03548	0.04680	0.01829	0.01848	0.01315	0.00932	0.00776	0.00233	0.00904	0.00689	0.00751	0.01309
24	0.02117	0.60899	0.10850	0.01497	0.02211	0.07205	0.01536	0.02440	0.01659	0.01939	0.01145	0.01325	0.01016	0.00695	0.00548	0.00181	0.00920	0.00447	0.00343	0.01028
25	0.01689	0.04807	0.20619	0.06744	0.03309	0.01774	0.25927	0.05763	0.01853	0.02567	0.05280	0.07886	0.01853	0.01222	0.04827	0.00320	0.01155	0.00926	0.00454	0.01026
26	0.01613	0.06981	0.65339	0.02222	0.03373	0.01896	0.02864	0.02506	0.01672	0.02484	0.01410	0.01657	0.01005	0.00750	0.00743	0.00248	0.01158	0.00579	0.00335	0.01165
27	0.01912	0.45699	0.29242	0.01712	0.02584	0.02629	0.01975	0.02428	0.01636	0.02119	0.01228	0.01430	0.01012	0.00708	0.00605	0.00202	0.00975	0.00488	0.00337	0.01078
28	0.03716	0.09246	0.17660	0.01351	0.01822	0.01260	0.01323	0.01676	0.01657	0.02275	0.07055	0.27149	0.15301	0.01621	0.00848	0.00266	0.00668	0.01387	0.00587	0.03132
29	0.02337	0.55307	0.07027	0.01440	0.02133	0.02771	0.01422	0.06548	0.01836	0.10676	0.01434	0.01519	0.01161	0.00739	0.00577	0.00188	0.00844	0.00500	0.00452	0.01090
30	0.02009	0.52500	0.15284	0.01916	0.09702	0.02767	0.01756	0.02405	0.01644	0.02062	0.01203	0.01421	0.01042	0.00695	0.00583	0.00191	0.00916	0.00485	0.00345	0.01072
31	0.01670	0.03756	0.60438	0.02139	0.03222	0.01740	0.02704	0.02525	0.01741	0.06119	0.05385	0.01982	0.01440	0.00817	0.00767	0.00251	0.01098	0.00648	0.00402	0.01157
32	0.01648	0.14682	0.54328	0.02049	0.03090	0.01985	0.02563	0.02434	0.01696	0.02446	0.04947	0.01843	0.01361	0.00789	0.00725	0.00238	0.01077	0.00607	0.00365	0.01125
33	0.01590	0.04102	0.68023	0.02260	0.03432	0.01842	0.02930	0.02511	0.01674	0.02511	0.01423	0.01674	0.01005	0.00753	0.00753	0.00251	0.01172	0.00586	0.00335	0.01172
34	0.01111	0.00810	0.01045	0.00986	0.01178	0.00744	0.00740	0.01475	0.02219	0.03119	0.63289	0.06025	0.10998	0.01644	0.00935	0.00250	0.00376	0.01448	0.00865	0.00744
35	0.01278	0.00913	0.01278	0.01460	0.01643	0.00913	0.01278	0.01643	0.01825	0.02373	0.04199	0.08945	0.04564	0.02191	0.01095	0.00365	0.00730	0.61847	0.00730	0.00730
36	0.02573	0.01380	0.01739	0.01289	0.01950	0.01110	0.01049	0.02903	0.01948	0.34193	0.02243	0.02156	0.01557	0.00779	0.00689	0.00180	0.00630	0.00629	0.00718	0.40285
37	0.00966	0.00690	0.00920	0.01104	0.01150	0.00644	0.00736	0.01104	0.01518	0.02024	0.04371	0.71614	0.05245	0.02484	0.01012	0.00322	0.00460	0.02254	0.00736	0.00644
38	0.02179	0.43549	0.10210	0.01533	0.02214	0.02625	0.01502	0.06790	0.13652	0.06302	0.01700	0.01751	0.01353	0.00795	0.00625	0.00205	0.00833	0.00569	0.00492	0.01119
39	0.01518	0.29518	0.10642	0.01337	0.01790	0.01791	0.01258	0.01827	0.01657	0.02154	0.09775	0.27627	0.03297	0.01456	0.00772	0.00245	0.00693	0.01229	0.00545	0.00870
40	0.02559	0.02208	0.07244	0.01946	0.02610	0.02169	0.09188	0.43326	0.05072	0.04140	0.01866	0.02078	0.01396	0.04050	0.00938	0.00259	0.00918	0.00740	0.00676	0.06616
41	0.01825	0.34451	0.39729	0.01860	0.02813	0.02416	0.02233	0.02451	0.01646	0.02225	0.01281	0.01496	0.01010	0.00720	0.00645	0.00215	0.01028	0.00514	0.00337	0.01104
42	0.02632	0.02420	0.12790	0.01862	0.02547	0.02247	0.01708	0.47735	0.06764	0.04360	0.02029	0.02318	0.01533	0.00996	0.00804	0.00249	0.00899	0.04109	0.00717	0.01281
43	0.07230	0.35931	0.33446	0.01752	0.02645	0.02443	0.02048	0.02435	0.01622	0.02284	0.01251	0.01459	0.01000	0.00717	0.00621	0.00213	0.00981	0.00499	0.00348	0.01078
44	0.01788	0.29654	0.44201	0.01923	0.02911	0.02325	0.02343	0.02460	0.01651	0.02270	0.01303	0.01524	0.01009	0.00725	0.00662	0.00221	0.01051	0.00526	0.00336	0.01114
45	0.01775	0.27956	0.45784	0.01946	0.02946	0.02293	0.02382	0.02464	0.01652	0.02286	0.01311	0.01534	0.01009	0.00727	0.00668	0.00223	0.01059	0.00530	0.00336	0.01118

[dist]
# distance from previous block
# <min> <max>
0	14

[block]
# block no. 3 follows, 24 sequences, length 15
# corresponding to MSA columns:
# 101-115
name=unknown_D
#
# <colnr> <probs for GDERKNQSTAVLIFYWHMCP>
#	G	D	E	R	K	N	Q	S	T	A	V	L	I	F	Y	W	H	M	C	P
0	0.07926	0.09255	0.43580	0.02370	0.11572	0.01902	0.02431	0.02576	0.01705	0.07450	0.01507	0.01724	0.01100	0.00756	0.00719	0.00241	0.01031	0.00592	0.00404	0.01158
1	0.11635	0.10316	0.53140	0.02014	0.03049	0.01957	0.02508	0.02475	0.01626	0.02587	0.01351	0.01585	0.00987	0.00744	0.00696	0.00243	0.01068	0.00550	0.00356	0.01116
2	0.04801	0.11553	0.55276	0.02055	0.03103	0.01939	0.02576	0.02446	0.01677	0.02510	0.04095	0.01790	0.01270	0.00780	0.00723	0.00242	0.01079	0.00597	0.00364	0.01124
3	0.37049	0.12014	0.28461	0.01574	0.02364	0.01985	0.01758	0.02409	0.01515	0.02912	0.01232	0.01441	0.00939	0.00735	0.00599	0.00238	0.00869	0.00492	0.00408	0.01006
4	0.02081	0.01816	0.06738	0.01603	0.02119	0.01825	0.01344	0.06149	0.48581	0.09667	0.03310	0.03067	0.05953	0.01091	0.00809	0.00264	0.00669	0.00901	0.00784	0.01228
5	0.02120	0.72609	0.04155	0.01357	0.02035	0.03138	0.01357	0.02374	0.01611	0.01866	0.01102	0.01272	0.01018	0.00678	0.00509	0.00170	0.00848	0.00424	0.00339	0.01018
6	0.01278	0.00913	0.01278	0.01460	0.01643	0.00913	0.01278	0.01643	0.01825	0.02373	0.04199	0.08945	0.04564	0.02191	0.01095	0.00365	0.00730	0.61847	0.00730	0.00730
7	0.01683	0.16070	0.56865	0.02102	0.03188	0.02068	0.02655	0.02487	0.01663	0.02399	0.01367	0.01604	0.01007	0.00740	0.00711	0.00237	0.01115	0.00558	0.00336	0.01145
8	0.03014	0.02221	0.02380	0.01825	0.02459	0.02459	0.01507	0.64541	0.03728	0.04998	0.01904	0.01904	0.01349	0.00952	0.00793	0.00238	0.00873	0.00714	0.00793	0.01349
9	0.02120	0.72609	0.04155	0.01357	0.02035	0.03138	0.01357	0.02374	0.01611	0.01866	0.01102	0.01272	0.01018	0.00678	0.00509	0.00170	0.00848	0.00424	0.00339	0.01018
10	0.00966	0.00690	0.00920	0.01104	0.01150	0.00644	0.00736	0.01104	0.01518	0.02024	0.04371	0.71614	0.05245	0.02484	0.01012	0.00322	0.00460	0.02254	0.00736	0.00644
11	0.01927	0.08546	0.60686	0.02354	0.03466	0.02060	0.02854	0.02670	0.01847	0.02725	0.01708	0.02076	0.01307	0.00956	0.00866	0.00302	0.01227	0.00675	0.00446	0.01303
12	0.59827	0.02047	0.13980	0.01379	0.02013	0.01801	0.04175	0.02375	0.01435	0.03313	0.01188	0.01400	0.00902	0.00736	0.00561	0.00247	0.00752	0.00482	0.00457	0.00928
13	0.01982	0.01994	0.02916	0.10080	0.51066	0.09349	0.02224	0.02411	0.01821	0.02439	0.01604	0.05538	0.01420	0.00819	0.00790	0.00239	0.00982	0.00765	0.00409	0.01154
14	0.02003	0.02030	0.03018	0.06802	0.51365	0.09441	0.04839	0.02437	0.01835	0.02464	0.01613	0.05537	0.01427	0.00813	0.00796	0.00239	0.00993	0.00774	0.00411	0.01164

[dist]
# distance from previous block
# <min> <max>
0	10

[block]
# block no. 4 follows, 24 sequences, length 72
# corresponding to MSA columns:
# 126-197
name=unknown_E
#
# <colnr> <probs for GDERKNQSTAVLIFYWHMCP>
#	G	D	E	R	K	N	Q	S	T	A	V	L	I	F	Y	W	H	M	C	P
0	0.01751	0.30049	0.37101	0.01797	0.02673	0.02245	0.02113	0.02339	0.01605	0.02183	0.01388	0.01770	0.01152	0.04794	0.03713	0.00291	0.01066	0.00566	0.00348	0.01056
1	0.01939	0.39109	0.31751	0.01774	0.02664	0.02539	0.02047	0.05787	0.01753	0.02315	0.01285	0.01480	0.01030	0.00726	0.00630	0.00209	0.00990	0.00510	0.00362	0.01102
2	0.05389	0.64577	0.08614	0.01408	0.02114	0.02985	0.01448	0.02382	0.01604	0.01986	0.01126	0.01302	0.01010	0.00686	0.00526	0.00179	0.00861	0.00436	0.00346	0.01022
3	0.00966	0.00690	0.00920	0.01104	0.01150	0.00644	0.00736	0.01104	0.01518	0.02024	0.04371	0.71614	0.05245	0.02484	0.01012	0.00322	0.00460	0.02254	0.00736	0.00644
4	0.01644	0.01409	0.01644	0.01175	0.01879	0.01057	0.00940	0.01997	0.01644	0.02584	0.01409	0.01644	0.01175	0.00587	0.00587	0.00117	0.00587	0.00470	0.00470	0.76979
5	0.02939	0.06161	0.02346	0.01976	0.02437	0.54033	0.01521	0.14546	0.02498	0.02506	0.01347	0.01512	0.01082	0.00837	0.00722	0.00209	0.01304	0.00545	0.00477	0.01003
6	0.01903	0.31298	0.39145	0.01856	0.02803	0.02324	0.02212	0.02526	0.01680	0.05596	0.01383	0.01566	0.01059	0.00735	0.00658	0.00218	0.01017	0.00532	0.00370	0.01119
7	0.01392	0.00996	0.01335	0.01506	0.01682	0.00966	0.01258	0.01674	0.01866	0.02454	0.04301	0.17486	0.04713	0.02295	0.01138	0.00384	0.00742	0.52240	0.00775	0.00798
8	0.03558	0.01350	0.01840	0.01411	0.02024	0.01166	0.01166	0.03865	0.02270	0.67734	0.03128	0.02699	0.01963	0.00981	0.00797	0.00245	0.00675	0.00797	0.00981	0.01350
9	0.01377	0.00689	0.01033	0.01033	0.01033	0.00689	0.00689	0.01033	0.01033	0.01377	0.01377	0.02410	0.01377	0.02755	0.03099	0.76928	0.00689	0.00689	0.00344	0.00344
10	0.77733	0.01534	0.01166	0.01043	0.01534	0.01779	0.00859	0.02331	0.01350	0.03558	0.01104	0.01288	0.00859	0.00736	0.00491	0.00245	0.00613	0.00429	0.00491	0.00859
11	0.02158	0.01899	0.02127	0.14495	0.07063	0.08678	0.01570	0.13173	0.25378	0.05419	0.02316	0.05350	0.01826	0.01024	0.00876	0.00259	0.03796	0.00827	0.00638	0.01128
12	0.01810	0.01728	0.02943	0.26296	0.46948	0.01844	0.02358	0.02300	0.01733	0.02406	0.01465	0.02012	0.01191	0.00735	0.00788	0.00245	0.00980	0.00706	0.00379	0.01133
13	0.01943	0.01864	0.03183	0.07683	0.64526	0.01879	0.02424	0.02416	0.01796	0.02566	0.01488	0.01969	0.01248	0.00710	0.00785	0.00237	0.00947	0.00706	0.00391	0.01240
14	0.01979	0.01946	0.03106	0.09634	0.59229	0.05312	0.02370	0.02441	0.01812	0.02515	0.01472	0.01947	0.01229	0.00719	0.00782	0.00236	0.00976	0.00696	0.00390	0.01211
15	0.01379	0.00951	0.01268	0.01385	0.01605	0.00938	0.01183	0.01799	0.04629	0.05728	0.04505	0.10274	0.10828	0.02071	0.01048	0.00343	0.00680	0.47860	0.00747	0.00776
16	0.01149	0.00785	0.00945	0.00945	0.00973	0.00812	0.00581	0.01205	0.01177	0.01597	0.02425	0.04783	0.02707	0.59170	0.16757	0.00868	0.01034	0.01094	0.00470	0.00525
17	0.01133	0.00850	0.01274	0.01274	0.01416	0.00991	0.00991	0.01416	0.01274	0.01841	0.02124	0.03115	0.01982	0.05947	0.68989	0.01274	0.02124	0.00850	0.00425	0.00708
18	0.02184	0.59960	0.08195	0.01498	0.02177	0.10772	0.01482	0.02477	0.01690	0.01918	0.01138	0.01317	0.01017	0.00700	0.00549	0.00179	0.00938	0.00445	0.00347	0.01016
19	0.02825	0.02058	0.02222	0.01755	0.02348	0.02277	0.01433	0.47996	0.16878	0.08432	0.02260	0.02177	0.01615	0.00980	0.00796	0.00245	0.00808	0.00758	0.00808	0.01329
20	0.02120	0.72609	0.04155	0.01357	0.02035	0.03138	0.01357	0.02374	0.01611	0.01866	0.01102	0.01272	0.01018	0.00678	0.00509	0.00170	0.00848	0.00424	0.00339	0.01018
21	0.01184	0.00901	0.01306	0.01295	0.01455	0.01051	0.01007	0.01585	0.05173	0.01930	0.02191	0.03106	0.02009	0.05653	0.64866	0.01214	0.02034	0.00852	0.00448	0.00741
22	0.03640	0.01002	0.01203	0.01129	0.01389	0.00992	0.00863	0.02044	0.12317	0.06700	0.40083	0.09351	0.10826	0.01576	0.00904	0.00262	0.00460	0.03572	0.00832	0.00854
23	0.02517	0.01572	0.02023	0.01804	0.06063	0.01623	0.04674	0.03779	0.32500	0.26980	0.05529	0.02877	0.02317	0.01018	0.00814	0.00257	0.00692	0.00872	0.00827	0.01260
24	0.02215	0.04675	0.02216	0.02050	0.11160	0.01839	0.03707	0.13656	0.25155	0.10281	0.09554	0.02792	0.02438	0.01004	0.00799	0.00245	0.00724	0.00854	0.00726	0.03911
25	0.01938	0.01859	0.03173	0.08393	0.63855	0.01878	0.02421	0.02412	0.01794	0.02560	0.01487	0.01971	0.01245	0.00711	0.00785	0.00237	0.00948	0.00706	0.00390	0.01236
26	0.73850	0.01552	0.01271	0.01239	0.04898	0.01784	0.00939	0.02336	0.01373	0.03508	0.01124	0.01323	0.00879	0.00735	0.00506	0.00245	0.00630	0.00444	0.00486	0.00879
27	0.01942	0.01864	0.03182	0.07703	0.64507	0.01879	0.02424	0.02416	0.01796	0.02566	0.01488	0.01969	0.01247	0.00710	0.00785	0.00237	0.00947	0.00706	0.00391	0.01240
28	0.02649	0.02037	0.02415	0.02020	0.06848	0.02175	0.04867	0.48185	0.03199	0.04330	0.01970	0.06115	0.01556	0.00984	0.00797	0.00235	0.00855	0.00799	0.00716	0.07248
29	0.01634	0.01661	0.02901	0.10002	0.12871	0.04235	0.24011	0.02083	0.01774	0.02379	0.05826	0.14580	0.05307	0.01140	0.00934	0.00265	0.02875	0.01125	0.00495	0.03902
30	0.01648	0.11482	0.52533	0.02177	0.03215	0.01944	0.07369	0.02446	0.01712	0.02475	0.04750	0.01883	0.01353	0.00783	0.00749	0.00243	0.01107	0.00638	0.00368	0.01125
31	0.01611	0.12277	0.53606	0.02026	0.03041	0.01896	0.02523	0.02396	0.01722	0.02496	0.07724	0.02037	0.01635	0.00828	0.00741	0.00241	0.01054	0.00648	0.00388	0.01112
32	0.01416	0.00847	0.01102	0.01124	0.01324	0.00769	0.00834	0.01649	0.01824	0.12400	0.15340	0.35646	0.13324	0.02015	0.00963	0.00294	0.00494	0.07056	0.00797	0.00782
33	0.01713	0.11402	0.55574	0.02075	0.03131	0.01913	0.02597	0.02514	0.01715	0.05216	0.04020	0.01840	0.01300	0.00789	0.00735	0.00242	0.01084	0.00610	0.00384	0.01146
34	0.03375	0.01433	0.04374	0.01426	0.02042	0.01174	0.01216	0.03709	0.02245	0.62393	0.05832	0.02800	0.02166	0.01000	0.00802	0.00246	0.00681	0.00817	0.00952	0.01316
35	0.01633	0.09616	0.62882	0.02187	0.03320	0.01946	0.02803	0.02500	0.01669	0.02459	0.01397	0.01642	0.01006	0.00747	0.00734	0.00245	0.01146	0.00573	0.00335	0.01160
36	0.01806	0.31957	0.42054	0.01893	0.02864	0.02369	0.02290	0.02456	0.01649	0.02249	0.01293	0.01511	0.01010	0.00723	0.00654	0.00218	0.01040	0.00520	0.00337	0.01109
37	0.01787	0.02188	0.11935	0.06161	0.22124	0.01849	0.31937	0.02389	0.01793	0.02496	0.01726	0.06666	0.01457	0.00816	0.00869	0.00260	0.01132	0.00904	0.00411	0.01100
38	0.01709	0.03935	0.64021	0.02209	0.03347	0.01801	0.02823	0.02593	0.01710	0.06455	0.01526	0.01736	0.01062	0.00767	0.00756	0.00251	0.01142	0.00599	0.00374	0.01183
39	0.01590	0.04102	0.68023	0.02260	0.03432	0.01842	0.02930	0.02511	0.01674	0.02511	0.01423	0.01674	0.01005	0.00753	0.00753	0.00251	0.01172	0.00586	0.00335	0.01172
40	0.01590	0.04102	0.68023	0.02260	0.03432	0.01842	0.02930	0.02511	0.01674	0.02511	0.01423	0.01674	0.01005	0.00753	0.00753	0.00251	0.01172	0.00586	0.00335	0.01172
41	0.01621	0.07999	0.64390	0.02209	0.03353	0.01915	0.02840	0.02504	0.01671	0.02475	0.01405	0.01651	0.01005	0.00749	0.00739	0.00246	0.01154	0.00577	0.00335	0.01163
42	0.01590	0.04102	0.68023	0.02260	0.03432	0.01842	0.02930	0.02511	0.01674	0.02511	0.01423	0.01674	0.01005	0.00753	0.00753	0.00251	0.01172	0.00586	0.00335	0.01172
43	0.03558	0.01350	0.01840	0.01411	0.02024	0.01166	0.01166	0.03865	0.02270	0.67734	0.03128	0.02699	0.01963	0.00981	0.00797	0.00245	0.00675	0.00797	0.00981	0.01350
44	0.01794	0.01695	0.02738	0.04011	0.52555	0.01688	0.02064	0.02321	0.05444	0.02558	0.02671	0.02956	0.12164	0.00943	0.00811	0.00243	0.00835	0.00877	0.00473	0.01159
45	0.02651	0.02882	0.02497	0.02714	0.19299	0.35566	0.01746	0.13982	0.06236	0.02738	0.01537	0.01746	0.01226	0.00828	0.00753	0.00222	0.01155	0.00621	0.00497	0.01104
46	0.00945	0.00804	0.00814	0.00812	0.01076	0.00673	0.00609	0.01154	0.01826	0.02187	0.10581	0.07557	0.64287	0.01992	0.00937	0.00267	0.00400	0.01663	0.00742	0.00673
47	0.01872	0.02139	0.04679	0.03342	0.04144	0.02005	0.64305	0.02540	0.01872	0.02540	0.01604	0.02139	0.01203	0.00668	0.00936	0.00267	0.01337	0.00936	0.00401	0.01070
48	0.01942	0.01918	0.02913	0.17626	0.47050	0.06722	0.02267	0.02489	0.04796	0.02464	0.01537	0.02001	0.01254	0.00749	0.00783	0.00241	0.00986	0.00701	0.00405	0.01156
49	0.01498	0.01409	0.02378	0.70226	0.05462	0.01762	0.02202	0.02026	0.01586	0.02026	0.01409	0.02114	0.01057	0.00793	0.00793	0.00264	0.01057	0.00705	0.00352	0.00881
50	0.00966	0.00690	0.00920	0.01104	0.01150	0.00644	0.00736	0.01104	0.01518	0.02024	0.04371	0.71614	0.05245	0.02484	0.01012	0.00322	0.00460	0.02254	0.00736	0.00644
51	0.03289	0.01290	0.01754	0.01365	0.01932	0.01119	0.01119	0.03603	0.02267	0.60604	0.10157	0.03055	0.02573	0.01052	0.00813	0.00246	0.00642	0.00868	0.00969	0.01283
52	0.11411	0.01672	0.09559	0.01453	0.02100	0.01295	0.01322	0.03432	0.02097	0.50109	0.05486	0.02563	0.01969	0.00955	0.00764	0.00246	0.00714	0.00760	0.00846	0.01248
53	0.02643	0.11477	0.02537	0.02092	0.06031	0.43306	0.01569	0.07048	0.04907	0.02230	0.01340	0.01570	0.01119	0.00871	0.00892	0.00221	0.08162	0.00560	0.00436	0.00988
54	0.00966	0.00690	0.00920	0.01104	0.01150	0.00644	0.00736	0.01104	0.01518	0.02024	0.04371	0.71614	0.05245	0.02484	0.01012	0.00322	0.00460	0.02254	0.00736	0.00644
55	0.02943	0.02183	0.02380	0.05037	0.02600	0.02426	0.01540	0.61605	0.03628	0.04858	0.01881	0.01914	0.01335	0.00944	0.00793	0.00239	0.00881	0.00714	0.00773	0.01327
56	0.01590	0.04102	0.68023	0.02260	0.03432	0.01842	0.02930	0.02511	0.01674	0.02511	0.01423	0.01674	0.01005	0.00753	0.00753	0.00251	0.01172	0.00586	0.00335	0.01172
57	0.01649	0.11626	0.61008	0.02161	0.03279	0.01984	0.02757	0.02496	0.01667	0.02440	0.01388	0.01630	0.01006	0.00745	0.00727	0.00242	0.01136	0.00568	0.00335	0.01155
58	0.02120	0.72609	0.04155	0.01357	0.02035	0.03138	0.01357	0.02374	0.01611	0.01866	0.01102	0.01272	0.01018	0.00678	0.00509	0.00170	0.00848	0.00424	0.00339	0.01018
59	0.01133	0.00850	0.01274	0.01274	0.01416	0.00991	0.00991	0.01416	0.01274	0.01841	0.02124	0.03115	0.01982	0.05947	0.68989	0.01274	0.02124	0.00850	0.00425	0.00708
60	0.02120	0.72609	0.04155	0.01357	0.02035	0.03138	0.01357	0.02374	0.01611	0.01866	0.01102	0.01272	0.01018	0.00678	0.00509	0.00170	0.00848	0.00424	0.00339	0.01018
61	0.00966	0.00690	0.00920	0.01104	0.01150	0.00644	0.00736	0.01104	0.01518	0.02024	0.04371	0.71614	0.05245	0.02484	0.01012	0.00322	0.00460	0.02254	0.00736	0.00644
62	0.02832	0.03402	0.02280	0.02026	0.02411	0.55120	0.01552	0.09010	0.02278	0.02235	0.01271	0.01510	0.01055	0.00893	0.00931	0.00223	0.09024	0.00551	0.00439	0.00955
63	0.01062	0.00731	0.00892	0.00981	0.01004	0.00708	0.00605	0.01129	0.01331	0.01774	0.03408	0.37470	0.04031	0.38284	0.02567	0.00552	0.00619	0.01688	0.00605	0.00560
64	0.01054	0.00727	0.00894	0.00992	0.01017	0.00702	0.00617	0.01127	0.01348	0.01797	0.03496	0.40585	0.04141	0.35019	0.02425	0.00531	0.00604	0.01740	0.00617	0.00568
65	0.01846	0.02334	0.11205	0.03284	0.06320	0.01984	0.55723	0.02533	0.01849	0.02539	0.01581	0.02084	0.01184	0.00679	0.00912	0.00265	0.01306	0.00891	0.00394	0.01087
66	0.01630	0.06935	0.61441	0.02287	0.03415	0.01907	0.06573	0.02507	0.01683	0.02485	0.01420	0.01685	0.01017	0.00745	0.00754	0.00249	0.01168	0.00600	0.00339	0.01159
67	0.01141	0.00764	0.00869	0.00881	0.00884	0.00760	0.00498	0.01150	0.01178	0.01570	0.02624	0.09624	0.03041	0.67482	0.03834	0.00739	0.00748	0.01227	0.00498	0.00491
68	0.08371	0.01331	0.01751	0.01363	0.01944	0.01183	0.01121	0.03627	0.02207	0.59778	0.06613	0.02788	0.02203	0.01001	0.00785	0.00246	0.00654	0.00809	0.00943	0.01283
69	0.06542	0.01110	0.03867	0.01129	0.01448	0.00976	0.00915	0.01973	0.05567	0.09004	0.48033	0.04825	0.05762	0.01400	0.00865	0.00245	0.00471	0.01209	0.00816	0.03842
70	0.01847	0.07542	0.52220	0.02282	0.06016	0.01856	0.05228	0.02638	0.01745	0.09061	0.01588	0.01787	0.01121	0.00767	0.00753	0.00246	0.01100	0.00618	0.00406	0.01180
71	0.07057	0.06214	0.44032	0.02023	0.04987	0.01731	0.02303	0.02706	0.01785	0.14667	0.04014	0.01980	0.01410	0.00820	0.00741	0.00246	0.00993	0.00642	0.00486	0.01165

[dist]
# distance from previous block
# <min> <max>
2	10

[block]
# block no. 5 follows, 24 sequences, length 133
# corresponding to MSA columns:
# 208-340
name=unknown_F
#
# <colnr> <probs for GDERKNQSTAVLIFYWHMCP>
#	G	D	E	R	K	N	Q	S	T	A	V	L	I	F	Y	W	H	M	C	P
0	0.10813	0.03222	0.45821	0.02338	0.11193	0.01745	0.02427	0.02392	0.01701	0.02706	0.07043	0.02032	0.01579	0.00820	0.00741	0.00248	0.01006	0.00656	0.00408	0.01108
1	0.01892	0.02160	0.11989	0.07203	0.53399	0.01876	0.02448	0.02493	0.04148	0.02582	0.01543	0.01967	0.01256	0.00730	0.00782	0.00240	0.00967	0.00697	0.00398	0.01228
2	0.01782	0.11816	0.30399	0.06026	0.12264	0.02053	0.19633	0.02468	0.01735	0.02425	0.01441	0.01812	0.01098	0.00716	0.00779	0.00244	0.01140	0.00684	0.00362	0.01122
3	0.01671	0.07200	0.52767	0.02420	0.03497	0.01938	0.14497	0.02510	0.01708	0.02484	0.01441	0.01742	0.01043	0.00733	0.00776	0.00250	0.01187	0.00644	0.00348	0.01145
4	0.01669	0.01620	0.02506	0.45057	0.19422	0.04987	0.02131	0.02145	0.01684	0.02206	0.04634	0.02217	0.01419	0.00842	0.00878	0.00258	0.04240	0.00731	0.00390	0.00964
5	0.00937	0.00803	0.00803	0.00803	0.01071	0.00669	0.00602	0.01138	0.01807	0.02142	0.08033	0.07632	0.66863	0.02008	0.00937	0.00268	0.00402	0.01674	0.00736	0.00669
6	0.01161	0.01086	0.06660	0.01103	0.01373	0.00840	0.00931	0.01581	0.02197	0.03124	0.61302	0.05568	0.06941	0.01549	0.00920	0.00250	0.00441	0.01363	0.00828	0.00784
7	0.01963	0.01884	0.03219	0.04867	0.67185	0.01884	0.02434	0.02434	0.01806	0.02591	0.01492	0.01963	0.01256	0.00707	0.00785	0.00236	0.00942	0.00707	0.00393	0.01256
8	0.02120	0.72609	0.04155	0.01357	0.02035	0.03138	0.01357	0.02374	0.01611	0.01866	0.01102	0.01272	0.01018	0.00678	0.00509	0.00170	0.00848	0.00424	0.00339	0.01018
9	0.00966	0.00690	0.00920	0.01104	0.01150	0.00644	0.00736	0.01104	0.01518	0.02024	0.04371	0.71614	0.05245	0.02484	0.01012	0.00322	0.00460	0.02254	0.00736	0.00644
10	0.02055	0.04920	0.03278	0.04347	0.53714	0.08174	0.07057	0.02508	0.01844	0.02497	0.01460	0.01899	0.01221	0.00713	0.00779	0.00232	0.01014	0.00695	0.00393	0.01201
11	0.01961	0.02183	0.09304	0.02845	0.03607	0.01938	0.44766	0.02901	0.12862	0.06367	0.01955	0.02273	0.01439	0.00763	0.00891	0.00265	0.01164	0.00892	0.00498	0.01126
12	0.01265	0.00904	0.01263	0.01446	0.01623	0.00902	0.01256	0.01621	0.01813	0.02359	0.04206	0.11519	0.04592	0.02203	0.01092	0.00363	0.00719	0.59399	0.00730	0.00727
13	0.02970	0.02199	0.02355	0.01815	0.02442	0.02438	0.01496	0.61944	0.06398	0.04925	0.01961	0.01949	0.01395	0.00957	0.00794	0.00239	0.00862	0.00722	0.00794	0.01345
14	0.01835	0.01982	0.03962	0.03365	0.15308	0.01989	0.42025	0.02380	0.01757	0.02444	0.01612	0.04689	0.01344	0.00842	0.01138	0.00274	0.10677	0.00911	0.00405	0.01060
15	0.01963	0.01884	0.03219	0.04867	0.67185	0.01884	0.02434	0.02434	0.01806	0.02591	0.01492	0.01963	0.01256	0.00707	0.00785	0.00236	0.00942	0.00707	0.00393	0.01256
16	0.01611	0.06713	0.65588	0.02226	0.03379	0.01891	0.02870	0.02506	0.01672	0.02487	0.01411	0.01659	0.01005	0.00751	0.00744	0.00248	0.01160	0.00580	0.00335	0.01166
17	0.01963	0.01884	0.03219	0.04867	0.67185	0.01884	0.02434	0.02434	0.01806	0.02591	0.01492	0.01963	0.01256	0.00707	0.00785	0.00236	0.00942	0.00707	0.00393	0.01256
18	0.01171	0.00843	0.01150	0.01313	0.01463	0.00822	0.01076	0.01469	0.01763	0.02310	0.07555	0.25581	0.07598	0.02233	0.01058	0.00343	0.00625	0.40181	0.00739	0.00705
19	0.01936	0.01857	0.03171	0.08573	0.63686	0.01877	0.02421	0.02411	0.01793	0.02559	0.01487	0.01971	0.01245	0.00711	0.00785	0.00237	0.00949	0.00706	0.00390	0.01235
20	0.00966	0.00690	0.00920	0.01104	0.01150	0.00644	0.00736	0.01104	0.01518	0.02024	0.04371	0.71614	0.05245	0.02484	0.01012	0.00322	0.00460	0.02254	0.00736	0.00644
21	0.00966	0.00690	0.00920	0.01104	0.01150	0.00644	0.00736	0.01104	0.01518	0.02024	0.04371	0.71614	0.05245	0.02484	0.01012	0.00322	0.00460	0.02254	0.00736	0.00644
22	0.01989	0.01953	0.03133	0.07760	0.61227	0.05088	0.02380	0.02450	0.01817	0.02533	0.01475	0.01944	0.01236	0.00716	0.00782	0.00235	0.00971	0.00697	0.00391	0.01223
23	0.01945	0.01988	0.06267	0.04745	0.64186	0.01882	0.02457	0.02437	0.01799	0.02587	0.01488	0.01949	0.01244	0.00709	0.00784	0.00236	0.00953	0.00701	0.00390	0.01252
24	0.01617	0.07573	0.64787	0.02214	0.03361	0.01907	0.02850	0.02504	0.01671	0.02479	0.01407	0.01654	0.01005	0.00750	0.00741	0.00247	0.01156	0.00578	0.00335	0.01164
25	0.03014	0.02221	0.02380	0.01825	0.02459	0.02459	0.01507	0.64541	0.03728	0.04998	0.01904	0.01904	0.01349	0.00952	0.00793	0.00238	0.00873	0.00714	0.00793	0.01349
26	0.01644	0.01409	0.01644	0.01175	0.01879	0.01057	0.00940	0.01997	0.01644	0.02584	0.01409	0.01644	0.01175	0.00587	0.00587	0.00117	0.00587	0.00470	0.00470	0.76979
27	0.01590	0.04102	0.68023	0.02260	0.03432	0.01842	0.02930	0.02511	0.01674	0.02511	0.01423	0.01674	0.01005	0.00753	0.00753	0.00251	0.01172	0.00586	0.00335	0.01172
28	0.00966	0.00690	0.00920	0.01104	0.01150	0.00644	0.00736	0.01104	0.01518	0.02024	0.04371	0.71614	0.05245	0.02484	0.01012	0.00322	0.00460	0.02254	0.00736	0.00644
29	0.00984	0.00703	0.00940	0.01124	0.01178	0.00659	0.00767	0.01135	0.01536	0.02044	0.04361	0.68061	0.05206	0.02468	0.01017	0.00324	0.00475	0.05633	0.00736	0.00649
30	0.05907	0.03956	0.64232	0.02191	0.03324	0.01838	0.02812	0.02501	0.01656	0.02571	0.01405	0.01652	0.00996	0.00752	0.00738	0.00251	0.01140	0.00577	0.00344	0.01154
31	0.00966	0.00690	0.00920	0.01104	0.01150	0.00644	0.00736	0.01104	0.01518	0.02024	0.04371	0.71614	0.05245	0.02484	0.01012	0.00322	0.00460	0.02254	0.00736	0.00644
32	0.00937	0.00803	0.00803	0.00803	0.01071	0.00669	0.00602	0.01138	0.01807	0.02142	0.08033	0.07632	0.66863	0.02008	0.00937	0.00268	0.00402	0.01674	0.00736	0.00669
33	0.01910	0.02187	0.04484	0.03235	0.03987	0.04712	0.59064	0.02538	0.01858	0.02489	0.01565	0.02093	0.01189	0.00706	0.00999	0.00268	0.04355	0.00908	0.00399	0.01055
34	0.02120	0.72609	0.04155	0.01357	0.02035	0.03138	0.01357	0.02374	0.01611	0.01866	0.01102	0.01272	0.01018	0.00678	0.00509	0.00170	0.00848	0.00424	0.00339	0.01018
35	0.01153	0.00769	0.00865	0.00865	0.00865	0.00769	0.00480	0.01153	0.01153	0.01538	0.02499	0.05189	0.02883	0.72131	0.04036	0.00769	0.00769	0.01153	0.00480	0.00480
36	0.01945	0.01866	0.03187	0.07295	0.64892	0.01880	0.02425	0.02419	0.01797	0.02570	0.01489	0.01968	0.01249	0.00710	0.00785	0.00237	0.00946	0.00706	0.00391	0.01242
37	0.03129	0.01417	0.01851	0.01551	0.04395	0.01328	0.01199	0.06047	0.10744	0.50522	0.02998	0.02817	0.02026	0.05016	0.00982	0.00278	0.00691	0.00824	0.00901	0.01284
38	0.01963	0.01884	0.03219	0.04867	0.67185	0.01884	0.02434	0.02434	0.01806	0.02591	0.01492	0.01963	0.01256	0.00707	0.00785	0.00236	0.00942	0.00707	0.00393	0.01256
39	0.00966	0.00690	0.00920	0.01104	0.01150	0.00644	0.00736	0.01104	0.01518	0.02024	0.04371	0.71614	0.05245	0.02484	0.01012	0.00322	0.00460	0.02254	0.00736	0.00644
40	0.02424	0.01942	0.01959	0.04642	0.02304	0.09180	0.01350	0.12658	0.38534	0.12089	0.02727	0.02569	0.01993	0.01005	0.00793	0.00254	0.00775	0.00807	0.00766	0.01229
41	0.01590	0.04102	0.68023	0.02260	0.03432	0.01842	0.02930	0.02511	0.01674	0.02511	0.01423	0.01674	0.01005	0.00753	0.00753	0.00251	0.01172	0.00586	0.00335	0.01172
42	0.00981	0.00701	0.00937	0.01121	0.01174	0.00657	0.00762	0.01130	0.01533	0.02041	0.04362	0.68615	0.05212	0.02470	0.01016	0.00324	0.00473	0.05106	0.00736	0.00648
43	0.01902	0.01884	0.03049	0.19645	0.46627	0.05260	0.05394	0.02383	0.01781	0.02426	0.01465	0.01979	0.01196	0.00730	0.00791	0.00242	0.01013	0.00708	0.00385	0.01144
44	0.02154	0.61128	0.03893	0.01594	0.04896	0.07739	0.01435	0.02410	0.01645	0.01905	0.01125	0.01336	0.01029	0.00725	0.00639	0.00184	0.04346	0.00456	0.00347	0.01014
45	0.01604	0.04008	0.64991	0.02312	0.03466	0.01849	0.05867	0.02513	0.01684	0.02513	0.01432	0.01696	0.01014	0.00749	0.00762	0.00252	0.01180	0.00603	0.00338	0.01167
46	0.00980	0.00730	0.00913	0.01026	0.01137	0.00663	0.00709	0.01161	0.01673	0.02196	0.13081	0.49428	0.18867	0.02272	0.00986	0.00301	0.00437	0.02025	0.00754	0.00663
47	0.01848	0.02320	0.10762	0.03294	0.06417	0.01985	0.56060	0.02533	0.01850	0.02539	0.01583	0.02087	0.01186	0.00678	0.00913	0.00265	0.01306	0.00893	0.00394	0.01086
48	0.01649	0.01425	0.01681	0.01217	0.01889	0.01122	0.00977	0.01993	0.01624	0.02552	0.01392	0.01649	0.01168	0.00625	0.00682	0.00128	0.03884	0.00480	0.00464	0.73399
49	0.00996	0.00712	0.00955	0.01139	0.01198	0.00670	0.00789	0.01156	0.01548	0.02058	0.04354	0.65543	0.05179	0.02456	0.01020	0.00326	0.00486	0.08028	0.00736	0.00652
50	0.01118	0.00803	0.01072	0.01117	0.01270	0.00757	0.00853	0.01435	0.01990	0.02746	0.39438	0.21869	0.06365	0.01939	0.00986	0.00290	0.00467	0.13954	0.00812	0.00720
51	0.01803	0.02653	0.21881	0.03185	0.09707	0.01949	0.41858	0.02523	0.01812	0.02537	0.01544	0.01996	0.01154	0.00695	0.00872	0.00260	0.01256	0.00819	0.00382	0.01115
52	0.01264	0.00903	0.01262	0.01445	0.01622	0.00901	0.01254	0.01620	0.01812	0.02358	0.04206	0.11666	0.04593	0.02203	0.01092	0.00363	0.00718	0.59260	0.00730	0.00726
53	0.01114	0.00810	0.01049	0.00989	0.01180	0.00745	0.00742	0.01481	0.02226	0.03135	0.64214	0.05998	0.10063	0.01638	0.00935	0.00250	0.00375	0.01445	0.00867	0.00745
54	0.02002	0.02087	0.05316	0.09668	0.51752	0.07863	0.02309	0.02535	0.04193	0.02511	0.01523	0.01954	0.01253	0.00739	0.00779	0.00237	0.00991	0.00692	0.00404	0.01193
55	0.02305	0.53971	0.05829	0.01537	0.02180	0.14889	0.01449	0.06046	0.01848	0.02078	0.01181	0.01350	0.01037	0.00721	0.00570	0.00182	0.00965	0.00461	0.00377	0.01024
56	0.77733	0.01534	0.01166	0.01043	0.01534	0.01779	0.00859	0.02331	0.01350	0.03558	0.01104	0.01288	0.00859	0.00736	0.00491	0.00245	0.00613	0.00429	0.00491	0.00859
57	0.01838	0.01811	0.03208	0.18537	0.41633	0.01903	0.11214	0.02335	0.01738	0.02428	0.01467	0.02009	0.01195	0.00754	0.00900	0.00252	0.04527	0.00738	0.00383	0.01129
58	0.00937	0.00803	0.00803	0.00803	0.01071	0.00669	0.00602	0.01138	0.01807	0.02142	0.08033	0.07632	0.66863	0.02008	0.00937	0.00268	0.00402	0.01674	0.00736	0.00669
59	0.01644	0.01409	0.01644	0.01175	0.01879	0.01057	0.00940	0.01997	0.01644	0.02584	0.01409	0.01644	0.01175	0.00587	0.00587	0.00117	0.00587	0.00470	0.00470	0.76979
60	0.02391	0.01502	0.04578	0.01314	0.02003	0.01133	0.01114	0.02750	0.01890	0.28066	0.02082	0.02058	0.01476	0.00749	0.00677	0.00173	0.00647	0.00603	0.00664	0.44132
61	0.77733	0.01534	0.01166	0.01043	0.01534	0.01779	0.00859	0.02331	0.01350	0.03558	0.01104	0.01288	0.00859	0.00736	0.00491	0.00245	0.00613	0.00429	0.00491	0.00859
62	0.01943	0.01880	0.03260	0.07000	0.62111	0.01886	0.05361	0.02425	0.01801	0.02569	0.01494	0.01976	0.01247	0.00708	0.00792	0.00238	0.00965	0.00717	0.00392	0.01235
63	0.74111	0.01493	0.01159	0.01042	0.01510	0.01727	0.00851	0.02269	0.01335	0.03454	0.01117	0.01341	0.00883	0.00832	0.00614	0.03883	0.00617	0.00442	0.00484	0.00834
64	0.03558	0.01350	0.01840	0.01411	0.02024	0.01166	0.01166	0.03865	0.02270	0.67734	0.03128	0.02699	0.01963	0.00981	0.00797	0.00245	0.00675	0.00797	0.00981	0.01350
65	0.02236	0.39682	0.15195	0.01831	0.04869	0.19906	0.01728	0.02607	0.01795	0.02030	0.01207	0.01412	0.01025	0.00729	0.00617	0.00196	0.01061	0.00487	0.00358	0.01029
66	0.01134	0.00846	0.01254	0.01254	0.01388	0.00980	0.00965	0.01403	0.01268	0.01825	0.02143	0.03220	0.02028	0.09300	0.65698	0.01249	0.02055	0.00865	0.00428	0.00696
67	0.00965	0.00695	0.00915	0.01092	0.01147	0.00645	0.00731	0.01106	0.01530	0.02029	0.04521	0.68985	0.07776	0.02465	0.01009	0.00320	0.00458	0.02230	0.00736	0.00645
