[name]
unknown

[dist]
# distance from previous block
# <min> <max>
0	0

[block]
# block no. 0 follows, 24 sequences, length 27
# corresponding to MSA columns:
# 0-26
name=unknown_A
#
# <colnr> <probs for GDERKNQSTAVLIFYWHMCP>
#	G	D	E	R	K	N	Q	S	T	A	V	L	I	F	Y	W	H	M	C	P
0	0.01278	0.00913	0.01278	0.01460	0.01643	0.00913	0.01278	0.01643	0.01825	0.02373	0.04199	0.08945	0.04564	0.02191	0.01095	0.00365	0.00730	0.61847	0.00730	0.00730
1	0.02772	0.01586	0.01862	0.01539	0.02077	0.01648	0.01235	0.08941	0.32080	0.32525	0.03076	0.02756	0.02127	0.01023	0.00802	0.00256	0.00669	0.00837	0.00885	0.01305
2	0.02302	0.01642	0.01851	0.01573	0.02064	0.01793	0.01249	0.07203	0.42363	0.15776	0.02902	0.02697	0.02118	0.01027	0.00866	0.00255	0.03697	0.00826	0.00794	0.07000
3	0.01922	0.01842	0.03145	0.10638	0.61735	0.01873	0.02413	0.02398	0.01786	0.02541	0.01484	0.01976	0.01239	0.00714	0.00786	0.00238	0.00952	0.00706	0.00389	0.01223
4	0.01922	0.01842	0.03145	0.10638	0.61735	0.01873	0.02413	0.02398	0.01786	0.02541	0.01484	0.01976	0.01239	0.00714	0.00786	0.00238	0.00952	0.00706	0.00389	0.01223
5	0.01927	0.01848	0.03155	0.09820	0.62507	0.01875	0.02416	0.02403	0.01789	0.02548	0.01485	0.01974	0.01241	0.00713	0.00786	0.00238	0.00951	0.00706	0.00389	0.01228
6	0.01498	0.01409	0.02378	0.70226	0.05462	0.01762	0.02202	0.02026	0.01586	0.02026	0.01409	0.02114	0.01057	0.00793	0.00793	0.00264	0.01057	0.00705	0.00352	0.00881
7	0.02249	0.01832	0.02177	0.01807	0.02329	0.02034	0.06883	0.19041	0.40323	0.05652	0.02785	0.02830	0.02108	0.01046	0.00825	0.00264	0.00757	0.03043	0.00770	0.01246
8	0.01961	0.01538	0.01893	0.01375	0.02069	0.01280	0.04067	0.09736	0.01953	0.07622	0.01604	0.01776	0.01254	0.00664	0.00644	0.00149	0.00664	0.00546	0.00543	0.58661
9	0.02541	0.02820	0.02382	0.05724	0.02584	0.36208	0.04834	0.13008	0.02260	0.02535	0.04249	0.01835	0.01378	0.00965	0.01080	0.00243	0.13245	0.00650	0.00479	0.00980
10	0.02067	0.01474	0.01669	0.01465	0.01885	0.01597	0.01155	0.07760	0.36731	0.12511	0.16500	0.03685	0.03420	0.01208	0.00842	0.00263	0.00602	0.03174	0.00842	0.01150
11	0.05828	0.09999	0.07280	0.02497	0.03171	0.02073	0.33325	0.04870	0.01824	0.07987	0.01579	0.01946	0.01203	0.00795	0.01020	0.00255	0.09214	0.00768	0.00455	0.03911
12	0.02899	0.02990	0.02180	0.01889	0.02366	0.41169	0.01460	0.15602	0.10637	0.08535	0.01784	0.01831	0.01348	0.00892	0.00750	0.00223	0.01150	0.00626	0.00587	0.01086
13	0.02170	0.68680	0.04056	0.01383	0.02059	0.03100	0.01365	0.05844	0.01729	0.02040	0.01147	0.01307	0.01036	0.00694	0.00525	0.00173	0.00849	0.00440	0.00365	0.01036
14	0.10918	0.02151	0.02384	0.06698	0.02680	0.07288	0.07008	0.37528	0.08834	0.04024	0.01827	0.01934	0.01337	0.00893	0.00768	0.00244	0.00917	0.00703	0.00666	0.01196
15	0.01377	0.00689	0.01033	0.01033	0.01033	0.00689	0.00689	0.01033	0.01033	0.01377	0.01377	0.02410	0.01377	0.02755	0.03099	0.76928	0.00689	0.00689	0.00344	0.00344
16	0.01122	0.00811	0.01060	0.00998	0.01185	0.00748	0.00748	0.01496	0.02245	0.03180	0.66766	0.05923	0.07482	0.01621	0.00935	0.00249	0.00374	0.01434	0.00873	0.00748
17	0.01114	0.00804	0.01052	0.01003	0.01183	0.00743	0.00748	0.01475	0.02205	0.03117	0.63390	0.09478	0.07361	0.01668	0.00939	0.00253	0.00379	0.01478	0.00866	0.00743
18	0.00987	0.00810	0.00872	0.00870	0.01119	0.00695	0.00661	0.01227	0.01887	0.02340	0.18408	0.07388	0.53197	0.01947	0.00944	0.00269	0.00412	0.04519	0.00761	0.00687
19	0.03490	0.01459	0.01908	0.01463	0.02079	0.01328	0.01208	0.11490	0.02453	0.59850	0.02975	0.02599	0.01886	0.00978	0.00797	0.00244	0.00700	0.00787	0.00958	0.01349
20	0.03321	0.01357	0.01816	0.01382	0.02006	0.01152	0.01138	0.03633	0.02192	0.59672	0.02916	0.02569	0.01865	0.00933	0.00771	0.00230	0.00664	0.00757	0.00918	0.10708
21	0.02095	0.69404	0.07143	0.01399	0.02101	0.03077	0.01430	0.02381	0.01614	0.01896	0.01117	0.01291	0.01017	0.00682	0.00520	0.00173	0.00863	0.00432	0.00339	0.01025
22	0.02875	0.02113	0.02269	0.01742	0.02361	0.02310	0.01435	0.58497	0.03528	0.04781	0.01908	0.01937	0.01370	0.00932	0.00772	0.00229	0.00835	0.00702	0.04142	0.05261
23	0.02409	0.01098	0.01457	0.01204	0.01625	0.00965	0.00960	0.02734	0.02225	0.37581	0.28325	0.04331	0.09034	0.01309	0.00862	0.00249	0.00537	0.01112	0.00921	0.01063
24	0.01129	0.00908	0.01025	0.01028	0.01263	0.00861	0.00772	0.01625	0.10018	0.02497	0.18622	0.16769	0.33638	0.01894	0.00940	0.00278	0.00451	0.04751	0.00773	0.00759
25	0.02168	0.39881	0.20270	0.01728	0.02487	0.13759	0.01801	0.05644	0.01839	0.02201	0.01246	0.01434	0.01031	0.00735	0.00621	0.00200	0.01030	0.00495	0.00372	0.01058
26	0.08910	0.01692	0.01838	0.01652	0.04487	0.01865	0.01257	0.12241	0.38338	0.09640	0.02890	0.02724	0.04333	0.01022	0.00772	0.00254	0.00668	0.00826	0.00764	0.03826

[dist]
# distance from previous block
# <min> <max>
0	1

[block]
# block no. 1 follows, 24 sequences, length 27
# corresponding to MSA columns:
# 28-54
name=unknown_B
#
# <colnr> <probs for GDERKNQSTAVLIFYWHMCP>
#	G	D	E	R	K	N	Q	S	T	A	V	L	I	F	Y	W	H	M	C	P
0	0.01898	0.01959	0.03424	0.11878	0.27961	0.04406	0.22818	0.02527	0.05886	0.02484	0.01592	0.02070	0.01267	0.00776	0.00951	0.00258	0.05534	0.00787	0.00415	0.01111
1	0.01809	0.01640	0.02594	0.13405	0.39200	0.01690	0.01984	0.06026	0.04021	0.02667	0.05760	0.08037	0.01977	0.00944	0.00805	0.00243	0.00851	0.00874	0.00487	0.04983
2	0.01782	0.13569	0.08324	0.05712	0.08588	0.02144	0.06689	0.02147	0.01514	0.02201	0.01319	0.01792	0.01141	0.00961	0.01387	0.00257	0.26663	0.00643	0.04989	0.08179
3	0.07586	0.42679	0.09851	0.01588	0.02249	0.15169	0.01523	0.07146	0.01875	0.02295	0.01217	0.01390	0.01030	0.00736	0.00592	0.00195	0.00975	0.00478	0.00396	0.01028
4	0.24145	0.01882	0.01903	0.06598	0.02303	0.04227	0.01300	0.33242	0.02643	0.07402	0.01721	0.01833	0.01249	0.00874	0.00690	0.00238	0.00790	0.00631	0.05204	0.01124
5	0.02099	0.63654	0.10168	0.01467	0.02183	0.05340	0.01513	0.02416	0.01640	0.01930	0.01137	0.01316	0.01017	0.00690	0.00539	0.00179	0.00899	0.00442	0.00341	0.01029
6	0.01727	0.01459	0.01689	0.01214	0.01914	0.01142	0.00974	0.05792	0.01771	0.02730	0.01439	0.01660	0.01185	0.00609	0.00600	0.00125	0.00605	0.00485	0.00489	0.72389
7	0.02374	0.05768	0.01850	0.01443	0.01901	0.04204	0.01155	0.10106	0.19492	0.21417	0.14001	0.07353	0.03089	0.01183	0.00816	0.00250	0.00659	0.00982	0.00818	0.01139
8	0.01126	0.00767	0.00864	0.00875	0.00898	0.00754	0.00505	0.01149	0.01224	0.01612	0.03025	0.09464	0.07776	0.62637	0.03620	0.00704	0.00723	0.01260	0.00515	0.00505
9	0.01071	0.00797	0.00997	0.00971	0.01160	0.00723	0.00719	0.01389	0.02088	0.02866	0.49295	0.12874	0.18559	0.01782	0.00943	0.00260	0.00388	0.01562	0.00833	0.00723
10	0.01734	0.01650	0.02772	0.39243	0.23233	0.01888	0.06036	0.04620	0.01725	0.02332	0.01439	0.02035	0.01135	0.00809	0.00929	0.00261	0.06034	0.00719	0.00384	0.01021
11	0.00986	0.00704	0.00943	0.01127	0.01182	0.00661	0.00771	0.01139	0.01538	0.02047	0.04360	0.67589	0.05201	0.02465	0.01017	0.00325	0.00477	0.06081	0.00736	0.00650
12	0.01626	0.01541	0.02611	0.52108	0.22571	0.01796	0.02266	0.02139	0.01647	0.02183	0.01432	0.02072	0.01112	0.00769	0.00791	0.00256	0.01025	0.00705	0.00363	0.00985
13	0.02962	0.03779	0.02247	0.02043	0.02451	0.68948	0.01532	0.03166	0.02247	0.01941	0.01226	0.01430	0.01021	0.00817	0.00715	0.00204	0.01430	0.00511	0.00409	0.00919
14	0.01644	0.01409	0.01644	0.01175	0.01879	0.01057	0.00940	0.01997	0.01644	0.02584	0.01409	0.01644	0.01175	0.00587	0.00587	0.00117	0.00587	0.00470	0.00470	0.76979
15	0.02884	0.01737	0.02032	0.05138	0.02311	0.01821	0.01335	0.35362	0.02942	0.23382	0.04592	0.04228	0.01876	0.01015	0.00791	0.00241	0.00764	0.00806	0.05495	0.01247
16	0.02047	0.01741	0.01835	0.01629	0.02091	0.02007	0.01273	0.08547	0.61297	0.03438	0.03132	0.02883	0.02344	0.01067	0.00806	0.00267	0.00645	0.00883	0.00806	0.01262
17	0.27203	0.44144	0.03029	0.01302	0.01899	0.07415	0.01205	0.02417	0.01570	0.02431	0.01112	0.01289	0.00965	0.00707	0.00518	0.00197	0.00812	0.00432	0.00394	0.00958
18	0.05517	0.01750	0.12307	0.01491	0.02083	0.01325	0.01375	0.06780	0.05465	0.34081	0.11290	0.07988	0.02732	0.01135	0.00813	0.00253	0.00706	0.00942	0.00805	0.01164
19	0.10942	0.01372	0.01701	0.01356	0.01895	0.01297	0.01106	0.07118	0.05493	0.45735	0.10873	0.02922	0.02529	0.01039	0.00783	0.00247	0.00640	0.00839	0.00896	0.01217
20	0.03014	0.02221	0.02380	0.01825	0.02459	0.02459	0.01507	0.64541	0.03728	0.04998	0.01904	0.01904	0.01349	0.00952	0.00793	0.00238	0.00873	0.00714	0.00793	0.01349
21	0.01088	0.00885	0.01425	0.01405	0.01552	0.00827	0.09268	0.01297	0.01566	0.02094	0.03999	0.62290	0.04702	0.02241	0.01002	0.00315	0.00578	0.02077	0.00691	0.00701
22	0.01133	0.00850	0.01274	0.01274	0.01416	0.00991	0.00991	0.01416	0.01274	0.01841	0.02124	0.03115	0.01982	0.05947	0.68989	0.01274	0.02124	0.00850	0.00425	0.00708
23	0.01139	0.00814	0.01116	0.01284	0.01410	0.00791	0.01020	0.01411	0.01725	0.02281	0.08288	0.34641	0.05032	0.02275	0.01051	0.00340	0.00596	0.33349	0.00742	0.00696
24	0.01041	0.00722	0.00898	0.01008	0.01035	0.00694	0.00633	0.01124	0.01371	0.01828	0.03617	0.44861	0.04294	0.30535	0.02230	0.00502	0.00584	0.01811	0.00633	0.00578
25	0.47797	0.01745	0.01613	0.01326	0.01873	0.01956	0.01094	0.22786	0.02196	0.08790	0.01516	0.01594	0.01101	0.00825	0.00612	0.00243	0.00703	0.00550	0.00626	0.01055
26	0.18804	0.01826	0.01924	0.04532	0.02217	0.02011	0.01283	0.37331	0.02808	0.10150	0.01885	0.01949	0.01349	0.00899	0.00708	0.00237	0.00762	0.00663	0.07495	0.01169

[dist]
# distance from previous block
# <min> <max>
1	4

[block]
# block no. 2 follows, 24 sequences, length 77
# corresponding to MSA columns:
# 59-135
name=unknown_C
#
# <colnr> <probs for GDERKNQSTAVLIFYWHMCP>
#	G	D	E	R	K	N	Q	S	T	A	V	L	I	F	Y	W	H	M	C	P
0	0.07030	0.01617	0.13729	0.01363	0.01807	0.01197	0.01261	0.02233	0.09588	0.08790	0.27851	0.13184	0.04379	0.01391	0.00852	0.00261	0.00610	0.01194	0.00728	0.00936
1	0.01710	0.01872	0.06059	0.19365	0.04009	0.01837	0.36314	0.02294	0.01741	0.02395	0.01693	0.02445	0.01351	0.00828	0.00974	0.00270	0.05215	0.03555	0.05093	0.00980
2	0.01000	0.00716	0.00950	0.01081	0.01158	0.00667	0.00739	0.01189	0.01676	0.02275	0.17913	0.57356	0.05730	0.02297	0.00995	0.00306	0.00441	0.02076	0.00766	0.00667
3	0.01136	0.00839	0.01220	0.01220	0.01343	0.00962	0.00923	0.01381	0.01258	0.01801	0.02174	0.03390	0.02102	0.14724	0.60376	0.01207	0.01944	0.00890	0.00432	0.00678
4	0.01590	0.04102	0.68023	0.02260	0.03432	0.01842	0.02930	0.02511	0.01674	0.02511	0.01423	0.01674	0.01005	0.00753	0.00753	0.00251	0.01172	0.00586	0.00335	0.01172
5	0.01131	0.00816	0.01072	0.01023	0.01210	0.00757	0.00777	0.01505	0.02222	0.03135	0.63319	0.06090	0.07321	0.01653	0.00944	0.00256	0.00394	0.04763	0.00865	0.00747
6	0.01963	0.01884	0.03219	0.04867	0.67185	0.01884	0.02434	0.02434	0.01806	0.02591	0.01492	0.01963	0.01256	0.00707	0.00785	0.00236	0.00942	0.00707	0.00393	0.01256
7	0.03454	0.01327	0.01807	0.01393	0.01989	0.01148	0.01148	0.03764	0.02269	0.64989	0.05835	0.02836	0.02198	0.01009	0.00803	0.00246	0.00662	0.00825	0.00977	0.01324
8	0.01153	0.00769	0.00865	0.00865	0.00865	0.00769	0.00480	0.01153	0.01153	0.01538	0.02499	0.05189	0.02883	0.72131	0.04036	0.00769	0.00769	0.01153	0.00480	0.00480
9	0.04477	0.07875	0.34091	0.02139	0.06362	0.16109	0.02172	0.06483	0.01969	0.05867	0.04203	0.01844	0.01359	0.00819	0.00735	0.00234	0.01099	0.00615	0.00442	0.01105
10	0.01614	0.07156	0.65175	0.02220	0.03370	0.01899	0.02860	0.02505	0.01671	0.02483	0.01409	0.01656	0.01005	0.00750	0.00742	0.00247	0.01157	0.00579	0.00335	0.01165
11	0.02054	0.64040	0.12143	0.01470	0.02210	0.02976	0.01554	0.02392	0.01619	0.01946	0.01143	0.01322	0.01016	0.00688	0.00539	0.00180	0.00889	0.00444	0.00339	0.01037
12	0.01201	0.00833	0.01007	0.00987	0.01020	0.00893	0.00632	0.01276	0.01205	0.01687	0.02366	0.04551	0.02594	0.53942	0.13709	0.00789	0.04805	0.01057	0.04895	0.00552
13	0.01699	0.01686	0.02421	0.12355	0.02591	0.02328	0.01805	0.01926	0.01270	0.01926	0.01096	0.01792	0.01043	0.01298	0.02330	0.00335	0.60184	0.00696	0.00348	0.00869
14	0.03014	0.02221	0.02380	0.01825	0.02459	0.02459	0.01507	0.64541	0.03728	0.04998	0.01904	0.01904	0.01349	0.00952	0.00793	0.00238	0.00873	0.00714	0.00793	0.01349
15	0.01377	0.00689	0.01033	0.01033	0.01033	0.00689	0.00689	0.01033	0.01033	0.01377	0.01377	0.02410	0.01377	0.02755	0.03099	0.76928	0.00689	0.00689	0.00344	0.00344
16	0.01153	0.00769	0.00865	0.00865	0.00865	0.00769	0.00480	0.01153	0.01153	0.01538	0.02499	0.05189	0.02883	0.72131	0.04036	0.00769	0.00769	0.01153	0.00480	0.00480
17	0.01032	0.00807	0.00935	0.00903	0.01129	0.00710	0.00677	0.01322	0.02032	0.02676	0.38225	0.06753	0.36338	0.01809	0.00936	0.00258	0.00387	0.01550	0.00807	0.00710
18	0.68313	0.10388	0.01538	0.01082	0.01596	0.01948	0.00921	0.02336	0.01382	0.03347	0.01104	0.01286	0.00879	0.00729	0.00493	0.00236	0.00643	0.00429	0.00472	0.00879
19	0.01884	0.05504	0.04654	0.03247	0.04044	0.02059	0.61299	0.02532	0.01859	0.02508	0.01580	0.02098	0.01194	0.00669	0.00915	0.00263	0.01314	0.00911	0.00398	0.01067
20	0.02009	0.01648	0.01770	0.01597	0.02040	0.01884	0.01252	0.04071	0.59747	0.06142	0.03271	0.03244	0.02507	0.01127	0.00821	0.00273	0.00635	0.03919	0.00811	0.01233
21	0.01113	0.00810	0.01048	0.00988	0.01179	0.00744	0.00741	0.01479	0.02224	0.03130	0.63962	0.06005	0.10318	0.01640	0.00935	0.00250	0.00375	0.01446	0.00866	0.00744
22	0.01856	0.02093	0.04424	0.03199	0.03911	0.02053	0.57212	0.02469	0.01797	0.02469	0.01540	0.02093	0.01185	0.00750	0.01125	0.00276	0.09197	0.00908	0.00395	0.01047
23	0.01522	0.01457	0.02527	0.65894	0.05376	0.01778	0.06224	0.02059	0.01604	0.02059	0.01422	0.02116	0.01067	0.00785	0.00802	0.00264	0.01075	0.00720	0.00356	0.00893
24	0.02120	0.72609	0.04155	0.01357	0.02035	0.03138	0.01357	0.02374	0.01611	0.01866	0.01102	0.01272	0.01018	0.00678	0.00509	0.00170	0.00848	0.00424	0.00339	0.01018
25	0.77733	0.01534	0.01166	0.01043	0.01534	0.01779	0.00859	0.02331	0.01350	0.03558	0.01104	0.01288	0.00859	0.00736	0.00491	0.00245	0.00613	0.00429	0.00491	0.00859
26	0.01537	0.01449	0.02449	0.64733	0.10649	0.01772	0.02222	0.02060	0.01604	0.02074	0.01416	0.02101	0.01074	0.00786	0.00792	0.00262	0.01047	0.00705	0.00356	0.00912
27	0.00966	0.00690	0.00920	0.01104	0.01150	0.00644	0.00736	0.01104	0.01518	0.02024	0.04371	0.71614	0.05245	0.02484	0.01012	0.00322	0.00460	0.02254	0.00736	0.00644
28	0.00983	0.00720	0.00927	0.01075	0.01162	0.00664	0.00742	0.01150	0.01604	0.02110	0.07819	0.57499	0.13328	0.02369	0.01002	0.00313	0.00460	0.04674	0.00742	0.00656
29	0.01145	0.00800	0.01024	0.01024	0.01079	0.00855	0.00679	0.01255	0.01200	0.01655	0.02353	0.04383	0.02533	0.46410	0.29280	0.00965	0.01295	0.01035	0.00459	0.00569
30	0.01082	0.00809	0.01004	0.00955	0.01160	0.00731	0.00716	0.01418	0.02149	0.02952	0.53860	0.06299	0.20531	0.01706	0.00936	0.00253	0.00380	0.01487	0.00843	0.00731
31	0.01972	0.01703	0.01793	0.01614	0.02062	0.01972	0.01255	0.04214	0.65752	0.03317	0.03228	0.02959	0.02421	0.01076	0.00807	0.00269	0.00628	0.00897	0.00807	0.01255
32	0.01663	0.01491	0.02016	0.04493	0.02292	0.01194	0.08081	0.02059	0.01667	0.02554	0.01431	0.01721	0.01173	0.00606	0.00635	0.00141	0.00692	0.00532	0.00457	0.65102
33	0.01190	0.00860	0.01163	0.01282	0.01456	0.00833	0.01064	0.01522	0.01880	0.02493	0.17819	0.15071	0.09104	0.02090	0.01042	0.00330	0.00604	0.38715	0.00762	0.00721
34	0.02120	0.72609	0.04155	0.01357	0.02035	0.03138	0.01357	0.02374	0.01611	0.01866	0.01102	0.01272	0.01018	0.00678	0.00509	0.00170	0.00848	0.00424	0.00339	0.01018
35	0.01644	0.01409	0.01644	0.01175	0.01879	0.01057	0.00940	0.01997	0.01644	0.02584	0.01409	0.01644	0.01175	0.00587	0.00587	0.00117	0.00587	0.00470	0.00470	0.76979
36	0.00982	0.00702	0.00934	0.01093	0.01154	0.00655	0.00737	0.01143	0.01591	0.02140	0.10627	0.65027	0.05469	0.02398	0.01004	0.00315	0.00451	0.02172	0.00750	0.00655
37	0.01140	0.00819	0.01121	0.01121	0.01210	0.00908	0.00800	0.01318	0.01229	0.01727	0.02264	0.03892	0.02320	0.30733	0.44664	0.01085	0.01617	0.00963	0.00446	0.00623
38	0.01011	0.00751	0.01008	0.01161	0.01204	0.00748	0.00794	0.01151	0.01501	0.02018	0.04177	0.67543	0.05000	0.02420	0.01105	0.00323	0.04550	0.02163	0.00713	0.00657
39	0.00993	0.00769	0.00910	0.00987	0.01156	0.00686	0.00719	0.01200	0.01744	0.02223	0.12505	0.31939	0.32519	0.02163	0.00977	0.00294	0.00445	0.06347	0.00750	0.00673
40	0.00966	0.00690	0.00920	0.01104	0.01150	0.00644	0.00736	0.01104	0.01518	0.02024	0.04371	0.71614	0.05245	0.02484	0.01012	0.00322	0.00460	0.02254	0.00736	0.00644
41	0.01644	0.01409	0.01644	0.01175	0.01879	0.01057	0.00940	0.01997	0.01644	0.02584	0.01409	0.01644	0.01175	0.00587	0.00587	0.00117	0.00587	0.00470	0.00470	0.76979
42	0.01133	0.00850	0.01274	0.01274	0.01416	0.00991	0.00991	0.01416	0.01274	0.01841	0.02124	0.03115	0.01982	0.05947	0.68989	0.01274	0.02124	0.00850	0.00425	0.00708
43	0.01011	0.00730	0.00966	0.01139	0.01218	0.00686	0.00808	0.01186	0.01582	0.02083	0.04571	0.58357	0.08944	0.02411	0.01020	0.00325	0.00497	0.11072	0.00735	0.00658
44	0.01305	0.01130	0.01556	0.01336	0.01687	0.01051	0.09796	0.07752	0.01996	0.02521	0.07995	0.12906	0.39503	0.01756	0.00938	0.00274	0.00603	0.04398	0.00699	0.00798
45	0.02083	0.01905	0.02999	0.07378	0.45875	0.02008	0.04187	0.11950	0.04046	0.02908	0.01579	0.01983	0.01281	0.00803	0.00910	0.00247	0.05456	0.00720	0.00462	0.01220
46	0.13547	0.01710	0.01893	0.01505	0.02059	0.01801	0.01231	0.28674	0.06658	0.22541	0.08271	0.02485	0.02093	0.01000	0.00766	0.00244	0.00717	0.00776	0.00813	0.01218
47	0.49663	0.07119	0.08542	0.01279	0.01880	0.01810	0.01184	0.04626	0.01629	0.13749	0.01491	0.01576	0.01080	0.00780	0.00579	0.00240	0.00708	0.00514	0.00552	0.00999
48	0.01876	0.01669	0.02753	0.11413	0.41789	0.01701	0.04812	0.02446	0.05791	0.05904	0.07864	0.02635	0.04066	0.00878	0.00813	0.00245	0.00870	0.00831	0.00499	0.01144
49	0.01590	0.04102	0.68023	0.02260	0.03432	0.01842	0.02930	0.02511	0.01674	0.02511	0.01423	0.01674	0.01005	0.00753	0.00753	0.00251	0.01172	0.00586	0.00335	0.01172
50	0.72802	0.01700	0.05495	0.01122	0.01656	0.01783	0.00993	0.02343	0.01371	0.03490	0.01125	0.01313	0.00868	0.00737	0.00508	0.00246	0.00650	0.00440	0.00481	0.00879
51	0.01963	0.01884	0.03219	0.04867	0.67185	0.01884	0.02434	0.02434	0.01806	0.02591	0.01492	0.01963	0.01256	0.00707	0.00785	0.00236	0.00942	0.00707	0.00393	0.01256
52	0.01153	0.00769	0.00865	0.00865	0.00865	0.00769	0.00480	0.01153	0.01153	0.01538	0.02499	0.05189	0.02883	0.72131	0.04036	0.00769	0.00769	0.01153	0.00480	0.00480
53	0.01872	0.02139	0.04679	0.03342	0.04144	0.02005	0.64305	0.02540	0.01872	0.02540	0.01604	0.02139	0.01203	0.00668	0.00936	0.00267	0.01337	0.00936	0.00401	0.01070
54	0.01593	0.01368	0.01664	0.06971	0.02138	0.01092	0.01034	0.01947	0.01632	0.02505	0.01582	0.05760	0.01402	0.00715	0.00629	0.00142	0.00619	0.00593	0.00475	0.66140
55	0.01224	0.00815	0.01062	0.01059	0.01239	0.00747	0.00784	0.01518	0.02000	0.06742	0.39235	0.24012	0.10248	0.01868	0.00955	0.00275	0.00433	0.04205	0.00827	0.00751
56	0.01976	0.36510	0.10219	0.02202	0.06713	0.04703	0.17653	0.02414	0.01726	0.02195	0.03585	0.01758	0.01306	0.00745	0.00748	0.00216	0.03274	0.00635	0.00379	0.01043
57	0.01865	0.02119	0.04565	0.03278	0.04040	0.02027	0.61138	0.02508	0.01838	0.02508	0.01576	0.02119	0.01195	0.00705	0.01020	0.00271	0.04846	0.00924	0.00398	0.01059
58	0.01125	0.00829	0.01070	0.01098	0.01287	0.00773	0.00866	0.01455	0.02020	0.02734	0.37227	0.11237	0.15577	0.01887	0.00983	0.00288	0.00478	0.17536	0.00806	0.00725
59	0.01106	0.00806	0.01042	0.01008	0.01190	0.00742	0.00756	0.01454	0.02157	0.03015	0.57059	0.10381	0.10904	0.01720	0.00946	0.00259	0.00393	0.03477	0.00851	0.00736
60	0.01403	0.01125	0.01685	0.02177	0.17009	0.01110	0.01456	0.01785	0.01863	0.02495	0.10266	0.06910	0.07715	0.01771	0.00996	0.00317	0.00724	0.37674	0.00666	0.00852
61	0.02120	0.72609	0.04155	0.01357	0.02035	0.03138	0.01357	0.02374	0.01611	0.01866	0.01102	0.01272	0.01018	0.00678	0.00509	0.00170	0.00848	0.00424	0.00339	0.01018
62	0.01614	0.07153	0.65178	0.02220	0.03370	0.01899	0.02860	0.02505	0.01671	0.02483	0.01409	0.01656	0.01005	0.00750	0.00742	0.00247	0.01158	0.00579	0.00335	0.01165
63	0.01956	0.39907	0.30364	0.01774	0.02638	0.06865	0.02017	0.02482	0.01678	0.02137	0.01243	0.01448	0.01012	0.00718	0.00623	0.00205	0.01019	0.00496	0.00342	0.01075
64	0.01149	0.00785	0.00948	0.00948	0.00977	0.00814	0.00585	0.01207	0.01178	0.01599	0.02422	0.04767	0.02699	0.58646	0.17271	0.00872	0.01045	0.01091	0.00469	0.00527
65	0.01644	0.01409	0.01644	0.01175	0.01879	0.01057	0.00940	0.01997	0.01644	0.02584	0.01409	0.01644	0.01175	0.00587	0.00587	0.00117	0.00587	0.00470	0.00470	0.76979
66	0.17498	0.01462	0.04252	0.01346	0.01912	0.01312	0.01143	0.03320	0.05098	0.43926	0.08366	0.02687	0.02227	0.00987	0.00749	0.00247	0.00653	0.00780	0.00843	0.01190
67	0.01607	0.00864	0.00877	0.00830	0.01053	0.00884	0.00634	0.07117	0.01837	0.03128	0.02529	0.02868	0.01975	0.00926	0.00574	0.00189	0.00412	0.00737	0.70168	0.00790
68	0.02534	0.01934	0.02118	0.04351	0.02390	0.02129	0.01399	0.35971	0.23545	0.06190	0.02317	0.02260	0.01692	0.00960	0.00783	0.00240	0.00773	0.00757	0.00763	0.06894
69	0.04503	0.01414	0.02331	0.67498	0.05307	0.01762	0.02149	0.02038	0.01576	0.02086	0.01397	0.02082	0.01049	0.00791	0.00781	0.00264	0.01040	0.00694	0.00358	0.00880
70	0.00985	0.00704	0.00941	0.01115	0.01172	0.00659	0.00759	0.01142	0.01559	0.02084	0.06787	0.66441	0.05303	0.02439	0.01013	0.00321	0.00468	0.04715	0.00741	0.00652
71	0.00978	0.00699	0.00934	0.01118	0.01169	0.00655	0.00757	0.01125	0.01530	0.02038	0.04364	0.69172	0.05218	0.02473	0.01015	0.00324	0.00471	0.04577	0.00736	0.00647
72	0.02676	0.02369	0.02455	0.05005	0.11735	0.14171	0.01675	0.36101	0.05369	0.03738	0.01703	0.01867	0.01288	0.00918	0.00890	0.00241	0.05285	0.00682	0.00623	0.01207
73	0.01478	0.00739	0.00739	0.00739	0.00924	0.00739	0.00554	0.01848	0.01663	0.02956	0.02587	0.02956	0.02033	0.00924	0.00554	0.00185	0.00370	0.00739	0.76534	0.00739
74	0.01992	0.01600	0.01949	0.02066	0.13008	0.01715	0.01377	0.03467	0.39831	0.08411	0.03027	0.06619	0.04366	0.01082	0.00804	0.00254	0.00666	0.00929	0.00723	0.06114
75	0.05785	0.01628	0.06352	0.35835	0.04045	0.01680	0.14554	0.02144	0.01636	0.02384	0.01604	0.02166	0.01224	0.00802	0.00825	0.00253	0.03256	0.00735	0.12180	0.00913
76	0.07572	0.02013	0.05728	0.01676	0.02307	0.02012	0.01435	0.36007	0.09484	0.20186	0.02268	0.02159	0.01562	0.00948	0.00775	0.00244	0.00799	0.00729	0.00798	0.01299

[dist]
# distance from previous block
# <min> <max>
0	3

[block]
# block no. 3 follows, 24 sequences, length 60
# corresponding to MSA columns:
# 139-198
name=unknown_D
#
# <colnr> <probs for GDERKNQSTAVLIFYWHMCP>
#	G	D	E	R	K	N	Q	S	T	A	V	L	I	F	Y	W	H	M	C	P
0	0.01011	0.00723	0.00968	0.01124	0.01198	0.00680	0.00786	0.01196	0.01626	0.02184	0.11276	0.58739	0.05432	0.02362	0.01011	0.00318	0.00475	0.07478	0.00751	0.00663
1	0.05641	0.01734	0.02336	0.01966	0.02119	0.04424	0.05760	0.04732	0.01481	0.04452	0.01403	0.04273	0.01292	0.01266	0.02006	0.00313	0.48207	0.00752	0.04939	0.00904
2	0.01697	0.01683	0.02354	0.02033	0.02036	0.02340	0.01685	0.01868	0.01230	0.01914	0.01207	0.05211	0.01250	0.01442	0.02523	0.00346	0.67187	0.00772	0.00366	0.00856
3	0.01025	0.00807	0.00924	0.00895	0.01125	0.00707	0.00671	0.01307	0.02014	0.02632	0.35733	0.06826	0.38858	0.01826	0.00936	0.00259	0.00389	0.01561	0.00801	0.00707
4	0.03533	0.01390	0.01865	0.01430	0.02045	0.01226	0.01181	0.06690	0.02338	0.64813	0.03071	0.02662	0.01934	0.00980	0.00797	0.00245	0.00684	0.00794	0.00973	0.01349
5	0.01718	0.20639	0.52605	0.02042	0.03095	0.02154	0.02550	0.02478	0.01659	0.02355	0.01346	0.01577	0.01008	0.00735	0.00694	0.00231	0.01094	0.00547	0.00336	0.01135
6	0.04777	0.03994	0.65225	0.02209	0.03353	0.01839	0.02843	0.02504	0.01661	0.02555	0.01410	0.01658	0.00998	0.00753	0.00742	0.00251	0.01149	0.00579	0.00341	0.01159
7	0.01935	0.01856	0.03169	0.08749	0.63519	0.01877	0.02420	0.02409	0.01793	0.02557	0.01487	0.01972	0.01244	0.00712	0.00786	0.00237	0.00949	0.00706	0.00390	0.01234
8	0.01576	0.07396	0.58572	0.02098	0.03154	0.01810	0.02649	0.02412	0.01723	0.02538	0.07359	0.02040	0.01595	0.00829	0.00757	0.00247	0.01082	0.00655	0.00384	0.01125
9	0.01341	0.00862	0.01138	0.01055	0.01279	0.00792	0.00810	0.01709	0.02227	0.08750	0.58269	0.05787	0.06864	0.01593	0.00931	0.00255	0.00417	0.04246	0.00876	0.00800
10	0.63388	0.05312	0.01447	0.01133	0.01652	0.01836	0.00947	0.05874	0.01571	0.08956	0.01319	0.01440	0.00987	0.00766	0.00534	0.00241	0.00645	0.00476	0.00541	0.00935
11	0.22649	0.08252	0.04472	0.05137	0.02286	0.06574	0.01360	0.29635	0.02515	0.03785	0.01569	0.01711	0.01176	0.00845	0.00668	0.00231	0.00832	0.00596	0.04611	0.01098
12	0.01532	0.01557	0.03045	0.02357	0.02832	0.01505	0.34941	0.02048	0.03971	0.02433	0.07674	0.23716	0.02976	0.01345	0.01026	0.00286	0.03922	0.01367	0.00553	0.00912
13	0.01926	0.01833	0.03116	0.04687	0.63717	0.01833	0.02373	0.02392	0.01807	0.02579	0.01635	0.02332	0.01431	0.00785	0.00801	0.00242	0.00931	0.03941	0.00410	0.01228
14	0.01152	0.00773	0.00887	0.00887	0.00894	0.00781	0.00508	0.01167	0.01160	0.01554	0.02479	0.05080	0.02835	0.68630	0.07473	0.00796	0.00840	0.01137	0.00478	0.00493
15	0.01687	0.01669	0.02411	0.02049	0.02094	0.02266	0.04613	0.01882	0.01246	0.01919	0.01184	0.01971	0.01174	0.04612	0.05887	0.00407	0.60983	0.00733	0.00359	0.00853
16	0.01498	0.01409	0.02378	0.70226	0.05462	0.01762	0.02202	0.02026	0.01586	0.02026	0.01409	0.02114	0.01057	0.00793	0.00793	0.00264	0.01057	0.00705	0.00352	0.00881
17	0.01133	0.00850	0.01274	0.01274	0.01416	0.00991	0.00991	0.01416	0.01274	0.01841	0.02124	0.03115	0.01982	0.05947	0.68989	0.01274	0.02124	0.00850	0.00425	0.00708
18	0.03006	0.02476	0.02358	0.01860	0.02458	0.13348	0.01511	0.54489	0.03486	0.04497	0.01793	0.01826	0.01295	0.00930	0.00780	0.00232	0.00964	0.00681	0.00730	0.01278
19	0.01853	0.02270	0.08910	0.03270	0.04097	0.01994	0.60206	0.02538	0.01858	0.02538	0.01592	0.02108	0.01190	0.00674	0.00924	0.00266	0.01326	0.00912	0.00397	0.01076
20	0.01623	0.06301	0.62553	0.02287	0.03423	0.01894	0.06097	0.02508	0.01682	0.02491	0.01422	0.01685	0.01015	0.00746	0.00755	0.00249	0.01170	0.00599	0.00338	0.01161
21	0.01807	0.01725	0.02938	0.26712	0.46555	0.01843	0.02356	0.02297	0.01732	0.02402	0.01464	0.02013	0.01190	0.00735	0.00788	0.00245	0.00981	0.00706	0.00379	0.01131
22	0.01972	0.01703	0.01793	0.01614	0.02062	0.01972	0.01255	0.04214	0.65752	0.03317	0.03228	0.02959	0.02421	0.01076	0.00807	0.00269	0.00628	0.00897	0.00807	0.01255
23	0.01143	0.00816	0.01123	0.01306	0.01429	0.00796	0.01043	0.01410	0.01692	0.02222	0.04273	0.36093	0.04859	0.02318	0.01059	0.00346	0.00613	0.36032	0.00733	0.00693
24	0.02267	0.14648	0.21815	0.01844	0.02530	0.23753	0.01818	0.07539	0.02076	0.05222	0.05535	0.02057	0.03829	0.00884	0.00723	0.00222	0.01083	0.00644	0.00470	0.01043
25	0.01377	0.00689	0.01033	0.01033	0.01033	0.00689	0.00689	0.01033	0.01033	0.01377	0.01377	0.02410	0.01377	0.02755	0.03099	0.76928	0.00689	0.00689	0.00344	0.00344
26	0.00966	0.00690	0.00920	0.01104	0.01150	0.00644	0.00736	0.01104	0.01518	0.02024	0.04371	0.71614	0.05245	0.02484	0.01012	0.00322	0.00460	0.02254	0.00736	0.00644
27	0.01951	0.01917	0.03409	0.04669	0.58976	0.01900	0.10490	0.02448	0.01814	0.02584	0.01506	0.01986	0.01249	0.00702	0.00805	0.00240	0.00993	0.00736	0.00394	0.01232
28	0.01932	0.01853	0.03163	0.09200	0.63093	0.01876	0.02418	0.02407	0.01791	0.02553	0.01486	0.01973	0.01243	0.00712	0.00786	0.00237	0.00950	0.00706	0.00390	0.01231
29	0.01963	0.01884	0.03219	0.04867	0.67185	0.01884	0.02434	0.02434	0.01806	0.02591	0.01492	0.01963	0.01256	0.00707	0.00785	0.00236	0.00942	0.00707	0.00393	0.01256
30	0.01366	0.00864	0.01138	0.01039	0.01269	0.00790	0.00790	0.01733	0.02247	0.09630	0.60408	0.05601	0.06931	0.01557	0.00922	0.00249	0.00404	0.01370	0.00884	0.00808
31	0.01671	0.19600	0.43728	0.02002	0.02937	0.02042	0.05608	0.02353	0.01656	0.02318	0.01627	0.07977	0.01404	0.00889	0.00730	0.00240	0.01041	0.00719	0.00376	0.01083
32	0.01792	0.01837	0.02504	0.48991	0.15679	0.11588	0.02144	0.02263	0.01720	0.02111	0.01397	0.01988	0.01086	0.00781	0.00780	0.00251	0.01092	0.00677	0.00367	0.00951
33	0.01936	0.01662	0.01766	0.01606	0.02040	0.01916	0.01256	0.04078	0.62370	0.03267	0.03279	0.03275	0.02534	0.01135	0.00822	0.00274	0.00633	0.04121	0.00803	0.01227
34	0.01226	0.01014	0.04832	0.01075	0.01335	0.00821	0.00879	0.01621	0.02195	0.05345	0.58430	0.05644	0.09412	0.01566	0.00920	0.00250	0.00430	0.01374	0.00841	0.00790
35	0.01881	0.01386	0.01879	0.02154	0.17546	0.01401	0.01343	0.08097	0.11930	0.10392	0.18965	0.10136	0.06936	0.01285	0.00858	0.00255	0.00640	0.01128	0.00731	0.01058
36	0.03003	0.01266	0.01677	0.01334	0.01861	0.01125	0.01084	0.03416	0.05599	0.52018	0.12435	0.03406	0.05854	0.01126	0.00824	0.00248	0.00616	0.00935	0.00945	0.01227
37	0.00975	0.00697	0.00928	0.01098	0.01152	0.00650	0.00737	0.01126	0.01559	0.02089	0.07870	0.67930	0.05370	0.02436	0.01008	0.00318	0.00455	0.02208	0.00744	0.00650
38	0.01916	0.01837	0.03135	0.11398	0.61017	0.01872	0.02411	0.02393	0.01784	0.02534	0.01483	0.01978	0.01236	0.00715	0.00786	0.00238	0.00954	0.00706	0.00389	0.01219
39	0.02193	0.02206	0.03001	0.04251	0.53514	0.13849	0.02232	0.02611	0.01900	0.04573	0.01497	0.01891	0.01237	0.00735	0.00773	0.00230	0.01021	0.00674	0.00414	0.01199
40	0.02154	0.01823	0.02570	0.26205	0.20698	0.02039	0.01980	0.23151	0.05879	0.03240	0.01696	0.02050	0.01282	0.00839	0.00792	0.00248	0.00941	0.00719	0.00535	0.01158
41	0.05330	0.17092	0.02658	0.02042	0.06154	0.44617	0.01542	0.02844	0.01987	0.02020	0.01199	0.01448	0.01030	0.00822	0.00809	0.00211	0.06337	0.00516	0.00392	0.00953
42	0.00955	0.00792	0.00837	0.00852	0.01089	0.00673	0.00629	0.01163	0.01811	0.02213	0.12344	0.14440	0.55414	0.02029	0.00945	0.00272	0.00406	0.01717	0.00747	0.00673
43	0.02712	0.01853	0.01996	0.01567	0.02104	0.02017	0.01283	0.47675	0.03202	0.07997	0.02119	0.02175	0.01530	0.00947	0.00742	0.00227	0.00753	0.00724	0.17160	0.01217
44	0.01122	0.00811	0.01060	0.00998	0.01185	0.00748	0.00748	0.01496	0.02245	0.03180	0.66766	0.05923	0.07482	0.01621	0.00935	0.00249	0.00374	0.01434	0.00873	0.00748
45	0.77733	0.01534	0.01166	0.01043	0.01534	0.01779	0.00859	0.02331	0.01350	0.03558	0.01104	0.01288	0.00859	0.00736	0.00491	0.00245	0.00613	0.00429	0.00491	0.00859
46	0.27605	0.03224	0.45181	0.01844	0.02783	0.01820	0.02222	0.02450	0.01563	0.02869	0.01314	0.01542	0.00955	0.00747	0.00664	0.00249	0.00981	0.00532	0.00388	0.01065
47	0.73665	0.01523	0.01203	0.01063	0.01560	0.01745	0.00876	0.02415	0.01400	0.07077	0.01215	0.01366	0.00919	0.00750	0.00508	0.00245	0.00617	0.00450	0.00518	0.00886
48	0.01122	0.00811	0.01060	0.00998	0.01185	0.00748	0.00748	0.01496	0.02245	0.03180	0.66766	0.05923	0.07482	0.01621	0.00935	0.00249	0.00374	0.01434	0.00873	0.00748
49	0.01963	0.01884	0.03219	0.04867	0.67185	0.01884	0.02434	0.02434	0.01806	0.02591	0.01492	0.01963	0.01256	0.00707	0.00785	0.00236	0.00942	0.00707	0.00393	0.01256
50	0.03014	0.02221	0.02380	0.01825	0.02459	0.02459	0.01507	0.64541	0.03728	0.04998	0.01904	0.01904	0.01349	0.00952	0.00793	0.00238	0.00873	0.00714	0.00793	0.01349
51	0.02448	0.01851	0.01995	0.01669	0.02193	0.02074	0.01333	0.24596	0.39833	0.08894	0.02772	0.02582	0.02022	0.01027	0.00802	0.00257	0.00714	0.00827	0.00816	0.01294
52	0.01980	0.01684	0.01791	0.01615	0.02057	0.01937	0.01267	0.06649	0.59731	0.03339	0.03222	0.03230	0.02488	0.01129	0.00822	0.00273	0.00643	0.04110	0.00802	0.01231
53	0.01136	0.00838	0.01214	0.01214	0.01335	0.00958	0.00916	0.01377	0.01257	0.01796	0.02179	0.03420	0.02115	0.15686	0.59431	0.01200	0.01925	0.00894	0.00433	0.00675
54	0.01055	0.00808	0.00967	0.00927	0.01144	0.00720	0.00695	0.01367	0.02086	0.02804	0.45477	0.06543	0.29006	0.01761	0.00936	0.00256	0.00384	0.01521	0.00823	0.00720
55	0.01517	0.01430	0.02414	0.67425	0.08106	0.01767	0.02212	0.02044	0.01595	0.02050	0.01413	0.02108	0.01066	0.00789	0.00792	0.00263	0.01052	0.00705	0.00354	0.00897
56	0.01260	0.00885	0.01136	0.01061	0.01278	0.00840	0.00807	0.01742	0.06006	0.05358	0.59080	0.05722	0.06912	0.01583	0.00927	0.00254	0.00409	0.03071	0.00869	0.00798
57	0.02013	0.01968	0.03086	0.04534	0.60096	0.05226	0.02319	0.02576	0.05626	0.02601	0.01581	0.01995	0.01314	0.00734	0.00783	0.00236	0.00948	0.00708	0.00418	0.01239
58	0.02048	0.01828	0.02717	0.06023	0.04976	0.01955	0.16933	0.17884	0.11838	0.03135	0.02051	0.07569	0.01714	0.01020	0.01021	0.00260	0.08259	0.00894	0.00583	0.07292
59	0.01611	0.06228	0.58923	0.02256	0.03342	0.01853	0.06443	0.02468	0.01691	0.02484	0.01552	0.02026	0.01183	0.00813	0.00772	0.00255	0.01150	0.03454	0.00357	0.01140

[dist]
# distance from previous block
# <min> <max>
0	1

[block]
# block no. 4 follows, 24 sequences, length 40
# corresponding to MSA columns:
# 200-239
name=unknown_E
#
# <colnr> <probs for GDERKNQSTAVLIFYWHMCP>
#	G	D	E	R	K	N	Q	S	T	A	V	L	I	F	Y	W	H	M	C	P
0	0.01990	0.55798	0.19827	0.01579	0.02378	0.02820	0.01743	0.02408	0.01627	0.02024	0.01181	0.01371	0.01014	0.00697	0.00569	0.00190	0.00928	0.00464	0.00338	0.01056
1	0.02134	0.06535	0.04090	0.01447	0.01831	0.12857	0.01185	0.07991	0.03789	0.12585	0.13186	0.02982	0.02626	0.04444	0.10347	0.00395	0.03343	0.00834	0.06440	0.00957
2	0.02081	0.01991	0.03175	0.04766	0.03083	0.06067	0.28956	0.10428	0.07160	0.04947	0.01785	0.02134	0.01364	0.00854	0.01028	0.00255	0.08835	0.00803	0.05565	0.04720
3	0.01801	0.07721	0.47824	0.02335	0.07352	0.01850	0.06722	0.02565	0.01731	0.06856	0.01534	0.01767	0.01108	0.00747	0.00747	0.00239	0.01085	0.00616	0.00394	0.05008
4	0.01610	0.06566	0.65726	0.02228	0.03382	0.01888	0.02873	0.02506	0.01672	0.02488	0.01412	0.01660	0.01005	0.00751	0.00745	0.00248	0.01160	0.00580	0.00335	0.01166
5	0.02087	0.68393	0.08086	0.01412	0.02121	0.03058	0.01454	0.02383	0.01615	0.01905	0.01122	0.01297	0.01017	0.00683	0.00524	0.00175	0.00868	0.00434	0.00339	0.01027
6	0.01138	0.00831	0.01179	0.01179	0.01287	0.00939	0.00872	0.01354	0.01246	0.01770	0.02212	0.03601	0.02193	0.21448	0.53777	0.01156	0.01807	0.00921	0.00438	0.00655
7	0.00974	0.00708	0.00920	0.01072	0.01146	0.00653	0.00726	0.01133	0.01591	0.02112	0.08886	0.61837	0.10543	0.02386	0.01001	0.00313	0.00449	0.02150	0.00745	0.00653
8	0.06437	0.01417	0.02300	0.65743	0.05207	0.01763	0.02115	0.02046	0.01570	0.02125	0.01390	0.02061	0.01044	0.00789	0.00773	0.00263	0.01028	0.00687	0.00361	0.00879
9	0.01133	0.00850	0.01274	0.01274	0.01416	0.00991	0.00991	0.01416	0.01274	0.01841	0.02124	0.03115	0.01982	0.05947	0.68989	0.01274	0.02124	0.00850	0.00425	0.00708
10	0.03531	0.01392	0.01867	0.01431	0.02046	0.01229	0.01182	0.06843	0.02341	0.64654	0.03068	0.02660	0.01933	0.00980	0.00797	0.00245	0.00684	0.00793	0.00972	0.01349
11	0.01735	0.01735	0.02429	0.02082	0.02082	0.02429	0.01735	0.01908	0.01214	0.01908	0.01041	0.01735	0.01041	0.01388	0.02602	0.00347	0.70680	0.00694	0.00347	0.00867
12	0.77733	0.01534	0.01166	0.01043	0.01534	0.01779	0.00859	0.02331	0.01350	0.03558	0.01104	0.01288	0.00859	0.00736	0.00491	0.00245	0.00613	0.00429	0.00491	0.00859
13	0.00965	0.00696	0.00914	0.01089	0.01146	0.00645	0.00729	0.01106	0.01533	0.02030	0.04556	0.68377	0.08362	0.02460	0.01008	0.00319	0.00457	0.02225	0.00736	0.00645
14	0.00941	0.00790	0.00817	0.00839	0.01080	0.00666	0.00618	0.01134	0.01773	0.02128	0.07602	0.15159	0.59613	0.02064	0.00946	0.00274	0.00409	0.01742	0.00736	0.00666
15	0.03014	0.02221	0.02380	0.01825	0.02459	0.02459	0.01507	0.64541	0.03728	0.04998	0.01904	0.01904	0.01349	0.00952	0.00793	0.00238	0.00873	0.00714	0.00793	0.01349
16	0.01620	0.07943	0.64441	0.02210	0.03354	0.01914	0.02842	0.02504	0.01671	0.02475	0.01405	0.01652	0.01005	0.00749	0.00740	0.00247	0.01154	0.00577	0.00335	0.01163
17	0.01133	0.00850	0.01274	0.01274	0.01416	0.00991	0.00991	0.01416	0.01274	0.01841	0.02124	0.03115	0.01982	0.05947	0.68989	0.01274	0.02124	0.00850	0.00425	0.00708
18	0.00943	0.00781	0.00826	0.00861	0.01086	0.00665	0.00628	0.01132	0.01752	0.02119	0.07327	0.19974	0.54976	0.02100	0.00952	0.00278	0.00413	0.01786	0.00736	0.00665
19	0.02894	0.02329	0.02303	0.01795	0.02410	0.09848	0.01463	0.52387	0.03387	0.04451	0.01786	0.01829	0.01297	0.00906	0.00767	0.00224	0.00912	0.00671	0.00723	0.07618
20	0.01725	0.03804	0.60113	0.02381	0.07484	0.01806	0.02799	0.02582	0.01716	0.06174	0.01523	0.01750	0.01075	0.00763	0.00758	0.00250	0.01129	0.00606	0.00375	0.01187
21	0.01991	0.55921	0.19713	0.01577	0.02376	0.02822	0.01740	0.02408	0.01627	0.02023	0.01181	0.01370	0.01014	0.00697	0.00568	0.00189	0.00927	0.00463	0.00338	0.01055
22	0.01034	0.00758	0.00979	0.01139	0.01212	0.00734	0.00771	0.01314	0.05851	0.02112	0.04294	0.66982	0.05054	0.02389	0.00998	0.00318	0.00471	0.02163	0.00741	0.00685
23	0.02886	0.02097	0.02243	0.01734	0.02331	0.02315	0.01428	0.59303	0.03556	0.04827	0.01961	0.01992	0.01406	0.00950	0.00773	0.00234	0.00831	0.00716	0.07120	0.01298
24	0.01951	0.01914	0.03064	0.13137	0.56133	0.05095	0.02361	0.02417	0.01799	0.02487	0.01468	0.01956	0.01219	0.00723	0.00783	0.00238	0.00980	0.00697	0.00388	0.01192
25	0.03030	0.19578	0.07954	0.01468	0.02145	0.01720	0.01361	0.03375	0.02054	0.45649	0.02474	0.02253	0.01644	0.00886	0.00721	0.00227	0.00760	0.00685	0.00765	0.01251
26	0.00979	0.00695	0.00916	0.01088	0.01131	0.00652	0.00719	0.01107	0.01494	0.01992	0.04245	0.67160	0.05086	0.07155	0.01215	0.00352	0.00481	0.02180	0.00719	0.00633
27	0.01146	0.00934	0.01300	0.05767	0.01606	0.01054	0.01020	0.01316	0.01465	0.02003	0.03550	0.53907	0.04179	0.02168	0.01298	0.00323	0.13767	0.01859	0.00638	0.00702
28	0.06250	0.01880	0.02686	0.05494	0.40461	0.04266	0.02001	0.04492	0.14599	0.02775	0.01788	0.02094	0.01442	0.00839	0.00889	0.00250	0.05397	0.00722	0.00489	0.01189
29	0.01647	0.01610	0.02258	0.01966	0.01981	0.02221	0.01624	0.01828	0.01234	0.01908	0.01295	0.05281	0.01326	0.01823	0.08070	0.00423	0.61506	0.00784	0.00373	0.00843
30	0.00966	0.00690	0.00920	0.01104	0.01150	0.00644	0.00736	0.01104	0.01518	0.02024	0.04371	0.71614	0.05245	0.02484	0.01012	0.00322	0.00460	0.02254	0.00736	0.00644
31	0.24428	0.02105	0.05661	0.02561	0.03264	0.05153	0.40381	0.02507	0.01728	0.02812	0.01432	0.01837	0.01086	0.00699	0.00787	0.00257	0.01121	0.00753	0.00426	0.01003
32	0.00966	0.00690	0.00920	0.01104	0.01150	0.00644	0.00736	0.01104	0.01518	0.02024	0.04371	0.71614	0.05245	0.02484	0.01012	0.00322	0.00460	0.02254	0.00736	0.00644
33	0.01850	0.01451	0.01699	0.01227	0.01922	0.01143	0.00987	0.05630	0.01803	0.07114	0.01553	0.01730	0.01237	0.00634	0.00613	0.00133	0.00609	0.00506	0.00522	0.67636
34	0.01623	0.08318	0.64092	0.02205	0.03346	0.01921	0.02833	0.02503	0.01670	0.02472	0.01403	0.01649	0.01005	0.00749	0.00738	0.00246	0.01152	0.00576	0.00335	0.01162
35	0.01067	0.00817	0.00989	0.01067	0.01215	0.00776	0.00753	0.01429	0.07053	0.02328	0.14281	0.42491	0.18512	0.02137	0.00968	0.00295	0.00449	0.01896	0.00762	0.00716
36	0.02299	0.01881	0.02234	0.02280	0.14410	0.02077	0.01546	0.25007	0.29434	0.03723	0.02479	0.05020	0.01932	0.01017	0.00806	0.00254	0.00767	0.00848	0.00721	0.01265
37	0.02875	0.02126	0.02274	0.01756	0.02366	0.02339	0.01447	0.60289	0.03600	0.04806	0.02315	0.02288	0.05742	0.01023	0.00803	0.00240	0.00841	0.00778	0.00789	0.01303
38	0.01717	0.01407	0.01652	0.01184	0.01885	0.01061	0.00948	0.02068	0.01668	0.05073	0.01475	0.01685	0.01205	0.00602	0.00595	0.00122	0.00591	0.00482	0.00489	0.74089
39	0.01998	0.01995	0.02936	0.04246	0.54834	0.08873	0.02198	0.02433	0.01889	0.02571	0.06916	0.02237	0.01751	0.00795	0.00790	0.00233	0.00946	0.00747	0.00434	0.01178

[dist]
# distance from previous block
# <min> <max>
0	1

[block]
# block no. 5 follows, 24 sequences, length 12
# corresponding to MSA columns:
# 242-253
name=unknown_F
#
# <colnr> <probs for GDERKNQSTAVLIFYWHMCP>
#	G	D	E	R	K	N	Q	S	T	A	V	L	I	F	Y	W	H	M	C	P
0	0.02114	0.01458	0.01668	0.01428	0.01877	0.01531	0.01124	0.07128	0.32530	0.14893	0.16830	0.03406	0.03292	0.01138	0.00818	0.00249	0.00593	0.00956	0.00830	0.06137
1	0.01590	0.04102	0.68023	0.02260	0.03432	0.01842	0.02930	0.02511	0.01674	0.02511	0.01423	0.01674	0.01005	0.00753	0.00753	0.00251	0.01172	0.00586	0.00335	0.01172
2	0.01644	0.01409	0.01644	0.01175	0.01879	0.01057	0.00940	0.01997	0.01644	0.02584	0.01409	0.01644	0.01175	0.00587	0.00587	0.00117	0.00587	0.00470	0.00470	0.76979
3	0.01766	0.01406	0.01657	0.01190	0.01889	0.01064	0.00954	0.02116	0.01684	0.06741	0.01519	0.01712	0.01225	0.00612	0.00601	0.00126	0.00593	0.00491	0.00502	0.72153
4	0.02958	0.02164	0.02263	0.01758	0.02365	0.05280	0.01443	0.54491	0.03469	0.09309	0.02239	0.02199	0.04331	0.00996	0.00797	0.00238	0.00862	0.00754	0.00787	0.01299
