[name]
unknown

[dist]
# distance from previous block
# <min> <max>
0	6

[block]
# block no. 0 follows, 25 sequences, length 9
# corresponding to MSA columns:
# 6-14
name=unknown_A
#
# <colnr> <probs for GDERKNQSTAVLIFYWHMCP>
#	G	D	E	R	K	N	Q	S	T	A	V	L	I	F	Y	W	H	M	C	P
0	0.01249	0.00892	0.01249	0.01428	0.01606	0.00892	0.01249	0.01606	0.01785	0.02320	0.04105	0.08746	0.04462	0.02142	0.01071	0.00357	0.00714	0.62695	0.00714	0.00714
1	0.01108	0.00831	0.01246	0.01246	0.01385	0.00969	0.00969	0.01385	0.01246	0.01800	0.02077	0.03046	0.01938	0.05815	0.69678	0.01246	0.02077	0.00831	0.00415	0.00692
2	0.01846	0.02047	0.04321	0.03534	0.15438	0.01940	0.53916	0.02465	0.01819	0.02492	0.01549	0.02061	0.01186	0.00660	0.00889	0.00256	0.01238	0.00875	0.00391	0.01078
3	0.01067	0.00785	0.00999	0.00959	0.01143	0.00717	0.00714	0.01399	0.02103	0.02923	0.56749	0.09874	0.14323	0.01679	0.00919	0.00250	0.00374	0.01477	0.00830	0.00717
4	0.01858	0.01806	0.03159	0.12472	0.55640	0.01837	0.07134	0.02340	0.01745	0.02464	0.01457	0.01950	0.01201	0.00698	0.00780	0.00236	0.00964	0.00708	0.00380	0.01171
5	0.01597	0.01378	0.01663	0.06467	0.02105	0.01086	0.01013	0.01955	0.01603	0.02485	0.01378	0.01643	0.01140	0.00590	0.00590	0.00126	0.00609	0.00477	0.00451	0.71647
6	0.01225	0.00986	0.01115	0.01048	0.01315	0.00975	0.00796	0.01945	0.16509	0.02806	0.33462	0.05689	0.25993	0.01590	0.00887	0.00254	0.00430	0.01361	0.00795	0.00818
7	0.02028	0.01340	0.01422	0.01189	0.01559	0.01427	0.00949	0.28465	0.02521	0.03706	0.06918	0.02877	0.05261	0.01013	0.00684	0.00211	0.00570	0.00803	0.36087	0.00971
8	0.46316	0.06514	0.05679	0.09503	0.02260	0.01754	0.04210	0.02226	0.01443	0.02963	0.01193	0.01459	0.00936	0.00702	0.00564	0.00223	0.00729	0.00489	0.00438	0.10399

[dist]
# distance from previous block
# <min> <max>
0	1

[block]
# block no. 1 follows, 25 sequences, length 13
# corresponding to MSA columns:
# 16-28
name=unknown_B
#
# <colnr> <probs for GDERKNQSTAVLIFYWHMCP>
#	G	D	E	R	K	N	Q	S	T	A	V	L	I	F	Y	W	H	M	C	P
0	0.01959	0.49478	0.06754	0.01502	0.02030	0.06752	0.01428	0.02218	0.01551	0.01878	0.01319	0.06380	0.01291	0.00906	0.00868	0.00209	0.11569	0.00595	0.00364	0.00949
1	0.00990	0.00786	0.00896	0.00920	0.01134	0.00692	0.00698	0.01232	0.01829	0.02317	0.19584	0.14037	0.42148	0.01951	0.00939	0.00273	0.00425	0.07726	0.00747	0.00674
2	0.02005	0.06399	0.11235	0.03513	0.37321	0.01874	0.09743	0.02658	0.07086	0.08076	0.01714	0.02004	0.01329	0.00743	0.00768	0.00236	0.00943	0.00709	0.00456	0.01190
3	0.01073	0.00848	0.00952	0.00917	0.01139	0.00782	0.00676	0.01456	0.06463	0.02497	0.28970	0.06314	0.35119	0.07982	0.01173	0.00298	0.00430	0.01452	0.00752	0.00707
4	0.02073	0.73217	0.04063	0.01327	0.01990	0.03068	0.01327	0.02322	0.01575	0.01824	0.01078	0.01244	0.00995	0.00663	0.00498	0.00166	0.00829	0.00415	0.00332	0.00995
5	0.00945	0.00675	0.00900	0.01080	0.01125	0.00630	0.00720	0.01080	0.01484	0.01979	0.04274	0.72245	0.05128	0.02429	0.00990	0.00315	0.00450	0.02204	0.00720	0.00630
6	0.01608	0.01378	0.01608	0.01148	0.01837	0.01034	0.00919	0.01952	0.01608	0.02527	0.01378	0.01608	0.01148	0.00574	0.00574	0.00115	0.00574	0.00459	0.00459	0.77491
7	0.01840	0.01588	0.01668	0.01508	0.01931	0.01817	0.01171	0.03856	0.60822	0.03142	0.03569	0.03294	0.08101	0.01132	0.00800	0.00263	0.00594	0.00943	0.00783	0.01177
8	0.01447	0.00775	0.00851	0.06357	0.01260	0.00803	0.00671	0.01821	0.01620	0.02818	0.02437	0.02825	0.01911	0.00893	0.00561	0.00187	0.00415	0.00720	0.70895	0.00734
9	0.01249	0.00892	0.01249	0.01428	0.01606	0.00892	0.01249	0.01606	0.01785	0.02320	0.04105	0.08746	0.04462	0.02142	0.01071	0.00357	0.00714	0.62695	0.00714	0.00714
10	0.01108	0.00831	0.01246	0.01246	0.01385	0.00969	0.00969	0.01385	0.01246	0.01800	0.02077	0.03046	0.01938	0.05815	0.69678	0.01246	0.02077	0.00831	0.00415	0.00692
11	0.02007	0.01836	0.02809	0.03894	0.49661	0.01906	0.02081	0.08010	0.14446	0.02868	0.01821	0.02103	0.01456	0.00781	0.00772	0.00237	0.00856	0.00727	0.00495	0.01236
12	0.01126	0.00813	0.01049	0.01146	0.01251	0.00805	0.00802	0.06282	0.01669	0.02247	0.06642	0.57886	0.04649	0.02557	0.06745	0.00384	0.00615	0.01933	0.00704	0.00695

[dist]
# distance from previous block
# <min> <max>
0	1

[block]
# block no. 2 follows, 25 sequences, length 6
# corresponding to MSA columns:
# 30-35
name=unknown_C
#
# <colnr> <probs for GDERKNQSTAVLIFYWHMCP>
#	G	D	E	R	K	N	Q	S	T	A	V	L	I	F	Y	W	H	M	C	P
0	0.02689	0.03347	0.02428	0.02266	0.06793	0.56639	0.05787	0.02934	0.02084	0.01976	0.01229	0.01496	0.01027	0.00816	0.00829	0.00214	0.05573	0.00550	0.00394	0.00927
1	0.00966	0.00787	0.00854	0.00837	0.01078	0.00676	0.00628	0.01208	0.01884	0.02371	0.24079	0.07008	0.51203	0.01861	0.00916	0.00257	0.00385	0.01573	0.00756	0.00676
2	0.01696	0.01696	0.02375	0.02036	0.02036	0.02375	0.01696	0.01866	0.01187	0.01866	0.01018	0.01696	0.01018	0.01357	0.02545	0.00339	0.71332	0.00679	0.00339	0.00848
3	0.06401	0.06332	0.01888	0.01386	0.01928	0.01475	0.01142	0.06386	0.13938	0.41480	0.07218	0.02705	0.02230	0.00987	0.00757	0.00239	0.00649	0.00794	0.00847	0.01218
4	0.01782	0.01997	0.04277	0.12223	0.04223	0.01929	0.56762	0.02417	0.01793	0.02417	0.01543	0.02088	0.01158	0.00670	0.00897	0.00261	0.01271	0.00885	0.00386	0.01021
5	0.08694	0.05578	0.07961	0.07203	0.03317	0.01942	0.34080	0.02298	0.01639	0.02431	0.01389	0.01850	0.01091	0.00755	0.01007	0.00251	0.09879	0.00738	0.00388	0.07508

[dist]
# distance from previous block
# <min> <max>
11	53

[block]
# block no. 3 follows, 25 sequences, length 45
# corresponding to MSA columns:
# 97-141
name=unknown_D
#
# <colnr> <probs for GDERKNQSTAVLIFYWHMCP>
#	G	D	E	R	K	N	Q	S	T	A	V	L	I	F	Y	W	H	M	C	P
0	0.01295	0.00991	0.04614	0.01081	0.01335	0.00810	0.00874	0.01662	0.02102	0.08125	0.53139	0.11459	0.06358	0.01569	0.00902	0.00250	0.00437	0.01384	0.00822	0.00790
1	0.01932	0.60424	0.03622	0.01354	0.01917	0.02769	0.01301	0.02181	0.01514	0.01823	0.01200	0.01493	0.01114	0.01345	0.09267	0.00310	0.04661	0.00480	0.00343	0.00949
2	0.01608	0.01378	0.01608	0.01148	0.01837	0.01034	0.00919	0.01952	0.01608	0.02527	0.01378	0.01608	0.01148	0.00574	0.00574	0.00115	0.00574	0.00459	0.00459	0.77491
3	0.03013	0.01703	0.10176	0.01499	0.02140	0.01322	0.01361	0.07845	0.04860	0.49648	0.06130	0.02633	0.02059	0.00966	0.00781	0.00241	0.00717	0.00784	0.00855	0.01263
4	0.01059	0.00763	0.01002	0.01002	0.01150	0.00706	0.00729	0.01366	0.02015	0.02823	0.51476	0.22637	0.06761	0.01799	0.00934	0.00262	0.00387	0.01606	0.00820	0.00706
5	0.01853	0.01749	0.02934	0.19522	0.51541	0.01835	0.02297	0.04504	0.01783	0.02492	0.01455	0.01950	0.01188	0.00718	0.00770	0.00237	0.00944	0.00691	0.00389	0.01149
6	0.03479	0.01320	0.01799	0.01380	0.01979	0.01140	0.01140	0.03779	0.02219	0.68451	0.03059	0.02639	0.01919	0.00960	0.00780	0.00240	0.00660	0.00780	0.00960	0.01320
7	0.00945	0.00675	0.00900	0.01080	0.01125	0.00630	0.00720	0.01080	0.01484	0.01979	0.04274	0.72245	0.05128	0.02429	0.00990	0.00315	0.00450	0.02204	0.00720	0.00630
8	0.01590	0.03770	0.60700	0.02342	0.03443	0.01821	0.10657	0.02459	0.01661	0.02459	0.01414	0.01694	0.01007	0.00726	0.00759	0.00248	0.01166	0.00616	0.00336	0.01133
9	0.03124	0.01962	0.08722	0.01630	0.02268	0.09882	0.03668	0.06857	0.02221	0.47651	0.02540	0.02321	0.01650	0.00905	0.00770	0.00236	0.00835	0.00724	0.00795	0.01240
10	0.01464	0.01378	0.02326	0.70887	0.05340	0.01723	0.02153	0.01981	0.01550	0.01981	0.01378	0.02067	0.01034	0.00775	0.00775	0.00258	0.01034	0.00689	0.00345	0.00861
11	0.01830	0.02092	0.04575	0.03268	0.04052	0.01961	0.65098	0.02484	0.01830	0.02484	0.01569	0.02092	0.01176	0.00654	0.00915	0.00261	0.01307	0.00915	0.00392	0.01046
12	0.02073	0.73217	0.04063	0.01327	0.01990	0.03068	0.01327	0.02322	0.01575	0.01824	0.01078	0.01244	0.00995	0.00663	0.00498	0.00166	0.00829	0.00415	0.00332	0.00995
13	0.01555	0.04011	0.68733	0.02210	0.03356	0.01801	0.02865	0.02455	0.01637	0.02455	0.01391	0.01637	0.00982	0.00737	0.00737	0.00246	0.01146	0.00573	0.00327	0.01146
14	0.00927	0.00786	0.00801	0.00797	0.01054	0.00659	0.00598	0.01134	0.01793	0.02156	0.11440	0.07362	0.63976	0.01941	0.00916	0.00261	0.00391	0.01622	0.00728	0.00659
15	0.01138	0.00813	0.01122	0.01301	0.01430	0.00796	0.01056	0.01414	0.01675	0.02196	0.04167	0.31953	0.04706	0.02247	0.01041	0.00342	0.00617	0.40587	0.00716	0.00683
16	0.01464	0.01378	0.02326	0.70887	0.05340	0.01723	0.02153	0.01981	0.01550	0.01981	0.01378	0.02067	0.01034	0.00775	0.00775	0.00258	0.01034	0.00689	0.00345	0.00861
17	0.01780	0.01743	0.03095	0.23172	0.42317	0.01823	0.10169	0.02281	0.01713	0.02372	0.01450	0.01982	0.01167	0.00710	0.00788	0.00242	0.01001	0.00718	0.00374	0.01102
18	0.00945	0.00675	0.00900	0.01080	0.01125	0.00630	0.00720	0.01080	0.01484	0.01979	0.04274	0.72245	0.05128	0.02429	0.00990	0.00315	0.00450	0.02204	0.00720	0.00630
19	0.01095	0.00818	0.01219	0.01233	0.01364	0.00942	0.00950	0.01361	0.01265	0.01814	0.02250	0.08505	0.02190	0.05548	0.64260	0.01173	0.01948	0.00939	0.00439	0.00687
20	0.01555	0.04011	0.68733	0.02210	0.03356	0.01801	0.02865	0.02455	0.01637	0.02455	0.01391	0.01637	0.00982	0.00737	0.00737	0.00246	0.01146	0.00573	0.00327	0.01146
21	0.00943	0.00681	0.00893	0.01062	0.01120	0.00631	0.00712	0.01082	0.01501	0.01986	0.04489	0.68351	0.08883	0.02401	0.00985	0.00312	0.00446	0.02170	0.00720	0.00631
22	0.01873	0.02114	0.11360	0.04440	0.59830	0.01837	0.02440	0.02389	0.01749	0.02523	0.01450	0.01884	0.01197	0.00697	0.00764	0.00232	0.00949	0.00676	0.00377	0.01218
23	0.03479	0.01320	0.01799	0.01380	0.01979	0.01140	0.01140	0.03779	0.02219	0.68451	0.03059	0.02639	0.01919	0.00960	0.00780	0.00240	0.00660	0.00780	0.00960	0.01320
24	0.02971	0.01300	0.01698	0.01356	0.01881	0.01195	0.01100	0.03535	0.10890	0.51472	0.11142	0.03068	0.02655	0.01050	0.00798	0.00244	0.00617	0.00871	0.00923	0.01233
25	0.01089	0.00792	0.01025	0.00967	0.01153	0.00728	0.00725	0.01448	0.02176	0.03065	0.64888	0.05865	0.09960	0.01602	0.00915	0.00245	0.00367	0.01412	0.00848	0.00728
26	0.01956	0.34011	0.32169	0.01771	0.02640	0.02430	0.02019	0.10270	0.01862	0.02484	0.01313	0.01493	0.01030	0.00729	0.00637	0.00209	0.00971	0.00519	0.00385	0.01102
27	0.78228	0.01499	0.01140	0.01020	0.01499	0.01739	0.00840	0.02279	0.01320	0.03479	0.01080	0.01260	0.00840	0.00720	0.00480	0.00240	0.00600	0.00420	0.00480	0.00840
28	0.00945	0.00675	0.00900	0.01080	0.01125	0.00630	0.00720	0.01080	0.01484	0.01979	0.04274	0.72245	0.05128	0.02429	0.00990	0.00315	0.00450	0.02204	0.00720	0.00630
29	0.03227	0.01456	0.01851	0.01449	0.02030	0.01377	0.01187	0.10546	0.10426	0.53341	0.02940	0.02586	0.01910	0.00968	0.00780	0.00242	0.00675	0.00783	0.00918	0.01308
30	0.01919	0.01842	0.03147	0.04759	0.67914	0.01842	0.02380	0.02380	0.01765	0.02533	0.01458	0.01919	0.01228	0.00691	0.00768	0.00230	0.00921	0.00691	0.00384	0.01228
31	0.01966	0.01541	0.01694	0.01543	0.01962	0.01737	0.01223	0.03778	0.53336	0.08272	0.03267	0.03606	0.02594	0.01181	0.00824	0.00273	0.00630	0.08610	0.00793	0.01170
32	0.01083	0.00792	0.01017	0.00960	0.01150	0.00726	0.00720	0.01436	0.02161	0.03029	0.62800	0.05924	0.12071	0.01615	0.00915	0.00245	0.00368	0.01421	0.00843	0.00726
33	0.02205	0.01895	0.01827	0.01621	0.02069	0.10337	0.01268	0.07208	0.47849	0.08278	0.02864	0.02822	0.02172	0.01042	0.00786	0.00255	0.00732	0.02840	0.00750	0.01182
34	0.01984	0.01693	0.01784	0.01589	0.02037	0.01954	0.01241	0.07445	0.63098	0.03333	0.03086	0.02837	0.02310	0.01045	0.00788	0.00261	0.00627	0.00867	0.00788	0.01232
35	0.01608	0.01378	0.01608	0.01148	0.01837	0.01034	0.00919	0.01952	0.01608	0.02527	0.01378	0.01608	0.01148	0.00574	0.00574	0.00115	0.00574	0.00459	0.00459	0.77491
36	0.02073	0.73217	0.04063	0.01327	0.01990	0.03068	0.01327	0.02322	0.01575	0.01824	0.01078	0.01244	0.00995	0.00663	0.00498	0.00166	0.00829	0.00415	0.00332	0.00995
37	0.03181	0.01254	0.01704	0.01329	0.01877	0.01089	0.01089	0.03489	0.02216	0.60269	0.11129	0.03034	0.02595	0.01038	0.00797	0.00240	0.00623	0.00858	0.00946	0.01246
38	0.02073	0.73217	0.04063	0.01327	0.01990	0.03068	0.01327	0.02322	0.01575	0.01824	0.01078	0.01244	0.00995	0.00663	0.00498	0.00166	0.00829	0.00415	0.00332	0.00995
39	0.00989	0.00708	0.00946	0.01094	0.01168	0.00664	0.00764	0.01172	0.01602	0.02155	0.12545	0.58444	0.05361	0.02296	0.00986	0.00309	0.00460	0.06952	0.00737	0.00650
40	0.02073	0.73217	0.04063	0.01327	0.01990	0.03068	0.01327	0.02322	0.01575	0.01824	0.01078	0.01244	0.00995	0.00663	0.00498	0.00166	0.00829	0.00415	0.00332	0.00995
41	0.01934	0.00946	0.01271	0.01167	0.01454	0.00846	0.00880	0.02187	0.01935	0.27217	0.19319	0.29816	0.04460	0.01670	0.00892	0.00269	0.00508	0.01473	0.00843	0.00914
42	0.02225	0.01673	0.01817	0.01574	0.02051	0.01878	0.01241	0.10245	0.52127	0.11574	0.03013	0.02757	0.02205	0.01028	0.00786	0.00257	0.00644	0.00846	0.00809	0.01248
43	0.05958	0.01383	0.01538	0.01320	0.01689	0.01484	0.01040	0.19345	0.15662	0.03638	0.32991	0.03890	0.04330	0.01252	0.00828	0.00245	0.00561	0.01051	0.00799	0.00998
44	0.04400	0.01338	0.01556	0.03922	0.01846	0.01434	0.01132	0.23781	0.05718	0.03241	0.08128	0.25952	0.03452	0.01615	0.00884	0.00279	0.00652	0.09006	0.00731	0.00935

[dist]
# distance from previous block
# <min> <max>
5	9

[block]
# block no. 4 follows, 25 sequences, length 32
# corresponding to MSA columns:
# 151-182
name=unknown_E
#
# <colnr> <probs for GDERKNQSTAVLIFYWHMCP>
#	G	D	E	R	K	N	Q	S	T	A	V	L	I	F	Y	W	H	M	C	P
0	0.14965	0.06795	0.05040	0.01424	0.01891	0.01798	0.01225	0.19260	0.05746	0.07100	0.05999	0.02567	0.01899	0.03186	0.00929	0.00255	0.05825	0.03884	0.06703	0.03509
1	0.02501	0.04815	0.01849	0.01414	0.01922	0.01663	0.01151	0.19753	0.16733	0.20778	0.02778	0.02648	0.04887	0.00987	0.00739	0.00229	0.00657	0.00786	0.10050	0.03661
2	0.02288	0.01334	0.01603	0.01352	0.01815	0.01310	0.01088	0.07126	0.18276	0.25781	0.10265	0.03773	0.07938	0.01192	0.00815	0.00247	0.00606	0.05710	0.00819	0.06662
3	0.06765	0.00857	0.00959	0.00973	0.01052	0.00874	0.00619	0.04506	0.01372	0.01956	0.02831	0.23612	0.03250	0.43951	0.02696	0.00564	0.00661	0.01358	0.00557	0.00586
4	0.02048	0.01852	0.05733	0.12703	0.26101	0.01855	0.06286	0.09024	0.15920	0.07617	0.01974	0.02195	0.01490	0.00823	0.00784	0.00245	0.00882	0.00748	0.00544	0.01175
5	0.54517	0.01917	0.04898	0.01284	0.01813	0.08495	0.01098	0.09897	0.01739	0.06407	0.01290	0.01427	0.00969	0.00764	0.00563	0.00235	0.00739	0.00485	0.00521	0.00940
6	0.02066	0.01665	0.03952	0.01488	0.02002	0.01681	0.01216	0.14201	0.31623	0.08117	0.09874	0.02786	0.02481	0.01002	0.00766	0.00231	0.00643	0.00825	0.00742	0.12639
7	0.02500	0.01499	0.01806	0.01622	0.04966	0.01554	0.01222	0.09643	0.27369	0.27157	0.03026	0.09499	0.02320	0.01126	0.00803	0.00255	0.00652	0.00946	0.00825	0.01211
8	0.07689	0.60466	0.03648	0.01377	0.01999	0.10197	0.01310	0.02403	0.01624	0.01952	0.01091	0.01262	0.00984	0.00682	0.00518	0.00175	0.00874	0.00424	0.00350	0.00973
9	0.00945	0.00675	0.00900	0.01080	0.01125	0.00630	0.00720	0.01080	0.01484	0.01979	0.04274	0.72245	0.05128	0.02429	0.00990	0.00315	0.00450	0.02204	0.00720	0.00630
10	0.02110	0.65660	0.06460	0.01408	0.02072	0.07666	0.01399	0.02381	0.01621	0.01854	0.01099	0.01270	0.00995	0.00676	0.00521	0.00171	0.00881	0.00427	0.00336	0.00994
11	0.02480	0.04034	0.02210	0.01714	0.02257	0.01832	0.07547	0.17041	0.26319	0.19094	0.02670	0.05184	0.01976	0.01005	0.00795	0.00250	0.00746	0.00855	0.00770	0.01220
12	0.00962	0.00688	0.00915	0.01068	0.01128	0.00641	0.00721	0.01123	0.01564	0.02106	0.11345	0.64813	0.05373	0.02335	0.00981	0.00307	0.00440	0.02115	0.00735	0.00641
13	0.00945	0.00675	0.00900	0.01080	0.01125	0.00630	0.00720	0.01080	0.01484	0.01979	0.04274	0.72245	0.05128	0.02429	0.00990	0.00315	0.00450	0.02204	0.00720	0.00630
14	0.70651	0.01487	0.01257	0.07916	0.01879	0.01738	0.00969	0.02250	0.01342	0.03331	0.01109	0.01339	0.00859	0.00725	0.00509	0.00242	0.00643	0.00446	0.00466	0.00842
15	0.01887	0.01986	0.06471	0.04388	0.54118	0.01860	0.12971	0.02401	0.01770	0.02521	0.01474	0.01935	0.01208	0.00687	0.00791	0.00236	0.00997	0.00723	0.00383	0.01194
16	0.02073	0.73217	0.04063	0.01327	0.01990	0.03068	0.01327	0.02322	0.01575	0.01824	0.01078	0.01244	0.00995	0.00663	0.00498	0.00166	0.00829	0.00415	0.00332	0.00995
17	0.01202	0.00996	0.01216	0.01241	0.01381	0.05738	0.04793	0.01412	0.01621	0.02174	0.08123	0.51223	0.04424	0.01990	0.00914	0.00285	0.00558	0.01798	0.08220	0.00692
18	0.78228	0.01499	0.01140	0.01020	0.01499	0.01739	0.00840	0.02279	0.01320	0.03479	0.01080	0.01260	0.00840	0.00720	0.00480	0.00240	0.00600	0.00420	0.00480	0.00840
19	0.03160	0.01317	0.01742	0.01371	0.01926	0.01189	0.01120	0.03651	0.08563	0.57454	0.07567	0.02884	0.02340	0.01012	0.00790	0.00242	0.00635	0.00833	0.00935	0.01269
20	0.01010	0.00744	0.00970	0.01086	0.01195	0.00670	0.00739	0.01166	0.01497	0.02033	0.03988	0.65273	0.04735	0.02246	0.00949	0.00295	0.00462	0.02032	0.00694	0.08216
21	0.01464	0.01378	0.02326	0.70887	0.05340	0.01723	0.02153	0.01981	0.01550	0.01981	0.01378	0.02067	0.01034	0.00775	0.00775	0.00258	0.01034	0.00689	0.00345	0.00861
22	0.02073	0.73217	0.04063	0.01327	0.01990	0.03068	0.01327	0.02322	0.01575	0.01824	0.01078	0.01244	0.00995	0.00663	0.00498	0.00166	0.00829	0.00415	0.00332	0.00995
23	0.00916	0.00785	0.00785	0.00785	0.01047	0.00655	0.00589	0.01113	0.01767	0.02095	0.07855	0.07462	0.67599	0.01964	0.00916	0.00262	0.00393	0.01636	0.00720	0.00655
24	0.01097	0.00793	0.01036	0.00975	0.01158	0.00732	0.00732	0.01463	0.02195	0.03109	0.67505	0.05792	0.07316	0.01585	0.00914	0.00244	0.00366	0.01402	0.00854	0.00732
25	0.01197	0.00966	0.01004	0.00984	0.01249	0.00814	0.00720	0.01345	0.01959	0.02451	0.16558	0.07313	0.56406	0.02017	0.01006	0.00301	0.00476	0.01636	0.00808	0.00792
26	0.03073	0.03761	0.02324	0.02121	0.02530	0.67091	0.01573	0.03199	0.02310	0.02113	0.01437	0.01730	0.01225	0.00953	0.00797	0.00244	0.01446	0.00577	0.00480	0.01015
27	0.03633	0.01478	0.01942	0.01528	0.02129	0.01269	0.01228	0.03855	0.02331	0.66066	0.03225	0.02923	0.02110	0.01107	0.00875	0.00282	0.00736	0.00847	0.01018	0.01419
28	0.03076	0.03688	0.02330	0.02111	0.02530	0.63872	0.01571	0.06179	0.02379	0.02257	0.01469	0.01752	0.01241	0.00959	0.00801	0.00245	0.01420	0.00587	0.00498	0.01035
29	0.01835	0.01534	0.01757	0.01305	0.01992	0.01167	0.01016	0.02100	0.01743	0.02718	0.01610	0.01932	0.01369	0.00737	0.00677	0.00162	0.00654	0.00539	0.00538	0.74614
30	0.03294	0.01551	0.01933	0.01561	0.02124	0.01431	0.01242	0.06988	0.11558	0.51022	0.05627	0.03038	0.02348	0.01143	0.00881	0.00285	0.00729	0.00880	0.00981	0.01384
31	0.02080	0.02151	0.08086	0.13235	0.05951	0.02013	0.31903	0.09546	0.03996	0.02885	0.01851	0.02375	0.01446	0.00923	0.00996	0.00296	0.04062	0.00866	0.04184	0.01154

[dist]
# distance from previous block
# <min> <max>
0	12

[block]
# block no. 5 follows, 25 sequences, length 163
# corresponding to MSA columns:
# 195-357
name=unknown_F
#
# <colnr> <probs for GDERKNQSTAVLIFYWHMCP>
#	G	D	E	R	K	N	Q	S	T	A	V	L	I	F	Y	W	H	M	C	P
0	0.01819	0.01523	0.01747	0.01294	0.01981	0.01158	0.01009	0.02090	0.01734	0.02704	0.01593	0.01909	0.01354	0.00725	0.00670	0.00159	0.00649	0.00533	0.00532	0.74818
1	0.01819	0.01523	0.01747	0.01294	0.01981	0.01158	0.01009	0.02090	0.01734	0.02704	0.01593	0.01909	0.01354	0.00725	0.00670	0.00159	0.00649	0.00533	0.00532	0.74818
2	0.01196	0.00854	0.01065	0.01210	0.01278	0.00780	0.00802	0.01264	0.01615	0.02182	0.06244	0.63661	0.05111	0.06928	0.01255	0.00377	0.00545	0.02122	0.00771	0.00741
3	0.02614	0.01952	0.02084	0.01746	0.02265	0.02124	0.01374	0.29605	0.31810	0.07501	0.02734	0.02703	0.02050	0.01124	0.00860	0.00284	0.00778	0.00849	0.04200	0.01344
4	0.01180	0.00845	0.01064	0.01228	0.01294	0.00769	0.00817	0.01249	0.01615	0.02177	0.04383	0.69981	0.05189	0.02513	0.01070	0.00351	0.00529	0.02215	0.00783	0.00748
5	0.01180	0.00845	0.01064	0.01228	0.01294	0.00769	0.00817	0.01249	0.01615	0.02177	0.04383	0.69981	0.05189	0.02513	0.01070	0.00351	0.00529	0.02215	0.00783	0.00748
6	0.01327	0.00959	0.01196	0.01128	0.01327	0.00867	0.00829	0.01618	0.02299	0.03266	0.65319	0.05941	0.07297	0.01700	0.00998	0.00283	0.00448	0.01442	0.00912	0.00846
7	0.01180	0.00845	0.01064	0.01228	0.01294	0.00769	0.00817	0.01249	0.01615	0.02177	0.04383	0.69981	0.05189	0.02513	0.01070	0.00351	0.00529	0.02215	0.00783	0.00748
8	0.01696	0.01696	0.02375	0.02036	0.02036	0.02375	0.01696	0.01866	0.01187	0.01866	0.01018	0.01696	0.01018	0.01357	0.02545	0.00339	0.71332	0.00679	0.00339	0.00848
9	0.22935	0.06329	0.02085	0.04280	0.04708	0.02062	0.01314	0.31943	0.02562	0.12106	0.01720	0.01770	0.01232	0.00846	0.00679	0.00232	0.00769	0.00616	0.00660	0.01149
10	0.01018	0.00727	0.00982	0.01155	0.01234	0.00692	0.00839	0.01210	0.01573	0.02090	0.06126	0.55967	0.05044	0.02339	0.01006	0.00322	0.00507	0.15794	0.00722	0.00652
11	0.00945	0.00675	0.00900	0.01080	0.01125	0.00630	0.00720	0.01080	0.01484	0.01979	0.04274	0.72245	0.05128	0.02429	0.00990	0.00315	0.00450	0.02204	0.00720	0.00630
12	0.01638	0.00942	0.01011	0.04555	0.01328	0.00989	0.00746	0.09904	0.01879	0.03097	0.02384	0.02716	0.01852	0.00900	0.00584	0.00191	0.00459	0.00718	0.63301	0.00806
13	0.01825	0.02077	0.04493	0.03222	0.03977	0.01976	0.62736	0.02461	0.01806	0.02461	0.01548	0.02077	0.01171	0.00680	0.00976	0.00264	0.03916	0.00906	0.00390	0.01038
14	0.01554	0.01461	0.02417	0.60441	0.04930	0.01807	0.04541	0.04485	0.01617	0.02106	0.01378	0.02033	0.01049	0.00820	0.00912	0.00263	0.06240	0.00697	0.00363	0.00886
15	0.01109	0.00827	0.01229	0.01229	0.01361	0.00960	0.00948	0.01374	0.01241	0.01787	0.02093	0.03133	0.01976	0.08689	0.66856	0.01225	0.02020	0.00843	0.00418	0.00683
16	0.01633	0.01530	0.02591	0.57053	0.04940	0.01808	0.09528	0.07404	0.01761	0.02286	0.01442	0.02053	0.01075	0.00774	0.00792	0.00257	0.01051	0.00717	0.00387	0.00922
17	0.01097	0.00793	0.01036	0.00975	0.01158	0.00732	0.00732	0.01463	0.02195	0.03109	0.67505	0.05792	0.07316	0.01585	0.00914	0.00244	0.00366	0.01402	0.00854	0.00732
18	0.00945	0.00675	0.00900	0.01080	0.01125	0.00630	0.00720	0.01080	0.01484	0.01979	0.04274	0.72245	0.05128	0.02429	0.00990	0.00315	0.00450	0.02204	0.00720	0.00630
19	0.02947	0.02172	0.02327	0.01784	0.02404	0.02404	0.01474	0.65329	0.03646	0.04887	0.01862	0.01862	0.01319	0.00931	0.00776	0.00233	0.00853	0.00698	0.00776	0.01319
20	0.08728	0.01820	0.01893	0.01599	0.02102	0.02071	0.01277	0.24370	0.40035	0.03811	0.02549	0.02411	0.01888	0.00983	0.00758	0.00251	0.00692	0.00778	0.00758	0.01225
21	0.01208	0.00820	0.01055	0.00981	0.01192	0.00747	0.00741	0.01556	0.02160	0.06466	0.59059	0.05767	0.12135	0.01584	0.00908	0.00245	0.00384	0.01389	0.00848	0.00756
22	0.01696	0.01696	0.02375	0.02036	0.02036	0.02375	0.01696	0.01866	0.01187	0.01866	0.01018	0.01696	0.01018	0.01357	0.02545	0.00339	0.71332	0.00679	0.00339	0.00848
23	0.01110	0.00801	0.01054	0.01014	0.01196	0.00745	0.00775	0.01475	0.02160	0.03042	0.62137	0.06042	0.07074	0.01632	0.00928	0.00253	0.00395	0.06592	0.00842	0.00730
24	0.01696	0.01696	0.02375	0.02036	0.02036	0.02375	0.01696	0.01866	0.01187	0.01866	0.01018	0.01696	0.01018	0.01357	0.02545	0.00339	0.71332	0.00679	0.00339	0.00848
25	0.02947	0.02172	0.02327	0.01784	0.02404	0.02404	0.01474	0.65329	0.03646	0.04887	0.01862	0.01862	0.01319	0.00931	0.00776	0.00233	0.00853	0.00698	0.00776	0.01319
26	0.02947	0.02172	0.02327	0.01784	0.02404	0.02404	0.01474	0.65329	0.03646	0.04887	0.01862	0.01862	0.01319	0.00931	0.00776	0.00233	0.00853	0.00698	0.00776	0.01319
27	0.01097	0.00793	0.01036	0.00975	0.01158	0.00732	0.00732	0.01463	0.02195	0.03109	0.67505	0.05792	0.07316	0.01585	0.00914	0.00244	0.00366	0.01402	0.00854	0.00732
28	0.02765	0.01877	0.02073	0.01609	0.02172	0.02003	0.01306	0.46176	0.05064	0.13196	0.02090	0.02259	0.01552	0.07000	0.01034	0.00272	0.00796	0.00739	0.00759	0.05257
29	0.05574	0.02111	0.02097	0.01675	0.02240	0.11029	0.01356	0.35284	0.08549	0.18953	0.02135	0.02048	0.01490	0.00923	0.00757	0.00233	0.00852	0.00696	0.00759	0.01238
30	0.01097	0.00793	0.01036	0.00975	0.01158	0.00732	0.00732	0.01463	0.02195	0.03109	0.67505	0.05792	0.07316	0.01585	0.00914	0.00244	0.00366	0.01402	0.00854	0.00732
31	0.01698	0.01434	0.01684	0.03602	0.01999	0.01155	0.01001	0.06447	0.01750	0.02675	0.01412	0.01642	0.01157	0.00606	0.00595	0.00128	0.00610	0.00484	0.00478	0.69443
32	0.01709	0.01413	0.01732	0.01254	0.01933	0.01107	0.03317	0.02135	0.04167	0.05383	0.01526	0.01720	0.01230	0.00612	0.00604	0.00131	0.00607	0.00506	0.00491	0.68422
33	0.05921	0.02101	0.09329	0.02823	0.06386	0.01798	0.44032	0.02502	0.01789	0.06706	0.01601	0.01994	0.01189	0.00678	0.00832	0.00243	0.01135	0.00802	0.00433	0.07706
34	0.00945	0.00675	0.00900	0.01080	0.01125	0.00630	0.00720	0.01080	0.01484	0.01979	0.04274	0.72245	0.05128	0.02429	0.00990	0.00315	0.00450	0.02204	0.00720	0.00630
35	0.00984	0.00727	0.01028	0.01161	0.01235	0.00681	0.02766	0.01143	0.01506	0.02008	0.04182	0.67699	0.04979	0.02363	0.00990	0.00315	0.00487	0.04390	0.00709	0.00646
36	0.02973	0.02195	0.02293	0.01772	0.02382	0.05339	0.01457	0.59308	0.03506	0.08102	0.01895	0.01882	0.01336	0.00926	0.00772	0.00232	0.00867	0.00694	0.00769	0.01300
37	0.01445	0.00723	0.00723	0.00723	0.00903	0.00723	0.00542	0.01807	0.01626	0.02891	0.02529	0.02891	0.01987	0.00903	0.00542	0.00181	0.00361	0.00723	0.77055	0.00723
38	0.00945	0.00675	0.00900	0.01080	0.01125	0.00630	0.00720	0.01080	0.01484	0.01979	0.04274	0.72245	0.05128	0.02429	0.00990	0.00315	0.00450	0.02204	0.00720	0.00630
39	0.78228	0.01499	0.01140	0.01020	0.01499	0.01739	0.00840	0.02279	0.01320	0.03479	0.01080	0.01260	0.00840	0.00720	0.00480	0.00240	0.00600	0.00420	0.00480	0.00840
40	0.01582	0.01351	0.01580	0.01146	0.01810	0.01018	0.00911	0.01918	0.01603	0.02505	0.01491	0.04355	0.01303	0.00646	0.00590	0.00123	0.00569	0.00527	0.00470	0.74501
41	0.01658	0.01491	0.02324	0.53315	0.09238	0.01741	0.01997	0.08355	0.01781	0.02358	0.01432	0.01997	0.01086	0.00768	0.00758	0.00242	0.00969	0.00671	0.00400	0.07421
42	0.01642	0.05376	0.02327	0.04457	0.02073	0.02241	0.01600	0.01831	0.01271	0.01887	0.01613	0.02174	0.06654	0.01350	0.02233	0.00321	0.58992	0.00746	0.00371	0.00840
43	0.02293	0.01324	0.01599	0.01259	0.01819	0.01167	0.01010	0.02891	0.12073	0.28072	0.03140	0.02961	0.10180	0.00977	0.00731	0.00205	0.00590	0.00800	0.00738	0.26170
44	0.02017	0.53296	0.06003	0.05822	0.02246	0.08418	0.01436	0.02306	0.01645	0.01934	0.04616	0.01583	0.01331	0.00763	0.00651	0.00189	0.03905	0.00508	0.00366	0.00964
45	0.09321	0.02115	0.02226	0.01719	0.02328	0.02348	0.01420	0.59991	0.03449	0.04767	0.01795	0.01811	0.01278	0.00913	0.00751	0.00233	0.00832	0.00675	0.00751	0.01278
46	0.01214	0.00904	0.01289	0.01255	0.01385	0.01078	0.00984	0.01492	0.01292	0.01956	0.02031	0.02887	0.01851	0.04687	0.53352	0.01008	0.08887	0.00800	0.10934	0.00712
47	0.02962	0.01584	0.01977	0.01707	0.06222	0.01578	0.01296	0.19157	0.10213	0.37863	0.02715	0.05135	0.01902	0.01004	0.00787	0.00243	0.00711	0.00821	0.00847	0.01276
48	0.01464	0.01378	0.02326	0.70887	0.05340	0.01723	0.02153	0.01981	0.01550	0.01981	0.01378	0.02067	0.01034	0.00775	0.00775	0.00258	0.01034	0.00689	0.00345	0.00861
49	0.01792	0.01921	0.03206	0.02504	0.02817	0.04708	0.25833	0.02147	0.01470	0.02102	0.01234	0.01836	0.01078	0.01069	0.01856	0.00304	0.42075	0.00762	0.00362	0.00925
50	0.01380	0.09432	0.01904	0.21170	0.02650	0.01452	0.01443	0.01708	0.01581	0.02057	0.02752	0.18591	0.02931	0.01575	0.01028	0.00297	0.06742	0.19990	0.00534	0.00782
51	0.01128	0.00752	0.00846	0.00846	0.00846	0.00752	0.00470	0.01128	0.01128	0.01503	0.02443	0.05074	0.02819	0.72751	0.03946	0.00752	0.00752	0.01128	0.00470	0.00470
52	0.01845	0.06584	0.04543	0.03145	0.03922	0.02031	0.61070	0.02473	0.01814	0.02442	0.01538	0.02038	0.01165	0.00654	0.00889	0.00255	0.01277	0.00883	0.00388	0.01043
53	0.00956	0.00680	0.00896	0.01065	0.01107	0.00637	0.00704	0.01083	0.01462	0.01949	0.04158	0.68002	0.04982	0.06871	0.01176	0.00342	0.00469	0.02136	0.00704	0.00620
54	0.71682	0.01439	0.01110	0.01000	0.01461	0.01648	0.00818	0.02180	0.01357	0.03362	0.01653	0.01785	0.06492	0.00825	0.00517	0.00242	0.00582	0.00523	0.00500	0.00824
55	0.01128	0.00752	0.00846	0.00846	0.00846	0.00752	0.00470	0.01128	0.01128	0.01503	0.02443	0.05074	0.02819	0.72751	0.03946	0.00752	0.00752	0.01128	0.00470	0.00470
56	0.01929	0.01666	0.01753	0.01578	0.02016	0.01929	0.01227	0.04120	0.66513	0.03243	0.03156	0.02893	0.02367	0.01052	0.00789	0.00263	0.00614	0.00877	0.00789	0.01227
57	0.00942	0.00684	0.00890	0.01055	0.01118	0.00632	0.00709	0.01082	0.01508	0.01989	0.04577	0.66760	0.10417	0.02390	0.00983	0.00310	0.00445	0.02156	0.00720	0.00632
58	0.00916	0.00785	0.00785	0.00785	0.01047	0.00655	0.00589	0.01113	0.01767	0.02095	0.07855	0.07462	0.67599	0.01964	0.00916	0.00262	0.00393	0.01636	0.00720	0.00655
59	0.01347	0.00673	0.01010	0.01010	0.01010	0.00673	0.00673	0.01010	0.01010	0.01347	0.01347	0.02357	0.01347	0.02694	0.03030	0.77441	0.00673	0.00673	0.00337	0.00337
60	0.01919	0.01842	0.03147	0.04759	0.67914	0.01842	0.02380	0.02380	0.01765	0.02533	0.01458	0.01919	0.01228	0.00691	0.00768	0.00230	0.00921	0.00691	0.00384	0.01228
61	0.02170	0.65030	0.03843	0.01406	0.02038	0.10907	0.01347	0.02413	0.01649	0.01833	0.01092	0.01262	0.00995	0.00679	0.00521	0.00170	0.00896	0.00425	0.00340	0.00984
62	0.01097	0.00793	0.01036	0.00975	0.01158	0.00732	0.00732	0.01463	0.02195	0.03109	0.67505	0.05792	0.07316	0.01585	0.00914	0.00244	0.00366	0.01402	0.00854	0.00732
63	0.01724	0.01447	0.01670	0.01204	0.01887	0.01153	0.00967	0.07455	0.01785	0.02731	0.01420	0.01630	0.01163	0.00605	0.00592	0.00125	0.00598	0.00480	0.00487	0.70877
64	0.01816	0.01848	0.05867	0.17375	0.53038	0.01817	0.02357	0.02306	0.01718	0.02423	0.01440	0.01935	0.01180	0.00709	0.00768	0.00236	0.00953	0.00685	0.00374	0.01154
65	0.01058	0.00785	0.01015	0.01065	0.01217	0.00701	0.00746	0.01270	0.01658	0.02298	0.18091	0.48920	0.05143	0.02018	0.00923	0.00275	0.00446	0.01816	0.00719	0.09836
66	0.01794	0.02344	0.13000	0.03129	0.03961	0.01940	0.56926	0.02480	0.01805	0.02480	0.01545	0.02032	0.01151	0.00665	0.00892	0.00259	0.01286	0.00870	0.00384	0.01059
67	0.01224	0.00874	0.01220	0.01398	0.01566	0.00870	0.01205	0.01562	0.01759	0.02292	0.04120	0.14122	0.04519	0.02166	0.01064	0.00353	0.00692	0.57574	0.00714	0.00707
68	0.01919	0.01842	0.03147	0.04759	0.67914	0.01842	0.02380	0.02380	0.01765	0.02533	0.01458	0.01919	0.01228	0.00691	0.00768	0.00230	0.00921	0.00691	0.00384	0.01228
69	0.01128	0.00752	0.00846	0.00846	0.00846	0.00752	0.00470	0.01128	0.01128	0.01503	0.02443	0.05074	0.02819	0.72751	0.03946	0.00752	0.00752	0.01128	0.00470	0.00470
70	0.02939	0.02425	0.02305	0.01819	0.02403	0.13584	0.01478	0.54981	0.03405	0.04390	0.01751	0.01785	0.01265	0.00909	0.00763	0.00227	0.00944	0.00665	0.00713	0.01249
71	0.01274	0.01040	0.01157	0.01084	0.01366	0.01048	0.00826	0.02105	0.20436	0.02808	0.29162	0.05522	0.26064	0.01559	0.00879	0.00255	0.00446	0.01330	0.00790	0.00848
72	0.01702	0.01804	0.03524	0.23062	0.06203	0.01884	0.35632	0.02250	0.01675	0.02280	0.01448	0.02020	0.01120	0.00754	0.01008	0.00260	0.07808	0.00798	0.00376	0.04391
73	0.02786	0.03162	0.02237	0.07783	0.02648	0.49004	0.01548	0.16779	0.02463	0.02566	0.01360	0.01557	0.01073	0.00826	0.00723	0.00212	0.01247	0.00559	0.00478	0.00989
74	0.01249	0.00892	0.01249	0.01428	0.01606	0.00892	0.01249	0.01606	0.01785	0.02320	0.04105	0.08746	0.04462	0.02142	0.01071	0.00357	0.00714	0.62695	0.00714	0.00714
75	0.01445	0.00723	0.00723	0.00723	0.00903	0.00723	0.00542	0.01807	0.01626	0.02891	0.02529	0.02891	0.01987	0.00903	0.00542	0.00181	0.00361	0.00723	0.77055	0.00723
76	0.01690	0.01449	0.01688	0.01256	0.01884	0.01232	0.01007	0.04523	0.07158	0.02641	0.01528	0.01731	0.01251	0.00669	0.00704	0.00144	0.04316	0.00515	0.00493	0.64122
77	0.00950	0.00787	0.00832	0.00821	0.01068	0.00669	0.00616	0.01178	0.01847	0.02283	0.18959	0.07151	0.56377	0.01893	0.00916	0.00258	0.00388	0.01593	0.00745	0.00669
78	0.01587	0.06612	0.64180	0.02256	0.05330	0.01851	0.02790	0.02448	0.01639	0.02434	0.01381	0.01631	0.00990	0.00732	0.00728	0.00242	0.01127	0.00571	0.00329	0.01143
79	0.78228	0.01499	0.01140	0.01020	0.01499	0.01739	0.00840	0.02279	0.01320	0.03479	0.01080	0.01260	0.00840	0.00720	0.00480	0.00240	0.00600	0.00420	0.00480	0.00840
80	0.01555	0.04011	0.68733	0.02210	0.03356	0.01801	0.02865	0.02455	0.01637	0.02455	0.01391	0.01637	0.00982	0.00737	0.00737	0.00246	0.01146	0.00573	0.00327	0.01146
81	0.24993	0.01405	0.01630	0.01292	0.01858	0.01362	0.01066	0.05741	0.02016	0.47261	0.02442	0.02211	0.01585	0.00889	0.00693	0.00240	0.00650	0.00673	0.00814	0.01181
82	0.02902	0.03541	0.02210	0.01976	0.02398	0.62834	0.01496	0.09394	0.02344	0.02200	0.01266	0.01445	0.01031	0.00812	0.00707	0.00203	0.01343	0.00519	0.00438	0.00941
83	0.01069	0.00791	0.00997	0.00945	0.01141	0.00719	0.00709	0.01408	0.02127	0.02948	0.58033	0.06057	0.16889	0.01645	0.00915	0.00247	0.00370	0.01439	0.00832	0.00719
84	0.03479	0.01320	0.01799	0.01380	0.01979	0.01140	0.01140	0.03779	0.02219	0.68451	0.03059	0.02639	0.01919	0.00960	0.00780	0.00240	0.00660	0.00780	0.00960	0.01320
85	0.01464	0.01378	0.02326	0.70887	0.05340	0.01723	0.02153	0.01981	0.01550	0.01981	0.01378	0.02067	0.01034	0.00775	0.00775	0.00258	0.01034	0.00689	0.00345	0.00861
86	0.01128	0.00752	0.00846	0.00846	0.00846	0.00752	0.00470	0.01128	0.01128	0.01503	0.02443	0.05074	0.02819	0.72751	0.03946	0.00752	0.00752	0.01128	0.00470	0.00470
87	0.00945	0.00675	0.00900	0.01080	0.01125	0.00630	0.00720	0.01080	0.01484	0.01979	0.04274	0.72245	0.05128	0.02429	0.00990	0.00315	0.00450	0.02204	0.00720	0.00630
88	0.01203	0.00840	0.01037	0.01012	0.01083	0.00893	0.00670	0.04074	0.01277	0.01747	0.02303	0.04299	0.02478	0.48693	0.24281	0.00883	0.01169	0.01016	0.00467	0.00577
89	0.01727	0.01646	0.02800	0.32668	0.41505	0.01792	0.02284	0.02211	0.01675	0.02300	0.01425	0.01982	0.01146	0.00726	0.00771	0.00242	0.00969	0.00690	0.00367	0.01073
90	0.00945	0.00675	0.00900	0.01080	0.01125	0.00630	0.00720	0.01080	0.01484	0.01979	0.04274	0.72245	0.05128	0.02429	0.00990	0.00315	0.00450	0.02204	0.00720	0.00630
91	0.00963	0.00688	0.00919	0.01088	0.01144	0.00644	0.00740	0.01116	0.01527	0.02042	0.07090	0.66926	0.05201	0.02381	0.00989	0.00313	0.00456	0.04409	0.00726	0.00637
92	0.22482	0.01316	0.01510	0.01247	0.01728	0.01296	0.01007	0.07003	0.02014	0.35140	0.09009	0.08436	0.02409	0.01082	0.00733	0.00246	0.00610	0.00863	0.00791	0.01077
93	0.05365	0.01334	0.01565	0.01210	0.01779	0.01151	0.00966	0.04904	0.05916	0.16078	0.04428	0.05265	0.01821	0.00840	0.00662	0.00177	0.00582	0.00684	0.04656	0.40618
94	0.05375	0.04337	0.15430	0.01411	0.01874	0.01265	0.01347	0.01766	0.01393	0.02124	0.01752	0.02442	0.01557	0.05613	0.36808	0.00761	0.01495	0.00694	0.00406	0.12152
95	0.01766	0.01373	0.01624	0.01168	0.01850	0.01043	0.00937	0.02107	0.01660	0.08108	0.01520	0.01695	0.01214	0.00607	0.00592	0.00125	0.00581	0.00486	0.00502	0.71042
96	0.02462	0.02105	0.02840	0.05410	0.10954	0.06387	0.15333	0.33292	0.02733	0.05628	0.01916	0.02102	0.03401	0.00860	0.00805	0.00239	0.00981	0.00764	0.00606	0.01181
97	0.02073	0.73217	0.04063	0.01327	0.01990	0.03068	0.01327	0.02322	0.01575	0.01824	0.01078	0.01244	0.00995	0.00663	0.00498	0.00166	0.00829	0.00415	0.00332	0.00995
98	0.01974	0.01367	0.01645	0.01194	0.01865	0.01054	0.00962	0.02310	0.01728	0.15438	0.01707	0.01810	0.01299	0.00650	0.00614	0.00139	0.00591	0.00522	0.00557	0.62572
99	0.02539	0.01105	0.01457	0.01188	0.01628	0.00971	0.00954	0.02852	0.02141	0.42356	0.20032	0.03838	0.08349	0.01195	0.00810	0.00239	0.00545	0.01002	0.05720	0.01079
100	0.01727	0.01117	0.01619	0.01436	0.01750	0.01075	0.07369	0.04832	0.06779	0.15052	0.14755	0.26423	0.04082	0.01631	0.00912	0.00279	0.00614	0.06883	0.00763	0.00902
101	0.03479	0.01320	0.01799	0.01380	0.01979	0.01140	0.01140	0.03779	0.02219	0.68451	0.03059	0.02639	0.01919	0.00960	0.00780	0.00240	0.00660	0.00780	0.00960	0.01320
102	0.01929	0.01666	0.01753	0.01578	0.02016	0.01929	0.01227	0.04120	0.66513	0.03243	0.03156	0.02893	0.02367	0.01052	0.00789	0.00263	0.00614	0.00877	0.00789	0.01227
103	0.01145	0.00978	0.01664	0.01509	0.01723	0.00914	0.13781	0.01417	0.01652	0.02237	0.12410	0.48886	0.04627	0.01953	0.00964	0.00294	0.00612	0.01833	0.00672	0.00728
104	0.01193	0.00866	0.01116	0.01086	0.01285	0.00827	0.00848	0.04311	0.02145	0.02971	0.49004	0.08800	0.08706	0.01699	0.00938	0.00266	0.00452	0.11922	0.00816	0.00748
105	0.02073	0.73217	0.04063	0.01327	0.01990	0.03068	0.01327	0.02322	0.01575	0.01824	0.01078	0.01244	0.00995	0.00663	0.00498	0.00166	0.00829	0.00415	0.00332	0.00995
106	0.06036	0.02114	0.02255	0.01755	0.02341	0.04760	0.03539	0.53137	0.05681	0.04486	0.01871	0.01910	0.01350	0.00911	0.00755	0.00232	0.00847	0.00694	0.04084	0.01244
107	0.01347	0.00673	0.01010	0.01010	0.01010	0.00673	0.00673	0.01010	0.01010	0.01347	0.01347	0.02357	0.01347	0.02694	0.03030	0.77441	0.00673	0.00673	0.00337	0.00337
108	0.01085	0.00789	0.01021	0.00970	0.01152	0.00725	0.00725	0.01436	0.02154	0.03030	0.62940	0.07912	0.09894	0.01628	0.00917	0.00247	0.00370	0.01437	0.00844	0.00725
109	0.02073	0.73217	0.04063	0.01327	0.01990	0.03068	0.01327	0.02322	0.01575	0.01824	0.01078	0.01244	0.00995	0.00663	0.00498	0.00166	0.00829	0.00415	0.00332	0.00995
110	0.01949	0.01494	0.01694	0.01604	0.04228	0.01649	0.01221	0.03560	0.46341	0.09709	0.05526	0.03713	0.05094	0.01196	0.00826	0.00269	0.00623	0.07377	0.00784	0.01145
111	0.03479	0.01320	0.01799	0.01380	0.01979	0.01140	0.01140	0.03779	0.02219	0.68451	0.03059	0.02639	0.01919	0.00960	0.00780	0.00240	0.00660	0.00780	0.00960	0.01320
112	0.01093	0.00747	0.00895	0.00929	0.00967	0.00731	0.00580	0.01179	0.01355	0.01827	0.11038	0.18117	0.03887	0.47721	0.02893	0.00590	0.00644	0.03690	0.00575	0.00542
113	0.01141	0.00791	0.00935	0.00928	0.00940	0.00825	0.00561	0.01173	0.01151	0.01555	0.02427	0.07167	0.02768	0.62734	0.08504	0.00756	0.03542	0.01127	0.00470	0.00506
114	0.01830	0.02092	0.04575	0.03268	0.04052	0.01961	0.65098	0.02484	0.01830	0.02484	0.01569	0.02092	0.01176	0.00654	0.00915	0.00261	0.01307	0.00915	0.00392	0.01046
115	0.00945	0.00675	0.00900	0.01080	0.01125	0.00630	0.00720	0.01080	0.01484	0.01979	0.04274	0.72245	0.05128	0.02429	0.00990	0.00315	0.00450	0.02204	0.00720	0.00630
116	0.03164	0.01292	0.01729	0.01348	0.01897	0.01145	0.01104	0.06196	0.02279	0.57665	0.10893	0.02991	0.02553	0.01035	0.00796	0.00240	0.00632	0.00852	0.00939	0.01248
117	0.06446	0.08742	0.57350	0.02112	0.03167	0.01894	0.05027	0.02436	0.01620	0.02476	0.01356	0.01602	0.00982	0.00727	0.00710	0.00240	0.01095	0.00565	0.00340	0.01112
118	0.75521	0.01472	0.01125	0.01009	0.01478	0.01704	0.00829	0.02263	0.01330	0.03458	0.01131	0.01317	0.00880	0.00726	0.00482	0.00238	0.00591	0.00431	0.03179	0.00836
119	0.30991	0.01798	0.01747	0.01408	0.01939	0.02013	0.01158	0.36356	0.02604	0.04191	0.01625	0.01723	0.01196	0.00849	0.00645	0.00231	0.00717	0.00596	0.07123	0.01089
120	0.06285	0.01636	0.01903	0.01500	0.02069	0.01667	0.01225	0.23541	0.11475	0.31491	0.04614	0.02425	0.01884	0.00958	0.00763	0.00236	0.00701	0.00759	0.00834	0.04032
121	0.01915	0.06434	0.05735	0.04444	0.61260	0.01918	0.02332	0.02379	0.01749	0.02485	0.01432	0.01865	0.01204	0.00691	0.00749	0.00227	0.00924	0.00669	0.00378	0.01210
122	0.01568	0.03934	0.66421	0.02300	0.05632	0.01802	0.02848	0.02453	0.01642	0.02458	0.01394	0.01647	0.00991	0.00735	0.00738	0.00245	0.01138	0.00577	0.00329	0.01149
123	0.01554	0.01526	0.02725	0.54426	0.08323	0.01788	0.12073	0.02077	0.01594	0.02085	0.01400	0.02051	0.01066	0.00771	0.00856	0.00260	0.03437	0.00724	0.00354	0.00909
124	0.03310	0.01423	0.01950	0.01694	0.07591	0.01286	0.01268	0.07912	0.02279	0.58480	0.02841	0.02524	0.01819	0.00935	0.00778	0.00239	0.00695	0.00767	0.00898	0.01312
125	0.03374	0.01343	0.01796	0.01393	0.01982	0.01193	0.01146	0.03802	0.06572	0.64036	0.03065	0.02656	0.01950	0.00966	0.00780	0.00241	0.00657	0.00786	0.00948	0.01313
126	0.01324	0.00847	0.01120	0.01041	0.01262	0.00779	0.00802	0.01684	0.02171	0.09023	0.57619	0.05691	0.06643	0.01563	0.00912	0.00251	0.00415	0.05217	0.00854	0.00784
127	0.00979	0.00701	0.00933	0.01078	0.01148	0.00655	0.00742	0.01157	0.01601	0.02159	0.13614	0.59987	0.05426	0.02293	0.00982	0.00306	0.00448	0.04405	0.00739	0.00648
128	0.01538	0.01494	0.02652	0.58470	0.09136	0.01759	0.09838	0.02067	0.01598	0.02077	0.01406	0.02061	0.01063	0.00755	0.00792	0.00257	0.01060	0.00717	0.00353	0.00907
129	0.03340	0.04228	0.01970	0.01441	0.02047	0.01414	0.01200	0.13461	0.02420	0.55823	0.02793	0.02462	0.01789	0.00944	0.00768	0.00236	0.00697	0.00753	0.00906	0.01307
130	0.00950	0.00679	0.00904	0.01076	0.01126	0.00633	0.00720	0.01093	0.01509	0.02018	0.06457	0.69950	0.05204	0.02400	0.00987	0.00312	0.00447	0.02177	0.00724	0.00633
