[name]
unknown

[dist]
# distance from previous block
# <min> <max>
0	99

[block]
# block no. 0 follows, 26 sequences, length 27
# corresponding to MSA columns:
# 115-141
name=unknown_A
#
# <colnr> <probs for GDERKNQSTAVLIFYWHMCP>
#	G	D	E	R	K	N	Q	S	T	A	V	L	I	F	Y	W	H	M	C	P
0	0.02115	0.04070	0.01748	0.01392	0.01803	0.01299	0.04648	0.09751	0.09637	0.22415	0.14636	0.12943	0.05280	0.01297	0.00826	0.00251	0.00618	0.03476	0.00778	0.01016
1	0.04355	0.63826	0.06294	0.01352	0.01986	0.02830	0.01351	0.02300	0.01540	0.03897	0.01123	0.01291	0.00997	0.00689	0.00584	0.00176	0.03651	0.00433	0.00348	0.00978
2	0.01360	0.01075	0.01302	0.01362	0.01567	0.03819	0.01111	0.04300	0.08929	0.02360	0.05859	0.14737	0.03705	0.02430	0.11303	0.00448	0.00873	0.32029	0.00659	0.00771
3	0.01995	0.69272	0.08215	0.01354	0.02033	0.02921	0.01395	0.02280	0.01545	0.01825	0.01074	0.01242	0.00973	0.00654	0.00502	0.00167	0.00831	0.00416	0.00324	0.00983
4	0.01084	0.00813	0.01219	0.01219	0.01354	0.00948	0.00948	0.01354	0.01219	0.01761	0.02032	0.02980	0.01896	0.05689	0.70337	0.01219	0.02032	0.00813	0.00406	0.00677
5	0.78701	0.01467	0.01115	0.00997	0.01467	0.01702	0.00821	0.02230	0.01291	0.03403	0.01056	0.01232	0.00821	0.00704	0.00469	0.00235	0.00587	0.00411	0.00469	0.00821
6	0.78701	0.01467	0.01115	0.00997	0.01467	0.01702	0.00821	0.02230	0.01291	0.03403	0.01056	0.01232	0.00821	0.00704	0.00469	0.00235	0.00587	0.00411	0.00469	0.00821
7	0.01013	0.00761	0.00938	0.00919	0.01103	0.00686	0.00680	0.01305	0.01967	0.02674	0.46174	0.13454	0.22076	0.01733	0.00903	0.00251	0.00373	0.01515	0.00788	0.00686
8	0.01573	0.01348	0.01573	0.01123	0.01798	0.01011	0.00899	0.01910	0.01573	0.02472	0.01348	0.01573	0.01123	0.00562	0.00562	0.00112	0.00562	0.00449	0.00449	0.77980
9	0.00932	0.00666	0.00887	0.01051	0.01102	0.00621	0.00705	0.01076	0.01489	0.01995	0.07605	0.69255	0.05131	0.02332	0.00964	0.00304	0.00436	0.02114	0.00711	0.00621
10	0.01372	0.00866	0.01465	0.05718	0.01615	0.00874	0.07946	0.01238	0.01150	0.01530	0.01488	0.02593	0.01443	0.02268	0.02495	0.60328	0.00751	0.04047	0.00356	0.00458
11	0.00915	0.00769	0.00794	0.00788	0.01036	0.00648	0.00591	0.01125	0.01773	0.02153	0.14051	0.07128	0.61871	0.01882	0.00896	0.00254	0.00381	0.01577	0.00718	0.00648
12	0.02638	0.20626	0.02592	0.01795	0.02248	0.53987	0.01425	0.02845	0.02002	0.01839	0.01144	0.01331	0.00976	0.00749	0.00636	0.00187	0.01233	0.00468	0.00375	0.00902
13	0.01445	0.01365	0.02278	0.67746	0.05049	0.01720	0.02082	0.01932	0.01497	0.01932	0.01329	0.02003	0.01010	0.00789	0.00852	0.00257	0.04862	0.00674	0.00337	0.00842
14	0.00978	0.00690	0.00875	0.00990	0.01033	0.00662	0.00642	0.01081	0.01358	0.01807	0.03735	0.49374	0.06524	0.21845	0.04370	0.00457	0.00579	0.01799	0.00626	0.00577
15	0.01163	0.00850	0.01294	0.07945	0.01725	0.00830	0.05082	0.01373	0.01519	0.05616	0.03674	0.57678	0.04213	0.02031	0.00932	0.00295	0.00560	0.01857	0.00661	0.00701
16	0.78701	0.01467	0.01115	0.00997	0.01467	0.01702	0.00821	0.02230	0.01291	0.03403	0.01056	0.01232	0.00821	0.00704	0.00469	0.00235	0.00587	0.00411	0.00469	0.00821
17	0.01553	0.08348	0.65270	0.02107	0.03198	0.01840	0.02707	0.02394	0.01598	0.02363	0.01342	0.01577	0.00962	0.00716	0.00706	0.00235	0.01101	0.00551	0.00321	0.01112
18	0.01573	0.01348	0.01573	0.01123	0.01798	0.01011	0.00899	0.01910	0.01573	0.02472	0.01348	0.01573	0.01123	0.00562	0.00562	0.00112	0.00562	0.00449	0.00449	0.77980
19	0.02774	0.02070	0.02215	0.01723	0.02310	0.02301	0.01415	0.59263	0.10564	0.04604	0.01960	0.01932	0.01403	0.00924	0.00760	0.00231	0.00809	0.00702	0.00760	0.01280
20	0.01054	0.00775	0.00987	0.00934	0.01121	0.00707	0.00700	0.01394	0.02101	0.02933	0.61560	0.05845	0.13877	0.01591	0.00895	0.00240	0.00361	0.01397	0.00821	0.00707
21	0.00983	0.00700	0.00908	0.01053	0.01114	0.00664	0.00726	0.01125	0.01449	0.01915	0.04050	0.53175	0.07150	0.12266	0.01380	0.00371	0.00510	0.09189	0.00669	0.00605
22	0.02670	0.02018	0.02156	0.01702	0.02271	0.02252	0.01390	0.52774	0.17222	0.04436	0.02093	0.02037	0.01510	0.00936	0.00762	0.00234	0.00784	0.00720	0.00762	0.01271
23	0.00924	0.00660	0.00880	0.01056	0.01100	0.00616	0.00704	0.01056	0.01452	0.01936	0.04181	0.72848	0.05017	0.02376	0.00968	0.00308	0.00440	0.02156	0.00704	0.00616
24	0.01624	0.01641	0.03068	0.26543	0.08647	0.01811	0.25376	0.02070	0.01545	0.02102	0.01367	0.01983	0.01093	0.00914	0.01210	0.05182	0.11815	0.00753	0.00356	0.00901
25	0.59997	0.11482	0.01615	0.01143	0.01628	0.09416	0.00957	0.02323	0.01419	0.03014	0.01069	0.01245	0.00859	0.00705	0.00495	0.00221	0.00703	0.00419	0.00441	0.00848
26	0.01432	0.01348	0.02275	0.71520	0.05224	0.01685	0.02107	0.01938	0.01517	0.01938	0.01348	0.02022	0.01011	0.00758	0.00758	0.00253	0.01011	0.00674	0.00337	0.00843

[dist]
# distance from previous block
# <min> <max>
0	1

[block]
# block no. 1 follows, 26 sequences, length 62
# corresponding to MSA columns:
# 143-204
name=unknown_B
#
# <colnr> <probs for GDERKNQSTAVLIFYWHMCP>
#	G	D	E	R	K	N	Q	S	T	A	V	L	I	F	Y	W	H	M	C	P
0	0.01076	0.00793	0.01036	0.01158	0.01317	0.00753	0.00932	0.01344	0.01706	0.02215	0.10331	0.23831	0.16599	0.02084	0.00987	0.00312	0.00547	0.31598	0.00713	0.00669
1	0.06110	0.61135	0.12017	0.01390	0.02088	0.02776	0.01461	0.02285	0.01535	0.01949	0.01093	0.01266	0.00964	0.00661	0.00515	0.00176	0.00838	0.00425	0.00332	0.00984
2	0.01934	0.01489	0.01910	0.11275	0.02456	0.01390	0.03861	0.14293	0.01998	0.08340	0.01711	0.05025	0.01380	0.00773	0.00676	0.00179	0.00708	0.00648	0.00542	0.39412
3	0.19716	0.04054	0.01846	0.04247	0.02073	0.01644	0.01180	0.18959	0.02280	0.33377	0.02137	0.02023	0.01430	0.00863	0.00687	0.00231	0.00701	0.00649	0.00744	0.01158
4	0.01318	0.00659	0.00988	0.00988	0.00988	0.00659	0.00659	0.00988	0.00988	0.01318	0.01318	0.02306	0.01318	0.02635	0.02964	0.77931	0.00659	0.00659	0.00329	0.00329
5	0.01237	0.00871	0.01029	0.00988	0.01083	0.00909	0.00655	0.06814	0.01386	0.01862	0.02614	0.06618	0.06078	0.47592	0.16390	0.00746	0.00970	0.01070	0.00496	0.00590
6	0.01437	0.01317	0.02254	0.62554	0.04803	0.01605	0.04609	0.01875	0.01482	0.01904	0.01353	0.02048	0.01044	0.00917	0.00956	0.07024	0.00991	0.00682	0.00338	0.00805
7	0.03086	0.01317	0.01735	0.01386	0.01927	0.01205	0.01146	0.06540	0.06593	0.55755	0.03032	0.03083	0.02096	0.01044	0.00788	0.00246	0.00656	0.06234	0.00898	0.01233
8	0.02091	0.02281	0.01684	0.01519	0.01842	0.34499	0.01151	0.07205	0.04643	0.02606	0.28397	0.03194	0.03549	0.01111	0.00778	0.00218	0.00891	0.00874	0.00612	0.00856
9	0.02840	0.03417	0.02166	0.01926	0.02346	0.61289	0.01462	0.11390	0.02337	0.02244	0.01258	0.01428	0.01019	0.00799	0.00694	0.00200	0.01297	0.00514	0.00440	0.00934
10	0.01717	0.03964	0.01719	0.03946	0.01976	0.07287	0.01054	0.02377	0.14094	0.02479	0.01807	0.05653	0.01539	0.00778	0.00639	0.00165	0.00658	0.00630	0.00511	0.47007
11	0.01763	0.05005	0.07203	0.03012	0.06213	0.01941	0.52771	0.02352	0.01727	0.02359	0.01537	0.03661	0.01221	0.00724	0.00953	0.00255	0.05039	0.00869	0.00383	0.01012
12	0.06713	0.01768	0.01837	0.01476	0.01991	0.07623	0.01189	0.25472	0.07564	0.18991	0.10089	0.02452	0.02151	0.00957	0.00741	0.00222	0.00729	0.00750	0.00742	0.06542
13	0.01414	0.00707	0.00707	0.00707	0.00884	0.00707	0.00530	0.01767	0.01591	0.02828	0.02474	0.02828	0.01944	0.00884	0.00530	0.00177	0.00353	0.00707	0.77554	0.00707
14	0.01687	0.01416	0.01634	0.01178	0.01846	0.01128	0.00946	0.07504	0.01747	0.02673	0.01389	0.01594	0.01138	0.00592	0.00579	0.00122	0.00586	0.00470	0.00476	0.71295
15	0.01734	0.10087	0.14453	0.05525	0.02480	0.01550	0.12423	0.02324	0.07072	0.10648	0.08054	0.15579	0.02522	0.01135	0.00797	0.00248	0.00811	0.01025	0.00563	0.00970
16	0.01587	0.02611	0.30173	0.08933	0.09208	0.01719	0.23767	0.02255	0.01656	0.02339	0.01650	0.07525	0.01376	0.00826	0.00805	0.00251	0.01090	0.00822	0.00379	0.01029
17	0.01414	0.00707	0.00707	0.00707	0.00884	0.00707	0.00530	0.01767	0.01591	0.02828	0.02474	0.02828	0.01944	0.00884	0.00530	0.00177	0.00353	0.00707	0.77554	0.00707
18	0.01865	0.56444	0.14068	0.01405	0.02088	0.02608	0.01486	0.02219	0.01603	0.01991	0.06901	0.01662	0.01505	0.00738	0.00559	0.00181	0.00821	0.00513	0.00368	0.00974
19	0.01414	0.00707	0.00707	0.00707	0.00884	0.00707	0.00530	0.01767	0.01591	0.02828	0.02474	0.02828	0.01944	0.00884	0.00530	0.00177	0.00353	0.00707	0.77554	0.00707
20	0.01732	0.01343	0.01589	0.01143	0.01810	0.01020	0.00918	0.02066	0.01625	0.08283	0.01491	0.01661	0.01189	0.00595	0.00579	0.00123	0.00569	0.00477	0.00492	0.71295
21	0.00915	0.00766	0.00797	0.00796	0.01038	0.00647	0.00594	0.01122	0.01762	0.02145	0.13644	0.09252	0.60125	0.01899	0.00899	0.00256	0.00383	0.01596	0.00717	0.00647
22	0.01753	0.01951	0.04014	0.05765	0.03674	0.01979	0.52155	0.02305	0.01670	0.02305	0.01434	0.01978	0.01118	0.00763	0.01165	0.00269	0.13501	0.00846	0.00373	0.00982
23	0.01318	0.00659	0.00988	0.00988	0.00988	0.00659	0.00659	0.00988	0.00988	0.01318	0.01318	0.02306	0.01318	0.02635	0.02964	0.77931	0.00659	0.00659	0.00329	0.00329
24	0.01582	0.01357	0.01577	0.01136	0.01803	0.01037	0.00908	0.01973	0.03533	0.02493	0.01400	0.01610	0.01159	0.00576	0.00568	0.00117	0.00563	0.00462	0.00459	0.75688
25	0.02061	0.01716	0.01813	0.01579	0.02039	0.01968	0.01243	0.14873	0.56116	0.03454	0.02866	0.02654	0.02136	0.01008	0.00770	0.00252	0.00641	0.00827	0.00770	0.01216
26	0.03293	0.01467	0.01869	0.01433	0.02024	0.01377	0.01184	0.16892	0.02466	0.55525	0.02745	0.02421	0.01753	0.00933	0.00762	0.00233	0.00685	0.00746	0.00901	0.01291
27	0.01056	0.00713	0.00929	0.01033	0.01137	0.00654	0.00714	0.01230	0.01598	0.05199	0.12718	0.55543	0.10303	0.02166	0.00943	0.00291	0.00434	0.01945	0.00732	0.00662
28	0.01084	0.00813	0.01219	0.01219	0.01354	0.00948	0.00948	0.01354	0.01219	0.01761	0.02032	0.02980	0.01896	0.05689	0.70337	0.01219	0.02032	0.00813	0.00406	0.00677
29	0.01414	0.00707	0.00707	0.00707	0.00884	0.00707	0.00530	0.01767	0.01591	0.02828	0.02474	0.02828	0.01944	0.00884	0.00530	0.00177	0.00353	0.00707	0.77554	0.00707
30	0.01989	0.68413	0.09019	0.01364	0.02050	0.02906	0.01414	0.02281	0.01546	0.01832	0.01078	0.01246	0.00972	0.00654	0.00505	0.00168	0.00835	0.00418	0.00324	0.00985
31	0.01723	0.01747	0.02552	0.02103	0.02265	0.04958	0.11263	0.04060	0.01381	0.02011	0.01193	0.01815	0.01099	0.01530	0.07446	0.00381	0.50543	0.00704	0.00362	0.00864
32	0.08832	0.01435	0.02305	0.53727	0.10207	0.01733	0.03950	0.02010	0.01506	0.02134	0.01317	0.01919	0.01013	0.00768	0.00813	0.00252	0.04192	0.00656	0.00354	0.00877
33	0.58242	0.04544	0.04491	0.01190	0.01673	0.05473	0.01027	0.04623	0.01484	0.04820	0.02913	0.01445	0.01059	0.00768	0.00605	0.00234	0.03587	0.00476	0.00479	0.00871
34	0.00955	0.00698	0.00953	0.04448	0.01300	0.00672	0.00772	0.01113	0.01483	0.01980	0.06579	0.66776	0.04908	0.02266	0.00955	0.00303	0.00464	0.02054	0.00692	0.00631
35	0.08155	0.02192	0.20380	0.04909	0.09727	0.03876	0.04288	0.02590	0.05240	0.16351	0.02069	0.05317	0.03507	0.00941	0.00892	0.00249	0.06981	0.00748	0.00528	0.01060
36	0.04392	0.17020	0.13312	0.02327	0.08431	0.12084	0.16967	0.02465	0.01698	0.05272	0.01348	0.01658	0.01073	0.00761	0.00880	0.00229	0.08064	0.00623	0.00386	0.01009
37	0.01240	0.00813	0.00990	0.01005	0.01190	0.00746	0.00727	0.01494	0.03789	0.08801	0.12616	0.29107	0.21816	0.08140	0.01168	0.00315	0.00477	0.04131	0.00724	0.00711
38	0.01585	0.01359	0.01578	0.01140	0.01804	0.01046	0.00911	0.01994	0.04172	0.02499	0.01417	0.01623	0.01171	0.00580	0.00570	0.00118	0.00563	0.00466	0.00462	0.74941
39	0.07716	0.22683	0.24670	0.01716	0.02479	0.05746	0.05819	0.06448	0.01760	0.05633	0.01620	0.01775	0.03801	0.00762	0.00650	0.00210	0.00920	0.00578	0.00420	0.04594
40	0.21134	0.08716	0.02021	0.03266	0.04656	0.09061	0.01269	0.19592	0.07096	0.06270	0.01747	0.04507	0.01433	0.00924	0.00728	0.00233	0.03084	0.02666	0.00575	0.01023
41	0.00944	0.00680	0.00900	0.01069	0.01131	0.00635	0.00736	0.01094	0.01485	0.01965	0.04313	0.65562	0.07565	0.02338	0.00971	0.00309	0.00456	0.06521	0.00704	0.00623
42	0.01521	0.01293	0.01517	0.01118	0.01742	0.00979	0.00883	0.01841	0.01563	0.02429	0.01575	0.07287	0.01436	0.00707	0.00594	0.00128	0.00552	0.00586	0.00470	0.71778
43	0.02137	0.23116	0.08881	0.01621	0.02256	0.06378	0.06074	0.17305	0.02080	0.05150	0.01499	0.01756	0.01209	0.03338	0.03489	0.00250	0.00920	0.00584	0.00482	0.11474
44	0.01582	0.01634	0.04388	0.58395	0.04684	0.07204	0.02009	0.02199	0.06558	0.02040	0.01466	0.02018	0.01106	0.00780	0.00752	0.00248	0.01012	0.00669	0.00374	0.00882
45	0.01782	0.01528	0.01621	0.01473	0.01872	0.01747	0.01140	0.03709	0.59803	0.03082	0.05989	0.05450	0.05190	0.01130	0.00788	0.00258	0.00576	0.00951	0.00770	0.01139
46	0.01781	0.02140	0.08331	0.03261	0.09558	0.01898	0.56457	0.02419	0.01773	0.02432	0.01515	0.02004	0.01144	0.00648	0.00872	0.00252	0.01236	0.00856	0.00379	0.01045
47	0.01084	0.00813	0.01219	0.01219	0.01354	0.00948	0.00948	0.01354	0.01219	0.01761	0.02032	0.02980	0.01896	0.05689	0.70337	0.01219	0.02032	0.00813	0.00406	0.00677
48	0.00931	0.00665	0.00886	0.01052	0.01102	0.00621	0.00705	0.01073	0.01484	0.01986	0.07090	0.69796	0.05114	0.02339	0.00965	0.00305	0.00436	0.02121	0.00710	0.00621
49	0.01103	0.00735	0.00827	0.00827	0.00827	0.00735	0.00460	0.01103	0.01103	0.01471	0.02390	0.04964	0.02758	0.73343	0.03861	0.00735	0.00735	0.01103	0.00460	0.00460
50	0.00924	0.00660	0.00880	0.01056	0.01100	0.00616	0.00704	0.01056	0.01452	0.01936	0.04181	0.72848	0.05017	0.02376	0.00968	0.00308	0.00440	0.02156	0.00704	0.00616
51	0.01790	0.02046	0.04476	0.03197	0.03964	0.01918	0.65857	0.02430	0.01790	0.02430	0.01535	0.02046	0.01151	0.00639	0.00895	0.00256	0.01279	0.00895	0.00384	0.01023
52	0.53615	0.05788	0.01552	0.13736	0.02213	0.01726	0.01107	0.02308	0.01423	0.08772	0.01277	0.01491	0.00957	0.00731	0.00548	0.00234	0.00682	0.00488	0.00478	0.00875
53	0.02833	0.03615	0.02149	0.01954	0.02345	0.70298	0.01466	0.03029	0.02149	0.01856	0.01172	0.01368	0.00977	0.00782	0.00684	0.00195	0.01368	0.00489	0.00391	0.00879
54	0.02649	0.03060	0.01980	0.01817	0.02188	0.55689	0.01382	0.02862	0.02084	0.07082	0.01700	0.05396	0.01529	0.00982	0.00735	0.00217	0.01211	0.06080	0.00474	0.00883
55	0.00900	0.00756	0.00782	0.00802	0.01033	0.00637	0.00591	0.01085	0.01696	0.02036	0.07272	0.15016	0.60854	0.01975	0.00905	0.00262	0.00391	0.01666	0.00704	0.00637
56	0.02585	0.01976	0.02108	0.01685	0.02239	0.02213	0.01370	0.47513	0.22621	0.04299	0.02200	0.02123	0.01597	0.00946	0.00763	0.00237	0.00765	0.00735	0.00763	0.01263
57	0.18175	0.05316	0.01994	0.01506	0.02045	0.02109	0.01245	0.41194	0.07043	0.04041	0.01900	0.01953	0.03330	0.01090	0.03538	0.00269	0.00802	0.00659	0.00663	0.01128
58	0.00976	0.00693	0.00881	0.01003	0.01058	0.00655	0.00666	0.01101	0.01433	0.01903	0.06597	0.50805	0.07668	0.16851	0.01557	0.00392	0.00503	0.04007	0.00659	0.00592
59	0.10980	0.02063	0.01910	0.01516	0.02084	0.13051	0.01217	0.28549	0.04862	0.03448	0.01544	0.01649	0.01178	0.00774	0.00660	0.00192	0.00810	0.00562	0.00581	0.22367
60	0.02803	0.01766	0.02020	0.01573	0.02138	0.01860	0.01292	0.40683	0.04909	0.21105	0.02160	0.02124	0.01511	0.01255	0.05813	0.00298	0.00854	0.00709	0.00768	0.04359
61	0.08989	0.07809	0.02328	0.06912	0.10195	0.05384	0.01483	0.34567	0.02612	0.05609	0.01664	0.03600	0.01289	0.00855	0.00706	0.00221	0.00832	0.00660	0.00599	0.03687

[dist]
# distance from previous block
# <min> <max>
0	1

[block]
# block no. 2 follows, 26 sequences, length 19
# corresponding to MSA columns:
# 206-224
name=unknown_C
#
# <colnr> <probs for GDERKNQSTAVLIFYWHMCP>
#	G	D	E	R	K	N	Q	S	T	A	V	L	I	F	Y	W	H	M	C	P
0	0.01009	0.00696	0.00855	0.00948	0.00971	0.00673	0.00588	0.01078	0.01287	0.01716	0.03332	0.40696	0.03947	0.35988	0.02338	0.00510	0.00580	0.01657	0.00588	0.00542
1	0.02895	0.04760	0.01905	0.01430	0.01979	0.01520	0.01175	0.13257	0.14394	0.41519	0.05112	0.02560	0.02019	0.00960	0.00756	0.00235	0.00663	0.00774	0.00848	0.01239
2	0.02700	0.03402	0.02079	0.01898	0.02270	0.65030	0.01426	0.02902	0.02079	0.01849	0.01238	0.01490	0.01047	0.01154	0.05975	0.00273	0.01418	0.00513	0.00392	0.00864
3	0.02097	0.01410	0.01522	0.01299	0.01709	0.04766	0.01024	0.13182	0.14230	0.17998	0.11746	0.06737	0.16476	0.01283	0.00812	0.00244	0.00606	0.01061	0.00779	0.01019
4	0.02132	0.01751	0.01853	0.01593	0.02066	0.02001	0.01260	0.19327	0.51544	0.03569	0.02775	0.02581	0.02063	0.01000	0.00769	0.00250	0.00658	0.00815	0.00769	0.01223
5	0.43929	0.05831	0.01601	0.03596	0.01796	0.11039	0.01075	0.05151	0.01529	0.02833	0.01325	0.05293	0.01169	0.01091	0.03893	0.00282	0.06689	0.00576	0.00458	0.00843
6	0.01072	0.00704	0.00943	0.01087	0.01167	0.00655	0.00750	0.01222	0.01504	0.05588	0.04109	0.66146	0.04817	0.02286	0.00961	0.00306	0.00463	0.04847	0.00717	0.00656
7	0.01422	0.01334	0.02177	0.57957	0.04531	0.01682	0.01949	0.01859	0.01469	0.01924	0.01516	0.07231	0.01306	0.00947	0.00981	0.00266	0.09476	0.00783	0.00364	0.00824
8	0.01318	0.00659	0.00988	0.00988	0.00988	0.00659	0.00659	0.00988	0.00988	0.01318	0.01318	0.02306	0.01318	0.02635	0.02964	0.77931	0.00659	0.00659	0.00329	0.00329
9	0.00938	0.00676	0.00892	0.01059	0.01120	0.00630	0.00724	0.01084	0.01481	0.01959	0.04347	0.66347	0.08145	0.02339	0.00969	0.00308	0.00450	0.05207	0.00704	0.00621
10	0.00932	0.00748	0.00793	0.00817	0.01004	0.00652	0.00576	0.01086	0.01594	0.01944	0.06383	0.15904	0.49474	0.13067	0.01366	0.00338	0.00446	0.01600	0.00666	0.00609
11	0.00920	0.00676	0.00864	0.01014	0.01089	0.00620	0.00685	0.01061	0.01493	0.01953	0.04691	0.63297	0.14238	0.02310	0.00958	0.00300	0.00432	0.02075	0.00704	0.00620
12	0.02028	0.73799	0.03975	0.01298	0.01947	0.03001	0.01298	0.02271	0.01541	0.01785	0.01055	0.01217	0.00973	0.00649	0.00487	0.00162	0.00811	0.00406	0.00324	0.00973
13	0.01869	0.07264	0.02540	0.21483	0.03090	0.12393	0.05787	0.05319	0.01598	0.02045	0.01201	0.01717	0.01020	0.00971	0.01397	0.00267	0.28150	0.00637	0.00366	0.00887
14	0.02833	0.03615	0.02149	0.01954	0.02345	0.70298	0.01466	0.03029	0.02149	0.01856	0.01172	0.01368	0.00977	0.00782	0.00684	0.00195	0.01368	0.00489	0.00391	0.00879
15	0.01710	0.01996	0.06704	0.07961	0.05632	0.05170	0.45804	0.02266	0.01740	0.02310	0.01786	0.09877	0.01556	0.00854	0.00870	0.00257	0.01151	0.00977	0.00413	0.00967
16	0.00933	0.00678	0.00880	0.01023	0.01096	0.00626	0.00694	0.01088	0.01529	0.02030	0.09353	0.61973	0.10752	0.02274	0.00956	0.00298	0.00429	0.02048	0.00714	0.00626
17	0.05427	0.01552	0.06026	0.04333	0.09358	0.01406	0.23401	0.01993	0.01670	0.05944	0.05307	0.20751	0.05131	0.01230	0.00899	0.00264	0.02689	0.01188	0.00526	0.00906
18	0.06603	0.02169	0.02167	0.01709	0.02279	0.07500	0.01395	0.53443	0.08066	0.04368	0.01827	0.01832	0.01319	0.00899	0.00740	0.00228	0.00846	0.00667	0.00717	0.01228

[dist]
# distance from previous block
# <min> <max>
4	6

[block]
# block no. 3 follows, 26 sequences, length 228
# corresponding to MSA columns:
# 231-458
name=unknown_D
#
# <colnr> <probs for GDERKNQSTAVLIFYWHMCP>
#	G	D	E	R	K	N	Q	S	T	A	V	L	I	F	Y	W	H	M	C	P
0	0.04772	0.01256	0.01492	0.01306	0.01676	0.01267	0.01029	0.15549	0.06963	0.19886	0.07458	0.17505	0.06269	0.03884	0.00938	0.00277	0.00614	0.06101	0.00772	0.00987
1	0.00954	0.00673	0.00871	0.01018	0.01055	0.00636	0.00664	0.01064	0.01394	0.01859	0.03884	0.61603	0.04643	0.14132	0.01447	0.00379	0.00489	0.01982	0.00664	0.00590
2	0.02165	0.01903	0.03430	0.05987	0.03326	0.01881	0.38229	0.17631	0.02252	0.09665	0.04445	0.02192	0.01493	0.00777	0.00843	0.00246	0.01059	0.00840	0.00544	0.01092
3	0.06367	0.03041	0.02414	0.02214	0.07584	0.46985	0.07810	0.10268	0.02206	0.02379	0.01298	0.01520	0.01041	0.00771	0.00708	0.00209	0.01222	0.00562	0.00436	0.00964
4	0.01423	0.01445	0.02830	0.02223	0.02634	0.01412	0.34121	0.01817	0.01603	0.02180	0.02585	0.31210	0.02733	0.01408	0.01046	0.00283	0.06297	0.01398	0.00512	0.00841
5	0.02040	0.01698	0.01804	0.01553	0.02028	0.01915	0.01224	0.14656	0.52259	0.03409	0.02763	0.02580	0.02066	0.00980	0.00757	0.00243	0.00639	0.00803	0.00750	0.05832
6	0.01640	0.01890	0.08842	0.12773	0.10420	0.01774	0.30827	0.02174	0.01613	0.02261	0.01505	0.02057	0.01196	0.01172	0.06918	0.00338	0.07893	0.00777	0.02967	0.00966
7	0.00939	0.00671	0.00897	0.01073	0.01123	0.00629	0.00730	0.01081	0.01467	0.01953	0.04173	0.69686	0.04985	0.02363	0.00972	0.00310	0.00453	0.05173	0.00704	0.00620
8	0.01411	0.01443	0.11368	0.10945	0.04714	0.01182	0.03545	0.03792	0.01731	0.02534	0.20478	0.03147	0.02968	0.01230	0.01064	0.09066	0.03115	0.00867	0.14601	0.00798
9	0.01667	0.01756	0.01539	0.01464	0.01684	0.23710	0.01123	0.01906	0.01545	0.01807	0.01974	0.02606	0.04588	0.03770	0.42188	0.00811	0.03963	0.00738	0.00412	0.00747
10	0.00972	0.00680	0.00866	0.00995	0.01028	0.00648	0.00639	0.01069	0.01359	0.01812	0.03704	0.54775	0.04415	0.21270	0.01738	0.00422	0.00519	0.01876	0.00639	0.00574
11	0.01103	0.00735	0.00827	0.00827	0.00827	0.00735	0.00460	0.01103	0.01103	0.01471	0.02390	0.04964	0.02758	0.73343	0.03861	0.00735	0.00735	0.01103	0.00460	0.00460
12	0.02355	0.01066	0.01439	0.01281	0.01670	0.00955	0.01048	0.02633	0.01939	0.38863	0.03739	0.13772	0.07649	0.01486	0.00870	0.00274	0.00612	0.16510	0.00831	0.01008
13	0.02833	0.03615	0.02149	0.01954	0.02345	0.70298	0.01466	0.03029	0.02149	0.01856	0.01172	0.01368	0.00977	0.00782	0.00684	0.00195	0.01368	0.00489	0.00391	0.00879
14	0.01656	0.01663	0.02249	0.04426	0.02080	0.04507	0.01626	0.01842	0.01211	0.01827	0.01077	0.01742	0.01050	0.01551	0.06446	0.00378	0.62841	0.00667	0.00339	0.00823
15	0.02833	0.03615	0.02149	0.01954	0.02345	0.70298	0.01466	0.03029	0.02149	0.01856	0.01172	0.01368	0.00977	0.00782	0.00684	0.00195	0.01368	0.00489	0.00391	0.00879
16	0.02124	0.04994	0.02620	0.05630	0.07388	0.27217	0.09063	0.02396	0.01669	0.01958	0.01174	0.01615	0.01022	0.00948	0.01359	0.00255	0.26682	0.00618	0.00363	0.00903
17	0.00924	0.00660	0.00880	0.01056	0.01100	0.00616	0.00704	0.01056	0.01452	0.01936	0.04181	0.72848	0.05017	0.02376	0.00968	0.00308	0.00440	0.02156	0.00704	0.00616
18	0.02055	0.01840	0.05271	0.06523	0.05545	0.01965	0.01448	0.17299	0.42470	0.03369	0.02527	0.02448	0.01882	0.00953	0.00765	0.00248	0.00720	0.00784	0.00698	0.01192
19	0.02296	0.06709	0.18882	0.04213	0.05046	0.02036	0.01761	0.34977	0.02642	0.06156	0.04063	0.04438	0.01536	0.00910	0.00745	0.00231	0.00874	0.00715	0.00603	0.01167
20	0.01065	0.00775	0.01003	0.00946	0.01128	0.00712	0.00709	0.01416	0.02128	0.02997	0.65458	0.05740	0.09939	0.01568	0.00895	0.00239	0.00359	0.01382	0.00829	0.00712
21	0.01573	0.01348	0.01573	0.01123	0.01798	0.01011	0.00899	0.01910	0.01573	0.02472	0.01348	0.01573	0.01123	0.00562	0.00562	0.00112	0.00562	0.00449	0.00449	0.77980
22	0.11301	0.04235	0.02004	0.09881	0.02425	0.05219	0.01337	0.26139	0.07569	0.16914	0.04191	0.02098	0.01574	0.00890	0.00719	0.00232	0.00780	0.00685	0.00682	0.01126
23	0.44459	0.01647	0.03573	0.01228	0.01750	0.05012	0.01030	0.04875	0.07042	0.15872	0.01654	0.01682	0.01194	0.00779	0.00585	0.00227	0.00662	0.00535	0.00584	0.05610
24	0.00924	0.00660	0.00880	0.01056	0.01100	0.00616	0.00704	0.01056	0.01452	0.01936	0.04181	0.72848	0.05017	0.02376	0.00968	0.00308	0.00440	0.02156	0.00704	0.00616
25	0.01573	0.01348	0.01573	0.01123	0.01798	0.01011	0.00899	0.01910	0.01573	0.02472	0.01348	0.01573	0.01123	0.00562	0.00562	0.00112	0.00562	0.00449	0.00449	0.77980
26	0.17872	0.08388	0.01978	0.06086	0.02130	0.01682	0.01212	0.12404	0.02061	0.32883	0.02059	0.01997	0.01401	0.00864	0.00747	0.00232	0.03552	0.00637	0.00696	0.01119
27	0.69368	0.01509	0.01257	0.04496	0.01715	0.01748	0.00930	0.06898	0.01469	0.03433	0.01127	0.01314	0.00865	0.00722	0.00505	0.00235	0.00626	0.00444	0.00484	0.00857
28	0.00931	0.00666	0.00887	0.01051	0.01102	0.00621	0.00705	0.01074	0.01486	0.01990	0.07307	0.69568	0.05121	0.02336	0.00965	0.00305	0.00436	0.02118	0.00710	0.00621
29	0.01667	0.01604	0.02793	0.26309	0.38566	0.01702	0.07212	0.02131	0.01646	0.02264	0.01575	0.06205	0.01364	0.00802	0.00778	0.00242	0.00940	0.00782	0.00383	0.01034
30	0.01777	0.02138	0.07669	0.03146	0.03931	0.01910	0.62756	0.02428	0.01781	0.02428	0.01526	0.02024	0.01142	0.00643	0.00887	0.00255	0.01271	0.00879	0.00381	0.01028
31	0.00924	0.00660	0.00880	0.01056	0.01100	0.00616	0.00704	0.01056	0.01452	0.01936	0.04181	0.72848	0.05017	0.02376	0.00968	0.00308	0.00440	0.02156	0.00704	0.00616
32	0.01432	0.01348	0.02275	0.71520	0.05224	0.01685	0.02107	0.01938	0.01517	0.01938	0.01348	0.02022	0.01011	0.00758	0.00758	0.00253	0.01011	0.00674	0.00337	0.00843
33	0.00924	0.00660	0.00880	0.01056	0.01100	0.00616	0.00704	0.01056	0.01452	0.01936	0.04181	0.72848	0.05017	0.02376	0.00968	0.00308	0.00440	0.02156	0.00704	0.00616
34	0.03386	0.01319	0.01777	0.01363	0.01950	0.01156	0.01126	0.05770	0.02217	0.66998	0.02954	0.02556	0.01858	0.00938	0.00763	0.00234	0.00652	0.00760	0.00933	0.01291
35	0.01449	0.01359	0.01832	0.01651	0.01725	0.04191	0.01340	0.01662	0.01223	0.01798	0.01457	0.02229	0.01390	0.03223	0.32219	0.00717	0.38681	0.00723	0.00367	0.00765
36	0.02833	0.03615	0.02149	0.01954	0.02345	0.70298	0.01466	0.03029	0.02149	0.01856	0.01172	0.01368	0.00977	0.00782	0.00684	0.00195	0.01368	0.00489	0.00391	0.00879
37	0.01598	0.01652	0.03084	0.23292	0.06334	0.01826	0.27133	0.02062	0.01560	0.02132	0.01565	0.07150	0.01365	0.00936	0.01160	0.00272	0.14717	0.00868	0.00383	0.00909
38	0.00905	0.00769	0.00780	0.00778	0.01030	0.00644	0.00583	0.01105	0.01749	0.02098	0.10660	0.07219	0.65297	0.01903	0.00896	0.00255	0.00383	0.01590	0.00711	0.00644
39	0.02438	0.02520	0.18084	0.01959	0.02694	0.02161	0.07255	0.43657	0.05165	0.03970	0.01733	0.01824	0.01237	0.00847	0.00762	0.00234	0.00931	0.00679	0.00625	0.01225
40	0.02360	0.01897	0.02405	0.02625	0.24083	0.02025	0.01660	0.37362	0.05937	0.03746	0.02174	0.02283	0.06128	0.00912	0.00767	0.00230	0.00813	0.00755	0.00629	0.01210
41	0.00904	0.00767	0.00771	0.00771	0.01017	0.00644	0.00572	0.01089	0.01706	0.02028	0.07491	0.07215	0.65920	0.04518	0.01004	0.00274	0.00397	0.01583	0.00695	0.00634
42	0.13166	0.01908	0.02019	0.03968	0.02256	0.02093	0.01316	0.45632	0.06833	0.04191	0.01733	0.01785	0.01262	0.00853	0.00702	0.00221	0.00768	0.00635	0.00678	0.07980
43	0.01762	0.01465	0.04165	0.01201	0.01882	0.01091	0.01005	0.04116	0.01686	0.07993	0.01498	0.01664	0.01184	0.00610	0.00590	0.00131	0.00598	0.00487	0.00494	0.66377
44	0.57308	0.04243	0.06914	0.07271	0.03955	0.01785	0.01181	0.05293	0.01466	0.03180	0.01153	0.01376	0.00888	0.00717	0.00537	0.00234	0.00695	0.00466	0.00452	0.00886
45	0.03116	0.04073	0.01837	0.01378	0.01942	0.01306	0.01135	0.03695	0.12258	0.56351	0.02934	0.02569	0.01912	0.00942	0.00754	0.00235	0.00645	0.00764	0.00890	0.01265
46	0.01073	0.00723	0.00836	0.00865	0.00873	0.00716	0.00500	0.01095	0.01161	0.01548	0.02688	0.16260	0.03134	0.61534	0.03379	0.00664	0.00686	0.01278	0.00500	0.00486
47	0.07438	0.01962	0.06261	0.10522	0.11658	0.01893	0.38112	0.05384	0.01769	0.02541	0.01451	0.01919	0.01110	0.00705	0.00881	0.00251	0.03949	0.00776	0.00397	0.01019
48	0.02685	0.08216	0.02345	0.02069	0.06445	0.56042	0.01513	0.05928	0.02119	0.02030	0.01206	0.01420	0.01006	0.00789	0.00733	0.00201	0.03420	0.00509	0.00401	0.00924
49	0.00948	0.00677	0.00907	0.01083	0.01138	0.00637	0.00745	0.01097	0.01476	0.01963	0.04168	0.67732	0.04965	0.02354	0.00974	0.00311	0.00461	0.07038	0.00704	0.00623
50	0.01849	0.04657	0.05372	0.11118	0.08710	0.04476	0.22035	0.07794	0.01727	0.02363	0.01339	0.01830	0.01087	0.00883	0.01276	0.00266	0.21124	0.00721	0.00391	0.00981
51	0.02637	0.05645	0.02287	0.05390	0.05711	0.51178	0.01540	0.09062	0.02167	0.02175	0.01244	0.01478	0.01021	0.00811	0.00781	0.00208	0.04780	0.00532	0.00418	0.00935
52	0.00924	0.00660	0.00880	0.01056	0.01100	0.00616	0.00704	0.01056	0.01452	0.01936	0.04181	0.72848	0.05017	0.02376	0.00968	0.00308	0.00440	0.02156	0.00704	0.00616
53	0.01935	0.01602	0.01753	0.04983	0.02135	0.01839	0.01255	0.06813	0.56632	0.05162	0.02971	0.02939	0.02262	0.01045	0.00780	0.00258	0.00637	0.03074	0.00752	0.01172
54	0.00953	0.00682	0.00909	0.01057	0.01122	0.00638	0.00725	0.01120	0.01545	0.02079	0.11710	0.62456	0.05243	0.02268	0.00963	0.00301	0.00440	0.04435	0.00719	0.00631
55	0.00923	0.00664	0.00876	0.01045	0.01097	0.00617	0.00699	0.01057	0.01463	0.01941	0.04312	0.70380	0.07399	0.02359	0.00965	0.00306	0.00438	0.02135	0.00704	0.00617
56	0.00924	0.00660	0.00880	0.01056	0.01100	0.00616	0.00704	0.01056	0.01452	0.01936	0.04181	0.72848	0.05017	0.02376	0.00968	0.00308	0.00440	0.02156	0.00704	0.00616
57	0.00924	0.00660	0.00880	0.01056	0.01100	0.00616	0.00704	0.01056	0.01452	0.01936	0.04181	0.72848	0.05017	0.02376	0.00968	0.00308	0.00440	0.02156	0.00704	0.00616
58	0.01790	0.02046	0.04476	0.03197	0.03964	0.01918	0.65857	0.02430	0.01790	0.02430	0.01535	0.02046	0.01151	0.00639	0.00895	0.00256	0.01279	0.00895	0.00384	0.01023
59	0.78701	0.01467	0.01115	0.00997	0.01467	0.01702	0.00821	0.02230	0.01291	0.03403	0.01056	0.01232	0.00821	0.00704	0.00469	0.00235	0.00587	0.00411	0.00469	0.00821
60	0.02833	0.03615	0.02149	0.01954	0.02345	0.70298	0.01466	0.03029	0.02149	0.01856	0.01172	0.01368	0.00977	0.00782	0.00684	0.00195	0.01368	0.00489	0.00391	0.00879
61	0.01512	0.01479	0.02604	0.48489	0.11153	0.01704	0.11316	0.02002	0.01574	0.02066	0.01686	0.02260	0.04410	0.00813	0.00853	0.00254	0.03812	0.00752	0.00366	0.00895
62	0.00924	0.00660	0.00880	0.01056	0.01100	0.00616	0.00704	0.01056	0.01452	0.01936	0.04181	0.72848	0.05017	0.02376	0.00968	0.00308	0.00440	0.02156	0.00704	0.00616
63	0.01899	0.01965	0.03373	0.11338	0.32648	0.06307	0.23843	0.04829	0.01824	0.02450	0.01453	0.01916	0.01152	0.00689	0.00797	0.00237	0.01070	0.00738	0.00390	0.01083
64	0.01711	0.01387	0.01505	0.01360	0.01736	0.01535	0.01054	0.03288	0.47211	0.05646	0.14461	0.03742	0.09702	0.01202	0.00804	0.00253	0.00540	0.01014	0.00782	0.01067
65	0.00925	0.00770	0.00808	0.00798	0.01042	0.00652	0.00599	0.01143	0.01796	0.02208	0.17367	0.07038	0.58522	0.01862	0.00896	0.00253	0.00380	0.01564	0.00725	0.00652
66	0.23159	0.01653	0.04262	0.03711	0.07830	0.01734	0.01276	0.08152	0.24766	0.10220	0.04349	0.02226	0.01752	0.00888	0.00687	0.00242	0.00670	0.00696	0.00643	0.01084
67	0.05383	0.11261	0.56904	0.02091	0.05121	0.01893	0.02528	0.02377	0.01584	0.02387	0.01315	0.01551	0.00963	0.00711	0.00684	0.00231	0.01054	0.00540	0.00330	0.01093
68	0.37950	0.01832	0.09923	0.03831	0.05237	0.01710	0.01314	0.07913	0.09175	0.11972	0.01672	0.01744	0.01212	0.00792	0.00621	0.00238	0.00712	0.00571	0.00563	0.01021
69	0.02085	0.65951	0.07109	0.01344	0.02013	0.02826	0.01362	0.02363	0.01582	0.05865	0.01186	0.01318	0.01027	0.00670	0.00515	0.00170	0.00817	0.00435	0.00361	0.01000
70	0.01014	0.00698	0.00854	0.00942	0.00964	0.00676	0.00582	0.01080	0.01278	0.01703	0.03285	0.38890	0.03887	0.37876	0.02415	0.00522	0.00588	0.01629	0.00582	0.00538
71	0.01834	0.01688	0.02637	0.12521	0.44099	0.01782	0.02016	0.05565	0.12181	0.02609	0.01804	0.04735	0.01503	0.00818	0.00764	0.00237	0.00847	0.00761	0.00464	0.01137
72	0.78701	0.01467	0.01115	0.00997	0.01467	0.01702	0.00821	0.02230	0.01291	0.03403	0.01056	0.01232	0.00821	0.00704	0.00469	0.00235	0.00587	0.00411	0.00469	0.00821
73	0.00929	0.00664	0.00884	0.01053	0.01101	0.00619	0.00704	0.01068	0.01474	0.01971	0.06211	0.70718	0.05085	0.02350	0.00966	0.00306	0.00437	0.02131	0.00708	0.00619
74	0.06802	0.01036	0.01323	0.01175	0.01457	0.00997	0.04694	0.07238	0.01925	0.02758	0.26689	0.19274	0.10850	0.03705	0.00934	0.00261	0.00519	0.01332	0.00694	0.06335
75	0.02392	0.01862	0.02120	0.10900	0.02577	0.05350	0.03735	0.40268	0.02827	0.06206	0.04447	0.02517	0.06420	0.03834	0.00897	0.00253	0.00841	0.00790	0.00664	0.01101
76	0.00948	0.00683	0.00900	0.01046	0.01116	0.00635	0.00717	0.01112	0.01542	0.02061	0.10640	0.61457	0.07735	0.02267	0.00961	0.00300	0.00438	0.04095	0.00717	0.00630
77	0.02589	0.03192	0.02124	0.02093	0.07890	0.56913	0.01472	0.02902	0.05289	0.01986	0.01680	0.01840	0.05110	0.00853	0.00707	0.00205	0.01231	0.00589	0.00427	0.00908
78	0.00924	0.00660	0.00880	0.01056	0.01100	0.00616	0.00704	0.01056	0.01452	0.01936	0.04181	0.72848	0.05017	0.02376	0.00968	0.00308	0.00440	0.02156	0.00704	0.00616
79	0.00924	0.00660	0.00880	0.01056	0.01100	0.00616	0.00704	0.01056	0.01452	0.01936	0.04181	0.72848	0.05017	0.02376	0.00968	0.00308	0.00440	0.02156	0.00704	0.00616
80	0.02017	0.65195	0.07067	0.01389	0.02028	0.05249	0.01391	0.02287	0.01551	0.01819	0.01071	0.01258	0.00974	0.00683	0.00581	0.00174	0.03543	0.00426	0.00327	0.00972
81	0.00922	0.00668	0.00872	0.01035	0.01095	0.00618	0.00695	0.01058	0.01472	0.01944	0.04433	0.68124	0.09578	0.02344	0.00963	0.00304	0.00436	0.02116	0.00704	0.00618
82	0.05663	0.02051	0.02205	0.03920	0.02391	0.02284	0.01427	0.58598	0.06524	0.04560	0.01839	0.01854	0.01313	0.00904	0.00748	0.00230	0.00819	0.00681	0.00735	0.01254
83	0.41684	0.04350	0.07501	0.01609	0.02084	0.01929	0.09389	0.04405	0.01441	0.02868	0.01156	0.01472	0.00931	0.00829	0.00966	0.00255	0.15268	0.00545	0.00423	0.00895
84	0.02833	0.03615	0.02149	0.01954	0.02345	0.70298	0.01466	0.03029	0.02149	0.01856	0.01172	0.01368	0.00977	0.00782	0.00684	0.00195	0.01368	0.00489	0.00391	0.00879
85	0.01432	0.01103	0.01453	0.04048	0.01668	0.03310	0.04829	0.07776	0.01720	0.05595	0.05762	0.39379	0.03592	0.07165	0.03964	0.00353	0.03927	0.01525	0.00636	0.00762
86	0.01028	0.00704	0.00849	0.00923	0.00941	0.00686	0.00562	0.01083	0.01249	0.01665	0.03136	0.33256	0.03699	0.43766	0.02655	0.00557	0.00612	0.01542	0.00562	0.00525
87	0.05397	0.07823	0.15796	0.02006	0.09526	0.02033	0.01700	0.31951	0.02508	0.05885	0.01739	0.04222	0.01373	0.03668	0.00845	0.00248	0.00864	0.00693	0.00577	0.01149
88	0.04951	0.02027	0.11755	0.01764	0.05464	0.01827	0.01508	0.23501	0.18501	0.12884	0.04305	0.02407	0.03766	0.00947	0.00755	0.00239	0.00759	0.00758	0.00696	0.01187
89	0.01070	0.00755	0.00917	0.00893	0.00998	0.00716	0.00600	0.01262	0.01664	0.02291	0.35042	0.07516	0.09060	0.31548	0.02134	0.00449	0.00519	0.01298	0.00666	0.00601
90	0.01573	0.01348	0.01573	0.01123	0.01798	0.01011	0.00899	0.01910	0.01573	0.02472	0.01348	0.01573	0.01123	0.00562	0.00562	0.00112	0.00562	0.00449	0.00449	0.77980
91	0.01832	0.01786	0.06551	0.25864	0.28615	0.01812	0.02046	0.11627	0.05155	0.02686	0.03661	0.02068	0.01381	0.00785	0.00758	0.00238	0.00909	0.00700	0.00450	0.01076
92	0.06291	0.01648	0.02251	0.01932	0.01960	0.02286	0.01609	0.01850	0.01169	0.01920	0.00999	0.01634	0.00985	0.01290	0.02368	0.00326	0.67664	0.00649	0.00340	0.00829
93	0.00924	0.00660	0.00880	0.01056	0.01100	0.00616	0.00704	0.01056	0.01452	0.01936	0.04181	0.72848	0.05017	0.02376	0.00968	0.00308	0.00440	0.02156	0.00704	0.00616
94	0.01618	0.01375	0.01597	0.01145	0.01817	0.01058	0.00918	0.04138	0.01642	0.02552	0.01365	0.01581	0.01129	0.00574	0.00569	0.00116	0.00571	0.00457	0.00460	0.75317
95	0.01678	0.01415	0.01628	0.01187	0.01844	0.01146	0.00951	0.06399	0.04988	0.02664	0.01467	0.01653	0.01194	0.00609	0.00586	0.00127	0.00582	0.00486	0.00487	0.68908
96	0.02926	0.02056	0.02234	0.01713	0.02318	0.02251	0.01415	0.60975	0.03452	0.10049	0.01917	0.01883	0.01338	0.00913	0.00759	0.00228	0.00819	0.00689	0.00774	0.01290
97	0.01014	0.00768	0.00935	0.00905	0.01100	0.00689	0.00674	0.01312	0.01990	0.02695	0.47240	0.09500	0.25006	0.01701	0.00899	0.00247	0.00370	0.01478	0.00790	0.00689
98	0.01826	0.02172	0.08597	0.03059	0.03841	0.01929	0.58605	0.05536	0.01865	0.02543	0.01537	0.02006	0.01145	0.00658	0.00877	0.00253	0.01247	0.00863	0.00398	0.01042
99	0.01790	0.02046	0.04476	0.03197	0.03964	0.01918	0.65857	0.02430	0.01790	0.02430	0.01535	0.02046	0.01151	0.00639	0.00895	0.00256	0.01279	0.00895	0.00384	0.01023
100	0.00924	0.00660	0.00880	0.01056	0.01100	0.00616	0.00704	0.01056	0.01452	0.01936	0.04181	0.72848	0.05017	0.02376	0.00968	0.00308	0.00440	0.02156	0.00704	0.00616
101	0.01084	0.00813	0.01219	0.01219	0.01354	0.00948	0.00948	0.01354	0.01219	0.01761	0.02032	0.02980	0.01896	0.05689	0.70337	0.01219	0.02032	0.00813	0.00406	0.00677
102	0.00922	0.00667	0.00873	0.01039	0.01096	0.00618	0.00696	0.01058	0.01469	0.01943	0.04391	0.68907	0.08822	0.02349	0.00964	0.00305	0.00437	0.02123	0.00704	0.00618
103	0.02844	0.02105	0.02254	0.01737	0.02337	0.02334	0.01432	0.63630	0.06083	0.04717	0.01871	0.01861	0.01330	0.00915	0.00759	0.00229	0.00825	0.00690	0.00759	0.01286
104	0.05138	0.06643	0.02218	0.01931	0.04261	0.52031	0.01450	0.07847	0.02118	0.02150	0.01246	0.01477	0.01037	0.00977	0.03235	0.00241	0.04147	0.00522	0.00417	0.00915
105	0.02833	0.03615	0.02149	0.01954	0.02345	0.70298	0.01466	0.03029	0.02149	0.01856	0.01172	0.01368	0.00977	0.00782	0.00684	0.00195	0.01368	0.00489	0.00391	0.00879
106	0.02772	0.04335	0.02172	0.01642	0.02204	0.04562	0.01345	0.47739	0.07647	0.11628	0.02017	0.02067	0.01465	0.03803	0.00873	0.00248	0.00811	0.00705	0.00741	0.01226
107	0.00963	0.00681	0.00890	0.01042	0.01086	0.00645	0.00696	0.01088	0.01419	0.01889	0.03930	0.60505	0.04679	0.11984	0.01364	0.00368	0.00493	0.05009	0.00671	0.00599
108	0.02448	0.01867	0.02046	0.04814	0.02299	0.02083	0.01359	0.44467	0.16990	0.04124	0.05394	0.04670	0.01912	0.01011	0.00775	0.00238	0.00756	0.00804	0.00744	0.01199
109	0.52800	0.03998	0.01597	0.01344	0.04244	0.01725	0.04164	0.08266	0.01661	0.07575	0.05327	0.01704	0.01350	0.00783	0.00573	0.00232	0.00654	0.00550	0.00536	0.00918
110	0.00974	0.00697	0.00930	0.01066	0.01144	0.00654	0.00748	0.01162	0.01595	0.02152	0.15128	0.56197	0.05331	0.02212	0.00962	0.00299	0.00447	0.06937	0.00726	0.00640
111	0.08373	0.33001	0.08889	0.01704	0.04889	0.04730	0.05326	0.12631	0.04152	0.07604	0.01465	0.01586	0.01143	0.00741	0.00621	0.00203	0.00856	0.00549	0.00474	0.01065
112	0.08064	0.10034	0.45397	0.02134	0.05371	0.04083	0.07333	0.04809	0.01681	0.02504	0.01334	0.01580	0.00987	0.00714	0.00693	0.00231	0.01049	0.00566	0.00359	0.01076
113	0.04740	0.48426	0.13605	0.05714	0.02375	0.10087	0.01579	0.02353	0.01607	0.01954	0.01132	0.01341	0.00969	0.00683	0.00560	0.00186	0.00924	0.00455	0.00337	0.00972
114	0.02648	0.01945	0.02088	0.01624	0.02178	0.02133	0.01333	0.57579	0.03341	0.04495	0.05377	0.02315	0.04944	0.00991	0.00765	0.00228	0.00773	0.00763	0.03269	0.01210
115	0.01022	0.00701	0.00851	0.00931	0.00951	0.00681	0.00570	0.01082	0.01261	0.01681	0.03199	0.35637	0.03778	0.41277	0.02554	0.00542	0.00602	0.01579	0.00570	0.00530
116	0.01623	0.01808	0.09569	0.04794	0.02735	0.01632	0.24432	0.08220	0.01937	0.02682	0.17004	0.03071	0.06524	0.01043	0.01045	0.00256	0.09202	0.00955	0.00528	0.00937
117	0.58132	0.06335	0.01530	0.04717	0.03899	0.01780	0.01017	0.05398	0.01506	0.08048	0.01260	0.01418	0.00953	0.00729	0.00529	0.00230	0.00649	0.00471	0.00498	0.00902
118	0.01066	0.00724	0.00857	0.00893	0.00908	0.00721	0.00533	0.01106	0.01180	0.01580	0.02738	0.18720	0.03177	0.55610	0.06467	0.00671	0.00737	0.01304	0.00507	0.00502
119	0.06357	0.03957	0.01631	0.01468	0.04349	0.08642	0.01075	0.07552	0.06041	0.05056	0.07536	0.19381	0.02721	0.06092	0.01121	0.00276	0.06767	0.01063	0.00586	0.08328
120	0.17202	0.08627	0.02301	0.04600	0.02357	0.31230	0.05940	0.11131	0.02022	0.02584	0.01251	0.01479	0.01003	0.00789	0.00744	0.00218	0.04602	0.00538	0.00444	0.00938
121	0.00924	0.00660	0.00880	0.01056	0.01100	0.00616	0.00704	0.01056	0.01452	0.01936	0.04181	0.72848	0.05017	0.02376	0.00968	0.00308	0.00440	0.02156	0.00704	0.00616
122	0.01723	0.01643	0.02817	0.22554	0.42040	0.01753	0.05988	0.02185	0.01646	0.02316	0.01437	0.01957	0.01168	0.00730	0.00821	0.00237	0.03740	0.00689	0.03496	0.01058
123	0.01113	0.00852	0.01259	0.01242	0.01366	0.01009	0.00965	0.01368	0.01212	0.01753	0.01994	0.02991	0.01885	0.08086	0.64380	0.01156	0.05473	0.00816	0.00405	0.00676
124	0.00924	0.00660	0.00880	0.01056	0.01100	0.00616	0.00704	0.01056	0.01452	0.01936	0.04181	0.72848	0.05017	0.02376	0.00968	0.00308	0.00440	0.02156	0.00704	0.00616
125	0.01432	0.01348	0.02275	0.71520	0.05224	0.01685	0.02107	0.01938	0.01517	0.01938	0.01348	0.02022	0.01011	0.00758	0.00758	0.00253	0.01011	0.00674	0.00337	0.00843
126	0.00922	0.00667	0.00873	0.01039	0.01096	0.00618	0.00696	0.01058	0.01469	0.01943	0.04391	0.68907	0.08822	0.02349	0.00964	0.00305	0.00437	0.02123	0.00704	0.00618
127	0.18983	0.01928	0.02028	0.06630	0.02371	0.02165	0.01357	0.47798	0.02932	0.04281	0.01623	0.01710	0.01170	0.00855	0.00697	0.00231	0.00794	0.00624	0.00666	0.01157
128	0.01691	0.04346	0.02453	0.18096	0.02868	0.07230	0.06012	0.01977	0.01377	0.01890	0.01176	0.01791	0.01048	0.01282	0.04860	0.00332	0.39712	0.00666	0.00344	0.00848
129	0.02025	0.01878	0.01331	0.01231	0.01510	0.27130	0.00930	0.05456	0.01901	0.02558	0.01949	0.02225	0.01545	0.00846	0.00600	0.00186	0.00761	0.00623	0.44512	0.00801
130	0.36662	0.01563	0.02000	0.14807	0.07319	0.01759	0.09041	0.07423	0.01599	0.02908	0.01322	0.01774	0.01065	0.04370	0.00859	0.00268	0.03313	0.00603	0.00446	0.00898
