[name]
unknown

[dist]
# distance from previous block
# <min> <max>
0	4

[block]
# block no. 0 follows, 23 sequences, length 40
# corresponding to MSA columns:
# 4-43
name=unknown_A
#
# <colnr> <probs for GDERKNQSTAVLIFYWHMCP>
#	G	D	E	R	K	N	Q	S	T	A	V	L	I	F	Y	W	H	M	C	P
0	0.01877	0.01471	0.01624	0.01393	0.01852	0.01506	0.01095	0.09800	0.25623	0.05808	0.06625	0.03907	0.11521	0.04619	0.00984	0.00271	0.00632	0.04060	0.00743	0.14590
1	0.01822	0.05164	0.05560	0.01996	0.02510	0.01648	0.17521	0.02227	0.01752	0.07941	0.06649	0.10904	0.02232	0.01129	0.01147	0.00256	0.12607	0.00977	0.00537	0.15423
2	0.27126	0.01722	0.01934	0.06145	0.02341	0.01866	0.03822	0.16781	0.09310	0.18161	0.02070	0.02073	0.01456	0.00900	0.00719	0.00254	0.00765	0.00685	0.00709	0.01162
3	0.05287	0.04402	0.06223	0.03959	0.01755	0.03929	0.01129	0.01945	0.02008	0.07407	0.32415	0.05043	0.04837	0.07341	0.01164	0.00310	0.00650	0.08623	0.00725	0.00846
4	0.01663	0.01078	0.01342	0.01187	0.01487	0.01050	0.00918	0.06302	0.08081	0.11184	0.48287	0.05104	0.06070	0.01482	0.00918	0.00256	0.00479	0.01288	0.00895	0.00930
5	0.01957	0.02011	0.03196	0.20197	0.03832	0.07583	0.24335	0.07553	0.05187	0.02565	0.01720	0.04937	0.01405	0.00935	0.01076	0.00276	0.08885	0.00866	0.00461	0.01023
6	0.02548	0.01414	0.01782	0.11046	0.02394	0.04507	0.01272	0.03107	0.09101	0.32866	0.12826	0.08131	0.03015	0.01194	0.00850	0.00261	0.00714	0.01011	0.00829	0.01132
7	0.02633	0.01606	0.01853	0.01573	0.02095	0.01705	0.01250	0.04176	0.41227	0.27485	0.03264	0.02927	0.02300	0.01064	0.00822	0.00266	0.00660	0.00879	0.00893	0.01321
8	0.01923	0.02167	0.04662	0.03551	0.09473	0.02042	0.58343	0.02590	0.01909	0.02604	0.01632	0.02174	0.01236	0.00687	0.00945	0.00271	0.01334	0.00938	0.00410	0.01110
9	0.06351	0.01545	0.01891	0.01492	0.02070	0.01504	0.01213	0.13593	0.09112	0.44270	0.02888	0.02719	0.01953	0.04408	0.00963	0.00278	0.00721	0.00815	0.00908	0.01306
10	0.01409	0.00705	0.01057	0.01057	0.01057	0.00705	0.00705	0.01057	0.01057	0.01409	0.01409	0.02467	0.01409	0.02819	0.03171	0.76392	0.00705	0.00705	0.00352	0.00352
11	0.00989	0.00706	0.00942	0.01130	0.01177	0.00659	0.00753	0.01130	0.01554	0.02071	0.04472	0.70954	0.05367	0.02542	0.01036	0.00330	0.00471	0.02307	0.00753	0.00659
12	0.01738	0.01908	0.06265	0.17171	0.07488	0.01887	0.29768	0.02415	0.06039	0.02447	0.01912	0.08434	0.01642	0.00968	0.01032	0.00281	0.06146	0.00980	0.00452	0.01027
13	0.03085	0.02273	0.02435	0.01867	0.02516	0.02516	0.01542	0.63716	0.03815	0.05114	0.01948	0.01948	0.01380	0.00974	0.00812	0.00244	0.00893	0.00731	0.00812	0.01380
14	0.02746	0.02001	0.02361	0.01865	0.02467	0.02175	0.05936	0.34327	0.21822	0.11799	0.02481	0.02386	0.01773	0.00995	0.00827	0.00256	0.00828	0.00813	0.00810	0.01331
15	0.01495	0.00864	0.01300	0.05668	0.01517	0.00893	0.02646	0.03538	0.01277	0.01731	0.01593	0.02675	0.01524	0.02454	0.02679	0.60379	0.00742	0.02792	0.03755	0.00479
16	0.01856	0.01946	0.02951	0.02394	0.02580	0.05101	0.14455	0.02139	0.01424	0.02087	0.01191	0.01847	0.01098	0.01245	0.02233	0.00332	0.53065	0.00753	0.00369	0.00932
17	0.01039	0.00825	0.00933	0.00906	0.01145	0.00719	0.00680	0.01320	0.02039	0.02641	0.32645	0.07070	0.41388	0.01888	0.00958	0.00266	0.00399	0.01609	0.00813	0.00719
18	0.01883	0.02126	0.04591	0.08961	0.04354	0.02031	0.58344	0.02555	0.01891	0.02555	0.01625	0.02187	0.01219	0.00695	0.00945	0.00273	0.01344	0.00938	0.00406	0.01078
19	0.01269	0.00856	0.01123	0.01041	0.01254	0.00786	0.00786	0.01648	0.02298	0.06336	0.62956	0.05902	0.07383	0.01627	0.00950	0.00255	0.00398	0.01436	0.00899	0.00795
20	0.01683	0.01442	0.01683	0.01202	0.01923	0.01082	0.00961	0.02043	0.01683	0.02644	0.01442	0.01683	0.01202	0.00601	0.00601	0.00120	0.00601	0.00481	0.00481	0.76444
21	0.01308	0.01044	0.01539	0.01339	0.01460	0.01072	0.09106	0.01437	0.01350	0.01835	0.04795	0.09117	0.02919	0.49574	0.03268	0.00635	0.05872	0.01203	0.00503	0.00623
22	0.02899	0.01514	0.01907	0.01530	0.02061	0.01508	0.01244	0.07046	0.14205	0.38637	0.05647	0.02756	0.02179	0.01058	0.00965	0.00255	0.06505	0.00828	0.00864	0.06391
23	0.01409	0.00705	0.01057	0.01057	0.01057	0.00705	0.00705	0.01057	0.01057	0.01409	0.01409	0.02467	0.01409	0.02819	0.03171	0.76392	0.00705	0.00705	0.00352	0.00352
24	0.00989	0.00706	0.00942	0.01130	0.01177	0.00659	0.00753	0.01130	0.01554	0.02071	0.04472	0.70954	0.05367	0.02542	0.01036	0.00330	0.00471	0.02307	0.00753	0.00659
25	0.01754	0.15179	0.48955	0.02299	0.03367	0.02125	0.10353	0.02550	0.01728	0.02464	0.01425	0.01705	0.01056	0.00747	0.00753	0.00245	0.01166	0.00617	0.00352	0.01160
26	0.03641	0.01381	0.01883	0.01444	0.02071	0.01193	0.01193	0.03954	0.02322	0.66984	0.03201	0.02762	0.02009	0.01004	0.00816	0.00251	0.00690	0.00816	0.01004	0.01381
27	0.01513	0.00756	0.00756	0.00756	0.00945	0.00756	0.00567	0.01891	0.01702	0.03025	0.02647	0.03025	0.02080	0.00945	0.00567	0.00189	0.00378	0.00756	0.75988	0.00756
28	0.01125	0.00828	0.01051	0.00996	0.01198	0.00755	0.00747	0.01485	0.02240	0.03120	0.58704	0.06282	0.15029	0.01709	0.00957	0.00258	0.00386	0.01498	0.00876	0.00755
29	0.01940	0.07622	0.40845	0.02509	0.05871	0.12405	0.12426	0.02669	0.01839	0.02448	0.01438	0.01739	0.01074	0.00761	0.00782	0.00247	0.01240	0.00641	0.00368	0.01136
30	0.01409	0.00705	0.01057	0.01057	0.01057	0.00705	0.00705	0.01057	0.01057	0.01409	0.01409	0.02467	0.01409	0.02819	0.03171	0.76392	0.00705	0.00705	0.00352	0.00352
31	0.01108	0.00796	0.00953	0.01007	0.01187	0.00706	0.00719	0.01314	0.01802	0.04949	0.14188	0.34597	0.29388	0.02168	0.00986	0.00294	0.00444	0.01899	0.00783	0.00713
32	0.01848	0.02021	0.04205	0.03251	0.08404	0.01922	0.50600	0.02551	0.04999	0.02597	0.01957	0.08088	0.01650	0.00866	0.00946	0.00276	0.01226	0.01054	0.00460	0.01081
33	0.16002	0.07735	0.35659	0.02097	0.02996	0.01908	0.11993	0.02454	0.01721	0.02782	0.06104	0.02003	0.01516	0.00813	0.00746	0.00253	0.01036	0.00678	0.00424	0.01079
34	0.01673	0.09900	0.61976	0.02235	0.03392	0.01996	0.02863	0.02558	0.01708	0.02514	0.01429	0.01679	0.01029	0.00764	0.00750	0.00250	0.01171	0.00586	0.00343	0.01186
35	0.09030	0.01837	0.01924	0.01545	0.02127	0.11538	0.01249	0.07170	0.04538	0.46514	0.02680	0.02418	0.01757	0.00961	0.00779	0.00245	0.00813	0.00742	0.00860	0.01272
36	0.52695	0.01451	0.01394	0.09673	0.02074	0.01643	0.01064	0.02379	0.01597	0.08729	0.08887	0.02097	0.01787	0.00887	0.00620	0.00254	0.00661	0.00626	0.00572	0.00911
37	0.58630	0.01844	0.04844	0.01290	0.01857	0.01962	0.01119	0.14549	0.01880	0.03877	0.01309	0.01463	0.00986	0.00798	0.00577	0.00250	0.00710	0.00505	0.00555	0.00995
38	0.06652	0.01641	0.06543	0.01508	0.02095	0.01429	0.01310	0.06912	0.11797	0.36091	0.07576	0.03136	0.02442	0.01086	0.00817	0.00257	0.00706	0.03806	0.00856	0.03340
39	0.21529	0.06260	0.01937	0.05325	0.02138	0.04353	0.01233	0.09315	0.02057	0.21313	0.07294	0.02294	0.01878	0.00966	0.00842	0.00247	0.05438	0.00703	0.00678	0.04200

[dist]
# distance from previous block
# <min> <max>
0	1

[block]
# block no. 1 follows, 23 sequences, length 78
# corresponding to MSA columns:
# 45-122
name=unknown_B
#
# <colnr> <probs for GDERKNQSTAVLIFYWHMCP>
#	G	D	E	R	K	N	Q	S	T	A	V	L	I	F	Y	W	H	M	C	P
0	0.01036	0.00741	0.00989	0.01135	0.01215	0.00694	0.00791	0.01232	0.01697	0.02290	0.14650	0.56236	0.05701	0.02377	0.01028	0.00320	0.00474	0.05935	0.00776	0.00682
1	0.02487	0.01937	0.02110	0.01635	0.02271	0.02010	0.01327	0.35218	0.14043	0.04090	0.02041	0.02062	0.01523	0.00888	0.00753	0.00213	0.00763	0.00691	0.00718	0.23218
2	0.01915	0.02189	0.04788	0.03420	0.04241	0.02052	0.63475	0.02599	0.01915	0.02599	0.01642	0.02189	0.01231	0.00684	0.00958	0.00274	0.01368	0.00958	0.00410	0.01094
3	0.02363	0.02012	0.03430	0.02554	0.03187	0.06077	0.33032	0.07036	0.02122	0.16035	0.06045	0.02458	0.01789	0.00906	0.01050	0.00269	0.07028	0.00896	0.00588	0.01125
4	0.01793	0.02319	0.12810	0.06438	0.03998	0.01920	0.47908	0.02467	0.01848	0.02532	0.01803	0.06893	0.01483	0.00831	0.00931	0.00275	0.01269	0.00991	0.00423	0.01069
5	0.00999	0.00790	0.00900	0.00945	0.01139	0.00691	0.00681	0.01215	0.01838	0.02333	0.16709	0.25904	0.38722	0.02131	0.00981	0.00287	0.00424	0.01845	0.00777	0.00691
6	0.03031	0.03867	0.02299	0.02090	0.02508	0.68226	0.01568	0.03240	0.02299	0.01986	0.01254	0.01463	0.01045	0.00836	0.00732	0.00209	0.01463	0.00523	0.00418	0.00941
7	0.01916	0.02121	0.04467	0.06016	0.14186	0.02023	0.51595	0.02563	0.01894	0.02589	0.01616	0.02159	0.01234	0.00695	0.00928	0.00268	0.01294	0.00912	0.00407	0.01118
8	0.01854	0.02081	0.04479	0.07919	0.04218	0.01982	0.56853	0.02507	0.01881	0.02543	0.01735	0.04791	0.01377	0.00763	0.00950	0.00275	0.01314	0.00992	0.00420	0.01065
9	0.01704	0.00955	0.01249	0.01104	0.01400	0.00857	0.00853	0.02059	0.02272	0.17727	0.47653	0.05429	0.10421	0.01537	0.00925	0.00256	0.00455	0.01336	0.00909	0.00900
10	0.01029	0.00730	0.00962	0.01121	0.01171	0.00698	0.00752	0.01167	0.01510	0.02017	0.04146	0.58411	0.04921	0.10699	0.04248	0.00425	0.00589	0.04048	0.00709	0.00645
11	0.01997	0.50390	0.24322	0.01683	0.02538	0.02788	0.01901	0.02474	0.01669	0.02119	0.01233	0.01433	0.01037	0.00719	0.00600	0.00200	0.00973	0.00487	0.00346	0.01092
12	0.01915	0.02189	0.04788	0.03420	0.04241	0.02052	0.63475	0.02599	0.01915	0.02599	0.01642	0.02189	0.01231	0.00684	0.00958	0.00274	0.01368	0.00958	0.00410	0.01094
13	0.01409	0.00705	0.01057	0.01057	0.01057	0.00705	0.00705	0.01057	0.01057	0.01409	0.01409	0.02467	0.01409	0.02819	0.03171	0.76392	0.00705	0.00705	0.00352	0.00352
14	0.00989	0.00706	0.00942	0.01130	0.01177	0.00659	0.00753	0.01130	0.01554	0.02071	0.04472	0.70954	0.05367	0.02542	0.01036	0.00330	0.00471	0.02307	0.00753	0.00659
15	0.01000	0.00715	0.00951	0.01122	0.01179	0.00666	0.00754	0.01158	0.01605	0.02153	0.08740	0.66453	0.05526	0.02481	0.01030	0.00324	0.00465	0.02249	0.00763	0.00666
16	0.02045	0.01666	0.01767	0.01586	0.02034	0.01907	0.01235	0.04143	0.58616	0.05682	0.03257	0.03018	0.02434	0.01087	0.00809	0.00269	0.00627	0.00903	0.05660	0.01254
17	0.02169	0.71972	0.04252	0.01388	0.02083	0.03211	0.01388	0.02430	0.01649	0.01909	0.01128	0.01302	0.01041	0.00694	0.00521	0.00174	0.00868	0.00434	0.00347	0.01041
18	0.00989	0.00706	0.00942	0.01130	0.01177	0.00659	0.00753	0.01130	0.01554	0.02071	0.04472	0.70954	0.05367	0.02542	0.01036	0.00330	0.00471	0.02307	0.00753	0.00659
19	0.01557	0.01467	0.02478	0.66174	0.08754	0.01809	0.02266	0.02095	0.01634	0.02103	0.01447	0.02155	0.01092	0.00807	0.00811	0.00269	0.01076	0.00721	0.00363	0.00921
20	0.02169	0.71972	0.04252	0.01388	0.02083	0.03211	0.01388	0.02430	0.01649	0.01909	0.01128	0.01302	0.01041	0.00694	0.00521	0.00174	0.00868	0.00434	0.00347	0.01041
21	0.00989	0.00706	0.00942	0.01130	0.01177	0.00659	0.00753	0.01130	0.01554	0.02071	0.04472	0.70954	0.05367	0.02542	0.01036	0.00330	0.00471	0.02307	0.00753	0.00659
22	0.02638	0.37763	0.07832	0.01561	0.02267	0.02532	0.01489	0.14870	0.02230	0.17021	0.01773	0.01782	0.01322	0.00824	0.00661	0.00210	0.00857	0.00589	0.00584	0.01195
23	0.01559	0.01463	0.02181	0.01886	0.01988	0.01894	0.05826	0.01793	0.01304	0.01951	0.01543	0.02478	0.01499	0.07730	0.22279	0.00664	0.39935	0.00809	0.00392	0.00825
24	0.01741	0.01477	0.01714	0.01230	0.01948	0.01141	0.00986	0.04612	0.01771	0.02747	0.01463	0.01694	0.01209	0.00616	0.00610	0.00125	0.00613	0.00491	0.00495	0.73317
25	0.01167	0.00881	0.01085	0.01035	0.01250	0.00828	0.00775	0.01633	0.06186	0.03045	0.50261	0.09120	0.16235	0.01725	0.00953	0.00263	0.00408	0.01509	0.00861	0.00781
26	0.00989	0.00706	0.00942	0.01130	0.01177	0.00659	0.00753	0.01130	0.01554	0.02071	0.04472	0.70954	0.05367	0.02542	0.01036	0.00330	0.00471	0.02307	0.00753	0.00659
27	0.01683	0.01442	0.01683	0.01202	0.01923	0.01082	0.00961	0.02043	0.01683	0.02644	0.01442	0.01683	0.01202	0.00601	0.00601	0.00120	0.00601	0.00481	0.00481	0.76444
28	0.02111	0.07319	0.34716	0.09865	0.03268	0.01760	0.04475	0.02777	0.01839	0.16762	0.01827	0.01987	0.01271	0.00808	0.00766	0.00244	0.01019	0.00657	0.00503	0.06024
29	0.56929	0.01614	0.01443	0.13235	0.02296	0.04805	0.01140	0.02346	0.01480	0.03259	0.01261	0.01553	0.00978	0.00776	0.00570	0.00250	0.00735	0.00508	0.03942	0.00880
30	0.01328	0.00829	0.01038	0.01083	0.01272	0.00740	0.00774	0.01521	0.01767	0.10468	0.08392	0.42322	0.21057	0.02173	0.00983	0.00301	0.00479	0.01917	0.00792	0.00764
31	0.03298	0.01930	0.02223	0.01704	0.02345	0.02008	0.01408	0.40754	0.03242	0.28886	0.02430	0.02261	0.01621	0.00986	0.00813	0.00246	0.00815	0.00763	0.00886	0.01380
32	0.01732	0.02836	0.28568	0.02766	0.03674	0.01866	0.34217	0.02487	0.01873	0.02649	0.07631	0.02370	0.01758	0.00809	0.00885	0.00265	0.01210	0.00867	0.00430	0.01104
33	0.03458	0.01384	0.01856	0.01435	0.02035	0.01222	0.01180	0.06333	0.02384	0.60301	0.07149	0.02938	0.02342	0.01045	0.00825	0.00251	0.00679	0.00854	0.00989	0.01342
34	0.01879	0.02083	0.09493	0.02763	0.03426	0.01840	0.39659	0.02442	0.01815	0.07026	0.02042	0.10945	0.01781	0.01023	0.01105	0.00285	0.07793	0.01064	0.00485	0.01049
35	0.02008	0.01928	0.03294	0.04981	0.66422	0.01928	0.02490	0.02490	0.01848	0.02651	0.01526	0.02008	0.01285	0.00723	0.00803	0.00241	0.00964	0.00723	0.00402	0.01285
36	0.01952	0.01614	0.01762	0.01604	0.02023	0.01825	0.01273	0.08856	0.46693	0.03401	0.07761	0.03982	0.03048	0.01285	0.00874	0.00284	0.00660	0.09104	0.00819	0.01183
37	0.01700	0.03786	0.54222	0.02437	0.05525	0.04419	0.08269	0.02552	0.01783	0.02581	0.04203	0.01940	0.01336	0.00802	0.00795	0.00256	0.01182	0.00670	0.00377	0.01164
38	0.01013	0.00735	0.00956	0.01090	0.01177	0.00678	0.00746	0.01198	0.01696	0.02273	0.14793	0.55875	0.10041	0.02363	0.01017	0.00313	0.00452	0.02127	0.00776	0.00678
39	0.02803	0.02828	0.02224	0.04106	0.02486	0.31865	0.01494	0.27497	0.04929	0.03315	0.02169	0.02245	0.06466	0.00998	0.00788	0.00232	0.01108	0.00722	0.00616	0.01108
40	0.72073	0.01618	0.01279	0.01123	0.01635	0.01869	0.00925	0.06639	0.01550	0.03743	0.01187	0.01362	0.00914	0.00769	0.00524	0.00251	0.00646	0.00460	0.00524	0.00914
41	0.01687	0.01256	0.01325	0.01211	0.01502	0.01359	0.00897	0.07816	0.24496	0.02902	0.03459	0.04027	0.09917	0.17480	0.01553	0.00373	0.00616	0.01023	0.16172	0.00930
42	0.01172	0.00820	0.01054	0.01054	0.01113	0.00879	0.00703	0.01289	0.01230	0.01699	0.02402	0.04452	0.02578	0.45057	0.30048	0.00996	0.01347	0.01054	0.00469	0.00586
43	0.01513	0.00756	0.00756	0.00756	0.00945	0.00756	0.00567	0.01891	0.01702	0.03025	0.02647	0.03025	0.02080	0.00945	0.00567	0.00189	0.00378	0.00756	0.75988	0.00756
44	0.01078	0.00779	0.01018	0.01058	0.01194	0.00720	0.00756	0.01357	0.01982	0.02741	0.39226	0.32342	0.08660	0.02029	0.00989	0.00286	0.00419	0.01815	0.00832	0.00720
45	0.01915	0.02189	0.04788	0.03420	0.04241	0.02052	0.63475	0.02599	0.01915	0.02599	0.01642	0.02189	0.01231	0.00684	0.00958	0.00274	0.01368	0.00958	0.00410	0.01094
46	0.01145	0.00838	0.01091	0.01130	0.01311	0.00784	0.00881	0.01474	0.02042	0.02773	0.36068	0.15576	0.13231	0.01964	0.01008	0.00296	0.00488	0.16337	0.00823	0.00738
47	0.02169	0.71972	0.04252	0.01388	0.02083	0.03211	0.01388	0.02430	0.01649	0.01909	0.01128	0.01302	0.01041	0.00694	0.00521	0.00174	0.00868	0.00434	0.00347	0.01041
48	0.02919	0.02146	0.02315	0.01807	0.02406	0.02368	0.01485	0.58117	0.03610	0.04835	0.02082	0.02426	0.01600	0.04147	0.00972	0.00273	0.00882	0.03505	0.00795	0.01312
49	0.01044	0.00751	0.00982	0.01102	0.01193	0.00700	0.00766	0.01244	0.01725	0.02327	0.17733	0.49279	0.08083	0.04931	0.01137	0.00331	0.00474	0.04744	0.00773	0.00681
50	0.01047	0.00791	0.01151	0.01242	0.01339	0.00738	0.04018	0.01232	0.01620	0.02175	0.08277	0.63207	0.05299	0.02389	0.01027	0.00322	0.00512	0.02183	0.00744	0.00689
51	0.02169	0.71972	0.04252	0.01388	0.02083	0.03211	0.01388	0.02430	0.01649	0.01909	0.01128	0.01302	0.01041	0.00694	0.00521	0.00174	0.00868	0.00434	0.00347	0.01041
52	0.01066	0.00826	0.00970	0.00934	0.01161	0.00730	0.00700	0.01371	0.02101	0.02789	0.40727	0.06826	0.33213	0.01832	0.00958	0.00263	0.00395	0.01575	0.00832	0.00730
53	0.03085	0.02273	0.02435	0.01867	0.02516	0.02516	0.01542	0.63716	0.03815	0.05114	0.01948	0.01948	0.01380	0.00974	0.00812	0.00244	0.00893	0.00731	0.00812	0.01380
54	0.01900	0.02160	0.04697	0.05976	0.04293	0.02042	0.61107	0.02579	0.01904	0.02579	0.01634	0.02188	0.01225	0.00689	0.00952	0.00273	0.01357	0.00948	0.00408	0.01087
55	0.01683	0.01442	0.01683	0.01202	0.01923	0.01082	0.00961	0.02043	0.01683	0.02644	0.01442	0.01683	0.01202	0.00601	0.00601	0.00120	0.00601	0.00481	0.00481	0.76444
56	0.03641	0.01381	0.01883	0.01444	0.02071	0.01193	0.01193	0.03954	0.02322	0.66984	0.03201	0.02762	0.02009	0.01004	0.00816	0.00251	0.00690	0.00816	0.01004	0.01381
57	0.01159	0.00869	0.01304	0.01304	0.01449	0.01014	0.01014	0.01449	0.01304	0.01884	0.02173	0.03188	0.02029	0.06086	0.68268	0.01304	0.02173	0.00869	0.00435	0.00724
58	0.40662	0.01833	0.01734	0.01424	0.01984	0.02060	0.01169	0.25359	0.06743	0.07467	0.01692	0.01746	0.01234	0.00872	0.00656	0.00250	0.00730	0.00600	0.00666	0.01119
59	0.01915	0.02189	0.04788	0.03420	0.04241	0.02052	0.63475	0.02599	0.01915	0.02599	0.01642	0.02189	0.01231	0.00684	0.00958	0.00274	0.01368	0.00958	0.00410	0.01094
60	0.00987	0.00714	0.00933	0.01108	0.01171	0.00661	0.00744	0.01132	0.01574	0.02080	0.04738	0.66482	0.09667	0.02508	0.01030	0.00326	0.00467	0.02265	0.00753	0.00661
61	0.01915	0.02189	0.04788	0.03420	0.04241	0.02052	0.63475	0.02599	0.01915	0.02599	0.01642	0.02189	0.01231	0.00684	0.00958	0.00274	0.01368	0.00958	0.00410	0.01094
62	0.01902	0.01875	0.03351	0.19915	0.32089	0.01976	0.16127	0.04697	0.01852	0.02558	0.01525	0.02072	0.01217	0.00780	0.00934	0.00261	0.04554	0.00775	0.00407	0.01133
63	0.01298	0.00730	0.01032	0.01044	0.01094	0.00707	0.00712	0.01137	0.01334	0.01785	0.10991	0.10665	0.07170	0.02579	0.02488	0.52609	0.00616	0.01050	0.00497	0.00464
64	0.01653	0.01565	0.02651	0.53192	0.20988	0.01834	0.02313	0.02179	0.01679	0.02219	0.01464	0.02124	0.01133	0.00789	0.00809	0.00263	0.01052	0.00722	0.00371	0.00999
65	0.72353	0.01561	0.01272	0.05465	0.01827	0.01819	0.00967	0.02365	0.01396	0.03540	0.01150	0.01372	0.00892	0.00757	0.00522	0.00252	0.00657	0.00457	0.00493	0.00880
66	0.02167	0.01793	0.02206	0.05426	0.15085	0.01992	0.01586	0.08918	0.41127	0.06532	0.02743	0.02679	0.02059	0.00997	0.00819	0.00264	0.00750	0.00849	0.00728	0.01280
67	0.02212	0.59957	0.08031	0.04157	0.02312	0.02930	0.01512	0.02530	0.01699	0.06472	0.01305	0.01463	0.01109	0.00725	0.00569	0.00188	0.00885	0.00482	0.00393	0.01069
68	0.01489	0.00758	0.00765	0.00765	0.00941	0.00758	0.00562	0.01840	0.01665	0.02922	0.02641	0.03187	0.02141	0.05941	0.00820	0.00231	0.00407	0.00786	0.70641	0.00738
69	0.05507	0.01766	0.01988	0.01604	0.02173	0.01868	0.01301	0.24358	0.19628	0.23558	0.02947	0.02726	0.04710	0.01057	0.00812	0.00256	0.00732	0.00840	0.00861	0.01306
70	0.03031	0.03867	0.02299	0.02090	0.02508	0.68226	0.01568	0.03240	0.02299	0.01986	0.01254	0.01463	0.01045	0.00836	0.00732	0.00209	0.01463	0.00523	0.00418	0.00941
71	0.02072	0.51716	0.20103	0.01654	0.02464	0.05849	0.01804	0.02502	0.01695	0.02080	0.01217	0.01413	0.01038	0.00720	0.00594	0.00196	0.00979	0.00480	0.00349	0.01077
72	0.02107	0.08281	0.30381	0.02265	0.03129	0.10186	0.12367	0.06820	0.08797	0.05390	0.01742	0.01932	0.01284	0.00817	0.00789	0.00249	0.01134	0.00689	0.00473	0.01167
73	0.01139	0.00829	0.01071	0.01010	0.01206	0.00761	0.00758	0.01512	0.02274	0.03199	0.62987	0.06152	0.10697	0.01679	0.00957	0.00256	0.00384	0.01480	0.00886	0.00761
74	0.02864	0.02163	0.02311	0.01822	0.02432	0.02413	0.01489	0.51432	0.16458	0.04758	0.02228	0.02171	0.01607	0.01000	0.00815	0.00250	0.00841	0.00769	0.00815	0.01360
75	0.03620	0.01415	0.01904	0.01460	0.02088	0.01243	0.01206	0.06209	0.02379	0.64650	0.03154	0.02731	0.01985	0.01003	0.00816	0.00251	0.00698	0.00813	0.00997	0.01381
76	0.01213	0.05362	0.01286	0.01044	0.01268	0.00921	0.00805	0.01588	0.02256	0.03168	0.61861	0.05758	0.07235	0.01597	0.00929	0.00250	0.00414	0.01402	0.00858	0.00783
77	0.02018	0.01743	0.01835	0.01651	0.02110	0.02018	0.01284	0.04312	0.64956	0.03394	0.03303	0.03027	0.02477	0.01101	0.00826	0.00275	0.00642	0.00917	0.00826	0.01284

[dist]
# distance from previous block
# <min> <max>
0	3

[block]
# block no. 2 follows, 23 sequences, length 94
# corresponding to MSA columns:
# 126-219
name=unknown_C
#
# <colnr> <probs for GDERKNQSTAVLIFYWHMCP>
#	G	D	E	R	K	N	Q	S	T	A	V	L	I	F	Y	W	H	M	C	P
0	0.01915	0.02189	0.04788	0.03420	0.04241	0.02052	0.63475	0.02599	0.01915	0.02599	0.01642	0.02189	0.01231	0.00684	0.00958	0.00274	0.01368	0.00958	0.00410	0.01094
1	0.01638	0.01550	0.02625	0.55210	0.19086	0.01831	0.02306	0.02166	0.01672	0.02201	0.01461	0.02129	0.01127	0.00792	0.00809	0.00264	0.01056	0.00722	0.00370	0.00987
2	0.01822	0.01450	0.01701	0.01235	0.01940	0.01125	0.00989	0.02254	0.04172	0.06827	0.01628	0.01804	0.01303	0.00646	0.00624	0.00135	0.00608	0.00519	0.00528	0.68689
3	0.01409	0.00705	0.01057	0.01057	0.01057	0.00705	0.00705	0.01057	0.01057	0.01409	0.01409	0.02467	0.01409	0.02819	0.03171	0.76392	0.00705	0.00705	0.00352	0.00352
4	0.01627	0.04197	0.67279	0.02313	0.03512	0.01884	0.02998	0.02570	0.01713	0.02570	0.01456	0.01713	0.01028	0.00771	0.00771	0.00257	0.01199	0.00600	0.00343	0.01199
5	0.03314	0.01493	0.01908	0.01491	0.02086	0.01402	0.01222	0.11406	0.07412	0.50889	0.06304	0.02851	0.02258	0.01042	0.00824	0.00252	0.00696	0.00847	0.00960	0.01341
6	0.01950	0.01843	0.03092	0.17783	0.52054	0.01923	0.02410	0.04517	0.01870	0.02620	0.01524	0.02037	0.01248	0.00749	0.00805	0.00247	0.00985	0.00723	0.00408	0.01212
7	0.01886	0.01521	0.01755	0.01293	0.01985	0.01259	0.01036	0.06595	0.06747	0.05512	0.01693	0.01849	0.01346	0.00682	0.00642	0.00146	0.00628	0.00546	0.00552	0.62327
8	0.01934	0.01690	0.01752	0.01617	0.02027	0.04042	0.01253	0.03889	0.54625	0.03194	0.03379	0.08641	0.02771	0.01265	0.00854	0.00282	0.00661	0.04125	0.00802	0.01196
9	0.01532	0.01442	0.02434	0.69533	0.05589	0.01803	0.02253	0.02073	0.01622	0.02073	0.01442	0.02163	0.01082	0.00811	0.00811	0.00270	0.01082	0.00721	0.00361	0.00901
10	0.01293	0.00929	0.01288	0.01467	0.01657	0.00924	0.01279	0.01660	0.01867	0.02419	0.04457	0.09098	0.07188	0.02234	0.01114	0.00370	0.00733	0.58531	0.00747	0.00745
11	0.01002	0.00716	0.00957	0.01145	0.01199	0.00671	0.00777	0.01154	0.01567	0.02087	0.04465	0.68298	0.05337	0.02529	0.01039	0.00331	0.00483	0.04827	0.00753	0.00663
12	0.01092	0.00780	0.01060	0.01248	0.01340	0.00748	0.00932	0.01308	0.01655	0.02187	0.04415	0.50979	0.05141	0.02445	0.01063	0.00344	0.00560	0.21264	0.00751	0.00688
13	0.01000	0.00715	0.00955	0.01143	0.01196	0.00669	0.00774	0.01150	0.01565	0.02085	0.04466	0.68650	0.05341	0.02531	0.01039	0.00331	0.00481	0.04493	0.00753	0.00662
14	0.01890	0.02141	0.04636	0.07689	0.04328	0.02036	0.59522	0.02565	0.01896	0.02565	0.01629	0.02187	0.01222	0.00692	0.00948	0.00273	0.01350	0.00942	0.00407	0.01082
15	0.01049	0.00776	0.00980	0.01034	0.01178	0.00707	0.00736	0.01299	0.01905	0.02573	0.30139	0.34027	0.16408	0.02101	0.00991	0.00290	0.00425	0.01866	0.00810	0.00707
16	0.02018	0.01743	0.01835	0.01651	0.02110	0.02018	0.01284	0.04312	0.64956	0.03394	0.03303	0.03027	0.02477	0.01101	0.00826	0.00275	0.00642	0.00917	0.00826	0.01284
17	0.02169	0.71972	0.04252	0.01388	0.02083	0.03211	0.01388	0.02430	0.01649	0.01909	0.01128	0.01302	0.01041	0.00694	0.00521	0.00174	0.00868	0.00434	0.00347	0.01041
18	0.77215	0.01569	0.01193	0.01067	0.01569	0.01820	0.00879	0.02385	0.01381	0.03641	0.01130	0.01318	0.00879	0.00753	0.00502	0.00251	0.00628	0.00439	0.00502	0.00879
19	0.01138	0.00829	0.01070	0.01010	0.01206	0.00761	0.00757	0.01511	0.02272	0.03195	0.62771	0.06159	0.10916	0.01681	0.00957	0.00256	0.00384	0.01481	0.00885	0.00761
20	0.01908	0.02167	0.04669	0.03353	0.04131	0.02074	0.60278	0.02566	0.01880	0.02566	0.01612	0.02167	0.01223	0.00722	0.01046	0.00278	0.04924	0.00945	0.00408	0.01084
21	0.05547	0.02678	0.02515	0.02017	0.02601	0.21280	0.06393	0.37102	0.05511	0.03900	0.01749	0.01848	0.01297	0.00909	0.00790	0.00237	0.01075	0.00686	0.00657	0.01210
22	0.01008	0.00720	0.00964	0.01152	0.01208	0.00676	0.00787	0.01164	0.01573	0.02093	0.04461	0.67137	0.05324	0.02524	0.01041	0.00332	0.00488	0.05929	0.00753	0.00665
23	0.01650	0.04039	0.62359	0.02400	0.03569	0.01898	0.07760	0.02572	0.01729	0.02572	0.01471	0.01751	0.01044	0.00764	0.00786	0.00258	0.01212	0.00628	0.00348	0.01191
24	0.28859	0.01445	0.01646	0.01315	0.01899	0.01408	0.01085	0.03417	0.02000	0.45272	0.02491	0.02267	0.01621	0.00918	0.00708	0.00251	0.00669	0.00687	0.00832	0.01209
25	0.01280	0.00922	0.01269	0.01432	0.01624	0.00911	0.01241	0.01645	0.01891	0.02462	0.07945	0.08909	0.08083	0.02199	0.01103	0.00362	0.00709	0.54510	0.00756	0.00745
26	0.01627	0.04197	0.67279	0.02313	0.03512	0.01884	0.02998	0.02570	0.01713	0.02570	0.01456	0.01713	0.01028	0.00771	0.00771	0.00257	0.01199	0.00600	0.00343	0.01199
27	0.01159	0.00869	0.01304	0.01304	0.01449	0.01014	0.01014	0.01449	0.01304	0.01884	0.02173	0.03188	0.02029	0.06086	0.68268	0.01304	0.02173	0.00869	0.00435	0.00724
28	0.01852	0.02042	0.04291	0.15293	0.07703	0.02001	0.49395	0.02500	0.01859	0.02508	0.01600	0.02175	0.01207	0.00709	0.00923	0.00271	0.01296	0.00903	0.00401	0.01070
29	0.01942	0.01596	0.01822	0.01325	0.02033	0.01347	0.01069	0.13434	0.02076	0.03100	0.01536	0.01732	0.01235	0.00670	0.00640	0.00143	0.00655	0.00527	0.00542	0.62579
30	0.00969	0.00822	0.00836	0.00833	0.01102	0.00689	0.00624	0.01184	0.01873	0.02248	0.11273	0.07717	0.63004	0.02034	0.00959	0.00273	0.00410	0.01700	0.00761	0.00689
31	0.01769	0.01494	0.01729	0.01243	0.01960	0.01170	0.00997	0.05852	0.01814	0.02797	0.01473	0.01699	0.01213	0.00624	0.00614	0.00128	0.00619	0.00496	0.00501	0.71808
32	0.03335	0.06950	0.02036	0.01427	0.02020	0.01399	0.01182	0.06989	0.02279	0.54185	0.02926	0.02766	0.01958	0.05529	0.01006	0.00279	0.00722	0.00805	0.00909	0.01297
33	0.00989	0.00706	0.00942	0.01130	0.01177	0.00659	0.00753	0.01130	0.01554	0.02071	0.04472	0.70954	0.05367	0.02542	0.01036	0.00330	0.00471	0.02307	0.00753	0.00659
34	0.02873	0.02470	0.02307	0.01865	0.02387	0.15986	0.01506	0.42536	0.03169	0.04089	0.01778	0.01901	0.01329	0.00979	0.00926	0.00242	0.06420	0.00688	0.05337	0.01212
35	0.02528	0.01559	0.01816	0.01511	0.02024	0.01614	0.01205	0.09974	0.28157	0.23843	0.10590	0.03134	0.02778	0.01101	0.00827	0.00255	0.00651	0.00912	0.00874	0.04647
36	0.02987	0.06252	0.02215	0.01735	0.02277	0.21158	0.01385	0.13222	0.14347	0.22618	0.02340	0.02224	0.01663	0.00952	0.00776	0.00238	0.00948	0.00715	0.00733	0.01216
37	0.00989	0.00706	0.00942	0.01130	0.01177	0.00659	0.00753	0.01130	0.01554	0.02071	0.04472	0.70954	0.05367	0.02542	0.01036	0.00330	0.00471	0.02307	0.00753	0.00659
38	0.01718	0.01548	0.02326	0.44190	0.06771	0.01769	0.01927	0.06929	0.01791	0.02437	0.01461	0.02023	0.01135	0.00819	0.00890	0.00244	0.05420	0.00675	0.00420	0.15507
39	0.01683	0.01442	0.01683	0.01202	0.01923	0.01082	0.00961	0.02043	0.01683	0.02644	0.01442	0.01683	0.01202	0.00601	0.00601	0.00120	0.00601	0.00481	0.00481	0.76444
40	0.77215	0.01569	0.01193	0.01067	0.01569	0.01820	0.00879	0.02385	0.01381	0.03641	0.01130	0.01318	0.00879	0.00753	0.00502	0.00251	0.00628	0.00439	0.00502	0.00879
41	0.02247	0.01375	0.01640	0.01397	0.01826	0.01407	0.01103	0.07945	0.21788	0.20760	0.24514	0.03903	0.04027	0.01255	0.00867	0.00259	0.00587	0.01062	0.00896	0.01141
42	0.02008	0.01928	0.03294	0.04981	0.66422	0.01928	0.02490	0.02490	0.01848	0.02651	0.01526	0.02008	0.01285	0.00723	0.00803	0.00241	0.00964	0.00723	0.00402	0.01285
43	0.00992	0.00736	0.00926	0.01064	0.01163	0.00670	0.00727	0.01159	0.01653	0.02161	0.08635	0.55013	0.17343	0.02398	0.01016	0.00315	0.00454	0.02144	0.00761	0.00670
44	0.01682	0.01807	0.03773	0.06985	0.03631	0.01722	0.45509	0.02234	0.01815	0.02447	0.02269	0.17739	0.02157	0.01112	0.00966	0.00286	0.01147	0.01248	0.00485	0.00984
45	0.01011	0.00724	0.00962	0.01114	0.01182	0.00674	0.00755	0.01187	0.01660	0.02241	0.13279	0.61665	0.05694	0.02416	0.01024	0.00319	0.00458	0.02187	0.00773	0.00674
46	0.01877	0.01927	0.03971	0.02972	0.05510	0.01837	0.47019	0.02473	0.01960	0.05586	0.11170	0.02763	0.02208	0.00874	0.01016	0.00272	0.03992	0.01009	0.00506	0.01056
47	0.77215	0.01569	0.01193	0.01067	0.01569	0.01820	0.00879	0.02385	0.01381	0.03641	0.01130	0.01318	0.00879	0.00753	0.00502	0.00251	0.00628	0.00439	0.00502	0.00879
48	0.01968	0.06286	0.03291	0.05185	0.23373	0.04676	0.19361	0.02765	0.12061	0.02654	0.01950	0.02524	0.01606	0.00853	0.00837	0.00252	0.01015	0.03967	0.00491	0.04884
49	0.01147	0.00865	0.01086	0.01149	0.01360	0.00804	0.00933	0.01463	0.01964	0.02557	0.21545	0.09818	0.24746	0.02041	0.01025	0.00310	0.00539	0.25130	0.00787	0.00730
50	0.05234	0.05752	0.01438	0.01164	0.01486	0.01124	0.00935	0.01994	0.06457	0.07085	0.34361	0.05371	0.10791	0.01517	0.00888	0.00259	0.00521	0.08057	0.00789	0.04777
51	0.01494	0.00820	0.00875	0.00844	0.01049	0.00816	0.00638	0.03864	0.01886	0.03138	0.14829	0.03575	0.03131	0.01084	0.00650	0.00204	0.00396	0.00892	0.59036	0.00779
52	0.01531	0.01408	0.02351	0.66127	0.05359	0.01751	0.02170	0.02064	0.01626	0.02120	0.01502	0.02206	0.01131	0.00818	0.00799	0.00266	0.01047	0.00723	0.04106	0.00894
53	0.00989	0.00706	0.00942	0.01130	0.01177	0.00659	0.00753	0.01130	0.01554	0.02071	0.04472	0.70954	0.05367	0.02542	0.01036	0.00330	0.00471	0.02307	0.00753	0.00659
54	0.77215	0.01569	0.01193	0.01067	0.01569	0.01820	0.00879	0.02385	0.01381	0.03641	0.01130	0.01318	0.00879	0.00753	0.00502	0.00251	0.00628	0.00439	0.00502	0.00879
55	0.01178	0.00849	0.01125	0.01108	0.01298	0.00796	0.00865	0.01559	0.02218	0.03103	0.54687	0.06628	0.07109	0.01766	0.00987	0.00277	0.00450	0.12370	0.00866	0.00762
56	0.01034	0.00740	0.00988	0.01135	0.01214	0.00693	0.00789	0.01230	0.01695	0.02287	0.14522	0.56525	0.05698	0.02379	0.01028	0.00320	0.00473	0.05792	0.00776	0.00682
57	0.00989	0.00706	0.00942	0.01130	0.01177	0.00659	0.00753	0.01130	0.01554	0.02071	0.04472	0.70954	0.05367	0.02542	0.01036	0.00330	0.00471	0.02307	0.00753	0.00659
58	0.00989	0.00706	0.00942	0.01130	0.01177	0.00659	0.00753	0.01130	0.01554	0.02071	0.04472	0.70954	0.05367	0.02542	0.01036	0.00330	0.00471	0.02307	0.00753	0.00659
59	0.42808	0.01719	0.02039	0.02595	0.26176	0.01877	0.01521	0.02577	0.06563	0.03246	0.01451	0.01714	0.01159	0.00769	0.00642	0.00249	0.00756	0.00584	0.00490	0.01065
60	0.01943	0.01484	0.01741	0.01271	0.01970	0.01190	0.01021	0.05081	0.04064	0.08881	0.01697	0.01844	0.01331	0.00674	0.00639	0.00144	0.00624	0.00539	0.00557	0.63306
61	0.10135	0.02441	0.19180	0.01783	0.02472	0.01973	0.01735	0.25699	0.08723	0.05623	0.02114	0.07441	0.01705	0.01264	0.03825	0.00306	0.00939	0.00817	0.00641	0.01184
62	0.02961	0.03751	0.02310	0.02093	0.02487	0.64558	0.01579	0.03168	0.02240	0.01984	0.01244	0.01481	0.01046	0.00869	0.00839	0.00217	0.05286	0.00533	0.00415	0.00938
63	0.01119	0.00828	0.01044	0.00990	0.01194	0.00753	0.00743	0.01475	0.02228	0.03090	0.57098	0.06330	0.16653	0.01720	0.00957	0.00258	0.00387	0.01505	0.00872	0.00753
64	0.01987	0.01906	0.03255	0.07903	0.63668	0.01922	0.02480	0.02471	0.01837	0.02625	0.01522	0.02015	0.01276	0.00727	0.00804	0.00242	0.00969	0.00723	0.00400	0.01268
65	0.01104	0.00820	0.01028	0.00991	0.01189	0.00744	0.00738	0.01439	0.02169	0.02987	0.51628	0.10388	0.18203	0.01786	0.00962	0.00263	0.00393	0.01564	0.00859	0.00744
66	0.00984	0.00723	0.00924	0.01086	0.01165	0.00663	0.00734	0.01135	0.01596	0.02089	0.05009	0.61905	0.14069	0.02472	0.01025	0.00322	0.00462	0.02222	0.00753	0.00663
67	0.77215	0.01569	0.01193	0.01067	0.01569	0.01820	0.00879	0.02385	0.01381	0.03641	0.01130	0.01318	0.00879	0.00753	0.00502	0.00251	0.00628	0.00439	0.00502	0.00879
68	0.77215	0.01569	0.01193	0.01067	0.01569	0.01820	0.00879	0.02385	0.01381	0.03641	0.01130	0.01318	0.00879	0.00753	0.00502	0.00251	0.00628	0.00439	0.00502	0.00879
69	0.01627	0.04197	0.67279	0.02313	0.03512	0.01884	0.02998	0.02570	0.01713	0.02570	0.01456	0.01713	0.01028	0.00771	0.00771	0.00257	0.01199	0.00600	0.00343	0.01199
70	0.01148	0.00829	0.01085	0.01021	0.01212	0.00766	0.00766	0.01531	0.02297	0.03254	0.65994	0.06061	0.07656	0.01659	0.00957	0.00255	0.00383	0.01467	0.00893	0.00766
71	0.01661	0.08383	0.63387	0.02256	0.03424	0.01966	0.02899	0.02561	0.01709	0.02529	0.01436	0.01688	0.01029	0.00766	0.00755	0.00252	0.01179	0.00589	0.00343	0.01189
72	0.07998	0.41923	0.14419	0.01837	0.02603	0.06088	0.10305	0.02515	0.01709	0.02255	0.01261	0.01503	0.01053	0.00717	0.00633	0.00209	0.01005	0.00540	0.00371	0.01057
73	0.00989	0.00706	0.00942	0.01130	0.01177	0.00659	0.00753	0.01130	0.01554	0.02071	0.04472	0.70954	0.05367	0.02542	0.01036	0.00330	0.00471	0.02307	0.00753	0.00659
74	0.04169	0.00869	0.01112	0.01075	0.01277	0.00818	0.00812	0.01612	0.02155	0.05331	0.50997	0.13329	0.06776	0.01732	0.00952	0.00270	0.00432	0.04645	0.00858	0.00779
75	0.01735	0.17683	0.54737	0.02129	0.03228	0.02148	0.02678	0.02542	0.01700	0.02438	0.01391	0.01631	0.01031	0.00756	0.00721	0.00240	0.01133	0.00567	0.00344	0.01168
76	0.01570	0.01673	0.07541	0.50569	0.04776	0.01740	0.06080	0.04240	0.01773	0.02321	0.05221	0.02608	0.04664	0.00912	0.00833	0.00268	0.01033	0.00816	0.00426	0.00936
77	0.02525	0.03031	0.02178	0.01965	0.02248	0.45593	0.01500	0.02715	0.01937	0.01941	0.01362	0.01918	0.01248	0.06783	0.04755	0.00340	0.16034	0.00631	0.00411	0.00883
78	0.02752	0.05133	0.02339	0.01985	0.05903	0.20532	0.01495	0.31767	0.07622	0.03621	0.01856	0.02074	0.01452	0.04412	0.00936	0.00259	0.01014	0.00699	0.02981	0.01170
79	0.01876	0.02093	0.04465	0.03214	0.04001	0.01950	0.57316	0.02529	0.01900	0.02594	0.01745	0.02460	0.01377	0.00746	0.00945	0.00269	0.01299	0.03509	0.00429	0.05283
80	0.57006	0.01872	0.06611	0.01300	0.01885	0.01900	0.01158	0.11526	0.01809	0.06626	0.01370	0.01507	0.01015	0.00799	0.00583	0.00250	0.00715	0.00512	0.00558	0.01001
81	0.01773	0.01760	0.02753	0.45069	0.21731	0.06136	0.04783	0.02283	0.01739	0.02245	0.01461	0.02077	0.01140	0.00784	0.00810	0.00259	0.01086	0.00718	0.00377	0.01015
82	0.01137	0.00820	0.01077	0.01049	0.01225	0.00760	0.00783	0.01493	0.02203	0.03099	0.57292	0.13112	0.07309	0.01773	0.00971	0.00267	0.00405	0.03599	0.00873	0.00754
83	0.01002	0.00715	0.00957	0.01145	0.01198	0.00670	0.00776	0.01152	0.01566	0.02086	0.04465	0.68421	0.05338	0.02530	0.01039	0.00331	0.00482	0.04711	0.00753	0.00663
84	0.01618	0.00882	0.00917	0.00873	0.01096	0.00909	0.00668	0.06735	0.01847	0.03129	0.02567	0.02949	0.02022	0.01219	0.04165	0.00252	0.00514	0.00760	0.66076	0.00804
85	0.05276	0.01423	0.02324	0.63730	0.05230	0.01765	0.02131	0.02053	0.01591	0.02127	0.01426	0.02132	0.01083	0.00879	0.00879	0.02951	0.01046	0.00707	0.00367	0.00881
86	0.01912	0.01493	0.01649	0.01504	0.01896	0.01660	0.01157	0.03600	0.46073	0.07658	0.10572	0.11260	0.03371	0.01325	0.00864	0.00278	0.00596	0.01135	0.00837	0.01159
87	0.00989	0.00706	0.00942	0.01130	0.01177	0.00659	0.00753	0.01130	0.01554	0.02071	0.04472	0.70954	0.05367	0.02542	0.01036	0.00330	0.00471	0.02307	0.00753	0.00659
88	0.72344	0.01583	0.01276	0.01136	0.01605	0.01863	0.00937	0.02357	0.01372	0.03532	0.01126	0.01348	0.00891	0.00796	0.00642	0.00258	0.05107	0.00457	0.00493	0.00879
89	0.01046	0.00986	0.06171	0.01218	0.01362	0.00760	0.00931	0.01260	0.01598	0.02161	0.06878	0.62714	0.05123	0.02365	0.01011	0.00321	0.00524	0.02136	0.00727	0.00706
90	0.01678	0.01433	0.01661	0.01234	0.01904	0.01136	0.00978	0.02181	0.06659	0.02677	0.01725	0.04907	0.01490	0.00728	0.00638	0.00142	0.00598	0.00597	0.00520	0.67114
91	0.06530	0.06805	0.60429	0.02194	0.03328	0.01935	0.02795	0.02552	0.01689	0.02612	0.01422	0.01671	0.01019	0.00767	0.00743	0.00253	0.01149	0.00582	0.00353	0.01172
92	0.01793	0.09800	0.46615	0.02130	0.03120	0.07162	0.04581	0.02620	0.04377	0.02532	0.04265	0.01913	0.01388	0.00812	0.00756	0.00242	0.01118	0.00637	0.00400	0.03739
93	0.05146	0.10011	0.26908	0.06489	0.03140	0.11712	0.10872	0.02655	0.01858	0.07485	0.01893	0.02114	0.04507	0.00847	0.00771	0.00245	0.01117	0.00699	0.00445	0.01085

[dist]
# distance from previous block
# <min> <max>
16	60

[block]
# block no. 3 follows, 23 sequences, length 15
# corresponding to MSA columns:
# 286-300
name=unknown_D
#
# <colnr> <probs for GDERKNQSTAVLIFYWHMCP>
#	G	D	E	R	K	N	Q	S	T	A	V	L	I	F	Y	W	H	M	C	P
0	0.14541	0.02475	0.22406	0.04209	0.02756	0.04714	0.09438	0.02541	0.01768	0.10278	0.05406	0.04754	0.01701	0.00954	0.00918	0.00262	0.06356	0.00764	0.00512	0.03249
1	0.06168	0.01611	0.02032	0.01534	0.02163	0.01492	0.05985	0.15766	0.02321	0.14014	0.08795	0.02412	0.02056	0.00877	0.00744	0.00202	0.00717	0.00732	0.00680	0.29698
2	0.06273	0.01573	0.05210	0.01425	0.01883	0.01495	0.01182	0.14288	0.13685	0.08165	0.20396	0.09399	0.03680	0.01280	0.00840	0.00253	0.00633	0.01075	0.00779	0.06487
3	0.01987	0.01477	0.02350	0.15688	0.02996	0.01492	0.12171	0.05687	0.01892	0.14092	0.02412	0.16083	0.02171	0.01191	0.00962	0.00264	0.04817	0.01069	0.00604	0.10594
4	0.02062	0.58536	0.16747	0.01572	0.02366	0.02948	0.01707	0.02457	0.01662	0.02040	0.01193	0.01383	0.01039	0.00709	0.00570	0.00190	0.00933	0.00467	0.00346	0.01073
5	0.03085	0.02273	0.02435	0.01867	0.02516	0.02516	0.01542	0.63716	0.03815	0.05114	0.01948	0.01948	0.01380	0.00974	0.00812	0.00244	0.00893	0.00731	0.00812	0.01380
6	0.70702	0.01553	0.01254	0.01100	0.01614	0.01765	0.00907	0.02524	0.01464	0.09248	0.01313	0.01446	0.00979	0.00775	0.00530	0.00251	0.00633	0.00473	0.00547	0.00923
7	0.01159	0.00869	0.01304	0.01304	0.01449	0.01014	0.01014	0.01449	0.01304	0.01884	0.02173	0.03188	0.02029	0.06086	0.68268	0.01304	0.02173	0.00869	0.00435	0.00724
8	0.37472	0.08065	0.09255	0.11889	0.02550	0.07110	0.01452	0.05177	0.01709	0.03047	0.04615	0.01777	0.01327	0.00822	0.00637	0.00245	0.00847	0.00573	0.00477	0.00954
9	0.02512	0.01989	0.02113	0.01751	0.02298	0.02249	0.01404	0.31841	0.36622	0.04191	0.02675	0.02527	0.01969	0.01042	0.00819	0.00261	0.00758	0.00831	0.00819	0.01329
10	0.01395	0.01267	0.01524	0.14483	0.02284	0.06897	0.01247	0.01727	0.03899	0.02175	0.05540	0.33719	0.06887	0.01846	0.01086	0.00306	0.06114	0.06199	0.00625	0.00781
11	0.08872	0.01881	0.02633	0.11184	0.03029	0.02007	0.14237	0.27270	0.02567	0.08577	0.01898	0.02334	0.01454	0.07117	0.01109	0.00303	0.00969	0.00798	0.00628	0.01134
12	0.11388	0.12117	0.33357	0.05374	0.03026	0.02104	0.04943	0.10498	0.01968	0.05856	0.01524	0.01733	0.01113	0.00794	0.00723	0.00245	0.01024	0.00607	0.00458	0.01151
13	0.02372	0.01918	0.09128	0.01593	0.02191	0.01707	0.01398	0.18298	0.16288	0.15119	0.06366	0.02944	0.05111	0.04222	0.00958	0.00269	0.00753	0.00859	0.00757	0.07749
14	0.02482	0.05295	0.01986	0.01536	0.02010	0.01844	0.01230	0.30629	0.08299	0.11946	0.02684	0.14116	0.02332	0.04509	0.00977	0.00281	0.00738	0.01034	0.04917	0.01156

[dist]
# distance from previous block
# <min> <max>
25	77

[block]
# block no. 4 follows, 23 sequences, length 8
# corresponding to MSA columns:
# 428-435
name=unknown_E
#
# <colnr> <probs for GDERKNQSTAVLIFYWHMCP>
#	G	D	E	R	K	N	Q	S	T	A	V	L	I	F	Y	W	H	M	C	P
0	0.01741	0.11009	0.12429	0.01696	0.02135	0.01748	0.05983	0.06106	0.01788	0.05530	0.08738	0.12542	0.02662	0.09844	0.01520	0.00336	0.11667	0.01045	0.00547	0.00935
1	0.02266	0.28885	0.24249	0.01851	0.02680	0.07379	0.01962	0.16599	0.02215	0.02866	0.01433	0.01596	0.01115	0.00794	0.00685	0.00219	0.01025	0.00563	0.00457	0.01163
2	0.01376	0.01208	0.01208	0.05654	0.01529	0.09043	0.00849	0.01563	0.01713	0.02166	0.17674	0.13880	0.09632	0.26631	0.02066	0.00452	0.00720	0.01335	0.00625	0.00676
3	0.07572	0.07455	0.01860	0.01297	0.01830	0.01298	0.03116	0.02428	0.01889	0.18550	0.12103	0.06060	0.02654	0.04385	0.00898	0.00235	0.00643	0.00847	0.00675	0.24205
4	0.02213	0.48013	0.03462	0.01463	0.02119	0.12999	0.01336	0.02484	0.01757	0.02060	0.01207	0.01399	0.01072	0.00699	0.00569	0.00169	0.00911	0.00457	0.00383	0.15229
5	0.06563	0.03786	0.57410	0.02158	0.03264	0.01820	0.02707	0.02679	0.01745	0.08259	0.01588	0.01780	0.01104	0.00790	0.00758	0.00256	0.01119	0.00608	0.00410	0.01195
6	0.13931	0.60938	0.03773	0.01338	0.02002	0.02993	0.01309	0.02423	0.01607	0.02180	0.01128	0.01304	0.01016	0.00703	0.00518	0.00186	0.00830	0.00435	0.00371	0.01016
7	0.01180	0.00787	0.00885	0.00885	0.00885	0.00787	0.00492	0.01180	0.01180	0.01573	0.02557	0.05310	0.02950	0.71483	0.04130	0.00787	0.00787	0.01180	0.00492	0.00492

[dist]
# distance from previous block
# <min> <max>
0	3

[block]
# block no. 5 follows, 23 sequences, length 20
# corresponding to MSA columns:
# 439-458
name=unknown_F
#
# <colnr> <probs for GDERKNQSTAVLIFYWHMCP>
#	G	D	E	R	K	N	Q	S	T	A	V	L	I	F	Y	W	H	M	C	P
0	0.01602	0.01349	0.01598	0.01216	0.01848	0.01038	0.00969	0.01946	0.01685	0.02584	0.01878	0.07650	0.01769	0.00867	0.00671	0.00154	0.00601	0.04806	0.00521	0.65247
