[name]
unknown

[dist]
# distance from previous block
# <min> <max>
2	85

[block]
# block no. 0 follows, 26 sequences, length 150
# corresponding to MSA columns:
# 86-235
name=unknown_A
#
# <colnr> <probs for GDERKNQSTAVLIFYWHMCP>
#	G	D	E	R	K	N	Q	S	T	A	V	L	I	F	Y	W	H	M	C	P
0	0.02401	0.01807	0.01864	0.04934	0.02134	0.10986	0.01248	0.20343	0.06917	0.16107	0.09705	0.02632	0.04937	0.01008	0.00833	0.00227	0.03870	0.00783	0.00689	0.06574
1	0.04880	0.07171	0.03897	0.09414	0.02136	0.09990	0.01267	0.09039	0.01994	0.04808	0.13758	0.08816	0.05610	0.01315	0.00812	0.00254	0.00761	0.12614	0.00607	0.00858
2	0.02050	0.01744	0.05176	0.14406	0.18742	0.01764	0.01723	0.20635	0.05412	0.06042	0.01907	0.02569	0.01568	0.03891	0.00897	0.00259	0.00848	0.05417	0.00553	0.04396
3	0.08211	0.01695	0.12248	0.01390	0.01906	0.01347	0.01274	0.04941	0.08465	0.05679	0.07458	0.09484	0.04972	0.01096	0.00842	0.00227	0.05311	0.03123	0.00567	0.19767
4	0.10920	0.08568	0.37896	0.01825	0.04651	0.01743	0.02002	0.02483	0.08404	0.05545	0.01939	0.05048	0.04092	0.00875	0.00698	0.00238	0.00889	0.00686	0.00448	0.01050
5	0.01575	0.01778	0.08399	0.02350	0.02909	0.01573	0.35108	0.02129	0.04816	0.02264	0.01912	0.08320	0.01705	0.01456	0.07083	0.05423	0.03871	0.03226	0.00435	0.03668
6	0.37162	0.04173	0.06640	0.01113	0.01523	0.01351	0.00970	0.01973	0.01610	0.06003	0.19307	0.10259	0.03020	0.01120	0.00670	0.00241	0.00564	0.00882	0.00596	0.00822
7	0.01576	0.01361	0.01604	0.01159	0.01806	0.01065	0.00930	0.01906	0.01556	0.02445	0.01334	0.01576	0.01118	0.00593	0.00641	0.00121	0.03510	0.00458	0.00445	0.74794
8	0.01562	0.01248	0.04683	0.04037	0.04247	0.01096	0.06063	0.02070	0.06745	0.10215	0.25188	0.06340	0.06397	0.04039	0.00952	0.00261	0.00620	0.06003	0.00682	0.07552
9	0.01606	0.03130	0.50762	0.01895	0.02785	0.01557	0.02292	0.02333	0.01723	0.07929	0.12311	0.02341	0.02040	0.00891	0.00806	0.00242	0.03130	0.00712	0.00454	0.01060
10	0.01124	0.00855	0.01227	0.01205	0.01310	0.01003	0.00915	0.01344	0.01196	0.01718	0.02023	0.03218	0.01978	0.16478	0.55019	0.01082	0.06392	0.00850	0.00410	0.00652
11	0.01452	0.01368	0.02310	0.68647	0.07948	0.01690	0.02116	0.01955	0.01526	0.01961	0.01352	0.02016	0.01019	0.00755	0.00758	0.00252	0.01006	0.00674	0.00339	0.00858
12	0.01232	0.01003	0.01114	0.01086	0.01365	0.00998	0.00857	0.04100	0.14467	0.02462	0.10205	0.06157	0.35723	0.01859	0.03577	0.00306	0.00555	0.11430	0.00716	0.00788
13	0.02688	0.01225	0.01585	0.01272	0.01733	0.01130	0.01019	0.07877	0.04380	0.44096	0.16145	0.03315	0.02979	0.05799	0.00992	0.00268	0.00606	0.00906	0.00867	0.01116
14	0.52226	0.01633	0.01481	0.01229	0.01745	0.01834	0.01013	0.19779	0.01980	0.08817	0.01413	0.01496	0.01030	0.00778	0.00571	0.00233	0.00659	0.00512	0.00584	0.00985
15	0.00930	0.00664	0.00885	0.01052	0.01101	0.00620	0.00705	0.01070	0.01477	0.01976	0.06509	0.70406	0.05095	0.02346	0.00965	0.00306	0.00437	0.02128	0.00709	0.00620
16	0.01036	0.00774	0.00961	0.00914	0.01110	0.00700	0.00686	0.01358	0.02057	0.02829	0.55214	0.06017	0.20287	0.01630	0.00895	0.00242	0.00364	0.01421	0.00807	0.00700
17	0.01103	0.00735	0.00827	0.00827	0.00827	0.00735	0.00460	0.01103	0.01103	0.01471	0.02390	0.04964	0.02758	0.73343	0.03861	0.00735	0.00735	0.01103	0.00460	0.00460
18	0.01084	0.00813	0.01219	0.01219	0.01354	0.00948	0.00948	0.01354	0.01219	0.01761	0.02032	0.02980	0.01896	0.05689	0.70337	0.01219	0.02032	0.00813	0.00406	0.00677
19	0.20205	0.01353	0.01319	0.01117	0.01504	0.01483	0.00899	0.23004	0.02169	0.03606	0.01924	0.02119	0.01463	0.00850	0.00591	0.00207	0.00567	0.00629	0.34067	0.00926
20	0.01114	0.00796	0.00908	0.00881	0.01016	0.00766	0.00599	0.01386	0.04805	0.02223	0.23166	0.05371	0.16376	0.30053	0.02043	0.00436	0.00524	0.01240	0.05675	0.00623
21	0.00957	0.00766	0.00856	0.00844	0.01065	0.00665	0.00629	0.01203	0.01857	0.02379	0.27945	0.09737	0.44788	0.01817	0.00899	0.00253	0.00378	0.01549	0.00748	0.00665
22	0.01103	0.00735	0.00827	0.00827	0.00827	0.00735	0.00460	0.01103	0.01103	0.01471	0.02390	0.04964	0.02758	0.73343	0.03861	0.00735	0.00735	0.01103	0.00460	0.00460
23	0.01448	0.01020	0.01140	0.01047	0.01345	0.01004	0.00804	0.04767	0.14101	0.07977	0.18726	0.07659	0.26559	0.01483	0.00828	0.00245	0.00458	0.01253	0.07289	0.00845
24	0.00932	0.00770	0.00818	0.00806	0.01046	0.00655	0.00604	0.01157	0.01813	0.02248	0.19817	0.06972	0.56047	0.01847	0.00896	0.00253	0.00379	0.01555	0.00731	0.00655
25	0.78701	0.01467	0.01115	0.00997	0.01467	0.01702	0.00821	0.02230	0.01291	0.03403	0.01056	0.01232	0.00821	0.00704	0.00469	0.00235	0.00587	0.00411	0.00469	0.00821
26	0.01088	0.00814	0.00979	0.00969	0.01129	0.00780	0.00691	0.01464	0.06822	0.02469	0.32799	0.17227	0.15177	0.12584	0.01347	0.00330	0.00452	0.01463	0.00730	0.00685
27	0.01062	0.00849	0.00962	0.00931	0.01169	0.00786	0.00708	0.01493	0.07550	0.02535	0.30314	0.06336	0.36742	0.01709	0.00891	0.00253	0.00405	0.03825	0.00760	0.00720
28	0.01074	0.00775	0.01014	0.00954	0.01133	0.00716	0.00716	0.01431	0.02147	0.03042	0.68211	0.05666	0.07157	0.01551	0.00895	0.00239	0.00358	0.01372	0.00835	0.00716
29	0.02833	0.03615	0.02149	0.01954	0.02345	0.70298	0.01466	0.03029	0.02149	0.01856	0.01172	0.01368	0.00977	0.00782	0.00684	0.00195	0.01368	0.00489	0.00391	0.00879
30	0.00964	0.00714	0.00884	0.00987	0.01094	0.00656	0.00690	0.01132	0.01562	0.02036	0.10066	0.42858	0.19162	0.08005	0.01188	0.00328	0.00462	0.05893	0.00694	0.00622
31	0.01837	0.01577	0.01672	0.01507	0.01921	0.01815	0.01171	0.03871	0.63235	0.03165	0.07095	0.03004	0.02613	0.01061	0.00779	0.00256	0.00585	0.00889	0.00776	0.01171
32	0.03403	0.01291	0.01760	0.01350	0.01936	0.01115	0.01115	0.03697	0.02171	0.69137	0.02992	0.02582	0.01878	0.00939	0.00763	0.00235	0.00645	0.00763	0.00939	0.01291
33	0.00922	0.00669	0.00870	0.01031	0.01094	0.00618	0.00693	0.01059	0.01476	0.01946	0.04484	0.67171	0.10498	0.02337	0.00962	0.00304	0.00435	0.02108	0.00704	0.00618
34	0.01388	0.00725	0.01047	0.01022	0.01050	0.00736	0.00694	0.03938	0.01105	0.01474	0.01340	0.02284	0.01316	0.02557	0.02864	0.74410	0.00667	0.00660	0.00349	0.00373
35	0.01074	0.00775	0.01014	0.00954	0.01133	0.00716	0.00716	0.01431	0.02147	0.03042	0.68211	0.05666	0.07157	0.01551	0.00895	0.00239	0.00358	0.01372	0.00835	0.00716
36	0.01103	0.00735	0.00827	0.00827	0.00827	0.00735	0.00460	0.01103	0.01103	0.01471	0.02390	0.04964	0.02758	0.73343	0.03861	0.00735	0.00735	0.01103	0.00460	0.00460
37	0.05863	0.01392	0.01797	0.01383	0.01968	0.01275	0.01142	0.10746	0.02300	0.59615	0.02794	0.02450	0.01775	0.00928	0.00753	0.00234	0.00665	0.00742	0.00903	0.01275
38	0.00924	0.00660	0.00880	0.01056	0.01100	0.00616	0.00704	0.01056	0.01452	0.01936	0.04181	0.72848	0.05017	0.02376	0.00968	0.00308	0.00440	0.02156	0.00704	0.00616
39	0.01887	0.01629	0.01715	0.01544	0.01972	0.01887	0.01201	0.04031	0.67241	0.03173	0.03087	0.02830	0.02315	0.01029	0.00772	0.00257	0.00600	0.00858	0.00772	0.01201
40	0.01887	0.01629	0.01715	0.01544	0.01972	0.01887	0.01201	0.04031	0.67241	0.03173	0.03087	0.02830	0.02315	0.01029	0.00772	0.00257	0.00600	0.00858	0.00772	0.01201
41	0.01877	0.01802	0.03079	0.04656	0.68612	0.01802	0.02328	0.02328	0.01727	0.02478	0.01427	0.01877	0.01201	0.00676	0.00751	0.00225	0.00901	0.00676	0.00375	0.01201
42	0.01671	0.01592	0.02706	0.35660	0.39220	0.01748	0.02225	0.02147	0.01630	0.02228	0.01390	0.01945	0.01113	0.00714	0.00754	0.00238	0.00952	0.00675	0.00358	0.01035
43	0.01481	0.01398	0.02363	0.64170	0.12192	0.01698	0.02131	0.01981	0.01540	0.01997	0.01357	0.02006	0.01032	0.00749	0.00758	0.00250	0.00999	0.00674	0.00341	0.00882
44	0.02736	0.03042	0.02129	0.01859	0.02304	0.46700	0.01430	0.17760	0.09945	0.02685	0.01542	0.01641	0.01203	0.00840	0.00711	0.00210	0.01156	0.00576	0.00520	0.01011
45	0.02883	0.02125	0.02276	0.01745	0.02352	0.02352	0.01442	0.66082	0.03566	0.04780	0.01821	0.01821	0.01290	0.00911	0.00759	0.00228	0.00835	0.00683	0.00759	0.01290
46	0.01060	0.00775	0.00995	0.00940	0.01125	0.00710	0.00705	0.01405	0.02115	0.02965	0.63545	0.05792	0.11871	0.01579	0.00895	0.00240	0.00360	0.01389	0.00825	0.00710
47	0.01955	0.01664	0.01754	0.01558	0.01999	0.01919	0.01217	0.08310	0.62849	0.03284	0.03000	0.02760	0.02245	0.01021	0.00771	0.00255	0.00616	0.00846	0.00771	0.01207
48	0.01044	0.00803	0.00960	0.00929	0.01142	0.00732	0.00707	0.01398	0.03935	0.02664	0.42171	0.06288	0.28034	0.01690	0.00899	0.00251	0.00391	0.04478	0.00781	0.00703
49	0.01176	0.00948	0.01395	0.01342	0.01456	0.01168	0.01062	0.01430	0.01210	0.01771	0.01866	0.02769	0.01752	0.04992	0.59505	0.01077	0.13195	0.00789	0.00394	0.00702
50	0.01222	0.00873	0.01222	0.01397	0.01572	0.00873	0.01222	0.01572	0.01746	0.02270	0.04016	0.08556	0.04365	0.02095	0.01048	0.00349	0.00698	0.63506	0.00698	0.00698
51	0.00912	0.00774	0.00791	0.00799	0.01051	0.00652	0.00608	0.01112	0.01730	0.02060	0.07504	0.07361	0.65173	0.01930	0.00904	0.00261	0.00400	0.04632	0.00704	0.00643
52	0.02833	0.03615	0.02149	0.01954	0.02345	0.70298	0.01466	0.03029	0.02149	0.01856	0.01172	0.01368	0.00977	0.00782	0.00684	0.00195	0.01368	0.00489	0.00391	0.00879
53	0.01074	0.00775	0.01014	0.00954	0.01133	0.00716	0.00716	0.01431	0.02147	0.03042	0.68211	0.05666	0.07157	0.01551	0.00895	0.00239	0.00358	0.01372	0.00835	0.00716
54	0.03403	0.01291	0.01760	0.01350	0.01936	0.01115	0.01115	0.03697	0.02171	0.69137	0.02992	0.02582	0.01878	0.00939	0.00763	0.00235	0.00645	0.00763	0.00939	0.01291
55	0.00981	0.00723	0.00918	0.00973	0.01103	0.00660	0.00690	0.01213	0.01775	0.02402	0.30736	0.36052	0.15025	0.01975	0.00928	0.00272	0.00399	0.01757	0.00757	0.00660
56	0.01074	0.00775	0.01014	0.00954	0.01133	0.00716	0.00716	0.01431	0.02147	0.03042	0.68211	0.05666	0.07157	0.01551	0.00895	0.00239	0.00358	0.01372	0.00835	0.00716
57	0.02028	0.73799	0.03975	0.01298	0.01947	0.03001	0.01298	0.02271	0.01541	0.01785	0.01055	0.01217	0.00973	0.00649	0.00487	0.00162	0.00811	0.00406	0.00324	0.00973
58	0.00924	0.00660	0.00880	0.01056	0.01100	0.00616	0.00704	0.01056	0.01452	0.01936	0.04181	0.72848	0.05017	0.02376	0.00968	0.00308	0.00440	0.02156	0.00704	0.00616
59	0.01473	0.01227	0.01332	0.01253	0.01558	0.01335	0.00945	0.02739	0.37708	0.02734	0.11047	0.12758	0.14507	0.04704	0.00972	0.00283	0.00523	0.01214	0.00744	0.00945
60	0.01100	0.00746	0.00883	0.00883	0.00902	0.00766	0.00529	0.01139	0.01119	0.01512	0.02339	0.04682	0.02635	0.63747	0.13289	0.00804	0.00919	0.01062	0.00452	0.00490
61	0.00937	0.00804	0.00807	0.00800	0.01063	0.00691	0.00602	0.01209	0.04402	0.02095	0.07496	0.07117	0.65611	0.01885	0.00891	0.00256	0.00393	0.01570	0.00707	0.00663
62	0.00932	0.00681	0.00877	0.01016	0.01094	0.00626	0.00690	0.01088	0.01536	0.02032	0.09385	0.60316	0.12411	0.02262	0.00954	0.00297	0.00428	0.02034	0.00714	0.00626
63	0.00990	0.00743	0.01049	0.01139	0.01241	0.00693	0.03239	0.01179	0.01561	0.02086	0.10250	0.56880	0.07640	0.02195	0.00961	0.00300	0.00479	0.06023	0.00704	0.00648
64	0.00923	0.00664	0.00876	0.01045	0.01097	0.00617	0.00699	0.01057	0.01463	0.01941	0.04316	0.70320	0.07457	0.02359	0.00965	0.00306	0.00438	0.02135	0.00704	0.00617
65	0.01573	0.01348	0.01573	0.01123	0.01798	0.01011	0.00899	0.01910	0.01573	0.02472	0.01348	0.01573	0.01123	0.00562	0.00562	0.00112	0.00562	0.00449	0.00449	0.77980
66	0.01103	0.00735	0.00827	0.00827	0.00827	0.00735	0.00460	0.01103	0.01103	0.01471	0.02390	0.04964	0.02758	0.73343	0.03861	0.00735	0.00735	0.01103	0.00460	0.00460
67	0.01453	0.01369	0.02311	0.68489	0.08097	0.01691	0.02117	0.01956	0.01526	0.01962	0.01352	0.02016	0.01020	0.00755	0.00758	0.00252	0.01006	0.00674	0.00339	0.00859
68	0.01184	0.00861	0.01169	0.01323	0.01507	0.00846	0.01146	0.01515	0.01744	0.02244	0.04449	0.08408	0.11912	0.02075	0.01030	0.00338	0.00661	0.56199	0.00699	0.00692
69	0.01481	0.00868	0.01130	0.01011	0.01270	0.00782	0.00777	0.01815	0.02119	0.14918	0.51742	0.05234	0.10924	0.01469	0.00871	0.00239	0.00412	0.01279	0.00844	0.00814
70	0.01084	0.00813	0.01219	0.01219	0.01354	0.00948	0.00948	0.01354	0.01219	0.01761	0.02032	0.02980	0.01896	0.05689	0.70337	0.01219	0.02032	0.00813	0.00406	0.00677
71	0.01202	0.01002	0.01427	0.01377	0.01453	0.01235	0.01069	0.01407	0.01251	0.01807	0.02232	0.17768	0.02357	0.05847	0.35394	0.00773	0.20179	0.01072	0.00452	0.00698
72	0.14093	0.01754	0.02346	0.01882	0.02234	0.02089	0.09830	0.18119	0.01906	0.05363	0.01391	0.01762	0.01125	0.01170	0.03777	0.00307	0.28712	0.00668	0.00492	0.00981
73	0.04901	0.01582	0.02985	0.10012	0.11403	0.01574	0.30491	0.02101	0.03820	0.02302	0.01967	0.10638	0.01819	0.03504	0.01050	0.03819	0.00981	0.03694	0.00445	0.00911
74	0.02098	0.67664	0.03815	0.01355	0.01982	0.08884	0.01313	0.02337	0.01594	0.01791	0.01065	0.01230	0.00974	0.00661	0.00504	0.00165	0.00860	0.00413	0.00330	0.00965
75	0.01141	0.00887	0.01297	0.03817	0.01487	0.01054	0.00990	0.01384	0.01213	0.01741	0.01968	0.03062	0.01891	0.12556	0.55481	0.01065	0.07062	0.00828	0.00404	0.00671
76	0.01318	0.00659	0.00988	0.00988	0.00988	0.00659	0.00659	0.00988	0.00988	0.01318	0.01318	0.02306	0.01318	0.02635	0.02964	0.77931	0.00659	0.00659	0.00329	0.00329
77	0.01541	0.01314	0.01550	0.01130	0.01769	0.01007	0.00902	0.01874	0.01550	0.02426	0.01392	0.01663	0.01173	0.00891	0.05043	0.00183	0.00656	0.00473	0.00447	0.73015
78	0.01103	0.00735	0.00827	0.00827	0.00827	0.00735	0.00460	0.01103	0.01103	0.01471	0.02390	0.04964	0.02758	0.73343	0.03861	0.00735	0.00735	0.01103	0.00460	0.00460
79	0.78701	0.01467	0.01115	0.00997	0.01467	0.01702	0.00821	0.02230	0.01291	0.03403	0.01056	0.01232	0.00821	0.00704	0.00469	0.00235	0.00587	0.00411	0.00469	0.00821
80	0.02086	0.68775	0.03844	0.01345	0.01975	0.07819	0.01310	0.02325	0.01585	0.01790	0.01063	0.01228	0.00974	0.00658	0.00501	0.00165	0.00851	0.00412	0.00329	0.00967
81	0.01036	0.00775	0.00994	0.01071	0.01232	0.00733	0.00831	0.01292	0.01708	0.02245	0.16834	0.22450	0.20063	0.02289	0.06189	0.00362	0.00599	0.17924	0.00705	0.00667
82	0.01091	0.00730	0.00831	0.00842	0.00845	0.00728	0.00476	0.01100	0.01126	0.01501	0.02507	0.09403	0.02905	0.68702	0.03671	0.00707	0.00716	0.01172	0.00476	0.00470
83	0.01414	0.00707	0.00707	0.00707	0.00884	0.00707	0.00530	0.01767	0.01591	0.02828	0.02474	0.02828	0.01944	0.00884	0.00530	0.00177	0.00353	0.00707	0.77554	0.00707
84	0.01432	0.01348	0.02275	0.71520	0.05224	0.01685	0.02107	0.01938	0.01517	0.01938	0.01348	0.02022	0.01011	0.00758	0.00758	0.00253	0.01011	0.00674	0.00337	0.00843
85	0.00942	0.00770	0.00831	0.00816	0.01052	0.00660	0.00612	0.01176	0.01836	0.02303	0.23175	0.06882	0.52654	0.01826	0.00896	0.00252	0.00377	0.01542	0.00738	0.00660
86	0.02448	0.02275	0.01974	0.01677	0.02146	0.20365	0.01327	0.28295	0.17348	0.03352	0.02409	0.02552	0.06039	0.01016	0.00762	0.00232	0.00890	0.03143	0.00657	0.01093
87	0.06294	0.01298	0.01735	0.01336	0.01918	0.01137	0.01104	0.03640	0.02137	0.66614	0.02918	0.02530	0.01837	0.00930	0.00752	0.00235	0.00643	0.00749	0.00921	0.01273
88	0.03304	0.01313	0.01757	0.01362	0.01939	0.01165	0.01120	0.03718	0.06426	0.64823	0.02999	0.02598	0.01906	0.00945	0.00763	0.00236	0.00642	0.00769	0.00928	0.01285
89	0.00931	0.00663	0.00878	0.01047	0.01090	0.00621	0.00695	0.01058	0.01439	0.01918	0.04112	0.70242	0.04930	0.05100	0.01079	0.00324	0.00451	0.02116	0.00695	0.00610
90	0.01985	0.01836	0.01760	0.01586	0.02011	0.08999	0.01228	0.03926	0.60474	0.03036	0.02888	0.02678	0.02176	0.01003	0.00763	0.00251	0.00680	0.00819	0.00732	0.01167
91	0.01011	0.00805	0.00910	0.00878	0.01108	0.00721	0.00660	0.01349	0.04442	0.02519	0.33492	0.06425	0.39501	0.01728	0.00891	0.00249	0.00381	0.01474	0.00763	0.00694
92	0.01066	0.00720	0.00838	0.00874	0.00883	0.00711	0.00510	0.01093	0.01175	0.01566	0.02757	0.18876	0.03221	0.58799	0.03268	0.00648	0.00675	0.01319	0.00510	0.00492
93	0.01084	0.00813	0.01219	0.01219	0.01354	0.00948	0.00948	0.01354	0.01219	0.01761	0.02032	0.02980	0.01896	0.05689	0.70337	0.01219	0.02032	0.00813	0.00406	0.00677
94	0.01573	0.01348	0.01573	0.01123	0.01798	0.01011	0.00899	0.01910	0.01573	0.02472	0.01348	0.01573	0.01123	0.00562	0.00562	0.00112	0.00562	0.00449	0.00449	0.77980
95	0.01465	0.00756	0.00761	0.00743	0.00935	0.00764	0.00562	0.03998	0.01659	0.02896	0.02452	0.02793	0.01921	0.00885	0.00538	0.00179	0.00370	0.00706	0.74890	0.00727
96	0.01089	0.00806	0.01051	0.01187	0.01353	0.00769	0.00973	0.01359	0.01682	0.02153	0.04864	0.21453	0.18699	0.02114	0.00998	0.00320	0.00576	0.37184	0.00701	0.00669
97	0.03403	0.01291	0.01760	0.01350	0.01936	0.01115	0.01115	0.03697	0.02171	0.69137	0.02992	0.02582	0.01878	0.00939	0.00763	0.00235	0.00645	0.00763	0.00939	0.01291
98	0.00924	0.00660	0.00880	0.01056	0.01100	0.00616	0.00704	0.01056	0.01452	0.01936	0.04181	0.72848	0.05017	0.02376	0.00968	0.00308	0.00440	0.02156	0.00704	0.00616
99	0.01318	0.00659	0.00988	0.00988	0.00988	0.00659	0.00659	0.00988	0.00988	0.01318	0.01318	0.02306	0.01318	0.02635	0.02964	0.77931	0.00659	0.00659	0.00329	0.00329
100	0.00931	0.00665	0.00886	0.01052	0.01102	0.00621	0.00705	0.01073	0.01484	0.01987	0.07100	0.69785	0.05114	0.02339	0.00965	0.00305	0.00436	0.02121	0.00710	0.00621
101	0.01097	0.00733	0.00829	0.00836	0.00837	0.00731	0.00468	0.01101	0.01116	0.01488	0.02455	0.07432	0.02840	0.70763	0.03755	0.00720	0.00725	0.01141	0.00468	0.00465
102	0.08327	0.01302	0.01718	0.01327	0.01906	0.01153	0.01096	0.03601	0.02113	0.64838	0.02866	0.02493	0.01809	0.00923	0.00744	0.00235	0.00642	0.00740	0.00908	0.01260
103	0.00924	0.00660	0.00880	0.01056	0.01100	0.00616	0.00704	0.01056	0.01452	0.01936	0.04181	0.72848	0.05017	0.02376	0.00968	0.00308	0.00440	0.02156	0.00704	0.00616
104	0.00904	0.00769	0.00779	0.00776	0.01029	0.00644	0.00582	0.01104	0.01747	0.02092	0.10322	0.07229	0.65639	0.01905	0.00896	0.00255	0.00383	0.01591	0.00710	0.00644
105	0.02883	0.02125	0.02276	0.01745	0.02352	0.02352	0.01442	0.66082	0.03566	0.04780	0.01821	0.01821	0.01290	0.00911	0.00759	0.00228	0.00835	0.00683	0.00759	0.01290
106	0.02796	0.01426	0.01742	0.01427	0.01951	0.01424	0.01149	0.03830	0.28207	0.42743	0.03030	0.02681	0.02053	0.00975	0.00766	0.00244	0.00627	0.00801	0.00872	0.01255
107	0.02028	0.73799	0.03975	0.01298	0.01947	0.03001	0.01298	0.02271	0.01541	0.01785	0.01055	0.01217	0.00973	0.00649	0.00487	0.00162	0.00811	0.00406	0.00324	0.00973
108	0.01432	0.01348	0.02275	0.71520	0.05224	0.01685	0.02107	0.01938	0.01517	0.01938	0.01348	0.02022	0.01011	0.00758	0.00758	0.00253	0.01011	0.00674	0.00337	0.00843
109	0.01084	0.00813	0.01219	0.01219	0.01354	0.00948	0.00948	0.01354	0.01219	0.01761	0.02032	0.02980	0.01896	0.05689	0.70337	0.01219	0.02032	0.00813	0.00406	0.00677
110	0.01129	0.00815	0.01096	0.01170	0.01341	0.00783	0.00957	0.01460	0.01886	0.02545	0.29762	0.11552	0.08435	0.01889	0.00975	0.00298	0.00532	0.31924	0.00753	0.00697
111	0.03403	0.01291	0.01760	0.01350	0.01936	0.01115	0.01115	0.03697	0.02171	0.69137	0.02992	0.02582	0.01878	0.00939	0.00763	0.00235	0.00645	0.00763	0.00939	0.01291
112	0.00896	0.00768	0.00768	0.00768	0.01025	0.00640	0.00576	0.01089	0.01729	0.02049	0.07684	0.07300	0.68304	0.01921	0.00896	0.00256	0.00384	0.01601	0.00704	0.00640
113	0.01062	0.00775	0.00997	0.00942	0.01126	0.00711	0.00706	0.01408	0.02119	0.02975	0.64145	0.05776	0.11265	0.01576	0.00895	0.00240	0.00360	0.01387	0.00826	0.00711
114	0.01790	0.02046	0.04476	0.03197	0.03964	0.01918	0.65857	0.02430	0.01790	0.02430	0.01535	0.02046	0.01151	0.00639	0.00895	0.00256	0.01279	0.00895	0.00384	0.01023
115	0.01573	0.01348	0.01573	0.01123	0.01798	0.01011	0.00899	0.01910	0.01573	0.02472	0.01348	0.01573	0.01123	0.00562	0.00562	0.00112	0.00562	0.00449	0.00449	0.77980
116	0.01717	0.01638	0.02789	0.28795	0.45727	0.01760	0.02248	0.02187	0.01651	0.02283	0.01398	0.01930	0.01133	0.00706	0.00754	0.00235	0.00941	0.00675	0.00362	0.01072
117	0.01668	0.01685	0.02464	0.02070	0.02120	0.02297	0.05858	0.01865	0.01203	0.01865	0.01031	0.01685	0.01006	0.01283	0.02385	0.00327	0.67333	0.00679	0.00335	0.00842
118	0.21182	0.01771	0.01814	0.01457	0.01985	0.01954	0.01192	0.36901	0.07712	0.08188	0.04994	0.02145	0.03612	0.00931	0.00700	0.00233	0.00709	0.00694	0.00702	0.01123
119	0.01805	0.01728	0.02947	0.15588	0.58248	0.01783	0.02292	0.02264	0.01693	0.02390	0.01414	0.01901	0.01170	0.00689	0.00752	0.00230	0.00919	0.00676	0.00369	0.01143
120	0.01502	0.03786	0.66432	0.02109	0.03189	0.01716	0.02712	0.02360	0.01625	0.02430	0.04275	0.01779	0.01231	0.00757	0.00728	0.00240	0.01088	0.00596	0.00343	0.01103
121	0.00924	0.00660	0.00880	0.01056	0.01100	0.00616	0.00704	0.01056	0.01452	0.01936	0.04181	0.72848	0.05017	0.02376	0.00968	0.00308	0.00440	0.02156	0.00704	0.00616
122	0.01630	0.01550	0.02632	0.41840	0.33361	0.01737	0.02205	0.02111	0.01610	0.02178	0.01383	0.01958	0.01096	0.00722	0.00755	0.00241	0.00962	0.00675	0.00354	0.01002
123	0.02840	0.03432	0.02165	0.01928	0.02346	0.61962	0.01463	0.10765	0.02323	0.02215	0.01252	0.01423	0.01015	0.00797	0.00693	0.00199	0.01302	0.00512	0.00436	0.00930
124	0.01103	0.00846	0.01018	0.00963	0.01180	0.00798	0.00726	0.01574	0.07539	0.02832	0.49270	0.05790	0.20340	0.01589	0.00885	0.00244	0.00384	0.01379	0.00801	0.00740
125	0.04773	0.01649	0.01856	0.06782	0.02230	0.07173	0.03502	0.07428	0.01764	0.02579	0.01353	0.01619	0.01100	0.00666	0.00695	0.00159	0.03783	0.00514	0.00455	0.49918
126	0.01877	0.01802	0.03079	0.04656	0.68612	0.01802	0.02328	0.02328	0.01727	0.02478	0.01427	0.01877	0.01201	0.00676	0.00751	0.00225	0.00901	0.00676	0.00375	0.01201
127	0.03304	0.01313	0.01757	0.01362	0.01939	0.01165	0.01120	0.03718	0.06426	0.64823	0.02999	0.02598	0.01906	0.00945	0.00763	0.00236	0.00642	0.00769	0.00928	0.01285
128	0.01061	0.00769	0.01011	0.01038	0.01194	0.00719	0.00791	0.01367	0.01929	0.02656	0.42516	0.18924	0.09284	0.01815	0.00934	0.00271	0.00431	0.11818	0.00781	0.00690
129	0.01023	0.00743	0.00964	0.00974	0.01119	0.00684	0.00706	0.01310	0.01932	0.02684	0.47355	0.24519	0.09553	0.01800	0.00915	0.00259	0.00382	0.01602	0.00792	0.00684
130	0.24562	0.01653	0.01771	0.01398	0.01959	0.01745	0.01154	0.26670	0.02444	0.26367	0.02004	0.01914	0.01358	0.00862	0.00678	0.00232	0.00700	0.00633	0.00738	0.01157
131	0.02049	0.01336	0.01403	0.01173	0.01540	0.01440	0.00937	0.28920	0.04699	0.03662	0.02221	0.02404	0.01682	0.00900	0.00635	0.00201	0.00565	0.00702	0.42563	0.00969
132	0.01595	0.00853	0.01108	0.01072	0.01304	0.00765	0.00791	0.01817	0.01779	0.19386	0.14049	0.34790	0.11676	0.01781	0.00882	0.00268	0.00471	0.01569	0.03231	0.00810
133	0.72337	0.01404	0.01081	0.00974	0.01419	0.01620	0.00797	0.02192	0.01316	0.03356	0.01173	0.01364	0.00914	0.00719	0.00474	0.00230	0.00568	0.00435	0.06816	0.00812
134	0.01204	0.00804	0.01035	0.00967	0.01174	0.00731	0.00729	0.01533	0.02082	0.07228	0.55768	0.08356	0.12346	0.01578	0.00889	0.00243	0.00382	0.01385	0.00824	0.00742
135	0.01318	0.00659	0.00988	0.00988	0.00988	0.00659	0.00659	0.00988	0.00988	0.01318	0.01318	0.02306	0.01318	0.02635	0.02964	0.77931	0.00659	0.00659	0.00329	0.00329
136	0.00960	0.00735	0.00873	0.00912	0.01072	0.00656	0.00651	0.01173	0.01737	0.02267	0.22995	0.27393	0.29561	0.04237	0.01013	0.00283	0.00406	0.01697	0.00732	0.00648
137	0.01222	0.00873	0.01222	0.01397	0.01572	0.00873	0.01222	0.01572	0.01746	0.02270	0.04016	0.08556	0.04365	0.02095	0.01048	0.00349	0.00698	0.63506	0.00698	0.00698
138	0.01935	0.01654	0.01743	0.01553	0.01991	0.01909	0.01212	0.07069	0.64123	0.03252	0.03025	0.02781	0.02265	0.01023	0.00771	0.00256	0.00612	0.00849	0.00771	0.01205
139	0.00953	0.00681	0.00911	0.01079	0.01138	0.00640	0.00744	0.01110	0.01500	0.02003	0.06520	0.65428	0.05045	0.02324	0.00972	0.00309	0.00457	0.06853	0.00708	0.00626
140	0.73777	0.01455	0.01157	0.01020	0.01498	0.01663	0.00841	0.02326	0.01348	0.07702	0.01183	0.01320	0.00891	0.00719	0.00489	0.00235	0.00591	0.00434	0.00500	0.00852
141	0.12472	0.01852	0.01946	0.01526	0.02073	0.02033	0.01255	0.47757	0.02997	0.08628	0.01862	0.01891	0.01330	0.00883	0.00700	0.00224	0.00745	0.00656	0.07996	0.01175
142	0.02244	0.01698	0.01843	0.01573	0.02051	0.01900	0.01256	0.19894	0.42675	0.09109	0.02791	0.02783	0.02098	0.01034	0.00779	0.00251	0.00669	0.03361	0.00780	0.01211
143	0.02073	0.00997	0.01308	0.01110	0.01473	0.00879	0.00874	0.02375	0.02083	0.31986	0.30003	0.06860	0.12078	0.01355	0.00839	0.00241	0.00491	0.01159	0.00860	0.00956
144	0.01715	0.01432	0.01649	0.01191	0.01858	0.01156	0.00958	0.08864	0.01789	0.02722	0.01399	0.01600	0.01142	0.00600	0.00583	0.00125	0.00591	0.00475	0.00483	0.69669
145	0.00943	0.00674	0.00900	0.01068	0.01123	0.00631	0.00728	0.01093	0.01490	0.01990	0.06419	0.67577	0.05062	0.02335	0.00969	0.00307	0.00449	0.04909	0.00708	0.00623
146	0.00940	0.00686	0.00885	0.01013	0.01096	0.00631	0.00692	0.01106	0.01566	0.02083	0.12388	0.57708	0.11956	0.02227	0.00952	0.00294	0.00424	0.02002	0.00720	0.00631
147	0.01091	0.00730	0.00831	0.00843	0.00846	0.00727	0.00477	0.01100	0.01127	0.01503	0.02514	0.09676	0.02914	0.68417	0.03660	0.00706	0.00715	0.01176	0.00477	0.00470
148	0.02018	0.01500	0.01675	0.01397	0.01830	0.01557	0.01088	0.26363	0.12329	0.05698	0.02505	0.16735	0.02306	0.06139	0.00985	0.00265	0.00661	0.01006	0.00686	0.13256
149	0.06998	0.22112	0.26184	0.02052	0.05734	0.02056	0.12617	0.02491	0.01661	0.09245	0.01459	0.01661	0.01093	0.00707	0.00675	0.00220	0.00968	0.00591	0.00409	0.01066

[dist]
# distance from previous block
# <min> <max>
5	8

[block]
# block no. 1 follows, 26 sequences, length 92
# corresponding to MSA columns:
# 244-335
name=unknown_B
#
# <colnr> <probs for GDERKNQSTAVLIFYWHMCP>
#	G	D	E	R	K	N	Q	S	T	A	V	L	I	F	Y	W	H	M	C	P
0	0.02810	0.02010	0.02219	0.05099	0.02448	0.02216	0.01442	0.56228	0.05867	0.09022	0.01929	0.01923	0.01357	0.00910	0.00760	0.00231	0.00821	0.00695	0.00751	0.01265
1	0.02833	0.03615	0.02149	0.01954	0.02345	0.70298	0.01466	0.03029	0.02149	0.01856	0.01172	0.01368	0.00977	0.00782	0.00684	0.00195	0.01368	0.00489	0.00391	0.00879
2	0.01166	0.00863	0.01088	0.01048	0.01076	0.00970	0.00704	0.01242	0.01134	0.01573	0.02149	0.04159	0.02369	0.50804	0.17316	0.00786	0.09582	0.00991	0.00433	0.00549
3	0.01919	0.01698	0.01730	0.01558	0.01985	0.04249	0.01210	0.03996	0.64994	0.03128	0.03021	0.02779	0.02269	0.01021	0.00769	0.00255	0.00627	0.00845	0.00759	0.01189
4	0.01887	0.01629	0.01715	0.01544	0.01972	0.01887	0.01201	0.04031	0.67241	0.03173	0.03087	0.02830	0.02315	0.01029	0.00772	0.00257	0.00600	0.00858	0.00772	0.01201
5	0.01414	0.00707	0.00707	0.00707	0.00884	0.00707	0.00530	0.01767	0.01591	0.02828	0.02474	0.02828	0.01944	0.00884	0.00530	0.00177	0.00353	0.00707	0.77554	0.00707
6	0.01251	0.04391	0.01114	0.00976	0.01234	0.00855	0.00749	0.01535	0.04019	0.08241	0.12463	0.19202	0.35035	0.01796	0.00880	0.00262	0.00457	0.04076	0.00723	0.00741
7	0.01877	0.01802	0.03079	0.04656	0.68612	0.01802	0.02328	0.02328	0.01727	0.02478	0.01427	0.01877	0.01201	0.00676	0.00751	0.00225	0.00901	0.00676	0.00375	0.01201
8	0.01328	0.00994	0.01301	0.01420	0.01635	0.01035	0.01219	0.01964	0.12195	0.02414	0.03868	0.07642	0.04038	0.01925	0.01004	0.00335	0.00683	0.53511	0.00710	0.00779
9	0.01615	0.01805	0.06450	0.19319	0.03656	0.01850	0.30298	0.02122	0.01617	0.02233	0.05978	0.02193	0.01492	0.00869	0.01165	0.00268	0.14940	0.00813	0.00390	0.00925
10	0.02028	0.73799	0.03975	0.01298	0.01947	0.03001	0.01298	0.02271	0.01541	0.01785	0.01055	0.01217	0.00973	0.00649	0.00487	0.00162	0.00811	0.00406	0.00324	0.00973
11	0.00911	0.00766	0.00772	0.00772	0.01011	0.00647	0.00568	0.01090	0.01686	0.02009	0.07318	0.07138	0.63779	0.06851	0.01101	0.00289	0.00408	0.01566	0.00687	0.00628
12	0.00950	0.00770	0.00842	0.00824	0.01057	0.00663	0.00618	0.01191	0.01854	0.02346	0.25819	0.06810	0.49983	0.01810	0.00896	0.00251	0.00376	0.01532	0.00743	0.00663
13	0.01258	0.01070	0.01554	0.01453	0.01548	0.01365	0.01164	0.01497	0.01202	0.01780	0.01717	0.02579	0.01623	0.04365	0.49745	0.00950	0.23253	0.00767	0.00384	0.00724
14	0.01036	0.00740	0.01009	0.01184	0.01278	0.00713	0.00899	0.01250	0.01563	0.02062	0.04119	0.48650	0.04772	0.02271	0.00998	0.00324	0.00537	0.25247	0.00702	0.00647
15	0.01489	0.01406	0.02377	0.63038	0.13265	0.01700	0.02135	0.01987	0.01543	0.02006	0.01358	0.02004	0.01035	0.00748	0.00757	0.00249	0.00997	0.00674	0.00342	0.00888
16	0.01667	0.01637	0.02460	0.32126	0.06831	0.05071	0.08243	0.04306	0.03691	0.02134	0.01377	0.01940	0.01117	0.01063	0.03689	0.00297	0.17715	0.00689	0.00380	0.03568
17	0.02100	0.56420	0.10078	0.01481	0.02137	0.13015	0.01470	0.02398	0.01639	0.01856	0.01102	0.01277	0.00973	0.00676	0.00539	0.00175	0.00925	0.00433	0.00334	0.00974
18	0.08070	0.03467	0.02078	0.01888	0.02284	0.65563	0.01421	0.02974	0.02090	0.01963	0.01164	0.01358	0.00966	0.00776	0.00669	0.00198	0.01314	0.00483	0.00396	0.00875
19	0.01792	0.01378	0.01604	0.01195	0.01795	0.01151	0.00951	0.09896	0.01855	0.06758	0.03934	0.04035	0.01573	0.03405	0.00744	0.00167	0.00596	0.00604	0.00539	0.56027
20	0.01066	0.00780	0.01004	0.00962	0.01147	0.00717	0.00730	0.01409	0.02090	0.02915	0.59600	0.05959	0.12292	0.01611	0.00903	0.00246	0.00378	0.04666	0.00816	0.00708
21	0.02526	0.03102	0.02195	0.01964	0.02252	0.52474	0.01516	0.02713	0.01890	0.01848	0.01126	0.01444	0.00982	0.00925	0.01157	0.00231	0.19876	0.00534	0.00375	0.00866
22	0.01103	0.00735	0.00827	0.00827	0.00827	0.00735	0.00460	0.01103	0.01103	0.01471	0.02390	0.04964	0.02758	0.73343	0.03861	0.00735	0.00735	0.01103	0.00460	0.00460
23	0.01874	0.01046	0.01324	0.01146	0.01484	0.00993	0.00896	0.02451	0.11074	0.22748	0.37571	0.04417	0.07176	0.01310	0.00838	0.00241	0.00478	0.01128	0.00852	0.00951
24	0.01424	0.01301	0.02186	0.66651	0.04932	0.01614	0.02007	0.01872	0.01480	0.01895	0.01346	0.02042	0.01032	0.00888	0.00911	0.05615	0.00987	0.00673	0.00337	0.00807
25	0.00919	0.00680	0.00860	0.01004	0.01087	0.00620	0.00681	0.01062	0.01502	0.01957	0.04812	0.61042	0.16415	0.02294	0.00955	0.00299	0.00430	0.02056	0.00704	0.00620
26	0.04204	0.00889	0.01038	0.00947	0.01243	0.00787	0.00729	0.01709	0.01903	0.14851	0.23401	0.08118	0.34109	0.01607	0.00858	0.00248	0.00435	0.01358	0.00776	0.00788
27	0.01103	0.00735	0.00827	0.00827	0.00827	0.00735	0.00460	0.01103	0.01103	0.01471	0.02390	0.04964	0.02758	0.73343	0.03861	0.00735	0.00735	0.01103	0.00460	0.00460
28	0.01103	0.00735	0.00827	0.00827	0.00827	0.00735	0.00460	0.01103	0.01103	0.01471	0.02390	0.04964	0.02758	0.73343	0.03861	0.00735	0.00735	0.01103	0.00460	0.00460
29	0.01103	0.00735	0.00827	0.00827	0.00827	0.00735	0.00460	0.01103	0.01103	0.01471	0.02390	0.04964	0.02758	0.73343	0.03861	0.00735	0.00735	0.01103	0.00460	0.00460
30	0.00923	0.00665	0.00875	0.01042	0.01096	0.00617	0.00698	0.01058	0.01466	0.01942	0.04351	0.69665	0.08090	0.02354	0.00965	0.00306	0.00437	0.02129	0.00704	0.00617
31	0.01056	0.00762	0.00998	0.00966	0.01129	0.00704	0.00714	0.01387	0.02065	0.02911	0.60668	0.13580	0.06905	0.01648	0.00903	0.00247	0.00368	0.01464	0.00820	0.00704
32	0.01573	0.01348	0.01573	0.01123	0.01798	0.01011	0.00899	0.01910	0.01573	0.02472	0.01348	0.01573	0.01123	0.00562	0.00562	0.00112	0.00562	0.00449	0.00449	0.77980
33	0.01133	0.00846	0.00951	0.00948	0.01208	0.00756	0.00747	0.01442	0.04207	0.05738	0.11170	0.06976	0.46985	0.01838	0.00910	0.00269	0.00457	0.11978	0.00728	0.00711
34	0.04122	0.00857	0.00885	0.00844	0.01027	0.00883	0.00612	0.07095	0.01648	0.02712	0.02428	0.06142	0.02141	0.14993	0.01212	0.00297	0.00480	0.00834	0.50079	0.00709
35	0.00919	0.00764	0.00806	0.00824	0.01056	0.00650	0.00617	0.01120	0.01727	0.02096	0.10217	0.12627	0.57829	0.01946	0.00908	0.00263	0.00399	0.03878	0.00710	0.00644
36	0.01222	0.00873	0.01222	0.01397	0.01572	0.00873	0.01222	0.01572	0.01746	0.02270	0.04016	0.08556	0.04365	0.02095	0.01048	0.00349	0.00698	0.63506	0.00698	0.00698
37	0.01003	0.00805	0.00900	0.00881	0.01109	0.00723	0.00658	0.01338	0.04934	0.02424	0.27280	0.10004	0.41663	0.01781	0.00894	0.00253	0.00389	0.01519	0.00751	0.00690
38	0.69329	0.01409	0.01142	0.01013	0.01468	0.01602	0.00830	0.02251	0.01397	0.06842	0.05832	0.01612	0.01318	0.00775	0.00514	0.00235	0.00574	0.00496	0.00520	0.00839
39	0.01414	0.00707	0.00707	0.00707	0.00884	0.00707	0.00530	0.01767	0.01591	0.02828	0.02474	0.02828	0.01944	0.00884	0.00530	0.00177	0.00353	0.00707	0.77554	0.00707
40	0.01084	0.00813	0.01219	0.01219	0.01354	0.00948	0.00948	0.01354	0.01219	0.01761	0.02032	0.02980	0.01896	0.05689	0.70337	0.01219	0.02032	0.00813	0.00406	0.00677
41	0.05479	0.00931	0.01074	0.00980	0.01276	0.00856	0.00764	0.03995	0.01970	0.11621	0.26193	0.05657	0.30774	0.01573	0.00856	0.00249	0.00450	0.03743	0.00768	0.00788
42	0.01168	0.00894	0.01060	0.00986	0.01220	0.00853	0.00748	0.04343	0.06824	0.02884	0.45808	0.05693	0.21503	0.01576	0.00880	0.00244	0.00403	0.01361	0.00795	0.00757
43	0.00896	0.00768	0.00768	0.00768	0.01025	0.00640	0.00576	0.01089	0.01729	0.02049	0.07684	0.07300	0.68304	0.01921	0.00896	0.00256	0.00384	0.01601	0.00704	0.00640
44	0.01074	0.00775	0.01014	0.00954	0.01133	0.00716	0.00716	0.01431	0.02147	0.03042	0.68211	0.05666	0.07157	0.01551	0.00895	0.00239	0.00358	0.01372	0.00835	0.00716
45	0.02100	0.67550	0.03812	0.01356	0.01982	0.08994	0.01313	0.02339	0.01595	0.01791	0.01065	0.01230	0.00974	0.00661	0.00504	0.00165	0.00861	0.00413	0.00330	0.00965
46	0.02833	0.03615	0.02149	0.01954	0.02345	0.70298	0.01466	0.03029	0.02149	0.01856	0.01172	0.01368	0.00977	0.00782	0.00684	0.00195	0.01368	0.00489	0.00391	0.00879
47	0.00924	0.00660	0.00880	0.01056	0.01100	0.00616	0.00704	0.01056	0.01452	0.01936	0.04181	0.72848	0.05017	0.02376	0.00968	0.00308	0.00440	0.02156	0.00704	0.00616
48	0.00990	0.00814	0.00920	0.00985	0.03517	0.00715	0.00703	0.01213	0.01744	0.02163	0.13615	0.06903	0.50284	0.05613	0.01060	0.00286	0.00445	0.06674	0.00694	0.00664
49	0.01644	0.01638	0.02320	0.06791	0.02215	0.02279	0.01690	0.01833	0.01186	0.01833	0.01020	0.01685	0.00997	0.01288	0.02370	0.00326	0.67058	0.00665	0.00332	0.00831
50	0.78701	0.01467	0.01115	0.00997	0.01467	0.01702	0.00821	0.02230	0.01291	0.03403	0.01056	0.01232	0.00821	0.00704	0.00469	0.00235	0.00587	0.00411	0.00469	0.00821
51	0.01432	0.01348	0.02275	0.71520	0.05224	0.01685	0.02107	0.01938	0.01517	0.01938	0.01348	0.02022	0.01011	0.00758	0.00758	0.00253	0.01011	0.00674	0.00337	0.00843
52	0.01991	0.01606	0.01718	0.01530	0.01970	0.01833	0.01195	0.04007	0.62750	0.07726	0.03081	0.02813	0.02285	0.01023	0.00771	0.00256	0.00603	0.00851	0.00783	0.01207
53	0.02883	0.02125	0.02276	0.01745	0.02352	0.02352	0.01442	0.66082	0.03566	0.04780	0.01821	0.01821	0.01290	0.00911	0.00759	0.00228	0.00835	0.00683	0.00759	0.01290
54	0.01877	0.01802	0.03079	0.04656	0.68612	0.01802	0.02328	0.02328	0.01727	0.02478	0.01427	0.01877	0.01201	0.00676	0.00751	0.00225	0.00901	0.00676	0.00375	0.01201
55	0.00924	0.00660	0.00880	0.01056	0.01100	0.00616	0.00704	0.01056	0.01452	0.01936	0.04181	0.72848	0.05017	0.02376	0.00968	0.00308	0.00440	0.02156	0.00704	0.00616
56	0.01877	0.01802	0.03079	0.04656	0.68612	0.01802	0.02328	0.02328	0.01727	0.02478	0.01427	0.01877	0.01201	0.00676	0.00751	0.00225	0.00901	0.00676	0.00375	0.01201
57	0.01551	0.01325	0.01550	0.01121	0.01774	0.00998	0.00892	0.01881	0.01569	0.02454	0.01442	0.03946	0.01253	0.00622	0.00575	0.00119	0.00558	0.00506	0.00458	0.75405
58	0.01958	0.01956	0.03000	0.04427	0.63004	0.07598	0.02255	0.02387	0.01763	0.02425	0.01405	0.01834	0.01182	0.00685	0.00745	0.00223	0.00941	0.00660	0.00377	0.01174
59	0.01074	0.00775	0.01014	0.00954	0.01133	0.00716	0.00716	0.01431	0.02147	0.03042	0.68211	0.05666	0.07157	0.01551	0.00895	0.00239	0.00358	0.01372	0.00835	0.00716
60	0.01877	0.01802	0.03079	0.04656	0.68612	0.01802	0.02328	0.02328	0.01727	0.02478	0.01427	0.01877	0.01201	0.00676	0.00751	0.00225	0.00901	0.00676	0.00375	0.01201
61	0.01742	0.02380	0.16021	0.03013	0.03843	0.01890	0.54647	0.02425	0.01757	0.02425	0.01504	0.01967	0.01117	0.00654	0.00864	0.00253	0.01251	0.00836	0.00372	0.01040
62	0.01877	0.01802	0.03079	0.04656	0.68612	0.01802	0.02328	0.02328	0.01727	0.02478	0.01427	0.01877	0.01201	0.00676	0.00751	0.00225	0.00901	0.00676	0.00375	0.01201
63	0.02883	0.02125	0.02276	0.01745	0.02352	0.02352	0.01442	0.66082	0.03566	0.04780	0.01821	0.01821	0.01290	0.00911	0.00759	0.00228	0.00835	0.00683	0.00759	0.01290
64	0.00911	0.00769	0.00789	0.00784	0.01034	0.00647	0.00588	0.01117	0.01764	0.02132	0.12723	0.07164	0.63213	0.01890	0.00896	0.00255	0.00382	0.01582	0.00715	0.00647
65	0.01432	0.01348	0.02275	0.71520	0.05224	0.01685	0.02107	0.01938	0.01517	0.01938	0.01348	0.02022	0.01011	0.00758	0.00758	0.00253	0.01011	0.00674	0.00337	0.00843
66	0.00896	0.00768	0.00768	0.00768	0.01025	0.00640	0.00576	0.01089	0.01729	0.02049	0.07684	0.07300	0.68304	0.01921	0.00896	0.00256	0.00384	0.01601	0.00704	0.00640
67	0.00896	0.00768	0.00768	0.00768	0.01025	0.00640	0.00576	0.01089	0.01729	0.02049	0.07684	0.07300	0.68304	0.01921	0.00896	0.00256	0.00384	0.01601	0.00704	0.00640
68	0.00922	0.00764	0.00807	0.00807	0.01043	0.00649	0.00601	0.01133	0.01772	0.02178	0.15700	0.10162	0.57063	0.01892	0.00900	0.00256	0.00383	0.01596	0.00722	0.00649
69	0.01887	0.01629	0.01715	0.01544	0.01972	0.01887	0.01201	0.04031	0.67241	0.03173	0.03087	0.02830	0.02315	0.01029	0.00772	0.00257	0.00600	0.00858	0.00772	0.01201
70	0.00924	0.00660	0.00880	0.01056	0.01100	0.00616	0.00704	0.01056	0.01452	0.01936	0.04181	0.72848	0.05017	0.02376	0.00968	0.00308	0.00440	0.02156	0.00704	0.00616
71	0.00896	0.00768	0.00768	0.00768	0.01025	0.00640	0.00576	0.01089	0.01729	0.02049	0.07684	0.07300	0.68304	0.01921	0.00896	0.00256	0.00384	0.01601	0.00704	0.00640
72	0.01140	0.00836	0.00998	0.00951	0.01183	0.00766	0.00727	0.01522	0.05047	0.05041	0.39057	0.06113	0.27798	0.01656	0.00891	0.00250	0.00403	0.04103	0.00785	0.00732
73	0.01790	0.02046	0.04476	0.03197	0.03964	0.01918	0.65857	0.02430	0.01790	0.02430	0.01535	0.02046	0.01151	0.00639	0.00895	0.00256	0.01279	0.00895	0.00384	0.01023
74	0.01064	0.00778	0.01000	0.00954	0.01139	0.00715	0.00721	0.01407	0.02098	0.02930	0.60835	0.05905	0.12258	0.01601	0.00900	0.00244	0.00372	0.03551	0.00819	0.00709
75	0.00924	0.00660	0.00880	0.01056	0.01100	0.00616	0.00704	0.01056	0.01452	0.01936	0.04181	0.72848	0.05017	0.02376	0.00968	0.00308	0.00440	0.02156	0.00704	0.00616
76	0.01074	0.00775	0.01014	0.00954	0.01133	0.00716	0.00716	0.01431	0.02147	0.03042	0.68211	0.05666	0.07157	0.01551	0.00895	0.00239	0.00358	0.01372	0.00835	0.00716
77	0.01414	0.00707	0.00707	0.00707	0.00884	0.00707	0.00530	0.01767	0.01591	0.02828	0.02474	0.02828	0.01944	0.00884	0.00530	0.00177	0.00353	0.00707	0.77554	0.00707
78	0.01103	0.00735	0.00827	0.00827	0.00827	0.00735	0.00460	0.01103	0.01103	0.01471	0.02390	0.04964	0.02758	0.73343	0.03861	0.00735	0.00735	0.01103	0.00460	0.00460
79	0.01081	0.00780	0.01024	0.00976	0.01155	0.00723	0.00740	0.01438	0.02128	0.03004	0.65080	0.05807	0.07021	0.01577	0.00902	0.00244	0.00374	0.04402	0.00828	0.00715
80	0.01573	0.01348	0.01573	0.01123	0.01798	0.01011	0.00899	0.01910	0.01573	0.02472	0.01348	0.01573	0.01123	0.00562	0.00562	0.00112	0.00562	0.00449	0.00449	0.77980
81	0.01102	0.00739	0.00846	0.00846	0.00853	0.00746	0.00483	0.01115	0.01109	0.01485	0.02373	0.04867	0.02716	0.70057	0.07089	0.00759	0.00798	0.01089	0.00457	0.00470
82	0.01659	0.01659	0.02323	0.01991	0.01991	0.02323	0.01659	0.01825	0.01162	0.01825	0.00996	0.01659	0.00996	0.01328	0.02489	0.00332	0.71955	0.00664	0.00332	0.00830
83	0.00991	0.00772	0.00899	0.00867	0.01082	0.00680	0.00651	0.01271	0.01952	0.02577	0.39906	0.06430	0.35752	0.01724	0.00895	0.00247	0.00370	0.01479	0.00774	0.00680
84	0.01447	0.00758	0.00774	0.00753	0.00945	0.00762	0.00569	0.03901	0.01683	0.02903	0.05544	0.02928	0.02167	0.00916	0.00555	0.00181	0.00370	0.00737	0.71379	0.00727
85	0.00981	0.00684	0.00863	0.00983	0.01013	0.00654	0.00626	0.01071	0.01341	0.01788	0.03611	0.51265	0.04298	0.24940	0.01888	0.00444	0.00534	0.01821	0.00626	0.00566
86	0.01042	0.00763	0.00978	0.00949	0.01120	0.00699	0.00702	0.01362	0.02037	0.02839	0.56186	0.12880	0.12271	0.01670	0.00903	0.00247	0.00369	0.01474	0.00810	0.00699
87	0.01143	0.00812	0.00985	0.01017	0.01117	0.00796	0.00686	0.05985	0.01621	0.02181	0.13011	0.35806	0.06591	0.22620	0.01774	0.00413	0.00541	0.01608	0.00657	0.00637
88	0.01253	0.01084	0.01668	0.33358	0.03107	0.01256	0.01457	0.01582	0.01488	0.01974	0.02551	0.28172	0.02718	0.01478	0.00968	0.00280	0.05661	0.05899	0.00501	0.03544
89	0.00936	0.00669	0.00894	0.01070	0.01120	0.00627	0.00725	0.01077	0.01464	0.01950	0.04174	0.70199	0.04990	0.02365	0.00971	0.00310	0.00451	0.04684	0.00704	0.00619
90	0.00936	0.00673	0.00877	0.01029	0.01086	0.00626	0.00688	0.01073	0.01475	0.01961	0.06584	0.64387	0.07973	0.05406	0.01088	0.00322	0.00447	0.02056	0.00698	0.00614
