[name]
unknown

[dist]
# distance from previous block
# <min> <max>
0	158

[block]
# block no. 0 follows, 19 sequences, length 6
# corresponding to MSA columns:
# 189-194
name=unknown_A
#
# <colnr> <probs for GDERKNQSTAVLIFYWHMCP>
#	G	D	E	R	K	N	Q	S	T	A	V	L	I	F	Y	W	H	M	C	P
0	0.01792	0.01569	0.02124	0.01613	0.02312	0.01260	0.07287	0.02214	0.01895	0.02847	0.02149	0.06783	0.02012	0.00994	0.00794	0.00194	0.00760	0.06695	0.00571	0.54133
1	0.01566	0.12572	0.02154	0.01540	0.01867	0.01404	0.07210	0.01842	0.01899	0.05310	0.08314	0.37178	0.09606	0.02045	0.01012	0.00312	0.00697	0.01836	0.00738	0.00897
2	0.02270	0.02189	0.02044	0.01710	0.02321	0.12444	0.01331	0.03582	0.28280	0.03158	0.02462	0.02470	0.01917	0.00950	0.00797	0.00225	0.00844	0.00751	0.00686	0.29568
3	0.02100	0.01562	0.02071	0.19329	0.03181	0.01567	0.01519	0.08981	0.02126	0.08326	0.02016	0.02434	0.01563	0.01482	0.07572	0.00350	0.01018	0.00737	0.06458	0.25608
4	0.01535	0.01465	0.02742	0.13124	0.03256	0.01456	0.20901	0.01966	0.01860	0.02480	0.03317	0.34843	0.03585	0.01791	0.01071	0.00332	0.00965	0.01748	0.00630	0.00933
5	0.01972	0.01858	0.02856	0.10124	0.03287	0.01913	0.15705	0.03056	0.18259	0.02989	0.02436	0.03133	0.02002	0.01064	0.01036	0.00279	0.04894	0.05381	0.00615	0.17140

[dist]
# distance from previous block
# <min> <max>
16	37

[block]
# block no. 1 follows, 19 sequences, length 7
# corresponding to MSA columns:
# 238-244
name=unknown_B
#
# <colnr> <probs for GDERKNQSTAVLIFYWHMCP>
#	G	D	E	R	K	N	Q	S	T	A	V	L	I	F	Y	W	H	M	C	P
0	0.24821	0.08826	0.25598	0.05025	0.08432	0.02120	0.02160	0.02857	0.01836	0.08394	0.01635	0.01865	0.01206	0.00856	0.00743	0.00272	0.01015	0.00629	0.00503	0.01208
1	0.02258	0.04065	0.02043	0.01644	0.02058	0.01597	0.04769	0.02992	0.13974	0.17704	0.06437	0.09217	0.11610	0.07327	0.01467	0.00354	0.07306	0.01243	0.00812	0.01125
2	0.01851	0.05366	0.01947	0.01641	0.01910	0.07392	0.01270	0.07953	0.01954	0.02596	0.02755	0.22810	0.02942	0.05404	0.10900	0.00497	0.11450	0.01322	0.00618	0.07421
3	0.01564	0.00919	0.01252	0.01260	0.01331	0.00949	0.00865	0.01624	0.08731	0.01941	0.02345	0.13068	0.02387	0.02825	0.02805	0.53231	0.00728	0.01084	0.00523	0.00569
4	0.01742	0.02093	0.13415	0.18869	0.13490	0.01750	0.04709	0.02482	0.06584	0.02690	0.02690	0.11707	0.02557	0.01375	0.00978	0.00317	0.01028	0.09857	0.00565	0.01105
5	0.24049	0.05463	0.09844	0.02079	0.07887	0.07635	0.01683	0.07540	0.11357	0.03456	0.01879	0.02077	0.01461	0.00971	0.00877	0.00275	0.04965	0.00689	0.04638	0.01175
6	0.01665	0.01191	0.01613	0.07380	0.02050	0.01290	0.01247	0.01952	0.01916	0.08811	0.11403	0.16108	0.12605	0.07192	0.01635	0.00380	0.11104	0.08824	0.00746	0.00890

[dist]
# distance from previous block
# <min> <max>
0	2

[block]
# block no. 2 follows, 19 sequences, length 10
# corresponding to MSA columns:
# 247-256
name=unknown_C
#
# <colnr> <probs for GDERKNQSTAVLIFYWHMCP>
#	G	D	E	R	K	N	Q	S	T	A	V	L	I	F	Y	W	H	M	C	P
0	0.01855	0.04044	0.06159	0.01501	0.01911	0.01500	0.03736	0.05623	0.01883	0.02962	0.02139	0.02642	0.01753	0.01551	0.05670	0.05204	0.08855	0.00771	0.28707	0.11536
1	0.02387	0.07128	0.03551	0.02639	0.03096	0.09277	0.17885	0.10925	0.02142	0.02857	0.01519	0.02038	0.01271	0.01145	0.01727	0.00318	0.27649	0.00819	0.00488	0.01139
2	0.18155	0.02108	0.08767	0.04960	0.07026	0.02095	0.04416	0.03038	0.10589	0.10294	0.04286	0.02410	0.01780	0.01111	0.01261	0.00307	0.14805	0.00798	0.00616	0.01179
3	0.01897	0.11399	0.02886	0.29256	0.08208	0.02087	0.06318	0.02634	0.09591	0.02581	0.02067	0.05278	0.01713	0.01088	0.00966	0.03458	0.01009	0.00875	0.05621	0.01069
4	0.02791	0.10237	0.02247	0.01559	0.02089	0.01599	0.01318	0.03141	0.02262	0.30751	0.11656	0.04035	0.03190	0.01331	0.01051	0.00280	0.05572	0.07555	0.00867	0.06467
5	0.09880	0.00899	0.01054	0.01197	0.01316	0.00892	0.00819	0.01468	0.01681	0.02531	0.04257	0.52742	0.04959	0.05703	0.01207	0.00368	0.00550	0.02125	0.05598	0.00753
6	0.52155	0.22849	0.02372	0.01288	0.01908	0.02488	0.01145	0.02645	0.01615	0.03415	0.01245	0.01448	0.01025	0.00810	0.00560	0.00250	0.00775	0.00483	0.00500	0.01025
7	0.02224	0.16902	0.11285	0.01988	0.04724	0.06711	0.01744	0.02571	0.01831	0.09537	0.02170	0.10843	0.02059	0.06024	0.01533	0.00332	0.14923	0.00965	0.00547	0.01086
8	0.03270	0.01982	0.02299	0.01847	0.02479	0.02073	0.01529	0.31665	0.07757	0.23136	0.02996	0.03457	0.02258	0.01260	0.00938	0.00291	0.00875	0.07502	0.00954	0.01431
9	0.01452	0.01345	0.08640	0.01486	0.01777	0.00992	0.01271	0.01788	0.01903	0.06783	0.06757	0.39987	0.07028	0.02332	0.01102	0.00352	0.00684	0.12642	0.00801	0.00877

[dist]
# distance from previous block
# <min> <max>
0	7

[block]
# block no. 3 follows, 19 sequences, length 13
# corresponding to MSA columns:
# 264-276
name=unknown_D
#
# <colnr> <probs for GDERKNQSTAVLIFYWHMCP>
#	G	D	E	R	K	N	Q	S	T	A	V	L	I	F	Y	W	H	M	C	P
0	0.02535	0.12170	0.06463	0.10746	0.11268	0.12390	0.01950	0.15258	0.02472	0.03164	0.01626	0.01943	0.01294	0.00903	0.00884	0.00245	0.03697	0.00678	0.00535	0.09779
1	0.02246	0.02974	0.12685	0.03398	0.04295	0.11241	0.43896	0.02963	0.02143	0.02764	0.01721	0.02229	0.01298	0.00791	0.00993	0.00289	0.01499	0.00934	0.00444	0.01198
2	0.01434	0.01295	0.01272	0.01384	0.01513	0.09964	0.00961	0.01632	0.01927	0.02423	0.11173	0.51258	0.05529	0.02419	0.01084	0.00335	0.00665	0.02152	0.00796	0.00785
3	0.01960	0.01957	0.02875	0.02363	0.02541	0.02514	0.07289	0.02232	0.01497	0.02310	0.01283	0.01988	0.01209	0.01384	0.02492	0.00353	0.52995	0.00779	0.00413	0.09567
4	0.01916	0.02612	0.24879	0.02184	0.05164	0.01669	0.06215	0.02831	0.10515	0.08593	0.06685	0.17020	0.03002	0.01407	0.00957	0.00304	0.00952	0.01240	0.00668	0.01189
5	0.02296	0.01983	0.02015	0.01778	0.02265	0.05677	0.01387	0.11066	0.42500	0.03866	0.11780	0.03573	0.03311	0.01268	0.00923	0.00292	0.00753	0.01048	0.00893	0.01325
6	0.01123	0.00799	0.01050	0.01214	0.01278	0.00749	0.00811	0.01295	0.01766	0.02376	0.10616	0.57260	0.05980	0.07467	0.01380	0.00392	0.00534	0.02360	0.00825	0.00725
7	0.02134	0.02640	0.11715	0.15150	0.03646	0.11842	0.09290	0.05111	0.01927	0.02520	0.01546	0.02139	0.01271	0.01422	0.05346	0.00380	0.19622	0.00782	0.00436	0.01081
8	0.02108	0.02357	0.07113	0.32667	0.24382	0.11082	0.02518	0.02660	0.01985	0.02520	0.01592	0.02184	0.01257	0.00863	0.00876	0.00277	0.01219	0.00755	0.00420	0.01163
9	0.01975	0.01960	0.03566	0.30495	0.27688	0.02096	0.14023	0.02578	0.01949	0.02646	0.01670	0.02325	0.01312	0.00829	0.00923	0.00286	0.01206	0.00848	0.00426	0.01199
10	0.02103	0.02504	0.08092	0.03826	0.08573	0.02244	0.53067	0.02856	0.02095	0.02868	0.01791	0.02374	0.01350	0.00762	0.01034	0.00298	0.01469	0.01019	0.00448	0.01227
11	0.12550	0.06557	0.37180	0.02486	0.05985	0.02234	0.07783	0.09500	0.02131	0.03306	0.01623	0.01898	0.01188	0.00859	0.00820	0.00277	0.01181	0.00686	0.00473	0.01281
12	0.01991	0.12012	0.53460	0.02376	0.03597	0.02206	0.02984	0.02902	0.01919	0.06203	0.01672	0.01901	0.01197	0.00855	0.00820	0.00272	0.01247	0.00653	0.00420	0.01313

[dist]
# distance from previous block
# <min> <max>
0	2

[block]
# block no. 4 follows, 19 sequences, length 31
# corresponding to MSA columns:
# 279-309
name=unknown_E
#
# <colnr> <probs for GDERKNQSTAVLIFYWHMCP>
#	G	D	E	R	K	N	Q	S	T	A	V	L	I	F	Y	W	H	M	C	P
0	0.07868	0.01849	0.02155	0.01668	0.02337	0.01843	0.01372	0.23954	0.02998	0.31303	0.02726	0.02565	0.01835	0.01045	0.00844	0.00260	0.00809	0.00812	0.05537	0.06221
1	0.01254	0.00903	0.01171	0.01311	0.01413	0.00886	0.00906	0.05137	0.01860	0.02492	0.04592	0.59668	0.05401	0.02930	0.05060	0.00423	0.00665	0.02331	0.00813	0.00783
2	0.02073	0.02851	0.19185	0.04132	0.26974	0.02164	0.23748	0.02811	0.02028	0.02880	0.01710	0.02206	0.01325	0.00794	0.00939	0.00283	0.01290	0.00858	0.00430	0.01317
3	0.01906	0.04332	0.53698	0.02692	0.03922	0.05016	0.10333	0.02872	0.01947	0.02808	0.01621	0.01942	0.01162	0.00841	0.00874	0.00283	0.01359	0.00707	0.00391	0.01294
4	0.01915	0.01801	0.02899	0.39243	0.18100	0.02070	0.04907	0.02828	0.11841	0.02697	0.01964	0.02508	0.01508	0.00920	0.00902	0.00292	0.01097	0.00843	0.00496	0.01168
5	0.03342	0.04264	0.02535	0.02305	0.02766	0.64967	0.01729	0.03572	0.02535	0.02190	0.01383	0.01613	0.01152	0.00922	0.00807	0.00230	0.01613	0.00576	0.00461	0.01037
6	0.02105	0.01147	0.01509	0.05321	0.01933	0.01076	0.01092	0.02381	0.02100	0.22258	0.07949	0.23219	0.18177	0.01915	0.01084	0.00313	0.02871	0.01639	0.00886	0.01022
7	0.02001	0.02085	0.03452	0.02747	0.03001	0.02606	0.18147	0.02353	0.01578	0.02353	0.01353	0.02085	0.01226	0.01338	0.02409	0.00366	0.48590	0.00859	0.00409	0.01043
8	0.01090	0.00779	0.01038	0.01246	0.01298	0.00727	0.00830	0.01246	0.01713	0.02284	0.04931	0.67975	0.05917	0.02803	0.01142	0.00363	0.00519	0.02543	0.00830	0.00727
9	0.01965	0.01871	0.03181	0.34457	0.35962	0.02060	0.02622	0.02527	0.01919	0.02620	0.01639	0.02296	0.01310	0.00843	0.00890	0.00281	0.01125	0.00796	0.00421	0.01216
10	0.02171	0.03750	0.32013	0.02959	0.03983	0.12684	0.23846	0.02969	0.02079	0.02737	0.01644	0.02036	0.01219	0.00827	0.00919	0.00281	0.01440	0.00792	0.00419	0.01232
11	0.01090	0.00779	0.01038	0.01246	0.01298	0.00727	0.00830	0.01246	0.01713	0.02284	0.04931	0.67975	0.05917	0.02803	0.01142	0.00363	0.00519	0.02543	0.00830	0.00727
12	0.03856	0.01558	0.02071	0.01612	0.02288	0.01395	0.01324	0.04395	0.07763	0.58302	0.03539	0.03071	0.02260	0.01117	0.00901	0.00279	0.00757	0.00910	0.01090	0.01513
13	0.02759	0.05528	0.07665	0.02866	0.17465	0.12949	0.01997	0.22998	0.05736	0.03776	0.01947	0.02160	0.01497	0.00954	0.00844	0.00257	0.01085	0.00751	0.05434	0.01332
14	0.01915	0.02008	0.03965	0.33677	0.08146	0.02125	0.29772	0.02584	0.01954	0.02592	0.01699	0.02390	0.01282	0.00823	0.00971	0.00298	0.01337	0.00919	0.00426	0.01115
15	0.03714	0.01589	0.02067	0.01630	0.02291	0.01467	0.01332	0.04426	0.12414	0.53568	0.03548	0.03094	0.02301	0.01125	0.00901	0.00281	0.00752	0.00918	0.01074	0.01505
16	0.02078	0.02937	0.23183	0.04537	0.43811	0.02110	0.02927	0.02774	0.01989	0.02894	0.01658	0.02109	0.01325	0.00814	0.00874	0.00271	0.01147	0.00753	0.00422	0.01386
17	0.01960	0.02004	0.02666	0.02287	0.02402	0.07354	0.05651	0.02204	0.01540	0.02205	0.01589	0.06447	0.01591	0.01997	0.08016	0.00463	0.47302	0.00916	0.00438	0.00966
18	0.01151	0.00837	0.01168	0.01308	0.01395	0.00854	0.00924	0.01360	0.01624	0.02217	0.04109	0.47071	0.04724	0.04070	0.21854	0.00712	0.01128	0.02029	0.00717	0.00750
19	0.03985	0.01569	0.02105	0.01614	0.02307	0.01384	0.01333	0.06999	0.02639	0.60848	0.03464	0.03003	0.02182	0.01106	0.00899	0.00276	0.00772	0.00895	0.01097	0.01522
20	0.02872	0.02136	0.02446	0.02218	0.07933	0.02334	0.01635	0.33788	0.17108	0.08253	0.02763	0.07738	0.02189	0.01222	0.00918	0.00285	0.00876	0.00997	0.00866	0.01424
21	0.01198	0.00912	0.01102	0.01054	0.01295	0.00815	0.00791	0.01557	0.02372	0.03208	0.45175	0.07308	0.26009	0.01971	0.01056	0.00288	0.00432	0.01706	0.00935	0.00815
22	0.01122	0.00801	0.01074	0.01282	0.01348	0.00754	0.00885	0.01300	0.01744	0.02319	0.04914	0.62771	0.05848	0.02773	0.01150	0.00368	0.00546	0.07435	0.00830	0.00735
23	0.08680	0.38398	0.27027	0.01889	0.02848	0.02843	0.02159	0.02734	0.01818	0.02555	0.01382	0.01610	0.01126	0.00804	0.00678	0.00234	0.01073	0.00549	0.00396	0.01199
24	0.02218	0.01659	0.02659	0.14229	0.28755	0.01681	0.02063	0.02703	0.02162	0.13067	0.11744	0.03691	0.02901	0.01157	0.00943	0.00287	0.00916	0.05278	0.00661	0.01227
25	0.01087	0.00788	0.01028	0.01220	0.01291	0.00729	0.00819	0.01249	0.01738	0.02294	0.05250	0.63392	0.10294	0.02761	0.01135	0.00359	0.00514	0.02493	0.00831	0.00729
26	0.01605	0.01272	0.01517	0.01566	0.01872	0.01339	0.01286	0.02625	0.20208	0.02945	0.05088	0.10473	0.13450	0.02069	0.01104	0.00359	0.00716	0.28665	0.00852	0.00990
27	0.02173	0.01722	0.01908	0.01666	0.02192	0.01839	0.01311	0.03958	0.40736	0.07492	0.07910	0.03673	0.03035	0.01229	0.00898	0.00278	0.00688	0.03697	0.00865	0.12730
28	0.02192	0.08572	0.02810	0.06931	0.02798	0.01857	0.12922	0.12085	0.02601	0.09045	0.23944	0.03872	0.03997	0.01242	0.00952	0.00275	0.00877	0.01124	0.00768	0.01135
29	0.05258	0.01786	0.06930	0.28306	0.05973	0.01703	0.01829	0.05744	0.01873	0.02672	0.01819	0.02758	0.01577	0.12188	0.01442	0.00355	0.01002	0.00803	0.00486	0.15495
30	0.01957	0.16620	0.24779	0.02218	0.03105	0.04780	0.11772	0.02614	0.02037	0.02787	0.11099	0.02621	0.02335	0.00959	0.00844	0.00253	0.01099	0.00826	0.00502	0.06793

[dist]
# distance from previous block
# <min> <max>
10	48

[block]
# block no. 5 follows, 19 sequences, length 16
# corresponding to MSA columns:
# 375-390
name=unknown_F
#
# <colnr> <probs for GDERKNQSTAVLIFYWHMCP>
#	G	D	E	R	K	N	Q	S	T	A	V	L	I	F	Y	W	H	M	C	P
0	0.02687	0.01922	0.02470	0.02129	0.05980	0.01967	0.06150	0.22639	0.09997	0.12553	0.02849	0.08026	0.02368	0.01264	0.00935	0.00283	0.00886	0.05768	0.00820	0.08305
1	0.08108	0.01896	0.02398	0.02054	0.06709	0.01887	0.06697	0.19484	0.05846	0.03856	0.06662	0.07054	0.02295	0.01083	0.00851	0.00246	0.00840	0.00923	0.00702	0.20410
2	0.02286	0.01816	0.02155	0.06345	0.02571	0.06736	0.06125	0.05622	0.22073	0.11764	0.03723	0.14634	0.07303	0.01466	0.00962	0.00302	0.00846	0.01274	0.00809	0.01189
3	0.19508	0.01961	0.02023	0.01651	0.02171	0.02220	0.01352	0.30351	0.02889	0.04464	0.02275	0.02434	0.04244	0.01112	0.00970	0.00274	0.06822	0.00782	0.11288	0.01209
4	0.35452	0.02094	0.08534	0.01476	0.02210	0.01845	0.01339	0.09151	0.01978	0.03723	0.01499	0.01709	0.01164	0.00808	0.00660	0.00231	0.00786	0.00555	0.00566	0.24220
5	0.02081	0.01232	0.01477	0.04946	0.01859	0.01236	0.01049	0.07235	0.06806	0.13195	0.18439	0.04402	0.08548	0.01356	0.00871	0.00262	0.00589	0.01135	0.22232	0.01050
6	0.02214	0.02126	0.03631	0.05491	0.62978	0.02126	0.02746	0.02746	0.02037	0.02923	0.01683	0.02214	0.01417	0.00797	0.00886	0.00266	0.01063	0.00797	0.00443	0.01417
7	0.01766	0.01739	0.03154	0.55048	0.05892	0.02038	0.12867	0.02391	0.01847	0.02391	0.01630	0.02390	0.01223	0.00869	0.00924	0.00299	0.01250	0.00842	0.00408	0.01032
8	0.02000	0.02178	0.04417	0.17683	0.04753	0.02253	0.40514	0.02657	0.01958	0.02657	0.01691	0.02357	0.01300	0.00875	0.01226	0.00311	0.08636	0.00967	0.00433	0.01134
9	0.01484	0.01312	0.02119	0.44046	0.04493	0.01555	0.01917	0.01929	0.01763	0.02285	0.02737	0.24894	0.02814	0.01549	0.00979	0.00321	0.00961	0.01395	0.00546	0.00902
10	0.01249	0.00778	0.01082	0.01218	0.01252	0.00744	0.00812	0.01218	0.01525	0.02033	0.03772	0.45581	0.04420	0.02908	0.01950	0.25623	0.00608	0.01937	0.00679	0.00611
11	0.02432	0.26313	0.16995	0.01885	0.02747	0.07717	0.01900	0.13113	0.02332	0.03047	0.01556	0.01749	0.01241	0.00837	0.00728	0.00220	0.01050	0.00595	0.00505	0.13038
12	0.02454	0.27636	0.21092	0.02003	0.02875	0.07196	0.02079	0.13371	0.07751	0.03112	0.01741	0.01882	0.01356	0.00898	0.00759	0.00245	0.01091	0.00646	0.00528	0.01283
13	0.21255	0.17889	0.02388	0.01475	0.01935	0.02004	0.05182	0.02427	0.06729	0.02816	0.01955	0.07039	0.01773	0.01420	0.01208	0.13627	0.00796	0.00803	0.06346	0.00933
14	0.01880	0.01680	0.01743	0.01596	0.01816	0.10433	0.01232	0.06702	0.01886	0.02484	0.02799	0.03569	0.08544	0.08353	0.19783	0.04860	0.12013	0.00972	0.06780	0.00875
15	0.06319	0.32127	0.23879	0.01878	0.02728	0.08344	0.02032	0.02697	0.01848	0.02436	0.01507	0.01966	0.01305	0.06357	0.01012	0.00286	0.01117	0.00616	0.00411	0.01137

[dist]
# distance from previous block
# <min> <max>
25	396

[block]
# block no. 6 follows, 19 sequences, length 26
# corresponding to MSA columns:
# 802-827
name=unknown_G
#
# <colnr> <probs for GDERKNQSTAVLIFYWHMCP>
#	G	D	E	R	K	N	Q	S	T	A	V	L	I	F	Y	W	H	M	C	P
0	0.07207	0.12053	0.03014	0.12390	0.03247	0.06179	0.09219	0.09479	0.05525	0.03049	0.01694	0.02033	0.01342	0.00878	0.00891	0.00244	0.04182	0.00706	0.00532	0.16138
1	0.02115	0.02047	0.06402	0.05672	0.03457	0.01930	0.27919	0.08964	0.02188	0.06384	0.02423	0.13874	0.02205	0.01344	0.01255	0.03951	0.04940	0.01219	0.00593	0.01118
2	0.14065	0.13857	0.30054	0.02096	0.03018	0.08966	0.05543	0.02751	0.01910	0.02818	0.01984	0.02203	0.05302	0.00932	0.00779	0.00264	0.01144	0.00700	0.00452	0.01161
3	0.02665	0.01907	0.02286	0.06342	0.05645	0.01997	0.01593	0.22354	0.12876	0.11465	0.02744	0.03378	0.02187	0.01186	0.00907	0.00276	0.00866	0.07433	0.00811	0.11084
4	0.06544	0.13769	0.37432	0.02745	0.09055	0.02326	0.10493	0.02793	0.01899	0.02809	0.01563	0.01893	0.01182	0.00818	0.00820	0.00270	0.01228	0.00688	0.00406	0.01267
5	0.06832	0.01755	0.02152	0.13704	0.05700	0.01974	0.01652	0.06859	0.28480	0.09544	0.03050	0.03623	0.02419	0.01229	0.00917	0.00306	0.00845	0.06911	0.00783	0.01264
6	0.01109	0.00908	0.00978	0.00961	0.01240	0.00777	0.00720	0.01384	0.02161	0.02706	0.22277	0.08133	0.49221	0.02158	0.01057	0.00297	0.00445	0.01821	0.00869	0.00777
7	0.02185	0.02349	0.02779	0.27746	0.07450	0.18334	0.08194	0.02644	0.02018	0.02430	0.01762	0.05243	0.01488	0.00994	0.00962	0.00274	0.03989	0.00836	0.03684	0.04639
8	0.01398	0.01040	0.01351	0.01449	0.01686	0.01022	0.01213	0.01906	0.05515	0.02891	0.17208	0.08803	0.13491	0.02239	0.01156	0.00364	0.00684	0.34869	0.00863	0.00852
9	0.01332	0.00975	0.01284	0.01259	0.01328	0.01092	0.00877	0.01481	0.01364	0.01907	0.02535	0.04610	0.02688	0.37907	0.30314	0.01082	0.05658	0.01122	0.00506	0.00679
10	0.74878	0.01730	0.01315	0.01177	0.01730	0.02007	0.00969	0.02630	0.01523	0.04014	0.01246	0.01453	0.00969	0.00830	0.00554	0.00277	0.00692	0.00484	0.00554	0.00969
11	0.03671	0.01797	0.02212	0.01726	0.02403	0.01758	0.01416	0.17395	0.09525	0.43365	0.03219	0.02868	0.02111	0.01111	0.00900	0.00278	0.00807	0.00890	0.01036	0.01510
12	0.01301	0.00867	0.00976	0.00976	0.00976	0.00867	0.00542	0.01301	0.01301	0.01735	0.02819	0.05855	0.03253	0.68559	0.04554	0.00867	0.00867	0.01301	0.00542	0.00542
13	0.03058	0.02518	0.02569	0.02088	0.02622	0.10729	0.01696	0.33380	0.09227	0.08006	0.02116	0.02222	0.01579	0.01157	0.01243	0.00289	0.12582	0.00799	0.00765	0.01352
14	0.69899	0.01784	0.01410	0.01238	0.01803	0.02060	0.01020	0.06626	0.01710	0.04127	0.01309	0.01502	0.01007	0.00847	0.00577	0.00276	0.00712	0.00507	0.00577	0.01007
15	0.01115	0.00806	0.01014	0.01168	0.01243	0.00749	0.00773	0.01258	0.01695	0.02224	0.05137	0.52311	0.12359	0.11774	0.01601	0.00425	0.00559	0.02294	0.00791	0.00705
16	0.02077	0.02248	0.04611	0.12286	0.16528	0.02199	0.40866	0.02766	0.02055	0.02802	0.01756	0.02370	0.01348	0.00781	0.01001	0.00294	0.01378	0.00970	0.00443	0.01221
17	0.01959	0.01504	0.01727	0.01610	0.02004	0.01637	0.01276	0.03497	0.33778	0.06839	0.18127	0.05277	0.04499	0.01570	0.01000	0.00315	0.00661	0.10614	0.00925	0.01183
18	0.02499	0.01864	0.01945	0.01607	0.02065	0.04562	0.01263	0.30460	0.05763	0.04292	0.12942	0.03560	0.03076	0.09010	0.01308	0.00332	0.00811	0.01009	0.10460	0.01173
19	0.01779	0.01483	0.01799	0.07933	0.05038	0.01634	0.01398	0.03064	0.27468	0.03024	0.06473	0.05371	0.08885	0.08572	0.01370	0.00380	0.00773	0.11689	0.00781	0.01086
20	0.02477	0.04968	0.06488	0.01775	0.02430	0.01833	0.05364	0.13178	0.11601	0.12667	0.05810	0.02909	0.02246	0.04905	0.01057	0.00284	0.00843	0.00871	0.04351	0.13944
21	0.02376	0.06946	0.02761	0.17486	0.13289	0.11527	0.01947	0.09052	0.15756	0.03074	0.02075	0.02340	0.01612	0.00952	0.00849	0.00264	0.01056	0.00777	0.00588	0.05275
22	0.05391	0.10137	0.05256	0.08911	0.02585	0.02037	0.01504	0.14554	0.05754	0.03388	0.08174	0.03358	0.09727	0.01219	0.00970	0.00266	0.04951	0.00943	0.04802	0.06074
23	0.13830	0.02192	0.02208	0.01797	0.02361	0.06906	0.01459	0.28647	0.07016	0.10639	0.04886	0.02427	0.01891	0.01102	0.00961	0.00276	0.05013	0.00801	0.04290	0.01298
24	0.02315	0.05614	0.02048	0.01604	0.02092	0.04674	0.01284	0.18495	0.15772	0.06614	0.18244	0.04244	0.10416	0.01404	0.00935	0.00277	0.00740	0.01151	0.00875	0.01201
25	0.02060	0.05480	0.05505	0.01849	0.06126	0.01602	0.01449	0.08410	0.05270	0.10127	0.12463	0.11223	0.07684	0.01692	0.01212	0.03392	0.04890	0.07718	0.00773	0.01075

[dist]
# distance from previous block
# <min> <max>
5	13

[block]
# block no. 7 follows, 19 sequences, length 41
# corresponding to MSA columns:
# 841-881
name=unknown_H
#
# <colnr> <probs for GDERKNQSTAVLIFYWHMCP>
#	G	D	E	R	K	N	Q	S	T	A	V	L	I	F	Y	W	H	M	C	P
0	0.17126	0.10196	0.08786	0.01745	0.06407	0.01724	0.01443	0.02661	0.02090	0.14078	0.17479	0.06882	0.03438	0.01235	0.00835	0.00272	0.00754	0.01003	0.00730	0.01116
1	0.02864	0.01967	0.02215	0.01802	0.02367	0.02108	0.01466	0.36146	0.06951	0.11084	0.10419	0.07227	0.03040	0.01372	0.00953	0.00288	0.00835	0.04639	0.00922	0.01338
2	0.02742	0.01787	0.01975	0.01615	0.02123	0.01913	0.01298	0.32990	0.03146	0.10002	0.02711	0.08048	0.02174	0.01449	0.03536	0.00311	0.00842	0.00972	0.19113	0.01253
3	0.01301	0.00867	0.00976	0.00976	0.00976	0.00867	0.00542	0.01301	0.01301	0.01735	0.02819	0.05855	0.03253	0.68559	0.04554	0.00867	0.00867	0.01301	0.00542	0.00542
4	0.01841	0.01692	0.02826	0.43835	0.22394	0.01944	0.02426	0.02406	0.01868	0.02548	0.01714	0.02404	0.01338	0.00877	0.00872	0.00282	0.01098	0.00798	0.05731	0.01106
5	0.02374	0.01889	0.02027	0.01802	0.02323	0.02150	0.01408	0.04721	0.56483	0.08709	0.03632	0.03314	0.02688	0.01205	0.00909	0.00301	0.00712	0.01002	0.00927	0.01425
6	0.03445	0.02435	0.02641	0.02025	0.02739	0.02670	0.01673	0.56000	0.04088	0.09800	0.02247	0.02212	0.01571	0.01076	0.00895	0.00269	0.00968	0.00812	0.00910	0.01522
7	0.01160	0.00910	0.01048	0.01014	0.01271	0.00799	0.00760	0.01482	0.02281	0.02991	0.35273	0.07665	0.36047	0.02052	0.01056	0.00292	0.00438	0.01756	0.00906	0.00799
8	0.11359	0.01648	0.02572	0.53392	0.09712	0.02000	0.02304	0.02365	0.01772	0.02560	0.01552	0.02250	0.01179	0.00879	0.00849	0.00293	0.01117	0.00754	0.00421	0.01021
9	0.01966	0.23113	0.46939	0.02258	0.03420	0.02497	0.02797	0.02789	0.01868	0.02624	0.01502	0.01759	0.01138	0.00826	0.00771	0.00257	0.01217	0.00609	0.00379	0.01272
10	0.01957	0.01957	0.02740	0.02349	0.02349	0.02740	0.01957	0.02153	0.01370	0.02153	0.01174	0.01957	0.01174	0.01566	0.02936	0.00391	0.66921	0.00783	0.00391	0.00979
11	0.09936	0.01692	0.01732	0.01431	0.01907	0.01844	0.01154	0.28703	0.02909	0.04461	0.02394	0.02599	0.01804	0.01035	0.00742	0.00243	0.00705	0.00785	0.32761	0.01163
12	0.02225	0.01922	0.02023	0.01821	0.02326	0.02225	0.01416	0.04754	0.61361	0.03742	0.03641	0.03338	0.02731	0.01214	0.00910	0.00303	0.00708	0.01011	0.00910	0.01416
13	0.01110	0.00908	0.00979	0.00961	0.01241	0.00778	0.00721	0.01385	0.02163	0.02711	0.22470	0.08126	0.49024	0.02156	0.01057	0.00297	0.00445	0.01820	0.00869	0.00778
14	0.01801	0.01704	0.02885	0.53443	0.18255	0.02017	0.02540	0.02384	0.01842	0.02421	0.01610	0.02349	0.01240	0.00874	0.00893	0.00291	0.01165	0.00796	0.00407	0.01084
15	0.02225	0.01922	0.02023	0.01821	0.02326	0.02225	0.01416	0.04754	0.61361	0.03742	0.03641	0.03338	0.02731	0.01214	0.00910	0.00303	0.00708	0.01011	0.00910	0.01416
16	0.02071	0.02239	0.03708	0.10506	0.14118	0.09555	0.27253	0.02612	0.02051	0.02638	0.02201	0.12563	0.02040	0.01119	0.00992	0.00296	0.01254	0.01157	0.00505	0.01123
17	0.01913	0.01162	0.01471	0.01305	0.01646	0.01115	0.01008	0.02597	0.10268	0.14979	0.43596	0.05554	0.06511	0.01611	0.01007	0.00283	0.00524	0.01402	0.00998	0.01048
18	0.01291	0.00863	0.00979	0.00988	0.00991	0.00861	0.00556	0.01298	0.01320	0.01760	0.02918	0.08758	0.03377	0.65485	0.04394	0.00844	0.00851	0.01359	0.00556	0.00551
19	0.01805	0.01537	0.01802	0.01320	0.02067	0.01162	0.01045	0.02187	0.01846	0.02874	0.01808	0.06162	0.01624	0.00802	0.00694	0.00148	0.00653	0.00661	0.00550	0.69253
20	0.01993	0.02062	0.03323	0.02675	0.02883	0.02631	0.15222	0.02317	0.01540	0.02317	0.01320	0.02062	0.01216	0.01379	0.02504	0.00371	0.51902	0.00846	0.00405	0.01031
21	0.74878	0.01730	0.01315	0.01177	0.01730	0.02007	0.00969	0.02630	0.01523	0.04014	0.01246	0.01453	0.00969	0.00830	0.00554	0.00277	0.00692	0.00484	0.00554	0.00969
22	0.02057	0.02074	0.02939	0.15995	0.18351	0.06432	0.02246	0.02420	0.01696	0.02375	0.01399	0.02086	0.01238	0.01197	0.01875	0.00331	0.33009	0.00776	0.00410	0.01095
23	0.03633	0.01534	0.02017	0.01592	0.02232	0.01397	0.01299	0.04248	0.09674	0.52767	0.07070	0.03298	0.02649	0.01163	0.00910	0.00280	0.00735	0.00956	0.01076	0.01469
24	0.01301	0.00867	0.00976	0.00976	0.00976	0.00867	0.00542	0.01301	0.01301	0.01735	0.02819	0.05855	0.03253	0.68559	0.04554	0.00867	0.00867	0.01301	0.00542	0.00542
25	0.02225	0.01922	0.02023	0.01821	0.02326	0.02225	0.01416	0.04754	0.61361	0.03742	0.03641	0.03338	0.02731	0.01214	0.00910	0.00303	0.00708	0.01011	0.00910	0.01416
26	0.03290	0.02320	0.02525	0.01976	0.02658	0.02545	0.01619	0.46184	0.12451	0.11276	0.02509	0.02415	0.01770	0.01098	0.00898	0.00274	0.00921	0.00845	0.00919	0.01506
27	0.07188	0.01790	0.02698	0.33846	0.06875	0.02191	0.05557	0.02683	0.10021	0.02650	0.01787	0.02361	0.01407	0.01053	0.01279	0.00314	0.13920	0.00816	0.00484	0.01079
28	0.02281	0.01950	0.02054	0.01832	0.02348	0.02251	0.01430	0.07375	0.58650	0.03832	0.03570	0.03281	0.02674	0.01207	0.00910	0.00302	0.00721	0.01002	0.00910	0.01421
29	0.01918	0.01889	0.03209	0.02402	0.03085	0.01767	0.24396	0.02591	0.06730	0.02844	0.02147	0.08815	0.01900	0.01023	0.01052	0.00255	0.05808	0.00997	0.00550	0.26622
30	0.02334	0.10490	0.06345	0.08062	0.03772	0.05427	0.27354	0.13799	0.02439	0.03187	0.01987	0.06951	0.01663	0.00990	0.00939	0.00282	0.01240	0.00985	0.00550	0.01204
31	0.74878	0.01730	0.01315	0.01177	0.01730	0.02007	0.00969	0.02630	0.01523	0.04014	0.01246	0.01453	0.00969	0.00830	0.00554	0.00277	0.00692	0.00484	0.00554	0.00969
32	0.56946	0.01925	0.01659	0.01398	0.01992	0.02200	0.01152	0.17021	0.02196	0.04421	0.01472	0.01628	0.01108	0.00892	0.00639	0.00275	0.00765	0.00565	0.00639	0.01108
33	0.01377	0.00921	0.01253	0.01253	0.01413	0.01029	0.00953	0.01698	0.01538	0.02368	0.02558	0.03640	0.02325	0.09788	0.44461	0.01088	0.01789	0.00952	0.18809	0.00789
34	0.01721	0.01562	0.02591	0.57055	0.09386	0.01901	0.02347	0.02299	0.01812	0.02414	0.01706	0.02453	0.01298	0.00900	0.00872	0.00289	0.01120	0.00798	0.06468	0.01008
35	0.01301	0.00867	0.00976	0.00976	0.00976	0.00867	0.00542	0.01301	0.01301	0.01735	0.02819	0.05855	0.03253	0.68559	0.04554	0.00867	0.00867	0.01301	0.00542	0.00542
36	0.01539	0.01387	0.02271	0.50061	0.04942	0.01671	0.02070	0.02025	0.01770	0.02285	0.02428	0.18840	0.02378	0.01373	0.00957	0.00315	0.01024	0.01234	0.00506	0.00927
37	0.01554	0.00777	0.01166	0.01166	0.01166	0.00777	0.00777	0.01166	0.01166	0.01554	0.01554	0.02720	0.01554	0.03108	0.03497	0.73970	0.00777	0.00777	0.00389	0.00389
38	0.01241	0.00908	0.01165	0.01112	0.01324	0.00832	0.00830	0.01636	0.02457	0.03436	0.55650	0.09421	0.12830	0.01906	0.01059	0.00287	0.00429	0.01679	0.00966	0.00832
39	0.01855	0.01590	0.01855	0.01325	0.02120	0.01193	0.01060	0.02253	0.01855	0.02915	0.01590	0.01855	0.01325	0.00663	0.00663	0.00133	0.00663	0.00530	0.00530	0.74028
40	0.03167	0.03550	0.02613	0.02483	0.07758	0.42452	0.01782	0.14545	0.07699	0.03049	0.01744	0.01910	0.01377	0.00965	0.00839	0.00247	0.01370	0.00675	0.00581	0.01194

[dist]
# distance from previous block
# <min> <max>
0	2

# created by:
# /st0/software/busco_prod/Augustus/scripts/msa2prfl.pl ./align_prep/93310.fa
