[name]
unknown

[dist]
# distance from previous block
# <min> <max>
0	112

[block]
# block no. 0 follows, 24 sequences, length 18
# corresponding to MSA columns:
# 112-129
name=unknown_A
#
# <colnr> <probs for GDERKNQSTAVLIFYWHMCP>
#	G	D	E	R	K	N	Q	S	T	A	V	L	I	F	Y	W	H	M	C	P
0	0.01404	0.01250	0.01212	0.01254	0.01417	0.10825	0.00895	0.01622	0.04446	0.02038	0.03553	0.36586	0.07584	0.06085	0.01308	0.07389	0.00670	0.05699	0.00628	0.04137
1	0.04598	0.01855	0.01842	0.06252	0.02210	0.11557	0.01264	0.17420	0.13168	0.05943	0.02151	0.08515	0.01824	0.01254	0.01042	0.09079	0.00824	0.00827	0.00622	0.07754
2	0.02069	0.01385	0.01699	0.05533	0.02093	0.01203	0.01086	0.06016	0.04749	0.16742	0.02367	0.06571	0.04561	0.00908	0.00709	0.00187	0.00637	0.00752	0.00635	0.40098
3	0.01651	0.05488	0.01477	0.01277	0.01530	0.01194	0.00975	0.10944	0.03814	0.08329	0.04748	0.33610	0.05184	0.07967	0.01192	0.00333	0.00622	0.08095	0.00724	0.00849
4	0.12677	0.00996	0.01160	0.01146	0.01375	0.00996	0.00844	0.05709	0.01855	0.08401	0.16819	0.36850	0.04534	0.01814	0.00886	0.00283	0.00510	0.01585	0.00754	0.00805
5	0.14124	0.01377	0.01680	0.01343	0.01879	0.01310	0.01095	0.08590	0.02230	0.44333	0.08645	0.05367	0.02382	0.01059	0.00773	0.00248	0.00647	0.00851	0.00873	0.01194
6	0.01886	0.01291	0.01617	0.06093	0.01963	0.01367	0.01174	0.14613	0.02033	0.08808	0.02487	0.06621	0.02279	0.08024	0.09824	0.00431	0.04441	0.09840	0.07680	0.07529
7	0.01373	0.00783	0.01038	0.01088	0.01187	0.00736	0.00735	0.01435	0.01472	0.09762	0.03445	0.41224	0.03857	0.14797	0.01835	0.11689	0.00575	0.01651	0.00662	0.00656
8	0.01018	0.00720	0.00934	0.01052	0.01113	0.00679	0.00700	0.01172	0.01576	0.02131	0.13713	0.51693	0.05241	0.12622	0.01446	0.00377	0.00492	0.01966	0.00720	0.00636
9	0.06970	0.01894	0.04704	0.01441	0.02019	0.11289	0.01192	0.09695	0.02119	0.14327	0.07839	0.04179	0.01981	0.00898	0.00712	0.00199	0.00764	0.00704	0.00628	0.26446
10	0.01330	0.00816	0.01084	0.01095	0.01265	0.00747	0.00791	0.01585	0.01905	0.10078	0.30042	0.36491	0.05792	0.01954	0.00956	0.00283	0.00449	0.01747	0.00821	0.00769
11	0.01165	0.00756	0.00987	0.01088	0.01197	0.00696	0.00748	0.01334	0.01638	0.06624	0.10222	0.54248	0.08683	0.05248	0.01115	0.00326	0.00477	0.01998	0.00755	0.00697
12	0.01520	0.00918	0.01168	0.01167	0.01338	0.00885	0.00831	0.07271	0.01742	0.09768	0.03725	0.40305	0.07865	0.04854	0.01386	0.11616	0.00565	0.01633	0.00702	0.00742
13	0.01038	0.00774	0.01075	0.07468	0.01553	0.00763	0.00873	0.01247	0.01632	0.02195	0.13299	0.55512	0.05188	0.02201	0.00981	0.00306	0.00502	0.01990	0.00721	0.00681
14	0.01451	0.00737	0.00770	0.00770	0.00929	0.00737	0.00561	0.01743	0.01583	0.02748	0.02485	0.03042	0.02029	0.05179	0.00958	0.06346	0.00418	0.00759	0.66062	0.00693
15	0.14889	0.01539	0.02506	0.48260	0.04580	0.01801	0.11125	0.02155	0.01587	0.02370	0.01385	0.01973	0.01044	0.00765	0.00761	0.00261	0.01021	0.00691	0.00384	0.00905
16	0.01646	0.01493	0.04555	0.11472	0.02289	0.03944	0.01255	0.06330	0.14941	0.05514	0.04330	0.04547	0.24225	0.01362	0.00849	0.00260	0.00691	0.04838	0.00664	0.04794
17	0.02911	0.01859	0.02090	0.01631	0.02208	0.01975	0.01337	0.41884	0.06041	0.18829	0.06708	0.02439	0.01977	0.01009	0.00797	0.00240	0.00767	0.00791	0.03222	0.01284

[dist]
# distance from previous block
# <min> <max>
0	11

[block]
# block no. 1 follows, 24 sequences, length 48
# corresponding to MSA columns:
# 141-188
name=unknown_B
#
# <colnr> <probs for GDERKNQSTAVLIFYWHMCP>
#	G	D	E	R	K	N	Q	S	T	A	V	L	I	F	Y	W	H	M	C	P
0	0.01834	0.01702	0.02799	0.32858	0.36135	0.01871	0.02271	0.06499	0.01842	0.02511	0.01484	0.02024	0.01177	0.00761	0.00789	0.00248	0.00987	0.00706	0.00403	0.01101
1	0.72559	0.01545	0.01208	0.01082	0.01570	0.01792	0.00886	0.02460	0.05747	0.03541	0.01249	0.01402	0.00965	0.00759	0.00512	0.00247	0.00614	0.00461	0.00512	0.00886
2	0.02910	0.02120	0.02268	0.01750	0.02354	0.02342	0.01442	0.60260	0.03587	0.04858	0.01950	0.01976	0.01395	0.00950	0.00777	0.00234	0.00838	0.00716	0.05965	0.01307
3	0.77733	0.01534	0.01166	0.01043	0.01534	0.01779	0.00859	0.02331	0.01350	0.03558	0.01104	0.01288	0.00859	0.00736	0.00491	0.00245	0.00613	0.00429	0.00491	0.00859
4	0.00966	0.00690	0.00920	0.01104	0.01150	0.00644	0.00736	0.01104	0.01518	0.02024	0.04371	0.71614	0.05245	0.02484	0.01012	0.00322	0.00460	0.02254	0.00736	0.00644
5	0.01898	0.01619	0.01738	0.01597	0.02017	0.01859	0.01258	0.03938	0.58890	0.03216	0.03332	0.03601	0.02651	0.01196	0.00838	0.00279	0.00639	0.07439	0.00799	0.01199
6	0.01735	0.01735	0.02429	0.02082	0.02082	0.02429	0.01735	0.01908	0.01214	0.01908	0.01041	0.01735	0.01041	0.01388	0.02602	0.00347	0.70680	0.00694	0.00347	0.00867
7	0.01590	0.04102	0.68023	0.02260	0.03432	0.01842	0.02930	0.02511	0.01674	0.02511	0.01423	0.01674	0.01005	0.00753	0.00753	0.00251	0.01172	0.00586	0.00335	0.01172
8	0.60213	0.01531	0.01265	0.01127	0.01603	0.01753	0.00915	0.04870	0.09452	0.03486	0.01873	0.01954	0.05597	0.00874	0.00572	0.00250	0.00611	0.00584	0.00558	0.00914
9	0.01735	0.01735	0.02429	0.02082	0.02082	0.02429	0.01735	0.01908	0.01214	0.01908	0.01041	0.01735	0.01041	0.01388	0.02602	0.00347	0.70680	0.00694	0.00347	0.00867
10	0.02467	0.01530	0.01775	0.01534	0.02021	0.01626	0.01226	0.03923	0.39822	0.25238	0.03259	0.03269	0.02407	0.01118	0.00823	0.00267	0.00651	0.04929	0.00861	0.01252
11	0.01522	0.01458	0.02532	0.65763	0.05374	0.01778	0.06346	0.02060	0.01605	0.02060	0.01422	0.02116	0.01067	0.00785	0.00802	0.00264	0.01076	0.00720	0.00356	0.00893
12	0.05735	0.69211	0.04012	0.01342	0.02011	0.03073	0.01333	0.02372	0.01599	0.01947	0.01103	0.01273	0.01010	0.00681	0.00508	0.00173	0.00837	0.00424	0.00346	0.01010
13	0.01122	0.00811	0.01060	0.00998	0.01185	0.00748	0.00748	0.01496	0.02245	0.03180	0.66766	0.05923	0.07482	0.01621	0.00935	0.00249	0.00374	0.01434	0.00873	0.00748
14	0.01590	0.04102	0.68023	0.02260	0.03432	0.01842	0.02930	0.02511	0.01674	0.02511	0.01423	0.01674	0.01005	0.00753	0.00753	0.00251	0.01172	0.00586	0.00335	0.01172
15	0.01872	0.02139	0.04679	0.03342	0.04144	0.02005	0.64305	0.02540	0.01872	0.02540	0.01604	0.02139	0.01203	0.00668	0.00936	0.00267	0.01337	0.00936	0.00401	0.01070
16	0.01122	0.00811	0.01060	0.00998	0.01185	0.00748	0.00748	0.01496	0.02245	0.03180	0.66766	0.05923	0.07482	0.01621	0.00935	0.00249	0.00374	0.01434	0.00873	0.00748
17	0.01133	0.00850	0.01274	0.01274	0.01416	0.00991	0.00991	0.01416	0.01274	0.01841	0.02124	0.03115	0.01982	0.05947	0.68989	0.01274	0.02124	0.00850	0.00425	0.00708
18	0.00966	0.00690	0.00920	0.01104	0.01150	0.00644	0.00736	0.01104	0.01518	0.02024	0.04371	0.71614	0.05245	0.02484	0.01012	0.00322	0.00460	0.02254	0.00736	0.00644
19	0.01498	0.01409	0.02378	0.70226	0.05462	0.01762	0.02202	0.02026	0.01586	0.02026	0.01409	0.02114	0.01057	0.00793	0.00793	0.00264	0.01057	0.00705	0.00352	0.00881
20	0.01478	0.00739	0.00739	0.00739	0.00924	0.00739	0.00554	0.01848	0.01663	0.02956	0.02587	0.02956	0.02033	0.00924	0.00554	0.00185	0.00370	0.00739	0.76534	0.00739
21	0.03113	0.02064	0.02282	0.01750	0.02381	0.02226	0.01446	0.53589	0.03465	0.16321	0.02125	0.02047	0.01459	0.00957	0.00794	0.00239	0.00837	0.00729	0.00827	0.01349
22	0.01872	0.02139	0.04679	0.03342	0.04144	0.02005	0.64305	0.02540	0.01872	0.02540	0.01604	0.02139	0.01203	0.00668	0.00936	0.00267	0.01337	0.00936	0.00401	0.01070
23	0.77733	0.01534	0.01166	0.01043	0.01534	0.01779	0.00859	0.02331	0.01350	0.03558	0.01104	0.01288	0.00859	0.00736	0.00491	0.00245	0.00613	0.00429	0.00491	0.00859
24	0.02760	0.01974	0.02140	0.01688	0.02244	0.02167	0.01365	0.47478	0.11210	0.08676	0.02203	0.02371	0.01656	0.07066	0.01073	0.00288	0.00820	0.00780	0.00781	0.01263
25	0.00966	0.00690	0.00920	0.01104	0.01150	0.00644	0.00736	0.01104	0.01518	0.02024	0.04371	0.71614	0.05245	0.02484	0.01012	0.00322	0.00460	0.02254	0.00736	0.00644
26	0.01590	0.04102	0.68023	0.02260	0.03432	0.01842	0.02930	0.02511	0.01674	0.02511	0.01423	0.01674	0.01005	0.00753	0.00753	0.00251	0.01172	0.00586	0.00335	0.01172
27	0.01377	0.00689	0.01033	0.01033	0.01033	0.00689	0.00689	0.01033	0.01033	0.01377	0.01377	0.02410	0.01377	0.02755	0.03099	0.76928	0.00689	0.00689	0.00344	0.00344
28	0.00966	0.00690	0.00920	0.01104	0.01150	0.00644	0.00736	0.01104	0.01518	0.02024	0.04371	0.71614	0.05245	0.02484	0.01012	0.00322	0.00460	0.02254	0.00736	0.00644
29	0.01133	0.00850	0.01274	0.01274	0.01416	0.00991	0.00991	0.01416	0.01274	0.01841	0.02124	0.03115	0.01982	0.05947	0.68989	0.01274	0.02124	0.00850	0.00425	0.00708
30	0.01644	0.01409	0.01644	0.01175	0.01879	0.01057	0.00940	0.01997	0.01644	0.02584	0.01409	0.01644	0.01175	0.00587	0.00587	0.00117	0.00587	0.00470	0.00470	0.76979
31	0.01972	0.01703	0.01793	0.01614	0.02062	0.01972	0.01255	0.04214	0.65752	0.03317	0.03228	0.02959	0.02421	0.01076	0.00807	0.00269	0.00628	0.00897	0.00807	0.01255
32	0.77733	0.01534	0.01166	0.01043	0.01534	0.01779	0.00859	0.02331	0.01350	0.03558	0.01104	0.01288	0.00859	0.00736	0.00491	0.00245	0.00613	0.00429	0.00491	0.00859
33	0.03558	0.01350	0.01840	0.01411	0.02024	0.01166	0.01166	0.03865	0.02270	0.67734	0.03128	0.02699	0.01963	0.00981	0.00797	0.00245	0.00675	0.00797	0.00981	0.01350
34	0.00946	0.00797	0.00820	0.00828	0.01080	0.00671	0.00616	0.01150	0.01808	0.02177	0.10176	0.11222	0.60961	0.02020	0.00941	0.00270	0.00404	0.01697	0.00742	0.00671
35	0.00950	0.00804	0.00821	0.00817	0.01079	0.00675	0.00612	0.01163	0.01837	0.02213	0.12060	0.07514	0.62791	0.01982	0.00937	0.00267	0.00400	0.01657	0.00746	0.00675
36	0.01103	0.00810	0.01033	0.00977	0.01173	0.00740	0.00733	0.01459	0.02199	0.03072	0.60630	0.06102	0.13686	0.01662	0.00935	0.00251	0.00377	0.01459	0.00859	0.00740
37	0.02962	0.03779	0.02247	0.02043	0.02451	0.68948	0.01532	0.03166	0.02247	0.01941	0.01226	0.01430	0.01021	0.00817	0.00715	0.00204	0.01430	0.00511	0.00409	0.00919
38	0.00973	0.00695	0.00926	0.01100	0.01152	0.00649	0.00737	0.01121	0.01550	0.02075	0.07084	0.68757	0.05342	0.02447	0.01009	0.00319	0.00456	0.02219	0.00742	0.00649
39	0.01498	0.01409	0.02378	0.70226	0.05462	0.01762	0.02202	0.02026	0.01586	0.02026	0.01409	0.02114	0.01057	0.00793	0.00793	0.00264	0.01057	0.00705	0.00352	0.00881
40	0.01644	0.01409	0.01644	0.01175	0.01879	0.01057	0.00940	0.01997	0.01644	0.02584	0.01409	0.01644	0.01175	0.00587	0.00587	0.00117	0.00587	0.00470	0.00470	0.76979
41	0.02962	0.03779	0.02247	0.02043	0.02451	0.68948	0.01532	0.03166	0.02247	0.01941	0.01226	0.01430	0.01021	0.00817	0.00715	0.00204	0.01430	0.00511	0.00409	0.00919
42	0.01783	0.01515	0.01628	0.01496	0.01893	0.01710	0.01169	0.03603	0.51833	0.03151	0.08220	0.03946	0.07974	0.01264	0.00846	0.00274	0.00599	0.05158	0.00801	0.01137
43	0.01749	0.05834	0.01417	0.01149	0.01439	0.00983	0.00885	0.02023	0.01979	0.18910	0.25824	0.23902	0.07421	0.01662	0.00894	0.00265	0.00508	0.01453	0.00818	0.00884
44	0.02955	0.02192	0.02346	0.01812	0.02436	0.02431	0.01493	0.61091	0.07275	0.04902	0.01980	0.01964	0.01410	0.00959	0.00794	0.00240	0.00859	0.00724	0.00794	0.01343
45	0.01644	0.01409	0.01644	0.01175	0.01879	0.01057	0.00940	0.01997	0.01644	0.02584	0.01409	0.01644	0.01175	0.00587	0.00587	0.00117	0.00587	0.00470	0.00470	0.76979
46	0.03459	0.06236	0.01999	0.01407	0.02025	0.01301	0.01179	0.03762	0.02225	0.63218	0.02990	0.02601	0.01898	0.00961	0.00778	0.00240	0.00687	0.00772	0.00937	0.01327
47	0.03206	0.01393	0.01817	0.01410	0.02004	0.01250	0.01155	0.06141	0.06620	0.53929	0.05321	0.02731	0.02119	0.00983	0.00789	0.00238	0.00662	0.00802	0.00923	0.06507

[dist]
# distance from previous block
# <min> <max>
0	1

[block]
# block no. 2 follows, 24 sequences, length 34
# corresponding to MSA columns:
# 190-223
name=unknown_C
#
# <colnr> <probs for GDERKNQSTAVLIFYWHMCP>
#	G	D	E	R	K	N	Q	S	T	A	V	L	I	F	Y	W	H	M	C	P
0	0.09650	0.01555	0.02190	0.06762	0.02516	0.01503	0.08066	0.10427	0.02263	0.42977	0.02518	0.02380	0.01646	0.00909	0.00785	0.00248	0.00792	0.00764	0.00807	0.01241
1	0.01511	0.01432	0.02359	0.45292	0.07140	0.01754	0.04793	0.01941	0.01541	0.02056	0.01709	0.10170	0.01560	0.01076	0.01113	0.00283	0.12098	0.00895	0.00400	0.00877
2	0.00966	0.00690	0.00920	0.01104	0.01150	0.00644	0.00736	0.01104	0.01518	0.02024	0.04371	0.71614	0.05245	0.02484	0.01012	0.00322	0.00460	0.02254	0.00736	0.00644
3	0.02902	0.02165	0.02317	0.01802	0.02416	0.02407	0.01480	0.58033	0.10419	0.04816	0.02047	0.02018	0.01464	0.00965	0.00795	0.00241	0.00846	0.00734	0.00795	0.01338
4	0.01122	0.00811	0.01060	0.00998	0.01185	0.00748	0.00748	0.01496	0.02245	0.03180	0.66766	0.05923	0.07482	0.01621	0.00935	0.00249	0.00374	0.01434	0.00873	0.00748
5	0.01478	0.00739	0.00739	0.00739	0.00924	0.00739	0.00554	0.01848	0.01663	0.02956	0.02587	0.02956	0.02033	0.00924	0.00554	0.00185	0.00370	0.00739	0.76534	0.00739
6	0.00945	0.00804	0.00814	0.00811	0.01076	0.00673	0.00609	0.01153	0.01826	0.02185	0.10466	0.07561	0.64403	0.01992	0.00937	0.00267	0.00401	0.01664	0.00742	0.00673
7	0.01963	0.01884	0.03219	0.04867	0.67185	0.01884	0.02434	0.02434	0.01806	0.02591	0.01492	0.01963	0.01256	0.00707	0.00785	0.00236	0.00942	0.00707	0.00393	0.01256
8	0.01644	0.01409	0.01644	0.01175	0.01879	0.01057	0.00940	0.01997	0.01644	0.02584	0.01409	0.01644	0.01175	0.00587	0.00587	0.00117	0.00587	0.00470	0.00470	0.76979
9	0.02705	0.01890	0.02101	0.01697	0.02237	0.02050	0.01395	0.46321	0.05614	0.09809	0.02461	0.07141	0.02033	0.01189	0.00840	0.00259	0.00805	0.07419	0.00799	0.01234
10	0.02104	0.01590	0.02302	0.18790	0.18636	0.01698	0.01745	0.02913	0.15382	0.14291	0.02109	0.02307	0.01567	0.00874	0.00854	0.00246	0.03753	0.00742	0.00581	0.07516
11	0.02019	0.48442	0.22543	0.01662	0.02466	0.06888	0.01824	0.02464	0.01669	0.02057	0.01203	0.01398	0.01014	0.00709	0.00593	0.00195	0.00978	0.00476	0.00342	0.01056
12	0.03014	0.02221	0.02380	0.01825	0.02459	0.02459	0.01507	0.64541	0.03728	0.04998	0.01904	0.01904	0.01349	0.00952	0.00793	0.00238	0.00873	0.00714	0.00793	0.01349
13	0.04842	0.01967	0.02427	0.11925	0.02919	0.02208	0.06247	0.38845	0.08679	0.03975	0.01941	0.02242	0.01465	0.00968	0.00878	0.00255	0.03699	0.02647	0.00671	0.01197
14	0.77733	0.01534	0.01166	0.01043	0.01534	0.01779	0.00859	0.02331	0.01350	0.03558	0.01104	0.01288	0.00859	0.00736	0.00491	0.00245	0.00613	0.00429	0.00491	0.00859
15	0.02323	0.01660	0.01829	0.01585	0.02073	0.01841	0.01250	0.06946	0.50778	0.15670	0.03147	0.02860	0.02284	0.01052	0.00804	0.00263	0.00648	0.00869	0.00840	0.01277
16	0.02700	0.03342	0.02286	0.02051	0.02372	0.54714	0.01576	0.02897	0.02026	0.01934	0.01186	0.01495	0.01026	0.00939	0.01119	0.00235	0.16248	0.00550	0.00395	0.00908
17	0.00996	0.00797	0.00864	0.00858	0.01076	0.00694	0.00624	0.01209	0.01819	0.02282	0.18894	0.09247	0.46771	0.08877	0.01246	0.00316	0.00435	0.01595	0.00738	0.00665
18	0.01133	0.00850	0.01274	0.01274	0.01416	0.00991	0.00991	0.01416	0.01274	0.01841	0.02124	0.03115	0.01982	0.05947	0.68989	0.01274	0.02124	0.00850	0.00425	0.00708
19	0.00966	0.00690	0.00920	0.01104	0.01150	0.00644	0.00736	0.01104	0.01518	0.02024	0.04371	0.71614	0.05245	0.02484	0.01012	0.00322	0.00460	0.02254	0.00736	0.00644
20	0.02036	0.61683	0.14341	0.01501	0.02258	0.02931	0.01608	0.02396	0.01621	0.01969	0.01154	0.01336	0.01016	0.00690	0.00548	0.00183	0.00900	0.00450	0.00339	0.01042
21	0.01490	0.01382	0.02310	0.55635	0.11649	0.01653	0.02067	0.01969	0.01602	0.02087	0.01741	0.09679	0.01535	0.00968	0.00816	0.00267	0.00980	0.00874	0.00399	0.00896
22	0.02323	0.02324	0.01744	0.01631	0.01952	0.33557	0.01226	0.04917	0.02088	0.09701	0.05426	0.21151	0.02757	0.01399	0.00837	0.00252	0.00976	0.04230	0.00615	0.00893
23	0.77733	0.01534	0.01166	0.01043	0.01534	0.01779	0.00859	0.02331	0.01350	0.03558	0.01104	0.01288	0.00859	0.00736	0.00491	0.00245	0.00613	0.00429	0.00491	0.00859
24	0.01841	0.02246	0.15000	0.11449	0.46527	0.01868	0.04769	0.02407	0.01760	0.02513	0.01474	0.01933	0.01187	0.00723	0.00786	0.00243	0.01011	0.00693	0.00378	0.01193
25	0.00966	0.00690	0.00920	0.01104	0.01150	0.00644	0.00736	0.01104	0.01518	0.02024	0.04371	0.71614	0.05245	0.02484	0.01012	0.00322	0.00460	0.02254	0.00736	0.00644
26	0.01548	0.01461	0.02469	0.63175	0.12120	0.01775	0.02227	0.02070	0.01609	0.02087	0.01418	0.02098	0.01079	0.00784	0.00792	0.00261	0.01045	0.00705	0.00357	0.00921
27	0.00966	0.00690	0.00920	0.01104	0.01150	0.00644	0.00736	0.01104	0.01518	0.02024	0.04371	0.71614	0.05245	0.02484	0.01012	0.00322	0.00460	0.02254	0.00736	0.00644
28	0.00966	0.00690	0.00920	0.01104	0.01150	0.00644	0.00736	0.01104	0.01518	0.02024	0.04371	0.71614	0.05245	0.02484	0.01012	0.00322	0.00460	0.02254	0.00736	0.00644
29	0.00983	0.00703	0.00935	0.01093	0.01154	0.00655	0.00737	0.01146	0.01597	0.02149	0.11101	0.64528	0.05486	0.02391	0.01004	0.00314	0.00451	0.02166	0.00751	0.00655
30	0.01704	0.01565	0.02519	0.50290	0.04668	0.01828	0.07179	0.08489	0.01820	0.02409	0.01463	0.02048	0.01107	0.00806	0.00856	0.00254	0.03542	0.00708	0.00410	0.06335
31	0.01590	0.04102	0.68023	0.02260	0.03432	0.01842	0.02930	0.02511	0.01674	0.02511	0.01423	0.01674	0.01005	0.00753	0.00753	0.00251	0.01172	0.00586	0.00335	0.01172
32	0.04987	0.06772	0.13394	0.07980	0.03628	0.04988	0.35117	0.02552	0.01811	0.05833	0.01564	0.01956	0.01166	0.00714	0.00822	0.00248	0.01171	0.00768	0.00420	0.04110
33	0.06717	0.45917	0.18370	0.01733	0.02523	0.02651	0.07792	0.02419	0.01634	0.02182	0.01223	0.01448	0.01023	0.00698	0.00604	0.00202	0.00954	0.00510	0.00354	0.01047

[dist]
# distance from previous block
# <min> <max>
0	2

[block]
# block no. 3 follows, 24 sequences, length 40
# corresponding to MSA columns:
# 226-265
name=unknown_D
#
# <colnr> <probs for GDERKNQSTAVLIFYWHMCP>
#	G	D	E	R	K	N	Q	S	T	A	V	L	I	F	Y	W	H	M	C	P
0	0.01604	0.02361	0.22292	0.07747	0.03304	0.01615	0.23298	0.02219	0.01710	0.02429	0.01873	0.11153	0.01665	0.00933	0.00829	0.00247	0.01038	0.00920	0.00432	0.12332
1	0.66640	0.01581	0.01313	0.01133	0.01644	0.01799	0.00934	0.07794	0.01612	0.07702	0.01300	0.01430	0.00970	0.00770	0.00536	0.00245	0.00640	0.00477	0.00548	0.00932
2	0.01851	0.01770	0.03016	0.20600	0.52327	0.01855	0.02378	0.02336	0.01753	0.02455	0.01472	0.01999	0.01208	0.00727	0.00787	0.00242	0.00970	0.00706	0.00383	0.01166
3	0.01122	0.00811	0.01060	0.00998	0.01185	0.00748	0.00748	0.01496	0.02245	0.03180	0.66766	0.05923	0.07482	0.01621	0.00935	0.00249	0.00374	0.01434	0.00873	0.00748
4	0.01719	0.01724	0.02670	0.02197	0.02367	0.02210	0.12080	0.02096	0.04816	0.02084	0.01346	0.01987	0.01224	0.01644	0.07955	0.00410	0.49416	0.00759	0.00388	0.00908
5	0.01478	0.00739	0.00739	0.00739	0.00924	0.00739	0.00554	0.01848	0.01663	0.02956	0.02587	0.02956	0.02033	0.00924	0.00554	0.00185	0.00370	0.00739	0.76534	0.00739
6	0.01153	0.00769	0.00865	0.00865	0.00865	0.00769	0.00480	0.01153	0.01153	0.01538	0.02499	0.05189	0.02883	0.72131	0.04036	0.00769	0.00769	0.01153	0.00480	0.00480
7	0.40960	0.02068	0.01746	0.01455	0.01988	0.10483	0.01181	0.25217	0.02334	0.03882	0.01412	0.01531	0.01059	0.00825	0.00630	0.00237	0.00811	0.00544	0.00591	0.01046
8	0.00964	0.00809	0.00840	0.00846	0.01105	0.00686	0.00643	0.01182	0.01832	0.02209	0.11019	0.07603	0.60625	0.01996	0.00945	0.00272	0.00416	0.04588	0.00743	0.00677
9	0.01769	0.02125	0.09483	0.07427	0.05974	0.01899	0.43443	0.02472	0.04993	0.02490	0.01807	0.06470	0.01487	0.00845	0.00963	0.00271	0.03649	0.00955	0.00431	0.01048
10	0.01634	0.09780	0.62729	0.02185	0.03316	0.01949	0.02799	0.02500	0.01669	0.02458	0.01396	0.01641	0.01006	0.00747	0.00733	0.00244	0.01145	0.00573	0.00335	0.01159
11	0.77733	0.01534	0.01166	0.01043	0.01534	0.01779	0.00859	0.02331	0.01350	0.03558	0.01104	0.01288	0.00859	0.00736	0.00491	0.00245	0.00613	0.00429	0.00491	0.00859
12	0.03511	0.01425	0.01887	0.01447	0.02062	0.01277	0.01195	0.09099	0.02396	0.62322	0.03023	0.02630	0.01910	0.00979	0.00797	0.00245	0.00692	0.00790	0.00965	0.01349
13	0.00965	0.00695	0.00915	0.01091	0.01147	0.00645	0.00730	0.01106	0.01531	0.02029	0.04532	0.68802	0.07953	0.02463	0.01009	0.00320	0.00457	0.02229	0.00736	0.00645
14	0.01153	0.00769	0.00865	0.00865	0.00865	0.00769	0.00480	0.01153	0.01153	0.01538	0.02499	0.05189	0.02883	0.72131	0.04036	0.00769	0.00769	0.01153	0.00480	0.00480
15	0.00937	0.00803	0.00803	0.00803	0.01071	0.00669	0.00602	0.01138	0.01807	0.02142	0.08033	0.07632	0.66863	0.02008	0.00937	0.00268	0.00402	0.01674	0.00736	0.00669
16	0.01590	0.04102	0.68023	0.02260	0.03432	0.01842	0.02930	0.02511	0.01674	0.02511	0.01423	0.01674	0.01005	0.00753	0.00753	0.00251	0.01172	0.00586	0.00335	0.01172
17	0.03558	0.01350	0.01840	0.01411	0.02024	0.01166	0.01166	0.03865	0.02270	0.67734	0.03128	0.02699	0.01963	0.00981	0.00797	0.00245	0.00675	0.00797	0.00981	0.01350
18	0.01157	0.00882	0.01072	0.01021	0.01239	0.00836	0.00766	0.01652	0.07618	0.02964	0.48497	0.08503	0.17456	0.01676	0.00928	0.00257	0.00404	0.01462	0.00838	0.00774
19	0.01738	0.01474	0.01931	0.01383	0.02093	0.01148	0.06769	0.02117	0.01689	0.05051	0.01493	0.01730	0.01207	0.00610	0.00627	0.00136	0.00659	0.00525	0.00483	0.67138
20	0.01724	0.01782	0.03061	0.16733	0.03380	0.02168	0.19701	0.02113	0.01480	0.02113	0.01279	0.01930	0.01091	0.01058	0.01747	0.00307	0.36276	0.00765	0.00364	0.00928
21	0.01687	0.01281	0.01793	0.24306	0.03000	0.01432	0.01539	0.07561	0.08918	0.06646	0.02919	0.11558	0.02795	0.01452	0.00910	0.00298	0.00808	0.19540	0.00635	0.00921
22	0.02120	0.72609	0.04155	0.01357	0.02035	0.03138	0.01357	0.02374	0.01611	0.01866	0.01102	0.01272	0.01018	0.00678	0.00509	0.00170	0.00848	0.00424	0.00339	0.01018
23	0.00937	0.00803	0.00803	0.00803	0.01071	0.00669	0.00602	0.01138	0.01807	0.02142	0.08033	0.07632	0.66863	0.02008	0.00937	0.00268	0.00402	0.01674	0.00736	0.00669
24	0.03014	0.02221	0.02380	0.01825	0.02459	0.02459	0.01507	0.64541	0.03728	0.04998	0.01904	0.01904	0.01349	0.00952	0.00793	0.00238	0.00873	0.00714	0.00793	0.01349
25	0.01498	0.01409	0.02378	0.70226	0.05462	0.01762	0.02202	0.02026	0.01586	0.02026	0.01409	0.02114	0.01057	0.00793	0.00793	0.00264	0.01057	0.00705	0.00352	0.00881
26	0.01614	0.01528	0.02589	0.53869	0.20909	0.01792	0.02260	0.02128	0.01641	0.02167	0.01430	0.02076	0.01107	0.00771	0.00791	0.00257	0.01028	0.00705	0.00362	0.00975
27	0.01105	0.00872	0.00905	0.00876	0.01165	0.00758	0.00664	0.01419	0.05050	0.04981	0.09638	0.07131	0.58842	0.01905	0.00925	0.00266	0.00423	0.01590	0.00755	0.00730
28	0.01972	0.01703	0.01793	0.01614	0.02062	0.01972	0.01255	0.04214	0.65752	0.03317	0.03228	0.02959	0.02421	0.01076	0.00807	0.00269	0.00628	0.00897	0.00807	0.01255
29	0.03429	0.01540	0.04472	0.01484	0.02121	0.01316	0.01267	0.09628	0.02386	0.59178	0.02945	0.02583	0.01867	0.00970	0.00795	0.00245	0.00713	0.00781	0.00938	0.01343
30	0.01153	0.00769	0.00865	0.00865	0.00865	0.00769	0.00480	0.01153	0.01153	0.01538	0.02499	0.05189	0.02883	0.72131	0.04036	0.00769	0.00769	0.01153	0.00480	0.00480
31	0.01872	0.02139	0.04679	0.03342	0.04144	0.02005	0.64305	0.02540	0.01872	0.02540	0.01604	0.02139	0.01203	0.00668	0.00936	0.00267	0.01337	0.00936	0.00401	0.01070
32	0.01133	0.00850	0.01274	0.01274	0.01416	0.00991	0.00991	0.01416	0.01274	0.01841	0.02124	0.03115	0.01982	0.05947	0.68989	0.01274	0.02124	0.00850	0.00425	0.00708
33	0.01590	0.04102	0.68023	0.02260	0.03432	0.01842	0.02930	0.02511	0.01674	0.02511	0.01423	0.01674	0.01005	0.00753	0.00753	0.00251	0.01172	0.00586	0.00335	0.01172
34	0.01158	0.00829	0.01054	0.01225	0.01288	0.00757	0.00815	0.01242	0.01624	0.02185	0.04458	0.69778	0.05291	0.02551	0.01078	0.00352	0.00524	0.02261	0.00787	0.00740
35	0.01093	0.00794	0.01030	0.01004	0.01175	0.00731	0.00740	0.01428	0.02127	0.02978	0.55754	0.14959	0.09703	0.01755	0.00946	0.00260	0.00387	0.01556	0.00848	0.00731
36	0.03038	0.02471	0.02320	0.01841	0.02430	0.15383	0.01491	0.48735	0.03347	0.08330	0.01848	0.01861	0.01323	0.00927	0.00778	0.00232	0.00969	0.00679	0.00730	0.01265
37	0.01994	0.39852	0.12243	0.01827	0.02433	0.06028	0.07080	0.02354	0.01595	0.02022	0.01182	0.01500	0.01037	0.00836	0.01006	0.00226	0.14880	0.00548	0.00349	0.01008
38	0.06296	0.01440	0.02343	0.62712	0.08218	0.01769	0.02129	0.02065	0.01582	0.02149	0.01394	0.02055	0.01054	0.00785	0.00774	0.00262	0.01024	0.00688	0.00363	0.00898
39	0.01431	0.01153	0.01486	0.01340	0.01654	0.01093	0.03662	0.07056	0.05216	0.02509	0.03129	0.39144	0.03428	0.01688	0.00925	0.00259	0.02875	0.01495	0.00651	0.19807

[dist]
# distance from previous block
# <min> <max>
0	4

[block]
# block no. 4 follows, 24 sequences, length 38
# corresponding to MSA columns:
# 270-307
name=unknown_E
#
# <colnr> <probs for GDERKNQSTAVLIFYWHMCP>
#	G	D	E	R	K	N	Q	S	T	A	V	L	I	F	Y	W	H	M	C	P
0	0.05374	0.47367	0.21014	0.01622	0.02410	0.06322	0.01765	0.02452	0.01651	0.02118	0.01195	0.01389	0.01007	0.00709	0.00585	0.00197	0.00956	0.00472	0.00349	0.01047
1	0.02636	0.05266	0.01998	0.01457	0.02025	0.01322	0.04531	0.07457	0.02100	0.34831	0.02696	0.11804	0.02129	0.01079	0.00779	0.00229	0.00689	0.00918	0.00772	0.15281
2	0.01889	0.09957	0.03193	0.16208	0.03394	0.05592	0.21307	0.07565	0.01835	0.02401	0.01637	0.07208	0.01438	0.00976	0.01096	0.00266	0.11773	0.00852	0.00435	0.00978
3	0.02859	0.02132	0.02367	0.01981	0.06410	0.02343	0.01530	0.57884	0.03511	0.04717	0.01988	0.04996	0.01515	0.01005	0.00802	0.00242	0.00859	0.00782	0.00766	0.01312
4	0.01121	0.00856	0.01139	0.05262	0.01541	0.00790	0.00880	0.01337	0.01594	0.02184	0.07015	0.50690	0.04477	0.02043	0.00936	0.00287	0.00523	0.04679	0.00681	0.11964
5	0.33643	0.02070	0.05618	0.01483	0.02056	0.07227	0.01272	0.24960	0.02363	0.06874	0.01806	0.01875	0.03852	0.00886	0.00666	0.00241	0.00798	0.00617	0.00618	0.01075
6	0.03443	0.01511	0.05712	0.01461	0.02107	0.01205	0.01269	0.03785	0.02235	0.63918	0.03029	0.02639	0.01907	0.00968	0.00795	0.00246	0.00704	0.00785	0.00944	0.01339
7	0.01794	0.01513	0.01763	0.01291	0.01951	0.01278	0.01041	0.08625	0.01843	0.02805	0.01443	0.01677	0.01186	0.00668	0.00715	0.00142	0.04289	0.00507	0.00498	0.64971
8	0.01478	0.00739	0.00739	0.00739	0.00924	0.00739	0.00554	0.01848	0.01663	0.02956	0.02587	0.02956	0.02033	0.00924	0.00554	0.00185	0.00370	0.00739	0.76534	0.00739
9	0.01864	0.02115	0.04548	0.03269	0.04024	0.02030	0.60644	0.02503	0.01833	0.02503	0.01571	0.02115	0.01194	0.00711	0.01033	0.00272	0.05394	0.00922	0.00398	0.01058
10	0.01644	0.01409	0.01644	0.01175	0.01879	0.01057	0.00940	0.01997	0.01644	0.02584	0.01409	0.01644	0.01175	0.00587	0.00587	0.00117	0.00587	0.00470	0.00470	0.76979
11	0.01478	0.00739	0.00739	0.00739	0.00924	0.00739	0.00554	0.01848	0.01663	0.02956	0.02587	0.02956	0.02033	0.00924	0.00554	0.00185	0.00370	0.00739	0.76534	0.00739
12	0.02751	0.02244	0.02221	0.01793	0.02360	0.08813	0.01447	0.43578	0.18991	0.04282	0.02167	0.02120	0.01583	0.00970	0.00789	0.00242	0.00866	0.00740	0.00759	0.01284
13	0.02120	0.72609	0.04155	0.01357	0.02035	0.03138	0.01357	0.02374	0.01611	0.01866	0.01102	0.01272	0.01018	0.00678	0.00509	0.00170	0.00848	0.00424	0.00339	0.01018
14	0.02942	0.01663	0.06248	0.01705	0.02339	0.01428	0.08490	0.06431	0.08781	0.43663	0.05750	0.02710	0.02091	0.00970	0.00818	0.00251	0.00772	0.00836	0.00843	0.01269
15	0.01632	0.07155	0.61140	0.02285	0.03411	0.01912	0.06658	0.02507	0.01684	0.02483	0.01419	0.01684	0.01017	0.00745	0.00753	0.00248	0.01167	0.00600	0.00339	0.01158
16	0.01107	0.00819	0.01052	0.01109	0.01287	0.00763	0.00868	0.01409	0.01931	0.02577	0.28380	0.17448	0.17354	0.01990	0.00993	0.00297	0.00493	0.18625	0.00786	0.00712
17	0.01014	0.00755	0.01014	0.01165	0.01208	0.00755	0.00798	0.01154	0.01499	0.02017	0.04164	0.67286	0.04984	0.02416	0.01111	0.00324	0.04809	0.02158	0.00712	0.00658
18	0.00966	0.00690	0.00920	0.01104	0.01150	0.00644	0.00736	0.01104	0.01518	0.02024	0.04371	0.71614	0.05245	0.02484	0.01012	0.00322	0.00460	0.02254	0.00736	0.00644
19	0.03449	0.01506	0.04765	0.01465	0.02104	0.01249	0.01257	0.06326	0.02304	0.62267	0.03003	0.02621	0.01895	0.00970	0.00795	0.00245	0.00705	0.00785	0.00945	0.01342
20	0.01310	0.00849	0.01106	0.01030	0.01248	0.00774	0.00776	0.01656	0.02183	0.08517	0.54933	0.09661	0.09634	0.01637	0.00928	0.00254	0.00406	0.01440	0.00868	0.00789
21	0.01478	0.00739	0.00739	0.00739	0.00924	0.00739	0.00554	0.01848	0.01663	0.02956	0.02587	0.02956	0.02033	0.00924	0.00554	0.00185	0.00370	0.00739	0.76534	0.00739
22	0.02059	0.01684	0.01796	0.01603	0.02060	0.01929	0.01250	0.04195	0.62303	0.06818	0.03222	0.02944	0.02396	0.01071	0.00806	0.00268	0.00630	0.00891	0.00816	0.01260
23	0.02941	0.02686	0.02384	0.02058	0.05989	0.23065	0.01566	0.42101	0.03164	0.03917	0.01671	0.01760	0.01242	0.00897	0.00769	0.00227	0.01049	0.00650	0.00652	0.01210
24	0.02120	0.72609	0.04155	0.01357	0.02035	0.03138	0.01357	0.02374	0.01611	0.01866	0.01102	0.01272	0.01018	0.00678	0.00509	0.00170	0.00848	0.00424	0.00339	0.01018
25	0.01145	0.00770	0.00862	0.00862	0.00873	0.00765	0.00485	0.01153	0.01179	0.01561	0.02717	0.05286	0.05403	0.69370	0.03914	0.00749	0.00754	0.01174	0.00491	0.00488
26	0.01462	0.00886	0.01169	0.01055	0.01302	0.00806	0.00806	0.01827	0.02248	0.12189	0.57885	0.05473	0.06712	0.01532	0.00916	0.00249	0.00416	0.01345	0.00888	0.00832
27	0.17776	0.01418	0.01731	0.01356	0.01946	0.01332	0.01119	0.05848	0.02148	0.53059	0.02694	0.02398	0.01728	0.00933	0.00738	0.00245	0.00670	0.00724	0.00880	0.01255
28	0.01498	0.01409	0.02378	0.70226	0.05462	0.01762	0.02202	0.02026	0.01586	0.02026	0.01409	0.02114	0.01057	0.00793	0.00793	0.00264	0.01057	0.00705	0.00352	0.00881
29	0.77733	0.01534	0.01166	0.01043	0.01534	0.01779	0.00859	0.02331	0.01350	0.03558	0.01104	0.01288	0.00859	0.00736	0.00491	0.00245	0.00613	0.00429	0.00491	0.00859
30	0.02500	0.01985	0.02161	0.04079	0.05740	0.04280	0.01450	0.38177	0.17188	0.04103	0.05894	0.02554	0.04195	0.01031	0.00806	0.00246	0.00802	0.00820	0.00751	0.01237
31	0.00946	0.00804	0.00816	0.00813	0.01076	0.00673	0.00609	0.01155	0.01828	0.02191	0.10822	0.07550	0.64044	0.01990	0.00937	0.00267	0.00400	0.01662	0.00743	0.00673
32	0.01553	0.01445	0.02078	0.26720	0.17246	0.04991	0.01711	0.02064	0.06425	0.02240	0.02434	0.22775	0.02445	0.01299	0.00853	0.00272	0.00842	0.01170	0.00512	0.00922
33	0.25947	0.01831	0.02268	0.10866	0.28138	0.07093	0.01726	0.02554	0.04045	0.06359	0.01492	0.01803	0.01170	0.00763	0.00689	0.00241	0.00864	0.00615	0.00467	0.01065
34	0.01140	0.00822	0.01085	0.01050	0.01237	0.00767	0.00809	0.01513	0.02197	0.03088	0.59622	0.06268	0.07149	0.01686	0.00954	0.00263	0.00415	0.08332	0.00857	0.00746
35	0.07295	0.14135	0.36883	0.02130	0.06846	0.01984	0.05607	0.04494	0.01785	0.05703	0.04883	0.01905	0.01418	0.00795	0.00721	0.00237	0.01000	0.00634	0.00428	0.01117
36	0.01760	0.02594	0.21873	0.02992	0.07512	0.01923	0.38320	0.02443	0.01769	0.02486	0.01622	0.04533	0.01292	0.00795	0.00958	0.00267	0.04522	0.00862	0.00392	0.01084
37	0.01624	0.03899	0.62104	0.02498	0.09255	0.01846	0.02885	0.02504	0.01686	0.02519	0.01429	0.01701	0.01027	0.00749	0.00756	0.00250	0.01151	0.00597	0.00340	0.01180

[dist]
# distance from previous block
# <min> <max>
0	2

[block]
# block no. 5 follows, 24 sequences, length 45
# corresponding to MSA columns:
# 310-354
name=unknown_F
#
# <colnr> <probs for GDERKNQSTAVLIFYWHMCP>
#	G	D	E	R	K	N	Q	S	T	A	V	L	I	F	Y	W	H	M	C	P
0	0.01627	0.08872	0.51000	0.02215	0.03233	0.01876	0.09467	0.02427	0.01735	0.02516	0.06392	0.02019	0.01521	0.00804	0.00769	0.00247	0.01105	0.00677	0.00383	0.01117
1	0.01757	0.25641	0.47942	0.01976	0.02993	0.02249	0.02435	0.02468	0.01654	0.02308	0.01322	0.01548	0.01009	0.00730	0.00676	0.00225	0.01070	0.00535	0.00336	0.01123
2	0.01869	0.01947	0.08264	0.06846	0.10725	0.02040	0.14671	0.02277	0.01558	0.06818	0.01456	0.01987	0.01201	0.01222	0.04295	0.00334	0.30321	0.00750	0.00411	0.01010
3	0.02629	0.01785	0.01993	0.01621	0.02134	0.01944	0.01300	0.31663	0.20993	0.13532	0.02412	0.02377	0.01750	0.01177	0.01035	0.08127	0.00754	0.00776	0.00779	0.01219
4	0.02828	0.02092	0.02253	0.01765	0.02351	0.02311	0.01443	0.57618	0.06090	0.04720	0.02132	0.06864	0.01667	0.01065	0.00809	0.00245	0.00834	0.00830	0.00790	0.01295
5	0.01067	0.00799	0.00989	0.00960	0.01155	0.00722	0.00713	0.01382	0.02085	0.02846	0.48118	0.11479	0.21210	0.01780	0.00942	0.00259	0.00387	0.01555	0.00830	0.00722
6	0.08671	0.01702	0.01844	0.01546	0.02064	0.01861	0.01238	0.16674	0.32941	0.16191	0.02908	0.02697	0.04037	0.01033	0.00780	0.00256	0.00680	0.00825	0.00810	0.01242
7	0.01122	0.00811	0.01060	0.00998	0.01185	0.00748	0.00748	0.01496	0.02245	0.03180	0.66766	0.05923	0.07482	0.01621	0.00935	0.00249	0.00374	0.01434	0.00873	0.00748
8	0.08145	0.07027	0.28660	0.01853	0.02624	0.01872	0.04152	0.11069	0.09448	0.05829	0.04813	0.02617	0.01817	0.00970	0.00772	0.00255	0.00917	0.05489	0.00550	0.01121
9	0.00972	0.00756	0.00887	0.00976	0.01135	0.00671	0.00697	0.01158	0.01694	0.02140	0.08589	0.36831	0.33748	0.02217	0.00978	0.00296	0.00441	0.04409	0.00742	0.00664
10	0.02927	0.02178	0.02331	0.01807	0.02426	0.02419	0.01486	0.59504	0.08906	0.04857	0.02014	0.01992	0.01438	0.00962	0.00794	0.00241	0.00852	0.00729	0.00794	0.01341
11	0.01521	0.01441	0.02383	0.63517	0.05129	0.01827	0.02156	0.02014	0.01549	0.02014	0.01373	0.02077	0.01055	0.00851	0.00971	0.00272	0.07911	0.00704	0.00352	0.00880
12	0.00979	0.00700	0.00932	0.01095	0.01153	0.00653	0.00737	0.01136	0.01578	0.02119	0.09478	0.66236	0.05428	0.02414	0.01006	0.00316	0.00453	0.02187	0.00747	0.00653
13	0.01194	0.00940	0.01392	0.01357	0.01484	0.01138	0.01067	0.01466	0.01268	0.01848	0.02014	0.02975	0.01886	0.05482	0.62221	0.01180	0.09114	0.00834	0.00417	0.00724
14	0.01544	0.01481	0.02577	0.62681	0.08038	0.01784	0.06593	0.02080	0.01615	0.02087	0.01427	0.02109	0.01076	0.00780	0.00803	0.00263	0.01072	0.00721	0.00358	0.00910
15	0.01872	0.02139	0.04679	0.03342	0.04144	0.02005	0.64305	0.02540	0.01872	0.02540	0.01604	0.02139	0.01203	0.00668	0.00936	0.00267	0.01337	0.00936	0.00401	0.01070
16	0.01963	0.01884	0.03219	0.04867	0.67185	0.01884	0.02434	0.02434	0.01806	0.02591	0.01492	0.01963	0.01256	0.00707	0.00785	0.00236	0.00942	0.00707	0.00393	0.01256
17	0.02292	0.01847	0.01957	0.01654	0.02160	0.02089	0.01316	0.25042	0.41615	0.03853	0.02963	0.02782	0.04664	0.01071	0.00807	0.00258	0.00704	0.00865	0.00799	0.01264
18	0.01792	0.02171	0.09334	0.10186	0.03963	0.02020	0.44733	0.02403	0.01742	0.02403	0.01497	0.02047	0.01151	0.00780	0.01118	0.00276	0.10117	0.00852	0.00384	0.01032
19	0.01106	0.00810	0.01037	0.00980	0.01175	0.00741	0.00735	0.01464	0.02206	0.03087	0.61514	0.06076	0.12793	0.01656	0.00935	0.00251	0.00377	0.01456	0.00861	0.00741
20	0.01153	0.00769	0.00865	0.00865	0.00865	0.00769	0.00480	0.01153	0.01153	0.01538	0.02499	0.05189	0.02883	0.72131	0.04036	0.00769	0.00769	0.01153	0.00480	0.00480
21	0.01691	0.00957	0.01251	0.01131	0.01409	0.00883	0.00863	0.02102	0.04942	0.17645	0.41838	0.13223	0.05734	0.01560	0.00908	0.00258	0.00464	0.01368	0.00878	0.00894
22	0.05842	0.01925	0.02174	0.01888	0.07530	0.02036	0.01412	0.42665	0.02990	0.04153	0.01957	0.07322	0.01600	0.00990	0.00767	0.00227	0.00793	0.00786	0.00696	0.12246
23	0.63665	0.01528	0.01288	0.01129	0.01629	0.01730	0.00924	0.02648	0.06719	0.10344	0.01493	0.01575	0.01104	0.00790	0.00549	0.00247	0.00621	0.00507	0.00569	0.00943
24	0.77733	0.01534	0.01166	0.01043	0.01534	0.01779	0.00859	0.02331	0.01350	0.03558	0.01104	0.01288	0.00859	0.00736	0.00491	0.00245	0.00613	0.00429	0.00491	0.00859
25	0.26784	0.01133	0.01231	0.06467	0.01679	0.01188	0.00911	0.01836	0.01834	0.03143	0.33680	0.05859	0.04302	0.01223	0.00756	0.00243	0.00524	0.01007	0.00675	0.05526
26	0.01498	0.01409	0.02378	0.70226	0.05462	0.01762	0.02202	0.02026	0.01586	0.02026	0.01409	0.02114	0.01057	0.00793	0.00793	0.00264	0.01057	0.00705	0.00352	0.00881
27	0.05093	0.01057	0.01358	0.01193	0.01537	0.00989	0.00948	0.02405	0.04996	0.23369	0.36385	0.04828	0.05026	0.01405	0.00881	0.00258	0.00517	0.05917	0.00877	0.00962
28	0.01774	0.01625	0.02633	0.55955	0.16984	0.01871	0.02284	0.02221	0.01738	0.02304	0.01613	0.02335	0.01278	0.00903	0.00869	0.00293	0.01086	0.00762	0.00427	0.01047
29	0.07890	0.01612	0.02107	0.35091	0.03708	0.01879	0.01701	0.19016	0.07369	0.03062	0.02209	0.02513	0.06618	0.00954	0.00782	0.00256	0.00884	0.00780	0.00550	0.01018
30	0.01359	0.00695	0.01019	0.01019	0.01019	0.00695	0.00671	0.01043	0.01043	0.01391	0.01471	0.02642	0.01503	0.08547	0.03177	0.70570	0.00695	0.00727	0.00356	0.00356
31	0.02061	0.01622	0.01757	0.01559	0.02005	0.01823	0.01225	0.07650	0.50853	0.07898	0.06113	0.03323	0.04340	0.01146	0.00824	0.00268	0.00632	0.02872	0.00817	0.01213
32	0.77733	0.01534	0.01166	0.01043	0.01534	0.01779	0.00859	0.02331	0.01350	0.03558	0.01104	0.01288	0.00859	0.00736	0.00491	0.00245	0.00613	0.00429	0.00491	0.00859
33	0.01879	0.01701	0.02280	0.22342	0.11177	0.06555	0.04235	0.11146	0.01909	0.02569	0.01737	0.05405	0.01513	0.05639	0.01236	0.00293	0.10187	0.00803	0.06439	0.00956
34	0.01021	0.00805	0.00926	0.00937	0.01156	0.00710	0.00710	0.01281	0.01914	0.02457	0.24794	0.12468	0.39370	0.01947	0.00955	0.00274	0.00424	0.06379	0.00776	0.00695
35	0.01724	0.01563	0.02615	0.13631	0.43459	0.01610	0.02052	0.02106	0.01690	0.02353	0.01874	0.08155	0.01768	0.01118	0.01006	0.06281	0.00886	0.04628	0.00432	0.01047
36	0.01341	0.01008	0.01306	0.01426	0.01651	0.01033	0.01218	0.01942	0.10303	0.02479	0.04391	0.08041	0.09505	0.02027	0.01044	0.00344	0.00689	0.48715	0.00741	0.00795
37	0.01703	0.01422	0.01651	0.01220	0.01873	0.01137	0.00969	0.06801	0.01798	0.02732	0.01657	0.06600	0.01475	0.00749	0.00633	0.00141	0.00601	0.00615	0.00514	0.65709
38	0.01336	0.01144	0.01638	0.19308	0.04417	0.01203	0.01290	0.01640	0.01574	0.02189	0.05234	0.29352	0.02989	0.01495	0.00992	0.00263	0.06399	0.01295	0.00548	0.15695
39	0.01743	0.02458	0.19063	0.12427	0.05657	0.01966	0.34015	0.02403	0.01726	0.02407	0.01482	0.01986	0.01123	0.00769	0.01013	0.00269	0.07269	0.00794	0.00374	0.01055
40	0.01478	0.00739	0.00739	0.00739	0.00924	0.00739	0.00554	0.01848	0.01663	0.02956	0.02587	0.02956	0.02033	0.00924	0.00554	0.00185	0.00370	0.00739	0.76534	0.00739
41	0.53125	0.01731	0.06722	0.06683	0.06560	0.01727	0.01264	0.02487	0.01519	0.09886	0.01387	0.01573	0.01026	0.00765	0.00586	0.00247	0.00720	0.00519	0.00512	0.00963
42	0.01234	0.00843	0.01097	0.01041	0.01252	0.00775	0.00800	0.01594	0.02186	0.05997	0.55300	0.06120	0.10689	0.01661	0.00942	0.00259	0.00418	0.06167	0.00858	0.00769
43	0.01889	0.01751	0.02870	0.26650	0.41302	0.01888	0.02283	0.07177	0.01883	0.02590	0.01496	0.02009	0.01196	0.00755	0.00788	0.00245	0.00975	0.00707	0.00410	0.01137
44	0.02447	0.01702	0.01948	0.01452	0.02117	0.01595	0.01185	0.25518	0.02515	0.13488	0.01857	0.01903	0.01360	0.00783	0.00696	0.00182	0.00707	0.00611	0.00669	0.37265

[dist]
# distance from previous block
# <min> <max>
0	2

[block]
# block no. 6 follows, 24 sequences, length 47
# corresponding to MSA columns:
# 357-403
name=unknown_G
#
# <colnr> <probs for GDERKNQSTAVLIFYWHMCP>
#	G	D	E	R	K	N	Q	S	T	A	V	L	I	F	Y	W	H	M	C	P
0	0.77733	0.01534	0.01166	0.01043	0.01534	0.01779	0.00859	0.02331	0.01350	0.03558	0.01104	0.01288	0.00859	0.00736	0.00491	0.00245	0.00613	0.00429	0.00491	0.00859
1	0.01648	0.09275	0.60148	0.02162	0.03263	0.01947	0.02734	0.02577	0.04526	0.02497	0.01479	0.01700	0.01069	0.00762	0.00737	0.00246	0.01123	0.00587	0.00356	0.01164
2	0.77733	0.01534	0.01166	0.01043	0.01534	0.01779	0.00859	0.02331	0.01350	0.03558	0.01104	0.01288	0.00859	0.00736	0.00491	0.00245	0.00613	0.00429	0.00491	0.00859
3	0.01645	0.11151	0.61451	0.02167	0.03288	0.01975	0.02768	0.02497	0.01668	0.02445	0.01390	0.01633	0.01006	0.00746	0.00728	0.00243	0.01139	0.00569	0.00335	0.01156
4	0.01150	0.00780	0.00922	0.00922	0.00942	0.00800	0.00552	0.01190	0.01170	0.01580	0.02446	0.04898	0.02757	0.62845	0.13150	0.00840	0.00959	0.01111	0.00473	0.00512
5	0.00966	0.00690	0.00920	0.01104	0.01150	0.00644	0.00736	0.01104	0.01518	0.02024	0.04371	0.71614	0.05245	0.02484	0.01012	0.00322	0.00460	0.02254	0.00736	0.00644
6	0.01153	0.00769	0.00865	0.00865	0.00865	0.00769	0.00480	0.01153	0.01153	0.01538	0.02499	0.05189	0.02883	0.72131	0.04036	0.00769	0.00769	0.01153	0.00480	0.00480
7	0.01813	0.01545	0.01657	0.01531	0.01936	0.01752	0.01204	0.03685	0.53636	0.03119	0.03725	0.03986	0.07912	0.01272	0.00849	0.00279	0.00620	0.07535	0.00793	0.01151
8	0.77733	0.01534	0.01166	0.01043	0.01534	0.01779	0.00859	0.02331	0.01350	0.03558	0.01104	0.01288	0.00859	0.00736	0.00491	0.00245	0.00613	0.00429	0.00491	0.00859
9	0.02297	0.01665	0.01835	0.01595	0.02077	0.01848	0.01264	0.09499	0.47637	0.13821	0.03127	0.03036	0.02327	0.01089	0.00814	0.00266	0.00661	0.03050	0.00831	0.01260
10	0.01096	0.00802	0.01028	0.00987	0.01172	0.00735	0.00734	0.01440	0.02160	0.03014	0.57580	0.10179	0.12691	0.01710	0.00940	0.00256	0.00382	0.01507	0.00852	0.00735
