[name]
unknown

[dist]
# distance from previous block
# <min> <max>
0	323

[block]
# block no. 0 follows, 20 sequences, length 12
# corresponding to MSA columns:
# 323-334
name=unknown_A
#
# <colnr> <probs for GDERKNQSTAVLIFYWHMCP>
#	G	D	E	R	K	N	Q	S	T	A	V	L	I	F	Y	W	H	M	C	P
0	0.01501	0.01386	0.01567	0.01553	0.01764	0.09432	0.05474	0.01745	0.01862	0.02295	0.04296	0.33806	0.09776	0.07571	0.01339	0.00375	0.00793	0.11964	0.00711	0.00788
1	0.02871	0.01917	0.02249	0.02023	0.07231	0.02038	0.01509	0.29305	0.10869	0.14902	0.02707	0.03099	0.02080	0.04376	0.01049	0.00300	0.00846	0.04229	0.05061	0.01338
2	0.15910	0.02132	0.12278	0.08650	0.07534	0.01856	0.01781	0.09866	0.02031	0.09806	0.01806	0.02155	0.01380	0.01453	0.05889	0.04435	0.04419	0.00705	0.00564	0.05351
3	0.01574	0.01055	0.01231	0.01125	0.01424	0.01006	0.00862	0.05128	0.05647	0.07248	0.32124	0.05886	0.19463	0.01665	0.00948	0.00270	0.00484	0.01419	0.10530	0.00910
4	0.01870	0.10168	0.25240	0.02396	0.03267	0.02033	0.19142	0.05810	0.02012	0.02735	0.02639	0.03044	0.09505	0.05028	0.01100	0.00307	0.01147	0.00939	0.00486	0.01132
5	0.01957	0.01749	0.06226	0.08260	0.02634	0.01662	0.05924	0.19016	0.02581	0.03461	0.10315	0.14588	0.07345	0.01598	0.00991	0.00305	0.00850	0.08731	0.00746	0.01060
6	0.01056	0.00785	0.00986	0.01146	0.01247	0.00714	0.00779	0.01222	0.01736	0.02253	0.05637	0.56342	0.17667	0.02625	0.01096	0.00342	0.00493	0.02348	0.00810	0.00714
7	0.01647	0.01550	0.02616	0.67248	0.06008	0.01938	0.02422	0.02229	0.01744	0.02229	0.01550	0.02326	0.01163	0.00872	0.00872	0.00291	0.01163	0.00775	0.00388	0.00969
8	0.01634	0.00997	0.01282	0.01244	0.01497	0.00928	0.00935	0.02041	0.05052	0.12354	0.26904	0.24119	0.10579	0.01989	0.01033	0.00306	0.00526	0.04760	0.00911	0.00910
9	0.02225	0.01219	0.01447	0.01266	0.01634	0.01238	0.00998	0.08199	0.07040	0.16345	0.09125	0.03441	0.02792	0.01850	0.09320	0.00395	0.00807	0.00932	0.28667	0.01061
10	0.03167	0.01651	0.02002	0.01648	0.02245	0.01662	0.01324	0.04416	0.28127	0.38437	0.03488	0.03091	0.02375	0.01124	0.00882	0.00281	0.00720	0.00924	0.00997	0.01440
11	0.01553	0.00961	0.01233	0.01138	0.01407	0.00865	0.00862	0.01913	0.02357	0.11393	0.44408	0.10406	0.14516	0.01808	0.01014	0.00282	0.00466	0.01578	0.00946	0.00892

[dist]
# distance from previous block
# <min> <max>
0	5

[block]
# block no. 1 follows, 20 sequences, length 14
# corresponding to MSA columns:
# 340-353
name=unknown_B
#
# <colnr> <probs for GDERKNQSTAVLIFYWHMCP>
#	G	D	E	R	K	N	Q	S	T	A	V	L	I	F	Y	W	H	M	C	P
0	0.02355	0.38175	0.03639	0.01777	0.02373	0.09427	0.04026	0.02648	0.01819	0.04860	0.01372	0.01656	0.01197	0.00896	0.01013	0.00225	0.12192	0.00573	0.00432	0.09344
1	0.01948	0.02087	0.04285	0.09718	0.10975	0.02023	0.42316	0.02567	0.01938	0.02631	0.01833	0.02679	0.01507	0.07911	0.01351	0.00347	0.01327	0.01002	0.00444	0.01112
2	0.01063	0.00759	0.01012	0.01215	0.01265	0.00709	0.00810	0.01215	0.01670	0.02227	0.04808	0.68775	0.05769	0.02733	0.01113	0.00354	0.00506	0.02480	0.00810	0.00709
3	0.02590	0.23455	0.07604	0.01835	0.02524	0.02362	0.07228	0.15686	0.02451	0.13038	0.06202	0.02566	0.02009	0.05518	0.01035	0.00283	0.00944	0.00800	0.00654	0.01217
4	0.01337	0.01090	0.01401	0.01604	0.08372	0.01046	0.01037	0.01854	0.07899	0.02867	0.23756	0.18766	0.21803	0.01922	0.01014	0.00296	0.00536	0.01686	0.00822	0.00892
5	0.01093	0.00783	0.01040	0.01194	0.01272	0.00729	0.00812	0.01292	0.01813	0.02454	0.15292	0.57643	0.06209	0.02563	0.01098	0.00340	0.00489	0.02318	0.00837	0.00729
6	0.48140	0.02391	0.14426	0.01567	0.02286	0.02099	0.01530	0.12621	0.02006	0.03951	0.01437	0.01619	0.01070	0.00854	0.00656	0.00270	0.00849	0.00561	0.00562	0.01107
7	0.02155	0.09876	0.02735	0.02120	0.02293	0.14593	0.01746	0.02359	0.01622	0.02109	0.01437	0.06275	0.01448	0.01401	0.02094	0.00328	0.43211	0.00807	0.00422	0.00967
8	0.02298	0.09196	0.02026	0.01449	0.01956	0.01767	0.01183	0.17640	0.08437	0.12223	0.04667	0.08824	0.21734	0.01517	0.00907	0.00275	0.00703	0.01235	0.00824	0.01142
9	0.01249	0.01279	0.07851	0.05906	0.01964	0.01002	0.01288	0.01588	0.01817	0.02390	0.04780	0.34979	0.13072	0.02257	0.01076	0.00344	0.00692	0.14918	0.00733	0.00813
10	0.02308	0.01696	0.02137	0.09432	0.06722	0.01785	0.01514	0.09258	0.18626	0.12141	0.02731	0.08954	0.02229	0.01170	0.00947	0.00268	0.03568	0.00972	0.00739	0.12801
11	0.01768	0.10390	0.09017	0.08290	0.02360	0.01481	0.01424	0.02206	0.02062	0.08711	0.20502	0.10358	0.06421	0.01413	0.00896	0.00265	0.00735	0.03496	0.00704	0.07499
12	0.08522	0.09043	0.03450	0.09776	0.09302	0.02131	0.22007	0.05196	0.07198	0.02925	0.02205	0.02545	0.05144	0.00897	0.00859	0.00265	0.01062	0.00870	0.00520	0.06083
13	0.01755	0.01432	0.01781	0.08392	0.08850	0.03418	0.01334	0.08075	0.02139	0.05623	0.04647	0.04976	0.24860	0.02146	0.09022	0.00415	0.00949	0.03595	0.00671	0.05921

[dist]
# distance from previous block
# <min> <max>
7	64

[block]
# block no. 2 follows, 20 sequences, length 46
# corresponding to MSA columns:
# 421-466
name=unknown_C
#
# <colnr> <probs for GDERKNQSTAVLIFYWHMCP>
#	G	D	E	R	K	N	Q	S	T	A	V	L	I	F	Y	W	H	M	C	P
0	0.02268	0.03195	0.32231	0.05902	0.03266	0.02113	0.02362	0.19047	0.07610	0.06189	0.02149	0.05992	0.01661	0.01043	0.00867	0.00279	0.01071	0.00837	0.00610	0.01307
1	0.01985	0.01802	0.02751	0.17222	0.18411	0.01788	0.07435	0.08377	0.02110	0.02944	0.02143	0.02538	0.05531	0.00884	0.00836	0.00238	0.00953	0.00804	0.00517	0.20730
2	0.02652	0.24907	0.10919	0.01775	0.02517	0.02261	0.05007	0.07435	0.04830	0.19944	0.07473	0.02520	0.02128	0.00979	0.00787	0.00245	0.00902	0.00777	0.00682	0.01258
3	0.02048	0.02020	0.02441	0.29790	0.09592	0.12134	0.01973	0.06856	0.05493	0.02571	0.02012	0.02550	0.03572	0.01641	0.08625	0.00410	0.03927	0.00809	0.00490	0.01045
4	0.01110	0.00793	0.01064	0.01250	0.01326	0.00747	0.00875	0.01304	0.01754	0.02344	0.08295	0.58704	0.05836	0.02641	0.01118	0.00355	0.00532	0.08409	0.00818	0.00726
5	0.02383	0.01476	0.01946	0.04700	0.09974	0.01462	0.01374	0.06394	0.11502	0.21122	0.13329	0.07143	0.10670	0.01373	0.00930	0.00281	0.00702	0.01175	0.00862	0.01201
6	0.02152	0.02092	0.03650	0.05240	0.59869	0.02082	0.06624	0.02685	0.01991	0.02846	0.01649	0.02172	0.01378	0.00774	0.00875	0.00261	0.01066	0.00794	0.00432	0.01368
7	0.01300	0.00858	0.01136	0.01184	0.01337	0.00791	0.00843	0.01574	0.02060	0.06352	0.29876	0.38291	0.06617	0.02231	0.01064	0.00315	0.00479	0.02001	0.00890	0.00802
8	0.02106	0.02321	0.07179	0.09508	0.20868	0.06365	0.22341	0.05067	0.04679	0.02907	0.06340	0.02550	0.01875	0.00885	0.00928	0.00275	0.01184	0.00910	0.00505	0.01205
9	0.10177	0.01779	0.02728	0.32626	0.16229	0.01995	0.05521	0.06171	0.04817	0.07066	0.01799	0.02268	0.01349	0.00878	0.00844	0.00279	0.01039	0.00774	0.00516	0.01145
10	0.02274	0.52149	0.12892	0.01732	0.02487	0.06816	0.01778	0.02649	0.01793	0.02161	0.01266	0.01507	0.01119	0.00820	0.00767	0.00215	0.05553	0.00517	0.00377	0.01126
11	0.01690	0.01139	0.01556	0.25067	0.02904	0.01289	0.01318	0.04237	0.01841	0.02858	0.02266	0.02836	0.01774	0.01086	0.00883	0.04712	0.00724	0.00795	0.40157	0.00869
12	0.01973	0.06122	0.06811	0.03207	0.08195	0.02153	0.37824	0.02525	0.01876	0.02576	0.01776	0.05348	0.01508	0.01060	0.01325	0.04766	0.08428	0.00985	0.00441	0.01099
13	0.01466	0.05659	0.01427	0.01183	0.01315	0.01214	0.00830	0.04434	0.01590	0.02186	0.06132	0.09365	0.03161	0.37422	0.12026	0.00731	0.03869	0.01207	0.04069	0.00713
14	0.01565	0.00984	0.01204	0.01122	0.01430	0.00871	0.00874	0.01893	0.02258	0.11990	0.29650	0.06948	0.27949	0.01887	0.01020	0.00291	0.00501	0.05767	0.00910	0.00886
15	0.03133	0.10505	0.02671	0.01818	0.02474	0.02192	0.04263	0.24994	0.08679	0.23186	0.02507	0.02430	0.01758	0.01103	0.00952	0.03451	0.00878	0.00804	0.00835	0.01366
16	0.01967	0.08155	0.06369	0.11392	0.06203	0.02260	0.35465	0.02565	0.01892	0.02562	0.01734	0.04843	0.01438	0.00921	0.01151	0.00294	0.08288	0.00955	0.00434	0.01114
17	0.01688	0.01652	0.07022	0.01992	0.02396	0.01513	0.14187	0.02136	0.02037	0.06419	0.23373	0.13665	0.04364	0.01546	0.01307	0.00307	0.11366	0.01355	0.00697	0.00976
18	0.01106	0.00895	0.00989	0.00990	0.01257	0.00777	0.00759	0.01384	0.02096	0.02628	0.20504	0.08100	0.46576	0.02132	0.01045	0.00299	0.00465	0.06394	0.00843	0.00761
19	0.07270	0.02270	0.02248	0.01850	0.02424	0.07915	0.01486	0.33388	0.16252	0.06627	0.02459	0.02718	0.01897	0.04029	0.01013	0.00297	0.00920	0.02807	0.00809	0.01322
20	0.05719	0.20287	0.06085	0.02702	0.19125	0.04593	0.01862	0.06764	0.04454	0.09008	0.01901	0.05273	0.01605	0.00994	0.00927	0.00256	0.05903	0.00768	0.00547	0.01227
21	0.01097	0.00785	0.01043	0.01191	0.01273	0.00731	0.00812	0.01300	0.01828	0.02478	0.16393	0.56474	0.06256	0.02545	0.01097	0.00338	0.00487	0.02301	0.00839	0.00731
22	0.01617	0.01197	0.01687	0.01551	0.01712	0.01347	0.04648	0.01893	0.01725	0.05719	0.05838	0.26903	0.03465	0.01791	0.01414	0.00315	0.17345	0.01459	0.17508	0.00867
23	0.02114	0.01931	0.14210	0.01619	0.02155	0.01438	0.01500	0.08701	0.07903	0.13623	0.08703	0.16124	0.03180	0.01560	0.01083	0.05329	0.00769	0.01204	0.05755	0.01098
24	0.01951	0.10479	0.54875	0.02329	0.03525	0.02110	0.02928	0.02849	0.01880	0.06884	0.01659	0.01876	0.01178	0.00838	0.00807	0.00267	0.01218	0.00644	0.00417	0.01286
25	0.01074	0.00776	0.01016	0.01187	0.01263	0.00719	0.00802	0.01249	0.01748	0.02329	0.09395	0.60679	0.09274	0.02632	0.01102	0.00345	0.00495	0.02376	0.00821	0.00719
26	0.01877	0.03458	0.37066	0.06400	0.07780	0.02087	0.23271	0.02741	0.01921	0.02751	0.01639	0.02064	0.01201	0.00795	0.00903	0.00282	0.01331	0.00794	0.00399	0.01239
27	0.02061	0.15377	0.36449	0.02719	0.10171	0.02262	0.09751	0.02817	0.01910	0.06233	0.01644	0.01926	0.01226	0.00812	0.00812	0.00260	0.01188	0.00688	0.00426	0.01267
28	0.07198	0.02276	0.09072	0.05744	0.26661	0.02154	0.05034	0.09499	0.17118	0.03374	0.02130	0.02357	0.01642	0.00916	0.00854	0.00274	0.00969	0.00808	0.00593	0.01328
29	0.30479	0.02165	0.03017	0.02328	0.02943	0.07702	0.24387	0.04680	0.01863	0.03166	0.01480	0.01901	0.01163	0.00933	0.01024	0.03418	0.05090	0.00738	0.00489	0.01036
30	0.02598	0.02086	0.02175	0.04871	0.02521	0.04984	0.01482	0.26657	0.28214	0.04216	0.02718	0.02677	0.02018	0.01087	0.00851	0.00271	0.00832	0.00862	0.07545	0.01334
31	0.01347	0.00929	0.01069	0.01042	0.01104	0.00949	0.00644	0.03994	0.01446	0.01930	0.02977	0.05444	0.05970	0.56512	0.10412	0.00849	0.00984	0.01241	0.00552	0.00608
32	0.02447	0.02399	0.06919	0.02203	0.02759	0.08172	0.09235	0.21188	0.12000	0.03537	0.02087	0.02377	0.01629	0.01705	0.08777	0.00418	0.09455	0.00833	0.00638	0.01223
33	0.03083	0.02247	0.02399	0.01872	0.02509	0.02483	0.01536	0.52044	0.06857	0.05172	0.02246	0.02273	0.01621	0.01051	0.00846	0.00258	0.00889	0.00798	0.08405	0.01409
34	0.01084	0.00778	0.00996	0.01162	0.01223	0.00726	0.00767	0.01223	0.01646	0.02174	0.04845	0.57434	0.09399	0.10341	0.01489	0.00407	0.00541	0.02297	0.00777	0.00690
35	0.01257	0.00997	0.01414	0.01351	0.01573	0.00898	0.05254	0.01497	0.01783	0.02434	0.10428	0.40419	0.08429	0.08083	0.01333	0.00355	0.00610	0.01907	0.00740	0.09239
36	0.01914	0.06675	0.09377	0.02411	0.03016	0.01930	0.24823	0.07459	0.02006	0.02772	0.02243	0.10712	0.02092	0.08721	0.01440	0.00351	0.05108	0.01107	0.04797	0.01047
37	0.02744	0.06029	0.02056	0.01527	0.02045	0.01433	0.03973	0.03301	0.08932	0.32942	0.09715	0.06991	0.06544	0.06342	0.01165	0.00317	0.00729	0.01105	0.00898	0.01213
38	0.05222	0.01303	0.04383	0.01310	0.01658	0.01177	0.01084	0.06403	0.05895	0.05637	0.40177	0.05738	0.09491	0.01644	0.00982	0.00284	0.00563	0.05214	0.00885	0.00949
39	0.08446	0.11748	0.47041	0.02258	0.03374	0.02163	0.05014	0.02792	0.01839	0.05435	0.01581	0.01821	0.01146	0.00824	0.00782	0.00266	0.01177	0.00634	0.00418	0.01243
40	0.06268	0.03546	0.43597	0.06041	0.12129	0.01932	0.02776	0.02696	0.01854	0.05238	0.01783	0.05114	0.01401	0.00923	0.00834	0.00278	0.01151	0.00756	0.00438	0.01245
41	0.01744	0.07985	0.40129	0.02492	0.07423	0.01943	0.08704	0.02526	0.01914	0.02708	0.05070	0.02851	0.08726	0.01012	0.00866	0.00273	0.01130	0.00861	0.00457	0.01188
42	0.04881	0.06819	0.22004	0.12210	0.22810	0.05851	0.02471	0.02572	0.01881	0.02642	0.01780	0.06922	0.01543	0.00958	0.00837	0.00270	0.01104	0.00819	0.00436	0.01190
43	0.02099	0.02078	0.06112	0.20546	0.24378	0.02022	0.20067	0.02706	0.01974	0.06859	0.01774	0.02303	0.01349	0.00812	0.00915	0.00279	0.01190	0.00854	0.00465	0.01216
44	0.01942	0.02066	0.07064	0.26910	0.32985	0.02037	0.09290	0.02537	0.01900	0.02618	0.01618	0.02221	0.01281	0.00809	0.00884	0.00275	0.01146	0.00798	0.00413	0.01206
45	0.06308	0.01872	0.03073	0.12977	0.42222	0.01913	0.04637	0.02589	0.01954	0.05953	0.02236	0.02652	0.05982	0.00912	0.00866	0.00269	0.00991	0.00854	0.00494	0.01249

[dist]
# distance from previous block
# <min> <max>
1	36

[block]
# block no. 3 follows, 20 sequences, length 17
# corresponding to MSA columns:
# 503-519
name=unknown_D
#
# <colnr> <probs for GDERKNQSTAVLIFYWHMCP>
#	G	D	E	R	K	N	Q	S	T	A	V	L	I	F	Y	W	H	M	C	P
0	0.18364	0.01395	0.01582	0.06029	0.02044	0.05603	0.04190	0.02037	0.01809	0.05790	0.06139	0.30696	0.03701	0.01790	0.00930	0.00314	0.00739	0.05276	0.00696	0.00875
1	0.01837	0.05793	0.20014	0.19962	0.19333	0.01976	0.06234	0.02499	0.01904	0.02678	0.05647	0.02411	0.01707	0.00885	0.00854	0.00270	0.01099	0.00795	0.02933	0.01167
2	0.04745	0.02138	0.09544	0.11582	0.06358	0.05824	0.18954	0.05250	0.02001	0.02768	0.02343	0.15280	0.02193	0.01205	0.00925	0.00289	0.01079	0.01148	0.05324	0.01050
3	0.01712	0.01635	0.02818	0.58764	0.11045	0.01963	0.05220	0.02295	0.01781	0.02310	0.01569	0.02312	0.01190	0.00857	0.00879	0.00288	0.01166	0.00787	0.00394	0.01015
4	0.01984	0.02019	0.10121	0.14672	0.10824	0.05156	0.01838	0.02762	0.10856	0.08986	0.03689	0.03970	0.14752	0.01263	0.00910	0.00285	0.00908	0.03240	0.00643	0.01123
5	0.01994	0.02074	0.04056	0.10008	0.26433	0.02037	0.30064	0.02598	0.01978	0.02726	0.01893	0.06507	0.01613	0.00891	0.00959	0.00285	0.01220	0.01005	0.00456	0.01203
6	0.02823	0.05287	0.02117	0.01778	0.05081	0.05457	0.01352	0.03909	0.23234	0.26549	0.06075	0.03060	0.02487	0.01104	0.00849	0.00267	0.00759	0.00901	0.05589	0.01321
7	0.01074	0.00777	0.01016	0.01186	0.01263	0.00719	0.00802	0.01250	0.01750	0.02331	0.09525	0.60491	0.09330	0.02630	0.01102	0.00345	0.00495	0.02373	0.00821	0.00719
8	0.01823	0.07050	0.03774	0.06278	0.03539	0.01876	0.34676	0.02368	0.01931	0.02598	0.02415	0.14441	0.02317	0.01197	0.00985	0.00292	0.01145	0.04823	0.00526	0.05947
9	0.01743	0.01856	0.06989	0.33853	0.21509	0.01846	0.05360	0.02299	0.01866	0.02485	0.02495	0.03003	0.08999	0.01002	0.00895	0.00281	0.01062	0.00913	0.00454	0.01089
10	0.01956	0.02265	0.07155	0.07638	0.08252	0.02068	0.46579	0.02639	0.01998	0.02721	0.01946	0.06939	0.01617	0.00890	0.01006	0.00295	0.01348	0.01081	0.00460	0.01149
11	0.01610	0.01801	0.07716	0.06673	0.05367	0.01603	0.23507	0.02088	0.01826	0.02495	0.02901	0.28558	0.03048	0.01586	0.01132	0.00320	0.04681	0.01533	0.00574	0.00982
12	0.06588	0.02452	0.22878	0.02155	0.02822	0.01655	0.12640	0.02286	0.01832	0.04785	0.05704	0.20227	0.02800	0.01429	0.01072	0.00307	0.05490	0.01262	0.00568	0.01049
13	0.01998	0.30398	0.28170	0.02019	0.02936	0.02543	0.05899	0.02753	0.05896	0.02586	0.05742	0.02105	0.01709	0.00877	0.00750	0.00242	0.01057	0.00683	0.00449	0.01188
14	0.01201	0.00976	0.01061	0.01078	0.01321	0.00917	0.00781	0.01676	0.09279	0.02492	0.09266	0.20570	0.37294	0.06548	0.01253	0.00343	0.00511	0.01826	0.00808	0.00799
15	0.01846	0.02098	0.08003	0.23302	0.11969	0.01980	0.26979	0.02482	0.01908	0.02580	0.01902	0.07363	0.01606	0.00942	0.00953	0.00292	0.01236	0.01004	0.00447	0.01109
16	0.02092	0.07210	0.17019	0.07779	0.23404	0.02023	0.12539	0.02706	0.01954	0.07396	0.01954	0.06479	0.01623	0.00936	0.00881	0.00273	0.01112	0.00888	0.00487	0.01244

[dist]
# distance from previous block
# <min> <max>
0	1

[block]
# block no. 4 follows, 20 sequences, length 15
# corresponding to MSA columns:
# 523-537
name=unknown_E
#
# <colnr> <probs for GDERKNQSTAVLIFYWHMCP>
#	G	D	E	R	K	N	Q	S	T	A	V	L	I	F	Y	W	H	M	C	P
0	0.02221	0.02179	0.03393	0.04979	0.57017	0.05665	0.02549	0.02832	0.05385	0.02854	0.01731	0.02187	0.01439	0.00807	0.00861	0.00259	0.01047	0.00777	0.00458	0.01361
1	0.02478	0.02069	0.04949	0.07103	0.09372	0.06153	0.01683	0.04019	0.34521	0.13625	0.02943	0.02846	0.02157	0.01064	0.00873	0.00282	0.00856	0.00887	0.00782	0.01339
2	0.01660	0.15904	0.15833	0.02021	0.05957	0.01780	0.07531	0.02065	0.01749	0.02351	0.02684	0.26013	0.02855	0.01630	0.01067	0.05153	0.00903	0.01323	0.00540	0.00980
3	0.01932	0.07428	0.25168	0.03446	0.22085	0.02089	0.14996	0.02634	0.01937	0.02722	0.02083	0.02447	0.05325	0.00878	0.00877	0.00270	0.01171	0.00833	0.00432	0.01246
4	0.01105	0.00795	0.00962	0.01096	0.01221	0.00725	0.00755	0.01297	0.01764	0.02351	0.05646	0.47743	0.19984	0.02448	0.01048	0.00326	0.00481	0.02170	0.07359	0.00725
5	0.02094	0.02589	0.12132	0.03773	0.24356	0.06881	0.21890	0.02702	0.02004	0.02743	0.04380	0.02314	0.01595	0.00876	0.01053	0.00280	0.05810	0.00862	0.00448	0.01219
6	0.02029	0.22788	0.10463	0.21882	0.11967	0.07143	0.02103	0.02522	0.01902	0.02403	0.05727	0.02199	0.01659	0.00881	0.00776	0.00247	0.01069	0.00706	0.00431	0.01101
7	0.01245	0.01010	0.01452	0.18629	0.02544	0.01063	0.01256	0.01551	0.01800	0.02338	0.07529	0.35270	0.12959	0.02095	0.01040	0.00328	0.00686	0.05707	0.00706	0.00794
8	0.02152	0.18351	0.16457	0.02479	0.10397	0.10387	0.05601	0.04968	0.01934	0.02499	0.01574	0.02004	0.01321	0.01630	0.09647	0.00406	0.05945	0.00686	0.00427	0.01136
9	0.06197	0.06445	0.22564	0.02263	0.08527	0.01845	0.06039	0.02475	0.05468	0.02786	0.06654	0.07231	0.02291	0.05661	0.01213	0.00317	0.05335	0.00939	0.04660	0.01091
10	0.01420	0.01486	0.08896	0.06579	0.02318	0.01189	0.07705	0.01823	0.01854	0.02536	0.08962	0.20481	0.07516	0.05658	0.01294	0.02791	0.00810	0.11382	0.04442	0.00857
11	0.01997	0.01162	0.01512	0.05294	0.01898	0.01153	0.01098	0.02403	0.05407	0.18791	0.09707	0.21711	0.12917	0.01775	0.01084	0.00303	0.04663	0.01506	0.04619	0.01000
12	0.02932	0.06291	0.02475	0.13860	0.07130	0.15440	0.01692	0.03566	0.09797	0.24426	0.02413	0.02442	0.01707	0.00976	0.00838	0.00262	0.01020	0.00774	0.00710	0.01249
13	0.01786	0.17088	0.13044	0.02074	0.06551	0.02182	0.01830	0.02185	0.01663	0.02294	0.02204	0.06702	0.04588	0.01988	0.09655	0.00439	0.17576	0.04668	0.00464	0.01019
14	0.01238	0.00952	0.01375	0.01782	0.09294	0.00913	0.01109	0.01462	0.01745	0.02346	0.04385	0.54201	0.05133	0.02450	0.01091	0.00347	0.00604	0.08008	0.00761	0.00804

[dist]
# distance from previous block
# <min> <max>
19	29

[block]
# block no. 5 follows, 20 sequences, length 108
# corresponding to MSA columns:
# 585-692
name=unknown_F
#
# <colnr> <probs for GDERKNQSTAVLIFYWHMCP>
#	G	D	E	R	K	N	Q	S	T	A	V	L	I	F	Y	W	H	M	C	P
0	0.30281	0.02009	0.08135	0.05193	0.02551	0.01943	0.08435	0.05324	0.10537	0.03357	0.02592	0.02745	0.08589	0.01063	0.00861	0.00285	0.03605	0.00830	0.00593	0.01070
1	0.01929	0.02254	0.08959	0.05563	0.03944	0.01975	0.41261	0.05291	0.02100	0.02832	0.02512	0.06204	0.05764	0.01042	0.01014	0.00300	0.01272	0.04148	0.00514	0.01121
2	0.02049	0.02231	0.07031	0.09944	0.37227	0.09357	0.02275	0.02530	0.02012	0.02685	0.05915	0.08676	0.02173	0.01055	0.00887	0.00269	0.01037	0.00956	0.00496	0.01193
3	0.01578	0.05402	0.24105	0.02029	0.06402	0.01594	0.01928	0.02216	0.05039	0.02586	0.05803	0.18395	0.04954	0.05031	0.01213	0.00334	0.04056	0.05720	0.00585	0.01028
4	0.06175	0.02936	0.09519	0.01935	0.02498	0.27924	0.01658	0.04960	0.08422	0.11666	0.02489	0.02904	0.04309	0.01322	0.03371	0.00308	0.01199	0.04647	0.00632	0.01127
5	0.05771	0.01953	0.02183	0.09619	0.02729	0.04713	0.01537	0.22842	0.14031	0.10002	0.02538	0.06881	0.02002	0.01175	0.00966	0.00281	0.04376	0.00922	0.04233	0.01249
6	0.01858	0.01967	0.07434	0.08099	0.03312	0.01944	0.23103	0.05139	0.01790	0.02496	0.01695	0.02415	0.01417	0.02008	0.10870	0.09279	0.12864	0.00878	0.00439	0.00992
7	0.02749	0.01853	0.02779	0.02830	0.18695	0.01823	0.08708	0.11955	0.06523	0.21906	0.05543	0.03025	0.05415	0.01054	0.00907	0.00272	0.00904	0.00946	0.00770	0.01343
8	0.06728	0.06919	0.50574	0.06004	0.07600	0.02083	0.02915	0.02708	0.01819	0.02785	0.01530	0.01840	0.01116	0.00823	0.00802	0.00271	0.01209	0.00641	0.00385	0.01247
9	0.02659	0.02316	0.03346	0.03811	0.31761	0.10332	0.11717	0.06965	0.02289	0.13296	0.01956	0.02246	0.01476	0.00855	0.00883	0.00262	0.01123	0.00808	0.00574	0.01324
10	0.01824	0.02158	0.11508	0.07012	0.03438	0.01843	0.25897	0.06893	0.02031	0.02781	0.02500	0.19332	0.02431	0.01338	0.01099	0.00309	0.04683	0.01301	0.00553	0.01069
11	0.01143	0.00875	0.01304	0.01394	0.01506	0.00820	0.04840	0.01343	0.01709	0.02280	0.04597	0.62047	0.05443	0.02587	0.01111	0.00352	0.00582	0.04539	0.00785	0.00743
12	0.03876	0.03488	0.42331	0.02786	0.11450	0.01895	0.07855	0.02571	0.01850	0.02748	0.01955	0.09595	0.01691	0.01032	0.00875	0.00284	0.01164	0.00901	0.00439	0.01215
13	0.05726	0.37460	0.23724	0.01890	0.02715	0.02825	0.02074	0.02599	0.01730	0.02380	0.01319	0.01602	0.01109	0.00866	0.00911	0.00242	0.08739	0.00559	0.00381	0.01147
14	0.01945	0.06498	0.26911	0.03353	0.15905	0.02116	0.21625	0.02700	0.01946	0.02746	0.01779	0.02446	0.01427	0.00862	0.00906	0.00280	0.01255	0.03636	0.00427	0.01238
15	0.01214	0.00998	0.01391	0.01535	0.06334	0.00914	0.03738	0.01486	0.01941	0.02549	0.15174	0.31597	0.23509	0.02168	0.01050	0.00312	0.00558	0.01933	0.00787	0.00811
16	0.05378	0.03417	0.35807	0.07681	0.17200	0.04669	0.08214	0.02730	0.01896	0.02776	0.01574	0.01962	0.01184	0.00814	0.00843	0.00273	0.01224	0.00707	0.00402	0.01249
17	0.01403	0.00998	0.01325	0.04203	0.01676	0.01035	0.01057	0.01735	0.05020	0.05076	0.04069	0.38185	0.04560	0.10394	0.01586	0.00413	0.04095	0.11620	0.00751	0.00798
18	0.01151	0.00848	0.01185	0.01286	0.01393	0.00798	0.02694	0.01368	0.01801	0.02428	0.13138	0.50682	0.05812	0.05818	0.01270	0.00368	0.00558	0.05859	0.00806	0.00737
19	0.02065	0.02211	0.04346	0.03944	0.20739	0.02236	0.36158	0.02662	0.01935	0.02710	0.01641	0.02235	0.01314	0.00860	0.01246	0.00297	0.10847	0.00921	0.00430	0.01202
20	0.02208	0.13452	0.16799	0.06659	0.30809	0.02222	0.05070	0.02793	0.01953	0.07528	0.01699	0.02049	0.01328	0.00810	0.00816	0.00255	0.01076	0.00718	0.00458	0.01299
21	0.05009	0.02064	0.03920	0.16984	0.18540	0.02141	0.28587	0.02593	0.01904	0.02689	0.01626	0.02233	0.01276	0.00830	0.01063	0.00290	0.05789	0.00877	0.00428	0.01157
22	0.01145	0.00873	0.01068	0.01197	0.01351	0.00818	0.00865	0.01453	0.04635	0.02372	0.05805	0.42789	0.20999	0.02483	0.01091	0.00341	0.00532	0.08612	0.00813	0.00758
23	0.06818	0.11662	0.24791	0.02654	0.16078	0.02080	0.02233	0.02746	0.08346	0.02863	0.05256	0.06787	0.02023	0.01024	0.00818	0.00268	0.00982	0.00850	0.00512	0.01209
24	0.05590	0.04015	0.54562	0.02381	0.03528	0.01940	0.05422	0.02648	0.01821	0.02788	0.01777	0.06403	0.01424	0.00953	0.00842	0.00282	0.01211	0.00777	0.00411	0.01227
25	0.01941	0.04126	0.55811	0.02494	0.03707	0.01979	0.06990	0.02882	0.01908	0.07629	0.01727	0.01965	0.01203	0.00842	0.00846	0.00277	0.01258	0.00689	0.00429	0.01297
26	0.01930	0.02218	0.14135	0.04665	0.17052	0.01823	0.01994	0.07794	0.14276	0.03189	0.07756	0.03916	0.07385	0.01249	0.00923	0.00289	0.00893	0.06647	0.00656	0.01208
27	0.05802	0.01885	0.02549	0.48092	0.08299	0.08001	0.02202	0.04935	0.05151	0.02553	0.01648	0.02238	0.01253	0.00890	0.00847	0.00281	0.01135	0.00751	0.00451	0.01037
28	0.01798	0.01066	0.01369	0.01221	0.01511	0.00998	0.00926	0.05220	0.02441	0.13864	0.42860	0.08889	0.06372	0.06071	0.01221	0.00314	0.00531	0.01443	0.00940	0.00946
29	0.01920	0.01943	0.02867	0.02399	0.02469	0.02635	0.06543	0.02154	0.01393	0.02154	0.01194	0.01943	0.01159	0.01464	0.02718	0.00375	0.62527	0.00784	0.00386	0.00972
30	0.05874	0.02750	0.27982	0.02435	0.09965	0.01737	0.05311	0.02656	0.05932	0.05869	0.02643	0.03760	0.04708	0.04397	0.01072	0.00323	0.01034	0.09841	0.00554	0.01155
31	0.01812	0.09560	0.57557	0.02526	0.06128	0.02140	0.03064	0.02747	0.01842	0.02710	0.01541	0.01820	0.01117	0.00820	0.00809	0.00268	0.01251	0.00636	0.00371	0.01280
32	0.02321	0.01767	0.01988	0.01768	0.02224	0.01938	0.01440	0.26102	0.17504	0.03979	0.03368	0.11121	0.03108	0.01599	0.00985	0.00315	0.00808	0.15606	0.00852	0.01206
33	0.01760	0.03521	0.42730	0.05338	0.07757	0.01940	0.09565	0.02603	0.01923	0.02807	0.08010	0.02430	0.01893	0.00935	0.00936	0.00281	0.03111	0.00804	0.00444	0.01211
34	0.09792	0.01831	0.02222	0.02398	0.15562	0.01950	0.01567	0.12613	0.20314	0.09844	0.03292	0.03235	0.09317	0.01149	0.00861	0.00277	0.00783	0.00949	0.00761	0.01286
35	0.01268	0.00849	0.00970	0.00970	0.00976	0.00856	0.00552	0.01280	0.01274	0.01705	0.02731	0.05614	0.03130	0.66758	0.06971	0.00869	0.00907	0.01255	0.00526	0.00539
36	0.01074	0.00764	0.01009	0.01200	0.01248	0.00716	0.00794	0.01218	0.01648	0.02197	0.04695	0.65327	0.05627	0.06375	0.01295	0.00381	0.00525	0.02414	0.00794	0.00699
37	0.01998	0.02013	0.03781	0.04314	0.36856	0.01958	0.21782	0.02546	0.01974	0.02759	0.02051	0.09983	0.01873	0.00991	0.00948	0.00282	0.01119	0.01059	0.00479	0.01235
38	0.02254	0.05444	0.13105	0.11889	0.10170	0.16815	0.04873	0.05758	0.06881	0.02734	0.05699	0.02324	0.01768	0.00985	0.00984	0.00270	0.05626	0.00773	0.00506	0.01142
39	0.02063	0.02417	0.08883	0.06089	0.03859	0.04696	0.35169	0.05787	0.02012	0.02742	0.01757	0.04922	0.01451	0.00993	0.01313	0.00306	0.12982	0.00969	0.00462	0.01128
40	0.02186	0.02429	0.03520	0.02969	0.07994	0.13859	0.23242	0.02614	0.01861	0.02412	0.01524	0.02127	0.01292	0.01392	0.05763	0.00378	0.22108	0.00836	0.00425	0.01068
41	0.02462	0.02662	0.19673	0.02260	0.06085	0.04688	0.05919	0.03760	0.23150	0.16132	0.02664	0.02613	0.01902	0.01000	0.00873	0.00280	0.00975	0.00842	0.00712	0.01348
42	0.02217	0.08803	0.32417	0.08431	0.03658	0.08262	0.08120	0.12417	0.02281	0.03054	0.01622	0.01917	0.01197	0.00860	0.00834	0.00265	0.01239	0.00695	0.00469	0.01241
43	0.01103	0.00785	0.01032	0.01179	0.01251	0.00735	0.00793	0.01285	0.01768	0.02389	0.13774	0.55008	0.05982	0.06921	0.01317	0.00374	0.00514	0.02261	0.00815	0.00715
44	0.10103	0.02466	0.13105	0.06569	0.06837	0.02060	0.36686	0.02669	0.01964	0.02922	0.04819	0.02376	0.01598	0.00820	0.00929	0.00286	0.01264	0.00913	0.00465	0.01148
45	0.01882	0.03232	0.31814	0.03112	0.07998	0.02042	0.27640	0.02711	0.01978	0.02821	0.04966	0.02331	0.01598	0.00836	0.00928	0.00283	0.01303	0.00868	0.00435	0.01222
46	0.01973	0.02273	0.10110	0.08028	0.31816	0.05368	0.10774	0.02522	0.01960	0.02676	0.02111	0.09346	0.01957	0.01077	0.00924	0.00284	0.01098	0.04024	0.00483	0.01195
47	0.01110	0.00834	0.01207	0.01331	0.01420	0.00779	0.03635	0.01289	0.01688	0.02253	0.04664	0.65644	0.05560	0.02639	0.01109	0.00351	0.00552	0.02411	0.00792	0.00731
48	0.01979	0.06457	0.27759	0.05902	0.03383	0.02095	0.12162	0.02623	0.01817	0.07409	0.01872	0.06593	0.01554	0.01087	0.01243	0.00299	0.13265	0.00872	0.00470	0.01159
49	0.01647	0.01928	0.11235	0.05100	0.06609	0.04895	0.10181	0.02153	0.01889	0.02563	0.09460	0.04353	0.02969	0.05656	0.15394	0.00570	0.01335	0.10538	0.00559	0.00967
50	0.01502	0.00811	0.01229	0.05561	0.01468	0.00834	0.00871	0.01213	0.01203	0.01598	0.01681	0.05911	0.01703	0.02871	0.03126	0.65966	0.00772	0.00844	0.00401	0.00435
51	0.02157	0.02259	0.10544	0.02947	0.10430	0.01835	0.18443	0.02558	0.02240	0.03063	0.03711	0.05750	0.08733	0.01724	0.01212	0.00402	0.01185	0.18800	0.00737	0.01270
52	0.01950	0.08444	0.27348	0.02929	0.03873	0.02279	0.29011	0.02704	0.01888	0.02660	0.01589	0.02044	0.01209	0.00844	0.01085	0.00287	0.07443	0.00816	0.00403	0.01194
53	0.01834	0.01749	0.03091	0.41476	0.04987	0.01997	0.15946	0.05112	0.01915	0.02579	0.01695	0.02364	0.01288	0.00890	0.00990	0.00289	0.04478	0.00837	0.05452	0.01031
54	0.01724	0.01421	0.01697	0.01595	0.01925	0.01649	0.01241	0.03150	0.32928	0.02865	0.02965	0.03338	0.02430	0.03769	0.32253	0.00830	0.01485	0.00961	0.00685	0.01090
55	0.01964	0.10492	0.34121	0.03346	0.21232	0.02210	0.09095	0.02725	0.01900	0.02716	0.01572	0.01943	0.01211	0.00795	0.00832	0.00264	0.01197	0.00706	0.00395	0.01286
56	0.01950	0.02258	0.10173	0.14698	0.23825	0.02029	0.20063	0.02680	0.05031	0.02731	0.01894	0.05238	0.01559	0.00894	0.00924	0.00283	0.01174	0.00926	0.00461	0.01210
57	0.01997	0.25855	0.06213	0.05295	0.11362	0.06538	0.01782	0.02401	0.01932	0.02406	0.02460	0.04418	0.02467	0.01329	0.00864	0.00281	0.00977	0.19844	0.00532	0.01046
58	0.01548	0.01290	0.01849	0.01740	0.02056	0.01317	0.08234	0.02384	0.15439	0.02807	0.07187	0.21192	0.06918	0.01974	0.01075	0.00343	0.00752	0.20154	0.00789	0.00952
59	0.02012	0.06843	0.30546	0.02883	0.03858	0.06471	0.25857	0.02781	0.01940	0.02662	0.01590	0.02008	0.01196	0.00829	0.00999	0.00281	0.04852	0.00789	0.00404	0.01199
60	0.01995	0.18154	0.36501	0.02573	0.12196	0.02247	0.02547	0.02704	0.01884	0.05265	0.01953	0.02177	0.04396	0.00885	0.00787	0.00255	0.01106	0.00697	0.00432	0.01246
61	0.02159	0.02062	0.03458	0.05166	0.60666	0.02078	0.02609	0.02780	0.05155	0.02892	0.01741	0.02216	0.01449	0.00799	0.00865	0.00261	0.01018	0.00788	0.00456	0.01382
62	0.02004	0.03221	0.29556	0.03282	0.10555	0.02142	0.27719	0.05657	0.02062	0.02921	0.01685	0.02107	0.01247	0.00794	0.00921	0.00281	0.01323	0.00831	0.00431	0.01261
63	0.02125	0.02353	0.07172	0.07338	0.16762	0.02188	0.39125	0.06526	0.02150	0.02949	0.01740	0.02272	0.01327	0.00776	0.00967	0.00284	0.01323	0.00930	0.00461	0.01233
64	0.01892	0.03293	0.33466	0.06203	0.11132	0.02122	0.19340	0.02691	0.01881	0.02711	0.01601	0.02052	0.01205	0.00846	0.01030	0.00287	0.05834	0.00784	0.00398	0.01230
65	0.01058	0.00777	0.00994	0.01167	0.01253	0.00713	0.00789	0.01220	0.01716	0.02245	0.05387	0.60099	0.14072	0.02658	0.01102	0.00346	0.00497	0.02388	0.00810	0.00713
66	0.02778	0.11032	0.02597	0.01996	0.02478	0.32544	0.01581	0.10754	0.12179	0.02793	0.01841	0.02033	0.01491	0.01354	0.05243	0.00323	0.04610	0.00683	0.00564	0.01126
67	0.02623	0.06896	0.02293	0.06257	0.02563	0.18017	0.01488	0.12369	0.17091	0.08914	0.02940	0.05672	0.06771	0.01178	0.00857	0.00265	0.00979	0.00921	0.00716	0.01189
68	0.01218	0.01056	0.04122	0.01261	0.01458	0.00904	0.00958	0.01645	0.06056	0.02716	0.21417	0.40198	0.09195	0.02240	0.01056	0.00321	0.00525	0.02001	0.00837	0.00816
69	0.10672	0.01701	0.02668	0.17267	0.19536	0.01812	0.09782	0.05194	0.01949	0.03040	0.01862	0.02361	0.01458	0.00859	0.00797	0.00261	0.00944	0.00783	0.15960	0.01096
70	0.02122	0.01848	0.01773	0.08825	0.02297	0.12767	0.01293	0.09676	0.08548	0.03015	0.02546	0.02993	0.04253	0.04836	0.05479	0.00358	0.03717	0.00849	0.21811	0.00993
71	0.02462	0.02560	0.03276	0.11133	0.31278	0.18619	0.09286	0.02928	0.02119	0.05648	0.01659	0.02089	0.01322	0.00830	0.00865	0.00258	0.01228	0.00756	0.00465	0.01219
72	0.01869	0.01761	0.02975	0.35177	0.32420	0.01949	0.02484	0.02412	0.01870	0.02535	0.01760	0.02660	0.01474	0.00912	0.00886	0.00282	0.01085	0.03907	0.00431	0.01150
73	0.02828	0.02135	0.02093	0.01799	0.02343	0.11124	0.01415	0.07455	0.35477	0.18858	0.03127	0.02878	0.02250	0.01109	0.00870	0.00277	0.00845	0.00887	0.00872	0.01359
74	0.02066	0.07280	0.01931	0.01585	0.01930	0.15455	0.01214	0.10511	0.06493	0.03013	0.15537	0.22105	0.04097	0.01639	0.00932	0.00279	0.00828	0.01378	0.00743	0.00985
75	0.03073	0.03435	0.02303	0.02045	0.02523	0.46977	0.01559	0.08831	0.05862	0.06722	0.02269	0.02345	0.06228	0.01044	0.00825	0.00241	0.01322	0.00728	0.00584	0.01086
76	0.01335	0.01150	0.01854	0.05245	0.02125	0.01122	0.11261	0.01731	0.04986	0.02381	0.04190	0.42915	0.08207	0.05667	0.01243	0.00359	0.00732	0.01951	0.00712	0.00832
77	0.02713	0.32485	0.07436	0.01625	0.02328	0.02462	0.01521	0.07391	0.07610	0.19388	0.02293	0.05416	0.01796	0.01002	0.00744	0.00239	0.00864	0.00760	0.00668	0.01259
78	0.01909	0.01919	0.03589	0.25703	0.23571	0.02016	0.19581	0.02502	0.01895	0.02580	0.01682	0.02338	0.01331	0.01093	0.04249	0.00339	0.01274	0.00859	0.00421	0.01150
79	0.01077	0.00781	0.01003	0.01165	0.01242	0.00723	0.00782	0.01239	0.01712	0.02264	0.07496	0.57298	0.11172	0.06059	0.01273	0.00371	0.00514	0.02320	0.00802	0.00707
80	0.02009	0.02053	0.06536	0.02706	0.03367	0.01909	0.30152	0.09305	0.06375	0.03108	0.02728	0.04494	0.02476	0.01284	0.01042	0.00320	0.01160	0.17231	0.00621	0.01125
81	0.02148	0.18465	0.42441	0.02167	0.03249	0.02341	0.02588	0.07418	0.02049	0.07030	0.01658	0.01841	0.01210	0.00845	0.00777	0.00255	0.01148	0.00632	0.00458	0.01281
82	0.01222	0.00873	0.01195	0.01397	0.01517	0.00846	0.01087	0.01490	0.01827	0.02405	0.04720	0.41374	0.05421	0.02583	0.01156	0.00376	0.00644	0.28308	0.00807	0.00753
83	0.02695	0.01730	0.02676	0.19221	0.15291	0.01776	0.05897	0.08553	0.02292	0.23749	0.02338	0.02538	0.01637	0.00938	0.00869	0.00271	0.00960	0.00830	0.04462	0.01277
84	0.01805	0.01681	0.02820	0.32652	0.29874	0.01852	0.02352	0.02317	0.01854	0.02510	0.01997	0.07863	0.01810	0.01055	0.00904	0.00288	0.01040	0.03752	0.00460	0.01115
85	0.02036	0.01965	0.03441	0.07236	0.41547	0.01973	0.11894	0.02679	0.05083	0.02827	0.02089	0.03116	0.01836	0.00979	0.00930	0.00284	0.01069	0.07254	0.00496	0.01265
86	0.01337	0.00876	0.01113	0.01113	0.01223	0.00943	0.00785	0.01557	0.01447	0.02172	0.02594	0.04205	0.02547	0.27798	0.29723	0.00942	0.01384	0.01028	0.16516	0.00697
87	0.01953	0.01835	0.03060	0.38050	0.19376	0.02062	0.08261	0.06525	0.05177	0.02733	0.01736	0.02321	0.01332	0.00864	0.00887	0.00282	0.01125	0.00813	0.00463	0.01146
88	0.01827	0.15051	0.48320	0.02237	0.03314	0.02230	0.02742	0.02645	0.01839	0.02651	0.04797	0.02021	0.01491	0.00901	0.00896	0.00266	0.04482	0.00671	0.00401	0.01219
89	0.01767	0.01256	0.01604	0.04146	0.02048	0.01316	0.01411	0.12088	0.02343	0.03158	0.03889	0.07563	0.03986	0.01978	0.01076	0.00354	0.00805	0.40304	0.07980	0.00928
90	0.01810	0.09559	0.57283	0.02464	0.03691	0.02147	0.05780	0.02752	0.01846	0.02708	0.01547	0.01831	0.01116	0.00818	0.00817	0.00270	0.01270	0.00649	0.00372	0.01270
91	0.01976	0.02621	0.14070	0.10931	0.04384	0.05088	0.39321	0.02689	0.01990	0.02667	0.01813	0.04964	0.01443	0.00856	0.00971	0.00290	0.01370	0.00975	0.00439	0.01143
92	0.01234	0.00885	0.01151	0.01119	0.01298	0.00826	0.00828	0.01595	0.02298	0.03227	0.51822	0.10780	0.07508	0.07200	0.01312	0.00331	0.00471	0.04415	0.00908	0.00791
93	0.01168	0.00889	0.01074	0.01028	0.01263	0.00795	0.00771	0.01518	0.02313	0.03127	0.45689	0.07127	0.26216	0.01922	0.01029	0.00281	0.00421	0.01663	0.00911	0.00795
94	0.01423	0.01174	0.01503	0.01769	0.08904	0.01151	0.01233	0.02005	0.09307	0.02644	0.05746	0.11424	0.26491	0.02014	0.01054	0.00328	0.00661	0.19486	0.00773	0.00910
95	0.01775	0.06643	0.50222	0.02377	0.03491	0.02009	0.06611	0.02766	0.05003	0.02839	0.06540	0.02297	0.01761	0.00913	0.00849	0.00275	0.01186	0.00753	0.00447	0.01243
96	0.02292	0.65415	0.08677	0.01560	0.02344	0.03354	0.01610	0.02622	0.01777	0.02101	0.01237	0.01429	0.01118	0.00752	0.00578	0.00193	0.00957	0.00479	0.00373	0.01131
97	0.01750	0.01881	0.07688	0.50668	0.16569	0.01970	0.02533	0.02354	0.01797	0.02386	0.01568	0.02257	0.01199	0.00851	0.00867	0.00284	0.01149	0.00765	0.00394	0.01071
98	0.01645	0.02574	0.26285	0.02444	0.10806	0.01603	0.05374	0.02382	0.04780	0.02795	0.08519	0.09957	0.05847	0.01397	0.00958	0.00303	0.00972	0.09668	0.00586	0.01104
99	0.01863	0.04382	0.57805	0.02530	0.03744	0.06188	0.05978	0.02811	0.01893	0.02723	0.01561	0.01850	0.01117	0.00829	0.00836	0.00274	0.01317	0.00658	0.00377	0.01265
100	0.02046	0.02324	0.08366	0.09281	0.28581	0.02119	0.28780	0.02700	0.01990	0.02770	0.01684	0.02238	0.01319	0.00769	0.00936	0.00278	0.01259	0.00881	0.00428	0.01251
101	0.01773	0.08146	0.47690	0.02527	0.06651	0.02014	0.06700	0.02624	0.01879	0.02729	0.04479	0.05394	0.01684	0.00951	0.00850	0.00274	0.01187	0.00798	0.00425	0.01226
102	0.02214	0.01902	0.05829	0.12037	0.28280	0.04220	0.02074	0.02664	0.01968	0.11951	0.02281	0.09946	0.01977	0.01114	0.00973	0.00279	0.04102	0.00973	0.04016	0.01198
103	0.01300	0.00981	0.01532	0.01502	0.01686	0.00909	0.07797	0.01531	0.01764	0.04987	0.04560	0.55721	0.07473	0.02407	0.01090	0.00341	0.00626	0.02216	0.00779	0.00798
104	0.01809	0.01716	0.02906	0.44380	0.04995	0.02029	0.10734	0.06071	0.01902	0.02512	0.01751	0.05766	0.01447	0.01021	0.01088	0.00301	0.07204	0.00901	0.00449	0.01018
105	0.02080	0.02268	0.11179	0.11214	0.12275	0.01928	0.28369	0.02717	0.01994	0.08488	0.02095	0.07552	0.01714	0.00959	0.00955	0.00289	0.01207	0.01017	0.00514	0.01185
106	0.01799	0.02184	0.10761	0.03170	0.11287	0.01812	0.32479	0.02400	0.01932	0.02663	0.02450	0.18079	0.02364	0.01227	0.01005	0.00302	0.01165	0.01298	0.00519	0.01104
107	0.01594	0.02077	0.14477	0.08259	0.03291	0.01581	0.21500	0.02152	0.01855	0.02535	0.02880	0.25251	0.02958	0.01525	0.01015	0.00316	0.01049	0.04121	0.00565	0.01002

[dist]
# distance from previous block
# <min> <max>
0	4

[block]
# block no. 6 follows, 20 sequences, length 40
# corresponding to MSA columns:
# 697-710,715-740
name=unknown_G
#
# <colnr> <probs for GDERKNQSTAVLIFYWHMCP>
#	G	D	E	R	K	N	Q	S	T	A	V	L	I	F	Y	W	H	M	C	P
0	0.02369	0.02229	0.13873	0.10356	0.05911	0.05801	0.05417	0.03052	0.07022	0.18703	0.06001	0.08567	0.02465	0.01194	0.00911	0.00286	0.00969	0.02985	0.00695	0.01194
1	0.01789	0.03359	0.38726	0.12942	0.13687	0.01974	0.06662	0.02601	0.01856	0.02673	0.01731	0.04945	0.01378	0.00905	0.00867	0.00280	0.01207	0.00792	0.00406	0.01222
2	0.02281	0.01647	0.02365	0.22000	0.10431	0.05118	0.04180	0.02705	0.02061	0.17837	0.07581	0.07310	0.05566	0.01197	0.00991	0.00285	0.03637	0.01028	0.00665	0.01114
3	0.02023	0.13488	0.06617	0.22944	0.13746	0.09786	0.02004	0.02567	0.04722	0.02431	0.05332	0.02531	0.01802	0.05280	0.01044	0.00294	0.01073	0.00779	0.00465	0.01070
4	0.03756	0.01499	0.01998	0.01542	0.02200	0.01320	0.01270	0.06610	0.02544	0.59081	0.03628	0.03178	0.04925	0.01130	0.00884	0.00271	0.00738	0.00917	0.01058	0.01450
5	0.03766	0.01452	0.01977	0.01527	0.02176	0.01257	0.01257	0.04107	0.02495	0.61141	0.06752	0.03165	0.02494	0.01118	0.00886	0.00270	0.00724	0.00916	0.01073	0.01448
6	0.01763	0.01483	0.01605	0.01499	0.01877	0.01630	0.01143	0.03386	0.39359	0.03269	0.11194	0.12269	0.12706	0.01589	0.00952	0.00300	0.00600	0.01359	0.00875	0.01142
7	0.02160	0.02061	0.03447	0.05141	0.60242	0.02078	0.02600	0.02793	0.05570	0.02897	0.01754	0.02224	0.01458	0.00801	0.00865	0.00261	0.01016	0.00790	0.00459	0.01382
8	0.01075	0.00842	0.00978	0.01064	0.01254	0.00745	0.00770	0.01290	0.01892	0.02383	0.10050	0.31863	0.34795	0.02400	0.01072	0.00323	0.00485	0.05168	0.00818	0.00734
9	0.02059	0.02353	0.05147	0.03676	0.04559	0.02206	0.60735	0.02794	0.02059	0.02794	0.01765	0.02353	0.01324	0.00735	0.01029	0.00294	0.01471	0.01029	0.00441	0.01176
10	0.03721	0.01793	0.02215	0.01698	0.02381	0.01740	0.01403	0.22518	0.03013	0.45510	0.03008	0.02687	0.01942	0.01069	0.00876	0.00267	0.00812	0.00848	0.01013	0.01484
11	0.01499	0.00768	0.01152	0.01152	0.01161	0.00777	0.00777	0.01161	0.01152	0.01545	0.01564	0.02698	0.01555	0.03239	0.07120	0.70272	0.00851	0.00768	0.00384	0.00403
12	0.01515	0.00758	0.01136	0.01136	0.01136	0.00758	0.00758	0.01136	0.01136	0.01515	0.01515	0.02652	0.01515	0.03030	0.03409	0.74621	0.00758	0.00758	0.00379	0.00379
13	0.01647	0.01550	0.02616	0.67248	0.06008	0.01938	0.02422	0.02229	0.01744	0.02229	0.01550	0.02326	0.01163	0.00872	0.00872	0.00291	0.01163	0.00775	0.00388	0.00969
14	0.75506	0.01687	0.01282	0.01147	0.01687	0.01957	0.00945	0.02564	0.01484	0.03914	0.01215	0.01417	0.00945	0.00810	0.00540	0.00270	0.00675	0.00472	0.00540	0.00945
15	0.01981	0.01432	0.01491	0.01362	0.01737	0.01597	0.01054	0.05991	0.33131	0.03556	0.03176	0.03202	0.02423	0.01104	0.00765	0.00254	0.00577	0.00901	0.33131	0.01136
16	0.01304	0.00929	0.01209	0.01368	0.01529	0.00916	0.01077	0.01696	0.04677	0.02542	0.04736	0.31886	0.08065	0.02368	0.01103	0.00358	0.00635	0.26755	0.06055	0.00791
17	0.01235	0.00892	0.01166	0.01097	0.01303	0.00823	0.00823	0.01646	0.02469	0.03498	0.63443	0.06516	0.08230	0.01783	0.01029	0.00274	0.00412	0.01578	0.00960	0.00823
18	0.01647	0.01550	0.02616	0.67248	0.06008	0.01938	0.02422	0.02229	0.01744	0.02229	0.01550	0.02326	0.01163	0.00872	0.00872	0.00291	0.01163	0.00775	0.00388	0.00969
19	0.01886	0.01792	0.03102	0.34577	0.29456	0.01966	0.06620	0.02445	0.01869	0.02566	0.01656	0.02297	0.01308	0.00829	0.00869	0.00274	0.01102	0.00796	0.03442	0.01147
20	0.62307	0.01670	0.01553	0.01318	0.01870	0.01869	0.04852	0.02652	0.01602	0.07465	0.01475	0.01673	0.01114	0.00833	0.00596	0.00268	0.00716	0.00552	0.04630	0.00985
21	0.01157	0.00844	0.01096	0.01238	0.01356	0.00780	0.00875	0.01348	0.01713	0.02285	0.04680	0.51377	0.07994	0.06219	0.01278	0.00372	0.00567	0.09260	0.00777	0.04784
