[name]
unknown

[dist]
# distance from previous block
# <min> <max>
0	33

[block]
# block no. 0 follows, 25 sequences, length 43
# corresponding to MSA columns:
# 39-81
name=unknown_A
#
# <colnr> <probs for GDERKNQSTAVLIFYWHMCP>
#	G	D	E	R	K	N	Q	S	T	A	V	L	I	F	Y	W	H	M	C	P
0	0.01249	0.00892	0.01249	0.01428	0.01606	0.00892	0.01249	0.01606	0.01785	0.02320	0.04105	0.08746	0.04462	0.02142	0.01071	0.00357	0.00714	0.62695	0.00714	0.00714
1	0.01128	0.00752	0.00846	0.00846	0.00846	0.00752	0.00470	0.01128	0.01128	0.01503	0.02443	0.05074	0.02819	0.72751	0.03946	0.00752	0.00752	0.01128	0.00470	0.00470
2	0.02903	0.03491	0.02215	0.01969	0.02398	0.60630	0.01495	0.11434	0.02391	0.02298	0.01287	0.01460	0.01042	0.00817	0.00709	0.00204	0.01325	0.00526	0.00450	0.00955
3	0.00945	0.00675	0.00900	0.01080	0.01125	0.00630	0.00720	0.01080	0.01484	0.01979	0.04274	0.72245	0.05128	0.02429	0.00990	0.00315	0.00450	0.02204	0.00720	0.00630
4	0.01377	0.00906	0.01225	0.01335	0.01552	0.00874	0.01143	0.01702	0.01806	0.07569	0.04472	0.10493	0.11764	0.02037	0.01026	0.00335	0.00662	0.48236	0.00735	0.00752
5	0.06333	0.02077	0.02200	0.01723	0.02314	0.02314	0.01413	0.54751	0.11380	0.04616	0.01987	0.01962	0.01427	0.00936	0.00764	0.00237	0.00811	0.00707	0.00764	0.01285
6	0.08923	0.03439	0.02120	0.01908	0.02326	0.60648	0.01444	0.06326	0.02204	0.02182	0.01224	0.01412	0.01003	0.00800	0.00686	0.00205	0.01306	0.00504	0.00426	0.00916
7	0.01445	0.00723	0.00723	0.00723	0.00903	0.00723	0.00542	0.01807	0.01626	0.02891	0.02529	0.02891	0.01987	0.00903	0.00542	0.00181	0.00361	0.00723	0.77055	0.00723
8	0.01434	0.00724	0.00727	0.00727	0.00901	0.00724	0.00539	0.01782	0.01608	0.02840	0.02526	0.02970	0.02018	0.03515	0.00666	0.00201	0.00376	0.00737	0.74271	0.00713
9	0.02744	0.02355	0.02146	0.01765	0.02296	0.17123	0.01408	0.35058	0.16838	0.07235	0.02058	0.02023	0.01506	0.00929	0.00762	0.00232	0.00912	0.00697	0.00705	0.01206
10	0.01347	0.00673	0.01010	0.01010	0.01010	0.00673	0.00673	0.01010	0.01010	0.01347	0.01347	0.02357	0.01347	0.02694	0.03030	0.77441	0.00673	0.00673	0.00337	0.00337
11	0.01070	0.00779	0.00984	0.00953	0.01116	0.00718	0.00693	0.01368	0.01998	0.02773	0.50688	0.11201	0.12551	0.08249	0.01200	0.00298	0.00411	0.01464	0.00795	0.00692
12	0.02803	0.01981	0.02139	0.01665	0.02240	0.02174	0.01367	0.53551	0.06733	0.08210	0.02051	0.02042	0.01461	0.00937	0.00758	0.00231	0.00790	0.00714	0.06886	0.01266
13	0.01967	0.02057	0.05949	0.04468	0.60838	0.06245	0.02343	0.02429	0.01788	0.02488	0.01439	0.01873	0.01203	0.00700	0.00762	0.00229	0.00962	0.00673	0.00382	0.01203
14	0.00957	0.00749	0.00827	0.00878	0.01038	0.00663	0.00608	0.01106	0.01588	0.01970	0.05996	0.25509	0.39778	0.13089	0.01408	0.00353	0.00465	0.01719	0.00681	0.00619
15	0.01801	0.02034	0.04395	0.08675	0.04155	0.01942	0.60065	0.02443	0.01808	0.02443	0.01553	0.02090	0.01165	0.00663	0.00904	0.00261	0.01285	0.00897	0.00388	0.01031
16	0.01686	0.03098	0.38217	0.02713	0.03687	0.01877	0.32466	0.02469	0.01729	0.02469	0.01476	0.01853	0.01075	0.00697	0.00821	0.00253	0.01223	0.00736	0.00358	0.01098
17	0.01617	0.01408	0.01733	0.01238	0.01931	0.01073	0.03624	0.01975	0.01617	0.02525	0.01386	0.01628	0.01150	0.00578	0.00589	0.00121	0.00605	0.00479	0.00457	0.74269
18	0.01006	0.00782	0.00909	0.00945	0.01137	0.00699	0.00709	0.01236	0.01781	0.02275	0.18335	0.16499	0.36036	0.05493	0.01095	0.00302	0.00452	0.08912	0.00733	0.00664
19	0.01464	0.01378	0.02326	0.70887	0.05340	0.01723	0.02153	0.01981	0.01550	0.01981	0.01378	0.02067	0.01034	0.00775	0.00775	0.00258	0.01034	0.00689	0.00345	0.00861
20	0.01901	0.01824	0.03115	0.07353	0.65459	0.01838	0.02371	0.02364	0.01757	0.02511	0.01455	0.01925	0.01221	0.00694	0.00768	0.00231	0.00926	0.00691	0.00382	0.01214
21	0.01175	0.00808	0.01052	0.00988	0.01184	0.00741	0.00742	0.01525	0.02156	0.05491	0.60788	0.08107	0.09088	0.01605	0.00912	0.00247	0.00381	0.01415	0.00848	0.00747
22	0.02006	0.01827	0.01789	0.01611	0.02047	0.07326	0.01249	0.04038	0.61386	0.03136	0.03000	0.02774	0.02258	0.01032	0.00782	0.00258	0.00676	0.00847	0.00758	0.01201
23	0.01026	0.00790	0.00937	0.00900	0.01115	0.00701	0.00675	0.01325	0.02026	0.02709	0.43965	0.06451	0.31106	0.01735	0.00915	0.00251	0.00376	0.01495	0.00801	0.00701
24	0.00945	0.00675	0.00900	0.01080	0.01125	0.00630	0.00720	0.01080	0.01484	0.01979	0.04274	0.72245	0.05128	0.02429	0.00990	0.00315	0.00450	0.02204	0.00720	0.00630
25	0.01121	0.00808	0.01070	0.01047	0.01229	0.00757	0.00813	0.01486	0.02130	0.02985	0.57544	0.06256	0.06868	0.01673	0.00939	0.00262	0.00421	0.11032	0.00832	0.00729
26	0.01080	0.00779	0.01021	0.00987	0.01155	0.00720	0.00730	0.01419	0.02114	0.02980	0.60279	0.13386	0.07066	0.01682	0.00923	0.00252	0.00375	0.01494	0.00838	0.00720
27	0.78228	0.01499	0.01140	0.01020	0.01499	0.01739	0.00840	0.02279	0.01320	0.03479	0.01080	0.01260	0.00840	0.00720	0.00480	0.00240	0.00600	0.00420	0.00480	0.00840
28	0.00953	0.00681	0.00907	0.01074	0.01126	0.00635	0.00720	0.01100	0.01522	0.02039	0.07621	0.68726	0.05244	0.02384	0.00986	0.00311	0.00445	0.02162	0.00727	0.00635
29	0.02073	0.73217	0.04063	0.01327	0.01990	0.03068	0.01327	0.02322	0.01575	0.01824	0.01078	0.01244	0.00995	0.00663	0.00498	0.00166	0.00829	0.00415	0.00332	0.00995
30	0.02158	0.02295	0.02915	0.04084	0.51892	0.18421	0.02164	0.02555	0.01871	0.02378	0.01395	0.01792	0.01172	0.00717	0.00751	0.00223	0.01038	0.00644	0.00388	0.01148
31	0.03350	0.01291	0.01758	0.01358	0.01935	0.01118	0.01118	0.03654	0.02218	0.64922	0.06540	0.02809	0.02211	0.00993	0.00787	0.00240	0.00644	0.00813	0.00954	0.01288
32	0.78228	0.01499	0.01140	0.01020	0.01499	0.01739	0.00840	0.02279	0.01320	0.03479	0.01080	0.01260	0.00840	0.00720	0.00480	0.00240	0.00600	0.00420	0.00480	0.00840
33	0.01919	0.01842	0.03147	0.04759	0.67914	0.01842	0.02380	0.02380	0.01765	0.02533	0.01458	0.01919	0.01228	0.00691	0.00768	0.00230	0.00921	0.00691	0.00384	0.01228
34	0.01929	0.01666	0.01753	0.01578	0.02016	0.01929	0.01227	0.04120	0.66513	0.03243	0.03156	0.02893	0.02367	0.01052	0.00789	0.00263	0.00614	0.00877	0.00789	0.01227
35	0.02695	0.01951	0.02095	0.01644	0.02191	0.02147	0.01343	0.55740	0.03334	0.04537	0.02056	0.05762	0.01589	0.01009	0.00765	0.00232	0.00784	0.00782	0.08120	0.01224
36	0.02398	0.01712	0.01836	0.01495	0.01985	0.01872	0.01206	0.35468	0.16515	0.07210	0.02687	0.02639	0.05979	0.01021	0.00752	0.00234	0.00688	0.00805	0.12332	0.01166
37	0.00973	0.00780	0.00869	0.00862	0.01086	0.00676	0.00641	0.01217	0.01879	0.02395	0.25706	0.11165	0.45265	0.01879	0.00921	0.00260	0.00388	0.01602	0.00760	0.00676
38	0.01508	0.01422	0.02404	0.64599	0.11291	0.01734	0.02175	0.02019	0.01571	0.02034	0.01386	0.02053	0.01052	0.00767	0.00774	0.00256	0.01023	0.00689	0.00348	0.00896
39	0.70407	0.01536	0.01243	0.01083	0.01577	0.01759	0.00893	0.06434	0.01506	0.06117	0.01208	0.01353	0.00913	0.00743	0.00511	0.00239	0.00619	0.00452	0.00518	0.00890
40	0.01173	0.00864	0.01146	0.01289	0.01480	0.00837	0.01101	0.01491	0.01771	0.02264	0.04853	0.10593	0.16978	0.02116	0.01038	0.00337	0.00642	0.48611	0.00715	0.00699
41	0.01044	0.00749	0.00971	0.01115	0.01188	0.00718	0.00757	0.04270	0.01592	0.02124	0.04154	0.68749	0.04939	0.02355	0.00979	0.00311	0.00470	0.02129	0.00723	0.00664
42	0.08191	0.01528	0.02471	0.45018	0.23813	0.01760	0.02109	0.02126	0.01595	0.02276	0.01377	0.01953	0.01075	0.00745	0.00748	0.00248	0.00963	0.00666	0.00368	0.00970

[dist]
# distance from previous block
# <min> <max>
0	4

[block]
# block no. 1 follows, 25 sequences, length 159
# corresponding to MSA columns:
# 89-247
name=unknown_B
#
# <colnr> <probs for GDERKNQSTAVLIFYWHMCP>
#	G	D	E	R	K	N	Q	S	T	A	V	L	I	F	Y	W	H	M	C	P
0	0.29672	0.01174	0.01304	0.05183	0.04797	0.01241	0.00961	0.02001	0.01817	0.07791	0.31572	0.03504	0.03902	0.01133	0.00730	0.00242	0.00537	0.00922	0.00672	0.00844
1	0.01783	0.34440	0.40298	0.01822	0.02755	0.02358	0.02188	0.02397	0.01610	0.02178	0.01254	0.01464	0.00988	0.00704	0.00632	0.00211	0.01007	0.00503	0.00329	0.01080
2	0.04753	0.01154	0.01425	0.01245	0.01617	0.01116	0.00980	0.04666	0.10810	0.22551	0.22843	0.11132	0.04005	0.01350	0.00840	0.00253	0.00545	0.04029	0.00825	0.03861
3	0.66857	0.01532	0.01276	0.03907	0.01725	0.01777	0.00944	0.04792	0.06044	0.03455	0.01269	0.01431	0.00974	0.00754	0.00525	0.00242	0.00628	0.00474	0.00508	0.00886
4	0.01725	0.01447	0.01671	0.01204	0.01887	0.01153	0.00967	0.07486	0.01786	0.02733	0.01420	0.01630	0.01163	0.00605	0.00592	0.00125	0.00599	0.00480	0.00487	0.70840
5	0.01889	0.01624	0.01719	0.01549	0.01976	0.01872	0.01204	0.03995	0.63477	0.03237	0.06193	0.03030	0.02600	0.01077	0.00795	0.00262	0.00602	0.00901	0.00792	0.01204
6	0.06276	0.01656	0.02419	0.01981	0.02234	0.03793	0.13318	0.05523	0.01535	0.02273	0.01671	0.10824	0.01663	0.04623	0.01759	0.00317	0.33044	0.00910	0.00443	0.03738
7	0.69065	0.01636	0.04493	0.01117	0.01638	0.01740	0.00971	0.04389	0.01446	0.06078	0.01199	0.01353	0.00905	0.00737	0.00514	0.00240	0.00637	0.00451	0.00501	0.00889
8	0.01445	0.00723	0.00723	0.00723	0.00903	0.00723	0.00542	0.01807	0.01626	0.02891	0.02529	0.02891	0.01987	0.00903	0.00542	0.00181	0.00361	0.00723	0.77055	0.00723
9	0.01056	0.00791	0.00979	0.00932	0.01133	0.00714	0.00699	0.01383	0.02097	0.02877	0.53833	0.06175	0.21133	0.01672	0.00915	0.00248	0.00372	0.01456	0.00823	0.00714
10	0.01535	0.01475	0.02566	0.59552	0.11433	0.01751	0.06643	0.02056	0.01591	0.02071	0.01400	0.02054	0.01063	0.00758	0.00784	0.00256	0.01042	0.00705	0.00352	0.00911
11	0.02206	0.02286	0.01981	0.01768	0.02107	0.23538	0.01374	0.07847	0.25734	0.02620	0.02157	0.07061	0.01822	0.01111	0.01066	0.00257	0.12653	0.00804	0.00584	0.01024
12	0.01572	0.03896	0.64898	0.02273	0.03397	0.01810	0.06585	0.02457	0.01649	0.02457	0.01402	0.01664	0.00994	0.00732	0.00747	0.00246	0.01156	0.00593	0.00331	0.01140
13	0.00951	0.00679	0.00905	0.01075	0.01126	0.00634	0.00720	0.01095	0.01513	0.02025	0.06810	0.69579	0.05216	0.02395	0.00987	0.00312	0.00446	0.02172	0.00725	0.00634
14	0.01482	0.01397	0.02359	0.68237	0.07848	0.01727	0.02162	0.01997	0.01559	0.02003	0.01381	0.02061	0.01041	0.00772	0.00775	0.00257	0.01029	0.00689	0.00346	0.00876
15	0.01088	0.00784	0.01032	0.01015	0.01181	0.00729	0.00761	0.01424	0.02082	0.02922	0.55899	0.14183	0.06875	0.01723	0.00933	0.00259	0.00397	0.05166	0.00829	0.00718
16	0.01672	0.19565	0.54199	0.02011	0.03049	0.02086	0.02519	0.02425	0.01623	0.02314	0.01321	0.01549	0.00985	0.00720	0.00683	0.00228	0.01075	0.00537	0.00328	0.01112
17	0.02900	0.03587	0.02206	0.01982	0.02398	0.64866	0.01496	0.07513	0.02300	0.02110	0.01246	0.01431	0.01021	0.00808	0.00705	0.00202	0.01360	0.00513	0.00426	0.00929
18	0.01117	0.00793	0.01053	0.01053	0.01125	0.00864	0.00729	0.01261	0.01189	0.01657	0.02253	0.04023	0.02363	0.38069	0.38005	0.01008	0.01438	0.00974	0.00442	0.00585
19	0.01028	0.00797	0.01178	0.01230	0.01352	0.00743	0.05306	0.01227	0.01578	0.02103	0.08027	0.57427	0.07960	0.02218	0.00980	0.00306	0.00514	0.04652	0.00704	0.00670
20	0.01097	0.00793	0.01036	0.00975	0.01158	0.00732	0.00732	0.01463	0.02195	0.03109	0.67505	0.05792	0.07316	0.01585	0.00914	0.00244	0.00366	0.01402	0.00854	0.00732
21	0.02040	0.01957	0.01785	0.01626	0.02038	0.13665	0.01261	0.03742	0.50273	0.02960	0.04753	0.02999	0.02375	0.01076	0.00791	0.00256	0.00748	0.03805	0.00719	0.01131
22	0.00968	0.00697	0.00921	0.01083	0.01150	0.00650	0.00745	0.01129	0.01546	0.02057	0.07444	0.63122	0.07508	0.02355	0.00988	0.00312	0.00458	0.05502	0.00726	0.00640
23	0.00953	0.00681	0.00907	0.01074	0.01126	0.00635	0.00720	0.01101	0.01524	0.02042	0.07783	0.68556	0.05250	0.02382	0.00985	0.00311	0.00445	0.02160	0.00727	0.00635
24	0.02073	0.73217	0.04063	0.01327	0.01990	0.03068	0.01327	0.02322	0.01575	0.01824	0.01078	0.01244	0.00995	0.00663	0.00498	0.00166	0.00829	0.00415	0.00332	0.00995
25	0.01301	0.00885	0.01149	0.01128	0.01351	0.00841	0.00901	0.01721	0.04637	0.06760	0.40327	0.06374	0.10307	0.01698	0.00942	0.00275	0.00486	0.17330	0.00812	0.00777
26	0.78228	0.01499	0.01140	0.01020	0.01499	0.01739	0.00840	0.02279	0.01320	0.03479	0.01080	0.01260	0.00840	0.00720	0.00480	0.00240	0.00600	0.00420	0.00480	0.00840
27	0.78228	0.01499	0.01140	0.01020	0.01499	0.01739	0.00840	0.02279	0.01320	0.03479	0.01080	0.01260	0.00840	0.00720	0.00480	0.00240	0.00600	0.00420	0.00480	0.00840
28	0.20646	0.05237	0.02024	0.01512	0.02075	0.02108	0.01255	0.40104	0.02829	0.08224	0.05357	0.01956	0.01560	0.00906	0.00700	0.00232	0.00753	0.00663	0.00700	0.01158
29	0.02162	0.01372	0.04857	0.05240	0.02030	0.01112	0.01132	0.02574	0.04322	0.26160	0.06855	0.09070	0.04604	0.01037	0.00748	0.00212	0.00629	0.00874	0.00698	0.24314
30	0.01580	0.07277	0.65681	0.02168	0.03291	0.01861	0.02792	0.02449	0.01634	0.02426	0.01377	0.01618	0.00983	0.00733	0.00725	0.00242	0.01131	0.00565	0.00328	0.01139
31	0.07597	0.09003	0.01965	0.01411	0.01860	0.01841	0.01149	0.30073	0.05171	0.05441	0.14369	0.06127	0.02690	0.03883	0.00968	0.03145	0.00695	0.00880	0.00698	0.01034
32	0.01477	0.01404	0.02406	0.68468	0.05294	0.01731	0.04405	0.01999	0.01560	0.01999	0.01385	0.02068	0.01039	0.00771	0.00780	0.00259	0.01043	0.00697	0.00346	0.00868
33	0.64398	0.01685	0.05041	0.04512	0.01858	0.01794	0.01065	0.07195	0.01530	0.03460	0.01172	0.01366	0.00894	0.00740	0.00531	0.00241	0.00671	0.00463	0.00488	0.00895
34	0.04528	0.01426	0.01689	0.04168	0.01990	0.01477	0.01147	0.12508	0.18067	0.25759	0.07187	0.05554	0.02378	0.01061	0.00770	0.00243	0.00636	0.00873	0.07392	0.01146
35	0.01347	0.00673	0.01010	0.01010	0.01010	0.00673	0.00673	0.01010	0.01010	0.01347	0.01347	0.02357	0.01347	0.02694	0.03030	0.77441	0.00673	0.00673	0.00337	0.00337
36	0.01516	0.01409	0.02311	0.58878	0.09878	0.01708	0.02081	0.02115	0.05183	0.02109	0.01601	0.02390	0.01271	0.00843	0.00788	0.00261	0.00988	0.03379	0.00388	0.00904
37	0.04979	0.22068	0.35508	0.01959	0.02843	0.06170	0.07570	0.02527	0.01690	0.05960	0.01391	0.01597	0.01050	0.00725	0.00678	0.00222	0.01041	0.00561	0.00380	0.01080
38	0.01104	0.00877	0.01218	0.01273	0.01332	0.00991	0.00935	0.01276	0.01383	0.01921	0.03251	0.45279	0.03745	0.03009	0.16564	0.00527	0.12400	0.01648	0.00590	0.00679
39	0.01265	0.00864	0.01172	0.01149	0.01318	0.00975	0.00893	0.04245	0.01437	0.02184	0.02172	0.02959	0.01923	0.04474	0.50795	0.00957	0.01629	0.00800	0.18062	0.00726
40	0.62979	0.01558	0.01332	0.01138	0.01644	0.01758	0.00938	0.09419	0.01661	0.09623	0.01349	0.01454	0.00992	0.00765	0.00540	0.00239	0.00633	0.00484	0.00557	0.00937
41	0.01581	0.03857	0.64078	0.02391	0.07938	0.01804	0.02830	0.02450	0.01646	0.02461	0.01396	0.01657	0.01000	0.00733	0.00739	0.00244	0.01130	0.00581	0.00331	0.01152
42	0.03191	0.01256	0.01707	0.01331	0.01880	0.01090	0.01090	0.03499	0.02216	0.60549	0.10852	0.03020	0.02572	0.01035	0.00796	0.00240	0.00624	0.00855	0.00947	0.01248
43	0.01696	0.01696	0.02375	0.02036	0.02036	0.02375	0.01696	0.01866	0.01187	0.01866	0.01018	0.01696	0.01018	0.01357	0.02545	0.00339	0.71332	0.00679	0.00339	0.00848
44	0.69610	0.01479	0.01216	0.01061	0.01555	0.01670	0.00874	0.02452	0.01423	0.10969	0.01308	0.01419	0.00964	0.00747	0.00514	0.00240	0.00607	0.00461	0.00535	0.00895
45	0.00960	0.00782	0.00840	0.00835	0.01065	0.00672	0.00618	0.01180	0.01818	0.02267	0.19078	0.09485	0.51421	0.04287	0.01021	0.00277	0.00402	0.01595	0.00737	0.00662
46	0.00936	0.00786	0.00813	0.00807	0.01060	0.00663	0.00605	0.01152	0.01815	0.02207	0.14481	0.07276	0.60903	0.01922	0.00916	0.00260	0.00390	0.01610	0.00735	0.00663
47	0.01128	0.00752	0.00846	0.00846	0.00846	0.00752	0.00470	0.01128	0.01128	0.01503	0.02443	0.05074	0.02819	0.72751	0.03946	0.00752	0.00752	0.01128	0.00470	0.00470
48	0.01097	0.00793	0.01036	0.00975	0.01158	0.00732	0.00732	0.01463	0.02195	0.03109	0.67505	0.05792	0.07316	0.01585	0.00914	0.00244	0.00366	0.01402	0.00854	0.00732
49	0.01090	0.00786	0.01032	0.00998	0.01170	0.00729	0.00747	0.01438	0.02126	0.02996	0.60551	0.11089	0.07055	0.01669	0.00925	0.00253	0.00383	0.03400	0.00839	0.00723
50	0.02073	0.73217	0.04063	0.01327	0.01990	0.03068	0.01327	0.02322	0.01575	0.01824	0.01078	0.01244	0.00995	0.00663	0.00498	0.00166	0.00829	0.00415	0.00332	0.00995
51	0.02947	0.02172	0.02327	0.01784	0.02404	0.02404	0.01474	0.65329	0.03646	0.04887	0.01862	0.01862	0.01319	0.00931	0.00776	0.00233	0.00853	0.00698	0.00776	0.01319
52	0.05354	0.02040	0.02166	0.01678	0.02261	0.02255	0.01382	0.58417	0.03415	0.04689	0.01886	0.01919	0.01353	0.00922	0.00748	0.00229	0.00808	0.00691	0.06531	0.01258
53	0.02073	0.73217	0.04063	0.01327	0.01990	0.03068	0.01327	0.02322	0.01575	0.01824	0.01078	0.01244	0.00995	0.00663	0.00498	0.00166	0.00829	0.00415	0.00332	0.00995
54	0.06005	0.01530	0.05461	0.55449	0.07832	0.01692	0.02052	0.02168	0.01599	0.06834	0.01485	0.02034	0.01092	0.00779	0.00756	0.00254	0.00982	0.00675	0.00397	0.00924
55	0.01882	0.01966	0.04122	0.02976	0.03695	0.01858	0.54936	0.02471	0.01809	0.06108	0.01704	0.04170	0.01328	0.00747	0.00959	0.00260	0.03878	0.00920	0.00434	0.03776
56	0.01457	0.01362	0.02290	0.68562	0.05215	0.01695	0.02123	0.01969	0.01558	0.01992	0.01469	0.02291	0.01148	0.00821	0.00785	0.00262	0.01023	0.02764	0.00357	0.00856
57	0.01053	0.00811	0.00984	0.01063	0.01263	0.00742	0.00850	0.01313	0.01777	0.02248	0.11258	0.15490	0.32693	0.02049	0.00979	0.00300	0.00510	0.23207	0.00729	0.00679
58	0.01804	0.01710	0.02905	0.11817	0.46455	0.01705	0.06582	0.02240	0.01698	0.02417	0.01444	0.01933	0.01198	0.00767	0.00850	0.03339	0.00915	0.00682	0.00386	0.09154
59	0.01555	0.04011	0.68733	0.02210	0.03356	0.01801	0.02865	0.02455	0.01637	0.02455	0.01391	0.01637	0.00982	0.00737	0.00737	0.00246	0.01146	0.00573	0.00327	0.01146
60	0.01928	0.00976	0.01302	0.01116	0.01445	0.00874	0.00874	0.02271	0.02203	0.25897	0.45030	0.04692	0.05434	0.01367	0.00867	0.00242	0.00468	0.01185	0.00891	0.00937
61	0.01761	0.01681	0.02862	0.27679	0.46226	0.01801	0.02301	0.02241	0.01691	0.02342	0.01431	0.01970	0.01161	0.00720	0.00770	0.00240	0.00960	0.00690	0.00370	0.01101
62	0.06035	0.17246	0.49851	0.02066	0.05402	0.02045	0.02432	0.02417	0.01612	0.02394	0.01315	0.01550	0.00986	0.00720	0.00677	0.00229	0.01045	0.00538	0.00339	0.01102
63	0.01098	0.00960	0.04770	0.01104	0.01300	0.00798	0.00864	0.01476	0.04283	0.02664	0.38276	0.29813	0.05979	0.01828	0.00928	0.00271	0.00449	0.01631	0.00773	0.00736
64	0.00962	0.00687	0.00919	0.01099	0.01151	0.00644	0.00749	0.01109	0.01501	0.01998	0.04264	0.68720	0.05091	0.02413	0.00994	0.00317	0.00465	0.05562	0.00719	0.00634
65	0.02279	0.01432	0.04316	0.01405	0.01852	0.01372	0.01163	0.05213	0.19900	0.26392	0.19313	0.03408	0.03323	0.01151	0.00886	0.00251	0.03449	0.00950	0.00829	0.01118
66	0.01943	0.54400	0.16784	0.01552	0.02264	0.02767	0.01658	0.02316	0.01560	0.01953	0.01136	0.01354	0.00994	0.00727	0.00690	0.00194	0.05896	0.00465	0.00331	0.01015
67	0.01000	0.00722	0.00956	0.01112	0.01198	0.00678	0.00797	0.01186	0.01588	0.02104	0.08046	0.54843	0.08615	0.02310	0.00994	0.00315	0.00484	0.11675	0.00726	0.00650
68	0.00945	0.00675	0.00900	0.01080	0.01125	0.00630	0.00720	0.01080	0.01484	0.01979	0.04274	0.72245	0.05128	0.02429	0.00990	0.00315	0.00450	0.02204	0.00720	0.00630
69	0.01835	0.01757	0.03037	0.09036	0.55220	0.01773	0.05855	0.02303	0.01756	0.02477	0.01647	0.02424	0.01441	0.00798	0.00798	0.00243	0.00936	0.05104	0.00405	0.01156
70	0.01754	0.02363	0.15800	0.02835	0.03532	0.02013	0.41414	0.02358	0.01670	0.02358	0.01429	0.01932	0.01110	0.00806	0.01201	0.00274	0.14950	0.00807	0.00370	0.01025
71	0.01754	0.01398	0.01640	0.01180	0.01862	0.01080	0.00948	0.03936	0.01703	0.06350	0.01488	0.01674	0.01197	0.00607	0.00592	0.00125	0.00587	0.00485	0.00497	0.70894
72	0.01451	0.01355	0.02273	0.64061	0.07598	0.01662	0.02077	0.01943	0.01555	0.02003	0.01554	0.06257	0.01286	0.00871	0.00788	0.00261	0.00994	0.00780	0.00369	0.00862
73	0.01097	0.00793	0.01036	0.00975	0.01158	0.00732	0.00732	0.01463	0.02195	0.03109	0.67505	0.05792	0.07316	0.01585	0.00914	0.00244	0.00366	0.01402	0.00854	0.00732
74	0.03453	0.01361	0.01825	0.01399	0.02000	0.01201	0.01156	0.06773	0.02289	0.65359	0.03001	0.02601	0.01890	0.00958	0.00780	0.00240	0.00669	0.00776	0.00951	0.01319
75	0.70158	0.01487	0.01264	0.08365	0.01903	0.01738	0.00978	0.02248	0.01344	0.03321	0.01111	0.01344	0.00860	0.00726	0.00511	0.00242	0.00645	0.00448	0.00466	0.00842
76	0.01919	0.01842	0.03147	0.04759	0.67914	0.01842	0.02380	0.02380	0.01765	0.02533	0.01458	0.01919	0.01228	0.00691	0.00768	0.00230	0.00921	0.00691	0.00384	0.01228
77	0.01608	0.01378	0.01608	0.01148	0.01837	0.01034	0.00919	0.01952	0.01608	0.02527	0.01378	0.01608	0.01148	0.00574	0.00574	0.00115	0.00574	0.00459	0.00459	0.77491
78	0.00951	0.00708	0.00887	0.01009	0.01111	0.00643	0.00693	0.01118	0.01601	0.02095	0.10126	0.53280	0.18423	0.02263	0.00968	0.00298	0.00431	0.02020	0.00731	0.00643
79	0.00945	0.00675	0.00900	0.01080	0.01125	0.00630	0.00720	0.01080	0.01484	0.01979	0.04274	0.72245	0.05128	0.02429	0.00990	0.00315	0.00450	0.02204	0.00720	0.00630
80	0.01089	0.00786	0.01029	0.00981	0.01156	0.00726	0.00731	0.01441	0.02154	0.03045	0.63905	0.09576	0.07191	0.01633	0.00919	0.00248	0.00371	0.01448	0.00846	0.00726
81	0.00943	0.00683	0.00892	0.01059	0.01119	0.00632	0.00710	0.01082	0.01505	0.01987	0.04528	0.67647	0.09562	0.02396	0.00984	0.00311	0.00446	0.02164	0.00720	0.00632
82	0.03479	0.01320	0.01799	0.01380	0.01979	0.01140	0.01140	0.03779	0.02219	0.68451	0.03059	0.02639	0.01919	0.00960	0.00780	0.00240	0.00660	0.00780	0.00960	0.01320
83	0.02896	0.03695	0.02197	0.01998	0.02397	0.69638	0.01498	0.03096	0.02197	0.01898	0.01199	0.01398	0.00999	0.00799	0.00699	0.00200	0.01398	0.00499	0.00400	0.00899
84	0.01919	0.01842	0.03147	0.04759	0.67914	0.01842	0.02380	0.02380	0.01765	0.02533	0.01458	0.01919	0.01228	0.00691	0.00768	0.00230	0.00921	0.00691	0.00384	0.01228
85	0.01830	0.02092	0.04575	0.03268	0.04052	0.01961	0.65098	0.02484	0.01830	0.02484	0.01569	0.02092	0.01176	0.00654	0.00915	0.00261	0.01307	0.00915	0.00392	0.01046
86	0.02073	0.73217	0.04063	0.01327	0.01990	0.03068	0.01327	0.02322	0.01575	0.01824	0.01078	0.01244	0.00995	0.00663	0.00498	0.00166	0.00829	0.00415	0.00332	0.00995
87	0.01897	0.01820	0.03108	0.07946	0.64899	0.01836	0.02369	0.02360	0.01755	0.02507	0.01455	0.01926	0.01219	0.00695	0.00768	0.00232	0.00927	0.00691	0.00382	0.01210
88	0.01257	0.00915	0.01250	0.01356	0.01571	0.00884	0.01166	0.01614	0.01820	0.02426	0.11221	0.07899	0.04556	0.01966	0.01018	0.00327	0.00664	0.51212	0.00712	0.06165
89	0.02742	0.10811	0.02466	0.02114	0.07005	0.55133	0.01542	0.05458	0.02159	0.02055	0.01231	0.01438	0.01027	0.00782	0.00686	0.00200	0.01283	0.00512	0.00406	0.00949
90	0.03479	0.01320	0.01799	0.01380	0.01979	0.01140	0.01140	0.03779	0.02219	0.68451	0.03059	0.02639	0.01919	0.00960	0.00780	0.00240	0.00660	0.00780	0.00960	0.01320
91	0.00962	0.00687	0.00919	0.01099	0.01151	0.00644	0.00749	0.01109	0.01501	0.01998	0.04264	0.68720	0.05091	0.02413	0.00994	0.00317	0.00465	0.05562	0.00719	0.00634
92	0.01027	0.00757	0.00985	0.01076	0.01199	0.00681	0.00741	0.01207	0.01570	0.02151	0.10524	0.58299	0.04956	0.02156	0.00940	0.00288	0.00454	0.01947	0.00708	0.08336
93	0.67591	0.01447	0.01156	0.01031	0.01489	0.01652	0.00843	0.04287	0.01469	0.03438	0.05214	0.01837	0.04442	0.00836	0.00536	0.00241	0.00585	0.00544	0.00523	0.00841
94	0.02943	0.02302	0.02316	0.01802	0.02404	0.08163	0.01476	0.59999	0.03521	0.04631	0.01805	0.01822	0.01291	0.00919	0.00769	0.00230	0.00900	0.00681	0.00743	0.01283
95	0.01606	0.10743	0.62442	0.02124	0.03223	0.01924	0.02715	0.02442	0.01631	0.02394	0.01361	0.01599	0.00983	0.00730	0.00713	0.00238	0.01115	0.00558	0.00328	0.01131
96	0.00952	0.00691	0.00902	0.01067	0.01134	0.00640	0.00726	0.01099	0.01517	0.02000	0.04557	0.64954	0.10156	0.02382	0.00986	0.00312	0.00454	0.04116	0.00720	0.00635
97	0.00948	0.00792	0.00830	0.00836	0.01087	0.00674	0.00637	0.01166	0.01799	0.02179	0.11875	0.07417	0.59726	0.01947	0.00925	0.00266	0.00409	0.05096	0.00729	0.00663
98	0.01555	0.04011	0.68733	0.02210	0.03356	0.01801	0.02865	0.02455	0.01637	0.02455	0.01391	0.01637	0.00982	0.00737	0.00737	0.00246	0.01146	0.00573	0.00327	0.01146
99	0.05152	0.00983	0.01099	0.01017	0.01326	0.00911	0.00787	0.06228	0.01961	0.10960	0.12551	0.12053	0.36463	0.01709	0.00880	0.00262	0.00484	0.03612	0.00758	0.00805
100	0.00945	0.00675	0.00900	0.01080	0.01125	0.00630	0.00720	0.01080	0.01484	0.01979	0.04274	0.72245	0.05128	0.02429	0.00990	0.00315	0.00450	0.02204	0.00720	0.00630
101	0.02909	0.02153	0.02305	0.01776	0.02390	0.02386	0.01464	0.63005	0.06032	0.04824	0.01911	0.01901	0.01358	0.00935	0.00776	0.00234	0.00844	0.00705	0.00776	0.01315
102	0.00945	0.00675	0.00900	0.01080	0.01125	0.00630	0.00720	0.01080	0.01484	0.01979	0.04274	0.72245	0.05128	0.02429	0.00990	0.00315	0.00450	0.02204	0.00720	0.00630
103	0.01555	0.04011	0.68733	0.02210	0.03356	0.01801	0.02865	0.02455	0.01637	0.02455	0.01391	0.01637	0.00982	0.00737	0.00737	0.00246	0.01146	0.00573	0.00327	0.01146
104	0.01881	0.01819	0.02882	0.12096	0.50377	0.03759	0.02209	0.02448	0.06316	0.02464	0.01538	0.01979	0.01268	0.00766	0.00867	0.00241	0.04834	0.00698	0.00406	0.01155
105	0.00945	0.00675	0.00900	0.01080	0.01125	0.00630	0.00720	0.01080	0.01484	0.01979	0.04274	0.72245	0.05128	0.02429	0.00990	0.00315	0.00450	0.02204	0.00720	0.00630
106	0.01097	0.00793	0.01036	0.00975	0.01158	0.00732	0.00732	0.01463	0.02195	0.03109	0.67505	0.05792	0.07316	0.01585	0.00914	0.00244	0.00366	0.01402	0.00854	0.00732
107	0.02896	0.03695	0.02197	0.01998	0.02397	0.69638	0.01498	0.03096	0.02197	0.01898	0.01199	0.01398	0.00999	0.00799	0.00699	0.00200	0.01398	0.00499	0.00400	0.00899
108	0.01822	0.02171	0.07617	0.03299	0.07563	0.01946	0.58589	0.02477	0.01817	0.02485	0.01554	0.02060	0.01170	0.00660	0.00898	0.00259	0.01278	0.00886	0.00389	0.01061
109	0.02947	0.02172	0.02327	0.01784	0.02404	0.02404	0.01474	0.65329	0.03646	0.04887	0.01862	0.01862	0.01319	0.00931	0.00776	0.00233	0.00853	0.00698	0.00776	0.01319
110	0.01514	0.01469	0.02574	0.60695	0.05066	0.01775	0.09037	0.02032	0.01566	0.02032	0.01384	0.02055	0.01049	0.00785	0.00862	0.00262	0.03900	0.00713	0.00350	0.00881
111	0.02891	0.02118	0.02267	0.01744	0.02348	0.02342	0.01439	0.62950	0.03570	0.04812	0.01887	0.01900	0.01344	0.00930	0.00767	0.00231	0.00835	0.00699	0.03632	0.01296
112	0.01011	0.00736	0.00970	0.01098	0.01196	0.00675	0.00764	0.01186	0.01556	0.02105	0.08221	0.60094	0.05004	0.02251	0.00966	0.00301	0.00467	0.05669	0.00713	0.05018
113	0.01445	0.00723	0.00723	0.00723	0.00903	0.00723	0.00542	0.01807	0.01626	0.02891	0.02529	0.02891	0.01987	0.00903	0.00542	0.00181	0.00361	0.00723	0.77055	0.00723
114	0.01696	0.01696	0.02375	0.02036	0.02036	0.02375	0.01696	0.01866	0.01187	0.01866	0.01018	0.01696	0.01018	0.01357	0.02545	0.00339	0.71332	0.00679	0.00339	0.00848
115	0.00916	0.00785	0.00785	0.00785	0.01047	0.00655	0.00589	0.01113	0.01767	0.02095	0.07855	0.07462	0.67599	0.01964	0.00916	0.00262	0.00393	0.01636	0.00720	0.00655
116	0.01555	0.04011	0.68733	0.02210	0.03356	0.01801	0.02865	0.02455	0.01637	0.02455	0.01391	0.01637	0.00982	0.00737	0.00737	0.00246	0.01146	0.00573	0.00327	0.01146
117	0.01688	0.01426	0.01651	0.01186	0.01871	0.01116	0.00952	0.05741	0.01730	0.02668	0.01407	0.01623	0.01159	0.00596	0.00586	0.00122	0.00591	0.00474	0.00478	0.72937
118	0.01617	0.00914	0.00959	0.00890	0.01124	0.00953	0.00687	0.09907	0.01862	0.03081	0.02417	0.02768	0.01899	0.01201	0.04705	0.00251	0.00527	0.00726	0.62716	0.00797
119	0.02947	0.02172	0.02327	0.01784	0.02404	0.02404	0.01474	0.65329	0.03646	0.04887	0.01862	0.01862	0.01319	0.00931	0.00776	0.00233	0.00853	0.00698	0.00776	0.01319
120	0.03479	0.01320	0.01799	0.01380	0.01979	0.01140	0.01140	0.03779	0.02219	0.68451	0.03059	0.02639	0.01919	0.00960	0.00780	0.00240	0.00660	0.00780	0.00960	0.01320
121	0.01019	0.00730	0.00952	0.01106	0.01172	0.00695	0.00748	0.03456	0.01564	0.02087	0.04184	0.69641	0.04987	0.02374	0.00982	0.00312	0.00465	0.02149	0.00722	0.00655
122	0.01246	0.00912	0.01220	0.01348	0.01529	0.00920	0.01126	0.01713	0.06631	0.02429	0.10721	0.16029	0.04690	0.02038	0.01023	0.00333	0.00636	0.43978	0.00735	0.00744
123	0.02073	0.73217	0.04063	0.01327	0.01990	0.03068	0.01327	0.02322	0.01575	0.01824	0.01078	0.01244	0.00995	0.00663	0.00498	0.00166	0.00829	0.00415	0.00332	0.00995
124	0.01148	0.00738	0.00988	0.01111	0.01210	0.00684	0.00775	0.01318	0.01591	0.06777	0.07780	0.60523	0.04994	0.02263	0.00974	0.00308	0.00472	0.04913	0.00744	0.00689
125	0.01464	0.01378	0.02326	0.70887	0.05340	0.01723	0.02153	0.01981	0.01550	0.01981	0.01378	0.02067	0.01034	0.00775	0.00775	0.00258	0.01034	0.00689	0.00345	0.00861
126	0.01508	0.01422	0.02404	0.64579	0.11309	0.01734	0.02175	0.02019	0.01571	0.02034	0.01386	0.02053	0.01052	0.00767	0.00774	0.00256	0.01023	0.00689	0.00348	0.00896
127	0.01354	0.00677	0.00990	0.00990	0.01003	0.00677	0.00664	0.01067	0.01054	0.01456	0.01431	0.02395	0.01392	0.02567	0.02854	0.71958	0.00651	0.00677	0.05782	0.00364
128	0.02742	0.02063	0.02213	0.01725	0.02323	0.02272	0.01413	0.53813	0.12207	0.04545	0.02016	0.01991	0.01455	0.00930	0.00768	0.00231	0.00807	0.00711	0.00762	0.05012
129	0.01993	0.62539	0.14042	0.01463	0.02201	0.02872	0.01564	0.02342	0.01585	0.01922	0.01126	0.01304	0.00993	0.00675	0.00534	0.00178	0.00878	0.00439	0.00331	0.01018
130	0.04782	0.01383	0.02274	0.67868	0.05174	0.01723	0.02097	0.01994	0.01540	0.02046	0.01365	0.02032	0.01025	0.00773	0.00762	0.00258	0.01015	0.00677	0.00350	0.00860
131	0.01897	0.01820	0.03107	0.07976	0.64870	0.01836	0.02369	0.02360	0.01755	0.02506	0.01455	0.01926	0.01219	0.00695	0.00768	0.00232	0.00927	0.00691	0.00382	0.01210
132	0.02039	0.01600	0.01721	0.01529	0.01976	0.01805	0.01195	0.03975	0.57945	0.09432	0.03323	0.03040	0.04767	0.01077	0.00793	0.00261	0.00610	0.00896	0.00803	0.01215
133	0.00988	0.00744	0.01079	0.01186	0.01267	0.00695	0.03852	0.01148	0.01501	0.02004	0.04142	0.68832	0.04936	0.02343	0.00986	0.00312	0.00492	0.02142	0.00704	0.00650
134	0.01464	0.01378	0.02326	0.70887	0.05340	0.01723	0.02153	0.01981	0.01550	0.01981	0.01378	0.02067	0.01034	0.00775	0.00775	0.00258	0.01034	0.00689	0.00345	0.00861
135	0.78228	0.01499	0.01140	0.01020	0.01499	0.01739	0.00840	0.02279	0.01320	0.03479	0.01080	0.01260	0.00840	0.00720	0.00480	0.00240	0.00600	0.00420	0.00480	0.00840
136	0.00945	0.00675	0.00900	0.01080	0.01125	0.00630	0.00720	0.01080	0.01484	0.01979	0.04274	0.72245	0.05128	0.02429	0.00990	0.00315	0.00450	0.02204	0.00720	0.00630
137	0.01464	0.01378	0.02326	0.70887	0.05340	0.01723	0.02153	0.01981	0.01550	0.01981	0.01378	0.02067	0.01034	0.00775	0.00775	0.00258	0.01034	0.00689	0.00345	0.00861
138	0.01347	0.00673	0.01010	0.01010	0.01010	0.00673	0.00673	0.01010	0.01010	0.01347	0.01347	0.02357	0.01347	0.02694	0.03030	0.77441	0.00673	0.00673	0.00337	0.00337
139	0.00945	0.00675	0.00900	0.01080	0.01125	0.00630	0.00720	0.01080	0.01484	0.01979	0.04274	0.72245	0.05128	0.02429	0.00990	0.00315	0.00450	0.02204	0.00720	0.00630
140	0.00945	0.00675	0.00900	0.01080	0.01125	0.00630	0.00720	0.01080	0.01484	0.01979	0.04274	0.72245	0.05128	0.02429	0.00990	0.00315	0.00450	0.02204	0.00720	0.00630
141	0.01478	0.01397	0.02329	0.66771	0.05143	0.01762	0.02126	0.01974	0.01529	0.01974	0.01357	0.02045	0.01033	0.00810	0.00881	0.00263	0.05236	0.00688	0.00344	0.00861
142	0.03308	0.01449	0.04497	0.01425	0.02037	0.01213	0.01214	0.03746	0.06040	0.61890	0.02997	0.02614	0.01908	0.00956	0.00779	0.00242	0.00677	0.00777	0.00924	0.01307
143	0.01081	0.00792	0.01014	0.00958	0.01148	0.00725	0.00719	0.01432	0.02156	0.03018	0.62111	0.05943	0.12767	0.01619	0.00915	0.00245	0.00368	0.01423	0.00841	0.00725
144	0.01701	0.01032	0.01041	0.00964	0.01208	0.04173	0.00744	0.07659	0.01820	0.05740	0.02380	0.02733	0.01872	0.01436	0.08078	0.00304	0.00654	0.00724	0.54930	0.00807
145	0.01039	0.00789	0.01167	0.01258	0.01366	0.00745	0.04641	0.01236	0.01546	0.02056	0.04089	0.59357	0.04801	0.02284	0.00996	0.00317	0.00537	0.10409	0.00699	0.00666
146	0.02052	0.70425	0.06672	0.01362	0.02045	0.03017	0.01389	0.02327	0.01578	0.01850	0.01091	0.01260	0.00995	0.00666	0.00507	0.00169	0.00842	0.00421	0.00332	0.01001
147	0.01109	0.00826	0.01222	0.01222	0.01352	0.00956	0.00939	0.01369	0.01239	0.01782	0.02099	0.03167	0.01991	0.09817	0.65748	0.01217	0.01998	0.00848	0.00419	0.00679
148	0.01771	0.01499	0.01745	0.01302	0.01921	0.01322	0.01049	0.08641	0.05485	0.02765	0.01504	0.01714	0.01226	0.00694	0.00747	0.00151	0.05627	0.00523	0.00502	0.59810
149	0.04475	0.24777	0.42145	0.01975	0.02925	0.02194	0.06743	0.02411	0.01621	0.02303	0.01298	0.01536	0.00995	0.00708	0.00668	0.00222	0.01042	0.00544	0.00339	0.01082
150	0.00945	0.00675	0.00900	0.01080	0.01125	0.00630	0.00720	0.01080	0.01484	0.01979	0.04274	0.72245	0.05128	0.02429	0.00990	0.00315	0.00450	0.02204	0.00720	0.00630
151	0.01446	0.00751	0.00792	0.03755	0.01095	0.00766	0.00612	0.01814	0.01623	0.02851	0.02480	0.02855	0.01946	0.00898	0.00552	0.00184	0.00390	0.00721	0.73740	0.00729
152	0.02913	0.01513	0.01838	0.01470	0.02015	0.01509	0.01194	0.14326	0.16636	0.39504	0.06451	0.02736	0.02214	0.01010	0.00789	0.00244	0.00667	0.00822	0.00884	0.01266
153	0.01464	0.01378	0.02326	0.70887	0.05340	0.01723	0.02153	0.01981	0.01550	0.01981	0.01378	0.02067	0.01034	0.00775	0.00775	0.00258	0.01034	0.00689	0.00345	0.00861
154	0.01055	0.00791	0.00977	0.00931	0.01132	0.00713	0.00698	0.01380	0.02094	0.02869	0.53393	0.06187	0.21578	0.01675	0.00915	0.00248	0.00372	0.01458	0.00822	0.00713
155	0.09222	0.01209	0.01495	0.01231	0.01711	0.01109	0.01000	0.02972	0.05082	0.41500	0.08224	0.03793	0.13436	0.01200	0.00797	0.00249	0.00589	0.03232	0.00853	0.01098
156	0.01660	0.01738	0.03397	0.34320	0.07139	0.01863	0.31131	0.02224	0.01673	0.02230	0.01455	0.02058	0.01107	0.00739	0.00910	0.00262	0.03972	0.00793	0.00368	0.00961
157	0.02073	0.73217	0.04063	0.01327	0.01990	0.03068	0.01327	0.02322	0.01575	0.01824	0.01078	0.01244	0.00995	0.00663	0.00498	0.00166	0.00829	0.00415	0.00332	0.00995
158	0.13493	0.01675	0.01754	0.04772	0.02048	0.01845	0.01183	0.36942	0.02705	0.03972	0.02322	0.02412	0.06706	0.00971	0.00704	0.00228	0.00703	0.00737	0.13759	0.01070

[dist]
# distance from previous block
# <min> <max>
0	2

[block]
# block no. 2 follows, 25 sequences, length 9
# corresponding to MSA columns:
# 250-258
name=unknown_C
#
# <colnr> <probs for GDERKNQSTAVLIFYWHMCP>
#	G	D	E	R	K	N	Q	S	T	A	V	L	I	F	Y	W	H	M	C	P
0	0.05510	0.01529	0.02492	0.28926	0.33310	0.01663	0.02025	0.02118	0.01712	0.02441	0.09109	0.02393	0.01845	0.00828	0.00773	0.00243	0.00882	0.00759	0.00429	0.01013
1	0.01536	0.01496	0.02582	0.48114	0.09970	0.01760	0.09393	0.02019	0.01582	0.02082	0.01709	0.02303	0.04480	0.00863	0.00945	0.00263	0.06863	0.00763	0.00372	0.00902
2	0.01713	0.01340	0.01588	0.01162	0.01813	0.01022	0.00925	0.02044	0.01647	0.07326	0.01641	0.05091	0.01397	0.00692	0.00609	0.00134	0.00574	0.00567	0.00509	0.68208
3	0.01249	0.00924	0.01210	0.01167	0.01368	0.00887	0.00861	0.01478	0.01619	0.04871	0.14347	0.36085	0.04191	0.02075	0.05860	0.00334	0.05767	0.01508	0.00660	0.13541
4	0.16132	0.07916	0.31316	0.01692	0.02501	0.01750	0.01865	0.02840	0.07090	0.17079	0.01822	0.01862	0.01277	0.00803	0.00685	0.00239	0.00872	0.00603	0.00532	0.01123
5	0.01893	0.01477	0.01835	0.09853	0.02350	0.01384	0.01207	0.07570	0.05127	0.08521	0.01634	0.01850	0.01271	0.00743	0.00784	0.00177	0.05657	0.00573	0.00525	0.45569
6	0.04136	0.09647	0.30742	0.30230	0.06121	0.01894	0.02338	0.02240	0.01589	0.02236	0.01347	0.01771	0.01008	0.00743	0.00721	0.00242	0.01043	0.00604	0.00342	0.01007
7	0.10583	0.14079	0.43593	0.06721	0.05823	0.01985	0.02323	0.02379	0.01590	0.02449	0.01309	0.01574	0.00982	0.00724	0.00674	0.00233	0.01016	0.00544	0.00349	0.01071
8	0.01590	0.01652	0.06871	0.43058	0.15194	0.01679	0.02045	0.02196	0.05198	0.02240	0.01491	0.02005	0.01150	0.00750	0.00749	0.00236	0.00945	0.00665	0.00388	0.09897

[dist]
# distance from previous block
# <min> <max>
15	22

[block]
# block no. 3 follows, 25 sequences, length 12
# corresponding to MSA columns:
# 281-292
name=unknown_D
#
# <colnr> <probs for GDERKNQSTAVLIFYWHMCP>
#	G	D	E	R	K	N	Q	S	T	A	V	L	I	F	Y	W	H	M	C	P
0	0.09457	0.02074	0.02317	0.02061	0.09905	0.02281	0.01523	0.52493	0.03223	0.04490	0.01746	0.01815	0.01266	0.00884	0.00749	0.00233	0.00839	0.00673	0.00704	0.01266
1	0.01847	0.01970	0.08686	0.10210	0.48885	0.01838	0.02268	0.02551	0.09227	0.02558	0.01642	0.02020	0.01320	0.00744	0.00768	0.00238	0.00916	0.00702	0.00422	0.01187
2	0.02337	0.01976	0.02211	0.02035	0.08936	0.05568	0.01493	0.27872	0.20155	0.03554	0.02014	0.02091	0.01535	0.00961	0.00967	0.00244	0.08961	0.00720	0.00651	0.05719
3	0.01915	0.48014	0.03244	0.01361	0.01902	0.02513	0.01264	0.04737	0.01696	0.02168	0.08818	0.01875	0.01756	0.00844	0.00774	0.00191	0.07980	0.00572	0.00423	0.07954
4	0.01311	0.01000	0.01187	0.01137	0.01395	0.00926	0.00833	0.08696	0.01787	0.02419	0.03849	0.37510	0.11980	0.05190	0.01024	0.00285	0.00535	0.03767	0.00667	0.14501
5	0.01604	0.01470	0.02377	0.28823	0.10971	0.01672	0.08223	0.02033	0.01558	0.02250	0.01502	0.02060	0.01208	0.00850	0.01037	0.00245	0.12757	0.00694	0.10760	0.07905
6	0.01836	0.01917	0.03624	0.03575	0.27539	0.01942	0.30402	0.02338	0.01707	0.02416	0.01443	0.01954	0.01172	0.00764	0.01079	0.00256	0.11056	0.00782	0.00384	0.03814
7	0.09231	0.01538	0.14147	0.03962	0.01819	0.01097	0.01220	0.01864	0.01936	0.06757	0.36317	0.04342	0.10176	0.01298	0.00822	0.00246	0.00586	0.01098	0.00689	0.00856
8	0.01757	0.02321	0.15791	0.02498	0.06187	0.04667	0.16833	0.02198	0.01493	0.02161	0.01249	0.01778	0.01058	0.01016	0.01650	0.00292	0.35015	0.00707	0.00354	0.00974
9	0.01770	0.15856	0.02860	0.24694	0.03389	0.01986	0.12176	0.05462	0.05062	0.02345	0.01517	0.01928	0.01199	0.00773	0.00799	0.00226	0.04391	0.00663	0.04947	0.07956
10	0.05353	0.01366	0.01751	0.05012	0.04748	0.01172	0.04077	0.04052	0.01660	0.02547	0.01798	0.11554	0.01695	0.00872	0.00669	0.00172	0.00640	0.00753	0.00495	0.49612
11	0.01631	0.01772	0.08917	0.23299	0.25271	0.01676	0.05252	0.02300	0.08296	0.02367	0.01937	0.10271	0.01717	0.00959	0.00803	0.00255	0.00909	0.00886	0.00448	0.01032

[dist]
# distance from previous block
# <min> <max>
3	11

[block]
# block no. 4 follows, 25 sequences, length 7
# corresponding to MSA columns:
# 304-310
name=unknown_E
#
# <colnr> <probs for GDERKNQSTAVLIFYWHMCP>
#	G	D	E	R	K	N	Q	S	T	A	V	L	I	F	Y	W	H	M	C	P
0	0.17776	0.02712	0.29271	0.12930	0.03040	0.06448	0.01999	0.05840	0.08102	0.02760	0.01510	0.01747	0.01116	0.00785	0.00694	0.00244	0.00963	0.00591	0.00436	0.01036
1	0.47945	0.01663	0.01608	0.01499	0.07022	0.01825	0.01110	0.16195	0.01898	0.03621	0.01312	0.01480	0.01007	0.00750	0.00577	0.00225	0.00679	0.00507	0.00536	0.08541
2	0.02133	0.01869	0.02727	0.08873	0.37463	0.02017	0.02007	0.18581	0.06612	0.03099	0.01643	0.01968	0.01300	0.00826	0.00884	0.00242	0.05347	0.00704	0.00506	0.01198
3	0.01056	0.00836	0.01303	0.01329	0.01459	0.00785	0.07425	0.01259	0.01540	0.02054	0.03982	0.60875	0.04676	0.02227	0.00987	0.00312	0.00556	0.05976	0.00685	0.00678
4	0.01807	0.02023	0.04195	0.03055	0.03704	0.02032	0.54150	0.02377	0.01719	0.02377	0.01474	0.02023	0.01149	0.00775	0.01196	0.00275	0.13399	0.00874	0.00383	0.01012
5	0.01608	0.01378	0.01608	0.01148	0.01837	0.01034	0.00919	0.01952	0.01608	0.02527	0.01378	0.01608	0.01148	0.00574	0.00574	0.00115	0.00574	0.00459	0.00459	0.77491
6	0.00919	0.00775	0.00797	0.00814	0.01055	0.00652	0.00602	0.01110	0.01740	0.02083	0.07504	0.13803	0.61484	0.02009	0.00924	0.00267	0.00398	0.01692	0.00720	0.00652

[dist]
# distance from previous block
# <min> <max>
0	3

[block]
# block no. 5 follows, 25 sequences, length 14
# corresponding to MSA columns:
# 314-327
name=unknown_F
#
# <colnr> <probs for GDERKNQSTAVLIFYWHMCP>
#	G	D	E	R	K	N	Q	S	T	A	V	L	I	F	Y	W	H	M	C	P
0	0.00995	0.00719	0.00952	0.01119	0.01201	0.00676	0.00801	0.01171	0.01554	0.02045	0.04481	0.57173	0.09132	0.02350	0.00999	0.00319	0.00491	0.12457	0.00719	0.00646
1	0.01829	0.01913	0.03263	0.08372	0.24329	0.06542	0.25462	0.02315	0.01771	0.02391	0.01653	0.06564	0.01428	0.00795	0.00815	0.00237	0.01045	0.00839	0.00414	0.08021
2	0.02046	0.01751	0.02903	0.08796	0.54541	0.01766	0.02196	0.02559	0.04216	0.09177	0.01678	0.02038	0.01327	0.00737	0.00770	0.00234	0.00891	0.00707	0.00454	0.01212
3	0.01603	0.08389	0.61201	0.02208	0.03304	0.01891	0.06012	0.02448	0.01643	0.02416	0.01380	0.01635	0.00993	0.00728	0.00730	0.00241	0.01134	0.00581	0.00331	0.01131
4	0.02509	0.02642	0.06817	0.08914	0.04534	0.24515	0.01636	0.23385	0.11800	0.03132	0.01735	0.01863	0.01309	0.00869	0.00749	0.00230	0.01040	0.00648	0.00567	0.01106
