[name]
unknown

[dist]
# distance from previous block
# <min> <max>
0	23

[block]
# block no. 0 follows, 25 sequences, length 28
# corresponding to MSA columns:
# 26-53
name=unknown_A
#
# <colnr> <probs for GDERKNQSTAVLIFYWHMCP>
#	G	D	E	R	K	N	Q	S	T	A	V	L	I	F	Y	W	H	M	C	P
0	0.01264	0.00926	0.01323	0.06186	0.01862	0.00949	0.01311	0.01632	0.01769	0.02297	0.03919	0.08289	0.04227	0.02048	0.01051	0.00350	0.00736	0.58448	0.00689	0.00724
1	0.03347	0.01429	0.01855	0.01433	0.02028	0.01316	0.01180	0.10545	0.05406	0.58406	0.02932	0.02566	0.01875	0.00961	0.00780	0.00240	0.00679	0.00775	0.00931	0.01315
2	0.07136	0.47844	0.22983	0.01567	0.02360	0.02602	0.01748	0.02358	0.01576	0.02124	0.01171	0.01361	0.00981	0.00689	0.00567	0.00194	0.00907	0.00462	0.00341	0.01029
3	0.02073	0.73217	0.04063	0.01327	0.01990	0.03068	0.01327	0.02322	0.01575	0.01824	0.01078	0.01244	0.00995	0.00663	0.00498	0.00166	0.00829	0.00415	0.00332	0.00995
4	0.01573	0.01341	0.01570	0.01145	0.01800	0.01012	0.00908	0.01906	0.01601	0.02498	0.01531	0.05343	0.01359	0.00672	0.00596	0.00125	0.00568	0.00552	0.00473	0.73426
5	0.01779	0.01992	0.04266	0.03067	0.03813	0.01856	0.59100	0.02394	0.01804	0.02462	0.01684	0.05307	0.01358	0.00732	0.00902	0.00257	0.01233	0.00953	0.00410	0.04631
6	0.01464	0.01378	0.02326	0.70887	0.05340	0.01723	0.02153	0.01981	0.01550	0.01981	0.01378	0.02067	0.01034	0.00775	0.00775	0.00258	0.01034	0.00689	0.00345	0.00861
7	0.02896	0.03695	0.02197	0.01998	0.02397	0.69638	0.01498	0.03096	0.02197	0.01898	0.01199	0.01398	0.00999	0.00799	0.00699	0.00200	0.01398	0.00499	0.00400	0.00899
8	0.01128	0.00752	0.00846	0.00846	0.00846	0.00752	0.00470	0.01128	0.01128	0.01503	0.02443	0.05074	0.02819	0.72751	0.03946	0.00752	0.00752	0.01128	0.00470	0.00470
9	0.01464	0.01378	0.02326	0.70887	0.05340	0.01723	0.02153	0.01981	0.01550	0.01981	0.01378	0.02067	0.01034	0.00775	0.00775	0.00258	0.01034	0.00689	0.00345	0.00861
10	0.02947	0.02172	0.02327	0.01784	0.02404	0.02404	0.01474	0.65329	0.03646	0.04887	0.01862	0.01862	0.01319	0.00931	0.00776	0.00233	0.00853	0.00698	0.00776	0.01319
11	0.03346	0.01349	0.01795	0.01397	0.01982	0.01207	0.01147	0.03808	0.07738	0.62854	0.03067	0.02661	0.01958	0.00968	0.00781	0.00242	0.00656	0.00788	0.00945	0.01312
12	0.01108	0.00831	0.01246	0.01246	0.01385	0.00969	0.00969	0.01385	0.01246	0.01800	0.02077	0.03046	0.01938	0.05815	0.69678	0.01246	0.02077	0.00831	0.00415	0.00692
13	0.01108	0.00831	0.01246	0.01246	0.01385	0.00969	0.00969	0.01385	0.01246	0.01800	0.02077	0.03046	0.01938	0.05815	0.69678	0.01246	0.02077	0.00831	0.00415	0.00692
14	0.01555	0.04011	0.68733	0.02210	0.03356	0.01801	0.02865	0.02455	0.01637	0.02455	0.01391	0.01637	0.00982	0.00737	0.00737	0.00246	0.01146	0.00573	0.00327	0.01146
15	0.01919	0.01842	0.03147	0.04759	0.67914	0.01842	0.02380	0.02380	0.01765	0.02533	0.01458	0.01919	0.01228	0.00691	0.00768	0.00230	0.00921	0.00691	0.00384	0.01228
16	0.01105	0.00798	0.01047	0.00999	0.01182	0.00740	0.00758	0.01471	0.02174	0.03068	0.64216	0.05945	0.07168	0.01614	0.00923	0.00250	0.00384	0.04582	0.00846	0.00731
17	0.78228	0.01499	0.01140	0.01020	0.01499	0.01739	0.00840	0.02279	0.01320	0.03479	0.01080	0.01260	0.00840	0.00720	0.00480	0.00240	0.00600	0.00420	0.00480	0.00840
18	0.01128	0.00752	0.00846	0.00846	0.00846	0.00752	0.00470	0.01128	0.01128	0.01503	0.02443	0.05074	0.02819	0.72751	0.03946	0.00752	0.00752	0.01128	0.00470	0.00470
19	0.01464	0.01378	0.02326	0.70887	0.05340	0.01723	0.02153	0.01981	0.01550	0.01981	0.01378	0.02067	0.01034	0.00775	0.00775	0.00258	0.01034	0.00689	0.00345	0.00861
20	0.78228	0.01499	0.01140	0.01020	0.01499	0.01739	0.00840	0.02279	0.01320	0.03479	0.01080	0.01260	0.00840	0.00720	0.00480	0.00240	0.00600	0.00420	0.00480	0.00840
21	0.01097	0.00793	0.01036	0.00975	0.01158	0.00732	0.00732	0.01463	0.02195	0.03109	0.67505	0.05792	0.07316	0.01585	0.00914	0.00244	0.00366	0.01402	0.00854	0.00732
22	0.01555	0.04011	0.68733	0.02210	0.03356	0.01801	0.02865	0.02455	0.01637	0.02455	0.01391	0.01637	0.00982	0.00737	0.00737	0.00246	0.01146	0.00573	0.00327	0.01146
23	0.01555	0.04011	0.68733	0.02210	0.03356	0.01801	0.02865	0.02455	0.01637	0.02455	0.01391	0.01637	0.00982	0.00737	0.00737	0.00246	0.01146	0.00573	0.00327	0.01146
24	0.01919	0.01842	0.03147	0.04759	0.67914	0.01842	0.02380	0.02380	0.01765	0.02533	0.01458	0.01919	0.01228	0.00691	0.00768	0.00230	0.00921	0.00691	0.00384	0.01228
25	0.01919	0.01842	0.03147	0.04759	0.67914	0.01842	0.02380	0.02380	0.01765	0.02533	0.01458	0.01919	0.01228	0.00691	0.00768	0.00230	0.00921	0.00691	0.00384	0.01228
26	0.02947	0.02172	0.02327	0.01784	0.02404	0.02404	0.01474	0.65329	0.03646	0.04887	0.01862	0.01862	0.01319	0.00931	0.00776	0.00233	0.00853	0.00698	0.00776	0.01319
27	0.00945	0.00675	0.00900	0.01080	0.01125	0.00630	0.00720	0.01080	0.01484	0.01979	0.04274	0.72245	0.05128	0.02429	0.00990	0.00315	0.00450	0.02204	0.00720	0.00630

[dist]
# distance from previous block
# <min> <max>
0	2

[block]
# block no. 1 follows, 25 sequences, length 8
# corresponding to MSA columns:
# 56-63
name=unknown_B
#
# <colnr> <probs for GDERKNQSTAVLIFYWHMCP>
#	G	D	E	R	K	N	Q	S	T	A	V	L	I	F	Y	W	H	M	C	P
0	0.01478	0.01061	0.01273	0.01416	0.01509	0.00945	0.00941	0.01463	0.01780	0.02427	0.04523	0.67112	0.05266	0.02619	0.01173	0.00398	0.00629	0.02228	0.00863	0.00897
1	0.00970	0.00693	0.00928	0.01108	0.01164	0.00651	0.00763	0.01123	0.01509	0.02007	0.04260	0.67018	0.05073	0.02406	0.00996	0.00318	0.00472	0.07184	0.00719	0.00637
2	0.01919	0.01842	0.03147	0.04759	0.67914	0.01842	0.02380	0.02380	0.01765	0.02533	0.01458	0.01919	0.01228	0.00691	0.00768	0.00230	0.00921	0.00691	0.00384	0.01228
3	0.02015	0.65443	0.11327	0.01426	0.02143	0.02926	0.01499	0.02337	0.01582	0.01895	0.01113	0.01288	0.00994	0.00672	0.00524	0.00175	0.00865	0.00432	0.00331	0.01012
4	0.02774	0.14232	0.02492	0.01880	0.02335	0.54918	0.01470	0.07172	0.02200	0.02088	0.01225	0.01406	0.01020	0.00787	0.00673	0.00197	0.01274	0.00500	0.00414	0.00942
5	0.01593	0.01378	0.01684	0.08573	0.02210	0.01107	0.01050	0.01955	0.01602	0.02468	0.01378	0.01657	0.01136	0.00596	0.00596	0.00130	0.00623	0.00484	0.00447	0.69332
6	0.00945	0.00675	0.00900	0.01080	0.01125	0.00630	0.00720	0.01080	0.01484	0.01979	0.04274	0.72245	0.05128	0.02429	0.00990	0.00315	0.00450	0.02204	0.00720	0.00630
7	0.02028	0.67160	0.09723	0.01404	0.02110	0.02957	0.01461	0.02333	0.01581	0.01879	0.01105	0.01278	0.00994	0.00670	0.00518	0.00173	0.00857	0.00428	0.00331	0.01008

[dist]
# distance from previous block
# <min> <max>
0	16

[block]
# block no. 2 follows, 25 sequences, length 89
# corresponding to MSA columns:
# 80-168
name=unknown_C
#
# <colnr> <probs for GDERKNQSTAVLIFYWHMCP>
#	G	D	E	R	K	N	Q	S	T	A	V	L	I	F	Y	W	H	M	C	P
0	0.01019	0.00739	0.00962	0.01014	0.01138	0.00682	0.00719	0.01272	0.01851	0.02546	0.35860	0.36069	0.09266	0.01987	0.00949	0.00277	0.00405	0.01778	0.00786	0.00682
1	0.01555	0.04011	0.68733	0.02210	0.03356	0.01801	0.02865	0.02455	0.01637	0.02455	0.01391	0.01637	0.00982	0.00737	0.00737	0.00246	0.01146	0.00573	0.00327	0.01146
2	0.01919	0.01842	0.03147	0.04759	0.67914	0.01842	0.02380	0.02380	0.01765	0.02533	0.01458	0.01919	0.01228	0.00691	0.00768	0.00230	0.00921	0.00691	0.00384	0.01228
3	0.00945	0.00675	0.00900	0.01080	0.01125	0.00630	0.00720	0.01080	0.01484	0.01979	0.04274	0.72245	0.05128	0.02429	0.00990	0.00315	0.00450	0.02204	0.00720	0.00630
4	0.02558	0.01829	0.01947	0.01534	0.02053	0.01998	0.01253	0.50085	0.03170	0.04363	0.02325	0.02369	0.05220	0.00985	0.00741	0.00225	0.00737	0.00756	0.14681	0.01172
5	0.01929	0.01666	0.01753	0.01578	0.02016	0.01929	0.01227	0.04120	0.66513	0.03243	0.03156	0.02893	0.02367	0.01052	0.00789	0.00263	0.00614	0.00877	0.00789	0.01227
6	0.01128	0.00752	0.00846	0.00846	0.00846	0.00752	0.00470	0.01128	0.01128	0.01503	0.02443	0.05074	0.02819	0.72751	0.03946	0.00752	0.00752	0.01128	0.00470	0.00470
7	0.02885	0.02141	0.02292	0.01771	0.02381	0.02375	0.01459	0.61563	0.07513	0.04785	0.01941	0.01925	0.01383	0.00938	0.00776	0.00235	0.00838	0.00709	0.00776	0.01313
8	0.01830	0.02092	0.04575	0.03268	0.04052	0.01961	0.65098	0.02484	0.01830	0.02484	0.01569	0.02092	0.01176	0.00654	0.00915	0.00261	0.01307	0.00915	0.00392	0.01046
9	0.01464	0.01378	0.02326	0.70887	0.05340	0.01723	0.02153	0.01981	0.01550	0.01981	0.01378	0.02067	0.01034	0.00775	0.00775	0.00258	0.01034	0.00689	0.00345	0.00861
10	0.01128	0.00752	0.00846	0.00846	0.00846	0.00752	0.00470	0.01128	0.01128	0.01503	0.02443	0.05074	0.02819	0.72751	0.03946	0.00752	0.00752	0.01128	0.00470	0.00470
11	0.01608	0.01378	0.01608	0.01148	0.01837	0.01034	0.00919	0.01952	0.01608	0.02527	0.01378	0.01608	0.01148	0.00574	0.00574	0.00115	0.00574	0.00459	0.00459	0.77491
12	0.00944	0.00679	0.00896	0.01069	0.01122	0.00631	0.00715	0.01081	0.01494	0.01983	0.04397	0.70015	0.07278	0.02413	0.00987	0.00313	0.00448	0.02185	0.00720	0.00631
13	0.01608	0.01378	0.01608	0.01148	0.01837	0.01034	0.00919	0.01952	0.01608	0.02527	0.01378	0.01608	0.01148	0.00574	0.00574	0.00115	0.00574	0.00459	0.00459	0.77491
14	0.02947	0.02172	0.02327	0.01784	0.02404	0.02404	0.01474	0.65329	0.03646	0.04887	0.01862	0.01862	0.01319	0.00931	0.00776	0.00233	0.00853	0.00698	0.00776	0.01319
15	0.01244	0.00889	0.01242	0.01413	0.01591	0.00887	0.01232	0.01602	0.01799	0.02347	0.06225	0.08647	0.04558	0.02123	0.01066	0.00353	0.00702	0.60646	0.00719	0.00715
16	0.01108	0.00831	0.01246	0.01246	0.01385	0.00969	0.00969	0.01385	0.01246	0.01800	0.02077	0.03046	0.01938	0.05815	0.69678	0.01246	0.02077	0.00831	0.00415	0.00692
17	0.01464	0.01378	0.02326	0.70887	0.05340	0.01723	0.02153	0.01981	0.01550	0.01981	0.01378	0.02067	0.01034	0.00775	0.00775	0.00258	0.01034	0.00689	0.00345	0.00861
18	0.00945	0.00791	0.00825	0.00829	0.01082	0.00671	0.00631	0.01161	0.01797	0.02175	0.11746	0.07410	0.60435	0.01946	0.00924	0.00265	0.00406	0.04569	0.00729	0.00663
19	0.01667	0.01654	0.02371	0.02013	0.02045	0.02258	0.04210	0.01846	0.01210	0.01869	0.01128	0.01920	0.01135	0.05717	0.02564	0.00361	0.64133	0.00716	0.00349	0.00833
20	0.01097	0.00793	0.01036	0.00975	0.01158	0.00732	0.00732	0.01463	0.02195	0.03109	0.67505	0.05792	0.07316	0.01585	0.00914	0.00244	0.00366	0.01402	0.00854	0.00732
21	0.01347	0.00673	0.01010	0.01010	0.01010	0.00673	0.00673	0.01010	0.01010	0.01347	0.01347	0.02357	0.01347	0.02694	0.03030	0.77441	0.00673	0.00673	0.00337	0.00337
22	0.01919	0.01842	0.03147	0.04759	0.67914	0.01842	0.02380	0.02380	0.01765	0.02533	0.01458	0.01919	0.01228	0.00691	0.00768	0.00230	0.00921	0.00691	0.00384	0.01228
23	0.01097	0.00793	0.01036	0.00975	0.01158	0.00732	0.00732	0.01463	0.02195	0.03109	0.67505	0.05792	0.07316	0.01585	0.00914	0.00244	0.00366	0.01402	0.00854	0.00732
24	0.00997	0.00759	0.01118	0.01209	0.01298	0.00709	0.04540	0.01163	0.01505	0.02009	0.04113	0.68082	0.04894	0.02324	0.00985	0.00312	0.00501	0.02128	0.00700	0.00654
25	0.00945	0.00675	0.00900	0.01080	0.01125	0.00630	0.00720	0.01080	0.01484	0.01979	0.04274	0.72245	0.05128	0.02429	0.00990	0.00315	0.00450	0.02204	0.00720	0.00630
26	0.78228	0.01499	0.01140	0.01020	0.01499	0.01739	0.00840	0.02279	0.01320	0.03479	0.01080	0.01260	0.00840	0.00720	0.00480	0.00240	0.00600	0.00420	0.00480	0.00840
27	0.00924	0.00786	0.00796	0.00793	0.01052	0.00658	0.00595	0.01127	0.01785	0.02136	0.10291	0.07394	0.65138	0.01948	0.00916	0.00261	0.00392	0.01627	0.00725	0.00658
28	0.00945	0.00675	0.00900	0.01080	0.01125	0.00630	0.00720	0.01080	0.01484	0.01979	0.04274	0.72245	0.05128	0.02429	0.00990	0.00315	0.00450	0.02204	0.00720	0.00630
29	0.01608	0.01378	0.01608	0.01148	0.01837	0.01034	0.00919	0.01952	0.01608	0.02527	0.01378	0.01608	0.01148	0.00574	0.00574	0.00115	0.00574	0.00459	0.00459	0.77491
30	0.01608	0.01378	0.01608	0.01148	0.01837	0.01034	0.00919	0.01952	0.01608	0.02527	0.01378	0.01608	0.01148	0.00574	0.00574	0.00115	0.00574	0.00459	0.00459	0.77491
31	0.01696	0.01696	0.02375	0.02036	0.02036	0.02375	0.01696	0.01866	0.01187	0.01866	0.01018	0.01696	0.01018	0.01357	0.02545	0.00339	0.71332	0.00679	0.00339	0.00848
32	0.07526	0.02106	0.02226	0.01727	0.02330	0.02341	0.01423	0.58497	0.06538	0.04721	0.01876	0.01874	0.01340	0.00924	0.00758	0.00235	0.00826	0.00690	0.00758	0.01285
33	0.02041	0.68960	0.08042	0.01381	0.02074	0.02990	0.01421	0.02330	0.01579	0.01863	0.01097	0.01268	0.00994	0.00668	0.00512	0.00171	0.00849	0.00424	0.00331	0.01004
34	0.02947	0.02172	0.02327	0.01784	0.02404	0.02404	0.01474	0.65329	0.03646	0.04887	0.01862	0.01862	0.01319	0.00931	0.00776	0.00233	0.00853	0.00698	0.00776	0.01319
35	0.01696	0.01696	0.02375	0.02036	0.02036	0.02375	0.01696	0.01866	0.01187	0.01866	0.01018	0.01696	0.01018	0.01357	0.02545	0.00339	0.71332	0.00679	0.00339	0.00848
36	0.02903	0.01579	0.01898	0.01467	0.02069	0.01524	0.01199	0.19017	0.09150	0.35778	0.02515	0.02315	0.01699	0.00904	0.00749	0.00222	0.00691	0.00721	0.00820	0.12782
37	0.00945	0.00675	0.00900	0.01080	0.01125	0.00630	0.00720	0.01080	0.01484	0.01979	0.04274	0.72245	0.05128	0.02429	0.00990	0.00315	0.00450	0.02204	0.00720	0.00630
38	0.01097	0.00793	0.01036	0.00975	0.01158	0.00732	0.00732	0.01463	0.02195	0.03109	0.67505	0.05792	0.07316	0.01585	0.00914	0.00244	0.00366	0.01402	0.00854	0.00732
39	0.42334	0.01452	0.01465	0.04587	0.01887	0.01582	0.01078	0.08896	0.01807	0.16661	0.01943	0.02545	0.01556	0.00965	0.00657	0.00254	0.00672	0.08058	0.00630	0.00972
40	0.41017	0.01492	0.01688	0.18239	0.02605	0.01712	0.04301	0.08251	0.01690	0.03158	0.05390	0.01893	0.01389	0.00810	0.00630	0.00243	0.00741	0.00608	0.03252	0.00890
41	0.01108	0.00831	0.01246	0.01246	0.01385	0.00969	0.00969	0.01385	0.01246	0.01800	0.02077	0.03046	0.01938	0.05815	0.69678	0.01246	0.02077	0.00831	0.00415	0.00692
42	0.01464	0.01378	0.02326	0.70887	0.05340	0.01723	0.02153	0.01981	0.01550	0.01981	0.01378	0.02067	0.01034	0.00775	0.00775	0.00258	0.01034	0.00689	0.00345	0.00861
43	0.01752	0.01541	0.02608	0.21632	0.34899	0.01609	0.05043	0.02192	0.01731	0.06118	0.04980	0.08765	0.01871	0.00932	0.00805	0.00248	0.00884	0.00882	0.00461	0.01047
44	0.04423	0.07046	0.56974	0.02161	0.03219	0.01847	0.06485	0.02489	0.01654	0.04696	0.01432	0.01666	0.01021	0.00735	0.00728	0.00242	0.01104	0.00588	0.00358	0.01127
45	0.01830	0.02092	0.04575	0.03268	0.04052	0.01961	0.65098	0.02484	0.01830	0.02484	0.01569	0.02092	0.01176	0.00654	0.00915	0.00261	0.01307	0.00915	0.00392	0.01046
46	0.01109	0.00823	0.01209	0.01209	0.01335	0.00949	0.00923	0.01361	0.01235	0.01772	0.02111	0.03234	0.02020	0.12026	0.63579	0.01200	0.01954	0.00858	0.00420	0.00672
47	0.01673	0.02498	0.22897	0.06798	0.03695	0.01799	0.37147	0.02363	0.01753	0.02430	0.01744	0.02584	0.01420	0.00825	0.00869	0.00266	0.01188	0.06618	0.00401	0.01033
48	0.02073	0.73217	0.04063	0.01327	0.01990	0.03068	0.01327	0.02322	0.01575	0.01824	0.01078	0.01244	0.00995	0.00663	0.00498	0.00166	0.00829	0.00415	0.00332	0.00995
49	0.00990	0.00788	0.00888	0.00863	0.01093	0.00686	0.00647	0.01256	0.01942	0.02509	0.32244	0.06779	0.42951	0.01809	0.00916	0.00254	0.00382	0.01541	0.00775	0.00686
50	0.01312	0.01031	0.01430	0.11140	0.07023	0.01069	0.01141	0.07328	0.01781	0.02374	0.07255	0.37374	0.06750	0.03872	0.01006	0.00302	0.00624	0.05761	0.00647	0.00780
51	0.09563	0.03192	0.47493	0.01994	0.02945	0.01682	0.06189	0.02549	0.01678	0.09632	0.01604	0.01794	0.01128	0.00762	0.00717	0.00242	0.01011	0.00608	0.04112	0.01107
52	0.03479	0.01320	0.01799	0.01380	0.01979	0.01140	0.01140	0.03779	0.02219	0.68451	0.03059	0.02639	0.01919	0.00960	0.00780	0.00240	0.00660	0.00780	0.00960	0.01320
53	0.00945	0.00675	0.00900	0.01080	0.01125	0.00630	0.00720	0.01080	0.01484	0.01979	0.04274	0.72245	0.05128	0.02429	0.00990	0.00315	0.00450	0.02204	0.00720	0.00630
54	0.01605	0.02666	0.32615	0.02450	0.12230	0.01671	0.09917	0.02474	0.09966	0.02563	0.05689	0.08778	0.01969	0.00968	0.00804	0.00254	0.00956	0.00872	0.00469	0.01084
55	0.01878	0.01005	0.01312	0.01134	0.01460	0.00925	0.00885	0.02328	0.05870	0.23234	0.43994	0.04656	0.05372	0.01362	0.00866	0.00244	0.00470	0.01181	0.00883	0.00941
56	0.01230	0.00886	0.01222	0.01390	0.01573	0.00878	0.01210	0.01577	0.01784	0.02307	0.04328	0.08670	0.08209	0.02131	0.01062	0.00351	0.00695	0.59072	0.00714	0.00710
57	0.01464	0.01378	0.02326	0.70887	0.05340	0.01723	0.02153	0.01981	0.01550	0.01981	0.01378	0.02067	0.01034	0.00775	0.00775	0.00258	0.01034	0.00689	0.00345	0.00861
58	0.01117	0.00787	0.01025	0.01021	0.01090	0.00842	0.00695	0.01255	0.01241	0.01723	0.06150	0.04267	0.02717	0.40476	0.31314	0.00929	0.01284	0.01019	0.00470	0.00579
59	0.00988	0.00788	0.00885	0.00861	0.01091	0.00685	0.00646	0.01252	0.01937	0.02498	0.31563	0.06798	0.43639	0.01813	0.00916	0.00255	0.00382	0.01543	0.00773	0.00685
60	0.02217	0.02526	0.02536	0.09274	0.05051	0.29254	0.07777	0.04596	0.01795	0.02076	0.01224	0.01666	0.01045	0.00968	0.01343	0.00260	0.24458	0.00632	0.00385	0.00918
61	0.02498	0.01555	0.01912	0.04040	0.05845	0.01560	0.01274	0.22215	0.05636	0.21720	0.08568	0.02847	0.02244	0.03363	0.00885	0.00247	0.00713	0.03039	0.00753	0.09086
62	0.11339	0.01807	0.01994	0.01552	0.02129	0.01916	0.01274	0.38764	0.02897	0.22470	0.02133	0.02129	0.01489	0.03502	0.00858	0.00254	0.00767	0.00706	0.00784	0.01235
63	0.01887	0.01618	0.01722	0.01569	0.01991	0.01865	0.01229	0.03965	0.62531	0.03187	0.03214	0.03253	0.02496	0.01119	0.00806	0.00269	0.00620	0.04680	0.00784	0.01196
64	0.01608	0.01378	0.01608	0.01148	0.01837	0.01034	0.00919	0.01952	0.01608	0.02527	0.01378	0.01608	0.01148	0.00574	0.00574	0.00115	0.00574	0.00459	0.00459	0.77491
65	0.02303	0.01850	0.02785	0.02123	0.02683	0.01939	0.20556	0.29043	0.02524	0.08296	0.01979	0.06105	0.01581	0.01413	0.07365	0.00347	0.04509	0.00867	0.00615	0.01116
66	0.01777	0.01506	0.01623	0.01468	0.01860	0.01710	0.01137	0.03636	0.54786	0.03219	0.14889	0.03421	0.03269	0.01149	0.00812	0.00259	0.00568	0.00972	0.00801	0.01137
67	0.01639	0.02823	0.34023	0.02206	0.02805	0.02073	0.06754	0.02190	0.01446	0.02190	0.01234	0.01696	0.01012	0.01013	0.01571	0.00289	0.33050	0.00645	0.00337	0.01004
68	0.01052	0.00794	0.01024	0.04130	0.01322	0.00743	0.00769	0.01350	0.01950	0.02657	0.41587	0.19120	0.17062	0.01782	0.00923	0.00262	0.00417	0.01570	0.00781	0.00704
69	0.01193	0.00928	0.01356	0.01316	0.01440	0.01125	0.01036	0.01461	0.01256	0.01857	0.01972	0.02879	0.01831	0.05064	0.58588	0.01090	0.10209	0.00808	0.03878	0.00712
70	0.00945	0.00675	0.00900	0.01080	0.01125	0.00630	0.00720	0.01080	0.01484	0.01979	0.04274	0.72245	0.05128	0.02429	0.00990	0.00315	0.00450	0.02204	0.00720	0.00630
71	0.01479	0.01398	0.02329	0.66655	0.05137	0.01763	0.02125	0.01974	0.01528	0.01974	0.01356	0.02044	0.01033	0.00811	0.00884	0.00263	0.05355	0.00688	0.00344	0.00861
72	0.01249	0.00892	0.01249	0.01428	0.01606	0.00892	0.01249	0.01606	0.01785	0.02320	0.04105	0.08746	0.04462	0.02142	0.01071	0.00357	0.00714	0.62695	0.00714	0.00714
73	0.01243	0.00948	0.01175	0.01106	0.01112	0.01092	0.00742	0.01290	0.01145	0.01591	0.02136	0.04295	0.02412	0.55208	0.06592	0.00690	0.15202	0.01023	0.00441	0.00557
74	0.01830	0.02092	0.04575	0.03268	0.04052	0.01961	0.65098	0.02484	0.01830	0.02484	0.01569	0.02092	0.01176	0.00654	0.00915	0.00261	0.01307	0.00915	0.00392	0.01046
75	0.00973	0.00677	0.00890	0.01059	0.01112	0.00635	0.00710	0.01121	0.01493	0.02031	0.04174	0.68290	0.04949	0.02342	0.00964	0.00307	0.00445	0.02120	0.05073	0.00635
76	0.01555	0.04011	0.68733	0.02210	0.03356	0.01801	0.02865	0.02455	0.01637	0.02455	0.01391	0.01637	0.00982	0.00737	0.00737	0.00246	0.01146	0.00573	0.00327	0.01146
77	0.02953	0.02572	0.02195	0.01800	0.02335	0.25332	0.01432	0.34008	0.05543	0.11475	0.01831	0.01838	0.01324	0.00894	0.00750	0.00223	0.01007	0.00647	0.00669	0.01171
78	0.01748	0.01940	0.04065	0.06046	0.03761	0.01903	0.53040	0.02323	0.01743	0.02379	0.01680	0.06370	0.01400	0.00827	0.01049	0.00271	0.07089	0.00964	0.00406	0.00995
79	0.01586	0.01534	0.09945	0.01749	0.05229	0.01224	0.10118	0.02180	0.06896	0.08953	0.26344	0.06698	0.05984	0.01302	0.00881	0.00260	0.00700	0.06795	0.00687	0.00935
80	0.00945	0.00675	0.00900	0.01080	0.01125	0.00630	0.00720	0.01080	0.01484	0.01979	0.04274	0.72245	0.05128	0.02429	0.00990	0.00315	0.00450	0.02204	0.00720	0.00630
81	0.01632	0.01362	0.01593	0.01196	0.01819	0.01085	0.00956	0.05646	0.01730	0.02625	0.01704	0.05996	0.01545	0.00777	0.00634	0.00145	0.00590	0.03578	0.00505	0.64880
82	0.01463	0.01346	0.02247	0.67460	0.05124	0.01674	0.02075	0.01973	0.01554	0.02025	0.01434	0.02107	0.01080	0.00781	0.00764	0.00255	0.01001	0.00691	0.04091	0.00855
83	0.01541	0.01027	0.01352	0.24153	0.02470	0.01155	0.01134	0.05634	0.01721	0.02706	0.02106	0.02555	0.01630	0.00862	0.00634	0.00210	0.00614	0.00710	0.46981	0.00804
84	0.02836	0.02116	0.02264	0.01761	0.02362	0.02352	0.01447	0.58616	0.10540	0.04706	0.02003	0.01975	0.01434	0.00944	0.00777	0.00236	0.00827	0.00718	0.00777	0.01309
85	0.01606	0.10784	0.62404	0.02124	0.03222	0.01925	0.02714	0.02442	0.01631	0.02394	0.01361	0.01599	0.00983	0.00729	0.00713	0.00238	0.01115	0.00557	0.00328	0.01131
86	0.01367	0.01112	0.01257	0.01254	0.01496	0.01188	0.00922	0.02392	0.29048	0.02595	0.08056	0.32189	0.10510	0.01747	0.00893	0.00283	0.00508	0.01535	0.00757	0.00891
87	0.02110	0.01541	0.01875	0.07969	0.02303	0.01650	0.03364	0.20455	0.16937	0.10100	0.02968	0.11822	0.06262	0.01225	0.00824	0.00256	0.00716	0.03229	0.00722	0.03672
88	0.01805	0.01451	0.02026	0.01471	0.02144	0.01163	0.10075	0.02182	0.01697	0.09104	0.01669	0.04107	0.01361	0.00685	0.00657	0.00155	0.00683	0.00614	0.00508	0.56442

[dist]
# distance from previous block
# <min> <max>
0	6

[block]
# block no. 3 follows, 25 sequences, length 126
# corresponding to MSA columns:
# 175-300
name=unknown_D
#
# <colnr> <probs for GDERKNQSTAVLIFYWHMCP>
#	G	D	E	R	K	N	Q	S	T	A	V	L	I	F	Y	W	H	M	C	P
0	0.18646	0.50573	0.07507	0.01342	0.01986	0.05181	0.01326	0.02350	0.01547	0.02228	0.01103	0.01278	0.00961	0.00685	0.00517	0.00188	0.00821	0.00429	0.00366	0.00967
1	0.01863	0.14857	0.42358	0.01974	0.02915	0.05380	0.04694	0.05105	0.01770	0.05305	0.01429	0.01629	0.01058	0.00732	0.00696	0.00222	0.01043	0.00564	0.00389	0.06019
2	0.04738	0.07323	0.52430	0.02106	0.05692	0.01775	0.02468	0.02447	0.01688	0.05829	0.05281	0.01903	0.01402	0.00790	0.00727	0.00240	0.01027	0.00621	0.00398	0.01113
3	0.02491	0.37035	0.03079	0.01635	0.02160	0.30559	0.01400	0.02720	0.01860	0.06132	0.01253	0.01415	0.01057	0.00765	0.00677	0.00191	0.03717	0.00483	0.00400	0.00970
4	0.01555	0.04011	0.68733	0.02210	0.03356	0.01801	0.02865	0.02455	0.01637	0.02455	0.01391	0.01637	0.00982	0.00737	0.00737	0.00246	0.01146	0.00573	0.00327	0.01146
5	0.02185	0.63780	0.03810	0.01418	0.02045	0.12104	0.01350	0.02427	0.01660	0.01834	0.01094	0.01265	0.00996	0.00682	0.00525	0.00170	0.00906	0.00426	0.00341	0.00982
6	0.01128	0.00752	0.00846	0.00846	0.00846	0.00752	0.00470	0.01128	0.01128	0.01503	0.02443	0.05074	0.02819	0.72751	0.03946	0.00752	0.00752	0.01128	0.00470	0.00470
7	0.00945	0.00675	0.00900	0.01080	0.01125	0.00630	0.00720	0.01080	0.01484	0.01979	0.04274	0.72245	0.05128	0.02429	0.00990	0.00315	0.00450	0.02204	0.00720	0.00630
8	0.03199	0.01769	0.02078	0.01593	0.02204	0.01807	0.01316	0.36236	0.02971	0.34931	0.02428	0.02229	0.01603	0.00944	0.00778	0.00236	0.00762	0.00737	0.00863	0.01319
9	0.00928	0.00786	0.00802	0.00798	0.01055	0.00660	0.00598	0.01136	0.01795	0.02161	0.11734	0.07353	0.63679	0.01939	0.00916	0.00261	0.00391	0.01621	0.00729	0.00660
10	0.14796	0.01683	0.01905	0.01483	0.02073	0.01730	0.01225	0.27779	0.02642	0.33408	0.02282	0.02120	0.01516	0.00911	0.00732	0.00237	0.00727	0.00692	0.00813	0.01245
11	0.01634	0.01470	0.02478	0.54037	0.11554	0.01755	0.04538	0.02120	0.01594	0.05166	0.01452	0.02058	0.01100	0.00804	0.00883	0.00259	0.05090	0.00702	0.00379	0.00928
12	0.03208	0.01442	0.01842	0.01433	0.02009	0.01354	0.01176	0.12761	0.06155	0.52500	0.05661	0.02675	0.02089	0.00988	0.00785	0.00240	0.00673	0.00800	0.00918	0.01289
13	0.01249	0.00892	0.01249	0.01428	0.01606	0.00892	0.01249	0.01606	0.01785	0.02320	0.04105	0.08746	0.04462	0.02142	0.01071	0.00357	0.00714	0.62695	0.00714	0.00714
14	0.05564	0.06481	0.58443	0.02061	0.03119	0.01806	0.02590	0.02526	0.01656	0.06717	0.01470	0.01667	0.01036	0.00747	0.00717	0.00242	0.01075	0.00572	0.00376	0.01136
15	0.01578	0.03871	0.64525	0.02374	0.07498	0.01803	0.02834	0.02451	0.01645	0.02460	0.01396	0.01655	0.00998	0.00734	0.00739	0.00245	0.01131	0.00581	0.00331	0.01151
16	0.00918	0.00779	0.00792	0.00803	0.01052	0.00653	0.00597	0.01111	0.01751	0.02088	0.07647	0.11217	0.63978	0.01991	0.00921	0.00265	0.00396	0.01669	0.00720	0.00653
17	0.01136	0.00833	0.01070	0.01004	0.01199	0.00788	0.00755	0.01588	0.05207	0.03116	0.64491	0.05656	0.07084	0.01560	0.00909	0.00245	0.00377	0.01378	0.00851	0.00755
18	0.01907	0.51070	0.24758	0.01609	0.02427	0.02662	0.01819	0.02365	0.01595	0.02026	0.01178	0.01370	0.00991	0.00687	0.00574	0.00191	0.00931	0.00465	0.00330	0.01043
19	0.02165	0.65667	0.03871	0.01385	0.02034	0.05890	0.01344	0.06398	0.01735	0.02024	0.01133	0.01290	0.01016	0.00686	0.00524	0.00172	0.00855	0.00436	0.00363	0.01012
20	0.01916	0.01561	0.01773	0.01295	0.01968	0.01349	0.01047	0.16547	0.02077	0.03070	0.01489	0.01666	0.01188	0.00656	0.00621	0.00142	0.00638	0.00514	0.00532	0.59950
21	0.01199	0.00819	0.01068	0.01002	0.01205	0.00752	0.00762	0.01555	0.02166	0.05873	0.60284	0.05820	0.09232	0.01592	0.00914	0.00248	0.00392	0.03516	0.00848	0.00754
22	0.02073	0.73217	0.04063	0.01327	0.01990	0.03068	0.01327	0.02322	0.01575	0.01824	0.01078	0.01244	0.00995	0.00663	0.00498	0.00166	0.00829	0.00415	0.00332	0.00995
23	0.01445	0.00723	0.00723	0.00723	0.00903	0.00723	0.00542	0.01807	0.01626	0.02891	0.02529	0.02891	0.01987	0.00903	0.00542	0.00181	0.00361	0.00723	0.77055	0.00723
24	0.01109	0.00827	0.01229	0.01229	0.01361	0.00960	0.00947	0.01373	0.01241	0.01787	0.02093	0.03134	0.01977	0.08730	0.66816	0.01225	0.02019	0.00844	0.00418	0.00683
25	0.01347	0.00673	0.01010	0.01010	0.01010	0.00673	0.00673	0.01010	0.01010	0.01347	0.01347	0.02357	0.01347	0.02694	0.03030	0.77441	0.00673	0.00673	0.00337	0.00337
26	0.00945	0.00675	0.00900	0.01080	0.01125	0.00630	0.00720	0.01080	0.01484	0.01979	0.04274	0.72245	0.05128	0.02429	0.00990	0.00315	0.00450	0.02204	0.00720	0.00630
27	0.00940	0.00786	0.00819	0.00811	0.01062	0.00665	0.00608	0.01159	0.01824	0.02229	0.15765	0.07240	0.59605	0.01913	0.00916	0.00259	0.00389	0.01605	0.00738	0.00665
28	0.01830	0.01751	0.02986	0.17721	0.55649	0.01819	0.02335	0.02301	0.01723	0.02425	0.01443	0.01948	0.01190	0.00707	0.00769	0.00236	0.00943	0.00690	0.00376	0.01156
29	0.01710	0.01069	0.01001	0.00924	0.01171	0.04920	0.00710	0.09524	0.01902	0.03073	0.02372	0.02680	0.01850	0.00901	0.00579	0.00188	0.00481	0.00707	0.63434	0.00805
30	0.01128	0.00752	0.00846	0.00846	0.00846	0.00752	0.00470	0.01128	0.01128	0.01503	0.02443	0.05074	0.02819	0.72751	0.03946	0.00752	0.00752	0.01128	0.00470	0.00470
31	0.01038	0.00790	0.00953	0.00913	0.01122	0.00706	0.00684	0.01347	0.02053	0.02774	0.47790	0.06344	0.27241	0.01710	0.00915	0.00250	0.00375	0.01480	0.00809	0.00706
32	0.02769	0.03246	0.02180	0.01934	0.02350	0.52595	0.01478	0.10862	0.08193	0.02390	0.01452	0.01603	0.01164	0.00859	0.00786	0.00215	0.03901	0.00565	0.00479	0.00979
33	0.01830	0.02092	0.04575	0.03268	0.04052	0.01961	0.65098	0.02484	0.01830	0.02484	0.01569	0.02092	0.01176	0.00654	0.00915	0.00261	0.01307	0.00915	0.00392	0.01046
34	0.01126	0.00759	0.00884	0.00884	0.00897	0.00772	0.00517	0.01152	0.01139	0.01532	0.02408	0.04881	0.02735	0.66374	0.10209	0.00799	0.00878	0.01099	0.00465	0.00491
35	0.02139	0.02256	0.02441	0.02244	0.07532	0.19487	0.04396	0.08942	0.01782	0.02272	0.01250	0.01721	0.01101	0.01244	0.04071	0.00313	0.34804	0.00651	0.00409	0.00944
36	0.02076	0.01987	0.01860	0.01675	0.01975	0.18416	0.01322	0.02835	0.19635	0.07494	0.02672	0.05562	0.06992	0.01245	0.01184	0.00270	0.16144	0.05090	0.00596	0.00970
37	0.01902	0.01825	0.03116	0.07257	0.65551	0.01838	0.02371	0.02365	0.01757	0.02512	0.01455	0.01925	0.01221	0.00694	0.00768	0.00231	0.00925	0.00691	0.00382	0.01214
38	0.01126	0.00757	0.00871	0.00871	0.00880	0.00766	0.00502	0.01144	0.01135	0.01522	0.02420	0.04944	0.02762	0.68456	0.08164	0.00783	0.00837	0.01109	0.00466	0.00484
39	0.78228	0.01499	0.01140	0.01020	0.01499	0.01739	0.00840	0.02279	0.01320	0.03479	0.01080	0.01260	0.00840	0.00720	0.00480	0.00240	0.00600	0.00420	0.00480	0.00840
40	0.02073	0.73217	0.04063	0.01327	0.01990	0.03068	0.01327	0.02322	0.01575	0.01824	0.01078	0.01244	0.00995	0.00663	0.00498	0.00166	0.00829	0.00415	0.00332	0.00995
41	0.02891	0.02144	0.02295	0.01773	0.02383	0.02378	0.01460	0.61946	0.07120	0.04796	0.01933	0.01919	0.01377	0.00937	0.00776	0.00234	0.00840	0.00708	0.00776	0.01314
42	0.00993	0.00774	0.00888	0.00887	0.01085	0.00683	0.00647	0.01232	0.01856	0.02409	0.28068	0.13788	0.36717	0.05197	0.01066	0.00284	0.00406	0.01592	0.00755	0.00670
43	0.01608	0.01378	0.01608	0.01148	0.01837	0.01034	0.00919	0.01952	0.01608	0.02527	0.01378	0.01608	0.01148	0.00574	0.00574	0.00115	0.00574	0.00459	0.00459	0.77491
44	0.01696	0.01696	0.02375	0.02036	0.02036	0.02375	0.01696	0.01866	0.01187	0.01866	0.01018	0.01696	0.01018	0.01357	0.02545	0.00339	0.71332	0.00679	0.00339	0.00848
45	0.00945	0.00675	0.00900	0.01080	0.01125	0.00630	0.00720	0.01080	0.01484	0.01979	0.04274	0.72245	0.05128	0.02429	0.00990	0.00315	0.00450	0.02204	0.00720	0.00630
46	0.01608	0.01378	0.01608	0.01148	0.01837	0.01034	0.00919	0.01952	0.01608	0.02527	0.01378	0.01608	0.01148	0.00574	0.00574	0.00115	0.00574	0.00459	0.00459	0.77491
47	0.01919	0.01842	0.03147	0.04759	0.67914	0.01842	0.02380	0.02380	0.01765	0.02533	0.01458	0.01919	0.01228	0.00691	0.00768	0.00230	0.00921	0.00691	0.00384	0.01228
48	0.02947	0.02172	0.02327	0.01784	0.02404	0.02404	0.01474	0.65329	0.03646	0.04887	0.01862	0.01862	0.01319	0.00931	0.00776	0.00233	0.00853	0.00698	0.00776	0.01319
49	0.00945	0.00675	0.00900	0.01080	0.01125	0.00630	0.00720	0.01080	0.01484	0.01979	0.04274	0.72245	0.05128	0.02429	0.00990	0.00315	0.00450	0.02204	0.00720	0.00630
50	0.01555	0.04011	0.68733	0.02210	0.03356	0.01801	0.02865	0.02455	0.01637	0.02455	0.01391	0.01637	0.00982	0.00737	0.00737	0.00246	0.01146	0.00573	0.00327	0.01146
51	0.01696	0.01696	0.02375	0.02036	0.02036	0.02375	0.01696	0.01866	0.01187	0.01866	0.01018	0.01696	0.01018	0.01357	0.02545	0.00339	0.71332	0.00679	0.00339	0.00848
52	0.01115	0.00803	0.01103	0.01103	0.01192	0.00892	0.00791	0.01293	0.01204	0.01694	0.02208	0.03770	0.02253	0.29700	0.46223	0.01070	0.01604	0.00937	0.00435	0.00613
53	0.00945	0.00675	0.00900	0.01080	0.01125	0.00630	0.00720	0.01080	0.01484	0.01979	0.04274	0.72245	0.05128	0.02429	0.00990	0.00315	0.00450	0.02204	0.00720	0.00630
54	0.02942	0.02333	0.02313	0.01807	0.02404	0.09509	0.01476	0.58752	0.03492	0.04571	0.01791	0.01813	0.01285	0.00917	0.00768	0.00229	0.00911	0.00677	0.00736	0.01274
55	0.01656	0.01775	0.03718	0.02758	0.03385	0.01669	0.49305	0.02223	0.01831	0.02482	0.07044	0.07579	0.02246	0.00996	0.00936	0.00274	0.01118	0.07564	0.00482	0.00960
56	0.01555	0.04011	0.68733	0.02210	0.03356	0.01801	0.02865	0.02455	0.01637	0.02455	0.01391	0.01637	0.00982	0.00737	0.00737	0.00246	0.01146	0.00573	0.00327	0.01146
57	0.01820	0.39460	0.35608	0.01758	0.02656	0.02450	0.02077	0.02387	0.01605	0.02132	0.01231	0.01436	0.00989	0.00699	0.00614	0.00205	0.00984	0.00492	0.00330	0.01069
58	0.05349	0.01736	0.01774	0.01355	0.01968	0.07726	0.01084	0.15251	0.02121	0.05458	0.04390	0.01846	0.01453	0.00734	0.00646	0.00163	0.00704	0.00564	0.00556	0.45122
59	0.04640	0.01380	0.02257	0.55606	0.04624	0.01635	0.04661	0.02177	0.01620	0.08408	0.01584	0.02127	0.01158	0.00791	0.00760	0.00253	0.00964	0.00698	0.03750	0.00906
60	0.00973	0.00705	0.00930	0.01083	0.01155	0.00647	0.00728	0.01117	0.01490	0.02003	0.04148	0.69187	0.04956	0.02349	0.00972	0.00306	0.00455	0.02129	0.00708	0.03957
61	0.00945	0.00675	0.00900	0.01080	0.01125	0.00630	0.00720	0.01080	0.01484	0.01979	0.04274	0.72245	0.05128	0.02429	0.00990	0.00315	0.00450	0.02204	0.00720	0.00630
62	0.06580	0.02525	0.02008	0.01727	0.02206	0.29763	0.01347	0.13811	0.16402	0.12918	0.02013	0.01983	0.01483	0.00897	0.00733	0.00227	0.00983	0.00654	0.00637	0.01102
63	0.01704	0.01719	0.02502	0.02107	0.02153	0.02351	0.05372	0.01902	0.01225	0.01902	0.01050	0.01719	0.01027	0.01316	0.02450	0.00335	0.67272	0.00692	0.00342	0.00860
64	0.00963	0.00685	0.00910	0.01082	0.01130	0.00644	0.00728	0.01100	0.01481	0.01972	0.04194	0.67325	0.05012	0.05233	0.01111	0.00334	0.00471	0.04287	0.00710	0.00626
65	0.01775	0.01695	0.02886	0.25750	0.48052	0.01804	0.02308	0.02253	0.01697	0.02358	0.01433	0.01966	0.01166	0.00718	0.00770	0.00239	0.00957	0.00690	0.00371	0.01112
66	0.02615	0.02306	0.02157	0.01803	0.02290	0.20069	0.03925	0.18500	0.20568	0.11378	0.02150	0.02127	0.01584	0.00941	0.00842	0.00239	0.03976	0.00713	0.00668	0.01150
67	0.02032	0.01518	0.01622	0.01386	0.01804	0.01657	0.01107	0.24988	0.20395	0.03592	0.05601	0.03414	0.09722	0.01156	0.00774	0.00241	0.00626	0.03570	0.13729	0.01067
68	0.70514	0.01633	0.01233	0.01096	0.01576	0.06073	0.00894	0.02389	0.01411	0.05880	0.01163	0.01322	0.00891	0.00734	0.00505	0.00237	0.00653	0.00439	0.00493	0.00862
69	0.03300	0.01383	0.01798	0.01388	0.01966	0.01262	0.01144	0.10776	0.02350	0.57306	0.02890	0.02564	0.01854	0.00953	0.00765	0.00236	0.00665	0.00767	0.05349	0.01285
70	0.00964	0.00689	0.00922	0.01102	0.01156	0.00647	0.00754	0.01113	0.01504	0.02001	0.04263	0.68170	0.05085	0.02411	0.00995	0.00318	0.00467	0.06086	0.00719	0.00635
71	0.05816	0.01529	0.01759	0.01410	0.01913	0.04808	0.01137	0.09288	0.05669	0.28382	0.07030	0.04914	0.02092	0.00997	0.00862	0.00225	0.05475	0.00777	0.00732	0.15184
72	0.01674	0.01636	0.03021	0.05972	0.14036	0.01614	0.27917	0.04550	0.05592	0.02550	0.05085	0.11326	0.02352	0.01116	0.00897	0.00271	0.00963	0.07918	0.00520	0.00989
73	0.00958	0.00684	0.00915	0.01095	0.01145	0.00641	0.00743	0.01102	0.01497	0.01994	0.04266	0.69496	0.05099	0.02417	0.00993	0.00317	0.00461	0.04823	0.00719	0.00633
74	0.01608	0.01378	0.01608	0.01148	0.01837	0.01034	0.00919	0.01952	0.01608	0.02527	0.01378	0.01608	0.01148	0.00574	0.00574	0.00115	0.00574	0.00459	0.00459	0.77491
75	0.01127	0.00855	0.01269	0.01258	0.01388	0.01006	0.00976	0.01392	0.01241	0.01793	0.02055	0.03067	0.01937	0.07750	0.65561	0.01203	0.04183	0.00835	0.00415	0.00690
76	0.05147	0.06172	0.02286	0.01715	0.02263	0.11394	0.01408	0.43789	0.03027	0.07056	0.01752	0.01814	0.01284	0.00908	0.00801	0.00227	0.03617	0.00651	0.03500	0.01189
77	0.00981	0.00714	0.00939	0.01083	0.01164	0.00652	0.00731	0.01128	0.01491	0.02010	0.04113	0.68340	0.04908	0.02327	0.00967	0.00304	0.00457	0.02108	0.00705	0.04878
78	0.01347	0.00673	0.01010	0.01010	0.01010	0.00673	0.00673	0.01010	0.01010	0.01347	0.01347	0.02357	0.01347	0.02694	0.03030	0.77441	0.00673	0.00673	0.00337	0.00337
79	0.01400	0.00951	0.01044	0.01033	0.01060	0.00912	0.00597	0.01327	0.01299	0.01760	0.02653	0.05283	0.02991	0.69806	0.03915	0.00776	0.00833	0.01187	0.00556	0.00617
80	0.01790	0.01588	0.02522	0.53328	0.15389	0.01803	0.02163	0.02155	0.01708	0.02272	0.01646	0.02398	0.01332	0.01039	0.01004	0.04566	0.01064	0.00767	0.00442	0.01023
81	0.01721	0.01525	0.02396	0.65234	0.05182	0.01801	0.02143	0.02137	0.01706	0.02253	0.01681	0.02439	0.01321	0.00952	0.00871	0.00301	0.01076	0.00769	0.03506	0.00986
82	0.01704	0.00924	0.00927	0.00915	0.01115	0.00884	0.00666	0.01977	0.01775	0.03087	0.02736	0.03194	0.02196	0.01069	0.00658	0.00230	0.00459	0.00799	0.73826	0.00859
83	0.01399	0.00955	0.01063	0.01051	0.01085	0.00922	0.00620	0.01339	0.01304	0.01773	0.02636	0.05188	0.02950	0.66671	0.06994	0.00800	0.00895	0.01173	0.00554	0.00628
84	0.03593	0.01585	0.02013	0.01586	0.02190	0.01417	0.01273	0.10368	0.02494	0.59092	0.03116	0.02871	0.02067	0.01120	0.00885	0.00286	0.00765	0.00845	0.01005	0.01430
85	0.71885	0.04753	0.01451	0.01212	0.01707	0.01914	0.00972	0.02431	0.01493	0.03578	0.01349	0.01633	0.01104	0.00891	0.00599	0.00284	0.00697	0.00509	0.00559	0.00978
86	0.01747	0.00981	0.00999	0.00964	0.01181	0.00947	0.00708	0.04337	0.01873	0.03170	0.05224	0.03268	0.02377	0.01097	0.00681	0.00234	0.00478	0.00825	0.68028	0.00882
87	0.00954	0.00679	0.00897	0.01068	0.01111	0.00636	0.00707	0.01082	0.01466	0.01955	0.04181	0.68859	0.05012	0.05974	0.01139	0.00337	0.00465	0.02150	0.00707	0.00622
88	0.01608	0.01378	0.01608	0.01148	0.01837	0.01034	0.00919	0.01952	0.01608	0.02527	0.01378	0.01608	0.01148	0.00574	0.00574	0.00115	0.00574	0.00459	0.00459	0.77491
89	0.01585	0.08022	0.64985	0.02159	0.03277	0.01874	0.02776	0.02448	0.01633	0.02419	0.01373	0.01614	0.00983	0.00732	0.00723	0.00241	0.01128	0.00564	0.00328	0.01137
90	0.02791	0.02069	0.02212	0.01725	0.02312	0.02296	0.01416	0.56876	0.09923	0.04649	0.02016	0.02002	0.01448	0.00942	0.00769	0.00234	0.00811	0.00717	0.03504	0.01288
91	0.02947	0.02172	0.02327	0.01784	0.02404	0.02404	0.01474	0.65329	0.03646	0.04887	0.01862	0.01862	0.01319	0.00931	0.00776	0.00233	0.00853	0.00698	0.00776	0.01319
92	0.00945	0.00675	0.00900	0.01080	0.01125	0.00630	0.00720	0.01080	0.01484	0.01979	0.04274	0.72245	0.05128	0.02429	0.00990	0.00315	0.00450	0.02204	0.00720	0.00630
93	0.01830	0.02092	0.04575	0.03268	0.04052	0.01961	0.65098	0.02484	0.01830	0.02484	0.01569	0.02092	0.01176	0.00654	0.00915	0.00261	0.01307	0.00915	0.00392	0.01046
94	0.01464	0.01378	0.02326	0.70887	0.05340	0.01723	0.02153	0.01981	0.01550	0.01981	0.01378	0.02067	0.01034	0.00775	0.00775	0.00258	0.01034	0.00689	0.00345	0.00861
95	0.01097	0.00793	0.01036	0.00975	0.01158	0.00732	0.00732	0.01463	0.02195	0.03109	0.67505	0.05792	0.07316	0.01585	0.00914	0.00244	0.00366	0.01402	0.00854	0.00732
96	0.01347	0.00673	0.01010	0.01010	0.01010	0.00673	0.00673	0.01010	0.01010	0.01347	0.01347	0.02357	0.01347	0.02694	0.03030	0.77441	0.00673	0.00673	0.00337	0.00337
97	0.02073	0.73217	0.04063	0.01327	0.01990	0.03068	0.01327	0.02322	0.01575	0.01824	0.01078	0.01244	0.00995	0.00663	0.00498	0.00166	0.00829	0.00415	0.00332	0.00995
98	0.01919	0.01842	0.03147	0.04759	0.67914	0.01842	0.02380	0.02380	0.01765	0.02533	0.01458	0.01919	0.01228	0.00691	0.00768	0.00230	0.00921	0.00691	0.00384	0.01228
99	0.01086	0.00792	0.01020	0.00963	0.01151	0.00727	0.00722	0.01441	0.02167	0.03044	0.63677	0.05899	0.11184	0.01609	0.00915	0.00245	0.00368	0.01417	0.00845	0.00727
100	0.00923	0.00786	0.00795	0.00793	0.01052	0.00658	0.00595	0.01126	0.01784	0.02134	0.10152	0.07398	0.65277	0.01949	0.00916	0.00261	0.00392	0.01627	0.00725	0.00658
101	0.02947	0.02172	0.02327	0.01784	0.02404	0.02404	0.01474	0.65329	0.03646	0.04887	0.01862	0.01862	0.01319	0.00931	0.00776	0.00233	0.00853	0.00698	0.00776	0.01319
102	0.78228	0.01499	0.01140	0.01020	0.01499	0.01739	0.00840	0.02279	0.01320	0.03479	0.01080	0.01260	0.00840	0.00720	0.00480	0.00240	0.00600	0.00420	0.00480	0.00840
103	0.02947	0.02172	0.02327	0.01784	0.02404	0.02404	0.01474	0.65329	0.03646	0.04887	0.01862	0.01862	0.01319	0.00931	0.00776	0.00233	0.00853	0.00698	0.00776	0.01319
104	0.01445	0.00723	0.00723	0.00723	0.00903	0.00723	0.00542	0.01807	0.01626	0.02891	0.02529	0.02891	0.01987	0.00903	0.00542	0.00181	0.00361	0.00723	0.77055	0.00723
105	0.01919	0.01842	0.03147	0.04759	0.67914	0.01842	0.02380	0.02380	0.01765	0.02533	0.01458	0.01919	0.01228	0.00691	0.00768	0.00230	0.00921	0.00691	0.00384	0.01228
106	0.00934	0.00786	0.00810	0.00804	0.01058	0.00662	0.00603	0.01147	0.01809	0.02193	0.13655	0.07300	0.61737	0.01927	0.00916	0.00260	0.00390	0.01614	0.00733	0.00662
107	0.00945	0.00675	0.00900	0.01080	0.01125	0.00630	0.00720	0.01080	0.01484	0.01979	0.04274	0.72245	0.05128	0.02429	0.00990	0.00315	0.00450	0.02204	0.00720	0.00630
108	0.01097	0.00793	0.01036	0.00975	0.01158	0.00732	0.00732	0.01463	0.02195	0.03109	0.67505	0.05792	0.07316	0.01585	0.00914	0.00244	0.00366	0.01402	0.00854	0.00732
109	0.01128	0.00752	0.00846	0.00846	0.00846	0.00752	0.00470	0.01128	0.01128	0.01503	0.02443	0.05074	0.02819	0.72751	0.03946	0.00752	0.00752	0.01128	0.00470	0.00470
110	0.01091	0.00792	0.01027	0.00968	0.01154	0.00729	0.00726	0.01450	0.02179	0.03071	0.65276	0.05854	0.09569	0.01599	0.00915	0.00245	0.00367	0.01411	0.00849	0.00729
111	0.03594	0.01438	0.01906	0.01490	0.02091	0.01237	0.01206	0.03836	0.02303	0.66664	0.03183	0.02852	0.02062	0.01070	0.00851	0.00272	0.00717	0.00830	0.01004	0.01394
112	0.01036	0.00743	0.00992	0.01093	0.01201	0.00699	0.00796	0.01277	0.01758	0.02395	0.24928	0.41891	0.05753	0.02114	0.00976	0.00297	0.00458	0.10156	0.00763	0.00675
113	0.01555	0.04011	0.68733	0.02210	0.03356	0.01801	0.02865	0.02455	0.01637	0.02455	0.01391	0.01637	0.00982	0.00737	0.00737	0.00246	0.01146	0.00573	0.00327	0.01146
