[name]
unknown

[dist]
# distance from previous block
# <min> <max>
0	32

[block]
# block no. 0 follows, 25 sequences, length 11
# corresponding to MSA columns:
# 32-42
name=unknown_A
#
# <colnr> <probs for GDERKNQSTAVLIFYWHMCP>
#	G	D	E	R	K	N	Q	S	T	A	V	L	I	F	Y	W	H	M	C	P
0	0.01273	0.01012	0.01406	0.01475	0.01584	0.01146	0.01220	0.01538	0.01587	0.02143	0.03488	0.22189	0.03886	0.02043	0.01365	0.00343	0.15670	0.35272	0.00636	0.00723
1	0.01509	0.01530	0.11748	0.01350	0.01678	0.01218	0.01155	0.14969	0.01884	0.02560	0.02881	0.30481	0.03129	0.18394	0.01601	0.00389	0.00715	0.01377	0.00612	0.00819
2	0.01995	0.19544	0.29065	0.01884	0.02627	0.02317	0.02025	0.15704	0.01980	0.02732	0.01359	0.01601	0.01062	0.00857	0.00970	0.00239	0.11933	0.00579	0.00426	0.01101
3	0.01960	0.02389	0.12010	0.01611	0.02016	0.26225	0.01439	0.02339	0.01858	0.02307	0.02154	0.03358	0.01966	0.01116	0.00802	0.00240	0.03068	0.13796	0.18491	0.00855
4	0.01878	0.19099	0.17311	0.03409	0.38672	0.02122	0.02235	0.02382	0.01693	0.02350	0.01355	0.01700	0.01121	0.00694	0.00697	0.00218	0.00947	0.00601	0.00360	0.01156
5	0.01377	0.01241	0.02000	0.49326	0.06595	0.01478	0.01789	0.01865	0.04006	0.02049	0.02130	0.18606	0.02055	0.01172	0.00826	0.00271	0.00876	0.01053	0.00451	0.00835
6	0.18011	0.10050	0.21475	0.02296	0.17768	0.01815	0.01851	0.02307	0.01589	0.02634	0.01305	0.01576	0.01037	0.00689	0.00638	0.00212	0.00854	0.00533	0.00394	0.12966
7	0.19771	0.01555	0.02124	0.41366	0.03935	0.01841	0.03902	0.11928	0.01832	0.02803	0.01390	0.01846	0.01037	0.00782	0.00711	0.00250	0.00913	0.00635	0.00445	0.00934
8	0.00990	0.00694	0.00886	0.01022	0.01056	0.00660	0.00658	0.01091	0.01397	0.01862	0.03823	0.55713	0.04560	0.19736	0.01717	0.00422	0.00524	0.01939	0.00658	0.00590
9	0.17889	0.01478	0.02177	0.18952	0.28670	0.01604	0.01741	0.02062	0.01576	0.02518	0.01797	0.12759	0.01707	0.00987	0.00743	0.00252	0.00806	0.00868	0.00447	0.00966
10	0.02233	0.01987	0.12486	0.02306	0.16231	0.01705	0.01707	0.03411	0.27517	0.18314	0.02497	0.02431	0.01804	0.00904	0.00774	0.00248	0.00773	0.00767	0.00671	0.01237

[dist]
# distance from previous block
# <min> <max>
3	12

[block]
# block no. 1 follows, 25 sequences, length 8
# corresponding to MSA columns:
# 55-62
name=unknown_B
#
# <colnr> <probs for GDERKNQSTAVLIFYWHMCP>
#	G	D	E	R	K	N	Q	S	T	A	V	L	I	F	Y	W	H	M	C	P
0	0.01861	0.01299	0.02060	0.41333	0.06651	0.01459	0.01793	0.02302	0.01739	0.15775	0.02215	0.03371	0.01837	0.01054	0.00829	0.00271	0.00895	0.11774	0.00539	0.00945
1	0.01113	0.00904	0.01191	0.16141	0.01975	0.00919	0.00946	0.01375	0.01677	0.02167	0.17566	0.09374	0.25366	0.14288	0.01430	0.00348	0.00594	0.01325	0.00621	0.00681
2	0.01567	0.02422	0.27890	0.02976	0.28511	0.01562	0.02204	0.02125	0.01655	0.02382	0.02047	0.17148	0.01984	0.01088	0.00804	0.00255	0.00905	0.00976	0.00435	0.01066
3	0.17489	0.14883	0.16839	0.01700	0.02173	0.02175	0.01673	0.02138	0.01385	0.02317	0.01174	0.01578	0.01014	0.01181	0.04594	0.00311	0.25517	0.00562	0.00368	0.00930
4	0.01561	0.02049	0.15154	0.01430	0.01764	0.15964	0.01243	0.01820	0.01545	0.01891	0.02361	0.18466	0.02555	0.26604	0.01920	0.00430	0.00907	0.01115	0.00481	0.00738
5	0.01664	0.28893	0.02577	0.01522	0.01848	0.02053	0.01377	0.01938	0.01574	0.02030	0.02267	0.04322	0.02377	0.01402	0.01172	0.00280	0.16159	0.25209	0.00485	0.00851
6	0.01467	0.01291	0.02064	0.18215	0.25335	0.01344	0.01629	0.01900	0.01899	0.02652	0.29466	0.03596	0.03767	0.01090	0.00832	0.00242	0.00711	0.00992	0.00574	0.00934
7	0.01430	0.02235	0.28099	0.01632	0.02234	0.01422	0.01719	0.02314	0.13245	0.02588	0.15492	0.03025	0.02744	0.02075	0.15818	0.00467	0.01093	0.00854	0.00537	0.00976

[dist]
# distance from previous block
# <min> <max>
0	1

[block]
# block no. 2 follows, 25 sequences, length 6
# corresponding to MSA columns:
# 64-69
name=unknown_C
#
# <colnr> <probs for GDERKNQSTAVLIFYWHMCP>
#	G	D	E	R	K	N	Q	S	T	A	V	L	I	F	Y	W	H	M	C	P
0	0.02939	0.02415	0.02306	0.01818	0.02403	0.13158	0.01478	0.55375	0.03414	0.04408	0.01755	0.01787	0.01267	0.00910	0.00763	0.00227	0.00940	0.00666	0.00715	0.01251
1	0.01108	0.00831	0.01246	0.01246	0.01385	0.00969	0.00969	0.01385	0.01246	0.01800	0.02077	0.03046	0.01938	0.05815	0.69678	0.01246	0.02077	0.00831	0.00415	0.00692
2	0.02009	0.01555	0.02326	0.01706	0.02380	0.01341	0.15526	0.02579	0.07482	0.13956	0.01868	0.02009	0.01395	0.00701	0.00706	0.00183	0.00759	0.00655	0.00560	0.40306
3	0.01695	0.00982	0.01277	0.01096	0.01432	0.00858	0.00848	0.02029	0.02079	0.17764	0.40313	0.08564	0.05144	0.01361	0.00844	0.00230	0.00465	0.01185	0.00817	0.11016
4	0.01652	0.17013	0.56583	0.02044	0.03099	0.02039	0.02576	0.02430	0.01625	0.02337	0.01333	0.01563	0.00985	0.00723	0.00692	0.00231	0.01086	0.00543	0.00328	0.01118
5	0.20431	0.01839	0.01906	0.01527	0.02087	0.02024	0.01250	0.34621	0.11239	0.12510	0.02004	0.01958	0.01423	0.00901	0.00709	0.00239	0.00738	0.00667	0.00732	0.01195

[dist]
# distance from previous block
# <min> <max>
1	5

[block]
# block no. 3 follows, 25 sequences, length 6
# corresponding to MSA columns:
# 75-80
name=unknown_D
#
# <colnr> <probs for GDERKNQSTAVLIFYWHMCP>
#	G	D	E	R	K	N	Q	S	T	A	V	L	I	F	Y	W	H	M	C	P
0	0.47068	0.01567	0.01415	0.01205	0.01716	0.01731	0.00975	0.07453	0.14239	0.03411	0.01585	0.01672	0.01216	0.00781	0.00576	0.00227	0.00619	0.00536	0.00560	0.11449
1	0.08705	0.00785	0.00941	0.01038	0.01163	0.00760	0.00726	0.01269	0.01610	0.02335	0.15280	0.49631	0.08775	0.02082	0.00921	0.00292	0.00447	0.01851	0.00719	0.00670
2	0.01680	0.01407	0.01722	0.01336	0.01902	0.01226	0.03945	0.08602	0.06881	0.02741	0.02026	0.12726	0.01881	0.00940	0.00692	0.00177	0.00621	0.00809	0.00555	0.48133
3	0.12826	0.03851	0.05973	0.01350	0.01859	0.01382	0.01175	0.07639	0.06067	0.27948	0.15000	0.03239	0.02841	0.01092	0.00769	0.00246	0.00647	0.04242	0.00774	0.01079
4	0.12356	0.01699	0.02571	0.07506	0.43446	0.01770	0.01972	0.07182	0.01841	0.02793	0.01698	0.02516	0.01494	0.00864	0.00760	0.00246	0.00858	0.06860	0.00458	0.01109
5	0.01588	0.01392	0.08221	0.04968	0.10878	0.01158	0.01337	0.03759	0.04262	0.09699	0.24330	0.15518	0.04149	0.01405	0.00867	0.00260	0.00633	0.03959	0.00692	0.00925

[dist]
# distance from previous block
# <min> <max>
2	11

[block]
# block no. 4 follows, 25 sequences, length 20
# corresponding to MSA columns:
# 92-111
name=unknown_E
#
# <colnr> <probs for GDERKNQSTAVLIFYWHMCP>
#	G	D	E	R	K	N	Q	S	T	A	V	L	I	F	Y	W	H	M	C	P
0	0.01420	0.01285	0.01969	0.06682	0.31185	0.01255	0.01507	0.01769	0.01785	0.02398	0.11558	0.09201	0.22244	0.01314	0.00847	0.00249	0.00667	0.01172	0.00564	0.00930
1	0.01926	0.01771	0.02839	0.07862	0.51524	0.01825	0.02160	0.06744	0.06331	0.02700	0.01752	0.02387	0.01490	0.00821	0.00788	0.00242	0.00890	0.04310	0.00455	0.01184
2	0.01807	0.01699	0.02823	0.04187	0.57152	0.01706	0.02134	0.02309	0.04712	0.02502	0.01862	0.10103	0.01732	0.00909	0.00794	0.00242	0.00852	0.00875	0.00441	0.01159
3	0.01240	0.01197	0.08885	0.01193	0.01479	0.00901	0.01012	0.01680	0.05419	0.05498	0.29058	0.27102	0.08853	0.01731	0.00906	0.00269	0.00512	0.01529	0.00742	0.00795
4	0.06850	0.03588	0.56512	0.02423	0.10701	0.01801	0.02670	0.02435	0.01630	0.02535	0.01378	0.01644	0.01001	0.00730	0.00723	0.00243	0.01082	0.00576	0.00344	0.01134
5	0.02216	0.01492	0.01823	0.01484	0.01998	0.01475	0.03833	0.11248	0.19999	0.17623	0.02680	0.11109	0.02181	0.01076	0.00773	0.00231	0.00657	0.00916	0.00734	0.16453
6	0.01564	0.01467	0.02409	0.56201	0.14469	0.01755	0.02123	0.02189	0.06078	0.02151	0.01513	0.02102	0.01155	0.00782	0.00775	0.00255	0.00988	0.00702	0.00381	0.00942
7	0.01919	0.01842	0.03147	0.04759	0.67914	0.01842	0.02380	0.02380	0.01765	0.02533	0.01458	0.01919	0.01228	0.00691	0.00768	0.00230	0.00921	0.00691	0.00384	0.01228
8	0.08371	0.01392	0.01763	0.01367	0.01958	0.01270	0.01124	0.06399	0.05332	0.53352	0.02758	0.02450	0.01787	0.00920	0.00745	0.00232	0.00656	0.00734	0.00876	0.06514
9	0.01053	0.00793	0.01123	0.01172	0.01271	0.00752	0.04446	0.01211	0.01469	0.01944	0.03908	0.47135	0.07329	0.16286	0.01577	0.00399	0.00576	0.06277	0.00651	0.00629
10	0.02947	0.02172	0.02327	0.01784	0.02404	0.02404	0.01474	0.65329	0.03646	0.04887	0.01862	0.01862	0.01319	0.00931	0.00776	0.00233	0.00853	0.00698	0.00776	0.01319
11	0.01000	0.00764	0.01130	0.01217	0.01308	0.00713	0.04752	0.01168	0.01506	0.02011	0.04104	0.67851	0.04881	0.02318	0.00985	0.00312	0.00504	0.02123	0.00699	0.00656
12	0.01653	0.17027	0.56570	0.02044	0.03099	0.02039	0.02575	0.02430	0.01625	0.02337	0.01332	0.01563	0.00985	0.00723	0.00692	0.00231	0.01086	0.00543	0.00328	0.01118
13	0.07060	0.02685	0.34546	0.01784	0.02627	0.01582	0.01975	0.03071	0.08461	0.25372	0.02128	0.02088	0.01438	0.00845	0.00741	0.00245	0.00889	0.00666	0.00602	0.01195
14	0.03159	0.01652	0.03975	0.01492	0.02077	0.06012	0.01246	0.06669	0.10300	0.50613	0.02833	0.02517	0.01854	0.00952	0.00774	0.00240	0.00729	0.00762	0.00871	0.01274
15	0.01808	0.02148	0.07253	0.03132	0.03875	0.01984	0.57746	0.02438	0.01775	0.02438	0.01521	0.02043	0.01156	0.00708	0.01025	0.00266	0.06381	0.00883	0.00385	0.01036
16	0.00990	0.00737	0.01003	0.05888	0.01415	0.00714	0.00813	0.01171	0.01555	0.02067	0.08838	0.59369	0.08087	0.02230	0.00966	0.00303	0.00481	0.02013	0.00704	0.00654
17	0.01631	0.08788	0.56359	0.02374	0.07759	0.01903	0.05769	0.02442	0.01651	0.02416	0.01382	0.01650	0.01010	0.00724	0.00730	0.00239	0.01115	0.00586	0.00335	0.01136
18	0.01140	0.00877	0.01036	0.01068	0.01265	0.00837	0.00798	0.04437	0.05471	0.02430	0.14736	0.28133	0.24771	0.01977	0.00942	0.00285	0.00474	0.07850	0.00746	0.00728
19	0.01702	0.02102	0.10022	0.02916	0.03648	0.01791	0.51907	0.02318	0.01772	0.02422	0.01867	0.10215	0.01619	0.00868	0.00907	0.00266	0.01193	0.01034	0.00424	0.01007

[dist]
# distance from previous block
# <min> <max>
4	7

[block]
# block no. 5 follows, 25 sequences, length 6
# corresponding to MSA columns:
# 119-124
name=unknown_F
#
# <colnr> <probs for GDERKNQSTAVLIFYWHMCP>
#	G	D	E	R	K	N	Q	S	T	A	V	L	I	F	Y	W	H	M	C	P
0	0.02424	0.01819	0.02020	0.01633	0.02156	0.01998	0.01321	0.29033	0.24181	0.08937	0.02282	0.02230	0.01679	0.00964	0.00877	0.00238	0.05439	0.00738	0.00732	0.09297
1	0.01598	0.01515	0.02568	0.51410	0.23771	0.01758	0.02220	0.02098	0.01614	0.02144	0.01402	0.02024	0.01091	0.00750	0.00773	0.00250	0.01000	0.00690	0.00356	0.00969
2	0.01628	0.01726	0.03499	0.02586	0.03212	0.01588	0.44834	0.02142	0.01735	0.02388	0.02087	0.16043	0.01962	0.00999	0.00891	0.00255	0.01051	0.01120	0.00465	0.09789
3	0.09955	0.03787	0.03810	0.01162	0.01571	0.01077	0.00955	0.02192	0.01881	0.19930	0.19591	0.13327	0.07896	0.01316	0.00790	0.00239	0.00546	0.01110	0.00739	0.08126
4	0.02319	0.01247	0.01570	0.01285	0.01764	0.01102	0.01009	0.08510	0.02017	0.29233	0.02855	0.20400	0.02510	0.01246	0.00784	0.00229	0.00603	0.01065	0.00759	0.19493
5	0.01330	0.01072	0.01243	0.01081	0.01412	0.00998	0.00838	0.07445	0.01975	0.02683	0.20772	0.09385	0.25420	0.01499	0.00923	0.00233	0.04031	0.01248	0.00690	0.15722

[dist]
# distance from previous block
# <min> <max>
0	1

[block]
# block no. 6 follows, 25 sequences, length 6
# corresponding to MSA columns:
# 126-131
name=unknown_G
#
# <colnr> <probs for GDERKNQSTAVLIFYWHMCP>
#	G	D	E	R	K	N	Q	S	T	A	V	L	I	F	Y	W	H	M	C	P
0	0.01464	0.01378	0.02326	0.70887	0.05340	0.01723	0.02153	0.01981	0.01550	0.01981	0.01378	0.02067	0.01034	0.00775	0.00775	0.00258	0.01034	0.00689	0.00345	0.00861
1	0.03054	0.02001	0.02221	0.01703	0.02319	0.02151	0.01407	0.53013	0.03360	0.17606	0.02101	0.02017	0.01439	0.00937	0.00776	0.00234	0.00815	0.00714	0.00812	0.01319
2	0.01599	0.01974	0.10771	0.06684	0.03457	0.01659	0.41469	0.02166	0.01722	0.02349	0.02087	0.16276	0.01949	0.01030	0.00902	0.00270	0.01099	0.01126	0.00449	0.00962
3	0.02024	0.01681	0.01798	0.01596	0.02042	0.01921	0.01264	0.12656	0.52849	0.03410	0.03041	0.03172	0.02370	0.01114	0.00808	0.00266	0.00655	0.05348	0.00782	0.01203
4	0.01087	0.00765	0.00914	0.00921	0.00987	0.00763	0.00591	0.01186	0.01322	0.01768	0.08216	0.09321	0.10454	0.45287	0.12547	0.00700	0.00851	0.01231	0.00536	0.00553
5	0.16539	0.53377	0.09275	0.01347	0.02018	0.02702	0.01371	0.02326	0.01532	0.02196	0.01106	0.01282	0.00964	0.00681	0.00515	0.00187	0.00814	0.00430	0.00360	0.00979

[dist]
# distance from previous block
# <min> <max>
0	4

[block]
# block no. 7 follows, 25 sequences, length 10
# corresponding to MSA columns:
# 136-145
name=unknown_H
#
# <colnr> <probs for GDERKNQSTAVLIFYWHMCP>
#	G	D	E	R	K	N	Q	S	T	A	V	L	I	F	Y	W	H	M	C	P
0	0.11672	0.01500	0.02357	0.46565	0.19148	0.01752	0.02032	0.02111	0.01569	0.02304	0.01357	0.01927	0.01053	0.00749	0.00735	0.00250	0.00951	0.00654	0.00371	0.00942
1	0.17527	0.01764	0.01801	0.01419	0.01979	0.04024	0.01154	0.29138	0.02522	0.07172	0.07331	0.02055	0.01729	0.00870	0.00686	0.00210	0.00712	0.00653	0.00656	0.16596
2	0.01172	0.00789	0.00931	0.00978	0.01043	0.00782	0.00629	0.04391	0.01443	0.01988	0.03169	0.32155	0.03615	0.34206	0.02285	0.00498	0.00600	0.01511	0.07218	0.00600
3	0.01607	0.10877	0.62317	0.02122	0.03220	0.01926	0.02712	0.02442	0.01631	0.02393	0.01360	0.01598	0.00983	0.00729	0.00713	0.00238	0.01114	0.00557	0.00328	0.01131
4	0.01640	0.01557	0.02643	0.45334	0.29520	0.01769	0.02241	0.02135	0.01634	0.02194	0.01409	0.02010	0.01109	0.00743	0.00772	0.00248	0.00990	0.00690	0.00360	0.01003
5	0.02254	0.02171	0.01901	0.01698	0.02130	0.18599	0.01331	0.12391	0.36075	0.03066	0.02571	0.02884	0.02061	0.01067	0.00789	0.00251	0.00850	0.06110	0.00685	0.01115
6	0.01621	0.16298	0.48491	0.07452	0.03162	0.01976	0.02428	0.02347	0.01645	0.02333	0.04405	0.01792	0.01283	0.00766	0.00704	0.00232	0.01043	0.00592	0.00354	0.01076
7	0.37617	0.01786	0.01960	0.01546	0.02117	0.01953	0.07467	0.25105	0.02279	0.09052	0.01567	0.01668	0.01131	0.00808	0.00653	0.00239	0.00766	0.00598	0.00616	0.01071
8	0.04430	0.01475	0.01587	0.01374	0.01818	0.01554	0.01089	0.14282	0.26200	0.03153	0.03506	0.06717	0.13191	0.01236	0.00795	0.00245	0.00614	0.04721	0.00712	0.11302
9	0.41670	0.02129	0.01588	0.01389	0.01847	0.19695	0.01100	0.11824	0.01960	0.03245	0.05929	0.01707	0.01411	0.00833	0.00613	0.00229	0.00832	0.00552	0.00529	0.00919

[dist]
# distance from previous block
# <min> <max>
0	2

[block]
# block no. 8 follows, 25 sequences, length 119
# corresponding to MSA columns:
# 148-266
name=unknown_I
#
# <colnr> <probs for GDERKNQSTAVLIFYWHMCP>
#	G	D	E	R	K	N	Q	S	T	A	V	L	I	F	Y	W	H	M	C	P
0	0.02396	0.01838	0.01972	0.01617	0.02146	0.02033	0.01299	0.31924	0.30403	0.06235	0.02688	0.02553	0.04514	0.01013	0.00780	0.00243	0.00714	0.00807	0.00774	0.04048
1	0.01874	0.02100	0.03632	0.20834	0.06522	0.10513	0.38245	0.02426	0.01801	0.02279	0.01468	0.01991	0.01118	0.00705	0.00846	0.00252	0.01233	0.00795	0.00380	0.00986
2	0.02943	0.02296	0.02316	0.01801	0.02404	0.07882	0.01476	0.60259	0.03528	0.04643	0.01808	0.01824	0.01293	0.00920	0.00769	0.00230	0.00898	0.00682	0.00745	0.01284
3	0.06653	0.02139	0.02268	0.01746	0.02360	0.02372	0.01443	0.62225	0.03531	0.04817	0.01823	0.01832	0.01295	0.00920	0.00761	0.00233	0.00841	0.00684	0.00761	0.01295
4	0.01128	0.00752	0.00846	0.00846	0.00846	0.00752	0.00470	0.01128	0.01128	0.01503	0.02443	0.05074	0.02819	0.72751	0.03946	0.00752	0.00752	0.01128	0.00470	0.00470
5	0.01190	0.00970	0.01141	0.01212	0.03759	0.00940	0.00903	0.01737	0.11273	0.02436	0.12936	0.09844	0.32903	0.01799	0.00927	0.00280	0.00508	0.13733	0.00732	0.00779
6	0.01919	0.01842	0.03147	0.04759	0.67914	0.01842	0.02380	0.02380	0.01765	0.02533	0.01458	0.01919	0.01228	0.00691	0.00768	0.00230	0.00921	0.00691	0.00384	0.01228
7	0.01696	0.01696	0.02375	0.02036	0.02036	0.02375	0.01696	0.01866	0.01187	0.01866	0.01018	0.01696	0.01018	0.01357	0.02545	0.00339	0.71332	0.00679	0.00339	0.00848
8	0.02830	0.03596	0.02344	0.02076	0.02499	0.65451	0.05433	0.03058	0.02175	0.01934	0.01221	0.01441	0.01010	0.00790	0.00712	0.00204	0.01393	0.00525	0.00399	0.00908
9	0.01957	0.01806	0.03068	0.07153	0.63197	0.01813	0.02327	0.02414	0.01773	0.04850	0.01512	0.01950	0.01245	0.00704	0.00768	0.00232	0.00916	0.00694	0.00403	0.01217
10	0.01929	0.01666	0.01753	0.01578	0.02016	0.01929	0.01227	0.04120	0.66513	0.03243	0.03156	0.02893	0.02367	0.01052	0.00789	0.00263	0.00614	0.00877	0.00789	0.01227
11	0.01128	0.00752	0.00846	0.00846	0.00846	0.00752	0.00470	0.01128	0.01128	0.01503	0.02443	0.05074	0.02819	0.72751	0.03946	0.00752	0.00752	0.01128	0.00470	0.00470
12	0.01705	0.01721	0.02511	0.02112	0.02160	0.02349	0.05619	0.01904	0.01227	0.01904	0.01052	0.01721	0.01028	0.01314	0.02444	0.00334	0.66999	0.00693	0.00343	0.00860
13	0.01862	0.01805	0.03142	0.12200	0.56835	0.01836	0.06234	0.02341	0.01745	0.02467	0.01456	0.01947	0.01203	0.00698	0.00778	0.00235	0.00958	0.00705	0.00380	0.01175
14	0.00944	0.00679	0.00895	0.01068	0.01121	0.00631	0.00714	0.01081	0.01496	0.01984	0.04418	0.69632	0.07647	0.02410	0.00987	0.00313	0.00448	0.02181	0.00720	0.00631
15	0.01128	0.00752	0.00846	0.00846	0.00846	0.00752	0.00470	0.01128	0.01128	0.01503	0.02443	0.05074	0.02819	0.72751	0.03946	0.00752	0.00752	0.01128	0.00470	0.00470
16	0.01640	0.01481	0.02015	0.01453	0.02126	0.01205	0.09086	0.02016	0.01619	0.02494	0.01388	0.01673	0.01147	0.00616	0.00697	0.00142	0.03520	0.00526	0.00446	0.64709
17	0.02004	0.61349	0.06795	0.01453	0.02058	0.02926	0.01442	0.02272	0.01531	0.01858	0.01085	0.01317	0.00997	0.00751	0.00758	0.00191	0.09444	0.00454	0.00332	0.00984
18	0.00939	0.00786	0.00817	0.00810	0.01061	0.00664	0.00607	0.01157	0.01822	0.02223	0.15424	0.07250	0.59949	0.01916	0.00916	0.00260	0.00389	0.01607	0.00737	0.00664
19	0.06348	0.01386	0.01579	0.01140	0.01817	0.01077	0.00914	0.01973	0.01590	0.02585	0.01360	0.01586	0.01129	0.00583	0.00568	0.00123	0.00576	0.00457	0.00461	0.72748
20	0.01640	0.03789	0.59910	0.02449	0.09579	0.04319	0.02767	0.02472	0.01670	0.02442	0.01391	0.01655	0.01007	0.00735	0.00738	0.00242	0.01133	0.00582	0.00336	0.01145
21	0.10875	0.02196	0.06227	0.01831	0.04539	0.07593	0.01498	0.31496	0.13777	0.03728	0.01834	0.01911	0.01373	0.00932	0.00880	0.00245	0.06590	0.00673	0.00638	0.01164
22	0.01536	0.03878	0.65944	0.02159	0.03265	0.01757	0.02777	0.02415	0.01660	0.02482	0.04116	0.01808	0.01243	0.00772	0.00744	0.00245	0.01114	0.00607	0.00349	0.01129
23	0.02155	0.63078	0.07880	0.01386	0.02074	0.02832	0.01407	0.02449	0.01632	0.07291	0.01259	0.01382	0.01070	0.00692	0.00535	0.00177	0.00835	0.00454	0.00383	0.01031
24	0.00945	0.00675	0.00900	0.01080	0.01125	0.00630	0.00720	0.01080	0.01484	0.01979	0.04274	0.72245	0.05128	0.02429	0.00990	0.00315	0.00450	0.02204	0.00720	0.00630
25	0.01023	0.00833	0.00918	0.00960	0.01174	0.00763	0.00709	0.01373	0.06967	0.02168	0.06330	0.24466	0.42482	0.02023	0.00933	0.00281	0.00442	0.04732	0.00725	0.00698
26	0.01696	0.01696	0.02375	0.02036	0.02036	0.02375	0.01696	0.01866	0.01187	0.01866	0.01018	0.01696	0.01018	0.01357	0.02545	0.00339	0.71332	0.00679	0.00339	0.00848
27	0.03320	0.01400	0.01828	0.01421	0.02009	0.01282	0.01167	0.07615	0.07545	0.59206	0.02993	0.02612	0.01919	0.00965	0.00780	0.00241	0.00668	0.00783	0.00934	0.01312
28	0.01111	0.00817	0.01176	0.01176	0.01290	0.00931	0.00881	0.01339	0.01225	0.01748	0.02141	0.03403	0.02093	0.17595	0.58110	0.01159	0.01844	0.00883	0.00425	0.00653
29	0.01044	0.00851	0.00932	0.00916	0.01158	0.00775	0.00684	0.01438	0.07123	0.02420	0.21326	0.11306	0.43579	0.01833	0.00911	0.00261	0.00408	0.01560	0.00757	0.00718
30	0.01445	0.00723	0.00723	0.00723	0.00903	0.00723	0.00542	0.01807	0.01626	0.02891	0.02529	0.02891	0.01987	0.00903	0.00542	0.00181	0.00361	0.00723	0.77055	0.00723
31	0.03479	0.01320	0.01799	0.01380	0.01979	0.01140	0.01140	0.03779	0.02219	0.68451	0.03059	0.02639	0.01919	0.00960	0.00780	0.00240	0.00660	0.00780	0.00960	0.01320
32	0.00945	0.00675	0.00900	0.01080	0.01125	0.00630	0.00720	0.01080	0.01484	0.01979	0.04274	0.72245	0.05128	0.02429	0.00990	0.00315	0.00450	0.02204	0.00720	0.00630
33	0.01830	0.02092	0.04575	0.03268	0.04052	0.01961	0.65098	0.02484	0.01830	0.02484	0.01569	0.02092	0.01176	0.00654	0.00915	0.00261	0.01307	0.00915	0.00392	0.01046
34	0.01787	0.01707	0.02908	0.24023	0.49686	0.01807	0.02314	0.02263	0.01703	0.02372	0.01435	0.01962	0.01171	0.00715	0.00770	0.00238	0.00954	0.00690	0.00372	0.01121
35	0.01555	0.04011	0.68733	0.02210	0.03356	0.01801	0.02865	0.02455	0.01637	0.02455	0.01391	0.01637	0.00982	0.00737	0.00737	0.00246	0.01146	0.00573	0.00327	0.01146
36	0.01097	0.00793	0.01036	0.00975	0.01158	0.00732	0.00732	0.01463	0.02195	0.03109	0.67505	0.05792	0.07316	0.01585	0.00914	0.00244	0.00366	0.01402	0.00854	0.00732
37	0.01559	0.01326	0.01556	0.01143	0.01785	0.01004	0.00904	0.01888	0.01599	0.02486	0.01591	0.06794	0.01441	0.00710	0.00605	0.00130	0.00565	0.00587	0.00478	0.71848
38	0.01108	0.00831	0.01246	0.01246	0.01385	0.00969	0.00969	0.01385	0.01246	0.01800	0.02077	0.03046	0.01938	0.05815	0.69678	0.01246	0.02077	0.00831	0.00415	0.00692
39	0.01696	0.01696	0.02375	0.02036	0.02036	0.02375	0.01696	0.01866	0.01187	0.01866	0.01018	0.01696	0.01018	0.01357	0.02545	0.00339	0.71332	0.00679	0.00339	0.00848
40	0.78228	0.01499	0.01140	0.01020	0.01499	0.01739	0.00840	0.02279	0.01320	0.03479	0.01080	0.01260	0.00840	0.00720	0.00480	0.00240	0.00600	0.00420	0.00480	0.00840
41	0.01501	0.01416	0.02393	0.65500	0.10438	0.01732	0.02172	0.02014	0.01568	0.02026	0.01385	0.02055	0.01049	0.00768	0.00775	0.00256	0.01024	0.00689	0.00348	0.00891
42	0.00969	0.00692	0.00928	0.01108	0.01164	0.00651	0.00763	0.01123	0.01509	0.02007	0.04260	0.67072	0.05074	0.02406	0.00996	0.00318	0.00471	0.07132	0.00719	0.00637
43	0.01109	0.00824	0.01213	0.01213	0.01341	0.00951	0.00929	0.01364	0.01236	0.01776	0.02107	0.03211	0.02010	0.11268	0.64323	0.01206	0.01969	0.00855	0.00420	0.00674
44	0.00994	0.00789	0.00893	0.00867	0.01095	0.00688	0.00650	0.01263	0.01950	0.02529	0.33382	0.06747	0.41801	0.01802	0.00916	0.00254	0.00381	0.01536	0.00777	0.00688
45	0.02108	0.01755	0.01854	0.01614	0.02085	0.02012	0.01271	0.14892	0.55449	0.03533	0.02928	0.02711	0.02182	0.01031	0.00787	0.00258	0.00656	0.00845	0.00787	0.01243
46	0.01867	0.30720	0.31634	0.01997	0.07421	0.07227	0.02060	0.02413	0.01681	0.02195	0.03399	0.01621	0.01211	0.00737	0.00649	0.00210	0.00999	0.00541	0.00356	0.01062
47	0.02510	0.02333	0.02043	0.01845	0.04355	0.24017	0.01397	0.08470	0.25181	0.11219	0.02186	0.02168	0.01641	0.00958	0.00886	0.00241	0.06097	0.00706	0.00636	0.01111
48	0.02005	0.02138	0.02204	0.01918	0.02045	0.18956	0.01537	0.04995	0.01545	0.01982	0.01217	0.01905	0.01173	0.07015	0.02120	0.00333	0.45004	0.00671	0.00385	0.00851
49	0.02492	0.01100	0.01463	0.01205	0.01636	0.00963	0.00962	0.02794	0.02142	0.41832	0.21448	0.07072	0.08919	0.01282	0.00838	0.00246	0.00547	0.01088	0.00900	0.01070
50	0.01445	0.00723	0.00723	0.00723	0.00903	0.00723	0.00542	0.01807	0.01626	0.02891	0.02529	0.02891	0.01987	0.00903	0.00542	0.00181	0.00361	0.00723	0.77055	0.00723
51	0.01128	0.00752	0.00846	0.00846	0.00846	0.00752	0.00470	0.01128	0.01128	0.01503	0.02443	0.05074	0.02819	0.72751	0.03946	0.00752	0.00752	0.01128	0.00470	0.00470
52	0.01290	0.01083	0.01529	0.01426	0.01501	0.01365	0.01114	0.01492	0.01210	0.01775	0.01810	0.02945	0.01793	0.14705	0.39143	0.00894	0.22990	0.00830	0.00401	0.00706
53	0.02947	0.02172	0.02327	0.01784	0.02404	0.02404	0.01474	0.65329	0.03646	0.04887	0.01862	0.01862	0.01319	0.00931	0.00776	0.00233	0.00853	0.00698	0.00776	0.01319
54	0.02947	0.02172	0.02327	0.01784	0.02404	0.02404	0.01474	0.65329	0.03646	0.04887	0.01862	0.01862	0.01319	0.00931	0.00776	0.00233	0.00853	0.00698	0.00776	0.01319
55	0.01097	0.00793	0.01036	0.00975	0.01158	0.00732	0.00732	0.01463	0.02195	0.03109	0.67505	0.05792	0.07316	0.01585	0.00914	0.00244	0.00366	0.01402	0.00854	0.00732
56	0.00945	0.00675	0.00900	0.01080	0.01125	0.00630	0.00720	0.01080	0.01484	0.01979	0.04274	0.72245	0.05128	0.02429	0.00990	0.00315	0.00450	0.02204	0.00720	0.00630
57	0.00945	0.00675	0.00900	0.01080	0.01125	0.00630	0.00720	0.01080	0.01484	0.01979	0.04274	0.72245	0.05128	0.02429	0.00990	0.00315	0.00450	0.02204	0.00720	0.00630
58	0.01902	0.01825	0.03117	0.07210	0.65595	0.01838	0.02371	0.02365	0.01758	0.02513	0.01455	0.01925	0.01221	0.00694	0.00768	0.00231	0.00925	0.00691	0.00382	0.01215
59	0.02240	0.56434	0.09279	0.01411	0.02106	0.02668	0.01431	0.02553	0.01678	0.11921	0.01403	0.01488	0.01133	0.00714	0.00561	0.00184	0.00831	0.00483	0.00426	0.01057
60	0.01929	0.01666	0.01753	0.01578	0.02016	0.01929	0.01227	0.04120	0.66513	0.03243	0.03156	0.02893	0.02367	0.01052	0.00789	0.00263	0.00614	0.00877	0.00789	0.01227
61	0.01919	0.01842	0.03147	0.04759	0.67914	0.01842	0.02380	0.02380	0.01765	0.02533	0.01458	0.01919	0.01228	0.00691	0.00768	0.00230	0.00921	0.00691	0.00384	0.01228
62	0.01074	0.00774	0.01015	0.00991	0.01153	0.00716	0.00730	0.01404	0.02085	0.02935	0.57773	0.16020	0.06979	0.01715	0.00926	0.00255	0.00379	0.01526	0.00833	0.00716
63	0.01084	0.00792	0.01018	0.00961	0.01150	0.00726	0.00721	0.01437	0.02163	0.03035	0.63117	0.05915	0.11750	0.01613	0.00915	0.00245	0.00368	0.01419	0.00844	0.00726
64	0.00944	0.00787	0.00824	0.00814	0.01064	0.00666	0.00611	0.01166	0.01832	0.02249	0.16911	0.07208	0.58447	0.01906	0.00916	0.00259	0.00389	0.01601	0.00740	0.00666
65	0.01608	0.01378	0.01608	0.01148	0.01837	0.01034	0.00919	0.01952	0.01608	0.02527	0.01378	0.01608	0.01148	0.00574	0.00574	0.00115	0.00574	0.00459	0.00459	0.77491
66	0.01075	0.00785	0.01011	0.00969	0.01149	0.00720	0.00721	0.01415	0.02121	0.02969	0.59460	0.10019	0.11357	0.01664	0.00919	0.00250	0.00373	0.01468	0.00836	0.00720
67	0.02754	0.01958	0.02108	0.01649	0.02214	0.02152	0.01352	0.51981	0.08003	0.07463	0.02075	0.02071	0.01487	0.00938	0.00755	0.00230	0.00780	0.00717	0.08060	0.01255
68	0.02370	0.01778	0.01868	0.04055	0.05027	0.06969	0.01264	0.34242	0.02709	0.05903	0.02158	0.07822	0.01757	0.01021	0.00736	0.00226	0.00757	0.00813	0.17444	0.01079
69	0.00966	0.00787	0.00854	0.00837	0.01078	0.00676	0.00628	0.01208	0.01884	0.02371	0.24116	0.07007	0.51165	0.01860	0.00916	0.00257	0.00385	0.01573	0.00756	0.00676
70	0.01919	0.01724	0.02410	0.09519	0.04929	0.04777	0.06179	0.05099	0.04477	0.07577	0.01554	0.04806	0.01355	0.01176	0.01731	0.00298	0.38300	0.00771	0.00454	0.00947
71	0.01232	0.00964	0.01080	0.03527	0.01412	0.00923	0.00794	0.01781	0.11717	0.05199	0.18406	0.06043	0.40709	0.01666	0.00886	0.00257	0.00455	0.01405	0.00753	0.00792
72	0.01043	0.00762	0.00981	0.00987	0.01141	0.00699	0.00717	0.01336	0.01977	0.02736	0.46384	0.23018	0.11665	0.01833	0.00934	0.00264	0.00390	0.01628	0.00808	0.00699
73	0.01919	0.01842	0.03147	0.04759	0.67914	0.01842	0.02380	0.02380	0.01765	0.02533	0.01458	0.01919	0.01228	0.00691	0.00768	0.00230	0.00921	0.00691	0.00384	0.01228
74	0.01919	0.01842	0.03147	0.04759	0.67914	0.01842	0.02380	0.02380	0.01765	0.02533	0.01458	0.01919	0.01228	0.00691	0.00768	0.00230	0.00921	0.00691	0.00384	0.01228
75	0.01830	0.02092	0.04575	0.03268	0.04052	0.01961	0.65098	0.02484	0.01830	0.02484	0.01569	0.02092	0.01176	0.00654	0.00915	0.00261	0.01307	0.00915	0.00392	0.01046
76	0.02861	0.03629	0.02231	0.02097	0.04751	0.67202	0.01530	0.03070	0.02182	0.01920	0.01208	0.01417	0.01007	0.00795	0.00702	0.00201	0.01381	0.00506	0.00399	0.00911
77	0.01929	0.01666	0.01753	0.01578	0.02016	0.01929	0.01227	0.04120	0.66513	0.03243	0.03156	0.02893	0.02367	0.01052	0.00789	0.00263	0.00614	0.00877	0.00789	0.01227
78	0.03371	0.01296	0.01765	0.01361	0.01942	0.01121	0.01121	0.03674	0.02218	0.65491	0.05979	0.02782	0.02164	0.00988	0.00786	0.00240	0.00646	0.00808	0.00955	0.01293
79	0.00945	0.00675	0.00900	0.01080	0.01125	0.00630	0.00720	0.01080	0.01484	0.01979	0.04274	0.72245	0.05128	0.02429	0.00990	0.00315	0.00450	0.02204	0.00720	0.00630
80	0.00945	0.00675	0.00900	0.01080	0.01125	0.00630	0.00720	0.01080	0.01484	0.01979	0.04274	0.72245	0.05128	0.02429	0.00990	0.00315	0.00450	0.02204	0.00720	0.00630
81	0.01097	0.00793	0.01036	0.00975	0.01158	0.00732	0.00732	0.01463	0.02195	0.03109	0.67505	0.05792	0.07316	0.01585	0.00914	0.00244	0.00366	0.01402	0.00854	0.00732
82	0.01608	0.01378	0.01608	0.01148	0.01837	0.01034	0.00919	0.01952	0.01608	0.02527	0.01378	0.01608	0.01148	0.00574	0.00574	0.00115	0.00574	0.00459	0.00459	0.77491
83	0.02896	0.03695	0.02197	0.01998	0.02397	0.69638	0.01498	0.03096	0.02197	0.01898	0.01199	0.01398	0.00999	0.00799	0.00699	0.00200	0.01398	0.00499	0.00400	0.00899
84	0.03479	0.01320	0.01799	0.01380	0.01979	0.01140	0.01140	0.03779	0.02219	0.68451	0.03059	0.02639	0.01919	0.00960	0.00780	0.00240	0.00660	0.00780	0.00960	0.01320
85	0.00971	0.00690	0.00906	0.01054	0.01106	0.00647	0.00702	0.01113	0.01513	0.02032	0.09105	0.61922	0.05125	0.07701	0.01208	0.00342	0.00466	0.02059	0.00711	0.00626
86	0.02947	0.02172	0.02327	0.01784	0.02404	0.02404	0.01474	0.65329	0.03646	0.04887	0.01862	0.01862	0.01319	0.00931	0.00776	0.00233	0.00853	0.00698	0.00776	0.01319
87	0.00924	0.00782	0.00799	0.00803	0.01054	0.00657	0.00599	0.01125	0.01773	0.02129	0.09974	0.09727	0.63082	0.01966	0.00919	0.00263	0.00394	0.01648	0.00725	0.00657
88	0.01464	0.01378	0.02326	0.70887	0.05340	0.01723	0.02153	0.01981	0.01550	0.01981	0.01378	0.02067	0.01034	0.00775	0.00775	0.00258	0.01034	0.00689	0.00345	0.00861
89	0.01936	0.01665	0.01826	0.07234	0.02304	0.01933	0.01314	0.06695	0.58397	0.03214	0.02953	0.02779	0.02211	0.01024	0.00787	0.00261	0.00659	0.00853	0.00752	0.01202
90	0.02226	0.02066	0.01937	0.01779	0.05075	0.13816	0.01329	0.15783	0.35075	0.03217	0.02822	0.02716	0.06643	0.01034	0.00779	0.00244	0.00797	0.00822	0.00695	0.01146
91	0.04593	0.19915	0.39284	0.01811	0.02659	0.06173	0.02104	0.02330	0.01675	0.02332	0.05752	0.04959	0.01582	0.00854	0.00691	0.00227	0.00984	0.00653	0.00391	0.01033
92	0.78228	0.01499	0.01140	0.01020	0.01499	0.01739	0.00840	0.02279	0.01320	0.03479	0.01080	0.01260	0.00840	0.00720	0.00480	0.00240	0.00600	0.00420	0.00480	0.00840
93	0.01664	0.20041	0.48861	0.01998	0.02978	0.02060	0.04585	0.02375	0.01624	0.02291	0.01430	0.04152	0.01144	0.00779	0.00696	0.00230	0.01052	0.00608	0.00345	0.01088
94	0.01919	0.01842	0.03147	0.04759	0.67914	0.01842	0.02380	0.02380	0.01765	0.02533	0.01458	0.01919	0.01228	0.00691	0.00768	0.00230	0.00921	0.00691	0.00384	0.01228
95	0.01108	0.00801	0.01086	0.01086	0.01179	0.00880	0.00776	0.01283	0.01222	0.01704	0.02411	0.03930	0.04558	0.29736	0.43644	0.01034	0.01542	0.00966	0.00446	0.00611
96	0.01095	0.00805	0.01047	0.01134	0.01227	0.00799	0.00795	0.04331	0.01689	0.02292	0.13764	0.55894	0.05122	0.02185	0.01026	0.00301	0.03128	0.01949	0.00729	0.00688
97	0.01128	0.00752	0.00846	0.00846	0.00846	0.00752	0.00470	0.01128	0.01128	0.01503	0.02443	0.05074	0.02819	0.72751	0.03946	0.00752	0.00752	0.01128	0.00470	0.00470
98	0.01114	0.00804	0.01060	0.01026	0.01208	0.00749	0.00789	0.01479	0.02149	0.03022	0.60462	0.06120	0.06999	0.01647	0.00932	0.00256	0.00404	0.08211	0.00838	0.00730
99	0.02987	0.02109	0.02288	0.01754	0.02373	0.02311	0.01449	0.60762	0.03540	0.09603	0.01950	0.01919	0.01363	0.00933	0.00776	0.00233	0.00839	0.00704	0.00789	0.01319
100	0.00945	0.00675	0.00900	0.01080	0.01125	0.00630	0.00720	0.01080	0.01484	0.01979	0.04274	0.72245	0.05128	0.02429	0.00990	0.00315	0.00450	0.02204	0.00720	0.00630
101	0.01464	0.01378	0.02326	0.70887	0.05340	0.01723	0.02153	0.01981	0.01550	0.01981	0.01378	0.02067	0.01034	0.00775	0.00775	0.00258	0.01034	0.00689	0.00345	0.00861
102	0.02896	0.03695	0.02197	0.01998	0.02397	0.69638	0.01498	0.03096	0.02197	0.01898	0.01199	0.01398	0.00999	0.00799	0.00699	0.00200	0.01398	0.00499	0.00400	0.00899
103	0.01464	0.01378	0.02326	0.70887	0.05340	0.01723	0.02153	0.01981	0.01550	0.01981	0.01378	0.02067	0.01034	0.00775	0.00775	0.00258	0.01034	0.00689	0.00345	0.00861
104	0.01593	0.09096	0.63982	0.02145	0.03255	0.01894	0.02752	0.02446	0.01632	0.02409	0.01368	0.01608	0.00983	0.00731	0.00719	0.00240	0.01123	0.00561	0.00328	0.01135
105	0.19691	0.01887	0.01858	0.01494	0.02029	0.06109	0.01218	0.34271	0.02714	0.11422	0.05051	0.02240	0.04794	0.00959	0.00718	0.00235	0.00763	0.00711	0.00708	0.01126
106	0.01445	0.00723	0.00723	0.00723	0.00903	0.00723	0.00542	0.01807	0.01626	0.02891	0.02529	0.02891	0.01987	0.00903	0.00542	0.00181	0.00361	0.00723	0.77055	0.00723
107	0.01113	0.00810	0.01139	0.01139	0.01241	0.00911	0.00836	0.01316	0.01214	0.01721	0.02175	0.03587	0.02173	0.23670	0.52144	0.01114	0.01723	0.00910	0.00430	0.00633
108	0.01849	0.01960	0.03902	0.06903	0.29696	0.01903	0.37143	0.02419	0.01792	0.02481	0.01516	0.02021	0.01191	0.00674	0.00850	0.00249	0.01140	0.00815	0.00387	0.01111
109	0.00945	0.00675	0.00900	0.01080	0.01125	0.00630	0.00720	0.01080	0.01484	0.01979	0.04274	0.72245	0.05128	0.02429	0.00990	0.00315	0.00450	0.02204	0.00720	0.00630
110	0.00945	0.00675	0.00900	0.01080	0.01125	0.00630	0.00720	0.01080	0.01484	0.01979	0.04274	0.72245	0.05128	0.02429	0.00990	0.00315	0.00450	0.02204	0.00720	0.00630
111	0.01533	0.01378	0.02280	0.50834	0.09695	0.01624	0.05033	0.02091	0.03871	0.02211	0.01603	0.02190	0.01224	0.00788	0.00752	0.00247	0.00938	0.00711	0.10103	0.00896
112	0.02971	0.02134	0.02303	0.01766	0.02385	0.02348	0.01459	0.62564	0.03581	0.07742	0.01915	0.01896	0.01346	0.00932	0.00776	0.00233	0.00845	0.00702	0.00784	0.01319
113	0.01060	0.00775	0.00995	0.00974	0.01144	0.00710	0.00718	0.01378	0.02056	0.02860	0.53281	0.15462	0.12218	0.01739	0.00925	0.00256	0.00380	0.01537	0.00823	0.00710
114	0.01546	0.00819	0.00830	0.00794	0.01004	0.00835	0.00604	0.06049	0.01761	0.03024	0.02485	0.02822	0.01943	0.00905	0.00558	0.00184	0.00394	0.00721	0.71961	0.00762
115	0.01638	0.01359	0.01582	0.01192	0.01799	0.01097	0.00940	0.07012	0.01759	0.02654	0.01761	0.10016	0.01635	0.00824	0.00640	0.00148	0.00582	0.00686	0.00516	0.62158
116	0.01821	0.02046	0.04322	0.03213	0.06298	0.01994	0.56994	0.02424	0.01770	0.02430	0.01515	0.02049	0.01164	0.00718	0.01056	0.00267	0.07610	0.00885	0.00387	0.01035
117	0.01024	0.00788	0.00960	0.01008	0.01170	0.00744	0.00727	0.01328	0.04635	0.02279	0.17594	0.31133	0.23698	0.02338	0.06540	0.00359	0.00556	0.01705	0.00725	0.00689
118	0.01569	0.03928	0.66220	0.02308	0.05830	0.01802	0.02846	0.02453	0.01642	0.02458	0.01394	0.01648	0.00992	0.00735	0.00738	0.00245	0.01137	0.00577	0.00330	0.01149

[dist]
# distance from previous block
# <min> <max>
0	3

[block]
# block no. 9 follows, 25 sequences, length 6
# corresponding to MSA columns:
# 270-275
name=unknown_J
#
# <colnr> <probs for GDERKNQSTAVLIFYWHMCP>
#	G	D	E	R	K	N	Q	S	T	A	V	L	I	F	Y	W	H	M	C	P
0	0.39548	0.01443	0.01500	0.06670	0.01919	0.01672	0.01104	0.07987	0.01651	0.07137	0.04687	0.09446	0.01751	0.01060	0.00871	0.00261	0.09092	0.00759	0.00553	0.00889
1	0.02761	0.02079	0.02222	0.01746	0.02333	0.02317	0.01429	0.54103	0.15176	0.04585	0.02099	0.02051	0.01511	0.00953	0.00778	0.00238	0.00809	0.00731	0.00778	0.01302
2	0.02434	0.01528	0.01759	0.01480	0.01991	0.01597	0.01176	0.03852	0.40068	0.25408	0.02998	0.02716	0.02129	0.00987	0.00771	0.00245	0.00627	0.00814	0.00824	0.06595
3	0.02811	0.03384	0.02167	0.01941	0.02362	0.57906	0.01471	0.08230	0.08287	0.02265	0.01434	0.01575	0.01152	0.00833	0.00714	0.00208	0.01281	0.00550	0.00466	0.00963
4	0.11950	0.02091	0.02185	0.01693	0.02296	0.02325	0.01398	0.57789	0.03367	0.04718	0.01768	0.01790	0.01261	0.00906	0.00740	0.00234	0.00823	0.00665	0.00740	0.01261
5	0.02675	0.02026	0.02327	0.14458	0.02943	0.02279	0.01598	0.53711	0.03261	0.04354	0.01773	0.01899	0.01266	0.00902	0.00776	0.00237	0.00886	0.00696	0.00697	0.01235

[dist]
# distance from previous block
# <min> <max>
0	5

[block]
# block no. 10 follows, 25 sequences, length 10
# corresponding to MSA columns:
# 281-290
name=unknown_K
#
# <colnr> <probs for GDERKNQSTAVLIFYWHMCP>
#	G	D	E	R	K	N	Q	S	T	A	V	L	I	F	Y	W	H	M	C	P
0	0.17294	0.01286	0.01511	0.01236	0.01743	0.01208	0.00995	0.02931	0.04894	0.36710	0.02911	0.08921	0.05754	0.01073	0.00730	0.00237	0.00603	0.00864	0.00776	0.08324
1	0.08524	0.08920	0.53930	0.02183	0.06822	0.01894	0.02537	0.02425	0.01611	0.02504	0.01343	0.01589	0.00985	0.00727	0.00697	0.00238	0.01060	0.00554	0.00345	0.01112
2	0.02718	0.03124	0.02360	0.02249	0.08385	0.48987	0.03548	0.06951	0.02168	0.05268	0.01350	0.01576	0.01090	0.00841	0.00854	0.00218	0.06323	0.00569	0.00444	0.00976
3	0.09730	0.02111	0.02220	0.01715	0.02323	0.02345	0.01417	0.59648	0.03436	0.04760	0.01791	0.01807	0.01275	0.00912	0.00749	0.00233	0.00830	0.00673	0.00749	0.01275
4	0.01101	0.00740	0.00854	0.00880	0.00886	0.00734	0.00506	0.01121	0.01180	0.01573	0.02710	0.14861	0.03155	0.62505	0.03516	0.00688	0.00708	0.01284	0.00506	0.00493
5	0.01989	0.62009	0.14536	0.01470	0.02211	0.02863	0.01576	0.02343	0.01585	0.01926	0.01129	0.01307	0.00993	0.00675	0.00536	0.00179	0.00880	0.00440	0.00331	0.01019
6	0.01834	0.01845	0.03337	0.10173	0.40479	0.01912	0.17271	0.02318	0.01705	0.02405	0.01434	0.01952	0.01177	0.00755	0.00978	0.00251	0.07939	0.00743	0.00378	0.01114
7	0.18077	0.04024	0.01891	0.01499	0.01998	0.09506	0.01217	0.29755	0.02537	0.07831	0.03916	0.02197	0.04678	0.01308	0.05948	0.00308	0.00906	0.00692	0.00644	0.01067
8	0.01861	0.01783	0.03042	0.13252	0.59877	0.01827	0.02351	0.02328	0.01738	0.02462	0.01448	0.01938	0.01203	0.00702	0.00769	0.00234	0.00936	0.00691	0.00379	0.01181
9	0.01165	0.01002	0.01102	0.01172	0.01302	0.05824	0.00826	0.01326	0.01556	0.02013	0.04029	0.53128	0.10071	0.02095	0.01011	0.00290	0.03989	0.01840	0.00661	0.05598

[dist]
# distance from previous block
# <min> <max>
1	4

[block]
# block no. 11 follows, 25 sequences, length 8
# corresponding to MSA columns:
# 295-302
name=unknown_L
#
# <colnr> <probs for GDERKNQSTAVLIFYWHMCP>
#	G	D	E	R	K	N	Q	S	T	A	V	L	I	F	Y	W	H	M	C	P
0	0.02339	0.02532	0.01849	0.01666	0.02011	0.38335	0.01268	0.02790	0.08797	0.06594	0.17764	0.02722	0.02748	0.01053	0.00850	0.00226	0.04170	0.00786	0.00584	0.00916
1	0.02826	0.02111	0.02258	0.01759	0.02358	0.02348	0.01444	0.58018	0.11155	0.04690	0.02016	0.01985	0.01444	0.00945	0.00777	0.00236	0.00825	0.00719	0.00777	0.01308
2	0.02606	0.02623	0.18603	0.01888	0.02638	0.02257	0.01815	0.49918	0.03153	0.04291	0.01746	0.01807	0.01236	0.00883	0.00766	0.00236	0.00925	0.00667	0.00666	0.01276
3	0.01635	0.01747	0.03585	0.19580	0.04018	0.01743	0.41981	0.02193	0.01720	0.02300	0.01845	0.10465	0.01613	0.00895	0.00890	0.00267	0.01138	0.01014	0.00420	0.00951
4	0.02947	0.02172	0.02327	0.01784	0.02404	0.02404	0.01474	0.65329	0.03646	0.04887	0.01862	0.01862	0.01319	0.00931	0.00776	0.00233	0.00853	0.00698	0.00776	0.01319
5	0.03078	0.01963	0.02198	0.01685	0.02300	0.02094	0.01392	0.50243	0.03296	0.20466	0.02155	0.02052	0.01466	0.00938	0.00777	0.00234	0.00806	0.00718	0.00821	0.01319
6	0.01012	0.00707	0.00893	0.01000	0.01041	0.00675	0.00643	0.01122	0.01426	0.01914	0.08283	0.46671	0.04573	0.24107	0.01898	0.00445	0.00537	0.01813	0.00652	0.00588
7	0.02173	0.28761	0.20633	0.01723	0.02476	0.05325	0.01773	0.17975	0.07211	0.02858	0.01522	0.01636	0.01178	0.00785	0.00661	0.00213	0.00927	0.00566	0.00478	0.01129

[dist]
# distance from previous block
# <min> <max>
3	6

[block]
# block no. 12 follows, 25 sequences, length 8
# corresponding to MSA columns:
# 309-316
name=unknown_M
#
# <colnr> <probs for GDERKNQSTAVLIFYWHMCP>
#	G	D	E	R	K	N	Q	S	T	A	V	L	I	F	Y	W	H	M	C	P
0	0.02120	0.46519	0.06742	0.01440	0.02059	0.08664	0.01368	0.10681	0.01930	0.02300	0.01894	0.01989	0.07762	0.00846	0.00608	0.00192	0.00856	0.00592	0.00436	0.01003
1	0.37096	0.01738	0.08224	0.05003	0.02011	0.01691	0.01222	0.12637	0.05624	0.03305	0.03600	0.11127	0.01780	0.01030	0.00668	0.00252	0.00694	0.00787	0.00566	0.00943
2	0.06426	0.01810	0.02416	0.15045	0.03010	0.01972	0.09971	0.30980	0.04929	0.08905	0.01867	0.02054	0.01341	0.00858	0.00767	0.00241	0.00885	0.00725	0.04663	0.01135
3	0.04605	0.21394	0.17968	0.01946	0.04757	0.08846	0.10156	0.02618	0.01816	0.12104	0.05435	0.01959	0.01528	0.00793	0.00703	0.00220	0.00966	0.00647	0.00476	0.01062
4	0.02248	0.01920	0.01863	0.01576	0.02027	0.10822	0.01235	0.27774	0.14519	0.03475	0.06217	0.12651	0.02377	0.01171	0.00793	0.00238	0.00773	0.00952	0.00701	0.06668
5	0.06687	0.05505	0.02664	0.05484	0.07406	0.01788	0.18362	0.10825	0.11897	0.02856	0.02168	0.12456	0.01929	0.01024	0.00801	0.00248	0.00858	0.00959	0.00556	0.05527
6	0.02001	0.01718	0.05856	0.01658	0.02104	0.01688	0.06977	0.28251	0.08409	0.03329	0.02572	0.19376	0.02460	0.08520	0.01159	0.00311	0.00781	0.01136	0.00672	0.01023
7	0.01762	0.01387	0.01776	0.01540	0.01812	0.01526	0.04882	0.21924	0.02171	0.02953	0.06158	0.27622	0.03072	0.06787	0.01336	0.00317	0.10102	0.01319	0.00657	0.00898

[dist]
# distance from previous block
# <min> <max>
5	16

[block]
# block no. 13 follows, 25 sequences, length 7
# corresponding to MSA columns:
# 336-342
name=unknown_N
#
# <colnr> <probs for GDERKNQSTAVLIFYWHMCP>
