[name]
unknown

[dist]
# distance from previous block
# <min> <max>
0	111

[block]
# block no. 0 follows, 22 sequences, length 135
# corresponding to MSA columns:
# 117-251
name=unknown_A
#
# <colnr> <probs for GDERKNQSTAVLIFYWHMCP>
#	G	D	E	R	K	N	Q	S	T	A	V	L	I	F	Y	W	H	M	C	P
0	0.01132	0.00812	0.01056	0.01211	0.01295	0.00780	0.00836	0.04191	0.01718	0.02289	0.04445	0.64156	0.05263	0.02510	0.01053	0.00335	0.00516	0.04913	0.00774	0.00715
1	0.01176	0.00849	0.01110	0.01045	0.01241	0.00784	0.00784	0.01568	0.02352	0.03331	0.65184	0.06206	0.07839	0.01698	0.00980	0.00261	0.00392	0.01502	0.00914	0.00784
2	0.01443	0.00722	0.01082	0.01082	0.01082	0.00722	0.00722	0.01082	0.01082	0.01443	0.01443	0.02525	0.01443	0.02886	0.03247	0.75830	0.00722	0.00722	0.00361	0.00361
3	0.01033	0.00738	0.00988	0.01181	0.01239	0.00693	0.00808	0.01194	0.01612	0.02145	0.04567	0.66282	0.05448	0.02583	0.01066	0.00340	0.00500	0.06131	0.00771	0.00681
4	0.02754	0.01328	0.01707	0.01420	0.01910	0.01254	0.01145	0.03440	0.12908	0.38246	0.17252	0.03952	0.03570	0.01257	0.00885	0.00268	0.00631	0.03890	0.00959	0.01224
5	0.01010	0.00730	0.00957	0.01139	0.01200	0.00676	0.00763	0.01159	0.01607	0.02128	0.04792	0.66807	0.08813	0.02575	0.01056	0.00334	0.00479	0.02328	0.00771	0.00676
6	0.03155	0.02416	0.02486	0.01924	0.02576	0.06104	0.01580	0.59616	0.03822	0.05062	0.01956	0.01968	0.01394	0.00990	0.00827	0.00247	0.00946	0.00736	0.00809	0.01388
7	0.05246	0.00889	0.00962	0.00954	0.01206	0.00798	0.00704	0.01422	0.01879	0.04976	0.14920	0.15482	0.40432	0.05068	0.01106	0.00307	0.00466	0.01669	0.00776	0.00739
8	0.01061	0.00895	0.00927	0.00933	0.01203	0.00794	0.00693	0.01413	0.06206	0.02317	0.07670	0.14053	0.54760	0.02087	0.00980	0.00286	0.00444	0.01759	0.00777	0.00741
9	0.03106	0.03869	0.02362	0.02127	0.02569	0.63868	0.01604	0.06621	0.02440	0.02211	0.01324	0.01526	0.01089	0.00864	0.00754	0.00216	0.01466	0.00547	0.00450	0.00988
10	0.32285	0.01805	0.01739	0.01424	0.01957	0.02015	0.01165	0.29317	0.02611	0.04317	0.05236	0.02079	0.01635	0.00943	0.00688	0.00248	0.00725	0.00673	0.08029	0.01110
11	0.03030	0.02264	0.02421	0.01886	0.02528	0.02517	0.01548	0.56028	0.10938	0.05030	0.02156	0.02124	0.01544	0.01012	0.00833	0.00253	0.00884	0.00770	0.00833	0.01401
12	0.01339	0.00956	0.01339	0.01530	0.01721	0.00956	0.01339	0.01721	0.01912	0.02486	0.04399	0.09371	0.04781	0.02295	0.01147	0.00382	0.00765	0.60031	0.00765	0.00765
13	0.01217	0.00892	0.01149	0.01101	0.01302	0.00846	0.00831	0.01688	0.05200	0.03246	0.56916	0.09201	0.07353	0.01739	0.00984	0.00271	0.00424	0.03939	0.00898	0.00803
14	0.10976	0.01824	0.02466	0.05283	0.02504	0.02235	0.07543	0.12960	0.05019	0.02917	0.01550	0.02045	0.01301	0.01588	0.07432	0.00399	0.29683	0.00748	0.00501	0.01024
15	0.02066	0.01785	0.01878	0.01691	0.02160	0.02066	0.01315	0.04414	0.64121	0.03475	0.03381	0.03099	0.02536	0.01127	0.00845	0.00282	0.00657	0.00939	0.00845	0.01315
16	0.01208	0.00805	0.00906	0.00906	0.00906	0.00805	0.00503	0.01208	0.01208	0.01611	0.02618	0.05436	0.03020	0.70804	0.04228	0.00805	0.00805	0.01208	0.00503	0.00503
17	0.01107	0.00838	0.01205	0.04997	0.01549	0.00816	0.03383	0.01279	0.01561	0.02078	0.04036	0.55406	0.04760	0.11098	0.01447	0.00391	0.00596	0.02067	0.00700	0.00685
18	0.01787	0.01769	0.03209	0.37589	0.23151	0.01932	0.13830	0.02351	0.01786	0.02400	0.01541	0.02173	0.01198	0.00779	0.00857	0.00269	0.01128	0.00785	0.00391	0.01076
19	0.01818	0.01818	0.02545	0.02181	0.02181	0.02545	0.01818	0.01999	0.01272	0.01999	0.01091	0.01818	0.01091	0.01454	0.02726	0.00364	0.69284	0.00727	0.00364	0.00909
20	0.02898	0.02509	0.02412	0.08198	0.02828	0.15199	0.01611	0.41165	0.03237	0.04135	0.01770	0.01898	0.01304	0.00927	0.00800	0.00236	0.01027	0.00687	0.00685	0.06476
21	0.01119	0.00783	0.00955	0.01017	0.01078	0.00748	0.00652	0.01241	0.01554	0.02088	0.12901	0.29972	0.07698	0.31658	0.02402	0.00524	0.00604	0.01711	0.00678	0.00619
22	0.01208	0.00805	0.00906	0.00906	0.00906	0.00805	0.00503	0.01208	0.01208	0.01611	0.02618	0.05436	0.03020	0.70804	0.04228	0.00805	0.00805	0.01208	0.00503	0.00503
23	0.01359	0.01038	0.01466	0.01406	0.01577	0.01219	0.01099	0.05785	0.01507	0.02152	0.02161	0.03174	0.02011	0.07920	0.57068	0.01188	0.05728	0.00883	0.00470	0.00789
24	0.01666	0.04297	0.66500	0.02368	0.03596	0.01929	0.03069	0.02631	0.01754	0.02631	0.01491	0.01754	0.01052	0.00789	0.00789	0.00263	0.01228	0.00614	0.00351	0.01228
25	0.02634	0.33864	0.06728	0.01834	0.02431	0.35424	0.01603	0.02912	0.02026	0.02031	0.01238	0.01439	0.01067	0.00788	0.00655	0.00201	0.01213	0.00499	0.00392	0.01023
26	0.01788	0.01515	0.01758	0.01262	0.01996	0.01174	0.01011	0.04863	0.01822	0.02822	0.01500	0.01735	0.01239	0.00633	0.00625	0.00129	0.00629	0.00504	0.00508	0.72486
27	0.01569	0.01477	0.02492	0.68808	0.05722	0.01846	0.02307	0.02123	0.01661	0.02123	0.01477	0.02215	0.01107	0.00831	0.00831	0.00277	0.01107	0.00738	0.00369	0.00923
28	0.01187	0.00890	0.01335	0.01335	0.01483	0.01038	0.01038	0.01483	0.01335	0.01928	0.02225	0.03264	0.02077	0.06231	0.67512	0.01335	0.02225	0.00890	0.00445	0.00742
29	0.00982	0.00842	0.00842	0.00842	0.01122	0.00701	0.00631	0.01192	0.01894	0.02244	0.08416	0.07995	0.65285	0.02104	0.00982	0.00281	0.00421	0.01753	0.00771	0.00701
30	0.01288	0.00920	0.01280	0.01472	0.01640	0.00912	0.01250	0.01633	0.01862	0.02429	0.04427	0.18887	0.04893	0.02343	0.01134	0.00375	0.00721	0.51018	0.00766	0.00751
31	0.01208	0.00805	0.00906	0.00906	0.00906	0.00805	0.00503	0.01208	0.01208	0.01611	0.02618	0.05436	0.03020	0.70804	0.04228	0.00805	0.00805	0.01208	0.00503	0.00503
32	0.00982	0.00842	0.00842	0.00842	0.01122	0.00701	0.00631	0.01192	0.01894	0.02244	0.08416	0.07995	0.65285	0.02104	0.00982	0.00281	0.00421	0.01753	0.00771	0.00701
33	0.01987	0.01239	0.01446	0.01271	0.01599	0.01333	0.01008	0.17196	0.02205	0.07412	0.02424	0.02853	0.01930	0.02536	0.20466	0.00549	0.01084	0.00806	0.29689	0.00966
34	0.01339	0.00956	0.01339	0.01530	0.01721	0.00956	0.01339	0.01721	0.01912	0.02486	0.04399	0.09371	0.04781	0.02295	0.01147	0.00382	0.00765	0.60031	0.00765	0.00765
35	0.01176	0.00849	0.01110	0.01045	0.01241	0.00784	0.00784	0.01568	0.02352	0.03331	0.65184	0.06206	0.07839	0.01698	0.00980	0.00261	0.00392	0.01502	0.00914	0.00784
36	0.01057	0.00849	0.00945	0.00935	0.01187	0.00738	0.00711	0.01329	0.02030	0.02578	0.25035	0.07532	0.45319	0.01993	0.00989	0.00280	0.00429	0.04521	0.00813	0.00729
37	0.03103	0.03959	0.02354	0.02140	0.02568	0.67469	0.01605	0.03317	0.02354	0.02033	0.01284	0.01498	0.01070	0.00856	0.00749	0.00214	0.01498	0.00535	0.00428	0.00963
38	0.02221	0.71304	0.04353	0.01421	0.02132	0.03287	0.01421	0.02488	0.01688	0.01955	0.01155	0.01333	0.01066	0.00711	0.00533	0.00178	0.00888	0.00444	0.00355	0.01066
39	0.07689	0.01449	0.01885	0.01470	0.02095	0.01312	0.01209	0.03983	0.06360	0.58612	0.03166	0.02763	0.02023	0.01020	0.00818	0.00259	0.00700	0.00821	0.00988	0.01379
40	0.01060	0.00778	0.00995	0.01082	0.01206	0.00713	0.00758	0.01292	0.01870	0.02521	0.24304	0.42186	0.13662	0.02254	0.01025	0.00306	0.00446	0.02013	0.00817	0.00713
41	0.01961	0.02241	0.04902	0.03501	0.04342	0.02101	0.62605	0.02661	0.01961	0.02661	0.01681	0.02241	0.01261	0.00700	0.00980	0.00280	0.01401	0.00980	0.00420	0.01120
42	0.01012	0.00723	0.00964	0.01157	0.01205	0.00675	0.00771	0.01157	0.01591	0.02121	0.04579	0.70262	0.05495	0.02603	0.01060	0.00337	0.00482	0.02362	0.00771	0.00675
43	0.02369	0.01935	0.02049	0.01752	0.02276	0.02208	0.01388	0.20635	0.47407	0.03964	0.02996	0.02793	0.02224	0.01091	0.00841	0.00273	0.00729	0.00886	0.00841	0.01342
44	0.01012	0.00723	0.00964	0.01157	0.01205	0.00675	0.00771	0.01157	0.01591	0.02121	0.04579	0.70262	0.05495	0.02603	0.01060	0.00337	0.00482	0.02362	0.00771	0.00675
45	0.01142	0.00834	0.01073	0.01041	0.01228	0.00765	0.00770	0.01492	0.02230	0.03109	0.53846	0.13532	0.12171	0.01832	0.00989	0.00271	0.00404	0.01619	0.00887	0.00765
46	0.02066	0.01785	0.01878	0.01691	0.02160	0.02066	0.01315	0.04414	0.64121	0.03475	0.03381	0.03099	0.02536	0.01127	0.00845	0.00282	0.00657	0.00939	0.00845	0.01315
47	0.12261	0.01547	0.01866	0.01489	0.02090	0.01508	0.01217	0.07193	0.12100	0.45327	0.02966	0.02645	0.01956	0.01011	0.00798	0.00261	0.00703	0.00800	0.00926	0.01336
48	0.01012	0.00723	0.00964	0.01157	0.01205	0.00675	0.00771	0.01157	0.01591	0.02121	0.04579	0.70262	0.05495	0.02603	0.01060	0.00337	0.00482	0.02362	0.00771	0.00675
49	0.01188	0.00885	0.01307	0.01307	0.01446	0.01023	0.01003	0.01465	0.01327	0.01908	0.02251	0.03406	0.02139	0.10452	0.63376	0.01300	0.02132	0.00911	0.00449	0.00726
50	0.01197	0.00995	0.03880	0.01101	0.01341	0.00832	0.00881	0.01613	0.02326	0.03302	0.62487	0.06017	0.07551	0.01660	0.00972	0.00261	0.00427	0.01465	0.00891	0.00803
51	0.01126	0.00832	0.01052	0.01029	0.01219	0.00758	0.00759	0.01460	0.02187	0.03016	0.49057	0.14571	0.16108	0.01873	0.00990	0.00274	0.00408	0.01648	0.00875	0.00758
52	0.03158	0.02327	0.02493	0.01911	0.02576	0.02576	0.01579	0.62852	0.03906	0.05236	0.01995	0.01995	0.01413	0.00997	0.00831	0.00249	0.00914	0.00748	0.00831	0.01413
53	0.01187	0.00890	0.01335	0.01335	0.01483	0.01038	0.01038	0.01483	0.01335	0.01928	0.02225	0.03264	0.02077	0.06231	0.67512	0.01335	0.02225	0.00890	0.00445	0.00742
54	0.01660	0.00974	0.01164	0.01043	0.01382	0.00843	0.00808	0.01947	0.02132	0.17085	0.23131	0.06320	0.34840	0.01746	0.00948	0.00270	0.00478	0.01474	0.00870	0.00886
55	0.01208	0.00805	0.00906	0.00906	0.00906	0.00805	0.00503	0.01208	0.01208	0.01611	0.02618	0.05436	0.03020	0.70804	0.04228	0.00805	0.00805	0.01208	0.00503	0.00503
56	0.01831	0.01494	0.02093	0.35242	0.03743	0.01746	0.01690	0.15698	0.02058	0.02714	0.01876	0.02886	0.01629	0.15312	0.06168	0.00451	0.01081	0.00846	0.00506	0.00937
57	0.01977	0.01905	0.03309	0.10465	0.53661	0.01928	0.06403	0.02485	0.01877	0.02649	0.01681	0.02388	0.01439	0.00811	0.00847	0.00257	0.01015	0.03235	0.00423	0.01245
58	0.01019	0.00843	0.00893	0.00880	0.01145	0.00717	0.00660	0.01264	0.01981	0.02451	0.19239	0.07654	0.54332	0.02027	0.00981	0.00277	0.00415	0.01705	0.00799	0.00717
59	0.01680	0.01635	0.02384	0.02039	0.02147	0.02103	0.05829	0.01902	0.01402	0.02106	0.01770	0.13945	0.01889	0.01558	0.02193	0.00340	0.48569	0.01021	0.00447	0.05043
60	0.03159	0.01373	0.01801	0.01438	0.01995	0.01253	0.01167	0.03723	0.09450	0.49699	0.12457	0.03359	0.02968	0.01139	0.00858	0.00261	0.00655	0.00946	0.00990	0.01309
61	0.03078	0.02280	0.02450	0.01874	0.02543	0.02495	0.01546	0.59480	0.03785	0.05095	0.01966	0.01979	0.01403	0.00976	0.00819	0.00242	0.00898	0.00734	0.00812	0.05545
62	0.07163	0.01062	0.01339	0.01162	0.01511	0.00980	0.00909	0.02318	0.02273	0.21197	0.40511	0.04987	0.08329	0.01461	0.00906	0.00261	0.00500	0.01251	0.00912	0.00967
63	0.01549	0.00774	0.00774	0.00774	0.00968	0.00774	0.00581	0.01936	0.01742	0.03097	0.02710	0.03097	0.02129	0.00968	0.00581	0.00194	0.00387	0.00774	0.75416	0.00774
64	0.04323	0.00883	0.00877	0.00843	0.01072	0.00904	0.00643	0.05029	0.01840	0.03228	0.02618	0.02979	0.02049	0.00962	0.00591	0.00199	0.00423	0.00761	0.68966	0.00811
65	0.01183	0.00877	0.01095	0.01107	0.01307	0.00774	0.00783	0.01417	0.01759	0.02466	0.15367	0.39341	0.07831	0.04601	0.01071	0.00298	0.00492	0.01768	0.03865	0.12598
66	0.01021	0.00727	0.00961	0.01145	0.01191	0.00681	0.00759	0.01159	0.01573	0.02097	0.04487	0.67217	0.05378	0.05807	0.01209	0.00359	0.00497	0.02307	0.00759	0.00667
67	0.01054	0.00844	0.00942	0.00918	0.01167	0.00732	0.00688	0.01332	0.02065	0.02650	0.29609	0.07327	0.43839	0.01953	0.00981	0.00273	0.00410	0.01660	0.00825	0.00732
68	0.01286	0.00932	0.01270	0.01443	0.01635	0.00916	0.01239	0.01639	0.01893	0.02442	0.04795	0.12636	0.10634	0.02294	0.01127	0.00370	0.00716	0.51213	0.00766	0.00754
69	0.01902	0.01552	0.01679	0.01531	0.01930	0.01748	0.01190	0.06278	0.44858	0.03418	0.10758	0.06453	0.03296	0.01282	0.00862	0.00278	0.00615	0.03146	0.06052	0.01172
70	0.03727	0.01414	0.01928	0.01478	0.02121	0.01221	0.01221	0.04049	0.02378	0.66198	0.03277	0.02828	0.02056	0.01028	0.00835	0.00257	0.00707	0.00835	0.01028	0.01414
71	0.01160	0.00849	0.01089	0.01029	0.01231	0.00777	0.00771	0.01537	0.02314	0.03243	0.60575	0.06351	0.12502	0.01731	0.00980	0.00263	0.00394	0.01523	0.00903	0.00777
72	0.01144	0.00844	0.01055	0.01188	0.01276	0.00836	0.00802	0.01508	0.08198	0.02213	0.04253	0.56570	0.04930	0.09341	0.01358	0.00379	0.00533	0.02094	0.00752	0.00725
73	0.02066	0.01785	0.01878	0.01691	0.02160	0.02066	0.01315	0.04414	0.64121	0.03475	0.03381	0.03099	0.02536	0.01127	0.00845	0.00282	0.00657	0.00939	0.00845	0.01315
74	0.02066	0.01785	0.01878	0.01691	0.02160	0.02066	0.01315	0.04414	0.64121	0.03475	0.03381	0.03099	0.02536	0.01127	0.00845	0.00282	0.00657	0.00939	0.00845	0.01315
75	0.01569	0.01477	0.02492	0.68808	0.05722	0.01846	0.02307	0.02123	0.01661	0.02123	0.01477	0.02215	0.01107	0.00831	0.00831	0.00277	0.01107	0.00738	0.00369	0.00923
76	0.03012	0.02174	0.02227	0.01753	0.02343	0.06769	0.01429	0.46171	0.03403	0.10181	0.02145	0.02166	0.01532	0.00987	0.00796	0.00241	0.00873	0.00744	0.09750	0.01305
77	0.02140	0.01768	0.01881	0.01681	0.02158	0.02029	0.01311	0.04398	0.61364	0.06276	0.03377	0.03087	0.02515	0.01123	0.00845	0.00281	0.00660	0.00935	0.00853	0.01319
78	0.01723	0.01477	0.01723	0.01230	0.01969	0.01107	0.00984	0.02092	0.01723	0.02707	0.01477	0.01723	0.01230	0.00615	0.00615	0.00123	0.00615	0.00492	0.00492	0.75883
79	0.01025	0.00728	0.00960	0.01140	0.01185	0.00683	0.00754	0.01160	0.01566	0.02087	0.04451	0.66025	0.05333	0.07061	0.01267	0.00368	0.00503	0.02286	0.00754	0.00664
80	0.00983	0.00836	0.00848	0.00857	0.01126	0.00700	0.00638	0.01190	0.01879	0.02238	0.08229	0.11032	0.62369	0.02128	0.00986	0.00283	0.00424	0.01783	0.00771	0.00700
81	0.01012	0.00723	0.00964	0.01157	0.01205	0.00675	0.00771	0.01157	0.01591	0.02121	0.04579	0.70262	0.05495	0.02603	0.01060	0.00337	0.00482	0.02362	0.00771	0.00675
82	0.07409	0.01424	0.01892	0.01459	0.02095	0.01253	0.01205	0.03967	0.02329	0.63044	0.03170	0.02753	0.01998	0.01015	0.00819	0.00257	0.00704	0.00816	0.01002	0.01388
83	0.76672	0.01607	0.01221	0.01092	0.01607	0.01864	0.00900	0.02442	0.01414	0.03727	0.01157	0.01350	0.00900	0.00771	0.00514	0.00257	0.00643	0.00450	0.00514	0.00900
84	0.01339	0.00956	0.01339	0.01530	0.01721	0.00956	0.01339	0.01721	0.01912	0.02486	0.04399	0.09371	0.04781	0.02295	0.01147	0.00382	0.00765	0.60031	0.00765	0.00765
85	0.03727	0.01414	0.01928	0.01478	0.02121	0.01221	0.01221	0.04049	0.02378	0.66198	0.03277	0.02828	0.02056	0.01028	0.00835	0.00257	0.00707	0.00835	0.01028	0.01414
86	0.01111	0.00832	0.01036	0.01053	0.01242	0.00757	0.00786	0.01413	0.02067	0.02782	0.35715	0.18703	0.21037	0.02008	0.01008	0.00289	0.00444	0.06132	0.00842	0.00742
87	0.01666	0.04297	0.66500	0.02368	0.03596	0.01929	0.03069	0.02631	0.01754	0.02631	0.01491	0.01754	0.01052	0.00789	0.00789	0.00263	0.01228	0.00614	0.00351	0.01228
88	0.01568	0.01437	0.02396	0.65011	0.05456	0.01786	0.02211	0.02112	0.01666	0.02177	0.01545	0.02264	0.01164	0.00838	0.00817	0.00272	0.01067	0.00740	0.04557	0.00915
89	0.01191	0.00874	0.01255	0.01255	0.01375	0.00995	0.00938	0.01432	0.01311	0.01869	0.02299	0.03672	0.02254	0.18363	0.55622	0.01236	0.01958	0.00950	0.00456	0.00697
90	0.05217	0.00937	0.01006	0.00987	0.01252	0.00872	0.00739	0.01559	0.06022	0.02660	0.21222	0.12086	0.38666	0.01910	0.00954	0.00279	0.00446	0.01619	0.00797	0.00770
91	0.03359	0.02005	0.02294	0.01759	0.02416	0.02098	0.01453	0.42105	0.03367	0.26744	0.02447	0.02288	0.01640	0.01008	0.00833	0.00252	0.00841	0.00779	0.00901	0.01413
92	0.00982	0.00842	0.00842	0.00842	0.01122	0.00701	0.00631	0.01192	0.01894	0.02244	0.08416	0.07995	0.65285	0.02104	0.00982	0.00281	0.00421	0.01753	0.00771	0.00701
93	0.01549	0.00774	0.00774	0.00774	0.00968	0.00774	0.00581	0.01936	0.01742	0.03097	0.02710	0.03097	0.02129	0.00968	0.00581	0.00194	0.00387	0.00774	0.75416	0.00774
94	0.01265	0.00927	0.01131	0.01104	0.01114	0.01018	0.00712	0.01312	0.01256	0.01718	0.02595	0.10908	0.02974	0.53442	0.06136	0.00727	0.09331	0.01243	0.00509	0.00579
95	0.01863	0.01472	0.01737	0.01248	0.01979	0.01115	0.01001	0.02228	0.01768	0.07139	0.01602	0.01800	0.01288	0.00644	0.00631	0.00132	0.00622	0.00516	0.00530	0.70685
96	0.01012	0.00723	0.00964	0.01157	0.01205	0.00675	0.00771	0.01157	0.01591	0.02121	0.04579	0.70262	0.05495	0.02603	0.01060	0.00337	0.00482	0.02362	0.00771	0.00675
97	0.01781	0.01765	0.02494	0.05279	0.02320	0.02452	0.01810	0.01985	0.01293	0.02002	0.01154	0.01894	0.01131	0.01615	0.05215	0.00398	0.63411	0.00734	0.00367	0.00903
98	0.01312	0.01091	0.01402	0.01388	0.01554	0.05381	0.01075	0.01603	0.01402	0.01935	0.02164	0.03148	0.02011	0.05879	0.63148	0.01262	0.02178	0.00867	0.00444	0.00756
99	0.20977	0.01928	0.02305	0.01808	0.02396	0.02091	0.09548	0.27977	0.07240	0.06477	0.01901	0.02050	0.01404	0.00995	0.00872	0.03631	0.00856	0.00723	0.03653	0.01167
100	0.01842	0.01956	0.03604	0.06486	0.03372	0.02224	0.30668	0.02296	0.01624	0.02317	0.01446	0.02109	0.01219	0.01286	0.04835	0.00365	0.30100	0.00856	0.00395	0.01002
101	0.01292	0.00992	0.01229	0.01305	0.01548	0.00974	0.01083	0.01815	0.07879	0.02599	0.11580	0.08070	0.21703	0.02070	0.01056	0.00332	0.00621	0.32261	0.00790	0.00802
102	0.01549	0.00774	0.00774	0.00774	0.00968	0.00774	0.00581	0.01936	0.01742	0.03097	0.02710	0.03097	0.02129	0.00968	0.00581	0.00194	0.00387	0.00774	0.75416	0.00774
103	0.02109	0.01875	0.01898	0.01709	0.02177	0.04774	0.01327	0.04369	0.61564	0.03415	0.03294	0.03033	0.02475	0.01116	0.00841	0.00279	0.00692	0.00922	0.00828	0.01300
104	0.01117	0.00832	0.01039	0.01017	0.01213	0.00754	0.00752	0.01443	0.02168	0.02966	0.46439	0.14271	0.19149	0.01889	0.00990	0.00274	0.00409	0.01656	0.00868	0.00754
105	0.06910	0.01717	0.02389	0.06598	0.05815	0.01669	0.09383	0.07211	0.05302	0.06455	0.01701	0.01983	0.01329	0.00804	0.00889	0.00214	0.06181	0.00665	0.00537	0.32247
106	0.01569	0.01477	0.02492	0.68808	0.05722	0.01846	0.02307	0.02123	0.01661	0.02123	0.01477	0.02215	0.01107	0.00831	0.00831	0.00277	0.01107	0.00738	0.00369	0.00923
107	0.02066	0.01785	0.01878	0.01691	0.02160	0.02066	0.01315	0.04414	0.64121	0.03475	0.03381	0.03099	0.02536	0.01127	0.00845	0.00282	0.00657	0.00939	0.00845	0.01315
108	0.01075	0.00813	0.01004	0.01138	0.01263	0.00764	0.00800	0.01355	0.04721	0.02233	0.05314	0.50549	0.17832	0.02409	0.01038	0.00325	0.00494	0.05383	0.00774	0.00717
109	0.01388	0.00841	0.01163	0.04804	0.01471	0.00818	0.00856	0.01476	0.01612	0.06990	0.11936	0.31315	0.04184	0.08322	0.01795	0.17518	0.00603	0.01562	0.00672	0.00674
110	0.01029	0.00742	0.00979	0.01163	0.01230	0.00692	0.00796	0.01190	0.01623	0.02147	0.04749	0.63939	0.08264	0.02562	0.01062	0.00337	0.00495	0.05551	0.00771	0.00681
111	0.01016	0.00840	0.00895	0.00913	0.01167	0.00718	0.00688	0.01244	0.01907	0.02328	0.12148	0.12278	0.53804	0.02118	0.00996	0.00288	0.00440	0.04719	0.00782	0.00709
112	0.53517	0.01444	0.01226	0.01120	0.01554	0.01631	0.00908	0.05604	0.01658	0.03583	0.04056	0.05612	0.01737	0.01002	0.00613	0.00259	0.00615	0.03301	0.09669	0.00891
113	0.01485	0.00946	0.01172	0.01100	0.01358	0.00878	0.00829	0.01916	0.05523	0.10295	0.35767	0.13397	0.15560	0.01731	0.00949	0.00271	0.00458	0.01506	0.04000	0.00859
114	0.01055	0.00887	0.00920	0.00904	0.01184	0.00775	0.00680	0.01386	0.04869	0.02424	0.14546	0.07564	0.55894	0.02013	0.00975	0.00278	0.00429	0.01687	0.00791	0.00739
115	0.01049	0.00738	0.00953	0.01110	0.01149	0.00699	0.00721	0.01166	0.01519	0.02025	0.04209	0.58055	0.05029	0.15446	0.01657	0.00426	0.00543	0.02144	0.00721	0.00642
116	0.01410	0.00927	0.01121	0.01099	0.01330	0.00849	0.00804	0.04296	0.02004	0.08888	0.17983	0.26840	0.22626	0.04542	0.01104	0.00310	0.00499	0.01741	0.00819	0.00805
117	0.01012	0.00723	0.00964	0.01157	0.01205	0.00675	0.00771	0.01157	0.01591	0.02121	0.04579	0.70262	0.05495	0.02603	0.01060	0.00337	0.00482	0.02362	0.00771	0.00675
118	0.07742	0.01901	0.02019	0.01696	0.02242	0.02130	0.01356	0.21575	0.36529	0.09458	0.02806	0.02626	0.02047	0.01055	0.00817	0.00268	0.00737	0.00839	0.00834	0.01324
119	0.02863	0.01326	0.01703	0.01389	0.01883	0.01226	0.01110	0.08075	0.05086	0.40013	0.08418	0.07237	0.08243	0.01387	0.01030	0.05204	0.00660	0.01044	0.00914	0.01187
120	0.02692	0.01648	0.01907	0.01593	0.02123	0.01736	0.01272	0.11057	0.30880	0.25078	0.08145	0.03124	0.02664	0.01124	0.00851	0.00268	0.00684	0.00926	0.00912	0.01318
121	0.01605	0.01332	0.01596	0.01242	0.01843	0.01047	0.01000	0.01978	0.01828	0.02763	0.10222	0.03229	0.02526	0.00959	0.00727	0.00172	0.00604	0.07753	0.00580	0.56992
122	0.01723	0.01477	0.01723	0.01230	0.01969	0.01107	0.00984	0.02092	0.01723	0.02707	0.01477	0.01723	0.01230	0.00615	0.00615	0.00123	0.00615	0.00492	0.00492	0.75883
123	0.01062	0.00809	0.00957	0.01023	0.01186	0.00730	0.00733	0.01269	0.01800	0.02316	0.14354	0.27770	0.28373	0.08335	0.01307	0.00350	0.00493	0.05676	0.00767	0.00691
124	0.02260	0.01881	0.01988	0.01730	0.02234	0.02157	0.01362	0.14798	0.53422	0.03788	0.03135	0.02903	0.02336	0.01104	0.00843	0.00276	0.00703	0.00905	0.00843	0.01332
125	0.02221	0.71304	0.04353	0.01421	0.02132	0.03287	0.01421	0.02488	0.01688	0.01955	0.01155	0.01333	0.01066	0.00711	0.00533	0.00178	0.00888	0.00444	0.00355	0.01066
126	0.01012	0.00723	0.00964	0.01157	0.01205	0.00675	0.00771	0.01157	0.01591	0.02121	0.04579	0.70262	0.05495	0.02603	0.01060	0.00337	0.00482	0.02362	0.00771	0.00675
127	0.01080	0.00752	0.00944	0.01070	0.01101	0.00720	0.00678	0.01175	0.01458	0.01944	0.03898	0.47766	0.04636	0.26271	0.02160	0.00500	0.00594	0.01961	0.00678	0.00615
128	0.01001	0.00842	0.00868	0.00861	0.01134	0.00709	0.00646	0.01229	0.01938	0.02349	0.13905	0.07822	0.59730	0.02065	0.00982	0.00279	0.00418	0.01729	0.00785	0.00709
129	0.02066	0.01785	0.01878	0.01691	0.02160	0.02066	0.01315	0.04414	0.64121	0.03475	0.03381	0.03099	0.02536	0.01127	0.00845	0.00282	0.00657	0.00939	0.00845	0.01315
130	0.01124	0.00872	0.01035	0.01103	0.01276	0.00827	0.00784	0.01526	0.07608	0.02446	0.13775	0.37875	0.22267	0.02203	0.01007	0.00306	0.00469	0.01942	0.00798	0.00757
131	0.02198	0.01071	0.01402	0.01211	0.01589	0.00944	0.00945	0.02512	0.02226	0.29274	0.25963	0.11590	0.12479	0.01563	0.00928	0.00270	0.00536	0.01344	0.00929	0.01025
132	0.02005	0.01855	0.02902	0.07172	0.43346	0.01967	0.02176	0.05456	0.08795	0.02875	0.06183	0.02447	0.01882	0.00921	0.00985	0.00262	0.06216	0.00815	0.00508	0.01232
133	0.01754	0.06430	0.53411	0.02797	0.14097	0.01988	0.02919	0.02612	0.01775	0.02620	0.01490	0.01789	0.01098	0.00778	0.00785	0.00257	0.01174	0.00629	0.00361	0.01237
134	0.01712	0.01477	0.01776	0.05947	0.02231	0.01159	0.01077	0.02094	0.01718	0.02666	0.01477	0.01757	0.01222	0.00630	0.00630	0.00134	0.00650	0.00509	0.00484	0.70651

[dist]
# distance from previous block
# <min> <max>
0	1

[block]
# block no. 1 follows, 22 sequences, length 53
# corresponding to MSA columns:
# 253-305
name=unknown_B
#
# <colnr> <probs for GDERKNQSTAVLIFYWHMCP>
#	G	D	E	R	K	N	Q	S	T	A	V	L	I	F	Y	W	H	M	C	P
0	0.11407	0.10556	0.02438	0.01779	0.04764	0.02325	0.01418	0.33934	0.07908	0.04090	0.01941	0.04423	0.01533	0.00964	0.00749	0.00237	0.00821	0.00729	0.00690	0.07294
1	0.01179	0.00795	0.00923	0.00948	0.00963	0.00786	0.00554	0.01216	0.01312	0.01757	0.05572	0.14771	0.03581	0.58065	0.03635	0.00715	0.00741	0.01386	0.00559	0.00540
2	0.01208	0.00805	0.00906	0.00906	0.00906	0.00805	0.00503	0.01208	0.01208	0.01611	0.02618	0.05436	0.03020	0.70804	0.04228	0.00805	0.00805	0.01208	0.00503	0.00503
3	0.01772	0.01800	0.05068	0.14746	0.05106	0.02103	0.09191	0.05433	0.01634	0.02329	0.01586	0.05603	0.01445	0.01619	0.07077	0.00401	0.30844	0.00854	0.00426	0.00964
4	0.02599	0.02114	0.02158	0.04444	0.02476	0.07379	0.01464	0.24609	0.32436	0.07280	0.02650	0.02537	0.01946	0.01043	0.00832	0.00264	0.00834	0.00827	0.00798	0.01311
5	0.02686	0.01745	0.02033	0.01727	0.04298	0.01849	0.01334	0.29014	0.09858	0.16431	0.02763	0.02870	0.05319	0.04168	0.05874	0.04250	0.00898	0.00869	0.00790	0.01223
6	0.00992	0.00842	0.00856	0.00852	0.01128	0.00706	0.00639	0.01212	0.01918	0.02302	0.11455	0.07899	0.62209	0.02082	0.00982	0.00279	0.00419	0.01740	0.00779	0.00706
7	0.01208	0.00805	0.00906	0.00906	0.00906	0.00805	0.00503	0.01208	0.01208	0.01611	0.02618	0.05436	0.03020	0.70804	0.04228	0.00805	0.00805	0.01208	0.00503	0.00503
8	0.01549	0.00774	0.00774	0.00774	0.00968	0.00774	0.00581	0.01936	0.01742	0.03097	0.02710	0.03097	0.02129	0.00968	0.00581	0.00194	0.00387	0.00774	0.75416	0.00774
9	0.02221	0.71304	0.04353	0.01421	0.02132	0.03287	0.01421	0.02488	0.01688	0.01955	0.01155	0.01333	0.01066	0.00711	0.00533	0.00178	0.00888	0.00444	0.00355	0.01066
10	0.01835	0.01869	0.02829	0.02340	0.02442	0.02491	0.09154	0.02079	0.01355	0.02079	0.01162	0.01869	0.01111	0.01363	0.02516	0.00353	0.61092	0.00758	0.00370	0.00934
11	0.06982	0.02222	0.02365	0.01814	0.02477	0.02424	0.01496	0.54879	0.03602	0.04958	0.01909	0.01939	0.01371	0.00955	0.00797	0.00240	0.00876	0.00712	0.00788	0.07194
12	0.05254	0.00861	0.01132	0.01199	0.01342	0.00813	0.03494	0.01302	0.01628	0.02233	0.04769	0.51349	0.14083	0.05035	0.01140	0.00340	0.00535	0.02056	0.00731	0.00704
13	0.01019	0.00728	0.00970	0.01152	0.01207	0.00680	0.00772	0.01175	0.01624	0.02174	0.07226	0.67464	0.05597	0.02563	0.01057	0.00334	0.00478	0.02324	0.00777	0.00680
14	0.01208	0.00805	0.00906	0.00906	0.00906	0.00805	0.00503	0.01208	0.01208	0.01611	0.02618	0.05436	0.03020	0.70804	0.04228	0.00805	0.00805	0.01208	0.00503	0.00503
15	0.07856	0.01604	0.02345	0.51072	0.04783	0.01944	0.02041	0.09073	0.06369	0.02696	0.01645	0.02184	0.01227	0.00866	0.00806	0.00273	0.01016	0.00730	0.00466	0.01004
16	0.07496	0.54071	0.03810	0.01532	0.02103	0.03054	0.01454	0.02398	0.01595	0.02090	0.01144	0.01419	0.01058	0.00846	0.00918	0.00216	0.12907	0.00494	0.00368	0.01026
17	0.02005	0.01755	0.02697	0.30479	0.04048	0.01832	0.10481	0.04973	0.01924	0.02658	0.01885	0.02627	0.01564	0.01567	0.06542	0.04586	0.03722	0.00838	0.00535	0.13283
18	0.02968	0.02123	0.02348	0.05263	0.02593	0.02336	0.01520	0.52042	0.03512	0.08196	0.02084	0.02299	0.01548	0.05995	0.01075	0.00291	0.00905	0.00785	0.00795	0.01322
19	0.00999	0.00842	0.00865	0.00859	0.01133	0.00709	0.00645	0.01225	0.01934	0.02340	0.13394	0.07838	0.60248	0.02068	0.00982	0.00279	0.00418	0.01731	0.00784	0.00709
20	0.01187	0.00890	0.01335	0.01335	0.01483	0.01038	0.01038	0.01483	0.01335	0.01928	0.02225	0.03264	0.02077	0.06231	0.67512	0.01335	0.02225	0.00890	0.00445	0.00742
21	0.01161	0.00863	0.01264	0.01286	0.01424	0.00966	0.00979	0.01443	0.01454	0.02070	0.07655	0.13115	0.03033	0.05343	0.52596	0.01105	0.01827	0.01151	0.00530	0.00736
22	0.02056	0.01974	0.03372	0.05099	0.65622	0.01974	0.02550	0.02550	0.01892	0.02714	0.01563	0.02056	0.01316	0.00740	0.00822	0.00247	0.00987	0.00740	0.00411	0.01316
23	0.03103	0.03959	0.02354	0.02140	0.02568	0.67469	0.01605	0.03317	0.02354	0.02033	0.01284	0.01498	0.01070	0.00856	0.00749	0.00214	0.01498	0.00535	0.00428	0.00963
24	0.01648	0.00817	0.00915	0.00905	0.01104	0.00794	0.00669	0.01953	0.01737	0.08133	0.02955	0.12681	0.02568	0.01314	0.00819	0.04414	0.00446	0.01004	0.54333	0.00790
25	0.01694	0.00967	0.01260	0.01119	0.01415	0.00869	0.00863	0.02056	0.02320	0.16392	0.47644	0.05644	0.11276	0.01591	0.00950	0.00262	0.00460	0.01383	0.00927	0.00909
26	0.01205	0.00809	0.00923	0.00917	0.00933	0.00804	0.00526	0.01237	0.01301	0.01750	0.07678	0.05499	0.03410	0.65215	0.03966	0.00761	0.00772	0.01232	0.00537	0.00526
27	0.02221	0.71304	0.04353	0.01421	0.02132	0.03287	0.01421	0.02488	0.01688	0.01955	0.01155	0.01333	0.01066	0.00711	0.00533	0.00178	0.00888	0.00444	0.00355	0.01066
28	0.39071	0.01779	0.01706	0.01423	0.01982	0.01982	0.01162	0.17092	0.11691	0.11740	0.01954	0.01950	0.01412	0.00910	0.00679	0.00259	0.00716	0.00642	0.00702	0.01147
29	0.01398	0.01107	0.01277	0.01208	0.01472	0.01138	0.00903	0.02294	0.20073	0.03048	0.31972	0.10645	0.13011	0.05356	0.01122	0.00305	0.00502	0.01424	0.00843	0.00904
30	0.01191	0.00873	0.01251	0.01251	0.01370	0.00993	0.00933	0.01429	0.01310	0.01866	0.02302	0.03692	0.02263	0.18954	0.55043	0.01231	0.01945	0.00953	0.00457	0.00695
31	0.01084	0.00753	0.00943	0.01065	0.01095	0.00723	0.00673	0.01176	0.01450	0.01934	0.03860	0.46492	0.04587	0.27611	0.02222	0.00509	0.00601	0.01939	0.00673	0.00612
32	0.03085	0.02273	0.02443	0.01880	0.02527	0.02511	0.01550	0.60609	0.03849	0.05166	0.04308	0.02149	0.01648	0.01023	0.00836	0.00250	0.00895	0.00776	0.00834	0.01390
33	0.01518	0.01036	0.01143	0.01054	0.01163	0.01074	0.00670	0.10620	0.01639	0.02218	0.02526	0.04826	0.02742	0.57584	0.03576	0.00698	0.00806	0.01122	0.03335	0.00652
34	0.01162	0.00849	0.01091	0.01031	0.01233	0.00778	0.00773	0.01541	0.02319	0.03253	0.61114	0.06334	0.11957	0.01727	0.00980	0.00263	0.00394	0.01520	0.00904	0.00778
35	0.02110	0.01123	0.01376	0.01202	0.01489	0.01087	0.00868	0.02548	0.09322	0.22646	0.11308	0.04426	0.03301	0.30902	0.02304	0.00495	0.00701	0.01096	0.00767	0.00929
36	0.01033	0.00734	0.00966	0.01134	0.01185	0.00689	0.00752	0.01177	0.01594	0.02133	0.06908	0.62997	0.05412	0.07463	0.01285	0.00368	0.00502	0.02244	0.00758	0.00667
37	0.02150	0.01679	0.01836	0.01644	0.02104	0.01888	0.01297	0.06276	0.50067	0.08409	0.05912	0.03607	0.02831	0.01220	0.00871	0.00285	0.00668	0.05132	0.00856	0.01266
38	0.01012	0.00723	0.00964	0.01157	0.01205	0.00675	0.00771	0.01157	0.01591	0.02121	0.04579	0.70262	0.05495	0.02603	0.01060	0.00337	0.00482	0.02362	0.00771	0.00675
39	0.01066	0.00760	0.00975	0.01091	0.01165	0.00712	0.00730	0.01233	0.01672	0.02251	0.14404	0.48208	0.07652	0.12222	0.01499	0.00390	0.00511	0.02033	0.00756	0.00669
40	0.01188	0.00883	0.01300	0.01300	0.01437	0.01020	0.00995	0.01461	0.01325	0.01903	0.02257	0.03439	0.02153	0.11454	0.62394	0.01292	0.02110	0.00916	0.00450	0.00722
41	0.02158	0.01764	0.01881	0.01679	0.02158	0.02019	0.01310	0.04394	0.60697	0.06954	0.03375	0.03084	0.02509	0.01122	0.00845	0.00280	0.00660	0.00933	0.00855	0.01320
42	0.01187	0.00890	0.01335	0.01335	0.01483	0.01038	0.01038	0.01483	0.01335	0.01928	0.02225	0.03264	0.02077	0.06231	0.67512	0.01335	0.02225	0.00890	0.00445	0.00742
43	0.01451	0.00788	0.00837	0.00834	0.00989	0.00790	0.00593	0.01762	0.01657	0.02784	0.05895	0.03708	0.02591	0.14480	0.03761	0.00355	0.00535	0.00899	0.54568	0.00722
44	0.01972	0.01888	0.03221	0.16048	0.55328	0.01952	0.02508	0.02476	0.01852	0.02612	0.01548	0.02083	0.01280	0.00756	0.00824	0.00252	0.01008	0.00740	0.00404	0.01248
45	0.01007	0.00850	0.00877	0.00891	0.01165	0.00720	0.00682	0.01230	0.01895	0.02262	0.08127	0.08094	0.60941	0.02118	0.00994	0.00288	0.00446	0.05938	0.00771	0.00706
46	0.01307	0.00935	0.01294	0.01435	0.01628	0.00923	0.01230	0.01691	0.01998	0.02651	0.16254	0.08753	0.05377	0.02179	0.01115	0.00359	0.00692	0.48616	0.00794	0.00769
47	0.01019	0.00728	0.00970	0.01152	0.01206	0.00679	0.00772	0.01174	0.01623	0.02172	0.07168	0.67525	0.05595	0.02564	0.01057	0.00334	0.00478	0.02325	0.00777	0.00679
48	0.02392	0.01549	0.01782	0.01540	0.02018	0.01652	0.01213	0.03906	0.38405	0.20575	0.12221	0.03471	0.03166	0.01182	0.00862	0.00272	0.00633	0.00992	0.00905	0.01266
49	0.03727	0.01414	0.01928	0.01478	0.02121	0.01221	0.01221	0.04049	0.02378	0.66198	0.03277	0.02828	0.02056	0.01028	0.00835	0.00257	0.00707	0.00835	0.01028	0.01414
50	0.01734	0.01744	0.03124	0.38393	0.08973	0.02027	0.16322	0.02258	0.01684	0.02269	0.01468	0.02146	0.01155	0.00895	0.01171	0.00290	0.12177	0.00793	0.00383	0.00994
51	0.03727	0.01414	0.01928	0.01478	0.02121	0.01221	0.01221	0.04049	0.02378	0.66198	0.03277	0.02828	0.02056	0.01028	0.00835	0.00257	0.00707	0.00835	0.01028	0.01414
52	0.03530	0.01370	0.01865	0.01445	0.02053	0.01187	0.01187	0.03856	0.02376	0.61325	0.08075	0.03089	0.02505	0.01080	0.00847	0.00257	0.00682	0.00887	0.01019	0.01365

[dist]
# distance from previous block
# <min> <max>
0	1

[block]
# block no. 2 follows, 22 sequences, length 91
# corresponding to MSA columns:
# 307-397
name=unknown_C
#
# <colnr> <probs for GDERKNQSTAVLIFYWHMCP>
#	G	D	E	R	K	N	Q	S	T	A	V	L	I	F	Y	W	H	M	C	P
0	0.10026	0.01719	0.01847	0.01599	0.02114	0.01907	0.01266	0.06650	0.43432	0.15484	0.03076	0.02822	0.02230	0.01066	0.00809	0.00273	0.00676	0.00861	0.00846	0.01296
1	0.28161	0.32184	0.02855	0.01427	0.02047	0.06144	0.01277	0.12483	0.01995	0.03113	0.01301	0.01457	0.01066	0.00787	0.00587	0.00219	0.00841	0.00501	0.00493	0.01060
2	0.01059	0.00782	0.01086	0.05681	0.01521	0.00773	0.00888	0.01239	0.01581	0.02110	0.04245	0.62103	0.05017	0.02680	0.04634	0.00387	0.00618	0.02174	0.00727	0.00695
3	0.02544	0.01278	0.01773	0.01446	0.01921	0.01170	0.04538	0.03055	0.07270	0.34472	0.19989	0.07041	0.07158	0.01325	0.00901	0.00266	0.00633	0.01148	0.00923	0.01150
4	0.03158	0.02327	0.02493	0.01911	0.02576	0.02576	0.01579	0.62852	0.03906	0.05236	0.01995	0.01995	0.01413	0.00997	0.00831	0.00249	0.00914	0.00748	0.00831	0.01413
5	0.01418	0.00903	0.01153	0.01069	0.01318	0.00814	0.00809	0.01763	0.02248	0.09977	0.47021	0.09411	0.15451	0.01731	0.00969	0.00268	0.00435	0.01511	0.00899	0.00835
6	0.01979	0.01938	0.03095	0.21536	0.47068	0.05024	0.02442	0.02475	0.01853	0.02528	0.01527	0.02071	0.01250	0.00769	0.00821	0.00253	0.01042	0.00730	0.00401	0.01197
7	0.01738	0.01649	0.02797	0.46686	0.26521	0.01890	0.02391	0.02271	0.01741	0.02328	0.01506	0.02160	0.01180	0.00799	0.00828	0.00266	0.01066	0.00739	0.00384	0.01059
8	0.03727	0.01414	0.01928	0.01478	0.02121	0.01221	0.01221	0.04049	0.02378	0.66198	0.03277	0.02828	0.02056	0.01028	0.00835	0.00257	0.00707	0.00835	0.01028	0.01414
9	0.01569	0.01477	0.02492	0.68808	0.05722	0.01846	0.02307	0.02123	0.01661	0.02123	0.01477	0.02215	0.01107	0.00831	0.00831	0.00277	0.01107	0.00738	0.00369	0.00923
10	0.03103	0.03959	0.02354	0.02140	0.02568	0.67469	0.01605	0.03317	0.02354	0.02033	0.01284	0.01498	0.01070	0.00856	0.00749	0.00214	0.01498	0.00535	0.00428	0.00963
11	0.02066	0.01785	0.01878	0.01691	0.02160	0.02066	0.01315	0.04414	0.64121	0.03475	0.03381	0.03099	0.02536	0.01127	0.00845	0.00282	0.00657	0.00939	0.00845	0.01315
12	0.01176	0.00849	0.01110	0.01045	0.01241	0.00784	0.00784	0.01568	0.02352	0.03331	0.65184	0.06206	0.07839	0.01698	0.00980	0.00261	0.00392	0.01502	0.00914	0.00784
13	0.01018	0.00728	0.00970	0.01152	0.01206	0.00679	0.00772	0.01172	0.01620	0.02167	0.06902	0.67806	0.05584	0.02568	0.01057	0.00334	0.00479	0.02329	0.00777	0.00679
14	0.01012	0.00723	0.00964	0.01157	0.01205	0.00675	0.00771	0.01157	0.01591	0.02121	0.04579	0.70262	0.05495	0.02603	0.01060	0.00337	0.00482	0.02362	0.00771	0.00675
15	0.01818	0.01818	0.02545	0.02181	0.02181	0.02545	0.01818	0.01999	0.01272	0.01999	0.01091	0.01818	0.01091	0.01454	0.02726	0.00364	0.69284	0.00727	0.00364	0.00909
16	0.73261	0.01572	0.01216	0.01090	0.01590	0.01815	0.00894	0.02402	0.01456	0.03709	0.04050	0.01569	0.01213	0.00813	0.00535	0.00257	0.00631	0.00497	0.00532	0.00894
17	0.08289	0.00921	0.01129	0.01086	0.01305	0.00884	0.00810	0.01680	0.02134	0.05734	0.46244	0.16647	0.06551	0.01740	0.00944	0.00274	0.00444	0.01525	0.00857	0.00802
18	0.01961	0.02241	0.04902	0.03501	0.04342	0.02101	0.62605	0.02661	0.01961	0.02661	0.01681	0.02241	0.01261	0.00700	0.00980	0.00280	0.01401	0.00980	0.00420	0.01120
19	0.01012	0.00723	0.00964	0.01157	0.01205	0.00675	0.00771	0.01157	0.01591	0.02121	0.04579	0.70262	0.05495	0.02603	0.01060	0.00337	0.00482	0.02362	0.00771	0.00675
20	0.01046	0.00747	0.01003	0.01195	0.01258	0.00704	0.00830	0.01215	0.01624	0.02159	0.04560	0.63946	0.05420	0.02571	0.01069	0.00342	0.00511	0.08344	0.00771	0.00684
21	0.01012	0.00723	0.00964	0.01157	0.01205	0.00675	0.00771	0.01157	0.01591	0.02121	0.04579	0.70262	0.05495	0.02603	0.01060	0.00337	0.00482	0.02362	0.00771	0.00675
22	0.01549	0.00774	0.00774	0.00774	0.00968	0.00774	0.00581	0.01936	0.01742	0.03097	0.02710	0.03097	0.02129	0.00968	0.00581	0.00194	0.00387	0.00774	0.75416	0.00774
23	0.01339	0.00956	0.01339	0.01530	0.01721	0.00956	0.01339	0.01721	0.01912	0.02486	0.04399	0.09371	0.04781	0.02295	0.01147	0.00382	0.00765	0.60031	0.00765	0.00765
24	0.01012	0.00723	0.00964	0.01157	0.01205	0.00675	0.00771	0.01157	0.01591	0.02121	0.04579	0.70262	0.05495	0.02603	0.01060	0.00337	0.00482	0.02362	0.00771	0.00675
25	0.03456	0.01474	0.01920	0.01513	0.02127	0.01359	0.01236	0.04108	0.12475	0.55940	0.03294	0.02872	0.02135	0.01044	0.00837	0.00261	0.00699	0.00852	0.00998	0.01398
26	0.01208	0.00805	0.00906	0.00906	0.00906	0.00805	0.00503	0.01208	0.01208	0.01611	0.02618	0.05436	0.03020	0.70804	0.04228	0.00805	0.00805	0.01208	0.00503	0.00503
27	0.01165	0.00849	0.01096	0.01034	0.01234	0.00779	0.00775	0.01547	0.02326	0.03271	0.62031	0.06305	0.11029	0.01721	0.00980	0.00262	0.00394	0.01516	0.00907	0.00779
28	0.01187	0.00856	0.01126	0.01077	0.01273	0.00795	0.00821	0.01578	0.02322	0.03275	0.61128	0.06417	0.07635	0.01738	0.00991	0.00269	0.00417	0.05408	0.00905	0.00783
29	0.01723	0.01477	0.01723	0.01230	0.01969	0.01107	0.00984	0.02092	0.01723	0.02707	0.01477	0.01723	0.01230	0.00615	0.00615	0.00123	0.00615	0.00492	0.00492	0.75883
30	0.03158	0.02327	0.02493	0.01911	0.02576	0.02576	0.01579	0.62852	0.03906	0.05236	0.01995	0.01995	0.01413	0.00997	0.00831	0.00249	0.00914	0.00748	0.00831	0.01413
31	0.01140	0.00814	0.01111	0.01303	0.01408	0.00785	0.00994	0.01378	0.01717	0.02264	0.04508	0.46367	0.05215	0.02482	0.01095	0.00355	0.00593	0.24992	0.00769	0.00710
32	0.01961	0.02241	0.04902	0.03501	0.04342	0.02101	0.62605	0.02661	0.01961	0.02661	0.01681	0.02241	0.01261	0.00700	0.00980	0.00280	0.01401	0.00980	0.00420	0.01120
33	0.03550	0.01453	0.01923	0.01501	0.02125	0.01311	0.01231	0.04088	0.08976	0.59494	0.03289	0.02857	0.02108	0.01039	0.00836	0.00260	0.00702	0.00847	0.01009	0.01403
34	0.02846	0.01406	0.01778	0.01365	0.01955	0.01214	0.01089	0.06438	0.02142	0.37761	0.02640	0.02806	0.01917	0.09524	0.01195	0.00288	0.00706	0.00784	0.00808	0.21337
35	0.01012	0.00723	0.00964	0.01157	0.01205	0.00675	0.00771	0.01157	0.01591	0.02121	0.04579	0.70262	0.05495	0.02603	0.01060	0.00337	0.00482	0.02362	0.00771	0.00675
36	0.00984	0.00834	0.00850	0.00863	0.01128	0.00700	0.00641	0.01190	0.01873	0.02236	0.08160	0.12150	0.61295	0.02137	0.00987	0.00284	0.00425	0.01794	0.00771	0.00700
37	0.02565	0.02046	0.02780	0.05899	0.06453	0.02212	0.11593	0.33392	0.06344	0.06545	0.02147	0.06692	0.01711	0.01064	0.00969	0.00270	0.04466	0.00906	0.00696	0.01252
38	0.01020	0.00742	0.00975	0.01141	0.01214	0.00698	0.00775	0.01178	0.01601	0.02120	0.04758	0.61389	0.10176	0.02768	0.04818	0.00389	0.00576	0.02229	0.00753	0.00681
39	0.01208	0.00805	0.00906	0.00906	0.00906	0.00805	0.00503	0.01208	0.01208	0.01611	0.02618	0.05436	0.03020	0.70804	0.04228	0.00805	0.00805	0.01208	0.00503	0.00503
40	0.01723	0.01477	0.01723	0.01230	0.01969	0.01107	0.00984	0.02092	0.01723	0.02707	0.01477	0.01723	0.01230	0.00615	0.00615	0.00123	0.00615	0.00492	0.00492	0.75883
41	0.06695	0.01676	0.02967	0.19992	0.09593	0.01812	0.19938	0.02209	0.01737	0.02470	0.02044	0.08829	0.01900	0.01136	0.01084	0.00297	0.07513	0.06656	0.00471	0.00979
42	0.01166	0.00872	0.01238	0.01443	0.05553	0.00898	0.00940	0.01363	0.01475	0.02027	0.03341	0.34962	0.03762	0.13053	0.23124	0.00721	0.01128	0.01615	0.00604	0.00716
43	0.15967	0.01860	0.01947	0.01574	0.02087	0.02062	0.01286	0.35797	0.02937	0.04269	0.08627	0.02947	0.09066	0.01173	0.00907	0.00262	0.04452	0.00878	0.00750	0.01152
44	0.01036	0.00740	0.00989	0.01171	0.01233	0.00694	0.00801	0.01203	0.01638	0.02189	0.07051	0.64489	0.05554	0.02550	0.01062	0.00337	0.00493	0.05310	0.00777	0.00684
45	0.01666	0.04297	0.66500	0.02368	0.03596	0.01929	0.03069	0.02631	0.01754	0.02631	0.01491	0.01754	0.01052	0.00789	0.00789	0.00263	0.01228	0.00614	0.00351	0.01228
46	0.00982	0.00842	0.00842	0.00842	0.01122	0.00701	0.00631	0.01192	0.01894	0.02244	0.08416	0.07995	0.65285	0.02104	0.00982	0.00281	0.00421	0.01753	0.00771	0.00701
47	0.01569	0.01477	0.02492	0.68808	0.05722	0.01846	0.02307	0.02123	0.01661	0.02123	0.01477	0.02215	0.01107	0.00831	0.00831	0.00277	0.01107	0.00738	0.00369	0.00923
48	0.01187	0.00890	0.01335	0.01335	0.01483	0.01038	0.01038	0.01483	0.01335	0.01928	0.02225	0.03264	0.02077	0.06231	0.67512	0.01335	0.02225	0.00890	0.00445	0.00742
49	0.01047	0.00844	0.00931	0.00910	0.01162	0.00729	0.00682	0.01318	0.02047	0.02607	0.27380	0.07397	0.46094	0.01968	0.00981	0.00274	0.00411	0.01669	0.00819	0.00729
50	0.01952	0.02043	0.01474	0.01390	0.01558	0.26966	0.00936	0.02036	0.01658	0.01777	0.02094	0.03891	0.02255	0.43355	0.02863	0.00573	0.01077	0.00944	0.00474	0.00684
51	0.01207	0.00810	0.00927	0.00927	0.00934	0.00817	0.00530	0.01222	0.01214	0.01626	0.02598	0.05330	0.02974	0.67650	0.07319	0.00831	0.00875	0.01193	0.00501	0.00515
