[name]
unknown

[dist]
# distance from previous block
# <min> <max>
0	87

[block]
# block no. 0 follows, 24 sequences, length 29
# corresponding to MSA columns:
# 89-117
name=unknown_A
#
# <colnr> <probs for GDERKNQSTAVLIFYWHMCP>
#	G	D	E	R	K	N	Q	S	T	A	V	L	I	F	Y	W	H	M	C	P
0	0.01790	0.01241	0.01397	0.01254	0.01574	0.04238	0.00972	0.04559	0.13619	0.12727	0.30723	0.04792	0.08445	0.04620	0.01026	0.00281	0.00569	0.04413	0.00820	0.00940
1	0.09897	0.05871	0.01726	0.01323	0.01749	0.05286	0.01073	0.25089	0.02471	0.03609	0.08434	0.02672	0.04355	0.01164	0.02921	0.00255	0.00725	0.00771	0.19608	0.01000
2	0.02353	0.02054	0.02178	0.02001	0.07447	0.10883	0.04456	0.16767	0.28121	0.06997	0.02738	0.02672	0.05698	0.01016	0.00803	0.00249	0.00837	0.00833	0.00704	0.01192
3	0.02120	0.02397	0.06509	0.12682	0.37458	0.18027	0.02173	0.02621	0.04070	0.02379	0.01472	0.01872	0.01199	0.00760	0.00768	0.00234	0.01077	0.00659	0.00402	0.01120
4	0.06655	0.01904	0.02043	0.01647	0.02216	0.02086	0.01334	0.33571	0.23284	0.09372	0.02360	0.02261	0.01707	0.00963	0.00771	0.00243	0.00749	0.00751	0.00780	0.05304
5	0.01783	0.01980	0.04185	0.03044	0.03731	0.01904	0.54360	0.02382	0.01833	0.02508	0.04875	0.05670	0.01695	0.00846	0.01040	0.00274	0.05423	0.01009	0.00437	0.01021
6	0.01638	0.13011	0.56312	0.02079	0.03138	0.01960	0.02616	0.02444	0.01694	0.02458	0.04558	0.01828	0.01321	0.00786	0.00730	0.00240	0.01090	0.00606	0.00362	0.01131
7	0.01636	0.13423	0.55121	0.02059	0.03103	0.01956	0.02580	0.02431	0.01700	0.02462	0.05308	0.01874	0.01396	0.00795	0.00730	0.00240	0.01079	0.00614	0.00368	0.01125
8	0.01133	0.00850	0.01274	0.01274	0.01416	0.00991	0.00991	0.01416	0.01274	0.01841	0.02124	0.03115	0.01982	0.05947	0.68989	0.01274	0.02124	0.00850	0.00425	0.00708
9	0.01590	0.04102	0.68023	0.02260	0.03432	0.01842	0.02930	0.02511	0.01674	0.02511	0.01423	0.01674	0.01005	0.00753	0.00753	0.00251	0.01172	0.00586	0.00335	0.01172
10	0.02120	0.72609	0.04155	0.01357	0.02035	0.03138	0.01357	0.02374	0.01611	0.01866	0.01102	0.01272	0.01018	0.00678	0.00509	0.00170	0.00848	0.00424	0.00339	0.01018
11	0.02120	0.72609	0.04155	0.01357	0.02035	0.03138	0.01357	0.02374	0.01611	0.01866	0.01102	0.01272	0.01018	0.00678	0.00509	0.00170	0.00848	0.00424	0.00339	0.01018
12	0.01153	0.00769	0.00865	0.00865	0.00865	0.00769	0.00480	0.01153	0.01153	0.01538	0.02499	0.05189	0.02883	0.72131	0.04036	0.00769	0.00769	0.01153	0.00480	0.00480
13	0.01590	0.04102	0.68023	0.02260	0.03432	0.01842	0.02930	0.02511	0.01674	0.02511	0.01423	0.01674	0.01005	0.00753	0.00753	0.00251	0.01172	0.00586	0.00335	0.01172
14	0.01963	0.01884	0.03219	0.04867	0.67185	0.01884	0.02434	0.02434	0.01806	0.02591	0.01492	0.01963	0.01256	0.00707	0.00785	0.00236	0.00942	0.00707	0.00393	0.01256
15	0.02088	0.68488	0.07996	0.01411	0.02119	0.03060	0.01451	0.02383	0.01615	0.01905	0.01122	0.01296	0.01017	0.00683	0.00524	0.00175	0.00868	0.00434	0.00339	0.01027
16	0.00966	0.00690	0.00920	0.01104	0.01150	0.00644	0.00736	0.01104	0.01518	0.02024	0.04371	0.71614	0.05245	0.02484	0.01012	0.00322	0.00460	0.02254	0.00736	0.00644
17	0.02120	0.72609	0.04155	0.01357	0.02035	0.03138	0.01357	0.02374	0.01611	0.01866	0.01102	0.01272	0.01018	0.00678	0.00509	0.00170	0.00848	0.00424	0.00339	0.01018
18	0.01377	0.00689	0.01033	0.01033	0.01033	0.00689	0.00689	0.01033	0.01033	0.01377	0.01377	0.02410	0.01377	0.02755	0.03099	0.76928	0.00689	0.00689	0.00344	0.00344
19	0.00966	0.00690	0.00920	0.01104	0.01150	0.00644	0.00736	0.01104	0.01518	0.02024	0.04371	0.71614	0.05245	0.02484	0.01012	0.00322	0.00460	0.02254	0.00736	0.00644
20	0.00937	0.00803	0.00803	0.00803	0.01071	0.00669	0.00602	0.01138	0.01807	0.02142	0.08033	0.07632	0.66863	0.02008	0.00937	0.00268	0.00402	0.01674	0.00736	0.00669
21	0.09078	0.02436	0.06000	0.01808	0.02437	0.09389	0.01537	0.49411	0.03259	0.04415	0.01739	0.01790	0.01254	0.00909	0.00758	0.00236	0.00927	0.00662	0.00702	0.01253
22	0.01590	0.04102	0.68023	0.02260	0.03432	0.01842	0.02930	0.02511	0.01674	0.02511	0.01423	0.01674	0.01005	0.00753	0.00753	0.00251	0.01172	0.00586	0.00335	0.01172
23	0.01619	0.07736	0.64635	0.02212	0.03358	0.01910	0.02846	0.02504	0.01671	0.02477	0.01406	0.01653	0.01005	0.00749	0.00740	0.00247	0.01155	0.00577	0.00335	0.01164
24	0.49598	0.01715	0.01575	0.01301	0.01844	0.01920	0.01073	0.20364	0.02116	0.09718	0.01515	0.01592	0.01099	0.00820	0.00605	0.00243	0.00693	0.00544	0.00622	0.01044
25	0.08144	0.01625	0.02635	0.26311	0.25423	0.01796	0.07008	0.02290	0.05213	0.02418	0.01514	0.02046	0.01215	0.00904	0.00981	0.04873	0.03478	0.00710	0.00406	0.01010
26	0.02877	0.05682	0.02459	0.05933	0.02619	0.06176	0.01543	0.54315	0.03413	0.04495	0.01797	0.01859	0.01297	0.00921	0.00775	0.00234	0.00914	0.00688	0.00723	0.01280
27	0.01595	0.07764	0.60856	0.02142	0.03233	0.01856	0.02725	0.02449	0.01701	0.02511	0.04906	0.01879	0.01352	0.00796	0.00749	0.00246	0.01111	0.00622	0.00364	0.01141
28	0.08695	0.42633	0.17454	0.01643	0.02385	0.05596	0.04547	0.02409	0.01630	0.02188	0.01237	0.01473	0.01044	0.00895	0.03052	0.00240	0.00992	0.00502	0.00361	0.01024

[dist]
# distance from previous block
# <min> <max>
2	18

[block]
# block no. 1 follows, 24 sequences, length 20
# corresponding to MSA columns:
# 136-155
name=unknown_B
#
# <colnr> <probs for GDERKNQSTAVLIFYWHMCP>
#	G	D	E	R	K	N	Q	S	T	A	V	L	I	F	Y	W	H	M	C	P
0	0.01458	0.19730	0.05986	0.01281	0.01625	0.01566	0.01137	0.01773	0.01427	0.02005	0.01880	0.02598	0.01707	0.05851	0.37096	0.00784	0.01490	0.00720	0.09073	0.00813
1	0.06112	0.18010	0.37449	0.02238	0.09236	0.09373	0.02286	0.02536	0.01718	0.02381	0.01324	0.01571	0.01026	0.00739	0.00687	0.00227	0.01078	0.00547	0.00358	0.01103
2	0.02154	0.64481	0.03912	0.01397	0.02058	0.03027	0.01357	0.05526	0.05963	0.02114	0.01282	0.01415	0.01127	0.00718	0.00542	0.00180	0.00835	0.00469	0.00392	0.01050
3	0.01083	0.00917	0.01025	0.01106	0.04351	0.00835	0.00765	0.01464	0.06994	0.02297	0.09806	0.13608	0.49108	0.01901	0.00927	0.00271	0.00451	0.01613	0.00732	0.00746
4	0.01649	0.11726	0.60915	0.02160	0.03277	0.01986	0.02755	0.02496	0.01667	0.02439	0.01387	0.01629	0.01006	0.00745	0.00726	0.00242	0.01136	0.00568	0.00335	0.01155
5	0.03525	0.01402	0.01873	0.01436	0.02051	0.01244	0.01186	0.07533	0.02358	0.63941	0.03054	0.02651	0.01926	0.00980	0.00797	0.00245	0.00687	0.00792	0.00970	0.01349
6	0.01748	0.07670	0.37840	0.02777	0.09082	0.01981	0.22635	0.02505	0.01745	0.02486	0.01467	0.01824	0.01091	0.00717	0.00799	0.00250	0.01185	0.00699	0.00362	0.01136
7	0.00940	0.00794	0.00813	0.00828	0.01078	0.00667	0.00613	0.01135	0.01784	0.02133	0.07736	0.12830	0.61857	0.02047	0.00943	0.00272	0.00406	0.01721	0.00736	0.00667
8	0.02100	0.62903	0.10544	0.01476	0.02193	0.05656	0.01523	0.02420	0.01643	0.01934	0.01140	0.01319	0.01016	0.00692	0.00542	0.00179	0.00904	0.00444	0.00342	0.01029
9	0.01898	0.01825	0.03071	0.11156	0.55743	0.01916	0.02354	0.02350	0.01736	0.02479	0.01447	0.01959	0.01219	0.00771	0.00933	0.00247	0.06620	0.00705	0.00385	0.01187
10	0.01590	0.04102	0.68023	0.02260	0.03432	0.01842	0.02930	0.02511	0.01674	0.02511	0.01423	0.01674	0.01005	0.00753	0.00753	0.00251	0.01172	0.00586	0.00335	0.01172
11	0.00966	0.00690	0.00920	0.01104	0.01150	0.00644	0.00736	0.01104	0.01518	0.02024	0.04371	0.71614	0.05245	0.02484	0.01012	0.00322	0.00460	0.02254	0.00736	0.00644
12	0.08442	0.03369	0.49312	0.02185	0.05403	0.01751	0.05470	0.02538	0.01725	0.06958	0.04487	0.01934	0.01368	0.00801	0.00751	0.00250	0.01053	0.00646	0.00421	0.01135
13	0.05375	0.12311	0.42273	0.02408	0.09794	0.01989	0.07716	0.02447	0.01699	0.02511	0.03495	0.01810	0.01251	0.00759	0.00734	0.00240	0.01068	0.00627	0.00372	0.01123
14	0.04965	0.39502	0.29005	0.01702	0.02563	0.02481	0.01946	0.02498	0.01657	0.05330	0.01325	0.01499	0.01051	0.00725	0.00618	0.00208	0.00958	0.00506	0.00374	0.01088
15	0.08076	0.09425	0.50750	0.02220	0.06657	0.01971	0.02547	0.02456	0.01630	0.02525	0.01358	0.01626	0.01009	0.00769	0.00787	0.00247	0.03899	0.00570	0.00352	0.01125
16	0.01812	0.02071	0.12578	0.09067	0.39059	0.01807	0.02206	0.02494	0.07855	0.02554	0.01708	0.02183	0.01400	0.03546	0.00959	0.00266	0.03195	0.00725	0.03367	0.01150
17	0.09168	0.01648	0.04934	0.13871	0.17704	0.01622	0.12809	0.02150	0.01638	0.04440	0.01801	0.09741	0.01627	0.01061	0.01001	0.04535	0.03735	0.00876	0.00451	0.05189
18	0.05976	0.04906	0.14508	0.02672	0.14038	0.01797	0.20233	0.02519	0.08232	0.02679	0.05876	0.04475	0.01800	0.00849	0.00803	0.00245	0.00970	0.00826	0.00477	0.06119
19	0.16636	0.04401	0.19173	0.17310	0.08433	0.01660	0.01854	0.02285	0.01664	0.06923	0.06726	0.04298	0.01726	0.00939	0.00788	0.02125	0.00877	0.00722	0.00472	0.00989

[dist]
# distance from previous block
# <min> <max>
10	26

[block]
# block no. 2 follows, 24 sequences, length 20
# corresponding to MSA columns:
# 183-202
name=unknown_C
#
# <colnr> <probs for GDERKNQSTAVLIFYWHMCP>
#	G	D	E	R	K	N	Q	S	T	A	V	L	I	F	Y	W	H	M	C	P
0	0.24486	0.12504	0.32491	0.01650	0.02468	0.01904	0.01880	0.02354	0.01605	0.02783	0.05664	0.01787	0.01402	0.00791	0.00648	0.00234	0.00887	0.00570	0.00423	0.03470
1	0.15085	0.19718	0.34159	0.01778	0.02622	0.02134	0.02037	0.02489	0.01611	0.06045	0.01364	0.01570	0.01036	0.00778	0.00748	0.00235	0.04582	0.00537	0.00399	0.01074
2	0.20050	0.07180	0.45011	0.01906	0.02847	0.05394	0.02272	0.02495	0.01622	0.02699	0.01319	0.01547	0.00971	0.00748	0.00675	0.00243	0.01033	0.00536	0.00377	0.01075
3	0.11815	0.09671	0.53573	0.02019	0.03058	0.01945	0.02517	0.02475	0.01625	0.02595	0.01353	0.01588	0.00986	0.00745	0.00697	0.00243	0.01069	0.00551	0.00356	0.01117
4	0.01718	0.01536	0.02410	0.58619	0.07385	0.01860	0.02118	0.10399	0.01880	0.02445	0.01479	0.02080	0.01104	0.00811	0.00793	0.00260	0.01028	0.00706	0.00413	0.00958
5	0.01413	0.00785	0.01115	0.01052	0.01146	0.00738	0.00722	0.01162	0.01115	0.01539	0.01382	0.02308	0.01350	0.02465	0.02763	0.66660	0.00675	0.00659	0.00361	0.10589
6	0.01644	0.01409	0.01644	0.01175	0.01879	0.01057	0.00940	0.01997	0.01644	0.02584	0.01409	0.01644	0.01175	0.00587	0.00587	0.00117	0.00587	0.00470	0.00470	0.76979
7	0.02460	0.01925	0.02074	0.01652	0.02239	0.02077	0.01335	0.35182	0.23183	0.04071	0.02246	0.02198	0.01663	0.00933	0.00764	0.00228	0.00748	0.00733	0.00745	0.13543
8	0.01644	0.01409	0.01644	0.01175	0.01879	0.01057	0.00940	0.01997	0.01644	0.02584	0.01409	0.01644	0.01175	0.00587	0.00587	0.00117	0.00587	0.00470	0.00470	0.76979
9	0.01565	0.00958	0.01332	0.01433	0.01665	0.00931	0.01231	0.01909	0.01867	0.11091	0.04066	0.11748	0.04256	0.02046	0.01051	0.00347	0.00707	0.50227	0.00764	0.00808
10	0.01671	0.14474	0.58353	0.02123	0.03221	0.02038	0.02692	0.02491	0.01665	0.02414	0.01375	0.01613	0.01007	0.00742	0.00716	0.00239	0.01123	0.00561	0.00336	0.01149
11	0.01726	0.01458	0.01688	0.01213	0.01914	0.01140	0.00973	0.05707	0.01768	0.02727	0.01439	0.01660	0.01185	0.00609	0.00599	0.00125	0.00604	0.00484	0.00489	0.72493
12	0.01240	0.00895	0.01115	0.01200	0.01325	0.00887	0.00839	0.09585	0.01814	0.02422	0.04041	0.62295	0.04724	0.02279	0.00983	0.00311	0.00515	0.02048	0.00744	0.00738
13	0.10671	0.06215	0.57811	0.02083	0.03157	0.01880	0.02628	0.02485	0.01633	0.02613	0.01374	0.01614	0.00988	0.00749	0.00713	0.00248	0.01094	0.00562	0.00354	0.01129
14	0.23985	0.21475	0.02006	0.01173	0.01565	0.01806	0.01000	0.01972	0.01411	0.02409	0.01583	0.02156	0.01430	0.06233	0.21322	0.00559	0.01128	0.00614	0.05343	0.00830
15	0.02036	0.33935	0.02695	0.01324	0.01817	0.02084	0.01148	0.07722	0.04411	0.09246	0.02209	0.15315	0.02147	0.05883	0.00913	0.00255	0.00731	0.00910	0.00558	0.04661
16	0.02282	0.06392	0.02038	0.01500	0.02006	0.01899	0.01208	0.34681	0.06055	0.03749	0.07187	0.06313	0.02212	0.08186	0.01099	0.00279	0.00750	0.00858	0.00695	0.10610
17	0.01998	0.59147	0.07543	0.01434	0.02063	0.02857	0.01433	0.02293	0.01630	0.01993	0.05446	0.01633	0.01445	0.00792	0.00691	0.00191	0.05518	0.00518	0.00375	0.00999
18	0.06889	0.01519	0.02188	0.24563	0.10401	0.01647	0.04061	0.02488	0.10254	0.06855	0.05150	0.02303	0.01666	0.00865	0.00843	0.00240	0.04206	0.00729	0.00515	0.12618
19	0.02141	0.58378	0.12890	0.01486	0.02229	0.02827	0.01563	0.02492	0.01663	0.06298	0.01281	0.01422	0.01078	0.00709	0.00562	0.00186	0.00882	0.00471	0.00381	0.01061

[dist]
# distance from previous block
# <min> <max>
4	15

[block]
# block no. 3 follows, 24 sequences, length 34
# corresponding to MSA columns:
# 223-256
name=unknown_D
#
# <colnr> <probs for GDERKNQSTAVLIFYWHMCP>
#	G	D	E	R	K	N	Q	S	T	A	V	L	I	F	Y	W	H	M	C	P
0	0.01588	0.14281	0.13765	0.01507	0.02009	0.04749	0.01446	0.02212	0.09446	0.02376	0.05130	0.11472	0.08717	0.01406	0.00831	0.00265	0.00774	0.13685	0.00581	0.03759
1	0.05916	0.40405	0.21253	0.01629	0.02378	0.06977	0.01750	0.02396	0.01634	0.02135	0.01270	0.01523	0.01073	0.01079	0.05367	0.00275	0.01053	0.00504	0.00357	0.01024
2	0.04712	0.24141	0.44148	0.01915	0.02895	0.02197	0.02321	0.02514	0.01665	0.04791	0.01380	0.01579	0.01039	0.00739	0.00673	0.00227	0.01037	0.00540	0.00366	0.01121
3	0.01771	0.11912	0.11827	0.05216	0.08287	0.01983	0.34580	0.02339	0.01760	0.02376	0.01783	0.09115	0.01569	0.00875	0.00846	0.00255	0.01119	0.00932	0.00417	0.01038
4	0.01610	0.08634	0.01717	0.01386	0.01723	0.01568	0.01077	0.02797	0.32451	0.02715	0.06317	0.23686	0.03400	0.01509	0.00847	0.00272	0.00591	0.03538	0.00727	0.03436
5	0.01936	0.48768	0.26382	0.01671	0.02521	0.02687	0.01904	0.02422	0.01633	0.02090	0.01214	0.01412	0.01013	0.00705	0.00594	0.00198	0.00961	0.00480	0.00338	0.01071
6	0.01656	0.12626	0.60075	0.02148	0.03258	0.02003	0.02734	0.02494	0.01666	0.02431	0.01383	0.01624	0.01006	0.00744	0.00723	0.00241	0.01132	0.00566	0.00335	0.01153
7	0.01793	0.03818	0.61195	0.02173	0.03287	0.01772	0.02748	0.02651	0.01736	0.09240	0.01599	0.01780	0.01103	0.00777	0.00758	0.00251	0.01121	0.00608	0.00402	0.01190
8	0.01956	0.01902	0.03321	0.04761	0.62786	0.01893	0.06751	0.02441	0.01810	0.02587	0.01499	0.01975	0.01252	0.00704	0.00796	0.00238	0.00970	0.00723	0.00393	0.01243
9	0.01900	0.01801	0.03056	0.06745	0.60614	0.01812	0.02346	0.02365	0.01800	0.02557	0.01678	0.02455	0.01480	0.00813	0.00807	0.00245	0.00931	0.04973	0.00415	0.01207
10	0.01145	0.00851	0.01255	0.01270	0.01408	0.00974	0.00990	0.01422	0.01313	0.01869	0.02308	0.03679	0.02231	0.08759	0.60506	0.01178	0.01949	0.05741	0.00452	0.00699
11	0.01039	0.00869	0.00996	0.01090	0.04587	0.00761	0.00769	0.01286	0.01858	0.02300	0.13946	0.07249	0.51817	0.01912	0.00942	0.00272	0.00453	0.06408	0.00733	0.00714
12	0.01136	0.00933	0.01528	0.01481	0.01656	0.00878	0.10444	0.01378	0.01604	0.02139	0.03933	0.54600	0.04561	0.02178	0.01009	0.00318	0.00621	0.08202	0.00685	0.00718
13	0.07034	0.16025	0.43799	0.02150	0.03138	0.02092	0.10295	0.02478	0.01665	0.02472	0.01366	0.01634	0.01022	0.00728	0.00714	0.00238	0.01096	0.00590	0.00355	0.01109
14	0.01963	0.01884	0.03219	0.04867	0.67185	0.01884	0.02434	0.02434	0.01806	0.02591	0.01492	0.01963	0.01256	0.00707	0.00785	0.00236	0.00942	0.00707	0.00393	0.01256
15	0.00937	0.00803	0.00803	0.00803	0.01071	0.00669	0.00602	0.01138	0.01807	0.02142	0.08033	0.07632	0.66863	0.02008	0.00937	0.00268	0.00402	0.01674	0.00736	0.00669
16	0.01823	0.02332	0.12501	0.06809	0.08521	0.01963	0.48946	0.02502	0.01827	0.02513	0.01563	0.02066	0.01174	0.00688	0.00895	0.00263	0.01274	0.00863	0.00390	0.01086
17	0.01744	0.02156	0.10265	0.07995	0.03933	0.01862	0.48739	0.02384	0.01803	0.02458	0.01795	0.07680	0.01498	0.00832	0.00914	0.00270	0.01230	0.00991	0.00418	0.01031
18	0.03558	0.01350	0.01840	0.01411	0.02024	0.01166	0.01166	0.03865	0.02270	0.67734	0.03128	0.02699	0.01963	0.00981	0.00797	0.00245	0.00675	0.00797	0.00981	0.01350
19	0.02962	0.03779	0.02247	0.02043	0.02451	0.68948	0.01532	0.03166	0.02247	0.01941	0.01226	0.01430	0.01021	0.00817	0.00715	0.00204	0.01430	0.00511	0.00409	0.00919
20	0.01621	0.01552	0.02680	0.52173	0.19396	0.01801	0.05255	0.02143	0.01649	0.02179	0.01437	0.02081	0.01109	0.00767	0.00798	0.00258	0.01045	0.00716	0.00364	0.00975
21	0.01708	0.03120	0.37374	0.06013	0.03839	0.01909	0.29518	0.02500	0.01756	0.02500	0.01501	0.01897	0.01093	0.00718	0.00834	0.00259	0.01238	0.00743	0.00364	0.01113
22	0.00966	0.00690	0.00920	0.01104	0.01150	0.00644	0.00736	0.01104	0.01518	0.02024	0.04371	0.71614	0.05245	0.02484	0.01012	0.00322	0.00460	0.02254	0.00736	0.00644
23	0.01827	0.02259	0.10872	0.08152	0.11883	0.01956	0.46001	0.02488	0.01823	0.02507	0.01558	0.02068	0.01179	0.00691	0.00888	0.00262	0.01252	0.00855	0.00390	0.01090
24	0.02008	0.52257	0.14646	0.01876	0.07319	0.02770	0.04990	0.02410	0.01650	0.02062	0.01211	0.01436	0.01043	0.00692	0.00592	0.00193	0.00934	0.00499	0.00346	0.01064
25	0.01843	0.02342	0.11214	0.03231	0.04071	0.01988	0.57973	0.02537	0.01851	0.02537	0.01586	0.02091	0.01183	0.00677	0.00917	0.00266	0.01320	0.00900	0.00394	0.01080
26	0.01737	0.10378	0.54636	0.02096	0.03147	0.01952	0.02592	0.02673	0.06551	0.04731	0.01587	0.01768	0.01146	0.00778	0.00736	0.00244	0.01083	0.00601	0.00393	0.01170
27	0.02663	0.01485	0.01800	0.01417	0.02003	0.01394	0.01144	0.08034	0.15571	0.32332	0.04829	0.02562	0.02020	0.00931	0.00756	0.00221	0.00650	0.00759	0.00810	0.18620
28	0.01842	0.01403	0.01665	0.01199	0.01894	0.01068	0.00963	0.02189	0.01709	0.09305	0.01587	0.01753	0.01256	0.00628	0.00609	0.00131	0.00596	0.00504	0.00523	0.69177
29	0.02214	0.64992	0.03950	0.01425	0.02081	0.08108	0.01375	0.04549	0.01732	0.01978	0.01139	0.01306	0.01029	0.00698	0.00534	0.00175	0.00893	0.00440	0.00360	0.01021
30	0.01456	0.03910	0.12086	0.01918	0.02374	0.01399	0.14326	0.01970	0.03654	0.02358	0.03148	0.14947	0.05468	0.01582	0.01037	0.00308	0.04162	0.22439	0.00577	0.00882
31	0.01999	0.07070	0.01975	0.01597	0.02058	0.02032	0.01276	0.06790	0.54861	0.03240	0.03051	0.03072	0.02368	0.01094	0.00798	0.00265	0.00661	0.03812	0.00767	0.01216
32	0.01498	0.01409	0.02378	0.70226	0.05462	0.01762	0.02202	0.02026	0.01586	0.02026	0.01409	0.02114	0.01057	0.00793	0.00793	0.00264	0.01057	0.00705	0.00352	0.00881
33	0.01613	0.01894	0.09803	0.44248	0.04879	0.01839	0.19887	0.02222	0.01676	0.02222	0.01466	0.02076	0.01093	0.00753	0.00829	0.00264	0.01148	0.00758	0.00364	0.00964

[dist]
# distance from previous block
# <min> <max>
0	1

[block]
# block no. 4 follows, 24 sequences, length 22
# corresponding to MSA columns:
# 258-279
name=unknown_E
#
# <colnr> <probs for GDERKNQSTAVLIFYWHMCP>
#	G	D	E	R	K	N	Q	S	T	A	V	L	I	F	Y	W	H	M	C	P
0	0.01498	0.01409	0.02378	0.70226	0.05462	0.01762	0.02202	0.02026	0.01586	0.02026	0.01409	0.02114	0.01057	0.00793	0.00793	0.00264	0.01057	0.00705	0.00352	0.00881
1	0.01498	0.01409	0.02378	0.70226	0.05462	0.01762	0.02202	0.02026	0.01586	0.02026	0.01409	0.02114	0.01057	0.00793	0.00793	0.00264	0.01057	0.00705	0.00352	0.00881
2	0.00966	0.00690	0.00920	0.01104	0.01150	0.00644	0.00736	0.01104	0.01518	0.02024	0.04371	0.71614	0.05245	0.02484	0.01012	0.00322	0.00460	0.02254	0.00736	0.00644
3	0.01779	0.01839	0.03006	0.02528	0.05985	0.02299	0.16680	0.02086	0.01402	0.02095	0.01199	0.01843	0.01091	0.01181	0.02110	0.00322	0.50503	0.00752	0.00362	0.00936
4	0.01153	0.00769	0.00865	0.00865	0.00865	0.00769	0.00480	0.01153	0.01153	0.01538	0.02499	0.05189	0.02883	0.72131	0.04036	0.00769	0.00769	0.01153	0.00480	0.00480
5	0.01963	0.01884	0.03219	0.04867	0.67185	0.01884	0.02434	0.02434	0.01806	0.02591	0.01492	0.01963	0.01256	0.00707	0.00785	0.00236	0.00942	0.00707	0.00393	0.01256
6	0.01836	0.35918	0.38361	0.01841	0.02783	0.02444	0.02199	0.02448	0.01645	0.02211	0.01274	0.01487	0.01011	0.00719	0.00640	0.00213	0.01022	0.00511	0.00337	0.01100
7	0.02033	0.01654	0.01989	0.05719	0.10491	0.01850	0.01450	0.03743	0.47056	0.07779	0.02940	0.03003	0.02250	0.01051	0.00814	0.00267	0.00698	0.03253	0.00739	0.01221
8	0.00966	0.00690	0.00920	0.01104	0.01150	0.00644	0.00736	0.01104	0.01518	0.02024	0.04371	0.71614	0.05245	0.02484	0.01012	0.00322	0.00460	0.02254	0.00736	0.00644
9	0.01122	0.00811	0.01060	0.00998	0.01185	0.00748	0.00748	0.01496	0.02245	0.03180	0.66766	0.05923	0.07482	0.01621	0.00935	0.00249	0.00374	0.01434	0.00873	0.00748
10	0.02120	0.72609	0.04155	0.01357	0.02035	0.03138	0.01357	0.02374	0.01611	0.01866	0.01102	0.01272	0.01018	0.00678	0.00509	0.00170	0.00848	0.00424	0.00339	0.01018
11	0.00966	0.00690	0.00920	0.01104	0.01150	0.00644	0.00736	0.01104	0.01518	0.02024	0.04371	0.71614	0.05245	0.02484	0.01012	0.00322	0.00460	0.02254	0.00736	0.00644
12	0.01299	0.00850	0.01116	0.01028	0.01245	0.00778	0.00778	0.01668	0.02246	0.07851	0.62161	0.05690	0.07083	0.01575	0.00925	0.00249	0.00396	0.01388	0.00881	0.00792
13	0.01122	0.00811	0.01060	0.00998	0.01185	0.00748	0.00748	0.01496	0.02245	0.03180	0.66766	0.05923	0.07482	0.01621	0.00935	0.00249	0.00374	0.01434	0.00873	0.00748
14	0.01881	0.01497	0.01735	0.01257	0.01950	0.01217	0.01013	0.09016	0.01903	0.05735	0.01540	0.01720	0.01229	0.00645	0.00619	0.00136	0.00623	0.00511	0.00528	0.65245
15	0.02107	0.01395	0.01692	0.01232	0.01914	0.01083	0.00994	0.02448	0.01795	0.18329	0.01825	0.01899	0.01365	0.00683	0.00638	0.00148	0.00608	0.00549	0.00593	0.58701
16	0.01467	0.01248	0.04985	0.01458	0.01758	0.01110	0.06084	0.06829	0.01844	0.05905	0.08038	0.37119	0.06168	0.01805	0.01003	0.00287	0.03653	0.03602	0.00685	0.04953
17	0.01860	0.23424	0.13743	0.02524	0.08820	0.02205	0.24914	0.02387	0.01732	0.02316	0.01535	0.04969	0.01307	0.00768	0.00755	0.00229	0.01058	0.00749	0.00390	0.04315
18	0.01321	0.04559	0.01250	0.01088	0.01237	0.00970	0.00770	0.01470	0.01351	0.05347	0.02594	0.14411	0.02767	0.31535	0.21636	0.00755	0.01099	0.01149	0.00524	0.04166
19	0.14057	0.14932	0.38508	0.01925	0.02845	0.02106	0.04882	0.07474	0.01786	0.02774	0.01365	0.01583	0.01020	0.00750	0.00681	0.00236	0.01011	0.00559	0.00401	0.01106
20	0.06287	0.07240	0.02485	0.07188	0.21592	0.01892	0.01683	0.13068	0.09089	0.14608	0.02130	0.02491	0.01650	0.00922	0.00772	0.00246	0.00821	0.04017	0.00625	0.01195
21	0.15196	0.21639	0.09941	0.01746	0.02375	0.12964	0.06658	0.07171	0.01893	0.08425	0.01436	0.01609	0.01115	0.00796	0.00738	0.00224	0.03994	0.00565	0.00472	0.01043

[dist]
# distance from previous block
# <min> <max>
0	77

[block]
# block no. 5 follows, 24 sequences, length 19
# corresponding to MSA columns:
# 357-375
name=unknown_F
#
# <colnr> <probs for GDERKNQSTAVLIFYWHMCP>
#	G	D	E	R	K	N	Q	S	T	A	V	L	I	F	Y	W	H	M	C	P
0	0.01856	0.26001	0.39735	0.01901	0.02839	0.06733	0.02230	0.02486	0.01691	0.02269	0.01306	0.01527	0.01018	0.00725	0.00664	0.00215	0.01056	0.00523	0.00348	0.04877
1	0.15758	0.01945	0.05400	0.05043	0.02549	0.05109	0.10366	0.14466	0.11567	0.14419	0.02240	0.02278	0.03540	0.00906	0.00762	0.00250	0.00859	0.00751	0.00655	0.01136
2	0.01706	0.23914	0.42462	0.01889	0.02815	0.02120	0.02271	0.02375	0.01694	0.02351	0.04966	0.02132	0.01526	0.00847	0.00708	0.00233	0.01013	0.03515	0.00384	0.01083
3	0.01132	0.00817	0.01074	0.01027	0.01213	0.00759	0.00782	0.01506	0.02218	0.03129	0.62833	0.06113	0.07299	0.01657	0.00945	0.00257	0.00396	0.05232	0.00864	0.00747
4	0.02877	0.02118	0.02282	0.01776	0.02371	0.02337	0.01455	0.60274	0.03580	0.04798	0.02070	0.06592	0.01611	0.01055	0.00808	0.00244	0.00845	0.00818	0.00789	0.01301
5	0.56299	0.05778	0.12866	0.05184	0.02109	0.01862	0.01317	0.02347	0.01433	0.03201	0.01176	0.01400	0.00904	0.00739	0.00554	0.00243	0.00747	0.00472	0.00448	0.00922
6	0.01816	0.01788	0.03146	0.18361	0.35907	0.01854	0.12688	0.02310	0.01730	0.02426	0.01465	0.01994	0.01188	0.00745	0.00890	0.00245	0.04481	0.00729	0.00388	0.05848
7	0.01138	0.00818	0.01100	0.01264	0.01392	0.00793	0.01002	0.01393	0.01679	0.02191	0.04396	0.31656	0.08257	0.05704	0.01200	0.00364	0.00614	0.33636	0.00721	0.00683
8	0.02303	0.01754	0.02135	0.01730	0.02200	0.01876	0.06686	0.40024	0.02888	0.03871	0.02560	0.20752	0.02434	0.03733	0.00973	0.00281	0.00798	0.01161	0.00734	0.01106
9	0.01744	0.06368	0.38541	0.12840	0.16073	0.01884	0.04538	0.02460	0.01708	0.04452	0.01478	0.01823	0.01098	0.00751	0.00761	0.00247	0.01084	0.00637	0.00371	0.01140
10	0.00966	0.00690	0.00920	0.01104	0.01150	0.00644	0.00736	0.01104	0.01518	0.02024	0.04371	0.71614	0.05245	0.02484	0.01012	0.00322	0.00460	0.02254	0.00736	0.00644
11	0.01996	0.02029	0.02975	0.12143	0.41245	0.09206	0.06061	0.02541	0.05416	0.02450	0.01532	0.01978	0.01257	0.00786	0.00893	0.00246	0.04987	0.00709	0.00411	0.01140
12	0.00952	0.00746	0.00862	0.00955	0.01111	0.00657	0.00670	0.01121	0.01662	0.02083	0.06188	0.39863	0.35822	0.02248	0.00975	0.00295	0.00431	0.01966	0.00736	0.00657
13	0.02956	0.02192	0.02347	0.01813	0.02437	0.02432	0.01493	0.61164	0.07201	0.04904	0.01978	0.01963	0.01409	0.00959	0.00794	0.00240	0.00859	0.00724	0.00794	0.01343
14	0.01780	0.01707	0.06143	0.04668	0.02380	0.01359	0.06741	0.08725	0.01882	0.02791	0.01567	0.03795	0.01299	0.00709	0.00672	0.00165	0.00738	0.00607	0.00492	0.51779
15	0.01599	0.01509	0.02627	0.34124	0.10907	0.01725	0.11534	0.02034	0.01605	0.02150	0.01703	0.02803	0.01491	0.01098	0.01180	0.05100	0.08301	0.07206	0.00403	0.00899
16	0.01708	0.18562	0.37880	0.01866	0.02714	0.05621	0.04090	0.02314	0.01686	0.02269	0.03579	0.02309	0.05423	0.05639	0.00940	0.00267	0.01024	0.00686	0.00391	0.01032
17	0.22793	0.08360	0.40992	0.01808	0.02723	0.01883	0.02139	0.02528	0.01614	0.06466	0.01408	0.01596	0.01020	0.00756	0.00665	0.00243	0.00965	0.00543	0.00415	0.01084
18	0.24666	0.02112	0.05685	0.14199	0.02792	0.07965	0.01526	0.25841	0.02388	0.03619	0.01491	0.01706	0.01103	0.00836	0.00695	0.00243	0.00896	0.00603	0.00564	0.01071

[dist]
# distance from previous block
# <min> <max>
1	21

[block]
# block no. 6 follows, 24 sequences, length 41
# corresponding to MSA columns:
# 398-438
name=unknown_G
#
# <colnr> <probs for GDERKNQSTAVLIFYWHMCP>
#	G	D	E	R	K	N	Q	S	T	A	V	L	I	F	Y	W	H	M	C	P
0	0.16716	0.05405	0.16281	0.02109	0.02834	0.01868	0.20329	0.07777	0.04146	0.02920	0.01732	0.04720	0.01433	0.00866	0.00766	0.00251	0.00975	0.03273	0.00481	0.05119
1	0.27823	0.02326	0.23451	0.01584	0.02231	0.01709	0.01638	0.04681	0.04335	0.02944	0.03991	0.07797	0.01638	0.00986	0.00819	0.00256	0.05773	0.00727	0.00488	0.04803
2	0.16778	0.01337	0.01485	0.01282	0.01710	0.01367	0.01028	0.08488	0.10024	0.14173	0.17485	0.05972	0.03277	0.01201	0.00783	0.00250	0.00595	0.05218	0.00755	0.06791
3	0.01773	0.01690	0.02876	0.31538	0.41998	0.01834	0.02339	0.02267	0.01716	0.02360	0.01458	0.02024	0.01175	0.00742	0.00788	0.00247	0.00989	0.00706	0.00376	0.01103
4	0.01688	0.16705	0.56273	0.02094	0.03175	0.02080	0.02640	0.02486	0.01663	0.02393	0.01364	0.01600	0.01007	0.00740	0.00708	0.00236	0.01112	0.00556	0.00336	0.01144
5	0.61260	0.01769	0.01426	0.01227	0.01737	0.05495	0.01003	0.12752	0.01794	0.03711	0.01244	0.01398	0.00949	0.00776	0.00553	0.00242	0.00700	0.00481	0.00537	0.00944
6	0.01676	0.01591	0.02700	0.45207	0.29089	0.01809	0.02291	0.02182	0.01670	0.02242	0.01441	0.02056	0.01133	0.00760	0.00790	0.00253	0.01013	0.00705	0.00368	0.01025
7	0.01122	0.00811	0.01060	0.00998	0.01185	0.00748	0.00748	0.01496	0.02245	0.03180	0.66766	0.05923	0.07482	0.01621	0.00935	0.00249	0.00374	0.01434	0.00873	0.00748
8	0.00966	0.00690	0.00920	0.01104	0.01150	0.00644	0.00736	0.01104	0.01518	0.02024	0.04371	0.71614	0.05245	0.02484	0.01012	0.00322	0.00460	0.02254	0.00736	0.00644
9	0.01102	0.00810	0.01032	0.00976	0.01172	0.00739	0.00732	0.01457	0.02196	0.03065	0.60255	0.06113	0.14065	0.01664	0.00935	0.00251	0.00377	0.01461	0.00858	0.00739
10	0.01590	0.04102	0.68023	0.02260	0.03432	0.01842	0.02930	0.02511	0.01674	0.02511	0.01423	0.01674	0.01005	0.00753	0.00753	0.00251	0.01172	0.00586	0.00335	0.01172
11	0.01963	0.01884	0.03219	0.04867	0.67185	0.01884	0.02434	0.02434	0.01806	0.02591	0.01492	0.01963	0.01256	0.00707	0.00785	0.00236	0.00942	0.00707	0.00393	0.01256
12	0.02120	0.72609	0.04155	0.01357	0.02035	0.03138	0.01357	0.02374	0.01611	0.01866	0.01102	0.01272	0.01018	0.00678	0.00509	0.00170	0.00848	0.00424	0.00339	0.01018
13	0.77733	0.01534	0.01166	0.01043	0.01534	0.01779	0.00859	0.02331	0.01350	0.03558	0.01104	0.01288	0.00859	0.00736	0.00491	0.00245	0.00613	0.00429	0.00491	0.00859
14	0.01963	0.01884	0.03219	0.04867	0.67185	0.01884	0.02434	0.02434	0.01806	0.02591	0.01492	0.01963	0.01256	0.00707	0.00785	0.00236	0.00942	0.00707	0.00393	0.01256
15	0.01153	0.00769	0.00865	0.00865	0.00865	0.00769	0.00480	0.01153	0.01153	0.01538	0.02499	0.05189	0.02883	0.72131	0.04036	0.00769	0.00769	0.01153	0.00480	0.00480
16	0.02120	0.72609	0.04155	0.01357	0.02035	0.03138	0.01357	0.02374	0.01611	0.01866	0.01102	0.01272	0.01018	0.00678	0.00509	0.00170	0.00848	0.00424	0.00339	0.01018
17	0.00980	0.00700	0.00932	0.01095	0.01153	0.00653	0.00737	0.01138	0.01581	0.02124	0.09756	0.65944	0.05438	0.02410	0.01006	0.00316	0.00453	0.02184	0.00748	0.00653
18	0.01122	0.00811	0.01060	0.00998	0.01185	0.00748	0.00748	0.01496	0.02245	0.03180	0.66766	0.05923	0.07482	0.01621	0.00935	0.00249	0.00374	0.01434	0.00873	0.00748
19	0.02905	0.02116	0.02263	0.01747	0.02350	0.02337	0.01439	0.60078	0.03581	0.04852	0.01952	0.01979	0.01397	0.00950	0.00776	0.00234	0.00837	0.00716	0.06185	0.01305
20	0.01028	0.00747	0.00982	0.01132	0.01231	0.00700	0.00819	0.01228	0.01647	0.02177	0.09096	0.50700	0.10557	0.02332	0.01015	0.00320	0.00495	0.12383	0.00745	0.00668
21	0.02115	0.02141	0.05500	0.11049	0.46267	0.10572	0.02244	0.02566	0.01860	0.05937	0.01533	0.01937	0.01233	0.00747	0.00776	0.00236	0.01012	0.00681	0.00420	0.01175
22	0.01707	0.14848	0.52233	0.02341	0.08711	0.02052	0.02636	0.02483	0.01675	0.02415	0.01378	0.01635	0.01028	0.00737	0.00717	0.00237	0.01100	0.00571	0.00341	0.01155
23	0.01340	0.00861	0.01141	0.01077	0.01295	0.00794	0.00829	0.01698	0.02182	0.08636	0.53417	0.08510	0.06666	0.01649	0.00940	0.00262	0.00434	0.06609	0.00865	0.00794
24	0.01636	0.10014	0.62511	0.02182	0.03312	0.01953	0.02794	0.02499	0.01669	0.02456	0.01395	0.01639	0.01006	0.00747	0.00732	0.00244	0.01144	0.00572	0.00335	0.01159
25	0.11506	0.02143	0.02242	0.01736	0.02354	0.02382	0.01434	0.57471	0.03458	0.04834	0.01813	0.01834	0.01293	0.00927	0.00759	0.00239	0.00843	0.00682	0.00759	0.01293
26	0.04858	0.01940	0.04004	0.06353	0.03787	0.01845	0.50828	0.02388	0.01809	0.02530	0.01776	0.05276	0.01473	0.00806	0.00904	0.00265	0.01201	0.03129	0.00431	0.04396
27	0.56304	0.01698	0.01494	0.01252	0.01783	0.01925	0.01032	0.17900	0.01977	0.06338	0.01380	0.01495	0.01023	0.00799	0.00578	0.00244	0.00680	0.00514	0.00585	0.00999
28	0.00979	0.00706	0.00928	0.01081	0.01150	0.00655	0.00731	0.01142	0.01598	0.02136	0.10306	0.62718	0.08165	0.02384	0.01002	0.00313	0.00450	0.02153	0.00749	0.00655
29	0.01027	0.00727	0.00957	0.01118	0.01175	0.00692	0.00770	0.01176	0.01510	0.02006	0.04118	0.55763	0.04869	0.11088	0.01397	0.00383	0.00531	0.09356	0.00704	0.00634
30	0.01562	0.01322	0.01556	0.01166	0.01791	0.01007	0.00915	0.01888	0.01629	0.02516	0.01769	0.10143	0.01669	0.00818	0.00639	0.00142	0.00572	0.00687	0.00502	0.67707
31	0.01617	0.01380	0.01615	0.01172	0.01850	0.01040	0.00931	0.01961	0.01639	0.02561	0.01529	0.04480	0.01340	0.00664	0.00604	0.00126	0.00582	0.00542	0.00481	0.73885
32	0.01032	0.00841	0.00943	0.00944	0.01194	0.00708	0.00686	0.01232	0.01695	0.02158	0.06061	0.27300	0.39242	0.01987	0.00919	0.00267	0.00443	0.01712	0.00704	0.09930
33	0.02294	0.01350	0.01654	0.01320	0.01850	0.01201	0.01046	0.09658	0.04080	0.23752	0.05275	0.13634	0.02412	0.01123	0.00769	0.00216	0.00620	0.00947	0.00742	0.26058
34	0.02478	0.02375	0.04746	0.01593	0.02042	0.26935	0.01286	0.13107	0.02371	0.10714	0.08157	0.02781	0.07561	0.01043	0.00761	0.00224	0.00932	0.00791	0.09102	0.00998
35	0.02508	0.02252	0.02151	0.07660	0.02510	0.17165	0.01461	0.26101	0.05394	0.05741	0.01911	0.02141	0.03339	0.03295	0.01021	0.00252	0.06746	0.00701	0.00602	0.07047
36	0.04763	0.06915	0.01863	0.01452	0.01759	0.03977	0.03870	0.09128	0.07293	0.04505	0.04930	0.10486	0.02395	0.14479	0.09415	0.00466	0.07141	0.00984	0.00569	0.03611
37	0.19254	0.04162	0.01926	0.07113	0.02291	0.06095	0.01284	0.24894	0.02370	0.03521	0.01888	0.02225	0.03898	0.01095	0.03162	0.00266	0.00850	0.02838	0.00593	0.10276
38	0.02200	0.31121	0.10752	0.01566	0.02169	0.13116	0.01475	0.10548	0.04646	0.02523	0.01558	0.01814	0.01291	0.03364	0.00753	0.00221	0.00922	0.00574	0.08363	0.01025
39	0.04468	0.13223	0.04643	0.05231	0.02223	0.08791	0.01349	0.21295	0.02237	0.02947	0.01730	0.04658	0.01538	0.09649	0.03305	0.00320	0.03823	0.00725	0.00536	0.07309
40	0.08739	0.04782	0.02232	0.01744	0.02243	0.10169	0.05029	0.26745	0.07640	0.03463	0.01962	0.08539	0.01676	0.01051	0.00879	0.00243	0.05301	0.00813	0.00626	0.06123

[dist]
# distance from previous block
# <min> <max>
1	23

[block]
# block no. 7 follows, 24 sequences, length 11
# corresponding to MSA columns:
# 465-475
name=unknown_H
#
# <colnr> <probs for GDERKNQSTAVLIFYWHMCP>
#	G	D	E	R	K	N	Q	S	T	A	V	L	I	F	Y	W	H	M	C	P
0	0.01864	0.01593	0.02125	0.08797	0.02514	0.01565	0.07046	0.14937	0.02059	0.02916	0.01987	0.06903	0.04240	0.00942	0.00875	0.00209	0.05865	0.00779	0.00539	0.32244
1	0.01900	0.01431	0.01871	0.12815	0.09834	0.01515	0.01386	0.15705	0.06555	0.06005	0.02508	0.17599	0.02315	0.01220	0.00804	0.00249	0.00722	0.01056	0.08296	0.06213
2	0.01937	0.01583	0.02285	0.27555	0.03469	0.01724	0.05901	0.13733	0.02025	0.06629	0.01781	0.06433	0.01462	0.00938	0.00906	0.00242	0.05726	0.00784	0.00520	0.14367
3	0.07861	0.01560	0.01696	0.01410	0.01849	0.06005	0.01112	0.13282	0.02148	0.19275	0.05047	0.11734	0.04113	0.04471	0.01038	0.00266	0.04883	0.00949	0.00704	0.10595
4	0.24180	0.01570	0.01642	0.01389	0.01797	0.01756	0.01115	0.21256	0.02179	0.07798	0.02486	0.09136	0.07590	0.04478	0.01073	0.00287	0.07743	0.00890	0.00648	0.00988
5	0.10316	0.01871	0.02168	0.01687	0.02281	0.01986	0.05058	0.34511	0.08439	0.13280	0.05061	0.02234	0.01746	0.00940	0.00769	0.00239	0.00787	0.00747	0.00754	0.05126
6	0.02532	0.01862	0.02027	0.01609	0.02100	0.05315	0.01291	0.34039	0.02678	0.09118	0.01819	0.02103	0.01412	0.04395	0.01276	0.07994	0.05891	0.00694	0.00655	0.11188
7	0.05285	0.01668	0.02027	0.01594	0.02149	0.01698	0.05557	0.24198	0.08209	0.10046	0.02148	0.04948	0.01679	0.01293	0.05729	0.00297	0.00849	0.00769	0.04247	0.15610
8	0.09277	0.01098	0.01279	0.01275	0.03681	0.01124	0.00876	0.09504	0.01772	0.07280	0.05861	0.21222	0.03246	0.24428	0.01887	0.00438	0.00667	0.03655	0.00648	0.00783
9	0.09737	0.01820	0.02404	0.01989	0.05420	0.01961	0.10166	0.16330	0.11174	0.03210	0.01720	0.01952	0.01345	0.00897	0.01032	0.00242	0.11878	0.00693	0.00559	0.15472
10	0.01740	0.01427	0.02276	0.01942	0.05257	0.01371	0.16761	0.08355	0.04510	0.07498	0.03270	0.18932	0.09775	0.01579	0.03765	0.00310	0.00847	0.03607	0.00632	0.06144

[dist]
# distance from previous block
# <min> <max>
0	2

[block]
# block no. 8 follows, 24 sequences, length 12
# corresponding to MSA columns:
# 478-489
name=unknown_I
#
# <colnr> <probs for GDERKNQSTAVLIFYWHMCP>
#	G	D	E	R	K	N	Q	S	T	A	V	L	I	F	Y	W	H	M	C	P
0	0.12191	0.26779	0.27909	0.01876	0.05972	0.04946	0.01945	0.02531	0.01669	0.05683	0.01352	0.01542	0.01051	0.00737	0.00637	0.00220	0.00960	0.00524	0.00396	0.01081
1	0.06513	0.01819	0.02609	0.02295	0.09404	0.03980	0.12324	0.06046	0.05469	0.06424	0.01560	0.01915	0.01256	0.00926	0.01266	0.00254	0.20371	0.00695	0.00483	0.14391
2	0.05640	0.00946	0.01241	0.07297	0.01670	0.01005	0.00974	0.01404	0.01479	0.02108	0.03311	0.42441	0.03809	0.08381	0.01354	0.00347	0.06429	0.05033	0.00618	0.04512
3	0.01484	0.01353	0.02187	0.20764	0.02975	0.01557	0.09661	0.01849	0.01488	0.02109	0.01836	0.08055	0.01707	0.05175	0.11745	0.00449	0.14103	0.00889	0.04687	0.05925
4	0.02481	0.01318	0.01612	0.01329	0.01809	0.01261	0.01063	0.06400	0.14290	0.32322	0.13388	0.03739	0.10390	0.01202	0.00829	0.00248	0.00595	0.01000	0.00875	0.03850
5	0.01644	0.01409	0.01644	0.01175	0.01879	0.01057	0.00940	0.01997	0.01644	0.02584	0.01409	0.01644	0.01175	0.00587	0.00587	0.00117	0.00587	0.00470	0.00470	0.76979
6	0.01659	0.01574	0.02670	0.47515	0.26909	0.01804	0.02283	0.02168	0.01662	0.02222	0.01438	0.02062	0.01126	0.00763	0.00790	0.00254	0.01017	0.00705	0.00366	0.01011
7	0.01644	0.01409	0.01644	0.01175	0.01879	0.01057	0.00940	0.01997	0.01644	0.02584	0.01409	0.01644	0.01175	0.00587	0.00587	0.00117	0.00587	0.00470	0.00470	0.76979
8	0.01644	0.01409	0.01644	0.01175	0.01879	0.01057	0.00940	0.01997	0.01644	0.02584	0.01409	0.01644	0.01175	0.00587	0.00587	0.00117	0.00587	0.00470	0.00470	0.76979
9	0.02808	0.01552	0.01879	0.01442	0.02066	0.01444	0.01176	0.13973	0.08792	0.33459	0.02481	0.02314	0.01699	0.00884	0.00743	0.00213	0.00682	0.00708	0.00799	0.20884
10	0.01756	0.01839	0.03659	0.12735	0.16971	0.01808	0.35911	0.02332	0.01859	0.02549	0.08727	0.02516	0.01885	0.00799	0.00885	0.00258	0.01111	0.00911	0.00444	0.01046
11	0.02037	0.01615	0.01907	0.01449	0.02057	0.01444	0.01159	0.08763	0.01925	0.06732	0.01648	0.01923	0.01346	0.00832	0.00913	0.00190	0.08822	0.00585	0.00563	0.54092

[dist]
# distance from previous block
# <min> <max>
0	1

[block]
# block no. 9 follows, 24 sequences, length 7
# corresponding to MSA columns:
# 491-497
name=unknown_J
#
# <colnr> <probs for GDERKNQSTAVLIFYWHMCP>
#	G	D	E	R	K	N	Q	S	T	A	V	L	I	F	Y	W	H	M	C	P
0	0.05702	0.02062	0.01634	0.01455	0.01824	0.24020	0.01116	0.10877	0.02282	0.06779	0.13930	0.06622	0.12498	0.01244	0.00798	0.00235	0.00836	0.00980	0.04191	0.00913
1	0.01498	0.01409	0.02378	0.70226	0.05462	0.01762	0.02202	0.02026	0.01586	0.02026	0.01409	0.02114	0.01057	0.00793	0.00793	0.00264	0.01057	0.00705	0.00352	0.00881
2	0.01644	0.01409	0.01644	0.01175	0.01879	0.01057	0.00940	0.01997	0.01644	0.02584	0.01409	0.01644	0.01175	0.00587	0.00587	0.00117	0.00587	0.00470	0.00470	0.76979
3	0.02870	0.02479	0.02206	0.01785	0.02325	0.18764	0.01432	0.43969	0.03184	0.04066	0.01795	0.01877	0.01326	0.00916	0.00753	0.00225	0.00967	0.00666	0.07203	0.01190
4	0.03014	0.02221	0.02380	0.01825	0.02459	0.02459	0.01507	0.64541	0.03728	0.04998	0.01904	0.01904	0.01349	0.00952	0.00793	0.00238	0.00873	0.00714	0.00793	0.01349
5	0.03558	0.01350	0.01840	0.01411	0.02024	0.01166	0.01166	0.03865	0.02270	0.67734	0.03128	0.02699	0.01963	0.00981	0.00797	0.00245	0.00675	0.00797	0.00981	0.01350
6	0.16936	0.01904	0.02077	0.10210	0.02606	0.02142	0.01456	0.40796	0.02884	0.04181	0.01839	0.02270	0.01427	0.00971	0.00755	0.00251	0.00837	0.04625	0.00676	0.01157

[dist]
# distance from previous block
# <min> <max>
7	12

[block]
# block no. 10 follows, 24 sequences, length 13
# corresponding to MSA columns:
# 510-522
name=unknown_K
#
# <colnr> <probs for GDERKNQSTAVLIFYWHMCP>
#	G	D	E	R	K	N	Q	S	T	A	V	L	I	F	Y	W	H	M	C	P
0	0.06416	0.01911	0.01989	0.01610	0.02141	0.06060	0.01300	0.32032	0.12635	0.13802	0.09602	0.02585	0.02261	0.01033	0.00792	0.00243	0.00770	0.00810	0.00794	0.01215
1	0.01896	0.01794	0.02931	0.14023	0.50621	0.01877	0.02263	0.02581	0.09198	0.02593	0.01681	0.02100	0.01362	0.00762	0.00789	0.00244	0.00922	0.00728	0.00435	0.01201
2	0.01498	0.01409	0.02378	0.70226	0.05462	0.01762	0.02202	0.02026	0.01586	0.02026	0.01409	0.02114	0.01057	0.00793	0.00793	0.00264	0.01057	0.00705	0.00352	0.00881
3	0.01498	0.01409	0.02378	0.70226	0.05462	0.01762	0.02202	0.02026	0.01586	0.02026	0.01409	0.02114	0.01057	0.00793	0.00793	0.00264	0.01057	0.00705	0.00352	0.00881
4	0.01532	0.00901	0.01191	0.01067	0.01326	0.00818	0.00818	0.01894	0.02249	0.14028	0.56072	0.05382	0.06555	0.01514	0.00912	0.00249	0.00425	0.01327	0.00891	0.00849
5	0.01872	0.02139	0.04679	0.03342	0.04144	0.02005	0.64305	0.02540	0.01872	0.02540	0.01604	0.02139	0.01203	0.00668	0.00936	0.00267	0.01337	0.00936	0.00401	0.01070
6	0.03014	0.02221	0.02380	0.01825	0.02459	0.02459	0.01507	0.64541	0.03728	0.04998	0.01904	0.01904	0.01349	0.00952	0.00793	0.00238	0.00873	0.00714	0.00793	0.01349
7	0.03558	0.01350	0.01840	0.01411	0.02024	0.01166	0.01166	0.03865	0.02270	0.67734	0.03128	0.02699	0.01963	0.00981	0.00797	0.00245	0.00675	0.00797	0.00981	0.01350
8	0.02580	0.02314	0.02036	0.01751	0.02242	0.19169	0.01371	0.16557	0.31049	0.08828	0.02429	0.02324	0.01798	0.00976	0.00780	0.00244	0.00889	0.00751	0.00717	0.01197
9	0.48510	0.02162	0.07900	0.01414	0.01986	0.09704	0.01250	0.13486	0.01907	0.03526	0.01291	0.01451	0.00979	0.00785	0.00596	0.00240	0.00808	0.00504	0.00520	0.00983
10	0.02334	0.01533	0.01767	0.01488	0.01995	0.01584	0.01188	0.07450	0.32207	0.19762	0.05989	0.03086	0.02430	0.01064	0.00797	0.00247	0.00643	0.03596	0.00811	0.10029
11	0.01939	0.01576	0.01725	0.01307	0.01942	0.04635	0.01039	0.08037	0.04311	0.06911	0.01770	0.05236	0.01481	0.00770	0.00656	0.00157	0.00657	0.00620	0.00555	0.54675
12	0.10950	0.01487	0.01564	0.01307	0.01736	0.01607	0.01044	0.23455	0.08375	0.05952	0.02178	0.02422	0.01685	0.03645	0.05001	0.00304	0.00736	0.00720	0.21333	0.04500

[dist]
# distance from previous block
# <min> <max>
0	1

[block]
