[name]
unknown

[dist]
# distance from previous block
# <min> <max>
0	14

[block]
# block no. 0 follows, 26 sequences, length 174
# corresponding to MSA columns:
# 14-187
name=unknown_A
#
# <colnr> <probs for GDERKNQSTAVLIFYWHMCP>
#	G	D	E	R	K	N	Q	S	T	A	V	L	I	F	Y	W	H	M	C	P
0	0.01222	0.00873	0.01222	0.01397	0.01572	0.00873	0.01222	0.01572	0.01746	0.02270	0.04016	0.08556	0.04365	0.02095	0.01048	0.00349	0.00698	0.63506	0.00698	0.00698
1	0.01877	0.01802	0.03079	0.04656	0.68612	0.01802	0.02328	0.02328	0.01727	0.02478	0.01427	0.01877	0.01201	0.00676	0.00751	0.00225	0.00901	0.00676	0.00375	0.01201
2	0.03403	0.01291	0.01760	0.01350	0.01936	0.01115	0.01115	0.03697	0.02171	0.69137	0.02992	0.02582	0.01878	0.00939	0.00763	0.00235	0.00645	0.00763	0.00939	0.01291
3	0.01065	0.00775	0.01002	0.00945	0.01128	0.00712	0.00709	0.01415	0.02127	0.02994	0.65291	0.05745	0.10107	0.01569	0.00895	0.00239	0.00359	0.01383	0.00829	0.00712
4	0.00910	0.00766	0.00789	0.00790	0.01035	0.00645	0.00590	0.01112	0.01751	0.02117	0.11952	0.09125	0.62011	0.01908	0.00898	0.00256	0.00384	0.01601	0.00714	0.00645
5	0.00924	0.00660	0.00880	0.01056	0.01100	0.00616	0.00704	0.01056	0.01452	0.01936	0.04181	0.72848	0.05017	0.02376	0.00968	0.00308	0.00440	0.02156	0.00704	0.00616
6	0.03403	0.01291	0.01760	0.01350	0.01936	0.01115	0.01115	0.03697	0.02171	0.69137	0.02992	0.02582	0.01878	0.00939	0.00763	0.00235	0.00645	0.00763	0.00939	0.01291
7	0.03403	0.01291	0.01760	0.01350	0.01936	0.01115	0.01115	0.03697	0.02171	0.69137	0.02992	0.02582	0.01878	0.00939	0.00763	0.00235	0.00645	0.00763	0.00939	0.01291
8	0.78701	0.01467	0.01115	0.00997	0.01467	0.01702	0.00821	0.02230	0.01291	0.03403	0.01056	0.01232	0.00821	0.00704	0.00469	0.00235	0.00587	0.00411	0.00469	0.00821
9	0.01084	0.00813	0.01219	0.01219	0.01354	0.00948	0.00948	0.01354	0.01219	0.01761	0.02032	0.02980	0.01896	0.05689	0.70337	0.01219	0.02032	0.00813	0.00406	0.00677
10	0.78701	0.01467	0.01115	0.00997	0.01467	0.01702	0.00821	0.02230	0.01291	0.03403	0.01056	0.01232	0.00821	0.00704	0.00469	0.00235	0.00587	0.00411	0.00469	0.00821
11	0.01887	0.01629	0.01715	0.01544	0.01972	0.01887	0.01201	0.04031	0.67241	0.03173	0.03087	0.02830	0.02315	0.01029	0.00772	0.00257	0.00600	0.00858	0.00772	0.01201
12	0.01432	0.01348	0.02275	0.71520	0.05224	0.01685	0.02107	0.01938	0.01517	0.01938	0.01348	0.02022	0.01011	0.00758	0.00758	0.00253	0.01011	0.00674	0.00337	0.00843
13	0.00924	0.00660	0.00880	0.01056	0.01100	0.00616	0.00704	0.01056	0.01452	0.01936	0.04181	0.72848	0.05017	0.02376	0.00968	0.00308	0.00440	0.02156	0.00704	0.00616
14	0.01766	0.01991	0.04253	0.06428	0.03918	0.01929	0.59311	0.02373	0.01743	0.02373	0.01496	0.02024	0.01136	0.00682	0.00975	0.00260	0.05086	0.00872	0.00379	0.01004
15	0.01432	0.01348	0.02275	0.71520	0.05224	0.01685	0.02107	0.01938	0.01517	0.01938	0.01348	0.02022	0.01011	0.00758	0.00758	0.00253	0.01011	0.00674	0.00337	0.00843
16	0.04988	0.71007	0.03864	0.01286	0.01928	0.02951	0.01279	0.02270	0.01532	0.01847	0.01055	0.01217	0.00968	0.00651	0.00486	0.00165	0.00802	0.00406	0.00330	0.00968
17	0.01091	0.00786	0.00952	0.00912	0.01124	0.00700	0.00683	0.01379	0.01970	0.05056	0.42099	0.09732	0.27333	0.01697	0.00894	0.00248	0.00382	0.01469	0.00788	0.00706
18	0.01943	0.04696	0.26987	0.01770	0.02475	0.01506	0.07850	0.08039	0.01952	0.15312	0.09811	0.07392	0.02232	0.00989	0.00772	0.00239	0.00845	0.00850	0.03285	0.01056
19	0.05414	0.02115	0.01940	0.01696	0.04635	0.21406	0.01300	0.15530	0.02358	0.26610	0.02346	0.02451	0.04309	0.00958	0.00746	0.00227	0.00891	0.03278	0.00687	0.01101
20	0.02071	0.70006	0.03876	0.01333	0.01968	0.06639	0.01307	0.02312	0.01574	0.01788	0.01061	0.01225	0.00974	0.00656	0.00497	0.00164	0.00841	0.00410	0.00328	0.00968
21	0.02066	0.01741	0.02271	0.16334	0.05755	0.01912	0.06644	0.22415	0.20193	0.03265	0.01989	0.02138	0.01484	0.00850	0.00756	0.00233	0.00822	0.00725	0.00602	0.07808
22	0.02422	0.01896	0.02017	0.01652	0.02177	0.02137	0.01330	0.37382	0.33017	0.04037	0.02407	0.02288	0.01764	0.00965	0.00765	0.00241	0.00726	0.00764	0.00765	0.01249
23	0.75403	0.01572	0.04033	0.01047	0.01544	0.01704	0.00906	0.02237	0.01304	0.03360	0.01069	0.01248	0.00827	0.00705	0.00480	0.00235	0.00610	0.00417	0.00463	0.00834
24	0.01609	0.01761	0.07834	0.44315	0.20420	0.04260	0.02176	0.02107	0.01585	0.02100	0.01349	0.01915	0.01052	0.00758	0.00817	0.00246	0.03738	0.00658	0.00347	0.00954
25	0.01103	0.00735	0.00827	0.00827	0.00827	0.00735	0.00460	0.01103	0.01103	0.01471	0.02390	0.04964	0.02758	0.73343	0.03861	0.00735	0.00735	0.01103	0.00460	0.00460
26	0.02636	0.01540	0.02458	0.05242	0.18792	0.01458	0.09840	0.06058	0.02052	0.36028	0.04459	0.02381	0.01728	0.00847	0.00781	0.00236	0.00805	0.00771	0.00691	0.01197
27	0.01707	0.04279	0.02288	0.01896	0.01944	0.05003	0.01578	0.01887	0.01238	0.01879	0.01085	0.01695	0.01045	0.01257	0.02239	0.00312	0.62681	0.00650	0.04508	0.00830
28	0.00924	0.00660	0.00880	0.01056	0.01100	0.00616	0.00704	0.01056	0.01452	0.01936	0.04181	0.72848	0.05017	0.02376	0.00968	0.00308	0.00440	0.02156	0.00704	0.00616
29	0.11234	0.01264	0.01619	0.01410	0.04503	0.01212	0.03510	0.08166	0.02078	0.29013	0.14510	0.06339	0.09597	0.01157	0.00779	0.00241	0.00604	0.00969	0.00771	0.01025
30	0.75933	0.01474	0.01158	0.01033	0.01486	0.01724	0.00852	0.02215	0.01286	0.03346	0.01054	0.01248	0.00828	0.00727	0.00542	0.00238	0.03151	0.00420	0.00464	0.00822
31	0.01226	0.00940	0.01062	0.01005	0.01269	0.00907	0.00761	0.01827	0.13747	0.05014	0.26237	0.09098	0.30784	0.01626	0.00872	0.00252	0.00427	0.01389	0.00768	0.00789
32	0.02838	0.01309	0.01702	0.01280	0.01893	0.01083	0.01048	0.03145	0.01986	0.48561	0.02485	0.02270	0.01645	0.00822	0.00701	0.00197	0.00620	0.00666	0.00788	0.24960
33	0.01877	0.01802	0.03079	0.04656	0.68612	0.01802	0.02328	0.02328	0.01727	0.02478	0.01427	0.01877	0.01201	0.00676	0.00751	0.00225	0.00901	0.00676	0.00375	0.01201
34	0.01573	0.01348	0.01573	0.01123	0.01798	0.01011	0.00899	0.01910	0.01573	0.02472	0.01348	0.01573	0.01123	0.00562	0.00562	0.00112	0.00562	0.00449	0.00449	0.77980
35	0.00924	0.00660	0.00880	0.01056	0.01100	0.00616	0.00704	0.01056	0.01452	0.01936	0.04181	0.72848	0.05017	0.02376	0.00968	0.00308	0.00440	0.02156	0.00704	0.00616
36	0.00923	0.00666	0.00874	0.01041	0.01096	0.00617	0.00697	0.01058	0.01467	0.01942	0.04370	0.69305	0.08437	0.02352	0.00964	0.00305	0.00437	0.02126	0.00704	0.00617
37	0.01573	0.01348	0.01573	0.01123	0.01798	0.01011	0.00899	0.01910	0.01573	0.02472	0.01348	0.01573	0.01123	0.00562	0.00562	0.00112	0.00562	0.00449	0.00449	0.77980
38	0.01051	0.00774	0.00982	0.00930	0.01119	0.00706	0.00698	0.01387	0.02093	0.02913	0.60368	0.05878	0.15080	0.01599	0.00895	0.00241	0.00361	0.01401	0.00818	0.00706
39	0.78701	0.01467	0.01115	0.00997	0.01467	0.01702	0.00821	0.02230	0.01291	0.03403	0.01056	0.01232	0.00821	0.00704	0.00469	0.00235	0.00587	0.00411	0.00469	0.00821
40	0.08998	0.01698	0.02147	0.26662	0.03201	0.07583	0.03871	0.09376	0.01740	0.04991	0.01390	0.01842	0.01099	0.01073	0.03857	0.00290	0.14478	0.00639	0.00434	0.04630
41	0.04297	0.00977	0.01090	0.07189	0.01509	0.01036	0.00811	0.07036	0.04904	0.06175	0.02325	0.02701	0.01820	0.03981	0.00732	0.00220	0.00501	0.00719	0.51165	0.00811
42	0.02987	0.01281	0.01698	0.01294	0.01881	0.01081	0.01061	0.03291	0.02063	0.54699	0.05217	0.02521	0.01947	0.00895	0.00732	0.00213	0.00619	0.00730	0.00848	0.14942
43	0.00924	0.00660	0.00880	0.01056	0.01100	0.00616	0.00704	0.01056	0.01452	0.01936	0.04181	0.72848	0.05017	0.02376	0.00968	0.00308	0.00440	0.02156	0.00704	0.00616
44	0.00972	0.00799	0.00841	0.00851	0.01085	0.00698	0.00628	0.03418	0.01749	0.02129	0.06896	0.17907	0.55465	0.01960	0.00903	0.00264	0.00410	0.01659	0.00706	0.00660
45	0.02841	0.02103	0.02252	0.01737	0.02336	0.02332	0.01431	0.63426	0.06293	0.04712	0.01875	0.01864	0.01334	0.00916	0.00759	0.00229	0.00825	0.00690	0.00759	0.01286
46	0.01599	0.01578	0.02224	0.05092	0.02078	0.02179	0.01615	0.01779	0.01197	0.01838	0.01227	0.06486	0.01268	0.01373	0.02308	0.00327	0.63894	0.00765	0.00357	0.00816
47	0.01318	0.00659	0.00988	0.00988	0.00988	0.00659	0.00659	0.00988	0.00988	0.01318	0.01318	0.02306	0.01318	0.02635	0.02964	0.77931	0.00659	0.00659	0.00329	0.00329
48	0.01008	0.00755	0.00935	0.00927	0.01103	0.00682	0.00681	0.01291	0.01938	0.02634	0.43864	0.16799	0.21058	0.01769	0.00907	0.00254	0.00377	0.01551	0.00784	0.00682
49	0.01714	0.01911	0.06333	0.32967	0.12407	0.08445	0.11642	0.02178	0.01604	0.02084	0.01324	0.01873	0.01049	0.00805	0.00997	0.00254	0.10446	0.00682	0.00353	0.00933
50	0.03244	0.01331	0.01763	0.01361	0.01929	0.01193	0.01121	0.08520	0.02280	0.60703	0.06196	0.02677	0.02098	0.00967	0.00769	0.00234	0.00646	0.00787	0.00919	0.01262
51	0.00937	0.00669	0.00895	0.01071	0.01120	0.00627	0.00726	0.01078	0.01465	0.01951	0.04174	0.70101	0.04989	0.02364	0.00972	0.00310	0.00451	0.04778	0.00704	0.00620
52	0.05982	0.02093	0.01843	0.01619	0.02068	0.16948	0.01262	0.10195	0.39783	0.06396	0.02431	0.02313	0.01819	0.00942	0.00736	0.00238	0.00795	0.00732	0.00680	0.01125
53	0.02521	0.01564	0.05331	0.10254	0.07619	0.01504	0.01469	0.10312	0.04247	0.32347	0.04684	0.05072	0.01859	0.00994	0.00910	0.00247	0.06433	0.00797	0.00703	0.01134
54	0.02475	0.01816	0.01946	0.01572	0.02086	0.02016	0.01273	0.40079	0.21309	0.06347	0.02283	0.02231	0.01664	0.00942	0.00740	0.00231	0.00715	0.00737	0.08329	0.01207
55	0.44435	0.07517	0.01808	0.09263	0.02153	0.01761	0.04232	0.02412	0.01489	0.12967	0.01404	0.01587	0.01041	0.00770	0.00671	0.00237	0.04303	0.00530	0.00502	0.00918
56	0.08890	0.01142	0.01199	0.01057	0.01367	0.01220	0.00823	0.12946	0.07680	0.07289	0.02293	0.02653	0.01814	0.06216	0.04201	0.00291	0.00604	0.00725	0.36711	0.00878
57	0.01066	0.00770	0.01007	0.00959	0.01132	0.00711	0.00715	0.01412	0.02112	0.02986	0.64975	0.09061	0.07049	0.01592	0.00898	0.00242	0.00362	0.01411	0.00828	0.00711
58	0.02045	0.67989	0.03833	0.01353	0.01965	0.05688	0.01320	0.02283	0.01550	0.01789	0.01057	0.01241	0.00974	0.00682	0.00577	0.00171	0.03771	0.00420	0.00327	0.00964
59	0.17180	0.01486	0.01653	0.03707	0.01939	0.01639	0.03572	0.11859	0.22702	0.10122	0.02263	0.02296	0.01679	0.01059	0.03129	0.00269	0.00692	0.00709	0.11001	0.01045
60	0.00946	0.00770	0.00837	0.00820	0.01055	0.00661	0.00615	0.01184	0.01845	0.02325	0.24524	0.06845	0.51291	0.01818	0.00896	0.00251	0.00377	0.01537	0.00741	0.00661
61	0.01112	0.00811	0.01121	0.01113	0.01217	0.00905	0.00823	0.01329	0.01302	0.01869	0.08034	0.06942	0.02659	0.18681	0.42020	0.00916	0.03877	0.00977	0.03652	0.00640
62	0.01074	0.00775	0.01014	0.00954	0.01133	0.00716	0.00716	0.01431	0.02147	0.03042	0.68211	0.05666	0.07157	0.01551	0.00895	0.00239	0.00358	0.01372	0.00835	0.00716
63	0.01061	0.00775	0.00997	0.00941	0.01126	0.00710	0.00706	0.01407	0.02118	0.02973	0.63994	0.05780	0.11417	0.01576	0.00895	0.00240	0.00360	0.01388	0.00826	0.00710
64	0.01937	0.01654	0.01743	0.01554	0.01992	0.01910	0.01213	0.07167	0.64023	0.03254	0.03023	0.02779	0.02264	0.01023	0.00771	0.00256	0.00612	0.00849	0.00771	0.01205
65	0.02833	0.03615	0.02149	0.01954	0.02345	0.70298	0.01466	0.03029	0.02149	0.01856	0.01172	0.01368	0.00977	0.00782	0.00684	0.00195	0.01368	0.00489	0.00391	0.00879
66	0.03067	0.07626	0.08132	0.01458	0.02100	0.01451	0.01315	0.09570	0.02204	0.51194	0.02569	0.02305	0.01662	0.00892	0.00736	0.00228	0.00721	0.00707	0.00814	0.01249
67	0.00974	0.00720	0.00963	0.01091	0.01146	0.00708	0.00751	0.01130	0.01506	0.02039	0.10308	0.62824	0.05033	0.02245	0.01034	0.00302	0.03882	0.02007	0.00699	0.00636
68	0.01200	0.00984	0.01442	0.01375	0.01483	0.01226	0.01092	0.01450	0.01207	0.01774	0.01823	0.02713	0.01714	0.04808	0.56643	0.01040	0.16145	0.00783	0.00391	0.00708
69	0.01469	0.01418	0.04335	0.04161	0.01984	0.01635	0.07002	0.04003	0.01395	0.02024	0.01906	0.14133	0.01973	0.08704	0.07624	0.00419	0.30925	0.00989	0.03115	0.00786
70	0.02460	0.02391	0.23720	0.04618	0.11054	0.04976	0.01893	0.08435	0.02028	0.27860	0.02018	0.02031	0.01370	0.00818	0.00743	0.00233	0.00896	0.00663	0.00604	0.01188
71	0.03094	0.04539	0.04780	0.01426	0.01999	0.01327	0.01229	0.03496	0.05298	0.56486	0.02737	0.02444	0.01774	0.00943	0.00843	0.00238	0.04525	0.00738	0.00845	0.01241
72	0.01103	0.00735	0.00827	0.00827	0.00827	0.00735	0.00460	0.01103	0.01103	0.01471	0.02390	0.04964	0.02758	0.73343	0.03861	0.00735	0.00735	0.01103	0.00460	0.00460
73	0.01669	0.03053	0.42284	0.02414	0.03350	0.01734	0.23139	0.02412	0.01682	0.05428	0.01613	0.04841	0.01238	0.00775	0.00790	0.00248	0.01121	0.00747	0.00385	0.01075
74	0.01709	0.06336	0.36023	0.05443	0.14087	0.01740	0.07261	0.04563	0.01743	0.05313	0.04606	0.04660	0.01508	0.00822	0.00750	0.00237	0.00985	0.00715	0.00416	0.01083
75	0.01318	0.00659	0.00988	0.00988	0.00988	0.00659	0.00659	0.00988	0.00988	0.01318	0.01318	0.02306	0.01318	0.02635	0.02964	0.77931	0.00659	0.00659	0.00329	0.00329
76	0.07375	0.01303	0.01751	0.04817	0.02074	0.01175	0.01148	0.03530	0.02091	0.62245	0.02806	0.02481	0.01777	0.00917	0.00747	0.00236	0.00660	0.00739	0.00884	0.01243
77	0.06073	0.01955	0.10429	0.02027	0.02675	0.01696	0.20113	0.14331	0.06750	0.17378	0.02163	0.07295	0.01662	0.00922	0.00797	0.00247	0.00898	0.00855	0.00620	0.01114
78	0.06811	0.10379	0.24687	0.02134	0.05026	0.10348	0.10712	0.02338	0.01595	0.02244	0.01248	0.01588	0.01001	0.00806	0.01000	0.00239	0.13318	0.00589	0.00356	0.03580
79	0.01097	0.00733	0.00829	0.00836	0.00837	0.00731	0.00469	0.01101	0.01116	0.01488	0.02455	0.07436	0.02840	0.70759	0.03755	0.00720	0.00725	0.01141	0.00469	0.00465
80	0.01718	0.01480	0.01726	0.01332	0.01933	0.01346	0.02933	0.04786	0.21224	0.02760	0.01889	0.01970	0.01485	0.00715	0.00641	0.00164	0.00604	0.00592	0.00554	0.50147
81	0.09605	0.05347	0.08024	0.01907	0.04510	0.50788	0.01512	0.02775	0.01972	0.02074	0.01446	0.01628	0.03685	0.00808	0.00672	0.00205	0.01202	0.00536	0.00402	0.00899
82	0.01074	0.00775	0.01014	0.00954	0.01133	0.00716	0.00716	0.01431	0.02147	0.03042	0.68211	0.05666	0.07157	0.01551	0.00895	0.00239	0.00358	0.01372	0.00835	0.00716
83	0.01744	0.01866	0.06551	0.10329	0.40802	0.01753	0.16820	0.02251	0.01715	0.02389	0.01779	0.02209	0.04787	0.00745	0.00791	0.00237	0.00981	0.00770	0.00389	0.01092
84	0.00979	0.00806	0.00866	0.00844	0.01089	0.00710	0.00635	0.01291	0.04533	0.02331	0.21826	0.06728	0.51100	0.01796	0.00891	0.00252	0.00387	0.01516	0.00738	0.00681
85	0.00932	0.00687	0.00872	0.01000	0.01090	0.00628	0.00684	0.01092	0.01554	0.02044	0.09928	0.56478	0.15765	0.02234	0.00950	0.00294	0.00424	0.02000	0.00715	0.00628
86	0.02797	0.02427	0.02165	0.01745	0.02276	0.19308	0.01402	0.47020	0.03111	0.03948	0.01691	0.01758	0.01245	0.00877	0.00728	0.00217	0.00944	0.00635	0.04548	0.01158
87	0.02028	0.73799	0.03975	0.01298	0.01947	0.03001	0.01298	0.02271	0.01541	0.01785	0.01055	0.01217	0.00973	0.00649	0.00487	0.00162	0.00811	0.00406	0.00324	0.00973
88	0.39713	0.04326	0.05691	0.01963	0.02572	0.01854	0.26741	0.02306	0.01508	0.02868	0.01258	0.01584	0.00969	0.00696	0.00711	0.00244	0.03040	0.00617	0.00419	0.00921
89	0.01887	0.01629	0.01715	0.01544	0.01972	0.01887	0.01201	0.04031	0.67241	0.03173	0.03087	0.02830	0.02315	0.01029	0.00772	0.00257	0.00600	0.00858	0.00772	0.01201
90	0.01620	0.01620	0.05616	0.40158	0.15197	0.01756	0.01965	0.02521	0.17041	0.02344	0.01772	0.02167	0.01348	0.00806	0.00758	0.00249	0.00901	0.00712	0.00445	0.01002
91	0.02415	0.02120	0.02129	0.07384	0.07719	0.13519	0.01474	0.30263	0.14826	0.03475	0.01916	0.02008	0.01436	0.00879	0.00736	0.00227	0.00874	0.00683	0.04786	0.01130
92	0.02833	0.03615	0.02149	0.01954	0.02345	0.70298	0.01466	0.03029	0.02149	0.01856	0.01172	0.01368	0.00977	0.00782	0.00684	0.00195	0.01368	0.00489	0.00391	0.00879
93	0.01679	0.23536	0.48200	0.02022	0.05628	0.02113	0.02358	0.02362	0.01590	0.02231	0.01277	0.01504	0.00974	0.00699	0.00656	0.00218	0.01024	0.00522	0.00324	0.01083
94	0.09795	0.16629	0.50032	0.01878	0.02843	0.01985	0.02313	0.02360	0.01557	0.02394	0.01272	0.01491	0.00948	0.00706	0.00651	0.00225	0.01007	0.00516	0.00337	0.01062
95	0.01432	0.01348	0.02275	0.71520	0.05224	0.01685	0.02107	0.01938	0.01517	0.01938	0.01348	0.02022	0.01011	0.00758	0.00758	0.00253	0.01011	0.00674	0.00337	0.00843
96	0.00982	0.00738	0.00993	0.01129	0.01170	0.00750	0.00779	0.01116	0.01429	0.01928	0.03931	0.67272	0.04702	0.02294	0.01087	0.00310	0.06042	0.02039	0.00675	0.00633
97	0.78701	0.01467	0.01115	0.00997	0.01467	0.01702	0.00821	0.02230	0.01291	0.03403	0.01056	0.01232	0.00821	0.00704	0.00469	0.00235	0.00587	0.00411	0.00469	0.00821
98	0.03403	0.01291	0.01760	0.01350	0.01936	0.01115	0.01115	0.03697	0.02171	0.69137	0.02992	0.02582	0.01878	0.00939	0.00763	0.00235	0.00645	0.00763	0.00939	0.01291
99	0.01065	0.00775	0.01002	0.00945	0.01128	0.00712	0.00709	0.01415	0.02127	0.02994	0.65291	0.05745	0.10107	0.01569	0.00895	0.00239	0.00359	0.01383	0.00829	0.00712
100	0.05963	0.01352	0.01761	0.01365	0.01942	0.01228	0.01124	0.06758	0.04835	0.60967	0.02870	0.02506	0.01829	0.00933	0.00753	0.00235	0.00651	0.00750	0.00907	0.01271
101	0.01414	0.00707	0.00707	0.00707	0.00884	0.00707	0.00530	0.01767	0.01591	0.02828	0.02474	0.02828	0.01944	0.00884	0.00530	0.00177	0.00353	0.00707	0.77554	0.00707
102	0.00924	0.00660	0.00880	0.01056	0.01100	0.00616	0.00704	0.01056	0.01452	0.01936	0.04181	0.72848	0.05017	0.02376	0.00968	0.00308	0.00440	0.02156	0.00704	0.00616
103	0.01790	0.02046	0.04476	0.03197	0.03964	0.01918	0.65857	0.02430	0.01790	0.02430	0.01535	0.02046	0.01151	0.00639	0.00895	0.00256	0.01279	0.00895	0.00384	0.01023
104	0.00924	0.00660	0.00880	0.01056	0.01100	0.00616	0.00704	0.01056	0.01452	0.01936	0.04181	0.72848	0.05017	0.02376	0.00968	0.00308	0.00440	0.02156	0.00704	0.00616
105	0.03036	0.01352	0.01738	0.01376	0.01920	0.01265	0.01122	0.06156	0.12267	0.53173	0.06106	0.02738	0.02176	0.00981	0.00770	0.00238	0.00632	0.00804	0.00901	0.01249
106	0.01020	0.00768	0.00942	0.00909	0.01103	0.00691	0.00678	0.01323	0.02004	0.02727	0.49191	0.09158	0.23331	0.01687	0.00898	0.00246	0.00369	0.01468	0.00794	0.00691
107	0.01907	0.01862	0.02978	0.04370	0.61841	0.04460	0.02239	0.02385	0.03567	0.02451	0.01449	0.01877	0.01217	0.00713	0.00810	0.00229	0.03410	0.00673	0.00386	0.01176
108	0.01602	0.01581	0.02210	0.01918	0.01922	0.02190	0.01585	0.01765	0.01184	0.01834	0.01245	0.07236	0.01311	0.01410	0.02370	0.00330	0.66353	0.00781	0.00361	0.00813
109	0.01119	0.00735	0.00815	0.00815	0.00840	0.00729	0.00470	0.01154	0.01167	0.01601	0.02615	0.04893	0.05400	0.64719	0.03477	0.00672	0.00691	0.01093	0.06508	0.00486
110	0.11962	0.02122	0.02465	0.02722	0.24153	0.16345	0.07103	0.07565	0.05500	0.10458	0.01638	0.01832	0.01248	0.00766	0.00717	0.00226	0.00942	0.00642	0.00508	0.01087
111	0.00980	0.00807	0.00868	0.00863	0.01099	0.00718	0.00642	0.01300	0.05314	0.02259	0.16813	0.12034	0.49924	0.01850	0.00895	0.00258	0.00396	0.01568	0.00729	0.00681
112	0.01783	0.18875	0.30311	0.02343	0.07165	0.02083	0.17526	0.02391	0.01641	0.04230	0.01372	0.01671	0.01053	0.00712	0.00781	0.00229	0.03789	0.00623	0.00359	0.01063
113	0.02010	0.71343	0.06275	0.01328	0.01994	0.02958	0.01351	0.02276	0.01543	0.01806	0.01065	0.01230	0.00973	0.00651	0.00495	0.00165	0.00822	0.00411	0.00324	0.00979
114	0.05228	0.13997	0.02551	0.01827	0.01960	0.02411	0.01559	0.01920	0.01232	0.01890	0.01009	0.01564	0.00984	0.01183	0.02055	0.00298	0.56532	0.00608	0.00337	0.00854
115	0.01049	0.00766	0.00985	0.00948	0.01122	0.00702	0.00704	0.01376	0.02061	0.02881	0.58655	0.11051	0.11576	0.01643	0.00901	0.00245	0.00366	0.01450	0.00815	0.00702
116	0.01050	0.00768	0.00925	0.00960	0.01147	0.00687	0.00716	0.01283	0.01771	0.04289	0.20375	0.23469	0.30233	0.01937	0.00924	0.00273	0.00429	0.07348	0.00741	0.00677
117	0.01154	0.00793	0.01040	0.00968	0.01161	0.00730	0.00730	0.01510	0.02148	0.05337	0.65946	0.05559	0.06974	0.01529	0.00890	0.00238	0.00368	0.01351	0.00839	0.00736
118	0.00916	0.00769	0.00796	0.00789	0.01037	0.00649	0.00592	0.01127	0.01775	0.02159	0.14408	0.07118	0.61511	0.01880	0.00896	0.00254	0.00381	0.01575	0.00719	0.00649
119	0.78701	0.01467	0.01115	0.00997	0.01467	0.01702	0.00821	0.02230	0.01291	0.03403	0.01056	0.01232	0.00821	0.00704	0.00469	0.00235	0.00587	0.00411	0.00469	0.00821
120	0.78701	0.01467	0.01115	0.00997	0.01467	0.01702	0.00821	0.02230	0.01291	0.03403	0.01056	0.01232	0.00821	0.00704	0.00469	0.00235	0.00587	0.00411	0.00469	0.00821
121	0.02028	0.73799	0.03975	0.01298	0.01947	0.03001	0.01298	0.02271	0.01541	0.01785	0.01055	0.01217	0.00973	0.00649	0.00487	0.00162	0.00811	0.00406	0.00324	0.00973
122	0.01887	0.01629	0.01715	0.01544	0.01972	0.01887	0.01201	0.04031	0.67241	0.03173	0.03087	0.02830	0.02315	0.01029	0.00772	0.00257	0.00600	0.00858	0.00772	0.01201
123	0.00924	0.00660	0.00880	0.01056	0.01100	0.00616	0.00704	0.01056	0.01452	0.01936	0.04181	0.72848	0.05017	0.02376	0.00968	0.00308	0.00440	0.02156	0.00704	0.00616
124	0.01103	0.00735	0.00827	0.00827	0.00827	0.00735	0.00460	0.01103	0.01103	0.01471	0.02390	0.04964	0.02758	0.73343	0.03861	0.00735	0.00735	0.01103	0.00460	0.00460
125	0.01822	0.01746	0.02980	0.12912	0.60785	0.01788	0.02301	0.02280	0.01701	0.02411	0.01417	0.01895	0.01178	0.00686	0.00752	0.00229	0.00915	0.00676	0.00371	0.01157
126	0.01521	0.03923	0.69413	0.02162	0.03283	0.01762	0.02802	0.02402	0.01601	0.02402	0.01361	0.01601	0.00961	0.00721	0.00721	0.00240	0.01121	0.00560	0.00320	0.01121
127	0.02028	0.73799	0.03975	0.01298	0.01947	0.03001	0.01298	0.02271	0.01541	0.01785	0.01055	0.01217	0.00973	0.00649	0.00487	0.00162	0.00811	0.00406	0.00324	0.00973
128	0.01103	0.00735	0.00827	0.00827	0.00827	0.00735	0.00460	0.01103	0.01103	0.01471	0.02390	0.04964	0.02758	0.73343	0.03861	0.00735	0.00735	0.01103	0.00460	0.00460
129	0.02883	0.02125	0.02276	0.01745	0.02352	0.02352	0.01442	0.66082	0.03566	0.04780	0.01821	0.01821	0.01290	0.00911	0.00759	0.00228	0.00835	0.00683	0.00759	0.01290
130	0.00923	0.00665	0.00875	0.01042	0.01096	0.00617	0.00698	0.01058	0.01466	0.01942	0.04355	0.69591	0.08161	0.02354	0.00965	0.00305	0.00437	0.02129	0.00704	0.00617
131	0.13593	0.01467	0.01850	0.20252	0.07340	0.01636	0.01425	0.12238	0.10685	0.09443	0.02250	0.08746	0.03907	0.01010	0.00740	0.00248	0.00747	0.00837	0.00589	0.00998
132	0.01965	0.04916	0.12562	0.09834	0.25636	0.01773	0.09594	0.02696	0.10155	0.10648	0.01812	0.02054	0.01358	0.00763	0.00758	0.00237	0.00915	0.00708	0.00483	0.01134
133	0.01067	0.00763	0.00938	0.00901	0.01034	0.00715	0.00629	0.01306	0.01805	0.02497	0.43798	0.05597	0.11012	0.22653	0.01765	0.00386	0.00471	0.01312	0.00714	0.00634
134	0.01786	0.01818	0.05369	0.02702	0.22103	0.04108	0.11518	0.02870	0.25858	0.02652	0.02494	0.06322	0.05029	0.00958	0.00796	0.00247	0.00824	0.00890	0.00554	0.01100
135	0.05042	0.06705	0.34244	0.02522	0.13958	0.01893	0.09714	0.05756	0.08155	0.02623	0.01555	0.01794	0.01167	0.00739	0.00730	0.00236	0.00998	0.00639	0.00410	0.01119
136	0.01506	0.01531	0.05589	0.45962	0.19986	0.01630	0.02067	0.01998	0.01612	0.02153	0.05192	0.02339	0.03620	0.00818	0.00767	0.00245	0.00934	0.00737	0.00385	0.00929
137	0.01102	0.00737	0.00836	0.00833	0.00841	0.00734	0.00471	0.01118	0.01151	0.01542	0.05385	0.04996	0.02958	0.70076	0.03726	0.00713	0.00718	0.01115	0.00477	0.00471
138	0.02470	0.01674	0.01868	0.01608	0.05203	0.04073	0.01213	0.33183	0.02583	0.13691	0.02078	0.02447	0.01622	0.10499	0.01202	0.00293	0.03231	0.00746	0.09237	0.01081
139	0.05058	0.36285	0.32628	0.05155	0.02678	0.02333	0.01981	0.02311	0.01556	0.02134	0.01204	0.01427	0.00963	0.00688	0.00603	0.00204	0.00948	0.00487	0.00329	0.01025
140	0.00998	0.00736	0.00980	0.01067	0.01148	0.00718	0.00748	0.01197	0.01639	0.02248	0.22387	0.50561	0.05458	0.02095	0.01012	0.00289	0.03472	0.01868	0.00726	0.00654
141	0.01758	0.01972	0.04233	0.05229	0.07127	0.01866	0.58852	0.02369	0.01769	0.02403	0.01603	0.04166	0.01266	0.00697	0.00886	0.00256	0.01227	0.00916	0.00391	0.01014
142	0.02771	0.01606	0.05011	0.08387	0.07474	0.03916	0.01410	0.08113	0.06248	0.40660	0.02529	0.04704	0.01756	0.00937	0.00764	0.00238	0.00753	0.00775	0.00757	0.01190
143	0.04517	0.01913	0.08487	0.10290	0.44739	0.01802	0.04329	0.04981	0.01740	0.02516	0.01490	0.02062	0.01249	0.00771	0.00824	0.00239	0.03789	0.02753	0.00396	0.01113
144	0.05218	0.12739	0.01764	0.01174	0.01536	0.01655	0.00981	0.18487	0.02049	0.03119	0.01913	0.02160	0.01505	0.00878	0.00722	0.00201	0.05741	0.00637	0.36607	0.00914
145	0.05339	0.06964	0.40301	0.02431	0.13342	0.05146	0.04780	0.05626	0.01760	0.05371	0.01431	0.01666	0.01057	0.00727	0.00710	0.00231	0.01029	0.00588	0.00390	0.01112
146	0.01915	0.58293	0.18496	0.01490	0.02243	0.02726	0.01632	0.02300	0.01555	0.01922	0.01123	0.01302	0.00971	0.00665	0.00539	0.00180	0.00880	0.00440	0.00324	0.01006
147	0.08983	0.04022	0.02098	0.01595	0.02157	0.05566	0.01314	0.47572	0.03037	0.09343	0.01831	0.01847	0.01308	0.00881	0.00712	0.00223	0.00800	0.00651	0.04869	0.01191
148	0.02144	0.02032	0.01457	0.01321	0.01630	0.28954	0.01005	0.09159	0.02027	0.02645	0.01879	0.02131	0.01484	0.00845	0.00617	0.00190	0.00814	0.00616	0.38211	0.00839
149	0.00937	0.00670	0.00892	0.01047	0.01103	0.00625	0.00705	0.01088	0.01512	0.02031	0.09669	0.67089	0.05200	0.02306	0.00962	0.00302	0.00433	0.02089	0.00715	0.00625
150	0.01050	0.00757	0.00993	0.00970	0.01128	0.00700	0.00714	0.01372	0.02038	0.02867	0.58120	0.16254	0.06820	0.01681	0.00906	0.00250	0.00371	0.01495	0.00814	0.00700
151	0.00924	0.00660	0.00880	0.01056	0.01100	0.00616	0.00704	0.01056	0.01452	0.01936	0.04181	0.72848	0.05017	0.02376	0.00968	0.00308	0.00440	0.02156	0.00704	0.00616
152	0.02838	0.02025	0.02183	0.01681	0.02268	0.02226	0.01387	0.60557	0.03418	0.07373	0.01900	0.01899	0.01344	0.00910	0.00749	0.00226	0.00805	0.00687	0.04261	0.01263
153	0.01084	0.00813	0.01219	0.01219	0.01354	0.00948	0.00948	0.01354	0.01219	0.01761	0.02032	0.02980	0.01896	0.05689	0.70337	0.01219	0.02032	0.00813	0.00406	0.00677
154	0.01644	0.01884	0.06832	0.14705	0.03841	0.01734	0.44013	0.02221	0.01699	0.02311	0.01670	0.06947	0.01386	0.00781	0.00852	0.00251	0.01131	0.00907	0.00398	0.04792
155	0.01414	0.00707	0.00707	0.00707	0.00884	0.00707	0.00530	0.01767	0.01591	0.02828	0.02474	0.02828	0.01944	0.00884	0.00530	0.00177	0.00353	0.00707	0.77554	0.00707
156	0.04994	0.01718	0.05315	0.27831	0.38741	0.01759	0.04389	0.02193	0.01632	0.02323	0.01384	0.01896	0.01107	0.00706	0.00745	0.00237	0.00948	0.00667	0.00364	0.01050
157	0.02147	0.61612	0.13187	0.01555	0.02269	0.02879	0.01583	0.02411	0.01674	0.02069	0.01317	0.01576	0.01176	0.00803	0.00615	0.00214	0.00918	0.00501	0.00399	0.01096
158	0.01612	0.14056	0.52278	0.05076	0.03215	0.01953	0.06963	0.02365	0.01602	0.02292	0.01327	0.01593	0.00978	0.00706	0.00700	0.00230	0.01081	0.00566	0.00326	0.01080
159	0.01521	0.03923	0.69413	0.02162	0.03283	0.01762	0.02802	0.02402	0.01601	0.02402	0.01361	0.01601	0.00961	0.00721	0.00721	0.00240	0.01121	0.00560	0.00320	0.01121
160	0.01887	0.01629	0.01715	0.01544	0.01972	0.01887	0.01201	0.04031	0.67241	0.03173	0.03087	0.02830	0.02315	0.01029	0.00772	0.00257	0.00600	0.00858	0.00772	0.01201
161	0.05178	0.01824	0.02700	0.08865	0.05190	0.01968	0.17937	0.23531	0.05485	0.03147	0.01642	0.02033	0.01283	0.03933	0.01071	0.00265	0.07734	0.00738	0.00528	0.04948
162	0.01851	0.01765	0.03004	0.04524	0.65907	0.01765	0.02283	0.02297	0.01728	0.02470	0.01531	0.02147	0.01329	0.00733	0.00763	0.00230	0.00893	0.03211	0.00388	0.01181
163	0.01084	0.00813	0.01219	0.01219	0.01354	0.00948	0.00948	0.01354	0.01219	0.01761	0.02032	0.02980	0.01896	0.05689	0.70337	0.01219	0.02032	0.00813	0.00406	0.00677
164	0.78701	0.01467	0.01115	0.00997	0.01467	0.01702	0.00821	0.02230	0.01291	0.03403	0.01056	0.01232	0.00821	0.00704	0.00469	0.00235	0.00587	0.00411	0.00469	0.00821
165	0.00896	0.00768	0.00768	0.00768	0.01025	0.00640	0.00576	0.01089	0.01729	0.02049	0.07684	0.07300	0.68304	0.01921	0.00896	0.00256	0.00384	0.01601	0.00704	0.00640
166	0.00932	0.00666	0.00887	0.01051	0.01102	0.00621	0.00705	0.01075	0.01487	0.01992	0.07417	0.69453	0.05125	0.02335	0.00964	0.00305	0.00436	0.02117	0.00711	0.00621
167	0.01521	0.03923	0.69413	0.02162	0.03283	0.01762	0.02802	0.02402	0.01601	0.02402	0.01361	0.01601	0.00961	0.00721	0.00721	0.00240	0.01121	0.00560	0.00320	0.01121
168	0.01138	0.00779	0.01024	0.00982	0.01158	0.00717	0.00729	0.01465	0.02059	0.05275	0.57671	0.14155	0.06693	0.01634	0.00899	0.00247	0.00379	0.01450	0.00822	0.00724
169	0.02038	0.69146	0.06086	0.01348	0.02004	0.05198	0.01353	0.02301	0.01563	0.01807	0.01069	0.01235	0.00973	0.00656	0.00501	0.00166	0.00840	0.00413	0.00327	0.00975
170	0.16042	0.08020	0.14586	0.04625	0.02424	0.07355	0.03794	0.15021	0.04400	0.11279	0.01627	0.01727	0.01181	0.00784	0.00670	0.00223	0.00864	0.00587	0.00540	0.04251
171	0.02011	0.53168	0.14963	0.01506	0.02195	0.05757	0.01572	0.02360	0.01586	0.04265	0.01178	0.01355	0.01004	0.00705	0.00626	0.00187	0.03754	0.00459	0.00349	0.01000
172	0.01030	0.00789	0.01142	0.01221	0.01310	0.00772	0.04017	0.01204	0.01473	0.01971	0.03848	0.57902	0.04528	0.04957	0.01139	0.00327	0.03122	0.07936	0.00665	0.00646
173	0.01522	0.01407	0.02388	0.49023	0.13015	0.01648	0.06337	0.02004	0.01558	0.02122	0.01464	0.02067	0.01132	0.00770	0.00805	0.00245	0.03393	0.00692	0.07519	0.00889

[dist]
# distance from previous block
# <min> <max>
0	1

[block]
# block no. 1 follows, 26 sequences, length 47
# corresponding to MSA columns:
# 189-235
name=unknown_B
#
# <colnr> <probs for GDERKNQSTAVLIFYWHMCP>
#	G	D	E	R	K	N	Q	S	T	A	V	L	I	F	Y	W	H	M	C	P
0	0.01316	0.01105	0.01819	0.04291	0.01937	0.01101	0.14750	0.03814	0.01729	0.02443	0.14586	0.28651	0.03734	0.01512	0.00937	0.00264	0.03765	0.01393	0.10081	0.00774
1	0.01487	0.00900	0.01072	0.11345	0.01636	0.00988	0.00849	0.04445	0.01643	0.02734	0.02218	0.02618	0.01739	0.00885	0.00655	0.00197	0.03446	0.00699	0.59687	0.00756
2	0.01208	0.00863	0.01206	0.01381	0.01550	0.00861	0.01198	0.01548	0.01733	0.02255	0.04024	0.11528	0.04395	0.02108	0.01044	0.00347	0.00687	0.60670	0.00699	0.00695
3	0.01859	0.01783	0.03045	0.07464	0.65950	0.01797	0.02319	0.02311	0.01718	0.02455	0.01423	0.01883	0.01193	0.00679	0.00751	0.00226	0.00906	0.00676	0.00374	0.01186
4	0.01521	0.03923	0.69413	0.02162	0.03283	0.01762	0.02802	0.02402	0.01601	0.02402	0.01361	0.01601	0.00961	0.00721	0.00721	0.00240	0.01121	0.00560	0.00320	0.01121
5	0.01877	0.01802	0.03079	0.04656	0.68612	0.01802	0.02328	0.02328	0.01727	0.02478	0.01427	0.01877	0.01201	0.00676	0.00751	0.00225	0.00901	0.00676	0.00375	0.01201
6	0.01573	0.01348	0.01573	0.01123	0.01798	0.01011	0.00899	0.01910	0.01573	0.02472	0.01348	0.01573	0.01123	0.00562	0.00562	0.00112	0.00562	0.00449	0.00449	0.77980
7	0.04710	0.00999	0.03687	0.03074	0.01435	0.00947	0.00914	0.04131	0.01524	0.02176	0.03313	0.49745	0.03803	0.04221	0.01080	0.00300	0.05124	0.01661	0.03277	0.03879
8	0.01570	0.01354	0.01717	0.01273	0.01889	0.01079	0.05084	0.04159	0.01646	0.02499	0.01654	0.08573	0.01511	0.00756	0.00630	0.00145	0.00606	0.00653	0.00481	0.62719
9	0.02689	0.01906	0.02065	0.01628	0.02183	0.02095	0.01330	0.47881	0.13552	0.09534	0.02151	0.02095	0.01535	0.00930	0.00749	0.00230	0.00757	0.00718	0.04725	0.01246
10	0.05137	0.11051	0.54104	0.02101	0.03113	0.01903	0.07653	0.02383	0.01596	0.02385	0.01329	0.01580	0.00971	0.00706	0.00698	0.00233	0.01076	0.00564	0.00333	0.01084
11	0.01887	0.01629	0.01715	0.01544	0.01972	0.01887	0.01201	0.04031	0.67241	0.03173	0.03087	0.02830	0.02315	0.01029	0.00772	0.00257	0.00600	0.00858	0.00772	0.01201
12	0.02119	0.05727	0.13417	0.02723	0.21051	0.15821	0.06403	0.05983	0.08970	0.05093	0.01599	0.01830	0.01246	0.00789	0.00807	0.00229	0.04002	0.00645	0.00451	0.01093
13	0.02883	0.02125	0.02276	0.01745	0.02352	0.02352	0.01442	0.66082	0.03566	0.04780	0.01821	0.01821	0.01290	0.00911	0.00759	0.00228	0.00835	0.00683	0.00759	0.01290
14	0.01432	0.01348	0.02275	0.71520	0.05224	0.01685	0.02107	0.01938	0.01517	0.01938	0.01348	0.02022	0.01011	0.00758	0.00758	0.00253	0.01011	0.00674	0.00337	0.00843
15	0.01716	0.04920	0.02375	0.54274	0.06774	0.05357	0.01966	0.09485	0.01796	0.02276	0.01383	0.01923	0.01047	0.00769	0.00742	0.00242	0.00996	0.00653	0.00390	0.00915
16	0.03403	0.01291	0.01760	0.01350	0.01936	0.01115	0.01115	0.03697	0.02171	0.69137	0.02992	0.02582	0.01878	0.00939	0.00763	0.00235	0.00645	0.00763	0.00939	0.01291
17	0.01414	0.00707	0.00707	0.00707	0.00884	0.00707	0.00530	0.01767	0.01591	0.02828	0.02474	0.02828	0.01944	0.00884	0.00530	0.00177	0.00353	0.00707	0.77554	0.00707
18	0.01573	0.01348	0.01573	0.01123	0.01798	0.01011	0.00899	0.01910	0.01573	0.02472	0.01348	0.01573	0.01123	0.00562	0.00562	0.00112	0.00562	0.00449	0.00449	0.77980
19	0.01414	0.00707	0.00707	0.00707	0.00884	0.00707	0.00530	0.01767	0.01591	0.02828	0.02474	0.02828	0.01944	0.00884	0.00530	0.00177	0.00353	0.00707	0.77554	0.00707
20	0.01116	0.00738	0.00839	0.00839	0.00853	0.00743	0.00484	0.01143	0.01129	0.01543	0.02378	0.04784	0.02684	0.67218	0.06629	0.00732	0.00776	0.01073	0.03819	0.00480
21	0.01084	0.00813	0.01219	0.01219	0.01354	0.00948	0.00948	0.01354	0.01219	0.01761	0.02032	0.02980	0.01896	0.05689	0.70337	0.01219	0.02032	0.00813	0.00406	0.00677
22	0.01191	0.00814	0.01061	0.01090	0.01246	0.00774	0.00808	0.04100	0.01878	0.05069	0.29788	0.33595	0.05536	0.01899	0.00930	0.00278	0.00458	0.07999	0.00767	0.00718
23	0.01057	0.00718	0.00848	0.00890	0.00908	0.00705	0.00531	0.01104	0.01231	0.01649	0.05407	0.22042	0.03497	0.52717	0.03018	0.00609	0.00646	0.01378	0.00536	0.00509
24	0.02823	0.02066	0.02212	0.01702	0.02292	0.02284	0.01404	0.63433	0.03485	0.04700	0.01848	0.01863	0.01317	0.00909	0.00749	0.00226	0.00815	0.00684	0.03922	0.01266
25	0.01771	0.01873	0.07328	0.16217	0.49847	0.01785	0.05587	0.02269	0.01685	0.02375	0.01414	0.01894	0.01150	0.00691	0.00758	0.00233	0.00954	0.00679	0.00366	0.01124
26	0.07473	0.01940	0.07244	0.09387	0.27899	0.04438	0.01837	0.07943	0.18758	0.02832	0.01839	0.02047	0.01425	0.00803	0.00733	0.00237	0.00839	0.00689	0.00509	0.01129
27	0.02515	0.01926	0.02052	0.01646	0.02187	0.02146	0.01336	0.45705	0.21498	0.04207	0.02434	0.02345	0.04492	0.00988	0.00768	0.00237	0.00749	0.00772	0.00760	0.01236
28	0.00922	0.00669	0.00871	0.01033	0.01094	0.00618	0.00694	0.01059	0.01475	0.01945	0.04464	0.67545	0.10137	0.02340	0.00962	0.00304	0.00436	0.02111	0.00704	0.00618
29	0.01637	0.01408	0.01665	0.01221	0.01838	0.01177	0.00984	0.04716	0.01627	0.02520	0.01340	0.01591	0.01120	0.00639	0.00727	0.00135	0.06377	0.00477	0.00453	0.68347
30	0.00963	0.00722	0.01041	0.01152	0.01229	0.00674	0.03624	0.01118	0.01467	0.01958	0.04062	0.69675	0.04843	0.02299	0.00965	0.00306	0.00478	0.02100	0.00690	0.00634
31	0.00930	0.00665	0.00885	0.01052	0.01101	0.00620	0.00705	0.01071	0.01479	0.01979	0.06678	0.70228	0.05100	0.02344	0.00965	0.00305	0.00437	0.02126	0.00709	0.00620
32	0.01942	0.61956	0.15066	0.01444	0.02173	0.02791	0.01553	0.02293	0.01551	0.01889	0.01106	0.01282	0.00971	0.00661	0.00526	0.00175	0.00864	0.00432	0.00324	0.00998
33	0.01908	0.01417	0.01642	0.01595	0.07246	0.03861	0.01138	0.08080	0.23274	0.11579	0.22159	0.03647	0.06852	0.01169	0.00807	0.00241	0.00596	0.00992	0.00761	0.01037
34	0.01103	0.00735	0.00827	0.00827	0.00827	0.00735	0.00460	0.01103	0.01103	0.01471	0.02390	0.04964	0.02758	0.73343	0.03861	0.00735	0.00735	0.01103	0.00460	0.00460
35	0.00951	0.00679	0.00911	0.01087	0.01143	0.00639	0.00751	0.01103	0.01479	0.01967	0.04166	0.67006	0.04958	0.02351	0.00975	0.00312	0.00464	0.07731	0.00704	0.00624
36	0.01797	0.09092	0.33851	0.02482	0.13034	0.10919	0.07565	0.02388	0.01680	0.02249	0.01431	0.04423	0.01178	0.00799	0.00798	0.00233	0.04022	0.00651	0.00359	0.01049
37	0.01494	0.03774	0.66269	0.02111	0.03183	0.01709	0.02706	0.02340	0.01595	0.02381	0.01491	0.04870	0.01147	0.00797	0.00732	0.00243	0.01090	0.00634	0.00338	0.01098
38	0.01919	0.01881	0.03038	0.04538	0.65732	0.04779	0.02290	0.02358	0.01745	0.02451	0.01416	0.01855	0.01192	0.00680	0.00748	0.00224	0.00921	0.00668	0.00376	0.01187
39	0.01780	0.02199	0.16524	0.04024	0.52765	0.01759	0.02383	0.02314	0.01702	0.02455	0.01511	0.02074	0.01272	0.00739	0.00756	0.00233	0.00938	0.03029	0.00376	0.01166
40	0.01953	0.16765	0.26159	0.01709	0.02408	0.10919	0.01785	0.02678	0.10255	0.07774	0.06050	0.02285	0.01756	0.00883	0.00705	0.00225	0.00920	0.03243	0.00488	0.01041
41	0.08603	0.01431	0.01714	0.04314	0.02028	0.04453	0.01144	0.03423	0.09615	0.47793	0.05550	0.02565	0.02002	0.00944	0.00744	0.00236	0.00672	0.00758	0.00829	0.01183
42	0.01603	0.01302	0.01536	0.01128	0.01758	0.00990	0.00895	0.01925	0.01589	0.05059	0.01595	0.06205	0.01404	0.00693	0.00596	0.00130	0.00557	0.00572	0.00485	0.69979
43	0.00933	0.00797	0.00874	0.05350	0.01301	0.00706	0.00685	0.01141	0.01693	0.02033	0.06996	0.12193	0.58915	0.01882	0.00893	0.00260	0.00429	0.01585	0.00681	0.00651
44	0.01515	0.03581	0.60574	0.02100	0.03115	0.01705	0.05088	0.02364	0.03386	0.02364	0.01482	0.01869	0.01121	0.05405	0.00931	0.00273	0.01088	0.00617	0.00344	0.01077
45	0.01533	0.03839	0.66503	0.02208	0.03313	0.01769	0.05628	0.02403	0.01610	0.02403	0.01369	0.01621	0.00969	0.00717	0.00728	0.00241	0.01128	0.00575	0.00323	0.01117
46	0.01629	0.01503	0.02532	0.30849	0.35605	0.01637	0.02083	0.02055	0.01607	0.02190	0.01557	0.02387	0.01336	0.00901	0.00887	0.04241	0.00919	0.04722	0.00379	0.00981

[dist]
# distance from previous block
# <min> <max>
0	51

[block]
# block no. 2 follows, 26 sequences, length 43
# corresponding to MSA columns:
# 287-329
name=unknown_C
#
# <colnr> <probs for GDERKNQSTAVLIFYWHMCP>
#	G	D	E	R	K	N	Q	S	T	A	V	L	I	F	Y	W	H	M	C	P
0	0.01954	0.64836	0.03764	0.09986	0.02352	0.02838	0.01398	0.02230	0.01538	0.01804	0.01091	0.01316	0.00978	0.00662	0.00520	0.00173	0.00836	0.00439	0.00326	0.00957
1	0.03177	0.01298	0.01737	0.01322	0.01919	0.01102	0.01088	0.03475	0.02097	0.60889	0.02789	0.02457	0.01784	0.00892	0.00738	0.00220	0.00635	0.00724	0.00878	0.10779
2	0.01629	0.10312	0.01870	0.01145	0.01816	0.01257	0.00948	0.01955	0.01569	0.02387	0.01312	0.01529	0.01105	0.00573	0.00552	0.00119	0.00593	0.00444	0.00434	0.68453
3	0.69078	0.01367	0.01086	0.01005	0.01422	0.01567	0.00807	0.02084	0.01311	0.03222	0.01443	0.10093	0.01340	0.00911	0.00531	0.00244	0.00569	0.00627	0.00498	0.00796
4	0.02413	0.02898	0.02269	0.01957	0.02391	0.45835	0.09326	0.02978	0.12571	0.02153	0.01991	0.02111	0.06019	0.00885	0.00739	0.00217	0.01163	0.00678	0.00474	0.00932
5	0.01199	0.00867	0.01106	0.01301	0.09214	0.00867	0.00691	0.01255	0.01180	0.01595	0.02271	0.04582	0.02565	0.64353	0.03476	0.00672	0.00756	0.01050	0.00449	0.00551
6	0.01058	0.00791	0.01011	0.01017	0.01196	0.00702	0.00728	0.01300	0.01731	0.02411	0.27361	0.37179	0.07529	0.01834	0.00888	0.00257	0.00423	0.01639	0.00720	0.10225
7	0.02968	0.01989	0.02193	0.01681	0.02285	0.02151	0.01389	0.55956	0.03340	0.15227	0.02011	0.01945	0.01385	0.00915	0.00759	0.00229	0.00804	0.00696	0.00788	0.01290
8	0.01291	0.00668	0.00968	0.00968	0.00968	0.00668	0.00634	0.01002	0.01002	0.01336	0.01450	0.02635	0.01496	0.11383	0.03075	0.68381	0.00668	0.00714	0.00345	0.00345
9	0.00945	0.00674	0.00869	0.01015	0.01063	0.00632	0.00668	0.01063	0.01421	0.01884	0.04115	0.61537	0.07549	0.11136	0.01323	0.00359	0.00474	0.02001	0.00674	0.00598
10	0.01151	0.00924	0.00976	0.00928	0.01201	0.00852	0.00702	0.09137	0.01939	0.02407	0.08557	0.13932	0.50890	0.01835	0.00887	0.00258	0.00445	0.01542	0.00715	0.00720
11	0.01567	0.01279	0.01680	0.01375	0.01770	0.01203	0.06541	0.11757	0.01802	0.02542	0.02326	0.21448	0.02408	0.10147	0.01204	0.00281	0.03006	0.01077	0.00559	0.26028
12	0.01432	0.01348	0.02275	0.71520	0.05224	0.01685	0.02107	0.01938	0.01517	0.01938	0.01348	0.02022	0.01011	0.00758	0.00758	0.00253	0.01011	0.00674	0.00337	0.00843
13	0.01842	0.01812	0.02813	0.15371	0.51170	0.06302	0.02191	0.02281	0.01721	0.02340	0.01497	0.02125	0.01277	0.00751	0.00759	0.00233	0.00942	0.03088	0.00383	0.01101
14	0.01765	0.01480	0.01700	0.01257	0.01929	0.01125	0.00981	0.02036	0.01688	0.02635	0.01544	0.01847	0.01310	0.00699	0.00649	0.00152	0.00630	0.00517	0.00516	0.75541
15	0.01074	0.00775	0.01014	0.00954	0.01133	0.00716	0.00716	0.01431	0.02147	0.03042	0.68211	0.05666	0.07157	0.01551	0.00895	0.00239	0.00358	0.01372	0.00835	0.00716
16	0.01099	0.00829	0.01207	0.01203	0.01318	0.00963	0.00918	0.01335	0.01217	0.01744	0.02121	0.06143	0.02078	0.11545	0.58902	0.01104	0.04300	0.00892	0.00421	0.00660
17	0.01108	0.00795	0.00952	0.00900	0.01127	0.00704	0.00680	0.01399	0.01987	0.05587	0.41967	0.06160	0.30517	0.01666	0.00889	0.00245	0.00381	0.01433	0.00789	0.00712
18	0.01601	0.01581	0.02287	0.01954	0.01999	0.02155	0.04136	0.01797	0.01193	0.01842	0.01132	0.01821	0.01102	0.01784	0.09947	0.00427	0.61390	0.00690	0.00342	0.00821
