[name]
unknown

[dist]
# distance from previous block
# <min> <max>
5	27

[block]
# block no. 0 follows, 25 sequences, length 6
# corresponding to MSA columns:
# 31-36
name=unknown_A
#
# <colnr> <probs for GDERKNQSTAVLIFYWHMCP>
#	G	D	E	R	K	N	Q	S	T	A	V	L	I	F	Y	W	H	M	C	P
0	0.04865	0.01171	0.01582	0.01378	0.01649	0.01234	0.05286	0.02102	0.08641	0.10842	0.21233	0.12187	0.08539	0.05127	0.01246	0.00295	0.09857	0.01198	0.00700	0.00868
1	0.01274	0.00789	0.01056	0.01113	0.01261	0.00729	0.00809	0.01501	0.01761	0.09322	0.19739	0.43510	0.05276	0.02043	0.00955	0.00293	0.00472	0.06583	0.00778	0.00735
2	0.01405	0.00884	0.01083	0.01066	0.01249	0.00836	0.00767	0.04783	0.01739	0.09744	0.10931	0.25798	0.13542	0.17011	0.01572	0.00382	0.00557	0.05211	0.00711	0.00729
3	0.06040	0.01432	0.01556	0.01347	0.01716	0.03880	0.01051	0.17381	0.10234	0.12300	0.09217	0.08643	0.02739	0.08636	0.03686	0.00337	0.00726	0.03337	0.04751	0.00989
4	0.04660	0.01115	0.01295	0.01144	0.01499	0.01062	0.00884	0.07085	0.07440	0.13656	0.16270	0.14126	0.18111	0.01483	0.00840	0.00249	0.00517	0.01259	0.00767	0.06540
5	0.02276	0.01303	0.01614	0.04821	0.01926	0.01260	0.01072	0.08348	0.10479	0.26013	0.12887	0.03343	0.05549	0.06344	0.01019	0.00269	0.00630	0.00906	0.00774	0.09165

[dist]
# distance from previous block
# <min> <max>
5	13

[block]
# block no. 1 follows, 25 sequences, length 27
# corresponding to MSA columns:
# 50-76
name=unknown_B
#
# <colnr> <probs for GDERKNQSTAVLIFYWHMCP>
#	G	D	E	R	K	N	Q	S	T	A	V	L	I	F	Y	W	H	M	C	P
0	0.02314	0.01872	0.04990	0.04703	0.02332	0.01971	0.01433	0.23508	0.23164	0.09300	0.02223	0.02226	0.01640	0.00969	0.00932	0.00246	0.07490	0.00736	0.00691	0.07260
1	0.01086	0.00840	0.01196	0.01235	0.01391	0.00775	0.04476	0.01294	0.01556	0.02079	0.04032	0.48618	0.07778	0.04911	0.01084	0.00320	0.00554	0.10667	0.00674	0.05436
2	0.14694	0.01741	0.02006	0.18274	0.02855	0.02008	0.01479	0.27457	0.10666	0.03544	0.01962	0.02133	0.03596	0.00925	0.00794	0.00249	0.03226	0.00705	0.00608	0.01079
3	0.01267	0.00828	0.01046	0.00988	0.01210	0.00744	0.00741	0.01572	0.02045	0.08813	0.44050	0.12589	0.17796	0.01684	0.00910	0.00254	0.00406	0.01470	0.00825	0.00761
4	0.02808	0.01956	0.02148	0.01671	0.02270	0.02108	0.01369	0.46313	0.11281	0.12463	0.02146	0.02074	0.01516	0.00929	0.00766	0.00231	0.00783	0.00717	0.00782	0.05666
5	0.07178	0.01249	0.01602	0.01292	0.01787	0.01152	0.01046	0.03246	0.07117	0.46335	0.16118	0.03223	0.02994	0.01081	0.00791	0.00243	0.00593	0.00894	0.00897	0.01165
6	0.02100	0.01403	0.01682	0.01242	0.01897	0.01142	0.01002	0.04486	0.04770	0.17983	0.01866	0.01914	0.01389	0.00697	0.00638	0.00154	0.00605	0.00561	0.00601	0.53869
7	0.01644	0.01619	0.02274	0.01965	0.01977	0.02249	0.01631	0.01823	0.01193	0.01860	0.01113	0.01817	0.01100	0.01756	0.08553	0.00420	0.65134	0.00692	0.00346	0.00834
8	0.01295	0.01039	0.04470	0.07124	0.01852	0.00918	0.03913	0.01578	0.01645	0.06929	0.06376	0.41784	0.04172	0.01945	0.00952	0.00303	0.00624	0.11646	0.00678	0.00759
9	0.01981	0.01652	0.01759	0.01518	0.01824	0.07770	0.01186	0.22416	0.06654	0.02921	0.04526	0.02780	0.01935	0.12776	0.17374	0.00554	0.08052	0.00813	0.00574	0.00934
10	0.01126	0.00819	0.01228	0.01228	0.01356	0.00946	0.00946	0.01356	0.01228	0.01765	0.02021	0.02993	0.01893	0.05575	0.64542	0.07118	0.01969	0.00819	0.00409	0.00665
11	0.01695	0.01519	0.07062	0.01383	0.01810	0.01414	0.01184	0.08951	0.22809	0.06624	0.08144	0.04148	0.16959	0.01785	0.07937	0.00361	0.00775	0.03736	0.00706	0.00997
12	0.01445	0.00723	0.00723	0.00723	0.00903	0.00723	0.00542	0.01807	0.01626	0.02891	0.02529	0.02891	0.01987	0.00903	0.00542	0.00181	0.00361	0.00723	0.77055	0.00723
13	0.01609	0.01506	0.04579	0.01228	0.01912	0.01118	0.01033	0.01971	0.01593	0.02499	0.01365	0.01612	0.01136	0.00611	0.00656	0.00129	0.03269	0.00473	0.00449	0.71252
14	0.01571	0.03902	0.65105	0.02270	0.03395	0.01810	0.06384	0.02457	0.01648	0.02457	0.01401	0.01663	0.00993	0.00732	0.00747	0.00246	0.01155	0.00592	0.00331	0.01140
15	0.78228	0.01499	0.01140	0.01020	0.01499	0.01739	0.00840	0.02279	0.01320	0.03479	0.01080	0.01260	0.00840	0.00720	0.00480	0.00240	0.00600	0.00420	0.00480	0.00840
16	0.03378	0.01383	0.01827	0.01411	0.02005	0.01247	0.01162	0.07275	0.05227	0.61887	0.02996	0.02607	0.01906	0.00962	0.00780	0.00241	0.00669	0.00780	0.00941	0.01315
17	0.02426	0.10182	0.02226	0.01747	0.02202	0.31713	0.01371	0.07006	0.27846	0.02598	0.02004	0.02004	0.01562	0.00893	0.00718	0.00223	0.00994	0.00652	0.00569	0.01064
18	0.01704	0.00924	0.01207	0.01061	0.01340	0.00835	0.00810	0.02017	0.02100	0.19724	0.43380	0.04998	0.08170	0.06925	0.01114	0.00283	0.00472	0.01231	0.00845	0.00859
19	0.02011	0.01715	0.02279	0.11015	0.18007	0.04136	0.04505	0.05496	0.27814	0.07875	0.02545	0.02615	0.04632	0.00934	0.00789	0.00249	0.00800	0.00817	0.00616	0.01148
20	0.01089	0.00804	0.01054	0.01160	0.01313	0.00743	0.00878	0.01320	0.01637	0.02190	0.07844	0.40952	0.08639	0.02127	0.00972	0.00304	0.00526	0.19156	0.00706	0.06585
21	0.01330	0.06873	0.08362	0.01486	0.04623	0.01216	0.04819	0.01851	0.06664	0.02615	0.27421	0.12457	0.11061	0.01463	0.00866	0.00256	0.00608	0.04509	0.00672	0.00849
22	0.01445	0.00723	0.00723	0.00723	0.00903	0.00723	0.00542	0.01807	0.01626	0.02891	0.02529	0.02891	0.01987	0.00903	0.00542	0.00181	0.00361	0.00723	0.77055	0.00723
23	0.03770	0.01822	0.11214	0.01437	0.01928	0.07989	0.01285	0.04962	0.08924	0.17855	0.15760	0.06169	0.09160	0.01324	0.02679	0.00272	0.00751	0.00983	0.00709	0.01008
24	0.01908	0.04429	0.03950	0.02946	0.07544	0.01937	0.47098	0.08388	0.01948	0.02650	0.01605	0.02147	0.01262	0.04038	0.01004	0.00270	0.01165	0.00853	0.00433	0.04424
25	0.02156	0.06421	0.08925	0.12933	0.21347	0.01988	0.01919	0.15705	0.07103	0.08168	0.01739	0.01983	0.01313	0.00835	0.00832	0.00241	0.04020	0.00685	0.00526	0.01160
26	0.70331	0.01747	0.05383	0.01134	0.01652	0.04568	0.00993	0.02324	0.01376	0.03349	0.01104	0.01289	0.00855	0.00724	0.00505	0.00239	0.00667	0.00433	0.00467	0.00861

[dist]
# distance from previous block
# <min> <max>
3	7

[block]
# block no. 2 follows, 25 sequences, length 19
# corresponding to MSA columns:
# 84-102
name=unknown_C
#
# <colnr> <probs for GDERKNQSTAVLIFYWHMCP>
#	G	D	E	R	K	N	Q	S	T	A	V	L	I	F	Y	W	H	M	C	P
0	0.06137	0.05436	0.04546	0.09472	0.08017	0.01757	0.01471	0.06048	0.04932	0.02618	0.17352	0.02971	0.05187	0.01170	0.01240	0.00266	0.19059	0.00867	0.00538	0.00915
1	0.01035	0.00921	0.04923	0.01095	0.01255	0.00743	0.00840	0.01259	0.01624	0.02179	0.14521	0.40747	0.11947	0.08351	0.01221	0.00334	0.00512	0.05125	0.00696	0.00670
2	0.06838	0.01483	0.02363	0.17235	0.21457	0.01619	0.06244	0.02100	0.01572	0.06973	0.01853	0.02325	0.05111	0.01117	0.01243	0.09458	0.08895	0.00747	0.00433	0.00934
3	0.01712	0.01742	0.04951	0.23692	0.03263	0.04582	0.06705	0.04840	0.09418	0.02288	0.01575	0.02067	0.01275	0.01280	0.05799	0.00335	0.19086	0.00714	0.00429	0.04245
4	0.02024	0.01559	0.01666	0.04161	0.01941	0.05271	0.01140	0.19112	0.17576	0.07415	0.08017	0.12808	0.05278	0.07140	0.01081	0.00296	0.00699	0.01073	0.00724	0.01018
5	0.01347	0.00673	0.01010	0.01010	0.01010	0.00673	0.00673	0.01010	0.01010	0.01347	0.01347	0.02357	0.01347	0.02694	0.03030	0.77441	0.00673	0.00673	0.00337	0.00337
6	0.01009	0.00724	0.00961	0.03440	0.01232	0.00714	0.00737	0.01140	0.01402	0.01875	0.03672	0.52183	0.04327	0.16273	0.06114	0.00460	0.00637	0.01852	0.00638	0.00611
7	0.01124	0.00766	0.00920	0.00920	0.00945	0.00792	0.00562	0.01175	0.01150	0.01558	0.02375	0.04698	0.02656	0.60357	0.16118	0.00843	0.00997	0.01073	0.00460	0.00511
8	0.01998	0.01812	0.01785	0.01608	0.02044	0.06799	0.01247	0.04046	0.61887	0.03147	0.03015	0.02785	0.02268	0.01034	0.00782	0.00258	0.00670	0.00849	0.00761	0.01204
9	0.01820	0.01609	0.04956	0.01371	0.02076	0.01250	0.04196	0.08139	0.01840	0.05420	0.01502	0.01699	0.01190	0.00635	0.00626	0.00144	0.00667	0.00523	0.00500	0.59837
10	0.01629	0.01603	0.02352	0.08096	0.02337	0.02155	0.04729	0.01848	0.01250	0.01884	0.01194	0.01984	0.01160	0.05340	0.04916	0.00385	0.55233	0.00721	0.00352	0.00832
11	0.05082	0.01606	0.01953	0.04375	0.04188	0.01732	0.04264	0.29788	0.07512	0.05032	0.02636	0.16886	0.02473	0.01336	0.00846	0.00267	0.00755	0.07507	0.00705	0.01058
12	0.02097	0.49905	0.10607	0.01650	0.02346	0.07596	0.07136	0.02513	0.03839	0.04125	0.01296	0.01471	0.01085	0.00702	0.00593	0.00191	0.00934	0.00509	0.00377	0.01026
13	0.01793	0.08913	0.16306	0.07120	0.14227	0.01999	0.33508	0.02417	0.01743	0.02396	0.01461	0.01898	0.01123	0.00683	0.00811	0.00244	0.01154	0.00754	0.00370	0.01079
14	0.01680	0.01789	0.06117	0.12633	0.06622	0.02076	0.06320	0.02093	0.04195	0.02102	0.01274	0.01836	0.01109	0.01081	0.01751	0.00292	0.39966	0.00686	0.00373	0.06004
15	0.01445	0.00723	0.00723	0.00723	0.00903	0.00723	0.00542	0.01807	0.01626	0.02891	0.02529	0.02891	0.01987	0.00903	0.00542	0.00181	0.00361	0.00723	0.77055	0.00723
16	0.01819	0.01849	0.06947	0.10535	0.11407	0.01921	0.09585	0.09537	0.08014	0.02641	0.04215	0.04524	0.01619	0.01008	0.01212	0.00266	0.17495	0.00796	0.00483	0.04130
17	0.19227	0.12060	0.07477	0.04955	0.19499	0.04021	0.01602	0.05518	0.01783	0.09406	0.04081	0.01855	0.01385	0.00774	0.00661	0.00222	0.00810	0.00605	0.00491	0.03569
18	0.26149	0.01608	0.01988	0.13464	0.13173	0.03994	0.01531	0.02090	0.01455	0.02526	0.01629	0.02028	0.05415	0.00970	0.01133	0.00267	0.18604	0.00657	0.00420	0.00899

[dist]
# distance from previous block
# <min> <max>
10	27

[block]
# block no. 3 follows, 25 sequences, length 29
# corresponding to MSA columns:
# 135-163
name=unknown_D
#
# <colnr> <probs for GDERKNQSTAVLIFYWHMCP>
#	G	D	E	R	K	N	Q	S	T	A	V	L	I	F	Y	W	H	M	C	P
0	0.05996	0.01678	0.06849	0.07377	0.06625	0.01680	0.01477	0.12304	0.04675	0.14912	0.02226	0.02577	0.04908	0.06116	0.05732	0.00357	0.12119	0.00779	0.00585	0.01028
1	0.11322	0.07218	0.02538	0.05458	0.07123	0.05548	0.09585	0.22091	0.13728	0.05072	0.01847	0.01967	0.01384	0.00842	0.00736	0.00237	0.00874	0.00695	0.00598	0.01137
2	0.09958	0.09733	0.19751	0.05356	0.16612	0.06379	0.03740	0.02697	0.06506	0.09717	0.01645	0.01835	0.01234	0.00769	0.00705	0.00232	0.00933	0.00621	0.00466	0.01110
3	0.05896	0.15302	0.11146	0.02605	0.15651	0.07044	0.14820	0.04910	0.05177	0.02466	0.01524	0.03662	0.01267	0.00801	0.00821	0.00235	0.04498	0.00694	0.00419	0.01062
4	0.02380	0.02436	0.03953	0.09742	0.02591	0.24427	0.01505	0.20148	0.10422	0.02988	0.05326	0.02262	0.04097	0.00966	0.00823	0.00234	0.03365	0.00721	0.00577	0.01039
5	0.01146	0.00820	0.01010	0.01039	0.01100	0.00838	0.00719	0.01267	0.01390	0.01860	0.07884	0.12927	0.06368	0.40955	0.02700	0.00556	0.04178	0.12092	0.00572	0.00576
6	0.01767	0.01112	0.01375	0.01250	0.01450	0.01179	0.00929	0.13965	0.08453	0.04648	0.01987	0.03017	0.01816	0.07759	0.02211	0.39842	0.00711	0.05308	0.00529	0.00693
7	0.01047	0.00767	0.00986	0.01007	0.01163	0.00706	0.00742	0.01335	0.01943	0.02665	0.41239	0.23142	0.13178	0.01874	0.00943	0.00270	0.00410	0.05090	0.00797	0.00696
8	0.01753	0.01472	0.01863	0.01546	0.01963	0.01552	0.08655	0.13670	0.23239	0.03106	0.12146	0.03958	0.14293	0.05980	0.01051	0.00287	0.00676	0.01071	0.00715	0.01004
9	0.00957	0.00684	0.00914	0.01094	0.01144	0.00641	0.00742	0.01101	0.01497	0.01993	0.04267	0.69625	0.05101	0.02417	0.00993	0.00317	0.00461	0.04700	0.00720	0.00633
10	0.01652	0.01984	0.11157	0.02499	0.06351	0.01706	0.30436	0.02462	0.11962	0.02497	0.02445	0.11405	0.05272	0.01047	0.00930	0.00268	0.03359	0.01050	0.00504	0.01016
11	0.06718	0.12829	0.02323	0.01751	0.02201	0.45653	0.01371	0.06084	0.02098	0.07008	0.01396	0.01631	0.01146	0.03657	0.00799	0.00224	0.01170	0.00539	0.00458	0.00944
12	0.01067	0.00778	0.01003	0.00975	0.01147	0.00714	0.00721	0.01393	0.02080	0.02905	0.55889	0.13945	0.11057	0.01712	0.00924	0.00254	0.00378	0.01515	0.00828	0.00714
13	0.02016	0.01822	0.02196	0.02508	0.20764	0.04622	0.01578	0.06699	0.42370	0.03072	0.02530	0.02504	0.01936	0.00933	0.00779	0.00250	0.00744	0.00800	0.00658	0.01219
14	0.03978	0.03827	0.02256	0.13735	0.05235	0.01719	0.07471	0.04026	0.01551	0.02224	0.01847	0.04459	0.03526	0.01597	0.08416	0.00371	0.19436	0.05317	0.00435	0.08576
15	0.08422	0.01701	0.04706	0.06111	0.02291	0.03811	0.01326	0.16847	0.05684	0.33503	0.02474	0.05850	0.01768	0.00989	0.00763	0.00244	0.00754	0.00790	0.00777	0.01192
16	0.02116	0.69562	0.03965	0.01362	0.02011	0.06568	0.01336	0.02362	0.01608	0.01828	0.01084	0.01252	0.00995	0.00670	0.00508	0.00168	0.00859	0.00419	0.00335	0.00990
17	0.01830	0.02092	0.04575	0.03268	0.04052	0.01961	0.65098	0.02484	0.01830	0.02484	0.01569	0.02092	0.01176	0.00654	0.00915	0.00261	0.01307	0.00915	0.00392	0.01046
18	0.78228	0.01499	0.01140	0.01020	0.01499	0.01739	0.00840	0.02279	0.01320	0.03479	0.01080	0.01260	0.00840	0.00720	0.00480	0.00240	0.00600	0.00420	0.00480	0.00840
19	0.01518	0.01433	0.02423	0.63072	0.12735	0.01737	0.02180	0.02028	0.01576	0.02046	0.01388	0.02050	0.01057	0.00765	0.00774	0.00255	0.01020	0.00689	0.00349	0.00905
20	0.01108	0.00831	0.01246	0.01246	0.01385	0.00969	0.00969	0.01385	0.01246	0.01800	0.02077	0.03046	0.01938	0.05815	0.69678	0.01246	0.02077	0.00831	0.00415	0.00692
21	0.01445	0.00723	0.00723	0.00723	0.00903	0.00723	0.00542	0.01807	0.01626	0.02891	0.02529	0.02891	0.01987	0.00903	0.00542	0.00181	0.00361	0.00723	0.77055	0.00723
22	0.01445	0.00723	0.00723	0.00723	0.00903	0.00723	0.00542	0.01807	0.01626	0.02891	0.02529	0.02891	0.01987	0.00903	0.00542	0.00181	0.00361	0.00723	0.77055	0.00723
23	0.01241	0.00900	0.03163	0.01157	0.01340	0.00781	0.00911	0.01461	0.01670	0.06543	0.10127	0.30425	0.12176	0.04808	0.01191	0.04311	0.00555	0.15835	0.00705	0.00702
24	0.04551	0.01149	0.04113	0.01197	0.01502	0.01030	0.00951	0.07082	0.05258	0.11776	0.18023	0.26233	0.10722	0.01660	0.00878	0.00268	0.00531	0.01442	0.00765	0.00867
25	0.06807	0.00802	0.01038	0.03726	0.01362	0.00797	0.00814	0.01349	0.01479	0.05359	0.03633	0.54427	0.04176	0.02354	0.04563	0.03569	0.00587	0.01810	0.00668	0.00679
26	0.05095	0.46671	0.21095	0.01691	0.02483	0.02596	0.06410	0.02367	0.01600	0.02109	0.01197	0.01411	0.00999	0.00684	0.00591	0.00197	0.00939	0.00494	0.00341	0.01032
27	0.01244	0.00983	0.01287	0.01459	0.09532	0.00941	0.00917	0.04075	0.01759	0.02376	0.18051	0.13543	0.17772	0.13462	0.05950	0.00399	0.00657	0.01319	0.00639	0.03635
28	0.01882	0.02221	0.09027	0.02468	0.09047	0.12485	0.18348	0.04458	0.01776	0.02324	0.01749	0.08166	0.01614	0.01037	0.01114	0.00261	0.12813	0.03907	0.00438	0.04863

[dist]
# distance from previous block
# <min> <max>
3	11

[block]
# block no. 4 follows, 25 sequences, length 14
# corresponding to MSA columns:
# 175-188
name=unknown_E
#
# <colnr> <probs for GDERKNQSTAVLIFYWHMCP>
#	G	D	E	R	K	N	Q	S	T	A	V	L	I	F	Y	W	H	M	C	P
0	0.09366	0.02233	0.14612	0.12740	0.11301	0.07512	0.04786	0.10290	0.07764	0.02780	0.01831	0.08041	0.01549	0.00938	0.00758	0.00248	0.00930	0.00787	0.00493	0.01041
1	0.02401	0.01390	0.01879	0.01484	0.01995	0.01309	0.06660	0.07600	0.09607	0.28933	0.02823	0.05257	0.05026	0.07016	0.03311	0.00307	0.00750	0.00876	0.00736	0.10639
2	0.01637	0.01612	0.02301	0.08720	0.02319	0.02225	0.01696	0.01848	0.01227	0.01873	0.01118	0.01816	0.01076	0.01574	0.06497	0.00387	0.60202	0.00689	0.00344	0.00840
3	0.02795	0.14309	0.02608	0.01727	0.02334	0.08787	0.01451	0.48887	0.03161	0.04091	0.01667	0.01714	0.01234	0.00873	0.00722	0.00218	0.00900	0.00632	0.00666	0.01225
4	0.01465	0.01329	0.01820	0.01616	0.01636	0.01755	0.01277	0.01607	0.01181	0.01763	0.01536	0.02758	0.01613	0.20319	0.12594	0.00576	0.43225	0.00816	0.00384	0.00729
5	0.01264	0.00841	0.01067	0.01059	0.01280	0.00767	0.00827	0.01561	0.01954	0.07960	0.30718	0.12899	0.19941	0.01806	0.00940	0.00275	0.00469	0.12830	0.00793	0.00749
6	0.01107	0.00870	0.01120	0.07163	0.01565	0.00883	0.00891	0.01416	0.03808	0.02114	0.10450	0.13312	0.22237	0.10317	0.12866	0.00495	0.00815	0.07259	0.00622	0.00688
7	0.00945	0.00675	0.00900	0.01080	0.01125	0.00630	0.00720	0.01080	0.01484	0.01979	0.04274	0.72245	0.05128	0.02429	0.00990	0.00315	0.00450	0.02204	0.00720	0.00630
8	0.01977	0.01973	0.02457	0.02028	0.02420	0.10892	0.13884	0.07294	0.22066	0.02647	0.02164	0.08311	0.01850	0.01113	0.01170	0.00272	0.14995	0.00899	0.00563	0.01026
9	0.01075	0.00800	0.01005	0.00977	0.01175	0.00730	0.00749	0.01406	0.02073	0.02837	0.50005	0.06385	0.19129	0.01710	0.00929	0.00257	0.00402	0.06828	0.00815	0.00715
10	0.06059	0.01387	0.01497	0.01361	0.01717	0.01523	0.01069	0.10939	0.29126	0.03098	0.09665	0.04255	0.09161	0.07143	0.01085	0.00307	0.00622	0.08260	0.00735	0.00992
11	0.01843	0.01400	0.01726	0.01401	0.05993	0.01096	0.01036	0.02190	0.01688	0.10132	0.01577	0.01746	0.01242	0.00626	0.00610	0.00137	0.00606	0.00511	0.00512	0.63926
12	0.06559	0.01427	0.01994	0.36854	0.03625	0.01609	0.01621	0.08433	0.06428	0.07962	0.04767	0.02243	0.01533	0.00906	0.00823	0.02878	0.00841	0.00705	0.00511	0.08279
13	0.12742	0.01647	0.02064	0.29517	0.10560	0.07615	0.01694	0.04345	0.03506	0.02454	0.01651	0.02502	0.01414	0.00909	0.00789	0.00248	0.02855	0.06686	0.00444	0.06358

[dist]
# distance from previous block
# <min> <max>
3	8

[block]
# block no. 5 follows, 25 sequences, length 8
# corresponding to MSA columns:
# 197-204
name=unknown_F
#
# <colnr> <probs for GDERKNQSTAVLIFYWHMCP>
#	G	D	E	R	K	N	Q	S	T	A	V	L	I	F	Y	W	H	M	C	P
0	0.02056	0.05003	0.05547	0.08705	0.25168	0.13558	0.05014	0.02625	0.07812	0.05859	0.05575	0.02158	0.01644	0.00856	0.00866	0.00238	0.05057	0.00716	0.00472	0.01071
1	0.01447	0.00795	0.00901	0.08512	0.01396	0.00834	0.00721	0.01826	0.01618	0.02790	0.02402	0.02799	0.01881	0.00889	0.00568	0.00189	0.00436	0.00719	0.68539	0.00738
2	0.02071	0.01600	0.01733	0.01510	0.01944	0.01774	0.01183	0.17877	0.37175	0.06723	0.03275	0.10632	0.06600	0.01230	0.00816	0.00260	0.00640	0.01026	0.00782	0.01150
3	0.01313	0.01582	0.14182	0.01599	0.04754	0.01150	0.05407	0.01858	0.05566	0.02566	0.24175	0.08249	0.07212	0.06222	0.05208	0.00353	0.00775	0.06354	0.00623	0.00850
4	0.01261	0.00867	0.01289	0.01235	0.01360	0.00888	0.04411	0.03581	0.01411	0.01925	0.06291	0.16659	0.02814	0.09043	0.17866	0.23362	0.00990	0.03638	0.00506	0.00602
5	0.02423	0.36938	0.02996	0.01456	0.02042	0.07034	0.01299	0.17138	0.02231	0.10856	0.07144	0.01955	0.01720	0.00849	0.00646	0.00199	0.00814	0.00615	0.00561	0.01081
6	0.01810	0.01628	0.01956	0.01727	0.05782	0.07769	0.04458	0.02235	0.06360	0.06241	0.02010	0.04101	0.04672	0.03749	0.05586	0.00303	0.13620	0.00737	0.00495	0.24761
7	0.02287	0.01810	0.02144	0.02205	0.15532	0.05081	0.01468	0.13844	0.23581	0.10832	0.02253	0.02250	0.01680	0.00873	0.00749	0.00226	0.00756	0.00725	0.00663	0.11040

[dist]
# distance from previous block
# <min> <max>
3	15

[block]
# block no. 6 follows, 25 sequences, length 32
# corresponding to MSA columns:
# 221-252
name=unknown_G
#
# <colnr> <probs for GDERKNQSTAVLIFYWHMCP>
#	G	D	E	R	K	N	Q	S	T	A	V	L	I	F	Y	W	H	M	C	P
0	0.02409	0.01751	0.01910	0.01577	0.02058	0.01928	0.01252	0.32839	0.22866	0.08725	0.02557	0.07159	0.02049	0.06048	0.01014	0.00284	0.00730	0.00890	0.00769	0.01185
1	0.01541	0.00925	0.01214	0.01114	0.01375	0.00864	0.00873	0.01968	0.04707	0.13870	0.47633	0.05463	0.05926	0.01518	0.00904	0.00256	0.00461	0.07688	0.00854	0.00847
2	0.02158	0.01313	0.01597	0.01216	0.01789	0.01095	0.00960	0.02573	0.05959	0.22895	0.02126	0.02373	0.01641	0.08272	0.01004	0.00230	0.00622	0.00656	0.00637	0.40884
3	0.02068	0.01284	0.07332	0.01243	0.01674	0.00986	0.01080	0.02456	0.02155	0.28584	0.36465	0.04192	0.04646	0.01266	0.00846	0.00242	0.00550	0.01086	0.00848	0.00998
4	0.31025	0.01283	0.01402	0.01165	0.01638	0.01284	0.00947	0.02762	0.01877	0.31265	0.14977	0.02741	0.02575	0.00993	0.00694	0.00241	0.00580	0.00767	0.00759	0.01024
5	0.06330	0.00750	0.00926	0.01047	0.01133	0.00726	0.00711	0.01206	0.01519	0.02163	0.10379	0.55503	0.04882	0.07489	0.01168	0.00335	0.00474	0.01918	0.00698	0.00643
6	0.03203	0.01308	0.01746	0.01358	0.01915	0.01161	0.01114	0.06666	0.02289	0.58386	0.09737	0.02929	0.02453	0.01024	0.00794	0.00240	0.00639	0.00841	0.00939	0.01258
7	0.01510	0.01157	0.01278	0.01203	0.01524	0.01196	0.00922	0.02504	0.27097	0.07036	0.09412	0.12334	0.24462	0.01570	0.00871	0.00269	0.00512	0.03444	0.00772	0.00928
8	0.05552	0.01380	0.01725	0.01382	0.01911	0.01321	0.01122	0.07641	0.11959	0.45311	0.09664	0.02907	0.02474	0.01029	0.00785	0.00243	0.00633	0.00841	0.00894	0.01227
9	0.16871	0.01352	0.01681	0.01315	0.01893	0.01247	0.01086	0.03510	0.02058	0.56811	0.02704	0.02392	0.01726	0.00917	0.00726	0.00240	0.00649	0.00715	0.00874	0.01234
10	0.01390	0.00728	0.00744	0.00744	0.00893	0.00728	0.00529	0.01689	0.01539	0.02649	0.02514	0.03270	0.02132	0.13396	0.01134	0.00280	0.00429	0.00793	0.63739	0.00679
11	0.00940	0.00786	0.00818	0.00810	0.01062	0.00665	0.00608	0.01158	0.01823	0.02226	0.15590	0.07245	0.59782	0.01915	0.00916	0.00259	0.00389	0.01606	0.00737	0.00665
12	0.01260	0.00808	0.01059	0.01143	0.01299	0.00755	0.00862	0.01477	0.01677	0.08007	0.08118	0.36225	0.11335	0.05705	0.01129	0.00331	0.00538	0.16828	0.00735	0.00712
13	0.17630	0.01261	0.01488	0.01244	0.01697	0.01225	0.00983	0.02990	0.06324	0.38245	0.02748	0.09879	0.02153	0.07433	0.01024	0.00295	0.00631	0.00895	0.00785	0.01071
14	0.01079	0.00752	0.00921	0.00989	0.01135	0.00676	0.00693	0.01258	0.01662	0.05239	0.11797	0.40699	0.23218	0.04810	0.01063	0.00305	0.00446	0.01848	0.00736	0.00674
15	0.00956	0.00685	0.00891	0.01051	0.01103	0.00639	0.00697	0.01084	0.01473	0.01953	0.04309	0.64915	0.07723	0.07098	0.01184	0.00342	0.00467	0.02107	0.00703	0.00620
16	0.02395	0.01417	0.01578	0.01282	0.01699	0.01476	0.01019	0.27507	0.02495	0.15808	0.02353	0.02649	0.01790	0.08051	0.01018	0.00269	0.00653	0.00764	0.24732	0.01047
17	0.00945	0.00675	0.00900	0.01080	0.01125	0.00630	0.00720	0.01080	0.01484	0.01979	0.04274	0.72245	0.05128	0.02429	0.00990	0.00315	0.00450	0.02204	0.00720	0.00630
18	0.01608	0.01378	0.01608	0.01148	0.01837	0.01034	0.00919	0.01952	0.01608	0.02527	0.01378	0.01608	0.01148	0.00574	0.00574	0.00115	0.00574	0.00459	0.00459	0.77491
19	0.00961	0.00688	0.00915	0.01068	0.01128	0.00641	0.00721	0.01122	0.01562	0.02103	0.11187	0.64979	0.05367	0.02337	0.00981	0.00307	0.00441	0.02117	0.00734	0.00641
20	0.00925	0.00775	0.00805	0.00820	0.01059	0.00655	0.00607	0.01121	0.01754	0.02118	0.09529	0.13678	0.59508	0.01996	0.00923	0.00266	0.00397	0.01683	0.00725	0.00655
21	0.00966	0.00690	0.00924	0.01104	0.01158	0.00648	0.00756	0.01116	0.01505	0.02003	0.04262	0.67844	0.05082	0.02409	0.00995	0.00318	0.00468	0.06396	0.00719	0.00636
22	0.01158	0.00795	0.01046	0.01066	0.01233	0.00738	0.00804	0.01455	0.01944	0.05084	0.38286	0.22825	0.08969	0.01864	0.00949	0.00277	0.00444	0.09540	0.00800	0.00722
23	0.00945	0.00675	0.00900	0.01080	0.01125	0.00630	0.00720	0.01080	0.01484	0.01979	0.04274	0.72245	0.05128	0.02429	0.00990	0.00315	0.00450	0.02204	0.00720	0.00630
24	0.01081	0.00780	0.01022	0.00986	0.01155	0.00721	0.00730	0.01423	0.02121	0.02991	0.60893	0.12741	0.07087	0.01673	0.00922	0.00251	0.00375	0.01486	0.00840	0.00721
25	0.01108	0.00831	0.01246	0.01246	0.01385	0.00969	0.00969	0.01385	0.01246	0.01800	0.02077	0.03046	0.01938	0.05815	0.69678	0.01246	0.02077	0.00831	0.00415	0.00692
26	0.01744	0.01664	0.02832	0.30167	0.43872	0.01796	0.02293	0.02226	0.01683	0.02321	0.01428	0.01976	0.01153	0.00723	0.00771	0.00241	0.00964	0.00690	0.00369	0.01087
27	0.01830	0.02092	0.04575	0.03268	0.04052	0.01961	0.65098	0.02484	0.01830	0.02484	0.01569	0.02092	0.01176	0.00654	0.00915	0.00261	0.01307	0.00915	0.00392	0.01046
28	0.01464	0.01378	0.02326	0.70887	0.05340	0.01723	0.02153	0.01981	0.01550	0.01981	0.01378	0.02067	0.01034	0.00775	0.00775	0.00258	0.01034	0.00689	0.00345	0.00861
29	0.01806	0.02293	0.11264	0.10171	0.04043	0.04698	0.49092	0.02453	0.01795	0.02404	0.01514	0.02011	0.01133	0.00681	0.00872	0.00257	0.01265	0.00837	0.00380	0.01031
30	0.16216	0.01992	0.01937	0.04929	0.05567	0.10247	0.01363	0.21168	0.19339	0.03465	0.02035	0.02282	0.01589	0.00942	0.00728	0.00244	0.00816	0.03397	0.00637	0.01104
31	0.02433	0.01559	0.01831	0.01508	0.01962	0.01673	0.01215	0.19015	0.18626	0.20417	0.13556	0.02976	0.02732	0.01108	0.00922	0.00251	0.05361	0.00882	0.00811	0.01165

[dist]
# distance from previous block
# <min> <max>
0	1

[block]
# block no. 7 follows, 25 sequences, length 13
# corresponding to MSA columns:
# 254-266
name=unknown_H
#
# <colnr> <probs for GDERKNQSTAVLIFYWHMCP>
#	G	D	E	R	K	N	Q	S	T	A	V	L	I	F	Y	W	H	M	C	P
0	0.08303	0.02004	0.02231	0.07538	0.05406	0.02239	0.01504	0.48098	0.07917	0.04317	0.01843	0.01913	0.01334	0.00901	0.00754	0.00238	0.00834	0.00690	0.00702	0.01235
1	0.06372	0.02349	0.02249	0.04816	0.02442	0.15662	0.01504	0.39536	0.02858	0.03736	0.01569	0.01730	0.01183	0.00939	0.00960	0.00240	0.09461	0.00642	0.00615	0.01136
2	0.01619	0.01628	0.02312	0.63453	0.05023	0.09052	0.02083	0.02101	0.01620	0.01972	0.01359	0.01995	0.01030	0.00778	0.00767	0.00252	0.01073	0.00669	0.00350	0.00865
3	0.09748	0.01391	0.02198	0.63347	0.04926	0.01724	0.02012	0.02013	0.01525	0.02143	0.01346	0.01980	0.01013	0.00769	0.00743	0.00256	0.00987	0.00660	0.00359	0.00859
4	0.20554	0.01407	0.01677	0.01319	0.01893	0.01346	0.01089	0.06803	0.02091	0.50106	0.02541	0.02281	0.01639	0.00903	0.00711	0.00240	0.00657	0.00693	0.00840	0.01210
5	0.01776	0.01933	0.03692	0.02773	0.03242	0.02127	0.39636	0.02236	0.01572	0.02236	0.01347	0.01933	0.01113	0.00936	0.01569	0.00293	0.29429	0.00820	0.00371	0.00966
6	0.01555	0.04011	0.68733	0.02210	0.03356	0.01801	0.02865	0.02455	0.01637	0.02455	0.01391	0.01637	0.00982	0.00737	0.00737	0.00246	0.01146	0.00573	0.00327	0.01146
7	0.00965	0.00689	0.00923	0.01103	0.01157	0.00647	0.00755	0.01115	0.01505	0.02002	0.04262	0.67977	0.05083	0.02410	0.00995	0.00318	0.00468	0.06270	0.00719	0.00635
8	0.01097	0.00793	0.01036	0.00975	0.01158	0.00732	0.00732	0.01463	0.02195	0.03109	0.67505	0.05792	0.07316	0.01585	0.00914	0.00244	0.00366	0.01402	0.00854	0.00732
9	0.01464	0.01378	0.02326	0.70887	0.05340	0.01723	0.02153	0.01981	0.01550	0.01981	0.01378	0.02067	0.01034	0.00775	0.00775	0.00258	0.01034	0.00689	0.00345	0.00861
10	0.01249	0.00892	0.01249	0.01428	0.01606	0.00892	0.01249	0.01606	0.01785	0.02320	0.04105	0.08746	0.04462	0.02142	0.01071	0.00357	0.00714	0.62695	0.00714	0.00714
11	0.02073	0.73217	0.04063	0.01327	0.01990	0.03068	0.01327	0.02322	0.01575	0.01824	0.01078	0.01244	0.00995	0.00663	0.00498	0.00166	0.00829	0.00415	0.00332	0.00995
12	0.02947	0.02172	0.02327	0.01784	0.02404	0.02404	0.01474	0.65329	0.03646	0.04887	0.01862	0.01862	0.01319	0.00931	0.00776	0.00233	0.00853	0.00698	0.00776	0.01319

[dist]
# distance from previous block
# <min> <max>
0	3

[block]
# block no. 8 follows, 25 sequences, length 10
# corresponding to MSA columns:
# 270-279
name=unknown_I
#
# <colnr> <probs for GDERKNQSTAVLIFYWHMCP>
#	G	D	E	R	K	N	Q	S	T	A	V	L	I	F	Y	W	H	M	C	P
0	0.69142	0.01443	0.01156	0.01024	0.01494	0.01643	0.00841	0.02344	0.01393	0.07446	0.01286	0.01440	0.00973	0.00745	0.00502	0.00236	0.00590	0.00460	0.04979	0.00862
1	0.01696	0.01696	0.02375	0.02036	0.02036	0.02375	0.01696	0.01866	0.01187	0.01866	0.01018	0.01696	0.01018	0.01357	0.02545	0.00339	0.71332	0.00679	0.00339	0.00848
2	0.01612	0.11578	0.61662	0.02113	0.03207	0.01939	0.02697	0.02441	0.01630	0.02386	0.01357	0.01594	0.00984	0.00729	0.00711	0.00237	0.01111	0.00556	0.00328	0.01129
3	0.02896	0.03695	0.02197	0.01998	0.02397	0.69638	0.01498	0.03096	0.02197	0.01898	0.01199	0.01398	0.00999	0.00799	0.00699	0.00200	0.01398	0.00499	0.00400	0.00899
4	0.01608	0.01378	0.01608	0.01148	0.01837	0.01034	0.00919	0.01952	0.01608	0.02527	0.01378	0.01608	0.01148	0.00574	0.00574	0.00115	0.00574	0.00459	0.00459	0.77491
5	0.01097	0.00793	0.01036	0.00975	0.01158	0.00732	0.00732	0.01463	0.02195	0.03109	0.67505	0.05792	0.07316	0.01585	0.00914	0.00244	0.00366	0.01402	0.00854	0.00732
6	0.01125	0.00760	0.00889	0.00889	0.00904	0.00775	0.00524	0.01156	0.01140	0.01536	0.02403	0.04853	0.02723	0.65464	0.11102	0.00806	0.00896	0.01095	0.00464	0.00494
7	0.01059	0.00791	0.01109	0.08907	0.01653	0.00799	0.00947	0.01263	0.01518	0.02006	0.03825	0.51025	0.04443	0.06043	0.01140	0.00339	0.00572	0.11237	0.00663	0.00660
8	0.62631	0.01467	0.01315	0.06229	0.01847	0.01659	0.00977	0.02456	0.01456	0.11995	0.01364	0.01502	0.00997	0.00756	0.00541	0.00241	0.00640	0.00488	0.00534	0.00905
9	0.39588	0.16628	0.14740	0.01396	0.02056	0.02097	0.01396	0.09494	0.01697	0.03108	0.01228	0.01397	0.00953	0.00736	0.00566	0.00225	0.00779	0.00480	0.00454	0.00984

[dist]
# distance from previous block
# <min> <max>
4	8

[block]
# block no. 9 follows, 25 sequences, length 7
# corresponding to MSA columns:
# 288-294
name=unknown_J
#
# <colnr> <probs for GDERKNQSTAVLIFYWHMCP>
#	G	D	E	R	K	N	Q	S	T	A	V	L	I	F	Y	W	H	M	C	P
0	0.01523	0.01438	0.02431	0.62395	0.13375	0.01738	0.02182	0.02032	0.01578	0.02052	0.01388	0.02048	0.01059	0.00764	0.00774	0.00255	0.01019	0.00689	0.00350	0.00908
1	0.01929	0.01666	0.01753	0.01578	0.02016	0.01929	0.01227	0.04120	0.66513	0.03243	0.03156	0.02893	0.02367	0.01052	0.00789	0.00263	0.00614	0.00877	0.00789	0.01227
2	0.01077	0.00777	0.01018	0.00990	0.01154	0.00718	0.00730	0.01411	0.02098	0.02955	0.58892	0.14843	0.07018	0.01700	0.00925	0.00254	0.00377	0.01511	0.00835	0.00718
3	0.03052	0.02004	0.02223	0.01704	0.02321	0.02156	0.01408	0.53233	0.03365	0.17378	0.02097	0.02014	0.01437	0.00936	0.00776	0.00234	0.00815	0.00714	0.00812	0.01319
4	0.01830	0.02092	0.04575	0.03268	0.04052	0.01961	0.65098	0.02484	0.01830	0.02484	0.01569	0.02092	0.01176	0.00654	0.00915	0.00261	0.01307	0.00915	0.00392	0.01046
5	0.01106	0.01064	0.00921	0.00902	0.01177	0.07263	0.00676	0.01303	0.01808	0.02076	0.07217	0.06881	0.61219	0.01852	0.00896	0.00256	0.00489	0.01527	0.00689	0.00678
6	0.01155	0.00825	0.01141	0.01320	0.01457	0.00811	0.01085	0.01443	0.01692	0.02214	0.04158	0.28482	0.04669	0.02231	0.01046	0.00344	0.00632	0.43894	0.00716	0.00688

[dist]
# distance from previous block
# <min> <max>
0	1

[block]
# block no. 10 follows, 25 sequences, length 10
# corresponding to MSA columns:
# 296-305
name=unknown_K
#
# <colnr> <probs for GDERKNQSTAVLIFYWHMCP>
#	G	D	E	R	K	N	Q	S	T	A	V	L	I	F	Y	W	H	M	C	P
0	0.01464	0.01378	0.02326	0.70887	0.05340	0.01723	0.02153	0.01981	0.01550	0.01981	0.01378	0.02067	0.01034	0.00775	0.00775	0.00258	0.01034	0.00689	0.00345	0.00861
1	0.01830	0.02092	0.04575	0.03268	0.04052	0.01961	0.65098	0.02484	0.01830	0.02484	0.01569	0.02092	0.01176	0.00654	0.00915	0.00261	0.01307	0.00915	0.00392	0.01046
2	0.02775	0.02003	0.02322	0.01757	0.02393	0.02114	0.04862	0.49325	0.03189	0.09846	0.01890	0.01910	0.01342	0.00877	0.00760	0.00221	0.00829	0.00689	0.00733	0.10162
3	0.02947	0.02172	0.02327	0.01784	0.02404	0.02404	0.01474	0.65329	0.03646	0.04887	0.01862	0.01862	0.01319	0.00931	0.00776	0.00233	0.00853	0.00698	0.00776	0.01319
4	0.09353	0.03755	0.61859	0.02089	0.03167	0.01794	0.02659	0.02438	0.01605	0.02560	0.01360	0.01599	0.00968	0.00735	0.00711	0.00245	0.01090	0.00557	0.00343	0.01115
5	0.01929	0.01666	0.01753	0.01578	0.02016	0.01929	0.01227	0.04120	0.66513	0.03243	0.03156	0.02893	0.02367	0.01052	0.00789	0.00263	0.00614	0.00877	0.00789	0.01227
6	0.78228	0.01499	0.01140	0.01020	0.01499	0.01739	0.00840	0.02279	0.01320	0.03479	0.01080	0.01260	0.00840	0.00720	0.00480	0.00240	0.00600	0.00420	0.00480	0.00840
7	0.01480	0.01361	0.02229	0.61377	0.04817	0.01708	0.02018	0.01962	0.01528	0.02030	0.01424	0.02091	0.01092	0.00826	0.00892	0.00260	0.06200	0.00690	0.05165	0.00852
8	0.01660	0.01647	0.02367	0.12741	0.02549	0.02273	0.01767	0.01884	0.01244	0.01884	0.01074	0.01754	0.01020	0.01267	0.02269	0.00327	0.60402	0.00680	0.00340	0.00850
9	0.00945	0.00675	0.00900	0.01080	0.01125	0.00630	0.00720	0.01080	0.01484	0.01979	0.04274	0.72245	0.05128	0.02429	0.00990	0.00315	0.00450	0.02204	0.00720	0.00630

[dist]
# distance from previous block
# <min> <max>
0	1

[block]
# block no. 11 follows, 25 sequences, length 10
# corresponding to MSA columns:
# 307-316
name=unknown_L
#
# <colnr> <probs for GDERKNQSTAVLIFYWHMCP>
#	G	D	E	R	K	N	Q	S	T	A	V	L	I	F	Y	W	H	M	C	P
0	0.00945	0.00675	0.00900	0.01080	0.01125	0.00630	0.00720	0.01080	0.01484	0.01979	0.04274	0.72245	0.05128	0.02429	0.00990	0.00315	0.00450	0.02204	0.00720	0.00630
1	0.02990	0.02103	0.02285	0.01751	0.02370	0.02303	0.01447	0.60385	0.03531	0.09992	0.01958	0.01924	0.01367	0.00933	0.00776	0.00233	0.00838	0.00705	0.00790	0.01319
2	0.01829	0.40653	0.34493	0.01742	0.02633	0.02472	0.02050	0.02385	0.01604	0.02121	0.01225	0.01429	0.00989	0.00698	0.00610	0.00203	0.00978	0.00489	0.00330	0.01066
3	0.01608	0.01378	0.01608	0.01148	0.01837	0.01034	0.00919	0.01952	0.01608	0.02527	0.01378	0.01608	0.01148	0.00574	0.00574	0.00115	0.00574	0.00459	0.00459	0.77491
4	0.71334	0.01700	0.01236	0.01109	0.01582	0.07953	0.00900	0.02354	0.01400	0.03334	0.01091	0.01272	0.00854	0.00727	0.00500	0.00236	0.00673	0.00427	0.00472	0.00845
5	0.01929	0.01666	0.01753	0.01578	0.02016	0.01929	0.01227	0.04120	0.66513	0.03243	0.03156	0.02893	0.02367	0.01052	0.00789	0.00263	0.00614	0.00877	0.00789	0.01227
6	0.01608	0.01378	0.01608	0.01148	0.01837	0.01034	0.00919	0.01952	0.01608	0.02527	0.01378	0.01608	0.01148	0.00574	0.00574	0.00115	0.00574	0.00459	0.00459	0.77491
7	0.01070	0.00808	0.01183	0.01243	0.01350	0.00770	0.04964	0.01253	0.01505	0.02001	0.03841	0.50015	0.04482	0.11164	0.01370	0.00373	0.00582	0.10710	0.00666	0.00649
8	0.02735	0.02066	0.02208	0.01741	0.02324	0.02305	0.01422	0.52591	0.16728	0.04545	0.02131	0.02076	0.01537	0.00956	0.00778	0.00239	0.00803	0.00735	0.00778	0.01300
9	0.01608	0.01378	0.01608	0.01148	0.01837	0.01034	0.00919	0.01952	0.01608	0.02527	0.01378	0.01608	0.01148	0.00574	0.00574	0.00115	0.00574	0.00459	0.00459	0.77491

[dist]
# distance from previous block
# <min> <max>
2	4

[block]
# block no. 12 follows, 25 sequences, length 9
# corresponding to MSA columns:
# 321-329
name=unknown_M
#
# <colnr> <probs for GDERKNQSTAVLIFYWHMCP>
#	G	D	E	R	K	N	Q	S	T	A	V	L	I	F	Y	W	H	M	C	P
0	0.01859	0.39579	0.18338	0.01546	0.02216	0.07804	0.01613	0.02267	0.01675	0.02096	0.07544	0.01908	0.01660	0.01146	0.05536	0.00271	0.00993	0.00581	0.00392	0.00975
1	0.07324	0.00827	0.01018	0.00999	0.01179	0.00794	0.00738	0.01455	0.01986	0.02920	0.49860	0.18305	0.06367	0.01679	0.00894	0.00257	0.00401	0.01478	0.00797	0.00721
2	0.01128	0.00752	0.00846	0.00846	0.00846	0.00752	0.00470	0.01128	0.01128	0.01503	0.02443	0.05074	0.02819	0.72751	0.03946	0.00752	0.00752	0.01128	0.00470	0.00470
3	0.01128	0.00752	0.00846	0.00846	0.00846	0.00752	0.00470	0.01128	0.01128	0.01503	0.02443	0.05074	0.02819	0.72751	0.03946	0.00752	0.00752	0.01128	0.00470	0.00470
4	0.01801	0.01493	0.01711	0.01240	0.01919	0.01231	0.00999	0.11090	0.01902	0.02867	0.01448	0.01644	0.01173	0.00626	0.00603	0.00132	0.00614	0.00494	0.00505	0.66508
5	0.02504	0.01586	0.07996	0.01383	0.01939	0.01308	0.01224	0.14312	0.02333	0.32205	0.08251	0.03612	0.15544	0.01183	0.00812	0.00244	0.00666	0.00965	0.00809	0.01125
6	0.01682	0.02955	0.34861	0.02606	0.03461	0.01938	0.27302	0.02391	0.01656	0.02391	0.01413	0.01824	0.01064	0.00784	0.01039	0.00264	0.10225	0.00722	0.00355	0.01068
7	0.12777	0.34416	0.19889	0.01459	0.02150	0.02207	0.01566	0.02224	0.01645	0.02414	0.10881	0.02013	0.01894	0.00825	0.00618	0.00209	0.00810	0.00601	0.00428	0.00973
8	0.01764	0.01362	0.01562	0.01301	0.01771	0.01306	0.01013	0.08439	0.18234	0.06296	0.09143	0.12621	0.02716	0.01119	0.00753	0.00212	0.00576	0.00952	0.00676	0.28184

[dist]
# distance from previous block
# <min> <max>
5	20

# created by:
# /st0/software/busco_prod/Augustus/scripts/msa2prfl.pl ./align_prep/94264.fa
