[name]
unknown

[dist]
# distance from previous block
# <min> <max>
0	18

[block]
# block no. 0 follows, 23 sequences, length 102
# corresponding to MSA columns:
# 18-119
name=unknown_A
#
# <colnr> <probs for GDERKNQSTAVLIFYWHMCP>
#	G	D	E	R	K	N	Q	S	T	A	V	L	I	F	Y	W	H	M	C	P
0	0.02767	0.01590	0.01801	0.01473	0.01962	0.06392	0.01188	0.15089	0.02593	0.31244	0.18569	0.03584	0.03331	0.01199	0.00856	0.00252	0.00714	0.03344	0.00884	0.01168
1	0.07977	0.01524	0.01717	0.01456	0.01927	0.01605	0.01145	0.08302	0.27736	0.16148	0.04535	0.02671	0.02097	0.01225	0.01063	0.09310	0.00668	0.00801	0.00754	0.07340
2	0.02500	0.01741	0.01938	0.01634	0.02136	0.01899	0.01329	0.25936	0.23250	0.11691	0.02865	0.03322	0.02248	0.01168	0.00839	0.00267	0.00738	0.07971	0.05291	0.01237
3	0.01566	0.01202	0.01530	0.01435	0.01610	0.01350	0.01095	0.09065	0.04967	0.04933	0.14358	0.31650	0.04181	0.01850	0.01304	0.00306	0.14485	0.01530	0.00717	0.00865
4	0.01135	0.00753	0.01004	0.01132	0.01224	0.00697	0.00776	0.01313	0.01679	0.05332	0.11732	0.59955	0.05478	0.02363	0.01016	0.00317	0.00471	0.02135	0.00782	0.00706
5	0.01777	0.01439	0.01692	0.01213	0.01930	0.01087	0.00973	0.02135	0.01713	0.05736	0.01527	0.01734	0.01241	0.00620	0.00611	0.00126	0.00605	0.00497	0.00506	0.72836
6	0.01863	0.01379	0.01651	0.01225	0.01884	0.01063	0.00973	0.02202	0.01749	0.10257	0.01880	0.07033	0.01612	0.00795	0.00659	0.00152	0.00602	0.00658	0.00564	0.61799
7	0.01633	0.00937	0.01240	0.01103	0.01379	0.00849	0.00849	0.02002	0.02302	0.15642	0.53788	0.05420	0.06558	0.01532	0.00930	0.00254	0.00443	0.01341	0.00915	0.00885
8	0.01989	0.01908	0.03258	0.07647	0.63909	0.01923	0.02480	0.02473	0.01838	0.02627	0.01523	0.02015	0.01277	0.00727	0.00804	0.00242	0.00969	0.00723	0.00400	0.01269
9	0.03076	0.02536	0.02413	0.01904	0.02515	0.13343	0.01546	0.53752	0.03565	0.04598	0.01834	0.01868	0.01325	0.00951	0.00799	0.00238	0.00987	0.00696	0.00747	0.01308
10	0.01148	0.00829	0.01085	0.01021	0.01212	0.00766	0.00766	0.01531	0.02297	0.03254	0.65994	0.06061	0.07656	0.01659	0.00957	0.00255	0.00383	0.01467	0.00893	0.00766
11	0.01230	0.00924	0.01241	0.01322	0.04723	0.00888	0.00937	0.01673	0.04900	0.02997	0.45739	0.13776	0.06493	0.01754	0.00971	0.00277	0.00475	0.08047	0.00832	0.00801
12	0.01148	0.00829	0.01085	0.01021	0.01212	0.00766	0.00766	0.01531	0.02297	0.03254	0.65994	0.06061	0.07656	0.01659	0.00957	0.00255	0.00383	0.01467	0.00893	0.00766
13	0.01164	0.00852	0.01217	0.01217	0.01331	0.00967	0.00905	0.01393	0.01278	0.01819	0.02253	0.03630	0.02221	0.19712	0.54904	0.01196	0.01884	0.00934	0.00447	0.00676
14	0.01645	0.01557	0.02636	0.54320	0.19925	0.01832	0.02309	0.02171	0.01676	0.02209	0.01462	0.02127	0.01130	0.00790	0.00809	0.00263	0.01054	0.00722	0.00370	0.00992
15	0.03031	0.03867	0.02299	0.02090	0.02508	0.68226	0.01568	0.03240	0.02299	0.01986	0.01254	0.01463	0.01045	0.00836	0.00732	0.00209	0.01463	0.00523	0.00418	0.00941
16	0.77215	0.01569	0.01193	0.01067	0.01569	0.01820	0.00879	0.02385	0.01381	0.03641	0.01130	0.01318	0.00879	0.00753	0.00502	0.00251	0.00628	0.00439	0.00502	0.00879
17	0.02169	0.71972	0.04252	0.01388	0.02083	0.03211	0.01388	0.02430	0.01649	0.01909	0.01128	0.01302	0.01041	0.00694	0.00521	0.00174	0.00868	0.00434	0.00347	0.01041
18	0.01683	0.01442	0.01683	0.01202	0.01923	0.01082	0.00961	0.02043	0.01683	0.02644	0.01442	0.01683	0.01202	0.00601	0.00601	0.00120	0.00601	0.00481	0.00481	0.76444
19	0.01179	0.00790	0.00902	0.00902	0.00908	0.00796	0.00513	0.01191	0.01185	0.01586	0.02541	0.05223	0.02912	0.68802	0.06759	0.00808	0.00844	0.01167	0.00489	0.00501
20	0.01267	0.00989	0.01356	0.01298	0.01370	0.01178	0.00963	0.01441	0.01252	0.01791	0.02122	0.03671	0.02181	0.27319	0.35998	0.00975	0.12768	0.00948	0.00441	0.00673
21	0.09344	0.02174	0.02036	0.01701	0.02229	0.11270	0.01356	0.26871	0.21824	0.06677	0.02272	0.02229	0.01676	0.00974	0.00768	0.00247	0.00844	0.00737	0.03549	0.01222
22	0.77215	0.01569	0.01193	0.01067	0.01569	0.01820	0.00879	0.02385	0.01381	0.03641	0.01130	0.01318	0.00879	0.00753	0.00502	0.00251	0.00628	0.00439	0.00502	0.00879
23	0.01578	0.01531	0.02714	0.61666	0.05428	0.01832	0.09538	0.02136	0.01657	0.02136	0.01466	0.02166	0.01099	0.00796	0.00829	0.00271	0.01116	0.00749	0.00366	0.00924
24	0.01588	0.01499	0.02535	0.61934	0.12750	0.01818	0.02281	0.02122	0.01649	0.02141	0.01452	0.02145	0.01106	0.00801	0.00810	0.00267	0.01068	0.00721	0.00365	0.00947
25	0.01143	0.00771	0.00896	0.00933	0.00942	0.00762	0.00543	0.01170	0.01253	0.01670	0.02929	0.18070	0.03420	0.58082	0.03529	0.00698	0.00725	0.01399	0.00543	0.00524
26	0.01106	0.00814	0.01035	0.01009	0.01193	0.00743	0.00745	0.01437	0.02152	0.02980	0.51410	0.14003	0.14730	0.01814	0.00967	0.00266	0.00397	0.01598	0.00859	0.00743
27	0.01109	0.00814	0.01040	0.01013	0.01196	0.00744	0.00748	0.01445	0.02161	0.03001	0.52546	0.13968	0.13581	0.01806	0.00967	0.00266	0.00396	0.01593	0.00862	0.00744
28	0.02853	0.03579	0.02315	0.10116	0.02875	0.60322	0.01649	0.03101	0.02219	0.01996	0.01277	0.01547	0.01050	0.00833	0.00741	0.00216	0.01418	0.00546	0.00411	0.00936
29	0.01876	0.02067	0.04234	0.03053	0.03796	0.01971	0.51106	0.02481	0.01834	0.02553	0.01572	0.02096	0.01214	0.00733	0.01051	0.00262	0.06760	0.00881	0.00414	0.10044
30	0.01587	0.01498	0.02533	0.62111	0.12583	0.01817	0.02281	0.02121	0.01648	0.02140	0.01452	0.02146	0.01105	0.00801	0.00810	0.00267	0.01068	0.00721	0.00365	0.00946
31	0.02120	0.02093	0.04442	0.03185	0.03983	0.01950	0.56063	0.02760	0.01964	0.10261	0.01827	0.02257	0.01324	0.00722	0.00941	0.00271	0.01287	0.00941	0.00481	0.01128
32	0.10204	0.00938	0.01074	0.01032	0.01251	0.00925	0.00764	0.01645	0.04473	0.02969	0.39863	0.11466	0.11621	0.06912	0.01144	0.00304	0.00463	0.01402	0.00788	0.00762
33	0.03084	0.01541	0.01907	0.01508	0.02063	0.01497	0.01226	0.20642	0.02689	0.39350	0.07909	0.07931	0.02529	0.01163	0.00842	0.00255	0.00707	0.00956	0.00922	0.01278
34	0.02107	0.01787	0.01885	0.01669	0.02144	0.02060	0.01306	0.09240	0.59883	0.03537	0.03190	0.02938	0.02386	0.01090	0.00824	0.00273	0.00663	0.00902	0.00824	0.01292
35	0.01260	0.00896	0.01232	0.01405	0.01561	0.00890	0.01180	0.01578	0.01779	0.02321	0.04186	0.16217	0.04623	0.07497	0.01337	0.00399	0.00717	0.49474	0.00729	0.00717
36	0.01656	0.07755	0.63970	0.02264	0.03437	0.01954	0.02913	0.02562	0.01710	0.02535	0.01439	0.01692	0.01029	0.00767	0.00758	0.00253	0.01182	0.00591	0.00343	0.01191
37	0.03455	0.01461	0.01910	0.01474	0.02083	0.01330	0.01214	0.10961	0.02499	0.56547	0.06070	0.02823	0.02205	0.01032	0.00822	0.00250	0.00700	0.00837	0.00976	0.01351
38	0.01180	0.00787	0.00885	0.00885	0.00885	0.00787	0.00492	0.01180	0.01180	0.01573	0.02557	0.05310	0.02950	0.71483	0.04130	0.00787	0.00787	0.01180	0.00492	0.00492
39	0.00989	0.00706	0.00942	0.01130	0.01177	0.00659	0.00753	0.01130	0.01554	0.02071	0.04472	0.70954	0.05367	0.02542	0.01036	0.00330	0.00471	0.02307	0.00753	0.00659
40	0.02954	0.03705	0.02264	0.02057	0.02478	0.63161	0.01546	0.03322	0.07093	0.02094	0.01411	0.01583	0.01155	0.00856	0.00739	0.00214	0.01400	0.00553	0.00449	0.00967
41	0.01767	0.21691	0.51011	0.02074	0.03143	0.02227	0.02583	0.02534	0.01697	0.02399	0.01371	0.01607	0.01031	0.00751	0.00706	0.00235	0.01114	0.00557	0.00344	0.01158
42	0.01138	0.00829	0.01071	0.01010	0.01206	0.00761	0.00758	0.01512	0.02273	0.03198	0.62960	0.06153	0.10724	0.01680	0.00957	0.00256	0.00384	0.01480	0.00886	0.00761
43	0.02018	0.01743	0.01835	0.01651	0.02110	0.02018	0.01284	0.04312	0.64956	0.03394	0.03303	0.03027	0.02477	0.01101	0.00826	0.00275	0.00642	0.00917	0.00826	0.01284
44	0.01652	0.01695	0.03268	0.09701	0.05926	0.01738	0.31611	0.02152	0.01799	0.02481	0.09932	0.09248	0.02431	0.01269	0.03465	0.00320	0.08771	0.01086	0.00493	0.00963
45	0.02905	0.02350	0.02256	0.01800	0.02372	0.11464	0.01457	0.47815	0.06089	0.04439	0.01967	0.02014	0.01437	0.00958	0.00782	0.00236	0.00920	0.00712	0.06764	0.01265
46	0.00959	0.00822	0.00822	0.00822	0.01096	0.00685	0.00617	0.01165	0.01850	0.02192	0.08220	0.07809	0.66092	0.02055	0.00959	0.00274	0.00411	0.01713	0.00754	0.00685
47	0.59858	0.01656	0.01844	0.06557	0.02285	0.01855	0.10702	0.02395	0.01482	0.03362	0.01233	0.01517	0.00949	0.00747	0.00596	0.00256	0.00777	0.00541	0.00477	0.00914
48	0.03618	0.01417	0.01906	0.01461	0.02090	0.01247	0.01207	0.06404	0.02384	0.64447	0.03150	0.02728	0.01983	0.01003	0.00816	0.00251	0.00699	0.00812	0.00996	0.01381
49	0.01916	0.01435	0.01706	0.01231	0.01941	0.01095	0.00989	0.02271	0.01759	0.10300	0.01652	0.01811	0.01298	0.00649	0.00627	0.00136	0.00612	0.00521	0.00543	0.67512
50	0.01208	0.00772	0.01030	0.01141	0.01249	0.00712	0.00788	0.01391	0.01700	0.07106	0.11697	0.58091	0.05386	0.02321	0.01010	0.00315	0.00477	0.02094	0.00789	0.00726
51	0.03641	0.01381	0.01883	0.01444	0.02071	0.01193	0.01193	0.03954	0.02322	0.66984	0.03201	0.02762	0.02009	0.01004	0.00816	0.00251	0.00690	0.00816	0.01004	0.01381
52	0.01127	0.00829	0.01055	0.00998	0.01199	0.00756	0.00749	0.01490	0.02246	0.03133	0.59440	0.06259	0.14285	0.01704	0.00957	0.00257	0.00386	0.01495	0.00877	0.00756
53	0.01532	0.01442	0.02434	0.69533	0.05589	0.01803	0.02253	0.02073	0.01622	0.02073	0.01442	0.02163	0.01082	0.00811	0.00811	0.00270	0.01082	0.00721	0.00361	0.00901
54	0.02293	0.01871	0.01878	0.01662	0.02138	0.07265	0.01296	0.04183	0.52445	0.10847	0.03125	0.02870	0.02306	0.01068	0.00817	0.00267	0.00714	0.00873	0.00814	0.01268
55	0.00989	0.00706	0.00942	0.01130	0.01177	0.00659	0.00753	0.01130	0.01554	0.02071	0.04472	0.70954	0.05367	0.02542	0.01036	0.00330	0.00471	0.02307	0.00753	0.00659
56	0.01232	0.00977	0.01445	0.01402	0.01530	0.01189	0.01105	0.01509	0.01297	0.01892	0.02042	0.03020	0.01914	0.05530	0.60461	0.01191	0.10244	0.00850	0.00425	0.00744
57	0.02018	0.01743	0.01835	0.01651	0.02110	0.02018	0.01284	0.04312	0.64956	0.03394	0.03303	0.03027	0.02477	0.01101	0.00826	0.00275	0.00642	0.00917	0.00826	0.01284
58	0.01683	0.01442	0.01683	0.01202	0.01923	0.01082	0.00961	0.02043	0.01683	0.02644	0.01442	0.01683	0.01202	0.00601	0.00601	0.00120	0.00601	0.00481	0.00481	0.76444
59	0.01562	0.01477	0.02466	0.63743	0.07529	0.01843	0.02237	0.02081	0.01610	0.02087	0.01425	0.02138	0.01088	0.00840	0.00908	0.00274	0.04696	0.00721	0.00362	0.00914
60	0.01900	0.07340	0.03896	0.05570	0.03487	0.05060	0.37878	0.02402	0.01733	0.02331	0.01490	0.02058	0.01211	0.01128	0.04785	0.00334	0.15154	0.00835	0.00394	0.01015
61	0.77215	0.01569	0.01193	0.01067	0.01569	0.01820	0.00879	0.02385	0.01381	0.03641	0.01130	0.01318	0.00879	0.00753	0.00502	0.00251	0.00628	0.00439	0.00502	0.00879
62	0.01775	0.01775	0.02485	0.02130	0.02130	0.02485	0.01775	0.01953	0.01243	0.01953	0.01065	0.01775	0.01065	0.01420	0.02663	0.00355	0.69998	0.00710	0.00355	0.00888
63	0.01598	0.01521	0.02610	0.60166	0.12184	0.01825	0.04426	0.02137	0.01657	0.02155	0.01458	0.02147	0.01109	0.00797	0.00816	0.00267	0.01079	0.00730	0.00367	0.00950
64	0.01148	0.00829	0.01085	0.01021	0.01212	0.00766	0.00766	0.01531	0.02297	0.03254	0.65994	0.06061	0.07656	0.01659	0.00957	0.00255	0.00383	0.01467	0.00893	0.00766
65	0.02092	0.01665	0.02060	0.20226	0.03090	0.01847	0.01536	0.10944	0.27487	0.07589	0.02379	0.02466	0.01762	0.00936	0.00791	0.00249	0.00793	0.00778	0.00665	0.10647
66	0.05696	0.58521	0.13466	0.01510	0.02270	0.02947	0.01603	0.02448	0.01645	0.02090	0.01177	0.01364	0.01031	0.00708	0.00557	0.00190	0.00905	0.00459	0.00354	0.01057
67	0.00989	0.00706	0.00942	0.01130	0.01177	0.00659	0.00753	0.01130	0.01554	0.02071	0.04472	0.70954	0.05367	0.02542	0.01036	0.00330	0.00471	0.02307	0.00753	0.00659
68	0.01948	0.05270	0.09604	0.03021	0.03770	0.02158	0.45885	0.05728	0.01914	0.02630	0.01558	0.02054	0.01196	0.00786	0.01100	0.00275	0.08723	0.00867	0.00417	0.01094
69	0.02019	0.49746	0.13812	0.01656	0.02314	0.02883	0.01704	0.02373	0.01592	0.02020	0.01169	0.01444	0.01043	0.00826	0.00915	0.00217	0.12374	0.00506	0.00348	0.01041
70	0.00989	0.00706	0.00942	0.01130	0.01177	0.00659	0.00753	0.01130	0.01554	0.02071	0.04472	0.70954	0.05367	0.02542	0.01036	0.00330	0.00471	0.02307	0.00753	0.00659
71	0.01825	0.01980	0.04081	0.20339	0.09089	0.01980	0.43493	0.02458	0.01836	0.02469	0.01583	0.02169	0.01197	0.00719	0.00909	0.00270	0.01266	0.00880	0.00397	0.01059
72	0.02137	0.01943	0.02400	0.01929	0.02506	0.06853	0.12345	0.06167	0.33591	0.05729	0.02491	0.02486	0.01875	0.00917	0.00805	0.00243	0.00840	0.00813	0.00673	0.13257
73	0.68209	0.01554	0.01340	0.09214	0.02048	0.01818	0.01042	0.02348	0.01410	0.03454	0.01167	0.01419	0.00903	0.00760	0.00539	0.00253	0.00682	0.00473	0.00485	0.00881
74	0.12336	0.01498	0.01860	0.01444	0.02059	0.01408	0.01193	0.10133	0.02369	0.52856	0.02821	0.02503	0.01807	0.00971	0.00778	0.00250	0.00705	0.00762	0.00924	0.01321
75	0.02107	0.02050	0.04281	0.06142	0.06477	0.01934	0.50993	0.02733	0.01948	0.10240	0.01814	0.02249	0.01319	0.00729	0.00928	0.00270	0.01259	0.00921	0.00479	0.01128
76	0.01159	0.00869	0.01304	0.01304	0.01449	0.01014	0.01014	0.01449	0.01304	0.01884	0.02173	0.03188	0.02029	0.06086	0.68268	0.01304	0.02173	0.00869	0.00435	0.00724
77	0.01148	0.00829	0.01085	0.01021	0.01212	0.00766	0.00766	0.01531	0.02297	0.03254	0.65994	0.06061	0.07656	0.01659	0.00957	0.00255	0.00383	0.01467	0.00893	0.00766
78	0.03641	0.01381	0.01883	0.01444	0.02071	0.01193	0.01193	0.03954	0.02322	0.66984	0.03201	0.02762	0.02009	0.01004	0.00816	0.00251	0.00690	0.00816	0.01004	0.01381
79	0.03448	0.01424	0.01877	0.01468	0.02076	0.01291	0.01204	0.03997	0.09775	0.59417	0.03213	0.02793	0.02064	0.01016	0.00817	0.00254	0.00685	0.00828	0.00983	0.01369
80	0.77215	0.01569	0.01193	0.01067	0.01569	0.01820	0.00879	0.02385	0.01381	0.03641	0.01130	0.01318	0.00879	0.00753	0.00502	0.00251	0.00628	0.00439	0.00502	0.00879
81	0.01242	0.00846	0.00976	0.00949	0.00999	0.00852	0.00578	0.03411	0.01409	0.01907	0.10072	0.05215	0.03426	0.58633	0.05679	0.00721	0.00786	0.01189	0.00549	0.00563
82	0.01627	0.04197	0.67279	0.02313	0.03512	0.01884	0.02998	0.02570	0.01713	0.02570	0.01456	0.01713	0.01028	0.00771	0.00771	0.00257	0.01199	0.00600	0.00343	0.01199
83	0.01720	0.01634	0.02772	0.44111	0.29546	0.01852	0.02347	0.02237	0.01711	0.02301	0.01475	0.02102	0.01162	0.00776	0.00808	0.00259	0.01035	0.00722	0.00377	0.01053
84	0.01180	0.00787	0.00885	0.00885	0.00885	0.00787	0.00492	0.01180	0.01180	0.01573	0.02557	0.05310	0.02950	0.71483	0.04130	0.00787	0.00787	0.01180	0.00492	0.00492
85	0.02008	0.01928	0.03294	0.04981	0.66422	0.01928	0.02490	0.02490	0.01848	0.02651	0.01526	0.02008	0.01285	0.00723	0.00803	0.00241	0.00964	0.00723	0.00402	0.01285
86	0.01972	0.01891	0.03229	0.09847	0.61836	0.01919	0.02472	0.02459	0.01831	0.02607	0.01520	0.02020	0.01270	0.00730	0.00804	0.00243	0.00973	0.00723	0.00399	0.01256
87	0.00999	0.00725	0.00946	0.01119	0.01190	0.00672	0.00764	0.01155	0.01590	0.02096	0.04772	0.63311	0.10313	0.02490	0.01033	0.00327	0.00477	0.04602	0.00753	0.00665
88	0.02207	0.69016	0.04167	0.01419	0.02101	0.06032	0.01396	0.02465	0.01677	0.01912	0.01134	0.01309	0.01041	0.00700	0.00530	0.00175	0.00894	0.00438	0.00350	0.01037
89	0.01159	0.00869	0.01304	0.01304	0.01449	0.01014	0.01014	0.01449	0.01304	0.01884	0.02173	0.03188	0.02029	0.06086	0.68268	0.01304	0.02173	0.00869	0.00435	0.00724
90	0.01015	0.00727	0.00942	0.01087	0.01151	0.00679	0.00726	0.01165	0.01588	0.02119	0.08898	0.57869	0.07958	0.08415	0.01294	0.00361	0.00489	0.02123	0.00741	0.00653
91	0.02794	0.03220	0.02296	0.02027	0.02427	0.45974	0.01564	0.10786	0.08106	0.02504	0.01506	0.01705	0.01221	0.00948	0.00983	0.00237	0.09575	0.00608	0.00497	0.01021
92	0.02163	0.01370	0.01634	0.01395	0.01844	0.01363	0.01103	0.06239	0.20616	0.18650	0.17104	0.06662	0.03542	0.01251	0.00849	0.00253	0.00601	0.03420	0.00840	0.09099
93	0.71597	0.01560	0.01285	0.06149	0.01868	0.01819	0.00981	0.02362	0.01399	0.03524	0.01153	0.01381	0.00894	0.00758	0.00525	0.00253	0.00661	0.00460	0.00492	0.00880
94	0.02111	0.01195	0.01501	0.01359	0.01704	0.01168	0.01057	0.09698	0.06875	0.21048	0.12319	0.24374	0.03995	0.01667	0.00927	0.00286	0.00606	0.06237	0.00856	0.01017
95	0.01952	0.01870	0.03191	0.12662	0.59183	0.01913	0.02462	0.02441	0.01821	0.02582	0.01516	0.02027	0.01261	0.00733	0.00804	0.00244	0.00978	0.00723	0.00397	0.01240
96	0.01832	0.01748	0.02974	0.28936	0.43846	0.01881	0.02402	0.02335	0.01764	0.02437	0.01495	0.02066	0.01210	0.00756	0.00806	0.00252	0.01008	0.00722	0.00386	0.01143
97	0.05925	0.01799	0.03104	0.04327	0.03066	0.01676	0.28618	0.02559	0.04574	0.07935	0.01724	0.02052	0.01311	0.00740	0.00869	0.00226	0.03738	0.00752	0.00500	0.24504
98	0.04913	0.01729	0.09422	0.01315	0.02043	0.01185	0.01185	0.02082	0.01719	0.02724	0.06297	0.02001	0.01654	0.00708	0.00644	0.00152	0.00657	0.00567	0.00496	0.58506
99	0.12072	0.01267	0.01598	0.01529	0.06546	0.01231	0.01100	0.02764	0.06815	0.25858	0.22426	0.07144	0.03776	0.01242	0.00830	0.00258	0.00592	0.01049	0.00832	0.01072
100	0.14188	0.01574	0.01646	0.06489	0.02100	0.06985	0.01155	0.04972	0.09694	0.18581	0.08116	0.05778	0.04304	0.01075	0.00759	0.00244	0.00708	0.00859	0.04672	0.06101
101	0.01653	0.01492	0.02375	0.54030	0.07599	0.01808	0.02097	0.06697	0.01824	0.02388	0.04375	0.02547	0.01526	0.00927	0.00887	0.00273	0.03214	0.02911	0.00433	0.00943

[dist]
# distance from previous block
# <min> <max>
3	6

[block]
# block no. 1 follows, 23 sequences, length 113
# corresponding to MSA columns:
# 128-240
name=unknown_B
#
# <colnr> <probs for GDERKNQSTAVLIFYWHMCP>
#	G	D	E	R	K	N	Q	S	T	A	V	L	I	F	Y	W	H	M	C	P
0	0.02636	0.01187	0.01580	0.01292	0.01748	0.01063	0.01035	0.03053	0.04750	0.40435	0.26925	0.04019	0.04160	0.01255	0.00870	0.00254	0.00572	0.01066	0.00955	0.01145
1	0.01915	0.01859	0.03247	0.16640	0.50736	0.01914	0.06948	0.02422	0.01812	0.02542	0.01519	0.02050	0.01244	0.00736	0.00816	0.00249	0.01015	0.00740	0.00395	0.01201
2	0.10106	0.01086	0.01265	0.01159	0.01485	0.01048	0.00895	0.02102	0.07195	0.10432	0.25776	0.13462	0.09755	0.01531	0.00870	0.00262	0.00513	0.03811	0.00790	0.06458
3	0.01321	0.01109	0.01191	0.01123	0.01422	0.03271	0.00836	0.03742	0.07491	0.02571	0.14030	0.20790	0.25128	0.01767	0.00907	0.00262	0.00518	0.01518	0.00736	0.10269
4	0.01939	0.01919	0.03504	0.02599	0.03218	0.01926	0.35359	0.10660	0.02056	0.02855	0.04931	0.02353	0.01626	0.01288	0.06661	0.00349	0.08082	0.00881	0.00492	0.07300
5	0.01562	0.01473	0.02488	0.65473	0.09415	0.01811	0.02268	0.02099	0.01637	0.02110	0.01448	0.02154	0.01094	0.00806	0.00811	0.00269	0.01074	0.00721	0.00363	0.00926
6	0.01674	0.01400	0.01635	0.01228	0.01867	0.01106	0.00967	0.05113	0.01777	0.02705	0.01820	0.09736	0.01694	0.00845	0.00662	0.00151	0.00601	0.00706	0.00529	0.63783
7	0.02908	0.03483	0.02480	0.02151	0.02601	0.53553	0.05468	0.09980	0.02397	0.02377	0.01348	0.01578	0.01096	0.00870	0.00845	0.00224	0.04602	0.00582	0.00459	0.00998
8	0.01148	0.00829	0.01085	0.01021	0.01212	0.00766	0.00766	0.01531	0.02297	0.03254	0.65994	0.06061	0.07656	0.01659	0.00957	0.00255	0.00383	0.01467	0.00893	0.00766
9	0.03017	0.02239	0.02397	0.01853	0.02491	0.02485	0.01526	0.59980	0.07660	0.05006	0.02033	0.02016	0.01449	0.00982	0.00813	0.00246	0.00877	0.00742	0.00813	0.01374
10	0.03641	0.01381	0.01883	0.01444	0.02071	0.01193	0.01193	0.03954	0.02322	0.66984	0.03201	0.02762	0.02009	0.01004	0.00816	0.00251	0.00690	0.00816	0.01004	0.01381
11	0.01973	0.01892	0.03230	0.09745	0.61931	0.01919	0.02473	0.02459	0.01831	0.02608	0.01520	0.02020	0.01270	0.00729	0.00804	0.00243	0.00973	0.00723	0.00399	0.01257
12	0.01409	0.00705	0.01057	0.01057	0.01057	0.00705	0.00705	0.01057	0.01057	0.01409	0.01409	0.02467	0.01409	0.02819	0.03171	0.76392	0.00705	0.00705	0.00352	0.00352
13	0.01553	0.01464	0.02471	0.66701	0.08258	0.01808	0.02264	0.02091	0.01632	0.02099	0.01446	0.02157	0.01091	0.00807	0.00811	0.00269	0.01077	0.00721	0.00362	0.00918
14	0.01945	0.02031	0.07248	0.10083	0.57498	0.01915	0.02503	0.02461	0.01821	0.02599	0.01515	0.02002	0.01252	0.00733	0.00802	0.00244	0.00988	0.00715	0.00395	0.01249
15	0.01549	0.00957	0.01171	0.01092	0.01254	0.00967	0.00751	0.01869	0.06781	0.10154	0.11285	0.04624	0.03312	0.38696	0.11494	0.00674	0.00891	0.01111	0.00630	0.00736
16	0.00993	0.00823	0.00869	0.00858	0.01117	0.00700	0.00643	0.01231	0.01930	0.02384	0.18653	0.07493	0.55540	0.01983	0.00959	0.00271	0.00406	0.01668	0.00779	0.00700
17	0.01760	0.01551	0.01837	0.01431	0.01990	0.01477	0.01149	0.02453	0.13451	0.02676	0.01731	0.01949	0.01419	0.00823	0.00966	0.00186	0.11488	0.00598	0.00526	0.50538
18	0.01263	0.00841	0.01099	0.01124	0.01308	0.00776	0.00847	0.01553	0.01984	0.06711	0.30657	0.25371	0.11519	0.01989	0.00993	0.00294	0.00479	0.09602	0.00827	0.00763
19	0.01683	0.01442	0.01683	0.01202	0.01923	0.01082	0.00961	0.02043	0.01683	0.02644	0.01442	0.01683	0.01202	0.00601	0.00601	0.00120	0.00601	0.00481	0.00481	0.76444
20	0.01643	0.00882	0.00896	0.00848	0.01076	0.00902	0.00648	0.07019	0.01877	0.03198	0.02589	0.02936	0.02022	0.00948	0.00587	0.00194	0.00421	0.00754	0.69752	0.00808
21	0.00989	0.00823	0.00863	0.00853	0.01114	0.00698	0.00640	0.01222	0.01920	0.02358	0.17277	0.07535	0.56932	0.01993	0.00959	0.00271	0.00407	0.01674	0.00775	0.00698
22	0.00975	0.00814	0.00850	0.00859	0.01110	0.00689	0.00637	0.01189	0.01861	0.02262	0.12214	0.12243	0.57391	0.02061	0.00964	0.00277	0.00413	0.01737	0.00764	0.00689
23	0.01830	0.01867	0.02477	0.02129	0.02147	0.05364	0.01766	0.02009	0.01289	0.01954	0.01073	0.01762	0.01064	0.01395	0.02578	0.00349	0.66998	0.00702	0.00358	0.00890
24	0.01148	0.00829	0.01085	0.01021	0.01212	0.00766	0.00766	0.01531	0.02297	0.03254	0.65994	0.06061	0.07656	0.01659	0.00957	0.00255	0.00383	0.01467	0.00893	0.00766
25	0.01179	0.00788	0.00893	0.00890	0.00898	0.00786	0.00502	0.01194	0.01224	0.01639	0.05049	0.05340	0.03135	0.68740	0.04005	0.00766	0.00771	0.01191	0.00507	0.00502
26	0.01532	0.01442	0.02434	0.69533	0.05589	0.01803	0.02253	0.02073	0.01622	0.02073	0.01442	0.02163	0.01082	0.00811	0.00811	0.00270	0.01082	0.00721	0.00361	0.00901
27	0.03031	0.03867	0.02299	0.02090	0.02508	0.68226	0.01568	0.03240	0.02299	0.01986	0.01254	0.01463	0.01045	0.00836	0.00732	0.00209	0.01463	0.00523	0.00418	0.00941
28	0.73590	0.01695	0.04362	0.01127	0.01662	0.01823	0.00980	0.02394	0.01397	0.03589	0.01145	0.01337	0.00886	0.00754	0.00515	0.00251	0.00655	0.00447	0.00495	0.00894
29	0.02169	0.71972	0.04252	0.01388	0.02083	0.03211	0.01388	0.02430	0.01649	0.01909	0.01128	0.01302	0.01041	0.00694	0.00521	0.00174	0.00868	0.00434	0.00347	0.01041
30	0.01003	0.00742	0.00938	0.01061	0.01167	0.00677	0.00730	0.01186	0.01699	0.02240	0.12766	0.51492	0.16641	0.02345	0.01012	0.00310	0.00449	0.02095	0.00771	0.00677
31	0.01043	0.00779	0.01090	0.07932	0.01616	0.00773	0.00902	0.01224	0.01560	0.02072	0.04171	0.64113	0.04941	0.02370	0.01013	0.00324	0.00532	0.02149	0.00714	0.00683
32	0.02079	0.01198	0.01277	0.01096	0.01438	0.01247	0.00867	0.18154	0.02298	0.08290	0.02506	0.02725	0.01892	0.00957	0.00649	0.00208	0.00535	0.00754	0.50863	0.00965
33	0.01893	0.01475	0.01725	0.01271	0.01948	0.01192	0.01016	0.07434	0.01900	0.06876	0.01742	0.05095	0.01468	0.00752	0.00653	0.00149	0.00625	0.00611	0.00555	0.61620
34	0.02049	0.01431	0.01720	0.01247	0.01951	0.01102	0.01005	0.02401	0.01802	0.14681	0.01771	0.01885	0.01353	0.00676	0.00641	0.00145	0.00618	0.00543	0.00579	0.62400
35	0.01178	0.00803	0.00972	0.01032	0.01074	0.00797	0.00680	0.01267	0.01360	0.01801	0.03144	0.15003	0.03602	0.49104	0.03144	0.00647	0.00736	0.12518	0.00575	0.00562
36	0.01532	0.01442	0.02434	0.69533	0.05589	0.01803	0.02253	0.02073	0.01622	0.02073	0.01442	0.02163	0.01082	0.00811	0.00811	0.00270	0.01082	0.00721	0.00361	0.00901
37	0.01128	0.00765	0.00900	0.00951	0.00964	0.00752	0.00562	0.01166	0.01281	0.01708	0.03075	0.23073	0.03604	0.52828	0.03293	0.00663	0.00701	0.01485	0.00562	0.00537
38	0.00961	0.00813	0.00831	0.00845	0.01102	0.00683	0.00627	0.01162	0.01828	0.02183	0.07943	0.12470	0.61610	0.02091	0.00965	0.00278	0.00415	0.01756	0.00753	0.00683
39	0.00969	0.00818	0.00839	0.00843	0.01105	0.00688	0.00629	0.01180	0.01859	0.02237	0.10778	0.10208	0.60970	0.02056	0.00962	0.00275	0.00412	0.01724	0.00760	0.00688
40	0.01683	0.01442	0.01683	0.01202	0.01923	0.01082	0.00961	0.02043	0.01683	0.02644	0.01442	0.01683	0.01202	0.00601	0.00601	0.00120	0.00601	0.00481	0.00481	0.76444
41	0.01572	0.01483	0.02505	0.64178	0.10635	0.01813	0.02273	0.02108	0.01641	0.02121	0.01449	0.02150	0.01099	0.00804	0.00811	0.00268	0.01072	0.00721	0.00364	0.00933
42	0.02866	0.02441	0.02335	0.01889	0.02441	0.13333	0.01524	0.42613	0.11605	0.04205	0.01969	0.02003	0.01455	0.00991	0.00895	0.00248	0.04474	0.00720	0.00725	0.01269
43	0.01254	0.00866	0.01207	0.01363	0.01507	0.00855	0.01123	0.01515	0.01754	0.02306	0.07123	0.19176	0.04617	0.02323	0.01302	0.07920	0.00676	0.41705	0.00716	0.00693
44	0.01700	0.01826	0.03790	0.11951	0.03882	0.01772	0.44117	0.02268	0.01812	0.02435	0.02115	0.14336	0.01942	0.01030	0.00952	0.00283	0.01171	0.01164	0.00464	0.00991
45	0.01867	0.01992	0.03895	0.11304	0.15724	0.02063	0.35835	0.02422	0.01770	0.02452	0.01512	0.02092	0.01199	0.00814	0.01161	0.00279	0.11297	0.00850	0.00395	0.01077
46	0.04898	0.56822	0.03782	0.01509	0.02145	0.15327	0.01405	0.02580	0.01761	0.01983	0.01152	0.01332	0.01036	0.00723	0.00559	0.00183	0.00971	0.00451	0.00366	0.01017
47	0.01024	0.00706	0.00951	0.01124	0.01167	0.00663	0.00749	0.01124	0.01512	0.02016	0.04218	0.65273	0.05038	0.02565	0.01213	0.06639	0.00490	0.02174	0.00720	0.00634
48	0.10527	0.17096	0.47310	0.01988	0.03007	0.02135	0.02438	0.02521	0.01662	0.02566	0.01354	0.01587	0.01013	0.00754	0.00691	0.00240	0.01068	0.00549	0.00362	0.01131
49	0.02012	0.02196	0.04593	0.03291	0.04098	0.02091	0.58337	0.07669	0.02073	0.02808	0.01667	0.02169	0.01244	0.00708	0.00945	0.00271	0.01329	0.00939	0.00444	0.01118
50	0.00986	0.00823	0.00860	0.00851	0.01113	0.00697	0.00638	0.01217	0.01914	0.02345	0.16548	0.07557	0.57669	0.01998	0.00959	0.00271	0.00407	0.01677	0.00774	0.00697
51	0.00989	0.00706	0.00942	0.01130	0.01177	0.00659	0.00753	0.01130	0.01554	0.02071	0.04472	0.70954	0.05367	0.02542	0.01036	0.00330	0.00471	0.02307	0.00753	0.00659
52	0.18544	0.01943	0.02016	0.04991	0.02336	0.02181	0.01354	0.38810	0.08128	0.04375	0.01906	0.01983	0.01394	0.00928	0.00732	0.00246	0.00793	0.00685	0.05453	0.01203
53	0.01040	0.00743	0.00998	0.01170	0.01245	0.00701	0.00826	0.01227	0.01641	0.02192	0.08319	0.58852	0.05420	0.02448	0.01042	0.00331	0.00501	0.09866	0.00761	0.00677
54	0.01041	0.00807	0.00948	0.00951	0.01156	0.00714	0.00699	0.01309	0.01986	0.02606	0.31190	0.16995	0.32745	0.01970	0.00970	0.00275	0.00409	0.01706	0.00810	0.00714
55	0.02285	0.01875	0.01985	0.01705	0.02212	0.02143	0.01349	0.19162	0.49672	0.03824	0.02964	0.02758	0.02203	0.01069	0.00822	0.00267	0.00705	0.00871	0.00822	0.01308
56	0.01693	0.12442	0.59612	0.02200	0.03338	0.02046	0.02802	0.02553	0.01705	0.02489	0.01416	0.01663	0.01030	0.00762	0.00740	0.00247	0.01159	0.00579	0.00343	0.01180
57	0.01969	0.01888	0.03222	0.10335	0.61375	0.01918	0.02471	0.02456	0.01829	0.02603	0.01519	0.02021	0.01268	0.00730	0.00804	0.00243	0.00974	0.00723	0.00398	0.01253
58	0.02133	0.01101	0.01435	0.01224	0.01596	0.01016	0.00962	0.02632	0.06931	0.26811	0.38165	0.04618	0.05187	0.01376	0.00895	0.00255	0.00516	0.01186	0.00929	0.01031
59	0.04940	0.07306	0.02221	0.01717	0.02224	0.11751	0.01424	0.33938	0.02894	0.03774	0.02233	0.03208	0.01939	0.01162	0.00815	0.00255	0.00915	0.11939	0.04218	0.01127
60	0.00989	0.00706	0.00942	0.01130	0.01177	0.00659	0.00753	0.01130	0.01554	0.02071	0.04472	0.70954	0.05367	0.02542	0.01036	0.00330	0.00471	0.02307	0.00753	0.00659
61	0.01532	0.01442	0.02434	0.69533	0.05589	0.01803	0.02253	0.02073	0.01622	0.02073	0.01442	0.02163	0.01082	0.00811	0.00811	0.00270	0.01082	0.00721	0.00361	0.00901
62	0.02055	0.01761	0.01856	0.01659	0.02124	0.02036	0.01293	0.06380	0.62827	0.03454	0.03255	0.02990	0.02439	0.01096	0.00825	0.00274	0.00651	0.00911	0.00825	0.01288
63	0.77215	0.01569	0.01193	0.01067	0.01569	0.01820	0.00879	0.02385	0.01381	0.03641	0.01130	0.01318	0.00879	0.00753	0.00502	0.00251	0.00628	0.00439	0.00502	0.00879
64	0.03641	0.01381	0.01883	0.01444	0.02071	0.01193	0.01193	0.03954	0.02322	0.66984	0.03201	0.02762	0.02009	0.01004	0.00816	0.00251	0.00690	0.00816	0.01004	0.01381
65	0.01148	0.00829	0.01085	0.01021	0.01212	0.00766	0.00766	0.01531	0.02297	0.03254	0.65994	0.06061	0.07656	0.01659	0.00957	0.00255	0.00383	0.01467	0.00893	0.00766
66	0.01532	0.01442	0.02434	0.69533	0.05589	0.01803	0.02253	0.02073	0.01622	0.02073	0.01442	0.02163	0.01082	0.00811	0.00811	0.00270	0.01082	0.00721	0.00361	0.00901
67	0.01532	0.01442	0.02434	0.69533	0.05589	0.01803	0.02253	0.02073	0.01622	0.02073	0.01442	0.02163	0.01082	0.00811	0.00811	0.00270	0.01082	0.00721	0.00361	0.00901
68	0.00989	0.00706	0.00942	0.01130	0.01177	0.00659	0.00753	0.01130	0.01554	0.02071	0.04472	0.70954	0.05367	0.02542	0.01036	0.00330	0.00471	0.02307	0.00753	0.00659
69	0.01494	0.00762	0.00784	0.00784	0.00971	0.00770	0.00590	0.01868	0.01681	0.02966	0.02623	0.03034	0.02077	0.01210	0.04053	0.00246	0.00471	0.00762	0.72098	0.00755
70	0.02535	0.02000	0.02126	0.01756	0.02307	0.02260	0.01409	0.33090	0.35337	0.04227	0.02646	0.02505	0.01946	0.01039	0.00819	0.00260	0.00764	0.00827	0.00819	0.01331
71	0.00996	0.00712	0.00948	0.01125	0.01178	0.00664	0.00754	0.01147	0.01586	0.02123	0.07172	0.68107	0.05467	0.02503	0.01032	0.00326	0.00467	0.02270	0.00759	0.00664
72	0.05651	0.20503	0.48587	0.02024	0.03065	0.02203	0.02498	0.02526	0.01680	0.02465	0.01360	0.01593	0.01023	0.00751	0.00696	0.00236	0.01089	0.00551	0.00352	0.01144
73	0.77215	0.01569	0.01193	0.01067	0.01569	0.01820	0.00879	0.02385	0.01381	0.03641	0.01130	0.01318	0.00879	0.00753	0.00502	0.00251	0.00628	0.00439	0.00502	0.00879
74	0.11970	0.06898	0.01444	0.01112	0.01432	0.01163	0.00873	0.02004	0.01986	0.12099	0.32135	0.09787	0.07426	0.05006	0.01006	0.00281	0.00529	0.01211	0.00773	0.00866
75	0.06114	0.01743	0.01857	0.01607	0.02110	0.01951	0.01268	0.09761	0.48192	0.08817	0.02981	0.02762	0.02202	0.01043	0.00798	0.00263	0.00668	0.00850	0.00809	0.04205
76	0.01136	0.00820	0.01073	0.01030	0.01209	0.00757	0.00765	0.01499	0.02237	0.03159	0.61076	0.11248	0.07473	0.01729	0.00963	0.00261	0.00390	0.01535	0.00882	0.00757
77	0.02853	0.02050	0.02236	0.01772	0.02364	0.02262	0.01446	0.45561	0.15047	0.09441	0.02307	0.02261	0.01659	0.01199	0.03440	0.00291	0.00880	0.00778	0.00815	0.01337
78	0.03085	0.02273	0.02435	0.01867	0.02516	0.02516	0.01542	0.63716	0.03815	0.05114	0.01948	0.01948	0.01380	0.00974	0.00812	0.00244	0.00893	0.00731	0.00812	0.01380
79	0.09371	0.01351	0.01731	0.01374	0.01932	0.01237	0.01122	0.03561	0.05432	0.51084	0.10332	0.03039	0.02595	0.01064	0.00807	0.00253	0.00647	0.00866	0.00941	0.01263
80	0.27303	0.11076	0.22679	0.01622	0.02373	0.05357	0.01702	0.05014	0.01788	0.09593	0.03633	0.01779	0.01315	0.00820	0.00661	0.00241	0.00890	0.00578	0.00505	0.01071
81	0.01653	0.07371	0.64328	0.02269	0.03445	0.01947	0.02923	0.02563	0.01710	0.02539	0.01441	0.01694	0.01029	0.00767	0.00759	0.00253	0.01184	0.00592	0.00343	0.01192
82	0.00989	0.00706	0.00942	0.01130	0.01177	0.00659	0.00753	0.01130	0.01554	0.02071	0.04472	0.70954	0.05367	0.02542	0.01036	0.00330	0.00471	0.02307	0.00753	0.00659
83	0.05437	0.03528	0.51943	0.02161	0.03179	0.01755	0.06402	0.02436	0.01780	0.02709	0.09310	0.02252	0.01840	0.00873	0.00792	0.00257	0.01081	0.00720	0.00422	0.01124
84	0.02600	0.02223	0.02150	0.01796	0.02333	0.10031	0.01430	0.29935	0.31074	0.03974	0.02474	0.02375	0.01833	0.01015	0.00809	0.00254	0.00848	0.00790	0.00772	0.01285
85	0.77215	0.01569	0.01193	0.01067	0.01569	0.01820	0.00879	0.02385	0.01381	0.03641	0.01130	0.01318	0.00879	0.00753	0.00502	0.00251	0.00628	0.00439	0.00502	0.00879
86	0.01784	0.01834	0.03364	0.11673	0.03439	0.02066	0.29097	0.02251	0.01628	0.02339	0.01495	0.02108	0.01220	0.00975	0.01494	0.00295	0.24857	0.00825	0.06286	0.00971
87	0.01604	0.00974	0.01106	0.01036	0.01262	0.01040	0.00795	0.09417	0.01841	0.02933	0.02439	0.03041	0.02022	0.05602	0.17498	0.00500	0.00905	0.00801	0.44371	0.00813
88	0.01160	0.00865	0.01283	0.01283	0.01421	0.01003	0.00988	0.01436	0.01298	0.01868	0.02193	0.03294	0.02075	0.09354	0.65063	0.01278	0.02104	0.00885	0.00438	0.00713
89	0.01148	0.00829	0.01085	0.01021	0.01212	0.00766	0.00766	0.01531	0.02297	0.03254	0.65994	0.06061	0.07656	0.01659	0.00957	0.00255	0.00383	0.01467	0.00893	0.00766
90	0.03641	0.01381	0.01883	0.01444	0.02071	0.01193	0.01193	0.03954	0.02322	0.66984	0.03201	0.02762	0.02009	0.01004	0.00816	0.00251	0.00690	0.00816	0.01004	0.01381
91	0.01148	0.00829	0.01085	0.01021	0.01212	0.00766	0.00766	0.01531	0.02297	0.03254	0.65994	0.06061	0.07656	0.01659	0.00957	0.00255	0.00383	0.01467	0.00893	0.00766
92	0.77215	0.01569	0.01193	0.01067	0.01569	0.01820	0.00879	0.02385	0.01381	0.03641	0.01130	0.01318	0.00879	0.00753	0.00502	0.00251	0.00628	0.00439	0.00502	0.00879
93	0.02266	0.01752	0.01889	0.01649	0.02140	0.01979	0.01297	0.09204	0.53751	0.09764	0.03180	0.02912	0.02340	0.01081	0.00824	0.00270	0.00668	0.00892	0.00842	0.01302
94	0.01627	0.04197	0.67279	0.02313	0.03512	0.01884	0.02998	0.02570	0.01713	0.02570	0.01456	0.01713	0.01028	0.00771	0.00771	0.00257	0.01199	0.00600	0.00343	0.01199
95	0.01666	0.01579	0.02675	0.51403	0.22674	0.01838	0.02320	0.02190	0.01686	0.02235	0.01466	0.02120	0.01139	0.00786	0.00809	0.00262	0.01049	0.00722	0.00372	0.01009
96	0.01173	0.00784	0.00887	0.00895	0.00896	0.00782	0.00502	0.01178	0.01195	0.01593	0.02631	0.07861	0.03044	0.68804	0.04010	0.00769	0.00774	0.01224	0.00502	0.00498
97	0.02008	0.01928	0.03294	0.04981	0.66422	0.01928	0.02490	0.02490	0.01848	0.02651	0.01526	0.02008	0.01285	0.00723	0.00803	0.00241	0.00964	0.00723	0.00402	0.01285
98	0.02008	0.01928	0.03294	0.04981	0.66422	0.01928	0.02490	0.02490	0.01848	0.02651	0.01526	0.02008	0.01285	0.00723	0.00803	0.00241	0.00964	0.00723	0.00402	0.01285
99	0.00989	0.00706	0.00942	0.01130	0.01177	0.00659	0.00753	0.01130	0.01554	0.02071	0.04472	0.70954	0.05367	0.02542	0.01036	0.00330	0.00471	0.02307	0.00753	0.00659
100	0.01683	0.01442	0.01683	0.01202	0.01923	0.01082	0.00961	0.02043	0.01683	0.02644	0.01442	0.01683	0.01202	0.00601	0.00601	0.00120	0.00601	0.00481	0.00481	0.76444
101	0.01159	0.00869	0.01304	0.01304	0.01449	0.01014	0.01014	0.01449	0.01304	0.01884	0.02173	0.03188	0.02029	0.06086	0.68268	0.01304	0.02173	0.00869	0.00435	0.00724
102	0.01200	0.01173	0.07830	0.01180	0.01469	0.00885	0.01020	0.01631	0.02190	0.03101	0.54142	0.07997	0.06749	0.01629	0.00949	0.00264	0.00488	0.04471	0.00825	0.00805
103	0.01754	0.04020	0.63166	0.02258	0.03421	0.01841	0.02884	0.02657	0.01751	0.06621	0.01566	0.01779	0.01090	0.00786	0.00774	0.00257	0.01167	0.00613	0.00384	0.01211
104	0.01011	0.00729	0.00962	0.01141	0.01210	0.00681	0.00787	0.01172	0.01592	0.02104	0.04650	0.63176	0.08408	0.02495	0.01038	0.00330	0.00488	0.06606	0.00753	0.00667
105	0.01007	0.00710	0.00943	0.01116	0.01169	0.00662	0.00746	0.01128	0.01540	0.02044	0.04452	0.65674	0.07175	0.02539	0.01133	0.03889	0.00480	0.02212	0.00734	0.00646
106	0.01309	0.03632	0.01227	0.01086	0.01292	0.00864	0.00814	0.01628	0.02105	0.06942	0.45595	0.20329	0.06524	0.01779	0.00949	0.00269	0.00441	0.01576	0.00847	0.00791
107	0.02691	0.05815	0.02551	0.01857	0.02513	0.08416	0.06002	0.39164	0.03033	0.04021	0.01726	0.01839	0.01288	0.00857	0.00762	0.00216	0.00927	0.00667	0.00661	0.14992
108	0.02008	0.01928	0.03294	0.04981	0.66422	0.01928	0.02490	0.02490	0.01848	0.02651	0.01526	0.02008	0.01285	0.00723	0.00803	0.00241	0.00964	0.00723	0.00402	0.01285
109	0.06578	0.04160	0.01942	0.01441	0.02053	0.01361	0.01194	0.03856	0.07061	0.56891	0.03041	0.02664	0.01959	0.00989	0.00792	0.00250	0.00691	0.00793	0.00944	0.01339
110	0.02337	0.01636	0.01984	0.01592	0.02181	0.01628	0.04303	0.06428	0.29247	0.17226	0.02666	0.02538	0.01940	0.00927	0.00773	0.00229	0.00691	0.00779	0.00757	0.20140
111	0.21295	0.03222	0.44534	0.01890	0.02811	0.01766	0.02259	0.02402	0.01613	0.02808	0.01621	0.07354	0.01349	0.00913	0.00723	0.00261	0.00990	0.00699	0.00418	0.01071
112	0.08412	0.01597	0.02256	0.46178	0.04363	0.05169	0.01929	0.02382	0.01691	0.10229	0.01592	0.02097	0.01176	0.00882	0.00935	0.00270	0.06730	0.00698	0.00455	0.00960

[dist]
# distance from previous block
# <min> <max>
10	25

[block]
# block no. 2 follows, 23 sequences, length 15
# corresponding to MSA columns:
# 267-281
name=unknown_C
#
# <colnr> <probs for GDERKNQSTAVLIFYWHMCP>
#	G	D	E	R	K	N	Q	S	T	A	V	L	I	F	Y	W	H	M	C	P
0	0.38567	0.01525	0.01273	0.03671	0.01615	0.08439	0.00902	0.02073	0.01583	0.02902	0.11339	0.02950	0.02383	0.16187	0.01391	0.00364	0.00730	0.00775	0.00545	0.00785
1	0.01703	0.01461	0.01692	0.01229	0.01934	0.01139	0.00981	0.02182	0.05556	0.02690	0.01556	0.01765	0.01280	0.00632	0.00615	0.00130	0.00603	0.00507	0.00502	0.71843
2	0.01839	0.03231	0.38231	0.02735	0.03751	0.01923	0.28152	0.02645	0.01825	0.05509	0.01613	0.01959	0.01157	0.00745	0.00851	0.00264	0.01247	0.00759	0.00401	0.01164
3	0.02169	0.71972	0.04252	0.01388	0.02083	0.03211	0.01388	0.02430	0.01649	0.01909	0.01128	0.01302	0.01041	0.00694	0.00521	0.00174	0.00868	0.00434	0.00347	0.01041
4	0.10230	0.01969	0.03205	0.10936	0.03462	0.02006	0.27376	0.17262	0.02256	0.03259	0.01615	0.01980	0.01207	0.00769	0.00817	0.00247	0.01056	0.00767	0.00519	0.09063
5	0.01444	0.01259	0.01639	0.01532	0.01654	0.04804	0.01219	0.01705	0.01364	0.01982	0.01858	0.02707	0.01721	0.04220	0.42650	0.00919	0.20391	0.00801	0.05349	0.00782
6	0.03085	0.02273	0.02435	0.01867	0.02516	0.02516	0.01542	0.63716	0.03815	0.05114	0.01948	0.01948	0.01380	0.00974	0.00812	0.00244	0.00893	0.00731	0.00812	0.01380
7	0.02169	0.71972	0.04252	0.01388	0.02083	0.03211	0.01388	0.02430	0.01649	0.01909	0.01128	0.01302	0.01041	0.00694	0.00521	0.00174	0.00868	0.00434	0.00347	0.01041
8	0.02934	0.02183	0.02354	0.01795	0.02452	0.02362	0.01480	0.57079	0.03586	0.04848	0.01894	0.01920	0.01361	0.00934	0.00789	0.00230	0.00861	0.00704	0.00776	0.09459
9	0.11399	0.01437	0.01804	0.01424	0.02021	0.01341	0.01168	0.03821	0.08382	0.53911	0.02988	0.02633	0.01933	0.00987	0.00783	0.00253	0.00679	0.00785	0.00933	0.01317
10	0.01062	0.00784	0.01020	0.01137	0.01256	0.00704	0.00775	0.01226	0.01567	0.02132	0.04153	0.63648	0.04927	0.02337	0.00990	0.00307	0.00484	0.02114	0.00724	0.08652
11	0.01103	0.00841	0.01140	0.01271	0.01327	0.00879	0.00916	0.01271	0.01552	0.02094	0.04096	0.57578	0.04845	0.02394	0.01216	0.00337	0.07831	0.07908	0.00711	0.00692
12	0.02182	0.35155	0.10117	0.01700	0.02269	0.18067	0.01592	0.02498	0.01799	0.02073	0.04330	0.01877	0.03612	0.00908	0.00872	0.00218	0.08743	0.00594	0.00403	0.00993
13	0.03085	0.02273	0.02435	0.01867	0.02516	0.02516	0.01542	0.63716	0.03815	0.05114	0.01948	0.01948	0.01380	0.00974	0.00812	0.00244	0.00893	0.00731	0.00812	0.01380
14	0.01760	0.01516	0.01798	0.01326	0.01972	0.01290	0.01070	0.05051	0.01744	0.02697	0.01430	0.01705	0.01197	0.00700	0.00814	0.00149	0.07442	0.00516	0.00485	0.65339

[dist]
# distance from previous block
# <min> <max>
0	1

[block]
# block no. 3 follows, 23 sequences, length 18
# corresponding to MSA columns:
# 283-300
name=unknown_D
#
# <colnr> <probs for GDERKNQSTAVLIFYWHMCP>
#	G	D	E	R	K	N	Q	S	T	A	V	L	I	F	Y	W	H	M	C	P
0	0.01668	0.09249	0.62582	0.02244	0.03405	0.01983	0.02878	0.02559	0.01708	0.02520	0.01432	0.01682	0.01029	0.00765	0.00752	0.00251	0.01174	0.00587	0.00343	0.01187
1	0.07732	0.01954	0.02232	0.13741	0.02890	0.02196	0.01561	0.43664	0.03082	0.04235	0.02001	0.07371	0.01606	0.01053	0.00808	0.00256	0.00875	0.00833	0.00706	0.01204
2	0.02109	0.64457	0.11241	0.01491	0.02241	0.03064	0.01567	0.02445	0.01656	0.01982	0.01164	0.01347	0.01040	0.00703	0.00548	0.00183	0.00905	0.00452	0.00347	0.01059
3	0.60456	0.07542	0.06391	0.01240	0.01819	0.01986	0.01122	0.06611	0.01594	0.03522	0.01210	0.01389	0.00937	0.00765	0.00545	0.00245	0.00707	0.00471	0.00499	0.00950
4	0.01532	0.01442	0.02434	0.69533	0.05589	0.01803	0.02253	0.02073	0.01622	0.02073	0.01442	0.02163	0.01082	0.00811	0.00811	0.00270	0.01082	0.00721	0.00361	0.00901
5	0.01654	0.01508	0.02434	0.64210	0.05347	0.01859	0.02198	0.06922	0.01795	0.02312	0.01482	0.02146	0.01105	0.00824	0.00811	0.00268	0.01067	0.00722	0.00396	0.00939
6	0.01120	0.00828	0.01045	0.00991	0.01195	0.00754	0.00743	0.01476	0.02230	0.03095	0.57329	0.06323	0.16421	0.01718	0.00957	0.00258	0.00387	0.01504	0.00872	0.00754
7	0.01912	0.01830	0.03120	0.18024	0.54130	0.01903	0.02442	0.02406	0.01802	0.02534	0.01509	0.02040	0.01244	0.00741	0.00805	0.00247	0.00988	0.00723	0.00393	0.01208
8	0.03085	0.02273	0.02435	0.01867	0.02516	0.02516	0.01542	0.63716	0.03815	0.05114	0.01948	0.01948	0.01380	0.00974	0.00812	0.00244	0.00893	0.00731	0.00812	0.01380
