[name]
unknown

[dist]
# distance from previous block
# <min> <max>
0	16

[block]
# block no. 0 follows, 24 sequences, length 23
# corresponding to MSA columns:
# 16-38
name=unknown_A
#
# <colnr> <probs for GDERKNQSTAVLIFYWHMCP>
#	G	D	E	R	K	N	Q	S	T	A	V	L	I	F	Y	W	H	M	C	P
0	0.01529	0.01254	0.01402	0.01287	0.01611	0.01350	0.00988	0.02817	0.33777	0.03160	0.30166	0.04595	0.10036	0.01383	0.00872	0.00261	0.00502	0.01187	0.00828	0.00993
1	0.02019	0.66477	0.03869	0.01310	0.01953	0.02927	0.01292	0.02269	0.01628	0.01889	0.01694	0.01815	0.06640	0.00792	0.00545	0.00178	0.00810	0.00531	0.00373	0.00988
2	0.01974	0.01767	0.01863	0.07504	0.02370	0.04824	0.01348	0.03982	0.57540	0.03148	0.02986	0.02821	0.02244	0.01041	0.00802	0.00266	0.00699	0.00864	0.00751	0.01209
3	0.01905	0.01825	0.03115	0.12952	0.59550	0.01869	0.02405	0.02383	0.01778	0.02521	0.01481	0.01981	0.01231	0.00717	0.00786	0.00239	0.00956	0.00706	0.00388	0.01210
4	0.01498	0.01409	0.02378	0.70226	0.05462	0.01762	0.02202	0.02026	0.01586	0.02026	0.01409	0.02114	0.01057	0.00793	0.00793	0.00264	0.01057	0.00705	0.00352	0.00881
5	0.01086	0.00809	0.01009	0.00959	0.01162	0.00733	0.00719	0.01426	0.02158	0.02975	0.55162	0.06261	0.19215	0.01698	0.00936	0.00253	0.00380	0.01481	0.00846	0.00733
6	0.01498	0.01409	0.02378	0.70226	0.05462	0.01762	0.02202	0.02026	0.01586	0.02026	0.01409	0.02114	0.01057	0.00793	0.00793	0.00264	0.01057	0.00705	0.00352	0.00881
7	0.73899	0.01524	0.01200	0.01062	0.01559	0.01747	0.00875	0.02410	0.01397	0.06875	0.01209	0.01361	0.00916	0.00749	0.00507	0.00245	0.00617	0.00448	0.00516	0.00884
8	0.01644	0.01409	0.01644	0.01175	0.01879	0.01057	0.00940	0.01997	0.01644	0.02584	0.01409	0.01644	0.01175	0.00587	0.00587	0.00117	0.00587	0.00470	0.00470	0.76979
9	0.01741	0.23631	0.49816	0.02003	0.03034	0.02211	0.02481	0.02472	0.01656	0.02327	0.01332	0.01560	0.01008	0.00732	0.00684	0.00228	0.01080	0.00540	0.00336	0.01128
10	0.01310	0.02024	0.25285	0.01489	0.02028	0.01182	0.01556	0.01932	0.04463	0.02832	0.34626	0.10609	0.04726	0.01369	0.00872	0.00258	0.00681	0.01185	0.00663	0.00911
11	0.02968	0.02198	0.02354	0.01815	0.02442	0.02438	0.01496	0.61879	0.06465	0.04923	0.01962	0.01950	0.01396	0.00957	0.00794	0.00239	0.00862	0.00722	0.00794	0.01344
12	0.01872	0.02139	0.04679	0.03342	0.04144	0.02005	0.64305	0.02540	0.01872	0.02540	0.01604	0.02139	0.01203	0.00668	0.00936	0.00267	0.01337	0.00936	0.00401	0.01070
13	0.02883	0.02095	0.02240	0.01732	0.02328	0.02312	0.01426	0.59188	0.03552	0.04823	0.01962	0.01994	0.01407	0.00950	0.00773	0.00233	0.00830	0.00716	0.07260	0.01297
14	0.01644	0.01409	0.01644	0.01175	0.01879	0.01057	0.00940	0.01997	0.01644	0.02584	0.01409	0.01644	0.01175	0.00587	0.00587	0.00117	0.00587	0.00470	0.00470	0.76979
15	0.01842	0.01358	0.01573	0.01413	0.01728	0.01450	0.01083	0.26434	0.04729	0.03334	0.08572	0.29957	0.03514	0.02048	0.06729	0.00362	0.00765	0.01404	0.00747	0.00960
16	0.01037	0.00791	0.01049	0.01167	0.01227	0.00802	0.00815	0.01191	0.01537	0.02067	0.06800	0.59503	0.08330	0.02330	0.01141	0.00318	0.06463	0.02056	0.00708	0.00669
17	0.01143	0.00764	0.00868	0.00879	0.00881	0.00762	0.00495	0.01150	0.01174	0.01565	0.02605	0.08973	0.03017	0.68164	0.03864	0.00743	0.00751	0.01216	0.00495	0.00490
18	0.08002	0.01023	0.01309	0.01232	0.01472	0.01010	0.04268	0.06722	0.01853	0.05130	0.13009	0.32522	0.09511	0.01826	0.00981	0.03290	0.00551	0.01544	0.03963	0.00781
19	0.04722	0.01349	0.01520	0.04973	0.01847	0.01388	0.01035	0.19436	0.02211	0.05211	0.02156	0.05392	0.01745	0.01220	0.04563	0.00265	0.00705	0.00751	0.26258	0.13255
20	0.05760	0.03867	0.02590	0.13049	0.29860	0.01691	0.03816	0.04478	0.01769	0.02618	0.01443	0.01843	0.01177	0.00694	0.00712	0.00206	0.00849	0.00624	0.00426	0.22529
21	0.01883	0.06643	0.07537	0.01380	0.02027	0.01445	0.01220	0.05146	0.07561	0.08248	0.04694	0.02239	0.03957	0.00825	0.00742	0.00182	0.03165	0.00645	0.00560	0.39902
22	0.03126	0.01537	0.02130	0.01805	0.06725	0.01447	0.04724	0.11366	0.05218	0.46418	0.05089	0.02644	0.02014	0.00969	0.00809	0.00246	0.00742	0.00815	0.00873	0.01302

[dist]
# distance from previous block
# <min> <max>
2	8

[block]
# block no. 1 follows, 24 sequences, length 126
# corresponding to MSA columns:
# 50-175
name=unknown_B
#
# <colnr> <probs for GDERKNQSTAVLIFYWHMCP>
#	G	D	E	R	K	N	Q	S	T	A	V	L	I	F	Y	W	H	M	C	P
0	0.38628	0.11940	0.13028	0.06584	0.05326	0.01988	0.01490	0.05323	0.01630	0.05828	0.01322	0.01532	0.01009	0.00754	0.00600	0.00236	0.00802	0.00517	0.00464	0.00998
1	0.11357	0.01440	0.01730	0.06085	0.04617	0.01292	0.01125	0.05245	0.01837	0.12964	0.05114	0.02047	0.01595	0.00757	0.00658	0.00180	0.00652	0.00603	0.00577	0.40123
2	0.01676	0.01482	0.02302	0.57247	0.04825	0.01798	0.02030	0.10506	0.01874	0.02431	0.01633	0.05752	0.01318	0.00904	0.00804	0.00264	0.01000	0.00788	0.00433	0.00932
3	0.02583	0.02190	0.17505	0.05435	0.02717	0.01651	0.06291	0.15618	0.02363	0.26878	0.06828	0.02457	0.01906	0.00935	0.00806	0.00248	0.00878	0.00782	0.00709	0.01220
4	0.01972	0.54558	0.03658	0.14374	0.02673	0.02744	0.01490	0.02284	0.01609	0.01942	0.01180	0.01455	0.01035	0.00694	0.00568	0.00184	0.00871	0.00480	0.00350	0.05880
5	0.53288	0.06467	0.01953	0.05837	0.02195	0.01864	0.09639	0.02325	0.01469	0.03153	0.01208	0.01475	0.00946	0.00719	0.00577	0.00238	0.00755	0.00518	0.00458	0.04916
6	0.16156	0.01485	0.02114	0.48028	0.04292	0.01774	0.01834	0.06481	0.01732	0.06747	0.01496	0.01981	0.01098	0.00805	0.00736	0.00258	0.00936	0.00659	0.00449	0.00939
7	0.06612	0.05536	0.03613	0.12030	0.03644	0.01845	0.39632	0.02304	0.01836	0.02586	0.10408	0.02551	0.02008	0.00821	0.00865	0.00258	0.01094	0.00912	0.00461	0.00983
8	0.01498	0.01409	0.02378	0.70226	0.05462	0.01762	0.02202	0.02026	0.01586	0.02026	0.01409	0.02114	0.01057	0.00793	0.00793	0.00264	0.01057	0.00705	0.00352	0.00881
9	0.37449	0.35920	0.02671	0.01234	0.01822	0.02470	0.01132	0.05464	0.01595	0.02812	0.01143	0.01311	0.00960	0.00719	0.00515	0.00208	0.00740	0.00441	0.00433	0.00960
10	0.02080	0.02405	0.03906	0.03013	0.06975	0.15374	0.44101	0.02623	0.01928	0.02425	0.01509	0.01954	0.01168	0.00695	0.00860	0.00243	0.01283	0.00806	0.00407	0.06245
11	0.20834	0.01052	0.01173	0.01067	0.01374	0.01054	0.00827	0.01973	0.01971	0.11151	0.38007	0.08847	0.04970	0.01377	0.00811	0.00253	0.00478	0.01157	0.00780	0.00843
12	0.02061	0.65015	0.11235	0.01457	0.02190	0.02994	0.01531	0.02390	0.01618	0.01937	0.01138	0.01317	0.01016	0.00687	0.00536	0.00179	0.00884	0.00442	0.00339	0.01035
13	0.01103	0.00810	0.01033	0.00977	0.01173	0.00740	0.00733	0.01458	0.02198	0.03069	0.60478	0.06106	0.13840	0.01663	0.00935	0.00251	0.00377	0.01460	0.00858	0.00740
14	0.01498	0.01409	0.02378	0.70226	0.05462	0.01762	0.02202	0.02026	0.01586	0.02026	0.01409	0.02114	0.01057	0.00793	0.00793	0.00264	0.01057	0.00705	0.00352	0.00881
15	0.01742	0.01467	0.01697	0.01221	0.01921	0.01157	0.00980	0.06468	0.01793	0.02757	0.01445	0.01663	0.01187	0.00613	0.00602	0.00126	0.00608	0.00487	0.00493	0.71573
16	0.01091	0.00796	0.01026	0.00997	0.01173	0.00731	0.00737	0.01426	0.02130	0.02974	0.55439	0.13733	0.11285	0.01749	0.00944	0.00259	0.00386	0.01547	0.00848	0.00731
17	0.01153	0.00769	0.00865	0.00865	0.00865	0.00769	0.00480	0.01153	0.01153	0.01538	0.02499	0.05189	0.02883	0.72131	0.04036	0.00769	0.00769	0.01153	0.00480	0.00480
18	0.02295	0.01070	0.01436	0.01197	0.01589	0.00949	0.00949	0.02637	0.02257	0.34274	0.36114	0.04370	0.04824	0.01313	0.00869	0.00247	0.00519	0.01127	0.00925	0.01038
19	0.01498	0.01409	0.02378	0.70226	0.05462	0.01762	0.02202	0.02026	0.01586	0.02026	0.01409	0.02114	0.01057	0.00793	0.00793	0.00264	0.01057	0.00705	0.00352	0.00881
20	0.01478	0.00739	0.00739	0.00739	0.00924	0.00739	0.00554	0.01848	0.01663	0.02956	0.02587	0.02956	0.02033	0.00924	0.00554	0.00185	0.00370	0.00739	0.76534	0.00739
21	0.77733	0.01534	0.01166	0.01043	0.01534	0.01779	0.00859	0.02331	0.01350	0.03558	0.01104	0.01288	0.00859	0.00736	0.00491	0.00245	0.00613	0.00429	0.00491	0.00859
22	0.00966	0.00690	0.00920	0.01104	0.01150	0.00644	0.00736	0.01104	0.01518	0.02024	0.04371	0.71614	0.05245	0.02484	0.01012	0.00322	0.00460	0.02254	0.00736	0.00644
23	0.01217	0.01013	0.01098	0.01037	0.01252	0.05403	0.00777	0.01551	0.02171	0.02921	0.52413	0.05903	0.17016	0.01631	0.00921	0.00249	0.00451	0.01411	0.00818	0.00747
24	0.03014	0.02221	0.02380	0.01825	0.02459	0.02459	0.01507	0.64541	0.03728	0.04998	0.01904	0.01904	0.01349	0.00952	0.00793	0.00238	0.00873	0.00714	0.00793	0.01349
25	0.01872	0.02139	0.04679	0.03342	0.04144	0.02005	0.64305	0.02540	0.01872	0.02540	0.01604	0.02139	0.01203	0.00668	0.00936	0.00267	0.01337	0.00936	0.00401	0.01070
26	0.03558	0.01350	0.01840	0.01411	0.02024	0.01166	0.01166	0.03865	0.02270	0.67734	0.03128	0.02699	0.01963	0.00981	0.00797	0.00245	0.00675	0.00797	0.00981	0.01350
27	0.02006	0.01966	0.03177	0.04745	0.64390	0.04780	0.02395	0.02465	0.01825	0.02563	0.01480	0.01940	0.01246	0.00711	0.00782	0.00234	0.00963	0.00698	0.00393	0.01242
28	0.77733	0.01534	0.01166	0.01043	0.01534	0.01779	0.00859	0.02331	0.01350	0.03558	0.01104	0.01288	0.00859	0.00736	0.00491	0.00245	0.00613	0.00429	0.00491	0.00859
29	0.03014	0.02221	0.02380	0.01825	0.02459	0.02459	0.01507	0.64541	0.03728	0.04998	0.01904	0.01904	0.01349	0.00952	0.00793	0.00238	0.00873	0.00714	0.00793	0.01349
30	0.03523	0.01406	0.01875	0.01437	0.02052	0.01249	0.01187	0.07769	0.02364	0.63697	0.03050	0.02648	0.01923	0.00980	0.00797	0.00245	0.00687	0.00792	0.00969	0.01349
31	0.01133	0.00850	0.01274	0.01274	0.01416	0.00991	0.00991	0.01416	0.01274	0.01841	0.02124	0.03115	0.01982	0.05947	0.68989	0.01274	0.02124	0.00850	0.00425	0.00708
32	0.00954	0.00786	0.00842	0.00883	0.01105	0.00673	0.00651	0.01149	0.01753	0.02128	0.07209	0.19800	0.53079	0.02105	0.00957	0.00281	0.00424	0.03819	0.00736	0.00667
33	0.01590	0.04102	0.68023	0.02260	0.03432	0.01842	0.02930	0.02511	0.01674	0.02511	0.01423	0.01674	0.01005	0.00753	0.00753	0.00251	0.01172	0.00586	0.00335	0.01172
34	0.03558	0.01350	0.01840	0.01411	0.02024	0.01166	0.01166	0.03865	0.02270	0.67734	0.03128	0.02699	0.01963	0.00981	0.00797	0.00245	0.00675	0.00797	0.00981	0.01350
35	0.74952	0.01529	0.01210	0.03566	0.01677	0.01778	0.00908	0.02320	0.01358	0.03502	0.01115	0.01318	0.00866	0.00738	0.00502	0.00246	0.00630	0.00439	0.00486	0.00860
36	0.02903	0.08666	0.02388	0.01987	0.02422	0.62158	0.01519	0.05022	0.02248	0.02031	0.01238	0.01433	0.01031	0.00811	0.00703	0.00203	0.01371	0.00511	0.00416	0.00940
37	0.01972	0.01703	0.01793	0.01614	0.02062	0.01972	0.01255	0.04214	0.65752	0.03317	0.03228	0.02959	0.02421	0.01076	0.00807	0.00269	0.00628	0.00897	0.00807	0.01255
38	0.01963	0.01884	0.03219	0.04867	0.67185	0.01884	0.02434	0.02434	0.01806	0.02591	0.01492	0.01963	0.01256	0.00707	0.00785	0.00236	0.00942	0.00707	0.00393	0.01256
39	0.00973	0.00739	0.00897	0.00997	0.01128	0.00663	0.00694	0.01155	0.01685	0.02179	0.11864	0.44365	0.25311	0.02244	0.00980	0.00297	0.00433	0.01984	0.00750	0.00663
40	0.01063	0.00823	0.00991	0.01086	0.01287	0.00751	0.00864	0.01311	0.01766	0.02205	0.06071	0.18642	0.34643	0.02151	0.01006	0.00311	0.00528	0.23081	0.00734	0.00687
41	0.01544	0.00803	0.00809	0.00786	0.00990	0.00813	0.00595	0.04533	0.01751	0.03044	0.02558	0.02911	0.02003	0.00925	0.00565	0.00187	0.00391	0.00738	0.73290	0.00765
42	0.02220	0.01455	0.01532	0.01263	0.01666	0.01570	0.01015	0.32133	0.02661	0.03942	0.02257	0.02448	0.01702	0.00937	0.00670	0.00210	0.00613	0.00727	0.39946	0.01034
43	0.01122	0.00811	0.01060	0.00998	0.01185	0.00748	0.00748	0.01496	0.02245	0.03180	0.66766	0.05923	0.07482	0.01621	0.00935	0.00249	0.00374	0.01434	0.00873	0.00748
44	0.01134	0.00844	0.01244	0.01244	0.01376	0.00975	0.00954	0.01397	0.01266	0.01819	0.02151	0.03267	0.02048	0.10791	0.64235	0.01237	0.02025	0.00872	0.00429	0.00691
45	0.77733	0.01534	0.01166	0.01043	0.01534	0.01779	0.00859	0.02331	0.01350	0.03558	0.01104	0.01288	0.00859	0.00736	0.00491	0.00245	0.00613	0.00429	0.00491	0.00859
46	0.01644	0.01409	0.01644	0.01175	0.01879	0.01057	0.00940	0.01997	0.01644	0.02584	0.01409	0.01644	0.01175	0.00587	0.00587	0.00117	0.00587	0.00470	0.00470	0.76979
47	0.01550	0.01463	0.02473	0.62860	0.12417	0.01776	0.02228	0.02072	0.01610	0.02090	0.01419	0.02097	0.01080	0.00783	0.00792	0.00261	0.01044	0.00705	0.00357	0.00923
48	0.01590	0.04102	0.68023	0.02260	0.03432	0.01842	0.02930	0.02511	0.01674	0.02511	0.01423	0.01674	0.01005	0.00753	0.00753	0.00251	0.01172	0.00586	0.00335	0.01172
49	0.01935	0.01531	0.01670	0.01493	0.01937	0.01676	0.01176	0.03619	0.47405	0.07824	0.03567	0.03643	0.07797	0.01189	0.00822	0.00264	0.00617	0.04997	0.00787	0.06051
50	0.01657	0.12649	0.60054	0.02147	0.03258	0.02003	0.02734	0.02494	0.01666	0.02431	0.01383	0.01624	0.01006	0.00744	0.00723	0.00241	0.01132	0.00566	0.00335	0.01153
51	0.01498	0.01409	0.02378	0.70226	0.05462	0.01762	0.02202	0.02026	0.01586	0.02026	0.01409	0.02114	0.01057	0.00793	0.00793	0.00264	0.01057	0.00705	0.00352	0.00881
52	0.01913	0.01833	0.03128	0.11896	0.60547	0.01871	0.02409	0.02390	0.01782	0.02530	0.01483	0.01979	0.01235	0.00716	0.00786	0.00239	0.00954	0.00706	0.00388	0.01216
53	0.02120	0.72609	0.04155	0.01357	0.02035	0.03138	0.01357	0.02374	0.01611	0.01866	0.01102	0.01272	0.01018	0.00678	0.00509	0.00170	0.00848	0.00424	0.00339	0.01018
54	0.01636	0.10033	0.62493	0.02182	0.03311	0.01954	0.02794	0.02499	0.01669	0.02455	0.01395	0.01639	0.01006	0.00747	0.00732	0.00244	0.01144	0.00572	0.00335	0.01159
55	0.02206	0.01597	0.01765	0.01548	0.02012	0.01771	0.01214	0.04017	0.51528	0.14520	0.06389	0.03062	0.02594	0.01087	0.00812	0.00264	0.00623	0.00906	0.00841	0.01246
56	0.12550	0.60322	0.03675	0.01339	0.01981	0.05351	0.01295	0.02397	0.01598	0.02101	0.01107	0.01280	0.00996	0.00691	0.00514	0.00181	0.00837	0.00428	0.00363	0.00992
57	0.01435	0.00938	0.01305	0.01427	0.01641	0.00921	0.01236	0.01796	0.01885	0.07209	0.08146	0.08293	0.04561	0.02065	0.01063	0.00349	0.00703	0.53492	0.00758	0.00777
58	0.02010	0.01878	0.03103	0.08850	0.58476	0.01918	0.02351	0.06953	0.01932	0.02731	0.01516	0.01968	0.01250	0.00730	0.00786	0.00238	0.00944	0.00707	0.00419	0.01239
59	0.02319	0.01619	0.01728	0.01416	0.01857	0.01774	0.01136	0.35403	0.08482	0.03996	0.02263	0.02471	0.01728	0.03348	0.02978	0.00273	0.00729	0.00756	0.24622	0.01101
60	0.77733	0.01534	0.01166	0.01043	0.01534	0.01779	0.00859	0.02331	0.01350	0.03558	0.01104	0.01288	0.00859	0.00736	0.00491	0.00245	0.00613	0.00429	0.00491	0.00859
61	0.01513	0.01425	0.02405	0.68121	0.07449	0.01766	0.02210	0.02039	0.01593	0.02044	0.01412	0.02109	0.01063	0.00790	0.00793	0.00263	0.01053	0.00705	0.00354	0.00893
62	0.00966	0.00690	0.00920	0.01104	0.01150	0.00644	0.00736	0.01104	0.01518	0.02024	0.04371	0.71614	0.05245	0.02484	0.01012	0.00322	0.00460	0.02254	0.00736	0.00644
63	0.01555	0.01251	0.01418	0.01328	0.01633	0.01349	0.01015	0.05353	0.30131	0.03094	0.23086	0.13647	0.06772	0.01505	0.00889	0.00272	0.00532	0.03377	0.00812	0.00979
64	0.01956	0.01302	0.01401	0.01263	0.01629	0.01421	0.00982	0.03285	0.34810	0.10078	0.02976	0.02930	0.02225	0.01008	0.00711	0.00235	0.00535	0.00827	0.29355	0.01071
65	0.02120	0.72609	0.04155	0.01357	0.02035	0.03138	0.01357	0.02374	0.01611	0.01866	0.01102	0.01272	0.01018	0.00678	0.00509	0.00170	0.00848	0.00424	0.00339	0.01018
66	0.01197	0.00846	0.01131	0.01256	0.01386	0.00833	0.01004	0.01464	0.01698	0.02246	0.09886	0.16575	0.04623	0.15217	0.01617	0.00423	0.00666	0.36560	0.00698	0.00674
67	0.01498	0.01409	0.02378	0.70226	0.05462	0.01762	0.02202	0.02026	0.01586	0.02026	0.01409	0.02114	0.01057	0.00793	0.00793	0.00264	0.01057	0.00705	0.00352	0.00881
68	0.01098	0.00745	0.00881	0.00936	0.00950	0.00732	0.00556	0.01139	0.01261	0.01682	0.03054	0.24898	0.03584	0.51467	0.03139	0.00636	0.00677	0.01480	0.00556	0.00529
69	0.03558	0.01350	0.01840	0.01411	0.02024	0.01166	0.01166	0.03865	0.02270	0.67734	0.03128	0.02699	0.01963	0.00981	0.00797	0.00245	0.00675	0.00797	0.00981	0.01350
70	0.01644	0.01409	0.01644	0.01175	0.01879	0.01057	0.00940	0.01997	0.01644	0.02584	0.01409	0.01644	0.01175	0.00587	0.00587	0.00117	0.00587	0.00470	0.00470	0.76979
71	0.01153	0.00769	0.00865	0.00865	0.00865	0.00769	0.00480	0.01153	0.01153	0.01538	0.02499	0.05189	0.02883	0.72131	0.04036	0.00769	0.00769	0.01153	0.00480	0.00480
72	0.03052	0.02162	0.02343	0.01796	0.02429	0.02371	0.01484	0.60387	0.03629	0.09292	0.01988	0.01958	0.01391	0.00954	0.00794	0.00238	0.00859	0.00720	0.00806	0.01349
73	0.01478	0.00739	0.00739	0.00739	0.00924	0.00739	0.00554	0.01848	0.01663	0.02956	0.02587	0.02956	0.02033	0.00924	0.00554	0.00185	0.00370	0.00739	0.76534	0.00739
74	0.06515	0.01421	0.01821	0.06286	0.02177	0.01296	0.04416	0.03916	0.01685	0.02616	0.04446	0.07387	0.01736	0.00876	0.00807	0.00185	0.05450	0.00714	0.00499	0.45751
75	0.01809	0.03111	0.36210	0.03160	0.26979	0.06722	0.02549	0.02487	0.01790	0.02528	0.04256	0.01947	0.01379	0.00778	0.00770	0.00242	0.01071	0.00662	0.00385	0.01166
76	0.01498	0.01409	0.02378	0.70226	0.05462	0.01762	0.02202	0.02026	0.01586	0.02026	0.01409	0.02114	0.01057	0.00793	0.00793	0.00264	0.01057	0.00705	0.00352	0.00881
77	0.74452	0.01503	0.01161	0.01041	0.01519	0.01735	0.00854	0.02295	0.01388	0.03542	0.03916	0.01487	0.01142	0.00774	0.00510	0.00246	0.00603	0.00472	0.00507	0.00854
78	0.03170	0.01842	0.02135	0.01633	0.02262	0.01888	0.01348	0.37885	0.03063	0.29685	0.02367	0.02207	0.01584	0.00948	0.00786	0.00236	0.00782	0.00736	0.00854	0.04588
79	0.01377	0.00689	0.01033	0.01033	0.01033	0.00689	0.00689	0.01033	0.01033	0.01377	0.01377	0.02410	0.01377	0.02755	0.03099	0.76928	0.00689	0.00689	0.00344	0.00344
80	0.00950	0.00804	0.00821	0.00817	0.01079	0.00675	0.00612	0.01163	0.01837	0.02213	0.12053	0.07515	0.62798	0.01982	0.00937	0.00267	0.00400	0.01657	0.00746	0.00675
81	0.01855	0.02086	0.04457	0.03184	0.03979	0.01936	0.59667	0.02500	0.01855	0.02543	0.01590	0.02103	0.01201	0.00663	0.00910	0.00256	0.01282	0.00902	0.00406	0.06625
82	0.72264	0.01584	0.01254	0.01100	0.01601	0.01829	0.00906	0.06884	0.01524	0.03663	0.01163	0.01333	0.00895	0.00752	0.00513	0.00245	0.00632	0.00450	0.00513	0.00895
83	0.03036	0.02287	0.02346	0.01820	0.02438	0.06950	0.01493	0.57504	0.03559	0.07721	0.01915	0.01909	0.01355	0.00944	0.00788	0.00236	0.00902	0.00704	0.00776	0.01319
84	0.06664	0.07885	0.28540	0.02640	0.03554	0.02009	0.32348	0.02504	0.01744	0.02546	0.01467	0.01845	0.01092	0.00706	0.00807	0.00253	0.01193	0.00733	0.00377	0.01091
85	0.01851	0.37789	0.36617	0.01816	0.02745	0.02479	0.02156	0.02444	0.01643	0.02194	0.01265	0.01476	0.01011	0.00717	0.00633	0.00211	0.01013	0.00506	0.00337	0.01096
86	0.01825	0.01743	0.02969	0.24260	0.48871	0.01848	0.02365	0.02313	0.01740	0.02423	0.01467	0.02008	0.01197	0.00732	0.00787	0.00244	0.00976	0.00706	0.00381	0.01145
87	0.02224	0.66437	0.03967	0.01386	0.02050	0.05532	0.01354	0.02479	0.01668	0.05164	0.01208	0.01349	0.01065	0.00699	0.00531	0.00175	0.00861	0.00446	0.00374	0.01031
88	0.01089	0.00785	0.00969	0.01078	0.01141	0.00774	0.00706	0.01345	0.06123	0.01990	0.03790	0.48947	0.04411	0.20879	0.01800	0.00437	0.00554	0.01862	0.00673	0.00645
89	0.02988	0.02093	0.02269	0.01747	0.02361	0.02290	0.01441	0.57393	0.03532	0.09501	0.02023	0.02008	0.01423	0.00953	0.00783	0.00236	0.00836	0.00721	0.04078	0.01322
90	0.01348	0.00962	0.01488	0.01412	0.01619	0.00903	0.08401	0.01645	0.03802	0.08088	0.06584	0.51975	0.04468	0.02048	0.00974	0.00304	0.00586	0.01885	0.00726	0.00783
91	0.16367	0.01174	0.01395	0.01386	0.01722	0.01215	0.01177	0.02369	0.07540	0.13394	0.03343	0.05917	0.03235	0.01614	0.00905	0.00314	0.00690	0.34607	0.00732	0.00903
92	0.00972	0.00695	0.00926	0.01100	0.01151	0.00648	0.00737	0.01119	0.01546	0.02069	0.06780	0.69077	0.05331	0.02451	0.01009	0.00319	0.00457	0.02223	0.00741	0.00648
93	0.01675	0.01390	0.02072	0.01787	0.02027	0.01568	0.09655	0.09106	0.01781	0.05489	0.02658	0.26561	0.02799	0.01835	0.04331	0.00351	0.19518	0.03925	0.00592	0.00883
94	0.01590	0.04102	0.68023	0.02260	0.03432	0.01842	0.02930	0.02511	0.01674	0.02511	0.01423	0.01674	0.01005	0.00753	0.00753	0.00251	0.01172	0.00586	0.00335	0.01172
95	0.06528	0.02125	0.02284	0.01758	0.02384	0.02333	0.01452	0.57207	0.03511	0.09522	0.01956	0.01933	0.01371	0.00944	0.00780	0.00239	0.00846	0.00707	0.00793	0.01326
96	0.00983	0.00702	0.00939	0.01123	0.01176	0.00658	0.00765	0.01133	0.01534	0.02043	0.04362	0.68308	0.05209	0.02469	0.01017	0.00324	0.00474	0.05398	0.00736	0.00649
97	0.01722	0.01854	0.03757	0.20292	0.04199	0.01902	0.41181	0.02296	0.01738	0.02342	0.01656	0.05582	0.01357	0.00837	0.01010	0.00274	0.05683	0.00927	0.00402	0.00987
98	0.01644	0.01409	0.01644	0.01175	0.01879	0.01057	0.00940	0.01997	0.01644	0.02584	0.01409	0.01644	0.01175	0.00587	0.00587	0.00117	0.00587	0.00470	0.00470	0.76979
99	0.33399	0.01424	0.01569	0.01263	0.01827	0.01412	0.01042	0.03248	0.01899	0.41916	0.02314	0.02131	0.01519	0.00883	0.00674	0.00245	0.00650	0.00649	0.00784	0.01152
100	0.01341	0.00854	0.01117	0.01039	0.01260	0.00779	0.00783	0.01686	0.02181	0.09311	0.54260	0.10376	0.08683	0.01634	0.00928	0.00255	0.00410	0.01439	0.00869	0.00796
101	0.01480	0.00788	0.00859	0.05825	0.01256	0.00814	0.00675	0.01861	0.01657	0.02888	0.02501	0.02895	0.01961	0.00914	0.00572	0.00191	0.00420	0.00737	0.70958	0.00749
102	0.00966	0.00690	0.00920	0.01104	0.01150	0.00644	0.00736	0.01104	0.01518	0.02024	0.04371	0.71614	0.05245	0.02484	0.01012	0.00322	0.00460	0.02254	0.00736	0.00644
103	0.01751	0.01782	0.02690	0.02228	0.02322	0.02380	0.09006	0.01982	0.01291	0.01982	0.01106	0.01782	0.01060	0.01304	0.02409	0.00338	0.62622	0.00722	0.00353	0.00891
104	0.01756	0.01673	0.02846	0.33896	0.39770	0.01830	0.02331	0.02253	0.01708	0.02340	0.01455	0.02030	0.01168	0.00745	0.00788	0.00248	0.00993	0.00706	0.00375	0.01089
105	0.01133	0.00850	0.01274	0.01274	0.01416	0.00991	0.00991	0.01416	0.01274	0.01841	0.02124	0.03115	0.01982	0.05947	0.68989	0.01274	0.02124	0.00850	0.00425	0.00708
106	0.01644	0.01409	0.01644	0.01175	0.01879	0.01057	0.00940	0.01997	0.01644	0.02584	0.01409	0.01644	0.01175	0.00587	0.00587	0.00117	0.00587	0.00470	0.00470	0.76979
107	0.01498	0.01409	0.02378	0.70226	0.05462	0.01762	0.02202	0.02026	0.01586	0.02026	0.01409	0.02114	0.01057	0.00793	0.00793	0.00264	0.01057	0.00705	0.00352	0.00881
108	0.03115	0.02061	0.02280	0.01748	0.02379	0.02221	0.01444	0.53360	0.03460	0.16558	0.02130	0.02050	0.01462	0.00957	0.00794	0.00239	0.00836	0.00729	0.00828	0.01349
109	0.01872	0.02139	0.04679	0.03342	0.04144	0.02005	0.64305	0.02540	0.01872	0.02540	0.01604	0.02139	0.01203	0.00668	0.00936	0.00267	0.01337	0.00936	0.00401	0.01070
110	0.00952	0.00804	0.00823	0.00819	0.01080	0.00676	0.00614	0.01166	0.01842	0.02223	0.12624	0.07498	0.62222	0.01978	0.00937	0.00266	0.00400	0.01655	0.00747	0.00676
111	0.01697	0.17886	0.55172	0.02078	0.03151	0.02102	0.02613	0.02484	0.01662	0.02381	0.01359	0.01593	0.01007	0.00738	0.00704	0.00235	0.01107	0.00553	0.00336	0.01141
112	0.01111	0.00810	0.01044	0.00985	0.01178	0.00743	0.00739	0.01474	0.02217	0.03115	0.63064	0.06031	0.11225	0.01646	0.00935	0.00251	0.00376	0.01449	0.00864	0.00743
113	0.02869	0.03331	0.02164	0.01920	0.02348	0.54013	0.01461	0.12553	0.02436	0.02482	0.01424	0.01608	0.01141	0.00845	0.00716	0.00208	0.01271	0.00558	0.05679	0.00973
114	0.01128	0.00814	0.01067	0.01013	0.01200	0.00754	0.00766	0.01501	0.02231	0.03153	0.64680	0.06024	0.07385	0.01640	0.00941	0.00253	0.00386	0.03449	0.00868	0.00748
115	0.01235	0.00883	0.01224	0.01375	0.01548	0.00872	0.01170	0.01585	0.01857	0.02451	0.12232	0.13144	0.04988	0.02139	0.01069	0.00347	0.00665	0.49741	0.00749	0.00726
116	0.01244	0.00838	0.01099	0.01018	0.01227	0.00769	0.00769	0.01615	0.02246	0.06409	0.63583	0.05762	0.07206	0.01589	0.00928	0.00249	0.00389	0.01402	0.00878	0.00778
117	0.00966	0.00690	0.00920	0.01104	0.01150	0.00644	0.00736	0.01104	0.01518	0.02024	0.04371	0.71614	0.05245	0.02484	0.01012	0.00322	0.00460	0.02254	0.00736	0.00644
118	0.01590	0.04102	0.68023	0.02260	0.03432	0.01842	0.02930	0.02511	0.01674	0.02511	0.01423	0.01674	0.01005	0.00753	0.00753	0.00251	0.01172	0.00586	0.00335	0.01172
119	0.02904	0.03570	0.02265	0.02030	0.02434	0.61069	0.01541	0.07305	0.02297	0.02148	0.01263	0.01478	0.01045	0.00855	0.00815	0.00214	0.04856	0.00534	0.00432	0.00946
120	0.05779	0.38559	0.03245	0.01549	0.02200	0.02780	0.01402	0.29735	0.02532	0.03317	0.01455	0.01551	0.01156	0.00801	0.00633	0.00203	0.00849	0.00552	0.00546	0.01156
121	0.77733	0.01534	0.01166	0.01043	0.01534	0.01779	0.00859	0.02331	0.01350	0.03558	0.01104	0.01288	0.00859	0.00736	0.00491	0.00245	0.00613	0.00429	0.00491	0.00859
122	0.07043	0.02212	0.02357	0.01845	0.02476	0.02352	0.01491	0.52594	0.03456	0.07160	0.02070	0.02174	0.01532	0.01055	0.00852	0.00270	0.00896	0.00750	0.00823	0.06592
123	0.01793	0.01076	0.01352	0.01217	0.01503	0.00957	0.00915	0.02071	0.02332	0.15195	0.50127	0.05553	0.09200	0.01635	0.00993	0.00289	0.00513	0.01366	0.00945	0.00970
124	0.01236	0.00916	0.01227	0.01337	0.01433	0.00835	0.03241	0.01328	0.01661	0.02241	0.04373	0.66731	0.05148	0.02498	0.01090	0.00356	0.00572	0.02213	0.00786	0.00778
125	0.06526	0.01563	0.01982	0.01562	0.02173	0.01398	0.01259	0.08027	0.02436	0.58761	0.03119	0.02853	0.02055	0.01107	0.00873	0.00284	0.00757	0.00839	0.01004	0.01423

[dist]
# distance from previous block
# <min> <max>
0	1

[block]
# block no. 2 follows, 24 sequences, length 43
# corresponding to MSA columns:
# 177-219
name=unknown_C
#
# <colnr> <probs for GDERKNQSTAVLIFYWHMCP>
#	G	D	E	R	K	N	Q	S	T	A	V	L	I	F	Y	W	H	M	C	P
0	0.03680	0.01476	0.01954	0.01529	0.02143	0.01269	0.01236	0.03924	0.02358	0.65832	0.03260	0.02926	0.02115	0.01100	0.00874	0.00279	0.00736	0.00851	0.01028	0.01429
1	0.01290	0.00953	0.01155	0.01096	0.01311	0.00852	0.00807	0.01570	0.02260	0.03139	0.55007	0.06336	0.17454	0.01785	0.01007	0.00286	0.00450	0.01508	0.00900	0.00834
2	0.02144	0.01819	0.01908	0.01726	0.02180	0.02051	0.01323	0.04262	0.63839	0.03447	0.03356	0.03177	0.02559	0.01191	0.00883	0.00302	0.00691	0.00947	0.00859	0.01338
3	0.01666	0.00885	0.00887	0.00879	0.01078	0.00856	0.00644	0.01970	0.01771	0.03097	0.02735	0.03175	0.02183	0.01044	0.00638	0.00221	0.00441	0.00794	0.74198	0.00838
4	0.03558	0.01350	0.01840	0.01411	0.02024	0.01166	0.01166	0.03865	0.02270	0.67734	0.03128	0.02699	0.01963	0.00981	0.00797	0.00245	0.00675	0.00797	0.00981	0.01350
5	0.03014	0.02221	0.02380	0.01825	0.02459	0.02459	0.01507	0.64541	0.03728	0.04998	0.01904	0.01904	0.01349	0.00952	0.00793	0.00238	0.00873	0.00714	0.00793	0.01349
6	0.01105	0.00789	0.01080	0.01263	0.01370	0.00764	0.00978	0.01344	0.01655	0.02180	0.04294	0.43669	0.04941	0.02353	0.01049	0.00341	0.00581	0.28827	0.00733	0.00682
7	0.03427	0.01379	0.01836	0.01428	0.02027	0.01232	0.01173	0.03893	0.07527	0.62400	0.03137	0.02721	0.02001	0.00989	0.00798	0.00247	0.00671	0.00806	0.00967	0.01342
8	0.00966	0.00690	0.00920	0.01104	0.01150	0.00644	0.00736	0.01104	0.01518	0.02024	0.04371	0.71614	0.05245	0.02484	0.01012	0.00322	0.00460	0.02254	0.00736	0.00644
9	0.03558	0.01350	0.01840	0.01411	0.02024	0.01166	0.01166	0.03865	0.02270	0.67734	0.03128	0.02699	0.01963	0.00981	0.00797	0.00245	0.00675	0.00797	0.00981	0.01350
10	0.02120	0.72609	0.04155	0.01357	0.02035	0.03138	0.01357	0.02374	0.01611	0.01866	0.01102	0.01272	0.01018	0.00678	0.00509	0.00170	0.00848	0.00424	0.00339	0.01018
11	0.07725	0.01360	0.01802	0.01390	0.01997	0.01200	0.01148	0.03778	0.02218	0.64129	0.03015	0.02620	0.01901	0.00968	0.00780	0.00245	0.00671	0.00777	0.00954	0.01322
12	0.77733	0.01534	0.01166	0.01043	0.01534	0.01779	0.00859	0.02331	0.01350	0.03558	0.01104	0.01288	0.00859	0.00736	0.00491	0.00245	0.00613	0.00429	0.00491	0.00859
13	0.00937	0.00803	0.00803	0.00803	0.01071	0.00669	0.00602	0.01138	0.01807	0.02142	0.08033	0.07632	0.66863	0.02008	0.00937	0.00268	0.00402	0.01674	0.00736	0.00669
14	0.01590	0.04102	0.68023	0.02260	0.03432	0.01842	0.02930	0.02511	0.01674	0.02511	0.01423	0.01674	0.01005	0.00753	0.00753	0.00251	0.01172	0.00586	0.00335	0.01172
15	0.01278	0.00913	0.01278	0.01460	0.01643	0.00913	0.01278	0.01643	0.01825	0.02373	0.04199	0.08945	0.04564	0.02191	0.01095	0.00365	0.00730	0.61847	0.00730	0.00730
16	0.01133	0.00850	0.01274	0.01274	0.01416	0.00991	0.00991	0.01416	0.01274	0.01841	0.02124	0.03115	0.01982	0.05947	0.68989	0.01274	0.02124	0.00850	0.00425	0.00708
17	0.02120	0.72609	0.04155	0.01357	0.02035	0.03138	0.01357	0.02374	0.01611	0.01866	0.01102	0.01272	0.01018	0.00678	0.00509	0.00170	0.00848	0.00424	0.00339	0.01018
18	0.01047	0.00756	0.01000	0.01125	0.01233	0.00710	0.00819	0.01272	0.01729	0.02321	0.17202	0.45079	0.08585	0.02239	0.01006	0.00312	0.00483	0.11639	0.00763	0.00680
19	0.01122	0.00811	0.01060	0.00998	0.01185	0.00748	0.00748	0.01496	0.02245	0.03180	0.66766	0.05923	0.07482	0.01621	0.00935	0.00249	0.00374	0.01434	0.00873	0.00748
20	0.00966	0.00690	0.00920	0.01104	0.01150	0.00644	0.00736	0.01104	0.01518	0.02024	0.04371	0.71614	0.05245	0.02484	0.01012	0.00322	0.00460	0.02254	0.00736	0.00644
21	0.77733	0.01534	0.01166	0.01043	0.01534	0.01779	0.00859	0.02331	0.01350	0.03558	0.01104	0.01288	0.00859	0.00736	0.00491	0.00245	0.00613	0.00429	0.00491	0.00859
22	0.01563	0.00821	0.00830	0.00799	0.01009	0.00834	0.00607	0.05323	0.01777	0.03070	0.02549	0.02898	0.01995	0.00925	0.00568	0.00188	0.00397	0.00738	0.72335	0.00773
23	0.03022	0.01921	0.02159	0.01687	0.02291	0.02050	0.01383	0.40433	0.11490	0.21506	0.02404	0.02255	0.01653	0.00976	0.00796	0.00244	0.00788	0.00760	0.00845	0.01337
24	0.00992	0.00752	0.00920	0.01024	0.01163	0.00680	0.00733	0.01186	0.01693	0.02182	0.10698	0.41258	0.25100	0.02240	0.00988	0.00302	0.00453	0.06224	0.00747	0.00667
25	0.01512	0.01414	0.02412	0.64798	0.05234	0.01733	0.04725	0.02041	0.01600	0.02083	0.01462	0.02147	0.01100	0.00793	0.00790	0.00261	0.01043	0.00716	0.03252	0.00883
26	0.01812	0.02028	0.04292	0.03118	0.03813	0.01968	0.55723	0.02411	0.01798	0.02460	0.01706	0.05821	0.01406	0.00825	0.01078	0.00277	0.07032	0.00986	0.00415	0.01030
27	0.02208	0.43610	0.08384	0.01570	0.02200	0.13709	0.01481	0.05654	0.07162	0.02255	0.04096	0.01693	0.01419	0.00793	0.00618	0.00197	0.00933	0.00546	0.00433	0.01038
28	0.70316	0.01555	0.01285	0.04962	0.01793	0.01806	0.00961	0.04923	0.01463	0.03532	0.01155	0.01360	0.00890	0.00748	0.00520	0.00246	0.00649	0.00457	0.00496	0.00881
29	0.12152	0.09690	0.05187	0.01567	0.02147	0.12478	0.01331	0.10304	0.11656	0.19744	0.02082	0.02025	0.01495	0.00876	0.00705	0.00229	0.00841	0.00648	0.00662	0.04179
30	0.02775	0.01981	0.02197	0.04910	0.02467	0.02187	0.01449	0.42261	0.16910	0.11023	0.02295	0.02225	0.01631	0.00974	0.00797	0.00247	0.00808	0.00762	0.00795	0.01307
31	0.01367	0.00998	0.01449	0.01308	0.01516	0.01072	0.06097	0.05047	0.01514	0.02235	0.02218	0.03277	0.02040	0.15125	0.35975	0.00844	0.01435	0.00878	0.14862	0.00742
32	0.01044	0.00751	0.00990	0.01051	0.01167	0.00696	0.00742	0.01301	0.01883	0.02604	0.35659	0.38673	0.06367	0.02051	0.00974	0.00286	0.00417	0.01843	0.00805	0.00696
33	0.01183	0.00817	0.01037	0.01001	0.01201	0.00741	0.00743	0.01495	0.02081	0.05766	0.46565	0.14989	0.15866	0.01768	0.00940	0.00262	0.00403	0.01553	0.00839	0.00749
34	0.02120	0.72609	0.04155	0.01357	0.02035	0.03138	0.01357	0.02374	0.01611	0.01866	0.01102	0.01272	0.01018	0.00678	0.00509	0.00170	0.00848	0.00424	0.00339	0.01018
35	0.01644	0.01409	0.01644	0.01175	0.01879	0.01057	0.00940	0.01997	0.01644	0.02584	0.01409	0.01644	0.01175	0.00587	0.00587	0.00117	0.00587	0.00470	0.00470	0.76979
36	0.02307	0.11768	0.02296	0.01641	0.02172	0.02255	0.01352	0.23510	0.34187	0.03626	0.02535	0.02602	0.01955	0.01021	0.00771	0.00249	0.00742	0.03043	0.00734	0.01233
37	0.01195	0.00871	0.01189	0.01192	0.01313	0.00960	0.00874	0.04151	0.01399	0.01952	0.02537	0.14109	0.02638	0.18189	0.42605	0.00981	0.01543	0.01121	0.00501	0.00682
38	0.02329	0.01374	0.01812	0.01519	0.01971	0.01325	0.04519	0.15412	0.02302	0.22852	0.05065	0.16572	0.02904	0.01407	0.00876	0.00268	0.00703	0.09608	0.00790	0.06393
39	0.01590	0.04102	0.68023	0.02260	0.03432	0.01842	0.02930	0.02511	0.01674	0.02511	0.01423	0.01674	0.01005	0.00753	0.00753	0.00251	0.01172	0.00586	0.00335	0.01172
40	0.01563	0.03752	0.59985	0.02198	0.03274	0.01758	0.05164	0.02428	0.01729	0.02568	0.06841	0.02044	0.01549	0.00822	0.00776	0.00252	0.01112	0.00670	0.00382	0.01133
41	0.02409	0.02710	0.02365	0.08393	0.02744	0.35993	0.09569	0.05417	0.09927	0.02423	0.01707	0.01952	0.01339	0.00844	0.00748	0.00225	0.01151	0.00663	0.08443	0.00975
42	0.36644	0.10901	0.01981	0.01395	0.01911	0.07004	0.01168	0.16059	0.02012	0.06847	0.01430	0.01589	0.01104	0.01006	0.03117	0.00272	0.03456	0.00542	0.00550	0.01012

[dist]
# distance from previous block
# <min> <max>
3	10

[block]
# block no. 3 follows, 24 sequences, length 59
# corresponding to MSA columns:
# 230-288
name=unknown_D
#
# <colnr> <probs for GDERKNQSTAVLIFYWHMCP>
#	G	D	E	R	K	N	Q	S	T	A	V	L	I	F	Y	W	H	M	C	P
0	0.04553	0.01921	0.03980	0.11803	0.03996	0.01873	0.49338	0.02365	0.01777	0.02456	0.01690	0.04643	0.01374	0.03353	0.01016	0.00286	0.01223	0.00941	0.00413	0.01001
1	0.77733	0.01534	0.01166	0.01043	0.01534	0.01779	0.00859	0.02331	0.01350	0.03558	0.01104	0.01288	0.00859	0.00736	0.00491	0.00245	0.00613	0.00429	0.00491	0.00859
2	0.36224	0.01609	0.01673	0.14748	0.02481	0.01849	0.01259	0.18204	0.02037	0.03570	0.01513	0.01770	0.01137	0.00821	0.00634	0.00241	0.00743	0.00586	0.07922	0.00977
3	0.01038	0.00745	0.00984	0.01055	0.01166	0.00692	0.00742	0.01284	0.01851	0.02554	0.32946	0.41530	0.06269	0.02089	0.00977	0.00289	0.00421	0.01879	0.00799	0.00692
4	0.02049	0.01686	0.01795	0.01604	0.02060	0.01933	0.01251	0.04197	0.62665	0.06450	0.03223	0.02946	0.02398	0.01071	0.00806	0.00268	0.00630	0.00892	0.00815	0.01260
5	0.01084	0.00781	0.01026	0.01024	0.01176	0.00723	0.00745	0.01400	0.02066	0.02895	0.51406	0.22095	0.06931	0.01834	0.00954	0.00267	0.00395	0.01636	0.00839	0.00723
6	0.03472	0.01487	0.01925	0.01476	0.02093	0.01369	0.01219	0.13416	0.02499	0.57858	0.02936	0.02574	0.01866	0.00977	0.00797	0.00244	0.00706	0.00784	0.00952	0.01349
7	0.01068	0.00733	0.00890	0.00974	0.00996	0.00712	0.00598	0.01131	0.01320	0.01760	0.03356	0.35610	0.03965	0.40235	0.02651	0.00564	0.00627	0.01657	0.00598	0.00555
8	0.00994	0.00710	0.00952	0.01136	0.01195	0.00668	0.00785	0.01153	0.01546	0.02056	0.04355	0.65955	0.05183	0.02458	0.01020	0.00326	0.00484	0.07636	0.00736	0.00652
9	0.01644	0.01409	0.01644	0.01175	0.01879	0.01057	0.00940	0.01997	0.01644	0.02584	0.01409	0.01644	0.01175	0.00587	0.00587	0.00117	0.00587	0.00470	0.00470	0.76979
10	0.02996	0.02765	0.02334	0.01901	0.02456	0.25677	0.01516	0.43109	0.03211	0.03930	0.01667	0.01738	0.01234	0.00905	0.00766	0.00226	0.01067	0.00643	0.00659	0.01199
11	0.01003	0.00714	0.00950	0.01125	0.01182	0.00674	0.00773	0.01155	0.01529	0.02033	0.04269	0.62894	0.05074	0.05667	0.01159	0.00347	0.00499	0.07585	0.00724	0.00644
12	0.02888	0.03656	0.02258	0.02045	0.02429	0.64927	0.01544	0.03090	0.02185	0.01939	0.01215	0.01448	0.01023	0.00852	0.00829	0.00213	0.05616	0.00522	0.00405	0.00916
13	0.01872	0.02139	0.04679	0.03342	0.04144	0.02005	0.64305	0.02540	0.01872	0.02540	0.01604	0.02139	0.01203	0.00668	0.00936	0.00267	0.01337	0.00936	0.00401	0.01070
14	0.01037	0.00807	0.00941	0.00908	0.01132	0.00712	0.00681	0.01331	0.02042	0.02700	0.39604	0.06713	0.34944	0.01800	0.00936	0.00258	0.00387	0.01545	0.00810	0.00712
15	0.03014	0.02221	0.02380	0.01825	0.02459	0.02459	0.01507	0.64541	0.03728	0.04998	0.01904	0.01904	0.01349	0.00952	0.00793	0.00238	0.00873	0.00714	0.00793	0.01349
16	0.77733	0.01534	0.01166	0.01043	0.01534	0.01779	0.00859	0.02331	0.01350	0.03558	0.01104	0.01288	0.00859	0.00736	0.00491	0.00245	0.00613	0.00429	0.00491	0.00859
17	0.00977	0.00698	0.00932	0.01116	0.01167	0.00653	0.00754	0.01122	0.01529	0.02036	0.04365	0.69490	0.05222	0.02474	0.01015	0.00324	0.00469	0.04274	0.00736	0.00647
18	0.01962	0.02253	0.04188	0.03073	0.03747	0.08551	0.51130	0.02529	0.01834	0.02410	0.01504	0.02024	0.01167	0.00764	0.01103	0.00270	0.09195	0.00867	0.00396	0.01032
19	0.03181	0.01953	0.02214	0.01697	0.02326	0.02062	0.01402	0.45899	0.03280	0.24272	0.02280	0.02148	0.01537	0.00961	0.00795	0.00240	0.00812	0.00740	0.00851	0.01349
20	0.02120	0.72609	0.04155	0.01357	0.02035	0.03138	0.01357	0.02374	0.01611	0.01866	0.01102	0.01272	0.01018	0.00678	0.00509	0.00170	0.00848	0.00424	0.00339	0.01018
21	0.77733	0.01534	0.01166	0.01043	0.01534	0.01779	0.00859	0.02331	0.01350	0.03558	0.01104	0.01288	0.00859	0.00736	0.00491	0.00245	0.00613	0.00429	0.00491	0.00859
22	0.01590	0.09188	0.56957	0.02075	0.03119	0.01845	0.02609	0.02409	0.01721	0.02521	0.07299	0.02026	0.01591	0.00826	0.00751	0.00245	0.01074	0.00650	0.00384	0.01122
23	0.01257	0.00898	0.01254	0.01436	0.01610	0.00895	0.01241	0.01607	0.01805	0.02350	0.04210	0.13151	0.04609	0.02210	0.01090	0.00362	0.00712	0.57848	0.00731	0.00724
24	0.07508	0.01836	0.07983	0.22711	0.03235	0.01844	0.01688	0.10291	0.20863	0.10689	0.02187	0.02309	0.01582	0.00910	0.00772	0.00258	0.00842	0.00743	0.00621	0.01127
25	0.01748	0.03740	0.57861	0.02301	0.03402	0.01811	0.08354	0.02605	0.01732	0.06891	0.01554	0.01785	0.01087	0.00761	0.00773	0.00252	0.01153	0.00632	0.00384	0.01175
26	0.01848	0.37389	0.36990	0.01821	0.02753	0.02471	0.02166	0.02445	0.01644	0.02198	0.01267	0.01479	0.01011	0.00717	0.00635	0.00212	0.01015	0.00507	0.00337	0.01097
27	0.02041	0.01713	0.01806	0.01589	0.02050	0.01951	0.01246	0.11903	0.53486	0.03461	0.03367	0.03124	0.06467	0.01120	0.00814	0.00265	0.00645	0.00923	0.00801	0.01229
28	0.00965	0.00695	0.00915	0.01092	0.01147	0.00645	0.00731	0.01106	0.01530	0.02029	0.04517	0.69057	0.07707	0.02465	0.01009	0.00320	0.00458	0.02231	0.00736	0.00645
29	0.02244	0.01674	0.01947	0.01866	0.07927	0.01835	0.01346	0.10333	0.40968	0.12047	0.06756	0.02900	0.02445	0.01049	0.00810	0.00258	0.00673	0.00879	0.00795	0.01247
30	0.13074	0.05116	0.08258	0.01442	0.02096	0.01408	0.01305	0.03459	0.02059	0.49761	0.02598	0.02344	0.01679	0.00912	0.00739	0.00242	0.00723	0.00710	0.00823	0.01252
31	0.43763	0.01449	0.01475	0.01211	0.01758	0.01498	0.00999	0.03033	0.01771	0.32949	0.02031	0.01934	0.01364	0.00848	0.00631	0.00245	0.00642	0.00598	0.00715	0.01084
32	0.01114	0.00815	0.01048	0.01003	0.01197	0.00749	0.00761	0.01472	0.02186	0.03050	0.58594	0.06219	0.12550	0.01683	0.00943	0.00257	0.00394	0.04372	0.00854	0.00740
33	0.01555	0.01475	0.02583	0.57470	0.08896	0.01748	0.07764	0.02057	0.01603	0.02081	0.01431	0.02119	0.01095	0.00855	0.00897	0.03327	0.01061	0.00725	0.00359	0.00899
34	0.02288	0.01633	0.01802	0.01573	0.02055	0.01812	0.01237	0.04144	0.53114	0.16141	0.03208	0.02907	0.02330	0.01057	0.00805	0.00264	0.00637	0.00877	0.00842	0.01274
35	0.01478	0.00739	0.00739	0.00739	0.00924	0.00739	0.00554	0.01848	0.01663	0.02956	0.02587	0.02956	0.02033	0.00924	0.00554	0.00185	0.00370	0.00739	0.76534	0.00739
36	0.01047	0.00836	0.00956	0.01007	0.01246	0.00745	0.00809	0.01305	0.01834	0.02261	0.09757	0.07936	0.45576	0.02043	0.00984	0.00296	0.00497	0.19433	0.00741	0.00691
37	0.01666	0.13908	0.58881	0.02131	0.03232	0.02027	0.02705	0.02492	0.01665	0.02419	0.01377	0.01617	0.01006	0.00743	0.00718	0.00239	0.01126	0.00563	0.00335	0.01150
38	0.72718	0.01580	0.01247	0.01095	0.01596	0.01825	0.00902	0.06506	0.01509	0.03654	0.01158	0.01330	0.00892	0.00751	0.00511	0.00245	0.00631	0.00448	0.00511	0.00892
39	0.01478	0.00739	0.00739	0.00739	0.00924	0.00739	0.00554	0.01848	0.01663	0.02956	0.02587	0.02956	0.02033	0.00924	0.00554	0.00185	0.00370	0.00739	0.76534	0.00739
40	0.01364	0.01194	0.01806	0.01618	0.01746	0.01478	0.05010	0.01616	0.01283	0.01882	0.01787	0.02780	0.01710	0.08950	0.39845	0.00893	0.23042	0.00829	0.00403	0.00763
41	0.01935	0.01855	0.03168	0.08818	0.63454	0.01877	0.02420	0.02409	0.01792	0.02557	0.01487	0.01972	0.01244	0.00712	0.00786	0.00237	0.00949	0.00706	0.00390	0.01233
42	0.00965	0.00695	0.00915	0.01092	0.01147	0.00645	0.00731	0.01106	0.01530	0.02029	0.04519	0.69024	0.07739	0.02465	0.01009	0.00320	0.00458	0.02231	0.00736	0.00645
43	0.01133	0.00850	0.01274	0.01274	0.01416	0.00991	0.00991	0.01416	0.01274	0.01841	0.02124	0.03115	0.01982	0.05947	0.68989	0.01274	0.02124	0.00850	0.00425	0.00708
44	0.01644	0.01409	0.01644	0.01175	0.01879	0.01057	0.00940	0.01997	0.01644	0.02584	0.01409	0.01644	0.01175	0.00587	0.00587	0.00117	0.00587	0.00470	0.00470	0.76979
45	0.01115	0.00805	0.01053	0.01003	0.01183	0.00743	0.00748	0.01478	0.02211	0.03126	0.63841	0.09003	0.07377	0.01662	0.00939	0.00253	0.00378	0.01473	0.00867	0.00743
46	0.00986	0.00800	0.00875	0.00868	0.01104	0.00688	0.00646	0.01228	0.01906	0.02403	0.22948	0.10314	0.48597	0.01932	0.00940	0.00266	0.00397	0.01640	0.00771	0.00688
