[name]
unknown

[dist]
# distance from previous block
# <min> <max>
5	29

[block]
# block no. 0 follows, 22 sequences, length 9
# corresponding to MSA columns:
# 37-45
name=unknown_A
#
# <colnr> <probs for GDERKNQSTAVLIFYWHMCP>
#	G	D	E	R	K	N	Q	S	T	A	V	L	I	F	Y	W	H	M	C	P
0	0.01701	0.01195	0.01405	0.01302	0.01613	0.01218	0.00976	0.02618	0.21217	0.08862	0.18468	0.18021	0.04341	0.05154	0.01076	0.00301	0.00556	0.01349	0.03517	0.05108
1	0.01161	0.00834	0.01024	0.01105	0.01206	0.00811	0.00745	0.01424	0.06074	0.02166	0.08010	0.38400	0.11262	0.14310	0.01745	0.05964	0.00557	0.01818	0.00708	0.00677
2	0.04612	0.01017	0.01326	0.01240	0.01529	0.00935	0.00938	0.02237	0.01992	0.22697	0.16735	0.26249	0.04572	0.05376	0.01122	0.00320	0.00572	0.04736	0.00859	0.00936
3	0.01067	0.00733	0.00965	0.01121	0.01159	0.00694	0.00735	0.01158	0.01507	0.02009	0.04113	0.57427	0.04900	0.11017	0.01607	0.05807	0.00539	0.02102	0.00709	0.00631
4	0.01081	0.00745	0.00955	0.01094	0.01155	0.00705	0.00726	0.01239	0.01603	0.02197	0.08344	0.53465	0.05131	0.11198	0.01432	0.00383	0.00512	0.02058	0.05310	0.00666
5	0.01987	0.01029	0.01352	0.01249	0.01579	0.00924	0.00986	0.02288	0.02106	0.23589	0.17969	0.16399	0.13057	0.01771	0.00970	0.00293	0.00569	0.10036	0.00887	0.00959
6	0.01287	0.00831	0.01117	0.01222	0.01360	0.00777	0.00897	0.01522	0.01822	0.06994	0.14232	0.45300	0.05510	0.02294	0.01045	0.00327	0.00529	0.11364	0.00812	0.00760
7	0.01967	0.01701	0.03000	0.04718	0.02887	0.01793	0.26333	0.05056	0.01873	0.06483	0.01943	0.02411	0.01506	0.00949	0.01181	0.00270	0.13770	0.00851	0.20295	0.01012
8	0.01461	0.00914	0.01045	0.01002	0.01125	0.00950	0.00681	0.05988	0.01573	0.02345	0.02492	0.04087	0.02447	0.33943	0.10447	0.04441	0.00856	0.00984	0.22547	0.00671

[dist]
# distance from previous block
# <min> <max>
1	16

[block]
# block no. 1 follows, 22 sequences, length 17
# corresponding to MSA columns:
# 62-78
name=unknown_B
#
# <colnr> <probs for GDERKNQSTAVLIFYWHMCP>
#	G	D	E	R	K	N	Q	S	T	A	V	L	I	F	Y	W	H	M	C	P
0	0.01582	0.01412	0.01564	0.01435	0.01666	0.04612	0.01100	0.02360	0.18219	0.02641	0.14833	0.07914	0.14323	0.08259	0.01575	0.00343	0.13330	0.01224	0.00699	0.00908
1	0.31349	0.06098	0.01577	0.05593	0.01838	0.01655	0.01019	0.09289	0.01793	0.03108	0.05767	0.11113	0.02330	0.12722	0.01288	0.00354	0.00714	0.00933	0.00587	0.00873
2	0.08357	0.05768	0.09026	0.02271	0.04342	0.13061	0.12103	0.07195	0.01867	0.02570	0.01445	0.02004	0.01242	0.05148	0.01513	0.00311	0.19594	0.00721	0.00441	0.01018
3	0.02209	0.02332	0.12871	0.03053	0.10216	0.01957	0.31918	0.02815	0.01930	0.13161	0.01853	0.02210	0.01353	0.00840	0.01071	0.00278	0.07386	0.00855	0.00505	0.01186
4	0.01760	0.02200	0.13242	0.02243	0.02504	0.02317	0.05863	0.02103	0.01413	0.02153	0.01376	0.05389	0.01324	0.01355	0.02206	0.00340	0.50055	0.00809	0.00386	0.00963
5	0.02712	0.14573	0.02737	0.02006	0.02421	0.37750	0.01613	0.08823	0.02187	0.02331	0.01295	0.01582	0.01107	0.00962	0.01106	0.00241	0.14517	0.00578	0.00443	0.01014
6	0.01792	0.01596	0.02044	0.01567	0.02135	0.01512	0.05153	0.05351	0.05882	0.02735	0.02124	0.02368	0.06331	0.00927	0.01036	0.00201	0.11783	0.00703	0.00529	0.44230
7	0.01824	0.17948	0.44694	0.02334	0.03398	0.02237	0.11300	0.02605	0.01770	0.02494	0.01448	0.01736	0.01085	0.00760	0.00763	0.00248	0.01182	0.00631	0.00362	0.01179
8	0.01713	0.01663	0.02344	0.02040	0.02065	0.02294	0.01688	0.01914	0.01283	0.01988	0.01279	0.02058	0.01254	0.02248	0.13493	0.00525	0.58140	0.00754	0.00377	0.00881
9	0.07370	0.46241	0.03540	0.01619	0.02230	0.22726	0.01443	0.02737	0.01873	0.02095	0.01194	0.01384	0.01056	0.00759	0.00598	0.00194	0.01058	0.00472	0.00388	0.01024
10	0.14404	0.01283	0.01500	0.01426	0.01798	0.01322	0.01190	0.07148	0.06157	0.13321	0.07497	0.07699	0.05207	0.01624	0.00929	0.00312	0.00697	0.24726	0.00786	0.00976
11	0.03088	0.12052	0.02575	0.01914	0.02449	0.38815	0.01522	0.13209	0.02529	0.11803	0.01673	0.01751	0.01269	0.00886	0.00747	0.00221	0.01208	0.00602	0.00572	0.01116
12	0.01619	0.00995	0.01245	0.01166	0.01456	0.00921	0.00902	0.02055	0.05838	0.13585	0.29026	0.12334	0.17464	0.01767	0.00969	0.00283	0.00505	0.06103	0.00875	0.00894
13	0.01099	0.00759	0.00938	0.01046	0.01073	0.00733	0.00653	0.01179	0.01421	0.01895	0.03711	0.41585	0.04400	0.32773	0.02462	0.00544	0.00625	0.01851	0.00653	0.00599
14	0.01112	0.00818	0.01073	0.01198	0.01242	0.00830	0.00821	0.01246	0.01522	0.02046	0.04021	0.52202	0.04767	0.13849	0.01698	0.00419	0.04954	0.04817	0.00700	0.00666
15	0.54254	0.10887	0.01850	0.12390	0.02361	0.02051	0.01203	0.02395	0.01491	0.03224	0.01210	0.01491	0.00956	0.00773	0.00569	0.00250	0.00753	0.00497	0.00469	0.00926
16	0.02391	0.19560	0.17685	0.02091	0.06725	0.13200	0.01899	0.09456	0.10464	0.06262	0.01785	0.01894	0.01368	0.00859	0.00737	0.00234	0.01037	0.00638	0.00523	0.01192

[dist]
# distance from previous block
# <min> <max>
0	1

[block]
# block no. 2 follows, 22 sequences, length 87
# corresponding to MSA columns:
# 80-166
name=unknown_C
#
# <colnr> <probs for GDERKNQSTAVLIFYWHMCP>
#	G	D	E	R	K	N	Q	S	T	A	V	L	I	F	Y	W	H	M	C	P
0	0.02374	0.37134	0.09826	0.01916	0.06464	0.05671	0.01701	0.12274	0.04476	0.05090	0.01516	0.01684	0.01231	0.00840	0.00774	0.00221	0.04581	0.00581	0.00482	0.01163
1	0.06555	0.01855	0.02520	0.02785	0.20902	0.01992	0.06708	0.03512	0.34497	0.03170	0.02498	0.02563	0.01923	0.00937	0.00821	0.00264	0.00813	0.00837	0.00649	0.04200
2	0.05876	0.29242	0.32634	0.06132	0.05967	0.02437	0.02259	0.02532	0.01712	0.02406	0.01348	0.01615	0.01065	0.00759	0.00682	0.00231	0.01050	0.00554	0.00365	0.01135
3	0.01781	0.04049	0.60578	0.02296	0.03462	0.01902	0.02904	0.02777	0.04583	0.05642	0.01659	0.01865	0.01166	0.00816	0.00794	0.00264	0.01178	0.00639	0.00405	0.01240
4	0.01016	0.00832	0.00885	0.00893	0.01134	0.00713	0.00655	0.01234	0.01895	0.02336	0.14554	0.12496	0.51312	0.04954	0.01123	0.00305	0.00438	0.01748	0.00777	0.00701
5	0.02081	0.02478	0.11771	0.03935	0.39563	0.09277	0.06687	0.02730	0.05930	0.02653	0.01745	0.04236	0.01462	0.00842	0.00830	0.00253	0.01069	0.00782	0.00445	0.01230
6	0.02124	0.02341	0.07048	0.04312	0.48734	0.10574	0.04481	0.02605	0.01947	0.02598	0.01804	0.02212	0.03867	0.00813	0.00823	0.00246	0.01061	0.00755	0.00425	0.01232
7	0.01012	0.00723	0.00964	0.01157	0.01205	0.00675	0.00771	0.01157	0.01591	0.02121	0.04579	0.70262	0.05495	0.02603	0.01060	0.00337	0.00482	0.02362	0.00771	0.00675
8	0.06808	0.02218	0.02404	0.05908	0.02701	0.02476	0.01578	0.53854	0.05921	0.04903	0.01973	0.02016	0.01410	0.00980	0.00815	0.00253	0.00902	0.00739	0.00787	0.01353
9	0.01779	0.01435	0.01693	0.01238	0.01936	0.01090	0.00984	0.02135	0.01746	0.05636	0.01720	0.05305	0.01489	0.00737	0.00648	0.00140	0.00613	0.00604	0.00532	0.68537
10	0.03084	0.02242	0.15072	0.01776	0.02534	0.01746	0.01688	0.18473	0.05815	0.34932	0.02602	0.02417	0.01718	0.00977	0.00826	0.00258	0.00861	0.00774	0.00833	0.01371
11	0.01698	0.06779	0.61949	0.02372	0.03566	0.01987	0.05115	0.02626	0.01759	0.02606	0.01485	0.01755	0.01060	0.00783	0.00786	0.00260	0.01221	0.00620	0.00353	0.01218
12	0.01916	0.02170	0.04718	0.03392	0.04195	0.02034	0.59713	0.02591	0.01943	0.02636	0.01816	0.05423	0.01459	0.00789	0.00984	0.00283	0.01358	0.01045	0.00437	0.01100
13	0.01777	0.01705	0.02944	0.40948	0.29097	0.01907	0.05109	0.02314	0.01765	0.02378	0.01519	0.02154	0.01196	0.00789	0.00834	0.00265	0.01073	0.00750	0.00388	0.01086
14	0.04852	0.06209	0.06003	0.14410	0.41388	0.04544	0.02277	0.02444	0.01836	0.02561	0.01814	0.02251	0.04211	0.00824	0.00797	0.00249	0.00992	0.00744	0.00420	0.01176
15	0.01897	0.01786	0.03018	0.17049	0.48282	0.01857	0.02393	0.02392	0.01849	0.02579	0.01803	0.02751	0.01590	0.00899	0.00853	0.00265	0.00990	0.06121	0.00435	0.01190
16	0.01195	0.00872	0.01162	0.01328	0.01489	0.00839	0.01077	0.01484	0.01815	0.02346	0.04985	0.27149	0.13022	0.02360	0.01100	0.00356	0.00636	0.35286	0.00768	0.00730
17	0.01517	0.00948	0.01266	0.01307	0.01544	0.00891	0.01066	0.01847	0.02020	0.10301	0.17760	0.15703	0.10751	0.02036	0.01047	0.00326	0.00609	0.27401	0.00830	0.00830
18	0.01793	0.07202	0.51379	0.02202	0.03266	0.01868	0.05160	0.02624	0.01847	0.06542	0.06859	0.02186	0.01684	0.00871	0.00803	0.00259	0.01116	0.00707	0.00442	0.01190
19	0.01005	0.00842	0.00874	0.00866	0.01137	0.00711	0.00650	0.01238	0.01949	0.02376	0.15321	0.07777	0.58297	0.02055	0.00982	0.00278	0.00417	0.01723	0.00789	0.00711
20	0.01243	0.00853	0.01091	0.01053	0.01245	0.00781	0.00773	0.01564	0.02154	0.05547	0.46621	0.14644	0.11917	0.05385	0.01152	0.00301	0.00440	0.01595	0.00867	0.00774
21	0.02027	0.02130	0.07313	0.04847	0.58572	0.01978	0.05774	0.02560	0.01887	0.02706	0.01565	0.02047	0.01297	0.00741	0.00829	0.00250	0.01024	0.00745	0.00408	0.01300
22	0.01959	0.01874	0.03196	0.17832	0.53650	0.01948	0.02501	0.02464	0.01846	0.02596	0.01545	0.02088	0.01274	0.00758	0.00824	0.00253	0.01011	0.00740	0.00403	0.01237
23	0.00982	0.00842	0.00842	0.00842	0.01122	0.00701	0.00631	0.01192	0.01894	0.02244	0.08416	0.07995	0.65285	0.02104	0.00982	0.00281	0.00421	0.01753	0.00771	0.00701
24	0.02221	0.71304	0.04353	0.01421	0.02132	0.03287	0.01421	0.02488	0.01688	0.01955	0.01155	0.01333	0.01066	0.00711	0.00533	0.00178	0.00888	0.00444	0.00355	0.01066
25	0.02066	0.01709	0.01963	0.04909	0.07242	0.01922	0.01410	0.03951	0.49380	0.06615	0.03452	0.03259	0.06147	0.01137	0.00851	0.00277	0.00692	0.00958	0.00795	0.01266
26	0.02785	0.24059	0.02930	0.01901	0.02416	0.44837	0.01535	0.03125	0.05336	0.02084	0.01353	0.01531	0.01144	0.00826	0.00689	0.00207	0.01272	0.00529	0.00428	0.01012
27	0.26072	0.01744	0.01861	0.05600	0.02265	0.01895	0.01276	0.23982	0.02507	0.15809	0.02155	0.07609	0.01692	0.01055	0.00751	0.00262	0.00766	0.00804	0.00736	0.01161
28	0.02274	0.67230	0.04232	0.01465	0.02159	0.07170	0.01433	0.02538	0.01728	0.01959	0.01163	0.01343	0.01066	0.00720	0.00546	0.00180	0.00925	0.00450	0.00360	0.01060
29	0.11936	0.02420	0.02597	0.03207	0.29391	0.18985	0.01899	0.09913	0.02194	0.02954	0.01673	0.02285	0.01434	0.00905	0.00786	0.00249	0.01053	0.04472	0.00502	0.01147
30	0.01224	0.00989	0.01478	0.05732	0.01769	0.01058	0.04701	0.01445	0.01532	0.02092	0.05294	0.36351	0.03870	0.11083	0.11562	0.00537	0.06283	0.01656	0.00615	0.00729
31	0.01012	0.00723	0.00964	0.01157	0.01205	0.00675	0.00771	0.01157	0.01591	0.02121	0.04579	0.70262	0.05495	0.02603	0.01060	0.00337	0.00482	0.02362	0.00771	0.00675
32	0.02803	0.02517	0.02251	0.01869	0.02419	0.17334	0.01485	0.33038	0.17469	0.03967	0.02414	0.02381	0.04192	0.01040	0.00822	0.00250	0.00969	0.00784	0.00739	0.01257
33	0.02886	0.01861	0.09530	0.01559	0.02299	0.01409	0.01410	0.09223	0.02280	0.35462	0.02452	0.02319	0.01651	0.00885	0.00770	0.00221	0.00764	0.00708	0.00784	0.21527
34	0.07906	0.08393	0.57096	0.02201	0.03337	0.02011	0.02784	0.02606	0.01722	0.02678	0.01442	0.01693	0.01041	0.00783	0.00750	0.00257	0.01157	0.00589	0.00365	0.01190
35	0.01691	0.07306	0.63710	0.02325	0.03530	0.01990	0.02995	0.02624	0.01751	0.02601	0.01476	0.01735	0.01053	0.00786	0.00778	0.00259	0.01213	0.00606	0.00351	0.01220
36	0.01015	0.00843	0.00891	0.00906	0.01165	0.00719	0.00685	0.01243	0.01910	0.02321	0.11682	0.10855	0.55580	0.02111	0.00994	0.00287	0.00440	0.04864	0.00780	0.00709
37	0.02310	0.01795	0.01934	0.01689	0.02191	0.02030	0.01328	0.09214	0.53436	0.09416	0.03257	0.02983	0.02399	0.01107	0.00843	0.00277	0.00683	0.00914	0.00861	0.01332
38	0.01173	0.00781	0.01039	0.01149	0.01255	0.00723	0.00795	0.01377	0.01785	0.05358	0.17061	0.53862	0.05819	0.02342	0.01033	0.00318	0.00474	0.02113	0.00813	0.00732
39	0.01443	0.00722	0.01082	0.01082	0.01082	0.00722	0.00722	0.01082	0.01082	0.01443	0.01443	0.02525	0.01443	0.02886	0.03247	0.75830	0.00722	0.00722	0.00361	0.00361
40	0.00982	0.00842	0.00842	0.00842	0.01122	0.00701	0.00631	0.01192	0.01894	0.02244	0.08416	0.07995	0.65285	0.02104	0.00982	0.00281	0.00421	0.01753	0.00771	0.00701
41	0.01961	0.02241	0.04902	0.03501	0.04342	0.02101	0.62605	0.02661	0.01961	0.02661	0.01681	0.02241	0.01261	0.00700	0.00980	0.00280	0.01401	0.00980	0.00420	0.01120
42	0.01834	0.01853	0.03037	0.13717	0.12202	0.02276	0.11878	0.02206	0.01537	0.02229	0.01317	0.01986	0.01153	0.01127	0.01860	0.00319	0.37312	0.00772	0.00380	0.01004
43	0.01176	0.00849	0.01110	0.01045	0.01241	0.00784	0.00784	0.01568	0.02352	0.03331	0.65184	0.06206	0.07839	0.01698	0.00980	0.00261	0.00392	0.01502	0.00914	0.00784
44	0.01187	0.00890	0.01335	0.01335	0.01483	0.01038	0.01038	0.01483	0.01335	0.01928	0.02225	0.03264	0.02077	0.06231	0.67512	0.01335	0.02225	0.00890	0.00445	0.00742
45	0.01637	0.01546	0.02614	0.59939	0.14061	0.01864	0.02341	0.02182	0.01693	0.02205	0.01489	0.02193	0.01136	0.00818	0.00829	0.00273	0.01091	0.00739	0.00375	0.00978
46	0.02080	0.02039	0.03141	0.20515	0.32336	0.08033	0.09851	0.02647	0.04081	0.04837	0.01656	0.02132	0.01303	0.00793	0.00839	0.00257	0.01095	0.00761	0.00441	0.01162
47	0.01187	0.00890	0.01335	0.01335	0.01483	0.01038	0.01038	0.01483	0.01335	0.01928	0.02225	0.03264	0.02077	0.06231	0.67512	0.01335	0.02225	0.00890	0.00445	0.00742
48	0.03727	0.01414	0.01928	0.01478	0.02121	0.01221	0.01221	0.04049	0.02378	0.66198	0.03277	0.02828	0.02056	0.01028	0.00835	0.00257	0.00707	0.00835	0.01028	0.01414
49	0.01079	0.00777	0.01015	0.01163	0.01253	0.00731	0.00823	0.01271	0.01692	0.02246	0.09683	0.49164	0.09100	0.06583	0.01252	0.00362	0.00528	0.09828	0.00766	0.00687
50	0.01873	0.32597	0.36104	0.01885	0.02831	0.02438	0.02230	0.02506	0.01762	0.02385	0.05201	0.01844	0.01469	0.00811	0.00692	0.00227	0.01033	0.00595	0.00387	0.01132
51	0.02221	0.71304	0.04353	0.01421	0.02132	0.03287	0.01421	0.02488	0.01688	0.01955	0.01155	0.01333	0.01066	0.00711	0.00533	0.00178	0.00888	0.00444	0.00355	0.01066
52	0.03516	0.01367	0.01860	0.01442	0.02048	0.01185	0.01185	0.03843	0.02376	0.60998	0.08398	0.03107	0.02535	0.01084	0.00847	0.00257	0.00681	0.00891	0.01019	0.01362
53	0.05019	0.05374	0.27935	0.05377	0.16948	0.05906	0.07171	0.02818	0.01903	0.11250	0.01727	0.01976	0.01261	0.00806	0.00798	0.00254	0.01095	0.00688	0.00473	0.01218
54	0.01666	0.04297	0.66500	0.02368	0.03596	0.01929	0.03069	0.02631	0.01754	0.02631	0.01491	0.01754	0.01052	0.00789	0.00789	0.00263	0.01228	0.00614	0.00351	0.01228
55	0.01609	0.01518	0.02565	0.63538	0.10676	0.01856	0.02327	0.02158	0.01680	0.02171	0.01484	0.02202	0.01125	0.00823	0.00830	0.00274	0.01097	0.00738	0.00373	0.00955
56	0.01208	0.00805	0.00906	0.00906	0.00906	0.00805	0.00503	0.01208	0.01208	0.01611	0.02618	0.05436	0.03020	0.70804	0.04228	0.00805	0.00805	0.01208	0.00503	0.00503
57	0.01995	0.01465	0.01730	0.01314	0.01964	0.01213	0.01043	0.05226	0.05708	0.10533	0.02092	0.07623	0.01772	0.00879	0.00703	0.00173	0.00632	0.00728	0.00618	0.52590
58	0.07730	0.03839	0.53679	0.02308	0.03422	0.01974	0.06447	0.06261	0.01870	0.02877	0.01506	0.01766	0.01075	0.00795	0.00782	0.00263	0.01173	0.00631	0.00397	0.01206
59	0.01207	0.00809	0.00924	0.00924	0.00930	0.00815	0.00526	0.01220	0.01213	0.01624	0.02601	0.05346	0.02981	0.68117	0.06862	0.00827	0.00864	0.01195	0.00501	0.00513
60	0.02221	0.71304	0.04353	0.01421	0.02132	0.03287	0.01421	0.02488	0.01688	0.01955	0.01155	0.01333	0.01066	0.00711	0.00533	0.00178	0.00888	0.00444	0.00355	0.01066
61	0.01828	0.01530	0.01765	0.01786	0.07138	0.01674	0.01256	0.07480	0.35295	0.03236	0.09258	0.12877	0.08485	0.01422	0.00896	0.00282	0.00635	0.01224	0.00798	0.01135
62	0.02744	0.31393	0.03169	0.01847	0.02391	0.41324	0.01530	0.02979	0.02083	0.02001	0.01231	0.01431	0.01068	0.00797	0.00661	0.00199	0.01250	0.00498	0.00398	0.01005
63	0.13265	0.02304	0.02628	0.03149	0.28096	0.15927	0.04165	0.07377	0.02050	0.02849	0.01876	0.02186	0.05107	0.00910	0.00879	0.00251	0.04652	0.00725	0.00483	0.01120
64	0.02312	0.64384	0.04148	0.01495	0.02177	0.09882	0.01440	0.02573	0.01756	0.01963	0.01168	0.01350	0.01067	0.00726	0.00555	0.00181	0.00951	0.00454	0.00363	0.01056
65	0.76672	0.01607	0.01221	0.01092	0.01607	0.01864	0.00900	0.02442	0.01414	0.03727	0.01157	0.01350	0.00900	0.00771	0.00514	0.00257	0.00643	0.00450	0.00514	0.00900
66	0.01318	0.00855	0.01108	0.01098	0.01292	0.00778	0.00802	0.01610	0.02072	0.08051	0.35848	0.26299	0.11774	0.01965	0.00993	0.00287	0.00449	0.01741	0.00866	0.00794
67	0.01157	0.00844	0.01088	0.01036	0.01232	0.00774	0.00774	0.01528	0.02293	0.03215	0.59231	0.08746	0.11452	0.01759	0.00983	0.00265	0.00397	0.01551	0.00900	0.00774
68	0.02711	0.02062	0.02210	0.01802	0.02382	0.02310	0.01453	0.35760	0.29623	0.06641	0.02633	0.02497	0.01916	0.01054	0.00837	0.00263	0.00797	0.00833	0.00844	0.01371
69	0.01443	0.00722	0.01082	0.01082	0.01082	0.00722	0.00722	0.01082	0.01082	0.01443	0.01443	0.02525	0.01443	0.02886	0.03247	0.75830	0.00722	0.00722	0.00361	0.00361
70	0.01926	0.21275	0.45422	0.02109	0.03139	0.07695	0.02530	0.02651	0.01787	0.02410	0.01388	0.01626	0.01057	0.00775	0.00721	0.00237	0.01164	0.00564	0.00358	0.01165
71	0.01635	0.04075	0.62286	0.02283	0.03444	0.01855	0.02922	0.02562	0.01792	0.02676	0.05596	0.02041	0.01490	0.00848	0.00802	0.00263	0.01174	0.00671	0.00387	0.01199
72	0.01187	0.00890	0.01335	0.01335	0.01483	0.01038	0.01038	0.01483	0.01335	0.01928	0.02225	0.03264	0.02077	0.06231	0.67512	0.01335	0.02225	0.00890	0.00445	0.00742
73	0.06462	0.03570	0.02270	0.02040	0.02490	0.55023	0.01547	0.07007	0.07514	0.02427	0.01495	0.01654	0.01204	0.00883	0.00751	0.00224	0.01353	0.00578	0.00491	0.01017
74	0.01875	0.01452	0.01749	0.05952	0.02218	0.01591	0.01397	0.14847	0.17398	0.03235	0.03487	0.10914	0.03369	0.01677	0.00982	0.00320	0.00768	0.24963	0.00773	0.01034
75	0.01254	0.00850	0.01108	0.01069	0.01249	0.00787	0.00781	0.01583	0.02169	0.05513	0.50004	0.15238	0.06964	0.06256	0.01195	0.00307	0.00444	0.01581	0.00872	0.00775
76	0.02518	0.01241	0.01624	0.01399	0.01832	0.01161	0.01136	0.05735	0.05625	0.32418	0.18733	0.07098	0.04022	0.01449	0.00927	0.00281	0.00637	0.10105	0.00932	0.01127
77	0.01818	0.01818	0.02545	0.02181	0.02181	0.02545	0.01818	0.01999	0.01272	0.01999	0.01091	0.01818	0.01091	0.01454	0.02726	0.00364	0.69284	0.00727	0.00364	0.00909
78	0.32611	0.29655	0.13007	0.01464	0.02168	0.04733	0.01480	0.02521	0.01610	0.02791	0.01214	0.01413	0.00996	0.00753	0.00574	0.00225	0.00864	0.00477	0.00422	0.01020
79	0.01942	0.02143	0.03870	0.13608	0.04007	0.06363	0.36592	0.02482	0.01797	0.02399	0.01502	0.02102	0.01189	0.00885	0.01298	0.00292	0.15230	0.00861	0.00401	0.01035
80	0.01384	0.00993	0.01200	0.01219	0.01445	0.00954	0.00878	0.01905	0.11165	0.06302	0.06967	0.41566	0.11885	0.02060	0.00973	0.00300	0.00520	0.01826	0.00786	0.05671
81	0.01081	0.00831	0.00939	0.00930	0.01124	0.00743	0.00661	0.01305	0.01894	0.02450	0.24074	0.10221	0.34187	0.14081	0.01556	0.00370	0.00483	0.01614	0.00767	0.00690
82	0.02477	0.13175	0.14745	0.04482	0.02748	0.20506	0.01815	0.14626	0.08499	0.02939	0.01667	0.01816	0.01288	0.00863	0.00746	0.00229	0.01099	0.00623	0.00523	0.05132
83	0.01172	0.00822	0.00979	0.01000	0.01086	0.00792	0.00663	0.01312	0.01586	0.02119	0.15369	0.12063	0.10520	0.38987	0.02746	0.00572	0.00656	0.06288	0.00654	0.00613
84	0.02221	0.71304	0.04353	0.01421	0.02132	0.03287	0.01421	0.02488	0.01688	0.01955	0.01155	0.01333	0.01066	0.00711	0.00533	0.00178	0.00888	0.00444	0.00355	0.01066
85	0.01942	0.33378	0.31446	0.01810	0.02704	0.02406	0.02089	0.02529	0.01797	0.04634	0.06710	0.01977	0.01659	0.00839	0.00694	0.00225	0.00991	0.00621	0.00424	0.01126
86	0.02655	0.25957	0.03032	0.06108	0.02599	0.25766	0.01555	0.14691	0.02364	0.02678	0.01403	0.01598	0.01146	0.00822	0.00692	0.00209	0.01112	0.00558	0.00483	0.04576

[dist]
# distance from previous block
# <min> <max>
0	1

[block]
# block no. 3 follows, 22 sequences, length 82
# corresponding to MSA columns:
# 168-249
name=unknown_D
#
# <colnr> <probs for GDERKNQSTAVLIFYWHMCP>
#	G	D	E	R	K	N	Q	S	T	A	V	L	I	F	Y	W	H	M	C	P
0	0.01288	0.00969	0.01181	0.01072	0.01341	0.00890	0.00816	0.04943	0.02325	0.03223	0.48608	0.05985	0.16340	0.01658	0.00949	0.00255	0.00439	0.01439	0.00861	0.05417
1	0.01173	0.00887	0.01137	0.01194	0.01388	0.00778	0.00848	0.01377	0.01636	0.02259	0.03953	0.52954	0.04606	0.02190	0.00978	0.00298	0.00526	0.05528	0.00716	0.15574
2	0.01797	0.18793	0.50875	0.02201	0.03303	0.02230	0.04755	0.02601	0.01747	0.02485	0.01424	0.01679	0.01062	0.00769	0.00740	0.00245	0.01160	0.00590	0.00354	0.01189
3	0.02294	0.65704	0.04187	0.01481	0.02168	0.08624	0.01437	0.02557	0.01743	0.01961	0.01166	0.01346	0.01066	0.00723	0.00551	0.00181	0.00939	0.00452	0.00361	0.01058
4	0.01965	0.01543	0.01799	0.01302	0.02029	0.01237	0.01048	0.07264	0.01944	0.06811	0.01630	0.01813	0.01296	0.00672	0.00647	0.00142	0.00646	0.00535	0.00553	0.65123
5	0.01666	0.04297	0.66500	0.02368	0.03596	0.01929	0.03069	0.02631	0.01754	0.02631	0.01491	0.01754	0.01052	0.00789	0.00789	0.00263	0.01228	0.00614	0.00351	0.01228
6	0.01840	0.03105	0.31139	0.03106	0.07426	0.02020	0.33829	0.02642	0.01869	0.02651	0.01593	0.02023	0.01175	0.00741	0.00890	0.00271	0.01304	0.00810	0.00390	0.01177
7	0.01740	0.06824	0.54829	0.02624	0.08737	0.02001	0.06612	0.02620	0.01775	0.02611	0.01494	0.01791	0.01088	0.00776	0.00793	0.00259	0.01204	0.00640	0.00360	0.01222
8	0.03158	0.02327	0.02493	0.01911	0.02576	0.02576	0.01579	0.62852	0.03906	0.05236	0.01995	0.01995	0.01413	0.00997	0.00831	0.00249	0.00914	0.00748	0.00831	0.01413
9	0.01010	0.00730	0.00956	0.01137	0.01200	0.00676	0.00763	0.01159	0.01609	0.02128	0.04814	0.66443	0.09161	0.02572	0.01056	0.00334	0.00478	0.02324	0.00771	0.00676
10	0.01590	0.01505	0.02496	0.63267	0.05427	0.01904	0.02266	0.02112	0.01629	0.02112	0.01444	0.02182	0.01106	0.00882	0.00988	0.00284	0.06777	0.00737	0.00369	0.00922
11	0.01566	0.01434	0.02293	0.02013	0.05239	0.01631	0.12683	0.01802	0.01414	0.02005	0.01911	0.03419	0.01959	0.28056	0.08950	0.00601	0.20815	0.00973	0.00437	0.00799
12	0.01012	0.00723	0.00964	0.01157	0.01205	0.00675	0.00771	0.01157	0.01591	0.02121	0.04579	0.70262	0.05495	0.02603	0.01060	0.00337	0.00482	0.02362	0.00771	0.00675
13	0.01683	0.01631	0.02282	0.02008	0.02022	0.02230	0.01645	0.01866	0.01316	0.02011	0.01592	0.10606	0.01701	0.01841	0.05785	0.00409	0.57138	0.00943	0.00420	0.00871
14	0.01331	0.00928	0.01393	0.05498	0.01772	0.00891	0.04722	0.01561	0.01695	0.07118	0.04101	0.53545	0.04663	0.02240	0.01028	0.00326	0.00609	0.05055	0.00744	0.00779
15	0.02026	0.01943	0.03318	0.09011	0.61944	0.01966	0.02535	0.02523	0.01877	0.02678	0.01557	0.02066	0.01303	0.00746	0.00823	0.00249	0.00994	0.00740	0.00409	0.01292
16	0.01666	0.04297	0.66500	0.02368	0.03596	0.01929	0.03069	0.02631	0.01754	0.02631	0.01491	0.01754	0.01052	0.00789	0.00789	0.00263	0.01228	0.00614	0.00351	0.01228
17	0.01910	0.01824	0.03108	0.24235	0.47630	0.01935	0.02477	0.02421	0.01822	0.02536	0.01537	0.02104	0.01253	0.00767	0.00825	0.00256	0.01023	0.00740	0.00399	0.01198
18	0.01734	0.01702	0.03015	0.43507	0.17094	0.01943	0.11046	0.02278	0.01730	0.02310	0.01503	0.02167	0.01170	0.00825	0.00946	0.00276	0.04568	0.00773	0.00384	0.01028
19	0.01569	0.01477	0.02492	0.68808	0.05722	0.01846	0.02307	0.02123	0.01661	0.02123	0.01477	0.02215	0.01107	0.00831	0.00831	0.00277	0.01107	0.00738	0.00369	0.00923
20	0.01208	0.00805	0.00906	0.00906	0.00906	0.00805	0.00503	0.01208	0.01208	0.01611	0.02618	0.05436	0.03020	0.70804	0.04228	0.00805	0.00805	0.01208	0.00503	0.00503
21	0.02214	0.57866	0.03868	0.01487	0.02116	0.09619	0.01404	0.02478	0.01723	0.01960	0.01268	0.01530	0.01161	0.01241	0.06809	0.00289	0.01075	0.00495	0.00371	0.01025
22	0.01331	0.01016	0.01262	0.01188	0.01195	0.01172	0.00798	0.01383	0.01228	0.01706	0.02286	0.04589	0.02579	0.53409	0.07117	0.00742	0.14835	0.01094	0.00472	0.00598
23	0.03727	0.01414	0.01928	0.01478	0.02121	0.01221	0.01221	0.04049	0.02378	0.66198	0.03277	0.02828	0.02056	0.01028	0.00835	0.00257	0.00707	0.00835	0.01028	0.01414
24	0.02372	0.59815	0.04012	0.01544	0.02207	0.14237	0.01453	0.02629	0.01802	0.01968	0.01177	0.01361	0.01067	0.00736	0.00570	0.00184	0.00992	0.00460	0.00368	0.01049
25	0.06339	0.01198	0.01447	0.01397	0.01707	0.01233	0.01127	0.05928	0.11552	0.09103	0.17124	0.12948	0.04491	0.01730	0.00968	0.00308	0.00631	0.18996	0.00824	0.00951
26	0.05377	0.68350	0.04220	0.01408	0.02110	0.03227	0.01399	0.02486	0.01676	0.02030	0.01155	0.01333	0.01059	0.00713	0.00532	0.00181	0.00878	0.00444	0.00362	0.01059
27	0.73735	0.01701	0.01266	0.01134	0.01645	0.04483	0.00928	0.02477	0.01451	0.03660	0.01162	0.01355	0.00906	0.00775	0.00523	0.00255	0.00677	0.00453	0.00511	0.00902
28	0.02170	0.01925	0.02074	0.02084	0.09850	0.06013	0.01455	0.11290	0.39469	0.03408	0.03309	0.03175	0.07819	0.01135	0.00847	0.00269	0.00760	0.00939	0.00758	0.01251
29	0.02150	0.04353	0.01926	0.01334	0.02051	0.01343	0.01088	0.07864	0.02009	0.11686	0.01759	0.01884	0.01355	0.00711	0.00662	0.00155	0.00666	0.00561	0.00591	0.55852
30	0.73739	0.01599	0.01249	0.01108	0.01627	0.01838	0.00913	0.02507	0.01453	0.06239	0.01242	0.01409	0.00946	0.00781	0.00527	0.00257	0.00645	0.00465	0.00535	0.00920
31	0.01012	0.00723	0.00964	0.01157	0.01205	0.00675	0.00771	0.01157	0.01591	0.02121	0.04579	0.70262	0.05495	0.02603	0.01060	0.00337	0.00482	0.02362	0.00771	0.00675
32	0.03106	0.03890	0.02360	0.02130	0.02569	0.64713	0.01604	0.05846	0.02420	0.02169	0.01314	0.01519	0.01085	0.00862	0.00753	0.00216	0.01473	0.00544	0.00445	0.00982
33	0.01161	0.00857	0.01091	0.01100	0.01270	0.00811	0.00799	0.01567	0.05170	0.02920	0.41062	0.25361	0.09772	0.01962	0.00997	0.00286	0.00434	0.01745	0.00861	0.00773
34	0.02133	0.01818	0.01916	0.01704	0.02186	0.02098	0.01331	0.07998	0.60428	0.03583	0.03296	0.03032	0.02467	0.01119	0.00844	0.00280	0.00673	0.00928	0.00844	0.01321
35	0.01666	0.04297	0.66500	0.02368	0.03596	0.01929	0.03069	0.02631	0.01754	0.02631	0.01491	0.01754	0.01052	0.00789	0.00789	0.00263	0.01228	0.00614	0.00351	0.01228
36	0.01205	0.00809	0.00923	0.00918	0.00934	0.00804	0.00527	0.01238	0.01303	0.01754	0.07820	0.05500	0.03421	0.65058	0.03958	0.00760	0.00771	0.01233	0.00538	0.00527
37	0.01012	0.00723	0.00964	0.01157	0.01205	0.00675	0.00771	0.01157	0.01591	0.02121	0.04579	0.70262	0.05495	0.02603	0.01060	0.00337	0.00482	0.02362	0.00771	0.00675
38	0.03727	0.01414	0.01928	0.01478	0.02121	0.01221	0.01221	0.04049	0.02378	0.66198	0.03277	0.02828	0.02056	0.01028	0.00835	0.00257	0.00707	0.00835	0.01028	0.01414
39	0.01208	0.00805	0.00906	0.00906	0.00906	0.00805	0.00503	0.01208	0.01208	0.01611	0.02618	0.05436	0.03020	0.70804	0.04228	0.00805	0.00805	0.01208	0.00503	0.00503
40	0.01918	0.01644	0.01745	0.01599	0.02023	0.01875	0.01232	0.03965	0.55466	0.03294	0.03760	0.08956	0.06267	0.01304	0.00871	0.00286	0.00630	0.01103	0.00835	0.01228
41	0.01818	0.01818	0.02545	0.02181	0.02181	0.02545	0.01818	0.01999	0.01272	0.01999	0.01091	0.01818	0.01091	0.01454	0.02726	0.00364	0.69284	0.00727	0.00364	0.00909
42	0.01723	0.01477	0.01723	0.01230	0.01969	0.01107	0.00984	0.02092	0.01723	0.02707	0.01477	0.01723	0.01230	0.00615	0.00615	0.00123	0.00615	0.00492	0.00492	0.75883
43	0.03061	0.02251	0.02414	0.01861	0.02493	0.02488	0.01526	0.59788	0.03772	0.05055	0.02025	0.02166	0.01493	0.04467	0.01000	0.00277	0.00909	0.00771	0.00815	0.01368
44	0.01666	0.04297	0.66500	0.02368	0.03596	0.01929	0.03069	0.02631	0.01754	0.02631	0.01491	0.01754	0.01052	0.00789	0.00789	0.00263	0.01228	0.00614	0.00351	0.01228
45	0.01184	0.00855	0.01122	0.01069	0.01265	0.00792	0.00812	0.01575	0.02330	0.03289	0.62146	0.06364	0.07686	0.01728	0.00988	0.00267	0.00411	0.04427	0.00907	0.00783
46	0.02221	0.71304	0.04353	0.01421	0.02132	0.03287	0.01421	0.02488	0.01688	0.01955	0.01155	0.01333	0.01066	0.00711	0.00533	0.00178	0.00888	0.00444	0.00355	0.01066
47	0.01671	0.01606	0.02331	0.12659	0.02627	0.02178	0.01763	0.01931	0.01345	0.02007	0.01345	0.02126	0.01261	0.02165	0.13420	0.00515	0.47034	0.00756	0.00378	0.00883
48	0.01339	0.00956	0.01339	0.01530	0.01721	0.00956	0.01339	0.01721	0.01912	0.02486	0.04399	0.09371	0.04781	0.02295	0.01147	0.00382	0.00765	0.60031	0.00765	0.00765
49	0.03506	0.05821	0.02141	0.01534	0.02177	0.01539	0.01279	0.10899	0.04798	0.52752	0.03000	0.02648	0.01938	0.01009	0.00817	0.00252	0.00741	0.00805	0.00957	0.01389
50	0.02207	0.65539	0.04272	0.01727	0.07412	0.03178	0.01515	0.02493	0.01705	0.02018	0.01189	0.01393	0.01087	0.00713	0.00557	0.00183	0.00897	0.00469	0.00360	0.01087
51	0.01205	0.00817	0.00967	0.00967	0.00988	0.00839	0.00580	0.01247	0.01226	0.01656	0.02562	0.05127	0.02886	0.61603	0.13246	0.00881	0.01008	0.01163	0.00495	0.00537
52	0.03380	0.01491	0.01918	0.01523	0.02129	0.01398	0.01241	0.04125	0.15302	0.53069	0.03299	0.02884	0.02157	0.01049	0.00837	0.00262	0.00697	0.00857	0.00990	0.01393
53	0.00990	0.00842	0.00853	0.00850	0.01127	0.00705	0.00638	0.01208	0.01913	0.02290	0.10822	0.07919	0.62850	0.02087	0.00982	0.00280	0.00420	0.01743	0.00778	0.00705
54	0.01666	0.04297	0.66500	0.02368	0.03596	0.01929	0.03069	0.02631	0.01754	0.02631	0.01491	0.01754	0.01052	0.00789	0.00789	0.00263	0.01228	0.00614	0.00351	0.01228
55	0.02221	0.71304	0.04353	0.01421	0.02132	0.03287	0.01421	0.02488	0.01688	0.01955	0.01155	0.01333	0.01066	0.00711	0.00533	0.00178	0.00888	0.00444	0.00355	0.01066
56	0.01176	0.00849	0.01110	0.01045	0.01241	0.00784	0.00784	0.01568	0.02352	0.03331	0.65184	0.06206	0.07839	0.01698	0.00980	0.00261	0.00392	0.01502	0.00914	0.00784
57	0.01012	0.00723	0.00964	0.01157	0.01205	0.00675	0.00771	0.01157	0.01591	0.02121	0.04579	0.70262	0.05495	0.02603	0.01060	0.00337	0.00482	0.02362	0.00771	0.00675
58	0.05727	0.02393	0.02232	0.01847	0.02328	0.16395	0.01482	0.28889	0.06050	0.07183	0.04531	0.02359	0.04332	0.01095	0.01042	0.00260	0.09220	0.00774	0.00687	0.01174
59	0.01723	0.11127	0.60166	0.02271	0.03446	0.02068	0.02901	0.02616	0.01747	0.02562	0.01457	0.01711	0.01054	0.00781	0.00763	0.00254	0.01193	0.00597	0.00351	0.01211
60	0.01187	0.00890	0.01335	0.01335	0.01483	0.01038	0.01038	0.01483	0.01335	0.01928	0.02225	0.03264	0.02077	0.06231	0.67512	0.01335	0.02225	0.00890	0.00445	0.00742
61	0.02221	0.71304	0.04353	0.01421	0.02132	0.03287	0.01421	0.02488	0.01688	0.01955	0.01155	0.01333	0.01066	0.00711	0.00533	0.00178	0.00888	0.00444	0.00355	0.01066
62	0.01728	0.01468	0.01884	0.11220	0.09445	0.01628	0.01436	0.05253	0.27162	0.02922	0.06235	0.20045	0.03173	0.01441	0.00901	0.00289	0.00709	0.01271	0.00715	0.01075
63	0.02304	0.64964	0.04165	0.01489	0.02173	0.09330	0.01439	0.02566	0.01751	0.01962	0.01167	0.01348	0.01066	0.00724	0.00553	0.00181	0.00946	0.00453	0.00362	0.01056
64	0.02168	0.02261	0.03343	0.08274	0.46132	0.11443	0.09087	0.02648	0.01952	0.02575	0.01530	0.02005	0.01262	0.00758	0.00830	0.00248	0.01114	0.00737	0.00412	0.01220
65	0.02273	0.67308	0.04235	0.01464	0.02158	0.07096	0.01432	0.02537	0.01728	0.01959	0.01163	0.01342	0.01066	0.00719	0.00546	0.00180	0.00925	0.00450	0.00360	0.01060
66	0.73397	0.01724	0.04072	0.01148	0.01693	0.01867	0.00994	0.02450	0.01429	0.03679	0.01171	0.01367	0.00906	0.00772	0.00526	0.00257	0.00668	0.00457	0.00507	0.00914
67	0.01179	0.00799	0.00941	0.00968	0.00984	0.00801	0.00575	0.01218	0.01271	0.01704	0.02875	0.14615	0.03318	0.57047	0.07654	0.00771	0.00846	0.01354	0.00538	0.00543
68	0.00993	0.00842	0.00857	0.00853	0.01129	0.00706	0.00640	0.01213	0.01919	0.02305	0.11569	0.07896	0.62095	0.02081	0.00982	0.00279	0.00419	0.01739	0.00779	0.00706
69	0.02948	0.04966	0.02460	0.01870	0.02493	0.05895	0.01533	0.48262	0.13208	0.04667	0.02144	0.02117	0.01558	0.00999	0.00818	0.00250	0.00903	0.00755	0.00794	0.01361
70	0.01010	0.00730	0.00956	0.01137	0.01200	0.00676	0.00763	0.01159	0.01609	0.02128	0.04814	0.66439	0.09166	0.02572	0.01056	0.00334	0.00478	0.02324	0.00771	0.00676
71	0.02737	0.02317	0.06346	0.02245	0.08125	0.02455	0.01772	0.42832	0.06237	0.04334	0.01873	0.02017	0.01395	0.01030	0.01085	0.00267	0.10164	0.00746	0.00703	0.01320
72	0.01666	0.04297	0.66500	0.02368	0.03596	0.01929	0.03069	0.02631	0.01754	0.02631	0.01491	0.01754	0.01052	0.00789	0.00789	0.00263	0.01228	0.00614	0.00351	0.01228
73	0.01208	0.00805	0.00906	0.00906	0.00906	0.00805	0.00503	0.01208	0.01208	0.01611	0.02618	0.05436	0.03020	0.70804	0.04228	0.00805	0.00805	0.01208	0.00503	0.00503
74	0.00986	0.00825	0.00859	0.00886	0.01134	0.00698	0.00651	0.01187	0.01850	0.02227	0.07869	0.16868	0.56765	0.02175	0.00993	0.00289	0.00430	0.01840	0.00771	0.00698
75	0.76672	0.01607	0.01221	0.01092	0.01607	0.01864	0.00900	0.02442	0.01414	0.03727	0.01157	0.01350	0.00900	0.00771	0.00514	0.00257	0.00643	0.00450	0.00514	0.00900
76	0.02270	0.58078	0.07145	0.01551	0.02248	0.09279	0.01516	0.02670	0.04858	0.02071	0.01295	0.01457	0.01139	0.00749	0.00582	0.00191	0.00952	0.00486	0.00386	0.01077
77	0.01368	0.00874	0.01113	0.01086	0.01304	0.00787	0.00801	0.01657	0.02077	0.09435	0.33193	0.23077	0.16196	0.01935	0.00986	0.00284	0.00454	0.01701	0.00865	0.00807
78	0.01589	0.01516	0.02617	0.65415	0.05650	0.01859	0.05440	0.02151	0.01677	0.02151	0.01487	0.02216	0.01115	0.00824	0.00838	0.00277	0.01123	0.00751	0.00372	0.00933
79	0.32680	0.02010	0.01785	0.04851	0.02211	0.10781	0.01247	0.10636	0.10681	0.10149	0.01842	0.01908	0.01360	0.00885	0.00686	0.00250	0.00824	0.00624	0.00635	0.03955
80	0.02310	0.22782	0.22124	0.01922	0.02704	0.21931	0.01940	0.04844	0.01988	0.02358	0.01350	0.01564	0.01089	0.00780	0.00692	0.00212	0.01151	0.00537	0.00404	0.07317
81	0.25729	0.19281	0.27100	0.01684	0.02527	0.02191	0.01877	0.02621	0.01667	0.06590	0.01411	0.01589	0.01067	0.00779	0.00643	0.00240	0.00930	0.00534	0.00444	0.01096

[dist]
# distance from previous block
# <min> <max>
0	1

[block]
# block no. 4 follows, 22 sequences, length 93
# corresponding to MSA columns:
# 251-302,304-344
name=unknown_E
#
# <colnr> <probs for GDERKNQSTAVLIFYWHMCP>
#	G	D	E	R	K	N	Q	S	T	A	V	L	I	F	Y	W	H	M	C	P
0	0.06280	0.46050	0.14949	0.01573	0.02307	0.05689	0.01640	0.02468	0.01773	0.02301	0.06856	0.01846	0.01650	0.00822	0.00627	0.00207	0.00920	0.00572	0.00416	0.01056
1	0.02701	0.12365	0.12013	0.02056	0.06227	0.08096	0.01779	0.26820	0.07811	0.09245	0.01942	0.01990	0.01425	0.00913	0.00777	0.00241	0.00972	0.00690	0.00653	0.01284
2	0.01712	0.01508	0.01967	0.01420	0.02136	0.01176	0.06395	0.02112	0.01780	0.02739	0.05146	0.02025	0.01612	0.00685	0.00668	0.00145	0.00672	0.00593	0.00510	0.65000
3	0.03092	0.02294	0.02456	0.01898	0.02551	0.02545	0.01563	0.59310	0.07556	0.05129	0.02079	0.02061	0.01481	0.01005	0.00832	0.00251	0.00899	0.00760	0.00832	0.01407
4	0.01890	0.02076	0.04313	0.06259	0.09171	0.02024	0.48039	0.02505	0.01882	0.02574	0.01792	0.06047	0.01488	0.00860	0.01065	0.00285	0.05192	0.01014	0.00434	0.01091
5	0.01443	0.00722	0.01082	0.01082	0.01082	0.00722	0.00722	0.01082	0.01082	0.01443	0.01443	0.02525	0.01443	0.02886	0.03247	0.75830	0.00722	0.00722	0.00361	0.00361
6	0.01666	0.04297	0.66500	0.02368	0.03596	0.01929	0.03069	0.02631	0.01754	0.02631	0.01491	0.01754	0.01052	0.00789	0.00789	0.00263	0.01228	0.00614	0.00351	0.01228
7	0.01158	0.00871	0.00987	0.00985	0.01244	0.00760	0.00757	0.01421	0.01988	0.04871	0.18410	0.10198	0.43621	0.02026	0.00995	0.00288	0.00462	0.07401	0.00808	0.00749
8	0.01698	0.08167	0.62911	0.02313	0.03511	0.02008	0.02974	0.02623	0.01750	0.02592	0.01471	0.01730	0.01053	0.00785	0.00774	0.00258	0.01208	0.00604	0.00351	0.01218
9	0.01666	0.04297	0.66500	0.02368	0.03596	0.01929	0.03069	0.02631	0.01754	0.02631	0.01491	0.01754	0.01052	0.00789	0.00789	0.00263	0.01228	0.00614	0.00351	0.01228
10	0.02110	0.01821	0.02074	0.04889	0.07923	0.02080	0.01482	0.07694	0.52311	0.03457	0.03055	0.02903	0.02299	0.01072	0.00842	0.00277	0.00721	0.00901	0.00786	0.01304
11	0.01154	0.00977	0.03712	0.01080	0.01317	0.00809	0.00854	0.01522	0.02196	0.03045	0.49338	0.11912	0.15381	0.01798	0.00979	0.00271	0.00438	0.01577	0.00859	0.00781
12	0.01569	0.01477	0.02492	0.68808	0.05722	0.01846	0.02307	0.02123	0.01661	0.02123	0.01477	0.02215	0.01107	0.00831	0.00831	0.00277	0.01107	0.00738	0.00369	0.00923
13	0.01208	0.00805	0.00906	0.00906	0.00906	0.00805	0.00503	0.01208	0.01208	0.01611	0.02618	0.05436	0.03020	0.70804	0.04228	0.00805	0.00805	0.01208	0.00503	0.00503
14	0.01979	0.04445	0.03302	0.04510	0.53904	0.01925	0.05993	0.02468	0.01929	0.02737	0.07153	0.02406	0.01877	0.00821	0.00835	0.00247	0.00956	0.00811	0.00454	0.01248
15	0.02204	0.44091	0.20276	0.01772	0.02577	0.12210	0.01878	0.02645	0.01801	0.02142	0.01261	0.01466	0.01063	0.00752	0.00631	0.00205	0.01065	0.00502	0.00365	0.01093
16	0.01012	0.00723	0.00964	0.01157	0.01205	0.00675	0.00771	0.01157	0.01591	0.02121	0.04579	0.70262	0.05495	0.02603	0.01060	0.00337	0.00482	0.02362	0.00771	0.00675
17	0.01187	0.00890	0.01335	0.01335	0.01483	0.01038	0.01038	0.01483	0.01335	0.01928	0.02225	0.03264	0.02077	0.06231	0.67512	0.01335	0.02225	0.00890	0.00445	0.00742
18	0.02221	0.71304	0.04353	0.01421	0.02132	0.03287	0.01421	0.02488	0.01688	0.01955	0.01155	0.01333	0.01066	0.00711	0.00533	0.00178	0.00888	0.00444	0.00355	0.01066
19	0.01965	0.02294	0.08063	0.09111	0.04340	0.02091	0.51131	0.05375	0.02012	0.02730	0.01666	0.02200	0.01242	0.00730	0.00950	0.00277	0.01343	0.00928	0.00431	0.01123
20	0.02297	0.65541	0.04182	0.01483	0.02170	0.08780	0.01437	0.02559	0.01745	0.01961	0.01166	0.01347	0.01066	0.00723	0.00552	0.00181	0.00941	0.00452	0.00362	0.01057
21	0.04975	0.02137	0.03307	0.07587	0.48753	0.07739	0.08263	0.02603	0.01910	0.02659	0.01530	0.02006	0.01263	0.00752	0.00820	0.00249	0.01065	0.00734	0.00415	0.01231
22	0.02275	0.67222	0.04232	0.01465	0.02159	0.07177	0.01433	0.02538	0.01728	0.01959	0.01163	0.01343	0.01066	0.00720	0.00546	0.00180	0.00925	0.00450	0.00360	0.01060
23	0.76672	0.01607	0.01221	0.01092	0.01607	0.01864	0.00900	0.02442	0.01414	0.03727	0.01157	0.01350	0.00900	0.00771	0.00514	0.00257	0.00643	0.00450	0.00514	0.00900
24	0.01974	0.01911	0.03322	0.15022	0.52667	0.01961	0.05980	0.02489	0.01859	0.02618	0.01556	0.02092	0.01280	0.00752	0.00833	0.00253	0.01030	0.00754	0.00405	0.01243
25	0.01012	0.00723	0.00964	0.01157	0.01205	0.00675	0.00771	0.01157	0.01591	0.02121	0.04579	0.70262	0.05495	0.02603	0.01060	0.00337	0.00482	0.02362	0.00771	0.00675
26	0.05784	0.13496	0.02597	0.01997	0.02469	0.55792	0.01552	0.03165	0.02223	0.02087	0.01261	0.01469	0.01063	0.00832	0.00709	0.00210	0.01378	0.00519	0.00421	0.00975
27	0.01535	0.01425	0.02390	0.62870	0.05349	0.01775	0.02195	0.02066	0.01632	0.02105	0.01542	0.02307	0.01193	0.01306	0.06698	0.00370	0.01206	0.00752	0.00376	0.00907
28	0.02021	0.36911	0.33524	0.01869	0.02821	0.02564	0.02189	0.02618	0.01747	0.04879	0.01399	0.01592	0.01100	0.00761	0.00666	0.00221	0.01041	0.00540	0.00380	0.01156
29	0.01666	0.04297	0.66500	0.02368	0.03596	0.01929	0.03069	0.02631	0.01754	0.02631	0.01491	0.01754	0.01052	0.00789	0.00789	0.00263	0.01228	0.00614	0.00351	0.01228
30	0.01961	0.02241	0.04902	0.03501	0.04342	0.02101	0.62605	0.02661	0.01961	0.02661	0.01681	0.02241	0.01261	0.00700	0.00980	0.00280	0.01401	0.00980	0.00420	0.01120
31	0.01012	0.00723	0.00964	0.01157	0.01205	0.00675	0.00771	0.01157	0.01591	0.02121	0.04579	0.70262	0.05495	0.02603	0.01060	0.00337	0.00482	0.02362	0.00771	0.00675
32	0.01529	0.01423	0.02359	0.60318	0.05189	0.01769	0.02153	0.02033	0.01640	0.02118	0.01735	0.08188	0.01493	0.01010	0.00923	0.00285	0.03648	0.00881	0.00404	0.00900
33	0.01443	0.00722	0.01082	0.01082	0.01082	0.00722	0.00722	0.01082	0.01082	0.01443	0.01443	0.02525	0.01443	0.02886	0.03247	0.75830	0.00722	0.00722	0.00361	0.00361
34	0.01146	0.00848	0.01069	0.01014	0.01223	0.00771	0.00760	0.01510	0.02281	0.03165	0.56486	0.06480	0.16640	0.01760	0.00980	0.00264	0.00396	0.01541	0.00893	0.00771
35	0.03727	0.01414	0.01928	0.01478	0.02121	0.01221	0.01221	0.04049	0.02378	0.66198	0.03277	0.02828	0.02056	0.01028	0.00835	0.00257	0.00707	0.00835	0.01028	0.01414
36	0.01723	0.01477	0.01723	0.01230	0.01969	0.01107	0.00984	0.02092	0.01723	0.02707	0.01477	0.01723	0.01230	0.00615	0.00615	0.00123	0.00615	0.00492	0.00492	0.75883
37	0.03103	0.03959	0.02354	0.02140	0.02568	0.67469	0.01605	0.03317	0.02354	0.02033	0.01284	0.01498	0.01070	0.00856	0.00749	0.00214	0.01498	0.00535	0.00428	0.00963
38	0.06834	0.02291	0.02430	0.01870	0.02528	0.02541	0.01545	0.59832	0.03781	0.05160	0.01953	0.01962	0.01387	0.00986	0.00815	0.00250	0.00901	0.00733	0.00815	0.01387
39	0.01187	0.00890	0.01335	0.01335	0.01483	0.01038	0.01038	0.01483	0.01335	0.01928	0.02225	0.03264	0.02077	0.06231	0.67512	0.01335	0.02225	0.00890	0.00445	0.00742
40	0.72313	0.01563	0.01215	0.01090	0.01585	0.01801	0.00893	0.02392	0.01468	0.03704	0.04854	0.01630	0.01300	0.00825	0.00541	0.00257	0.00628	0.00511	0.00537	0.00893
41	0.03028	0.02202	0.02376	0.01858	0.02493	0.02434	0.01523	0.51420	0.12580	0.08028	0.02260	0.02197	0.01608	0.01018	0.00833	0.00254	0.00866	0.00780	0.00843	0.01399
