[name]
unknown

[dist]
# distance from previous block
# <min> <max>
5	54

[block]
# block no. 0 follows, 25 sequences, length 149
# corresponding to MSA columns:
# 55-203
name=unknown_A
#
# <colnr> <probs for GDERKNQSTAVLIFYWHMCP>
#	G	D	E	R	K	N	Q	S	T	A	V	L	I	F	Y	W	H	M	C	P
0	0.01381	0.01100	0.01159	0.01107	0.01381	0.04328	0.00851	0.05316	0.07146	0.05281	0.17591	0.12523	0.29617	0.01720	0.00901	0.00266	0.00523	0.06266	0.00748	0.00795
1	0.01780	0.02160	0.15815	0.03119	0.28463	0.01738	0.10148	0.05568	0.07829	0.02741	0.08225	0.02629	0.02011	0.00887	0.00809	0.00247	0.00920	0.03298	0.00490	0.01123
2	0.01847	0.01577	0.02136	0.09128	0.02522	0.01531	0.08518	0.15911	0.02087	0.02947	0.04658	0.04442	0.04167	0.00873	0.00801	0.00200	0.03618	0.00740	0.00539	0.31759
3	0.01614	0.01465	0.02562	0.33072	0.03823	0.01615	0.16837	0.05183	0.05630	0.02222	0.01668	0.04975	0.01378	0.01143	0.01178	0.12561	0.00983	0.00813	0.00418	0.00858
4	0.01621	0.03604	0.56125	0.02629	0.12669	0.01815	0.05881	0.02446	0.01665	0.02468	0.01410	0.01700	0.01027	0.00726	0.00750	0.00244	0.01122	0.00607	0.00339	0.01153
5	0.01777	0.01752	0.02579	0.02406	0.09784	0.02292	0.05116	0.04384	0.01382	0.02091	0.01130	0.01749	0.01062	0.01226	0.02185	0.00318	0.56787	0.00693	0.00364	0.00921
6	0.05386	0.01076	0.05288	0.01150	0.01433	0.00898	0.00966	0.01751	0.02024	0.08223	0.43126	0.09192	0.05664	0.01555	0.00894	0.00262	0.00499	0.09026	0.00785	0.00802
7	0.02073	0.73217	0.04063	0.01327	0.01990	0.03068	0.01327	0.02322	0.01575	0.01824	0.01078	0.01244	0.00995	0.00663	0.00498	0.00166	0.00829	0.00415	0.00332	0.00995
8	0.01170	0.00850	0.01137	0.01238	0.01398	0.00835	0.00994	0.01558	0.04584	0.02489	0.20644	0.22033	0.05268	0.02015	0.01000	0.00314	0.00559	0.30438	0.00755	0.00721
9	0.05280	0.00866	0.01090	0.01156	0.01356	0.00831	0.00923	0.01536	0.01788	0.05524	0.15628	0.20383	0.14332	0.01945	0.00959	0.00302	0.00542	0.24092	0.00740	0.00726
10	0.01108	0.00831	0.01246	0.01246	0.01385	0.00969	0.00969	0.01385	0.01246	0.01800	0.02077	0.03046	0.01938	0.05815	0.69678	0.01246	0.02077	0.00831	0.00415	0.00692
11	0.00986	0.00840	0.00856	0.00842	0.01112	0.00736	0.00634	0.01313	0.05770	0.02209	0.10109	0.07110	0.61015	0.01891	0.00908	0.00261	0.00405	0.01580	0.00730	0.00693
12	0.02980	0.02119	0.02294	0.01759	0.02378	0.02327	0.01453	0.61541	0.03558	0.08798	0.01935	0.01909	0.01356	0.00933	0.00776	0.00233	0.00841	0.00703	0.00787	0.01319
13	0.01060	0.00884	0.00942	0.00943	0.01209	0.00809	0.00731	0.01477	0.08142	0.02274	0.09394	0.07089	0.51702	0.01879	0.00921	0.00272	0.00449	0.08370	0.00732	0.00721
14	0.01555	0.04011	0.68733	0.02210	0.03356	0.01801	0.02865	0.02455	0.01637	0.02455	0.01391	0.01637	0.00982	0.00737	0.00737	0.00246	0.01146	0.00573	0.00327	0.01146
15	0.05201	0.01605	0.01721	0.01498	0.01955	0.01781	0.01190	0.13390	0.40418	0.08854	0.03296	0.03261	0.07749	0.01132	0.00795	0.00259	0.00640	0.03310	0.00780	0.01165
16	0.02741	0.01325	0.01665	0.01362	0.01850	0.01277	0.01087	0.03502	0.18174	0.42425	0.09228	0.03133	0.02595	0.04819	0.00962	0.00273	0.00625	0.00882	0.00881	0.01196
17	0.00939	0.00786	0.00817	0.00810	0.01061	0.00664	0.00607	0.01157	0.01822	0.02224	0.15464	0.07249	0.59909	0.01915	0.00916	0.00260	0.00389	0.01607	0.00737	0.00664
18	0.03454	0.01360	0.01824	0.01399	0.01999	0.01199	0.01155	0.06672	0.02286	0.65463	0.03003	0.02603	0.01891	0.00958	0.00780	0.00240	0.00669	0.00776	0.00951	0.01319
19	0.00979	0.00701	0.00931	0.01056	0.01132	0.00653	0.00722	0.01167	0.01645	0.02235	0.18600	0.57188	0.05624	0.02238	0.00973	0.00299	0.00431	0.02023	0.00750	0.00653
20	0.03309	0.01282	0.01745	0.01351	0.01921	0.01110	0.01110	0.03614	0.02217	0.63790	0.07656	0.02864	0.02304	0.01004	0.00789	0.00240	0.00639	0.00824	0.00952	0.01278
21	0.02978	0.02123	0.02297	0.01761	0.02380	0.02333	0.01455	0.61830	0.03564	0.08500	0.01930	0.01906	0.01353	0.00932	0.00776	0.00233	0.00842	0.00703	0.00786	0.01319
22	0.01223	0.00820	0.01077	0.00997	0.01202	0.00753	0.00753	0.01585	0.02196	0.06560	0.64101	0.05625	0.07031	0.01552	0.00907	0.00244	0.00381	0.01369	0.00859	0.00763
23	0.00999	0.00720	0.00952	0.01086	0.01175	0.00674	0.00769	0.01196	0.01641	0.02202	0.14676	0.52516	0.07905	0.02245	0.00983	0.00305	0.00460	0.08100	0.00741	0.00656
24	0.78228	0.01499	0.01140	0.01020	0.01499	0.01739	0.00840	0.02279	0.01320	0.03479	0.01080	0.01260	0.00840	0.00720	0.00480	0.00240	0.00600	0.00420	0.00480	0.00840
25	0.02896	0.03695	0.02197	0.01998	0.02397	0.69638	0.01498	0.03096	0.02197	0.01898	0.01199	0.01398	0.00999	0.00799	0.00699	0.00200	0.01398	0.00499	0.00400	0.00899
26	0.01081	0.00792	0.01014	0.00958	0.01148	0.00725	0.00719	0.01431	0.02156	0.03017	0.62074	0.05944	0.12804	0.01620	0.00915	0.00246	0.00368	0.01424	0.00841	0.00725
27	0.00945	0.00675	0.00900	0.01080	0.01125	0.00630	0.00720	0.01080	0.01484	0.01979	0.04274	0.72245	0.05128	0.02429	0.00990	0.00315	0.00450	0.02204	0.00720	0.00630
28	0.01071	0.00792	0.01000	0.00948	0.01142	0.00720	0.00711	0.01412	0.02132	0.02960	0.58745	0.06037	0.16169	0.01641	0.00915	0.00247	0.00370	0.01437	0.00834	0.00720
29	0.01083	0.00792	0.01017	0.00960	0.01150	0.00726	0.00720	0.01436	0.02161	0.03029	0.62793	0.05924	0.12078	0.01615	0.00915	0.00245	0.00368	0.01421	0.00843	0.00726
30	0.01115	0.00730	0.00967	0.01097	0.01193	0.00675	0.00760	0.01277	0.01571	0.06118	0.06061	0.61255	0.07415	0.02287	0.00975	0.00308	0.00468	0.04311	0.00738	0.00679
31	0.01427	0.00865	0.01142	0.01031	0.01272	0.00788	0.00788	0.01783	0.02198	0.12145	0.58593	0.05356	0.06570	0.01499	0.00896	0.00243	0.00406	0.01316	0.00868	0.00813
32	0.01097	0.00793	0.01036	0.00975	0.01158	0.00732	0.00732	0.01463	0.02195	0.03109	0.67505	0.05792	0.07316	0.01585	0.00914	0.00244	0.00366	0.01402	0.00854	0.00732
33	0.04778	0.00997	0.01184	0.03781	0.01461	0.01066	0.00869	0.08064	0.01754	0.08013	0.02282	0.02713	0.01820	0.02204	0.18970	0.00479	0.00925	0.00740	0.37069	0.00830
34	0.01196	0.01077	0.04464	0.01177	0.01400	0.03658	0.00964	0.01541	0.01942	0.02643	0.37049	0.13716	0.08050	0.01962	0.04841	0.00328	0.00615	0.11902	0.00739	0.00739
35	0.02899	0.03609	0.02205	0.01985	0.02397	0.65816	0.01497	0.06633	0.02280	0.02068	0.01236	0.01425	0.01017	0.00806	0.00703	0.00202	0.01367	0.00511	0.00421	0.00923
36	0.01530	0.01496	0.02673	0.57319	0.05007	0.01738	0.12513	0.02063	0.01599	0.02083	0.01410	0.02055	0.01061	0.00748	0.00791	0.00254	0.01063	0.00719	0.00356	0.03522
37	0.06129	0.07285	0.01934	0.01378	0.01949	0.01373	0.01154	0.03535	0.07024	0.52637	0.02867	0.02740	0.01939	0.00981	0.00757	0.00240	0.00670	0.03301	0.00865	0.01242
38	0.00945	0.00675	0.00900	0.01080	0.01125	0.00630	0.00720	0.01080	0.01484	0.01979	0.04274	0.72245	0.05128	0.02429	0.00990	0.00315	0.00450	0.02204	0.00720	0.00630
39	0.01490	0.01420	0.02409	0.64827	0.05120	0.01766	0.04385	0.01993	0.01541	0.01993	0.01366	0.02048	0.01038	0.00802	0.00874	0.00263	0.04756	0.00697	0.00346	0.00867
40	0.02474	0.39694	0.03182	0.01625	0.02186	0.27535	0.01406	0.09609	0.02035	0.02192	0.01209	0.01369	0.01032	0.00743	0.00603	0.00186	0.01042	0.00477	0.00406	0.00996
41	0.02016	0.01566	0.01726	0.01462	0.01973	0.01649	0.01150	0.03603	0.45484	0.09761	0.02750	0.02581	0.02050	0.00936	0.00740	0.00228	0.00610	0.00774	0.00733	0.18210
42	0.01929	0.01666	0.01753	0.01578	0.02016	0.01929	0.01227	0.04120	0.66513	0.03243	0.03156	0.02893	0.02367	0.01052	0.00789	0.00263	0.00614	0.00877	0.00789	0.01227
43	0.01128	0.00752	0.00846	0.00846	0.00846	0.00752	0.00470	0.01128	0.01128	0.01503	0.02443	0.05074	0.02819	0.72751	0.03946	0.00752	0.00752	0.01128	0.00470	0.00470
44	0.01626	0.00940	0.00966	0.00887	0.01129	0.00967	0.00679	0.11073	0.01911	0.03089	0.02708	0.03063	0.05372	0.03710	0.00726	0.00214	0.00450	0.00783	0.58910	0.00797
45	0.01128	0.00752	0.00846	0.00846	0.00846	0.00752	0.00470	0.01128	0.01128	0.01503	0.02443	0.05074	0.02819	0.72751	0.03946	0.00752	0.00752	0.01128	0.00470	0.00470
46	0.00916	0.00785	0.00785	0.00785	0.01047	0.00655	0.00589	0.01113	0.01767	0.02095	0.07855	0.07462	0.67599	0.01964	0.00916	0.00262	0.00393	0.01636	0.00720	0.00655
47	0.01590	0.00901	0.01194	0.01059	0.01328	0.00816	0.00816	0.01942	0.02200	0.16615	0.54184	0.05140	0.06201	0.01456	0.00887	0.00243	0.00427	0.01274	0.00875	0.00853
48	0.02947	0.02172	0.02327	0.01784	0.02404	0.02404	0.01474	0.65329	0.03646	0.04887	0.01862	0.01862	0.01319	0.00931	0.00776	0.00233	0.00853	0.00698	0.00776	0.01319
49	0.00945	0.00675	0.00900	0.01080	0.01125	0.00630	0.00720	0.01080	0.01484	0.01979	0.04274	0.72245	0.05128	0.02429	0.00990	0.00315	0.00450	0.02204	0.00720	0.00630
50	0.03479	0.01320	0.01799	0.01380	0.01979	0.01140	0.01140	0.03779	0.02219	0.68451	0.03059	0.02639	0.01919	0.00960	0.00780	0.00240	0.00660	0.00780	0.00960	0.01320
51	0.05901	0.00824	0.01040	0.01053	0.01225	0.00785	0.00777	0.01490	0.01882	0.05498	0.36227	0.27910	0.05809	0.01817	0.00915	0.00273	0.00438	0.04625	0.00783	0.00728
52	0.03479	0.01320	0.01799	0.01380	0.01979	0.01140	0.01140	0.03779	0.02219	0.68451	0.03059	0.02639	0.01919	0.00960	0.00780	0.00240	0.00660	0.00780	0.00960	0.01320
53	0.02073	0.73217	0.04063	0.01327	0.01990	0.03068	0.01327	0.02322	0.01575	0.01824	0.01078	0.01244	0.00995	0.00663	0.00498	0.00166	0.00829	0.00415	0.00332	0.00995
54	0.00916	0.00785	0.00785	0.00785	0.01047	0.00655	0.00589	0.01113	0.01767	0.02095	0.07855	0.07462	0.67599	0.01964	0.00916	0.00262	0.00393	0.01636	0.00720	0.00655
55	0.03356	0.01347	0.01796	0.01395	0.01982	0.01202	0.01147	0.03806	0.07299	0.63300	0.03067	0.02659	0.01955	0.00967	0.00780	0.00242	0.00656	0.00787	0.00946	0.01312
56	0.01097	0.00793	0.01036	0.00975	0.01158	0.00732	0.00732	0.01463	0.02195	0.03109	0.67505	0.05792	0.07316	0.01585	0.00914	0.00244	0.00366	0.01402	0.00854	0.00732
57	0.78228	0.01499	0.01140	0.01020	0.01499	0.01739	0.00840	0.02279	0.01320	0.03479	0.01080	0.01260	0.00840	0.00720	0.00480	0.00240	0.00600	0.00420	0.00480	0.00840
58	0.01933	0.01050	0.01337	0.01167	0.01498	0.00976	0.00905	0.07523	0.02189	0.22591	0.28882	0.14556	0.09182	0.01495	0.00874	0.00254	0.00510	0.01292	0.00849	0.00937
59	0.00945	0.00675	0.00900	0.01080	0.01125	0.00630	0.00720	0.01080	0.01484	0.01979	0.04274	0.72245	0.05128	0.02429	0.00990	0.00315	0.00450	0.02204	0.00720	0.00630
60	0.01244	0.00825	0.01083	0.01000	0.01209	0.00757	0.00757	0.01606	0.02196	0.07130	0.63539	0.05598	0.06984	0.01547	0.00906	0.00244	0.00384	0.01364	0.00860	0.00768
61	0.00916	0.00785	0.00785	0.00785	0.01047	0.00655	0.00589	0.01113	0.01767	0.02095	0.07855	0.07462	0.67599	0.01964	0.00916	0.00262	0.00393	0.01636	0.00720	0.00655
62	0.01608	0.01378	0.01608	0.01148	0.01837	0.01034	0.00919	0.01952	0.01608	0.02527	0.01378	0.01608	0.01148	0.00574	0.00574	0.00115	0.00574	0.00459	0.00459	0.77491
63	0.01087	0.00716	0.00955	0.01089	0.01172	0.00663	0.00743	0.01245	0.01567	0.05545	0.08100	0.64494	0.05094	0.02300	0.00974	0.00307	0.00456	0.02080	0.00741	0.00672
64	0.03479	0.01320	0.01799	0.01380	0.01979	0.01140	0.01140	0.03779	0.02219	0.68451	0.03059	0.02639	0.01919	0.00960	0.00780	0.00240	0.00660	0.00780	0.00960	0.01320
65	0.00978	0.00788	0.00871	0.00850	0.01085	0.00681	0.00638	0.01232	0.01913	0.02440	0.28152	0.06894	0.47086	0.01835	0.00916	0.00256	0.00384	0.01557	0.00765	0.00681
66	0.01089	0.00826	0.00996	0.00948	0.01154	0.00764	0.00706	0.01475	0.04787	0.02796	0.47174	0.06058	0.22031	0.04543	0.01033	0.00270	0.00399	0.01427	0.00802	0.00723
67	0.00941	0.00782	0.00823	0.00822	0.01065	0.00664	0.00613	0.01157	0.01812	0.02222	0.15477	0.09825	0.57264	0.01933	0.00919	0.00262	0.00392	0.01629	0.00737	0.00664
68	0.02895	0.06098	0.02404	0.01784	0.02382	0.10113	0.01469	0.54898	0.03371	0.04384	0.01744	0.01776	0.01265	0.00902	0.00752	0.00225	0.00914	0.00660	0.00709	0.01254
69	0.01050	0.00761	0.01092	0.01195	0.01289	0.00721	0.03096	0.01216	0.01543	0.02060	0.07109	0.53597	0.04773	0.02301	0.01120	0.05061	0.00526	0.10158	0.00690	0.00643
70	0.74195	0.01632	0.04695	0.01082	0.01597	0.01743	0.00946	0.02288	0.01336	0.03425	0.01096	0.01279	0.00847	0.00721	0.00493	0.00240	0.00629	0.00428	0.00472	0.00856
71	0.01027	0.00739	0.00890	0.00963	0.01040	0.00706	0.00637	0.01139	0.01404	0.01829	0.04129	0.29968	0.15327	0.28368	0.05473	0.00514	0.00642	0.04010	0.00613	0.00582
72	0.02022	0.02219	0.05276	0.15263	0.25213	0.17669	0.05519	0.05954	0.01908	0.02358	0.01713	0.02111	0.03997	0.01053	0.04184	0.00282	0.01115	0.00701	0.00417	0.01026
73	0.01929	0.01666	0.01753	0.01578	0.02016	0.01929	0.01227	0.04120	0.66513	0.03243	0.03156	0.02893	0.02367	0.01052	0.00789	0.00263	0.00614	0.00877	0.00789	0.01227
74	0.01807	0.02018	0.05851	0.02856	0.03533	0.01912	0.48493	0.04886	0.01809	0.02502	0.01620	0.04819	0.01318	0.00803	0.01049	0.00262	0.08084	0.00901	0.00417	0.05061
75	0.01144	0.00750	0.00839	0.00839	0.00849	0.00750	0.00474	0.01163	0.01154	0.01577	0.02448	0.04959	0.02775	0.68956	0.03767	0.00722	0.00731	0.01106	0.04515	0.00483
76	0.01109	0.00827	0.01225	0.01225	0.01356	0.00958	0.00943	0.01371	0.01240	0.01784	0.02096	0.03153	0.01985	0.09336	0.66221	0.01220	0.02007	0.00846	0.00418	0.00681
77	0.01929	0.01666	0.01753	0.01578	0.02016	0.01929	0.01227	0.04120	0.66513	0.03243	0.03156	0.02893	0.02367	0.01052	0.00789	0.00263	0.00614	0.00877	0.00789	0.01227
78	0.01445	0.00723	0.00723	0.00723	0.00903	0.00723	0.00542	0.01807	0.01626	0.02891	0.02529	0.02891	0.01987	0.00903	0.00542	0.00181	0.00361	0.00723	0.77055	0.00723
79	0.00945	0.00675	0.00900	0.01080	0.01125	0.00630	0.00720	0.01080	0.01484	0.01979	0.04274	0.72245	0.05128	0.02429	0.00990	0.00315	0.00450	0.02204	0.00720	0.00630
80	0.01213	0.00864	0.00952	0.00926	0.01014	0.00869	0.00580	0.03946	0.05049	0.01841	0.03272	0.07554	0.11748	0.53425	0.03112	0.00619	0.00688	0.01204	0.00544	0.00579
81	0.00942	0.00684	0.00891	0.01056	0.01118	0.00632	0.00709	0.01082	0.01507	0.01989	0.04560	0.67066	0.10122	0.02392	0.00984	0.00311	0.00445	0.02159	0.00720	0.00632
82	0.02988	0.02107	0.02287	0.01753	0.02372	0.02308	0.01448	0.60638	0.03537	0.09731	0.01953	0.01921	0.01364	0.00933	0.00776	0.00233	0.00838	0.00704	0.00790	0.01319
83	0.01574	0.00846	0.00860	0.00813	0.01031	0.00866	0.00621	0.07226	0.01798	0.03061	0.02472	0.02803	0.01930	0.00906	0.00562	0.00185	0.00403	0.00721	0.70547	0.00774
84	0.00945	0.00675	0.00900	0.01080	0.01125	0.00630	0.00720	0.01080	0.01484	0.01979	0.04274	0.72245	0.05128	0.02429	0.00990	0.00315	0.00450	0.02204	0.00720	0.00630
85	0.00966	0.00698	0.00914	0.01050	0.01126	0.00646	0.00715	0.01138	0.01603	0.02151	0.13737	0.59274	0.08547	0.02282	0.00975	0.00302	0.00435	0.02058	0.00739	0.00646
86	0.00969	0.00694	0.00922	0.01063	0.01130	0.00646	0.00722	0.01141	0.01599	0.02161	0.14456	0.61544	0.05480	0.02293	0.00978	0.00303	0.00436	0.02075	0.00741	0.00646
87	0.01529	0.01072	0.01217	0.01131	0.01459	0.01031	0.00906	0.08484	0.07117	0.09093	0.09423	0.06153	0.34707	0.01691	0.00904	0.00272	0.00537	0.11663	0.00762	0.00849
88	0.00918	0.00779	0.00792	0.00802	0.01052	0.00653	0.00597	0.01111	0.01751	0.02088	0.07651	0.11144	0.64049	0.01990	0.00921	0.00265	0.00396	0.01669	0.00720	0.00653
89	0.01929	0.01666	0.01753	0.01578	0.02016	0.01929	0.01227	0.04120	0.66513	0.03243	0.03156	0.02893	0.02367	0.01052	0.00789	0.00263	0.00614	0.00877	0.00789	0.01227
90	0.01830	0.02092	0.04575	0.03268	0.04052	0.01961	0.65098	0.02484	0.01830	0.02484	0.01569	0.02092	0.01176	0.00654	0.00915	0.00261	0.01307	0.00915	0.00392	0.01046
91	0.07971	0.01995	0.02110	0.01651	0.02220	0.02209	0.01355	0.53624	0.05768	0.04579	0.04680	0.02064	0.01606	0.00948	0.00753	0.00233	0.00788	0.00717	0.03493	0.01236
92	0.02947	0.02172	0.02327	0.01784	0.02404	0.02404	0.01474	0.65329	0.03646	0.04887	0.01862	0.01862	0.01319	0.00931	0.00776	0.00233	0.00853	0.00698	0.00776	0.01319
93	0.00916	0.00785	0.00785	0.00785	0.01047	0.00655	0.00589	0.01113	0.01767	0.02095	0.07855	0.07462	0.67599	0.01964	0.00916	0.00262	0.00393	0.01636	0.00720	0.00655
94	0.00954	0.00679	0.00897	0.01068	0.01111	0.00636	0.00707	0.01082	0.01467	0.01956	0.04183	0.68914	0.05014	0.05916	0.01136	0.00337	0.00465	0.02151	0.00707	0.00622
95	0.02947	0.02172	0.02327	0.01784	0.02404	0.02404	0.01474	0.65329	0.03646	0.04887	0.01862	0.01862	0.01319	0.00931	0.00776	0.00233	0.00853	0.00698	0.00776	0.01319
96	0.00945	0.00675	0.00900	0.01080	0.01125	0.00630	0.00720	0.01080	0.01484	0.01979	0.04274	0.72245	0.05128	0.02429	0.00990	0.00315	0.00450	0.02204	0.00720	0.00630
97	0.00966	0.00690	0.00924	0.01104	0.01158	0.00648	0.00756	0.01116	0.01505	0.02003	0.04262	0.67862	0.05082	0.02409	0.00995	0.00318	0.00468	0.06379	0.00719	0.00636
98	0.03479	0.01320	0.01799	0.01380	0.01979	0.01140	0.01140	0.03779	0.02219	0.68451	0.03059	0.02639	0.01919	0.00960	0.00780	0.00240	0.00660	0.00780	0.00960	0.01320
99	0.00916	0.00785	0.00785	0.00785	0.01047	0.00655	0.00589	0.01113	0.01767	0.02095	0.07855	0.07462	0.67599	0.01964	0.00916	0.00262	0.00393	0.01636	0.00720	0.00655
100	0.03479	0.01320	0.01799	0.01380	0.01979	0.01140	0.01140	0.03779	0.02219	0.68451	0.03059	0.02639	0.01919	0.00960	0.00780	0.00240	0.00660	0.00780	0.00960	0.01320
101	0.00943	0.00785	0.00814	0.00808	0.01051	0.00666	0.00599	0.01150	0.01787	0.02177	0.13837	0.07195	0.58799	0.04700	0.01035	0.00279	0.00404	0.01592	0.00724	0.00655
102	0.02073	0.73217	0.04063	0.01327	0.01990	0.03068	0.01327	0.02322	0.01575	0.01824	0.01078	0.01244	0.00995	0.00663	0.00498	0.00166	0.00829	0.00415	0.00332	0.00995
103	0.01464	0.01378	0.02326	0.70887	0.05340	0.01723	0.02153	0.01981	0.01550	0.01981	0.01378	0.02067	0.01034	0.00775	0.00775	0.00258	0.01034	0.00689	0.00345	0.00861
104	0.01113	0.00808	0.01132	0.01132	0.01231	0.00907	0.00827	0.01311	0.01212	0.01715	0.02181	0.03625	0.02190	0.24915	0.50922	0.01105	0.01699	0.00915	0.00431	0.00629
105	0.00945	0.00675	0.00900	0.01080	0.01125	0.00630	0.00720	0.01080	0.01484	0.01979	0.04274	0.72245	0.05128	0.02429	0.00990	0.00315	0.00450	0.02204	0.00720	0.00630
106	0.01474	0.01391	0.02328	0.68125	0.05208	0.01749	0.02135	0.01976	0.01536	0.01976	0.01364	0.02052	0.01033	0.00799	0.00846	0.00262	0.03853	0.00689	0.00344	0.00861
107	0.01037	0.00790	0.00953	0.00913	0.01122	0.00706	0.00684	0.01347	0.02053	0.02773	0.47745	0.06345	0.27286	0.01711	0.00915	0.00250	0.00375	0.01480	0.00809	0.00706
108	0.01893	0.01816	0.03100	0.08518	0.64357	0.01835	0.02367	0.02357	0.01753	0.02502	0.01454	0.01927	0.01217	0.00696	0.00768	0.00232	0.00928	0.00691	0.00382	0.01207
109	0.00916	0.00785	0.00785	0.00785	0.01047	0.00655	0.00589	0.01113	0.01767	0.02095	0.07855	0.07462	0.67599	0.01964	0.00916	0.00262	0.00393	0.01636	0.00720	0.00655
110	0.01608	0.01378	0.01608	0.01148	0.01837	0.01034	0.00919	0.01952	0.01608	0.02527	0.01378	0.01608	0.01148	0.00574	0.00574	0.00115	0.00574	0.00459	0.00459	0.77491
111	0.01819	0.01570	0.01648	0.01492	0.01911	0.01790	0.01158	0.03793	0.59476	0.03119	0.03667	0.03389	0.09457	0.01151	0.00803	0.00263	0.00590	0.00959	0.00781	0.01165
112	0.01550	0.01466	0.02481	0.58372	0.17183	0.01745	0.02196	0.02056	0.01591	0.02086	0.01393	0.02039	0.01070	0.00759	0.00774	0.00253	0.01012	0.00689	0.00352	0.00931
113	0.01108	0.00831	0.01246	0.01246	0.01385	0.00969	0.00969	0.01385	0.01246	0.01800	0.02077	0.03046	0.01938	0.05815	0.69678	0.01246	0.02077	0.00831	0.00415	0.00692
114	0.06441	0.02566	0.02217	0.01804	0.02348	0.21819	0.01444	0.42531	0.04987	0.03906	0.01671	0.01730	0.01235	0.00886	0.00740	0.00224	0.00992	0.00633	0.00653	0.01172
115	0.01449	0.11694	0.01590	0.01129	0.01491	0.01396	0.00906	0.06939	0.14633	0.02490	0.05109	0.11565	0.33595	0.01557	0.00826	0.00251	0.00542	0.01289	0.00681	0.00867
116	0.00952	0.00787	0.00835	0.00823	0.01069	0.00670	0.00617	0.01182	0.01852	0.02295	0.19660	0.07131	0.55668	0.01889	0.00916	0.00258	0.00387	0.01590	0.00746	0.00670
117	0.01113	0.00803	0.01059	0.01023	0.01206	0.00749	0.00786	0.01478	0.02152	0.03026	0.60822	0.06103	0.07015	0.01644	0.00931	0.00256	0.00403	0.07863	0.00839	0.00730
118	0.01929	0.01666	0.01753	0.01578	0.02016	0.01929	0.01227	0.04120	0.66513	0.03243	0.03156	0.02893	0.02367	0.01052	0.00789	0.00263	0.00614	0.00877	0.00789	0.01227
119	0.01844	0.02129	0.05883	0.02881	0.03602	0.05238	0.49767	0.02422	0.01783	0.02423	0.01494	0.01970	0.01150	0.00695	0.00956	0.00247	0.05210	0.00823	0.00395	0.09089
120	0.28970	0.01665	0.04576	0.31354	0.03481	0.04225	0.06686	0.02186	0.01521	0.02602	0.01281	0.01713	0.00979	0.00734	0.00665	0.00241	0.00892	0.00587	0.00405	0.05236
121	0.01492	0.01407	0.02376	0.66818	0.09191	0.01730	0.02167	0.02006	0.01564	0.02015	0.01383	0.02058	0.01046	0.00770	0.00775	0.00257	0.01027	0.00689	0.00347	0.00884
122	0.03479	0.01320	0.01799	0.01380	0.01979	0.01140	0.01140	0.03779	0.02219	0.68451	0.03059	0.02639	0.01919	0.00960	0.00780	0.00240	0.00660	0.00780	0.00960	0.01320
123	0.01404	0.00922	0.01170	0.01134	0.01242	0.03344	0.00823	0.04679	0.01328	0.01840	0.01765	0.02706	0.01657	0.06906	0.25015	0.34881	0.01158	0.00748	0.06713	0.00566
124	0.01283	0.00831	0.01106	0.01082	0.01278	0.00771	0.00832	0.01610	0.02043	0.07946	0.45151	0.15162	0.06206	0.01728	0.00936	0.00269	0.00447	0.09734	0.00824	0.00761
125	0.06384	0.01299	0.01732	0.01344	0.01917	0.01142	0.01106	0.03596	0.02181	0.62380	0.06369	0.02749	0.02159	0.00983	0.00775	0.00240	0.00642	0.00798	0.00935	0.01269
126	0.01180	0.00861	0.01087	0.01006	0.01214	0.00810	0.00761	0.04612	0.02244	0.03144	0.61099	0.05685	0.10202	0.01573	0.00908	0.00244	0.00391	0.01380	0.00843	0.00757
127	0.16562	0.00878	0.00813	0.00790	0.01017	0.00925	0.00596	0.01853	0.01531	0.02911	0.02238	0.02720	0.01818	0.05826	0.00765	0.00232	0.00435	0.00691	0.56671	0.00728
128	0.01081	0.00731	0.00969	0.01104	0.01200	0.00680	0.00778	0.01258	0.01592	0.04773	0.07952	0.57494	0.07646	0.02278	0.00981	0.00309	0.00474	0.07292	0.00737	0.00672
129	0.04080	0.00749	0.00737	0.00733	0.00924	0.00758	0.00552	0.01823	0.01615	0.02911	0.02480	0.02835	0.01948	0.00897	0.00540	0.00183	0.00370	0.00712	0.74427	0.00727
130	0.01347	0.00673	0.01010	0.01010	0.01010	0.00673	0.00673	0.01010	0.01010	0.01347	0.01347	0.02357	0.01347	0.02694	0.03030	0.77441	0.00673	0.00673	0.00337	0.00337
131	0.01026	0.00814	0.00932	0.00995	0.01172	0.00759	0.00710	0.01378	0.07397	0.02184	0.08112	0.36049	0.31493	0.02077	0.00938	0.00285	0.00437	0.01815	0.00731	0.00697
132	0.01048	0.00763	0.00974	0.01090	0.01192	0.00722	0.00762	0.03740	0.01666	0.02214	0.09715	0.56195	0.10123	0.02250	0.00972	0.00303	0.00465	0.04403	0.00733	0.00671
133	0.02972	0.02132	0.02302	0.01765	0.02385	0.02345	0.01458	0.62436	0.03578	0.07874	0.01918	0.01898	0.01347	0.00932	0.00776	0.00233	0.00844	0.00702	0.00784	0.01319
134	0.01570	0.00922	0.01091	0.00999	0.01177	0.00892	0.00679	0.01835	0.06146	0.13429	0.10302	0.04781	0.08659	0.41277	0.02578	0.00530	0.00652	0.01124	0.00641	0.00716
135	0.00942	0.00684	0.00891	0.01056	0.01118	0.00632	0.00709	0.01082	0.01507	0.01988	0.04556	0.67127	0.10064	0.02392	0.00984	0.00311	0.00445	0.02159	0.00720	0.00632
136	0.02157	0.01708	0.01822	0.01566	0.02041	0.01921	0.01239	0.17395	0.45948	0.06315	0.03156	0.02936	0.06131	0.01077	0.00793	0.00255	0.00655	0.00880	0.00789	0.01216
137	0.78228	0.01499	0.01140	0.01020	0.01499	0.01739	0.00840	0.02279	0.01320	0.03479	0.01080	0.01260	0.00840	0.00720	0.00480	0.00240	0.00600	0.00420	0.00480	0.00840
138	0.01223	0.00756	0.01004	0.01104	0.01211	0.00701	0.00766	0.01383	0.01575	0.08533	0.06599	0.56157	0.04734	0.06567	0.01151	0.00333	0.00496	0.04278	0.00733	0.00695
139	0.01089	0.00786	0.01029	0.00981	0.01157	0.00726	0.00731	0.01443	0.02157	0.03050	0.64179	0.09287	0.07201	0.01630	0.00918	0.00248	0.00370	0.01444	0.00846	0.00726
140	0.01608	0.01378	0.01608	0.01148	0.01837	0.01034	0.00919	0.01952	0.01608	0.02527	0.01378	0.01608	0.01148	0.00574	0.00574	0.00115	0.00574	0.00459	0.00459	0.77491
141	0.01194	0.00853	0.01185	0.01364	0.01518	0.00844	0.01152	0.01510	0.01730	0.02258	0.04136	0.20397	0.04584	0.02195	0.01056	0.00349	0.00666	0.51597	0.00715	0.00699
142	0.01348	0.00924	0.01103	0.01096	0.01295	0.00906	0.00798	0.01818	0.10787	0.07580	0.12397	0.23223	0.14607	0.13080	0.01397	0.00356	0.00534	0.05259	0.00726	0.00766
143	0.78228	0.01499	0.01140	0.01020	0.01499	0.01739	0.00840	0.02279	0.01320	0.03479	0.01080	0.01260	0.00840	0.00720	0.00480	0.00240	0.00600	0.00420	0.00480	0.00840
144	0.01347	0.00673	0.01010	0.01010	0.01010	0.00673	0.00673	0.01010	0.01010	0.01347	0.01347	0.02357	0.01347	0.02694	0.03030	0.77441	0.00673	0.00673	0.00337	0.00337
145	0.02409	0.02884	0.02269	0.02013	0.02250	0.42338	0.01579	0.02597	0.01787	0.01885	0.01125	0.01519	0.01006	0.01026	0.01448	0.00256	0.29782	0.00572	0.00375	0.00878
146	0.02591	0.06032	0.05108	0.04788	0.02617	0.53517	0.06566	0.02867	0.02067	0.01970	0.01361	0.04325	0.01179	0.00844	0.00725	0.00212	0.01306	0.00608	0.00404	0.00912
147	0.01592	0.06655	0.07490	0.17762	0.02913	0.01681	0.08307	0.07015	0.04332	0.02348	0.02116	0.17447	0.02056	0.01361	0.03344	0.00298	0.07759	0.01022	0.00489	0.04013
148	0.04255	0.21319	0.04813	0.01488	0.01960	0.09097	0.01293	0.04639	0.01715	0.06315	0.04111	0.07453	0.01669	0.00983	0.00949	0.00215	0.11976	0.00696	0.00474	0.14578

[dist]
# distance from previous block
# <min> <max>
3	9

[block]
# block no. 1 follows, 25 sequences, length 98
# corresponding to MSA columns:
# 213-310
name=unknown_B
#
# <colnr> <probs for GDERKNQSTAVLIFYWHMCP>
#	G	D	E	R	K	N	Q	S	T	A	V	L	I	F	Y	W	H	M	C	P
0	0.09368	0.02125	0.01998	0.01750	0.05378	0.13274	0.01328	0.30175	0.09708	0.03617	0.02075	0.02129	0.04378	0.00917	0.00722	0.00223	0.00841	0.00689	0.03786	0.05520
1	0.02725	0.07597	0.02374	0.01717	0.02313	0.02384	0.01425	0.51155	0.13031	0.04400	0.01997	0.01970	0.01453	0.00928	0.00756	0.00232	0.00815	0.00703	0.00743	0.01280
2	0.05862	0.17026	0.05573	0.04424	0.05479	0.02397	0.01525	0.36353	0.07802	0.03724	0.01706	0.01787	0.01282	0.00849	0.00703	0.00223	0.00841	0.00634	0.00616	0.01193
3	0.01780	0.06743	0.32451	0.01707	0.02491	0.04553	0.01873	0.04486	0.01776	0.08201	0.04681	0.04812	0.03928	0.01142	0.04288	0.00273	0.00962	0.00713	0.00477	0.12662
4	0.00934	0.00791	0.00809	0.00819	0.01076	0.00667	0.00623	0.01138	0.01768	0.02106	0.07661	0.07528	0.64336	0.01973	0.00924	0.00267	0.00409	0.04792	0.00720	0.00658
5	0.01325	0.01195	0.06265	0.03934	0.04450	0.00961	0.03358	0.01718	0.01973	0.05665	0.35940	0.04828	0.15238	0.01370	0.00850	0.00237	0.00535	0.01197	0.03729	0.05231
6	0.01445	0.00723	0.00723	0.00723	0.00903	0.00723	0.00542	0.01807	0.01626	0.02891	0.02529	0.02891	0.01987	0.00903	0.00542	0.00181	0.00361	0.00723	0.77055	0.00723
7	0.01839	0.02503	0.20830	0.02511	0.07663	0.04205	0.22128	0.05407	0.16507	0.02754	0.04440	0.02249	0.01636	0.00821	0.00815	0.00251	0.01027	0.00794	0.00498	0.01121
8	0.01128	0.00752	0.00846	0.00846	0.00846	0.00752	0.00470	0.01128	0.01128	0.01503	0.02443	0.05074	0.02819	0.72751	0.03946	0.00752	0.00752	0.01128	0.00470	0.00470
9	0.01848	0.01597	0.01824	0.01856	0.08328	0.01807	0.01319	0.03682	0.53851	0.03070	0.03092	0.05990	0.02491	0.01136	0.00811	0.00267	0.00642	0.04472	0.00743	0.01173
10	0.07003	0.01806	0.01874	0.01661	0.04807	0.09555	0.01262	0.10374	0.22074	0.24084	0.05501	0.02520	0.02038	0.00970	0.00761	0.00241	0.00747	0.00772	0.00765	0.01184
11	0.01097	0.00793	0.01036	0.00975	0.01158	0.00732	0.00732	0.01463	0.02195	0.03109	0.67505	0.05792	0.07316	0.01585	0.00914	0.00244	0.00366	0.01402	0.00854	0.00732
12	0.01115	0.00847	0.01062	0.01161	0.01371	0.00794	0.00972	0.01411	0.01797	0.02271	0.08519	0.08116	0.28750	0.02048	0.01004	0.00315	0.00575	0.36457	0.00723	0.00692
13	0.04814	0.01457	0.02183	0.53488	0.04485	0.01739	0.01896	0.09894	0.01808	0.02465	0.01470	0.02018	0.01103	0.00788	0.00745	0.00245	0.00946	0.00670	0.03333	0.04453
14	0.01224	0.00880	0.01217	0.01388	0.01565	0.00872	0.01202	0.01566	0.01772	0.02298	0.04266	0.11167	0.07087	0.02146	0.01061	0.00351	0.00690	0.57826	0.00714	0.00708
15	0.02111	0.70005	0.03977	0.01358	0.02009	0.06144	0.01335	0.02358	0.01604	0.01828	0.01084	0.01251	0.00995	0.00670	0.00507	0.00167	0.00855	0.00419	0.00335	0.00991
16	0.01108	0.00831	0.01246	0.01246	0.01385	0.00969	0.00969	0.01385	0.01246	0.01800	0.02077	0.03046	0.01938	0.05815	0.69678	0.01246	0.02077	0.00831	0.00415	0.00692
17	0.01249	0.00892	0.01249	0.01428	0.01606	0.00892	0.01249	0.01606	0.01785	0.02320	0.04105	0.08746	0.04462	0.02142	0.01071	0.00357	0.00714	0.62695	0.00714	0.00714
18	0.01097	0.00793	0.01036	0.00975	0.01158	0.00732	0.00732	0.01463	0.02195	0.03109	0.67505	0.05792	0.07316	0.01585	0.00914	0.00244	0.00366	0.01402	0.00854	0.00732
19	0.01108	0.00831	0.01246	0.01246	0.01385	0.00969	0.00969	0.01385	0.01246	0.01800	0.02077	0.03046	0.01938	0.05815	0.69678	0.01246	0.02077	0.00831	0.00415	0.00692
20	0.01126	0.00754	0.00855	0.00852	0.00861	0.00751	0.00483	0.01144	0.01181	0.01583	0.05677	0.05110	0.03042	0.69214	0.03796	0.00726	0.00733	0.01141	0.00489	0.00483
21	0.02896	0.03695	0.02197	0.01998	0.02397	0.69638	0.01498	0.03096	0.02197	0.01898	0.01199	0.01398	0.00999	0.00799	0.00699	0.00200	0.01398	0.00499	0.00400	0.00899
22	0.01128	0.00752	0.00846	0.00846	0.00846	0.00752	0.00470	0.01128	0.01128	0.01503	0.02443	0.05074	0.02819	0.72751	0.03946	0.00752	0.00752	0.01128	0.00470	0.00470
23	0.01128	0.00752	0.00846	0.00846	0.00846	0.00752	0.00470	0.01128	0.01128	0.01503	0.02443	0.05074	0.02819	0.72751	0.03946	0.00752	0.00752	0.01128	0.00470	0.00470
24	0.61642	0.01347	0.01107	0.01002	0.01421	0.01520	0.00810	0.02089	0.01490	0.03356	0.12836	0.02304	0.04779	0.00922	0.00573	0.00242	0.00551	0.00641	0.00555	0.00813
25	0.01351	0.00682	0.00954	0.00960	0.00995	0.00681	0.00651	0.01158	0.01139	0.01651	0.01665	0.04899	0.01596	0.02358	0.02505	0.60652	0.00609	0.00736	0.14342	0.00417
26	0.01097	0.00793	0.01036	0.00975	0.01158	0.00732	0.00732	0.01463	0.02195	0.03109	0.67505	0.05792	0.07316	0.01585	0.00914	0.00244	0.00366	0.01402	0.00854	0.00732
27	0.01199	0.00818	0.01077	0.01014	0.01213	0.00756	0.00773	0.01562	0.02175	0.05651	0.61809	0.05814	0.06961	0.01588	0.00917	0.00249	0.00395	0.04424	0.00851	0.00754
28	0.01600	0.00919	0.01210	0.01070	0.01352	0.00823	0.00822	0.01941	0.02145	0.16465	0.48848	0.07922	0.05866	0.01454	0.00877	0.00241	0.00438	0.01273	0.00854	0.03879
29	0.01608	0.01378	0.01608	0.01148	0.01837	0.01034	0.00919	0.01952	0.01608	0.02527	0.01378	0.01608	0.01148	0.00574	0.00574	0.00115	0.00574	0.00459	0.00459	0.77491
30	0.00945	0.00675	0.00900	0.01080	0.01125	0.00630	0.00720	0.01080	0.01484	0.01979	0.04274	0.72245	0.05128	0.02429	0.00990	0.00315	0.00450	0.02204	0.00720	0.00630
31	0.01829	0.01332	0.01487	0.01322	0.01697	0.01410	0.01027	0.09595	0.27821	0.09724	0.13440	0.09623	0.13678	0.01369	0.00842	0.00259	0.00558	0.01157	0.00798	0.01031
32	0.01032	0.00796	0.00857	0.00853	0.01100	0.00677	0.00635	0.01241	0.01794	0.04694	0.12465	0.13398	0.53868	0.01938	0.00918	0.00265	0.00406	0.01639	0.00741	0.00684
33	0.01249	0.00892	0.01249	0.01428	0.01606	0.00892	0.01249	0.01606	0.01785	0.02320	0.04105	0.08746	0.04462	0.02142	0.01071	0.00357	0.00714	0.62695	0.00714	0.00714
34	0.01066	0.00893	0.00943	0.00927	0.01198	0.00821	0.00709	0.01516	0.09273	0.02327	0.12316	0.06856	0.51560	0.01835	0.00910	0.00265	0.00432	0.04684	0.00739	0.00730
35	0.20185	0.01128	0.01238	0.01100	0.01468	0.01112	0.00854	0.02300	0.04313	0.21475	0.09272	0.12238	0.13358	0.05443	0.00951	0.00284	0.00553	0.01092	0.00731	0.00905
36	0.00956	0.00683	0.00913	0.01093	0.01143	0.00640	0.00740	0.01100	0.01496	0.01992	0.04267	0.69849	0.05103	0.02418	0.00993	0.00316	0.00460	0.04487	0.00720	0.00633
37	0.01108	0.00831	0.01246	0.01246	0.01385	0.00969	0.00969	0.01385	0.01246	0.01800	0.02077	0.03046	0.01938	0.05815	0.69678	0.01246	0.02077	0.00831	0.00415	0.00692
38	0.21064	0.01279	0.01472	0.01213	0.01693	0.01240	0.00982	0.05463	0.01992	0.35741	0.09190	0.06146	0.07105	0.01102	0.00740	0.00245	0.00596	0.00878	0.00797	0.01065
39	0.01567	0.03930	0.66031	0.02255	0.03385	0.01807	0.05486	0.02457	0.01645	0.02457	0.01399	0.01656	0.00990	0.00733	0.00744	0.00246	0.01153	0.00587	0.00330	0.01142
40	0.00925	0.00786	0.00797	0.00794	0.01052	0.00658	0.00596	0.01129	0.01787	0.02141	0.10580	0.07386	0.64846	0.01946	0.00916	0.00261	0.00392	0.01626	0.00726	0.00658
41	0.01128	0.00752	0.00846	0.00846	0.00846	0.00752	0.00470	0.01128	0.01128	0.01503	0.02443	0.05074	0.02819	0.72751	0.03946	0.00752	0.00752	0.01128	0.00470	0.00470
42	0.01443	0.01322	0.02218	0.64610	0.04967	0.01641	0.02033	0.01910	0.01512	0.01944	0.01408	0.02124	0.01088	0.01086	0.03930	0.03828	0.01063	0.00695	0.00347	0.00830
43	0.01069	0.00782	0.01003	0.00968	0.01146	0.00716	0.00718	0.01400	0.02097	0.02925	0.56957	0.11561	0.12383	0.01690	0.00921	0.00251	0.00375	0.01491	0.00831	0.00716
44	0.00916	0.00785	0.00785	0.00785	0.01047	0.00655	0.00589	0.01113	0.01767	0.02095	0.07855	0.07462	0.67599	0.01964	0.00916	0.00262	0.00393	0.01636	0.00720	0.00655
45	0.01488	0.01325	0.02178	0.58559	0.08403	0.01608	0.01971	0.01983	0.01572	0.02123	0.01523	0.02159	0.01161	0.00786	0.00746	0.00247	0.00945	0.00693	0.09663	0.00866
46	0.01667	0.01604	0.02842	0.36379	0.26079	0.01753	0.10766	0.02177	0.01664	0.02274	0.01480	0.02055	0.01159	0.00736	0.00782	0.00246	0.01005	0.00722	0.03605	0.01004
47	0.01806	0.02040	0.04375	0.06716	0.04042	0.01964	0.59434	0.02434	0.01791	0.02434	0.01538	0.02075	0.01163	0.00687	0.00970	0.00264	0.03955	0.00894	0.00388	0.01029
48	0.00945	0.00675	0.00900	0.01080	0.01125	0.00630	0.00720	0.01080	0.01484	0.01979	0.04274	0.72245	0.05128	0.02429	0.00990	0.00315	0.00450	0.02204	0.00720	0.00630
49	0.06115	0.03534	0.02158	0.01946	0.02359	0.63752	0.01469	0.05826	0.02224	0.02098	0.01223	0.01413	0.01006	0.00801	0.00693	0.00203	0.01340	0.00505	0.00420	0.00915
50	0.01605	0.01460	0.02373	0.51013	0.14835	0.01717	0.02080	0.05662	0.01723	0.02262	0.01630	0.02549	0.01346	0.00877	0.00797	0.00260	0.00981	0.05492	0.00404	0.00935
51	0.01464	0.01378	0.02326	0.70887	0.05340	0.01723	0.02153	0.01981	0.01550	0.01981	0.01378	0.02067	0.01034	0.00775	0.00775	0.00258	0.01034	0.00689	0.00345	0.00861
52	0.03479	0.01320	0.01799	0.01380	0.01979	0.01140	0.01140	0.03779	0.02219	0.68451	0.03059	0.02639	0.01919	0.00960	0.00780	0.00240	0.00660	0.00780	0.00960	0.01320
53	0.01572	0.03912	0.65737	0.02326	0.06305	0.01803	0.02843	0.02452	0.01643	0.02459	0.01395	0.01650	0.00993	0.00735	0.00738	0.00245	0.01136	0.00578	0.00330	0.01150
54	0.03479	0.01320	0.01799	0.01380	0.01979	0.01140	0.01140	0.03779	0.02219	0.68451	0.03059	0.02639	0.01919	0.00960	0.00780	0.00240	0.00660	0.00780	0.00960	0.01320
55	0.01967	0.01685	0.01775	0.01586	0.02031	0.01947	0.01237	0.06453	0.64117	0.03306	0.03106	0.02854	0.02327	0.01047	0.00788	0.00262	0.00623	0.00870	0.00788	0.01231
56	0.02098	0.01168	0.01272	0.01078	0.01426	0.01202	0.00857	0.18049	0.02214	0.12250	0.02433	0.02598	0.01810	0.00918	0.00633	0.00202	0.00525	0.00724	0.47590	0.00953
57	0.02109	0.70138	0.03980	0.01356	0.02008	0.06017	0.01334	0.02356	0.01603	0.01827	0.01083	0.01251	0.00995	0.00669	0.00506	0.00167	0.00854	0.00418	0.00335	0.00991
58	0.34436	0.01622	0.01644	0.04795	0.02034	0.01799	0.01144	0.15188	0.12668	0.14642	0.01925	0.01920	0.01377	0.00859	0.00654	0.00243	0.00683	0.00624	0.00663	0.01080
59	0.08845	0.16608	0.23798	0.01825	0.02615	0.02266	0.04451	0.24893	0.02323	0.03291	0.01478	0.01626	0.01101	0.00787	0.00689	0.00226	0.00938	0.00587	0.00504	0.01147
60	0.01707	0.01626	0.02765	0.35539	0.38788	0.01787	0.02274	0.02194	0.01665	0.02276	0.01421	0.01988	0.01138	0.00730	0.00771	0.00243	0.00973	0.00690	0.00366	0.01057
61	0.01108	0.00831	0.01246	0.01246	0.01385	0.00969	0.00969	0.01385	0.01246	0.01800	0.02077	0.03046	0.01938	0.05815	0.69678	0.01246	0.02077	0.00831	0.00415	0.00692
62	0.01098	0.00807	0.01159	0.01173	0.01283	0.00910	0.00875	0.01322	0.01247	0.01769	0.02302	0.08710	0.02318	0.15638	0.54455	0.01099	0.01751	0.00982	0.00447	0.00654
63	0.01685	0.04876	0.02606	0.45217	0.04319	0.07819	0.07784	0.02122	0.01579	0.01996	0.01312	0.01919	0.01040	0.00849	0.01035	0.00262	0.11664	0.00680	0.00352	0.00886
64	0.01919	0.01842	0.03147	0.04759	0.67914	0.01842	0.02380	0.02380	0.01765	0.02533	0.01458	0.01919	0.01228	0.00691	0.00768	0.00230	0.00921	0.00691	0.00384	0.01228
65	0.01555	0.04011	0.68733	0.02210	0.03356	0.01801	0.02865	0.02455	0.01637	0.02455	0.01391	0.01637	0.00982	0.00737	0.00737	0.00246	0.01146	0.00573	0.00327	0.01146
66	0.00945	0.00675	0.00900	0.01080	0.01125	0.00630	0.00720	0.01080	0.01484	0.01979	0.04274	0.72245	0.05128	0.02429	0.00990	0.00315	0.00450	0.02204	0.00720	0.00630
67	0.01871	0.01794	0.03061	0.11673	0.61372	0.01830	0.02356	0.02338	0.01743	0.02475	0.01450	0.01935	0.01208	0.00700	0.00768	0.00233	0.00933	0.00691	0.00380	0.01190
68	0.00945	0.00675	0.00900	0.01080	0.01125	0.00630	0.00720	0.01080	0.01484	0.01979	0.04274	0.72245	0.05128	0.02429	0.00990	0.00315	0.00450	0.02204	0.00720	0.00630
69	0.03342	0.01289	0.01755	0.01356	0.01932	0.01116	0.01116	0.03645	0.02218	0.64690	0.06769	0.02821	0.02230	0.00996	0.00787	0.00240	0.00643	0.00816	0.00954	0.01286
70	0.01919	0.01842	0.03147	0.04759	0.67914	0.01842	0.02380	0.02380	0.01765	0.02533	0.01458	0.01919	0.01228	0.00691	0.00768	0.00230	0.00921	0.00691	0.00384	0.01228
71	0.02947	0.02172	0.02327	0.01784	0.02404	0.02404	0.01474	0.65329	0.03646	0.04887	0.01862	0.01862	0.01319	0.00931	0.00776	0.00233	0.00853	0.00698	0.00776	0.01319
72	0.00945	0.00675	0.00900	0.01080	0.01125	0.00630	0.00720	0.01080	0.01484	0.01979	0.04274	0.72245	0.05128	0.02429	0.00990	0.00315	0.00450	0.02204	0.00720	0.00630
73	0.06587	0.01281	0.01702	0.01327	0.01885	0.01130	0.01090	0.03505	0.02177	0.59734	0.08722	0.02859	0.02353	0.01005	0.00778	0.00240	0.00631	0.00819	0.00929	0.01246
74	0.00945	0.00675	0.00900	0.01080	0.01125	0.00630	0.00720	0.01080	0.01484	0.01979	0.04274	0.72245	0.05128	0.02429	0.00990	0.00315	0.00450	0.02204	0.00720	0.00630
75	0.01097	0.00793	0.01036	0.00975	0.01158	0.00732	0.00732	0.01463	0.02195	0.03109	0.67505	0.05792	0.07316	0.01585	0.00914	0.00244	0.00366	0.01402	0.00854	0.00732
76	0.01064	0.00764	0.00996	0.00993	0.01136	0.00709	0.00717	0.01360	0.01983	0.02777	0.50049	0.20945	0.06608	0.05066	0.01072	0.00284	0.00403	0.01573	0.00805	0.00696
77	0.01080	0.00734	0.00868	0.00911	0.00931	0.00720	0.00545	0.01131	0.01267	0.01699	0.05960	0.21999	0.03611	0.51723	0.03060	0.00618	0.00658	0.01411	0.00551	0.00522
78	0.00955	0.00679	0.00897	0.01066	0.01109	0.00637	0.00705	0.01082	0.01464	0.01952	0.04168	0.68378	0.04995	0.06477	0.01160	0.00340	0.00467	0.02142	0.00705	0.00621
79	0.01128	0.00752	0.00846	0.00846	0.00846	0.00752	0.00470	0.01128	0.01128	0.01503	0.02443	0.05074	0.02819	0.72751	0.03946	0.00752	0.00752	0.01128	0.00470	0.00470
80	0.02624	0.01161	0.01493	0.01227	0.01699	0.01022	0.00983	0.02968	0.04804	0.45190	0.04277	0.08939	0.17569	0.01308	0.00828	0.00252	0.00580	0.01090	0.00878	0.01109
81	0.01204	0.00821	0.01066	0.01130	0.01285	0.00783	0.00837	0.01540	0.04985	0.05813	0.20123	0.37153	0.07853	0.02015	0.00958	0.00294	0.00482	0.10157	0.00768	0.00733
82	0.01445	0.00723	0.00723	0.00723	0.00903	0.00723	0.00542	0.01807	0.01626	0.02891	0.02529	0.02891	0.01987	0.00903	0.00542	0.00181	0.00361	0.00723	0.77055	0.00723
83	0.01347	0.00673	0.01010	0.01010	0.01010	0.00673	0.00673	0.01010	0.01010	0.01347	0.01347	0.02357	0.01347	0.02694	0.03030	0.77441	0.00673	0.00673	0.00337	0.00337
84	0.00992	0.00708	0.00954	0.01133	0.01199	0.00670	0.00801	0.01161	0.01531	0.02032	0.04248	0.62450	0.05025	0.02385	0.01002	0.00321	0.00491	0.11535	0.00719	0.00643
85	0.01608	0.01378	0.01608	0.01148	0.01837	0.01034	0.00919	0.01952	0.01608	0.02527	0.01378	0.01608	0.01148	0.00574	0.00574	0.00115	0.00574	0.00459	0.00459	0.77491
86	0.00929	0.00735	0.00837	0.00919	0.01082	0.00643	0.00648	0.01098	0.01639	0.02042	0.06232	0.36819	0.39289	0.02175	0.00950	0.00286	0.00419	0.01894	0.00720	0.00643
87	0.01696	0.01696	0.02375	0.02036	0.02036	0.02375	0.01696	0.01866	0.01187	0.01866	0.01018	0.01696	0.01018	0.01357	0.02545	0.00339	0.71332	0.00679	0.00339	0.00848
88	0.00930	0.00786	0.00805	0.00800	0.01056	0.00661	0.00600	0.01140	0.01800	0.02173	0.12474	0.07333	0.62931	0.01934	0.00916	0.00260	0.00391	0.01618	0.00730	0.00661
89	0.01184	0.00866	0.01158	0.01286	0.01477	0.00840	0.01098	0.01517	0.01822	0.02363	0.10882	0.08261	0.14355	0.02060	0.01032	0.00331	0.00631	0.47398	0.00729	0.00707
90	0.02896	0.03695	0.02197	0.01998	0.02397	0.69638	0.01498	0.03096	0.02197	0.01898	0.01199	0.01398	0.00999	0.00799	0.00699	0.00200	0.01398	0.00499	0.00400	0.00899
91	0.01500	0.00776	0.00781	0.00761	0.00958	0.00784	0.00576	0.04125	0.01700	0.02964	0.02505	0.02853	0.01963	0.00904	0.00551	0.00183	0.00379	0.00722	0.74271	0.00744
