[name]
unknown

[dist]
# distance from previous block
# <min> <max>
0	136

[block]
# block no. 0 follows, 25 sequences, length 90
# corresponding to MSA columns:
# 156-245
name=unknown_A
#
# <colnr> <probs for GDERKNQSTAVLIFYWHMCP>
#	G	D	E	R	K	N	Q	S	T	A	V	L	I	F	Y	W	H	M	C	P
0	0.01568	0.01453	0.02436	0.42727	0.17726	0.01683	0.04478	0.02042	0.01609	0.02176	0.01638	0.02551	0.01376	0.00889	0.00879	0.00261	0.04477	0.05302	0.03802	0.00927
1	0.72291	0.01485	0.01192	0.01048	0.01538	0.01692	0.00864	0.02398	0.01391	0.08639	0.01237	0.01369	0.00925	0.00739	0.00504	0.00240	0.00605	0.00448	0.00518	0.00878
2	0.01893	0.01560	0.01667	0.01475	0.01876	0.01762	0.01141	0.10960	0.46849	0.03266	0.08318	0.03308	0.04709	0.06431	0.01036	0.00294	0.00626	0.00940	0.00767	0.01124
3	0.01464	0.00795	0.00845	0.00820	0.00987	0.00845	0.00628	0.01811	0.01593	0.02815	0.02417	0.02802	0.01915	0.00937	0.00691	0.00192	0.05629	0.00719	0.71361	0.00732
4	0.01813	0.01642	0.03021	0.04486	0.02977	0.01610	0.32704	0.04690	0.09593	0.07460	0.02519	0.11327	0.02264	0.01139	0.00910	0.00278	0.00974	0.09021	0.00574	0.01000
5	0.01971	0.01506	0.01655	0.04268	0.02006	0.01697	0.01172	0.06066	0.46974	0.07921	0.02999	0.05484	0.02303	0.01066	0.00768	0.00253	0.00609	0.00889	0.09248	0.01144
6	0.01293	0.00981	0.01496	0.01565	0.01788	0.00972	0.05989	0.01672	0.01788	0.02333	0.03917	0.08252	0.04218	0.02031	0.01059	0.00350	0.00758	0.58109	0.00690	0.00739
7	0.01438	0.00719	0.00744	0.00744	0.00911	0.00719	0.00552	0.01748	0.01580	0.02776	0.02442	0.02851	0.01940	0.01036	0.00727	0.05916	0.00385	0.00719	0.71360	0.00694
8	0.01679	0.01464	0.01858	0.01332	0.02025	0.01159	0.05706	0.04592	0.01708	0.02620	0.01412	0.01654	0.01157	0.00595	0.00608	0.00131	0.00640	0.00503	0.00467	0.68692
9	0.02542	0.04574	0.09337	0.01532	0.04537	0.03701	0.01312	0.04795	0.04569	0.35764	0.06038	0.03282	0.12393	0.01095	0.00788	0.00240	0.00707	0.00892	0.00766	0.01135
10	0.04823	0.01517	0.02498	0.30028	0.03632	0.01703	0.14692	0.09277	0.01744	0.02392	0.01545	0.02259	0.01268	0.05715	0.04676	0.06068	0.04106	0.00759	0.00420	0.00879
11	0.01555	0.04011	0.68733	0.02210	0.03356	0.01801	0.02865	0.02455	0.01637	0.02455	0.01391	0.01637	0.00982	0.00737	0.00737	0.00246	0.01146	0.00573	0.00327	0.01146
12	0.01040	0.00782	0.01099	0.08973	0.01635	0.00782	0.00916	0.01259	0.01593	0.02132	0.11264	0.52622	0.04877	0.02126	0.00962	0.00303	0.00523	0.05747	0.00693	0.00673
13	0.01532	0.01471	0.02644	0.50515	0.04650	0.01717	0.13573	0.01997	0.01547	0.02022	0.01396	0.02077	0.01082	0.00917	0.01039	0.05911	0.03971	0.00729	0.00352	0.00856
14	0.01961	0.24457	0.14143	0.07814	0.05751	0.07064	0.18151	0.02452	0.01749	0.05072	0.03461	0.01835	0.01290	0.00734	0.00718	0.00222	0.01044	0.00656	0.00398	0.01030
15	0.01464	0.01378	0.02326	0.70887	0.05340	0.01723	0.02153	0.01981	0.01550	0.01981	0.01378	0.02067	0.01034	0.00775	0.00775	0.00258	0.01034	0.00689	0.00345	0.00861
16	0.01583	0.03816	0.62210	0.02318	0.03427	0.01817	0.09193	0.02458	0.01657	0.02458	0.01409	0.01683	0.01002	0.00728	0.00755	0.00247	0.01162	0.00608	0.00334	0.01136
17	0.02947	0.01411	0.01843	0.07282	0.02256	0.01368	0.01242	0.10908	0.07176	0.45401	0.05042	0.05321	0.02116	0.01026	0.00792	0.00245	0.00693	0.00846	0.00860	0.01227
18	0.01830	0.02092	0.04575	0.03268	0.04052	0.01961	0.65098	0.02484	0.01830	0.02484	0.01569	0.02092	0.01176	0.00654	0.00915	0.00261	0.01307	0.00915	0.00392	0.01046
19	0.02397	0.02804	0.02359	0.10694	0.15924	0.40946	0.01730	0.02691	0.01947	0.02073	0.01313	0.01660	0.01089	0.00813	0.00832	0.00221	0.05620	0.00581	0.03357	0.00951
20	0.01424	0.01299	0.02154	0.62825	0.04846	0.01600	0.01981	0.01905	0.01548	0.02016	0.01644	0.07471	0.01384	0.00907	0.00783	0.00260	0.00963	0.00806	0.03345	0.00838
21	0.00945	0.00675	0.00900	0.01080	0.01125	0.00630	0.00720	0.01080	0.01484	0.01979	0.04274	0.72245	0.05128	0.02429	0.00990	0.00315	0.00450	0.02204	0.00720	0.00630
22	0.01696	0.01696	0.02375	0.02036	0.02036	0.02375	0.01696	0.01866	0.01187	0.01866	0.01018	0.01696	0.01018	0.01357	0.02545	0.00339	0.71332	0.00679	0.00339	0.00848
23	0.01518	0.01413	0.02342	0.51251	0.04433	0.01746	0.05918	0.01982	0.01524	0.02072	0.01435	0.02085	0.01119	0.00859	0.01011	0.00263	0.10781	0.00705	0.06684	0.00860
24	0.01126	0.00757	0.00871	0.00871	0.00880	0.00765	0.00501	0.01144	0.01135	0.01522	0.02420	0.04946	0.02763	0.68538	0.08083	0.00783	0.00835	0.01109	0.00466	0.00484
25	0.01555	0.04011	0.68733	0.02210	0.03356	0.01801	0.02865	0.02455	0.01637	0.02455	0.01391	0.01637	0.00982	0.00737	0.00737	0.00246	0.01146	0.00573	0.00327	0.01146
26	0.01142	0.00836	0.01102	0.01175	0.01361	0.00796	0.00965	0.01472	0.01911	0.02546	0.26228	0.10029	0.13826	0.01940	0.00994	0.00304	0.00542	0.31361	0.00763	0.00709
27	0.01131	0.00891	0.04016	0.01150	0.01305	0.00744	0.00877	0.01371	0.01686	0.05006	0.16567	0.48029	0.05189	0.02103	0.00961	0.00298	0.00494	0.06736	0.00738	0.00708
28	0.02397	0.01392	0.01897	0.08851	0.02362	0.01233	0.03938	0.05221	0.01966	0.29454	0.04831	0.02282	0.01714	0.00812	0.00716	0.00198	0.00693	0.00683	0.00677	0.28684
29	0.74425	0.05080	0.01286	0.01035	0.01524	0.01806	0.00864	0.02281	0.01332	0.03396	0.01080	0.01259	0.00847	0.00717	0.00481	0.00236	0.00611	0.00420	0.00472	0.00847
30	0.02084	0.01751	0.01851	0.01674	0.02114	0.01972	0.01294	0.06318	0.60085	0.03378	0.03253	0.03265	0.02525	0.01186	0.00863	0.00293	0.00679	0.03305	0.00829	0.01280
31	0.01676	0.03841	0.64521	0.02158	0.03269	0.01759	0.02756	0.02539	0.01674	0.06609	0.01496	0.01700	0.01041	0.00751	0.00739	0.00245	0.01115	0.00586	0.00367	0.01157
32	0.01832	0.01676	0.02599	0.38231	0.27828	0.04712	0.02140	0.04659	0.01764	0.05040	0.01488	0.02000	0.01151	0.00759	0.00769	0.00244	0.00986	0.00686	0.00403	0.01033
33	0.01983	0.54292	0.11947	0.01443	0.02099	0.06873	0.01466	0.02292	0.01587	0.01884	0.01234	0.01608	0.01138	0.06406	0.00815	0.00225	0.00899	0.00497	0.00346	0.00967
34	0.01460	0.01354	0.02281	0.68503	0.05193	0.01687	0.02103	0.01948	0.01532	0.01959	0.01377	0.02077	0.01044	0.00841	0.00852	0.02891	0.01021	0.00689	0.00344	0.00843
35	0.01397	0.01197	0.01935	0.26421	0.09898	0.01272	0.05461	0.01734	0.01569	0.02151	0.05075	0.18741	0.02380	0.01325	0.00992	0.06308	0.00780	0.01075	0.03795	0.06492
36	0.01608	0.01378	0.01608	0.01148	0.01837	0.01034	0.00919	0.01952	0.01608	0.02527	0.01378	0.01608	0.01148	0.00574	0.00574	0.00115	0.00574	0.00459	0.00459	0.77491
37	0.01614	0.01450	0.02372	0.48632	0.17688	0.01690	0.02042	0.04639	0.01664	0.02231	0.01465	0.02076	0.01140	0.00844	0.00851	0.03236	0.00959	0.00691	0.03790	0.00929
38	0.37940	0.01402	0.01495	0.01214	0.01758	0.01416	0.01001	0.03087	0.01804	0.38497	0.02146	0.02003	0.01422	0.00849	0.00641	0.00240	0.00632	0.00614	0.00738	0.01098
39	0.02073	0.73217	0.04063	0.01327	0.01990	0.03068	0.01327	0.02322	0.01575	0.01824	0.01078	0.01244	0.00995	0.00663	0.00498	0.00166	0.00829	0.00415	0.00332	0.00995
40	0.01593	0.01285	0.01519	0.01149	0.01735	0.01017	0.00907	0.02000	0.04210	0.04850	0.09650	0.05349	0.02147	0.00811	0.00649	0.00149	0.00548	0.00679	0.00549	0.59204
41	0.01669	0.01357	0.06376	0.03400	0.01787	0.01234	0.01131	0.12489	0.09241	0.07945	0.03288	0.37387	0.03387	0.01679	0.00874	0.00278	0.00618	0.01472	0.03476	0.00915
42	0.04525	0.01397	0.02281	0.65126	0.05044	0.01752	0.02081	0.01988	0.01525	0.02036	0.01351	0.02019	0.01025	0.00798	0.00840	0.00261	0.04063	0.00678	0.00350	0.00860
43	0.02802	0.01365	0.01719	0.01400	0.01908	0.01315	0.01137	0.07533	0.14301	0.42245	0.10238	0.03224	0.02665	0.01091	0.00808	0.00249	0.00633	0.03261	0.00894	0.01213
44	0.01097	0.00793	0.01036	0.00975	0.01158	0.00732	0.00732	0.01463	0.02195	0.03109	0.67505	0.05792	0.07316	0.01585	0.00914	0.00244	0.00366	0.01402	0.00854	0.00732
45	0.01919	0.01842	0.03147	0.04759	0.67914	0.01842	0.02380	0.02380	0.01765	0.02533	0.01458	0.01919	0.01228	0.00691	0.00768	0.00230	0.00921	0.00691	0.00384	0.01228
46	0.01555	0.04011	0.68733	0.02210	0.03356	0.01801	0.02865	0.02455	0.01637	0.02455	0.01391	0.01637	0.00982	0.00737	0.00737	0.00246	0.01146	0.00573	0.00327	0.01146
47	0.01108	0.00831	0.01246	0.01246	0.01385	0.00969	0.00969	0.01385	0.01246	0.01800	0.02077	0.03046	0.01938	0.05815	0.69678	0.01246	0.02077	0.00831	0.00415	0.00692
48	0.02995	0.02007	0.02214	0.01707	0.02317	0.02171	0.01407	0.52423	0.05984	0.15554	0.02117	0.02035	0.01463	0.00941	0.00777	0.00235	0.00811	0.00719	0.00807	0.01315
49	0.01464	0.01378	0.02326	0.70887	0.05340	0.01723	0.02153	0.01981	0.01550	0.01981	0.01378	0.02067	0.01034	0.00775	0.00775	0.00258	0.01034	0.00689	0.00345	0.00861
50	0.01608	0.01378	0.01608	0.01148	0.01837	0.01034	0.00919	0.01952	0.01608	0.02527	0.01378	0.01608	0.01148	0.00574	0.00574	0.00115	0.00574	0.00459	0.00459	0.77491
51	0.03479	0.01320	0.01799	0.01380	0.01979	0.01140	0.01140	0.03779	0.02219	0.68451	0.03059	0.02639	0.01919	0.00960	0.00780	0.00240	0.00660	0.00780	0.00960	0.01320
52	0.03479	0.01320	0.01799	0.01380	0.01979	0.01140	0.01140	0.03779	0.02219	0.68451	0.03059	0.02639	0.01919	0.00960	0.00780	0.00240	0.00660	0.00780	0.00960	0.01320
53	0.78228	0.01499	0.01140	0.01020	0.01499	0.01739	0.00840	0.02279	0.01320	0.03479	0.01080	0.01260	0.00840	0.00720	0.00480	0.00240	0.00600	0.00420	0.00480	0.00840
54	0.01919	0.01842	0.03147	0.04759	0.67914	0.01842	0.02380	0.02380	0.01765	0.02533	0.01458	0.01919	0.01228	0.00691	0.00768	0.00230	0.00921	0.00691	0.00384	0.01228
55	0.02035	0.68080	0.08863	0.01392	0.02091	0.02974	0.01441	0.02332	0.01580	0.01871	0.01101	0.01273	0.00994	0.00669	0.00515	0.00172	0.00853	0.00426	0.00331	0.01006
56	0.02598	0.01644	0.01864	0.01503	0.02001	0.01739	0.01208	0.30700	0.12113	0.18850	0.06676	0.05037	0.02215	0.04024	0.00917	0.00262	0.00704	0.00859	0.03903	0.01185
57	0.01997	0.01572	0.01708	0.01531	0.01963	0.01775	0.01201	0.03887	0.56075	0.08603	0.05794	0.03216	0.02612	0.01108	0.00804	0.00264	0.00611	0.03283	0.00803	0.01195
58	0.02116	0.02389	0.02508	0.29803	0.15196	0.28160	0.04378	0.02504	0.01851	0.02066	0.01330	0.01782	0.01060	0.00765	0.00750	0.00231	0.01166	0.00624	0.00375	0.00948
59	0.02199	0.01488	0.01758	0.01294	0.01954	0.01266	0.01049	0.12042	0.02046	0.16493	0.01799	0.01860	0.01334	0.00708	0.00647	0.00159	0.00635	0.00562	0.00611	0.50098
60	0.02797	0.01879	0.02082	0.01654	0.02176	0.04097	0.01353	0.35929	0.09193	0.18318	0.02195	0.02153	0.01550	0.00978	0.00905	0.00242	0.06367	0.00727	0.04172	0.01233
61	0.01948	0.58020	0.13372	0.01476	0.02169	0.02780	0.01550	0.02291	0.01559	0.01917	0.01160	0.01385	0.01030	0.00892	0.03230	0.00224	0.03199	0.00462	0.00334	0.01001
62	0.00945	0.00675	0.00900	0.01080	0.01125	0.00630	0.00720	0.01080	0.01484	0.01979	0.04274	0.72245	0.05128	0.02429	0.00990	0.00315	0.00450	0.02204	0.00720	0.00630
63	0.01464	0.01378	0.02326	0.70887	0.05340	0.01723	0.02153	0.01981	0.01550	0.01981	0.01378	0.02067	0.01034	0.00775	0.00775	0.00258	0.01034	0.00689	0.00345	0.00861
64	0.01726	0.01374	0.01620	0.01163	0.01846	0.01040	0.00933	0.02067	0.01646	0.06676	0.01484	0.01673	0.01197	0.00598	0.00587	0.00123	0.00580	0.00480	0.00491	0.72697
65	0.01771	0.01386	0.01629	0.01185	0.01857	0.01081	0.00950	0.02192	0.04470	0.07816	0.01589	0.01746	0.01263	0.00626	0.00600	0.00131	0.00583	0.00503	0.00514	0.68109
66	0.02551	0.27449	0.08000	0.01469	0.02139	0.02070	0.01374	0.10976	0.04572	0.23570	0.01937	0.01890	0.01395	0.00806	0.00659	0.00204	0.00776	0.00601	0.00616	0.06945
67	0.01097	0.00793	0.01036	0.00975	0.01158	0.00732	0.00732	0.01463	0.02195	0.03109	0.67505	0.05792	0.07316	0.01585	0.00914	0.00244	0.00366	0.01402	0.00854	0.00732
68	0.00945	0.00675	0.00900	0.01080	0.01125	0.00630	0.00720	0.01080	0.01484	0.01979	0.04274	0.72245	0.05128	0.02429	0.00990	0.00315	0.00450	0.02204	0.00720	0.00630
69	0.01021	0.00779	0.01154	0.01219	0.01316	0.00744	0.04779	0.01193	0.01473	0.01977	0.03859	0.59698	0.04540	0.05704	0.06215	0.00400	0.00638	0.01973	0.00665	0.00653
70	0.01852	0.01877	0.05712	0.12301	0.58062	0.01827	0.02373	0.02337	0.01735	0.02466	0.01446	0.01925	0.01196	0.00702	0.00767	0.00234	0.00943	0.00686	0.00377	0.01182
71	0.01979	0.01654	0.01755	0.01572	0.02015	0.01903	0.01224	0.04109	0.64438	0.05349	0.03153	0.02885	0.02352	0.01049	0.00789	0.00262	0.00615	0.00873	0.00794	0.01230
72	0.01278	0.00884	0.01128	0.01040	0.01263	0.00841	0.00789	0.01776	0.06970	0.06382	0.59511	0.05419	0.06679	0.01514	0.00898	0.00245	0.00399	0.01332	0.00854	0.00798
73	0.01483	0.00924	0.00996	0.05284	0.01316	0.03120	0.00758	0.01820	0.01579	0.02642	0.02301	0.02811	0.01868	0.03965	0.03495	0.00260	0.04818	0.00731	0.59097	0.00733
74	0.01137	0.00874	0.01302	0.01286	0.01417	0.01039	0.01005	0.01409	0.01243	0.01803	0.02024	0.02979	0.01892	0.05593	0.66326	0.01201	0.05534	0.00823	0.00412	0.00700
75	0.00945	0.00675	0.00900	0.01080	0.01125	0.00630	0.00720	0.01080	0.01484	0.01979	0.04274	0.72245	0.05128	0.02429	0.00990	0.00315	0.00450	0.02204	0.00720	0.00630
76	0.00955	0.00780	0.00844	0.00843	0.01075	0.00669	0.00627	0.01183	0.01837	0.02296	0.19891	0.11196	0.51276	0.01915	0.00921	0.00261	0.00391	0.01624	0.00747	0.00669
77	0.02167	0.65270	0.03850	0.01403	0.02037	0.10678	0.01346	0.02410	0.01647	0.01833	0.01092	0.01261	0.00995	0.00679	0.00521	0.00170	0.00894	0.00424	0.00339	0.00984
78	0.01929	0.28564	0.27566	0.01861	0.02636	0.07421	0.06616	0.02434	0.01657	0.04680	0.01366	0.01684	0.01111	0.03530	0.00860	0.00238	0.03874	0.00569	0.00370	0.01033
79	0.00960	0.00787	0.00845	0.00831	0.01074	0.00673	0.00623	0.01196	0.01869	0.02337	0.22108	0.07063	0.53195	0.01873	0.00916	0.00258	0.00386	0.01580	0.00752	0.00673
80	0.03281	0.01277	0.01729	0.01340	0.01909	0.01104	0.01101	0.03580	0.02201	0.63179	0.05911	0.02956	0.04685	0.01024	0.00791	0.00241	0.00637	0.00839	0.00946	0.01269
81	0.11909	0.01415	0.01704	0.01369	0.01903	0.01380	0.01114	0.09618	0.08640	0.42664	0.05375	0.05245	0.02119	0.01020	0.00758	0.00245	0.00647	0.00819	0.00854	0.01203
82	0.02908	0.02145	0.02247	0.01740	0.02336	0.04666	0.01430	0.58859	0.03476	0.06760	0.01901	0.01908	0.01351	0.00926	0.00765	0.00230	0.00848	0.00695	0.03526	0.01282
83	0.01767	0.06790	0.01868	0.01278	0.01895	0.01405	0.01041	0.07863	0.06336	0.02698	0.01611	0.04107	0.01369	0.00737	0.00684	0.00154	0.03049	0.00574	0.00507	0.54266
84	0.02379	0.07452	0.02338	0.07035	0.04771	0.08473	0.01505	0.27742	0.18355	0.03433	0.01940	0.02029	0.01473	0.00942	0.00892	0.00242	0.06510	0.00700	0.00629	0.01158
85	0.01027	0.00762	0.01007	0.03597	0.01322	0.00709	0.00775	0.01187	0.01479	0.02001	0.03839	0.60533	0.04537	0.05727	0.01095	0.00318	0.00496	0.01952	0.00672	0.06963
86	0.07423	0.01815	0.02843	0.07677	0.02805	0.04721	0.19139	0.02108	0.01444	0.02164	0.01244	0.01834	0.01079	0.01192	0.03897	0.00328	0.36293	0.00723	0.00370	0.00900
87	0.01654	0.01405	0.01633	0.01170	0.01857	0.01081	0.00938	0.04130	0.01678	0.02608	0.01395	0.01617	0.01154	0.00586	0.00581	0.00119	0.00584	0.00468	0.00470	0.74873
88	0.01338	0.00677	0.01003	0.01003	0.01003	0.00677	0.00665	0.01015	0.01015	0.01353	0.01392	0.02470	0.01408	0.05597	0.03068	0.74263	0.00677	0.00692	0.00342	0.00342
89	0.01969	0.01616	0.01720	0.01539	0.01979	0.01842	0.01199	0.03992	0.60920	0.06457	0.03324	0.03048	0.04746	0.01081	0.00793	0.00262	0.00608	0.00900	0.00795	0.01211

[dist]
# distance from previous block
# <min> <max>
0	11

[block]
# block no. 1 follows, 25 sequences, length 75
# corresponding to MSA columns:
# 257-331
name=unknown_B
#
# <colnr> <probs for GDERKNQSTAVLIFYWHMCP>
#	G	D	E	R	K	N	Q	S	T	A	V	L	I	F	Y	W	H	M	C	P
0	0.01575	0.06600	0.66314	0.02177	0.03305	0.01848	0.02807	0.02450	0.01635	0.02432	0.01380	0.01622	0.00983	0.00734	0.00728	0.00243	0.01134	0.00567	0.00328	0.01140
1	0.03881	0.00818	0.01040	0.00977	0.01171	0.00768	0.00735	0.01493	0.02163	0.03123	0.65107	0.05628	0.07082	0.01554	0.00899	0.00244	0.00374	0.01367	0.00840	0.00735
2	0.01108	0.00831	0.01246	0.01246	0.01385	0.00969	0.00969	0.01385	0.01246	0.01800	0.02077	0.03046	0.01938	0.05815	0.69678	0.01246	0.02077	0.00831	0.00415	0.00692
3	0.07445	0.16498	0.02570	0.01653	0.02250	0.07633	0.01397	0.41696	0.05292	0.03894	0.01652	0.01702	0.01238	0.00858	0.00696	0.00218	0.00865	0.00615	0.00640	0.01188
4	0.01128	0.00752	0.00846	0.00846	0.00846	0.00752	0.00470	0.01128	0.01128	0.01503	0.02443	0.05074	0.02819	0.72751	0.03946	0.00752	0.00752	0.01128	0.00470	0.00470
5	0.01207	0.00817	0.01072	0.00994	0.01196	0.00750	0.00750	0.01570	0.02196	0.06113	0.64542	0.05647	0.07068	0.01556	0.00908	0.00244	0.00379	0.01374	0.00858	0.00759
6	0.01128	0.00752	0.00846	0.00846	0.00846	0.00752	0.00470	0.01128	0.01128	0.01503	0.02443	0.05074	0.02819	0.72751	0.03946	0.00752	0.00752	0.01128	0.00470	0.00470
7	0.02073	0.73217	0.04063	0.01327	0.01990	0.03068	0.01327	0.02322	0.01575	0.01824	0.01078	0.01244	0.00995	0.00663	0.00498	0.00166	0.00829	0.00415	0.00332	0.00995
8	0.01464	0.01378	0.02326	0.70887	0.05340	0.01723	0.02153	0.01981	0.01550	0.01981	0.01378	0.02067	0.01034	0.00775	0.00775	0.00258	0.01034	0.00689	0.00345	0.00861
9	0.00945	0.00675	0.00900	0.01080	0.01125	0.00630	0.00720	0.01080	0.01484	0.01979	0.04274	0.72245	0.05128	0.02429	0.00990	0.00315	0.00450	0.02204	0.00720	0.00630
10	0.01464	0.01378	0.02326	0.70887	0.05340	0.01723	0.02153	0.01981	0.01550	0.01981	0.01378	0.02067	0.01034	0.00775	0.00775	0.00258	0.01034	0.00689	0.00345	0.00861
11	0.16395	0.01866	0.01967	0.01542	0.02114	0.02031	0.01271	0.42526	0.02937	0.13450	0.01920	0.01910	0.01348	0.00896	0.00713	0.00233	0.00758	0.00661	0.04256	0.01206
12	0.01097	0.00793	0.01036	0.00975	0.01158	0.00732	0.00732	0.01463	0.02195	0.03109	0.67505	0.05792	0.07316	0.01585	0.00914	0.00244	0.00366	0.01402	0.00854	0.00732
13	0.01734	0.01653	0.02813	0.31663	0.42456	0.01794	0.02288	0.02217	0.01678	0.02309	0.01426	0.01979	0.01149	0.00725	0.00771	0.00242	0.00967	0.00690	0.00368	0.01079
14	0.01830	0.02092	0.04575	0.03268	0.04052	0.01961	0.65098	0.02484	0.01830	0.02484	0.01569	0.02092	0.01176	0.00654	0.00915	0.00261	0.01307	0.00915	0.00392	0.01046
15	0.02073	0.73217	0.04063	0.01327	0.01990	0.03068	0.01327	0.02322	0.01575	0.01824	0.01078	0.01244	0.00995	0.00663	0.00498	0.00166	0.00829	0.00415	0.00332	0.00995
16	0.01235	0.00882	0.01233	0.01412	0.01584	0.00880	0.01225	0.01582	0.01771	0.02304	0.04113	0.11726	0.04494	0.02155	0.01067	0.00355	0.00702	0.59857	0.00714	0.00710
17	0.00930	0.00786	0.00804	0.00799	0.01055	0.00660	0.00600	0.01138	0.01799	0.02169	0.12234	0.07339	0.63173	0.01936	0.00916	0.00261	0.00391	0.01619	0.00730	0.00660
18	0.00942	0.00786	0.00821	0.00812	0.01063	0.00665	0.00609	0.01162	0.01827	0.02237	0.16243	0.07227	0.59122	0.01910	0.00916	0.00259	0.00389	0.01603	0.00739	0.00665
19	0.01830	0.02092	0.04575	0.03268	0.04052	0.01961	0.65098	0.02484	0.01830	0.02484	0.01569	0.02092	0.01176	0.00654	0.00915	0.00261	0.01307	0.00915	0.00392	0.01046
20	0.01464	0.01378	0.02326	0.70887	0.05340	0.01723	0.02153	0.01981	0.01550	0.01981	0.01378	0.02067	0.01034	0.00775	0.00775	0.00258	0.01034	0.00689	0.00345	0.00861
21	0.01314	0.00874	0.01106	0.01073	0.01286	0.00824	0.00804	0.01732	0.06301	0.08372	0.36340	0.19917	0.11336	0.01732	0.00917	0.00266	0.00441	0.03768	0.00812	0.00786
22	0.07344	0.02114	0.02259	0.01749	0.02337	0.02364	0.01445	0.59128	0.03412	0.04685	0.01782	0.01820	0.01279	0.00935	0.00827	0.00237	0.03590	0.00681	0.00741	0.01272
23	0.78228	0.01499	0.01140	0.01020	0.01499	0.01739	0.00840	0.02279	0.01320	0.03479	0.01080	0.01260	0.00840	0.00720	0.00480	0.00240	0.00600	0.00420	0.00480	0.00840
24	0.01541	0.01366	0.05479	0.01501	0.06427	0.01116	0.01115	0.04829	0.05765	0.04476	0.05077	0.22637	0.02672	0.01308	0.00847	0.02894	0.00609	0.01086	0.00584	0.28670
25	0.01963	0.39804	0.23185	0.01689	0.02438	0.08115	0.01812	0.02516	0.05466	0.02106	0.01303	0.01489	0.01073	0.00745	0.00677	0.00205	0.03504	0.00506	0.00363	0.01041
26	0.01445	0.00723	0.00723	0.00723	0.00903	0.00723	0.00542	0.01807	0.01626	0.02891	0.02529	0.02891	0.01987	0.00903	0.00542	0.00181	0.00361	0.00723	0.77055	0.00723
27	0.01355	0.00846	0.01115	0.01025	0.01248	0.00772	0.00776	0.01703	0.02165	0.10323	0.57432	0.08497	0.06615	0.01554	0.00903	0.00247	0.00402	0.01370	0.00859	0.00792
28	0.03233	0.01419	0.01828	0.01423	0.02000	0.01318	0.01168	0.10733	0.06407	0.54709	0.05306	0.02683	0.02078	0.00985	0.00785	0.00241	0.00668	0.00799	0.00924	0.01292
29	0.00965	0.00782	0.00857	0.00849	0.01080	0.00674	0.00633	0.01204	0.01867	0.02357	0.23405	0.10020	0.48825	0.01885	0.00919	0.00260	0.00388	0.01601	0.00755	0.00674
30	0.00945	0.00675	0.00900	0.01080	0.01125	0.00630	0.00720	0.01080	0.01484	0.01979	0.04274	0.72245	0.05128	0.02429	0.00990	0.00315	0.00450	0.02204	0.00720	0.00630
31	0.01555	0.04011	0.68733	0.02210	0.03356	0.01801	0.02865	0.02455	0.01637	0.02455	0.01391	0.01637	0.00982	0.00737	0.00737	0.00246	0.01146	0.00573	0.00327	0.01146
32	0.01513	0.01436	0.02449	0.54865	0.10412	0.01673	0.06001	0.02010	0.01587	0.02086	0.01512	0.04815	0.01227	0.00816	0.00782	0.00252	0.00996	0.00753	0.00371	0.04443
33	0.01961	0.01479	0.01635	0.01467	0.01883	0.01616	0.01173	0.10331	0.36974	0.08808	0.03703	0.04120	0.10423	0.01292	0.00841	0.00270	0.00632	0.09504	0.00783	0.01105
34	0.01097	0.00793	0.01036	0.00975	0.01158	0.00732	0.00732	0.01463	0.02195	0.03109	0.67505	0.05792	0.07316	0.01585	0.00914	0.00244	0.00366	0.01402	0.00854	0.00732
35	0.01463	0.01337	0.02225	0.66493	0.05062	0.01660	0.02052	0.01970	0.01555	0.02038	0.01450	0.02119	0.01093	0.00783	0.00761	0.00254	0.00991	0.00691	0.05149	0.00853
36	0.01121	0.00749	0.00848	0.00854	0.00856	0.00747	0.00479	0.01126	0.01140	0.01520	0.02508	0.07465	0.02901	0.70247	0.03841	0.00736	0.00741	0.01166	0.00479	0.00476
37	0.01081	0.00860	0.01167	0.01253	0.01290	0.00946	0.00897	0.01222	0.01431	0.01959	0.03683	0.59454	0.04383	0.02235	0.01272	0.00319	0.13301	0.01928	0.00651	0.00669
38	0.00942	0.00758	0.00841	0.00880	0.01079	0.00656	0.00637	0.01140	0.01739	0.02170	0.13096	0.23867	0.45391	0.02044	0.00935	0.00274	0.00405	0.01758	0.00734	0.00656
39	0.01108	0.00831	0.01246	0.01246	0.01385	0.00969	0.00969	0.01385	0.01246	0.01800	0.02077	0.03046	0.01938	0.05815	0.69678	0.01246	0.02077	0.00831	0.00415	0.00692
40	0.03429	0.01399	0.01848	0.01417	0.02019	0.01257	0.01171	0.09491	0.02352	0.62552	0.02948	0.02567	0.01864	0.00957	0.00779	0.00239	0.00678	0.00772	0.00943	0.01319
41	0.02947	0.02172	0.02327	0.01784	0.02404	0.02404	0.01474	0.65329	0.03646	0.04887	0.01862	0.01862	0.01319	0.00931	0.00776	0.00233	0.00853	0.00698	0.00776	0.01319
42	0.01200	0.00972	0.01497	0.01402	0.01552	0.01145	0.04029	0.01473	0.01263	0.01826	0.01964	0.02951	0.01848	0.07853	0.57197	0.01091	0.08781	0.00832	0.00409	0.00715
43	0.01479	0.01407	0.02416	0.68166	0.05288	0.01732	0.04686	0.02001	0.01562	0.02001	0.01386	0.02068	0.01039	0.00770	0.00781	0.00259	0.01045	0.00698	0.00346	0.00869
44	0.00945	0.00675	0.00900	0.01080	0.01125	0.00630	0.00720	0.01080	0.01484	0.01979	0.04274	0.72245	0.05128	0.02429	0.00990	0.00315	0.00450	0.02204	0.00720	0.00630
45	0.01535	0.00832	0.00876	0.03356	0.01155	0.00859	0.00656	0.05564	0.01742	0.02975	0.02448	0.02800	0.01913	0.00900	0.00564	0.00187	0.00415	0.00720	0.69741	0.00763
46	0.65057	0.07057	0.04117	0.01221	0.01757	0.01855	0.04748	0.02301	0.01381	0.03256	0.01120	0.01322	0.00877	0.00712	0.00517	0.00236	0.00680	0.00454	0.00458	0.00875
47	0.01589	0.03772	0.60752	0.02342	0.03442	0.01821	0.10607	0.02459	0.01661	0.02459	0.01413	0.01694	0.01006	0.00726	0.00759	0.00248	0.01166	0.00616	0.00335	0.01133
48	0.01619	0.01414	0.01759	0.01256	0.01950	0.01081	0.04190	0.01979	0.01619	0.02524	0.01388	0.01632	0.01150	0.00578	0.00592	0.00122	0.00612	0.00483	0.00456	0.73594
49	0.00987	0.00717	0.00943	0.01078	0.01164	0.00656	0.00731	0.01143	0.01524	0.02060	0.07048	0.65456	0.05020	0.02293	0.00964	0.00301	0.00452	0.02075	0.00712	0.04674
50	0.04643	0.01497	0.02588	0.55172	0.04834	0.01790	0.10696	0.02056	0.01560	0.02105	0.01373	0.02018	0.01044	0.00787	0.00875	0.00262	0.04748	0.00709	0.00356	0.00885
51	0.00998	0.00755	0.01002	0.01127	0.01189	0.00758	0.00784	0.01147	0.01474	0.01971	0.04214	0.59669	0.09173	0.02501	0.04583	0.00360	0.04968	0.01998	0.00680	0.00648
52	0.01112	0.00812	0.01151	0.01151	0.01256	0.00917	0.00850	0.01323	0.01218	0.01729	0.02164	0.03530	0.02148	0.21783	0.53997	0.01128	0.01761	0.00902	0.00428	0.00639
53	0.02116	0.69563	0.03965	0.01362	0.02011	0.06567	0.01336	0.02362	0.01608	0.01828	0.01084	0.01252	0.00995	0.00670	0.00508	0.00168	0.00859	0.00419	0.00335	0.00990
54	0.01608	0.01378	0.01608	0.01148	0.01837	0.01034	0.00919	0.01952	0.01608	0.02527	0.01378	0.01608	0.01148	0.00574	0.00574	0.00115	0.00574	0.00459	0.00459	0.77491
55	0.01619	0.01478	0.02407	0.42975	0.11236	0.01756	0.05670	0.04598	0.01643	0.02260	0.01484	0.02079	0.01161	0.00840	0.00953	0.00256	0.08568	0.00705	0.07395	0.00917
56	0.00916	0.00785	0.00785	0.00785	0.01047	0.00655	0.00589	0.01113	0.01767	0.02095	0.07855	0.07462	0.67599	0.01964	0.00916	0.00262	0.00393	0.01636	0.00720	0.00655
57	0.02896	0.03695	0.02197	0.01998	0.02397	0.69638	0.01498	0.03096	0.02197	0.01898	0.01199	0.01398	0.00999	0.00799	0.00699	0.00200	0.01398	0.00499	0.00400	0.00899
58	0.02051	0.68994	0.03963	0.01369	0.01993	0.03027	0.01349	0.02295	0.01553	0.01827	0.01074	0.01271	0.00996	0.00704	0.00618	0.00176	0.04992	0.00430	0.00332	0.00986
59	0.01786	0.01523	0.01632	0.01505	0.01904	0.01730	0.01184	0.03645	0.55188	0.03066	0.03592	0.03824	0.07285	0.01230	0.00827	0.00273	0.00608	0.07291	0.00776	0.01133
60	0.01696	0.01696	0.02375	0.02036	0.02036	0.02375	0.01696	0.01866	0.01187	0.01866	0.01018	0.01696	0.01018	0.01357	0.02545	0.00339	0.71332	0.00679	0.00339	0.00848
61	0.00954	0.00682	0.00908	0.01073	0.01127	0.00636	0.00720	0.01104	0.01529	0.02050	0.08234	0.68083	0.05265	0.02376	0.00985	0.00310	0.00445	0.02154	0.00728	0.00636
62	0.01830	0.02092	0.04575	0.03268	0.04052	0.01961	0.65098	0.02484	0.01830	0.02484	0.01569	0.02092	0.01176	0.00654	0.00915	0.00261	0.01307	0.00915	0.00392	0.01046
63	0.01555	0.04011	0.68733	0.02210	0.03356	0.01801	0.02865	0.02455	0.01637	0.02455	0.01391	0.01637	0.00982	0.00737	0.00737	0.00246	0.01146	0.00573	0.00327	0.01146
64	0.02316	0.02190	0.01843	0.01602	0.01979	0.23969	0.01245	0.22510	0.02356	0.02903	0.01775	0.02205	0.01475	0.05275	0.15910	0.00463	0.01253	0.00684	0.07093	0.00954
65	0.00945	0.00675	0.00900	0.01080	0.01125	0.00630	0.00720	0.01080	0.01484	0.01979	0.04274	0.72245	0.05128	0.02429	0.00990	0.00315	0.00450	0.02204	0.00720	0.00630
66	0.02892	0.02206	0.02292	0.01782	0.02384	0.05044	0.01462	0.59646	0.06892	0.04682	0.01903	0.01897	0.01361	0.00932	0.00773	0.00233	0.00862	0.00700	0.00761	0.01297
67	0.01347	0.00673	0.01010	0.01010	0.01010	0.00673	0.00673	0.01010	0.01010	0.01347	0.01347	0.02357	0.01347	0.02694	0.03030	0.77441	0.00673	0.00673	0.00337	0.00337
68	0.00945	0.00675	0.00900	0.01080	0.01125	0.00630	0.00720	0.01080	0.01484	0.01979	0.04274	0.72245	0.05128	0.02429	0.00990	0.00315	0.00450	0.02204	0.00720	0.00630
69	0.00975	0.00687	0.00891	0.01041	0.01079	0.00650	0.00679	0.01087	0.01426	0.01901	0.03974	0.61247	0.04750	0.13943	0.01474	0.00386	0.00499	0.02028	0.00679	0.00604
70	0.06461	0.47378	0.21505	0.01567	0.02350	0.02618	0.01724	0.04736	0.01655	0.02210	0.01193	0.01376	0.00995	0.00697	0.00572	0.00195	0.00903	0.00469	0.00356	0.01039
71	0.01590	0.00936	0.00874	0.00837	0.01050	0.04042	0.00634	0.05105	0.01756	0.02946	0.02433	0.02768	0.01907	0.00900	0.00561	0.00184	0.00435	0.00711	0.69570	0.00761
72	0.01108	0.00831	0.01246	0.01246	0.01385	0.00969	0.00969	0.01385	0.01246	0.01800	0.02077	0.03046	0.01938	0.05815	0.69678	0.01246	0.02077	0.00831	0.00415	0.00692
73	0.02391	0.01429	0.01899	0.09399	0.09610	0.01466	0.01367	0.09720	0.11779	0.25101	0.06610	0.02894	0.02184	0.00998	0.00778	0.00243	0.00702	0.03084	0.07211	0.01135
74	0.02052	0.05804	0.13209	0.07936	0.02538	0.07626	0.01628	0.08715	0.19428	0.08210	0.07165	0.02408	0.01970	0.00981	0.00911	0.00249	0.06733	0.00753	0.00596	0.01087

[dist]
# distance from previous block
# <min> <max>
1	32

[block]
# block no. 2 follows, 25 sequences, length 27
# corresponding to MSA columns:
# 364-390
name=unknown_C
#
# <colnr> <probs for GDERKNQSTAVLIFYWHMCP>
#	G	D	E	R	K	N	Q	S	T	A	V	L	I	F	Y	W	H	M	C	P
0	0.01706	0.01602	0.02497	0.01988	0.06962	0.01399	0.17536	0.04081	0.01722	0.02548	0.01547	0.04461	0.01314	0.00710	0.00762	0.00179	0.03111	0.00674	0.00453	0.44748
1	0.01684	0.01717	0.01947	0.01750	0.01865	0.12860	0.01407	0.01897	0.01373	0.01848	0.01422	0.02125	0.01340	0.02842	0.25970	0.00637	0.35437	0.00703	0.00376	0.00801
2	0.05475	0.08081	0.06280	0.01689	0.07873	0.01434	0.05712	0.02107	0.01622	0.02504	0.01358	0.01621	0.01118	0.00615	0.00614	0.00154	0.00715	0.00513	0.00429	0.50085
3	0.02435	0.02927	0.02266	0.02012	0.02258	0.43771	0.01574	0.02623	0.01809	0.01885	0.01129	0.01513	0.01006	0.01014	0.01409	0.00253	0.28292	0.00568	0.00376	0.00879
4	0.01775	0.02098	0.07408	0.09206	0.04009	0.01957	0.52474	0.02399	0.01756	0.02399	0.01509	0.02043	0.01144	0.00712	0.00994	0.00265	0.05585	0.00863	0.00381	0.01022
5	0.01760	0.10822	0.52029	0.02296	0.08921	0.01895	0.02556	0.02516	0.01678	0.06459	0.01468	0.01683	0.01063	0.00739	0.00717	0.00236	0.01063	0.00580	0.00372	0.01148
6	0.01555	0.04011	0.68733	0.02210	0.03356	0.01801	0.02865	0.02455	0.01637	0.02455	0.01391	0.01637	0.00982	0.00737	0.00737	0.00246	0.01146	0.00573	0.00327	0.01146
7	0.01131	0.00765	0.00899	0.00906	0.00926	0.00777	0.00548	0.01171	0.01166	0.01565	0.02481	0.05048	0.02810	0.63740	0.09720	0.00779	0.00869	0.03722	0.00475	0.00500
8	0.01755	0.02294	0.13357	0.03016	0.03818	0.01887	0.53115	0.02423	0.01773	0.02445	0.01570	0.02077	0.01189	0.00931	0.04427	0.00310	0.01324	0.00863	0.00384	0.01042
9	0.03374	0.01372	0.01818	0.01406	0.01998	0.01233	0.01158	0.06265	0.05744	0.62386	0.03016	0.02622	0.01919	0.00963	0.00780	0.00241	0.00665	0.00782	0.00943	0.01315
10	0.00945	0.00675	0.00900	0.01080	0.01125	0.00630	0.00720	0.01080	0.01484	0.01979	0.04274	0.72245	0.05128	0.02429	0.00990	0.00315	0.00450	0.02204	0.00720	0.00630
11	0.38157	0.01967	0.01654	0.01389	0.01890	0.11346	0.01122	0.21733	0.02202	0.06015	0.01479	0.01594	0.01104	0.00813	0.00615	0.00229	0.00779	0.00544	0.04361	0.01006
12	0.00945	0.00675	0.00900	0.01080	0.01125	0.00630	0.00720	0.01080	0.01484	0.01979	0.04274	0.72245	0.05128	0.02429	0.00990	0.00315	0.00450	0.02204	0.00720	0.00630
13	0.00945	0.00675	0.00900	0.01080	0.01125	0.00630	0.00720	0.01080	0.01484	0.01979	0.04274	0.72245	0.05128	0.02429	0.00990	0.00315	0.00450	0.02204	0.00720	0.00630
14	0.01108	0.00831	0.01246	0.01246	0.01385	0.00969	0.00969	0.01385	0.01246	0.01800	0.02077	0.03046	0.01938	0.05815	0.69678	0.01246	0.02077	0.00831	0.00415	0.00692
15	0.02896	0.03695	0.02197	0.01998	0.02397	0.69638	0.01498	0.03096	0.02197	0.01898	0.01199	0.01398	0.00999	0.00799	0.00699	0.00200	0.01398	0.00499	0.00400	0.00899
16	0.00945	0.00675	0.00900	0.01080	0.01125	0.00630	0.00720	0.01080	0.01484	0.01979	0.04274	0.72245	0.05128	0.02429	0.00990	0.00315	0.00450	0.02204	0.00720	0.00630
17	0.78228	0.01499	0.01140	0.01020	0.01499	0.01739	0.00840	0.02279	0.01320	0.03479	0.01080	0.01260	0.00840	0.00720	0.00480	0.00240	0.00600	0.00420	0.00480	0.00840
18	0.02511	0.01800	0.01941	0.01556	0.02050	0.01968	0.01258	0.49174	0.03119	0.04278	0.02228	0.09991	0.01844	0.01097	0.00767	0.00235	0.00739	0.00872	0.11414	0.01157
19	0.04870	0.01666	0.01832	0.01487	0.01998	0.04523	0.01195	0.16999	0.16605	0.19215	0.07998	0.02544	0.02157	0.00980	0.00812	0.00230	0.02980	0.00772	0.00752	0.10384
20	0.01661	0.01710	0.08163	0.45516	0.10211	0.01739	0.04471	0.04285	0.01672	0.04463	0.01454	0.01992	0.01097	0.00781	0.00830	0.00249	0.03548	0.00678	0.00390	0.05089
21	0.03025	0.01309	0.01718	0.01351	0.01903	0.01174	0.01101	0.03514	0.08328	0.53078	0.08654	0.02888	0.02397	0.01004	0.00782	0.00236	0.00625	0.00827	0.00908	0.05177
22	0.01712	0.01108	0.01362	0.01314	0.01587	0.01140	0.01012	0.02419	0.17750	0.14465	0.03887	0.27654	0.07942	0.01715	0.00962	0.00291	0.03065	0.08927	0.00766	0.00923
23	0.01830	0.02092	0.04575	0.03268	0.04052	0.01961	0.65098	0.02484	0.01830	0.02484	0.01569	0.02092	0.01176	0.00654	0.00915	0.00261	0.01307	0.00915	0.00392	0.01046
24	0.01682	0.05505	0.02458	0.12412	0.02533	0.02314	0.01746	0.01908	0.01263	0.01881	0.01076	0.01728	0.01019	0.01232	0.02167	0.00318	0.56896	0.00666	0.00340	0.00858
25	0.01861	0.01043	0.01270	0.01105	0.01466	0.00958	0.00865	0.02345	0.08751	0.22900	0.23016	0.05026	0.23335	0.01452	0.00861	0.00250	0.00490	0.01227	0.00839	0.00941
26	0.01086	0.00776	0.01060	0.01230	0.01340	0.00750	0.00955	0.01328	0.01644	0.02173	0.06557	0.41582	0.04914	0.02270	0.01023	0.00331	0.00564	0.29023	0.00722	0.00671

[dist]
# distance from previous block
# <min> <max>
0	4

[block]
# block no. 3 follows, 25 sequences, length 96
# corresponding to MSA columns:
# 395-490
name=unknown_D
#
# <colnr> <probs for GDERKNQSTAVLIFYWHMCP>
#	G	D	E	R	K	N	Q	S	T	A	V	L	I	F	Y	W	H	M	C	P
0	0.10638	0.01563	0.04982	0.42704	0.08843	0.01651	0.04303	0.02081	0.01561	0.02313	0.01356	0.01880	0.01044	0.00728	0.00716	0.00234	0.00926	0.00630	0.00380	0.11466
1	0.00979	0.00717	0.00920	0.01019	0.01124	0.00658	0.00707	0.01178	0.01693	0.02271	0.20272	0.48193	0.13078	0.02166	0.00962	0.00291	0.00422	0.01939	0.00753	0.00658
2	0.01464	0.01378	0.02326	0.70887	0.05340	0.01723	0.02153	0.01981	0.01550	0.01981	0.01378	0.02067	0.01034	0.00775	0.00775	0.00258	0.01034	0.00689	0.00345	0.00861
3	0.02222	0.01839	0.05020	0.11405	0.04794	0.01937	0.06432	0.27753	0.07546	0.06143	0.01980	0.04813	0.01540	0.00969	0.00899	0.00248	0.05784	0.00785	0.06781	0.01110
4	0.06179	0.01799	0.02027	0.01593	0.02175	0.01904	0.01305	0.34358	0.11874	0.24978	0.02393	0.02229	0.01637	0.00948	0.00766	0.00240	0.00747	0.00737	0.00824	0.01286
5	0.01695	0.01457	0.01830	0.08775	0.02325	0.01235	0.03113	0.06504	0.01754	0.02635	0.01419	0.01691	0.01149	0.00624	0.00621	0.00143	0.00667	0.00516	0.00467	0.61380
6	0.02561	0.04946	0.01928	0.01431	0.01998	0.03546	0.01168	0.15955	0.10661	0.24686	0.07119	0.02449	0.02037	0.00921	0.00736	0.00214	0.00686	0.00736	0.00752	0.15470
7	0.01026	0.00788	0.00941	0.00922	0.01130	0.00703	0.00694	0.01316	0.01984	0.02639	0.39404	0.09347	0.30569	0.01788	0.00924	0.00258	0.00392	0.03688	0.00791	0.00697
8	0.01919	0.01610	0.02382	0.16302	0.12314	0.01758	0.08725	0.12213	0.12342	0.05385	0.02187	0.06240	0.01832	0.01022	0.00875	0.00260	0.03341	0.04723	0.03516	0.01054
9	0.00945	0.00675	0.00900	0.01080	0.01125	0.00630	0.00720	0.01080	0.01484	0.01979	0.04274	0.72245	0.05128	0.02429	0.00990	0.00315	0.00450	0.02204	0.00720	0.00630
10	0.03461	0.01348	0.01817	0.01393	0.01994	0.01182	0.01151	0.05838	0.02267	0.66324	0.03019	0.02613	0.01899	0.00959	0.00780	0.00240	0.00666	0.00777	0.00954	0.01320
11	0.00981	0.00720	0.00925	0.01080	0.01154	0.00681	0.00731	0.01199	0.04012	0.02035	0.04455	0.65499	0.08945	0.02347	0.00977	0.00310	0.00453	0.02117	0.00722	0.00654
12	0.03050	0.01978	0.07103	0.01658	0.02310	0.01866	0.01448	0.36624	0.02939	0.29477	0.02293	0.02148	0.01527	0.00927	0.00774	0.00236	0.00800	0.00721	0.00814	0.01306
13	0.01019	0.00810	0.00919	0.00903	0.01127	0.00724	0.00673	0.01341	0.04095	0.02499	0.29417	0.11324	0.38715	0.01827	0.00917	0.00259	0.00394	0.01565	0.00772	0.00701
14	0.02831	0.03247	0.02146	0.01890	0.02321	0.53054	0.01444	0.15079	0.02448	0.02528	0.01396	0.01565	0.01112	0.00830	0.00706	0.00205	0.01239	0.00549	0.04439	0.00971
15	0.01591	0.01605	0.02974	0.46812	0.07003	0.01823	0.19416	0.02127	0.01618	0.02133	0.01416	0.02051	0.01079	0.00766	0.00896	0.00262	0.04394	0.00751	0.00359	0.00924
16	0.03381	0.01354	0.01799	0.01384	0.01972	0.01206	0.01142	0.07582	0.02290	0.62395	0.02967	0.02598	0.01884	0.00956	0.00772	0.00238	0.00663	0.00773	0.03343	0.01301
17	0.01195	0.00893	0.01147	0.01104	0.01140	0.01016	0.00759	0.01290	0.01167	0.01628	0.02164	0.04106	0.02356	0.45898	0.21196	0.00830	0.10104	0.00992	0.00439	0.00577
18	0.01115	0.00822	0.01101	0.04150	0.01450	0.00841	0.00926	0.01401	0.04063	0.02137	0.03874	0.48421	0.04418	0.02135	0.01018	0.00312	0.02925	0.13557	0.04642	0.00691
19	0.01656	0.08411	0.62200	0.02124	0.03219	0.01860	0.02705	0.02493	0.01653	0.04716	0.01429	0.01646	0.01016	0.00740	0.00723	0.00240	0.01108	0.00570	0.00350	0.01142
20	0.07383	0.01387	0.02206	0.62802	0.04909	0.01697	0.02004	0.02003	0.01535	0.02118	0.01355	0.01987	0.01023	0.00763	0.00745	0.00251	0.00982	0.00659	0.00359	0.03830
21	0.02896	0.03695	0.02197	0.01998	0.02397	0.69638	0.01498	0.03096	0.02197	0.01898	0.01199	0.01398	0.00999	0.00799	0.00699	0.00200	0.01398	0.00499	0.00400	0.00899
22	0.01574	0.01350	0.01613	0.01193	0.01812	0.01085	0.00955	0.01906	0.01563	0.02444	0.01415	0.01719	0.01202	0.01000	0.05841	0.00209	0.03670	0.00496	0.00451	0.68499
23	0.01097	0.00793	0.01036	0.00975	0.01158	0.00732	0.00732	0.01463	0.02195	0.03109	0.67505	0.05792	0.07316	0.01585	0.00914	0.00244	0.00366	0.01402	0.00854	0.00732
24	0.01473	0.01369	0.02272	0.65550	0.05047	0.01715	0.02078	0.01970	0.01538	0.02008	0.01403	0.02080	0.01066	0.00804	0.00842	0.00259	0.03974	0.00690	0.03006	0.00856
25	0.00955	0.00683	0.00909	0.01072	0.01127	0.00637	0.00721	0.01106	0.01533	0.02057	0.08606	0.67691	0.05278	0.02371	0.00985	0.00310	0.00444	0.02149	0.00729	0.00637
26	0.00958	0.00681	0.00896	0.01062	0.01104	0.00639	0.00701	0.01083	0.01458	0.01944	0.04136	0.67206	0.04955	0.07704	0.01211	0.00348	0.00472	0.02123	0.00701	0.00618
27	0.01464	0.01378	0.02326	0.70887	0.05340	0.01723	0.02153	0.01981	0.01550	0.01981	0.01378	0.02067	0.01034	0.00775	0.00775	0.00258	0.01034	0.00689	0.00345	0.00861
28	0.00976	0.00678	0.00889	0.01057	0.01111	0.00636	0.00709	0.01125	0.01493	0.02037	0.04164	0.67889	0.04931	0.02333	0.00962	0.00306	0.00444	0.02111	0.05514	0.00636
29	0.03361	0.01325	0.01784	0.01376	0.01959	0.01164	0.01133	0.05695	0.02265	0.63616	0.05736	0.02747	0.02127	0.00985	0.00785	0.00240	0.00654	0.00803	0.00949	0.01295
30	0.08607	0.01751	0.03167	0.22743	0.06846	0.01935	0.27205	0.02209	0.01590	0.02324	0.01370	0.01934	0.01080	0.00816	0.01103	0.00270	0.12970	0.00754	0.00377	0.00948
31	0.04585	0.01558	0.02630	0.44697	0.24727	0.01771	0.04773	0.02138	0.01620	0.02232	0.01400	0.01991	0.01093	0.00742	0.00767	0.00249	0.00993	0.00689	0.00364	0.00983
32	0.00945	0.00675	0.00900	0.01080	0.01125	0.00630	0.00720	0.01080	0.01484	0.01979	0.04274	0.72245	0.05128	0.02429	0.00990	0.00315	0.00450	0.02204	0.00720	0.00630
33	0.08162	0.36470	0.03024	0.01577	0.02137	0.24097	0.01364	0.10735	0.02023	0.02369	0.01218	0.01374	0.01027	0.00745	0.00596	0.00191	0.00996	0.00479	0.00422	0.00995
34	0.01128	0.00752	0.00846	0.00846	0.00846	0.00752	0.00470	0.01128	0.01128	0.01503	0.02443	0.05074	0.02819	0.72751	0.03946	0.00752	0.00752	0.01128	0.00470	0.00470
35	0.00941	0.00688	0.00886	0.01045	0.01116	0.00633	0.00704	0.01084	0.01518	0.01993	0.04694	0.64638	0.12464	0.02374	0.00981	0.00309	0.00443	0.02138	0.00720	0.00633
36	0.01830	0.02092	0.04575	0.03268	0.04052	0.01961	0.65098	0.02484	0.01830	0.02484	0.01569	0.02092	0.01176	0.00654	0.00915	0.00261	0.01307	0.00915	0.00392	0.01046
37	0.12179	0.01540	0.01709	0.01405	0.01897	0.01633	0.01136	0.19171	0.14285	0.21374	0.05327	0.02487	0.01958	0.01170	0.03664	0.00281	0.00720	0.00757	0.06162	0.01146
38	0.01445	0.00723	0.00723	0.00723	0.00903	0.00723	0.00542	0.01807	0.01626	0.02891	0.02529	0.02891	0.01987	0.00903	0.00542	0.00181	0.00361	0.00723	0.77055	0.00723
39	0.03479	0.01320	0.01799	0.01380	0.01979	0.01140	0.01140	0.03779	0.02219	0.68451	0.03059	0.02639	0.01919	0.00960	0.00780	0.00240	0.00660	0.00780	0.00960	0.01320
40	0.00952	0.00680	0.00906	0.01075	0.01126	0.00634	0.00720	0.01097	0.01516	0.02030	0.07108	0.69266	0.05226	0.02391	0.00986	0.00312	0.00446	0.02168	0.00726	0.00634
41	0.01670	0.01620	0.02273	0.01959	0.01959	0.02247	0.01620	0.01802	0.01174	0.01827	0.01042	0.01746	0.01042	0.01457	0.02581	0.06123	0.66031	0.00678	0.00339	0.00810
42	0.01464	0.01378	0.02326	0.70887	0.05340	0.01723	0.02153	0.01981	0.01550	0.01981	0.01378	0.02067	0.01034	0.00775	0.00775	0.00258	0.01034	0.00689	0.00345	0.00861
43	0.01696	0.01696	0.02375	0.02036	0.02036	0.02375	0.01696	0.01866	0.01187	0.01866	0.01018	0.01696	0.01018	0.01357	0.02545	0.00339	0.71332	0.00679	0.00339	0.00848
44	0.00954	0.00682	0.00908	0.01073	0.01127	0.00636	0.00720	0.01104	0.01529	0.02050	0.08245	0.68071	0.05266	0.02376	0.00985	0.00310	0.00445	0.02154	0.00728	0.00636
45	0.10330	0.01271	0.06466	0.01278	0.01613	0.01109	0.03464	0.02012	0.08917	0.06727	0.26240	0.20091	0.04456	0.01488	0.00846	0.00263	0.00554	0.01301	0.00719	0.00853
46	0.02539	0.01557	0.01810	0.01466	0.02008	0.01572	0.01186	0.15337	0.20962	0.24935	0.02866	0.02811	0.04358	0.01009	0.00771	0.00235	0.00665	0.02736	0.00798	0.10378
