[name]
unknown

[dist]
# distance from previous block
# <min> <max>
0	12

[block]
# block no. 0 follows, 25 sequences, length 17
# corresponding to MSA columns:
# 12-28
name=unknown_A
#
# <colnr> <probs for GDERKNQSTAVLIFYWHMCP>
#	G	D	E	R	K	N	Q	S	T	A	V	L	I	F	Y	W	H	M	C	P
0	0.01911	0.01019	0.01413	0.01414	0.01717	0.00966	0.01217	0.02251	0.01914	0.21950	0.03795	0.06933	0.03707	0.01791	0.00985	0.00322	0.00698	0.44317	0.00787	0.00894
1	0.01762	0.01552	0.02098	0.02249	0.21477	0.01337	0.01378	0.04992	0.01748	0.02637	0.01424	0.01712	0.01180	0.00625	0.00641	0.00155	0.00690	0.00539	0.00451	0.51353
2	0.01545	0.01123	0.01328	0.01285	0.01506	0.01160	0.00944	0.20165	0.02152	0.02883	0.05845	0.48949	0.04077	0.01954	0.00923	0.00288	0.00567	0.01728	0.00741	0.00838
3	0.01741	0.01137	0.01377	0.01122	0.01569	0.00962	0.00874	0.04619	0.01911	0.14312	0.15434	0.09241	0.11520	0.03096	0.00852	0.00219	0.00532	0.01021	0.00692	0.27769
4	0.04877	0.01436	0.01716	0.01248	0.01909	0.01169	0.02791	0.03823	0.01649	0.02615	0.01375	0.01617	0.01137	0.00616	0.00643	0.00134	0.02672	0.00484	0.00464	0.67624
5	0.02727	0.01128	0.01532	0.01290	0.01726	0.00988	0.01015	0.02978	0.02001	0.48720	0.03419	0.23300	0.02872	0.01396	0.00842	0.00262	0.00597	0.01203	0.00888	0.01115
6	0.02505	0.02899	0.02130	0.01896	0.02324	0.42531	0.03889	0.03442	0.25416	0.02407	0.01920	0.01965	0.01500	0.00885	0.00740	0.00225	0.01111	0.00652	0.00540	0.01023
7	0.01598	0.01648	0.03323	0.06904	0.03183	0.01587	0.41861	0.02049	0.01604	0.02160	0.01816	0.02975	0.01655	0.22062	0.01806	0.00407	0.01125	0.00964	0.00412	0.00863
8	0.02111	0.01206	0.01425	0.01129	0.01602	0.01076	0.00898	0.08254	0.01916	0.18290	0.02159	0.02295	0.01605	0.00911	0.00765	0.04355	0.00563	0.00647	0.23336	0.25456
9	0.01785	0.01957	0.03828	0.02849	0.03367	0.02101	0.43568	0.02274	0.01612	0.02274	0.01382	0.01957	0.01123	0.00892	0.01468	0.00288	0.25086	0.00835	0.00374	0.00979
10	0.00996	0.00715	0.00946	0.01044	0.01136	0.00664	0.00724	0.01210	0.01725	0.02362	0.25701	0.49725	0.05870	0.02143	0.00964	0.00291	0.00421	0.01932	0.00765	0.00664
11	0.00938	0.00753	0.00838	0.00887	0.01079	0.00653	0.00638	0.01129	0.01715	0.02136	0.11227	0.26567	0.44573	0.02074	0.00938	0.00276	0.00408	0.01788	0.00730	0.00653
12	0.01573	0.01590	0.02993	0.50816	0.04958	0.01793	0.20837	0.02130	0.01633	0.02130	0.01435	0.02074	0.01076	0.00739	0.00817	0.00259	0.01115	0.00756	0.00359	0.00916
13	0.02902	0.01996	0.02173	0.01676	0.02267	0.02174	0.01381	0.55279	0.03377	0.10912	0.02020	0.02003	0.01420	0.00932	0.00761	0.00230	0.00803	0.00708	0.05706	0.01280
14	0.06668	0.01940	0.02042	0.01648	0.02193	0.02174	0.01337	0.41754	0.22117	0.04260	0.02224	0.02167	0.01625	0.00954	0.00756	0.00240	0.00753	0.00737	0.03163	0.01247
15	0.01748	0.02661	0.23619	0.02954	0.03846	0.01913	0.46625	0.02475	0.01773	0.02475	0.01516	0.01957	0.01119	0.00678	0.00862	0.00257	0.01259	0.00813	0.00373	0.01075
16	0.01893	0.01916	0.03571	0.04317	0.48958	0.01877	0.20996	0.02410	0.01785	0.02518	0.01491	0.01970	0.01213	0.00680	0.00811	0.00240	0.01036	0.00757	0.00386	0.01174

[dist]
# distance from previous block
# <min> <max>
0	2

[block]
# block no. 1 follows, 25 sequences, length 15
# corresponding to MSA columns:
# 31-45
name=unknown_B
#
# <colnr> <probs for GDERKNQSTAVLIFYWHMCP>
#	G	D	E	R	K	N	Q	S	T	A	V	L	I	F	Y	W	H	M	C	P
0	0.02019	0.57473	0.04176	0.01756	0.02447	0.02823	0.15443	0.02358	0.01632	0.01970	0.01187	0.01431	0.01035	0.00661	0.00590	0.00187	0.00935	0.00525	0.00345	0.01006
1	0.18705	0.09283	0.43520	0.01812	0.02731	0.01852	0.02163	0.02496	0.01602	0.07193	0.01411	0.01589	0.01017	0.00742	0.00662	0.00237	0.00964	0.00540	0.00405	0.01077
2	0.01567	0.01188	0.01520	0.01372	0.01585	0.01372	0.01067	0.15541	0.01755	0.02445	0.01995	0.02972	0.01855	0.14301	0.39061	0.00873	0.07390	0.00833	0.00497	0.00811
3	0.01187	0.00952	0.01485	0.16662	0.02260	0.01136	0.01231	0.01517	0.01313	0.01840	0.01922	0.02829	0.01738	0.04700	0.54426	0.01027	0.01846	0.00799	0.00400	0.00730
4	0.01658	0.02299	0.18093	0.23599	0.04290	0.01853	0.32179	0.02325	0.01702	0.02325	0.01471	0.01983	0.01090	0.00709	0.00833	0.00257	0.01188	0.00771	0.00363	0.01012
5	0.02171	0.01929	0.01896	0.01648	0.02060	0.12270	0.03192	0.22042	0.20864	0.03237	0.02654	0.17672	0.02408	0.01268	0.00819	0.00255	0.00794	0.01058	0.00697	0.01067
6	0.01492	0.01167	0.01138	0.01064	0.01293	0.06314	0.00779	0.09864	0.01935	0.02596	0.11039	0.12135	0.17436	0.13037	0.01313	0.00322	0.00588	0.01213	0.14526	0.00749
7	0.00942	0.00684	0.00890	0.01055	0.01118	0.00632	0.00709	0.01082	0.01508	0.01989	0.04572	0.66837	0.10343	0.02390	0.00984	0.00310	0.00445	0.02157	0.00720	0.00632
8	0.01576	0.01477	0.02417	0.54531	0.15427	0.01759	0.02118	0.02214	0.06667	0.02171	0.01530	0.02107	0.01170	0.00783	0.00775	0.00254	0.00982	0.00704	0.00386	0.00951
9	0.02896	0.03695	0.02197	0.01998	0.02397	0.69638	0.01498	0.03096	0.02197	0.01898	0.01199	0.01398	0.00999	0.00799	0.00699	0.00200	0.01398	0.00499	0.00400	0.00899
10	0.02452	0.03361	0.17083	0.04783	0.07073	0.39053	0.03971	0.08765	0.02147	0.02369	0.01340	0.01577	0.01048	0.00785	0.00729	0.00219	0.01243	0.00568	0.00416	0.01019
11	0.02748	0.17237	0.02231	0.01354	0.01908	0.01635	0.01155	0.05584	0.07535	0.38398	0.09865	0.02678	0.02339	0.00971	0.00733	0.00226	0.00668	0.00774	0.00787	0.01173
12	0.02911	0.03251	0.02235	0.01935	0.02399	0.50049	0.01491	0.21228	0.02619	0.02768	0.01392	0.01533	0.01092	0.00837	0.00721	0.00209	0.01239	0.00557	0.00509	0.01021
13	0.01572	0.08338	0.49445	0.17349	0.03698	0.01873	0.02598	0.02341	0.01613	0.02306	0.01366	0.01704	0.00994	0.00740	0.00728	0.00243	0.01099	0.00587	0.00331	0.01072
14	0.02483	0.01155	0.01467	0.01222	0.01672	0.01037	0.00973	0.02900	0.07169	0.40439	0.07127	0.09313	0.16988	0.01332	0.00833	0.00253	0.00567	0.01117	0.00870	0.01085

[dist]
# distance from previous block
# <min> <max>
0	1

[block]
# block no. 2 follows, 25 sequences, length 34
# corresponding to MSA columns:
# 47-80
name=unknown_C
#
# <colnr> <probs for GDERKNQSTAVLIFYWHMCP>
#	G	D	E	R	K	N	Q	S	T	A	V	L	I	F	Y	W	H	M	C	P
0	0.01143	0.00758	0.00876	0.00864	0.00913	0.00746	0.00528	0.01242	0.01379	0.01924	0.15717	0.05073	0.03680	0.53399	0.03099	0.00610	0.00647	0.01156	0.05706	0.00540
1	0.01762	0.01959	0.04129	0.02993	0.03671	0.01894	0.55217	0.02356	0.01811	0.02487	0.06758	0.02355	0.01652	0.00780	0.01038	0.00266	0.06506	0.00936	0.00425	0.01006
2	0.02189	0.01771	0.01829	0.01578	0.02038	0.05173	0.01243	0.15360	0.42831	0.07146	0.07917	0.02842	0.02470	0.01054	0.00792	0.00251	0.00680	0.00861	0.00782	0.01194
3	0.01359	0.00911	0.01204	0.01348	0.06488	0.00876	0.00858	0.01640	0.04769	0.08240	0.11876	0.31400	0.06999	0.16576	0.01545	0.00378	0.00564	0.01535	0.00684	0.00751
4	0.03232	0.01344	0.01839	0.06905	0.02248	0.01230	0.01225	0.03655	0.05784	0.59508	0.02931	0.02608	0.01874	0.00950	0.00780	0.00243	0.00687	0.00778	0.00901	0.01278
5	0.72128	0.01434	0.01129	0.01019	0.01461	0.01655	0.00827	0.02179	0.01295	0.03310	0.01101	0.01347	0.00880	0.00876	0.00682	0.06365	0.00606	0.00440	0.00468	0.00800
6	0.02947	0.02172	0.02327	0.01784	0.02404	0.02404	0.01474	0.65329	0.03646	0.04887	0.01862	0.01862	0.01319	0.00931	0.00776	0.00233	0.00853	0.00698	0.00776	0.01319
7	0.01730	0.01650	0.02806	0.32211	0.41937	0.01793	0.02286	0.02214	0.01676	0.02304	0.01425	0.01981	0.01147	0.00726	0.00771	0.00242	0.00968	0.00690	0.00367	0.01076
8	0.01494	0.01397	0.02223	0.55032	0.04536	0.01756	0.01970	0.02056	0.05565	0.02047	0.01594	0.05631	0.01323	0.00944	0.00992	0.00271	0.09133	0.00776	0.00391	0.00871
9	0.01347	0.00673	0.01010	0.01010	0.01010	0.00673	0.00673	0.01010	0.01010	0.01347	0.01347	0.02357	0.01347	0.02694	0.03030	0.77441	0.00673	0.00673	0.00337	0.00337
10	0.00945	0.00675	0.00900	0.01080	0.01125	0.00630	0.00720	0.01080	0.01484	0.01979	0.04274	0.72245	0.05128	0.02429	0.00990	0.00315	0.00450	0.02204	0.00720	0.00630
11	0.01818	0.37169	0.10217	0.01907	0.06051	0.02352	0.11944	0.02189	0.01596	0.02037	0.01717	0.02115	0.05314	0.05273	0.00967	0.00246	0.05077	0.00665	0.00377	0.00969
12	0.01347	0.00673	0.01010	0.01010	0.01010	0.00673	0.00673	0.01010	0.01010	0.01347	0.01347	0.02357	0.01347	0.02694	0.03030	0.77441	0.00673	0.00673	0.00337	0.00337
13	0.01464	0.01378	0.02326	0.70887	0.05340	0.01723	0.02153	0.01981	0.01550	0.01981	0.01378	0.02067	0.01034	0.00775	0.00775	0.00258	0.01034	0.00689	0.00345	0.00861
14	0.01745	0.01665	0.02833	0.30084	0.43950	0.01796	0.02293	0.02227	0.01683	0.02322	0.01428	0.01976	0.01154	0.00723	0.00771	0.00241	0.00964	0.00690	0.00369	0.01088
15	0.01555	0.04011	0.68733	0.02210	0.03356	0.01801	0.02865	0.02455	0.01637	0.02455	0.01391	0.01637	0.00982	0.00737	0.00737	0.00246	0.01146	0.00573	0.00327	0.01146
16	0.00982	0.00781	0.00882	0.00873	0.01092	0.00680	0.00648	0.01235	0.01900	0.02446	0.28721	0.11236	0.42059	0.01861	0.00921	0.00259	0.00387	0.01592	0.00767	0.00680
17	0.01581	0.03828	0.62636	0.02310	0.03422	0.01816	0.08779	0.02458	0.01655	0.02458	0.01408	0.01680	0.01001	0.00729	0.00754	0.00247	0.01161	0.00605	0.00334	0.01136
18	0.00958	0.00685	0.00915	0.01095	0.01146	0.00642	0.00744	0.01103	0.01498	0.01995	0.04266	0.69393	0.05098	0.02416	0.00993	0.00317	0.00462	0.04921	0.00719	0.00634
19	0.00956	0.00680	0.00896	0.01065	0.01107	0.00637	0.00704	0.01083	0.01462	0.01950	0.04159	0.68047	0.04984	0.06824	0.01174	0.00342	0.00469	0.02137	0.00704	0.00620
20	0.02947	0.02039	0.02229	0.01723	0.02330	0.02225	0.01419	0.54207	0.07383	0.12342	0.02084	0.02018	0.01455	0.00942	0.00777	0.00235	0.00815	0.00719	0.00798	0.01313
21	0.02073	0.73217	0.04063	0.01327	0.01990	0.03068	0.01327	0.02322	0.01575	0.01824	0.01078	0.01244	0.00995	0.00663	0.00498	0.00166	0.00829	0.00415	0.00332	0.00995
22	0.00950	0.00690	0.00897	0.01051	0.01120	0.00637	0.00710	0.01102	0.01543	0.02046	0.07765	0.63656	0.10275	0.02349	0.00980	0.00307	0.00441	0.02118	0.00727	0.00637
23	0.02674	0.01365	0.01666	0.01356	0.01850	0.01332	0.01093	0.09974	0.13974	0.36754	0.09245	0.03181	0.06142	0.01086	0.00790	0.00242	0.00615	0.00892	0.04588	0.01181
24	0.01108	0.00831	0.01246	0.01246	0.01385	0.00969	0.00969	0.01385	0.01246	0.01800	0.02077	0.03046	0.01938	0.05815	0.69678	0.01246	0.02077	0.00831	0.00415	0.00692
25	0.01286	0.01058	0.01226	0.01206	0.01327	0.06389	0.00889	0.01488	0.01326	0.01814	0.02188	0.06820	0.02193	0.19908	0.39540	0.00911	0.04088	0.00929	0.04752	0.00663
26	0.38759	0.01595	0.01509	0.01268	0.01757	0.01777	0.01032	0.18690	0.08020	0.07590	0.04560	0.02106	0.03805	0.00904	0.00637	0.00239	0.00644	0.00648	0.03448	0.01012
27	0.00945	0.00675	0.00900	0.01080	0.01125	0.00630	0.00720	0.01080	0.01484	0.01979	0.04274	0.72245	0.05128	0.02429	0.00990	0.00315	0.00450	0.02204	0.00720	0.00630
28	0.01929	0.01666	0.01753	0.01578	0.02016	0.01929	0.01227	0.04120	0.66513	0.03243	0.03156	0.02893	0.02367	0.01052	0.00789	0.00263	0.00614	0.00877	0.00789	0.01227
29	0.01929	0.01666	0.01753	0.01578	0.02016	0.01929	0.01227	0.04120	0.66513	0.03243	0.03156	0.02893	0.02367	0.01052	0.00789	0.00263	0.00614	0.00877	0.00789	0.01227
30	0.01120	0.00782	0.00956	0.01007	0.01068	0.00774	0.00653	0.03729	0.01452	0.01954	0.07228	0.33512	0.03986	0.32837	0.04971	0.00533	0.00656	0.01574	0.00610	0.00597
31	0.02829	0.01994	0.02169	0.01685	0.02268	0.02170	0.01383	0.55589	0.03380	0.09512	0.02302	0.04555	0.04455	0.01030	0.00789	0.00237	0.00804	0.00797	0.00785	0.01266
32	0.71134	0.01482	0.01202	0.01054	0.01545	0.01682	0.00868	0.02421	0.01405	0.09644	0.01267	0.01390	0.00942	0.00743	0.00508	0.00240	0.00605	0.00454	0.00525	0.00885
33	0.01210	0.01138	0.05412	0.01278	0.01467	0.04043	0.01032	0.01478	0.01309	0.01814	0.02151	0.06523	0.02110	0.14079	0.50163	0.01026	0.01732	0.00907	0.00431	0.00697

[dist]
# distance from previous block
# <min> <max>
0	4

[block]
# block no. 3 follows, 25 sequences, length 56
# corresponding to MSA columns:
# 85-140
name=unknown_D
#
# <colnr> <probs for GDERKNQSTAVLIFYWHMCP>
#	G	D	E	R	K	N	Q	S	T	A	V	L	I	F	Y	W	H	M	C	P
0	0.01931	0.02099	0.04373	0.03134	0.03904	0.02001	0.59374	0.08137	0.01993	0.02700	0.01595	0.02071	0.01189	0.00679	0.00902	0.00259	0.01266	0.00896	0.00427	0.01070
1	0.01929	0.01666	0.01753	0.01578	0.02016	0.01929	0.01227	0.04120	0.66513	0.03243	0.03156	0.02893	0.02367	0.01052	0.00789	0.00263	0.00614	0.00877	0.00789	0.01227
2	0.00945	0.00675	0.00900	0.01080	0.01125	0.00630	0.00720	0.01080	0.01484	0.01979	0.04274	0.72245	0.05128	0.02429	0.00990	0.00315	0.00450	0.02204	0.00720	0.00630
3	0.78228	0.01499	0.01140	0.01020	0.01499	0.01739	0.00840	0.02279	0.01320	0.03479	0.01080	0.01260	0.00840	0.00720	0.00480	0.00240	0.00600	0.00420	0.00480	0.00840
4	0.01555	0.04011	0.68733	0.02210	0.03356	0.01801	0.02865	0.02455	0.01637	0.02455	0.01391	0.01637	0.00982	0.00737	0.00737	0.00246	0.01146	0.00573	0.00327	0.01146
5	0.01555	0.04011	0.68733	0.02210	0.03356	0.01801	0.02865	0.02455	0.01637	0.02455	0.01391	0.01637	0.00982	0.00737	0.00737	0.00246	0.01146	0.00573	0.00327	0.01146
6	0.01108	0.00831	0.01246	0.01246	0.01385	0.00969	0.00969	0.01385	0.01246	0.01800	0.02077	0.03046	0.01938	0.05815	0.69678	0.01246	0.02077	0.00831	0.00415	0.00692
7	0.01097	0.00793	0.01036	0.00975	0.01158	0.00732	0.00732	0.01463	0.02195	0.03109	0.67505	0.05792	0.07316	0.01585	0.00914	0.00244	0.00366	0.01402	0.00854	0.00732
8	0.11030	0.02382	0.02374	0.01901	0.02420	0.16937	0.07152	0.33791	0.02702	0.03608	0.01533	0.01701	0.01158	0.00890	0.00889	0.00238	0.06953	0.00642	0.00590	0.01110
9	0.00961	0.00793	0.00847	0.00850	0.01096	0.00679	0.00648	0.01190	0.01826	0.02245	0.15705	0.07313	0.55658	0.01923	0.00925	0.00265	0.00408	0.05262	0.00738	0.00669
10	0.00999	0.00779	0.00907	0.00896	0.01104	0.00686	0.00664	0.01265	0.01931	0.02534	0.33990	0.12549	0.35241	0.01838	0.00922	0.00259	0.00386	0.01584	0.00779	0.00686
11	0.01830	0.02092	0.04575	0.03268	0.04052	0.01961	0.65098	0.02484	0.01830	0.02484	0.01569	0.02092	0.01176	0.00654	0.00915	0.00261	0.01307	0.00915	0.00392	0.01046
12	0.01097	0.00793	0.01036	0.00975	0.01158	0.00732	0.00732	0.01463	0.02195	0.03109	0.67505	0.05792	0.07316	0.01585	0.00914	0.00244	0.00366	0.01402	0.00854	0.00732
13	0.02051	0.70309	0.06781	0.01364	0.02047	0.03015	0.01391	0.02327	0.01578	0.01851	0.01091	0.01260	0.00994	0.00666	0.00508	0.00169	0.00842	0.00421	0.00331	0.01001
14	0.01608	0.01378	0.01608	0.01148	0.01837	0.01034	0.00919	0.01952	0.01608	0.02527	0.01378	0.01608	0.01148	0.00574	0.00574	0.00115	0.00574	0.00459	0.00459	0.77491
15	0.02300	0.01850	0.01962	0.01653	0.02158	0.02102	0.01317	0.26412	0.43617	0.03842	0.02684	0.02517	0.01985	0.01008	0.00784	0.00252	0.00701	0.00812	0.00784	0.01261
16	0.04620	0.01811	0.05676	0.12132	0.45160	0.01755	0.07850	0.02257	0.01705	0.02458	0.01623	0.06443	0.01426	0.00813	0.00784	0.00243	0.00936	0.00793	0.00403	0.01111
17	0.01492	0.01433	0.02498	0.65697	0.05241	0.01741	0.06985	0.02020	0.01572	0.02020	0.01393	0.02069	0.01045	0.00766	0.00786	0.00259	0.01055	0.00706	0.00348	0.00875
18	0.01572	0.01571	0.02906	0.51734	0.07615	0.01785	0.17447	0.02120	0.01627	0.02126	0.01428	0.02067	0.01076	0.00742	0.00809	0.00258	0.01095	0.00744	0.00358	0.00921
19	0.00998	0.00789	0.00898	0.00871	0.01097	0.00689	0.00653	0.01270	0.01959	0.02550	0.34599	0.06713	0.40571	0.01794	0.00916	0.00254	0.00381	0.01531	0.00780	0.00689
20	0.01608	0.01378	0.01608	0.01148	0.01837	0.01034	0.00919	0.01952	0.01608	0.02527	0.01378	0.01608	0.01148	0.00574	0.00574	0.00115	0.00574	0.00459	0.00459	0.77491
21	0.02947	0.02172	0.02327	0.01784	0.02404	0.02404	0.01474	0.65329	0.03646	0.04887	0.01862	0.01862	0.01319	0.00931	0.00776	0.00233	0.00853	0.00698	0.00776	0.01319
22	0.01402	0.01266	0.02071	0.44695	0.03949	0.01495	0.04422	0.01806	0.01570	0.02087	0.07639	0.10306	0.02083	0.01138	0.01011	0.03464	0.05101	0.00926	0.00438	0.03130
23	0.12303	0.01399	0.01582	0.01356	0.01800	0.01454	0.01093	0.11825	0.14887	0.20935	0.09413	0.06344	0.05266	0.01197	0.00792	0.00257	0.00626	0.05607	0.00788	0.01077
24	0.01464	0.01378	0.02326	0.70887	0.05340	0.01723	0.02153	0.01981	0.01550	0.01981	0.01378	0.02067	0.01034	0.00775	0.00775	0.00258	0.01034	0.00689	0.00345	0.00861
25	0.01464	0.01378	0.02326	0.70887	0.05340	0.01723	0.02153	0.01981	0.01550	0.01981	0.01378	0.02067	0.01034	0.00775	0.00775	0.00258	0.01034	0.00689	0.00345	0.00861
26	0.35309	0.01423	0.01367	0.01191	0.01615	0.01571	0.00953	0.11621	0.09196	0.07392	0.10037	0.05521	0.02230	0.01001	0.00658	0.00241	0.00588	0.00759	0.06375	0.00951
27	0.08862	0.01049	0.01301	0.01181	0.01493	0.00996	0.00895	0.04895	0.01891	0.24697	0.12034	0.27621	0.03705	0.04510	0.00976	0.00288	0.00552	0.01347	0.00789	0.00917
28	0.01040	0.00715	0.00871	0.00957	0.00979	0.00694	0.00589	0.01105	0.01298	0.01730	0.03315	0.37074	0.03919	0.39250	0.02538	0.00544	0.00608	0.01640	0.00589	0.00546
29	0.01027	0.00790	0.00938	0.00901	0.01115	0.00701	0.00676	0.01326	0.02027	0.02712	0.44157	0.06446	0.30911	0.01733	0.00915	0.00251	0.00376	0.01494	0.00801	0.00701
30	0.01003	0.00695	0.00889	0.01019	0.01067	0.00659	0.00669	0.01133	0.01456	0.01977	0.06475	0.54777	0.04681	0.14870	0.01496	0.00384	0.00497	0.01920	0.03721	0.00609
31	0.01210	0.00708	0.00807	0.00878	0.00983	0.00690	0.00602	0.01437	0.01508	0.02360	0.03200	0.30271	0.03319	0.10522	0.01144	0.00305	0.00445	0.01353	0.37603	0.00655
32	0.01696	0.01696	0.02375	0.02036	0.02036	0.02375	0.01696	0.01866	0.01187	0.01866	0.01018	0.01696	0.01018	0.01357	0.02545	0.00339	0.71332	0.00679	0.00339	0.00848
33	0.02523	0.01511	0.01766	0.01463	0.01953	0.01572	0.01171	0.13107	0.26047	0.26336	0.11154	0.03016	0.02681	0.01069	0.00800	0.00248	0.00635	0.00882	0.00855	0.01210
34	0.01163	0.00758	0.00900	0.00923	0.00975	0.00733	0.00569	0.01230	0.01325	0.04203	0.06034	0.20636	0.06183	0.47722	0.02885	0.00589	0.00646	0.01397	0.00573	0.00558
35	0.01144	0.00770	0.00981	0.00993	0.01122	0.00717	0.00693	0.01365	0.01773	0.05074	0.31588	0.26028	0.08219	0.14240	0.01461	0.00355	0.00472	0.01586	0.00744	0.00675
36	0.01608	0.01378	0.01608	0.01148	0.01837	0.01034	0.00919	0.01952	0.01608	0.02527	0.01378	0.01608	0.01148	0.00574	0.00574	0.00115	0.00574	0.00459	0.00459	0.77491
37	0.01108	0.00831	0.01246	0.01246	0.01385	0.00969	0.00969	0.01385	0.01246	0.01800	0.02077	0.03046	0.01938	0.05815	0.69678	0.01246	0.02077	0.00831	0.00415	0.00692
38	0.00994	0.00694	0.00886	0.01023	0.01088	0.00650	0.00685	0.01146	0.01510	0.02054	0.07052	0.57143	0.07532	0.07684	0.01184	0.00335	0.00461	0.01972	0.05279	0.00629
39	0.00952	0.00680	0.00906	0.01075	0.01126	0.00634	0.00720	0.01097	0.01516	0.02030	0.07114	0.69259	0.05226	0.02391	0.00986	0.00312	0.00446	0.02168	0.00726	0.00634
40	0.01966	0.58860	0.17480	0.01510	0.02273	0.02805	0.01646	0.02349	0.01588	0.01955	0.01143	0.01325	0.00992	0.00679	0.00547	0.00182	0.00895	0.00447	0.00331	0.01026
41	0.01878	0.01801	0.03073	0.10708	0.62285	0.01831	0.02359	0.02344	0.01746	0.02483	0.01451	0.01932	0.01211	0.00698	0.00768	0.00233	0.00931	0.00691	0.00380	0.01195
42	0.01411	0.00840	0.01096	0.01068	0.01274	0.00765	0.00792	0.01672	0.01901	0.12657	0.29280	0.25534	0.10280	0.04053	0.01019	0.00287	0.00465	0.04030	0.00801	0.00776
43	0.00945	0.00675	0.00900	0.01080	0.01125	0.00630	0.00720	0.01080	0.01484	0.01979	0.04274	0.72245	0.05128	0.02429	0.00990	0.00315	0.00450	0.02204	0.00720	0.00630
44	0.01141	0.00912	0.01324	0.01168	0.01416	0.00836	0.06517	0.01507	0.02085	0.02875	0.50584	0.05804	0.15736	0.01576	0.00920	0.00252	0.00466	0.03347	0.00788	0.00748
45	0.01425	0.00729	0.00754	0.00754	0.00932	0.00737	0.00568	0.01781	0.01603	0.02825	0.02502	0.02900	0.01984	0.01198	0.04683	0.00244	0.00464	0.00729	0.72465	0.00721
46	0.00973	0.00713	0.00914	0.01022	0.01122	0.00654	0.00706	0.01164	0.01668	0.02230	0.17973	0.50435	0.13176	0.02196	0.00965	0.00294	0.00425	0.01967	0.00748	0.00654
47	0.01555	0.04011	0.68733	0.02210	0.03356	0.01801	0.02865	0.02455	0.01637	0.02455	0.01391	0.01637	0.00982	0.00737	0.00737	0.00246	0.01146	0.00573	0.00327	0.01146
48	0.02522	0.03059	0.02186	0.08156	0.02551	0.50215	0.01556	0.02751	0.01955	0.01935	0.01232	0.01559	0.01040	0.00891	0.01000	0.00227	0.12664	0.00553	0.03067	0.00881
49	0.01598	0.08074	0.62123	0.02202	0.03304	0.01883	0.05427	0.02449	0.01642	0.02419	0.01380	0.01633	0.00991	0.00729	0.00730	0.00241	0.01134	0.00578	0.00330	0.01133
50	0.00945	0.00675	0.00900	0.01080	0.01125	0.00630	0.00720	0.01080	0.01484	0.01979	0.04274	0.72245	0.05128	0.02429	0.00990	0.00315	0.00450	0.02204	0.00720	0.00630
51	0.04862	0.09865	0.51166	0.02227	0.03252	0.01934	0.11283	0.02440	0.01645	0.02446	0.01375	0.01649	0.01004	0.00718	0.00729	0.00240	0.01117	0.00600	0.00343	0.01106
52	0.27149	0.01427	0.01840	0.06494	0.02220	0.01431	0.06852	0.02943	0.01844	0.33768	0.05091	0.02247	0.01685	0.00870	0.00701	0.00243	0.00713	0.00698	0.00704	0.01080
53	0.22834	0.09067	0.32559	0.05981	0.02657	0.01830	0.01915	0.02430	0.03878	0.05044	0.04139	0.01776	0.01292	0.00782	0.00657	0.00238	0.00891	0.00576	0.00431	0.01022
54	0.07966	0.15789	0.15676	0.02130	0.02909	0.01952	0.23780	0.02476	0.01711	0.07774	0.01502	0.01769	0.01136	0.00692	0.00718	0.00220	0.00995	0.00654	0.00429	0.09720
55	0.04281	0.04793	0.30610	0.04731	0.02845	0.01711	0.09230	0.10675	0.01869	0.02693	0.01722	0.08375	0.01467	0.00987	0.00863	0.03744	0.00959	0.00772	0.00449	0.07223

[dist]
# distance from previous block
# <min> <max>
1	11

[block]
# block no. 4 follows, 25 sequences, length 65
# corresponding to MSA columns:
# 152-216
name=unknown_E
#
# <colnr> <probs for GDERKNQSTAVLIFYWHMCP>
#	G	D	E	R	K	N	Q	S	T	A	V	L	I	F	Y	W	H	M	C	P
0	0.06789	0.01328	0.01696	0.01364	0.01867	0.01263	0.02985	0.06463	0.09317	0.38970	0.11568	0.03300	0.07405	0.01101	0.00796	0.00245	0.00623	0.00915	0.00856	0.01150
1	0.05909	0.01731	0.01936	0.04074	0.02166	0.01887	0.01281	0.36786	0.09859	0.10130	0.06606	0.04835	0.02006	0.01145	0.00928	0.05282	0.00744	0.00813	0.00740	0.01142
2	0.20489	0.01400	0.01639	0.13927	0.02319	0.01596	0.01233	0.11542	0.04500	0.02966	0.09281	0.10119	0.02271	0.01167	0.00943	0.02439	0.06455	0.00872	0.00566	0.04275
3	0.09839	0.01322	0.01581	0.10060	0.02128	0.01384	0.01135	0.09144	0.11530	0.04842	0.02078	0.08625	0.01840	0.01315	0.01115	0.13078	0.00685	0.03021	0.00561	0.14716
4	0.01351	0.00675	0.00998	0.00998	0.01006	0.00675	0.00668	0.01043	0.01035	0.01410	0.01395	0.02379	0.01373	0.02620	0.02928	0.74271	0.00661	0.00675	0.03484	0.00353
5	0.06216	0.02416	0.02249	0.04284	0.02469	0.15720	0.01475	0.47879	0.03179	0.04125	0.01678	0.01750	0.01224	0.00890	0.00747	0.00227	0.00957	0.00646	0.00672	0.01197
6	0.01251	0.00999	0.01226	0.01111	0.01454	0.00816	0.00812	0.01482	0.01541	0.02232	0.02937	0.39646	0.03292	0.01573	0.00798	0.00223	0.00507	0.01399	0.00600	0.36101
7	0.07014	0.02544	0.34646	0.01739	0.02461	0.01457	0.01944	0.05020	0.01805	0.07936	0.07035	0.08297	0.02403	0.01179	0.00810	0.00267	0.00877	0.11020	0.00540	0.01007
8	0.05006	0.01727	0.01980	0.05953	0.02270	0.01878	0.01317	0.35757	0.05128	0.15419	0.02178	0.04532	0.01654	0.04794	0.00990	0.00268	0.03090	0.00782	0.04116	0.01162
9	0.01317	0.00796	0.01142	0.01117	0.01175	0.00883	0.00814	0.01263	0.01155	0.01679	0.01653	0.02557	0.01556	0.03255	0.20989	0.42457	0.06145	0.00722	0.08810	0.00514
10	0.01024	0.00722	0.00922	0.01035	0.01140	0.00673	0.00733	0.01232	0.01652	0.02255	0.14247	0.46534	0.10892	0.02124	0.00944	0.00292	0.00444	0.06132	0.06344	0.00660
11	0.01580	0.01485	0.02450	0.53962	0.17243	0.01758	0.02142	0.02186	0.05469	0.02163	0.01500	0.02088	0.01151	0.00775	0.00775	0.00253	0.00987	0.00701	0.00379	0.00954
12	0.13678	0.01484	0.06692	0.25462	0.04893	0.01428	0.01532	0.02378	0.01669	0.18567	0.02126	0.10379	0.01768	0.03622	0.00869	0.00274	0.00802	0.00855	0.00565	0.00960
13	0.06462	0.00960	0.01455	0.10123	0.01857	0.01004	0.06053	0.01552	0.01302	0.04106	0.01594	0.02321	0.01380	0.01817	0.01940	0.41629	0.00716	0.00690	0.12454	0.00587
14	0.01203	0.00839	0.01007	0.00977	0.01223	0.00746	0.00762	0.01490	0.01959	0.07123	0.29103	0.06668	0.32873	0.01776	0.00925	0.00266	0.00441	0.09096	0.00785	0.00737
15	0.03593	0.01810	0.03508	0.22815	0.04069	0.01947	0.35758	0.02241	0.01641	0.02270	0.01420	0.02006	0.01103	0.00794	0.01103	0.00271	0.11519	0.00802	0.00373	0.00958
16	0.01732	0.01630	0.02519	0.45990	0.19887	0.04028	0.02125	0.06615	0.01762	0.02314	0.01416	0.01985	0.01099	0.00783	0.00821	0.00250	0.02995	0.00684	0.00386	0.00982
17	0.06395	0.01262	0.01657	0.01320	0.01845	0.01134	0.01073	0.03389	0.04512	0.54120	0.09016	0.06004	0.02533	0.01077	0.00789	0.00244	0.00619	0.00889	0.00912	0.01209
18	0.01286	0.00824	0.01086	0.01024	0.01226	0.00754	0.00766	0.01617	0.02106	0.08687	0.53736	0.14054	0.06562	0.01639	0.00912	0.00253	0.00402	0.01451	0.00846	0.00770
19	0.51022	0.01453	0.01533	0.22107	0.02684	0.01702	0.01252	0.02271	0.01438	0.06554	0.01277	0.01578	0.00957	0.00749	0.00585	0.00245	0.00734	0.00521	0.00465	0.00872
20	0.01329	0.00837	0.01191	0.01251	0.01410	0.00782	0.03008	0.01540	0.01637	0.09921	0.04010	0.50273	0.04497	0.02145	0.00977	0.00312	0.00551	0.12854	0.00736	0.00740
21	0.00990	0.00690	0.00911	0.01081	0.01141	0.00650	0.00742	0.01151	0.01510	0.02049	0.04169	0.64690	0.04918	0.02329	0.00970	0.00310	0.00461	0.05734	0.04863	0.00640
22	0.02344	0.02046	0.01976	0.01687	0.02176	0.09660	0.01332	0.22444	0.40367	0.03588	0.02547	0.02415	0.01898	0.00987	0.00775	0.00247	0.00774	0.00781	0.00741	0.01218
23	0.01643	0.07898	0.57952	0.02072	0.03139	0.01849	0.02593	0.04820	0.01708	0.02515	0.01390	0.01620	0.01007	0.00729	0.00713	0.00232	0.01078	0.00561	0.00353	0.06127
24	0.02121	0.01965	0.07412	0.03905	0.02388	0.07382	0.05894	0.11763	0.02024	0.09502	0.01606	0.01788	0.01219	0.00743	0.00760	0.00187	0.03670	0.00589	0.00528	0.34554
25	0.01830	0.02092	0.04575	0.03268	0.04052	0.01961	0.65098	0.02484	0.01830	0.02484	0.01569	0.02092	0.01176	0.00654	0.00915	0.00261	0.01307	0.00915	0.00392	0.01046
26	0.01581	0.01472	0.02441	0.59143	0.14021	0.01764	0.02161	0.04292	0.01655	0.02162	0.01407	0.02039	0.01071	0.00769	0.00774	0.00254	0.01011	0.00690	0.00365	0.00929
27	0.01782	0.01655	0.02724	0.34294	0.35506	0.01825	0.02219	0.06310	0.01792	0.02439	0.01449	0.01982	0.01147	0.00744	0.00772	0.00243	0.00967	0.00691	0.00392	0.01069
28	0.02844	0.01450	0.01879	0.01681	0.07577	0.01390	0.01242	0.12514	0.07083	0.40360	0.07244	0.02974	0.06076	0.01040	0.00796	0.00241	0.00672	0.00859	0.00849	0.01227
29	0.06915	0.00761	0.00831	0.00880	0.01026	0.00764	0.00630	0.01550	0.01512	0.02527	0.02888	0.24788	0.02854	0.01511	0.00868	0.06074	0.00431	0.01168	0.41350	0.00673
30	0.01348	0.01050	0.01687	0.01758	0.09038	0.00982	0.09147	0.01627	0.01710	0.06583	0.11035	0.38553	0.08755	0.01781	0.00928	0.00282	0.00612	0.01644	0.00671	0.00808
31	0.01694	0.01556	0.01858	0.01350	0.02030	0.04826	0.05661	0.02053	0.01656	0.02489	0.01382	0.01632	0.01142	0.00592	0.00606	0.00130	0.00673	0.00495	0.00451	0.67721
32	0.02369	0.01114	0.01458	0.01236	0.01646	0.01010	0.00985	0.02780	0.05945	0.36940	0.18309	0.09049	0.08350	0.01342	0.00849	0.00254	0.00557	0.03873	0.00879	0.01053
33	0.01113	0.00814	0.01050	0.01012	0.01190	0.00769	0.00751	0.01527	0.04749	0.02981	0.57385	0.13534	0.06854	0.01663	0.00918	0.00253	0.00386	0.01476	0.00835	0.00740
34	0.01279	0.00901	0.01045	0.00996	0.01106	0.00898	0.00643	0.06394	0.01421	0.01929	0.02570	0.14140	0.02874	0.48552	0.06529	0.00631	0.00775	0.01188	0.00527	0.05601
35	0.02007	0.01024	0.01398	0.05298	0.01714	0.00943	0.00969	0.02358	0.02165	0.27408	0.39526	0.04394	0.04929	0.01304	0.00856	0.00243	0.00515	0.01128	0.00863	0.00959
36	0.01229	0.00850	0.01056	0.01080	0.01239	0.00810	0.00770	0.05991	0.01843	0.04981	0.18606	0.40062	0.11213	0.05183	0.01074	0.00304	0.00476	0.01754	0.00752	0.00725
37	0.01804	0.02029	0.04288	0.05559	0.03908	0.01991	0.56894	0.02408	0.01760	0.02408	0.01510	0.02053	0.01156	0.00724	0.01063	0.00269	0.07883	0.00885	0.00385	0.01021
38	0.01765	0.01988	0.04305	0.03107	0.03837	0.01863	0.60372	0.02381	0.01805	0.02447	0.01767	0.07241	0.01467	0.00784	0.00921	0.00265	0.01244	0.01010	0.00416	0.01015
39	0.40299	0.01614	0.01573	0.05446	0.01995	0.01822	0.01114	0.18379	0.06980	0.06547	0.01752	0.06281	0.01418	0.00924	0.00643	0.00246	0.00684	0.00674	0.00608	0.01000
40	0.00980	0.00735	0.00909	0.00977	0.01115	0.00664	0.00690	0.01195	0.01754	0.02324	0.22860	0.37406	0.21410	0.02076	0.00950	0.00282	0.00412	0.01837	0.00757	0.00664
41	0.09235	0.06268	0.01876	0.01477	0.01973	0.01842	0.01189	0.05799	0.41252	0.16407	0.02768	0.02551	0.02013	0.00974	0.00739	0.00249	0.00644	0.00779	0.00765	0.01198
42	0.00959	0.00703	0.00882	0.01010	0.01093	0.00647	0.00680	0.01103	0.01531	0.02005	0.07059	0.54182	0.15342	0.07483	0.01192	0.00336	0.00459	0.02002	0.00706	0.00626
43	0.00960	0.00686	0.00913	0.01069	0.01128	0.00640	0.00721	0.01117	0.01554	0.02089	0.10425	0.65780	0.05341	0.02347	0.00982	0.00308	0.00442	0.02126	0.00733	0.00640
44	0.01605	0.01563	0.02228	0.06990	0.02196	0.02149	0.01638	0.01813	0.01222	0.01866	0.01179	0.01895	0.01136	0.01880	0.10925	0.00448	0.57392	0.00699	0.00349	0.00829
45	0.01524	0.01410	0.02326	0.68093	0.05222	0.01750	0.02126	0.04542	0.01635	0.02099	0.01398	0.02059	0.01045	0.00781	0.00775	0.00257	0.01026	0.00689	0.00362	0.00880
46	0.01026	0.00723	0.00924	0.01000	0.01072	0.00684	0.00667	0.01193	0.01595	0.02176	0.20792	0.39520	0.05200	0.17840	0.01627	0.00393	0.00494	0.01750	0.00700	0.00621
47	0.01696	0.01696	0.02375	0.02036	0.02036	0.02375	0.01696	0.01866	0.01187	0.01866	0.01018	0.01696	0.01018	0.01357	0.02545	0.00339	0.71332	0.00679	0.00339	0.00848
48	0.01275	0.00952	0.01173	0.01095	0.01317	0.00944	0.00825	0.05187	0.09255	0.03119	0.51214	0.11229	0.06252	0.01567	0.00900	0.00252	0.00427	0.01378	0.00830	0.00809
49	0.03323	0.01285	0.01750	0.01353	0.01926	0.01113	0.01113	0.03628	0.02218	0.64186	0.07266	0.02845	0.02272	0.01000	0.00789	0.00240	0.00641	0.00820	0.00953	0.01281
50	0.00982	0.00701	0.00925	0.01051	0.01121	0.00654	0.00713	0.01158	0.01613	0.02188	0.16816	0.56605	0.05482	0.04763	0.01080	0.00316	0.00444	0.02006	0.00738	0.00644
51	0.01128	0.00752	0.00846	0.00846	0.00846	0.00752	0.00470	0.01128	0.01128	0.01503	0.02443	0.05074	0.02819	0.72751	0.03946	0.00752	0.00752	0.01128	0.00470	0.00470
52	0.01108	0.00831	0.01246	0.01246	0.01385	0.00969	0.00969	0.01385	0.01246	0.01800	0.02077	0.03046	0.01938	0.05815	0.69678	0.01246	0.02077	0.00831	0.00415	0.00692
53	0.01027	0.00820	0.00928	0.00951	0.01155	0.00751	0.00693	0.01377	0.06286	0.02329	0.17422	0.23552	0.36002	0.01952	0.00926	0.00272	0.00418	0.01687	0.00749	0.00702
54	0.02382	0.01895	0.02026	0.03968	0.02241	0.04472	0.01352	0.35616	0.19861	0.03790	0.02186	0.02375	0.01689	0.05511	0.04673	0.00328	0.02998	0.00770	0.00701	0.01166
55	0.55802	0.01638	0.01455	0.01218	0.01738	0.01845	0.01004	0.16576	0.01909	0.08565	0.01401	0.01496	0.01027	0.00785	0.00568	0.00238	0.00661	0.00509	0.00582	0.00983
56	0.03008	0.01922	0.02068	0.01623	0.02202	0.06297	0.01325	0.36106	0.05841	0.25516	0.02467	0.02317	0.03699	0.00971	0.00777	0.00235	0.00799	0.00751	0.00811	0.01266
57	0.01126	0.00756	0.00867	0.00867	0.00874	0.00763	0.00496	0.01141	0.01134	0.01519	0.02424	0.04966	0.02772	0.69201	0.07432	0.00778	0.00822	0.01112	0.00467	0.00482
58	0.01140	0.00878	0.01307	0.01289	0.01420	0.01046	0.01009	0.01411	0.01243	0.01804	0.02019	0.02973	0.01888	0.05573	0.66034	0.01197	0.05837	0.00822	0.00411	0.00701
59	0.01670	0.01670	0.02448	0.02067	0.02126	0.02265	0.05707	0.01877	0.01232	0.01902	0.01116	0.01802	0.01083	0.01578	0.06447	0.00388	0.62721	0.00703	0.00347	0.00852
60	0.00963	0.00714	0.00904	0.01042	0.01142	0.00655	0.00729	0.01131	0.01578	0.02053	0.06562	0.53489	0.17565	0.02296	0.00979	0.00305	0.00454	0.06074	0.00723	0.00643
61	0.13806	0.01888	0.02041	0.01586	0.02181	0.02030	0.01309	0.42736	0.02999	0.18728	0.02014	0.01947	0.01383	0.00907	0.00734	0.00235	0.00774	0.00676	0.00774	0.01250
62	0.01871	0.01793	0.03060	0.11789	0.61262	0.01830	0.02356	0.02337	0.01743	0.02474	0.01450	0.01935	0.01207	0.00700	0.00768	0.00233	0.00933	0.00691	0.00380	0.01189
63	0.01464	0.01378	0.02326	0.70887	0.05340	0.01723	0.02153	0.01981	0.01550	0.01981	0.01378	0.02067	0.01034	0.00775	0.00775	0.00258	0.01034	0.00689	0.00345	0.00861
64	0.02549	0.01357	0.01666	0.01427	0.01891	0.01359	0.01140	0.03514	0.25109	0.34792	0.03272	0.09390	0.02536	0.01203	0.00821	0.00263	0.00628	0.05037	0.00861	0.01185

[dist]
# distance from previous block
# <min> <max>
0	5

[block]
# block no. 5 follows, 25 sequences, length 7
# corresponding to MSA columns:
# 222-228
name=unknown_F
#
# <colnr> <probs for GDERKNQSTAVLIFYWHMCP>
#	G	D	E	R	K	N	Q	S	T	A	V	L	I	F	Y	W	H	M	C	P
0	0.00985	0.00705	0.00942	0.01093	0.01164	0.00661	0.00760	0.01164	0.01591	0.02139	0.11770	0.59652	0.05339	0.02308	0.00987	0.00310	0.00459	0.06588	0.00735	0.00648
1	0.01487	0.01365	0.02328	0.59724	0.04837	0.01645	0.06273	0.01999	0.01576	0.02100	0.01499	0.02146	0.01133	0.00779	0.00763	0.00251	0.00989	0.00708	0.07537	0.00861
2	0.01113	0.00803	0.01058	0.01022	0.01204	0.00748	0.00785	0.01478	0.02153	0.03028	0.60979	0.06096	0.07022	0.01642	0.00931	0.00256	0.00402	0.07711	0.00839	0.00730
3	0.08345	0.01306	0.01958	0.08835	0.02345	0.01373	0.11647	0.04575	0.06269	0.05795	0.07672	0.15636	0.05637	0.01413	0.00951	0.00283	0.03914	0.10553	0.00617	0.00875
4	0.60060	0.04990	0.01461	0.01170	0.01669	0.06514	0.00965	0.06084	0.01588	0.07780	0.01267	0.01397	0.00959	0.00751	0.00533	0.00233	0.00685	0.00466	0.00517	0.00911
5	0.05895	0.01192	0.03516	0.04226	0.01877	0.01044	0.05277	0.01820	0.01715	0.06436	0.11598	0.16210	0.03335	0.01439	0.00898	0.02449	0.00642	0.12211	0.00621	0.17599
6	0.06599	0.09582	0.02302	0.01645	0.02206	0.14829	0.03850	0.20260	0.04767	0.17863	0.03966	0.02011	0.01548	0.00871	0.00719	0.00219	0.00880	0.00661	0.00657	0.04565

[dist]
# distance from previous block
# <min> <max>
0	1

[block]
# block no. 6 follows, 25 sequences, length 41
# corresponding to MSA columns:
# 230-270
name=unknown_G
#
# <colnr> <probs for GDERKNQSTAVLIFYWHMCP>
#	G	D	E	R	K	N	Q	S	T	A	V	L	I	F	Y	W	H	M	C	P
0	0.41062	0.03878	0.04890	0.04660	0.01942	0.01808	0.01180	0.10448	0.01764	0.05475	0.07973	0.01940	0.01630	0.00904	0.00794	0.00248	0.07322	0.00612	0.00540	0.00929
1	0.04389	0.45744	0.08791	0.01389	0.01980	0.06788	0.01341	0.02360	0.04125	0.04419	0.03824	0.01929	0.01479	0.07523	0.00892	0.00242	0.00847	0.00568	0.00413	0.00959
2	0.02066	0.61881	0.10866	0.01446	0.02159	0.02896	0.01499	0.05842	0.01697	0.02062	0.01155	0.01320	0.01012	0.00686	0.00539	0.00178	0.00864	0.00447	0.00356	0.01029
3	0.24345	0.01527	0.01787	0.12132	0.06179	0.01573	0.01270	0.09989	0.01864	0.13170	0.01613	0.01785	0.01185	0.00756	0.00645	0.00213	0.00719	0.00575	0.00559	0.18114
4	0.05833	0.04449	0.01877	0.06433	0.02188	0.01682	0.01246	0.16429	0.17356	0.12844	0.06187	0.05223	0.02234	0.01055	0.00767	0.00240	0.00692	0.04247	0.00712	0.08305
5	0.00916	0.00785	0.00785	0.00785	0.01047	0.00655	0.00589	0.01113	0.01767	0.02095	0.07855	0.07462	0.67599	0.01964	0.00916	0.00262	0.00393	0.01636	0.00720	0.00655
6	0.04203	0.01465	0.02336	0.56973	0.04741	0.01765	0.04556	0.08053	0.01738	0.02311	0.01421	0.02030	0.01070	0.00843	0.00842	0.02674	0.01002	0.00690	0.00392	0.00895
7	0.02394	0.02231	0.02127	0.10492	0.02642	0.16763	0.01499	0.22937	0.21947	0.03260	0.02015	0.02092	0.01518	0.00935	0.00831	0.00242	0.03616	0.00707	0.00627	0.01124
8	0.02891	0.02144	0.02295	0.01773	0.02383	0.02378	0.01460	0.61942	0.07124	0.04796	0.01933	0.01919	0.01377	0.00937	0.00776	0.00234	0.00840	0.00708	0.00776	0.01314
9	0.01108	0.00831	0.01246	0.01246	0.01385	0.00969	0.00969	0.01385	0.01246	0.01800	0.02077	0.03046	0.01938	0.05815	0.69678	0.01246	0.02077	0.00831	0.00415	0.00692
10	0.01479	0.01383	0.02325	0.61070	0.10887	0.01675	0.02098	0.01970	0.01567	0.02032	0.01540	0.05791	0.01270	0.00855	0.00786	0.00259	0.00992	0.00770	0.00368	0.00883
11	0.01042	0.00704	0.00939	0.01084	0.01156	0.00653	0.00735	0.01195	0.01550	0.04365	0.07750	0.66115	0.05138	0.02331	0.00978	0.00308	0.00453	0.02110	0.00736	0.00660
12	0.00945	0.00675	0.00900	0.01080	0.01125	0.00630	0.00720	0.01080	0.01484	0.01979	0.04274	0.72245	0.05128	0.02429	0.00990	0.00315	0.00450	0.02204	0.00720	0.00630
13	0.78228	0.01499	0.01140	0.01020	0.01499	0.01739	0.00840	0.02279	0.01320	0.03479	0.01080	0.01260	0.00840	0.00720	0.00480	0.00240	0.00600	0.00420	0.00480	0.00840
14	0.05221	0.01134	0.01437	0.01231	0.01633	0.01070	0.00994	0.02798	0.07674	0.32142	0.19441	0.04005	0.03535	0.01224	0.00811	0.00249	0.00560	0.06754	0.07048	0.01038
15	0.01289	0.00825	0.01062	0.01021	0.01219	0.00754	0.00759	0.01579	0.01981	0.08884	0.40950	0.15783	0.11498	0.05497	0.01080	0.00287	0.00441	0.03535	0.00806	0.00750
16	0.02947	0.02172	0.02327	0.01784	0.02404	0.02404	0.01474	0.65329	0.03646	0.04887	0.01862	0.01862	0.01319	0.00931	0.00776	0.00233	0.00853	0.00698	0.00776	0.01319
17	0.01001	0.00716	0.00937	0.01073	0.01147	0.00675	0.00746	0.01169	0.01559	0.02080	0.10022	0.52357	0.07339	0.08053	0.01229	0.00346	0.00490	0.07715	0.00711	0.00635
18	0.00975	0.00702	0.00927	0.01072	0.01146	0.00654	0.00739	0.01150	0.01593	0.02137	0.12211	0.59416	0.07316	0.02298	0.00981	0.00306	0.00448	0.04546	0.00736	0.00647
19	0.01830	0.02092	0.04575	0.03268	0.04052	0.01961	0.65098	0.02484	0.01830	0.02484	0.01569	0.02092	0.01176	0.00654	0.00915	0.00261	0.01307	0.00915	0.00392	0.01046
20	0.00945	0.00675	0.00900	0.01080	0.01125	0.00630	0.00720	0.01080	0.01484	0.01979	0.04274	0.72245	0.05128	0.02429	0.00990	0.00315	0.00450	0.02204	0.00720	0.00630
21	0.04489	0.00946	0.01247	0.01186	0.01456	0.00860	0.00880	0.02136	0.01774	0.26802	0.05657	0.41914	0.03857	0.01799	0.00892	0.00282	0.00530	0.01590	0.00805	0.00897
22	0.05233	0.00802	0.00863	0.00885	0.01092	0.00724	0.00641	0.01215	0.01708	0.02246	0.13969	0.19875	0.40551	0.05418	0.01056	0.00293	0.00430	0.01629	0.00711	0.00660
23	0.02148	0.01757	0.01872	0.01622	0.02094	0.02003	0.01288	0.18792	0.48793	0.03604	0.02881	0.02874	0.02196	0.01066	0.00797	0.00259	0.00675	0.03268	0.00783	0.01229
24	0.01026	0.00737	0.00972	0.01024	0.01143	0.00684	0.00726	0.01283	0.01862	0.02579	0.37849	0.36958	0.06290	0.01981	0.00950	0.00277	0.00405	0.01778	0.00791	0.00684
25	0.06184	0.01128	0.01265	0.01133	0.01467	0.01158	0.00887	0.06920	0.11867	0.15205	0.06253	0.08849	0.02548	0.01132	0.00711	0.00231	0.00522	0.02840	0.28748	0.00952
26	0.00959	0.00685	0.00917	0.01096	0.01148	0.00642	0.00745	0.01105	0.01499	0.01996	0.04265	0.69183	0.05096	0.02415	0.00994	0.00317	0.00463	0.05121	0.00719	0.00634
27	0.01830	0.02092	0.04575	0.03268	0.04052	0.01961	0.65098	0.02484	0.01830	0.02484	0.01569	0.02092	0.01176	0.00654	0.00915	0.00261	0.01307	0.00915	0.00392	0.01046
28	0.01059	0.00720	0.00896	0.00966	0.01025	0.00688	0.00629	0.01164	0.01453	0.01973	0.11779	0.33887	0.06834	0.24456	0.02009	0.04705	0.00542	0.01608	0.03027	0.00580
29	0.06754	0.03074	0.02258	0.11860	0.02814	0.49958	0.04023	0.02802	0.01988	0.02018	0.01222	0.01529	0.01003	0.00815	0.00805	0.00220	0.05023	0.00548	0.00393	0.00893
30	0.02836	0.03273	0.02230	0.05337	0.02543	0.52675	0.01525	0.15655	0.02459	0.02508	0.01342	0.01525	0.01065	0.00825	0.00718	0.00209	0.01270	0.00549	0.00473	0.00982
31	0.01055	0.00729	0.00904	0.00974	0.01005	0.00725	0.00614	0.01133	0.01277	0.01716	0.03120	0.31001	0.03634	0.39109	0.08982	0.00628	0.00759	0.01518	0.00562	0.00553
32	0.01503	0.01417	0.02395	0.65304	0.10624	0.01733	0.02172	0.02015	0.01569	0.02028	0.01385	0.02055	0.01050	0.00768	0.00775	0.00256	0.01024	0.00689	0.00348	0.00892
33	0.01715	0.01897	0.04035	0.08895	0.03888	0.01815	0.53610	0.02308	0.01773	0.02393	0.01807	0.08691	0.01536	0.00831	0.00910	0.00266	0.01203	0.01017	0.00419	0.00991
34	0.05285	0.01408	0.02306	0.55936	0.12697	0.01688	0.02046	0.01999	0.01540	0.02093	0.01372	0.02023	0.01063	0.00853	0.00867	0.03930	0.00981	0.00675	0.00356	0.00881
35	0.01803	0.02033	0.04345	0.06972	0.04028	0.01967	0.58576	0.02426	0.01784	0.02426	0.01532	0.02071	0.01161	0.00694	0.00985	0.00265	0.04627	0.00891	0.00387	0.01026
36	0.01464	0.01378	0.02326	0.70887	0.05340	0.01723	0.02153	0.01981	0.01550	0.01981	0.01378	0.02067	0.01034	0.00775	0.00775	0.00258	0.01034	0.00689	0.00345	0.00861
37	0.03479	0.01320	0.01799	0.01380	0.01979	0.01140	0.01140	0.03779	0.02219	0.68451	0.03059	0.02639	0.01919	0.00960	0.00780	0.00240	0.00660	0.00780	0.00960	0.01320
38	0.01604	0.01453	0.02326	0.64385	0.05064	0.01787	0.02089	0.07942	0.01748	0.02254	0.01424	0.02048	0.01060	0.00790	0.00775	0.00256	0.01017	0.00690	0.00385	0.00904
39	0.01743	0.02555	0.21636	0.02889	0.05959	0.01963	0.38375	0.02398	0.01699	0.02404	0.01451	0.01915	0.01107	0.00761	0.01056	0.00265	0.09613	0.00786	0.00368	0.01056
