[name]
unknown

[dist]
# distance from previous block
# <min> <max>
1	64

[block]
# block no. 0 follows, 25 sequences, length 25
# corresponding to MSA columns:
# 65-89
name=unknown_A
#
# <colnr> <probs for GDERKNQSTAVLIFYWHMCP>
#	G	D	E	R	K	N	Q	S	T	A	V	L	I	F	Y	W	H	M	C	P
0	0.02067	0.01133	0.01433	0.01247	0.01614	0.01094	0.00982	0.02736	0.14015	0.25479	0.28302	0.07220	0.04345	0.01331	0.00854	0.00254	0.00529	0.03478	0.00867	0.01020
1	0.01486	0.00867	0.01149	0.01059	0.01295	0.00788	0.00800	0.01809	0.02101	0.14198	0.47705	0.14403	0.06086	0.01594	0.00902	0.00253	0.00428	0.01406	0.00853	0.00819
2	0.02064	0.00981	0.01208	0.01044	0.01377	0.00916	0.00820	0.02482	0.04690	0.25064	0.19078	0.03536	0.03321	0.01100	0.00726	0.00220	0.00474	0.00919	0.29035	0.00947
3	0.01797	0.01329	0.01260	0.01125	0.01387	0.08099	0.00847	0.14411	0.02059	0.02967	0.09076	0.03171	0.02438	0.11872	0.03323	0.00318	0.00678	0.00831	0.32190	0.00821
4	0.60166	0.01727	0.01419	0.01212	0.01716	0.04825	0.00993	0.14696	0.01815	0.03686	0.01238	0.01384	0.00941	0.00765	0.00547	0.00237	0.00684	0.00478	0.00534	0.00936
5	0.02519	0.01892	0.02041	0.01654	0.02188	0.02104	0.01337	0.38822	0.24749	0.06547	0.06030	0.02459	0.02032	0.01010	0.00788	0.00244	0.00738	0.00801	0.00791	0.01255
6	0.01086	0.00792	0.01021	0.00964	0.01151	0.00727	0.00723	0.01442	0.02168	0.03047	0.63816	0.05895	0.11044	0.01609	0.00915	0.00245	0.00367	0.01417	0.00845	0.00727
7	0.02930	0.02688	0.02283	0.01856	0.02402	0.25166	0.01482	0.44260	0.03155	0.03875	0.01637	0.01705	0.01210	0.00886	0.00750	0.00222	0.01038	0.00631	0.00648	0.01177
8	0.02947	0.02172	0.02327	0.01784	0.02404	0.02404	0.01474	0.65329	0.03646	0.04887	0.01862	0.01862	0.01319	0.00931	0.00776	0.00233	0.00853	0.00698	0.00776	0.01319
9	0.00977	0.00797	0.00870	0.00879	0.01121	0.00690	0.00678	0.01215	0.01833	0.02269	0.16367	0.07344	0.52170	0.01925	0.00932	0.00269	0.00421	0.07829	0.00739	0.00672
10	0.01919	0.01842	0.03147	0.04759	0.67914	0.01842	0.02380	0.02380	0.01765	0.02533	0.01458	0.01919	0.01228	0.00691	0.00768	0.00230	0.00921	0.00691	0.00384	0.01228
11	0.03006	0.01404	0.01822	0.01471	0.01989	0.01356	0.01218	0.09692	0.06585	0.47647	0.02951	0.03154	0.02104	0.01103	0.00896	0.00258	0.04154	0.07088	0.00874	0.01228
12	0.00945	0.00675	0.00900	0.01080	0.01125	0.00630	0.00720	0.01080	0.01484	0.01979	0.04274	0.72245	0.05128	0.02429	0.00990	0.00315	0.00450	0.02204	0.00720	0.00630
13	0.01347	0.00673	0.01010	0.01010	0.01010	0.00673	0.00673	0.01010	0.01010	0.01347	0.01347	0.02357	0.01347	0.02694	0.03030	0.77441	0.00673	0.00673	0.00337	0.00337
14	0.01555	0.04011	0.68733	0.02210	0.03356	0.01801	0.02865	0.02455	0.01637	0.02455	0.01391	0.01637	0.00982	0.00737	0.00737	0.00246	0.01146	0.00573	0.00327	0.01146
15	0.06393	0.01615	0.01718	0.01505	0.01966	0.01812	0.01185	0.07639	0.49637	0.09960	0.03150	0.02907	0.04959	0.01055	0.00775	0.00257	0.00623	0.00863	0.00785	0.01196
16	0.01533	0.01448	0.02450	0.60893	0.14797	0.01741	0.02188	0.02041	0.01583	0.02064	0.01390	0.02045	0.01063	0.00762	0.00774	0.00254	0.01017	0.00689	0.00350	0.00917
17	0.00916	0.00785	0.00785	0.00785	0.01047	0.00655	0.00589	0.01113	0.01767	0.02095	0.07855	0.07462	0.67599	0.01964	0.00916	0.00262	0.00393	0.01636	0.00720	0.00655
18	0.01833	0.01854	0.02975	0.17922	0.37780	0.06843	0.10600	0.02294	0.01746	0.02334	0.01590	0.05749	0.01375	0.00806	0.00796	0.00243	0.01007	0.00788	0.00396	0.01070
19	0.01776	0.01750	0.03140	0.23311	0.40034	0.01827	0.12236	0.02283	0.01715	0.02368	0.01453	0.01988	0.01165	0.00709	0.00793	0.00243	0.01014	0.00726	0.00374	0.01095
20	0.04193	0.01603	0.01813	0.16648	0.07912	0.08342	0.01379	0.10359	0.08443	0.05943	0.05321	0.03305	0.14863	0.01099	0.00779	0.00241	0.00774	0.00902	0.05124	0.00958
21	0.01833	0.01873	0.05825	0.13873	0.36105	0.01826	0.12998	0.05763	0.04110	0.02572	0.01817	0.02227	0.04061	0.00779	0.00800	0.00243	0.00977	0.00772	0.00427	0.01119
22	0.01743	0.17960	0.37624	0.02394	0.06724	0.02103	0.16111	0.02430	0.01673	0.02334	0.01368	0.01669	0.01041	0.00701	0.00727	0.00232	0.01103	0.00621	0.00345	0.01097
23	0.01756	0.28696	0.38677	0.01874	0.02729	0.02316	0.02192	0.02347	0.01569	0.02168	0.01240	0.01501	0.00990	0.00774	0.00835	0.00226	0.08191	0.00527	0.00330	0.01061
24	0.01443	0.01738	0.11168	0.13025	0.05994	0.01449	0.22782	0.01923	0.01642	0.02234	0.02424	0.25683	0.02464	0.01284	0.00889	0.00276	0.00938	0.01261	0.00487	0.00898

[dist]
# distance from previous block
# <min> <max>
14	28

[block]
# block no. 1 follows, 25 sequences, length 131
# corresponding to MSA columns:
# 118-248
name=unknown_B
#
# <colnr> <probs for GDERKNQSTAVLIFYWHMCP>
#	G	D	E	R	K	N	Q	S	T	A	V	L	I	F	Y	W	H	M	C	P
0	0.42680	0.01571	0.01819	0.08014	0.02189	0.01874	0.06061	0.04986	0.01445	0.02903	0.01178	0.01562	0.00963	0.00943	0.01089	0.03400	0.15465	0.00560	0.00439	0.00860
1	0.02125	0.01229	0.01406	0.01209	0.01564	0.06673	0.00943	0.02439	0.02167	0.27281	0.33900	0.06522	0.06627	0.01326	0.00849	0.00242	0.00566	0.01129	0.00846	0.00959
2	0.01347	0.00673	0.01010	0.01010	0.01010	0.00673	0.00673	0.01010	0.01010	0.01347	0.01347	0.02357	0.01347	0.02694	0.03030	0.77441	0.00673	0.00673	0.00337	0.00337
3	0.01555	0.04011	0.68733	0.02210	0.03356	0.01801	0.02865	0.02455	0.01637	0.02455	0.01391	0.01637	0.00982	0.00737	0.00737	0.00246	0.01146	0.00573	0.00327	0.01146
4	0.02013	0.65238	0.11519	0.01429	0.02148	0.02922	0.01504	0.02337	0.01583	0.01897	0.01114	0.01289	0.00994	0.00672	0.00525	0.00175	0.00866	0.00433	0.00331	0.01012
5	0.01464	0.01378	0.02326	0.70887	0.05340	0.01723	0.02153	0.01981	0.01550	0.01981	0.01378	0.02067	0.01034	0.00775	0.00775	0.00258	0.01034	0.00689	0.00345	0.00861
6	0.01932	0.01036	0.01290	0.01116	0.01469	0.00949	0.00882	0.02179	0.01926	0.26723	0.11205	0.08089	0.30478	0.01539	0.00972	0.00259	0.04977	0.01262	0.00797	0.00919
7	0.01663	0.01243	0.01401	0.01259	0.01601	0.01304	0.00973	0.07594	0.25281	0.07358	0.22615	0.07946	0.13752	0.01402	0.00854	0.00256	0.00521	0.01194	0.00804	0.00978
8	0.00945	0.00675	0.00900	0.01080	0.01125	0.00630	0.00720	0.01080	0.01484	0.01979	0.04274	0.72245	0.05128	0.02429	0.00990	0.00315	0.00450	0.02204	0.00720	0.00630
9	0.03307	0.01452	0.01812	0.01424	0.02000	0.04074	0.01163	0.03783	0.08338	0.59466	0.02990	0.02611	0.01924	0.00962	0.00777	0.00240	0.00686	0.00777	0.00920	0.01293
10	0.01657	0.01575	0.02674	0.42827	0.31892	0.01773	0.02249	0.02150	0.01642	0.02215	0.01412	0.02004	0.01116	0.00739	0.00772	0.00246	0.00986	0.00690	0.00361	0.01017
11	0.00945	0.00675	0.00900	0.01080	0.01125	0.00630	0.00720	0.01080	0.01484	0.01979	0.04274	0.72245	0.05128	0.02429	0.00990	0.00315	0.00450	0.02204	0.00720	0.00630
12	0.01815	0.01748	0.03016	0.19419	0.51705	0.01820	0.04575	0.02295	0.01720	0.02409	0.01445	0.01958	0.01183	0.00708	0.00775	0.00238	0.00960	0.00698	0.00375	0.01140
13	0.04363	0.06304	0.41509	0.02552	0.06063	0.01904	0.21468	0.02449	0.01687	0.02475	0.01423	0.01755	0.01046	0.00706	0.00772	0.00246	0.01152	0.00669	0.00355	0.01102
14	0.01882	0.01805	0.03081	0.10104	0.62856	0.01833	0.02361	0.02347	0.01748	0.02488	0.01452	0.01931	0.01212	0.00698	0.00768	0.00233	0.00930	0.00691	0.00381	0.01199
15	0.01000	0.00732	0.00940	0.01008	0.01129	0.00671	0.00710	0.01230	0.01787	0.02425	0.28923	0.39837	0.12625	0.02056	0.00953	0.00282	0.00412	0.01836	0.00771	0.00671
16	0.01572	0.01594	0.05025	0.02297	0.06774	0.01451	0.28705	0.04982	0.02046	0.02837	0.27473	0.03730	0.03696	0.01087	0.00898	0.00254	0.00867	0.03173	0.00599	0.00939
17	0.02039	0.01721	0.01816	0.01600	0.02058	0.01980	0.01254	0.10764	0.59689	0.03422	0.03015	0.02781	0.02253	0.01039	0.00788	0.00260	0.00640	0.00857	0.00788	0.01237
18	0.01683	0.03653	0.58221	0.02362	0.06508	0.01781	0.06693	0.02517	0.01684	0.05646	0.01486	0.01728	0.01052	0.00740	0.00752	0.00246	0.01122	0.00610	0.00365	0.01152
19	0.01948	0.56481	0.19702	0.01540	0.02320	0.02762	0.01699	0.02354	0.01590	0.01977	0.01154	0.01339	0.00992	0.00681	0.00555	0.00185	0.00906	0.00453	0.00331	0.01032
20	0.78228	0.01499	0.01140	0.01020	0.01499	0.01739	0.00840	0.02279	0.01320	0.03479	0.01080	0.01260	0.00840	0.00720	0.00480	0.00240	0.00600	0.00420	0.00480	0.00840
21	0.01464	0.01378	0.02326	0.70887	0.05340	0.01723	0.02153	0.01981	0.01550	0.01981	0.01378	0.02067	0.01034	0.00775	0.00775	0.00258	0.01034	0.00689	0.00345	0.00861
22	0.01001	0.00725	0.00946	0.01026	0.01134	0.00670	0.00718	0.01227	0.01767	0.02413	0.28406	0.44041	0.08867	0.02088	0.00958	0.00285	0.00415	0.01874	0.00770	0.00670
23	0.00970	0.00780	0.00864	0.00858	0.01084	0.00675	0.00638	0.01211	0.01871	0.02377	0.24661	0.11081	0.46436	0.01885	0.00920	0.00260	0.00389	0.01605	0.00758	0.00675
24	0.00945	0.00675	0.00900	0.01080	0.01125	0.00630	0.00720	0.01080	0.01484	0.01979	0.04274	0.72245	0.05128	0.02429	0.00990	0.00315	0.00450	0.02204	0.00720	0.00630
25	0.01481	0.01372	0.02335	0.63126	0.04996	0.01671	0.05147	0.01995	0.01569	0.02063	0.01460	0.02120	0.01101	0.00777	0.00767	0.00254	0.01005	0.00702	0.05197	0.00862
26	0.00930	0.00769	0.00815	0.00839	0.01064	0.00655	0.00616	0.01125	0.01746	0.02127	0.10251	0.17088	0.55273	0.02015	0.00927	0.00269	0.00400	0.01710	0.00727	0.00655
27	0.01577	0.03856	0.63548	0.02295	0.03412	0.01814	0.07895	0.02458	0.01653	0.02458	0.01406	0.01674	0.00998	0.00730	0.00751	0.00247	0.01159	0.00601	0.00333	0.01138
28	0.01943	0.02109	0.03446	0.10062	0.24167	0.10208	0.26459	0.02430	0.01779	0.02332	0.01428	0.01920	0.01145	0.00748	0.00951	0.00250	0.06434	0.00753	0.00382	0.01053
29	0.01555	0.04011	0.68733	0.02210	0.03356	0.01801	0.02865	0.02455	0.01637	0.02455	0.01391	0.01637	0.00982	0.00737	0.00737	0.00246	0.01146	0.00573	0.00327	0.01146
30	0.01597	0.09539	0.63567	0.02139	0.03247	0.01902	0.02742	0.02445	0.01632	0.02405	0.01366	0.01606	0.00983	0.00731	0.00718	0.00239	0.01121	0.00560	0.00328	0.01134
31	0.01347	0.00673	0.01010	0.01010	0.01010	0.00673	0.00673	0.01010	0.01010	0.01347	0.01347	0.02357	0.01347	0.02694	0.03030	0.77441	0.00673	0.00673	0.00337	0.00337
32	0.01874	0.01790	0.03015	0.11176	0.59343	0.01834	0.02315	0.02403	0.04093	0.02504	0.01512	0.01969	0.01250	0.00712	0.00769	0.00234	0.00921	0.00697	0.00395	0.01192
33	0.02391	0.01822	0.01910	0.01601	0.02093	0.04962	0.01274	0.23110	0.33031	0.10228	0.07026	0.02673	0.02267	0.01029	0.00788	0.00247	0.00712	0.00830	0.00789	0.01217
34	0.00952	0.00678	0.00897	0.01070	0.01113	0.00635	0.00710	0.01082	0.01470	0.01960	0.04199	0.69516	0.05034	0.05286	0.01110	0.00333	0.00462	0.02160	0.00710	0.00623
35	0.01608	0.01378	0.01608	0.01148	0.01837	0.01034	0.00919	0.01952	0.01608	0.02527	0.01378	0.01608	0.01148	0.00574	0.00574	0.00115	0.00574	0.00459	0.00459	0.77491
36	0.26762	0.04889	0.04651	0.06090	0.02216	0.01645	0.04262	0.07660	0.04788	0.11275	0.01612	0.01745	0.01196	0.00750	0.00629	0.00212	0.00720	0.00566	0.00548	0.17785
37	0.02070	0.00928	0.01116	0.00971	0.01289	0.00861	0.00762	0.02412	0.01893	0.24480	0.10904	0.03174	0.02637	0.01008	0.00667	0.00208	0.00460	0.00827	0.42412	0.00920
38	0.00945	0.00675	0.00900	0.01080	0.01125	0.00630	0.00720	0.01080	0.01484	0.01979	0.04274	0.72245	0.05128	0.02429	0.00990	0.00315	0.00450	0.02204	0.00720	0.00630
39	0.01192	0.00805	0.01051	0.01000	0.01191	0.00738	0.00746	0.01523	0.02104	0.06164	0.55399	0.12989	0.08825	0.01660	0.00916	0.00252	0.00390	0.01468	0.00840	0.00747
40	0.01784	0.01968	0.04072	0.10557	0.07347	0.01964	0.49691	0.02372	0.01742	0.02380	0.01496	0.02047	0.01150	0.00728	0.01029	0.00266	0.07146	0.00859	0.00382	0.01019
41	0.00981	0.00690	0.00889	0.01033	0.01069	0.00654	0.00670	0.01089	0.01413	0.01885	0.03909	0.58866	0.04668	0.16435	0.01579	0.00402	0.00510	0.01990	0.00670	0.00598
42	0.02289	0.01740	0.01825	0.01474	0.01979	0.04897	0.01182	0.29170	0.12514	0.06747	0.08617	0.02624	0.04057	0.00990	0.00748	0.00219	0.00699	0.00787	0.06418	0.11022
43	0.01844	0.02174	0.06738	0.02938	0.03575	0.05182	0.47878	0.02397	0.01721	0.02342	0.01443	0.01968	0.01131	0.00793	0.01197	0.00272	0.14183	0.00838	0.00380	0.01007
44	0.01046	0.00776	0.00975	0.00956	0.01134	0.00705	0.00705	0.01352	0.02027	0.02784	0.48789	0.14768	0.17594	0.01762	0.00925	0.00256	0.00382	0.01548	0.00813	0.00705
45	0.01767	0.01950	0.04067	0.02985	0.03637	0.01914	0.53144	0.02346	0.01760	0.02406	0.01725	0.02610	0.01436	0.00852	0.01097	0.00278	0.08529	0.06086	0.00414	0.00997
46	0.01555	0.04011	0.68733	0.02210	0.03356	0.01801	0.02865	0.02455	0.01637	0.02455	0.01391	0.01637	0.00982	0.00737	0.00737	0.00246	0.01146	0.00573	0.00327	0.01146
47	0.01347	0.00673	0.01010	0.01010	0.01010	0.00673	0.00673	0.01010	0.01010	0.01347	0.01347	0.02357	0.01347	0.02694	0.03030	0.77441	0.00673	0.00673	0.00337	0.00337
48	0.01808	0.02027	0.04215	0.03066	0.03722	0.02029	0.54728	0.02383	0.01725	0.02383	0.01479	0.02027	0.01151	0.00769	0.01182	0.00274	0.12760	0.00876	0.00384	0.01013
49	0.00946	0.00744	0.00858	0.00944	0.01109	0.00656	0.00679	0.01124	0.01648	0.02057	0.06135	0.35099	0.37725	0.02171	0.00956	0.00289	0.00434	0.05057	0.00720	0.00647
50	0.01696	0.01696	0.02375	0.02036	0.02036	0.02375	0.01696	0.01866	0.01187	0.01866	0.01018	0.01696	0.01018	0.01357	0.02545	0.00339	0.71332	0.00679	0.00339	0.00848
51	0.01464	0.01378	0.02326	0.70887	0.05340	0.01723	0.02153	0.01981	0.01550	0.01981	0.01378	0.02067	0.01034	0.00775	0.00775	0.00258	0.01034	0.00689	0.00345	0.00861
52	0.01860	0.01517	0.01619	0.01456	0.01873	0.01702	0.01132	0.03665	0.53660	0.06314	0.05993	0.03506	0.09965	0.01171	0.00808	0.00261	0.00582	0.00977	0.00792	0.01149
53	0.74912	0.01529	0.01192	0.01053	0.01539	0.01769	0.00868	0.05056	0.01422	0.03541	0.01114	0.01286	0.00861	0.00729	0.00493	0.00240	0.00611	0.00432	0.00493	0.00861
54	0.00945	0.00675	0.00900	0.01080	0.01125	0.00630	0.00720	0.01080	0.01484	0.01979	0.04274	0.72245	0.05128	0.02429	0.00990	0.00315	0.00450	0.02204	0.00720	0.00630
55	0.01591	0.01703	0.03521	0.02643	0.03202	0.01626	0.45653	0.02089	0.01714	0.02327	0.02260	0.20565	0.02212	0.01149	0.00998	0.00279	0.03818	0.01246	0.00476	0.00928
56	0.02078	0.01875	0.02791	0.05947	0.48090	0.04825	0.02078	0.05629	0.10269	0.06122	0.01766	0.02061	0.01400	0.00770	0.00769	0.00235	0.00889	0.00711	0.00484	0.01211
57	0.00926	0.00780	0.00803	0.00809	0.01056	0.00657	0.00602	0.01127	0.01772	0.02134	0.10350	0.10760	0.61637	0.01971	0.00920	0.00264	0.00394	0.01655	0.00726	0.00657
58	0.01608	0.01378	0.01608	0.01148	0.01837	0.01034	0.00919	0.01952	0.01608	0.02527	0.01378	0.01608	0.01148	0.00574	0.00574	0.00115	0.00574	0.00459	0.00459	0.77491
59	0.06570	0.01602	0.02273	0.26186	0.03264	0.01964	0.04276	0.07439	0.04991	0.02411	0.01381	0.01885	0.01124	0.00971	0.01332	0.00271	0.24154	0.00671	0.00422	0.06814
60	0.01128	0.00752	0.00846	0.00846	0.00846	0.00752	0.00470	0.01128	0.01128	0.01503	0.02443	0.05074	0.02819	0.72751	0.03946	0.00752	0.00752	0.01128	0.00470	0.00470
61	0.00925	0.00786	0.00798	0.00795	0.01053	0.00658	0.00596	0.01130	0.01788	0.02144	0.10734	0.07381	0.64690	0.01945	0.00916	0.00261	0.00391	0.01625	0.00726	0.00658
62	0.11095	0.01877	0.02037	0.01594	0.02147	0.02052	0.01313	0.42533	0.02925	0.12005	0.01887	0.01917	0.01346	0.00919	0.00818	0.00233	0.04439	0.00669	0.04160	0.04035
63	0.02806	0.02234	0.02315	0.08163	0.02674	0.08331	0.01538	0.53955	0.03324	0.04353	0.01758	0.01839	0.01264	0.00905	0.00769	0.00232	0.00918	0.00680	0.00702	0.01239
64	0.01128	0.00752	0.00846	0.00846	0.00846	0.00752	0.00470	0.01128	0.01128	0.01503	0.02443	0.05074	0.02819	0.72751	0.03946	0.00752	0.00752	0.01128	0.00470	0.00470
65	0.01865	0.02281	0.14064	0.02901	0.03701	0.01835	0.48556	0.02520	0.01823	0.06643	0.01754	0.02367	0.01347	0.00755	0.00886	0.00262	0.01214	0.03732	0.00433	0.01063
66	0.05483	0.03096	0.02259	0.01954	0.02387	0.47119	0.04116	0.14108	0.02335	0.02512	0.01349	0.01571	0.01089	0.00999	0.02999	0.00249	0.04369	0.00568	0.00468	0.00969
67	0.00945	0.00675	0.00900	0.01080	0.01125	0.00630	0.00720	0.01080	0.01484	0.01979	0.04274	0.72245	0.05128	0.02429	0.00990	0.00315	0.00450	0.02204	0.00720	0.00630
68	0.00935	0.00714	0.00859	0.00975	0.01097	0.00639	0.00673	0.01091	0.01585	0.02020	0.05544	0.49266	0.27287	0.02264	0.00964	0.00296	0.00430	0.02003	0.00720	0.00639
69	0.01097	0.00793	0.01036	0.00975	0.01158	0.00732	0.00732	0.01463	0.02195	0.03109	0.67505	0.05792	0.07316	0.01585	0.00914	0.00244	0.00366	0.01402	0.00854	0.00732
70	0.00942	0.00685	0.00889	0.01052	0.01117	0.00632	0.00707	0.01083	0.01511	0.01990	0.04609	0.66168	0.10988	0.02385	0.00983	0.00310	0.00444	0.02151	0.00720	0.00632
71	0.02073	0.73217	0.04063	0.01327	0.01990	0.03068	0.01327	0.02322	0.01575	0.01824	0.01078	0.01244	0.00995	0.00663	0.00498	0.00166	0.00829	0.00415	0.00332	0.00995
72	0.00945	0.00675	0.00900	0.01080	0.01125	0.00630	0.00720	0.01080	0.01484	0.01979	0.04274	0.72245	0.05128	0.02429	0.00990	0.00315	0.00450	0.02204	0.00720	0.00630
73	0.02947	0.02172	0.02327	0.01784	0.02404	0.02404	0.01474	0.65329	0.03646	0.04887	0.01862	0.01862	0.01319	0.00931	0.00776	0.00233	0.00853	0.00698	0.00776	0.01319
74	0.01464	0.01378	0.02326	0.70887	0.05340	0.01723	0.02153	0.01981	0.01550	0.01981	0.01378	0.02067	0.01034	0.00775	0.00775	0.00258	0.01034	0.00689	0.00345	0.00861
75	0.02896	0.03695	0.02197	0.01998	0.02397	0.69638	0.01498	0.03096	0.02197	0.01898	0.01199	0.01398	0.00999	0.00799	0.00699	0.00200	0.01398	0.00499	0.00400	0.00899
76	0.22476	0.01513	0.01688	0.01351	0.01898	0.01542	0.01109	0.14370	0.05404	0.34188	0.05177	0.02295	0.01793	0.00925	0.00708	0.00240	0.00664	0.00704	0.00790	0.01165
77	0.00993	0.00783	0.00895	0.00879	0.01097	0.00685	0.00655	0.01257	0.01931	0.02511	0.32496	0.09953	0.39447	0.01829	0.00919	0.00257	0.00384	0.01567	0.00776	0.00685
78	0.02346	0.01657	0.01903	0.07511	0.02356	0.01838	0.01330	0.13686	0.38695	0.15745	0.02778	0.02609	0.02000	0.00991	0.00784	0.00253	0.00697	0.00814	0.00781	0.01228
79	0.01652	0.06157	0.57554	0.02203	0.03224	0.04954	0.05122	0.02450	0.01644	0.02379	0.01360	0.01634	0.00993	0.00766	0.00828	0.00246	0.04807	0.00583	0.00334	0.01110
80	0.00922	0.00786	0.00793	0.00791	0.01051	0.00657	0.00593	0.01123	0.01780	0.02125	0.09649	0.07412	0.65787	0.01952	0.00916	0.00261	0.00392	0.01629	0.00724	0.00657
81	0.01695	0.01375	0.01617	0.01159	0.01844	0.01039	0.00929	0.02038	0.01636	0.05606	0.01457	0.01656	0.01184	0.00592	0.00584	0.00121	0.00578	0.00474	0.00483	0.73933
82	0.01814	0.01989	0.09347	0.12374	0.48951	0.01801	0.05167	0.02328	0.01724	0.02456	0.01444	0.01907	0.01176	0.00700	0.00766	0.00233	0.00962	0.00681	0.00377	0.03804
83	0.01672	0.03198	0.41574	0.02658	0.03651	0.01868	0.29209	0.02467	0.01719	0.02467	0.01466	0.01829	0.01064	0.00701	0.00812	0.00252	0.01214	0.00718	0.00355	0.01104
84	0.00916	0.00785	0.00785	0.00785	0.01047	0.00655	0.00589	0.01113	0.01767	0.02095	0.07855	0.07462	0.67599	0.01964	0.00916	0.00262	0.00393	0.01636	0.00720	0.00655
85	0.78228	0.01499	0.01140	0.01020	0.01499	0.01739	0.00840	0.02279	0.01320	0.03479	0.01080	0.01260	0.00840	0.00720	0.00480	0.00240	0.00600	0.00420	0.00480	0.00840
86	0.06695	0.02091	0.11785	0.03852	0.46701	0.01811	0.05184	0.04528	0.01789	0.02652	0.01568	0.02164	0.01322	0.00773	0.00767	0.00240	0.00937	0.03565	0.00412	0.01163
87	0.00958	0.00684	0.00915	0.01095	0.01146	0.00641	0.00743	0.01103	0.01498	0.01994	0.04266	0.69448	0.05099	0.02416	0.00993	0.00317	0.00461	0.04869	0.00719	0.00633
88	0.02003	0.01697	0.01797	0.01576	0.02042	0.01929	0.01235	0.09354	0.58095	0.03354	0.02962	0.02745	0.02220	0.01020	0.00778	0.00254	0.00633	0.00842	0.00773	0.04692
89	0.01632	0.01658	0.02798	0.49007	0.07860	0.04969	0.14337	0.02146	0.01633	0.02097	0.01398	0.02021	0.01069	0.00768	0.00859	0.00258	0.03491	0.00724	0.00358	0.00916
90	0.00943	0.00680	0.00895	0.01066	0.01121	0.00631	0.00714	0.01081	0.01497	0.01984	0.04434	0.69333	0.07936	0.02408	0.00986	0.00313	0.00447	0.02179	0.00720	0.00631
91	0.01502	0.01416	0.02393	0.65442	0.10493	0.01733	0.02172	0.02014	0.01568	0.02027	0.01385	0.02055	0.01050	0.00768	0.00775	0.00256	0.01024	0.00689	0.00348	0.00892
92	0.01555	0.04011	0.68733	0.02210	0.03356	0.01801	0.02865	0.02455	0.01637	0.02455	0.01391	0.01637	0.00982	0.00737	0.00737	0.00246	0.01146	0.00573	0.00327	0.01146
93	0.00945	0.00675	0.00900	0.01080	0.01125	0.00630	0.00720	0.01080	0.01484	0.01979	0.04274	0.72245	0.05128	0.02429	0.00990	0.00315	0.00450	0.02204	0.00720	0.00630
94	0.00969	0.00693	0.00926	0.01090	0.01150	0.00649	0.00747	0.01130	0.01544	0.02068	0.08263	0.64921	0.05234	0.02362	0.00989	0.00312	0.00458	0.05128	0.00728	0.00640
95	0.00985	0.00705	0.00938	0.01071	0.01147	0.00658	0.00740	0.01172	0.01632	0.02210	0.16503	0.57234	0.05529	0.02256	0.00978	0.00303	0.00443	0.04099	0.00745	0.00652
96	0.02947	0.02172	0.02327	0.01784	0.02404	0.02404	0.01474	0.65329	0.03646	0.04887	0.01862	0.01862	0.01319	0.00931	0.00776	0.00233	0.00853	0.00698	0.00776	0.01319
97	0.01125	0.00823	0.01206	0.01206	0.01342	0.00949	0.00931	0.01396	0.01261	0.01843	0.02112	0.03109	0.01972	0.07920	0.63974	0.01176	0.01946	0.00836	0.04186	0.00686
98	0.02896	0.03695	0.02197	0.01998	0.02397	0.69638	0.01498	0.03096	0.02197	0.01898	0.01199	0.01398	0.00999	0.00799	0.00699	0.00200	0.01398	0.00499	0.00400	0.00899
99	0.01481	0.01410	0.02427	0.67847	0.05282	0.01733	0.04983	0.02004	0.01563	0.02004	0.01387	0.02068	0.01040	0.00770	0.00781	0.00259	0.01046	0.00699	0.00347	0.00870
100	0.00984	0.00765	0.00895	0.00911	0.01101	0.00676	0.00665	0.01226	0.01856	0.02418	0.27550	0.20203	0.34113	0.01930	0.00931	0.00267	0.00395	0.01673	0.00766	0.00676
101	0.04779	0.05133	0.03360	0.08949	0.06394	0.09605	0.29894	0.14615	0.02157	0.02846	0.01517	0.01879	0.01153	0.00736	0.00800	0.00238	0.01117	0.00742	0.00465	0.03619
102	0.01778	0.01281	0.01516	0.03966	0.04735	0.01369	0.01026	0.21977	0.02155	0.02989	0.07157	0.09236	0.02580	0.20014	0.06136	0.00437	0.00793	0.01002	0.08984	0.00868
103	0.01075	0.00792	0.01005	0.00952	0.01145	0.00722	0.00714	0.01420	0.02142	0.02983	0.60078	0.06000	0.14822	0.01632	0.00915	0.00246	0.00369	0.01431	0.00837	0.00722
104	0.01608	0.01378	0.01608	0.01148	0.01837	0.01034	0.00919	0.01952	0.01608	0.02527	0.01378	0.01608	0.01148	0.00574	0.00574	0.00115	0.00574	0.00459	0.00459	0.77491
105	0.05422	0.03419	0.53456	0.02202	0.07158	0.01709	0.02520	0.02517	0.01697	0.07983	0.03804	0.01863	0.01287	0.00781	0.00736	0.00244	0.01038	0.00619	0.00409	0.01136
106	0.01592	0.07144	0.62724	0.02218	0.03325	0.01867	0.05700	0.02451	0.01643	0.02427	0.01385	0.01640	0.00992	0.00729	0.00734	0.00243	0.01139	0.00582	0.00331	0.01134
107	0.00945	0.00675	0.00900	0.01080	0.01125	0.00630	0.00720	0.01080	0.01484	0.01979	0.04274	0.72245	0.05128	0.02429	0.00990	0.00315	0.00450	0.02204	0.00720	0.00630
108	0.38987	0.01686	0.01576	0.01298	0.01801	0.01896	0.01064	0.27890	0.02301	0.03986	0.01560	0.01687	0.01163	0.00826	0.00607	0.00230	0.00676	0.00567	0.09175	0.01022
109	0.24752	0.05906	0.01549	0.01199	0.01599	0.04313	0.04223	0.06698	0.04253	0.06092	0.01878	0.02118	0.01460	0.01063	0.03921	0.00264	0.00696	0.00625	0.26504	0.00887
110	0.01445	0.00723	0.00723	0.00723	0.00903	0.00723	0.00542	0.01807	0.01626	0.02891	0.02529	0.02891	0.01987	0.00903	0.00542	0.00181	0.00361	0.00723	0.77055	0.00723
111	0.01588	0.03575	0.55533	0.06701	0.03579	0.01818	0.11551	0.02429	0.01659	0.02429	0.01415	0.01728	0.01013	0.00727	0.00764	0.00249	0.01161	0.00628	0.00338	0.01114
112	0.07694	0.02538	0.02217	0.01793	0.02345	0.20414	0.01440	0.44633	0.03110	0.03995	0.01634	0.01699	0.01202	0.00882	0.00736	0.00224	0.00984	0.00627	0.00656	0.01176
113	0.00945	0.00675	0.00900	0.01080	0.01125	0.00630	0.00720	0.01080	0.01484	0.01979	0.04274	0.72245	0.05128	0.02429	0.00990	0.00315	0.00450	0.02204	0.00720	0.00630
114	0.01568	0.03921	0.65736	0.02259	0.03388	0.01808	0.05772	0.02457	0.01646	0.02457	0.01400	0.01658	0.00991	0.00733	0.00745	0.00246	0.01153	0.00589	0.00330	0.01141
115	0.01642	0.01560	0.02647	0.44995	0.29841	0.01769	0.02242	0.02137	0.01635	0.02197	0.01410	0.02009	0.01110	0.00742	0.00772	0.00247	0.00990	0.00690	0.00360	0.01005
116	0.00945	0.00675	0.00900	0.01080	0.01125	0.00630	0.00720	0.01080	0.01484	0.01979	0.04274	0.72245	0.05128	0.02429	0.00990	0.00315	0.00450	0.02204	0.00720	0.00630
117	0.01625	0.13336	0.60019	0.02091	0.03172	0.01971	0.02657	0.02437	0.01629	0.02370	0.01349	0.01584	0.00984	0.00727	0.00704	0.00235	0.01103	0.00552	0.00328	0.01126
118	0.00944	0.00679	0.00896	0.01069	0.01122	0.00631	0.00715	0.01081	0.01495	0.01983	0.04402	0.69925	0.07365	0.02412	0.00987	0.00313	0.00448	0.02184	0.00720	0.00631
119	0.03459	0.01351	0.01819	0.01394	0.01995	0.01186	0.01152	0.06057	0.02272	0.66098	0.03015	0.02610	0.01897	0.00959	0.00780	0.00240	0.00667	0.00777	0.00953	0.01320
120	0.04990	0.00980	0.01358	0.01593	0.06877	0.00980	0.01224	0.01674	0.01838	0.02542	0.15648	0.07278	0.04562	0.01851	0.00989	0.00320	0.00660	0.43171	0.00702	0.00765
121	0.02896	0.03695	0.02197	0.01998	0.02397	0.69638	0.01498	0.03096	0.02197	0.01898	0.01199	0.01398	0.00999	0.00799	0.00699	0.00200	0.01398	0.00499	0.00400	0.00899
122	0.01613	0.01579	0.04840	0.53621	0.04755	0.01763	0.08648	0.06788	0.01721	0.02246	0.01434	0.02050	0.01080	0.00844	0.00872	0.03114	0.01039	0.00709	0.00381	0.00906
123	0.02133	0.64444	0.03836	0.01412	0.02028	0.08992	0.01355	0.02375	0.01617	0.01832	0.01087	0.01274	0.00996	0.00700	0.00589	0.00175	0.03404	0.00432	0.00338	0.00981
124	0.00956	0.00683	0.00912	0.01092	0.01142	0.00639	0.00739	0.01099	0.01495	0.01992	0.04267	0.69942	0.05104	0.02419	0.00993	0.00316	0.00459	0.04398	0.00720	0.00633
125	0.02130	0.43848	0.06424	0.05365	0.07895	0.10480	0.01525	0.06609	0.01807	0.02186	0.01275	0.01499	0.01085	0.00720	0.00591	0.00189	0.00909	0.00503	0.03948	0.01013
126	0.01739	0.05959	0.40772	0.06722	0.05291	0.01881	0.13456	0.02452	0.01666	0.05803	0.01472	0.01792	0.01078	0.00774	0.00886	0.00252	0.05878	0.00655	0.00375	0.01096
127	0.00945	0.00675	0.00900	0.01080	0.01125	0.00630	0.00720	0.01080	0.01484	0.01979	0.04274	0.72245	0.05128	0.02429	0.00990	0.00315	0.00450	0.02204	0.00720	0.00630
128	0.01608	0.01378	0.01608	0.01148	0.01837	0.01034	0.00919	0.01952	0.01608	0.02527	0.01378	0.01608	0.01148	0.00574	0.00574	0.00115	0.00574	0.00459	0.00459	0.77491
129	0.02060	0.36076	0.10749	0.01537	0.02166	0.05352	0.03598	0.04832	0.08886	0.07684	0.02038	0.05630	0.04555	0.00907	0.00659	0.00211	0.00832	0.00695	0.00492	0.01039
130	0.01790	0.02374	0.14027	0.03112	0.03950	0.01937	0.55929	0.02480	0.01802	0.02480	0.01543	0.02025	0.01148	0.00666	0.00889	0.00259	0.01283	0.00865	0.00383	0.01061

[dist]
# distance from previous block
# <min> <max>
0	4

[block]
# block no. 2 follows, 25 sequences, length 39
# corresponding to MSA columns:
# 253-291
name=unknown_C
#
# <colnr> <probs for GDERKNQSTAVLIFYWHMCP>
#	G	D	E	R	K	N	Q	S	T	A	V	L	I	F	Y	W	H	M	C	P
0	0.00970	0.00695	0.00883	0.01023	0.01077	0.00650	0.00673	0.01089	0.01453	0.01918	0.04275	0.57370	0.09534	0.12812	0.01422	0.00376	0.00490	0.02002	0.00683	0.00608
1	0.09403	0.01792	0.02215	0.28107	0.06938	0.04199	0.01713	0.27545	0.02413	0.03332	0.01642	0.02121	0.01264	0.00878	0.00755	0.00246	0.00914	0.02915	0.00548	0.01059
2	0.02389	0.02729	0.02267	0.14798	0.09038	0.38448	0.01683	0.06145	0.05774	0.02224	0.01493	0.01933	0.01237	0.00872	0.00813	0.00229	0.03908	0.02626	0.00439	0.00957
3	0.00945	0.00675	0.00900	0.01080	0.01125	0.00630	0.00720	0.01080	0.01484	0.01979	0.04274	0.72245	0.05128	0.02429	0.00990	0.00315	0.00450	0.02204	0.00720	0.00630
4	0.01888	0.01750	0.02769	0.12206	0.39595	0.01840	0.05434	0.06219	0.12478	0.02733	0.04119	0.02242	0.01610	0.00805	0.00786	0.00242	0.00882	0.00759	0.00485	0.01159
5	0.01880	0.01914	0.02722	0.28648	0.36414	0.10650	0.02182	0.02327	0.01743	0.02248	0.01395	0.01905	0.01127	0.00736	0.00761	0.00237	0.01025	0.00665	0.00371	0.01051
6	0.00945	0.00675	0.00900	0.01080	0.01125	0.00630	0.00720	0.01080	0.01484	0.01979	0.04274	0.72245	0.05128	0.02429	0.00990	0.00315	0.00450	0.02204	0.00720	0.00630
7	0.01783	0.07755	0.03287	0.02336	0.02877	0.01866	0.32596	0.08500	0.01813	0.02494	0.01665	0.02206	0.01360	0.01861	0.15893	0.00467	0.06192	0.00809	0.03274	0.00967
8	0.01677	0.01669	0.02371	0.07851	0.02315	0.02320	0.01735	0.01876	0.01218	0.01876	0.01048	0.01728	0.01019	0.01308	0.02395	0.00332	0.65394	0.00679	0.00340	0.00849
9	0.00953	0.00682	0.00908	0.01074	0.01127	0.00636	0.00720	0.01102	0.01525	0.02044	0.07921	0.68411	0.05254	0.02380	0.00985	0.00311	0.00445	0.02158	0.00727	0.00636
10	0.02073	0.73217	0.04063	0.01327	0.01990	0.03068	0.01327	0.02322	0.01575	0.01824	0.01078	0.01244	0.00995	0.00663	0.00498	0.00166	0.00829	0.00415	0.00332	0.00995
11	0.00945	0.00675	0.00900	0.01080	0.01125	0.00630	0.00720	0.01080	0.01484	0.01979	0.04274	0.72245	0.05128	0.02429	0.00990	0.00315	0.00450	0.02204	0.00720	0.00630
12	0.02947	0.02172	0.02327	0.01784	0.02404	0.02404	0.01474	0.65329	0.03646	0.04887	0.01862	0.01862	0.01319	0.00931	0.00776	0.00233	0.00853	0.00698	0.00776	0.01319
13	0.01212	0.00865	0.01206	0.01385	0.01547	0.00860	0.01184	0.01541	0.01748	0.02278	0.04126	0.16622	0.04545	0.02178	0.01061	0.00352	0.00681	0.55192	0.00715	0.00704
14	0.02896	0.03695	0.02197	0.01998	0.02397	0.69638	0.01498	0.03096	0.02197	0.01898	0.01199	0.01398	0.00999	0.00799	0.00699	0.00200	0.01398	0.00499	0.00400	0.00899
15	0.02116	0.24922	0.03367	0.01990	0.02578	0.07155	0.22003	0.02496	0.01771	0.10533	0.01775	0.06239	0.01485	0.00854	0.00783	0.00225	0.03229	0.00767	0.04712	0.01003
16	0.01126	0.00757	0.00870	0.00870	0.00879	0.00765	0.00501	0.01143	0.01135	0.01522	0.02420	0.04948	0.02764	0.68602	0.08020	0.00782	0.00834	0.01109	0.00466	0.00484
17	0.02268	0.07856	0.02124	0.01607	0.02120	0.02149	0.01304	0.25345	0.36673	0.03695	0.04828	0.02495	0.02060	0.00996	0.00764	0.00243	0.00707	0.00794	0.00748	0.01222
18	0.08322	0.01769	0.12081	0.04349	0.02063	0.01517	0.01333	0.11440	0.14492	0.07283	0.13033	0.02842	0.02551	0.01005	0.00734	0.00237	0.00671	0.00815	0.12438	0.01025
19	0.00968	0.00741	0.00875	0.00936	0.01085	0.00663	0.00658	0.01158	0.01691	0.02183	0.15880	0.32656	0.29587	0.05904	0.01108	0.00306	0.00430	0.01795	0.00728	0.00647
20	0.01580	0.01349	0.01578	0.01146	0.01808	0.01017	0.00910	0.01916	0.01603	0.02504	0.01499	0.04566	0.01315	0.00652	0.00592	0.00123	0.00569	0.00532	0.00470	0.74271
21	0.02050	0.42505	0.19699	0.01537	0.02316	0.02382	0.01655	0.02475	0.01660	0.08934	0.01386	0.01517	0.01100	0.00705	0.00593	0.00189	0.00869	0.00496	0.00406	0.07527
22	0.01731	0.00913	0.00959	0.00876	0.01129	0.00927	0.00678	0.08662	0.01877	0.07166	0.02491	0.02766	0.01912	0.00910	0.00582	0.00190	0.00432	0.00724	0.64254	0.00823
23	0.01057	0.00769	0.00996	0.00985	0.01146	0.00707	0.00721	0.01369	0.02032	0.02831	0.51800	0.18916	0.10228	0.01772	0.00929	0.00259	0.00384	0.01572	0.00820	0.00707
24	0.01056	0.00769	0.00994	0.00984	0.01145	0.00707	0.00720	0.01366	0.02029	0.02825	0.51408	0.18926	0.10623	0.01774	0.00929	0.00259	0.00384	0.01574	0.00819	0.00707
25	0.10878	0.08813	0.05816	0.07463	0.02477	0.11192	0.01457	0.22539	0.02420	0.16971	0.01798	0.01844	0.01277	0.00847	0.00706	0.00227	0.00888	0.00624	0.00629	0.01132
26	0.01012	0.00723	0.00977	0.01157	0.01232	0.00688	0.00838	0.01197	0.01551	0.02055	0.04236	0.58122	0.04980	0.02365	0.01008	0.00324	0.00509	0.15658	0.00718	0.00649
27	0.01608	0.01378	0.01608	0.01148	0.01837	0.01034	0.00919	0.01952	0.01608	0.02527	0.01378	0.01608	0.01148	0.00574	0.00574	0.00115	0.00574	0.00459	0.00459	0.77491
28	0.05795	0.01459	0.04012	0.01427	0.02024	0.01264	0.01216	0.08125	0.02256	0.56598	0.02893	0.02761	0.01915	0.00992	0.00780	0.00245	0.00690	0.03376	0.00899	0.01272
29	0.00945	0.00675	0.00900	0.01080	0.01125	0.00630	0.00720	0.01080	0.01484	0.01979	0.04274	0.72245	0.05128	0.02429	0.00990	0.00315	0.00450	0.02204	0.00720	0.00630
30	0.01526	0.03712	0.61941	0.05286	0.03325	0.01738	0.02714	0.02379	0.01664	0.02470	0.05055	0.01887	0.01336	0.00785	0.00748	0.00246	0.01098	0.00624	0.00357	0.01110
31	0.01347	0.00673	0.01010	0.01010	0.01010	0.00673	0.00673	0.01010	0.01010	0.01347	0.01347	0.02357	0.01347	0.02694	0.03030	0.77441	0.00673	0.00673	0.00337	0.00337
32	0.00945	0.00675	0.00900	0.01080	0.01125	0.00630	0.00720	0.01080	0.01484	0.01979	0.04274	0.72245	0.05128	0.02429	0.00990	0.00315	0.00450	0.02204	0.00720	0.00630
33	0.02073	0.73217	0.04063	0.01327	0.01990	0.03068	0.01327	0.02322	0.01575	0.01824	0.01078	0.01244	0.00995	0.00663	0.00498	0.00166	0.00829	0.00415	0.00332	0.00995
34	0.01187	0.00870	0.01162	0.01300	0.01493	0.00845	0.01115	0.01517	0.01801	0.02319	0.07634	0.08396	0.15140	0.02087	0.01038	0.00336	0.00644	0.49689	0.00721	0.00705
35	0.71914	0.01484	0.01195	0.01050	0.01540	0.01689	0.00865	0.02406	0.01396	0.08967	0.01247	0.01376	0.00931	0.00740	0.00505	0.00240	0.00605	0.00450	0.00520	0.00880
36	0.72685	0.01549	0.01227	0.01076	0.01566	0.01788	0.00886	0.06922	0.01491	0.03582	0.01137	0.01304	0.00875	0.00735	0.00502	0.00239	0.00618	0.00440	0.00502	0.00875
37	0.03177	0.03799	0.02398	0.02194	0.02608	0.65598	0.01616	0.03260	0.02376	0.02240	0.01577	0.01925	0.01358	0.01043	0.00855	0.00269	0.01474	0.00623	0.00527	0.01083
38	0.02351	0.01921	0.02698	0.37853	0.04284	0.01976	0.08070	0.02507	0.02104	0.02954	0.02734	0.03723	0.04707	0.01473	0.01205	0.00411	0.04146	0.02934	0.10659	0.01289

[dist]
# distance from previous block
# <min> <max>
0	5

[block]
# block no. 3 follows, 25 sequences, length 9
# corresponding to MSA columns:
# 297-305
name=unknown_D
#
# <colnr> <probs for GDERKNQSTAVLIFYWHMCP>
#	G	D	E	R	K	N	Q	S	T	A	V	L	I	F	Y	W	H	M	C	P
0	0.01313	0.00941	0.01157	0.01312	0.01390	0.00847	0.00872	0.01344	0.01689	0.02288	0.04445	0.68702	0.05223	0.02560	0.01116	0.00372	0.00573	0.02221	0.00819	0.00814
1	0.02089	0.11370	0.20434	0.06408	0.03547	0.02199	0.26783	0.02717	0.06989	0.02682	0.01880	0.02361	0.01504	0.00976	0.01001	0.00309	0.04187	0.00831	0.00512	0.01222
2	0.02149	0.01998	0.02722	0.14567	0.03133	0.06312	0.11208	0.08400	0.04548	0.02644	0.01873	0.05153	0.01655	0.01483	0.04437	0.00384	0.24798	0.00884	0.00551	0.01101
3	0.01313	0.00941	0.01157	0.01312	0.01390	0.00847	0.00872	0.01344	0.01689	0.02288	0.04445	0.68702	0.05223	0.02560	0.01116	0.00372	0.00573	0.02221	0.00819	0.00814
4	0.01938	0.01605	0.01825	0.01377	0.02062	0.01228	0.01060	0.02167	0.01805	0.02805	0.01715	0.02079	0.01469	0.00811	0.00724	0.00183	0.00691	0.00575	0.00573	0.73308
5	0.02068	0.19345	0.29818	0.02275	0.03021	0.02371	0.10126	0.02505	0.01759	0.02486	0.01607	0.02084	0.01347	0.01052	0.01182	0.00308	0.14281	0.00708	0.00460	0.01198
6	0.02448	0.63359	0.03980	0.01603	0.02242	0.08895	0.01460	0.02583	0.01828	0.02148	0.01442	0.01749	0.01325	0.00906	0.00669	0.00234	0.00980	0.00540	0.00459	0.01150
7	0.00928	0.00784	0.00789	0.00789	0.01036	0.00660	0.00582	0.01114	0.01731	0.02061	0.07547	0.07326	0.63919	0.05986	0.01089	0.00290	0.00413	0.01607	0.00706	0.00644
8	0.01680	0.05486	0.02531	0.02022	0.02124	0.02272	0.06077	0.01896	0.01258	0.01902	0.01143	0.01806	0.01100	0.01622	0.07611	0.00396	0.57175	0.00693	0.00349	0.00858

[dist]
# distance from previous block
# <min> <max>
0	26

[block]
# block no. 4 follows, 25 sequences, length 51
# corresponding to MSA columns:
# 332-382
name=unknown_E
#
# <colnr> <probs for GDERKNQSTAVLIFYWHMCP>
#	G	D	E	R	K	N	Q	S	T	A	V	L	I	F	Y	W	H	M	C	P
0	0.01484	0.01398	0.02361	0.68021	0.08052	0.01728	0.02163	0.01998	0.01560	0.02005	0.01382	0.02061	0.01042	0.00772	0.00775	0.00257	0.01029	0.00689	0.00346	0.00877
1	0.01249	0.00892	0.01249	0.01428	0.01606	0.00892	0.01249	0.01606	0.01785	0.02320	0.04105	0.08746	0.04462	0.02142	0.01071	0.00357	0.00714	0.62695	0.00714	0.00714
2	0.01578	0.03848	0.63300	0.02300	0.03415	0.01814	0.08136	0.02458	0.01653	0.02458	0.01406	0.01675	0.00999	0.00730	0.00752	0.00247	0.01160	0.00602	0.00333	0.01137
3	0.02062	0.01938	0.02866	0.08854	0.50111	0.07031	0.02158	0.05261	0.04995	0.04908	0.01588	0.01959	0.01280	0.00742	0.00765	0.00232	0.00939	0.00688	0.00439	0.01184
4	0.00945	0.00675	0.00900	0.01080	0.01125	0.00630	0.00720	0.01080	0.01484	0.01979	0.04274	0.72245	0.05128	0.02429	0.00990	0.00315	0.00450	0.02204	0.00720	0.00630
5	0.01686	0.01693	0.02477	0.06996	0.02368	0.02309	0.04778	0.01904	0.01244	0.01904	0.01070	0.01742	0.01027	0.01282	0.02340	0.00330	0.62959	0.00691	0.00342	0.00859
6	0.02039	0.01641	0.01757	0.01564	0.02014	0.01872	0.01221	0.04096	0.61936	0.07885	0.03149	0.02875	0.02335	0.01045	0.00788	0.00261	0.00617	0.00870	0.00801	0.01234
7	0.00970	0.00693	0.00929	0.01109	0.01165	0.00652	0.00764	0.01123	0.01509	0.02008	0.04260	0.66969	0.05073	0.02405	0.00996	0.00318	0.00472	0.07230	0.00719	0.00637
8	0.01347	0.00673	0.01010	0.01010	0.01010	0.00673	0.00673	0.01010	0.01010	0.01347	0.01347	0.02357	0.01347	0.02694	0.03030	0.77441	0.00673	0.00673	0.00337	0.00337
9	0.00945	0.00675	0.00900	0.01080	0.01125	0.00630	0.00720	0.01080	0.01484	0.01979	0.04274	0.72245	0.05128	0.02429	0.00990	0.00315	0.00450	0.02204	0.00720	0.00630
10	0.01815	0.02043	0.04373	0.03123	0.03901	0.01898	0.60723	0.02447	0.01815	0.02487	0.01556	0.02059	0.01175	0.00648	0.00892	0.00251	0.01257	0.00884	0.00397	0.06257
11	0.01464	0.01378	0.02326	0.70887	0.05340	0.01723	0.02153	0.01981	0.01550	0.01981	0.01378	0.02067	0.01034	0.00775	0.00775	0.00258	0.01034	0.00689	0.00345	0.00861
12	0.02896	0.03695	0.02197	0.01998	0.02397	0.69638	0.01498	0.03096	0.02197	0.01898	0.01199	0.01398	0.00999	0.00799	0.00699	0.00200	0.01398	0.00499	0.00400	0.00899
13	0.01584	0.03384	0.50694	0.09836	0.03588	0.01840	0.09953	0.02377	0.01627	0.02377	0.01392	0.01740	0.01012	0.00762	0.00852	0.00253	0.04672	0.00631	0.00337	0.01088
14	0.00943	0.00683	0.00891	0.01057	0.01119	0.00632	0.00710	0.01082	0.01506	0.01988	0.04548	0.67282	0.09914	0.02393	0.00984	0.00311	0.00445	0.02161	0.00720	0.00632
15	0.01574	0.03641	0.58281	0.07611	0.05784	0.01804	0.05787	0.02418	0.01644	0.02423	0.01401	0.01702	0.01004	0.00734	0.00749	0.00247	0.01137	0.00602	0.00334	0.01122
16	0.01618	0.01401	0.01857	0.13647	0.11833	0.03855	0.01404	0.06599	0.10556	0.02370	0.04822	0.02942	0.02000	0.13366	0.15035	0.00529	0.03932	0.00838	0.00500	0.00896
17	0.00943	0.00680	0.00895	0.01067	0.01121	0.00631	0.00714	0.01081	0.01497	0.01984	0.04428	0.69444	0.07829	0.02409	0.00986	0.00313	0.00447	0.02180	0.00720	0.00631
18	0.01608	0.01378	0.01608	0.01148	0.01837	0.01034	0.00919	0.01952	0.01608	0.02527	0.01378	0.01608	0.01148	0.00574	0.00574	0.00115	0.00574	0.00459	0.00459	0.77491
19	0.01878	0.47168	0.28405	0.01659	0.02504	0.02591	0.01906	0.02372	0.01599	0.02062	0.01196	0.01392	0.00990	0.00691	0.00588	0.00196	0.00948	0.00474	0.00330	0.01052
20	0.05780	0.03435	0.02172	0.01935	0.02364	0.59268	0.01470	0.10263	0.02331	0.02304	0.01271	0.01447	0.01030	0.00811	0.00700	0.00205	0.01305	0.00519	0.00446	0.00945
21	0.00929	0.00786	0.00803	0.00799	0.01055	0.00660	0.00599	0.01138	0.01798	0.02167	0.12101	0.07343	0.63308	0.01937	0.00916	0.00261	0.00391	0.01620	0.00730	0.00660
22	0.11388	0.01872	0.01959	0.01541	0.02086	0.02060	0.01265	0.47473	0.03060	0.06703	0.01903	0.01957	0.01374	0.00904	0.00711	0.00227	0.00752	0.00672	0.10910	0.01184
23	0.01442	0.01329	0.02198	0.51786	0.09349	0.01618	0.01948	0.01897	0.01513	0.01996	0.01573	0.04906	0.01322	0.01492	0.09558	0.00386	0.03692	0.00766	0.00371	0.00859
24	0.01236	0.00888	0.01231	0.01402	0.01584	0.00883	0.01223	0.01586	0.01784	0.02311	0.04257	0.08694	0.07012	0.02135	0.01065	0.00353	0.00701	0.60229	0.00714	0.00712
25	0.02098	0.06817	0.05153	0.07227	0.06715	0.01824	0.03790	0.10171	0.12621	0.11197	0.04474	0.02205	0.01673	0.00917	0.00950	0.00234	0.09151	0.00712	0.00585	0.11485
26	0.02661	0.02422	0.02271	0.12714	0.02850	0.19688	0.01577	0.36850	0.05394	0.03591	0.01664	0.01814	0.01232	0.00877	0.00756	0.00229	0.01013	0.00652	0.00611	0.01134
27	0.00945	0.00675	0.00900	0.01080	0.01125	0.00630	0.00720	0.01080	0.01484	0.01979	0.04274	0.72245	0.05128	0.02429	0.00990	0.00315	0.00450	0.02204	0.00720	0.00630
28	0.07838	0.58458	0.12497	0.01421	0.02135	0.02797	0.01495	0.02336	0.01564	0.02035	0.01120	0.01298	0.00981	0.00677	0.00528	0.00182	0.00854	0.00436	0.00342	0.01003
29	0.01929	0.01666	0.01753	0.01578	0.02016	0.01929	0.01227	0.04120	0.66513	0.03243	0.03156	0.02893	0.02367	0.01052	0.00789	0.00263	0.00614	0.00877	0.00789	0.01227
30	0.00945	0.00675	0.00900	0.01080	0.01125	0.00630	0.00720	0.01080	0.01484	0.01979	0.04274	0.72245	0.05128	0.02429	0.00990	0.00315	0.00450	0.02204	0.00720	0.00630
31	0.01097	0.00793	0.01036	0.00975	0.01158	0.00732	0.00732	0.01463	0.02195	0.03109	0.67505	0.05792	0.07316	0.01585	0.00914	0.00244	0.00366	0.01402	0.00854	0.00732
32	0.00952	0.00681	0.00907	0.01074	0.01126	0.00635	0.00720	0.01099	0.01520	0.02036	0.07444	0.68913	0.05238	0.02387	0.00986	0.00311	0.00446	0.02164	0.00726	0.00635
