[name]
unknown

[dist]
# distance from previous block
# <min> <max>
0	52

[block]
# block no. 0 follows, 26 sequences, length 190
# corresponding to MSA columns:
# 52-241
name=unknown_A
#
# <colnr> <probs for GDERKNQSTAVLIFYWHMCP>
#	G	D	E	R	K	N	Q	S	T	A	V	L	I	F	Y	W	H	M	C	P
0	0.01778	0.01956	0.04116	0.03338	0.13695	0.01853	0.53273	0.02375	0.01779	0.02430	0.01630	0.02314	0.01304	0.00711	0.00880	0.00255	0.01195	0.03686	0.00397	0.01036
1	0.02648	0.16250	0.02518	0.01946	0.04982	0.55311	0.01470	0.02863	0.02022	0.01869	0.01161	0.01361	0.00986	0.00753	0.00651	0.00191	0.01248	0.00481	0.00378	0.00910
2	0.01074	0.00775	0.01014	0.00954	0.01133	0.00716	0.00716	0.01431	0.02147	0.03042	0.68211	0.05666	0.07157	0.01551	0.00895	0.00239	0.00358	0.01372	0.00835	0.00716
3	0.01521	0.03923	0.69413	0.02162	0.03283	0.01762	0.02802	0.02402	0.01601	0.02402	0.01361	0.01601	0.00961	0.00721	0.00721	0.00240	0.01121	0.00560	0.00320	0.01121
4	0.01103	0.00735	0.00827	0.00827	0.00827	0.00735	0.00460	0.01103	0.01103	0.01471	0.02390	0.04964	0.02758	0.73343	0.03861	0.00735	0.00735	0.01103	0.00460	0.00460
5	0.01074	0.00775	0.01014	0.00954	0.01133	0.00716	0.00716	0.01431	0.02147	0.03042	0.68211	0.05666	0.07157	0.01551	0.00895	0.00239	0.00358	0.01372	0.00835	0.00716
6	0.01486	0.01439	0.02470	0.58830	0.04800	0.01768	0.07576	0.01970	0.01506	0.01970	0.01330	0.01989	0.01022	0.00804	0.00939	0.00261	0.07954	0.00692	0.00341	0.00857
7	0.01887	0.01629	0.01715	0.01544	0.01972	0.01887	0.01201	0.04031	0.67241	0.03173	0.03087	0.02830	0.02315	0.01029	0.00772	0.00257	0.00600	0.00858	0.00772	0.01201
8	0.75504	0.01462	0.01163	0.03915	0.01622	0.01701	0.00875	0.02218	0.01300	0.03343	0.01068	0.01265	0.00829	0.00706	0.00481	0.00235	0.00604	0.00422	0.00464	0.00822
9	0.01084	0.00813	0.01219	0.01219	0.01354	0.00948	0.00948	0.01354	0.01219	0.01761	0.02032	0.02980	0.01896	0.05689	0.70337	0.01219	0.02032	0.00813	0.00406	0.00677
10	0.78701	0.01467	0.01115	0.00997	0.01467	0.01702	0.00821	0.02230	0.01291	0.03403	0.01056	0.01232	0.00821	0.00704	0.00469	0.00235	0.00587	0.00411	0.00469	0.00821
11	0.01877	0.01802	0.03079	0.04656	0.68612	0.01802	0.02328	0.02328	0.01727	0.02478	0.01427	0.01877	0.01201	0.00676	0.00751	0.00225	0.00901	0.00676	0.00375	0.01201
12	0.02794	0.03541	0.02187	0.02065	0.05055	0.67497	0.01501	0.03000	0.02132	0.01882	0.01183	0.01389	0.00986	0.00777	0.00687	0.00197	0.01349	0.00496	0.00390	0.00893
13	0.02169	0.01402	0.01854	0.01652	0.04254	0.01432	0.05788	0.10443	0.18264	0.20093	0.03017	0.13683	0.02605	0.01279	0.00838	0.00265	0.00686	0.08447	0.00753	0.01075
14	0.01074	0.00775	0.01014	0.00954	0.01133	0.00716	0.00716	0.01431	0.02147	0.03042	0.68211	0.05666	0.07157	0.01551	0.00895	0.00239	0.00358	0.01372	0.00835	0.00716
15	0.01830	0.01754	0.02993	0.11773	0.61865	0.01790	0.02304	0.02286	0.01705	0.02421	0.01418	0.01893	0.01181	0.00685	0.00752	0.00228	0.00913	0.00676	0.00371	0.01163
16	0.01074	0.00775	0.01014	0.00954	0.01133	0.00716	0.00716	0.01431	0.02147	0.03042	0.68211	0.05666	0.07157	0.01551	0.00895	0.00239	0.00358	0.01372	0.00835	0.00716
17	0.00979	0.00697	0.00932	0.01100	0.01162	0.00662	0.00775	0.01139	0.01483	0.01968	0.04077	0.59797	0.04816	0.05420	0.01106	0.00333	0.00493	0.11746	0.00693	0.00622
18	0.01228	0.00974	0.01312	0.01217	0.01315	0.01135	0.00930	0.01461	0.01511	0.02198	0.23904	0.03907	0.03592	0.14647	0.17569	0.00565	0.16986	0.01010	0.03851	0.00689
19	0.00928	0.00765	0.00815	0.00813	0.01046	0.00652	0.00606	0.01145	0.01787	0.02212	0.17744	0.09981	0.55126	0.01879	0.00899	0.00256	0.00382	0.01587	0.00726	0.00652
20	0.01514	0.01431	0.02422	0.59276	0.16832	0.01707	0.02147	0.02009	0.01555	0.02037	0.01363	0.01996	0.01046	0.00743	0.00757	0.00248	0.00991	0.00674	0.00344	0.00908
21	0.01432	0.01348	0.02275	0.71520	0.05224	0.01685	0.02107	0.01938	0.01517	0.01938	0.01348	0.02022	0.01011	0.00758	0.00758	0.00253	0.01011	0.00674	0.00337	0.00843
22	0.01659	0.05970	0.30616	0.05175	0.03372	0.01950	0.25854	0.02309	0.01605	0.02287	0.01361	0.01773	0.01038	0.00772	0.01020	0.00256	0.10916	0.00696	0.00346	0.01027
23	0.70551	0.01473	0.01271	0.05686	0.04486	0.01705	0.00966	0.02215	0.01323	0.03271	0.01090	0.01310	0.00849	0.00706	0.00500	0.00235	0.00627	0.00439	0.00457	0.00839
24	0.02225	0.02073	0.04917	0.11276	0.08511	0.10097	0.01576	0.24792	0.17266	0.03266	0.02169	0.02257	0.04343	0.00917	0.00756	0.00235	0.00867	0.00733	0.00607	0.01118
25	0.01634	0.01659	0.02653	0.10137	0.02683	0.02126	0.12960	0.01926	0.01315	0.01942	0.01171	0.01820	0.01060	0.01311	0.04645	0.00344	0.48700	0.00711	0.00344	0.00859
26	0.01659	0.01659	0.02323	0.01991	0.01991	0.02323	0.01659	0.01825	0.01162	0.01825	0.00996	0.01659	0.00996	0.01328	0.02489	0.00332	0.71955	0.00664	0.00332	0.00830
27	0.01609	0.14634	0.02107	0.01454	0.01769	0.01696	0.03602	0.11516	0.01655	0.02258	0.01712	0.02329	0.01528	0.03465	0.38396	0.00760	0.07510	0.00708	0.00438	0.00852
28	0.00907	0.00761	0.00789	0.00798	0.01035	0.00642	0.00592	0.01103	0.01730	0.02090	0.10448	0.11922	0.60715	0.01935	0.00902	0.00259	0.00387	0.01629	0.00711	0.00642
29	0.01213	0.01053	0.01274	0.01471	0.10750	0.01016	0.00943	0.01775	0.12595	0.02364	0.10356	0.08236	0.40913	0.01588	0.00858	0.00253	0.00493	0.01352	0.00679	0.00817
30	0.01521	0.03923	0.69413	0.02162	0.03283	0.01762	0.02802	0.02402	0.01601	0.02402	0.01361	0.01601	0.00961	0.00721	0.00721	0.00240	0.01121	0.00560	0.00320	0.01121
31	0.00944	0.00688	0.00891	0.01030	0.01111	0.00636	0.00710	0.01108	0.01548	0.02050	0.09805	0.58315	0.11728	0.02252	0.00957	0.00298	0.00436	0.04148	0.00715	0.00630
32	0.01781	0.01686	0.02745	0.06252	0.55335	0.01707	0.02080	0.02351	0.07118	0.02481	0.02090	0.02419	0.06965	0.00813	0.00765	0.00231	0.00836	0.00769	0.00435	0.01142
33	0.03338	0.01305	0.01758	0.01358	0.01938	0.01148	0.01119	0.03711	0.04962	0.66307	0.02996	0.02592	0.01896	0.00943	0.00763	0.00236	0.00643	0.00767	0.00932	0.01287
34	0.02420	0.39669	0.03087	0.01617	0.02140	0.35728	0.01379	0.02640	0.01837	0.01819	0.01112	0.01290	0.00975	0.00713	0.00583	0.00178	0.01082	0.00446	0.00357	0.00928
35	0.01074	0.00775	0.01014	0.00954	0.01133	0.00716	0.00716	0.01431	0.02147	0.03042	0.68211	0.05666	0.07157	0.01551	0.00895	0.00239	0.00358	0.01372	0.00835	0.00716
36	0.01615	0.03268	0.46753	0.02523	0.03521	0.01816	0.24805	0.02412	0.01667	0.02412	0.01422	0.01757	0.01027	0.00692	0.00782	0.00246	0.01176	0.00677	0.00342	0.01087
37	0.00921	0.00671	0.00869	0.01028	0.01093	0.00619	0.00691	0.01059	0.01480	0.01948	0.04529	0.66325	0.11315	0.02331	0.00961	0.00303	0.00435	0.02101	0.00704	0.00619
38	0.01887	0.01629	0.01715	0.01544	0.01972	0.01887	0.01201	0.04031	0.67241	0.03173	0.03087	0.02830	0.02315	0.01029	0.00772	0.00257	0.00600	0.00858	0.00772	0.01201
39	0.00924	0.00660	0.00880	0.01056	0.01100	0.00616	0.00704	0.01056	0.01452	0.01936	0.04181	0.72848	0.05017	0.02376	0.00968	0.00308	0.00440	0.02156	0.00704	0.00616
40	0.02000	0.02072	0.02840	0.10653	0.51003	0.13656	0.02157	0.02412	0.01780	0.02318	0.01375	0.01803	0.01144	0.00702	0.00740	0.00223	0.00993	0.00643	0.00374	0.01111
41	0.02465	0.01917	0.02041	0.01661	0.02193	0.02157	0.01341	0.40047	0.30283	0.04106	0.02352	0.02244	0.01720	0.00960	0.00764	0.00240	0.00736	0.00756	0.00764	0.01252
42	0.01433	0.01329	0.02171	0.59724	0.04606	0.01670	0.01955	0.01887	0.01483	0.01958	0.01464	0.04785	0.01198	0.00880	0.00923	0.00260	0.07701	0.00732	0.03011	0.00828
43	0.01855	0.01780	0.03039	0.07987	0.65453	0.01796	0.02317	0.02308	0.01717	0.02451	0.01423	0.01885	0.01192	0.00680	0.00751	0.00227	0.00907	0.00676	0.00374	0.01184
44	0.02096	0.70187	0.03864	0.01300	0.01946	0.02907	0.01289	0.02342	0.01573	0.05140	0.01151	0.01285	0.01018	0.00663	0.00500	0.00166	0.00803	0.00423	0.00355	0.00989
45	0.01084	0.00813	0.01219	0.01219	0.01354	0.00948	0.00948	0.01354	0.01219	0.01761	0.02032	0.02980	0.01896	0.05689	0.70337	0.01219	0.02032	0.00813	0.00406	0.00677
46	0.00930	0.00664	0.00885	0.01052	0.01101	0.00620	0.00705	0.01070	0.01478	0.01978	0.06601	0.70309	0.05098	0.02345	0.00965	0.00305	0.00437	0.02127	0.00709	0.00620
47	0.02017	0.05322	0.01910	0.01658	0.04569	0.07337	0.01248	0.05566	0.40801	0.06626	0.02528	0.02633	0.01984	0.06535	0.01097	0.00285	0.05341	0.00793	0.00660	0.01091
48	0.78701	0.01467	0.01115	0.00997	0.01467	0.01702	0.00821	0.02230	0.01291	0.03403	0.01056	0.01232	0.00821	0.00704	0.00469	0.00235	0.00587	0.00411	0.00469	0.00821
49	0.02028	0.73799	0.03975	0.01298	0.01947	0.03001	0.01298	0.02271	0.01541	0.01785	0.01055	0.01217	0.00973	0.00649	0.00487	0.00162	0.00811	0.00406	0.00324	0.00973
50	0.02833	0.03615	0.02149	0.01954	0.02345	0.70298	0.01466	0.03029	0.02149	0.01856	0.01172	0.01368	0.00977	0.00782	0.00684	0.00195	0.01368	0.00489	0.00391	0.00879
51	0.06352	0.02095	0.02223	0.01711	0.02312	0.02322	0.01413	0.63161	0.03462	0.04717	0.01786	0.01794	0.01269	0.00901	0.00746	0.00228	0.00823	0.00670	0.00746	0.01269
52	0.02003	0.70318	0.07235	0.01341	0.02013	0.02940	0.01373	0.02278	0.01544	0.01815	0.01070	0.01236	0.00973	0.00653	0.00498	0.00166	0.00827	0.00413	0.00324	0.00981
53	0.00905	0.00769	0.00781	0.00778	0.01030	0.00644	0.00583	0.01106	0.01750	0.02099	0.10700	0.07218	0.65257	0.01903	0.00896	0.00255	0.00383	0.01589	0.00711	0.00644
54	0.00896	0.00768	0.00768	0.00768	0.01025	0.00640	0.00576	0.01089	0.01729	0.02049	0.07684	0.07300	0.68304	0.01921	0.00896	0.00256	0.00384	0.01601	0.00704	0.00640
55	0.01573	0.01348	0.01573	0.01123	0.01798	0.01011	0.00899	0.01910	0.01573	0.02472	0.01348	0.01573	0.01123	0.00562	0.00562	0.00112	0.00562	0.00449	0.00449	0.77980
56	0.01887	0.01629	0.01715	0.01544	0.01972	0.01887	0.01201	0.04031	0.67241	0.03173	0.03087	0.02830	0.02315	0.01029	0.00772	0.00257	0.00600	0.00858	0.00772	0.01201
57	0.02028	0.73799	0.03975	0.01298	0.01947	0.03001	0.01298	0.02271	0.01541	0.01785	0.01055	0.01217	0.00973	0.00649	0.00487	0.00162	0.00811	0.00406	0.00324	0.00973
58	0.01887	0.01629	0.01715	0.01544	0.01972	0.01887	0.01201	0.04031	0.67241	0.03173	0.03087	0.02830	0.02315	0.01029	0.00772	0.00257	0.00600	0.00858	0.00772	0.01201
59	0.00950	0.00776	0.00843	0.00841	0.01077	0.00668	0.00641	0.01183	0.01811	0.02255	0.19277	0.07054	0.52677	0.01859	0.00905	0.00258	0.00397	0.05139	0.00729	0.00658
60	0.01877	0.01802	0.03079	0.04656	0.68612	0.01802	0.02328	0.02328	0.01727	0.02478	0.01427	0.01877	0.01201	0.00676	0.00751	0.00225	0.00901	0.00676	0.00375	0.01201
61	0.02833	0.03615	0.02149	0.01954	0.02345	0.70298	0.01466	0.03029	0.02149	0.01856	0.01172	0.01368	0.00977	0.00782	0.00684	0.00195	0.01368	0.00489	0.00391	0.00879
62	0.01887	0.01629	0.01715	0.01544	0.01972	0.01887	0.01201	0.04031	0.67241	0.03173	0.03087	0.02830	0.02315	0.01029	0.00772	0.00257	0.00600	0.00858	0.00772	0.01201
63	0.01074	0.00775	0.01014	0.00954	0.01133	0.00716	0.00716	0.01431	0.02147	0.03042	0.68211	0.05666	0.07157	0.01551	0.00895	0.00239	0.00358	0.01372	0.00835	0.00716
64	0.01659	0.01659	0.02323	0.01991	0.01991	0.02323	0.01659	0.01825	0.01162	0.01825	0.00996	0.01659	0.00996	0.01328	0.02489	0.00332	0.71955	0.00664	0.00332	0.00830
65	0.11982	0.01311	0.01687	0.01309	0.01883	0.01182	0.01081	0.03529	0.02071	0.61647	0.02772	0.02428	0.01757	0.00912	0.00729	0.00235	0.00639	0.00723	0.00885	0.01237
66	0.00924	0.00660	0.00880	0.01056	0.01100	0.00616	0.00704	0.01056	0.01452	0.01936	0.04181	0.72848	0.05017	0.02376	0.00968	0.00308	0.00440	0.02156	0.00704	0.00616
67	0.03403	0.01291	0.01760	0.01350	0.01936	0.01115	0.01115	0.03697	0.02171	0.69137	0.02992	0.02582	0.01878	0.00939	0.00763	0.00235	0.00645	0.00763	0.00939	0.01291
68	0.01877	0.01802	0.03079	0.04656	0.68612	0.01802	0.02328	0.02328	0.01727	0.02478	0.01427	0.01877	0.01201	0.00676	0.00751	0.00225	0.00901	0.00676	0.00375	0.01201
69	0.00916	0.00690	0.00849	0.00976	0.01079	0.00623	0.00668	0.01065	0.01530	0.01968	0.05161	0.54498	0.22734	0.02249	0.00948	0.00294	0.00424	0.02001	0.00704	0.00623
70	0.01856	0.01818	0.02921	0.14183	0.56475	0.04875	0.02257	0.02303	0.01716	0.02372	0.01404	0.01875	0.01164	0.00693	0.00749	0.00228	0.00938	0.00667	0.00371	0.01135
71	0.78701	0.01467	0.01115	0.00997	0.01467	0.01702	0.00821	0.02230	0.01291	0.03403	0.01056	0.01232	0.00821	0.00704	0.00469	0.00235	0.00587	0.00411	0.00469	0.00821
72	0.01033	0.00774	0.00958	0.00912	0.01108	0.00698	0.00684	0.01353	0.02051	0.02814	0.54343	0.06040	0.21167	0.01636	0.00895	0.00243	0.00364	0.01424	0.00805	0.00698
73	0.01825	0.01798	0.02816	0.10160	0.50974	0.06136	0.04157	0.02254	0.01746	0.02393	0.04522	0.04679	0.01579	0.00792	0.00766	0.00230	0.00912	0.00757	0.00406	0.01099
74	0.02085	0.01849	0.01819	0.01601	0.02049	0.07405	0.01251	0.11594	0.54202	0.03266	0.02778	0.02589	0.02082	0.00995	0.00763	0.00249	0.00690	0.00807	0.00740	0.01186
75	0.00896	0.00768	0.00768	0.00768	0.01025	0.00640	0.00576	0.01089	0.01729	0.02049	0.07684	0.07300	0.68304	0.01921	0.00896	0.00256	0.00384	0.01601	0.00704	0.00640
76	0.01521	0.03923	0.69413	0.02162	0.03283	0.01762	0.02802	0.02402	0.01601	0.02402	0.01361	0.01601	0.00961	0.00721	0.00721	0.00240	0.01121	0.00560	0.00320	0.01121
77	0.10809	0.04913	0.09111	0.02531	0.03247	0.01881	0.41912	0.06990	0.01833	0.02666	0.01822	0.02168	0.04986	0.00748	0.00805	0.00246	0.01082	0.00816	0.00432	0.01003
78	0.01091	0.00730	0.00831	0.00842	0.00845	0.00727	0.00476	0.01100	0.01126	0.01502	0.02509	0.09468	0.02907	0.68634	0.03669	0.00707	0.00716	0.01173	0.00476	0.00470
79	0.03119	0.01746	0.02042	0.01566	0.02163	0.01791	0.01293	0.37766	0.02933	0.33991	0.02353	0.02166	0.01557	0.00923	0.00761	0.00231	0.00749	0.00719	0.00840	0.01290
80	0.00991	0.00708	0.00957	0.01132	0.01206	0.00674	0.00820	0.01171	0.01518	0.02011	0.04144	0.58459	0.04871	0.02313	0.00986	0.00317	0.00498	0.15887	0.00703	0.00635
81	0.02028	0.73799	0.03975	0.01298	0.01947	0.03001	0.01298	0.02271	0.01541	0.01785	0.01055	0.01217	0.00973	0.00649	0.00487	0.00162	0.00811	0.00406	0.00324	0.00973
82	0.00899	0.00757	0.00780	0.00799	0.01033	0.00638	0.00590	0.01085	0.01699	0.02037	0.07307	0.14354	0.61493	0.01970	0.00904	0.00262	0.00390	0.01661	0.00704	0.00638
83	0.01535	0.00824	0.00836	0.00793	0.01005	0.00843	0.00605	0.07066	0.01753	0.02989	0.02421	0.02745	0.01890	0.00886	0.00549	0.00181	0.00393	0.00705	0.71227	0.00755
84	0.01942	0.06567	0.13854	0.04804	0.07902	0.13128	0.01858	0.06730	0.01647	0.02193	0.01197	0.01620	0.01024	0.00993	0.01452	0.00265	0.30886	0.00606	0.00373	0.00959
85	0.01659	0.01659	0.02323	0.01991	0.01991	0.02323	0.01659	0.01825	0.01162	0.01825	0.00996	0.01659	0.00996	0.01328	0.02489	0.00332	0.71955	0.00664	0.00332	0.00830
86	0.01103	0.00735	0.00827	0.00827	0.00827	0.00735	0.00460	0.01103	0.01103	0.01471	0.02390	0.04964	0.02758	0.73343	0.03861	0.00735	0.00735	0.01103	0.00460	0.00460
87	0.00931	0.00665	0.00886	0.01052	0.01102	0.00620	0.00705	0.01072	0.01482	0.01984	0.06967	0.69925	0.05110	0.02340	0.00965	0.00305	0.00436	0.02122	0.00710	0.00620
88	0.01887	0.01629	0.01715	0.01544	0.01972	0.01887	0.01201	0.04031	0.67241	0.03173	0.03087	0.02830	0.02315	0.01029	0.00772	0.00257	0.00600	0.00858	0.00772	0.01201
89	0.02969	0.02053	0.04742	0.01666	0.02275	0.05924	0.01407	0.42934	0.03027	0.22076	0.02085	0.01994	0.01419	0.00903	0.00754	0.00228	0.00825	0.00689	0.00770	0.01260
90	0.01103	0.00735	0.00827	0.00827	0.00827	0.00735	0.00460	0.01103	0.01103	0.01471	0.02390	0.04964	0.02758	0.73343	0.03861	0.00735	0.00735	0.01103	0.00460	0.00460
91	0.02487	0.05695	0.02533	0.02817	0.24296	0.42608	0.01744	0.04960	0.02035	0.02161	0.01275	0.01547	0.01062	0.00746	0.00701	0.00205	0.01173	0.00554	0.00396	0.01004
92	0.01659	0.01659	0.02323	0.01991	0.01991	0.02323	0.01659	0.01825	0.01162	0.01825	0.00996	0.01659	0.00996	0.01328	0.02489	0.00332	0.71955	0.00664	0.00332	0.00830
93	0.01074	0.00775	0.01014	0.00954	0.01133	0.00716	0.00716	0.01431	0.02147	0.03042	0.68211	0.05666	0.07157	0.01551	0.00895	0.00239	0.00358	0.01372	0.00835	0.00716
94	0.01373	0.01108	0.01272	0.01291	0.01514	0.01203	0.00950	0.02426	0.31325	0.02511	0.03678	0.38571	0.03765	0.01754	0.00882	0.00287	0.00523	0.03949	0.00735	0.00885
95	0.01559	0.01511	0.02398	0.58081	0.15235	0.04425	0.02116	0.02044	0.01575	0.02021	0.01354	0.01973	0.01040	0.00746	0.00754	0.00246	0.01008	0.00667	0.00345	0.00901
96	0.02903	0.01180	0.01600	0.01265	0.01764	0.01029	0.01029	0.03210	0.02166	0.54952	0.16989	0.03244	0.03011	0.01070	0.00791	0.00236	0.00584	0.00893	0.00917	0.01167
97	0.01865	0.01888	0.05466	0.14330	0.48782	0.04358	0.02201	0.04471	0.04722	0.02477	0.01491	0.01910	0.01208	0.00718	0.00750	0.00230	0.00928	0.00672	0.00399	0.01135
98	0.01074	0.00775	0.01014	0.00954	0.01133	0.00716	0.00716	0.01431	0.02147	0.03042	0.68211	0.05666	0.07157	0.01551	0.00895	0.00239	0.00358	0.01372	0.00835	0.00716
99	0.01609	0.09089	0.01916	0.01699	0.07172	0.13396	0.01239	0.01858	0.01446	0.01834	0.01642	0.02372	0.01528	0.06148	0.35839	0.00742	0.08592	0.00699	0.00387	0.00793
100	0.01050	0.00818	0.00983	0.01065	0.01283	0.00750	0.00882	0.01317	0.01737	0.02153	0.05951	0.07893	0.38093	0.02003	0.00968	0.00300	0.00533	0.30851	0.00702	0.00668
101	0.01564	0.09836	0.63876	0.02089	0.03170	0.01866	0.02675	0.02391	0.01596	0.02350	0.01335	0.01569	0.00962	0.00715	0.00701	0.00234	0.01095	0.00547	0.00321	0.01108
102	0.01545	0.07120	0.66420	0.02122	0.03222	0.01818	0.02734	0.02396	0.01599	0.02374	0.01347	0.01584	0.00961	0.00717	0.00710	0.00237	0.01107	0.00553	0.00320	0.01114
103	0.02920	0.01232	0.01650	0.01324	0.01829	0.01103	0.01091	0.06064	0.02196	0.52778	0.10790	0.03414	0.02687	0.01107	0.00802	0.00244	0.00624	0.06073	0.00898	0.01173
104	0.01573	0.01348	0.01573	0.01123	0.01798	0.01011	0.00899	0.01910	0.01573	0.02472	0.01348	0.01573	0.01123	0.00562	0.00562	0.00112	0.00562	0.00449	0.00449	0.77980
105	0.01318	0.00659	0.00988	0.00988	0.00988	0.00659	0.00659	0.00988	0.00988	0.01318	0.01318	0.02306	0.01318	0.02635	0.02964	0.77931	0.00659	0.00659	0.00329	0.00329
106	0.01594	0.01513	0.02567	0.47216	0.28264	0.01728	0.02187	0.02080	0.01593	0.02134	0.01377	0.01970	0.01080	0.00728	0.00756	0.00243	0.00971	0.00675	0.00351	0.00973
107	0.01484	0.01401	0.02368	0.63777	0.12564	0.01699	0.02132	0.01983	0.01541	0.02001	0.01357	0.02005	0.01033	0.00749	0.00757	0.00250	0.00998	0.00674	0.00341	0.00884
108	0.00924	0.00660	0.00880	0.01056	0.01100	0.00616	0.00704	0.01056	0.01452	0.01936	0.04181	0.72848	0.05017	0.02376	0.00968	0.00308	0.00440	0.02156	0.00704	0.00616
109	0.01539	0.06803	0.63535	0.05298	0.03314	0.01811	0.02706	0.02375	0.01595	0.02354	0.01347	0.01604	0.00964	0.00719	0.00712	0.00237	0.01103	0.00559	0.00321	0.01102
110	0.01852	0.01776	0.03032	0.08525	0.64943	0.01795	0.02315	0.02305	0.01715	0.02447	0.01422	0.01886	0.01190	0.00681	0.00751	0.00227	0.00907	0.00676	0.00373	0.01181
111	0.02765	0.09550	0.02304	0.01899	0.02311	0.64607	0.01451	0.02965	0.02098	0.01850	0.01162	0.01355	0.00977	0.00770	0.00667	0.00193	0.01321	0.00482	0.00385	0.00887
112	0.75756	0.01460	0.01140	0.01011	0.01485	0.01679	0.00833	0.02287	0.01325	0.05974	0.01132	0.01285	0.00863	0.00713	0.00481	0.00235	0.00589	0.00424	0.00488	0.00840
113	0.01349	0.00875	0.01101	0.01015	0.01256	0.00814	0.00771	0.01772	0.05833	0.10153	0.46924	0.08703	0.13410	0.01538	0.00877	0.00245	0.00411	0.01341	0.00821	0.00793
114	0.06587	0.03466	0.54689	0.02250	0.03273	0.01782	0.12654	0.02395	0.01611	0.02472	0.01369	0.01648	0.00982	0.00707	0.00732	0.00242	0.01111	0.00604	0.00340	0.01086
115	0.01659	0.01659	0.02323	0.01991	0.01991	0.02323	0.01659	0.01825	0.01162	0.01825	0.00996	0.01659	0.00996	0.01328	0.02489	0.00332	0.71955	0.00664	0.00332	0.00830
116	0.02505	0.01243	0.01524	0.01243	0.01694	0.03860	0.00994	0.02891	0.04953	0.40115	0.20815	0.03525	0.05854	0.01126	0.00793	0.00231	0.00581	0.00941	0.00851	0.04261
117	0.01659	0.01659	0.02323	0.01991	0.01991	0.02323	0.01659	0.01825	0.01162	0.01825	0.00996	0.01659	0.00996	0.01328	0.02489	0.00332	0.71955	0.00664	0.00332	0.00830
118	0.03403	0.01291	0.01760	0.01350	0.01936	0.01115	0.01115	0.03697	0.02171	0.69137	0.02992	0.02582	0.01878	0.00939	0.00763	0.00235	0.00645	0.00763	0.00939	0.01291
119	0.01103	0.00735	0.00827	0.00827	0.00827	0.00735	0.00460	0.01103	0.01103	0.01471	0.02390	0.04964	0.02758	0.73343	0.03861	0.00735	0.00735	0.01103	0.00460	0.00460
120	0.00896	0.00768	0.00768	0.00768	0.01025	0.00640	0.00576	0.01089	0.01729	0.02049	0.07684	0.07300	0.68304	0.01921	0.00896	0.00256	0.00384	0.01601	0.00704	0.00640
121	0.01160	0.00890	0.01182	0.01152	0.01201	0.01028	0.00823	0.01287	0.01187	0.01668	0.02263	0.11284	0.02466	0.33049	0.24710	0.00784	0.11754	0.01060	0.00450	0.00602
122	0.02682	0.02119	0.02090	0.01664	0.02200	0.09026	0.01350	0.49801	0.07859	0.04204	0.01903	0.01934	0.01388	0.00904	0.00733	0.00222	0.00831	0.00678	0.07220	0.01193
123	0.01585	0.01389	0.01741	0.01243	0.01923	0.01064	0.04658	0.01940	0.01585	0.02469	0.01359	0.01600	0.01125	0.00566	0.00581	0.00121	0.00603	0.00475	0.00446	0.73526
124	0.01575	0.11272	0.62532	0.02071	0.03142	0.01892	0.02644	0.02388	0.01595	0.02337	0.01329	0.01561	0.00962	0.00713	0.00696	0.00232	0.01088	0.00544	0.00321	0.01105
125	0.03135	0.01494	0.01861	0.01442	0.02014	0.01440	0.01186	0.18990	0.05305	0.48338	0.04812	0.02505	0.01922	0.00955	0.00766	0.00234	0.00681	0.00767	0.00884	0.01268
126	0.04295	0.04374	0.01027	0.00909	0.01062	0.00847	0.00671	0.01414	0.01380	0.02120	0.02712	0.10920	0.08709	0.01979	0.06422	0.21935	0.00607	0.00929	0.27089	0.00600
127	0.01483	0.01417	0.02286	0.56118	0.04508	0.01827	0.02007	0.01913	0.01438	0.01913	0.01270	0.01942	0.01008	0.00884	0.01142	0.00270	0.16727	0.00672	0.00336	0.00840
128	0.01093	0.00737	0.00824	0.00824	0.00837	0.00731	0.00465	0.01102	0.01134	0.01500	0.02654	0.05080	0.06023	0.69785	0.03713	0.00711	0.00718	0.01128	0.00472	0.00469
129	0.01414	0.00707	0.00707	0.00707	0.00884	0.00707	0.00530	0.01767	0.01591	0.02828	0.02474	0.02828	0.01944	0.00884	0.00530	0.00177	0.00353	0.00707	0.77554	0.00707
130	0.01742	0.34391	0.40880	0.01785	0.02700	0.02302	0.02146	0.02345	0.01575	0.02133	0.01227	0.01434	0.00966	0.00689	0.00619	0.00206	0.00986	0.00493	0.00322	0.01057
131	0.01162	0.00796	0.01034	0.00963	0.01162	0.00729	0.00726	0.01510	0.02130	0.05716	0.62935	0.05609	0.09563	0.01541	0.00889	0.00239	0.00371	0.01357	0.00834	0.00736
132	0.01552	0.03744	0.63790	0.02373	0.08821	0.01765	0.02762	0.02396	0.01612	0.02409	0.01367	0.01625	0.00981	0.00717	0.00723	0.00239	0.01102	0.00570	0.00325	0.01128
133	0.01790	0.02046	0.04476	0.03197	0.03964	0.01918	0.65857	0.02430	0.01790	0.02430	0.01535	0.02046	0.01151	0.00639	0.00895	0.00256	0.01279	0.00895	0.00384	0.01023
134	0.02140	0.02465	0.01894	0.01855	0.05831	0.38862	0.01342	0.02456	0.04489	0.01966	0.04152	0.02081	0.01542	0.02181	0.19818	0.00487	0.04522	0.00646	0.00425	0.00847
135	0.01016	0.00803	0.01202	0.07147	0.01613	0.00783	0.04589	0.01212	0.01489	0.01970	0.03930	0.60061	0.07041	0.02120	0.00943	0.00298	0.00535	0.01935	0.00654	0.00660
136	0.11908	0.05606	0.02165	0.01904	0.04753	0.41361	0.01439	0.08041	0.01986	0.02311	0.01194	0.01444	0.00996	0.00850	0.00911	0.00222	0.11050	0.00524	0.00420	0.00916
137	0.47227	0.02148	0.20695	0.01511	0.04767	0.01664	0.01477	0.02312	0.01452	0.05601	0.01363	0.01735	0.01072	0.00777	0.00589	0.00241	0.00759	0.03223	0.00451	0.00935
138	0.01697	0.01477	0.01503	0.04764	0.01833	0.07155	0.01039	0.13584	0.12414	0.02871	0.12496	0.06157	0.19328	0.01265	0.00794	0.00230	0.00631	0.01044	0.00671	0.09047
139	0.01618	0.01317	0.01552	0.01130	0.01774	0.00999	0.00899	0.01944	0.01591	0.05056	0.01530	0.04561	0.01314	0.00652	0.00586	0.00125	0.00560	0.00532	0.00479	0.71781
140	0.01073	0.00779	0.01013	0.00966	0.01147	0.00719	0.00731	0.01424	0.02115	0.02973	0.63299	0.05846	0.09321	0.01587	0.00901	0.00244	0.00373	0.03951	0.00824	0.00712
141	0.00976	0.00751	0.00892	0.00900	0.01084	0.00667	0.00659	0.01226	0.01852	0.02443	0.32352	0.18956	0.30803	0.01852	0.00909	0.00259	0.00384	0.01610	0.00759	0.00667
142	0.01610	0.01586	0.02228	0.01925	0.01936	0.02204	0.01598	0.01785	0.01167	0.01820	0.01085	0.01774	0.01074	0.01705	0.08357	0.00409	0.65908	0.00677	0.00338	0.00817
143	0.06136	0.02033	0.02180	0.01684	0.02279	0.02239	0.01389	0.57884	0.05285	0.08398	0.01894	0.01870	0.01334	0.00907	0.00747	0.00229	0.00806	0.00681	0.00757	0.01267
144	0.78701	0.01467	0.01115	0.00997	0.01467	0.01702	0.00821	0.02230	0.01291	0.03403	0.01056	0.01232	0.00821	0.00704	0.00469	0.00235	0.00587	0.00411	0.00469	0.00821
145	0.00996	0.00749	0.00922	0.00928	0.01098	0.00675	0.00677	0.01263	0.01891	0.02549	0.38898	0.20439	0.22495	0.01823	0.00911	0.00258	0.00382	0.01599	0.00773	0.00675
146	0.01830	0.01754	0.02993	0.11768	0.61869	0.01790	0.02304	0.02286	0.01705	0.02421	0.01418	0.01893	0.01181	0.00685	0.00752	0.00228	0.00913	0.00676	0.00371	0.01163
147	0.02280	0.51898	0.03411	0.01495	0.02071	0.21721	0.01349	0.04580	0.01777	0.01903	0.01113	0.01279	0.00985	0.00694	0.00551	0.00174	0.00967	0.00438	0.00357	0.00958
148	0.01222	0.00873	0.01222	0.01397	0.01572	0.00873	0.01222	0.01572	0.01746	0.02270	0.04016	0.08556	0.04365	0.02095	0.01048	0.00349	0.00698	0.63506	0.00698	0.00698
149	0.01879	0.01773	0.02851	0.04137	0.57498	0.01816	0.02140	0.02612	0.12653	0.02594	0.01704	0.02036	0.01387	0.00735	0.00754	0.00231	0.00851	0.00706	0.00442	0.01201
150	0.01052	0.00766	0.00993	0.00972	0.01140	0.00706	0.00726	0.01375	0.02030	0.02831	0.55074	0.13359	0.10349	0.01685	0.00909	0.00252	0.00382	0.03892	0.00808	0.00700
151	0.00924	0.00660	0.00880	0.01056	0.01100	0.00616	0.00704	0.01056	0.01452	0.01936	0.04181	0.72848	0.05017	0.02376	0.00968	0.00308	0.00440	0.02156	0.00704	0.00616
152	0.01877	0.01802	0.03079	0.04656	0.68612	0.01802	0.02328	0.02328	0.01727	0.02478	0.01427	0.01877	0.01201	0.00676	0.00751	0.00225	0.00901	0.00676	0.00375	0.01201
153	0.01887	0.01629	0.01715	0.01544	0.01972	0.01887	0.01201	0.04031	0.67241	0.03173	0.03087	0.02830	0.02315	0.01029	0.00772	0.00257	0.00600	0.00858	0.00772	0.01201
154	0.01887	0.01629	0.01715	0.01544	0.01972	0.01887	0.01201	0.04031	0.67241	0.03173	0.03087	0.02830	0.02315	0.01029	0.00772	0.00257	0.00600	0.00858	0.00772	0.01201
155	0.01780	0.02002	0.04299	0.06254	0.07760	0.01901	0.59406	0.02402	0.01775	0.02411	0.01520	0.02035	0.01148	0.00647	0.00881	0.00254	0.01245	0.00873	0.00381	0.01025
156	0.02842	0.02104	0.02253	0.01737	0.02337	0.02333	0.01432	0.63532	0.06183	0.04714	0.01873	0.01863	0.01332	0.00915	0.00759	0.00229	0.00825	0.00690	0.00759	0.01286
157	0.78701	0.01467	0.01115	0.00997	0.01467	0.01702	0.00821	0.02230	0.01291	0.03403	0.01056	0.01232	0.00821	0.00704	0.00469	0.00235	0.00587	0.00411	0.00469	0.00821
158	0.01103	0.00735	0.00827	0.00827	0.00827	0.00735	0.00460	0.01103	0.01103	0.01471	0.02390	0.04964	0.02758	0.73343	0.03861	0.00735	0.00735	0.01103	0.00460	0.00460
159	0.01509	0.03552	0.60312	0.02035	0.03044	0.01690	0.02552	0.02423	0.05442	0.02495	0.06526	0.01980	0.01509	0.00801	0.00737	0.00241	0.01033	0.00639	0.00385	0.01095
160	0.73181	0.01513	0.01136	0.01020	0.01476	0.04051	0.00833	0.02240	0.01332	0.03328	0.01113	0.01296	0.00869	0.00713	0.00479	0.00231	0.00605	0.00424	0.03340	0.00819
161	0.01103	0.00735	0.00827	0.00827	0.00827	0.00735	0.00460	0.01103	0.01103	0.01471	0.02390	0.04964	0.02758	0.73343	0.03861	0.00735	0.00735	0.01103	0.00460	0.00460
162	0.01017	0.00755	0.00994	0.01095	0.01132	0.00779	0.00745	0.01134	0.01362	0.01842	0.03549	0.53109	0.04202	0.14456	0.04410	0.00419	0.05961	0.01810	0.00622	0.00608
163	0.01574	0.01493	0.02531	0.50207	0.25429	0.01722	0.02177	0.02062	0.01584	0.02110	0.01373	0.01976	0.01072	0.00732	0.00756	0.00244	0.00976	0.00675	0.00349	0.00957
164	0.02028	0.73799	0.03975	0.01298	0.01947	0.03001	0.01298	0.02271	0.01541	0.01785	0.01055	0.01217	0.00973	0.00649	0.00487	0.00162	0.00811	0.00406	0.00324	0.00973
165	0.01449	0.01380	0.02376	0.68395	0.05166	0.01696	0.05023	0.01960	0.01529	0.01960	0.01357	0.02023	0.01018	0.00753	0.00765	0.00253	0.01023	0.00684	0.00339	0.00851
166	0.01103	0.00735	0.00827	0.00827	0.00827	0.00735	0.00460	0.01103	0.01103	0.01471	0.02390	0.04964	0.02758	0.73343	0.03861	0.00735	0.00735	0.01103	0.00460	0.00460
167	0.01887	0.01629	0.01715	0.01544	0.01972	0.01887	0.01201	0.04031	0.67241	0.03173	0.03087	0.02830	0.02315	0.01029	0.00772	0.00257	0.00600	0.00858	0.00772	0.01201
168	0.01887	0.01629	0.01715	0.01544	0.01972	0.01887	0.01201	0.04031	0.67241	0.03173	0.03087	0.02830	0.02315	0.01029	0.00772	0.00257	0.00600	0.00858	0.00772	0.01201
169	0.00924	0.00660	0.00880	0.01056	0.01100	0.00616	0.00704	0.01056	0.01452	0.01936	0.04181	0.72848	0.05017	0.02376	0.00968	0.00308	0.00440	0.02156	0.00704	0.00616
170	0.01781	0.01934	0.03907	0.02918	0.06232	0.01824	0.51574	0.02511	0.07305	0.02499	0.01644	0.02060	0.01249	0.00666	0.00847	0.00241	0.01137	0.00840	0.00422	0.08408
171	0.01735	0.23232	0.48608	0.01890	0.02859	0.02081	0.02319	0.02416	0.01607	0.04821	0.01339	0.01533	0.01000	0.00709	0.00657	0.00218	0.01016	0.00525	0.00345	0.01087
172	0.02643	0.01416	0.01711	0.01411	0.01910	0.01429	0.01132	0.06095	0.27014	0.36904	0.07518	0.02861	0.02389	0.01015	0.00775	0.00243	0.00616	0.00838	0.00861	0.01216
173	0.01808	0.01743	0.02985	0.14103	0.52849	0.01796	0.05924	0.02350	0.04511	0.02427	0.01493	0.01949	0.01219	0.00701	0.00761	0.00232	0.00926	0.00696	0.00387	0.01139
174	0.02028	0.73799	0.03975	0.01298	0.01947	0.03001	0.01298	0.02271	0.01541	0.01785	0.01055	0.01217	0.00973	0.00649	0.00487	0.00162	0.00811	0.00406	0.00324	0.00973
175	0.01432	0.01348	0.02275	0.71520	0.05224	0.01685	0.02107	0.01938	0.01517	0.01938	0.01348	0.02022	0.01011	0.00758	0.00758	0.00253	0.01011	0.00674	0.00337	0.00843
176	0.01264	0.00726	0.00789	0.00781	0.00899	0.00718	0.00532	0.01500	0.01504	0.02404	0.11393	0.03927	0.02925	0.25175	0.01692	0.00372	0.00482	0.00930	0.41365	0.00626
177	0.01103	0.00735	0.00827	0.00827	0.00827	0.00735	0.00460	0.01103	0.01103	0.01471	0.02390	0.04964	0.02758	0.73343	0.03861	0.00735	0.00735	0.01103	0.00460	0.00460
178	0.01414	0.00707	0.00707	0.00707	0.00884	0.00707	0.00530	0.01767	0.01591	0.02828	0.02474	0.02828	0.01944	0.00884	0.00530	0.00177	0.00353	0.00707	0.77554	0.00707
179	0.01887	0.01629	0.01715	0.01544	0.01972	0.01887	0.01201	0.04031	0.67241	0.03173	0.03087	0.02830	0.02315	0.01029	0.00772	0.00257	0.00600	0.00858	0.00772	0.01201
180	0.02687	0.01964	0.02119	0.01677	0.02242	0.02175	0.01368	0.48387	0.17938	0.08140	0.02176	0.02094	0.01557	0.00939	0.00762	0.00235	0.00771	0.00727	0.00772	0.01270
181	0.01065	0.00775	0.01002	0.00945	0.01128	0.00712	0.00709	0.01414	0.02126	0.02992	0.65196	0.05747	0.10204	0.01569	0.00895	0.00239	0.00359	0.01383	0.00828	0.00712
182	0.01129	0.00849	0.01248	0.01238	0.01371	0.00998	0.00972	0.01401	0.01250	0.01827	0.02071	0.03104	0.01942	0.05160	0.61868	0.01104	0.05113	0.02947	0.03722	0.00686
183	0.03188	0.01636	0.01974	0.01513	0.02108	0.01627	0.01250	0.29507	0.02748	0.42511	0.02508	0.02267	0.01634	0.00927	0.00761	0.00232	0.00724	0.00730	0.00864	0.01290
184	0.01512	0.01430	0.02419	0.59527	0.16594	0.01706	0.02146	0.02008	0.01554	0.02035	0.01362	0.01996	0.01045	0.00744	0.00757	0.00248	0.00991	0.00674	0.00344	0.00907
185	0.01318	0.00659	0.00988	0.00988	0.00988	0.00659	0.00659	0.00988	0.00988	0.01318	0.01318	0.02306	0.01318	0.02635	0.02964	0.77931	0.00659	0.00659	0.00329	0.00329
186	0.01432	0.01348	0.02275	0.71520	0.05224	0.01685	0.02107	0.01938	0.01517	0.01938	0.01348	0.02022	0.01011	0.00758	0.00758	0.00253	0.01011	0.00674	0.00337	0.00843
187	0.01084	0.00813	0.01219	0.01219	0.01354	0.00948	0.00948	0.01354	0.01219	0.01761	0.02032	0.02980	0.01896	0.05689	0.70337	0.01219	0.02032	0.00813	0.00406	0.00677
188	0.02835	0.03564	0.02154	0.01947	0.02345	0.67973	0.01465	0.05187	0.02198	0.01956	0.01195	0.01383	0.00988	0.00786	0.00686	0.00197	0.01350	0.00495	0.00403	0.00893
189	0.01894	0.01779	0.02843	0.06841	0.45418	0.01844	0.06584	0.05287	0.14570	0.02681	0.01771	0.02079	0.01410	0.00756	0.00766	0.00235	0.00872	0.00727	0.00467	0.01176

[dist]
# distance from previous block
# <min> <max>
1	2

[block]
# block no. 1 follows, 26 sequences, length 88
# corresponding to MSA columns:
# 244-331
name=unknown_B
#
# <colnr> <probs for GDERKNQSTAVLIFYWHMCP>
#	G	D	E	R	K	N	Q	S	T	A	V	L	I	F	Y	W	H	M	C	P
0	0.12092	0.33738	0.05408	0.01556	0.02097	0.29781	0.01363	0.02575	0.01756	0.02043	0.01114	0.01294	0.00955	0.00712	0.00573	0.00188	0.01018	0.00445	0.00369	0.00922
1	0.01224	0.00864	0.01077	0.01013	0.01229	0.00822	0.00769	0.01685	0.07001	0.05638	0.49262	0.05582	0.12118	0.04306	0.01001	0.00266	0.00421	0.04160	0.00801	0.00759
2	0.02372	0.40726	0.03061	0.01449	0.02047	0.13197	0.01293	0.10405	0.01957	0.09329	0.01395	0.01486	0.01120	0.00726	0.00586	0.00179	0.00866	0.00494	0.00463	0.06849
3	0.01103	0.00735	0.00827	0.00827	0.00827	0.00735	0.00460	0.01103	0.01103	0.01471	0.02390	0.04964	0.02758	0.73343	0.03861	0.00735	0.00735	0.01103	0.00460	0.00460
4	0.02070	0.70168	0.03880	0.01332	0.01967	0.06483	0.01307	0.02310	0.01573	0.01788	0.01061	0.01225	0.00974	0.00656	0.00497	0.00164	0.00840	0.00410	0.00328	0.00969
5	0.08991	0.01484	0.04541	0.01403	0.01961	0.01349	0.01192	0.05635	0.12809	0.45441	0.02784	0.02678	0.01903	0.00969	0.00750	0.00243	0.00662	0.03165	0.00832	0.01208
6	0.02993	0.01232	0.01641	0.01294	0.01818	0.01090	0.01056	0.03373	0.05126	0.56604	0.09832	0.03103	0.05194	0.01046	0.00782	0.00237	0.00603	0.00864	0.00911	0.01201
7	0.01318	0.00659	0.00988	0.00988	0.00988	0.00659	0.00659	0.00988	0.00988	0.01318	0.01318	0.02306	0.01318	0.02635	0.02964	0.77931	0.00659	0.00659	0.00329	0.00329
8	0.01934	0.01924	0.02980	0.06821	0.61343	0.06989	0.02255	0.02367	0.01752	0.02412	0.01405	0.01844	0.01178	0.00687	0.00746	0.00224	0.00940	0.00662	0.00375	0.01164
9	0.01781	0.01188	0.01251	0.01129	0.01450	0.01297	0.00877	0.07578	0.26798	0.05638	0.02678	0.02743	0.02034	0.00943	0.00649	0.00214	0.00495	0.00765	0.39530	0.00962
10	0.01173	0.00801	0.01023	0.00953	0.01162	0.00727	0.00720	0.01508	0.02099	0.06344	0.57659	0.05700	0.14135	0.01563	0.00888	0.00240	0.00376	0.01367	0.00825	0.00737
11	0.01798	0.01721	0.02936	0.16571	0.57315	0.01781	0.02288	0.02258	0.01690	0.02382	0.01413	0.01903	0.01168	0.00691	0.00752	0.00230	0.00921	0.00676	0.00369	0.01138
12	0.01907	0.43574	0.28653	0.01628	0.02452	0.02434	0.01858	0.02395	0.01597	0.05503	0.01271	0.01433	0.01015	0.00691	0.00590	0.00196	0.00920	0.00483	0.00355	0.01046
13	0.01949	0.01600	0.01701	0.01513	0.01948	0.01823	0.01182	0.06300	0.59491	0.05930	0.03216	0.02957	0.04863	0.01056	0.00776	0.00255	0.00603	0.00876	0.00776	0.01186
14	0.00909	0.00769	0.00786	0.00782	0.01032	0.00646	0.00586	0.01113	0.01759	0.02120	0.12022	0.07183	0.63921	0.01894	0.00896	0.00255	0.00382	0.01584	0.00714	0.00646
15	0.00912	0.00769	0.00790	0.00784	0.01034	0.00647	0.00588	0.01118	0.01765	0.02135	0.12916	0.07159	0.63018	0.01889	0.00896	0.00255	0.00382	0.01581	0.00716	0.00647
16	0.01542	0.03782	0.64518	0.02240	0.03334	0.01773	0.07556	0.02404	0.01616	0.02404	0.01374	0.01635	0.00975	0.00715	0.00734	0.00241	0.01133	0.00586	0.00325	0.01114
17	0.01861	0.01770	0.02929	0.06955	0.60356	0.01805	0.02221	0.02462	0.07439	0.02518	0.01569	0.01966	0.01291	0.00710	0.00753	0.00229	0.00879	0.00692	0.00409	0.01188
18	0.01103	0.00735	0.00827	0.00827	0.00827	0.00735	0.00460	0.01103	0.01103	0.01471	0.02390	0.04964	0.02758	0.73343	0.03861	0.00735	0.00735	0.01103	0.00460	0.00460
19	0.05901	0.01340	0.01765	0.01358	0.01942	0.01199	0.01122	0.06875	0.02214	0.63603	0.02867	0.02497	0.01812	0.00929	0.00753	0.00234	0.00653	0.00747	0.00914	0.01275
20	0.78701	0.01467	0.01115	0.00997	0.01467	0.01702	0.00821	0.02230	0.01291	0.03403	0.01056	0.01232	0.00821	0.00704	0.00469	0.00235	0.00587	0.00411	0.00469	0.00821
21	0.01643	0.01346	0.01580	0.01132	0.01803	0.01015	0.00907	0.01979	0.01596	0.05032	0.01411	0.01612	0.01152	0.00576	0.00569	0.00117	0.00565	0.00461	0.00468	0.75035
22	0.01086	0.00802	0.01167	0.01167	0.01284	0.00920	0.00883	0.01321	0.01204	0.01722	0.02079	0.03243	0.02011	0.14670	0.61512	0.01155	0.01860	0.00851	0.00413	0.00648
23	0.06659	0.64383	0.03685	0.01320	0.01934	0.02876	0.01287	0.04611	0.01588	0.01994	0.01081	0.01255	0.00977	0.00685	0.00563	0.00175	0.03183	0.00425	0.00349	0.00971
24	0.01532	0.01421	0.02344	0.50403	0.09197	0.01705	0.05153	0.04210	0.01591	0.02124	0.01497	0.04646	0.01222	0.00860	0.00897	0.00256	0.06364	0.00741	0.02959	0.00880
25	0.78701	0.01467	0.01115	0.00997	0.01467	0.01702	0.00821	0.02230	0.01291	0.03403	0.01056	0.01232	0.00821	0.00704	0.00469	0.00235	0.00587	0.00411	0.00469	0.00821
26	0.01576	0.03589	0.58743	0.02513	0.11549	0.01772	0.04978	0.02394	0.01624	0.02413	0.01376	0.01652	0.00998	0.00712	0.00731	0.00239	0.01099	0.00587	0.00329	0.01128
27	0.01092	0.00778	0.01044	0.01044	0.01119	0.00853	0.00730	0.01242	0.01167	0.01631	0.02191	0.03865	0.02280	0.35865	0.40687	0.01003	0.01453	0.00942	0.00430	0.00580
28	0.02883	0.02125	0.02276	0.01745	0.02352	0.02352	0.01442	0.66082	0.03566	0.04780	0.01821	0.01821	0.01290	0.00911	0.00759	0.00228	0.00835	0.00683	0.00759	0.01290
29	0.01583	0.01380	0.01706	0.01218	0.01897	0.01053	0.03869	0.01934	0.01583	0.02470	0.01357	0.01594	0.01125	0.00565	0.00577	0.00119	0.00595	0.00470	0.00446	0.74461
30	0.02883	0.02125	0.02276	0.01745	0.02352	0.02352	0.01442	0.66082	0.03566	0.04780	0.01821	0.01821	0.01290	0.00911	0.00759	0.00228	0.00835	0.00683	0.00759	0.01290
31	0.01074	0.00775	0.01014	0.00954	0.01133	0.00716	0.00716	0.01431	0.02147	0.03042	0.68211	0.05666	0.07157	0.01551	0.00895	0.00239	0.00358	0.01372	0.00835	0.00716
32	0.01790	0.02046	0.04476	0.03197	0.03964	0.01918	0.65857	0.02430	0.01790	0.02430	0.01535	0.02046	0.01151	0.00639	0.00895	0.00256	0.01279	0.00895	0.00384	0.01023
33	0.01877	0.01802	0.03079	0.04656	0.68612	0.01802	0.02328	0.02328	0.01727	0.02478	0.01427	0.01877	0.01201	0.00676	0.00751	0.00225	0.00901	0.00676	0.00375	0.01201
34	0.01887	0.01629	0.01715	0.01544	0.01972	0.01887	0.01201	0.04031	0.67241	0.03173	0.03087	0.02830	0.02315	0.01029	0.00772	0.00257	0.00600	0.00858	0.00772	0.01201
35	0.00923	0.00664	0.00876	0.01045	0.01097	0.00617	0.00699	0.01057	0.01463	0.01941	0.04319	0.70260	0.07515	0.02358	0.00965	0.00306	0.00438	0.02134	0.00704	0.00617
36	0.01084	0.00813	0.01219	0.01219	0.01354	0.00948	0.00948	0.01354	0.01219	0.01761	0.02032	0.02980	0.01896	0.05689	0.70337	0.01219	0.02032	0.00813	0.00406	0.00677
37	0.01795	0.41706	0.34030	0.01695	0.02560	0.02432	0.01989	0.02331	0.01569	0.02068	0.01195	0.01393	0.00968	0.00682	0.00594	0.00198	0.00953	0.00477	0.00323	0.01041
38	0.02142	0.01714	0.01828	0.01576	0.02046	0.01949	0.01245	0.16261	0.52176	0.06026	0.02834	0.02621	0.02096	0.01002	0.00769	0.00251	0.00648	0.00819	0.00776	0.01222
39	0.01790	0.02046	0.04476	0.03197	0.03964	0.01918	0.65857	0.02430	0.01790	0.02430	0.01535	0.02046	0.01151	0.00639	0.00895	0.00256	0.01279	0.00895	0.00384	0.01023
40	0.01050	0.00767	0.01001	0.03456	0.01255	0.00722	0.00746	0.01349	0.01920	0.02673	0.44916	0.20630	0.10943	0.01716	0.00895	0.00254	0.00401	0.01520	0.03094	0.00692
41	0.00933	0.00676	0.00884	0.01046	0.01111	0.00627	0.00713	0.01077	0.01484	0.01957	0.04440	0.65610	0.09790	0.02332	0.00966	0.00306	0.00445	0.04281	0.00704	0.00621
42	0.01127	0.00791	0.01008	0.00944	0.01146	0.00719	0.00711	0.01462	0.02096	0.05068	0.58531	0.05770	0.14621	0.01577	0.00891	0.00241	0.00370	0.01381	0.00822	0.00725
43	0.00932	0.00664	0.00878	0.01046	0.01088	0.00622	0.00693	0.01058	0.01436	0.01915	0.04099	0.69744	0.04913	0.05622	0.01100	0.00328	0.00454	0.02108	0.00693	0.00609
44	0.04145	0.43350	0.12576	0.01655	0.02350	0.05171	0.07327	0.07857	0.05052	0.02299	0.01312	0.01483	0.01078	0.00706	0.00600	0.00195	0.00902	0.00521	0.00395	0.01029
45	0.01432	0.01348	0.02275	0.71520	0.05224	0.01685	0.02107	0.01938	0.01517	0.01938	0.01348	0.02022	0.01011	0.00758	0.00758	0.00253	0.01011	0.00674	0.00337	0.00843
46	0.01033	0.00807	0.01075	0.01021	0.01219	0.00730	0.03416	0.01322	0.01906	0.02575	0.39105	0.17847	0.21612	0.01750	0.00908	0.00256	0.00418	0.01548	0.00761	0.00692
47	0.01550	0.01324	0.01548	0.01121	0.01773	0.00997	0.00892	0.01880	0.01569	0.02453	0.01449	0.04098	0.01261	0.00626	0.00576	0.00119	0.00557	0.00510	0.00458	0.75239
48	0.01552	0.03707	0.61938	0.02281	0.03361	0.01780	0.10061	0.02405	0.01623	0.02405	0.01381	0.01653	0.00983	0.00711	0.00741	0.00242	0.01139	0.00599	0.00328	0.01110
49	0.01066	0.00775	0.01004	0.00946	0.01129	0.00713	0.00710	0.01417	0.02130	0.03000	0.65668	0.05735	0.09726	0.01566	0.00895	0.00239	0.00359	0.01381	0.00829	0.00713
50	0.01705	0.29303	0.45646	0.01848	0.02798	0.02212	0.02256	0.02355	0.01580	0.02178	0.01250	0.01462	0.00965	0.00695	0.00636	0.00212	0.01008	0.00504	0.00322	0.01067
