[name]
unknown

[dist]
# distance from previous block
# <min> <max>
7	61

[block]
# block no. 0 follows, 23 sequences, length 90
# corresponding to MSA columns:
# 61-150
name=unknown_A
#
# <colnr> <probs for GDERKNQSTAVLIFYWHMCP>
#	G	D	E	R	K	N	Q	S	T	A	V	L	I	F	Y	W	H	M	C	P
0	0.09260	0.04657	0.06875	0.01469	0.02052	0.04040	0.01281	0.10214	0.08340	0.17021	0.07990	0.02982	0.05494	0.01047	0.00768	0.00235	0.00728	0.02934	0.00711	0.11901
1	0.01967	0.15028	0.07339	0.07856	0.23178	0.05000	0.01837	0.07650	0.05012	0.02740	0.10166	0.04707	0.02237	0.00956	0.00776	0.00237	0.00880	0.00812	0.00517	0.01108
2	0.02286	0.01933	0.02092	0.01775	0.05601	0.08030	0.01348	0.19208	0.04605	0.05901	0.05004	0.02079	0.01639	0.00898	0.00912	0.00209	0.07323	0.00668	0.00605	0.27881
3	0.05722	0.01653	0.07949	0.08551	0.02397	0.01419	0.01379	0.07503	0.06635	0.24737	0.09129	0.02770	0.02289	0.00985	0.00774	0.00239	0.00724	0.00805	0.06649	0.07691
4	0.05291	0.42026	0.25792	0.01871	0.05745	0.02629	0.01975	0.02479	0.01669	0.02250	0.01261	0.01479	0.01042	0.00725	0.00620	0.00209	0.00976	0.00506	0.00355	0.01101
5	0.01388	0.01120	0.01539	0.04040	0.11217	0.01085	0.01147	0.04828	0.04252	0.02434	0.03405	0.44121	0.03814	0.01851	0.00923	0.00284	0.00608	0.01670	0.00662	0.09614
6	0.01160	0.00778	0.00891	0.00911	0.00916	0.00773	0.00519	0.01175	0.01219	0.01625	0.02757	0.12169	0.03203	0.64280	0.03807	0.00739	0.00754	0.01298	0.00519	0.00509
7	0.01788	0.03036	0.34070	0.07801	0.08260	0.02006	0.16774	0.04902	0.01799	0.02584	0.01483	0.01895	0.01116	0.00824	0.01012	0.00270	0.08144	0.00717	0.00384	0.01134
8	0.02040	0.40070	0.24535	0.01748	0.02559	0.09298	0.01908	0.02522	0.01762	0.02186	0.03811	0.01641	0.01299	0.00772	0.00641	0.00208	0.01018	0.00538	0.00374	0.01072
9	0.01003	0.00717	0.00954	0.01120	0.01180	0.00668	0.00754	0.01165	0.01618	0.02174	0.09835	0.65297	0.05566	0.02465	0.01029	0.00323	0.00463	0.02234	0.00765	0.00668
10	0.01294	0.00709	0.01002	0.01057	0.01084	0.00695	0.00709	0.01138	0.01248	0.01719	0.02394	0.22547	0.02615	0.02604	0.02360	0.48684	0.00613	0.01177	0.05879	0.00471
11	0.07024	0.05244	0.02605	0.22573	0.17055	0.05175	0.06093	0.07273	0.05403	0.02717	0.04360	0.02730	0.01761	0.00950	0.00811	0.00261	0.00960	0.05460	0.00498	0.01046
12	0.01969	0.01852	0.03647	0.24006	0.04352	0.01901	0.35123	0.02548	0.01838	0.09134	0.01718	0.02224	0.01258	0.00788	0.00967	0.00274	0.04033	0.00858	0.00454	0.01055
13	0.01018	0.00728	0.00971	0.01133	0.01201	0.00681	0.00777	0.01194	0.01644	0.02209	0.10893	0.61717	0.05578	0.02438	0.01031	0.00324	0.00473	0.04551	0.00768	0.00674
14	0.24420	0.01612	0.02294	0.31430	0.20885	0.01842	0.01904	0.02280	0.01611	0.02701	0.01371	0.01867	0.01076	0.00770	0.00716	0.00257	0.00913	0.00637	0.00414	0.00999
15	0.01742	0.19334	0.46965	0.02096	0.03116	0.02142	0.05395	0.02492	0.01735	0.02453	0.04358	0.01842	0.01345	0.00790	0.00731	0.00239	0.01094	0.00619	0.00372	0.01138
16	0.01536	0.00870	0.00917	0.00899	0.01108	0.00887	0.00673	0.04459	0.05201	0.03050	0.05974	0.09654	0.02665	0.01144	0.00655	0.00213	0.00423	0.00948	0.57923	0.00801
17	0.01782	0.01795	0.02594	0.02191	0.02230	0.02465	0.04697	0.01983	0.01275	0.01983	0.01092	0.01795	0.01073	0.01385	0.02582	0.00351	0.66748	0.00722	0.00358	0.00897
18	0.01994	0.31421	0.04318	0.06052	0.03298	0.02547	0.30937	0.02466	0.01753	0.02248	0.01386	0.01794	0.01135	0.00733	0.00854	0.00236	0.04687	0.00712	0.00378	0.01051
19	0.08087	0.05394	0.05406	0.02090	0.06781	0.26857	0.01605	0.15195	0.11765	0.03009	0.01703	0.01842	0.01330	0.00911	0.00843	0.00240	0.04636	0.00641	0.00553	0.01112
20	0.07873	0.01694	0.09441	0.01486	0.02087	0.01365	0.01334	0.03376	0.10504	0.37250	0.12053	0.03057	0.02704	0.01068	0.00811	0.00256	0.00695	0.00873	0.00852	0.01222
21	0.01056	0.00762	0.00987	0.01062	0.01173	0.00706	0.00739	0.01285	0.01832	0.02501	0.27744	0.40360	0.09258	0.05231	0.01139	0.00319	0.00449	0.01910	0.00794	0.00693
22	0.05804	0.02157	0.04602	0.03298	0.04103	0.02040	0.60242	0.02588	0.01888	0.02653	0.01615	0.02144	0.01213	0.00688	0.00934	0.00272	0.01330	0.00931	0.00415	0.01083
23	0.22656	0.03235	0.43352	0.01889	0.02826	0.01837	0.02249	0.04764	0.01727	0.02995	0.04442	0.01818	0.01314	0.00816	0.00707	0.00255	0.00990	0.00601	0.00431	0.01096
24	0.01004	0.00717	0.00956	0.01129	0.01179	0.00680	0.00756	0.01146	0.01528	0.02044	0.04296	0.65410	0.05124	0.05255	0.04242	0.00391	0.00561	0.02199	0.00729	0.00656
25	0.01761	0.03262	0.38172	0.02828	0.03851	0.01962	0.31167	0.02583	0.01807	0.02583	0.01543	0.01935	0.01123	0.00730	0.00858	0.00265	0.01278	0.00766	0.00374	0.01150
26	0.05941	0.01755	0.06407	0.01560	0.02201	0.01553	0.01355	0.15205	0.06700	0.41463	0.02969	0.02698	0.04357	0.01021	0.00807	0.00253	0.00748	0.00813	0.00881	0.01315
27	0.02008	0.01928	0.03294	0.04981	0.66422	0.01928	0.02490	0.02490	0.01848	0.02651	0.01526	0.02008	0.01285	0.00723	0.00803	0.00241	0.00964	0.00723	0.00402	0.01285
28	0.01098	0.00827	0.01015	0.00968	0.01181	0.00744	0.00726	0.01433	0.02177	0.02971	0.50576	0.06528	0.23251	0.01765	0.00958	0.00260	0.00390	0.01533	0.00856	0.00744
29	0.02755	0.02243	0.02066	0.01706	0.02229	0.15119	0.01359	0.29768	0.11802	0.10076	0.02512	0.02475	0.05056	0.01024	0.00789	0.00240	0.00889	0.00779	0.05912	0.01199
30	0.02007	0.01969	0.03156	0.11645	0.56984	0.05056	0.02422	0.02482	0.01845	0.02559	0.01505	0.01999	0.01252	0.00738	0.00801	0.00243	0.01000	0.00713	0.00398	0.01229
31	0.00989	0.00706	0.00942	0.01130	0.01177	0.00659	0.00753	0.01130	0.01554	0.02071	0.04472	0.70954	0.05367	0.02542	0.01036	0.00330	0.00471	0.02307	0.00753	0.00659
32	0.02008	0.01928	0.03294	0.04981	0.66422	0.01928	0.02490	0.02490	0.01848	0.02651	0.01526	0.02008	0.01285	0.00723	0.00803	0.00241	0.00964	0.00723	0.00402	0.01285
33	0.02055	0.02017	0.03248	0.04848	0.63482	0.04977	0.02448	0.02525	0.01868	0.02620	0.01514	0.01983	0.01274	0.00728	0.00800	0.00240	0.00987	0.00714	0.00402	0.01269
34	0.01797	0.25362	0.47597	0.02024	0.03066	0.02299	0.02495	0.02526	0.01693	0.02363	0.01354	0.01585	0.01032	0.00747	0.00693	0.00231	0.01096	0.00548	0.00344	0.01150
35	0.01532	0.01442	0.02434	0.69533	0.05589	0.01803	0.02253	0.02073	0.01622	0.02073	0.01442	0.02163	0.01082	0.00811	0.00811	0.00270	0.01082	0.00721	0.00361	0.00901
36	0.01498	0.00834	0.00960	0.08068	0.01461	0.00879	0.00767	0.01889	0.01674	0.02870	0.02497	0.02942	0.01972	0.01175	0.03800	0.00250	0.00538	0.00758	0.64398	0.00770
37	0.00989	0.00706	0.00942	0.01130	0.01177	0.00659	0.00753	0.01130	0.01554	0.02071	0.04472	0.70954	0.05367	0.02542	0.01036	0.00330	0.00471	0.02307	0.00753	0.00659
38	0.02169	0.71972	0.04252	0.01388	0.02083	0.03211	0.01388	0.02430	0.01649	0.01909	0.01128	0.01302	0.01041	0.00694	0.00521	0.00174	0.00868	0.00434	0.00347	0.01041
39	0.03641	0.01381	0.01883	0.01444	0.02071	0.01193	0.01193	0.03954	0.02322	0.66984	0.03201	0.02762	0.02009	0.01004	0.00816	0.00251	0.00690	0.00816	0.01004	0.01381
40	0.01895	0.02327	0.09077	0.03344	0.04191	0.02040	0.59323	0.02597	0.01901	0.02597	0.01629	0.02156	0.01217	0.00690	0.00945	0.00272	0.01356	0.00933	0.00406	0.01102
41	0.01854	0.01678	0.02671	0.43426	0.22013	0.01925	0.02232	0.09731	0.01953	0.02605	0.01527	0.02094	0.01174	0.00807	0.00809	0.00259	0.01026	0.00723	0.00427	0.01066
42	0.00989	0.00706	0.00942	0.01130	0.01177	0.00659	0.00753	0.01130	0.01554	0.02071	0.04472	0.70954	0.05367	0.02542	0.01036	0.00330	0.00471	0.02307	0.00753	0.00659
43	0.08299	0.03725	0.53688	0.02256	0.03338	0.01925	0.06885	0.05908	0.01813	0.02804	0.01467	0.01724	0.01048	0.00775	0.00763	0.00257	0.01144	0.00617	0.00387	0.01174
44	0.01347	0.02130	0.25757	0.01630	0.02210	0.01232	0.04702	0.01926	0.01983	0.02843	0.32394	0.11134	0.04641	0.01375	0.00896	0.00265	0.00743	0.01210	0.00651	0.00931
45	0.01180	0.00787	0.00885	0.00885	0.00885	0.00787	0.00492	0.01180	0.01180	0.01573	0.02557	0.05310	0.02950	0.71483	0.04130	0.00787	0.00787	0.01180	0.00492	0.00492
46	0.01254	0.01001	0.01451	0.01397	0.01509	0.01220	0.01089	0.01505	0.01285	0.01870	0.02035	0.03137	0.01954	0.10435	0.53345	0.01120	0.12365	0.00869	0.00427	0.00731
47	0.02847	0.02934	0.02247	0.01926	0.02415	0.34859	0.01501	0.24302	0.09569	0.03221	0.01763	0.01887	0.01366	0.01173	0.04120	0.00283	0.01211	0.00655	0.00600	0.01120
48	0.01715	0.01635	0.02738	0.42337	0.26620	0.01893	0.02303	0.02211	0.01675	0.02267	0.01446	0.02082	0.01152	0.00822	0.00936	0.00266	0.05771	0.00721	0.00375	0.01035
49	0.02895	0.03620	0.02290	0.02072	0.02463	0.60477	0.01569	0.03201	0.05193	0.02050	0.01338	0.01559	0.01114	0.00890	0.00872	0.00222	0.06233	0.00554	0.00433	0.00953
50	0.01909	0.02172	0.04694	0.03367	0.04154	0.02070	0.60951	0.02573	0.01888	0.02573	0.01618	0.02172	0.01224	0.00714	0.01027	0.00277	0.04175	0.00947	0.00408	0.01086
51	0.01825	0.02203	0.08690	0.03118	0.03867	0.01970	0.51681	0.02462	0.01840	0.02526	0.01789	0.06804	0.01489	0.00857	0.01044	0.00281	0.05058	0.01011	0.00426	0.01061
52	0.00989	0.00706	0.00942	0.01130	0.01177	0.00659	0.00753	0.01130	0.01554	0.02071	0.04472	0.70954	0.05367	0.02542	0.01036	0.00330	0.00471	0.02307	0.00753	0.00659
53	0.01808	0.01724	0.02933	0.32079	0.40885	0.01875	0.02391	0.02315	0.01753	0.02408	0.01491	0.02073	0.01200	0.00760	0.00807	0.00253	0.01013	0.00722	0.00384	0.01124
54	0.01627	0.04197	0.67279	0.02313	0.03512	0.01884	0.02998	0.02570	0.01713	0.02570	0.01456	0.01713	0.01028	0.00771	0.00771	0.00257	0.01199	0.00600	0.00343	0.01199
55	0.01849	0.02304	0.10633	0.07747	0.04096	0.02052	0.48445	0.02509	0.01822	0.02509	0.01564	0.02108	0.01188	0.00759	0.01063	0.00278	0.06714	0.00887	0.00396	0.01075
56	0.02485	0.02929	0.03156	0.02520	0.03061	0.33503	0.23206	0.05236	0.06448	0.02410	0.01543	0.01864	0.01222	0.00847	0.00956	0.00248	0.06161	0.00723	0.00454	0.01031
57	0.01983	0.01895	0.03193	0.08324	0.60756	0.01925	0.02433	0.02536	0.04189	0.02648	0.01588	0.02055	0.01319	0.00742	0.00805	0.00244	0.00958	0.00730	0.00415	0.01265
58	0.02362	0.01670	0.01853	0.01676	0.05050	0.03890	0.01260	0.13011	0.26414	0.16076	0.05963	0.03493	0.11299	0.01191	0.00841	0.00261	0.00692	0.00978	0.00818	0.01203
59	0.01039	0.00787	0.01152	0.01255	0.01345	0.00735	0.04192	0.01210	0.01573	0.02100	0.04317	0.67183	0.05140	0.02440	0.01031	0.00326	0.00520	0.02233	0.00734	0.00683
60	0.01887	0.02127	0.04543	0.06905	0.04204	0.02061	0.57000	0.02538	0.01865	0.02538	0.01601	0.02166	0.01215	0.00729	0.01038	0.00278	0.04897	0.00932	0.00405	0.01073
61	0.01968	0.46738	0.27718	0.01733	0.02615	0.02717	0.01988	0.02482	0.01673	0.02155	0.01250	0.01455	0.01036	0.00723	0.00614	0.00205	0.00991	0.00496	0.00345	0.01100
62	0.02643	0.04416	0.02231	0.02046	0.08938	0.11919	0.01475	0.12183	0.25924	0.15794	0.02526	0.02424	0.01843	0.00971	0.00795	0.00249	0.00852	0.00775	0.00737	0.01257
63	0.01286	0.01109	0.01113	0.01054	0.01324	0.05449	0.00804	0.04560	0.02137	0.02707	0.27787	0.06507	0.35653	0.01783	0.00941	0.00265	0.00508	0.03461	0.00783	0.00768
64	0.05406	0.01999	0.02414	0.12510	0.15614	0.05492	0.01740	0.27588	0.07066	0.05741	0.02154	0.02323	0.04442	0.00945	0.00802	0.00249	0.00907	0.00768	0.00634	0.01207
65	0.07303	0.01090	0.01665	0.01492	0.01718	0.01090	0.10713	0.01580	0.01686	0.02448	0.14805	0.33273	0.04355	0.08148	0.01324	0.00343	0.03932	0.01611	0.00662	0.00761
66	0.00989	0.00706	0.00942	0.01130	0.01177	0.00659	0.00753	0.01130	0.01554	0.02071	0.04472	0.70954	0.05367	0.02542	0.01036	0.00330	0.00471	0.02307	0.00753	0.00659
67	0.01664	0.03982	0.61222	0.02565	0.09467	0.01889	0.02950	0.02562	0.01726	0.02577	0.01463	0.01741	0.01052	0.00766	0.00774	0.00255	0.01177	0.00611	0.00348	0.01207
68	0.01893	0.37364	0.36436	0.01860	0.02812	0.02533	0.02210	0.02501	0.01682	0.02246	0.01296	0.01512	0.01034	0.00733	0.00648	0.00216	0.01037	0.00518	0.00345	0.01122
69	0.01532	0.01442	0.02434	0.69533	0.05589	0.01803	0.02253	0.02073	0.01622	0.02073	0.01442	0.02163	0.01082	0.00811	0.00811	0.00270	0.01082	0.00721	0.00361	0.00901
70	0.01002	0.00717	0.00954	0.01120	0.01180	0.00668	0.00754	0.01165	0.01618	0.02174	0.09802	0.65332	0.05565	0.02466	0.01029	0.00323	0.00463	0.02234	0.00765	0.00668
71	0.05634	0.01520	0.02590	0.59597	0.05245	0.01827	0.07975	0.02140	0.01637	0.02207	0.01444	0.02120	0.01085	0.00796	0.00808	0.00270	0.01084	0.00728	0.00373	0.00918
72	0.02999	0.01811	0.07479	0.01593	0.02240	0.01575	0.01395	0.15585	0.08916	0.37157	0.05630	0.02645	0.02075	0.01002	0.00810	0.00247	0.00751	0.00807	0.00865	0.04418
73	0.56682	0.01594	0.01529	0.04657	0.06310	0.01781	0.01119	0.05089	0.01636	0.11077	0.01451	0.01603	0.01071	0.00793	0.00587	0.00251	0.00691	0.00529	0.00561	0.00988
74	0.09138	0.02613	0.32899	0.01705	0.02484	0.01448	0.01883	0.02128	0.01638	0.02583	0.02086	0.16944	0.02005	0.01126	0.00768	0.00245	0.00862	0.00936	0.00477	0.16033
75	0.01513	0.00783	0.00823	0.03474	0.01129	0.00798	0.00634	0.01898	0.01699	0.02988	0.02599	0.02991	0.02040	0.00940	0.00577	0.00192	0.00406	0.00755	0.73000	0.00762
76	0.02248	0.61060	0.06823	0.01494	0.02195	0.06094	0.01478	0.06680	0.01830	0.02162	0.01205	0.01372	0.01064	0.00723	0.00561	0.00184	0.00912	0.00466	0.00382	0.01067
77	0.04713	0.01553	0.02571	0.51909	0.04820	0.01921	0.06830	0.02109	0.01580	0.02161	0.01390	0.02074	0.01082	0.00887	0.01077	0.00282	0.11031	0.00726	0.00369	0.00913
78	0.01513	0.00756	0.00756	0.00756	0.00945	0.00756	0.00567	0.01891	0.01702	0.03025	0.02647	0.03025	0.02080	0.00945	0.00567	0.00189	0.00378	0.00756	0.75988	0.00756
79	0.03007	0.01774	0.02045	0.01747	0.05057	0.05244	0.01344	0.17368	0.13139	0.32579	0.05996	0.02688	0.02152	0.01026	0.00819	0.00251	0.00766	0.00827	0.00866	0.01305
80	0.01294	0.01290	0.07417	0.01203	0.01548	0.01053	0.01029	0.01995	0.12004	0.03004	0.38753	0.05514	0.17620	0.01564	0.00919	0.00262	0.00506	0.01347	0.00803	0.00872
81	0.01424	0.01127	0.01425	0.04583	0.05239	0.01191	0.01090	0.05083	0.15675	0.02544	0.03707	0.40001	0.03984	0.04678	0.01082	0.00326	0.00610	0.04632	0.00725	0.00876
82	0.05213	0.03481	0.50092	0.02471	0.11107	0.01785	0.02631	0.02456	0.01767	0.02693	0.07323	0.02127	0.01656	0.00845	0.00779	0.00255	0.01068	0.00686	0.00408	0.01155
83	0.01724	0.06651	0.49657	0.04974	0.16044	0.01949	0.02802	0.02532	0.01734	0.02541	0.01455	0.01768	0.01081	0.00759	0.00768	0.00251	0.01134	0.00621	0.00355	0.01200
84	0.02153	0.08619	0.06400	0.02877	0.14002	0.13641	0.17479	0.05233	0.01872	0.02409	0.01387	0.01829	0.01152	0.00897	0.01214	0.00264	0.16383	0.00714	0.00407	0.01068
85	0.01189	0.00815	0.01064	0.01194	0.01340	0.00761	0.00901	0.01410	0.01718	0.05110	0.04945	0.41588	0.14386	0.02317	0.01037	0.00329	0.00546	0.17867	0.00763	0.00719
86	0.01938	0.01856	0.03166	0.14538	0.57415	0.01909	0.02455	0.02429	0.01814	0.02565	0.01514	0.02031	0.01255	0.00736	0.00804	0.00245	0.00981	0.00723	0.00396	0.01228
87	0.02394	0.02344	0.02698	0.03330	0.32844	0.16129	0.01937	0.15359	0.05483	0.03032	0.02003	0.02242	0.04794	0.00889	0.00799	0.00238	0.01010	0.00745	0.00530	0.01199
88	0.02316	0.04583	0.02387	0.02525	0.19339	0.07727	0.01623	0.15675	0.15397	0.06115	0.02378	0.02486	0.04467	0.00973	0.00846	0.00245	0.03133	0.00787	0.05804	0.01194
89	0.01938	0.02427	0.09865	0.05192	0.03780	0.08891	0.43278	0.02540	0.01877	0.02457	0.01696	0.05600	0.01394	0.00843	0.00997	0.00272	0.04557	0.00929	0.00418	0.01049

[dist]
# distance from previous block
# <min> <max>
1	8

[block]
# block no. 1 follows, 23 sequences, length 33
# corresponding to MSA columns:
# 159-191
name=unknown_B
#
# <colnr> <probs for GDERKNQSTAVLIFYWHMCP>
#	G	D	E	R	K	N	Q	S	T	A	V	L	I	F	Y	W	H	M	C	P
0	0.01943	0.02178	0.04147	0.05976	0.05967	0.05769	0.45941	0.02510	0.01819	0.02446	0.01519	0.02078	0.01191	0.00812	0.01196	0.00281	0.11898	0.00878	0.00400	0.01052
1	0.02848	0.09380	0.02489	0.02022	0.02439	0.53301	0.01570	0.06299	0.02231	0.02144	0.01264	0.01503	0.01065	0.00884	0.00891	0.00221	0.07511	0.00543	0.00428	0.00968
2	0.01363	0.01179	0.05034	0.07546	0.02053	0.01056	0.05528	0.01778	0.05488	0.05697	0.03689	0.44002	0.04055	0.01970	0.00978	0.00312	0.00670	0.06089	0.00689	0.00823
3	0.02080	0.04872	0.02608	0.21244	0.03363	0.04507	0.09384	0.20150	0.02265	0.02980	0.01844	0.07050	0.01598	0.05282	0.01187	0.00299	0.06848	0.00872	0.00536	0.01030
4	0.01074	0.00792	0.01012	0.01121	0.01230	0.00754	0.00777	0.01381	0.05113	0.02380	0.16664	0.51489	0.08633	0.02268	0.01005	0.00309	0.00460	0.02038	0.00785	0.00715
5	0.00980	0.00806	0.00862	0.00883	0.01118	0.00688	0.00649	0.01192	0.01847	0.02269	0.12813	0.16559	0.52348	0.02089	0.00970	0.00280	0.00417	0.01775	0.00766	0.00688
6	0.02666	0.02299	0.04355	0.01740	0.02267	0.16585	0.01411	0.14889	0.24602	0.13607	0.02486	0.02390	0.01811	0.00985	0.00787	0.00246	0.00887	0.00760	0.04011	0.01216
7	0.01828	0.03005	0.33651	0.03715	0.36574	0.01907	0.02731	0.02528	0.01784	0.02612	0.01493	0.01868	0.01163	0.00746	0.00788	0.00249	0.01076	0.00664	0.00374	0.01244
8	0.01016	0.00732	0.00969	0.01149	0.01218	0.00685	0.00797	0.01181	0.01595	0.02109	0.04620	0.62666	0.07960	0.02494	0.01040	0.00331	0.00493	0.07526	0.00753	0.00668
9	0.01790	0.01947	0.10102	0.11735	0.35108	0.01749	0.02214	0.02476	0.07451	0.02600	0.02130	0.03279	0.01903	0.01027	0.00856	0.00272	0.00941	0.10797	0.00485	0.01138
10	0.02569	0.05541	0.04792	0.01807	0.02303	0.27604	0.05130	0.04941	0.06765	0.14313	0.06792	0.02629	0.05282	0.01276	0.04412	0.00292	0.01107	0.00785	0.00614	0.01047
11	0.01666	0.08978	0.62833	0.02248	0.03411	0.01978	0.02884	0.02560	0.01709	0.02523	0.01433	0.01684	0.01029	0.00765	0.00753	0.00251	0.01176	0.00588	0.00343	0.01188
12	0.01779	0.01767	0.02650	0.47038	0.21396	0.07210	0.02260	0.02278	0.01737	0.02219	0.01449	0.02066	0.01132	0.00790	0.00803	0.00258	0.01081	0.00706	0.00376	0.01006
13	0.02476	0.17855	0.03154	0.02888	0.21918	0.30570	0.05105	0.02804	0.02002	0.02204	0.01330	0.01633	0.01127	0.00763	0.00720	0.00215	0.01178	0.00588	0.00397	0.01075
14	0.02224	0.11811	0.02254	0.04964	0.04248	0.07373	0.01339	0.22238	0.10618	0.03346	0.06505	0.05304	0.08141	0.01122	0.00783	0.00240	0.00795	0.00891	0.04709	0.01095
15	0.01003	0.00717	0.00954	0.01120	0.01180	0.00669	0.00754	0.01166	0.01620	0.02177	0.09974	0.65151	0.05571	0.02463	0.01029	0.00323	0.00463	0.02232	0.00766	0.00669
16	0.01793	0.03109	0.34813	0.03030	0.12641	0.01952	0.22808	0.02641	0.04454	0.02626	0.01605	0.01967	0.01192	0.00749	0.00839	0.00261	0.01198	0.00749	0.00394	0.01180
17	0.01997	0.50451	0.24265	0.01682	0.02536	0.02790	0.01899	0.02474	0.01669	0.02119	0.01232	0.01432	0.01037	0.00719	0.00600	0.00200	0.00973	0.00486	0.00346	0.01091
18	0.01712	0.04177	0.63354	0.02299	0.03451	0.05892	0.02912	0.02610	0.01749	0.02534	0.01444	0.01698	0.01029	0.00775	0.00769	0.00254	0.01215	0.00595	0.00347	0.01184
19	0.03031	0.03867	0.02299	0.02090	0.02508	0.68226	0.01568	0.03240	0.02299	0.01986	0.01254	0.01463	0.01045	0.00836	0.00732	0.00209	0.01463	0.00523	0.00418	0.00941
20	0.05621	0.04069	0.02600	0.51017	0.17013	0.01878	0.02196	0.02183	0.01654	0.02261	0.01431	0.02058	0.01109	0.00787	0.00783	0.00260	0.01027	0.00696	0.00375	0.00979
21	0.02012	0.02004	0.03071	0.15446	0.51167	0.07271	0.02376	0.02482	0.01847	0.02501	0.01490	0.01990	0.01232	0.00747	0.00799	0.00243	0.01024	0.00706	0.00396	0.01194
22	0.01047	0.00774	0.01098	0.01236	0.01321	0.00728	0.02819	0.01226	0.01593	0.02120	0.04366	0.63217	0.05171	0.02456	0.01041	0.00332	0.00524	0.07508	0.00742	0.00681
23	0.02225	0.02224	0.05116	0.10976	0.02947	0.12625	0.09335	0.18101	0.02289	0.02975	0.03753	0.05435	0.01619	0.01061	0.01143	0.00268	0.12981	0.00817	0.03067	0.01043
24	0.02365	0.05114	0.01972	0.01542	0.01977	0.04505	0.06941	0.02731	0.04110	0.28648	0.08816	0.21581	0.03279	0.01433	0.00883	0.00270	0.00712	0.01265	0.00800	0.01058
25	0.01683	0.03813	0.55314	0.02525	0.03651	0.01917	0.14577	0.02575	0.01752	0.02575	0.01492	0.01804	0.01067	0.00754	0.00807	0.00260	0.01232	0.00668	0.00356	0.01179
26	0.00987	0.00712	0.00935	0.01114	0.01173	0.00660	0.00746	0.01132	0.01569	0.02078	0.04669	0.67639	0.08555	0.02517	0.01032	0.00327	0.00468	0.02276	0.00753	0.00660
27	0.01930	0.08242	0.26436	0.02766	0.03699	0.02035	0.34079	0.02651	0.01846	0.06101	0.01623	0.01986	0.01188	0.00733	0.00851	0.00259	0.01233	0.00784	0.00415	0.01143
28	0.01869	0.01765	0.02945	0.15549	0.30983	0.01849	0.10530	0.06662	0.04428	0.02667	0.02130	0.06072	0.04981	0.00955	0.00902	0.00262	0.02955	0.00900	0.00477	0.01119
29	0.01165	0.00770	0.00999	0.01139	0.01249	0.00724	0.00818	0.01367	0.01651	0.04363	0.04451	0.50832	0.08231	0.02281	0.00994	0.00317	0.00504	0.09954	0.07488	0.00705
30	0.01973	0.02021	0.03104	0.22471	0.36491	0.08810	0.08564	0.02464	0.01839	0.02416	0.01486	0.02013	0.01198	0.00755	0.00814	0.00249	0.01090	0.00726	0.00393	0.01123
31	0.05330	0.01712	0.06551	0.06835	0.10515	0.01646	0.01564	0.09901	0.15868	0.09944	0.02933	0.09489	0.04446	0.01267	0.00860	0.00279	0.00778	0.08279	0.00690	0.01114
32	0.02379	0.01789	0.02066	0.05772	0.02331	0.02045	0.01413	0.26770	0.15057	0.06824	0.02191	0.02316	0.01646	0.01042	0.01049	0.00258	0.10866	0.00764	0.10054	0.03370

[dist]
# distance from previous block
# <min> <max>
5	17

[block]
# block no. 2 follows, 23 sequences, length 12
# corresponding to MSA columns:
# 214-225
name=unknown_C
#
# <colnr> <probs for GDERKNQSTAVLIFYWHMCP>
#	G	D	E	R	K	N	Q	S	T	A	V	L	I	F	Y	W	H	M	C	P
0	0.02160	0.01937	0.07421	0.02286	0.03064	0.01578	0.28300	0.02690	0.01910	0.15100	0.01871	0.02114	0.01360	0.00727	0.00809	0.00221	0.00991	0.00761	0.00543	0.24158
1	0.01740	0.18310	0.54154	0.02120	0.03214	0.02161	0.02663	0.02541	0.01700	0.02432	0.01388	0.01627	0.01031	0.00755	0.00719	0.00240	0.01130	0.00565	0.00344	0.01166
2	0.01862	0.16711	0.51139	0.02082	0.03149	0.02087	0.02577	0.02635	0.01741	0.06710	0.01510	0.01705	0.01095	0.00772	0.00727	0.00241	0.01103	0.00583	0.00387	0.01182
3	0.54637	0.07818	0.05873	0.01189	0.01745	0.01825	0.01070	0.02501	0.01526	0.08698	0.01422	0.01573	0.01074	0.00783	0.00552	0.00241	0.00676	0.00501	0.05345	0.00949
4	0.01153	0.00833	0.01030	0.01027	0.01182	0.00784	0.00755	0.01413	0.01893	0.02565	0.33049	0.06570	0.14338	0.19193	0.01771	0.00407	0.00540	0.10060	0.00752	0.00683
5	0.00959	0.00822	0.00822	0.00822	0.01096	0.00685	0.00617	0.01165	0.01850	0.02192	0.08220	0.07809	0.66092	0.02055	0.00959	0.00274	0.00411	0.01713	0.00754	0.00685
6	0.01683	0.01442	0.01683	0.01202	0.01923	0.01082	0.00961	0.02043	0.01683	0.02644	0.01442	0.01683	0.01202	0.00601	0.00601	0.00120	0.00601	0.00481	0.00481	0.76444
7	0.02245	0.66030	0.04082	0.01450	0.02120	0.08883	0.01404	0.02500	0.01706	0.01916	0.01139	0.01316	0.01042	0.00707	0.00539	0.00177	0.00920	0.00442	0.00353	0.01033
8	0.03085	0.02273	0.02435	0.01867	0.02516	0.02516	0.01542	0.63716	0.03815	0.05114	0.01948	0.01948	0.01380	0.00974	0.00812	0.00244	0.00893	0.00731	0.00812	0.01380
9	0.01683	0.01442	0.01683	0.01202	0.01923	0.01082	0.00961	0.02043	0.01683	0.02644	0.01442	0.01683	0.01202	0.00601	0.00601	0.00120	0.00601	0.00481	0.00481	0.76444
10	0.01136	0.00883	0.01094	0.01091	0.01264	0.00862	0.00804	0.01492	0.04781	0.02653	0.31193	0.23426	0.18937	0.01942	0.01057	0.00285	0.03872	0.01682	0.00796	0.00749
11	0.01356	0.01187	0.01936	0.09291	0.02355	0.01239	0.10582	0.01685	0.01659	0.02239	0.03236	0.30756	0.03556	0.01824	0.01148	0.00318	0.07090	0.14056	0.00609	0.03881

[dist]
# distance from previous block
# <min> <max>
0	3

[block]
# block no. 3 follows, 23 sequences, length 12
# corresponding to MSA columns:
# 229-240
name=unknown_D
#
# <colnr> <probs for GDERKNQSTAVLIFYWHMCP>
#	G	D	E	R	K	N	Q	S	T	A	V	L	I	F	Y	W	H	M	C	P
0	0.01131	0.00886	0.01356	0.01352	0.01491	0.00836	0.07061	0.01346	0.01631	0.02190	0.08643	0.49250	0.04858	0.08643	0.01313	0.00363	0.00601	0.05643	0.00705	0.00701
1	0.01823	0.01526	0.01758	0.01269	0.01983	0.01226	0.01020	0.08235	0.01897	0.02892	0.01493	0.01709	0.01220	0.00638	0.00622	0.00133	0.00630	0.00506	0.00514	0.68908
2	0.01683	0.01078	0.01348	0.01190	0.01505	0.01026	0.00916	0.05559	0.07037	0.12048	0.41970	0.08954	0.05670	0.01490	0.00907	0.00253	0.00490	0.01298	0.00870	0.04709
3	0.02290	0.01179	0.01515	0.01290	0.01713	0.01087	0.01034	0.02822	0.08430	0.29583	0.23430	0.04560	0.07607	0.01359	0.00885	0.00260	0.00573	0.05609	0.00898	0.03874
4	0.03047	0.03382	0.02341	0.02022	0.02511	0.48220	0.01560	0.21653	0.02761	0.02938	0.01466	0.01611	0.01147	0.00878	0.00756	0.00220	0.01290	0.00586	0.00538	0.01074
5	0.01852	0.01769	0.03012	0.26148	0.46473	0.01887	0.02413	0.02353	0.01774	0.02461	0.01499	0.02059	0.01219	0.00752	0.00806	0.00251	0.01003	0.00722	0.00388	0.01159
6	0.01113	0.00795	0.01084	0.01272	0.01373	0.00766	0.00969	0.01344	0.01676	0.02210	0.04404	0.46903	0.05096	0.02425	0.01069	0.00347	0.00578	0.25132	0.00751	0.00693
7	0.01780	0.01695	0.02881	0.35940	0.37246	0.01868	0.02377	0.02290	0.01740	0.02374	0.01486	0.02083	0.01188	0.00765	0.00807	0.00255	0.01020	0.00722	0.00382	0.01101
8	0.01765	0.01680	0.02854	0.37991	0.35313	0.01864	0.02369	0.02277	0.01732	0.02355	0.01483	0.02088	0.01181	0.00768	0.00807	0.00256	0.01024	0.00722	0.00381	0.01089
9	0.01678	0.01604	0.02701	0.44953	0.19001	0.01842	0.04984	0.02184	0.01670	0.02251	0.01451	0.02085	0.01140	0.00806	0.00901	0.00261	0.04613	0.00720	0.00378	0.04779
10	0.01863	0.01798	0.03118	0.23922	0.45251	0.01898	0.05602	0.02373	0.01785	0.02478	0.01508	0.02063	0.01222	0.00747	0.00814	0.00251	0.01020	0.00735	0.00390	0.01162
11	0.02054	0.17504	0.22566	0.02059	0.02699	0.15800	0.05088	0.02516	0.01721	0.02168	0.01304	0.01665	0.01087	0.01082	0.03492	0.00287	0.14912	0.00599	0.00368	0.01030

[dist]
# distance from previous block
# <min> <max>
0	3

[block]
# block no. 4 follows, 23 sequences, length 10
# corresponding to MSA columns:
# 244-253
name=unknown_E
#
# <colnr> <probs for GDERKNQSTAVLIFYWHMCP>
#	G	D	E	R	K	N	Q	S	T	A	V	L	I	F	Y	W	H	M	C	P
0	0.04573	0.02260	0.02418	0.03858	0.04212	0.17158	0.08730	0.16497	0.06850	0.03049	0.06106	0.02803	0.04195	0.01107	0.01046	0.00264	0.08896	0.04335	0.00590	0.01052
1	0.01947	0.01919	0.02810	0.30710	0.23367	0.07678	0.05888	0.05955	0.03988	0.02488	0.01538	0.02056	0.01213	0.00826	0.00897	0.00259	0.04243	0.00725	0.00422	0.01073
2	0.01861	0.01710	0.02361	0.15082	0.02768	0.02243	0.01751	0.10063	0.01651	0.02367	0.01355	0.02111	0.01237	0.05958	0.02159	0.00353	0.42870	0.00747	0.00425	0.00929
3	0.01187	0.00808	0.01018	0.00985	0.01154	0.00758	0.00721	0.01527	0.02093	0.03031	0.49129	0.10371	0.06456	0.06040	0.01112	0.00286	0.00414	0.01417	0.10754	0.00739
4	0.01563	0.01484	0.02440	0.61017	0.05152	0.01889	0.02193	0.02058	0.01575	0.02058	0.01395	0.02114	0.01080	0.00888	0.01045	0.00281	0.09789	0.00720	0.00360	0.00900
5	0.01162	0.00858	0.01249	0.01249	0.01375	0.00984	0.00945	0.01414	0.01288	0.01843	0.02224	0.03467	0.02150	0.14704	0.59816	0.01236	0.01991	0.00910	0.00442	0.00694
6	0.03014	0.01612	0.05943	0.01488	0.02093	0.01376	0.01285	0.11389	0.04850	0.43291	0.07523	0.03191	0.06960	0.01110	0.00833	0.00253	0.00706	0.00905	0.00905	0.01273
7	0.01627	0.04197	0.67279	0.02313	0.03512	0.01884	0.02998	0.02570	0.01713	0.02570	0.01456	0.01713	0.01028	0.00771	0.00771	0.00257	0.01199	0.00600	0.00343	0.01199
8	0.01811	0.06899	0.02429	0.07079	0.19237	0.05325	0.05174	0.02569	0.14405	0.02551	0.04669	0.06975	0.02446	0.06306	0.01092	0.00306	0.00865	0.08259	0.00565	0.01037
9	0.01804	0.01504	0.01754	0.01307	0.01923	0.01302	0.01039	0.08708	0.01851	0.02792	0.01558	0.01988	0.01343	0.05982	0.01013	0.00198	0.04860	0.00574	0.00510	0.57992

[dist]
# distance from previous block
# <min> <max>
16	25

[block]
# block no. 5 follows, 23 sequences, length 19
# corresponding to MSA columns:
# 279-297
name=unknown_F
#
# <colnr> <probs for GDERKNQSTAVLIFYWHMCP>
#	G	D	E	R	K	N	Q	S	T	A	V	L	I	F	Y	W	H	M	C	P
0	0.18103	0.08015	0.05632	0.30460	0.07212	0.01872	0.05315	0.02350	0.01651	0.06237	0.01524	0.01951	0.01155	0.00792	0.00712	0.00250	0.00922	0.00649	0.04223	0.00977
1	0.06512	0.06043	0.07504	0.18001	0.12501	0.08655	0.01818	0.02991	0.10576	0.14568	0.01986	0.02167	0.01455	0.00864	0.00768	0.00249	0.00942	0.00704	0.00563	0.01134
2	0.25823	0.05895	0.19787	0.05301	0.04962	0.01887	0.08680	0.05435	0.01764	0.07009	0.01491	0.01728	0.01104	0.00766	0.00692	0.00244	0.00926	0.00604	0.00475	0.05426
3	0.01197	0.00894	0.01123	0.01077	0.01292	0.00849	0.00824	0.01681	0.06140	0.03100	0.52000	0.06267	0.12662	0.01705	0.00961	0.00267	0.00429	0.05878	0.00865	0.00789
4	0.00989	0.00706	0.00942	0.01130	0.01177	0.00659	0.00753	0.01130	0.01554	0.02071	0.04472	0.70954	0.05367	0.02542	0.01036	0.00330	0.00471	0.02307	0.00753	0.00659
5	0.01334	0.00870	0.01144	0.01052	0.01276	0.00797	0.00797	0.01711	0.02299	0.07990	0.61327	0.05816	0.07237	0.01610	0.00947	0.00255	0.00406	0.01419	0.00901	0.00811
6	0.02079	0.01579	0.01838	0.01369	0.02078	0.01215	0.01072	0.02361	0.01867	0.09001	0.01824	0.02085	0.01483	0.00790	0.00717	0.00176	0.00683	0.00586	0.00603	0.66593
7	0.02329	0.04032	0.34792	0.02202	0.03010	0.35052	0.02283	0.02905	0.02006	0.02278	0.01355	0.01588	0.01037	0.00804	0.00751	0.00233	0.01331	0.00561	0.00380	0.01070
8	0.02018	0.01743	0.01835	0.01651	0.02110	0.02018	0.01284	0.04312	0.64956	0.03394	0.03303	0.03027	0.02477	0.01101	0.00826	0.00275	0.00642	0.00917	0.00826	0.01284
9	0.01513	0.00756	0.00756	0.00756	0.00945	0.00756	0.00567	0.01891	0.01702	0.03025	0.02647	0.03025	0.02080	0.00945	0.00567	0.00189	0.00378	0.00756	0.75988	0.00756
10	0.01827	0.14928	0.38604	0.01895	0.02776	0.01938	0.02200	0.05427	0.01843	0.06242	0.06246	0.02168	0.01676	0.01350	0.07159	0.00341	0.01132	0.00678	0.00452	0.01115
11	0.01122	0.00804	0.01105	0.01281	0.01388	0.00787	0.00983	0.01362	0.01659	0.02198	0.04262	0.42896	0.04891	0.02646	0.05232	0.00407	0.00683	0.24863	0.00731	0.00697
12	0.02071	0.59718	0.15647	0.01556	0.02341	0.02971	0.01679	0.02455	0.01660	0.02029	0.01187	0.01376	0.01039	0.00708	0.00566	0.00189	0.00928	0.00464	0.00346	0.01070
13	0.05589	0.05836	0.12200	0.01500	0.02118	0.01503	0.01392	0.03095	0.12522	0.25046	0.08756	0.03008	0.04570	0.03551	0.00904	0.00264	0.00729	0.00846	0.00740	0.05829
14	0.02427	0.01880	0.02031	0.04217	0.02323	0.04747	0.01358	0.28894	0.13854	0.06876	0.02398	0.06802	0.01966	0.01090	0.00808	0.00242	0.00792	0.03838	0.00732	0.12723
15	0.01826	0.06146	0.05569	0.02203	0.02866	0.01678	0.28857	0.05413	0.01891	0.02735	0.01872	0.05395	0.01543	0.00816	0.00787	0.00224	0.00955	0.00837	0.12379	0.16009
16	0.01492	0.01304	0.01369	0.04486	0.01747	0.05326	0.01023	0.05323	0.14643	0.02663	0.11176	0.09097	0.25892	0.01923	0.05126	0.00340	0.00710	0.04754	0.00725	0.00881
17	0.02519	0.05907	0.02503	0.06347	0.09387	0.02083	0.04356	0.25092	0.11475	0.11640	0.06092	0.02444	0.01935	0.00988	0.00879	0.00252	0.03350	0.00804	0.00709	0.01238
18	0.12203	0.09611	0.09090	0.02754	0.18689	0.19284	0.07716	0.04891	0.01930	0.02591	0.01370	0.01685	0.01112	0.00784	0.00784	0.00235	0.03149	0.00615	0.00422	0.01083

[dist]
# distance from previous block
# <min> <max>
1	12

[block]
# block no. 6 follows, 23 sequences, length 18
# corresponding to MSA columns:
# 310-327
name=unknown_G
#
# <colnr> <probs for GDERKNQSTAVLIFYWHMCP>
#	G	D	E	R	K	N	Q	S	T	A	V	L	I	F	Y	W	H	M	C	P
0	0.12443	0.11852	0.17711	0.02178	0.08391	0.08947	0.05669	0.04630	0.01757	0.02598	0.01332	0.01648	0.01078	0.00830	0.00935	0.00240	0.09625	0.00590	0.00412	0.07135
1	0.19992	0.06133	0.14142	0.01429	0.01943	0.01585	0.01349	0.06555	0.05163	0.05001	0.07536	0.11426	0.02559	0.08199	0.01095	0.00317	0.00754	0.03289	0.00590	0.00943
2	0.10292	0.02346	0.23209	0.16909	0.03167	0.04385	0.01952	0.02450	0.01777	0.10973	0.04613	0.08151	0.01929	0.01054	0.00798	0.00267	0.00942	0.03230	0.00527	0.01029
3	0.12067	0.07539	0.28893	0.01769	0.02573	0.01875	0.01909	0.05378	0.13061	0.10249	0.02294	0.02316	0.04826	0.00924	0.00744	0.00253	0.00889	0.00712	0.00566	0.01161
4	0.01705	0.00979	0.01298	0.01165	0.01468	0.00884	0.00918	0.02072	0.02234	0.16413	0.44023	0.05516	0.05917	0.01540	0.00930	0.00261	0.00493	0.07388	0.00885	0.03912
5	0.01094	0.00827	0.01009	0.00963	0.01179	0.00742	0.00722	0.01425	0.02167	0.02946	0.49266	0.06567	0.24576	0.01774	0.00958	0.00261	0.00391	0.01538	0.00853	0.00742
6	0.07219	0.01402	0.01809	0.01379	0.02017	0.01206	0.01133	0.03521	0.02155	0.51815	0.02768	0.02487	0.01800	0.00917	0.00760	0.00227	0.00671	0.00734	0.00882	0.15097
7	0.01673	0.09856	0.62017	0.02236	0.03393	0.01995	0.02864	0.02558	0.01708	0.02515	0.01429	0.01679	0.01029	0.00765	0.00750	0.00250	0.01172	0.00586	0.00343	0.01186
8	0.02018	0.01743	0.01835	0.01651	0.02110	0.02018	0.01284	0.04312	0.64956	0.03394	0.03303	0.03027	0.02477	0.01101	0.00826	0.00275	0.00642	0.00917	0.00826	0.01284
9	0.01465	0.00752	0.00773	0.00790	0.00966	0.00747	0.00584	0.01821	0.01688	0.02938	0.02813	0.09214	0.02379	0.01091	0.00610	0.00202	0.00387	0.00898	0.69133	0.00747
10	0.36347	0.01527	0.01878	0.19721	0.02910	0.01689	0.04765	0.02661	0.01684	0.17228	0.01702	0.01914	0.01204	0.00821	0.00680	0.00258	0.00805	0.00627	0.00570	0.01008
11	0.01167	0.00866	0.01076	0.01159	0.01284	0.00840	0.00801	0.01515	0.07324	0.02210	0.06144	0.46401	0.04585	0.12209	0.01441	0.00379	0.00549	0.04637	0.00712	0.04699
12	0.08690	0.30601	0.32251	0.01761	0.02627	0.02330	0.02031	0.02410	0.01648	0.02375	0.01480	0.05723	0.01283	0.00847	0.00663	0.00228	0.00972	0.00623	0.00384	0.01075
13	0.01122	0.00826	0.01053	0.01103	0.01256	0.00749	0.00778	0.01334	0.01703	0.02335	0.16024	0.40056	0.07195	0.08428	0.01262	0.00337	0.00509	0.05071	0.00729	0.08130
14	0.01635	0.01162	0.01426	0.01228	0.01562	0.01108	0.00937	0.05212	0.01799	0.07906	0.09343	0.13592	0.06983	0.09253	0.04873	0.00350	0.06146	0.01105	0.04168	0.20212
15	0.08882	0.15517	0.17065	0.01658	0.02332	0.14887	0.01613	0.02529	0.01817	0.05968	0.03994	0.04529	0.01552	0.01048	0.03074	0.00253	0.01005	0.00644	0.00468	0.11164
16	0.02038	0.14782	0.25772	0.02478	0.15015	0.09512	0.02138	0.02587	0.01802	0.05133	0.01514	0.01787	0.01187	0.00791	0.00781	0.00229	0.03438	0.00603	0.04444	0.03966
17	0.01886	0.06570	0.05191	0.08466	0.02737	0.01784	0.12838	0.10139	0.02003	0.05348	0.06940	0.10935	0.02242	0.01135	0.01042	0.00257	0.08771	0.00972	0.00558	0.10188

[dist]
# distance from previous block
# <min> <max>
11	71

[block]
# block no. 7 follows, 23 sequences, length 20
# corresponding to MSA columns:
# 401-420
name=unknown_H
#
# <colnr> <probs for GDERKNQSTAVLIFYWHMCP>
#	G	D	E	R	K	N	Q	S	T	A	V	L	I	F	Y	W	H	M	C	P
0	0.01707	0.07894	0.01754	0.04592	0.01848	0.11895	0.01141	0.04616	0.04024	0.02619	0.20025	0.06099	0.12635	0.01422	0.00969	0.00258	0.05248	0.05521	0.04875	0.00859
1	0.01919	0.01560	0.02140	0.08562	0.12655	0.01669	0.03045	0.14166	0.02104	0.05897	0.02850	0.11111	0.10110	0.01382	0.02595	0.00289	0.09364	0.01036	0.00596	0.06948
2	0.07497	0.01668	0.01765	0.03199	0.05914	0.05988	0.01224	0.21327	0.08062	0.03364	0.06063	0.15219	0.05636	0.05031	0.01005	0.00289	0.00744	0.01108	0.03876	0.01021
3	0.01515	0.01292	0.01630	0.01345	0.01820	0.01144	0.05099	0.04330	0.08601	0.02615	0.03469	0.18081	0.13068	0.01342	0.00812	0.00223	0.00608	0.01175	0.00631	0.31201
4	0.05436	0.26969	0.07054	0.01638	0.05448	0.02128	0.01402	0.08795	0.05534	0.13337	0.02486	0.08469	0.05968	0.01061	0.00722	0.00232	0.00780	0.00833	0.00603	0.01105
5	0.08237	0.01922	0.02203	0.01766	0.02311	0.02104	0.05396	0.37526	0.12207	0.04218	0.05606	0.08407	0.02172	0.01131	0.00827	0.00259	0.00803	0.00929	0.00763	0.01213
6	0.02117	0.08857	0.02619	0.02182	0.10053	0.01958	0.09375	0.03398	0.30546	0.08279	0.02439	0.02449	0.01846	0.00897	0.00783	0.00241	0.00796	0.00793	0.00649	0.09723
7	0.02323	0.13397	0.08431	0.01671	0.02253	0.10563	0.01468	0.08722	0.24899	0.09398	0.02718	0.02625	0.06040	0.01014	0.00767	0.00243	0.00848	0.00786	0.00664	0.01172
8	0.10042	0.25356	0.13068	0.01963	0.09052	0.09147	0.01685	0.02848	0.01858	0.15486	0.01656	0.01756	0.01245	0.00793	0.00670	0.00221	0.00932	0.00578	0.00509	0.01134
9	0.22625	0.07146	0.06887	0.15624	0.09450	0.01917	0.01615	0.05708	0.08817	0.02880	0.01652	0.02005	0.01309	0.01348	0.07520	0.00357	0.00987	0.00650	0.00485	0.01018
10	0.02871	0.02006	0.02192	0.01693	0.02310	0.02137	0.01391	0.48590	0.03368	0.10966	0.02611	0.02543	0.07260	0.01054	0.00814	0.00240	0.00813	0.00814	0.00807	0.05522
11	0.01794	0.01489	0.01708	0.01303	0.01935	0.01274	0.01031	0.08401	0.07584	0.02911	0.01926	0.07888	0.01699	0.00853	0.00680	0.00165	0.00623	0.00705	0.00569	0.55462
12	0.02924	0.02153	0.02321	0.01811	0.02414	0.02374	0.01482	0.58928	0.03642	0.04881	0.02141	0.07228	0.01685	0.01094	0.00829	0.00250	0.00861	0.00851	0.00807	0.01325
13	0.01010	0.00765	0.00923	0.01006	0.01146	0.00688	0.00702	0.01203	0.01746	0.02270	0.14842	0.38604	0.25078	0.04748	0.01111	0.00317	0.00450	0.01950	0.00765	0.00677
14	0.01011	0.00736	0.00956	0.01102	0.01188	0.00680	0.00758	0.01190	0.01665	0.02212	0.11023	0.56895	0.11045	0.02400	0.01023	0.00318	0.00465	0.03891	0.00767	0.00675
15	0.04700	0.01367	0.01893	0.13697	0.02584	0.01251	0.05343	0.01961	0.01671	0.02517	0.07287	0.02305	0.01803	0.01151	0.04065	0.05222	0.00802	0.00676	0.00482	0.39221
16	0.01947	0.06382	0.02748	0.19379	0.07484	0.01912	0.13355	0.11526	0.05364	0.02884	0.01809	0.02217	0.01395	0.00849	0.00843	0.00245	0.03433	0.00756	0.12055	0.03417
17	0.03614	0.04728	0.01876	0.06916	0.07802	0.03460	0.01321	0.08186	0.03334	0.05083	0.15307	0.07800	0.10194	0.01655	0.04596	0.00327	0.07226	0.04997	0.00646	0.00932
18	0.02029	0.08305	0.04479	0.05950	0.29314	0.06414	0.03146	0.06377	0.01913	0.02627	0.04102	0.02009	0.01467	0.00842	0.00945	0.00232	0.07910	0.00684	0.00447	0.10807
19	0.04668	0.08377	0.02026	0.19969	0.06939	0.01555	0.01440	0.01813	0.01589	0.02214	0.02571	0.23008	0.04887	0.01406	0.00989	0.00272	0.06980	0.01182	0.02206	0.05909

[dist]
# distance from previous block
# <min> <max>
34	184

[block]
# block no. 8 follows, 23 sequences, length 15
# corresponding to MSA columns:
# 609-623
name=unknown_I
#
# <colnr> <probs for GDERKNQSTAVLIFYWHMCP>
#	G	D	E	R	K	N	Q	S	T	A	V	L	I	F	Y	W	H	M	C	P
0	0.02141	0.01936	0.06212	0.09971	0.10366	0.05131	0.04271	0.10970	0.06317	0.08302	0.01835	0.02204	0.01444	0.04540	0.01041	0.00258	0.04636	0.00709	0.00550	0.17169
1	0.05872	0.17588	0.06343	0.01417	0.02016	0.01844	0.01257	0.10816	0.05814	0.08120	0.02397	0.10055	0.05301	0.01056	0.00718	0.00217	0.00725	0.00840	0.00598	0.17006
2	0.06028	0.11735	0.27456	0.08260	0.05295	0.07783	0.02089	0.09260	0.01994	0.06583	0.01693	0.05268	0.01355	0.00894	0.00747	0.00244	0.01030	0.00693	0.00474	0.01119
3	0.14779	0.03652	0.02023	0.01890	0.09277	0.01619	0.06614	0.05834	0.14174	0.07943	0.12208	0.07283	0.07026	0.01170	0.00810	0.00261	0.00698	0.01004	0.00685	0.01048
4	0.07853	0.08334	0.11297	0.02194	0.06767	0.05484	0.11433	0.21569	0.02405	0.03375	0.01579	0.01799	0.01199	0.00791	0.00750	0.00227	0.00983	0.00660	0.00537	0.10764
5	0.05231	0.05629	0.01858	0.01935	0.14894	0.01292	0.04383	0.01806	0.01642	0.02369	0.03261	0.07229	0.14416	0.11722	0.05777	0.00388	0.00796	0.01043	0.09647	0.04683
6	0.09923	0.01889	0.06193	0.10551	0.10919	0.05988	0.01646	0.10210	0.01939	0.08150	0.02030	0.07755	0.03212	0.04590	0.01229	0.00298	0.11057	0.00853	0.00542	0.01025
7	0.12295	0.06349	0.02453	0.06191	0.10656	0.02257	0.01595	0.30521	0.02597	0.03765	0.01589	0.01813	0.01222	0.00905	0.00915	0.00244	0.07440	0.00655	0.00598	0.05940
8	0.05614	0.01493	0.02060	0.01615	0.02136	0.01421	0.09450	0.05140	0.01832	0.06673	0.02777	0.03312	0.11215	0.01103	0.01003	0.00232	0.08847	0.05415	0.00568	0.28093
9	0.01944	0.04697	0.01612	0.01333	0.01705	0.01252	0.01073	0.09816	0.04721	0.14655	0.15458	0.15171	0.07359	0.01579	0.00905	0.00273	0.00618	0.10222	0.00801	0.04806
10	0.01198	0.01032	0.05789	0.01009	0.01101	0.00858	0.00697	0.01279	0.01248	0.01685	0.02622	0.10067	0.02993	0.60991	0.03645	0.00713	0.00793	0.01223	0.00501	0.00557
11	0.02122	0.01728	0.02784	0.11399	0.42790	0.01761	0.02111	0.02717	0.06566	0.11101	0.05362	0.02420	0.01790	0.00848	0.00816	0.00249	0.00886	0.00790	0.00534	0.01226
12	0.02046	0.01941	0.06577	0.05498	0.20670	0.01879	0.08909	0.18116	0.02368	0.03249	0.08683	0.03027	0.06127	0.01054	0.00938	0.00261	0.03870	0.03061	0.00586	0.01140
13	0.01738	0.01492	0.01708	0.01275	0.01954	0.01235	0.01014	0.02415	0.12050	0.02767	0.01747	0.01903	0.01411	0.00683	0.00638	0.00146	0.00608	0.00552	0.00537	0.64128
14	0.02194	0.05573	0.02120	0.03263	0.03875	0.08392	0.02973	0.13628	0.06131	0.07026	0.02008	0.08149	0.01718	0.00941	0.00736	0.00202	0.00795	0.00767	0.00600	0.28908

[dist]
# distance from previous block
# <min> <max>
28	80

[block]
# block no. 9 follows, 23 sequences, length 12
# corresponding to MSA columns:
# 713-724
name=unknown_J
#
# <colnr> <probs for GDERKNQSTAVLIFYWHMCP>
#	G	D	E	R	K	N	Q	S	T	A	V	L	I	F	Y	W	H	M	C	P
0	0.01629	0.01597	0.07699	0.01705	0.04728	0.01438	0.04730	0.10263	0.01922	0.02655	0.06159	0.13963	0.08123	0.10443	0.01499	0.00340	0.08455	0.04219	0.00594	0.07838
