[name]
unknown

[dist]
# distance from previous block
# <min> <max>
0	18

[block]
# block no. 0 follows, 24 sequences, length 46
# corresponding to MSA columns:
# 18-63
name=unknown_A
#
# <colnr> <probs for GDERKNQSTAVLIFYWHMCP>
#	G	D	E	R	K	N	Q	S	T	A	V	L	I	F	Y	W	H	M	C	P
0	0.01278	0.00913	0.01278	0.01460	0.01643	0.00913	0.01278	0.01643	0.01825	0.02373	0.04199	0.08945	0.04564	0.02191	0.01095	0.00365	0.00730	0.61847	0.00730	0.00730
1	0.02131	0.65356	0.07674	0.01442	0.02135	0.06294	0.01454	0.02421	0.01646	0.01906	0.01127	0.01303	0.01017	0.00689	0.00533	0.00176	0.00895	0.00437	0.00342	0.01022
2	0.05709	0.03134	0.02300	0.05145	0.06509	0.44864	0.01586	0.16370	0.02478	0.02710	0.01393	0.01590	0.01102	0.00835	0.00731	0.00218	0.01231	0.00572	0.00492	0.01029
3	0.01498	0.01409	0.02378	0.70226	0.05462	0.01762	0.02202	0.02026	0.01586	0.02026	0.01409	0.02114	0.01057	0.00793	0.00793	0.00264	0.01057	0.00705	0.00352	0.00881
4	0.01478	0.00739	0.00739	0.00739	0.00924	0.00739	0.00554	0.01848	0.01663	0.02956	0.02587	0.02956	0.02033	0.00924	0.00554	0.00185	0.00370	0.00739	0.76534	0.00739
5	0.01235	0.00962	0.01231	0.01222	0.01357	0.03951	0.00919	0.01478	0.01320	0.01860	0.02162	0.03330	0.02072	0.14938	0.53102	0.01098	0.01808	0.00872	0.04397	0.00686
6	0.31630	0.01158	0.01041	0.00945	0.01292	0.01261	0.00751	0.05660	0.01679	0.05755	0.01986	0.02231	0.01530	0.00854	0.00552	0.00214	0.00505	0.00618	0.39493	0.00844
7	0.01478	0.00739	0.00739	0.00739	0.00924	0.00739	0.00554	0.01848	0.01663	0.02956	0.02587	0.02956	0.02033	0.00924	0.00554	0.00185	0.00370	0.00739	0.76534	0.00739
8	0.03328	0.01401	0.01833	0.01440	0.02030	0.01282	0.01178	0.03915	0.11468	0.58400	0.03143	0.02737	0.02029	0.00995	0.00799	0.00249	0.00668	0.00812	0.00956	0.01336
9	0.03062	0.02144	0.02332	0.01788	0.02421	0.02345	0.01477	0.59181	0.03600	0.10540	0.02012	0.01974	0.01403	0.00955	0.00794	0.00239	0.00855	0.00721	0.00810	0.01349
10	0.01963	0.01884	0.03219	0.04867	0.67185	0.01884	0.02434	0.02434	0.01806	0.02591	0.01492	0.01963	0.01256	0.00707	0.00785	0.00236	0.00942	0.00707	0.00393	0.01256
11	0.01153	0.00769	0.00865	0.00865	0.00865	0.00769	0.00480	0.01153	0.01153	0.01538	0.02499	0.05189	0.02883	0.72131	0.04036	0.00769	0.00769	0.01153	0.00480	0.00480
12	0.06551	0.01956	0.02056	0.01690	0.02235	0.02208	0.01362	0.34646	0.30916	0.04181	0.02444	0.02335	0.01795	0.00995	0.00783	0.00252	0.00751	0.00779	0.00783	0.01281
13	0.00972	0.00706	0.00917	0.01072	0.01145	0.00652	0.00725	0.01128	0.01582	0.02096	0.08026	0.62530	0.10730	0.02397	0.01002	0.00313	0.00450	0.02160	0.00743	0.00652
14	0.01153	0.00769	0.00865	0.00865	0.00865	0.00769	0.00480	0.01153	0.01153	0.01538	0.02499	0.05189	0.02883	0.72131	0.04036	0.00769	0.00769	0.01153	0.00480	0.00480
15	0.01818	0.01736	0.02957	0.25239	0.47946	0.01846	0.02362	0.02307	0.01737	0.02415	0.01466	0.02010	0.01194	0.00733	0.00787	0.00244	0.00978	0.00706	0.00380	0.01139
16	0.01963	0.01884	0.03219	0.04867	0.67185	0.01884	0.02434	0.02434	0.01806	0.02591	0.01492	0.01963	0.01256	0.00707	0.00785	0.00236	0.00942	0.00707	0.00393	0.01256
17	0.01615	0.03931	0.62507	0.02354	0.03494	0.01856	0.08274	0.02514	0.01691	0.02514	0.01439	0.01715	0.01022	0.00746	0.00769	0.00253	0.01186	0.00616	0.00341	0.01163
18	0.01183	0.00766	0.01028	0.01152	0.01260	0.00714	0.00820	0.01373	0.01655	0.06561	0.09106	0.55679	0.05130	0.02287	0.01000	0.00316	0.00495	0.08004	0.00763	0.00708
19	0.72752	0.01521	0.01211	0.01068	0.01567	0.01738	0.00879	0.02434	0.01411	0.07867	0.01240	0.01383	0.00933	0.00753	0.00511	0.00245	0.00618	0.00454	0.00524	0.00892
20	0.01478	0.00739	0.00739	0.00739	0.00924	0.00739	0.00554	0.01848	0.01663	0.02956	0.02587	0.02956	0.02033	0.00924	0.00554	0.00185	0.00370	0.00739	0.76534	0.00739
21	0.08536	0.01829	0.02996	0.07939	0.58252	0.01869	0.02284	0.02403	0.01754	0.02645	0.01454	0.01912	0.01211	0.00714	0.00760	0.00238	0.00919	0.00682	0.00399	0.01202
22	0.06643	0.03351	0.02221	0.01949	0.02408	0.52085	0.01494	0.15648	0.02505	0.02644	0.01358	0.01520	0.01080	0.00841	0.00720	0.00213	0.01276	0.00548	0.00491	0.01004
23	0.01478	0.00739	0.00739	0.00739	0.00924	0.00739	0.00554	0.01848	0.01663	0.02956	0.02587	0.02956	0.02033	0.00924	0.00554	0.00185	0.00370	0.00739	0.76534	0.00739
24	0.74832	0.01529	0.01212	0.03675	0.01683	0.01778	0.00910	0.02319	0.01359	0.03500	0.01116	0.01320	0.00866	0.00738	0.00502	0.00246	0.00630	0.00440	0.00485	0.00860
25	0.01549	0.01480	0.02389	0.55505	0.04732	0.01906	0.02101	0.02001	0.01505	0.02001	0.01330	0.02032	0.01054	0.00921	0.01184	0.00282	0.16097	0.00702	0.00351	0.00878
26	0.03115	0.02060	0.02280	0.01748	0.02379	0.02219	0.01444	0.53290	0.03458	0.16631	0.02131	0.02051	0.01462	0.00957	0.00794	0.00239	0.00836	0.00729	0.00828	0.01349
27	0.01141	0.00770	0.00896	0.00906	0.00918	0.00777	0.00529	0.01168	0.01182	0.01585	0.02579	0.08807	0.02956	0.63748	0.08226	0.00777	0.00842	0.01195	0.00491	0.00505
28	0.01478	0.00739	0.00739	0.00739	0.00924	0.00739	0.00554	0.01848	0.01663	0.02956	0.02587	0.02956	0.02033	0.00924	0.00554	0.00185	0.00370	0.00739	0.76534	0.00739
29	0.03028	0.02085	0.02287	0.01750	0.02385	0.02249	0.01444	0.54828	0.03473	0.12473	0.02033	0.01990	0.01416	0.00942	0.00786	0.00234	0.00838	0.00715	0.00804	0.04243
30	0.33109	0.02107	0.07605	0.01546	0.02170	0.02130	0.01369	0.33979	0.02587	0.04199	0.01539	0.01635	0.01121	0.00847	0.00667	0.00242	0.00794	0.00588	0.00631	0.01135
31	0.01478	0.00739	0.00739	0.00739	0.00924	0.00739	0.00554	0.01848	0.01663	0.02956	0.02587	0.02956	0.02033	0.00924	0.00554	0.00185	0.00370	0.00739	0.76534	0.00739
32	0.00980	0.00701	0.00932	0.01095	0.01153	0.00653	0.00737	0.01138	0.01581	0.02125	0.09804	0.65894	0.05440	0.02409	0.01005	0.00316	0.00453	0.02183	0.00748	0.00653
33	0.07511	0.01644	0.01803	0.01542	0.02045	0.01801	0.01225	0.08242	0.41924	0.18821	0.02968	0.02710	0.02131	0.01022	0.00782	0.00260	0.00655	0.00829	0.00826	0.01258
34	0.01144	0.00788	0.00975	0.01008	0.01052	0.00808	0.00659	0.01236	0.01265	0.01705	0.02750	0.11079	0.03087	0.48608	0.14533	0.00780	0.00968	0.06485	0.00516	0.00555
35	0.02729	0.02615	0.02347	0.05164	0.08184	0.24245	0.01600	0.29768	0.09525	0.03472	0.01762	0.01873	0.01333	0.00892	0.00768	0.00231	0.01045	0.00665	0.00614	0.01168
36	0.03315	0.01286	0.01733	0.01348	0.01915	0.01119	0.01107	0.03629	0.02228	0.60653	0.05785	0.02853	0.02201	0.01005	0.00787	0.00241	0.00642	0.00820	0.06050	0.01283
37	0.01456	0.00902	0.01173	0.01096	0.01329	0.00841	0.00824	0.01868	0.04957	0.11484	0.45981	0.15484	0.06188	0.01646	0.00923	0.00261	0.00438	0.01453	0.00863	0.00834
38	0.01122	0.00811	0.01060	0.00998	0.01185	0.00748	0.00748	0.01496	0.02245	0.03180	0.66766	0.05923	0.07482	0.01621	0.00935	0.00249	0.00374	0.01434	0.00873	0.00748
39	0.01658	0.01454	0.01830	0.01307	0.02018	0.01115	0.04814	0.02030	0.01658	0.02581	0.01421	0.01675	0.01176	0.00592	0.00609	0.00127	0.00633	0.00498	0.00466	0.72338
40	0.01554	0.01482	0.02549	0.61676	0.10807	0.01783	0.04850	0.02083	0.01617	0.02097	0.01425	0.02102	0.01081	0.00780	0.00798	0.00262	0.01059	0.00715	0.00358	0.00922
41	0.01329	0.00756	0.00881	0.00897	0.01033	0.00779	0.00649	0.01590	0.01494	0.02442	0.02593	0.09186	0.02368	0.09920	0.13765	0.03871	0.00761	0.00935	0.44072	0.00679
42	0.77733	0.01534	0.01166	0.01043	0.01534	0.01779	0.00859	0.02331	0.01350	0.03558	0.01104	0.01288	0.00859	0.00736	0.00491	0.00245	0.00613	0.00429	0.00491	0.00859
43	0.02960	0.03509	0.02223	0.01988	0.02420	0.59713	0.01505	0.06984	0.04386	0.05094	0.01416	0.01565	0.01128	0.00841	0.00726	0.00210	0.01337	0.00548	0.00470	0.00975
44	0.04885	0.01650	0.01777	0.01552	0.02028	0.01844	0.01222	0.07148	0.49892	0.11847	0.03221	0.02957	0.04266	0.01074	0.00798	0.00263	0.00639	0.00882	0.00816	0.01240
45	0.01807	0.02012	0.04281	0.03083	0.03837	0.01870	0.56835	0.02426	0.01838	0.02514	0.01749	0.06038	0.01430	0.00766	0.00919	0.00261	0.01241	0.00982	0.00424	0.05687

[dist]
# distance from previous block
# <min> <max>
0	1

[block]
# block no. 1 follows, 24 sequences, length 15
# corresponding to MSA columns:
# 65-79
name=unknown_B
#
# <colnr> <probs for GDERKNQSTAVLIFYWHMCP>
#	G	D	E	R	K	N	Q	S	T	A	V	L	I	F	Y	W	H	M	C	P
0	0.01872	0.02139	0.04679	0.03342	0.04144	0.02005	0.64305	0.02540	0.01872	0.02540	0.01604	0.02139	0.01203	0.00668	0.00936	0.00267	0.01337	0.00936	0.00401	0.01070
1	0.01906	0.01826	0.03117	0.12816	0.59678	0.01869	0.02406	0.02384	0.01779	0.02522	0.01482	0.01981	0.01232	0.00717	0.00786	0.00239	0.00956	0.00706	0.00388	0.01210
2	0.01122	0.00811	0.01060	0.00998	0.01185	0.00748	0.00748	0.01496	0.02245	0.03180	0.66766	0.05923	0.07482	0.01621	0.00935	0.00249	0.00374	0.01434	0.00873	0.00748
3	0.01478	0.00739	0.00739	0.00739	0.00924	0.00739	0.00554	0.01848	0.01663	0.02956	0.02587	0.02956	0.02033	0.00924	0.00554	0.00185	0.00370	0.00739	0.76534	0.00739
4	0.01866	0.01785	0.03044	0.18463	0.54345	0.01859	0.02386	0.02349	0.01760	0.02473	0.01475	0.01994	0.01215	0.00724	0.00787	0.00241	0.00966	0.00706	0.00384	0.01178
5	0.01844	0.02050	0.04310	0.03079	0.03869	0.01890	0.56599	0.02474	0.01844	0.02545	0.01581	0.02079	0.01200	0.00659	0.00893	0.00249	0.01246	0.00879	0.00409	0.10301
6	0.01478	0.00739	0.00739	0.00739	0.00924	0.00739	0.00554	0.01848	0.01663	0.02956	0.02587	0.02956	0.02033	0.00924	0.00554	0.00185	0.00370	0.00739	0.76534	0.00739
7	0.01689	0.01681	0.02472	0.02091	0.02157	0.02270	0.05777	0.01905	0.01263	0.01944	0.01176	0.01887	0.01137	0.01755	0.08528	0.00426	0.59893	0.00724	0.00358	0.00866
8	0.66931	0.01541	0.01258	0.01115	0.01608	0.01769	0.00911	0.02585	0.07612	0.06551	0.01404	0.01516	0.01061	0.00780	0.00536	0.00248	0.00618	0.00492	0.00544	0.00920
9	0.02846	0.07754	0.02283	0.01876	0.02336	0.47393	0.01451	0.05655	0.09987	0.08573	0.01671	0.01746	0.01295	0.00861	0.00724	0.00215	0.01200	0.00587	0.00522	0.01025
10	0.00964	0.00697	0.00913	0.01085	0.01145	0.00646	0.00728	0.01106	0.01536	0.02032	0.04599	0.67625	0.09086	0.02455	0.01007	0.00319	0.00456	0.02218	0.00736	0.00646
11	0.01972	0.01703	0.01793	0.01614	0.02062	0.01972	0.01255	0.04214	0.65752	0.03317	0.03228	0.02959	0.02421	0.01076	0.00807	0.00269	0.00628	0.00897	0.00807	0.01255
12	0.10033	0.02050	0.02262	0.10600	0.02758	0.02303	0.01535	0.50445	0.03221	0.04474	0.01763	0.01872	0.01264	0.00910	0.00764	0.00242	0.00871	0.00685	0.00707	0.01241
13	0.55091	0.01686	0.01592	0.01335	0.01860	0.01913	0.04238	0.12057	0.07960	0.03703	0.01457	0.01587	0.01102	0.00799	0.00590	0.00248	0.00691	0.00544	0.00563	0.00983
14	0.32952	0.06149	0.24897	0.02063	0.10327	0.04285	0.04079	0.02445	0.01581	0.02898	0.01284	0.01539	0.00984	0.00736	0.00642	0.00242	0.00914	0.00538	0.00411	0.01033

[dist]
# distance from previous block
# <min> <max>
1	4

[block]
# block no. 2 follows, 24 sequences, length 28
# corresponding to MSA columns:
# 84-111
name=unknown_C
#
# <colnr> <probs for GDERKNQSTAVLIFYWHMCP>
#	G	D	E	R	K	N	Q	S	T	A	V	L	I	F	Y	W	H	M	C	P
0	0.02111	0.02069	0.03269	0.02629	0.08290	0.06407	0.29158	0.14623	0.04791	0.02999	0.01786	0.04956	0.01441	0.00820	0.00833	0.00237	0.01055	0.00838	0.00517	0.11169
1	0.02768	0.03287	0.02192	0.01964	0.02378	0.52009	0.01495	0.07145	0.12118	0.02345	0.01571	0.01707	0.01259	0.00886	0.00802	0.00222	0.03774	0.00590	0.00492	0.00996
2	0.02528	0.26016	0.02824	0.01661	0.02223	0.19059	0.01404	0.20873	0.07658	0.02932	0.01841	0.01909	0.04069	0.00883	0.00686	0.00211	0.00962	0.00623	0.00545	0.01095
3	0.03366	0.04817	0.01994	0.01476	0.02073	0.05906	0.01217	0.06277	0.04864	0.55095	0.02861	0.02526	0.01849	0.00959	0.00779	0.00240	0.00740	0.00762	0.00899	0.01302
4	0.42421	0.05713	0.01646	0.01257	0.01796	0.06165	0.01040	0.02926	0.01747	0.25781	0.01820	0.01790	0.01265	0.00824	0.00614	0.00238	0.00703	0.00563	0.00648	0.01044
5	0.01610	0.01524	0.02582	0.54397	0.20410	0.01791	0.02258	0.02125	0.01639	0.02163	0.01429	0.02077	0.01105	0.00772	0.00791	0.00257	0.01029	0.00705	0.00362	0.00972
6	0.01377	0.00689	0.01033	0.01033	0.01033	0.00689	0.00689	0.01033	0.01033	0.01377	0.01377	0.02410	0.01377	0.02755	0.03099	0.76928	0.00689	0.00689	0.00344	0.00344
7	0.03014	0.02221	0.02380	0.01825	0.02459	0.02459	0.01507	0.64541	0.03728	0.04998	0.01904	0.01904	0.01349	0.00952	0.00793	0.00238	0.00873	0.00714	0.00793	0.01349
8	0.01644	0.01409	0.01644	0.01175	0.01879	0.01057	0.00940	0.01997	0.01644	0.02584	0.01409	0.01644	0.01175	0.00587	0.00587	0.00117	0.00587	0.00470	0.00470	0.76979
9	0.01644	0.01409	0.01644	0.01175	0.01879	0.01057	0.00940	0.01997	0.01644	0.02584	0.01409	0.01644	0.01175	0.00587	0.00587	0.00117	0.00587	0.00470	0.00470	0.76979
10	0.01590	0.04102	0.68023	0.02260	0.03432	0.01842	0.02930	0.02511	0.01674	0.02511	0.01423	0.01674	0.01005	0.00753	0.00753	0.00251	0.01172	0.00586	0.00335	0.01172
11	0.02874	0.03643	0.02189	0.02001	0.02394	0.65933	0.01497	0.03075	0.02215	0.01944	0.01365	0.04528	0.01208	0.00891	0.00728	0.00209	0.01387	0.00588	0.00423	0.00907
12	0.01133	0.00850	0.01274	0.01274	0.01416	0.00991	0.00991	0.01416	0.01274	0.01841	0.02124	0.03115	0.01982	0.05947	0.68989	0.01274	0.02124	0.00850	0.00425	0.00708
13	0.01931	0.01852	0.03162	0.09268	0.63029	0.01876	0.02418	0.02406	0.01791	0.02553	0.01486	0.01973	0.01243	0.00712	0.00786	0.00237	0.00950	0.00706	0.00390	0.01231
14	0.01963	0.01884	0.03219	0.04867	0.67185	0.01884	0.02434	0.02434	0.01806	0.02591	0.01492	0.01963	0.01256	0.00707	0.00785	0.00236	0.00942	0.00707	0.00393	0.01256
15	0.01498	0.01409	0.02378	0.70226	0.05462	0.01762	0.02202	0.02026	0.01586	0.02026	0.01409	0.02114	0.01057	0.00793	0.00793	0.00264	0.01057	0.00705	0.00352	0.00881
16	0.01112	0.00810	0.01045	0.00986	0.01178	0.00744	0.00740	0.01476	0.02219	0.03120	0.63385	0.06022	0.10901	0.01643	0.00935	0.00250	0.00376	0.01448	0.00865	0.00744
17	0.03476	0.01368	0.01838	0.01421	0.02026	0.01207	0.01170	0.03883	0.05559	0.64396	0.03134	0.02713	0.01987	0.00986	0.00798	0.00247	0.00672	0.00803	0.00972	0.01345
18	0.03380	0.01310	0.01783	0.01381	0.01963	0.01135	0.01135	0.03692	0.02268	0.63026	0.07769	0.02934	0.02365	0.01028	0.00807	0.00246	0.00653	0.00844	0.00974	0.01306
19	0.01020	0.00755	0.01066	0.01174	0.01248	0.00717	0.03019	0.01173	0.01494	0.01999	0.04037	0.61295	0.04787	0.07746	0.04085	0.00393	0.00584	0.02066	0.00692	0.00650
20	0.01590	0.04102	0.68023	0.02260	0.03432	0.01842	0.02930	0.02511	0.01674	0.02511	0.01423	0.01674	0.01005	0.00753	0.00753	0.00251	0.01172	0.00586	0.00335	0.01172
21	0.03558	0.01350	0.01840	0.01411	0.02024	0.01166	0.01166	0.03865	0.02270	0.67734	0.03128	0.02699	0.01963	0.00981	0.00797	0.00245	0.00675	0.00797	0.00981	0.01350
22	0.01929	0.01850	0.03157	0.09634	0.62684	0.01875	0.02417	0.02404	0.01790	0.02549	0.01486	0.01974	0.01242	0.00713	0.00786	0.00238	0.00950	0.00706	0.00390	0.01229
23	0.01872	0.02139	0.04679	0.03342	0.04144	0.02005	0.64305	0.02540	0.01872	0.02540	0.01604	0.02139	0.01203	0.00668	0.00936	0.00267	0.01337	0.00936	0.00401	0.01070
24	0.18335	0.01853	0.03124	0.02454	0.06316	0.01847	0.30920	0.05450	0.06868	0.12301	0.01850	0.02083	0.01343	0.00774	0.00797	0.00257	0.00992	0.00784	0.00552	0.01101
25	0.26314	0.06483	0.02635	0.04755	0.02599	0.01884	0.19392	0.05168	0.01692	0.05219	0.01528	0.04622	0.01261	0.00841	0.00842	0.00247	0.05972	0.00712	0.00478	0.07356
26	0.07393	0.02022	0.03817	0.02881	0.06027	0.04631	0.45942	0.02434	0.01810	0.02573	0.01649	0.04989	0.01344	0.00752	0.00859	0.00250	0.01164	0.00885	0.00428	0.08150
27	0.05627	0.02005	0.04934	0.04859	0.09374	0.04164	0.01554	0.30410	0.08834	0.06403	0.02247	0.04694	0.04355	0.01014	0.00849	0.00246	0.03353	0.00797	0.00666	0.03615

[dist]
# distance from previous block
# <min> <max>
2	15

[block]
# block no. 3 follows, 24 sequences, length 55
# corresponding to MSA columns:
# 127-181
name=unknown_D
#
# <colnr> <probs for GDERKNQSTAVLIFYWHMCP>
#	G	D	E	R	K	N	Q	S	T	A	V	L	I	F	Y	W	H	M	C	P
0	0.05249	0.02355	0.02089	0.01715	0.02253	0.18883	0.01366	0.29763	0.08806	0.09556	0.02233	0.02216	0.04720	0.00963	0.00763	0.00230	0.00927	0.00716	0.00688	0.04508
1	0.01972	0.01631	0.02546	0.03512	0.41883	0.01633	0.01909	0.05012	0.06317	0.08282	0.02468	0.08749	0.04829	0.01065	0.00833	0.00255	0.00816	0.04576	0.00553	0.01158
2	0.04744	0.01513	0.05071	0.01442	0.01978	0.01314	0.03321	0.12214	0.02252	0.24081	0.12602	0.09829	0.02844	0.01143	0.00802	0.00235	0.00669	0.00967	0.00767	0.12211
3	0.37131	0.01801	0.01737	0.05000	0.04920	0.06581	0.01218	0.15804	0.02101	0.11988	0.03743	0.01837	0.01364	0.00851	0.00654	0.00242	0.00764	0.00603	0.00615	0.01046
4	0.01495	0.01334	0.01860	0.01658	0.01840	0.01562	0.06051	0.04628	0.08984	0.02371	0.06198	0.25619	0.06981	0.01690	0.01476	0.00309	0.23135	0.01351	0.00603	0.00857
5	0.01264	0.01041	0.01239	0.04133	0.01609	0.00932	0.00884	0.01680	0.06690	0.02381	0.07460	0.21049	0.20446	0.01605	0.00852	0.00244	0.00526	0.04040	0.00660	0.21265
6	0.01715	0.01397	0.01607	0.01231	0.01815	0.01186	0.00974	0.10957	0.01978	0.02890	0.05460	0.08400	0.05909	0.00946	0.00694	0.00169	0.00596	0.00785	0.00577	0.50716
7	0.02251	0.01568	0.01762	0.01486	0.01976	0.01658	0.01169	0.08947	0.35890	0.15398	0.05682	0.02917	0.02357	0.04368	0.00939	0.00269	0.00649	0.00854	0.00791	0.09067
8	0.01910	0.01798	0.03004	0.18577	0.51270	0.01883	0.02344	0.05074	0.01843	0.02577	0.01492	0.01992	0.01218	0.00736	0.00787	0.00242	0.00963	0.00706	0.00402	0.01181
9	0.68758	0.01525	0.01237	0.03197	0.01668	0.01762	0.00915	0.05022	0.01475	0.03547	0.01214	0.01414	0.00938	0.00756	0.00516	0.00243	0.00628	0.00464	0.03845	0.00876
10	0.00988	0.00706	0.00946	0.01129	0.01185	0.00663	0.00775	0.01142	0.01540	0.02049	0.04358	0.67166	0.05196	0.02464	0.01018	0.00325	0.00479	0.06484	0.00736	0.00650
11	0.03014	0.02221	0.02380	0.01825	0.02459	0.02459	0.01507	0.64541	0.03728	0.04998	0.01904	0.01904	0.01349	0.00952	0.00793	0.00238	0.00873	0.00714	0.00793	0.01349
12	0.01939	0.01860	0.03177	0.08142	0.64093	0.01878	0.02422	0.02413	0.01795	0.02562	0.01487	0.01970	0.01246	0.00711	0.00785	0.00237	0.00948	0.00706	0.00391	0.01237
13	0.01590	0.04102	0.68023	0.02260	0.03432	0.01842	0.02930	0.02511	0.01674	0.02511	0.01423	0.01674	0.01005	0.00753	0.00753	0.00251	0.01172	0.00586	0.00335	0.01172
14	0.02120	0.72609	0.04155	0.01357	0.02035	0.03138	0.01357	0.02374	0.01611	0.01866	0.01102	0.01272	0.01018	0.00678	0.00509	0.00170	0.00848	0.00424	0.00339	0.01018
15	0.01767	0.01953	0.04108	0.05340	0.03781	0.01900	0.52196	0.02354	0.01780	0.02428	0.01761	0.06672	0.01477	0.01008	0.03278	0.00309	0.05461	0.00996	0.00419	0.01011
16	0.02620	0.01174	0.01544	0.01259	0.01722	0.01047	0.01011	0.03019	0.04907	0.42238	0.21002	0.03975	0.08478	0.01240	0.00846	0.00249	0.00569	0.01044	0.00925	0.01128
17	0.00939	0.00797	0.00810	0.00821	0.01076	0.00668	0.00611	0.01136	0.01790	0.02135	0.07813	0.11474	0.63162	0.02037	0.00942	0.00271	0.00405	0.01708	0.00736	0.00668
18	0.03344	0.01341	0.01804	0.01424	0.02003	0.01190	0.01177	0.03748	0.05342	0.60664	0.03198	0.03087	0.02141	0.01059	0.00816	0.00254	0.00676	0.04469	0.00958	0.01308
19	0.05019	0.03799	0.59961	0.02207	0.03312	0.01815	0.04900	0.02564	0.01693	0.05445	0.01491	0.01719	0.01047	0.00760	0.00750	0.00251	0.01131	0.00601	0.00373	0.01163
20	0.01498	0.01409	0.02378	0.70226	0.05462	0.01762	0.02202	0.02026	0.01586	0.02026	0.01409	0.02114	0.01057	0.00793	0.00793	0.00264	0.01057	0.00705	0.00352	0.00881
21	0.00966	0.00690	0.00920	0.01104	0.01150	0.00644	0.00736	0.01104	0.01518	0.02024	0.04371	0.71614	0.05245	0.02484	0.01012	0.00322	0.00460	0.02254	0.00736	0.00644
22	0.01916	0.02457	0.11369	0.03045	0.03809	0.07149	0.48851	0.02546	0.01838	0.02452	0.01521	0.02008	0.01157	0.00733	0.01001	0.00266	0.05583	0.00850	0.00391	0.01057
23	0.01884	0.01804	0.03077	0.15898	0.56768	0.01863	0.02395	0.02365	0.01768	0.02495	0.01478	0.01988	0.01222	0.00721	0.00786	0.00240	0.00961	0.00706	0.00386	0.01193
24	0.00966	0.00690	0.00920	0.01104	0.01150	0.00644	0.00736	0.01104	0.01518	0.02024	0.04371	0.71614	0.05245	0.02484	0.01012	0.00322	0.00460	0.02254	0.00736	0.00644
25	0.01963	0.01884	0.03219	0.04867	0.67185	0.01884	0.02434	0.02434	0.01806	0.02591	0.01492	0.01963	0.01256	0.00707	0.00785	0.00236	0.00942	0.00707	0.00393	0.01256
26	0.01652	0.11997	0.60662	0.02156	0.03271	0.01991	0.02749	0.02496	0.01667	0.02437	0.01386	0.01628	0.01006	0.00745	0.00725	0.00242	0.01135	0.00567	0.00335	0.01154
27	0.05365	0.56249	0.16342	0.01517	0.02282	0.02828	0.01638	0.02399	0.01612	0.02065	0.01164	0.01350	0.01008	0.00695	0.00555	0.00189	0.00900	0.00455	0.00345	0.01040
28	0.02156	0.01757	0.01834	0.01620	0.02087	0.03760	0.01267	0.06707	0.56898	0.07923	0.03110	0.02854	0.02305	0.01057	0.00803	0.00264	0.00663	0.00871	0.00808	0.01257
29	0.02233	0.01656	0.02524	0.03322	0.37760	0.01658	0.01847	0.02941	0.12578	0.16515	0.02334	0.07230	0.01884	0.00953	0.00807	0.00249	0.00798	0.00868	0.00611	0.01232
30	0.01658	0.01454	0.01831	0.01308	0.02018	0.01115	0.04830	0.02030	0.01658	0.02581	0.01421	0.01675	0.01176	0.00592	0.00609	0.00127	0.00633	0.00498	0.00466	0.72319
31	0.01924	0.01844	0.03148	0.10348	0.62009	0.01874	0.02414	0.02399	0.01787	0.02543	0.01485	0.01975	0.01239	0.00714	0.00786	0.00238	0.00952	0.00706	0.00389	0.01225
32	0.02829	0.02136	0.02379	0.02001	0.07009	0.02331	0.01535	0.54532	0.06222	0.04639	0.01910	0.01942	0.01381	0.00923	0.00784	0.00233	0.00853	0.00710	0.00750	0.04901
33	0.01184	0.00865	0.00959	0.00909	0.01197	0.00732	0.00686	0.01419	0.01875	0.06953	0.15177	0.10694	0.47261	0.01845	0.00915	0.00260	0.00430	0.01558	0.00760	0.04322
34	0.01660	0.01461	0.01860	0.01328	0.02040	0.01124	0.05437	0.02035	0.01660	0.02581	0.01423	0.01679	0.01177	0.00593	0.00612	0.00128	0.00640	0.00503	0.00465	0.71591
35	0.02962	0.02195	0.02350	0.01814	0.02439	0.02435	0.01495	0.61518	0.06836	0.04913	0.01970	0.01957	0.01402	0.00958	0.00794	0.00240	0.00860	0.00723	0.00794	0.01344
36	0.01659	0.11222	0.58314	0.02216	0.03319	0.01986	0.05656	0.02498	0.01677	0.02445	0.01398	0.01654	0.01015	0.00741	0.00736	0.00243	0.01146	0.00585	0.00338	0.01151
37	0.01961	0.01862	0.03155	0.11373	0.55135	0.01904	0.04978	0.05322	0.01876	0.02644	0.01507	0.01983	0.01238	0.00725	0.00793	0.00240	0.00967	0.00716	0.00408	0.01214
38	0.01652	0.12050	0.60612	0.02155	0.03270	0.01992	0.02747	0.02495	0.01667	0.02436	0.01386	0.01628	0.01006	0.00745	0.00725	0.00242	0.01134	0.00567	0.00335	0.01154
39	0.00952	0.00746	0.00862	0.00955	0.01111	0.00657	0.00670	0.01121	0.01662	0.02083	0.06191	0.39813	0.35870	0.02248	0.00975	0.00295	0.00431	0.01966	0.00736	0.00657
40	0.01607	0.04004	0.65178	0.02375	0.06231	0.01843	0.02908	0.02508	0.01680	0.02515	0.01426	0.01687	0.01016	0.00751	0.00755	0.00250	0.01162	0.00591	0.00337	0.01176
41	0.05434	0.02045	0.02212	0.01730	0.02335	0.02243	0.01420	0.48866	0.11006	0.11259	0.02165	0.02094	0.01526	0.00963	0.00785	0.00243	0.00814	0.00735	0.00804	0.01321
42	0.01498	0.01409	0.02378	0.70226	0.05462	0.01762	0.02202	0.02026	0.01586	0.02026	0.01409	0.02114	0.01057	0.00793	0.00793	0.00264	0.01057	0.00705	0.00352	0.00881
43	0.00966	0.00690	0.00920	0.01104	0.01150	0.00644	0.00736	0.01104	0.01518	0.02024	0.04371	0.71614	0.05245	0.02484	0.01012	0.00322	0.00460	0.02254	0.00736	0.00644
44	0.03524	0.01403	0.01873	0.01436	0.02051	0.01245	0.01186	0.07589	0.02359	0.63883	0.03053	0.02650	0.01925	0.00980	0.00797	0.00245	0.00687	0.00792	0.00970	0.01349
45	0.03558	0.01350	0.01840	0.01411	0.02024	0.01166	0.01166	0.03865	0.02270	0.67734	0.03128	0.02699	0.01963	0.00981	0.00797	0.00245	0.00675	0.00797	0.00981	0.01350
46	0.00966	0.00690	0.00920	0.01104	0.01150	0.00644	0.00736	0.01104	0.01518	0.02024	0.04371	0.71614	0.05245	0.02484	0.01012	0.00322	0.00460	0.02254	0.00736	0.00644
47	0.01919	0.01840	0.03140	0.10961	0.61430	0.01873	0.02412	0.02396	0.01785	0.02538	0.01484	0.01977	0.01238	0.00715	0.00786	0.00238	0.00953	0.00706	0.00389	0.01221
48	0.07471	0.01345	0.01694	0.01367	0.01895	0.01269	0.01108	0.03526	0.11618	0.46196	0.11044	0.03059	0.02660	0.01061	0.00798	0.00249	0.00626	0.00870	0.00912	0.01230
49	0.01711	0.01449	0.01680	0.01206	0.01908	0.01126	0.00967	0.05049	0.01746	0.02702	0.01434	0.01657	0.01183	0.00605	0.00597	0.00123	0.00601	0.00482	0.00486	0.73288
50	0.02528	0.04136	0.01956	0.01509	0.02014	0.01789	0.01225	0.35266	0.02891	0.14562	0.06863	0.10335	0.08888	0.01260	0.00831	0.00250	0.00717	0.01024	0.00801	0.01156
51	0.01847	0.02002	0.04110	0.11399	0.17382	0.01952	0.44276	0.02459	0.01825	0.02491	0.01558	0.02100	0.01197	0.00691	0.00888	0.00260	0.01223	0.00861	0.00394	0.01086
52	0.01628	0.03817	0.01695	0.01177	0.01849	0.01108	0.00944	0.01966	0.01637	0.02532	0.01543	0.05047	0.01368	0.00683	0.00605	0.00129	0.00590	0.00555	0.00478	0.70647
53	0.01140	0.00838	0.01067	0.00991	0.01200	0.00760	0.00739	0.01489	0.02148	0.03031	0.57960	0.05771	0.09995	0.04486	0.01046	0.00265	0.00402	0.01388	0.00830	0.04454
54	0.01737	0.01410	0.01652	0.01197	0.01875	0.01095	0.00959	0.04126	0.01761	0.05011	0.04172	0.01866	0.01468	0.00656	0.00616	0.00131	0.00591	0.00529	0.00515	0.68633

[dist]
# distance from previous block
# <min> <max>
0	1

[block]
# block no. 4 follows, 24 sequences, length 59
# corresponding to MSA columns:
# 183-199,234-275
name=unknown_E
#
# <colnr> <probs for GDERKNQSTAVLIFYWHMCP>
#	G	D	E	R	K	N	Q	S	T	A	V	L	I	F	Y	W	H	M	C	P
0	0.02955	0.02192	0.02347	0.01813	0.02437	0.02432	0.01493	0.61116	0.07250	0.04902	0.01979	0.01964	0.01409	0.00959	0.00794	0.00240	0.00859	0.00724	0.00794	0.01343
1	0.02940	0.01470	0.01817	0.01466	0.02003	0.01439	0.01185	0.11204	0.14835	0.41099	0.06643	0.05579	0.02419	0.01092	0.00815	0.00252	0.00664	0.00901	0.00908	0.01269
2	0.12894	0.08384	0.17608	0.10231	0.07799	0.01872	0.11307	0.05259	0.01821	0.10977	0.01802	0.02033	0.02998	0.00805	0.00742	0.00245	0.00960	0.00688	0.00488	0.01086
3	0.01667	0.13963	0.58830	0.02130	0.03231	0.02028	0.02703	0.02492	0.01665	0.02418	0.01377	0.01616	0.01006	0.00743	0.00718	0.00239	0.01125	0.00563	0.00335	0.01150
4	0.01278	0.00913	0.01278	0.01460	0.01643	0.00913	0.01278	0.01643	0.01825	0.02373	0.04199	0.08945	0.04564	0.02191	0.01095	0.00365	0.00730	0.61847	0.00730	0.00730
5	0.01654	0.04018	0.65114	0.02241	0.03389	0.01869	0.02867	0.05260	0.01765	0.02621	0.01444	0.01684	0.01020	0.00762	0.00755	0.00251	0.01159	0.00592	0.00355	0.01180
6	0.02322	0.56892	0.12958	0.01683	0.02415	0.06133	0.01674	0.02580	0.01804	0.02205	0.01427	0.01717	0.01272	0.00875	0.00672	0.00234	0.00999	0.00542	0.00436	0.01161
7	0.01498	0.01409	0.02378	0.70226	0.05462	0.01762	0.02202	0.02026	0.01586	0.02026	0.01409	0.02114	0.01057	0.00793	0.00793	0.00264	0.01057	0.00705	0.00352	0.00881
8	0.00966	0.00690	0.00920	0.01104	0.01150	0.00644	0.00736	0.01104	0.01518	0.02024	0.04371	0.71614	0.05245	0.02484	0.01012	0.00322	0.00460	0.02254	0.00736	0.00644
9	0.03558	0.01350	0.01840	0.01411	0.02024	0.01166	0.01166	0.03865	0.02270	0.67734	0.03128	0.02699	0.01963	0.00981	0.00797	0.00245	0.00675	0.00797	0.00981	0.01350
10	0.03160	0.01285	0.01728	0.01359	0.01906	0.01133	0.01109	0.03540	0.04342	0.56462	0.12167	0.03165	0.02762	0.01075	0.00817	0.00247	0.00631	0.00891	0.00960	0.01261
11	0.00966	0.00690	0.00920	0.01104	0.01150	0.00644	0.00736	0.01104	0.01518	0.02024	0.04371	0.71614	0.05245	0.02484	0.01012	0.00322	0.00460	0.02254	0.00736	0.00644
12	0.01704	0.01791	0.03549	0.34190	0.07855	0.01887	0.32685	0.02298	0.01737	0.02306	0.01509	0.02119	0.01139	0.00728	0.00863	0.00264	0.01189	0.00818	0.00378	0.00992
13	0.74195	0.01566	0.01223	0.01080	0.01577	0.01811	0.00889	0.05276	0.01462	0.03626	0.01142	0.01317	0.00882	0.00746	0.00505	0.00245	0.00626	0.00443	0.00505	0.00882
14	0.01512	0.01501	0.02813	0.26351	0.03754	0.01600	0.23252	0.01986	0.01691	0.02263	0.05754	0.16020	0.02297	0.01158	0.00979	0.00280	0.04294	0.01131	0.00474	0.00891
15	0.01906	0.01619	0.01961	0.01610	0.05477	0.01481	0.03492	0.10601	0.13303	0.03028	0.01808	0.01946	0.01424	0.00731	0.00676	0.00172	0.00678	0.00607	0.00565	0.46915
16	0.01798	0.01368	0.01621	0.01214	0.01845	0.01083	0.00962	0.04607	0.01770	0.08196	0.01863	0.08515	0.01643	0.00819	0.00655	0.00153	0.00594	0.00680	0.00552	0.60061
17	0.01654	0.01439	0.01768	0.01263	0.01972	0.01096	0.03522	0.02019	0.01654	0.02582	0.01417	0.01665	0.01176	0.00591	0.00601	0.00124	0.00618	0.00489	0.00467	0.73886
18	0.02934	0.02144	0.02294	0.01768	0.02379	0.02369	0.01458	0.61271	0.03621	0.04891	0.01939	0.01959	0.01384	0.00950	0.00781	0.00235	0.00846	0.00715	0.04743	0.01317
19	0.01843	0.02053	0.04349	0.03262	0.06721	0.01974	0.55547	0.02463	0.01832	0.02502	0.01683	0.02407	0.01344	0.00774	0.01023	0.00274	0.04909	0.03573	0.00412	0.01052
20	0.03295	0.01291	0.01756	0.01366	0.01934	0.01120	0.01120	0.03609	0.02267	0.60761	0.10003	0.03047	0.02559	0.01051	0.00812	0.00246	0.00642	0.00866	0.00970	0.01285
21	0.01673	0.01384	0.01604	0.01185	0.01828	0.01094	0.00941	0.05205	0.01747	0.02698	0.01643	0.05364	0.01435	0.00720	0.00619	0.00137	0.00586	0.00588	0.03963	0.65586
22	0.01676	0.01410	0.02006	0.18957	0.05859	0.01329	0.04579	0.02162	0.04433	0.05559	0.05145	0.05779	0.01782	0.00841	0.00726	0.00198	0.00749	0.00741	0.00506	0.35563
23	0.01773	0.01437	0.01680	0.01208	0.01907	0.01113	0.00970	0.04387	0.01747	0.05328	0.01498	0.01697	0.01213	0.00617	0.00603	0.00127	0.00601	0.00492	0.00503	0.71099
24	0.01113	0.00810	0.01051	0.01018	0.01203	0.00748	0.00769	0.01466	0.02163	0.03022	0.57013	0.09225	0.10585	0.01715	0.00948	0.00260	0.00400	0.04900	0.00851	0.00738
25	0.01723	0.01719	0.02426	0.05437	0.02248	0.02396	0.01758	0.01914	0.01233	0.01914	0.01059	0.01754	0.01042	0.01359	0.02513	0.00343	0.67252	0.00694	0.00347	0.00868
26	0.01830	0.02000	0.04111	0.11428	0.11355	0.01986	0.46318	0.02431	0.01793	0.02449	0.01536	0.02093	0.01183	0.00728	0.00996	0.00268	0.05178	0.00868	0.00391	0.01057
27	0.01644	0.01409	0.01644	0.01175	0.01879	0.01057	0.00940	0.01997	0.01644	0.02584	0.01409	0.01644	0.01175	0.00587	0.00587	0.00117	0.00587	0.00470	0.00470	0.76979
28	0.01644	0.01409	0.01644	0.01175	0.01879	0.01057	0.00940	0.01997	0.01644	0.02584	0.01409	0.01644	0.01175	0.00587	0.00587	0.00117	0.00587	0.00470	0.00470	0.76979
29	0.02073	0.66497	0.09853	0.01437	0.02160	0.03022	0.01497	0.02387	0.01617	0.01923	0.01131	0.01308	0.01016	0.00685	0.00531	0.00177	0.00877	0.00438	0.00339	0.01031
30	0.02504	0.02315	0.02054	0.03546	0.04116	0.22963	0.01408	0.13434	0.15255	0.09488	0.08771	0.02464	0.02136	0.01021	0.00889	0.00242	0.04879	0.00769	0.00654	0.01090
31	0.01524	0.01436	0.02426	0.66531	0.08950	0.01769	0.02215	0.02049	0.01598	0.02058	0.01414	0.02106	0.01068	0.00788	0.00792	0.00263	0.01051	0.00705	0.00355	0.00902
32	0.02021	0.01727	0.01820	0.01624	0.02080	0.01995	0.01267	0.07000	0.62887	0.03395	0.03166	0.02910	0.02371	0.01070	0.00806	0.00268	0.00639	0.00888	0.00806	0.01259
33	0.01860	0.02101	0.04521	0.03229	0.04026	0.01956	0.61002	0.02512	0.01860	0.02542	0.01594	0.02113	0.01202	0.00664	0.00918	0.00260	0.01298	0.00912	0.00405	0.05026
34	0.01900	0.01624	0.01735	0.01579	0.02002	0.01865	0.01234	0.03963	0.59703	0.03263	0.06052	0.03395	0.02752	0.01157	0.00827	0.00273	0.00622	0.04044	0.00806	0.01206
35	0.01590	0.04102	0.68023	0.02260	0.03432	0.01842	0.02930	0.02511	0.01674	0.02511	0.01423	0.01674	0.01005	0.00753	0.00753	0.00251	0.01172	0.00586	0.00335	0.01172
36	0.01862	0.02086	0.04461	0.06427	0.09206	0.01985	0.56642	0.02509	0.01854	0.02521	0.01587	0.02124	0.01201	0.00677	0.00918	0.00265	0.01293	0.00907	0.00398	0.01076
37	0.03421	0.01380	0.01836	0.01428	0.02028	0.01235	0.01173	0.03895	0.07742	0.62181	0.03137	0.02721	0.02002	0.00990	0.00798	0.00247	0.00671	0.00806	0.00966	0.01341
38	0.02973	0.03469	0.02274	0.01999	0.02453	0.55714	0.01527	0.15383	0.02542	0.02549	0.01361	0.01524	0.01087	0.00844	0.00731	0.00211	0.01319	0.00551	0.00485	0.01005
39	0.02075	0.69342	0.04024	0.01353	0.02007	0.03040	0.01340	0.02331	0.01596	0.01865	0.01149	0.01356	0.01062	0.00918	0.03626	0.00220	0.00906	0.00443	0.00343	0.01004
40	0.00966	0.00690	0.00920	0.01104	0.01150	0.00644	0.00736	0.01104	0.01518	0.02024	0.04371	0.71614	0.05245	0.02484	0.01012	0.00322	0.00460	0.02254	0.00736	0.00644
41	0.00962	0.00769	0.00864	0.00936	0.01123	0.00671	0.00678	0.01148	0.01708	0.02111	0.06595	0.29953	0.42766	0.02182	0.00970	0.00291	0.00436	0.04439	0.00736	0.00663
42	0.02288	0.02046	0.02094	0.05038	0.08428	0.11169	0.01475	0.11738	0.37457	0.05838	0.02531	0.02469	0.01899	0.00973	0.00789	0.00252	0.00820	0.00789	0.00699	0.01209
43	0.01857	0.02241	0.07980	0.03286	0.04107	0.01997	0.61106	0.02539	0.01861	0.02539	0.01595	0.02115	0.01193	0.00673	0.00926	0.00267	0.01328	0.00918	0.00398	0.01075
44	0.01200	0.00857	0.01188	0.01371	0.01519	0.00845	0.01142	0.01508	0.01748	0.02286	0.04242	0.24674	0.04735	0.02264	0.01074	0.00354	0.00662	0.46891	0.00732	0.00709
45	0.02237	0.01804	0.02036	0.05701	0.05682	0.02043	0.01425	0.17941	0.42470	0.05658	0.02726	0.02608	0.02021	0.01009	0.00802	0.00259	0.00726	0.00831	0.00762	0.01259
46	0.01669	0.03992	0.65386	0.02226	0.03376	0.01815	0.02860	0.02565	0.01698	0.05109	0.01491	0.01715	0.01043	0.00762	0.00755	0.00251	0.01152	0.00594	0.00361	0.01179
47	0.01590	0.04102	0.68023	0.02260	0.03432	0.01842	0.02930	0.02511	0.01674	0.02511	0.01423	0.01674	0.01005	0.00753	0.00753	0.00251	0.01172	0.00586	0.00335	0.01172
48	0.01225	0.00835	0.01084	0.01008	0.01218	0.00764	0.00761	0.01588	0.02226	0.06078	0.61189	0.05854	0.09933	0.01610	0.00929	0.00250	0.00389	0.01416	0.00872	0.00772
49	0.03280	0.01519	0.01861	0.01462	0.02038	0.04254	0.01193	0.08903	0.05518	0.52974	0.06262	0.02757	0.02180	0.01010	0.00801	0.00244	0.00707	0.00816	0.00926	0.01295
50	0.00937	0.00803	0.00803	0.00803	0.01071	0.00669	0.00602	0.01138	0.01807	0.02142	0.08033	0.07632	0.66863	0.02008	0.00937	0.00268	0.00402	0.01674	0.00736	0.00669
51	0.02120	0.72609	0.04155	0.01357	0.02035	0.03138	0.01357	0.02374	0.01611	0.01866	0.01102	0.01272	0.01018	0.00678	0.00509	0.00170	0.00848	0.00424	0.00339	0.01018
52	0.09218	0.13562	0.05094	0.01798	0.02289	0.34330	0.01482	0.08288	0.08747	0.02501	0.01463	0.01619	0.01181	0.00853	0.00775	0.00221	0.04538	0.00560	0.00474	0.01009
53	0.05741	0.02052	0.04273	0.06964	0.04016	0.01979	0.55437	0.02556	0.03947	0.02589	0.01621	0.02121	0.01218	0.00692	0.00901	0.00266	0.01260	0.00895	0.00416	0.01054
54	0.01746	0.01894	0.03587	0.02684	0.03253	0.04825	0.42414	0.02236	0.01739	0.02336	0.01937	0.11117	0.01792	0.05025	0.01246	0.00303	0.07191	0.01063	0.00446	0.03165
55	0.02280	0.01790	0.05157	0.01665	0.02264	0.01672	0.07239	0.25020	0.04619	0.10335	0.02489	0.07527	0.05405	0.01027	0.00783	0.00227	0.00772	0.00868	0.03489	0.15373
56	0.02484	0.08447	0.02220	0.01695	0.02220	0.31536	0.01337	0.12805	0.05616	0.02696	0.04262	0.01812	0.01456	0.00825	0.00697	0.00193	0.01021	0.00587	0.00519	0.17571
57	0.01917	0.11114	0.07753	0.01378	0.02098	0.01567	0.01239	0.07664	0.04810	0.05500	0.01570	0.01726	0.01245	0.00684	0.00628	0.00159	0.00702	0.00528	0.00506	0.47212
58	0.05710	0.06634	0.47485	0.02037	0.03034	0.01947	0.02424	0.11995	0.02006	0.07220	0.01578	0.01739	0.01113	0.00794	0.00738	0.00245	0.01051	0.00604	0.00455	0.01188

[dist]
# distance from previous block
# <min> <max>
1	7

[block]
# block no. 5 follows, 24 sequences, length 8
# corresponding to MSA columns:
# 283-290
name=unknown_F
#
# <colnr> <probs for GDERKNQSTAVLIFYWHMCP>
#	G	D	E	R	K	N	Q	S	T	A	V	L	I	F	Y	W	H	M	C	P
0	0.30849	0.08914	0.03851	0.01168	0.01558	0.03997	0.00952	0.06126	0.03721	0.02794	0.05532	0.02866	0.04152	0.18851	0.01474	0.00369	0.00722	0.00754	0.00524	0.00825
1	0.09583	0.07825	0.01857	0.08224	0.02081	0.01562	0.01183	0.07651	0.01906	0.02841	0.18034	0.05599	0.02969	0.01129	0.00932	0.00233	0.07671	0.02787	0.00586	0.15348
2	0.01278	0.00987	0.01250	0.01251	0.01523	0.00893	0.00970	0.01642	0.04888	0.02332	0.03517	0.32369	0.03879	0.01850	0.00919	0.00280	0.00579	0.18980	0.00671	0.19943
3	0.02975	0.03387	0.02281	0.01988	0.02453	0.52187	0.01526	0.18638	0.02621	0.02711	0.01397	0.01549	0.01104	0.00851	0.00735	0.00213	0.01290	0.00562	0.00506	0.01028
4	0.02202	0.65925	0.03970	0.01423	0.02076	0.09528	0.01374	0.02451	0.01673	0.01873	0.01114	0.01287	0.01018	0.00692	0.00529	0.00173	0.00905	0.00432	0.00346	0.01008
5	0.01006	0.00720	0.00955	0.01077	0.01159	0.00670	0.00739	0.01203	0.01701	0.02316	0.20100	0.55054	0.05809	0.02267	0.00993	0.00304	0.00438	0.02048	0.00771	0.00670
6	0.02968	0.03617	0.02261	0.02020	0.02452	0.62007	0.01530	0.09574	0.02402	0.02260	0.01297	0.01479	0.01056	0.00831	0.00723	0.00208	0.01372	0.00532	0.00449	0.00964
7	0.01965	0.01839	0.02859	0.04047	0.50768	0.01906	0.02137	0.02882	0.17926	0.02774	0.01929	0.02214	0.01550	0.00800	0.00791	0.00244	0.00863	0.00754	0.00497	0.01256

[dist]
# distance from previous block
# <min> <max>
7	17

[block]
# block no. 6 follows, 24 sequences, length 96
# corresponding to MSA columns:
# 311-406
name=unknown_G
#
# <colnr> <probs for GDERKNQSTAVLIFYWHMCP>
#	G	D	E	R	K	N	Q	S	T	A	V	L	I	F	Y	W	H	M	C	P
0	0.06069	0.02565	0.07823	0.01670	0.02137	0.31212	0.01375	0.02712	0.02008	0.12454	0.05210	0.12398	0.02116	0.01108	0.00768	0.00231	0.01000	0.00862	0.00571	0.05710
1	0.01821	0.06077	0.08852	0.06683	0.03632	0.04326	0.40931	0.02386	0.01755	0.02361	0.01619	0.05435	0.01347	0.00851	0.01056	0.00269	0.08287	0.00894	0.00401	0.01017
2	0.11056	0.20176	0.12069	0.06038	0.05549	0.01889	0.07195	0.02210	0.01617	0.05935	0.01858	0.11480	0.01716	0.01080	0.00824	0.03938	0.00843	0.00824	0.02750	0.00954
3	0.02780	0.05756	0.04004	0.01508	0.02088	0.03945	0.01270	0.16958	0.07794	0.29890	0.08994	0.02651	0.02262	0.00994	0.00778	0.00233	0.00730	0.00795	0.00807	0.05761
4	0.06506	0.06802	0.01734	0.05367	0.01912	0.01274	0.01081	0.04753	0.02080	0.29861	0.16773	0.09651	0.06374	0.01256	0.00813	0.00249	0.00617	0.01051	0.00802	0.01042
5	0.01850	0.01769	0.03015	0.20747	0.52188	0.01854	0.02377	0.02335	0.01752	0.02453	0.01472	0.01999	0.01208	0.00728	0.00787	0.00243	0.00970	0.00706	0.00383	0.01165
6	0.01852	0.02096	0.04509	0.06027	0.04128	0.02010	0.59657	0.02498	0.01838	0.02498	0.01577	0.02124	0.01192	0.00698	0.00986	0.00270	0.03670	0.00918	0.00397	0.01055
7	0.01146	0.00791	0.01110	0.01199	0.01318	0.00732	0.03013	0.01324	0.01597	0.05526	0.04385	0.59766	0.07997	0.02305	0.00998	0.00315	0.00510	0.04532	0.00737	0.00701
8	0.01590	0.04102	0.68023	0.02260	0.03432	0.01842	0.02930	0.02511	0.01674	0.02511	0.01423	0.01674	0.01005	0.00753	0.00753	0.00251	0.01172	0.00586	0.00335	0.01172
9	0.02631	0.05316	0.19003	0.01710	0.02415	0.01685	0.01687	0.09790	0.07835	0.30576	0.04220	0.02358	0.01765	0.00953	0.00866	0.00250	0.04242	0.00740	0.00717	0.01240
10	0.01695	0.09460	0.50075	0.02465	0.06226	0.01978	0.12206	0.02501	0.01705	0.02465	0.01427	0.01725	0.01047	0.00732	0.00762	0.00246	0.01160	0.00631	0.00348	0.01147
11	0.02106	0.01944	0.03089	0.04524	0.60165	0.05079	0.02314	0.02555	0.01855	0.06452	0.01577	0.01981	0.01287	0.00728	0.00782	0.00235	0.00950	0.00703	0.00428	0.01245
12	0.02933	0.10552	0.04376	0.01710	0.02338	0.07175	0.01457	0.36837	0.05161	0.16561	0.02030	0.01979	0.01432	0.00914	0.00754	0.00230	0.00873	0.00683	0.00735	0.01269
13	0.01529	0.01421	0.02305	0.57646	0.04784	0.01802	0.02059	0.02001	0.01539	0.02056	0.01417	0.02104	0.01103	0.00879	0.01025	0.00272	0.10404	0.00705	0.04077	0.00872
14	0.00997	0.00714	0.00948	0.01083	0.01157	0.00665	0.00738	0.01182	0.01661	0.02252	0.16674	0.58661	0.05686	0.02314	0.00997	0.00308	0.00443	0.02093	0.00763	0.00665
15	0.00966	0.00690	0.00920	0.01104	0.01150	0.00644	0.00736	0.01104	0.01518	0.02024	0.04371	0.71614	0.05245	0.02484	0.01012	0.00322	0.00460	0.02254	0.00736	0.00644
16	0.02409	0.04875	0.36182	0.01954	0.02867	0.01617	0.05562	0.03051	0.01922	0.28608	0.02107	0.02099	0.01400	0.00838	0.00774	0.00247	0.00973	0.00685	0.00598	0.01233
17	0.01632	0.07001	0.61961	0.02351	0.06573	0.01901	0.02836	0.02501	0.01678	0.02487	0.01412	0.01671	0.01018	0.00748	0.00744	0.00247	0.01146	0.00585	0.00338	0.01169
18	0.03558	0.01350	0.01840	0.01411	0.02024	0.01166	0.01166	0.03865	0.02270	0.67734	0.03128	0.02699	0.01963	0.00981	0.00797	0.00245	0.00675	0.00797	0.00981	0.01350
19	0.01362	0.01079	0.01312	0.01463	0.01663	0.04966	0.01260	0.01709	0.01850	0.02336	0.04211	0.08431	0.07442	0.02099	0.01065	0.00351	0.00756	0.55198	0.00711	0.00738
20	0.01819	0.06654	0.39152	0.02573	0.07557	0.03897	0.16706	0.02646	0.04880	0.04340	0.01583	0.01864	0.01163	0.00751	0.00788	0.00249	0.01146	0.00685	0.00397	0.01148
21	0.01657	0.10793	0.58553	0.02224	0.03329	0.01978	0.05818	0.02499	0.01678	0.02449	0.01400	0.01657	0.01016	0.00742	0.00738	0.00244	0.01148	0.00587	0.00339	0.01152
22	0.00966	0.00690	0.00920	0.01104	0.01150	0.00644	0.00736	0.01104	0.01518	0.02024	0.04371	0.71614	0.05245	0.02484	0.01012	0.00322	0.00460	0.02254	0.00736	0.00644
