[name]
unknown

[dist]
# distance from previous block
# <min> <max>
0	44

[block]
# block no. 0 follows, 25 sequences, length 18
# corresponding to MSA columns:
# 44-61
name=unknown_A
#
# <colnr> <probs for GDERKNQSTAVLIFYWHMCP>
#	G	D	E	R	K	N	Q	S	T	A	V	L	I	F	Y	W	H	M	C	P
0	0.01209	0.00864	0.01203	0.01382	0.01542	0.00858	0.01179	0.01536	0.01745	0.02275	0.04128	0.17189	0.04551	0.02180	0.01060	0.00351	0.00679	0.54652	0.00715	0.00703
1	0.02547	0.01796	0.02075	0.01639	0.02183	0.01892	0.03428	0.40473	0.05871	0.10779	0.02318	0.11336	0.01918	0.01101	0.00794	0.00237	0.00762	0.00904	0.00750	0.07196
2	0.34812	0.01388	0.01487	0.01514	0.07881	0.01486	0.01065	0.06430	0.05448	0.12099	0.05254	0.13815	0.02173	0.01112	0.00692	0.00253	0.00619	0.00886	0.00631	0.00955
3	0.00974	0.00695	0.00933	0.01113	0.01170	0.00655	0.00770	0.01130	0.01513	0.02012	0.04257	0.66197	0.05065	0.02402	0.00997	0.00319	0.00475	0.07966	0.00719	0.00638
4	0.02829	0.02113	0.02260	0.01760	0.02359	0.02349	0.01445	0.58190	0.10978	0.04695	0.02012	0.01982	0.01441	0.00945	0.00777	0.00236	0.00825	0.00719	0.00777	0.01308
5	0.01885	0.08980	0.26184	0.02174	0.11272	0.01858	0.01966	0.06386	0.15642	0.06467	0.05018	0.02476	0.01825	0.00915	0.00758	0.00244	0.00875	0.03399	0.00536	0.01142
6	0.12141	0.01774	0.05874	0.04285	0.18966	0.01774	0.01565	0.06788	0.24067	0.07257	0.02474	0.02510	0.05346	0.00927	0.00745	0.00247	0.00738	0.00771	0.00611	0.01140
7	0.01770	0.07740	0.56190	0.02103	0.03151	0.01954	0.02591	0.10808	0.01901	0.02742	0.01436	0.01644	0.01028	0.00758	0.00728	0.00239	0.01089	0.00580	0.00387	0.01160
8	0.01673	0.01448	0.02412	0.36060	0.06060	0.01619	0.10774	0.05143	0.03677	0.06209	0.10453	0.04841	0.02129	0.00960	0.00876	0.00258	0.03099	0.00875	0.00501	0.00934
9	0.02116	0.09235	0.04602	0.05650	0.02388	0.08233	0.09752	0.10479	0.06893	0.11979	0.10809	0.03077	0.09340	0.01046	0.00791	0.00236	0.00828	0.00889	0.00633	0.01023
10	0.57308	0.04886	0.07926	0.01223	0.01770	0.01828	0.01109	0.02543	0.10030	0.03276	0.01386	0.01513	0.01063	0.00763	0.00547	0.00240	0.00665	0.00495	0.00500	0.00928
11	0.01251	0.00720	0.00794	0.00834	0.00937	0.00710	0.00562	0.01466	0.01463	0.02322	0.02892	0.18812	0.02902	0.20246	0.01542	0.00361	0.00484	0.01158	0.39908	0.00635
12	0.01952	0.01476	0.02172	0.18442	0.21555	0.01554	0.01676	0.04698	0.10730	0.13099	0.02771	0.05325	0.09147	0.01018	0.00799	0.00250	0.00784	0.00892	0.00586	0.01074
13	0.01888	0.04156	0.15594	0.06842	0.37242	0.06253	0.07796	0.02533	0.05620	0.02471	0.01526	0.01895	0.01215	0.00728	0.00765	0.00236	0.01013	0.00680	0.00396	0.01152
14	0.01057	0.00844	0.00986	0.01001	0.01244	0.00727	0.00753	0.01275	0.01663	0.02145	0.05458	0.26341	0.32261	0.01941	0.00912	0.00270	0.00473	0.09096	0.00685	0.10871
15	0.00966	0.00690	0.00887	0.01036	0.01087	0.00646	0.00683	0.01087	0.01456	0.01927	0.04235	0.60721	0.08062	0.10979	0.01346	0.00365	0.00484	0.02044	0.00689	0.00612
16	0.10204	0.08874	0.08718	0.17331	0.08188	0.14147	0.03080	0.08391	0.03721	0.08058	0.01532	0.01784	0.01154	0.00788	0.00704	0.00230	0.00983	0.00609	0.00473	0.01029
17	0.01521	0.10681	0.01765	0.01328	0.01614	0.01369	0.03897	0.12819	0.01893	0.02483	0.03290	0.32827	0.07414	0.05971	0.04987	0.00354	0.00728	0.03607	0.00631	0.00820

[dist]
# distance from previous block
# <min> <max>
0	2

[block]
# block no. 1 follows, 25 sequences, length 9
# corresponding to MSA columns:
# 64-72
name=unknown_B
#
# <colnr> <probs for GDERKNQSTAVLIFYWHMCP>
#	G	D	E	R	K	N	Q	S	T	A	V	L	I	F	Y	W	H	M	C	P
0	0.01124	0.00791	0.01050	0.01192	0.01289	0.00777	0.00912	0.01333	0.01549	0.02037	0.03813	0.28848	0.04337	0.17012	0.01646	0.00426	0.00635	0.29930	0.00665	0.00635
1	0.02293	0.01890	0.05453	0.01564	0.02187	0.01823	0.01320	0.27183	0.17805	0.06838	0.02070	0.02063	0.01532	0.00853	0.00722	0.00209	0.00726	0.00673	0.00678	0.22119
2	0.01926	0.06534	0.12506	0.01989	0.11287	0.01512	0.03665	0.02574	0.09469	0.12326	0.02207	0.08156	0.01868	0.00965	0.00746	0.00224	0.00766	0.03623	0.00565	0.17093
3	0.25342	0.13626	0.06819	0.01490	0.04928	0.01890	0.01264	0.12882	0.01952	0.11427	0.04072	0.01898	0.01444	0.00975	0.02762	0.00255	0.00766	0.00599	0.04580	0.01031
4	0.02004	0.53440	0.03584	0.15913	0.02719	0.02742	0.01509	0.06458	0.01708	0.02062	0.01193	0.01457	0.01025	0.00705	0.00574	0.00190	0.00874	0.00491	0.00364	0.00989
5	0.01373	0.01014	0.01194	0.01175	0.01384	0.01014	0.00860	0.14563	0.02040	0.02704	0.09848	0.42337	0.13523	0.01974	0.00928	0.00284	0.00519	0.01737	0.00743	0.00786
6	0.01121	0.00868	0.01218	0.11442	0.01806	0.00930	0.01003	0.01319	0.01458	0.01940	0.03384	0.41293	0.03891	0.12530	0.01488	0.00377	0.04354	0.08309	0.00607	0.00661
7	0.06560	0.01617	0.01863	0.01485	0.01964	0.01701	0.01193	0.33728	0.02630	0.19508	0.02005	0.02123	0.01446	0.01296	0.01233	0.16391	0.00756	0.00699	0.00713	0.01089
8	0.00979	0.00707	0.00972	0.01114	0.01179	0.00701	0.00772	0.01143	0.01435	0.01942	0.03814	0.57764	0.04461	0.03138	0.15363	0.00510	0.00790	0.01917	0.00656	0.00643

[dist]
# distance from previous block
# <min> <max>
0	1

[block]
# block no. 2 follows, 25 sequences, length 74
# corresponding to MSA columns:
# 74-147
name=unknown_C
#
# <colnr> <probs for GDERKNQSTAVLIFYWHMCP>
#	G	D	E	R	K	N	Q	S	T	A	V	L	I	F	Y	W	H	M	C	P
0	0.02037	0.67697	0.03874	0.01313	0.01978	0.02912	0.01295	0.02293	0.01578	0.01878	0.01101	0.01272	0.01007	0.00657	0.00503	0.00162	0.00810	0.00418	0.00341	0.06873
1	0.01893	0.01643	0.01797	0.06904	0.02272	0.01913	0.01298	0.03956	0.61522	0.03146	0.03019	0.02829	0.02264	0.01031	0.00788	0.00263	0.00646	0.00862	0.00755	0.01199
2	0.01091	0.00792	0.01027	0.00968	0.01154	0.00729	0.00726	0.01450	0.02179	0.03071	0.65268	0.05854	0.09577	0.01599	0.00915	0.00245	0.00367	0.01411	0.00849	0.00729
3	0.01865	0.01598	0.01698	0.01532	0.01950	0.01837	0.01189	0.03916	0.61571	0.03233	0.08100	0.03116	0.02747	0.01093	0.00799	0.00262	0.00595	0.00917	0.00794	0.01189
4	0.02748	0.08896	0.02353	0.01949	0.02340	0.59774	0.01499	0.02950	0.02078	0.01890	0.01176	0.01407	0.01000	0.00828	0.00814	0.00207	0.06292	0.00506	0.00390	0.00903
5	0.01738	0.07130	0.02870	0.32484	0.36364	0.01886	0.02203	0.02206	0.01660	0.02245	0.01395	0.01930	0.01128	0.00724	0.00750	0.00237	0.00962	0.00669	0.00363	0.01055
6	0.07039	0.00866	0.01137	0.04702	0.01560	0.00880	0.01015	0.01447	0.01628	0.02282	0.06608	0.34699	0.04422	0.02062	0.00969	0.00320	0.00594	0.26388	0.00686	0.00696
7	0.01081	0.00892	0.00916	0.00871	0.01157	0.00793	0.00664	0.06063	0.01931	0.02356	0.10154	0.06954	0.59717	0.01867	0.00905	0.00259	0.00427	0.01553	0.00730	0.00709
8	0.02126	0.01156	0.01517	0.07068	0.01922	0.01131	0.01074	0.05507	0.07118	0.25745	0.26376	0.03948	0.03911	0.01217	0.00828	0.00246	0.00577	0.03160	0.04360	0.01011
9	0.01161	0.00860	0.01092	0.01022	0.01224	0.00824	0.00770	0.01667	0.07137	0.03120	0.62560	0.05569	0.06936	0.01544	0.00905	0.00245	0.00385	0.01362	0.00849	0.00770
10	0.07590	0.03309	0.49852	0.01973	0.02937	0.01755	0.02367	0.02755	0.09473	0.08229	0.01722	0.01845	0.01218	0.00792	0.00727	0.00247	0.00999	0.00615	0.00448	0.01147
11	0.02897	0.08382	0.02367	0.01809	0.02336	0.31487	0.01447	0.28658	0.02745	0.08234	0.01604	0.01672	0.01201	0.00855	0.00721	0.00214	0.01073	0.00596	0.00592	0.01111
12	0.01830	0.01438	0.04431	0.01298	0.01710	0.02964	0.01061	0.10799	0.14414	0.10344	0.20834	0.04094	0.12695	0.03947	0.00942	0.00260	0.00598	0.01060	0.00757	0.04523
13	0.02191	0.01770	0.08564	0.16239	0.11056	0.01646	0.04216	0.04931	0.16548	0.18952	0.02266	0.02357	0.01618	0.00873	0.00773	0.00247	0.00827	0.00753	0.03025	0.01147
14	0.01555	0.04011	0.68733	0.02210	0.03356	0.01801	0.02865	0.02455	0.01637	0.02455	0.01391	0.01637	0.00982	0.00737	0.00737	0.00246	0.01146	0.00573	0.00327	0.01146
15	0.03337	0.01324	0.01837	0.06287	0.02217	0.01181	0.01211	0.03652	0.02172	0.63758	0.02940	0.02599	0.01857	0.00947	0.00779	0.00241	0.00686	0.00773	0.00916	0.01287
16	0.01287	0.01099	0.01495	0.06708	0.06392	0.01102	0.04251	0.01878	0.11091	0.02505	0.16472	0.10135	0.23306	0.01569	0.00897	0.00269	0.00586	0.07440	0.00686	0.00830
17	0.03916	0.06332	0.58122	0.02186	0.03225	0.01880	0.05806	0.02421	0.01615	0.02438	0.01363	0.01636	0.00990	0.00757	0.00809	0.00247	0.04225	0.00584	0.00336	0.01113
18	0.02869	0.01456	0.01781	0.01458	0.01994	0.01450	0.01174	0.03913	0.27527	0.42784	0.03097	0.02739	0.02095	0.00996	0.00783	0.00249	0.00642	0.00818	0.00892	0.01283
19	0.00930	0.00786	0.00805	0.00800	0.01056	0.00661	0.00600	0.01140	0.01801	0.02173	0.12489	0.07332	0.62916	0.01934	0.00916	0.00260	0.00391	0.01618	0.00730	0.00661
20	0.00945	0.00707	0.00878	0.01003	0.01107	0.00641	0.00688	0.01105	0.01587	0.02060	0.08077	0.53294	0.20538	0.02276	0.00968	0.00299	0.00432	0.02028	0.00726	0.00641
21	0.02751	0.01807	0.02012	0.01601	0.02161	0.01936	0.01304	0.35619	0.16377	0.18554	0.02698	0.02530	0.04986	0.01014	0.00786	0.00242	0.00737	0.00801	0.00817	0.01267
22	0.01117	0.00794	0.01060	0.01060	0.01134	0.00868	0.00737	0.01265	0.01191	0.01662	0.02247	0.03988	0.02347	0.36890	0.39162	0.01017	0.01462	0.00969	0.00441	0.00589
23	0.02505	0.01952	0.02078	0.01694	0.02236	0.02198	0.01367	0.38723	0.30973	0.04172	0.02424	0.02310	0.01774	0.00983	0.00781	0.00246	0.00749	0.00776	0.00781	0.01279
24	0.01863	0.01869	0.03412	0.08888	0.43463	0.01869	0.19170	0.02455	0.04587	0.02512	0.01556	0.02018	0.01250	0.00703	0.00809	0.00242	0.01019	0.00759	0.00401	0.01153
25	0.02687	0.22081	0.02731	0.01766	0.02289	0.35639	0.01446	0.17740	0.02375	0.02591	0.01324	0.01467	0.01074	0.00794	0.00663	0.00198	0.01115	0.00524	0.00471	0.01025
26	0.03339	0.01380	0.01817	0.01411	0.01999	0.01250	0.01159	0.06223	0.07216	0.60943	0.03019	0.02628	0.01930	0.00966	0.00780	0.00241	0.00664	0.00784	0.00939	0.01312
27	0.01555	0.04011	0.68733	0.02210	0.03356	0.01801	0.02865	0.02455	0.01637	0.02455	0.01391	0.01637	0.00982	0.00737	0.00737	0.00246	0.01146	0.00573	0.00327	0.01146
28	0.01555	0.04011	0.68733	0.02210	0.03356	0.01801	0.02865	0.02455	0.01637	0.02455	0.01391	0.01637	0.00982	0.00737	0.00737	0.00246	0.01146	0.00573	0.00327	0.01146
29	0.00970	0.00685	0.00892	0.01047	0.01086	0.00647	0.00685	0.01086	0.01435	0.01913	0.04019	0.62906	0.04807	0.12206	0.01401	0.00376	0.00492	0.02055	0.00685	0.00608
30	0.00945	0.00675	0.00900	0.01080	0.01125	0.00630	0.00720	0.01080	0.01484	0.01979	0.04274	0.72245	0.05128	0.02429	0.00990	0.00315	0.00450	0.02204	0.00720	0.00630
31	0.01791	0.01712	0.02917	0.23307	0.50364	0.01809	0.02316	0.02268	0.01705	0.02378	0.01436	0.01961	0.01174	0.00715	0.00770	0.00238	0.00953	0.00690	0.00373	0.01125
32	0.01464	0.01378	0.02326	0.70887	0.05340	0.01723	0.02153	0.01981	0.01550	0.01981	0.01378	0.02067	0.01034	0.00775	0.00775	0.00258	0.01034	0.00689	0.00345	0.00861
33	0.01802	0.01722	0.02935	0.21841	0.51750	0.01811	0.02321	0.02277	0.01710	0.02390	0.01438	0.01957	0.01178	0.00713	0.00770	0.00238	0.00950	0.00690	0.00374	0.01133
34	0.01898	0.01821	0.03109	0.07819	0.65019	0.01837	0.02369	0.02361	0.01756	0.02508	0.01455	0.01926	0.01219	0.00695	0.00768	0.00232	0.00926	0.00691	0.00382	0.01211
35	0.01104	0.00797	0.01046	0.00996	0.01179	0.00739	0.00755	0.01470	0.02176	0.03073	0.64607	0.05927	0.07186	0.01611	0.00922	0.00249	0.00382	0.04204	0.00847	0.00731
36	0.01698	0.01769	0.03065	0.02410	0.02698	0.02119	0.24061	0.02047	0.01419	0.02079	0.01295	0.01941	0.01145	0.01455	0.07184	0.00382	0.41188	0.00774	0.00364	0.00906
37	0.01464	0.01378	0.02326	0.70887	0.05340	0.01723	0.02153	0.01981	0.01550	0.01981	0.01378	0.02067	0.01034	0.00775	0.00775	0.00258	0.01034	0.00689	0.00345	0.00861
38	0.02009	0.64706	0.12016	0.01435	0.02158	0.02912	0.01516	0.02338	0.01583	0.01902	0.01116	0.01292	0.00993	0.00672	0.00527	0.00176	0.00868	0.00434	0.00331	0.01014
39	0.01180	0.00778	0.01004	0.01028	0.01190	0.00708	0.00740	0.01423	0.01844	0.07125	0.29192	0.34287	0.12680	0.01945	0.00937	0.00276	0.00426	0.01729	0.00789	0.00721
40	0.00916	0.00785	0.00785	0.00785	0.01047	0.00655	0.00589	0.01113	0.01767	0.02095	0.07855	0.07462	0.67599	0.01964	0.00916	0.00262	0.00393	0.01636	0.00720	0.00655
41	0.01128	0.00752	0.00846	0.00846	0.00846	0.00752	0.00470	0.01128	0.01128	0.01503	0.02443	0.05074	0.02819	0.72751	0.03946	0.00752	0.00752	0.01128	0.00470	0.00470
42	0.01962	0.01881	0.03235	0.04476	0.58885	0.01881	0.07984	0.05537	0.01865	0.02646	0.01489	0.01932	0.01228	0.00699	0.00781	0.00233	0.00953	0.00711	0.00404	0.01216
43	0.01108	0.00831	0.01246	0.01246	0.01385	0.00969	0.00969	0.01385	0.01246	0.01800	0.02077	0.03046	0.01938	0.05815	0.69678	0.01246	0.02077	0.00831	0.00415	0.00692
44	0.00945	0.00675	0.00900	0.01080	0.01125	0.00630	0.00720	0.01080	0.01484	0.01979	0.04274	0.72245	0.05128	0.02429	0.00990	0.00315	0.00450	0.02204	0.00720	0.00630
45	0.02855	0.01280	0.01669	0.01329	0.01833	0.01175	0.01078	0.07636	0.05154	0.46886	0.16982	0.03280	0.03069	0.01098	0.00809	0.00241	0.00608	0.00914	0.00916	0.01188
46	0.02215	0.07146	0.02916	0.03656	0.44093	0.11627	0.02023	0.07597	0.03872	0.05273	0.01541	0.01850	0.01247	0.00745	0.00741	0.00223	0.00958	0.00654	0.00449	0.01176
47	0.01593	0.03745	0.59865	0.02356	0.03452	0.01823	0.11467	0.02459	0.01664	0.02459	0.01416	0.01700	0.01009	0.00725	0.00761	0.00248	0.01168	0.00620	0.00336	0.01132
48	0.66507	0.01642	0.01376	0.01357	0.06264	0.04529	0.01003	0.05065	0.01488	0.03409	0.01145	0.01338	0.00894	0.00730	0.00522	0.00237	0.00666	0.00454	0.00483	0.00890
49	0.01085	0.00789	0.01021	0.00970	0.01152	0.00725	0.00725	0.01436	0.02154	0.03029	0.62905	0.07922	0.09920	0.01628	0.00917	0.00247	0.00370	0.01437	0.00843	0.00725
50	0.01767	0.01060	0.01380	0.01292	0.04140	0.01014	0.00950	0.02344	0.10019	0.17791	0.42514	0.04574	0.05254	0.01343	0.00863	0.00245	0.00484	0.01170	0.00851	0.00944
51	0.01178	0.00858	0.01150	0.01255	0.01443	0.00830	0.01059	0.01520	0.01876	0.02475	0.18904	0.07935	0.12048	0.01996	0.01018	0.00321	0.00600	0.42078	0.00746	0.00711
52	0.01894	0.01470	0.01696	0.01274	0.01894	0.01266	0.01018	0.13977	0.02012	0.05944	0.01778	0.07356	0.01534	0.00808	0.00655	0.00159	0.00621	0.00659	0.00563	0.53422
53	0.01709	0.01397	0.01659	0.04229	0.02010	0.01136	0.01006	0.02199	0.06565	0.05479	0.01588	0.01771	0.01270	0.00636	0.00608	0.00138	0.00601	0.00515	0.00502	0.64982
54	0.02734	0.05574	0.02162	0.01832	0.02280	0.44301	0.01412	0.07992	0.14274	0.07437	0.01750	0.01800	0.01348	0.00863	0.00720	0.00216	0.01134	0.00603	0.00541	0.01027
55	0.02882	0.02005	0.02190	0.01709	0.02304	0.02191	0.01402	0.50124	0.11466	0.12344	0.02171	0.02086	0.01524	0.00950	0.00778	0.00237	0.00799	0.00731	0.00800	0.01307
56	0.01615	0.12062	0.61210	0.02107	0.03197	0.01948	0.02686	0.02440	0.01630	0.02382	0.01355	0.01591	0.00984	0.00728	0.00709	0.00236	0.01109	0.00555	0.00328	0.01128
57	0.01919	0.01842	0.03147	0.04759	0.67914	0.01842	0.02380	0.02380	0.01765	0.02533	0.01458	0.01919	0.01228	0.00691	0.00768	0.00230	0.00921	0.00691	0.00384	0.01228
58	0.07175	0.01766	0.02243	0.01921	0.02046	0.06679	0.04053	0.04518	0.01406	0.02131	0.01288	0.05010	0.01254	0.01474	0.04990	0.00354	0.49701	0.00736	0.00394	0.00861
59	0.01819	0.02061	0.08555	0.02934	0.05533	0.01831	0.47937	0.02411	0.01783	0.05348	0.01803	0.05763	0.01483	0.00839	0.00976	0.00268	0.04454	0.02735	0.00436	0.01031
60	0.00945	0.00675	0.00900	0.01080	0.01125	0.00630	0.00720	0.01080	0.01484	0.01979	0.04274	0.72245	0.05128	0.02429	0.00990	0.00315	0.00450	0.02204	0.00720	0.00630
61	0.01060	0.00791	0.00984	0.00936	0.01135	0.00716	0.00702	0.01390	0.02105	0.02897	0.55042	0.06141	0.19911	0.01664	0.00915	0.00248	0.00371	0.01451	0.00826	0.00716
62	0.01814	0.01727	0.02900	0.20020	0.50694	0.01818	0.02280	0.02357	0.04327	0.02433	0.01508	0.01993	0.01229	0.00725	0.00770	0.00238	0.00935	0.00698	0.00391	0.01143
63	0.01734	0.01460	0.02387	0.54597	0.12852	0.01715	0.02077	0.04384	0.01704	0.07459	0.01539	0.02087	0.01139	0.00785	0.00775	0.00252	0.00983	0.00697	0.00414	0.00960
64	0.02138	0.01619	0.01759	0.01551	0.02011	0.01822	0.01215	0.04074	0.57809	0.12071	0.03143	0.02858	0.02306	0.01039	0.00788	0.00260	0.00620	0.00863	0.00812	0.01240
65	0.00949	0.00684	0.00900	0.01062	0.01122	0.00635	0.00714	0.01096	0.01526	0.02029	0.06947	0.66646	0.08071	0.02374	0.00983	0.00310	0.00444	0.02146	0.00725	0.00635
66	0.01647	0.03532	0.55729	0.02235	0.03268	0.01735	0.09376	0.02459	0.01678	0.05509	0.01615	0.04851	0.01230	0.00813	0.00769	0.00250	0.01110	0.00691	0.00381	0.01120
67	0.00996	0.00704	0.00920	0.01048	0.01093	0.00684	0.00692	0.01116	0.01392	0.01869	0.03713	0.52701	0.04384	0.16695	0.07738	0.00485	0.00656	0.01867	0.00643	0.00604
68	0.01347	0.00673	0.01010	0.01010	0.01010	0.00673	0.00673	0.01010	0.01010	0.01347	0.01347	0.02357	0.01347	0.02694	0.03030	0.77441	0.00673	0.00673	0.00337	0.00337
69	0.02638	0.01949	0.02246	0.12876	0.02807	0.02174	0.01539	0.50228	0.03165	0.06411	0.01930	0.05029	0.01461	0.00973	0.00785	0.00241	0.00858	0.00766	0.00710	0.01215
70	0.07969	0.05295	0.02184	0.01630	0.02221	0.02214	0.01344	0.44070	0.12563	0.04222	0.01925	0.01924	0.01412	0.00894	0.00729	0.00226	0.00778	0.00674	0.00712	0.07013
71	0.39141	0.10965	0.01733	0.01414	0.07555	0.01664	0.01040	0.02211	0.01647	0.07316	0.15964	0.02412	0.02401	0.00917	0.00624	0.00230	0.00612	0.00685	0.00565	0.00903
72	0.02021	0.02228	0.10769	0.03348	0.36653	0.08344	0.02063	0.09669	0.05721	0.02790	0.04748	0.02339	0.01665	0.00855	0.00778	0.00237	0.00935	0.03203	0.00481	0.01153
73	0.05517	0.01301	0.03861	0.01443	0.01906	0.01139	0.08312	0.02581	0.04450	0.27772	0.20129	0.06818	0.08942	0.01226	0.00837	0.00250	0.00635	0.01076	0.00788	0.01017

[dist]
# distance from previous block
# <min> <max>
3	24

[block]
# block no. 3 follows, 25 sequences, length 63
# corresponding to MSA columns:
# 173-235
name=unknown_D
#
# <colnr> <probs for GDERKNQSTAVLIFYWHMCP>
#	G	D	E	R	K	N	Q	S	T	A	V	L	I	F	Y	W	H	M	C	P
0	0.02350	0.07681	0.02350	0.01988	0.10095	0.04914	0.04468	0.28354	0.06772	0.07161	0.06497	0.02508	0.04987	0.00961	0.00758	0.00228	0.00796	0.00785	0.05210	0.01138
1	0.02433	0.07709	0.06725	0.04324	0.02348	0.05639	0.01486	0.31303	0.09887	0.07077	0.01997	0.02217	0.01521	0.00957	0.00830	0.00237	0.04243	0.02710	0.05201	0.01154
2	0.07493	0.29678	0.10747	0.01769	0.05682	0.03925	0.07668	0.02433	0.04774	0.07114	0.01757	0.02054	0.03396	0.04392	0.03821	0.00282	0.00930	0.00639	0.00443	0.01003
3	0.01752	0.04510	0.08578	0.01463	0.01880	0.07630	0.04220	0.05238	0.06296	0.08578	0.18036	0.10007	0.06881	0.01331	0.00835	0.00252	0.00711	0.06515	0.04373	0.00914
4	0.04667	0.02202	0.15418	0.08035	0.25378	0.06550	0.01953	0.06581	0.04700	0.02668	0.08783	0.02428	0.01933	0.04329	0.00918	0.00262	0.00909	0.00751	0.00474	0.01061
5	0.11689	0.04192	0.02024	0.01560	0.02049	0.06055	0.10503	0.02630	0.11148	0.11821	0.11148	0.02642	0.02315	0.01099	0.03298	0.00262	0.00784	0.00787	0.04766	0.09227
6	0.12027	0.29591	0.18342	0.01677	0.04756	0.02190	0.03154	0.04656	0.03539	0.02503	0.05915	0.02156	0.01645	0.00850	0.00649	0.00220	0.00845	0.03839	0.00439	0.01006
7	0.23367	0.06910	0.04132	0.01245	0.01694	0.06090	0.01050	0.04655	0.07154	0.07209	0.14943	0.03152	0.07674	0.01077	0.00704	0.00234	0.00647	0.02827	0.00623	0.04615
8	0.38306	0.04016	0.01278	0.01114	0.01467	0.03563	0.00869	0.02065	0.01554	0.09476	0.06674	0.21726	0.02607	0.01285	0.00691	0.00257	0.00583	0.01028	0.00613	0.00830
9	0.13912	0.01169	0.01225	0.01080	0.01320	0.01243	0.00772	0.13987	0.01735	0.05804	0.02096	0.03418	0.02031	0.34716	0.02309	0.04211	0.00708	0.00860	0.06657	0.00749
10	0.02116	0.64264	0.06964	0.01423	0.02088	0.08452	0.01413	0.02391	0.01629	0.01860	0.01103	0.01275	0.00995	0.00678	0.00525	0.00172	0.00891	0.00429	0.00337	0.00994
11	0.01348	0.01133	0.01533	0.01318	0.01674	0.01042	0.04046	0.01633	0.01546	0.02258	0.05235	0.21076	0.02734	0.01885	0.09191	0.00346	0.05993	0.04373	0.00542	0.31096
12	0.01448	0.01204	0.01866	0.01604	0.01943	0.01157	0.13565	0.02040	0.11699	0.05279	0.06009	0.35461	0.03523	0.01600	0.00895	0.00272	0.00661	0.01492	0.00659	0.07622
13	0.02172	0.01151	0.01445	0.01228	0.01618	0.01090	0.00968	0.05619	0.09351	0.28207	0.24769	0.07745	0.08654	0.01327	0.00846	0.00249	0.00536	0.01131	0.00867	0.01030
14	0.00962	0.00687	0.00919	0.01099	0.01151	0.00644	0.00749	0.01109	0.01501	0.01998	0.04264	0.68716	0.05091	0.02413	0.00994	0.00317	0.00465	0.05566	0.00719	0.00634
15	0.65148	0.01468	0.01255	0.01083	0.01583	0.01634	0.00892	0.02542	0.01477	0.14847	0.01426	0.01501	0.01029	0.00762	0.00532	0.00240	0.00610	0.00483	0.00564	0.00924
16	0.01822	0.01910	0.03492	0.14886	0.26929	0.04539	0.27813	0.02357	0.01786	0.02413	0.03444	0.02108	0.01347	0.00721	0.00831	0.00247	0.01100	0.00795	0.00395	0.01065
17	0.01904	0.02224	0.11173	0.02958	0.03725	0.01911	0.50551	0.02534	0.01800	0.06905	0.01620	0.02058	0.01197	0.00722	0.00977	0.00263	0.05138	0.00856	0.00421	0.01064
18	0.01128	0.00752	0.00846	0.00846	0.00846	0.00752	0.00470	0.01128	0.01128	0.01503	0.02443	0.05074	0.02819	0.72751	0.03946	0.00752	0.00752	0.01128	0.00470	0.00470
19	0.01526	0.00800	0.00808	0.00779	0.00984	0.00813	0.00592	0.05203	0.01734	0.02997	0.02494	0.02836	0.01952	0.00905	0.00554	0.00183	0.00388	0.00721	0.72977	0.00755
20	0.01927	0.02142	0.04189	0.07142	0.03949	0.05732	0.54416	0.05848	0.01931	0.02550	0.01552	0.02039	0.01166	0.00684	0.00887	0.00256	0.01272	0.00867	0.00410	0.01041
21	0.01347	0.00673	0.01010	0.01010	0.01010	0.00673	0.00673	0.01010	0.01010	0.01347	0.01347	0.02357	0.01347	0.02694	0.03030	0.77441	0.00673	0.00673	0.00337	0.00337
22	0.01128	0.00752	0.00846	0.00846	0.00846	0.00752	0.00470	0.01128	0.01128	0.01503	0.02443	0.05074	0.02819	0.72751	0.03946	0.00752	0.00752	0.01128	0.00470	0.00470
23	0.01125	0.00760	0.00889	0.00889	0.00904	0.00775	0.00524	0.01155	0.01140	0.01535	0.02404	0.04855	0.02724	0.65531	0.11036	0.00805	0.00895	0.01096	0.00464	0.00494
24	0.05469	0.01858	0.03596	0.06400	0.05578	0.01817	0.42541	0.02403	0.04306	0.02529	0.01593	0.02050	0.01227	0.00718	0.00909	0.00247	0.04485	0.00811	0.03765	0.07699
25	0.01139	0.00739	0.00983	0.01106	0.01209	0.00684	0.00774	0.01311	0.01593	0.06549	0.07344	0.58959	0.06751	0.02260	0.00974	0.00307	0.00473	0.05415	0.00742	0.00687
26	0.00991	0.00687	0.00909	0.01062	0.01103	0.00650	0.00706	0.01093	0.01432	0.01908	0.03937	0.60526	0.04688	0.09206	0.01385	0.04481	0.00497	0.03463	0.00675	0.00601
27	0.02896	0.03695	0.02197	0.01998	0.02397	0.69638	0.01498	0.03096	0.02197	0.01898	0.01199	0.01398	0.00999	0.00799	0.00699	0.00200	0.01398	0.00499	0.00400	0.00899
28	0.02947	0.02172	0.02327	0.01784	0.02404	0.02404	0.01474	0.65329	0.03646	0.04887	0.01862	0.01862	0.01319	0.00931	0.00776	0.00233	0.00853	0.00698	0.00776	0.01319
29	0.01728	0.01920	0.04073	0.02973	0.03640	0.01838	0.55101	0.02303	0.01762	0.02399	0.01833	0.09625	0.01594	0.00879	0.01002	0.00271	0.04601	0.01042	0.00425	0.00991
30	0.02896	0.03695	0.02197	0.01998	0.02397	0.69638	0.01498	0.03096	0.02197	0.01898	0.01199	0.01398	0.00999	0.00799	0.00699	0.00200	0.01398	0.00499	0.00400	0.00899
31	0.01639	0.01381	0.01606	0.01176	0.01829	0.01079	0.00935	0.04960	0.01700	0.02612	0.01548	0.05207	0.01359	0.00686	0.00605	0.00131	0.00581	0.00559	0.00488	0.69919
32	0.02767	0.01821	0.02035	0.01625	0.02178	0.01959	0.01319	0.37253	0.15527	0.17936	0.02483	0.05552	0.01831	0.01031	0.00789	0.00244	0.00746	0.00821	0.00815	0.01268
33	0.01395	0.00978	0.01487	0.01536	0.05997	0.00902	0.06256	0.01617	0.01601	0.09159	0.03508	0.47874	0.03900	0.04978	0.01055	0.00306	0.00595	0.01711	0.00672	0.04473
34	0.65310	0.06357	0.01480	0.01265	0.05246	0.01807	0.00972	0.02358	0.01404	0.06382	0.01194	0.01360	0.00923	0.00726	0.00511	0.00234	0.00636	0.00452	0.00487	0.00894
35	0.01763	0.01965	0.04123	0.03007	0.03664	0.01926	0.54542	0.02335	0.01741	0.02388	0.01671	0.06224	0.01395	0.00834	0.01092	0.00273	0.08684	0.00967	0.00406	0.01000
36	0.01696	0.02049	0.12900	0.02089	0.02869	0.01528	0.24137	0.02333	0.05103	0.02538	0.01542	0.01852	0.01197	0.00652	0.00732	0.00195	0.00925	0.00661	0.00433	0.34569
37	0.01706	0.01346	0.01604	0.01223	0.01769	0.01166	0.00978	0.07616	0.01911	0.05449	0.14605	0.02507	0.02413	0.00860	0.00763	0.00167	0.03983	0.00691	0.00580	0.48663
38	0.01795	0.02151	0.10101	0.02969	0.06043	0.01857	0.48387	0.05666	0.01877	0.02568	0.01782	0.07713	0.01488	0.00821	0.00892	0.00262	0.01184	0.00968	0.00432	0.01043
39	0.02047	0.55211	0.10674	0.01474	0.02192	0.02666	0.03533	0.02387	0.01624	0.05185	0.01243	0.01405	0.01055	0.00679	0.00555	0.00178	0.00853	0.00468	0.00372	0.06199
40	0.01347	0.00673	0.01010	0.01010	0.01010	0.00673	0.00673	0.01010	0.01010	0.01347	0.01347	0.02357	0.01347	0.02694	0.03030	0.77441	0.00673	0.00673	0.00337	0.00337
41	0.78228	0.01499	0.01140	0.01020	0.01499	0.01739	0.00840	0.02279	0.01320	0.03479	0.01080	0.01260	0.00840	0.00720	0.00480	0.00240	0.00600	0.00420	0.00480	0.00840
42	0.01715	0.01398	0.01715	0.01230	0.01918	0.01070	0.03031	0.02067	0.01648	0.06050	0.01474	0.01679	0.01191	0.00597	0.00596	0.00126	0.00603	0.00491	0.00484	0.70917
43	0.01833	0.02084	0.04530	0.03315	0.06086	0.01957	0.63101	0.02480	0.01828	0.02485	0.01565	0.02086	0.01178	0.00655	0.00910	0.00260	0.01295	0.00908	0.00392	0.01052
44	0.01696	0.01696	0.02375	0.02036	0.02036	0.02375	0.01696	0.01866	0.01187	0.01866	0.01018	0.01696	0.01018	0.01357	0.02545	0.00339	0.71332	0.00679	0.00339	0.00848
45	0.01128	0.00752	0.00846	0.00846	0.00846	0.00752	0.00470	0.01128	0.01128	0.01503	0.02443	0.05074	0.02819	0.72751	0.03946	0.00752	0.00752	0.01128	0.00470	0.00470
46	0.01347	0.00673	0.01010	0.01010	0.01010	0.00673	0.00673	0.01010	0.01010	0.01347	0.01347	0.02357	0.01347	0.02694	0.03030	0.77441	0.00673	0.00673	0.00337	0.00337
47	0.09978	0.05364	0.21058	0.01581	0.02376	0.01564	0.04087	0.07235	0.01755	0.02765	0.01383	0.01602	0.01076	0.00672	0.00637	0.00183	0.00803	0.00523	0.00441	0.34916
48	0.02204	0.62113	0.03765	0.01434	0.02055	0.13701	0.01354	0.02445	0.01675	0.01836	0.01097	0.01268	0.00996	0.00685	0.00530	0.00171	0.00920	0.00428	0.00343	0.00980
49	0.02237	0.01045	0.01402	0.01169	0.01551	0.00927	0.00927	0.02571	0.02206	0.34380	0.36663	0.04283	0.04733	0.01286	0.00850	0.00242	0.00506	0.01104	0.00904	0.01013
50	0.01789	0.01619	0.02605	0.20584	0.39261	0.01733	0.02052	0.05042	0.04899	0.02530	0.01633	0.02108	0.01316	0.00943	0.03289	0.00273	0.00936	0.00707	0.05594	0.01087
51	0.00945	0.00675	0.00900	0.01080	0.01125	0.00630	0.00720	0.01080	0.01484	0.01979	0.04274	0.72245	0.05128	0.02429	0.00990	0.00315	0.00450	0.02204	0.00720	0.00630
52	0.01611	0.01395	0.02133	0.33792	0.14451	0.01612	0.01757	0.07296	0.01716	0.02348	0.01828	0.08930	0.01652	0.05261	0.01081	0.00286	0.05388	0.00862	0.05694	0.00906
53	0.00953	0.00685	0.00890	0.01050	0.01105	0.00638	0.00699	0.01084	0.01483	0.01961	0.04390	0.64859	0.08724	0.06097	0.01141	0.00335	0.00462	0.02114	0.00707	0.00623
54	0.01146	0.00914	0.01404	0.01328	0.01481	0.00897	0.08208	0.01379	0.01596	0.02211	0.12889	0.42292	0.04457	0.07172	0.01240	0.00325	0.03982	0.01705	0.04677	0.00697
55	0.02854	0.01890	0.02117	0.01655	0.02222	0.02034	0.01357	0.48594	0.03180	0.15507	0.02184	0.05135	0.01621	0.01258	0.04407	0.00291	0.00867	0.00785	0.00786	0.01256
56	0.01785	0.01493	0.01980	0.28000	0.06867	0.04161	0.01582	0.10547	0.06210	0.02606	0.01734	0.02190	0.01358	0.00982	0.01009	0.03981	0.07554	0.00700	0.14346	0.00918
57	0.02339	0.01414	0.01669	0.01444	0.01897	0.01477	0.01153	0.03587	0.34087	0.25595	0.09128	0.03469	0.02812	0.01143	0.00816	0.00260	0.00613	0.05070	0.00849	0.01179
58	0.36132	0.11148	0.11328	0.01516	0.02136	0.04181	0.05630	0.05642	0.08636	0.04981	0.01481	0.01617	0.01127	0.00766	0.00611	0.00234	0.00794	0.00550	0.00493	0.00997
59	0.07796	0.06635	0.24752	0.01759	0.02478	0.08449	0.01793	0.15429	0.07484	0.07514	0.06963	0.02112	0.01725	0.00886	0.00730	0.00235	0.00914	0.00676	0.00560	0.01111
60	0.01646	0.03388	0.48193	0.02605	0.06021	0.01847	0.20337	0.02461	0.01696	0.02466	0.01444	0.01776	0.01046	0.00712	0.00788	0.00249	0.01183	0.00674	0.00348	0.01121
61	0.01882	0.02301	0.10067	0.08687	0.03932	0.05707	0.47801	0.05209	0.01888	0.02511	0.01529	0.01999	0.01143	0.00692	0.00869	0.00255	0.01255	0.00832	0.00399	0.01043
62	0.01341	0.01233	0.05190	0.07774	0.08056	0.01135	0.05163	0.01768	0.03393	0.02330	0.08538	0.13864	0.03668	0.05614	0.01121	0.00330	0.00757	0.27304	0.00613	0.00807

[dist]
# distance from previous block
# <min> <max>
0	1

[block]
# block no. 4 follows, 25 sequences, length 73
# corresponding to MSA columns:
# 237-309
name=unknown_E
#
# <colnr> <probs for GDERKNQSTAVLIFYWHMCP>
#	G	D	E	R	K	N	Q	S	T	A	V	L	I	F	Y	W	H	M	C	P
0	0.01751	0.30222	0.44240	0.01875	0.02839	0.02281	0.02282	0.02405	0.01614	0.02216	0.01273	0.01488	0.00987	0.00709	0.00646	0.00215	0.01026	0.00513	0.00329	0.01089
1	0.01606	0.08324	0.61425	0.02277	0.06398	0.01884	0.02743	0.02443	0.01639	0.02419	0.01375	0.01626	0.00995	0.00730	0.00723	0.00240	0.01115	0.00569	0.00330	0.01140
2	0.01117	0.00759	0.00901	0.00909	0.00930	0.00775	0.00547	0.01159	0.01159	0.01564	0.02478	0.07871	0.02808	0.60710	0.12485	0.00797	0.00913	0.01138	0.00474	0.00506
3	0.01504	0.01302	0.01820	0.04297	0.01985	0.05076	0.09918	0.04229	0.04265	0.05053	0.05809	0.30470	0.05757	0.01975	0.06509	0.00361	0.06842	0.01403	0.00606	0.00820
4	0.78228	0.01499	0.01140	0.01020	0.01499	0.01739	0.00840	0.02279	0.01320	0.03479	0.01080	0.01260	0.00840	0.00720	0.00480	0.00240	0.00600	0.00420	0.00480	0.00840
5	0.03437	0.01386	0.01841	0.01411	0.02012	0.01238	0.01166	0.08578	0.02330	0.63495	0.02966	0.02578	0.01872	0.00957	0.00779	0.00239	0.00675	0.00773	0.00945	0.01319
6	0.01625	0.12042	0.55602	0.04807	0.03302	0.01955	0.05451	0.02423	0.01635	0.02363	0.01362	0.01627	0.00994	0.00726	0.00718	0.00237	0.01111	0.00574	0.00331	0.01112
7	0.00956	0.00683	0.00913	0.01093	0.01143	0.00640	0.00740	0.01100	0.01496	0.01992	0.04267	0.69799	0.05103	0.02418	0.00993	0.00317	0.00460	0.04534	0.00720	0.00633
8	0.01237	0.00940	0.01157	0.01077	0.01303	0.00933	0.00815	0.01911	0.13035	0.03132	0.56660	0.05303	0.06482	0.01495	0.00893	0.00247	0.00408	0.01314	0.00843	0.00815
9	0.02945	0.02246	0.02321	0.01794	0.02404	0.05664	0.01475	0.62312	0.03575	0.04742	0.01829	0.01839	0.01303	0.00924	0.00772	0.00231	0.00880	0.00688	0.00757	0.01298
10	0.01133	0.00936	0.01501	0.07532	0.04370	0.00927	0.07318	0.01379	0.01538	0.02057	0.03554	0.51348	0.04082	0.02162	0.03603	0.00339	0.00677	0.04194	0.00630	0.00720
11	0.01464	0.01378	0.02326	0.70887	0.05340	0.01723	0.02153	0.01981	0.01550	0.01981	0.01378	0.02067	0.01034	0.00775	0.00775	0.00258	0.01034	0.00689	0.00345	0.00861
12	0.00951	0.00678	0.00898	0.01071	0.01114	0.00634	0.00711	0.01081	0.01471	0.01962	0.04206	0.69772	0.05043	0.05018	0.01099	0.00331	0.00461	0.02165	0.00711	0.00624
13	0.01326	0.01070	0.01565	0.01463	0.01657	0.01089	0.08064	0.08968	0.01765	0.02377	0.03499	0.51995	0.03998	0.01991	0.01043	0.00300	0.04596	0.01794	0.00668	0.00771
14	0.03455	0.01358	0.01823	0.01398	0.01999	0.01197	0.01155	0.06587	0.02284	0.65551	0.03004	0.02604	0.01892	0.00958	0.00780	0.00240	0.00669	0.00776	0.00951	0.01319
15	0.00973	0.00692	0.00917	0.01087	0.01137	0.00652	0.00737	0.01113	0.01482	0.01972	0.04160	0.64739	0.04959	0.06383	0.01161	0.00342	0.00482	0.05680	0.00705	0.00626
16	0.02259	0.01444	0.01669	0.01430	0.01878	0.01529	0.01130	0.06143	0.35298	0.21298	0.13906	0.03267	0.03032	0.01111	0.00807	0.00252	0.00595	0.00931	0.00846	0.01173
17	0.09081	0.01583	0.04771	0.30670	0.18175	0.01686	0.01846	0.08293	0.01718	0.02475	0.01412	0.01957	0.01126	0.01014	0.01036	0.10255	0.00906	0.00658	0.00408	0.00930
18	0.09644	0.19711	0.40646	0.04368	0.02954	0.02097	0.05784	0.02391	0.01598	0.02399	0.01295	0.01547	0.00983	0.00714	0.00666	0.00228	0.01020	0.00544	0.00348	0.01063
19	0.01555	0.04011	0.68733	0.02210	0.03356	0.01801	0.02865	0.02455	0.01637	0.02455	0.01391	0.01637	0.00982	0.00737	0.00737	0.00246	0.01146	0.00573	0.00327	0.01146
20	0.01559	0.01457	0.02470	0.51666	0.10246	0.01707	0.06836	0.04649	0.01665	0.02183	0.01567	0.05057	0.01279	0.01013	0.03231	0.00292	0.01049	0.00776	0.00388	0.00911
21	0.00945	0.00675	0.00900	0.01080	0.01125	0.00630	0.00720	0.01080	0.01484	0.01979	0.04274	0.72245	0.05128	0.02429	0.00990	0.00315	0.00450	0.02204	0.00720	0.00630
22	0.01067	0.00827	0.01050	0.01124	0.01218	0.00843	0.00794	0.01320	0.04547	0.02115	0.09596	0.47452	0.11924	0.05366	0.01222	0.00322	0.05998	0.01842	0.00693	0.00679
23	0.01072	0.00728	0.00862	0.00916	0.00930	0.00715	0.00545	0.01113	0.01235	0.01647	0.02996	0.25369	0.03517	0.51504	0.03053	0.00620	0.00660	0.01453	0.00545	0.00518
24	0.02505	0.01848	0.01873	0.01512	0.01993	0.05855	0.01229	0.43347	0.02983	0.04118	0.02065	0.02317	0.01571	0.00954	0.00720	0.00221	0.00754	0.02652	0.20361	0.01122
25	0.01608	0.01378	0.01608	0.01148	0.01837	0.01034	0.00919	0.01952	0.01608	0.02527	0.01378	0.01608	0.01148	0.00574	0.00574	0.00115	0.00574	0.00459	0.00459	0.77491
26	0.02896	0.03695	0.02197	0.01998	0.02397	0.69638	0.01498	0.03096	0.02197	0.01898	0.01199	0.01398	0.00999	0.00799	0.00699	0.00200	0.01398	0.00499	0.00400	0.00899
27	0.00945	0.00675	0.00900	0.01080	0.01125	0.00630	0.00720	0.01080	0.01484	0.01979	0.04274	0.72245	0.05128	0.02429	0.00990	0.00315	0.00450	0.02204	0.00720	0.00630
28	0.01724	0.13681	0.53727	0.02097	0.03134	0.01961	0.05411	0.02494	0.01662	0.05181	0.01426	0.01644	0.01033	0.00732	0.00713	0.00235	0.01087	0.00575	0.00358	0.01127
29	0.08906	0.01476	0.01852	0.01372	0.02007	0.01278	0.06311	0.02115	0.04331	0.02613	0.01424	0.01674	0.01167	0.00651	0.00694	0.00156	0.03915	0.00521	0.00464	0.57072
30	0.01857	0.01819	0.02422	0.06682	0.02496	0.07453	0.09913	0.07638	0.04430	0.02344	0.01436	0.01980	0.01241	0.03581	0.04893	0.00330	0.28288	0.00702	0.00431	0.10065
31	0.78228	0.01499	0.01140	0.01020	0.01499	0.01739	0.00840	0.02279	0.01320	0.03479	0.01080	0.01260	0.00840	0.00720	0.00480	0.00240	0.00600	0.00420	0.00480	0.00840
32	0.00944	0.00679	0.00895	0.01068	0.01122	0.00631	0.00715	0.01081	0.01496	0.01984	0.04416	0.69676	0.07605	0.02411	0.00987	0.00313	0.00448	0.02182	0.00720	0.00631
33	0.01824	0.01786	0.02843	0.25378	0.45101	0.05091	0.02266	0.02289	0.01719	0.02329	0.01421	0.01940	0.01156	0.00723	0.00767	0.00238	0.00980	0.00681	0.00372	0.01097
34	0.02185	0.01055	0.01313	0.01128	0.01483	0.01009	0.00888	0.02673	0.08435	0.27445	0.12957	0.03236	0.02809	0.01317	0.03499	0.03734	0.00580	0.00869	0.22405	0.00980
35	0.01019	0.00754	0.00960	0.01064	0.01176	0.00711	0.00749	0.01290	0.04166	0.02258	0.16047	0.48704	0.11538	0.02166	0.00964	0.00296	0.00445	0.04270	0.00746	0.00677
36	0.03055	0.01621	0.01951	0.01529	0.02100	0.01625	0.01260	0.26947	0.05109	0.37221	0.04753	0.02698	0.01985	0.01019	0.00794	0.00243	0.00724	0.03223	0.00870	0.01273
37	0.02816	0.02107	0.02253	0.01757	0.02354	0.02343	0.01442	0.57438	0.11750	0.04675	0.02028	0.01995	0.01454	0.00946	0.00777	0.00237	0.00822	0.00721	0.00777	0.01307
38	0.01764	0.01342	0.01596	0.01168	0.01821	0.01027	0.00932	0.02095	0.01663	0.08988	0.01667	0.04721	0.01394	0.00691	0.00612	0.00136	0.00577	0.00565	0.00520	0.66721
39	0.01696	0.01696	0.02375	0.02036	0.02036	0.02375	0.01696	0.01866	0.01187	0.01866	0.01018	0.01696	0.01018	0.01357	0.02545	0.00339	0.71332	0.00679	0.00339	0.00848
40	0.78228	0.01499	0.01140	0.01020	0.01499	0.01739	0.00840	0.02279	0.01320	0.03479	0.01080	0.01260	0.00840	0.00720	0.00480	0.00240	0.00600	0.00420	0.00480	0.00840
41	0.00945	0.00675	0.00900	0.01080	0.01125	0.00630	0.00720	0.01080	0.01484	0.01979	0.04274	0.72245	0.05128	0.02429	0.00990	0.00315	0.00450	0.02204	0.00720	0.00630
42	0.01097	0.00793	0.01036	0.00975	0.01158	0.00732	0.00732	0.01463	0.02195	0.03109	0.67505	0.05792	0.07316	0.01585	0.00914	0.00244	0.00366	0.01402	0.00854	0.00732
43	0.00973	0.00696	0.00925	0.01060	0.01131	0.00649	0.00722	0.01150	0.01615	0.02187	0.15906	0.60020	0.05531	0.02274	0.00976	0.00302	0.00434	0.02057	0.00744	0.00649
44	0.01097	0.00793	0.01036	0.00975	0.01158	0.00732	0.00732	0.01463	0.02195	0.03109	0.67505	0.05792	0.07316	0.01585	0.00914	0.00244	0.00366	0.01402	0.00854	0.00732
45	0.11443	0.01339	0.01729	0.01341	0.01928	0.01204	0.01108	0.03619	0.02123	0.61529	0.02848	0.02492	0.01804	0.00934	0.00748	0.00240	0.00653	0.00741	0.00909	0.01268
46	0.01087	0.00792	0.01022	0.00965	0.01152	0.00727	0.00724	0.01443	0.02171	0.03052	0.64137	0.05886	0.10720	0.01606	0.00915	0.00245	0.00367	0.01415	0.00846	0.00727
47	0.03479	0.01320	0.01799	0.01380	0.01979	0.01140	0.01140	0.03779	0.02219	0.68451	0.03059	0.02639	0.01919	0.00960	0.00780	0.00240	0.00660	0.00780	0.00960	0.01320
48	0.78228	0.01499	0.01140	0.01020	0.01499	0.01739	0.00840	0.02279	0.01320	0.03479	0.01080	0.01260	0.00840	0.00720	0.00480	0.00240	0.00600	0.00420	0.00480	0.00840
49	0.01929	0.01666	0.01753	0.01578	0.02016	0.01929	0.01227	0.04120	0.66513	0.03243	0.03156	0.02893	0.02367	0.01052	0.00789	0.00263	0.00614	0.00877	0.00789	0.01227
50	0.00916	0.00785	0.00785	0.00785	0.01047	0.00655	0.00589	0.01113	0.01767	0.02095	0.07855	0.07462	0.67599	0.01964	0.00916	0.00262	0.00393	0.01636	0.00720	0.00655
51	0.01696	0.01696	0.02375	0.02036	0.02036	0.02375	0.01696	0.01866	0.01187	0.01866	0.01018	0.01696	0.01018	0.01357	0.02545	0.00339	0.71332	0.00679	0.00339	0.00848
52	0.01506	0.01420	0.02400	0.64866	0.11038	0.01734	0.02174	0.02017	0.01570	0.02031	0.01385	0.02054	0.01051	0.00768	0.00775	0.00256	0.01023	0.00689	0.00348	0.00895
53	0.08164	0.43485	0.17816	0.01581	0.02270	0.05196	0.01663	0.02339	0.01560	0.02104	0.01147	0.01375	0.00982	0.00747	0.00728	0.00205	0.06817	0.00475	0.00346	0.00999
54	0.08485	0.04844	0.02410	0.05054	0.05276	0.14160	0.10744	0.12520	0.10114	0.11451	0.01920	0.02039	0.01418	0.00839	0.00736	0.00232	0.00926	0.00694	0.05059	0.01081
55	0.02294	0.04335	0.01665	0.01296	0.01713	0.01321	0.01034	0.12797	0.06813	0.25200	0.21456	0.06361	0.03559	0.05387	0.01000	0.00271	0.00607	0.01016	0.00822	0.01051
56	0.01427	0.00724	0.00730	0.00730	0.00900	0.00724	0.00538	0.01767	0.01597	0.02810	0.02524	0.03018	0.02036	0.05104	0.00741	0.00214	0.00384	0.00746	0.72577	0.00708
57	0.00962	0.00687	0.00920	0.01100	0.01153	0.00645	0.00751	0.01110	0.01502	0.01999	0.04264	0.68532	0.05089	0.02412	0.00994	0.00317	0.00465	0.05741	0.00719	0.00635
58	0.78228	0.01499	0.01140	0.01020	0.01499	0.01739	0.00840	0.02279	0.01320	0.03479	0.01080	0.01260	0.00840	0.00720	0.00480	0.00240	0.00600	0.00420	0.00480	0.00840
59	0.00956	0.00787	0.00840	0.00827	0.01072	0.00671	0.00620	0.01190	0.01861	0.02317	0.20922	0.07096	0.54393	0.01881	0.00916	0.00258	0.00387	0.01585	0.00749	0.00671
60	0.01126	0.00758	0.00877	0.00877	0.00888	0.00769	0.00509	0.01148	0.01137	0.01527	0.02414	0.04916	0.02750	0.67531	0.09072	0.00790	0.00855	0.01104	0.00466	0.00487
61	0.01555	0.04011	0.68733	0.02210	0.03356	0.01801	0.02865	0.02455	0.01637	0.02455	0.01391	0.01637	0.00982	0.00737	0.00737	0.00246	0.01146	0.00573	0.00327	0.01146
62	0.01822	0.02166	0.07464	0.03303	0.07626	0.01947	0.58676	0.02476	0.01817	0.02485	0.01554	0.02061	0.01170	0.00660	0.00898	0.00259	0.01278	0.00887	0.00389	0.01061
63	0.01091	0.00864	0.00990	0.00945	0.01184	0.00801	0.00713	0.01540	0.07496	0.02686	0.36466	0.06260	0.32716	0.01702	0.00905	0.00253	0.00398	0.01458	0.00791	0.00741
64	0.01140	0.00751	0.00841	0.00841	0.00848	0.00751	0.00473	0.01154	0.01147	0.01558	0.02446	0.04988	0.02786	0.69908	0.03812	0.00729	0.00736	0.01112	0.03500	0.00480
65	0.78228	0.01499	0.01140	0.01020	0.01499	0.01739	0.00840	0.02279	0.01320	0.03479	0.01080	0.01260	0.00840	0.00720	0.00480	0.00240	0.00600	0.00420	0.00480	0.00840
66	0.00945	0.00675	0.00900	0.01080	0.01125	0.00630	0.00720	0.01080	0.01484	0.01979	0.04274	0.72245	0.05128	0.02429	0.00990	0.00315	0.00450	0.02204	0.00720	0.00630
67	0.00916	0.00785	0.00785	0.00785	0.01047	0.00655	0.00589	0.01113	0.01767	0.02095	0.07855	0.07462	0.67599	0.01964	0.00916	0.00262	0.00393	0.01636	0.00720	0.00655
68	0.01555	0.01436	0.02360	0.64734	0.07850	0.01761	0.02130	0.05069	0.01661	0.02145	0.01405	0.02051	0.01056	0.00779	0.00775	0.00256	0.01020	0.00690	0.00367	0.00899
69	0.02895	0.08316	0.02454	0.01726	0.02349	0.02405	0.01446	0.57080	0.03401	0.07476	0.01847	0.01843	0.01317	0.00909	0.00752	0.00227	0.00842	0.00677	0.00745	0.01290
70	0.01608	0.01378	0.01608	0.01148	0.01837	0.01034	0.00919	0.01952	0.01608	0.02527	0.01378	0.01608	0.01148	0.00574	0.00574	0.00115	0.00574	0.00459	0.00459	0.77491
71	0.01004	0.00715	0.00951	0.01110	0.01177	0.00678	0.00780	0.01172	0.01536	0.02047	0.06823	0.56629	0.04993	0.06465	0.01171	0.00343	0.00501	0.10559	0.00710	0.00637
72	0.01977	0.36744	0.28371	0.01845	0.05077	0.07365	0.01958	0.02479	0.01673	0.04268	0.01285	0.01476	0.01030	0.00712	0.00623	0.00203	0.00989	0.00503	0.00358	0.01065

[dist]
# distance from previous block
# <min> <max>
0	1

[block]
# block no. 5 follows, 25 sequences, length 15
