[name]
unknown

[dist]
# distance from previous block
# <min> <max>
13	64

[block]
# block no. 0 follows, 25 sequences, length 45
# corresponding to MSA columns:
# 72-116
name=unknown_A
#
# <colnr> <probs for GDERKNQSTAVLIFYWHMCP>
#	G	D	E	R	K	N	Q	S	T	A	V	L	I	F	Y	W	H	M	C	P
0	0.18461	0.08424	0.15832	0.05466	0.02345	0.01837	0.03167	0.06953	0.10647	0.05163	0.01856	0.04129	0.01502	0.00923	0.00761	0.00246	0.03755	0.02750	0.04772	0.01011
1	0.06570	0.10885	0.14889	0.10251	0.02782	0.04769	0.05938	0.10991	0.06165	0.08469	0.01775	0.03981	0.01389	0.01143	0.04607	0.00295	0.02840	0.00698	0.00509	0.01053
2	0.26356	0.04632	0.15983	0.08985	0.02624	0.01776	0.06902	0.05959	0.06912	0.06285	0.01708	0.05676	0.01368	0.00867	0.00687	0.00248	0.00838	0.00692	0.00500	0.01000
3	0.04696	0.05834	0.21343	0.01846	0.04619	0.04926	0.09040	0.04024	0.01811	0.07453	0.06243	0.08694	0.10118	0.01082	0.00784	0.00241	0.00862	0.00930	0.00526	0.04927
4	0.09268	0.02793	0.32478	0.07760	0.03044	0.04161	0.07832	0.06937	0.07064	0.04672	0.01624	0.01848	0.01186	0.00778	0.00728	0.00240	0.00990	0.00636	0.02458	0.03504
5	0.07501	0.10181	0.31610	0.02424	0.13287	0.07930	0.06534	0.02486	0.01730	0.04683	0.03716	0.01804	0.01281	0.00758	0.00715	0.00231	0.01027	0.00618	0.00399	0.01084
6	0.04629	0.04926	0.21593	0.01807	0.02551	0.07566	0.05001	0.15379	0.02217	0.17870	0.01876	0.01930	0.01313	0.00823	0.00730	0.00227	0.00926	0.00646	0.03270	0.04718
7	0.15675	0.05234	0.21545	0.05371	0.08831	0.03645	0.01738	0.07662	0.01844	0.02885	0.09923	0.02149	0.01848	0.00842	0.00696	0.00226	0.00835	0.00662	0.00483	0.07905
8	0.02435	0.02360	0.01894	0.01629	0.02057	0.26391	0.01266	0.26377	0.02611	0.03112	0.02629	0.08361	0.10158	0.01141	0.00774	0.00229	0.00937	0.00875	0.03765	0.00998
9	0.01691	0.01350	0.01586	0.01179	0.01815	0.01062	0.00936	0.02115	0.04909	0.06198	0.01722	0.05657	0.01474	0.00723	0.00620	0.00140	0.00574	0.00595	0.00518	0.65136
10	0.01128	0.00752	0.00846	0.00846	0.00846	0.00752	0.00470	0.01128	0.01128	0.01503	0.02443	0.05074	0.02819	0.72751	0.03946	0.00752	0.00752	0.01128	0.00470	0.00470
11	0.06155	0.08530	0.05722	0.06938	0.02475	0.18082	0.01484	0.15154	0.21982	0.02994	0.01932	0.01988	0.01472	0.00881	0.00721	0.00231	0.00923	0.00660	0.00581	0.01096
12	0.01128	0.00752	0.00846	0.00846	0.00846	0.00752	0.00470	0.01128	0.01128	0.01503	0.02443	0.05074	0.02819	0.72751	0.03946	0.00752	0.00752	0.01128	0.00470	0.00470
13	0.02005	0.01675	0.01899	0.15262	0.02679	0.04206	0.01411	0.10275	0.38206	0.06106	0.02825	0.02782	0.05209	0.01017	0.00788	0.00255	0.00742	0.00840	0.00691	0.01129
14	0.01787	0.01419	0.01659	0.01197	0.01877	0.01117	0.00962	0.05617	0.01756	0.06324	0.01499	0.01679	0.01201	0.00616	0.00597	0.00128	0.00595	0.00491	0.00505	0.68973
15	0.01768	0.01949	0.03965	0.10291	0.03851	0.02005	0.47715	0.02326	0.01692	0.02326	0.01456	0.02023	0.01135	0.00785	0.01174	0.00274	0.13043	0.00851	0.00378	0.00993
16	0.01388	0.01222	0.01868	0.20097	0.06351	0.01302	0.07204	0.04444	0.07277	0.02343	0.05778	0.24061	0.10567	0.01460	0.00876	0.00273	0.00731	0.01323	0.00584	0.00850
17	0.00976	0.00762	0.00892	0.00962	0.01139	0.00678	0.00711	0.01184	0.01717	0.02172	0.11672	0.28135	0.35797	0.02097	0.00955	0.00287	0.00441	0.08034	0.00731	0.00660
18	0.01476	0.01393	0.02171	0.40337	0.03772	0.01799	0.01835	0.01840	0.01420	0.01938	0.01558	0.08473	0.01440	0.01291	0.03822	0.00324	0.23070	0.00831	0.00380	0.00830
19	0.00962	0.00688	0.00889	0.01042	0.01092	0.00644	0.00688	0.01086	0.01461	0.01936	0.04251	0.62294	0.07798	0.09668	0.01292	0.00358	0.00478	0.02067	0.00694	0.00614
20	0.02240	0.14427	0.02541	0.01790	0.02104	0.15141	0.01495	0.05908	0.01707	0.08933	0.01334	0.01664	0.01125	0.01036	0.01482	0.00258	0.31843	0.00602	0.00442	0.03929
21	0.01767	0.01649	0.02683	0.14043	0.45825	0.01717	0.02074	0.02378	0.07454	0.02572	0.08414	0.02427	0.01927	0.00828	0.00786	0.00239	0.00854	0.00780	0.00462	0.01122
22	0.02020	0.66072	0.10740	0.01418	0.02131	0.02937	0.01486	0.02336	0.01582	0.01889	0.01110	0.01284	0.00994	0.00671	0.00522	0.00174	0.00862	0.00431	0.00331	0.01011
23	0.01741	0.11663	0.06014	0.01947	0.02097	0.02441	0.01705	0.01959	0.01264	0.01890	0.01045	0.01631	0.01013	0.01230	0.02170	0.00311	0.58022	0.00637	0.00338	0.00884
24	0.01701	0.10873	0.54927	0.02153	0.03200	0.01973	0.05992	0.05978	0.01754	0.02529	0.01395	0.01634	0.01013	0.00736	0.00724	0.00238	0.01106	0.00582	0.00357	0.01135
25	0.01051	0.00768	0.01003	0.01089	0.01130	0.00793	0.00735	0.01167	0.01351	0.01831	0.03392	0.43812	0.03973	0.20900	0.08932	0.00525	0.04636	0.01699	0.00603	0.00607
26	0.01128	0.00752	0.00846	0.00846	0.00846	0.00752	0.00470	0.01128	0.01128	0.01503	0.02443	0.05074	0.02819	0.72751	0.03946	0.00752	0.00752	0.01128	0.00470	0.00470
27	0.01532	0.03845	0.65258	0.02147	0.03243	0.01746	0.02755	0.02405	0.01666	0.02489	0.04785	0.01850	0.01307	0.00780	0.00746	0.00245	0.01106	0.00616	0.00354	0.01125
28	0.02018	0.69145	0.03893	0.01307	0.01943	0.02937	0.01293	0.02273	0.01610	0.01896	0.04813	0.01500	0.01350	0.00715	0.00521	0.00170	0.00803	0.00470	0.00361	0.00980
29	0.78228	0.01499	0.01140	0.01020	0.01499	0.01739	0.00840	0.02279	0.01320	0.03479	0.01080	0.01260	0.00840	0.00720	0.00480	0.00240	0.00600	0.00420	0.00480	0.00840
30	0.02073	0.73217	0.04063	0.01327	0.01990	0.03068	0.01327	0.02322	0.01575	0.01824	0.01078	0.01244	0.00995	0.00663	0.00498	0.00166	0.00829	0.00415	0.00332	0.00995
31	0.01185	0.00933	0.01020	0.00990	0.01236	0.00802	0.00728	0.01381	0.02021	0.02617	0.28613	0.06957	0.44678	0.01920	0.00988	0.00289	0.00454	0.01582	0.00822	0.00783
32	0.01828	0.02034	0.05195	0.02270	0.02564	0.09473	0.18014	0.02153	0.01492	0.02072	0.01294	0.01922	0.01151	0.03572	0.01839	0.00310	0.38231	0.00733	0.02955	0.00898
33	0.01464	0.01378	0.02326	0.70887	0.05340	0.01723	0.02153	0.01981	0.01550	0.01981	0.01378	0.02067	0.01034	0.00775	0.00775	0.00258	0.01034	0.00689	0.00345	0.00861
34	0.01696	0.01696	0.02375	0.02036	0.02036	0.02375	0.01696	0.01866	0.01187	0.01866	0.01018	0.01696	0.01018	0.01357	0.02545	0.00339	0.71332	0.00679	0.00339	0.00848
35	0.01087	0.00776	0.01063	0.01242	0.01349	0.00752	0.00967	0.01325	0.01625	0.02138	0.04195	0.42643	0.04818	0.02295	0.01028	0.00335	0.00573	0.30404	0.00717	0.00669
36	0.01202	0.00900	0.01302	0.01274	0.01437	0.01043	0.00995	0.04678	0.01370	0.01959	0.02066	0.02985	0.01906	0.05564	0.66129	0.01194	0.02014	0.00824	0.00434	0.00725
37	0.00943	0.00680	0.00894	0.01064	0.01121	0.00631	0.00713	0.01081	0.01499	0.01985	0.04458	0.68908	0.08346	0.02405	0.00986	0.00312	0.00447	0.02175	0.00720	0.00631
38	0.01797	0.02028	0.04374	0.09304	0.04167	0.01940	0.59479	0.02439	0.01805	0.02439	0.01552	0.02089	0.01164	0.00664	0.00903	0.00261	0.01283	0.00895	0.00388	0.01029
39	0.02225	0.60420	0.03720	0.01450	0.02065	0.15322	0.01358	0.02464	0.01690	0.01838	0.01100	0.01272	0.00996	0.00688	0.00535	0.00172	0.00934	0.00430	0.00344	0.00977
40	0.01171	0.00803	0.01014	0.01087	0.01205	0.00766	0.00753	0.04789	0.01689	0.04553	0.10286	0.51296	0.08156	0.07139	0.01167	0.00329	0.00490	0.01887	0.00727	0.00692
41	0.01735	0.01031	0.01357	0.01212	0.01478	0.01054	0.00935	0.07745	0.01860	0.15201	0.17348	0.03730	0.03219	0.11360	0.26436	0.00669	0.01140	0.00975	0.00661	0.00854
42	0.01636	0.01274	0.01399	0.01283	0.01641	0.01351	0.01005	0.04861	0.31675	0.06540	0.11953	0.04799	0.20347	0.01422	0.00856	0.00265	0.00543	0.05377	0.00782	0.00990
43	0.06830	0.01790	0.01939	0.01530	0.02070	0.01931	0.01251	0.41371	0.05560	0.09668	0.02028	0.02083	0.01475	0.01110	0.03619	0.00266	0.00797	0.00693	0.08880	0.05108
44	0.04053	0.04430	0.27003	0.01538	0.02150	0.01341	0.01629	0.04616	0.01775	0.05087	0.11423	0.12059	0.06078	0.05021	0.00969	0.00278	0.00780	0.04428	0.00553	0.04789

[dist]
# distance from previous block
# <min> <max>
2	4

[block]
# block no. 1 follows, 25 sequences, length 83
# corresponding to MSA columns:
# 122-204
name=unknown_B
#
# <colnr> <probs for GDERKNQSTAVLIFYWHMCP>
#	G	D	E	R	K	N	Q	S	T	A	V	L	I	F	Y	W	H	M	C	P
0	0.02003	0.40109	0.20687	0.01545	0.02294	0.02303	0.01663	0.02427	0.01657	0.09201	0.01574	0.05682	0.01340	0.00815	0.00623	0.00202	0.00863	0.00603	0.00426	0.03984
1	0.02036	0.01969	0.07687	0.02801	0.26490	0.04327	0.03584	0.10881	0.09987	0.05661	0.01910	0.05600	0.01570	0.00859	0.00756	0.00225	0.00839	0.00755	0.00534	0.11529
2	0.01794	0.05689	0.02880	0.02122	0.05551	0.01662	0.22725	0.04459	0.06432	0.02577	0.01559	0.01870	0.01241	0.00691	0.00799	0.00196	0.03841	0.00668	0.00456	0.32788
3	0.05795	0.01562	0.01760	0.05270	0.02118	0.04959	0.01186	0.08084	0.17372	0.24399	0.08253	0.02640	0.02223	0.00960	0.00752	0.00229	0.00684	0.00778	0.00752	0.10225
4	0.01561	0.01055	0.01317	0.01139	0.01530	0.00869	0.00857	0.01821	0.01687	0.11071	0.07814	0.29199	0.03255	0.01416	0.00787	0.00218	0.00522	0.01245	0.00656	0.31982
5	0.02368	0.02023	0.02293	0.10843	0.09086	0.07261	0.01621	0.30075	0.14673	0.03521	0.01888	0.02039	0.01423	0.00933	0.00907	0.00247	0.06296	0.00713	0.00623	0.01167
6	0.01130	0.00872	0.01172	0.01050	0.01291	0.00785	0.03191	0.01486	0.02100	0.02936	0.54533	0.05632	0.13881	0.01542	0.00897	0.00240	0.00416	0.01363	0.00800	0.04683
7	0.06031	0.01963	0.02102	0.01633	0.02206	0.02151	0.01344	0.53342	0.03282	0.08381	0.01959	0.01974	0.01394	0.00921	0.00742	0.00229	0.00787	0.00693	0.07622	0.01245
8	0.01566	0.03937	0.66271	0.02251	0.03383	0.01807	0.05253	0.02457	0.01644	0.02457	0.01398	0.01654	0.00990	0.00733	0.00743	0.00246	0.01152	0.00586	0.00330	0.01142
9	0.01128	0.00752	0.00846	0.00846	0.00846	0.00752	0.00470	0.01128	0.01128	0.01503	0.02443	0.05074	0.02819	0.72751	0.03946	0.00752	0.00752	0.01128	0.00470	0.00470
10	0.07112	0.01431	0.02254	0.31453	0.03597	0.01508	0.07771	0.02786	0.01837	0.29386	0.02067	0.02254	0.01399	0.00836	0.00772	0.00250	0.00880	0.00731	0.00610	0.01066
11	0.01445	0.00723	0.00723	0.00723	0.00903	0.00723	0.00542	0.01807	0.01626	0.02891	0.02529	0.02891	0.01987	0.00903	0.00542	0.00181	0.00361	0.00723	0.77055	0.00723
12	0.01696	0.01696	0.02375	0.02036	0.02036	0.02375	0.01696	0.01866	0.01187	0.01866	0.01018	0.01696	0.01018	0.01357	0.02545	0.00339	0.71332	0.00679	0.00339	0.00848
13	0.00916	0.00785	0.00785	0.00785	0.01047	0.00655	0.00589	0.01113	0.01767	0.02095	0.07855	0.07462	0.67599	0.01964	0.00916	0.00262	0.00393	0.01636	0.00720	0.00655
14	0.02881	0.01817	0.02048	0.01607	0.02171	0.01933	0.01308	0.38522	0.10756	0.21462	0.02364	0.02344	0.01676	0.04313	0.00927	0.00263	0.00768	0.00762	0.00812	0.01268
15	0.72441	0.01551	0.01231	0.01078	0.01569	0.01791	0.00888	0.07125	0.01498	0.03587	0.01140	0.01306	0.00877	0.00736	0.00503	0.00239	0.00619	0.00441	0.00503	0.00877
16	0.01445	0.00723	0.00723	0.00723	0.00903	0.00723	0.00542	0.01807	0.01626	0.02891	0.02529	0.02891	0.01987	0.00903	0.00542	0.00181	0.00361	0.00723	0.77055	0.00723
17	0.05119	0.01914	0.02344	0.11017	0.14869	0.04701	0.01678	0.29464	0.04890	0.03464	0.01665	0.01925	0.01274	0.00899	0.00925	0.00244	0.07842	0.00683	0.03948	0.01134
18	0.02579	0.01857	0.06840	0.02328	0.03046	0.01599	0.31432	0.04801	0.02043	0.31888	0.02230	0.02303	0.01500	0.00802	0.00841	0.00250	0.00998	0.00830	0.00652	0.01181
19	0.01143	0.00815	0.01090	0.04327	0.01389	0.00794	0.00828	0.01396	0.01797	0.04888	0.28579	0.34569	0.09452	0.01910	0.00986	0.00280	0.02602	0.01689	0.00751	0.00714
20	0.01142	0.00790	0.00903	0.00890	0.00899	0.00811	0.00522	0.01156	0.01154	0.01539	0.02588	0.05031	0.05143	0.67367	0.03780	0.00718	0.03475	0.01129	0.00474	0.00491
21	0.05402	0.29827	0.02892	0.01700	0.04589	0.18109	0.01398	0.19381	0.02280	0.02765	0.01591	0.01710	0.03641	0.00820	0.00644	0.00201	0.00945	0.00568	0.00489	0.01049
22	0.02013	0.01519	0.01642	0.01464	0.01881	0.01702	0.01141	0.05992	0.49337	0.09019	0.03093	0.06076	0.02382	0.01090	0.00774	0.00255	0.00595	0.00909	0.07953	0.01164
23	0.00958	0.00685	0.00912	0.01070	0.01128	0.00639	0.00721	0.01114	0.01548	0.02081	0.09950	0.66279	0.05325	0.02353	0.00983	0.00309	0.00442	0.02132	0.00732	0.00639
24	0.01645	0.12824	0.54962	0.02184	0.03237	0.01978	0.07888	0.02441	0.01645	0.02376	0.01366	0.01624	0.01000	0.00720	0.00721	0.00237	0.01118	0.00581	0.00333	0.01118
25	0.27625	0.12809	0.26521	0.01601	0.02372	0.02001	0.01736	0.09404	0.01769	0.05772	0.01364	0.01521	0.01013	0.00751	0.00622	0.00231	0.00864	0.00521	0.00456	0.01048
26	0.01109	0.00827	0.01228	0.01228	0.01361	0.00960	0.00947	0.01373	0.01241	0.01787	0.02093	0.03136	0.01977	0.08771	0.66775	0.01224	0.02018	0.00844	0.00418	0.00682
27	0.01555	0.04011	0.68733	0.02210	0.03356	0.01801	0.02865	0.02455	0.01637	0.02455	0.01391	0.01637	0.00982	0.00737	0.00737	0.00246	0.01146	0.00573	0.00327	0.01146
28	0.01703	0.01717	0.02490	0.02100	0.02141	0.02353	0.05002	0.01898	0.01221	0.01898	0.01047	0.01717	0.01026	0.01320	0.02460	0.00335	0.67680	0.00691	0.00342	0.00858
29	0.01696	0.01696	0.02375	0.02036	0.02036	0.02375	0.01696	0.01866	0.01187	0.01866	0.01018	0.01696	0.01018	0.01357	0.02545	0.00339	0.71332	0.00679	0.00339	0.00848
30	0.01108	0.00831	0.01246	0.01246	0.01385	0.00969	0.00969	0.01385	0.01246	0.01800	0.02077	0.03046	0.01938	0.05815	0.69678	0.01246	0.02077	0.00831	0.00415	0.00692
31	0.02853	0.07634	0.02319	0.01938	0.02374	0.59376	0.01486	0.08931	0.02298	0.02176	0.01254	0.01433	0.01029	0.00803	0.00695	0.00201	0.01313	0.00513	0.00431	0.00944
32	0.02945	0.01913	0.02142	0.01672	0.02262	0.02049	0.01380	0.46437	0.06500	0.18440	0.02273	0.02346	0.01623	0.00990	0.00789	0.00241	0.00794	0.03101	0.00814	0.01291
33	0.00953	0.00681	0.00907	0.01074	0.01126	0.00635	0.00720	0.01100	0.01522	0.02038	0.07570	0.68780	0.05242	0.02385	0.00986	0.00311	0.00445	0.02162	0.00727	0.00635
34	0.01696	0.01696	0.02375	0.02036	0.02036	0.02375	0.01696	0.01866	0.01187	0.01866	0.01018	0.01696	0.01018	0.01357	0.02545	0.00339	0.71332	0.00679	0.00339	0.00848
35	0.01464	0.01378	0.02326	0.70887	0.05340	0.01723	0.02153	0.01981	0.01550	0.01981	0.01378	0.02067	0.01034	0.00775	0.00775	0.00258	0.01034	0.00689	0.00345	0.00861
36	0.01822	0.01914	0.02300	0.06041	0.02252	0.11469	0.01665	0.02021	0.01349	0.01874	0.01108	0.01734	0.01055	0.01434	0.05014	0.00354	0.54732	0.00661	0.00351	0.00849
37	0.01105	0.00797	0.01046	0.00997	0.01179	0.00739	0.00756	0.01470	0.02176	0.03072	0.64539	0.05930	0.07182	0.01611	0.00922	0.00249	0.00382	0.04270	0.00847	0.00731
38	0.01445	0.00723	0.00723	0.00723	0.00903	0.00723	0.00542	0.01807	0.01626	0.02891	0.02529	0.02891	0.01987	0.00903	0.00542	0.00181	0.00361	0.00723	0.77055	0.00723
39	0.06577	0.01524	0.01609	0.01307	0.01748	0.01643	0.01058	0.33634	0.02651	0.07769	0.02147	0.02272	0.01586	0.00910	0.00669	0.00213	0.00637	0.00697	0.30286	0.01061
40	0.02620	0.06476	0.02266	0.01727	0.02239	0.14886	0.01404	0.38977	0.05635	0.03697	0.02154	0.02198	0.06300	0.00998	0.00854	0.00232	0.04822	0.00722	0.00651	0.01141
41	0.01445	0.00723	0.00723	0.00723	0.00903	0.00723	0.00542	0.01807	0.01626	0.02891	0.02529	0.02891	0.01987	0.00903	0.00542	0.00181	0.00361	0.00723	0.77055	0.00723
42	0.01637	0.01587	0.02766	0.43246	0.23107	0.01803	0.07852	0.02137	0.01624	0.02181	0.01405	0.02013	0.01102	0.00762	0.00851	0.00254	0.03623	0.00709	0.00360	0.00983
43	0.01487	0.01380	0.02314	0.65122	0.08410	0.01695	0.02111	0.01996	0.01564	0.02040	0.01421	0.02087	0.01076	0.00775	0.00767	0.00254	0.01005	0.00690	0.02930	0.00876
44	0.02843	0.02029	0.02223	0.01724	0.02290	0.02250	0.01422	0.55433	0.03339	0.08369	0.01919	0.01947	0.01369	0.00953	0.00857	0.00236	0.04494	0.00703	0.04332	0.01266
45	0.01034	0.00712	0.00873	0.00966	0.00989	0.00689	0.00598	0.01103	0.01311	0.01748	0.03383	0.39578	0.04005	0.36629	0.02428	0.00527	0.00597	0.01681	0.00598	0.00552
46	0.01608	0.01378	0.01608	0.01148	0.01837	0.01034	0.00919	0.01952	0.01608	0.02527	0.01378	0.01608	0.01148	0.00574	0.00574	0.00115	0.00574	0.00459	0.00459	0.77491
47	0.02791	0.02094	0.02239	0.01752	0.02345	0.02331	0.01436	0.55917	0.13313	0.04634	0.02061	0.02020	0.01480	0.00949	0.00778	0.00237	0.00816	0.00726	0.00778	0.01305
48	0.07303	0.06238	0.02005	0.01540	0.02073	0.20584	0.01239	0.03436	0.05433	0.38866	0.02315	0.02145	0.01569	0.00889	0.00724	0.00225	0.00872	0.00664	0.00730	0.01151
49	0.01526	0.01463	0.02339	0.52576	0.04461	0.01896	0.02032	0.01950	0.01454	0.01950	0.01282	0.01969	0.01029	0.00930	0.01246	0.00280	0.19730	0.00686	0.00343	0.00858
50	0.00945	0.00675	0.00900	0.01080	0.01125	0.00630	0.00720	0.01080	0.01484	0.01979	0.04274	0.72245	0.05128	0.02429	0.00990	0.00315	0.00450	0.02204	0.00720	0.00630
51	0.00945	0.00675	0.00900	0.01080	0.01125	0.00630	0.00720	0.01080	0.01484	0.01979	0.04274	0.72245	0.05128	0.02429	0.00990	0.00315	0.00450	0.02204	0.00720	0.00630
52	0.02033	0.67927	0.09006	0.01394	0.02094	0.02971	0.01444	0.02332	0.01580	0.01872	0.01102	0.01274	0.00994	0.00669	0.00516	0.00172	0.00853	0.00427	0.00331	0.01007
53	0.00937	0.00790	0.00814	0.00819	0.01075	0.00667	0.00622	0.01145	0.01783	0.02139	0.09729	0.07459	0.62888	0.01958	0.00923	0.00265	0.00405	0.04198	0.00724	0.00660
54	0.01696	0.01696	0.02375	0.02036	0.02036	0.02375	0.01696	0.01866	0.01187	0.01866	0.01018	0.01696	0.01018	0.01357	0.02545	0.00339	0.71332	0.00679	0.00339	0.00848
55	0.00916	0.00785	0.00785	0.00785	0.01047	0.00655	0.00589	0.01113	0.01767	0.02095	0.07855	0.07462	0.67599	0.01964	0.00916	0.00262	0.00393	0.01636	0.00720	0.00655
56	0.01599	0.01703	0.03504	0.02611	0.03207	0.01581	0.45658	0.02108	0.01732	0.02362	0.02225	0.19366	0.02149	0.01087	0.00915	0.00266	0.01055	0.01208	0.00477	0.05187
57	0.01555	0.04011	0.68733	0.02210	0.03356	0.01801	0.02865	0.02455	0.01637	0.02455	0.01391	0.01637	0.00982	0.00737	0.00737	0.00246	0.01146	0.00573	0.00327	0.01146
58	0.01347	0.00673	0.01010	0.01010	0.01010	0.00673	0.00673	0.01010	0.01010	0.01347	0.01347	0.02357	0.01347	0.02694	0.03030	0.77441	0.00673	0.00673	0.00337	0.00337
59	0.01696	0.01696	0.02375	0.02036	0.02036	0.02375	0.01696	0.01866	0.01187	0.01866	0.01018	0.01696	0.01018	0.01357	0.02545	0.00339	0.71332	0.00679	0.00339	0.00848
60	0.02073	0.73217	0.04063	0.01327	0.01990	0.03068	0.01327	0.02322	0.01575	0.01824	0.01078	0.01244	0.00995	0.00663	0.00498	0.00166	0.00829	0.00415	0.00332	0.00995
61	0.02977	0.02124	0.02298	0.01762	0.02381	0.02334	0.01455	0.61911	0.03566	0.08416	0.01928	0.01905	0.01352	0.00932	0.00776	0.00233	0.00842	0.00703	0.00786	0.01319
62	0.00945	0.00675	0.00900	0.01080	0.01125	0.00630	0.00720	0.01080	0.01484	0.01979	0.04274	0.72245	0.05128	0.02429	0.00990	0.00315	0.00450	0.02204	0.00720	0.00630
63	0.01128	0.00752	0.00846	0.00846	0.00846	0.00752	0.00470	0.01128	0.01128	0.01503	0.02443	0.05074	0.02819	0.72751	0.03946	0.00752	0.00752	0.01128	0.00470	0.00470
64	0.02071	0.01824	0.02947	0.02351	0.05560	0.01865	0.26564	0.08749	0.24646	0.08489	0.02514	0.02598	0.04246	0.00896	0.00841	0.00256	0.00918	0.00889	0.00625	0.01149
65	0.00992	0.00782	0.00894	0.00880	0.01097	0.00684	0.00655	0.01253	0.01924	0.02500	0.31896	0.10587	0.39422	0.01837	0.00920	0.00258	0.00385	0.01575	0.00774	0.00684
66	0.01061	0.00758	0.01033	0.01213	0.01309	0.00730	0.00922	0.01281	0.01599	0.02110	0.04209	0.47975	0.04874	0.02319	0.01021	0.00331	0.00551	0.25324	0.00718	0.00662
67	0.03460	0.01349	0.01818	0.01394	0.01994	0.01184	0.01151	0.05930	0.02269	0.66229	0.03017	0.02612	0.01898	0.00959	0.00780	0.00240	0.00667	0.00777	0.00953	0.01320
68	0.01727	0.05861	0.31991	0.02821	0.07418	0.01931	0.32064	0.02459	0.01733	0.02447	0.01466	0.01851	0.01089	0.00692	0.00812	0.00249	0.01195	0.00734	0.00361	0.01097
69	0.01764	0.01662	0.02785	0.31793	0.40257	0.01810	0.02259	0.04128	0.01734	0.02378	0.01438	0.01978	0.01151	0.00733	0.00771	0.00242	0.00965	0.00690	0.00380	0.01080
70	0.01819	0.02171	0.07246	0.03224	0.04023	0.01954	0.62507	0.02482	0.01822	0.02482	0.01561	0.02073	0.01168	0.00657	0.00908	0.00261	0.01300	0.00901	0.00389	0.01050
71	0.02060	0.42019	0.02890	0.01311	0.01810	0.13559	0.01171	0.02409	0.04440	0.02141	0.01518	0.01716	0.01281	0.00757	0.00554	0.00179	0.00808	0.00519	0.17932	0.00926
72	0.01249	0.00892	0.01249	0.01428	0.01606	0.00892	0.01249	0.01606	0.01785	0.02320	0.04105	0.08746	0.04462	0.02142	0.01071	0.00357	0.00714	0.62695	0.00714	0.00714
73	0.01108	0.00825	0.01216	0.01211	0.01348	0.00943	0.00933	0.01382	0.01315	0.01890	0.07119	0.03328	0.02383	0.07830	0.62095	0.01152	0.01899	0.00885	0.00451	0.00688
74	0.01643	0.01968	0.08712	0.02816	0.06259	0.01693	0.45377	0.02214	0.01769	0.02397	0.02337	0.10347	0.06714	0.00962	0.00903	0.00265	0.01111	0.01079	0.00449	0.00985
75	0.01421	0.00725	0.00732	0.00732	0.00899	0.00725	0.00536	0.01754	0.01588	0.02784	0.02523	0.03059	0.02051	0.06426	0.00804	0.00225	0.00391	0.00754	0.71168	0.00703
76	0.00942	0.00683	0.00891	0.01057	0.01119	0.00632	0.00710	0.01082	0.01506	0.01988	0.04549	0.67265	0.09930	0.02393	0.00984	0.00311	0.00445	0.02161	0.00720	0.00632
77	0.01092	0.00783	0.01015	0.00971	0.01133	0.00728	0.00711	0.01418	0.02076	0.02928	0.59251	0.09155	0.06858	0.07099	0.01151	0.00287	0.00400	0.01422	0.00817	0.00706
78	0.01662	0.03869	0.63629	0.02177	0.03283	0.01847	0.02758	0.07288	0.01791	0.02642	0.01428	0.01654	0.01008	0.00752	0.00740	0.00245	0.01123	0.00583	0.00362	0.01159
79	0.68879	0.01413	0.01108	0.01000	0.01450	0.01612	0.00816	0.02154	0.01393	0.03356	0.04534	0.01936	0.06257	0.00854	0.00533	0.00242	0.00574	0.00557	0.00515	0.00821
80	0.01405	0.00728	0.00728	0.00728	0.00914	0.00717	0.00546	0.01753	0.01637	0.02830	0.02939	0.03242	0.07031	0.00985	0.00571	0.00187	0.00364	0.00793	0.71188	0.00717
81	0.49924	0.13173	0.12638	0.01301	0.01925	0.01992	0.01278	0.05602	0.01532	0.03127	0.01171	0.01350	0.00912	0.00725	0.00540	0.00229	0.00738	0.00458	0.00447	0.00939
82	0.01403	0.01342	0.04712	0.04379	0.02266	0.01250	0.18599	0.04948	0.01692	0.02297	0.06347	0.32206	0.03205	0.01669	0.01153	0.06216	0.03516	0.01432	0.00567	0.00800

[dist]
# distance from previous block
# <min> <max>
3	6

[block]
# block no. 2 follows, 25 sequences, length 13
# corresponding to MSA columns:
# 211-223
name=unknown_C
#
# <colnr> <probs for GDERKNQSTAVLIFYWHMCP>
#	G	D	E	R	K	N	Q	S	T	A	V	L	I	F	Y	W	H	M	C	P
0	0.02222	0.01812	0.01919	0.01637	0.02128	0.02066	0.01298	0.21776	0.48378	0.03717	0.02782	0.02595	0.02064	0.01017	0.00785	0.00254	0.00683	0.00825	0.00785	0.01254
1	0.20655	0.01895	0.01963	0.10194	0.02490	0.04763	0.01364	0.35546	0.02655	0.05867	0.01855	0.01964	0.03729	0.00896	0.00707	0.00238	0.00814	0.00661	0.00639	0.01105
2	0.04849	0.02020	0.09340	0.02950	0.26261	0.01851	0.08578	0.17352	0.04090	0.03170	0.06767	0.02535	0.01864	0.00901	0.00798	0.00244	0.00895	0.03850	0.00540	0.01144
3	0.01505	0.02042	0.17348	0.02275	0.05993	0.01632	0.18357	0.01970	0.01567	0.02225	0.02162	0.21167	0.02191	0.01295	0.01197	0.00286	0.14271	0.01137	0.00457	0.00926
4	0.01552	0.01548	0.02862	0.54757	0.05033	0.01779	0.17168	0.02101	0.01617	0.02101	0.01424	0.02073	0.01068	0.00746	0.00809	0.00259	0.01099	0.00743	0.00356	0.00905
5	0.02164	0.01921	0.02952	0.04049	0.52288	0.01976	0.02164	0.17395	0.02214	0.03094	0.01555	0.01905	0.01250	0.00748	0.00770	0.00231	0.00905	0.00693	0.00477	0.01250
6	0.20235	0.47284	0.06636	0.01396	0.02035	0.05187	0.03641	0.02354	0.01551	0.02278	0.01117	0.01305	0.00964	0.00685	0.00529	0.00192	0.00830	0.00446	0.00372	0.00964
7	0.01696	0.01696	0.02375	0.02036	0.02036	0.02375	0.01696	0.01866	0.01187	0.01866	0.01018	0.01696	0.01018	0.01357	0.02545	0.00339	0.71332	0.00679	0.00339	0.00848
8	0.00961	0.00718	0.00899	0.01036	0.01142	0.00655	0.00728	0.01127	0.01574	0.02032	0.05115	0.52028	0.19980	0.02297	0.00978	0.00305	0.00456	0.06607	0.00719	0.00642
9	0.01448	0.01159	0.01258	0.01191	0.04071	0.01123	0.00878	0.16495	0.02232	0.02817	0.08468	0.05838	0.46788	0.01651	0.00877	0.00253	0.00523	0.01365	0.00725	0.00839
10	0.01625	0.01532	0.02175	0.17008	0.21330	0.05893	0.03926	0.02206	0.07652	0.02550	0.17679	0.03397	0.05401	0.01062	0.00824	0.00247	0.00802	0.03177	0.00550	0.00963
11	0.01298	0.01018	0.01143	0.01138	0.03765	0.00971	0.00822	0.04084	0.11023	0.05175	0.14158	0.07973	0.41169	0.01675	0.00884	0.00258	0.00469	0.01412	0.00746	0.00817
12	0.01517	0.01453	0.02023	0.01808	0.01818	0.01959	0.01463	0.01678	0.01258	0.01893	0.01794	0.18525	0.01998	0.01613	0.02174	0.00333	0.54424	0.01042	0.00430	0.00796

[dist]
# distance from previous block
# <min> <max>
0	5

[block]
# block no. 3 follows, 25 sequences, length 10
# corresponding to MSA columns:
# 229-238
name=unknown_D
#
# <colnr> <probs for GDERKNQSTAVLIFYWHMCP>
#	G	D	E	R	K	N	Q	S	T	A	V	L	I	F	Y	W	H	M	C	P
0	0.01782	0.01510	0.02201	0.08003	0.28305	0.01576	0.01649	0.13619	0.04704	0.02788	0.02442	0.23074	0.02448	0.01278	0.00837	0.00260	0.00763	0.01154	0.00571	0.01037
1	0.01351	0.01134	0.01817	0.02301	0.21358	0.01231	0.01393	0.01683	0.01402	0.02020	0.01891	0.02708	0.01725	0.04277	0.48990	0.00941	0.01730	0.00789	0.00406	0.00853
2	0.01608	0.01378	0.01608	0.01148	0.01837	0.01034	0.00919	0.01952	0.01608	0.02527	0.01378	0.01608	0.01148	0.00574	0.00574	0.00115	0.00574	0.00459	0.00459	0.77491
3	0.02505	0.01756	0.01982	0.01487	0.02131	0.01713	0.01217	0.32968	0.02678	0.12353	0.01834	0.01867	0.01333	0.00798	0.00699	0.00189	0.00721	0.00617	0.00679	0.30473
4	0.02030	0.51736	0.03370	0.01402	0.01998	0.02726	0.01297	0.02862	0.21071	0.02250	0.01702	0.01739	0.01407	0.00780	0.00585	0.00195	0.00764	0.00553	0.00469	0.01065
5	0.01118	0.00764	0.00903	0.00885	0.00940	0.00746	0.00548	0.01228	0.01448	0.01986	0.21976	0.05289	0.04169	0.51385	0.03036	0.00599	0.00636	0.01210	0.00585	0.00548
6	0.01296	0.01139	0.01835	0.45891	0.03858	0.01346	0.01670	0.01689	0.01544	0.02000	0.02406	0.23524	0.02462	0.01351	0.00857	0.00281	0.00840	0.04749	0.00479	0.00783
7	0.01128	0.00752	0.00846	0.00846	0.00846	0.00752	0.00470	0.01128	0.01128	0.01503	0.02443	0.05074	0.02819	0.72751	0.03946	0.00752	0.00752	0.01128	0.00470	0.00470
8	0.02030	0.51736	0.03370	0.01402	0.01998	0.02726	0.01297	0.02862	0.21071	0.02250	0.01702	0.01739	0.01407	0.00780	0.00585	0.00195	0.00764	0.00553	0.00469	0.01065
9	0.01628	0.01460	0.02360	0.11352	0.40429	0.01501	0.01780	0.01957	0.01549	0.02159	0.01745	0.02884	0.01683	0.22335	0.01723	0.00390	0.00883	0.00822	0.00405	0.00957

[dist]
# distance from previous block
# <min> <max>
12	16

[block]
# block no. 4 follows, 25 sequences, length 7
# corresponding to MSA columns:
# 255-261
name=unknown_E
#
# <colnr> <probs for GDERKNQSTAVLIFYWHMCP>
#	G	D	E	R	K	N	Q	S	T	A	V	L	I	F	Y	W	H	M	C	P
0	0.01893	0.01958	0.04038	0.08936	0.07358	0.01890	0.50243	0.02575	0.04702	0.05897	0.01694	0.02144	0.01259	0.00700	0.00883	0.00258	0.01199	0.00875	0.00435	0.01062
1	0.01840	0.11347	0.10519	0.08723	0.22903	0.01879	0.01843	0.07847	0.08699	0.02611	0.05084	0.02440	0.01743	0.00988	0.00885	0.04739	0.00855	0.03513	0.00480	0.01062
2	0.07930	0.30734	0.23458	0.01875	0.02658	0.09343	0.09420	0.02459	0.01669	0.02233	0.01245	0.01483	0.01001	0.00703	0.00640	0.00211	0.01024	0.00532	0.00356	0.01025
3	0.02145	0.06078	0.02145	0.02211	0.18475	0.01611	0.01419	0.06251	0.17120	0.16497	0.12013	0.03060	0.05522	0.01029	0.00786	0.00239	0.00681	0.00881	0.00698	0.01139
4	0.06180	0.01619	0.06404	0.10607	0.02346	0.03276	0.01351	0.12152	0.05571	0.17335	0.09942	0.02642	0.02196	0.00993	0.00839	0.00240	0.04470	0.00782	0.10018	0.01037
5	0.01169	0.00851	0.01148	0.01305	0.01476	0.00829	0.01100	0.01478	0.01743	0.02248	0.04577	0.16991	0.12118	0.02159	0.01042	0.00340	0.00641	0.47376	0.00715	0.00696
6	0.01902	0.11720	0.43886	0.01918	0.02846	0.01890	0.02252	0.02821	0.10282	0.10555	0.01791	0.01878	0.01282	0.00797	0.00720	0.00238	0.00978	0.00619	0.00466	0.01160

[dist]
# distance from previous block
# <min> <max>
2	20

[block]
# block no. 5 follows, 25 sequences, length 12
# corresponding to MSA columns:
# 282-285,287-294
name=unknown_F
#
# <colnr> <probs for GDERKNQSTAVLIFYWHMCP>
#	G	D	E	R	K	N	Q	S	T	A	V	L	I	F	Y	W	H	M	C	P
0	0.08477	0.22502	0.02527	0.11266	0.05873	0.13517	0.01420	0.02369	0.06355	0.02222	0.05292	0.05122	0.01687	0.01109	0.03513	0.00264	0.04431	0.00683	0.00445	0.00925
1	0.01744	0.09815	0.23189	0.06512	0.03333	0.01956	0.25739	0.05904	0.01808	0.02467	0.01907	0.02229	0.05892	0.00820	0.00855	0.00248	0.03355	0.00779	0.00408	0.01041
2	0.01968	0.01494	0.01868	0.01433	0.02001	0.01379	0.03989	0.09828	0.06059	0.10038	0.01908	0.06499	0.01585	0.00872	0.00820	0.00188	0.05756	0.00701	0.00579	0.41033
3	0.05784	0.07178	0.51461	0.02138	0.03133	0.01823	0.08839	0.02388	0.01666	0.02516	0.04953	0.01866	0.01337	0.00769	0.00738	0.00243	0.01073	0.00636	0.00371	0.01089
4	0.03812	0.11026	0.16408	0.04870	0.05011	0.10846	0.12013	0.07596	0.05638	0.09709	0.01654	0.01852	0.01233	0.00808	0.00822	0.00236	0.04234	0.00659	0.00484	0.01088
5	0.15729	0.02156	0.21564	0.05220	0.02317	0.01536	0.01557	0.09668	0.01829	0.05616	0.01668	0.01890	0.01245	0.00779	0.00642	0.00216	0.00771	0.00589	0.14863	0.10147
6	0.01571	0.03901	0.65058	0.02271	0.03396	0.01810	0.06430	0.02457	0.01648	0.02457	0.01402	0.01663	0.00993	0.00732	0.00747	0.00246	0.01155	0.00593	0.00331	0.01140
7	0.02465	0.01935	0.05029	0.01600	0.02215	0.01902	0.01352	0.41269	0.02879	0.06642	0.01902	0.05019	0.01484	0.01088	0.03191	0.00248	0.00824	0.00717	0.00680	0.17561
8	0.01452	0.01045	0.01378	0.01470	0.01702	0.01073	0.01276	0.09223	0.02007	0.02627	0.03837	0.07923	0.04087	0.01997	0.01036	0.00342	0.00731	0.55285	0.00721	0.00786
9	0.01730	0.24879	0.41043	0.01919	0.02781	0.02257	0.02255	0.02344	0.01564	0.02192	0.01251	0.01524	0.00990	0.00788	0.00880	0.00232	0.09438	0.00537	0.00330	0.01064
10	0.01458	0.01038	0.01231	0.01202	0.01455	0.01045	0.00928	0.02117	0.15426	0.06077	0.08430	0.12771	0.08710	0.10841	0.01278	0.00338	0.00586	0.15029	0.05076	0.04967
11	0.02293	0.02253	0.05912	0.01882	0.02315	0.12609	0.04074	0.23042	0.06955	0.03085	0.01588	0.01838	0.01254	0.00990	0.01217	0.00252	0.19561	0.00665	0.03089	0.05124

[dist]
# distance from previous block
# <min> <max>
3	39

[block]
# block no. 6 follows, 25 sequences, length 35
# corresponding to MSA columns:
# 335-369
name=unknown_G
#
# <colnr> <probs for GDERKNQSTAVLIFYWHMCP>
#	G	D	E	R	K	N	Q	S	T	A	V	L	I	F	Y	W	H	M	C	P
0	0.05531	0.08517	0.17389	0.01800	0.02448	0.06596	0.11355	0.05977	0.01840	0.06584	0.05681	0.07118	0.01869	0.03747	0.00868	0.00247	0.00902	0.00799	0.02617	0.08116
1	0.01840	0.03793	0.01982	0.01717	0.04717	0.01548	0.07075	0.06835	0.24434	0.07476	0.08102	0.09798	0.02895	0.01243	0.00838	0.00260	0.00691	0.08370	0.00702	0.05685
2	0.02155	0.02000	0.02197	0.14927	0.02842	0.13226	0.05316	0.20593	0.06248	0.02962	0.01888	0.09001	0.01625	0.01005	0.00842	0.00237	0.03585	0.00817	0.00557	0.07977
3	0.05315	0.01905	0.05784	0.01548	0.02112	0.05074	0.01297	0.16356	0.26658	0.07669	0.02456	0.02385	0.03843	0.00928	0.00735	0.00226	0.00723	0.00735	0.00683	0.13571
4	0.02117	0.05214	0.19677	0.02170	0.07078	0.03645	0.12350	0.02750	0.05792	0.16863	0.05025	0.02205	0.01636	0.00855	0.00877	0.00241	0.05101	0.00733	0.00543	0.05128
5	0.01758	0.01695	0.02354	0.07703	0.06420	0.05702	0.11610	0.02285	0.06816	0.02409	0.01557	0.01926	0.01267	0.00810	0.01000	0.00215	0.12284	0.00653	0.05130	0.26406
6	0.01650	0.01569	0.01913	0.04894	0.02163	0.08992	0.09555	0.05346	0.06240	0.02460	0.05138	0.20564	0.05009	0.01247	0.00803	0.00230	0.00757	0.01113	0.00570	0.19785
7	0.01869	0.01825	0.02950	0.17470	0.53198	0.04494	0.02301	0.02331	0.01741	0.02401	0.01433	0.01927	0.01181	0.00711	0.00766	0.00235	0.00962	0.00683	0.00377	0.01144
8	0.06397	0.01611	0.05219	0.01266	0.01959	0.01265	0.01077	0.08839	0.01812	0.02835	0.01413	0.01616	0.01139	0.00630	0.00599	0.00142	0.00636	0.00489	0.00488	0.60570
9	0.07020	0.01812	0.05387	0.32429	0.05970	0.05790	0.18498	0.02203	0.01655	0.02263	0.01550	0.02346	0.01267	0.00844	0.00877	0.00262	0.04038	0.04474	0.00392	0.00923
10	0.01353	0.01072	0.01586	0.01439	0.01646	0.01224	0.04917	0.07337	0.01493	0.02113	0.01989	0.02915	0.01833	0.08345	0.52151	0.01019	0.05522	0.00831	0.00446	0.00768
11	0.02866	0.02043	0.02212	0.01714	0.02301	0.02242	0.01404	0.56467	0.06107	0.08579	0.02012	0.02078	0.01458	0.03750	0.00901	0.00255	0.00827	0.00727	0.00776	0.01282
12	0.01432	0.01247	0.01505	0.01422	0.01598	0.07227	0.01117	0.05368	0.01466	0.01998	0.01883	0.02698	0.01729	0.04647	0.52932	0.01005	0.08758	0.00779	0.00428	0.00763
13	0.01586	0.01502	0.02546	0.53175	0.22101	0.01755	0.02214	0.02088	0.01608	0.02129	0.01400	0.02027	0.01086	0.00753	0.00773	0.00251	0.01003	0.00690	0.00355	0.00960
14	0.01079	0.00792	0.01011	0.00956	0.01147	0.00724	0.00717	0.01428	0.02152	0.03007	0.61519	0.05959	0.13365	0.01623	0.00915	0.00246	0.00369	0.01426	0.00840	0.00724
15	0.01608	0.01378	0.01608	0.01148	0.01837	0.01034	0.00919	0.01952	0.01608	0.02527	0.01378	0.01608	0.01148	0.00574	0.00574	0.00115	0.00574	0.00459	0.00459	0.77491
16	0.02188	0.01780	0.02128	0.12443	0.08007	0.05066	0.01505	0.17429	0.13789	0.07917	0.01910	0.02065	0.01438	0.00871	0.00848	0.00228	0.05126	0.00683	0.00596	0.13983
17	0.02471	0.02192	0.02015	0.01714	0.02206	0.14737	0.01352	0.22820	0.33138	0.05437	0.02387	0.02287	0.01774	0.00964	0.00768	0.00241	0.00836	0.00748	0.00717	0.01197
18	0.01050	0.00791	0.00970	0.00926	0.01129	0.00711	0.00694	0.01371	0.02082	0.02842	0.51821	0.06231	0.23167	0.01685	0.00915	0.00249	0.00373	0.01464	0.00818	0.00711
19	0.01445	0.00723	0.00723	0.00723	0.00903	0.00723	0.00542	0.01807	0.01626	0.02891	0.02529	0.02891	0.01987	0.00903	0.00542	0.00181	0.00361	0.00723	0.77055	0.00723
20	0.01128	0.00752	0.00846	0.00846	0.00846	0.00752	0.00470	0.01128	0.01128	0.01503	0.02443	0.05074	0.02819	0.72751	0.03946	0.00752	0.00752	0.01128	0.00470	0.00470
21	0.78228	0.01499	0.01140	0.01020	0.01499	0.01739	0.00840	0.02279	0.01320	0.03479	0.01080	0.01260	0.00840	0.00720	0.00480	0.00240	0.00600	0.00420	0.00480	0.00840
22	0.01859	0.01844	0.03288	0.02527	0.02901	0.02123	0.28962	0.02245	0.01525	0.06074	0.01376	0.01922	0.01139	0.01031	0.01738	0.00300	0.36998	0.00786	0.00399	0.00961
23	0.74259	0.01535	0.01202	0.01060	0.01547	0.01774	0.00873	0.05603	0.01442	0.03553	0.01121	0.01291	0.00865	0.00731	0.00495	0.00240	0.00613	0.00435	0.00495	0.00865
24	0.02980	0.02120	0.02295	0.01759	0.02378	0.02327	0.01453	0.61558	0.03558	0.08781	0.01935	0.01909	0.01355	0.00933	0.00776	0.00233	0.00841	0.00703	0.00787	0.01319
25	0.01186	0.00864	0.01092	0.01009	0.01218	0.00816	0.00764	0.04793	0.02250	0.03153	0.61158	0.05667	0.09939	0.01569	0.00907	0.00244	0.00393	0.01377	0.00843	0.00759
26	0.01506	0.01459	0.02581	0.63198	0.05194	0.01750	0.09311	0.02038	0.01582	0.02038	0.01400	0.02070	0.01050	0.00761	0.00791	0.00259	0.01065	0.00715	0.00350	0.00882
27	0.78228	0.01499	0.01140	0.01020	0.01499	0.01739	0.00840	0.02279	0.01320	0.03479	0.01080	0.01260	0.00840	0.00720	0.00480	0.00240	0.00600	0.00420	0.00480	0.00840
28	0.01128	0.00752	0.00846	0.00846	0.00846	0.00752	0.00470	0.01128	0.01128	0.01503	0.02443	0.05074	0.02819	0.72751	0.03946	0.00752	0.00752	0.01128	0.00470	0.00470
29	0.05168	0.01408	0.02312	0.64052	0.08454	0.01730	0.02102	0.02016	0.01551	0.02082	0.01368	0.02021	0.01035	0.00768	0.00761	0.00256	0.01007	0.00676	0.00353	0.00880
30	0.78228	0.01499	0.01140	0.01020	0.01499	0.01739	0.00840	0.02279	0.01320	0.03479	0.01080	0.01260	0.00840	0.00720	0.00480	0.00240	0.00600	0.00420	0.00480	0.00840
31	0.19966	0.01492	0.02207	0.42733	0.04032	0.01785	0.06945	0.02164	0.03812	0.02421	0.01368	0.01886	0.01045	0.00790	0.00802	0.00258	0.04362	0.00649	0.00397	0.00884
32	0.10207	0.01419	0.02275	0.60406	0.04855	0.01733	0.04365	0.02034	0.01535	0.02170	0.01351	0.01976	0.01017	0.00764	0.00747	0.00256	0.00995	0.00667	0.00362	0.00866
33	0.36474	0.01652	0.01964	0.19483	0.17136	0.04330	0.01557	0.04636	0.01596	0.02888	0.01272	0.01636	0.00998	0.00738	0.00637	0.00241	0.00819	0.00561	0.00433	0.00951
34	0.01647	0.01565	0.02656	0.44292	0.30506	0.01771	0.02244	0.02141	0.01637	0.02203	0.01410	0.02008	0.01112	0.00741	0.00772	0.00247	0.00988	0.00690	0.00360	0.01009

[dist]
# distance from previous block
# <min> <max>
0	2

# created by:
# /st0/software/busco_prod/Augustus/scripts/msa2prfl.pl ./align_prep/95882.fa
