[name]
unknown

[dist]
# distance from previous block
# <min> <max>
0	3

[block]
# block no. 0 follows, 25 sequences, length 22
# corresponding to MSA columns:
# 3-24
name=unknown_A
#
# <colnr> <probs for GDERKNQSTAVLIFYWHMCP>
#	G	D	E	R	K	N	Q	S	T	A	V	L	I	F	Y	W	H	M	C	P
0	0.01249	0.00892	0.01249	0.01428	0.01606	0.00892	0.01249	0.01606	0.01785	0.02320	0.04105	0.08746	0.04462	0.02142	0.01071	0.00357	0.00714	0.62695	0.00714	0.00714
1	0.01811	0.38228	0.36759	0.01773	0.02681	0.02427	0.02104	0.02389	0.01607	0.02143	0.01236	0.01443	0.00989	0.00700	0.00618	0.00206	0.00989	0.00495	0.00330	0.01071
2	0.01070	0.00792	0.00999	0.00947	0.01142	0.00720	0.00710	0.01411	0.02131	0.02958	0.58636	0.06040	0.16279	0.01641	0.00915	0.00247	0.00370	0.01437	0.00834	0.00720
3	0.00945	0.00675	0.00900	0.01080	0.01125	0.00630	0.00720	0.01080	0.01484	0.01979	0.04274	0.72245	0.05128	0.02429	0.00990	0.00315	0.00450	0.02204	0.00720	0.00630
4	0.01464	0.01378	0.02326	0.70887	0.05340	0.01723	0.02153	0.01981	0.01550	0.01981	0.01378	0.02067	0.01034	0.00775	0.00775	0.00258	0.01034	0.00689	0.00345	0.00861
5	0.01608	0.01378	0.01608	0.01148	0.01837	0.01034	0.00919	0.01952	0.01608	0.02527	0.01378	0.01608	0.01148	0.00574	0.00574	0.00115	0.00574	0.00459	0.00459	0.77491
6	0.02237	0.01473	0.01889	0.01471	0.02036	0.01382	0.05401	0.08262	0.14507	0.20226	0.09120	0.02617	0.02246	0.00909	0.00745	0.00210	0.00656	0.00773	0.00718	0.23123
7	0.00942	0.00683	0.00891	0.01056	0.01119	0.00632	0.00709	0.01082	0.01507	0.01988	0.04556	0.67133	0.10058	0.02392	0.00984	0.00311	0.00445	0.02159	0.00720	0.00632
8	0.00942	0.00781	0.00825	0.00826	0.01066	0.00664	0.00615	0.01159	0.01811	0.02226	0.15768	0.10455	0.56318	0.01935	0.00920	0.00262	0.00392	0.01633	0.00738	0.00664
9	0.02765	0.03430	0.02108	0.01906	0.02306	0.61953	0.01436	0.05760	0.02233	0.02045	0.01678	0.01829	0.05514	0.00884	0.00717	0.00205	0.01306	0.00585	0.00438	0.00901
10	0.00919	0.00777	0.00794	0.00809	0.01053	0.00653	0.00599	0.01110	0.01745	0.02085	0.07572	0.12574	0.62670	0.02000	0.00922	0.00266	0.00397	0.01681	0.00720	0.00653
11	0.02745	0.06370	0.02400	0.02293	0.10343	0.54841	0.01597	0.06401	0.02198	0.02136	0.01261	0.01480	0.01044	0.00787	0.00703	0.00204	0.01286	0.00530	0.00415	0.00966
12	0.78228	0.01499	0.01140	0.01020	0.01499	0.01739	0.00840	0.02279	0.01320	0.03479	0.01080	0.01260	0.00840	0.00720	0.00480	0.00240	0.00600	0.00420	0.00480	0.00840
13	0.01622	0.01484	0.02408	0.69143	0.05352	0.01795	0.02187	0.02081	0.01644	0.02125	0.01535	0.02275	0.01187	0.00880	0.00840	0.00287	0.01076	0.00737	0.00401	0.00941
14	0.01037	0.00887	0.01123	0.01049	0.01328	0.00779	0.05041	0.01302	0.01820	0.02258	0.13461	0.07069	0.49138	0.01855	0.00934	0.00271	0.00489	0.08750	0.00712	0.00696
15	0.01108	0.00831	0.01246	0.01246	0.01385	0.00969	0.00969	0.01385	0.01246	0.01800	0.02077	0.03046	0.01938	0.05815	0.69678	0.01246	0.02077	0.00831	0.00415	0.00692
16	0.01464	0.01378	0.02326	0.70887	0.05340	0.01723	0.02153	0.01981	0.01550	0.01981	0.01378	0.02067	0.01034	0.00775	0.00775	0.00258	0.01034	0.00689	0.00345	0.00861
17	0.01674	0.01592	0.02705	0.40384	0.34204	0.01778	0.02258	0.02165	0.01650	0.02236	0.01415	0.01999	0.01123	0.00736	0.00772	0.00245	0.00982	0.00690	0.00363	0.01031
18	0.02831	0.03557	0.02167	0.01969	0.02371	0.65029	0.01480	0.03166	0.06575	0.01989	0.01332	0.01500	0.01092	0.00816	0.00705	0.00204	0.01345	0.00525	0.00426	0.00921
19	0.01469	0.01006	0.01180	0.01065	0.01385	0.00925	0.00817	0.01951	0.09190	0.10291	0.19478	0.07933	0.23401	0.05327	0.01023	0.00273	0.00495	0.03644	0.00748	0.08401
20	0.01116	0.00898	0.01008	0.00961	0.01213	0.00844	0.00727	0.01630	0.09998	0.02651	0.31562	0.06213	0.34933	0.01696	0.00900	0.00255	0.00409	0.01446	0.00783	0.00757
21	0.01971	0.01859	0.03311	0.04387	0.55297	0.01831	0.11995	0.02454	0.01795	0.05298	0.01543	0.01976	0.01249	0.00696	0.00791	0.00235	0.00970	0.00729	0.00409	0.01204

[dist]
# distance from previous block
# <min> <max>
6	11

[block]
# block no. 1 follows, 25 sequences, length 7
# corresponding to MSA columns:
# 39-45
name=unknown_B
#
# <colnr> <probs for GDERKNQSTAVLIFYWHMCP>
#	G	D	E	R	K	N	Q	S	T	A	V	L	I	F	Y	W	H	M	C	P
0	0.06088	0.22961	0.42059	0.01827	0.02730	0.02093	0.02186	0.02333	0.01574	0.02292	0.01334	0.01604	0.01045	0.01071	0.05484	0.00293	0.01091	0.00538	0.00344	0.01054
1	0.02083	0.58679	0.13391	0.01459	0.02189	0.02764	0.01540	0.02431	0.01624	0.06001	0.01245	0.01387	0.01050	0.00692	0.00550	0.00182	0.00865	0.00460	0.00370	0.01037
2	0.01154	0.03366	0.01031	0.00931	0.01030	0.00863	0.00626	0.01277	0.01314	0.01795	0.05582	0.04694	0.09908	0.41668	0.15878	0.00714	0.00930	0.01085	0.05572	0.00580
3	0.02835	0.02036	0.02219	0.01692	0.02319	0.02183	0.01395	0.54904	0.03343	0.08387	0.01880	0.01880	0.01336	0.00894	0.00754	0.00220	0.00812	0.00677	0.00753	0.09480
4	0.01451	0.01118	0.01342	0.01273	0.01483	0.04890	0.00993	0.08389	0.01608	0.02287	0.02068	0.02806	0.01827	0.04334	0.48909	0.00932	0.01671	0.00783	0.11060	0.00775
5	0.01778	0.01309	0.01581	0.01487	0.01812	0.01394	0.01247	0.21032	0.05895	0.03205	0.09964	0.05735	0.03567	0.01846	0.04481	0.00348	0.00784	0.30874	0.00736	0.00926
6	0.54437	0.04687	0.09628	0.07920	0.02140	0.01767	0.01248	0.02354	0.01439	0.06617	0.01252	0.01456	0.00940	0.00738	0.00556	0.00239	0.00720	0.00483	0.00468	0.00911

[dist]
# distance from previous block
# <min> <max>
4	9

[block]
# block no. 2 follows, 25 sequences, length 216
# corresponding to MSA columns:
# 55-270
name=unknown_C
#
# <colnr> <probs for GDERKNQSTAVLIFYWHMCP>
#	G	D	E	R	K	N	Q	S	T	A	V	L	I	F	Y	W	H	M	C	P
0	0.02108	0.07646	0.31096	0.01713	0.02468	0.01499	0.01875	0.02655	0.01811	0.22911	0.02388	0.09435	0.01961	0.01080	0.00784	0.00254	0.00868	0.05751	0.00594	0.01104
1	0.09920	0.57288	0.11683	0.01403	0.02106	0.02775	0.01465	0.02334	0.01556	0.02073	0.01117	0.01294	0.00977	0.00678	0.00525	0.00183	0.00844	0.00435	0.00347	0.00997
2	0.05130	0.06726	0.62954	0.02119	0.03214	0.01850	0.02708	0.02442	0.01620	0.02477	0.01364	0.01603	0.00976	0.00733	0.00715	0.00242	0.01108	0.00559	0.00335	0.01126
3	0.01979	0.01517	0.01695	0.01364	0.01906	0.01487	0.01077	0.10147	0.24437	0.08257	0.02465	0.02526	0.04113	0.03970	0.00846	0.00223	0.00628	0.00729	0.00660	0.29974
4	0.01445	0.00723	0.00723	0.00723	0.00903	0.00723	0.00542	0.01807	0.01626	0.02891	0.02529	0.02891	0.01987	0.00903	0.00542	0.00181	0.00361	0.00723	0.77055	0.00723
5	0.02146	0.67049	0.03897	0.01386	0.02026	0.08974	0.01342	0.02390	0.01631	0.01831	0.01089	0.01257	0.00995	0.00675	0.00515	0.00169	0.00880	0.00422	0.00338	0.00986
6	0.07302	0.01673	0.01809	0.01547	0.02022	0.01855	0.01238	0.20497	0.32284	0.10018	0.02755	0.06084	0.02172	0.01108	0.00788	0.00258	0.00680	0.03953	0.00775	0.01182
7	0.01637	0.01537	0.02037	0.05057	0.04729	0.04302	0.01480	0.04679	0.03460	0.02254	0.11351	0.02540	0.02145	0.01835	0.10161	0.00416	0.38249	0.00808	0.00463	0.00862
8	0.01962	0.01673	0.01598	0.01424	0.01714	0.13487	0.01073	0.15260	0.02063	0.05768	0.04723	0.17824	0.02563	0.11373	0.03890	0.00354	0.04897	0.01074	0.02864	0.04418
9	0.00935	0.00780	0.00816	0.00820	0.01062	0.00660	0.00610	0.01144	0.01791	0.02183	0.13242	0.11035	0.58350	0.01955	0.00920	0.00263	0.00393	0.01647	0.00733	0.00660
10	0.01573	0.06353	0.66545	0.02180	0.03310	0.01844	0.02813	0.02451	0.01635	0.02434	0.01381	0.01624	0.00983	0.00734	0.00729	0.00243	0.01135	0.00568	0.00328	0.01141
11	0.01793	0.02257	0.11302	0.03106	0.06036	0.01897	0.53296	0.02452	0.01797	0.02484	0.01537	0.02014	0.01156	0.00660	0.00875	0.00252	0.01243	0.00849	0.00388	0.04606
12	0.02003	0.01769	0.01791	0.01603	0.02045	0.04859	0.01247	0.06016	0.61751	0.03238	0.03031	0.02796	0.02275	0.01037	0.00785	0.00259	0.00655	0.00855	0.00772	0.01216
13	0.01885	0.48129	0.27507	0.01647	0.02485	0.02609	0.01884	0.02370	0.01598	0.02053	0.01192	0.01386	0.00990	0.00690	0.00584	0.00195	0.00944	0.00472	0.00330	0.01050
14	0.01835	0.01771	0.03065	0.16355	0.54066	0.01826	0.05103	0.02314	0.01730	0.02434	0.01449	0.01953	0.01192	0.00704	0.00775	0.00237	0.00958	0.00700	0.00377	0.01155
15	0.78228	0.01499	0.01140	0.01020	0.01499	0.01739	0.00840	0.02279	0.01320	0.03479	0.01080	0.01260	0.00840	0.00720	0.00480	0.00240	0.00600	0.00420	0.00480	0.00840
16	0.01120	0.00782	0.00997	0.00997	0.01049	0.00834	0.00659	0.01225	0.01172	0.01615	0.02305	0.04307	0.02486	0.47449	0.28793	0.00939	0.01253	0.01015	0.00449	0.00554
17	0.01527	0.01381	0.02249	0.64559	0.05002	0.01704	0.02047	0.04700	0.01644	0.02150	0.01454	0.02098	0.01091	0.00788	0.00764	0.00254	0.00994	0.00691	0.04028	0.00874
18	0.01426	0.00729	0.00753	0.00753	0.00931	0.00737	0.00567	0.01782	0.01604	0.02828	0.02503	0.02900	0.01985	0.01186	0.04522	0.00242	0.00460	0.00729	0.72643	0.00721
19	0.03479	0.01320	0.01799	0.01380	0.01979	0.01140	0.01140	0.03779	0.02219	0.68451	0.03059	0.02639	0.01919	0.00960	0.00780	0.00240	0.00660	0.00780	0.00960	0.01320
20	0.00943	0.00776	0.00832	0.00863	0.01089	0.00666	0.00645	0.01145	0.01745	0.02125	0.09200	0.16140	0.54038	0.02022	0.00934	0.00273	0.00416	0.04768	0.00724	0.00657
21	0.02029	0.67306	0.09587	0.01402	0.02107	0.02960	0.01458	0.02333	0.01581	0.01878	0.01105	0.01277	0.00994	0.00670	0.00518	0.00173	0.00856	0.00428	0.00331	0.01008
22	0.01096	0.00797	0.01035	0.00989	0.01176	0.00736	0.00751	0.01454	0.02154	0.03021	0.61474	0.06020	0.10053	0.01631	0.00922	0.00250	0.00385	0.04489	0.00840	0.00727
23	0.01608	0.01378	0.01608	0.01148	0.01837	0.01034	0.00919	0.01952	0.01608	0.02527	0.01378	0.01608	0.01148	0.00574	0.00574	0.00115	0.00574	0.00459	0.00459	0.77491
24	0.02906	0.02151	0.02303	0.01776	0.02389	0.02385	0.01464	0.62824	0.06218	0.04819	0.01915	0.01904	0.01361	0.00936	0.00776	0.00234	0.00843	0.00705	0.00776	0.01315
25	0.01186	0.00812	0.01065	0.00990	0.01189	0.00747	0.00747	0.01549	0.02196	0.05530	0.65117	0.05675	0.07116	0.01562	0.00910	0.00244	0.00377	0.01379	0.00857	0.00753
26	0.00952	0.00678	0.00898	0.01071	0.01114	0.00634	0.00710	0.01081	0.01471	0.01961	0.04203	0.69655	0.05039	0.05140	0.01104	0.00332	0.00461	0.02163	0.00710	0.00624
27	0.01136	0.00872	0.01300	0.01284	0.01416	0.01036	0.01004	0.01408	0.01243	0.01803	0.02026	0.02982	0.01894	0.05602	0.66471	0.01203	0.05385	0.00823	0.00412	0.00700
28	0.01919	0.01842	0.03147	0.04759	0.67914	0.01842	0.02380	0.02380	0.01765	0.02533	0.01458	0.01919	0.01228	0.00691	0.00768	0.00230	0.00921	0.00691	0.00384	0.01228
29	0.01108	0.00831	0.01246	0.01246	0.01385	0.00969	0.00969	0.01385	0.01246	0.01800	0.02077	0.03046	0.01938	0.05815	0.69678	0.01246	0.02077	0.00831	0.00415	0.00692
30	0.00916	0.00785	0.00785	0.00785	0.01047	0.00655	0.00589	0.01113	0.01767	0.02095	0.07855	0.07462	0.67599	0.01964	0.00916	0.00262	0.00393	0.01636	0.00720	0.00655
31	0.00916	0.00785	0.00785	0.00785	0.01047	0.00655	0.00589	0.01113	0.01767	0.02095	0.07855	0.07462	0.67599	0.01964	0.00916	0.00262	0.00393	0.01636	0.00720	0.00655
32	0.78228	0.01499	0.01140	0.01020	0.01499	0.01739	0.00840	0.02279	0.01320	0.03479	0.01080	0.01260	0.00840	0.00720	0.00480	0.00240	0.00600	0.00420	0.00480	0.00840
33	0.01880	0.01802	0.03076	0.10489	0.62492	0.01832	0.02360	0.02345	0.01747	0.02485	0.01451	0.01932	0.01211	0.00698	0.00768	0.00233	0.00931	0.00691	0.00380	0.01196
34	0.01919	0.01842	0.03147	0.04759	0.67914	0.01842	0.02380	0.02380	0.01765	0.02533	0.01458	0.01919	0.01228	0.00691	0.00768	0.00230	0.00921	0.00691	0.00384	0.01228
35	0.78228	0.01499	0.01140	0.01020	0.01499	0.01739	0.00840	0.02279	0.01320	0.03479	0.01080	0.01260	0.00840	0.00720	0.00480	0.00240	0.00600	0.00420	0.00480	0.00840
36	0.01555	0.04011	0.68733	0.02210	0.03356	0.01801	0.02865	0.02455	0.01637	0.02455	0.01391	0.01637	0.00982	0.00737	0.00737	0.00246	0.01146	0.00573	0.00327	0.01146
37	0.01929	0.01666	0.01753	0.01578	0.02016	0.01929	0.01227	0.04120	0.66513	0.03243	0.03156	0.02893	0.02367	0.01052	0.00789	0.00263	0.00614	0.00877	0.00789	0.01227
38	0.01512	0.01427	0.02412	0.63921	0.11932	0.01735	0.02177	0.02023	0.01573	0.02039	0.01387	0.02052	0.01054	0.00766	0.00774	0.00255	0.01022	0.00689	0.00349	0.00900
39	0.01674	0.01592	0.02705	0.40353	0.34233	0.01778	0.02258	0.02165	0.01650	0.02236	0.01415	0.01999	0.01123	0.00736	0.00772	0.00245	0.00982	0.00690	0.00363	0.01031
40	0.01464	0.01378	0.02326	0.70887	0.05340	0.01723	0.02153	0.01981	0.01550	0.01981	0.01378	0.02067	0.01034	0.00775	0.00775	0.00258	0.01034	0.00689	0.00345	0.00861
41	0.00962	0.00687	0.00920	0.01100	0.01152	0.00645	0.00750	0.01110	0.01502	0.01999	0.04264	0.68589	0.05090	0.02413	0.00994	0.00317	0.00465	0.05687	0.00719	0.00635
42	0.01555	0.04011	0.68733	0.02210	0.03356	0.01801	0.02865	0.02455	0.01637	0.02455	0.01391	0.01637	0.00982	0.00737	0.00737	0.00246	0.01146	0.00573	0.00327	0.01146
43	0.02467	0.01673	0.01859	0.01498	0.01950	0.01805	0.01180	0.36650	0.08123	0.11541	0.02246	0.02768	0.01821	0.16326	0.04223	0.00387	0.00838	0.00819	0.00720	0.01106
44	0.01921	0.52886	0.23061	0.01586	0.02391	0.02696	0.01779	0.02361	0.01594	0.02010	0.01170	0.01359	0.00991	0.00685	0.00568	0.00189	0.00922	0.00461	0.00330	0.01039
45	0.01929	0.01666	0.01753	0.01578	0.02016	0.01929	0.01227	0.04120	0.66513	0.03243	0.03156	0.02893	0.02367	0.01052	0.00789	0.00263	0.00614	0.00877	0.00789	0.01227
46	0.01889	0.01826	0.03162	0.08501	0.61528	0.01841	0.05101	0.02361	0.01756	0.02499	0.01459	0.01935	0.01215	0.00694	0.00774	0.00233	0.00944	0.00701	0.00382	0.01199
47	0.01980	0.01654	0.01755	0.01571	0.02015	0.01902	0.01224	0.04109	0.64362	0.05425	0.03153	0.02884	0.02352	0.01049	0.00789	0.00262	0.00615	0.00873	0.00795	0.01230
48	0.02770	0.05224	0.02319	0.01745	0.02334	0.05077	0.01435	0.51823	0.12008	0.04412	0.01976	0.01956	0.01434	0.00930	0.00762	0.00233	0.00842	0.00702	0.00743	0.01275
49	0.00916	0.00785	0.00785	0.00785	0.01047	0.00655	0.00589	0.01113	0.01767	0.02095	0.07855	0.07462	0.67599	0.01964	0.00916	0.00262	0.00393	0.01636	0.00720	0.00655
50	0.04947	0.05605	0.02167	0.01734	0.02237	0.26466	0.01377	0.26207	0.09171	0.06535	0.02021	0.02040	0.04232	0.00925	0.00735	0.00223	0.00987	0.00670	0.00620	0.01101
51	0.00916	0.00785	0.00785	0.00785	0.01047	0.00655	0.00589	0.01113	0.01767	0.02095	0.07855	0.07462	0.67599	0.01964	0.00916	0.00262	0.00393	0.01636	0.00720	0.00655
52	0.01608	0.01378	0.01608	0.01148	0.01837	0.01034	0.00919	0.01952	0.01608	0.02527	0.01378	0.01608	0.01148	0.00574	0.00574	0.00115	0.00574	0.00459	0.00459	0.77491
53	0.01893	0.01816	0.03100	0.08566	0.64312	0.01835	0.02367	0.02357	0.01753	0.02501	0.01454	0.01928	0.01217	0.00696	0.00768	0.00232	0.00928	0.00691	0.00382	0.01207
54	0.01761	0.01953	0.04126	0.02972	0.03706	0.01810	0.56252	0.02360	0.01792	0.02458	0.01709	0.06091	0.01402	0.00749	0.00892	0.00253	0.01199	0.00953	0.00416	0.07144
55	0.78228	0.01499	0.01140	0.01020	0.01499	0.01739	0.00840	0.02279	0.01320	0.03479	0.01080	0.01260	0.00840	0.00720	0.00480	0.00240	0.00600	0.00420	0.00480	0.00840
56	0.01112	0.00977	0.04920	0.01056	0.01294	0.00791	0.00866	0.01488	0.02090	0.02928	0.54690	0.08314	0.10802	0.01617	0.00914	0.00253	0.00430	0.03909	0.00803	0.00746
57	0.01555	0.04011	0.68733	0.02210	0.03356	0.01801	0.02865	0.02455	0.01637	0.02455	0.01391	0.01637	0.00982	0.00737	0.00737	0.00246	0.01146	0.00573	0.00327	0.01146
58	0.78228	0.01499	0.01140	0.01020	0.01499	0.01739	0.00840	0.02279	0.01320	0.03479	0.01080	0.01260	0.00840	0.00720	0.00480	0.00240	0.00600	0.00420	0.00480	0.00840
59	0.01897	0.02134	0.07096	0.03134	0.03924	0.01915	0.59469	0.02544	0.01841	0.05634	0.01632	0.02099	0.01204	0.00672	0.00901	0.00260	0.01270	0.00894	0.00417	0.01063
60	0.00916	0.00785	0.00785	0.00785	0.01047	0.00655	0.00589	0.01113	0.01767	0.02095	0.07855	0.07462	0.67599	0.01964	0.00916	0.00262	0.00393	0.01636	0.00720	0.00655
61	0.01097	0.00793	0.01036	0.00975	0.01158	0.00732	0.00732	0.01463	0.02195	0.03109	0.67505	0.05792	0.07316	0.01585	0.00914	0.00244	0.00366	0.01402	0.00854	0.00732
62	0.00925	0.00786	0.00798	0.00795	0.01053	0.00658	0.00596	0.01130	0.01788	0.02144	0.10778	0.07380	0.64645	0.01945	0.00916	0.00261	0.00391	0.01625	0.00727	0.00658
63	0.01929	0.01666	0.01753	0.01578	0.02016	0.01929	0.01227	0.04120	0.66513	0.03243	0.03156	0.02893	0.02367	0.01052	0.00789	0.00263	0.00614	0.00877	0.00789	0.01227
64	0.72155	0.01485	0.01193	0.01049	0.01538	0.01691	0.00864	0.02401	0.01393	0.08757	0.01240	0.01372	0.00927	0.00739	0.00504	0.00240	0.00605	0.00449	0.00519	0.00879
65	0.02727	0.01860	0.02443	0.01837	0.02461	0.01895	0.10950	0.35111	0.02810	0.18198	0.02064	0.02163	0.01470	0.03448	0.00896	0.00248	0.00854	0.00746	0.00723	0.07095
66	0.01766	0.01880	0.03382	0.02596	0.02976	0.02167	0.31269	0.02226	0.03558	0.02198	0.01343	0.01919	0.01135	0.01019	0.01728	0.00301	0.36412	0.00795	0.00378	0.00952
67	0.06206	0.01715	0.02841	0.19914	0.49547	0.01809	0.02238	0.02281	0.01690	0.02459	0.01418	0.01915	0.01161	0.00712	0.00753	0.00237	0.00929	0.00675	0.00380	0.01121
68	0.03224	0.01516	0.01902	0.01461	0.02065	0.01431	0.01203	0.16909	0.04533	0.49513	0.02723	0.02430	0.01767	0.00938	0.00769	0.00233	0.00696	0.00750	0.00890	0.05049
69	0.03387	0.01467	0.01891	0.01449	0.02053	0.01358	0.01197	0.14426	0.02466	0.57455	0.02852	0.02505	0.01815	0.00955	0.00779	0.00239	0.00693	0.00766	0.00928	0.01319
70	0.01090	0.00792	0.01027	0.00968	0.01154	0.00729	0.00726	0.01450	0.02178	0.03070	0.65206	0.05856	0.09640	0.01600	0.00915	0.00245	0.00367	0.01411	0.00848	0.00729
71	0.02736	0.01811	0.02027	0.01614	0.02161	0.01933	0.01325	0.42722	0.06285	0.15691	0.02610	0.05069	0.04677	0.01107	0.00807	0.00247	0.00765	0.04382	0.00801	0.01227
72	0.02947	0.02172	0.02327	0.01784	0.02404	0.02404	0.01474	0.65329	0.03646	0.04887	0.01862	0.01862	0.01319	0.00931	0.00776	0.00233	0.00853	0.00698	0.00776	0.01319
73	0.03479	0.01320	0.01799	0.01380	0.01979	0.01140	0.01140	0.03779	0.02219	0.68451	0.03059	0.02639	0.01919	0.00960	0.00780	0.00240	0.00660	0.00780	0.00960	0.01320
74	0.01067	0.00781	0.00990	0.00957	0.01130	0.00716	0.00703	0.01380	0.02047	0.02841	0.53230	0.11006	0.13648	0.04794	0.01053	0.00273	0.00392	0.01477	0.00812	0.00704
75	0.01929	0.01666	0.01753	0.01578	0.02016	0.01929	0.01227	0.04120	0.66513	0.03243	0.03156	0.02893	0.02367	0.01052	0.00789	0.00263	0.00614	0.00877	0.00789	0.01227
76	0.01464	0.01378	0.02326	0.70887	0.05340	0.01723	0.02153	0.01981	0.01550	0.01981	0.01378	0.02067	0.01034	0.00775	0.00775	0.00258	0.01034	0.00689	0.00345	0.00861
77	0.01047	0.00785	0.00970	0.00935	0.01130	0.00708	0.00697	0.01362	0.02059	0.02814	0.50321	0.09363	0.21525	0.01715	0.00919	0.00252	0.00376	0.01496	0.00815	0.00708
78	0.01555	0.04011	0.68733	0.02210	0.03356	0.01801	0.02865	0.02455	0.01637	0.02455	0.01391	0.01637	0.00982	0.00737	0.00737	0.00246	0.01146	0.00573	0.00327	0.01146
79	0.01057	0.00766	0.00996	0.00991	0.01147	0.00706	0.00724	0.01364	0.02020	0.02819	0.51157	0.20651	0.09123	0.01787	0.00931	0.00260	0.00386	0.01590	0.00819	0.00706
80	0.00945	0.00675	0.00900	0.01080	0.01125	0.00630	0.00720	0.01080	0.01484	0.01979	0.04274	0.72245	0.05128	0.02429	0.00990	0.00315	0.00450	0.02204	0.00720	0.00630
81	0.01045	0.00790	0.00970	0.00969	0.01163	0.00715	0.00735	0.01340	0.01971	0.02642	0.38741	0.12195	0.24716	0.01819	0.00936	0.00265	0.00412	0.07088	0.00790	0.00699
82	0.04595	0.18598	0.49601	0.02022	0.03024	0.02076	0.05139	0.02421	0.01620	0.02361	0.01320	0.01558	0.00988	0.00717	0.00684	0.00229	0.01064	0.00548	0.00337	0.01098
83	0.07279	0.02195	0.02253	0.01749	0.02352	0.05117	0.01438	0.59153	0.03452	0.04683	0.01789	0.01808	0.01278	0.00913	0.00755	0.00232	0.00861	0.00674	0.00743	0.01274
84	0.01127	0.00755	0.00862	0.00862	0.00868	0.00761	0.00490	0.01138	0.01132	0.01516	0.02428	0.04990	0.02782	0.69983	0.06664	0.00772	0.00806	0.01115	0.00468	0.00479
85	0.01464	0.01378	0.02326	0.70887	0.05340	0.01723	0.02153	0.01981	0.01550	0.01981	0.01378	0.02067	0.01034	0.00775	0.00775	0.00258	0.01034	0.00689	0.00345	0.00861
86	0.01672	0.01581	0.02631	0.40542	0.30598	0.01782	0.02199	0.02250	0.04897	0.02269	0.01500	0.02048	0.01180	0.00755	0.00773	0.00247	0.00967	0.00699	0.00383	0.01029
87	0.01919	0.01842	0.03147	0.04759	0.67914	0.01842	0.02380	0.02380	0.01765	0.02533	0.01458	0.01919	0.01228	0.00691	0.00768	0.00230	0.00921	0.00691	0.00384	0.01228
88	0.01830	0.02092	0.04575	0.03268	0.04052	0.01961	0.65098	0.02484	0.01830	0.02484	0.01569	0.02092	0.01176	0.00654	0.00915	0.00261	0.01307	0.00915	0.00392	0.01046
89	0.01608	0.01378	0.01608	0.01148	0.01837	0.01034	0.00919	0.01952	0.01608	0.02527	0.01378	0.01608	0.01148	0.00574	0.00574	0.00115	0.00574	0.00459	0.00459	0.77491
90	0.01128	0.00752	0.00846	0.00846	0.00846	0.00752	0.00470	0.01128	0.01128	0.01503	0.02443	0.05074	0.02819	0.72751	0.03946	0.00752	0.00752	0.01128	0.00470	0.00470
91	0.01973	0.01688	0.01779	0.01587	0.02033	0.01950	0.01238	0.06817	0.63743	0.03316	0.03099	0.02847	0.02321	0.01047	0.00788	0.00262	0.00624	0.00869	0.00788	0.01231
92	0.01696	0.01696	0.02375	0.02036	0.02036	0.02375	0.01696	0.01866	0.01187	0.01866	0.01018	0.01696	0.01018	0.01357	0.02545	0.00339	0.71332	0.00679	0.00339	0.00848
93	0.01128	0.00752	0.00846	0.00846	0.00846	0.00752	0.00470	0.01128	0.01128	0.01503	0.02443	0.05074	0.02819	0.72751	0.03946	0.00752	0.00752	0.01128	0.00470	0.00470
94	0.00945	0.00675	0.00900	0.01080	0.01125	0.00630	0.00720	0.01080	0.01484	0.01979	0.04274	0.72245	0.05128	0.02429	0.00990	0.00315	0.00450	0.02204	0.00720	0.00630
95	0.02947	0.02172	0.02327	0.01784	0.02404	0.02404	0.01474	0.65329	0.03646	0.04887	0.01862	0.01862	0.01319	0.00931	0.00776	0.00233	0.00853	0.00698	0.00776	0.01319
96	0.01105	0.00742	0.00852	0.00874	0.00880	0.00737	0.00500	0.01122	0.01171	0.01561	0.02665	0.13237	0.03100	0.64205	0.03587	0.00699	0.00715	0.01258	0.00500	0.00489
97	0.02400	0.01353	0.01689	0.01246	0.01898	0.01078	0.01012	0.02725	0.01867	0.30427	0.02089	0.02044	0.01475	0.00737	0.00661	0.00168	0.00610	0.00595	0.00671	0.45254
98	0.00945	0.00675	0.00900	0.01080	0.01125	0.00630	0.00720	0.01080	0.01484	0.01979	0.04274	0.72245	0.05128	0.02429	0.00990	0.00315	0.00450	0.02204	0.00720	0.00630
99	0.02898	0.03632	0.02203	0.01989	0.02397	0.66858	0.01497	0.05669	0.02257	0.02021	0.01226	0.01417	0.01012	0.00804	0.00702	0.00201	0.01376	0.00508	0.00415	0.00916
100	0.01928	0.29256	0.03009	0.01761	0.02045	0.07554	0.01540	0.02131	0.01410	0.01852	0.01054	0.01501	0.01008	0.01050	0.01625	0.00263	0.39200	0.00564	0.00341	0.00908
101	0.04770	0.01483	0.01734	0.01282	0.01936	0.01274	0.01040	0.11322	0.02013	0.16541	0.01785	0.01846	0.01322	0.00709	0.00642	0.00162	0.00632	0.00558	0.00608	0.48342
102	0.01900	0.02066	0.07090	0.03559	0.32760	0.05042	0.21025	0.05110	0.01859	0.02558	0.01631	0.05442	0.01384	0.00780	0.00810	0.00238	0.01031	0.00808	0.00421	0.04487
103	0.01010	0.00789	0.00915	0.00884	0.01105	0.00694	0.00663	0.01294	0.01989	0.02620	0.38743	0.06597	0.36383	0.01768	0.00915	0.00253	0.00379	0.01515	0.00789	0.00694
104	0.01815	0.02049	0.04419	0.06629	0.06164	0.01945	0.60001	0.02456	0.01814	0.02461	0.01556	0.02085	0.01171	0.00661	0.00903	0.00260	0.01281	0.00897	0.00390	0.01043
105	0.01612	0.09684	0.60176	0.02189	0.03276	0.01914	0.05809	0.02446	0.01641	0.02404	0.01374	0.01627	0.00993	0.00726	0.00726	0.00240	0.01127	0.00577	0.00331	0.01128
106	0.66622	0.01497	0.01322	0.08139	0.01915	0.01770	0.01016	0.02228	0.01336	0.03246	0.01107	0.01363	0.00868	0.00757	0.00613	0.00247	0.04193	0.00460	0.00459	0.00842
107	0.01128	0.00752	0.00846	0.00846	0.00846	0.00752	0.00470	0.01128	0.01128	0.01503	0.02443	0.05074	0.02819	0.72751	0.03946	0.00752	0.00752	0.01128	0.00470	0.00470
108	0.01079	0.00872	0.01377	0.01467	0.04369	0.00820	0.07427	0.01282	0.01532	0.02056	0.03871	0.61917	0.04549	0.02170	0.00972	0.00306	0.00559	0.02005	0.00671	0.00699
109	0.01707	0.01627	0.02693	0.34226	0.25517	0.01809	0.06975	0.02446	0.10561	0.02376	0.01664	0.02133	0.01292	0.00776	0.00785	0.00250	0.00960	0.00733	0.00422	0.01047
110	0.01128	0.00752	0.00846	0.00846	0.00846	0.00752	0.00470	0.01128	0.01128	0.01503	0.02443	0.05074	0.02819	0.72751	0.03946	0.00752	0.00752	0.01128	0.00470	0.00470
111	0.01874	0.01797	0.03066	0.11265	0.61758	0.01830	0.02357	0.02340	0.01744	0.02479	0.01451	0.01934	0.01209	0.00699	0.00768	0.00233	0.00932	0.00691	0.00380	0.01192
112	0.01879	0.40417	0.32171	0.01737	0.02601	0.05049	0.02003	0.02409	0.01626	0.02102	0.01219	0.01421	0.00990	0.00700	0.00609	0.00202	0.00989	0.00487	0.00332	0.01057
113	0.01691	0.14629	0.46473	0.02316	0.05373	0.02028	0.12145	0.02436	0.01661	0.02362	0.01371	0.01654	0.01022	0.00711	0.00727	0.00235	0.01113	0.00604	0.00340	0.01109
114	0.01097	0.00793	0.01036	0.00975	0.01158	0.00732	0.00732	0.01463	0.02195	0.03109	0.67505	0.05792	0.07316	0.01585	0.00914	0.00244	0.00366	0.01402	0.00854	0.00732
115	0.00945	0.00675	0.00900	0.01080	0.01125	0.00630	0.00720	0.01080	0.01484	0.01979	0.04274	0.72245	0.05128	0.02429	0.00990	0.00315	0.00450	0.02204	0.00720	0.00630
116	0.01675	0.09890	0.29417	0.07319	0.15475	0.01877	0.13206	0.02303	0.01672	0.02345	0.01606	0.06759	0.01361	0.00829	0.00770	0.00243	0.01042	0.00762	0.00379	0.01073
117	0.01754	0.01925	0.03940	0.06454	0.06285	0.01932	0.48061	0.02305	0.01714	0.02356	0.01617	0.05496	0.01346	0.00840	0.01116	0.00273	0.10263	0.00928	0.00399	0.00998
118	0.01436	0.00761	0.00819	0.04766	0.01157	0.00781	0.00632	0.01794	0.01605	0.02793	0.02460	0.02915	0.01960	0.03264	0.00668	0.00204	0.00413	0.00734	0.70115	0.00722
119	0.06664	0.02139	0.02268	0.01746	0.02360	0.02372	0.01442	0.62216	0.03531	0.04817	0.01823	0.01832	0.01295	0.00920	0.00761	0.00233	0.00841	0.00684	0.00761	0.01295
120	0.01841	0.02060	0.04397	0.03454	0.12013	0.01946	0.57280	0.02471	0.01822	0.02490	0.01555	0.02070	0.01183	0.00658	0.00897	0.00258	0.01259	0.00887	0.00391	0.01068
121	0.02073	0.73217	0.04063	0.01327	0.01990	0.03068	0.01327	0.02322	0.01575	0.01824	0.01078	0.01244	0.00995	0.00663	0.00498	0.00166	0.00829	0.00415	0.00332	0.00995
122	0.04556	0.01655	0.02238	0.04905	0.02196	0.04321	0.04487	0.05112	0.01520	0.05471	0.04561	0.02316	0.01565	0.01428	0.04426	0.00344	0.44113	0.03453	0.00445	0.00888
123	0.74845	0.01494	0.01192	0.04098	0.01669	0.01739	0.00898	0.02266	0.01330	0.03413	0.01093	0.01295	0.00848	0.00722	0.00493	0.00241	0.00619	0.00432	0.00474	0.00841
124	0.01083	0.00787	0.01019	0.00971	0.01152	0.00724	0.00725	0.01431	0.02146	0.03016	0.62153	0.08588	0.10021	0.01637	0.00918	0.00248	0.00370	0.01446	0.00842	0.00724
125	0.08636	0.39773	0.26847	0.01631	0.02449	0.02476	0.01838	0.04491	0.01645	0.02299	0.01217	0.01406	0.00988	0.00704	0.00591	0.00203	0.00923	0.00481	0.00358	0.01046
126	0.21243	0.08634	0.27302	0.01621	0.02386	0.01816	0.01750	0.08886	0.01859	0.11656	0.04794	0.01867	0.01416	0.00817	0.00670	0.00235	0.00849	0.00601	0.00521	0.01076
127	0.02911	0.02154	0.02306	0.01777	0.02391	0.02387	0.01465	0.63134	0.05899	0.04828	0.01908	0.01899	0.01356	0.00935	0.00776	0.00234	0.00845	0.00704	0.00776	0.01315
128	0.00916	0.00785	0.00785	0.00785	0.01047	0.00655	0.00589	0.01113	0.01767	0.02095	0.07855	0.07462	0.67599	0.01964	0.00916	0.00262	0.00393	0.01636	0.00720	0.00655
129	0.01128	0.00752	0.00846	0.00846	0.00846	0.00752	0.00470	0.01128	0.01128	0.01503	0.02443	0.05074	0.02819	0.72751	0.03946	0.00752	0.00752	0.01128	0.00470	0.00470
130	0.01830	0.02092	0.04575	0.03268	0.04052	0.01961	0.65098	0.02484	0.01830	0.02484	0.01569	0.02092	0.01176	0.00654	0.00915	0.00261	0.01307	0.00915	0.00392	0.01046
131	0.02900	0.03579	0.02207	0.01981	0.02398	0.64488	0.01496	0.07863	0.02308	0.02127	0.01249	0.01434	0.01023	0.00809	0.00705	0.00202	0.01357	0.00515	0.00428	0.00931
132	0.01693	0.01418	0.01771	0.01279	0.01947	0.01122	0.03780	0.02043	0.01628	0.05045	0.01440	0.01672	0.01175	0.00618	0.00660	0.00133	0.02880	0.00499	0.00472	0.68727
133	0.03247	0.04909	0.01927	0.01411	0.02000	0.01357	0.01170	0.06218	0.08115	0.56672	0.02922	0.02563	0.01891	0.00952	0.00767	0.00238	0.00672	0.00767	0.00906	0.01295
134	0.01919	0.01842	0.03147	0.04759	0.67914	0.01842	0.02380	0.02380	0.01765	0.02533	0.01458	0.01919	0.01228	0.00691	0.00768	0.00230	0.00921	0.00691	0.00384	0.01228
135	0.00945	0.00675	0.00900	0.01080	0.01125	0.00630	0.00720	0.01080	0.01484	0.01979	0.04274	0.72245	0.05128	0.02429	0.00990	0.00315	0.00450	0.02204	0.00720	0.00630
136	0.01696	0.01696	0.02375	0.02036	0.02036	0.02375	0.01696	0.01866	0.01187	0.01866	0.01018	0.01696	0.01018	0.01357	0.02545	0.00339	0.71332	0.00679	0.00339	0.00848
137	0.00964	0.00689	0.00920	0.01089	0.01146	0.00645	0.00742	0.01119	0.01530	0.02046	0.07197	0.66539	0.05202	0.02378	0.00990	0.00313	0.00457	0.04668	0.00726	0.00638
138	0.01929	0.01666	0.01753	0.01578	0.02016	0.01929	0.01227	0.04120	0.66513	0.03243	0.03156	0.02893	0.02367	0.01052	0.00789	0.00263	0.00614	0.00877	0.00789	0.01227
139	0.00976	0.00779	0.00874	0.00869	0.01089	0.00677	0.00645	0.01222	0.01881	0.02409	0.26591	0.12004	0.43487	0.01879	0.00922	0.00260	0.00389	0.01606	0.00763	0.00677
140	0.78228	0.01499	0.01140	0.01020	0.01499	0.01739	0.00840	0.02279	0.01320	0.03479	0.01080	0.01260	0.00840	0.00720	0.00480	0.00240	0.00600	0.00420	0.00480	0.00840
141	0.01929	0.01666	0.01753	0.01578	0.02016	0.01929	0.01227	0.04120	0.66513	0.03243	0.03156	0.02893	0.02367	0.01052	0.00789	0.00263	0.00614	0.00877	0.00789	0.01227
142	0.00964	0.00689	0.00922	0.01102	0.01156	0.00647	0.00754	0.01114	0.01504	0.02001	0.04263	0.68115	0.05085	0.02410	0.00995	0.00318	0.00467	0.06138	0.00719	0.00635
143	0.02827	0.01389	0.01732	0.01407	0.01925	0.01350	0.01135	0.05726	0.19130	0.42969	0.09189	0.02980	0.02531	0.01043	0.00795	0.00246	0.00626	0.00862	0.00899	0.01239
144	0.00945	0.00675	0.00900	0.01080	0.01125	0.00630	0.00720	0.01080	0.01484	0.01979	0.04274	0.72245	0.05128	0.02429	0.00990	0.00315	0.00450	0.02204	0.00720	0.00630
145	0.00945	0.00675	0.00900	0.01080	0.01125	0.00630	0.00720	0.01080	0.01484	0.01979	0.04274	0.72245	0.05128	0.02429	0.00990	0.00315	0.00450	0.02204	0.00720	0.00630
146	0.02873	0.06237	0.02299	0.01928	0.02382	0.53527	0.01486	0.15456	0.02460	0.02490	0.01326	0.01484	0.01062	0.00820	0.00706	0.00205	0.01266	0.00535	0.00472	0.00986
147	0.01854	0.42123	0.29887	0.01774	0.02636	0.02508	0.05065	0.02383	0.01612	0.02108	0.01227	0.01442	0.00999	0.00692	0.00613	0.00202	0.00979	0.00502	0.00333	0.01058
148	0.01866	0.01347	0.02018	0.01728	0.02133	0.01349	0.12527	0.05140	0.14895	0.13184	0.05099	0.14373	0.03103	0.01445	0.00911	0.00288	0.00748	0.16142	0.00718	0.00986
149	0.01555	0.04011	0.68733	0.02210	0.03356	0.01801	0.02865	0.02455	0.01637	0.02455	0.01391	0.01637	0.00982	0.00737	0.00737	0.00246	0.01146	0.00573	0.00327	0.01146
150	0.01097	0.00793	0.01036	0.00975	0.01158	0.00732	0.00732	0.01463	0.02195	0.03109	0.67505	0.05792	0.07316	0.01585	0.00914	0.00244	0.00366	0.01402	0.00854	0.00732
151	0.01713	0.01480	0.02239	0.36086	0.03804	0.01707	0.07102	0.02702	0.20397	0.05751	0.02210	0.02870	0.01749	0.00963	0.00815	0.00267	0.00891	0.05722	0.00537	0.00994
152	0.01768	0.01703	0.02944	0.26027	0.44979	0.01809	0.05007	0.02256	0.01699	0.02353	0.01437	0.01974	0.01163	0.00716	0.00776	0.00241	0.00974	0.00700	0.00371	0.01102
153	0.03479	0.01320	0.01799	0.01380	0.01979	0.01140	0.01140	0.03779	0.02219	0.68451	0.03059	0.02639	0.01919	0.00960	0.00780	0.00240	0.00660	0.00780	0.00960	0.01320
154	0.01718	0.01110	0.01120	0.04473	0.01427	0.04396	0.00816	0.10834	0.01923	0.03041	0.02297	0.02636	0.01795	0.01062	0.02930	0.00229	0.00573	0.00710	0.56090	0.00821
155	0.04901	0.06421	0.48610	0.02374	0.09655	0.01819	0.05667	0.02530	0.01685	0.07132	0.01498	0.01726	0.01078	0.00740	0.00731	0.00241	0.01061	0.00603	0.00387	0.01142
156	0.01417	0.01337	0.02070	0.01799	0.01931	0.01616	0.09525	0.01654	0.01426	0.02051	0.05997	0.24597	0.02750	0.01787	0.04229	0.00349	0.32928	0.01244	0.00500	0.00791
157	0.01055	0.00703	0.00939	0.01093	0.01162	0.00652	0.00738	0.01197	0.01517	0.04877	0.04221	0.69210	0.04988	0.02365	0.00981	0.00312	0.00459	0.02142	0.00730	0.00660
158	0.01818	0.02122	0.06648	0.03095	0.03839	0.01974	0.56941	0.02524	0.04642	0.02486	0.01605	0.02091	0.01214	0.00709	0.00983	0.00265	0.04702	0.00889	0.00405	0.01048
159	0.01678	0.05621	0.28494	0.05781	0.03559	0.01899	0.30689	0.02360	0.01692	0.02376	0.01558	0.04693	0.01241	0.00793	0.00897	0.00257	0.04195	0.00796	0.00374	0.01048
160	0.01445	0.00723	0.00723	0.00723	0.00903	0.00723	0.00542	0.01807	0.01626	0.02891	0.02529	0.02891	0.01987	0.00903	0.00542	0.00181	0.00361	0.00723	0.77055	0.00723
161	0.01778	0.02169	0.09060	0.09136	0.04115	0.01928	0.55022	0.02437	0.01791	0.02437	0.01539	0.02056	0.01150	0.00670	0.00890	0.00260	0.01271	0.00870	0.00383	0.01037
162	0.08928	0.32109	0.02872	0.03848	0.02177	0.16681	0.01386	0.08934	0.04062	0.02372	0.01361	0.01713	0.01182	0.00846	0.00768	0.00213	0.06525	0.02611	0.00434	0.00977
163	0.01263	0.00830	0.00947	0.00913	0.00999	0.00819	0.00570	0.01429	0.04519	0.05065	0.07907	0.05098	0.08425	0.54450	0.03155	0.00624	0.00681	0.01161	0.00559	0.00584
164	0.00928	0.00782	0.00804	0.00806	0.01056	0.00658	0.00602	0.01132	0.01782	0.02149	0.11168	0.09554	0.62019	0.01958	0.00919	0.00263	0.00393	0.01642	0.00728	0.00658
165	0.01570	0.01526	0.02391	0.61964	0.10626	0.04881	0.02143	0.02067	0.01599	0.02025	0.01377	0.02023	0.01049	0.00769	0.00771	0.00253	0.01041	0.00680	0.00350	0.00895
166	0.06426	0.54159	0.09399	0.01433	0.02100	0.05029	0.01433	0.02518	0.07393	0.02105	0.01296	0.01432	0.01108	0.00712	0.00551	0.00187	0.00844	0.00473	0.00383	0.01017
167	0.00962	0.00812	0.00837	0.00836	0.01091	0.00702	0.00624	0.01234	0.04094	0.02175	0.10115	0.10320	0.59648	0.01937	0.00915	0.00264	0.00402	0.01626	0.00728	0.00677
168	0.02064	0.01635	0.01757	0.01561	0.02013	0.01860	0.01220	0.04090	0.60905	0.08931	0.03147	0.02871	0.02328	0.01044	0.00788	0.00261	0.00618	0.00868	0.00804	0.01235
169	0.26096	0.08156	0.42507	0.01766	0.02665	0.01872	0.02108	0.02390	0.01531	0.02737	0.01269	0.01488	0.00938	0.00726	0.00637	0.00238	0.00949	0.00513	0.00376	0.01037
170	0.60442	0.01701	0.07319	0.04400	0.01891	0.01685	0.01112	0.02429	0.01447	0.09709	0.01316	0.01467	0.00968	0.00747	0.00546	0.00241	0.00675	0.00481	0.00507	0.00915
171	0.01898	0.01996	0.06313	0.10184	0.53836	0.04638	0.05081	0.02383	0.01761	0.02453	0.01442	0.01904	0.01188	0.00703	0.00770	0.00234	0.00978	0.00687	0.00379	0.01171
172	0.01812	0.01403	0.01650	0.01191	0.01870	0.01093	0.00958	0.04451	0.01734	0.08050	0.01535	0.01702	0.01218	0.00619	0.00599	0.00130	0.00592	0.00495	0.00512	0.68387
173	0.00943	0.00680	0.00894	0.01065	0.01121	0.00631	0.00713	0.01081	0.01499	0.01985	0.04453	0.68994	0.08263	0.02406	0.00986	0.00312	0.00447	0.02176	0.00720	0.00631
174	0.01843	0.01450	0.04382	0.01339	0.01921	0.01161	0.03344	0.07652	0.01849	0.10629	0.02138	0.14122	0.01947	0.00986	0.00708	0.00186	0.00637	0.00845	0.00586	0.42276
175	0.00960	0.00686	0.00913	0.01069	0.01128	0.00640	0.00721	0.01117	0.01554	0.02090	0.10494	0.65707	0.05343	0.02346	0.00982	0.00308	0.00442	0.02125	0.00733	0.00640
176	0.01681	0.06601	0.50254	0.02098	0.03066	0.01734	0.07102	0.02443	0.01718	0.06518	0.04787	0.02269	0.01532	0.00852	0.00767	0.00248	0.01054	0.03760	0.00416	0.01101
177	0.01097	0.00793	0.01036	0.00975	0.01158	0.00732	0.00732	0.01463	0.02195	0.03109	0.67505	0.05792	0.07316	0.01585	0.00914	0.00244	0.00366	0.01402	0.00854	0.00732
178	0.02018	0.01715	0.05371	0.16262	0.07624	0.01788	0.01595	0.12032	0.25638	0.08168	0.05220	0.02767	0.02046	0.00992	0.00795	0.00255	0.00782	0.03151	0.00655	0.01126
179	0.78228	0.01499	0.01140	0.01020	0.01499	0.01739	0.00840	0.02279	0.01320	0.03479	0.01080	0.01260	0.00840	0.00720	0.00480	0.00240	0.00600	0.00420	0.00480	0.00840
180	0.00933	0.00786	0.00808	0.00802	0.01057	0.00661	0.00602	0.01144	0.01805	0.02185	0.13181	0.07313	0.62217	0.01930	0.00916	0.00260	0.00390	0.01615	0.00732	0.00661
181	0.01555	0.04011	0.68733	0.02210	0.03356	0.01801	0.02865	0.02455	0.01637	0.02455	0.01391	0.01637	0.00982	0.00737	0.00737	0.00246	0.01146	0.00573	0.00327	0.01146
182	0.01108	0.00831	0.01246	0.01246	0.01385	0.00969	0.00969	0.01385	0.01246	0.01800	0.02077	0.03046	0.01938	0.05815	0.69678	0.01246	0.02077	0.00831	0.00415	0.00692
183	0.01249	0.00892	0.01249	0.01428	0.01606	0.00892	0.01249	0.01606	0.01785	0.02320	0.04105	0.08746	0.04462	0.02142	0.01071	0.00357	0.00714	0.62695	0.00714	0.00714
184	0.02896	0.03695	0.02197	0.01998	0.02397	0.69638	0.01498	0.03096	0.02197	0.01898	0.01199	0.01398	0.00999	0.00799	0.00699	0.00200	0.01398	0.00499	0.00400	0.00899
185	0.02073	0.73217	0.04063	0.01327	0.01990	0.03068	0.01327	0.02322	0.01575	0.01824	0.01078	0.01244	0.00995	0.00663	0.00498	0.00166	0.00829	0.00415	0.00332	0.00995
186	0.02073	0.73217	0.04063	0.01327	0.01990	0.03068	0.01327	0.02322	0.01575	0.01824	0.01078	0.01244	0.00995	0.00663	0.00498	0.00166	0.00829	0.00415	0.00332	0.00995
187	0.01608	0.01378	0.01608	0.01148	0.01837	0.01034	0.00919	0.01952	0.01608	0.02527	0.01378	0.01608	0.01148	0.00574	0.00574	0.00115	0.00574	0.00459	0.00459	0.77491
188	0.09219	0.01526	0.01867	0.01443	0.02038	0.01473	0.01192	0.17575	0.02471	0.48988	0.02633	0.02355	0.01699	0.00934	0.00755	0.00238	0.00699	0.00733	0.00880	0.01282
189	0.01235	0.00882	0.01233	0.01412	0.01584	0.00880	0.01225	0.01582	0.01771	0.02305	0.04113	0.11689	0.04493	0.02155	0.01067	0.00355	0.00702	0.59891	0.00714	0.00710
190	0.01097	0.00793	0.01036	0.00975	0.01158	0.00732	0.00732	0.01463	0.02195	0.03109	0.67505	0.05792	0.07316	0.01585	0.00914	0.00244	0.00366	0.01402	0.00854	0.00732
191	0.02073	0.73217	0.04063	0.01327	0.01990	0.03068	0.01327	0.02322	0.01575	0.01824	0.01078	0.01244	0.00995	0.00663	0.00498	0.00166	0.00829	0.00415	0.00332	0.00995
192	0.01097	0.00793	0.01036	0.00975	0.01158	0.00732	0.00732	0.01463	0.02195	0.03109	0.67505	0.05792	0.07316	0.01585	0.00914	0.00244	0.00366	0.01402	0.00854	0.00732
193	0.00945	0.00675	0.00900	0.01080	0.01125	0.00630	0.00720	0.01080	0.01484	0.01979	0.04274	0.72245	0.05128	0.02429	0.00990	0.00315	0.00450	0.02204	0.00720	0.00630
194	0.01108	0.00831	0.01246	0.01246	0.01385	0.00969	0.00969	0.01385	0.01246	0.01800	0.02077	0.03046	0.01938	0.05815	0.69678	0.01246	0.02077	0.00831	0.00415	0.00692
195	0.03479	0.01320	0.01799	0.01380	0.01979	0.01140	0.01140	0.03779	0.02219	0.68451	0.03059	0.02639	0.01919	0.00960	0.00780	0.00240	0.00660	0.00780	0.00960	0.01320
196	0.01919	0.01842	0.03147	0.04759	0.67914	0.01842	0.02380	0.02380	0.01765	0.02533	0.01458	0.01919	0.01228	0.00691	0.00768	0.00230	0.00921	0.00691	0.00384	0.01228
197	0.01097	0.00793	0.01036	0.00975	0.01158	0.00732	0.00732	0.01463	0.02195	0.03109	0.67505	0.05792	0.07316	0.01585	0.00914	0.00244	0.00366	0.01402	0.00854	0.00732
198	0.05116	0.02617	0.02666	0.08275	0.02937	0.30708	0.16633	0.10179	0.05343	0.02565	0.01532	0.01812	0.01187	0.00792	0.00756	0.00227	0.01167	0.00664	0.03837	0.00987
199	0.01309	0.01046	0.03751	0.01072	0.01403	0.00846	0.00865	0.01688	0.02065	0.05677	0.49946	0.04720	0.05697	0.01338	0.00838	0.00220	0.00447	0.01168	0.00764	0.15140
200	0.01868	0.01833	0.03212	0.09637	0.47391	0.01859	0.12614	0.02494	0.06595	0.02533	0.01597	0.02032	0.01289	0.00719	0.00794	0.00240	0.00971	0.00742	0.00412	0.01168
201	0.05711	0.69791	0.03923	0.01312	0.01967	0.03005	0.01303	0.02320	0.01563	0.01903	0.01078	0.01245	0.00988	0.00666	0.00497	0.00169	0.00818	0.00415	0.00339	0.00988
202	0.69516	0.01505	0.01308	0.06232	0.04524	0.01742	0.00998	0.02262	0.01355	0.03331	0.01117	0.01345	0.00870	0.00723	0.00513	0.00241	0.00644	0.00451	0.00466	0.00857
203	0.02947	0.02172	0.02327	0.01784	0.02404	0.02404	0.01474	0.65329	0.03646	0.04887	0.01862	0.01862	0.01319	0.00931	0.00776	0.00233	0.00853	0.00698	0.00776	0.01319
204	0.02103	0.70719	0.03996	0.01351	0.02005	0.05460	0.01333	0.02350	0.01598	0.01827	0.01082	0.01249	0.00995	0.00668	0.00505	0.00167	0.00850	0.00418	0.00334	0.00992
205	0.01912	0.01766	0.02830	0.19804	0.45469	0.04091	0.02212	0.02358	0.01730	0.05507	0.01491	0.01962	0.01200	0.00752	0.00835	0.00240	0.03630	0.00688	0.00401	0.01122
206	0.01264	0.00906	0.01124	0.01281	0.01355	0.00819	0.00852	0.01310	0.01662	0.02248	0.04423	0.69166	0.05211	0.02543	0.01099	0.00365	0.00557	0.02218	0.00806	0.00790
207	0.01842	0.05603	0.04550	0.03172	0.03950	0.02015	0.61949	0.02476	0.01817	0.02451	0.01544	0.02050	0.01168	0.00654	0.00894	0.00257	0.01284	0.00890	0.00389	0.01043
208	0.01705	0.01132	0.01711	0.01480	0.01822	0.01079	0.09228	0.02220	0.07359	0.14755	0.24537	0.12383	0.04418	0.01490	0.00913	0.00273	0.00627	0.11189	0.00771	0.00907
209	0.00937	0.00787	0.00817	0.00834	0.01083	0.00667	0.00632	0.01140	0.01757	0.02103	0.07495	0.10146	0.61448	0.01993	0.00928	0.00269	0.00414	0.05174	0.00720	0.00657
210	0.03239	0.01394	0.01844	0.01432	0.01986	0.01300	0.01180	0.09284	0.02299	0.56464	0.05622	0.02656	0.02052	0.01004	0.00872	0.00244	0.04154	0.00794	0.00907	0.01271
