[name]
unknown

[dist]
# distance from previous block
# <min> <max>
0	60

[block]
# block no. 0 follows, 21 sequences, length 16
# corresponding to MSA columns:
# 63-78
name=unknown_A
#
# <colnr> <probs for GDERKNQSTAVLIFYWHMCP>
#	G	D	E	R	K	N	Q	S	T	A	V	L	I	F	Y	W	H	M	C	P
0	0.01371	0.00980	0.01371	0.01567	0.01763	0.00980	0.01371	0.01763	0.01959	0.02547	0.04506	0.09599	0.04898	0.02351	0.01175	0.00392	0.00784	0.59056	0.00784	0.00784
1	0.03818	0.01448	0.01975	0.01514	0.02172	0.01251	0.01251	0.04147	0.02436	0.65373	0.03357	0.02897	0.02107	0.01053	0.00856	0.00263	0.00724	0.00856	0.01053	0.01448
2	0.03818	0.01448	0.01975	0.01514	0.02172	0.01251	0.01251	0.04147	0.02436	0.65373	0.03357	0.02897	0.02107	0.01053	0.00856	0.00263	0.00724	0.00856	0.01053	0.01448
3	0.02106	0.02022	0.03454	0.05223	0.64784	0.02022	0.02612	0.02612	0.01938	0.02780	0.01601	0.02106	0.01348	0.00758	0.00842	0.00253	0.01011	0.00758	0.00421	0.01348
4	0.01204	0.00870	0.01138	0.01071	0.01271	0.00803	0.00803	0.01606	0.02409	0.03413	0.64335	0.06357	0.08030	0.01740	0.01004	0.00268	0.00401	0.01539	0.00937	0.00803
5	0.02991	0.02236	0.02414	0.01898	0.02526	0.02489	0.01555	0.51920	0.10615	0.04963	0.02219	0.02247	0.01618	0.01345	0.04634	0.00323	0.00984	0.00797	0.00830	0.01396
6	0.02106	0.02022	0.03454	0.05223	0.64784	0.02022	0.02612	0.02612	0.01938	0.02780	0.01601	0.02106	0.01348	0.00758	0.00842	0.00253	0.01011	0.00758	0.00421	0.01348
7	0.01037	0.00741	0.00987	0.01185	0.01234	0.00691	0.00790	0.01185	0.01629	0.02172	0.04690	0.69537	0.05629	0.02666	0.01086	0.00346	0.00494	0.02419	0.00790	0.00691
8	0.02033	0.39222	0.26466	0.01965	0.02851	0.02758	0.05364	0.02583	0.01745	0.02294	0.01333	0.01599	0.01099	0.00799	0.00790	0.00230	0.04796	0.00564	0.00366	0.01146
9	0.01735	0.04234	0.61284	0.02623	0.08002	0.01980	0.03107	0.02689	0.01807	0.02701	0.01532	0.01819	0.01097	0.00805	0.00811	0.00268	0.01240	0.00638	0.00364	0.01264
10	0.02009	0.02296	0.05022	0.03587	0.04448	0.02152	0.61693	0.02726	0.02009	0.02726	0.01722	0.02296	0.01291	0.00717	0.01004	0.00287	0.01435	0.01004	0.00430	0.01148
11	0.01225	0.00820	0.00932	0.00945	0.00948	0.00817	0.00533	0.01234	0.01263	0.01683	0.02810	0.09649	0.03256	0.65792	0.04124	0.00794	0.00804	0.01313	0.00533	0.00527
12	0.01953	0.01947	0.03528	0.12243	0.40034	0.01952	0.15659	0.02495	0.01925	0.02663	0.02067	0.02558	0.05351	0.00850	0.00890	0.00266	0.01084	0.00879	0.00442	0.01214
13	0.01381	0.01190	0.01869	0.08968	0.12493	0.01249	0.04176	0.01661	0.01681	0.02290	0.03441	0.43137	0.03910	0.01982	0.01146	0.00323	0.05819	0.01779	0.00638	0.00866
14	0.02426	0.52212	0.10253	0.01626	0.02375	0.08814	0.01627	0.02771	0.01856	0.07259	0.01408	0.01549	0.01174	0.00776	0.00618	0.00201	0.00987	0.00514	0.00427	0.01128
15	0.03621	0.01405	0.01912	0.01481	0.02104	0.01217	0.01217	0.03956	0.02434	0.60702	0.07954	0.03157	0.02553	0.01105	0.00867	0.00264	0.00700	0.00907	0.01045	0.01400

[dist]
# distance from previous block
# <min> <max>
0	1

[block]
# block no. 1 follows, 21 sequences, length 111
# corresponding to MSA columns:
# 80-82,84-191
name=unknown_B
#
# <colnr> <probs for GDERKNQSTAVLIFYWHMCP>
#	G	D	E	R	K	N	Q	S	T	A	V	L	I	F	Y	W	H	M	C	P
0	0.01634	0.01540	0.02601	0.64663	0.09035	0.01898	0.02377	0.02198	0.01714	0.02207	0.01517	0.02260	0.01146	0.00846	0.00850	0.00282	0.01128	0.00756	0.00380	0.00967
1	0.01707	0.04402	0.65683	0.02426	0.03683	0.01976	0.03144	0.02695	0.01797	0.02695	0.01527	0.01797	0.01078	0.00809	0.00809	0.00270	0.01258	0.00629	0.00359	0.01258
2	0.02057	0.01994	0.03469	0.10599	0.56070	0.02018	0.06097	0.02580	0.01921	0.02724	0.01600	0.02132	0.01326	0.00764	0.00853	0.00257	0.01047	0.00773	0.00418	0.01301
3	0.01896	0.02189	0.06967	0.03320	0.07554	0.02014	0.46364	0.02526	0.01920	0.02636	0.01973	0.09024	0.01714	0.00961	0.01090	0.00295	0.04888	0.01103	0.00460	0.01107
4	0.02160	0.02123	0.03402	0.05072	0.61687	0.05243	0.02564	0.02651	0.01961	0.02745	0.01587	0.02078	0.01335	0.00764	0.00839	0.00251	0.01037	0.00748	0.00422	0.01330
5	0.01837	0.14875	0.44182	0.05694	0.03649	0.02225	0.10811	0.02649	0.01810	0.02559	0.01496	0.01817	0.01112	0.00785	0.00794	0.00258	0.01218	0.00658	0.00371	0.01200
6	0.76103	0.01646	0.01251	0.01119	0.01646	0.01909	0.00922	0.02502	0.01448	0.03818	0.01185	0.01382	0.00922	0.00790	0.00527	0.00263	0.00658	0.00461	0.00527	0.00922
7	0.06154	0.01898	0.02154	0.02073	0.09156	0.04972	0.01477	0.12497	0.25330	0.17927	0.02861	0.05303	0.02145	0.01097	0.00847	0.00272	0.00795	0.00901	0.00819	0.01322
8	0.05864	0.01713	0.01845	0.04254	0.02113	0.01878	0.01238	0.34145	0.02928	0.04268	0.02206	0.02424	0.01658	0.01071	0.00850	0.03245	0.00743	0.00760	0.25660	0.01139
9	0.03126	0.02329	0.02492	0.01936	0.02597	0.02588	0.01591	0.56336	0.09790	0.05187	0.02182	0.02154	0.01560	0.01035	0.00853	0.00259	0.00911	0.00785	0.00853	0.01437
10	0.09110	0.02259	0.02036	0.01696	0.02228	0.13663	0.01352	0.27164	0.09468	0.07082	0.02791	0.02771	0.08137	0.01108	0.00811	0.00254	0.00896	0.00836	0.05145	0.01193
11	0.01006	0.00862	0.00862	0.00862	0.01149	0.00718	0.00647	0.01221	0.01940	0.02299	0.08621	0.08190	0.64438	0.02155	0.01006	0.00287	0.00431	0.01796	0.00790	0.00718
12	0.01238	0.00825	0.00928	0.00928	0.00928	0.00825	0.00516	0.01238	0.01238	0.01650	0.02681	0.05569	0.03094	0.70092	0.04331	0.00825	0.00825	0.01238	0.00516	0.00516
13	0.05920	0.02218	0.02336	0.08279	0.02781	0.05803	0.01581	0.41756	0.09182	0.04522	0.02093	0.02180	0.01527	0.00999	0.00821	0.00257	0.00922	0.00761	0.04756	0.01307
14	0.76103	0.01646	0.01251	0.01119	0.01646	0.01909	0.00922	0.02502	0.01448	0.03818	0.01185	0.01382	0.00922	0.00790	0.00527	0.00263	0.00658	0.00461	0.00527	0.00922
15	0.01194	0.00869	0.01123	0.01060	0.01265	0.00798	0.00795	0.01585	0.02384	0.03353	0.61362	0.06455	0.11040	0.01762	0.01004	0.00269	0.00403	0.01553	0.00929	0.00798
16	0.03649	0.01720	0.02143	0.01643	0.02308	0.01654	0.01357	0.20954	0.02891	0.47924	0.02975	0.02648	0.01915	0.01044	0.00854	0.00261	0.00786	0.00830	0.00995	0.01448
17	0.01006	0.00862	0.00862	0.00862	0.01149	0.00718	0.00647	0.01221	0.01940	0.02299	0.08621	0.08190	0.64438	0.02155	0.01006	0.00287	0.00431	0.01796	0.00790	0.00718
18	0.01216	0.00912	0.01368	0.01368	0.01520	0.01064	0.01064	0.01520	0.01368	0.01976	0.02279	0.03343	0.02127	0.06382	0.66720	0.01368	0.02279	0.00912	0.00456	0.00760
19	0.01204	0.00870	0.01138	0.01071	0.01271	0.00803	0.00803	0.01606	0.02409	0.03413	0.64335	0.06357	0.08030	0.01740	0.01004	0.00268	0.00401	0.01539	0.00937	0.00803
20	0.03179	0.04056	0.02412	0.02192	0.02631	0.66676	0.01644	0.03398	0.02412	0.02083	0.01315	0.01535	0.01096	0.00877	0.00767	0.00219	0.01535	0.00548	0.00438	0.00987
21	0.76103	0.01646	0.01251	0.01119	0.01646	0.01909	0.00922	0.02502	0.01448	0.03818	0.01185	0.01382	0.00922	0.00790	0.00527	0.00263	0.00658	0.00461	0.00527	0.00922
22	0.01206	0.00902	0.01347	0.01358	0.01504	0.01043	0.01049	0.01501	0.01382	0.01986	0.02411	0.06963	0.02319	0.06179	0.63130	0.01312	0.02182	0.00994	0.00474	0.00756
23	0.02117	0.01828	0.01924	0.01732	0.02213	0.02117	0.01347	0.04522	0.63246	0.03560	0.03464	0.03175	0.02598	0.01155	0.00866	0.00289	0.00673	0.00962	0.00866	0.01347
24	0.02039	0.43122	0.29875	0.01859	0.02806	0.02790	0.02157	0.02609	0.01757	0.02290	0.01326	0.01544	0.01086	0.00761	0.00655	0.00218	0.01054	0.00527	0.00362	0.01161
25	0.01765	0.01513	0.01765	0.01260	0.02017	0.01134	0.01008	0.02143	0.01765	0.02773	0.01513	0.01765	0.01260	0.00630	0.00630	0.00126	0.00630	0.00504	0.00504	0.75295
26	0.03179	0.02443	0.02517	0.01959	0.02618	0.05911	0.01606	0.56215	0.06722	0.05109	0.02073	0.02071	0.01484	0.01020	0.00848	0.00255	0.00955	0.00764	0.00831	0.01419
27	0.03664	0.01414	0.01925	0.01488	0.02119	0.01224	0.01224	0.03997	0.02434	0.61709	0.06963	0.03101	0.02457	0.01094	0.00865	0.00264	0.00705	0.00896	0.01046	0.01410
28	0.02420	0.62564	0.04191	0.01503	0.02210	0.06985	0.01455	0.02693	0.01811	0.05768	0.01320	0.01466	0.01153	0.00756	0.00578	0.00189	0.00936	0.00484	0.00409	0.01107
29	0.01707	0.04402	0.65683	0.02426	0.03683	0.01976	0.03144	0.02695	0.01797	0.02695	0.01527	0.01797	0.01078	0.00809	0.00809	0.00270	0.01258	0.00629	0.00359	0.01258
30	0.01037	0.00741	0.00987	0.01185	0.01234	0.00691	0.00790	0.01185	0.01629	0.02172	0.04690	0.69537	0.05629	0.02666	0.01086	0.00346	0.00494	0.02419	0.00790	0.00691
31	0.01607	0.01513	0.02552	0.68047	0.05861	0.01891	0.02363	0.02174	0.01702	0.02174	0.01513	0.02269	0.01134	0.00851	0.00851	0.00284	0.01134	0.00756	0.00378	0.00945
32	0.01634	0.01540	0.02600	0.64720	0.08981	0.01898	0.02377	0.02197	0.01714	0.02206	0.01517	0.02260	0.01146	0.00846	0.00850	0.00282	0.01128	0.00756	0.00380	0.00967
33	0.01037	0.00741	0.00987	0.01185	0.01234	0.00691	0.00790	0.01185	0.01629	0.02172	0.04690	0.69537	0.05629	0.02666	0.01086	0.00346	0.00494	0.02419	0.00790	0.00691
34	0.01371	0.00980	0.01371	0.01567	0.01763	0.00980	0.01371	0.01763	0.01959	0.02547	0.04506	0.09599	0.04898	0.02351	0.01175	0.00392	0.00784	0.59056	0.00784	0.00784
35	0.01574	0.01234	0.01494	0.01624	0.01860	0.04950	0.01400	0.04958	0.02091	0.02664	0.04190	0.08733	0.04495	0.02195	0.01135	0.00375	0.00836	0.52595	0.00767	0.00830
36	0.01037	0.00741	0.00987	0.01185	0.01234	0.00691	0.00790	0.01185	0.01629	0.02172	0.04690	0.69537	0.05629	0.02666	0.01086	0.00346	0.00494	0.02419	0.00790	0.00691
37	0.01862	0.01862	0.02607	0.02234	0.02234	0.02607	0.01862	0.02048	0.01303	0.02048	0.01117	0.01862	0.01117	0.01489	0.02793	0.00372	0.68535	0.00745	0.00372	0.00931
38	0.76103	0.01646	0.01251	0.01119	0.01646	0.01909	0.00922	0.02502	0.01448	0.03818	0.01185	0.01382	0.00922	0.00790	0.00527	0.00263	0.00658	0.00461	0.00527	0.00922
39	0.76103	0.01646	0.01251	0.01119	0.01646	0.01909	0.00922	0.02502	0.01448	0.03818	0.01185	0.01382	0.00922	0.00790	0.00527	0.00263	0.00658	0.00461	0.00527	0.00922
40	0.02009	0.02296	0.05022	0.03587	0.04448	0.02152	0.61693	0.02726	0.02009	0.02726	0.01722	0.02296	0.01291	0.00717	0.01004	0.00287	0.01435	0.01004	0.00430	0.01148
41	0.01237	0.00829	0.00949	0.00949	0.00956	0.00836	0.00541	0.01251	0.01244	0.01665	0.02663	0.05465	0.03049	0.67103	0.07259	0.00850	0.00893	0.01222	0.00513	0.00527
42	0.01862	0.01862	0.02607	0.02234	0.02234	0.02607	0.01862	0.02048	0.01303	0.02048	0.01117	0.01862	0.01117	0.01489	0.02793	0.00372	0.68535	0.00745	0.00372	0.00931
43	0.01186	0.00854	0.01130	0.01146	0.01314	0.00798	0.00859	0.01533	0.02198	0.03062	0.45580	0.20022	0.07200	0.01998	0.01039	0.00297	0.00460	0.07656	0.00890	0.00777
44	0.01216	0.00912	0.01368	0.01368	0.01520	0.01064	0.01064	0.01520	0.01368	0.01976	0.02279	0.03343	0.02127	0.06382	0.66720	0.01368	0.02279	0.00912	0.00456	0.00760
45	0.01216	0.00912	0.01368	0.01368	0.01520	0.01064	0.01064	0.01520	0.01368	0.01976	0.02279	0.03343	0.02127	0.06382	0.66720	0.01368	0.02279	0.00912	0.00456	0.00760
46	0.03235	0.02384	0.02554	0.01958	0.02639	0.02639	0.01618	0.61946	0.04001	0.05363	0.02043	0.02043	0.01447	0.01022	0.00851	0.00255	0.00936	0.00766	0.00851	0.01447
47	0.01633	0.01548	0.02558	0.61362	0.05493	0.01963	0.02312	0.02161	0.01661	0.02161	0.01472	0.02228	0.01133	0.00916	0.01048	0.00293	0.07981	0.00755	0.00378	0.00944
48	0.03175	0.02354	0.02520	0.01946	0.02616	0.02611	0.01603	0.58853	0.07193	0.05266	0.02120	0.02104	0.01509	0.01029	0.00852	0.00257	0.00922	0.00777	0.00852	0.01442
49	0.02222	0.02264	0.03415	0.04802	0.54811	0.09275	0.05447	0.02706	0.01994	0.02699	0.01575	0.02052	0.01317	0.00770	0.00842	0.00251	0.01091	0.00747	0.00424	0.01298
50	0.02065	0.01783	0.01875	0.01692	0.02164	0.02052	0.01315	0.04369	0.60412	0.03502	0.03702	0.03407	0.05456	0.01201	0.00872	0.00289	0.00662	0.01001	0.00862	0.01318
51	0.02117	0.01828	0.01924	0.01732	0.02213	0.02117	0.01347	0.04522	0.63246	0.03560	0.03464	0.03175	0.02598	0.01155	0.00866	0.00289	0.00673	0.00962	0.00866	0.01347
52	0.01862	0.01862	0.02607	0.02234	0.02234	0.02607	0.01862	0.02048	0.01303	0.02048	0.01117	0.01862	0.01117	0.01489	0.02793	0.00372	0.68535	0.00745	0.00372	0.00931
53	0.01015	0.00862	0.00876	0.00872	0.01155	0.00723	0.00654	0.01240	0.01963	0.02353	0.11344	0.08100	0.61681	0.02135	0.01006	0.00286	0.00430	0.01783	0.00797	0.00723
54	0.01006	0.00862	0.00862	0.00862	0.01149	0.00718	0.00647	0.01221	0.01940	0.02299	0.08621	0.08190	0.64438	0.02155	0.01006	0.00287	0.00431	0.01796	0.00790	0.00718
55	0.03818	0.01448	0.01975	0.01514	0.02172	0.01251	0.01251	0.04147	0.02436	0.65373	0.03357	0.02897	0.02107	0.01053	0.00856	0.00263	0.00724	0.00856	0.01053	0.01448
56	0.02720	0.02840	0.02218	0.01957	0.02448	0.29217	0.01510	0.12202	0.29371	0.03197	0.02363	0.02328	0.01806	0.01019	0.00823	0.00255	0.01071	0.00761	0.00685	0.01210
57	0.03179	0.04056	0.02412	0.02192	0.02631	0.66676	0.01644	0.03398	0.02412	0.02083	0.01315	0.01535	0.01096	0.00877	0.00767	0.00219	0.01535	0.00548	0.00438	0.00987
58	0.01037	0.00741	0.00987	0.01185	0.01234	0.00691	0.00790	0.01185	0.01629	0.02172	0.04690	0.69537	0.05629	0.02666	0.01086	0.00346	0.00494	0.02419	0.00790	0.00691
59	0.01765	0.01513	0.01765	0.01260	0.02017	0.01134	0.01008	0.02143	0.01765	0.02773	0.01513	0.01765	0.01260	0.00630	0.00630	0.00126	0.00630	0.00504	0.00504	0.75295
60	0.03107	0.03936	0.02422	0.02195	0.02609	0.63172	0.01656	0.03324	0.02351	0.02081	0.01305	0.01553	0.01097	0.00910	0.00878	0.00228	0.05199	0.00559	0.00435	0.00984
61	0.02603	0.02077	0.01946	0.01615	0.02076	0.10976	0.01268	0.31483	0.05782	0.03952	0.02237	0.02636	0.01784	0.08032	0.01137	0.00297	0.00876	0.00799	0.17288	0.01137
62	0.02106	0.02022	0.03454	0.05223	0.64784	0.02022	0.02612	0.02612	0.01938	0.02780	0.01601	0.02106	0.01348	0.00758	0.00842	0.00253	0.01011	0.00758	0.00421	0.01348
63	0.01017	0.00863	0.00877	0.00874	0.01156	0.00723	0.00655	0.01242	0.01965	0.02360	0.11668	0.08090	0.61353	0.02133	0.01006	0.00286	0.00429	0.01782	0.00798	0.00723
64	0.02083	0.02326	0.04594	0.03838	0.16059	0.05180	0.47398	0.02736	0.02014	0.02706	0.01679	0.02223	0.01293	0.00733	0.00962	0.00277	0.01357	0.00935	0.00429	0.01179
65	0.01786	0.13665	0.57117	0.02290	0.03474	0.02171	0.02908	0.02675	0.01787	0.02598	0.01479	0.01736	0.01080	0.00797	0.00772	0.00257	0.01209	0.00605	0.00360	0.01235
66	0.01037	0.00741	0.00987	0.01185	0.01234	0.00691	0.00790	0.01185	0.01629	0.02172	0.04690	0.69537	0.05629	0.02666	0.01086	0.00346	0.00494	0.02419	0.00790	0.00691
67	0.01934	0.01846	0.03143	0.26895	0.44458	0.01977	0.02526	0.02461	0.01856	0.02571	0.01570	0.02162	0.01274	0.00790	0.00845	0.00263	0.01054	0.00758	0.00406	0.01209
68	0.68031	0.05861	0.04651	0.01204	0.01779	0.01999	0.01064	0.02514	0.01482	0.03655	0.01202	0.01402	0.00940	0.00787	0.00542	0.00259	0.00703	0.00469	0.00509	0.00948
69	0.01719	0.04122	0.58695	0.06029	0.03846	0.01982	0.06564	0.02669	0.01804	0.02669	0.01538	0.01852	0.01094	0.00805	0.00822	0.00271	0.01262	0.00658	0.00365	0.01234
70	0.02106	0.02022	0.03454	0.05223	0.64784	0.02022	0.02612	0.02612	0.01938	0.02780	0.01601	0.02106	0.01348	0.00758	0.00842	0.00253	0.01011	0.00758	0.00421	0.01348
71	0.01175	0.00869	0.01097	0.01040	0.01254	0.00791	0.00780	0.01550	0.02340	0.03249	0.56168	0.06626	0.16298	0.01801	0.01004	0.00271	0.00406	0.01577	0.00915	0.00791
72	0.01104	0.00871	0.00999	0.00982	0.01230	0.00766	0.00747	0.01404	0.02129	0.02760	0.30812	0.07525	0.38691	0.01998	0.01014	0.00285	0.00437	0.04640	0.00849	0.00756
73	0.01634	0.01540	0.02601	0.64663	0.09035	0.01898	0.02377	0.02198	0.01714	0.02207	0.01517	0.02260	0.01146	0.00846	0.00850	0.00282	0.01128	0.00756	0.00380	0.00967
74	0.01765	0.01513	0.01765	0.01260	0.02017	0.01134	0.01008	0.02143	0.01765	0.02773	0.01513	0.01765	0.01260	0.00630	0.00630	0.00126	0.00630	0.00504	0.00504	0.75295
75	0.01781	0.11017	0.56250	0.02389	0.03571	0.02127	0.06073	0.02682	0.01801	0.02626	0.01503	0.01779	0.01091	0.00796	0.00792	0.00262	0.01232	0.00631	0.00364	0.01235
76	0.01478	0.00739	0.01109	0.01109	0.01109	0.00739	0.00739	0.01109	0.01109	0.01478	0.01478	0.02587	0.01478	0.02956	0.03326	0.75240	0.00739	0.00739	0.00370	0.00370
77	0.01015	0.00862	0.00875	0.00872	0.01155	0.00722	0.00654	0.01239	0.01961	0.02350	0.11161	0.08106	0.61867	0.02136	0.01006	0.00286	0.00430	0.01784	0.00797	0.00722
78	0.02051	0.01771	0.01861	0.01680	0.02150	0.02034	0.01305	0.04326	0.59608	0.03485	0.03770	0.03473	0.06268	0.01214	0.00874	0.00289	0.00659	0.01012	0.00861	0.01310
79	0.02247	0.67369	0.07452	0.01504	0.02257	0.03299	0.01539	0.02555	0.01732	0.02036	0.01200	0.01386	0.01091	0.00732	0.00559	0.00186	0.00927	0.00464	0.00364	0.01100
80	0.03235	0.02384	0.02554	0.01958	0.02639	0.02639	0.01618	0.61946	0.04001	0.05363	0.02043	0.02043	0.01447	0.01022	0.00851	0.00255	0.00936	0.00766	0.00851	0.01447
81	0.01044	0.00864	0.00915	0.00902	0.01173	0.00735	0.00677	0.01295	0.02030	0.02514	0.19365	0.07836	0.53560	0.02075	0.01005	0.00284	0.00425	0.01746	0.00819	0.00735
82	0.02038	0.02069	0.05885	0.04812	0.56040	0.01962	0.05425	0.02567	0.01961	0.02808	0.04925	0.02328	0.01688	0.00810	0.00858	0.00256	0.01009	0.00806	0.00447	0.01306
83	0.03818	0.01448	0.01975	0.01514	0.02172	0.01251	0.01251	0.04147	0.02436	0.65373	0.03357	0.02897	0.02107	0.01053	0.00856	0.00263	0.00724	0.00856	0.01053	0.01448
84	0.76103	0.01646	0.01251	0.01119	0.01646	0.01909	0.00922	0.02502	0.01448	0.03818	0.01185	0.01382	0.00922	0.00790	0.00527	0.00263	0.00658	0.00461	0.00527	0.00922
85	0.01711	0.01638	0.02606	0.39851	0.04352	0.02105	0.04645	0.02146	0.01580	0.02194	0.01435	0.02166	0.01177	0.01072	0.01519	0.00311	0.24422	0.00764	0.03363	0.00943
86	0.01271	0.01116	0.01961	0.01765	0.02010	0.01044	0.15490	0.01557	0.01721	0.02306	0.03974	0.53307	0.04582	0.02196	0.01066	0.00331	0.00721	0.02078	0.00703	0.00801
87	0.01037	0.00741	0.00987	0.01185	0.01234	0.00691	0.00790	0.01185	0.01629	0.02172	0.04690	0.69537	0.05629	0.02666	0.01086	0.00346	0.00494	0.02419	0.00790	0.00691
88	0.02356	0.01863	0.02082	0.01541	0.02267	0.01739	0.01253	0.26190	0.02664	0.03815	0.01726	0.01877	0.01336	0.00788	0.00719	0.00178	0.00753	0.00610	0.00644	0.45600
89	0.01322	0.01038	0.01512	0.01461	0.01594	0.01264	0.01153	0.01614	0.01378	0.02040	0.02142	0.03131	0.01990	0.05461	0.54882	0.01177	0.11339	0.00883	0.03834	0.00785
90	0.01046	0.00752	0.00977	0.01152	0.01213	0.00700	0.00767	0.01190	0.01627	0.02152	0.04817	0.62509	0.08985	0.06206	0.01253	0.00368	0.00508	0.02320	0.00775	0.00684
91	0.02031	0.02233	0.04664	0.03960	0.18200	0.02122	0.48227	0.02700	0.01992	0.02738	0.01694	0.02252	0.01304	0.00727	0.00967	0.00279	0.01338	0.00948	0.00428	0.01193
92	0.01216	0.00912	0.01368	0.01368	0.01520	0.01064	0.01064	0.01520	0.01368	0.01976	0.02279	0.03343	0.02127	0.06382	0.66720	0.01368	0.02279	0.00912	0.00456	0.00760
93	0.01982	0.02241	0.04869	0.03502	0.04336	0.02103	0.59174	0.02686	0.02007	0.02718	0.01838	0.02601	0.01442	0.00786	0.01011	0.00291	0.01408	0.03428	0.00445	0.01133
94	0.01037	0.00741	0.00987	0.01185	0.01234	0.00691	0.00790	0.01185	0.01629	0.02172	0.04690	0.69537	0.05629	0.02666	0.01086	0.00346	0.00494	0.02419	0.00790	0.00691
95	0.01216	0.00912	0.01368	0.01368	0.01520	0.01064	0.01064	0.01520	0.01368	0.01976	0.02279	0.03343	0.02127	0.06382	0.66720	0.01368	0.02279	0.00912	0.00456	0.00760
96	0.06233	0.01556	0.01967	0.01553	0.02180	0.01471	0.01270	0.06814	0.11675	0.50946	0.03232	0.02843	0.02106	0.01057	0.00845	0.00267	0.00724	0.00853	0.00996	0.01413
97	0.02106	0.02022	0.03454	0.05223	0.64784	0.02022	0.02612	0.02612	0.01938	0.02780	0.01601	0.02106	0.01348	0.00758	0.00842	0.00253	0.01011	0.00758	0.00421	0.01348
98	0.05942	0.02199	0.04476	0.03262	0.03982	0.02204	0.49913	0.02617	0.01878	0.02688	0.01607	0.02185	0.01247	0.00831	0.01234	0.00298	0.10968	0.00938	0.00427	0.01105
99	0.02080	0.01995	0.03406	0.08576	0.61639	0.02015	0.02598	0.02588	0.01925	0.02748	0.01596	0.02115	0.01337	0.00763	0.00843	0.00254	0.01018	0.00758	0.00419	0.01327
100	0.55094	0.02039	0.01576	0.01369	0.01906	0.10909	0.01106	0.08394	0.01880	0.07092	0.01404	0.01549	0.01061	0.00839	0.00609	0.00256	0.00810	0.00524	0.00574	0.01010
101	0.01539	0.01254	0.01462	0.01349	0.01716	0.01208	0.01002	0.02381	0.18594	0.02781	0.06678	0.29648	0.03745	0.01652	0.00898	0.00266	0.00575	0.01455	0.00741	0.21055
102	0.01910	0.01726	0.01590	0.01541	0.01798	0.13901	0.01128	0.14256	0.02275	0.02819	0.03485	0.42298	0.03879	0.01977	0.00975	0.00302	0.00788	0.01712	0.00735	0.00906
103	0.01238	0.00825	0.00928	0.00928	0.00928	0.00825	0.00516	0.01238	0.01238	0.01650	0.02681	0.05569	0.03094	0.70092	0.04331	0.00825	0.00825	0.01238	0.00516	0.00516
104	0.01916	0.01629	0.01839	0.01408	0.02093	0.01444	0.01119	0.05362	0.17075	0.03082	0.02019	0.02126	0.01600	0.00777	0.00698	0.00172	0.00654	0.00629	0.00609	0.53751
105	0.40363	0.01893	0.01801	0.05400	0.02257	0.04742	0.01256	0.17356	0.02272	0.12819	0.01731	0.01820	0.01240	0.00892	0.00683	0.00261	0.00801	0.00613	0.00669	0.01130
106	0.01263	0.00971	0.01366	0.01334	0.01572	0.00911	0.04095	0.01640	0.02143	0.02887	0.31463	0.10424	0.14493	0.01983	0.01062	0.00315	0.00585	0.19860	0.00835	0.00797
107	0.02129	0.01888	0.01867	0.08046	0.02374	0.11002	0.01347	0.09912	0.18781	0.05669	0.03690	0.06420	0.13959	0.01329	0.00962	0.00275	0.03992	0.01058	0.04221	0.01079
108	0.05861	0.00950	0.01194	0.01196	0.01415	0.00875	0.00860	0.01688	0.01812	0.08331	0.13908	0.39827	0.04856	0.02083	0.01076	0.03595	0.00532	0.01768	0.00779	0.07394
109	0.09191	0.01541	0.02366	0.41562	0.04329	0.01896	0.04347	0.02108	0.01615	0.02322	0.01846	0.02481	0.04888	0.01106	0.01241	0.03477	0.11559	0.00795	0.00419	0.00911
110	0.01928	0.02228	0.07692	0.06581	0.06691	0.02189	0.35170	0.02500	0.01795	0.02535	0.01538	0.02128	0.01229	0.00916	0.01396	0.00298	0.17657	0.00873	0.00412	0.04247

[dist]
# distance from previous block
# <min> <max>
0	2

[block]
# block no. 2 follows, 21 sequences, length 9
# corresponding to MSA columns:
# 194-202
name=unknown_C
#
# <colnr> <probs for GDERKNQSTAVLIFYWHMCP>
#	G	D	E	R	K	N	Q	S	T	A	V	L	I	F	Y	W	H	M	C	P
0	0.02017	0.16424	0.36635	0.02317	0.03298	0.08417	0.09676	0.02856	0.05850	0.02566	0.01591	0.01840	0.01207	0.00811	0.00783	0.00252	0.01202	0.00656	0.00409	0.01193
1	0.01773	0.01317	0.01903	0.01541	0.02011	0.01197	0.09908	0.02200	0.03865	0.11317	0.09975	0.05028	0.22822	0.01451	0.00985	0.00265	0.03090	0.04390	0.03362	0.11599
2	0.08062	0.14904	0.02380	0.01481	0.02106	0.01930	0.01253	0.12653	0.06320	0.19579	0.08090	0.02529	0.02185	0.00975	0.00752	0.00228	0.00742	0.00754	0.00744	0.12336
3	0.41177	0.11586	0.05417	0.01376	0.01938	0.02084	0.01211	0.11534	0.01923	0.03537	0.01762	0.09780	0.01607	0.01046	0.00663	0.00261	0.00750	0.00754	0.00576	0.01017
4	0.02456	0.01944	0.01995	0.01564	0.02206	0.08619	0.01245	0.14686	0.06926	0.10851	0.02112	0.05141	0.01682	0.00919	0.00755	0.00201	0.00798	0.00726	0.00674	0.34499
5	0.32242	0.01855	0.01887	0.01585	0.02047	0.02155	0.01293	0.23604	0.02359	0.03962	0.01816	0.08164	0.01585	0.01151	0.01021	0.00284	0.10459	0.00797	0.00646	0.01089
6	0.10148	0.01820	0.02831	0.05163	0.02755	0.02167	0.14263	0.02476	0.01626	0.10074	0.01596	0.02114	0.01301	0.01399	0.04846	0.00372	0.32743	0.00790	0.00488	0.01031
7	0.15637	0.01956	0.04696	0.06532	0.02396	0.09484	0.03962	0.09519	0.02125	0.10300	0.02085	0.06469	0.01687	0.00991	0.00745	0.00242	0.00852	0.00781	0.10422	0.09119
8	0.01670	0.08885	0.02039	0.01436	0.01912	0.01501	0.03352	0.04617	0.01840	0.02585	0.04777	0.14539	0.09876	0.01327	0.01010	0.00232	0.07822	0.01078	0.00586	0.28917

[dist]
# distance from previous block
# <min> <max>
15	274

[block]
# block no. 3 follows, 21 sequences, length 14
# corresponding to MSA columns:
# 482-495
name=unknown_D
#
# <colnr> <probs for GDERKNQSTAVLIFYWHMCP>
#	G	D	E	R	K	N	Q	S	T	A	V	L	I	F	Y	W	H	M	C	P
0	0.05361	0.11418	0.08007	0.01681	0.02157	0.08297	0.05555	0.02374	0.04752	0.02572	0.02179	0.09984	0.02016	0.01330	0.03138	0.00289	0.06988	0.02506	0.12346	0.07050
1	0.02027	0.05646	0.08863	0.08212	0.15130	0.08402	0.14016	0.02622	0.05189	0.02531	0.01741	0.04302	0.01466	0.00982	0.01158	0.00278	0.11794	0.00825	0.03706	0.01108
2	0.09467	0.09861	0.27149	0.05710	0.08647	0.02186	0.16287	0.02601	0.01784	0.02695	0.01486	0.01879	0.01141	0.00812	0.00912	0.00269	0.04853	0.00705	0.00400	0.01156
3	0.04423	0.01663	0.10568	0.01992	0.07801	0.01284	0.07854	0.02133	0.02023	0.07968	0.20381	0.17101	0.04332	0.01547	0.00961	0.00292	0.00763	0.05215	0.00713	0.00985
4	0.08628	0.34429	0.14842	0.01598	0.02270	0.02427	0.01630	0.02435	0.01765	0.05378	0.05891	0.08050	0.01998	0.01045	0.00800	0.00239	0.04256	0.00772	0.00487	0.01061
5	0.01456	0.01077	0.01137	0.01154	0.01353	0.05188	0.00816	0.01638	0.01831	0.07919	0.08007	0.30873	0.21420	0.10423	0.01413	0.00368	0.00603	0.01791	0.00764	0.00771
6	0.01845	0.01752	0.02927	0.25215	0.39902	0.01861	0.02353	0.02344	0.01861	0.02540	0.02208	0.02710	0.06991	0.00915	0.00860	0.00266	0.00999	0.00852	0.00441	0.01160
7	0.01124	0.00902	0.01183	0.10468	0.01861	0.00880	0.00966	0.01380	0.01822	0.02344	0.11765	0.33578	0.24310	0.02148	0.01018	0.00310	0.00554	0.01891	0.00748	0.00747
8	0.02988	0.03731	0.02479	0.08000	0.06186	0.57710	0.01757	0.03252	0.02326	0.02127	0.01347	0.01628	0.01113	0.00868	0.00778	0.00227	0.01473	0.00577	0.00432	0.01002
9	0.65567	0.01845	0.01425	0.05059	0.01973	0.07462	0.01066	0.02560	0.01545	0.03575	0.01215	0.01446	0.00949	0.00801	0.00566	0.00261	0.00761	0.00485	0.00511	0.00929
10	0.08536	0.01730	0.01824	0.03327	0.02074	0.05479	0.01264	0.19000	0.08672	0.06486	0.06904	0.15089	0.08355	0.01479	0.01021	0.00287	0.05455	0.01188	0.00754	0.01075
11	0.01556	0.07180	0.01622	0.01361	0.01584	0.01248	0.01029	0.04686	0.01774	0.06712	0.03545	0.41727	0.03944	0.02457	0.07004	0.00404	0.05290	0.01714	0.00702	0.04460
12	0.01932	0.01815	0.03339	0.09795	0.03473	0.01887	0.28778	0.02604	0.07365	0.06925	0.02355	0.12775	0.02099	0.01191	0.01197	0.00305	0.09393	0.01150	0.00556	0.01067
13	0.09004	0.01984	0.01981	0.01736	0.02241	0.05484	0.01382	0.15996	0.37984	0.03810	0.02925	0.03140	0.02290	0.01163	0.00849	0.00283	0.00779	0.04892	0.00804	0.01272

[dist]
# distance from previous block
# <min> <max>
1	8

[block]
# block no. 4 follows, 21 sequences, length 6
# corresponding to MSA columns:
# 504-509
name=unknown_E
#
# <colnr> <probs for GDERKNQSTAVLIFYWHMCP>
#	G	D	E	R	K	N	Q	S	T	A	V	L	I	F	Y	W	H	M	C	P
0	0.14901	0.01837	0.02317	0.02098	0.05585	0.02325	0.01641	0.06398	0.06820	0.06952	0.01562	0.01984	0.01308	0.01241	0.01878	0.00325	0.38530	0.00724	0.00520	0.01055
1	0.02388	0.01702	0.01898	0.01542	0.02054	0.01751	0.01229	0.31481	0.02927	0.06793	0.06821	0.12983	0.05313	0.01316	0.00857	0.00251	0.00725	0.01085	0.05871	0.11012
2	0.02365	0.02314	0.08509	0.13879	0.25607	0.08192	0.02221	0.08963	0.02146	0.09233	0.01738	0.02104	0.01334	0.00908	0.01000	0.00267	0.06741	0.00736	0.00516	0.01226
3	0.01474	0.01146	0.01442	0.07367	0.01981	0.01191	0.01169	0.06909	0.08391	0.02835	0.11818	0.21209	0.13087	0.01953	0.01021	0.00319	0.00652	0.14368	0.00782	0.00883
4	0.02966	0.03185	0.02485	0.02425	0.09308	0.40983	0.01715	0.06389	0.04976	0.08879	0.01669	0.01864	0.01312	0.00957	0.00976	0.00246	0.07374	0.00650	0.00534	0.01108
5	0.28656	0.02807	0.28105	0.02221	0.10594	0.01884	0.02085	0.02764	0.01755	0.09533	0.01601	0.01800	0.01162	0.00821	0.00717	0.00265	0.00957	0.00608	0.00498	0.01168

[dist]
# distance from previous block
# <min> <max>
4	20

[block]
# block no. 5 follows, 21 sequences, length 27
# corresponding to MSA columns:
# 530-540,543-558
name=unknown_F
#
# <colnr> <probs for GDERKNQSTAVLIFYWHMCP>
#	G	D	E	R	K	N	Q	S	T	A	V	L	I	F	Y	W	H	M	C	P
0	0.33051	0.05126	0.04658	0.05893	0.05188	0.01721	0.01267	0.05727	0.01965	0.08522	0.16112	0.02809	0.02747	0.01045	0.00733	0.00261	0.00709	0.00802	0.00652	0.01013
1	0.02065	0.01333	0.01613	0.01421	0.01785	0.01346	0.01119	0.16505	0.04666	0.12040	0.25640	0.14408	0.04868	0.01639	0.00968	0.00286	0.00626	0.05731	0.00896	0.01045
2	0.04337	0.05229	0.05109	0.06096	0.36363	0.11124	0.05198	0.02560	0.01975	0.02641	0.04969	0.06882	0.01909	0.00961	0.00842	0.00256	0.01038	0.00870	0.00473	0.01171
3	0.01994	0.35207	0.33680	0.02125	0.06316	0.02629	0.02326	0.02622	0.01773	0.02376	0.01370	0.01612	0.01099	0.00768	0.00688	0.00228	0.01082	0.00555	0.00365	0.01185
4	0.02511	0.01490	0.01985	0.09603	0.02496	0.01564	0.01399	0.06919	0.07878	0.25243	0.09026	0.03014	0.02460	0.01600	0.06939	0.00368	0.07638	0.00890	0.00770	0.06209
5	0.01802	0.01499	0.01706	0.01405	0.01957	0.01387	0.01088	0.05896	0.17536	0.03007	0.02626	0.14650	0.02418	0.01161	0.00787	0.00215	0.00633	0.00989	0.00668	0.38570
6	0.01234	0.01040	0.01746	0.01621	0.01821	0.00977	0.12284	0.01480	0.01674	0.02241	0.03990	0.52379	0.04632	0.06985	0.01296	0.00368	0.00695	0.02070	0.00703	0.00765
7	0.02177	0.01878	0.02111	0.02092	0.08470	0.02136	0.01488	0.07464	0.53907	0.03581	0.03201	0.03007	0.02411	0.01108	0.00863	0.00283	0.00721	0.00931	0.00821	0.01353
8	0.03179	0.04056	0.02412	0.02192	0.02631	0.66676	0.01644	0.03398	0.02412	0.02083	0.01315	0.01535	0.01096	0.00877	0.00767	0.00219	0.01535	0.00548	0.00438	0.00987
9	0.71158	0.01696	0.01339	0.01176	0.01713	0.01959	0.00969	0.06536	0.01622	0.03923	0.01243	0.01427	0.00957	0.00806	0.00549	0.00263	0.00677	0.00482	0.00549	0.00957
10	0.01797	0.01767	0.02483	0.02148	0.02163	0.02453	0.01782	0.01995	0.01310	0.02041	0.01233	0.02009	0.01218	0.01977	0.09162	0.00472	0.61934	0.00761	0.00381	0.00914
11	0.02701	0.01513	0.01833	0.01506	0.02011	0.01514	0.01207	0.12946	0.13819	0.27439	0.19730	0.03749	0.03698	0.01253	0.00897	0.00268	0.00662	0.01046	0.00954	0.01254
12	0.01810	0.01784	0.02531	0.08719	0.02540	0.02460	0.01855	0.02026	0.01340	0.02044	0.01222	0.02058	0.01202	0.04313	0.02665	0.00383	0.58988	0.00767	0.00379	0.00915
13	0.01393	0.01138	0.01427	0.05623	0.01880	0.00967	0.00983	0.01674	0.01709	0.02443	0.03281	0.32153	0.06394	0.01624	0.00866	0.00242	0.00593	0.01435	0.00637	0.33537
14	0.01338	0.01081	0.01237	0.01229	0.01392	0.04531	0.00891	0.01590	0.01916	0.02594	0.25656	0.22974	0.05433	0.12226	0.01572	0.00375	0.03046	0.05594	0.00752	0.04571
15	0.03179	0.04056	0.02412	0.02192	0.02631	0.66676	0.01644	0.03398	0.02412	0.02083	0.01315	0.01535	0.01096	0.00877	0.00767	0.00219	0.01535	0.00548	0.00438	0.00987
16	0.76103	0.01646	0.01251	0.01119	0.01646	0.01909	0.00922	0.02502	0.01448	0.03818	0.01185	0.01382	0.00922	0.00790	0.00527	0.00263	0.00658	0.00461	0.00527	0.00922
17	0.03818	0.01448	0.01975	0.01514	0.02172	0.01251	0.01251	0.04147	0.02436	0.65373	0.03357	0.02897	0.02107	0.01053	0.00856	0.00263	0.00724	0.00856	0.01053	0.01448
18	0.01035	0.00749	0.00979	0.01163	0.01229	0.00693	0.00780	0.01187	0.01650	0.02181	0.04957	0.65374	0.09620	0.02631	0.01081	0.00342	0.00489	0.02377	0.00790	0.00693
19	0.02136	0.02100	0.03357	0.08185	0.58707	0.05297	0.02550	0.02630	0.01950	0.02715	0.01582	0.02085	0.01325	0.00769	0.00839	0.00253	0.01044	0.00747	0.00420	0.01310
20	0.01860	0.01600	0.02224	0.01702	0.02324	0.01411	0.10467	0.10265	0.02083	0.03002	0.02251	0.15394	0.02162	0.01103	0.00810	0.00213	0.00770	0.01000	0.00597	0.38763
21	0.10241	0.02953	0.27125	0.02358	0.08362	0.08327	0.05217	0.02633	0.05852	0.02720	0.01961	0.09951	0.01743	0.01096	0.00961	0.00281	0.05752	0.00876	0.00481	0.01111
22	0.02365	0.63974	0.04255	0.01529	0.02229	0.09674	0.01475	0.02633	0.01797	0.02010	0.01196	0.01382	0.01093	0.00743	0.00568	0.00186	0.00972	0.00464	0.00371	0.01082
23	0.01616	0.01170	0.01395	0.01334	0.01592	0.01167	0.00994	0.13968	0.02217	0.03041	0.09664	0.34384	0.04368	0.05462	0.01149	0.00325	0.00618	0.05469	0.04020	0.06046
24	0.07575	0.02087	0.05293	0.01754	0.02369	0.02114	0.01498	0.36958	0.06305	0.07636	0.07819	0.02988	0.02307	0.01144	0.00855	0.00264	0.00838	0.04863	0.00804	0.04528
25	0.01944	0.05015	0.02096	0.04920	0.02261	0.01437	0.05354	0.04190	0.01866	0.08211	0.02101	0.08726	0.01840	0.00995	0.00874	0.00209	0.05198	0.00822	0.07968	0.33971
26	0.12979	0.07716	0.01739	0.01351	0.01612	0.01597	0.01088	0.04068	0.01897	0.02983	0.21824	0.11778	0.03951	0.01477	0.01188	0.00282	0.13149	0.01141	0.07301	0.00880

[dist]
# distance from previous block
# <min> <max>
70	110

[block]
# block no. 6 follows, 21 sequences, length 16
# corresponding to MSA columns:
# 677-692
name=unknown_G
#
# <colnr> <probs for GDERKNQSTAVLIFYWHMCP>
#	G	D	E	R	K	N	Q	S	T	A	V	L	I	F	Y	W	H	M	C	P
0	0.09611	0.07341	0.04650	0.01881	0.02526	0.07663	0.05394	0.30281	0.06861	0.03981	0.01972	0.04983	0.01569	0.00992	0.00795	0.00247	0.00941	0.00775	0.00679	0.06859
1	0.05933	0.01661	0.02463	0.02140	0.06427	0.01788	0.10745	0.09238	0.02066	0.08838	0.08969	0.05497	0.04379	0.01691	0.07313	0.00385	0.14035	0.00973	0.00618	0.04842
2	0.15474	0.02084	0.02138	0.01701	0.02301	0.02322	0.01394	0.42582	0.07724	0.04785	0.02062	0.02107	0.01503	0.00989	0.00776	0.00254	0.00825	0.00731	0.06952	0.01296
3	0.01916	0.01595	0.02075	0.22875	0.03272	0.01668	0.01549	0.13005	0.06701	0.03124	0.07161	0.06353	0.02166	0.01019	0.00816	0.00236	0.00824	0.00862	0.00605	0.22177
4	0.01356	0.00984	0.01232	0.01154	0.01367	0.00961	0.00858	0.06547	0.02310	0.03216	0.43993	0.11028	0.08368	0.07294	0.05185	0.00382	0.00599	0.01495	0.00852	0.00820
5	0.01594	0.01403	0.02327	0.58315	0.05165	0.01726	0.02120	0.02064	0.01650	0.02160	0.01574	0.02345	0.01220	0.01056	0.01071	0.07341	0.01060	0.00757	0.04169	0.00883
6	0.01149	0.00860	0.01107	0.01197	0.01355	0.00760	0.00824	0.01333	0.01650	0.02265	0.04201	0.59092	0.04955	0.02352	0.01016	0.00312	0.00515	0.02124	0.00746	0.12189
7	0.03179	0.04056	0.02412	0.02192	0.02631	0.66676	0.01644	0.03398	0.02412	0.02083	0.01315	0.01535	0.01096	0.00877	0.00767	0.00219	0.01535	0.00548	0.00438	0.00987
8	0.76103	0.01646	0.01251	0.01119	0.01646	0.01909	0.00922	0.02502	0.01448	0.03818	0.01185	0.01382	0.00922	0.00790	0.00527	0.00263	0.00658	0.00461	0.00527	0.00922
9	0.03112	0.02030	0.02246	0.01747	0.02353	0.02177	0.01425	0.44654	0.03430	0.15267	0.02352	0.02465	0.01703	0.04990	0.01035	0.00286	0.00858	0.00810	0.05708	0.01351
10	0.01786	0.01787	0.02826	0.02330	0.02501	0.02287	0.11966	0.02081	0.01434	0.02153	0.01402	0.02168	0.01305	0.02123	0.12494	0.00514	0.46691	0.00815	0.00395	0.00941
11	0.01911	0.01966	0.02693	0.13445	0.02974	0.06659	0.04621	0.02188	0.01475	0.02102	0.01224	0.01929	0.01127	0.01306	0.02251	0.00343	0.49712	0.00745	0.00380	0.00947
12	0.02357	0.14493	0.02577	0.02160	0.10718	0.22754	0.01515	0.09521	0.02307	0.02676	0.07015	0.07871	0.08251	0.01178	0.00814	0.00241	0.01011	0.00925	0.00570	0.01046
13	0.06487	0.05635	0.01943	0.01529	0.02044	0.01645	0.01249	0.03667	0.23099	0.26428	0.08721	0.03689	0.02916	0.01224	0.00863	0.00278	0.00690	0.05752	0.00888	0.01252
14	0.02222	0.05214	0.04271	0.01418	0.01839	0.01637	0.01119	0.20805	0.02308	0.08966	0.02332	0.03551	0.02160	0.30239	0.02292	0.00484	0.00857	0.00933	0.00657	0.06695
15	0.02587	0.12465	0.03021	0.02025	0.02697	0.09040	0.11720	0.20916	0.04275	0.07114	0.01928	0.04597	0.01538	0.00925	0.00802	0.00233	0.01000	0.00775	0.00624	0.11719

[dist]
# distance from previous block
# <min> <max>
5	128

[block]
# block no. 7 follows, 21 sequences, length 63
# corresponding to MSA columns:
# 821-883
name=unknown_H
#
# <colnr> <probs for GDERKNQSTAVLIFYWHMCP>
#	G	D	E	R	K	N	Q	S	T	A	V	L	I	F	Y	W	H	M	C	P
0	0.02520	0.02032	0.02617	0.02238	0.08603	0.02062	0.07843	0.32648	0.02937	0.04045	0.02043	0.06892	0.01683	0.00998	0.00836	0.00237	0.00898	0.00853	0.00686	0.17330
1	0.07774	0.09784	0.05597	0.01879	0.02507	0.01970	0.11138	0.14243	0.06805	0.13638	0.13199	0.02934	0.02686	0.01054	0.00845	0.00259	0.00860	0.00907	0.00730	0.01190
2	0.11279	0.10668	0.06764	0.02258	0.02934	0.02099	0.21584	0.08651	0.02062	0.07008	0.01963	0.05144	0.01658	0.00993	0.00930	0.00270	0.04143	0.04304	0.00550	0.04741
3	0.01777	0.01383	0.06239	0.10632	0.05472	0.01221	0.01374	0.05583	0.01915	0.11970	0.03435	0.35454	0.03590	0.04521	0.01102	0.00328	0.00736	0.01598	0.00717	0.00953
4	0.06364	0.01417	0.02302	0.07062	0.12591	0.01426	0.11875	0.04921	0.01859	0.02636	0.03082	0.34205	0.03338	0.01681	0.00967	0.00306	0.00821	0.01573	0.00624	0.00949
5	0.18553	0.02316	0.20412	0.01626	0.02364	0.01597	0.01662	0.05723	0.02057	0.15616	0.12224	0.02687	0.02428	0.01005	0.00777	0.00256	0.00817	0.00785	0.00664	0.06431
6	0.02491	0.02025	0.03628	0.02838	0.06755	0.01986	0.31204	0.12156	0.02366	0.14773	0.02248	0.02869	0.01725	0.00977	0.01023	0.00287	0.03677	0.05110	0.00635	0.01227
7	0.07362	0.07414	0.19367	0.01856	0.02569	0.02153	0.01812	0.03739	0.37715	0.03233	0.02611	0.02542	0.01957	0.01004	0.00803	0.00274	0.00848	0.00799	0.00668	0.01274
8	0.43362	0.05424	0.01725	0.01351	0.01909	0.01944	0.01113	0.05659	0.12856	0.14249	0.02002	0.01990	0.01457	0.00907	0.00659	0.00263	0.00698	0.00631	0.00682	0.01120
9	0.49054	0.17062	0.02143	0.01330	0.01911	0.05819	0.01144	0.08103	0.01801	0.03467	0.01272	0.01449	0.01018	0.00803	0.00574	0.00242	0.00787	0.00493	0.00516	0.01012
10	0.01183	0.00908	0.01051	0.01113	0.01302	0.00843	0.00793	0.05589	0.01924	0.02453	0.06061	0.40288	0.28692	0.02344	0.01037	0.00316	0.00501	0.02052	0.00795	0.00757
11	0.01006	0.00862	0.00862	0.00862	0.01149	0.00718	0.00647	0.01221	0.01940	0.02299	0.08621	0.08190	0.64438	0.02155	0.01006	0.00287	0.00431	0.01796	0.00790	0.00718
12	0.03235	0.02384	0.02554	0.01958	0.02639	0.02639	0.01618	0.61946	0.04001	0.05363	0.02043	0.02043	0.01447	0.01022	0.00851	0.00255	0.00936	0.00766	0.00851	0.01447
13	0.01707	0.04402	0.65683	0.02426	0.03683	0.01976	0.03144	0.02695	0.01797	0.02695	0.01527	0.01797	0.01078	0.00809	0.00809	0.00270	0.01258	0.00629	0.00359	0.01258
14	0.01233	0.00841	0.01011	0.01011	0.01040	0.00870	0.00620	0.01291	0.01262	0.01712	0.02605	0.05147	0.02911	0.58014	0.16159	0.00928	0.01101	0.01176	0.00504	0.00562
15	0.01220	0.00894	0.01277	0.01277	0.01397	0.01014	0.00950	0.01461	0.01341	0.01908	0.02363	0.03804	0.02328	0.19580	0.53797	0.01255	0.01978	0.00979	0.00468	0.00709
16	0.03235	0.02384	0.02554	0.01958	0.02639	0.02639	0.01618	0.61946	0.04001	0.05363	0.02043	0.02043	0.01447	0.01022	0.00851	0.00255	0.00936	0.00766	0.00851	0.01447
17	0.01768	0.01729	0.02516	0.15761	0.02937	0.02360	0.01914	0.02040	0.01390	0.02069	0.01274	0.02041	0.01186	0.01673	0.06506	0.00418	0.50361	0.00758	0.00379	0.00923
18	0.03235	0.02384	0.02554	0.01958	0.02639	0.02639	0.01618	0.61946	0.04001	0.05363	0.02043	0.02043	0.01447	0.01022	0.00851	0.00255	0.00936	0.00766	0.00851	0.01447
19	0.01607	0.01513	0.02552	0.68047	0.05861	0.01891	0.02363	0.02174	0.01702	0.02174	0.01513	0.02269	0.01134	0.00851	0.00851	0.00284	0.01134	0.00756	0.00378	0.00945
20	0.01049	0.00746	0.00984	0.01170	0.01216	0.00699	0.00774	0.01188	0.01606	0.02141	0.04570	0.65713	0.05477	0.06696	0.01280	0.00374	0.00514	0.02349	0.00774	0.00681
21	0.01862	0.01862	0.02607	0.02234	0.02234	0.02607	0.01862	0.02048	0.01303	0.02048	0.01117	0.01862	0.01117	0.01489	0.02793	0.00372	0.68535	0.00745	0.00372	0.00931
22	0.01940	0.02092	0.03888	0.02952	0.03408	0.02365	0.33600	0.02408	0.01677	0.02408	0.01438	0.02092	0.01209	0.01080	0.01844	0.00327	0.32941	0.00882	0.00403	0.01046
23	0.01006	0.00862	0.00862	0.00862	0.01149	0.00718	0.00647	0.01221	0.01940	0.02299	0.08621	0.08190	0.64438	0.02155	0.01006	0.00287	0.00431	0.01796	0.00790	0.00718
24	0.03235	0.02384	0.02554	0.01958	0.02639	0.02639	0.01618	0.61946	0.04001	0.05363	0.02043	0.02043	0.01447	0.01022	0.00851	0.00255	0.00936	0.00766	0.00851	0.01447
25	0.02117	0.01828	0.01924	0.01732	0.02213	0.02117	0.01347	0.04522	0.63246	0.03560	0.03464	0.03175	0.02598	0.01155	0.00866	0.00289	0.00673	0.00962	0.00866	0.01347
26	0.01478	0.00739	0.01109	0.01109	0.01109	0.00739	0.00739	0.01109	0.01109	0.01478	0.01478	0.02587	0.01478	0.02956	0.03326	0.75240	0.00739	0.00739	0.00370	0.00370
27	0.01643	0.01549	0.02617	0.63571	0.10059	0.01900	0.02381	0.02205	0.01718	0.02217	0.01519	0.02257	0.01150	0.00844	0.00850	0.00281	0.01126	0.00756	0.00381	0.00974
28	0.02645	0.02535	0.02105	0.01790	0.02283	0.22563	0.01403	0.24789	0.08656	0.03573	0.07746	0.03175	0.10657	0.01201	0.00859	0.00252	0.00990	0.00918	0.00720	0.01140
29	0.25408	0.02980	0.31713	0.01858	0.02758	0.01920	0.02069	0.08054	0.01965	0.11371	0.01702	0.01831	0.01194	0.00853	0.00730	0.00266	0.00973	0.00618	0.00545	0.01194
30	0.01238	0.00825	0.00928	0.00928	0.00928	0.00825	0.00516	0.01238	0.01238	0.01650	0.02681	0.05569	0.03094	0.70092	0.04331	0.00825	0.00825	0.01238	0.00516	0.00516
31	0.03273	0.02323	0.02517	0.01929	0.02609	0.02550	0.01594	0.58226	0.03900	0.09225	0.02128	0.02098	0.01490	0.01024	0.00852	0.00256	0.00923	0.00772	0.00864	0.01447
32	0.01707	0.04402	0.65683	0.02426	0.03683	0.01976	0.03144	0.02695	0.01797	0.02695	0.01527	0.01797	0.01078	0.00809	0.00809	0.00270	0.01258	0.00629	0.00359	0.01258
