[name]
unknown

[dist]
# distance from previous block
# <min> <max>
2	116

[block]
# block no. 0 follows, 25 sequences, length 80
# corresponding to MSA columns:
# 118-197
name=unknown_A
#
# <colnr> <probs for GDERKNQSTAVLIFYWHMCP>
#	G	D	E	R	K	N	Q	S	T	A	V	L	I	F	Y	W	H	M	C	P
0	0.02540	0.01864	0.01961	0.01630	0.02135	0.05693	0.01309	0.28571	0.23310	0.12735	0.02594	0.05561	0.02004	0.01077	0.00797	0.00250	0.00758	0.03220	0.00780	0.01213
1	0.01402	0.01423	0.05943	0.01858	0.02256	0.01252	0.20949	0.04529	0.04327	0.02512	0.12903	0.30461	0.03734	0.01533	0.00924	0.00278	0.00766	0.01471	0.00622	0.00857
2	0.05578	0.01809	0.02239	0.01751	0.02282	0.04706	0.09307	0.28102	0.04287	0.12683	0.09336	0.05386	0.02193	0.01023	0.00843	0.00240	0.02685	0.00854	0.00708	0.03990
3	0.02804	0.03204	0.02066	0.01867	0.02268	0.56096	0.01408	0.03095	0.04921	0.08554	0.01638	0.05536	0.01379	0.00917	0.00727	0.00213	0.01239	0.00638	0.00490	0.00940
4	0.05428	0.01496	0.01763	0.01467	0.01935	0.01569	0.01170	0.11498	0.21558	0.28855	0.02824	0.06812	0.02126	0.03809	0.00976	0.00274	0.03570	0.00880	0.00808	0.01180
5	0.10406	0.02105	0.02209	0.01708	0.02315	0.02339	0.01411	0.59082	0.03415	0.04747	0.01784	0.01802	0.01271	0.00910	0.00746	0.00233	0.00828	0.00671	0.00746	0.01271
6	0.09036	0.01042	0.01302	0.01278	0.04000	0.01002	0.03566	0.04128	0.01763	0.08810	0.07935	0.17491	0.22245	0.07365	0.01116	0.00310	0.00576	0.05562	0.00682	0.00791
7	0.08012	0.01853	0.05532	0.13770	0.45634	0.01825	0.07515	0.02326	0.01699	0.02523	0.01423	0.01891	0.01155	0.00704	0.00757	0.00238	0.00953	0.00683	0.00384	0.01125
8	0.01445	0.00723	0.00723	0.00723	0.00903	0.00723	0.00542	0.01807	0.01626	0.02891	0.02529	0.02891	0.01987	0.00903	0.00542	0.00181	0.00361	0.00723	0.77055	0.00723
9	0.04668	0.10619	0.09252	0.01369	0.04505	0.01366	0.01165	0.04340	0.05590	0.02820	0.32780	0.04258	0.11732	0.01284	0.00804	0.00236	0.00583	0.01080	0.00669	0.00880
10	0.01500	0.01370	0.02237	0.59618	0.07205	0.01664	0.02013	0.04599	0.01641	0.02124	0.01645	0.07954	0.01397	0.00918	0.00793	0.00261	0.00973	0.00817	0.00396	0.00875
11	0.02059	0.67317	0.03853	0.01344	0.01970	0.05678	0.01308	0.02301	0.01597	0.01834	0.01218	0.04252	0.01170	0.00744	0.00527	0.00174	0.00836	0.00494	0.00351	0.00976
12	0.01931	0.01595	0.01647	0.01468	0.01881	0.04614	0.01142	0.05916	0.46040	0.06766	0.09776	0.03436	0.08078	0.01159	0.00807	0.00256	0.00617	0.00962	0.00782	0.01126
13	0.06779	0.01966	0.02307	0.12406	0.08390	0.02197	0.01608	0.44362	0.05629	0.04101	0.01764	0.01906	0.01284	0.00880	0.00759	0.00238	0.00862	0.00688	0.00661	0.01212
14	0.01063	0.00785	0.00993	0.00954	0.01141	0.00715	0.00711	0.01392	0.02095	0.02902	0.55509	0.09723	0.15765	0.01686	0.00919	0.00250	0.00374	0.01480	0.00827	0.00715
15	0.02098	0.01751	0.01799	0.01593	0.02047	0.04665	0.01244	0.06712	0.57594	0.06885	0.03015	0.02773	0.02241	0.01031	0.00784	0.00258	0.00659	0.00848	0.00782	0.01223
16	0.10292	0.01736	0.01984	0.01535	0.02133	0.01789	0.01268	0.32494	0.02803	0.32511	0.02311	0.02144	0.01536	0.00923	0.00749	0.00237	0.00745	0.00707	0.00828	0.01274
17	0.01090	0.00792	0.01026	0.00968	0.01154	0.00729	0.00726	0.01449	0.02178	0.03069	0.65133	0.05858	0.09713	0.01600	0.00915	0.00245	0.00367	0.01412	0.00848	0.00729
18	0.01043	0.00763	0.00979	0.00983	0.01140	0.00700	0.00715	0.01337	0.01982	0.02739	0.46501	0.22106	0.12475	0.01826	0.00933	0.00263	0.00389	0.01619	0.00808	0.00700
19	0.01128	0.00752	0.00846	0.00846	0.00846	0.00752	0.00470	0.01128	0.01128	0.01503	0.02443	0.05074	0.02819	0.72751	0.03946	0.00752	0.00752	0.01128	0.00470	0.00470
20	0.01608	0.01378	0.01608	0.01148	0.01837	0.01034	0.00919	0.01952	0.01608	0.02527	0.01378	0.01608	0.01148	0.00574	0.00574	0.00115	0.00574	0.00459	0.00459	0.77491
21	0.10001	0.00985	0.00997	0.00914	0.01181	0.01025	0.00709	0.09022	0.01906	0.03182	0.11459	0.03171	0.05059	0.01021	0.00628	0.00205	0.00445	0.00816	0.46472	0.00802
22	0.00945	0.00675	0.00900	0.01080	0.01125	0.00630	0.00720	0.01080	0.01484	0.01979	0.04274	0.72245	0.05128	0.02429	0.00990	0.00315	0.00450	0.02204	0.00720	0.00630
23	0.01108	0.00831	0.01246	0.01246	0.01385	0.00969	0.00969	0.01385	0.01246	0.01800	0.02077	0.03046	0.01938	0.05815	0.69678	0.01246	0.02077	0.00831	0.00415	0.00692
24	0.16025	0.01973	0.02059	0.01613	0.02201	0.02178	0.01329	0.47413	0.05700	0.09187	0.01865	0.01855	0.01322	0.00901	0.00725	0.00236	0.00785	0.00663	0.00738	0.01232
25	0.01572	0.00962	0.01160	0.01062	0.01364	0.00880	0.00823	0.03925	0.04467	0.15109	0.22032	0.11152	0.26645	0.01650	0.00893	0.00260	0.00478	0.03914	0.00805	0.00845
26	0.00945	0.00675	0.00900	0.01080	0.01125	0.00630	0.00720	0.01080	0.01484	0.01979	0.04274	0.72245	0.05128	0.02429	0.00990	0.00315	0.00450	0.02204	0.00720	0.00630
27	0.01158	0.00740	0.00832	0.00850	0.00882	0.00735	0.00506	0.01226	0.01239	0.01762	0.02638	0.11397	0.02921	0.54843	0.03135	0.00621	0.00662	0.01173	0.12157	0.00524
28	0.00974	0.00739	0.00899	0.00962	0.01109	0.00663	0.00682	0.01187	0.01751	0.02300	0.21342	0.35441	0.24995	0.02072	0.00948	0.00281	0.00411	0.01826	0.00754	0.00663
29	0.06149	0.00989	0.01252	0.01099	0.01412	0.00909	0.00843	0.02185	0.02002	0.23956	0.30650	0.09825	0.07442	0.06502	0.01069	0.00285	0.00509	0.01201	0.00823	0.00897
30	0.10885	0.01337	0.01734	0.01344	0.01932	0.01199	0.01110	0.03630	0.02130	0.62014	0.02863	0.02502	0.01812	0.00936	0.00750	0.00240	0.00654	0.00744	0.00912	0.01272
31	0.00956	0.00698	0.00894	0.01045	0.01120	0.00645	0.00711	0.01101	0.01517	0.01988	0.04661	0.59995	0.12928	0.04668	0.01080	0.00324	0.00460	0.03869	0.00711	0.00630
32	0.01005	0.00767	0.00922	0.00930	0.01113	0.00685	0.00680	0.01266	0.01908	0.02536	0.34422	0.19300	0.27895	0.01881	0.00930	0.00264	0.00392	0.01640	0.00781	0.00685
33	0.00965	0.00687	0.00912	0.01085	0.01134	0.00646	0.00732	0.01104	0.01483	0.01974	0.04191	0.66752	0.05005	0.05313	0.01115	0.00335	0.00474	0.04757	0.00709	0.00627
34	0.02896	0.03695	0.02197	0.01998	0.02397	0.69638	0.01498	0.03096	0.02197	0.01898	0.01199	0.01398	0.00999	0.00799	0.00699	0.00200	0.01398	0.00499	0.00400	0.00899
35	0.02564	0.01681	0.01829	0.01451	0.01938	0.01807	0.01175	0.41330	0.02915	0.10564	0.02164	0.02321	0.01601	0.03970	0.00855	0.00243	0.00712	0.00730	0.19010	0.01140
36	0.00968	0.00692	0.00927	0.01106	0.01162	0.00650	0.00761	0.01120	0.01508	0.02006	0.04261	0.67348	0.05077	0.02407	0.00996	0.00318	0.00470	0.06869	0.00719	0.00636
37	0.03479	0.01320	0.01799	0.01380	0.01979	0.01140	0.01140	0.03779	0.02219	0.68451	0.03059	0.02639	0.01919	0.00960	0.00780	0.00240	0.00660	0.00780	0.00960	0.01320
38	0.03228	0.01256	0.01710	0.01350	0.01895	0.01089	0.01098	0.03511	0.02146	0.61865	0.03179	0.09535	0.02237	0.01105	0.00801	0.00247	0.00639	0.00921	0.00936	0.01251
39	0.01338	0.00677	0.01003	0.01003	0.01003	0.00677	0.00665	0.01015	0.01015	0.01353	0.01393	0.02472	0.01409	0.05662	0.03069	0.74192	0.00677	0.00693	0.00342	0.00342
40	0.01019	0.00852	0.00895	0.00873	0.01136	0.00761	0.00658	0.01390	0.06671	0.02331	0.16380	0.06872	0.53752	0.01839	0.00907	0.00259	0.00405	0.01545	0.00745	0.00709
41	0.01128	0.00752	0.00846	0.00846	0.00846	0.00752	0.00470	0.01128	0.01128	0.01503	0.02443	0.05074	0.02819	0.72751	0.03946	0.00752	0.00752	0.01128	0.00470	0.00470
42	0.01207	0.00842	0.00936	0.00918	0.00962	0.00868	0.00545	0.01424	0.07606	0.01676	0.02514	0.04858	0.02774	0.65647	0.03634	0.00703	0.00738	0.01103	0.00501	0.00545
43	0.04237	0.02189	0.03055	0.05419	0.13680	0.11564	0.20472	0.14446	0.05048	0.02845	0.01551	0.01896	0.01210	0.00827	0.00973	0.00249	0.08047	0.00731	0.00478	0.01083
44	0.01092	0.00903	0.00915	0.00916	0.01178	0.00755	0.00670	0.01235	0.01843	0.02232	0.07678	0.10453	0.63149	0.02059	0.00981	0.00293	0.00455	0.01685	0.00767	0.00740
45	0.01564	0.01409	0.02000	0.27002	0.03227	0.01328	0.04130	0.01986	0.01596	0.02323	0.01386	0.01798	0.01107	0.00652	0.00663	0.00174	0.00775	0.00564	0.00414	0.45901
46	0.02941	0.02363	0.02311	0.01811	0.02404	0.10838	0.01477	0.57522	0.03464	0.04512	0.01778	0.01803	0.01278	0.00914	0.00766	0.00229	0.00922	0.00673	0.00728	0.01266
47	0.02419	0.01916	0.02085	0.01803	0.04817	0.02154	0.01392	0.33536	0.33660	0.04007	0.02465	0.02357	0.01817	0.00979	0.00782	0.00247	0.00741	0.00783	0.00766	0.01271
48	0.02789	0.02093	0.02238	0.01752	0.02344	0.02330	0.01435	0.55795	0.13438	0.04631	0.02063	0.02022	0.01482	0.00950	0.00778	0.00237	0.00816	0.00726	0.00778	0.01304
49	0.01929	0.01666	0.01753	0.01578	0.02016	0.01929	0.01227	0.04120	0.66513	0.03243	0.03156	0.02893	0.02367	0.01052	0.00789	0.00263	0.00614	0.00877	0.00789	0.01227
50	0.01128	0.00752	0.00846	0.00846	0.00846	0.00752	0.00470	0.01128	0.01128	0.01503	0.02443	0.05074	0.02819	0.72751	0.03946	0.00752	0.00752	0.01128	0.00470	0.00470
51	0.01069	0.00775	0.01010	0.01005	0.01166	0.00717	0.00744	0.01386	0.02033	0.02833	0.51185	0.17991	0.09204	0.01775	0.00934	0.00262	0.00396	0.03988	0.00818	0.00709
52	0.01097	0.00793	0.01036	0.00975	0.01158	0.00732	0.00732	0.01463	0.02195	0.03109	0.67505	0.05792	0.07316	0.01585	0.00914	0.00244	0.00366	0.01402	0.00854	0.00732
53	0.01118	0.00789	0.01032	0.01032	0.01097	0.00853	0.00703	0.01247	0.01183	0.01642	0.02272	0.04128	0.02408	0.41533	0.34602	0.00982	0.01370	0.00989	0.00444	0.00574
54	0.00945	0.00675	0.00900	0.01080	0.01125	0.00630	0.00720	0.01080	0.01484	0.01979	0.04274	0.72245	0.05128	0.02429	0.00990	0.00315	0.00450	0.02204	0.00720	0.00630
55	0.01919	0.01842	0.03147	0.04759	0.67914	0.01842	0.02380	0.02380	0.01765	0.02533	0.01458	0.01919	0.01228	0.00691	0.00768	0.00230	0.00921	0.00691	0.00384	0.01228
56	0.02896	0.03695	0.02197	0.01998	0.02397	0.69638	0.01498	0.03096	0.02197	0.01898	0.01199	0.01398	0.00999	0.00799	0.00699	0.00200	0.01398	0.00499	0.00400	0.00899
57	0.01075	0.00781	0.01013	0.00979	0.01151	0.00719	0.00725	0.01412	0.02108	0.02959	0.58972	0.12439	0.09391	0.01683	0.00922	0.00252	0.00375	0.01491	0.00835	0.00719
58	0.01082	0.00781	0.01023	0.00986	0.01155	0.00722	0.00730	0.01425	0.02124	0.02997	0.61240	0.12376	0.07099	0.01669	0.00922	0.00251	0.00374	0.01482	0.00840	0.00722
59	0.01333	0.00845	0.01112	0.01015	0.01240	0.00772	0.00772	0.01693	0.02197	0.09583	0.61120	0.05479	0.06781	0.01523	0.00901	0.00243	0.00395	0.01341	0.00864	0.00790
60	0.03479	0.01320	0.01799	0.01380	0.01979	0.01140	0.01140	0.03779	0.02219	0.68451	0.03059	0.02639	0.01919	0.00960	0.00780	0.00240	0.00660	0.00780	0.00960	0.01320
61	0.02073	0.73217	0.04063	0.01327	0.01990	0.03068	0.01327	0.02322	0.01575	0.01824	0.01078	0.01244	0.00995	0.00663	0.00498	0.00166	0.00829	0.00415	0.00332	0.00995
62	0.00975	0.00692	0.00915	0.01082	0.01131	0.00653	0.00731	0.01112	0.01475	0.01964	0.04132	0.63881	0.04925	0.07473	0.01207	0.00349	0.00486	0.05489	0.00701	0.00623
63	0.00945	0.00675	0.00900	0.01080	0.01125	0.00630	0.00720	0.01080	0.01484	0.01979	0.04274	0.72245	0.05128	0.02429	0.00990	0.00315	0.00450	0.02204	0.00720	0.00630
64	0.01249	0.00892	0.01249	0.01428	0.01606	0.00892	0.01249	0.01606	0.01785	0.02320	0.04105	0.08746	0.04462	0.02142	0.01071	0.00357	0.00714	0.62695	0.00714	0.00714
65	0.02082	0.01631	0.01758	0.01558	0.02013	0.01850	0.01219	0.04086	0.60143	0.09704	0.03146	0.02868	0.02323	0.01043	0.00788	0.00261	0.00618	0.00867	0.00806	0.01236
66	0.00953	0.00681	0.00907	0.01074	0.01126	0.00635	0.00720	0.01101	0.01524	0.02042	0.07800	0.68539	0.05250	0.02382	0.00985	0.00311	0.00445	0.02160	0.00727	0.00635
67	0.02007	0.01704	0.01797	0.01594	0.02046	0.01965	0.01246	0.08816	0.61690	0.03370	0.03057	0.02814	0.02286	0.01043	0.00788	0.00261	0.00632	0.00863	0.00788	0.01234
68	0.00975	0.00772	0.00878	0.00885	0.01092	0.00674	0.00651	0.01215	0.01857	0.02387	0.25494	0.16117	0.40425	0.01914	0.00926	0.00264	0.00393	0.01645	0.00761	0.00674
69	0.01571	0.01339	0.01568	0.01145	0.01798	0.01011	0.00908	0.01904	0.01601	0.02496	0.01540	0.05547	0.01370	0.00678	0.00597	0.00126	0.00567	0.00557	0.00474	0.73204
70	0.01003	0.00748	0.00933	0.00974	0.01122	0.00678	0.00697	0.01248	0.01842	0.02478	0.31573	0.30708	0.19199	0.01977	0.00943	0.00274	0.00403	0.01748	0.00776	0.00678
71	0.01803	0.01724	0.02937	0.21674	0.51908	0.01812	0.02322	0.02278	0.01710	0.02392	0.01438	0.01957	0.01178	0.00712	0.00770	0.00237	0.00950	0.00690	0.00374	0.01134
72	0.01232	0.00822	0.01046	0.01002	0.01214	0.00745	0.00757	0.01542	0.02041	0.07544	0.44473	0.12531	0.16337	0.01706	0.00919	0.00258	0.00413	0.03847	0.00821	0.00751
73	0.00943	0.00681	0.00893	0.01063	0.01120	0.00631	0.00712	0.01081	0.01500	0.01986	0.04473	0.68643	0.08601	0.02403	0.00986	0.00312	0.00447	0.02173	0.00720	0.00631
74	0.10185	0.01909	0.02037	0.01622	0.02190	0.02102	0.01325	0.40000	0.15804	0.11578	0.02178	0.02096	0.01548	0.00938	0.00750	0.00240	0.00759	0.00716	0.00770	0.01254
75	0.02073	0.73217	0.04063	0.01327	0.01990	0.03068	0.01327	0.02322	0.01575	0.01824	0.01078	0.01244	0.00995	0.00663	0.00498	0.00166	0.00829	0.00415	0.00332	0.00995
76	0.03295	0.01429	0.01845	0.01435	0.02022	0.01326	0.01179	0.09581	0.07905	0.56858	0.02955	0.02588	0.01902	0.00965	0.00780	0.00241	0.00674	0.00780	0.00928	0.01311
77	0.69768	0.09466	0.01464	0.01054	0.01554	0.01887	0.00894	0.02284	0.01348	0.03295	0.01079	0.01258	0.00857	0.00713	0.00482	0.00232	0.00625	0.00419	0.00463	0.00857
78	0.01308	0.00830	0.01090	0.01050	0.01254	0.00760	0.00793	0.01620	0.02035	0.09304	0.44292	0.16981	0.08864	0.01714	0.00923	0.00263	0.00430	0.04894	0.00828	0.00768
79	0.74828	0.01530	0.01193	0.01054	0.01540	0.01769	0.00868	0.05127	0.01425	0.03542	0.01115	0.01287	0.00861	0.00729	0.00493	0.00240	0.00611	0.00432	0.00493	0.00861

[dist]
# distance from previous block
# <min> <max>
0	3

[block]
# block no. 1 follows, 25 sequences, length 64
# corresponding to MSA columns:
# 201-264
name=unknown_B
#
# <colnr> <probs for GDERKNQSTAVLIFYWHMCP>
#	G	D	E	R	K	N	Q	S	T	A	V	L	I	F	Y	W	H	M	C	P
0	0.00963	0.00686	0.00908	0.01064	0.01117	0.00642	0.00712	0.01110	0.01525	0.02047	0.08950	0.64910	0.05211	0.04829	0.01088	0.00325	0.00454	0.02106	0.00721	0.00632
1	0.01551	0.01482	0.02554	0.57687	0.14859	0.01752	0.05054	0.02065	0.01596	0.02088	0.01399	0.02046	0.01070	0.00757	0.00780	0.00254	0.01029	0.00700	0.00353	0.00926
2	0.03042	0.01219	0.01644	0.01295	0.01804	0.01066	0.01045	0.03326	0.02135	0.56274	0.10072	0.03167	0.02578	0.06411	0.01032	0.00279	0.00634	0.00874	0.00911	0.01191
3	0.01108	0.00748	0.00847	0.00859	0.00871	0.00740	0.00491	0.01124	0.01173	0.01555	0.02745	0.09671	0.05118	0.65679	0.03647	0.00706	0.00720	0.01217	0.00495	0.00487
4	0.01477	0.01351	0.01938	0.01718	0.01836	0.01747	0.03556	0.01865	0.06335	0.01968	0.01640	0.02359	0.01508	0.03144	0.29985	0.00704	0.34876	0.00765	0.00408	0.00820
5	0.01445	0.00723	0.00723	0.00723	0.00903	0.00723	0.00542	0.01807	0.01626	0.02891	0.02529	0.02891	0.01987	0.00903	0.00542	0.00181	0.00361	0.00723	0.77055	0.00723
6	0.01464	0.01378	0.02326	0.70887	0.05340	0.01723	0.02153	0.01981	0.01550	0.01981	0.01378	0.02067	0.01034	0.00775	0.00775	0.00258	0.01034	0.00689	0.00345	0.00861
7	0.01108	0.00828	0.01231	0.01231	0.01364	0.00961	0.00950	0.01375	0.01242	0.01789	0.02091	0.03122	0.01972	0.08337	0.67201	0.01227	0.02027	0.00842	0.00417	0.00684
8	0.02859	0.02081	0.02243	0.01745	0.02345	0.02300	0.01433	0.56114	0.10423	0.07350	0.02052	0.02006	0.01458	0.00945	0.00777	0.00236	0.00819	0.00721	0.00785	0.01309
9	0.09984	0.01335	0.01742	0.01348	0.01938	0.01192	0.01114	0.03648	0.02141	0.62797	0.02887	0.02519	0.01825	0.00939	0.00754	0.00240	0.00655	0.00748	0.00918	0.01278
10	0.01097	0.00793	0.01036	0.00975	0.01158	0.00732	0.00732	0.01463	0.02195	0.03109	0.67505	0.05792	0.07316	0.01585	0.00914	0.00244	0.00366	0.01402	0.00854	0.00732
11	0.00945	0.00675	0.00900	0.01080	0.01125	0.00630	0.00720	0.01080	0.01484	0.01979	0.04274	0.72245	0.05128	0.02429	0.00990	0.00315	0.00450	0.02204	0.00720	0.00630
12	0.01128	0.00752	0.00846	0.00846	0.00846	0.00752	0.00470	0.01128	0.01128	0.01503	0.02443	0.05074	0.02819	0.72751	0.03946	0.00752	0.00752	0.01128	0.00470	0.00470
13	0.01108	0.00831	0.01246	0.01246	0.01385	0.00969	0.00969	0.01385	0.01246	0.01800	0.02077	0.03046	0.01938	0.05815	0.69678	0.01246	0.02077	0.00831	0.00415	0.00692
14	0.01422	0.01164	0.01262	0.01186	0.01512	0.01198	0.00935	0.06903	0.21154	0.02741	0.09567	0.05730	0.31544	0.01612	0.00887	0.00270	0.00530	0.08744	0.00753	0.00887
15	0.02073	0.01738	0.01835	0.01607	0.02071	0.01996	0.01262	0.12826	0.57571	0.03477	0.02972	0.02746	0.02218	0.01035	0.00787	0.00259	0.00648	0.00851	0.00787	0.01240
16	0.01249	0.00892	0.01249	0.01428	0.01606	0.00892	0.01249	0.01606	0.01785	0.02320	0.04105	0.08746	0.04462	0.02142	0.01071	0.00357	0.00714	0.62695	0.00714	0.00714
17	0.01108	0.00831	0.01246	0.01246	0.01385	0.00969	0.00969	0.01385	0.01246	0.01800	0.02077	0.03046	0.01938	0.05815	0.69678	0.01246	0.02077	0.00831	0.00415	0.00692
18	0.00916	0.00785	0.00785	0.00785	0.01047	0.00655	0.00589	0.01113	0.01767	0.02095	0.07855	0.07462	0.67599	0.01964	0.00916	0.00262	0.00393	0.01636	0.00720	0.00655
19	0.02947	0.02172	0.02327	0.01784	0.02404	0.02404	0.01474	0.65329	0.03646	0.04887	0.01862	0.01862	0.01319	0.00931	0.00776	0.00233	0.00853	0.00698	0.00776	0.01319
20	0.00916	0.00785	0.00785	0.00785	0.01047	0.00655	0.00589	0.01113	0.01767	0.02095	0.07855	0.07462	0.67599	0.01964	0.00916	0.00262	0.00393	0.01636	0.00720	0.00655
21	0.00941	0.00688	0.00886	0.01045	0.01116	0.00633	0.00704	0.01084	0.01518	0.01993	0.04693	0.64658	0.12444	0.02375	0.00981	0.00309	0.00443	0.02138	0.00720	0.00633
22	0.00945	0.00675	0.00900	0.01080	0.01125	0.00630	0.00720	0.01080	0.01484	0.01979	0.04274	0.72245	0.05128	0.02429	0.00990	0.00315	0.00450	0.02204	0.00720	0.00630
23	0.00971	0.00693	0.00929	0.01109	0.01166	0.00652	0.00765	0.01124	0.01510	0.02008	0.04259	0.66848	0.05072	0.02405	0.00997	0.00318	0.00472	0.07345	0.00719	0.00637
24	0.78228	0.01499	0.01140	0.01020	0.01499	0.01739	0.00840	0.02279	0.01320	0.03479	0.01080	0.01260	0.00840	0.00720	0.00480	0.00240	0.00600	0.00420	0.00480	0.00840
25	0.01062	0.00706	0.00937	0.01083	0.01151	0.00657	0.00728	0.01199	0.01502	0.04847	0.04148	0.66535	0.04896	0.05179	0.01099	0.00329	0.00471	0.02099	0.00720	0.00653
26	0.00916	0.00785	0.00785	0.00785	0.01047	0.00655	0.00589	0.01113	0.01767	0.02095	0.07855	0.07462	0.67599	0.01964	0.00916	0.00262	0.00393	0.01636	0.00720	0.00655
27	0.02947	0.02172	0.02327	0.01784	0.02404	0.02404	0.01474	0.65329	0.03646	0.04887	0.01862	0.01862	0.01319	0.00931	0.00776	0.00233	0.00853	0.00698	0.00776	0.01319
28	0.00959	0.00681	0.00895	0.01061	0.01103	0.00639	0.00700	0.01083	0.01457	0.01942	0.04131	0.67000	0.04948	0.07920	0.01221	0.00349	0.00473	0.02120	0.00700	0.00617
29	0.02073	0.73217	0.04063	0.01327	0.01990	0.03068	0.01327	0.02322	0.01575	0.01824	0.01078	0.01244	0.00995	0.00663	0.00498	0.00166	0.00829	0.00415	0.00332	0.00995
30	0.01464	0.01378	0.02326	0.70887	0.05340	0.01723	0.02153	0.01981	0.01550	0.01981	0.01378	0.02067	0.01034	0.00775	0.00775	0.00258	0.01034	0.00689	0.00345	0.00861
31	0.01122	0.00826	0.01223	0.01223	0.01363	0.00958	0.00950	0.01403	0.01263	0.01848	0.02097	0.03039	0.01941	0.05600	0.66649	0.01199	0.02002	0.00826	0.03773	0.00694
32	0.00957	0.00684	0.00914	0.01094	0.01145	0.00641	0.00742	0.01101	0.01497	0.01993	0.04267	0.69613	0.05101	0.02417	0.00993	0.00317	0.00461	0.04711	0.00720	0.00633
33	0.01919	0.01842	0.03147	0.04759	0.67914	0.01842	0.02380	0.02380	0.01765	0.02533	0.01458	0.01919	0.01228	0.00691	0.00768	0.00230	0.00921	0.00691	0.00384	0.01228
34	0.00929	0.00786	0.00802	0.00798	0.01055	0.00660	0.00599	0.01136	0.01796	0.02163	0.11867	0.07350	0.63545	0.01938	0.00916	0.00261	0.00391	0.01621	0.00729	0.00660
35	0.01097	0.00793	0.01036	0.00975	0.01158	0.00732	0.00732	0.01463	0.02195	0.03109	0.67505	0.05792	0.07316	0.01585	0.00914	0.00244	0.00366	0.01402	0.00854	0.00732
36	0.01701	0.01483	0.02447	0.49032	0.16601	0.01751	0.02096	0.02169	0.01610	0.06547	0.01481	0.02052	0.01129	0.00812	0.00897	0.00258	0.05885	0.00695	0.00393	0.00960
37	0.01608	0.01378	0.01608	0.01148	0.01837	0.01034	0.00919	0.01952	0.01608	0.02527	0.01378	0.01608	0.01148	0.00574	0.00574	0.00115	0.00574	0.00459	0.00459	0.77491
38	0.01128	0.00752	0.00846	0.00846	0.00846	0.00752	0.00470	0.01128	0.01128	0.01503	0.02443	0.05074	0.02819	0.72751	0.03946	0.00752	0.00752	0.01128	0.00470	0.00470
39	0.71683	0.01575	0.04096	0.01071	0.01561	0.01698	0.00922	0.02234	0.01321	0.03346	0.01104	0.01322	0.00867	0.00802	0.00597	0.03439	0.00627	0.00437	0.00467	0.00832
40	0.01846	0.01779	0.03069	0.14916	0.56089	0.01828	0.04472	0.02322	0.01734	0.02446	0.01450	0.01948	0.01196	0.00703	0.00774	0.00236	0.00952	0.00698	0.00378	0.01165
41	0.04514	0.00857	0.00873	0.00841	0.01056	0.00881	0.00637	0.06514	0.01754	0.02992	0.02559	0.08166	0.02138	0.01017	0.00592	0.00197	0.00414	0.00825	0.62408	0.00765
42	0.02407	0.01174	0.01506	0.01210	0.01648	0.01045	0.00948	0.05508	0.02048	0.34774	0.15876	0.03485	0.03036	0.11569	0.01248	0.00301	0.00612	0.00917	0.00800	0.09886
43	0.00965	0.00700	0.00917	0.01083	0.01155	0.00651	0.00749	0.01122	0.01529	0.02014	0.04541	0.62425	0.09956	0.02371	0.00990	0.00314	0.00465	0.06695	0.00719	0.00638
44	0.01830	0.02092	0.04575	0.03268	0.04052	0.01961	0.65098	0.02484	0.01830	0.02484	0.01569	0.02092	0.01176	0.00654	0.00915	0.00261	0.01307	0.00915	0.00392	0.01046
45	0.01660	0.01662	0.02618	0.50676	0.14889	0.06328	0.06961	0.02157	0.01649	0.02101	0.01393	0.02001	0.01073	0.00754	0.00780	0.00250	0.01061	0.00694	0.00358	0.00936
46	0.01276	0.00832	0.01094	0.01006	0.01220	0.00762	0.00762	0.01637	0.02197	0.08008	0.62673	0.05555	0.06911	0.01538	0.00904	0.00244	0.00388	0.01356	0.00861	0.00776
47	0.12744	0.01346	0.01892	0.42536	0.03790	0.01574	0.01630	0.02087	0.06588	0.02320	0.01957	0.02398	0.06120	0.00939	0.00818	0.03258	0.00844	0.00719	0.00435	0.06005
48	0.01160	0.00854	0.01074	0.01016	0.01201	0.00823	0.00750	0.01633	0.07114	0.02962	0.55514	0.07706	0.06520	0.06907	0.01134	0.00286	0.00417	0.01367	0.00815	0.00747
49	0.78228	0.01499	0.01140	0.01020	0.01499	0.01739	0.00840	0.02279	0.01320	0.03479	0.01080	0.01260	0.00840	0.00720	0.00480	0.00240	0.00600	0.00420	0.00480	0.00840
50	0.01797	0.01945	0.03989	0.12817	0.16653	0.01905	0.44277	0.02395	0.01779	0.02424	0.01521	0.02055	0.01167	0.00677	0.00867	0.00255	0.01195	0.00840	0.00384	0.01056
51	0.04053	0.00991	0.01260	0.03728	0.01552	0.00931	0.00893	0.02111	0.04814	0.19339	0.27228	0.13841	0.13122	0.01512	0.00867	0.00256	0.00498	0.01305	0.00811	0.00886
52	0.00966	0.00706	0.00912	0.01049	0.01136	0.00651	0.00724	0.01138	0.01594	0.02111	0.10649	0.56456	0.12358	0.02287	0.00977	0.00304	0.00445	0.04160	0.00732	0.00645
53	0.02339	0.01622	0.01718	0.01395	0.01846	0.01776	0.01127	0.38201	0.07844	0.04056	0.02198	0.02304	0.01636	0.00931	0.00694	0.00217	0.00661	0.00721	0.27613	0.01102
54	0.06132	0.01196	0.01581	0.01263	0.01754	0.01064	0.01025	0.03137	0.02174	0.49352	0.19027	0.03365	0.03217	0.01105	0.00800	0.00241	0.00584	0.00919	0.00912	0.01152
55	0.22314	0.01300	0.01491	0.01226	0.01707	0.01282	0.00995	0.04720	0.04531	0.34359	0.15211	0.02890	0.02703	0.01023	0.00729	0.00241	0.00590	0.00810	0.00802	0.01076
56	0.01103	0.00826	0.01027	0.00971	0.01176	0.00768	0.00730	0.01516	0.04703	0.02961	0.55873	0.05929	0.16272	0.01621	0.00910	0.00247	0.00380	0.01417	0.00831	0.00740
57	0.01347	0.00673	0.01010	0.01010	0.01010	0.00673	0.00673	0.01010	0.01010	0.01347	0.01347	0.02357	0.01347	0.02694	0.03030	0.77441	0.00673	0.00673	0.00337	0.00337
58	0.01765	0.00940	0.01253	0.01107	0.01402	0.00848	0.00863	0.02104	0.02163	0.21368	0.45117	0.07333	0.05631	0.01458	0.00885	0.00249	0.00463	0.03286	0.00874	0.00892
59	0.01121	0.00838	0.01048	0.01011	0.01203	0.00794	0.00751	0.01570	0.06407	0.02908	0.51147	0.12925	0.11997	0.01673	0.00914	0.00254	0.00394	0.01474	0.00823	0.00747
60	0.01224	0.00884	0.01215	0.01380	0.01565	0.00875	0.01200	0.01569	0.01784	0.02303	0.04386	0.08650	0.09196	0.02129	0.01059	0.00350	0.00690	0.58117	0.00714	0.00710
61	0.00981	0.00698	0.00916	0.01046	0.01108	0.00654	0.00702	0.01140	0.01561	0.02108	0.13422	0.57235	0.05269	0.07796	0.01209	0.00339	0.00461	0.02002	0.00720	0.00632
62	0.02925	0.01908	0.02109	0.01630	0.02212	0.02049	0.01342	0.49462	0.03235	0.16018	0.02126	0.02080	0.01477	0.00934	0.00758	0.00230	0.00781	0.00714	0.06738	0.01272
63	0.00976	0.00695	0.00925	0.01097	0.01151	0.00655	0.00751	0.01123	0.01493	0.01986	0.04184	0.64499	0.04980	0.05325	0.01119	0.00336	0.00483	0.06883	0.00709	0.00630

[dist]
# distance from previous block
# <min> <max>
0	1

[block]
# block no. 2 follows, 25 sequences, length 14
# corresponding to MSA columns:
# 266-279
name=unknown_C
#
# <colnr> <probs for GDERKNQSTAVLIFYWHMCP>
#	G	D	E	R	K	N	Q	S	T	A	V	L	I	F	Y	W	H	M	C	P
0	0.03447	0.01371	0.01831	0.01404	0.02005	0.01216	0.01160	0.07494	0.02305	0.64614	0.02987	0.02592	0.01883	0.00958	0.00779	0.00239	0.00671	0.00775	0.00949	0.01319
1	0.00945	0.00675	0.00900	0.01080	0.01125	0.00630	0.00720	0.01080	0.01484	0.01979	0.04274	0.72245	0.05128	0.02429	0.00990	0.00315	0.00450	0.02204	0.00720	0.00630
2	0.01608	0.01378	0.01608	0.01148	0.01837	0.01034	0.00919	0.01952	0.01608	0.02527	0.01378	0.01608	0.01148	0.00574	0.00574	0.00115	0.00574	0.00459	0.00459	0.77491
3	0.02896	0.03695	0.02197	0.01998	0.02397	0.69638	0.01498	0.03096	0.02197	0.01898	0.01199	0.01398	0.00999	0.00799	0.00699	0.00200	0.01398	0.00499	0.00400	0.00899
4	0.01336	0.00915	0.01176	0.01120	0.01349	0.00883	0.00877	0.01854	0.07659	0.06967	0.48509	0.05797	0.06133	0.01585	0.00919	0.00262	0.00457	0.10559	0.00833	0.00807
5	0.00955	0.00770	0.00850	0.00867	0.01080	0.00665	0.00636	0.01173	0.01804	0.02267	0.18461	0.17173	0.46654	0.01965	0.00927	0.00267	0.00397	0.01680	0.00745	0.00665
6	0.00945	0.00675	0.00900	0.01080	0.01125	0.00630	0.00720	0.01080	0.01484	0.01979	0.04274	0.72245	0.05128	0.02429	0.00990	0.00315	0.00450	0.02204	0.00720	0.00630
7	0.02852	0.02124	0.02273	0.01765	0.02368	0.02360	0.01451	0.59566	0.09565	0.04732	0.01983	0.01959	0.01417	0.00942	0.00777	0.00236	0.00831	0.00715	0.00777	0.01310
8	0.02533	0.34391	0.03021	0.01701	0.02217	0.40245	0.01422	0.02754	0.01923	0.01865	0.01145	0.01330	0.00997	0.00739	0.00610	0.00185	0.01147	0.00462	0.00370	0.00941
9	0.01731	0.01779	0.03375	0.25147	0.21381	0.01873	0.25354	0.02267	0.01694	0.02308	0.01453	0.02019	0.01137	0.00735	0.00908	0.00256	0.04414	0.00772	0.00372	0.01026
10	0.01574	0.08366	0.09792	0.01362	0.01947	0.01371	0.01231	0.02190	0.10059	0.02459	0.02171	0.11377	0.02046	0.01027	0.00707	0.00199	0.00667	0.05681	0.00528	0.35245
11	0.01610	0.01291	0.01531	0.01156	0.01755	0.01000	0.00916	0.01929	0.01614	0.04989	0.01762	0.05212	0.01603	0.04044	0.00780	0.00170	0.00588	0.03922	0.00504	0.63623
12	0.01822	0.01750	0.02603	0.16155	0.15754	0.05556	0.12165	0.06948	0.07684	0.02577	0.03959	0.06390	0.01700	0.00905	0.00855	0.00241	0.03397	0.00827	0.00485	0.08228
13	0.01293	0.03599	0.01379	0.01143	0.01458	0.00916	0.04411	0.01573	0.01796	0.05937	0.19368	0.18088	0.20531	0.01734	0.03107	0.00276	0.00558	0.01381	0.00688	0.10765

[dist]
# distance from previous block
# <min> <max>
0	3

[block]
# block no. 3 follows, 25 sequences, length 97
# corresponding to MSA columns:
# 283-379
name=unknown_D
#
# <colnr> <probs for GDERKNQSTAVLIFYWHMCP>
#	G	D	E	R	K	N	Q	S	T	A	V	L	I	F	Y	W	H	M	C	P
0	0.49750	0.01813	0.01553	0.01442	0.04495	0.09383	0.01105	0.06195	0.05416	0.05926	0.01354	0.01519	0.01047	0.00810	0.00697	0.00242	0.05292	0.00515	0.00513	0.00934
1	0.01823	0.01838	0.02557	0.35796	0.26136	0.10126	0.02096	0.02379	0.05505	0.02233	0.01487	0.01983	0.01174	0.00766	0.00764	0.00242	0.01015	0.00677	0.00391	0.01013
2	0.01029	0.05382	0.01097	0.01054	0.01163	0.00799	0.00737	0.01181	0.01530	0.02007	0.06973	0.56064	0.10516	0.05297	0.01077	0.00316	0.00479	0.01956	0.00689	0.00653
3	0.01846	0.01883	0.06021	0.12831	0.57237	0.01826	0.02374	0.02334	0.01733	0.02461	0.01445	0.01925	0.01193	0.00703	0.00767	0.00234	0.00945	0.00685	0.00376	0.01179
4	0.01445	0.00723	0.00723	0.00723	0.00903	0.00723	0.00542	0.01807	0.01626	0.02891	0.02529	0.02891	0.01987	0.00903	0.00542	0.00181	0.00361	0.00723	0.77055	0.00723
5	0.02436	0.01926	0.02102	0.01825	0.05200	0.02162	0.01402	0.34557	0.32233	0.04030	0.02434	0.02334	0.01793	0.00975	0.00781	0.00246	0.00747	0.00779	0.00764	0.01273
6	0.02905	0.02019	0.02296	0.04863	0.05201	0.02196	0.01500	0.52417	0.03302	0.12452	0.01971	0.01968	0.01376	0.00918	0.00776	0.00235	0.00840	0.00707	0.00763	0.01295
7	0.01172	0.00845	0.01156	0.01324	0.01482	0.00828	0.01110	0.01477	0.01726	0.02242	0.04355	0.20827	0.08246	0.02187	0.01046	0.00343	0.00645	0.47580	0.00715	0.00694
8	0.01919	0.01842	0.03147	0.04759	0.67914	0.01842	0.02380	0.02380	0.01765	0.02533	0.01458	0.01919	0.01228	0.00691	0.00768	0.00230	0.00921	0.00691	0.00384	0.01228
9	0.30068	0.02060	0.01888	0.01527	0.02078	0.07901	0.01247	0.37301	0.02684	0.04124	0.01523	0.01605	0.01119	0.00843	0.00663	0.00232	0.00808	0.00581	0.00637	0.01110
10	0.01990	0.08031	0.08129	0.02731	0.22830	0.08152	0.09969	0.02426	0.01786	0.06646	0.01699	0.01970	0.03272	0.00731	0.00721	0.00205	0.00923	0.00657	0.00441	0.16692
11	0.02663	0.01190	0.01580	0.01331	0.01790	0.01068	0.01069	0.03050	0.05747	0.44245	0.03299	0.15631	0.02704	0.01313	0.00834	0.00259	0.00620	0.06291	0.00864	0.04453
12	0.78228	0.01499	0.01140	0.01020	0.01499	0.01739	0.00840	0.02279	0.01320	0.03479	0.01080	0.01260	0.00840	0.00720	0.00480	0.00240	0.00600	0.00420	0.00480	0.00840
13	0.01037	0.00767	0.01043	0.01263	0.03689	0.00727	0.00874	0.01231	0.01572	0.02073	0.04376	0.53101	0.09034	0.02278	0.00992	0.00316	0.00514	0.13735	0.00706	0.00670
14	0.01435	0.01112	0.01546	0.07364	0.05727	0.03266	0.03528	0.03626	0.01656	0.06428	0.03229	0.38262	0.03530	0.02055	0.05006	0.00351	0.03816	0.06640	0.00629	0.00795
15	0.01347	0.00673	0.01010	0.01010	0.01010	0.00673	0.00673	0.01010	0.01010	0.01347	0.01347	0.02357	0.01347	0.02694	0.03030	0.77441	0.00673	0.00673	0.00337	0.00337
16	0.01696	0.01696	0.02375	0.02036	0.02036	0.02375	0.01696	0.01866	0.01187	0.01866	0.01018	0.01696	0.01018	0.01357	0.02545	0.00339	0.71332	0.00679	0.00339	0.00848
17	0.01651	0.03877	0.65409	0.02169	0.03287	0.01768	0.02779	0.02521	0.01666	0.05733	0.01474	0.01687	0.01029	0.00748	0.00739	0.00245	0.01122	0.00583	0.00359	0.01155
18	0.70513	0.01484	0.01230	0.04080	0.01695	0.01704	0.00914	0.02354	0.01382	0.07216	0.01208	0.01375	0.00911	0.00736	0.00510	0.00241	0.00622	0.00453	0.00502	0.00869
19	0.01116	0.00755	0.00883	0.00887	0.00908	0.00758	0.00526	0.01160	0.01213	0.01636	0.06312	0.08045	0.03136	0.61492	0.07468	0.00731	0.00793	0.01175	0.00500	0.00505
20	0.02900	0.03597	0.02206	0.01984	0.02397	0.65293	0.01497	0.07118	0.02291	0.02091	0.01241	0.01428	0.01019	0.00808	0.00704	0.00202	0.01363	0.00512	0.00424	0.00926
21	0.01108	0.00831	0.01246	0.01246	0.01385	0.00969	0.00969	0.01385	0.01246	0.01800	0.02077	0.03046	0.01938	0.05815	0.69678	0.01246	0.02077	0.00831	0.00415	0.00692
22	0.01113	0.00746	0.00850	0.00864	0.00868	0.00742	0.00490	0.01124	0.01156	0.01541	0.02589	0.10419	0.03003	0.67155	0.03711	0.00717	0.00728	0.01213	0.00490	0.00483
23	0.01445	0.00723	0.00723	0.00723	0.00903	0.00723	0.00542	0.01807	0.01626	0.02891	0.02529	0.02891	0.01987	0.00903	0.00542	0.00181	0.00361	0.00723	0.77055	0.00723
24	0.01830	0.02092	0.04575	0.03268	0.04052	0.01961	0.65098	0.02484	0.01830	0.02484	0.01569	0.02092	0.01176	0.00654	0.00915	0.00261	0.01307	0.00915	0.00392	0.01046
25	0.01376	0.00851	0.01114	0.01015	0.01235	0.00780	0.00764	0.01713	0.02135	0.10610	0.56207	0.05383	0.06426	0.05677	0.01076	0.00273	0.00423	0.01314	0.00843	0.00785
26	0.01022	0.00770	0.00944	0.00942	0.01122	0.00693	0.00691	0.01301	0.01955	0.02636	0.40258	0.17858	0.23303	0.01835	0.00928	0.00261	0.00388	0.01606	0.00794	0.00693
27	0.01128	0.00752	0.00846	0.00846	0.00846	0.00752	0.00470	0.01128	0.01128	0.01503	0.02443	0.05074	0.02819	0.72751	0.03946	0.00752	0.00752	0.01128	0.00470	0.00470
28	0.01347	0.00673	0.01010	0.01010	0.01010	0.00673	0.00673	0.01010	0.01010	0.01347	0.01347	0.02357	0.01347	0.02694	0.03030	0.77441	0.00673	0.00673	0.00337	0.00337
29	0.78228	0.01499	0.01140	0.01020	0.01499	0.01739	0.00840	0.02279	0.01320	0.03479	0.01080	0.01260	0.00840	0.00720	0.00480	0.00240	0.00600	0.00420	0.00480	0.00840
30	0.01891	0.01626	0.01721	0.01551	0.01977	0.01874	0.01205	0.04000	0.63595	0.03237	0.06075	0.03024	0.02591	0.01076	0.00795	0.00262	0.00602	0.00900	0.00792	0.01205
31	0.00967	0.00684	0.00893	0.01051	0.01091	0.00645	0.00689	0.01085	0.01441	0.01922	0.04052	0.64100	0.04848	0.10956	0.01348	0.00368	0.00486	0.02074	0.00689	0.00610
32	0.09004	0.01235	0.01606	0.01287	0.01796	0.01110	0.01044	0.03235	0.02102	0.51854	0.10446	0.06926	0.02645	0.01098	0.00784	0.00245	0.00609	0.00906	0.00895	0.01173
33	0.00951	0.00680	0.00905	0.01075	0.01126	0.00634	0.00720	0.01096	0.01514	0.02026	0.06899	0.69486	0.05219	0.02394	0.00987	0.00312	0.00446	0.02171	0.00725	0.00634
34	0.01249	0.00892	0.01249	0.01428	0.01606	0.00892	0.01249	0.01606	0.01785	0.02320	0.04105	0.08746	0.04462	0.02142	0.01071	0.00357	0.00714	0.62695	0.00714	0.00714
35	0.01538	0.00929	0.01201	0.01088	0.01348	0.00871	0.00831	0.01996	0.06312	0.13925	0.48681	0.09217	0.05962	0.01499	0.00889	0.00249	0.00436	0.01315	0.00859	0.00855
36	0.01173	0.00796	0.01013	0.00972	0.01133	0.00738	0.00699	0.01450	0.01944	0.05244	0.46441	0.11660	0.08696	0.12968	0.01398	0.00332	0.00447	0.01417	0.00779	0.00700
37	0.01445	0.00723	0.00723	0.00723	0.00903	0.00723	0.00542	0.01807	0.01626	0.02891	0.02529	0.02891	0.01987	0.00903	0.00542	0.00181	0.00361	0.00723	0.77055	0.00723
38	0.01108	0.00831	0.01246	0.01246	0.01385	0.00969	0.00969	0.01385	0.01246	0.01800	0.02077	0.03046	0.01938	0.05815	0.69678	0.01246	0.02077	0.00831	0.00415	0.00692
39	0.01988	0.01695	0.01786	0.01590	0.02039	0.01956	0.01242	0.07665	0.62872	0.03339	0.03081	0.02833	0.02306	0.01045	0.00788	0.00261	0.00628	0.00866	0.00788	0.01233
40	0.01109	0.00744	0.00851	0.00870	0.00875	0.00739	0.00496	0.01123	0.01164	0.01553	0.02632	0.12021	0.03058	0.65477	0.03641	0.00707	0.00720	0.01239	0.00496	0.00486
41	0.00916	0.00785	0.00785	0.00785	0.01047	0.00655	0.00589	0.01113	0.01767	0.02095	0.07855	0.07462	0.67599	0.01964	0.00916	0.00262	0.00393	0.01636	0.00720	0.00655
42	0.02947	0.02172	0.02327	0.01784	0.02404	0.02404	0.01474	0.65329	0.03646	0.04887	0.01862	0.01862	0.01319	0.00931	0.00776	0.00233	0.00853	0.00698	0.00776	0.01319
43	0.01778	0.01733	0.03052	0.23793	0.43350	0.01819	0.08611	0.02274	0.01710	0.02368	0.01446	0.01979	0.01167	0.00712	0.00785	0.00242	0.00993	0.00713	0.00373	0.01103
44	0.01873	0.01796	0.03065	0.11398	0.61632	0.01830	0.02357	0.02340	0.01744	0.02478	0.01450	0.01934	0.01209	0.00699	0.00768	0.00233	0.00932	0.00691	0.00380	0.01191
45	0.01097	0.00793	0.01036	0.00975	0.01158	0.00732	0.00732	0.01463	0.02195	0.03109	0.67505	0.05792	0.07316	0.01585	0.00914	0.00244	0.00366	0.01402	0.00854	0.00732
46	0.01110	0.00821	0.01197	0.01197	0.01318	0.00942	0.00907	0.01353	0.01231	0.01763	0.02122	0.03297	0.02047	0.14103	0.61539	0.01185	0.01913	0.00867	0.00422	0.00665
47	0.01600	0.03727	0.59799	0.02474	0.08533	0.01813	0.06430	0.02451	0.01658	0.02463	0.01407	0.01686	0.01013	0.00728	0.00749	0.00245	0.01137	0.00602	0.00336	0.01147
48	0.02947	0.02172	0.02327	0.01784	0.02404	0.02404	0.01474	0.65329	0.03646	0.04887	0.01862	0.01862	0.01319	0.00931	0.00776	0.00233	0.00853	0.00698	0.00776	0.01319
49	0.01108	0.00831	0.01246	0.01246	0.01385	0.00969	0.00969	0.01385	0.01246	0.01800	0.02077	0.03046	0.01938	0.05815	0.69678	0.01246	0.02077	0.00831	0.00415	0.00692
50	0.01730	0.01657	0.02861	0.24268	0.41532	0.01749	0.05886	0.02213	0.01730	0.02398	0.05292	0.02199	0.01522	0.00766	0.00787	0.00241	0.00945	0.00745	0.00400	0.01079
51	0.03232	0.01596	0.01883	0.01484	0.02060	0.05379	0.01210	0.11339	0.08501	0.50547	0.02812	0.02495	0.01834	0.00955	0.00775	0.00239	0.00722	0.00762	0.00888	0.01286
52	0.02947	0.02172	0.02327	0.01784	0.02404	0.02404	0.01474	0.65329	0.03646	0.04887	0.01862	0.01862	0.01319	0.00931	0.00776	0.00233	0.00853	0.00698	0.00776	0.01319
53	0.01803	0.01773	0.03165	0.19525	0.44612	0.01832	0.11293	0.02304	0.01726	0.02401	0.01456	0.01977	0.01177	0.00705	0.00790	0.00241	0.01002	0.00722	0.00376	0.01119
54	0.02873	0.02100	0.02247	0.01731	0.02330	0.02321	0.01427	0.62174	0.03545	0.04787	0.01895	0.01913	0.01352	0.00929	0.00764	0.00230	0.00829	0.00699	0.04564	0.01289
55	0.07410	0.01883	0.02330	0.27736	0.10768	0.05937	0.01786	0.26857	0.02415	0.03275	0.01545	0.01876	0.01151	0.00824	0.00750	0.00241	0.00942	0.00663	0.00530	0.01082
56	0.02859	0.02024	0.02203	0.01706	0.02292	0.02221	0.01405	0.57223	0.03405	0.08423	0.01961	0.01986	0.01399	0.01121	0.03442	0.00271	0.00874	0.00709	0.03201	0.01275
57	0.10610	0.11998	0.03290	0.08460	0.08969	0.02011	0.26262	0.02235	0.01651	0.02413	0.04056	0.02147	0.03686	0.00829	0.00942	0.00249	0.08043	0.00766	0.00412	0.00970
58	0.02931	0.01604	0.01876	0.01587	0.04177	0.05433	0.01233	0.09637	0.15088	0.40453	0.05603	0.02655	0.02108	0.00984	0.00782	0.00241	0.00708	0.00799	0.00852	0.01248
59	0.03363	0.01345	0.01796	0.01394	0.01982	0.01199	0.01146	0.03804	0.07033	0.63569	0.03066	0.02658	0.01953	0.00967	0.00780	0.00242	0.00656	0.00787	0.00947	0.01313
60	0.02818	0.02146	0.02235	0.04763	0.02472	0.06851	0.01463	0.49182	0.09072	0.08114	0.01982	0.01978	0.01414	0.00928	0.00772	0.00235	0.00865	0.00705	0.00743	0.01262
61	0.01565	0.01481	0.02508	0.56183	0.19254	0.01749	0.02204	0.02070	0.01598	0.02104	0.01396	0.02034	0.01077	0.00756	0.00774	0.00252	0.01009	0.00689	0.00353	0.00943
62	0.01628	0.01574	0.02757	0.45802	0.23528	0.01778	0.07571	0.02140	0.01637	0.02185	0.01418	0.02026	0.01103	0.00740	0.00785	0.00250	0.01024	0.00709	0.00360	0.00984
63	0.01878	0.01622	0.01705	0.01539	0.01968	0.01865	0.01196	0.03971	0.63298	0.03186	0.03389	0.03120	0.05606	0.01097	0.00795	0.00263	0.00603	0.00914	0.00786	0.01199
64	0.01920	0.01821	0.02979	0.04375	0.59962	0.01853	0.02241	0.02590	0.09579	0.02619	0.01663	0.02037	0.01366	0.00734	0.00770	0.00234	0.00884	0.00713	0.00433	0.01228
65	0.03369	0.01495	0.01908	0.01463	0.02067	0.01400	0.01208	0.16465	0.02513	0.55350	0.02812	0.02479	0.01796	0.00954	0.00779	0.00238	0.00700	0.00763	0.00922	0.01319
66	0.01892	0.01815	0.03099	0.08616	0.64265	0.01835	0.02366	0.02356	0.01753	0.02501	0.01454	0.01928	0.01217	0.00696	0.00768	0.00232	0.00928	0.00691	0.00382	0.01207
67	0.01097	0.00793	0.01036	0.00975	0.01158	0.00732	0.00732	0.01463	0.02195	0.03109	0.67505	0.05792	0.07316	0.01585	0.00914	0.00244	0.00366	0.01402	0.00854	0.00732
68	0.01127	0.00756	0.00866	0.00866	0.00872	0.00763	0.00495	0.01140	0.01133	0.01518	0.02425	0.04973	0.02775	0.69427	0.07211	0.00776	0.00818	0.01113	0.00467	0.00481
69	0.01075	0.00792	0.01006	0.00952	0.01145	0.00722	0.00714	0.01420	0.02142	0.02984	0.60159	0.05997	0.14740	0.01632	0.00915	0.00246	0.00369	0.01431	0.00837	0.00722
70	0.01097	0.00793	0.01036	0.00975	0.01158	0.00732	0.00732	0.01463	0.02195	0.03109	0.67505	0.05792	0.07316	0.01585	0.00914	0.00244	0.00366	0.01402	0.00854	0.00732
71	0.01088	0.00785	0.01028	0.00982	0.01156	0.00725	0.00731	0.01438	0.02149	0.03036	0.63418	0.10087	0.07175	0.01640	0.00919	0.00248	0.00371	0.01454	0.00845	0.00725
72	0.62173	0.01427	0.01218	0.01058	0.01539	0.01587	0.00869	0.02485	0.01477	0.13535	0.01471	0.01568	0.01074	0.00768	0.00530	0.00236	0.00595	0.00493	0.04989	0.00907
73	0.01097	0.00793	0.01036	0.00975	0.01158	0.00732	0.00732	0.01463	0.02195	0.03109	0.67505	0.05792	0.07316	0.01585	0.00914	0.00244	0.00366	0.01402	0.00854	0.00732
74	0.01128	0.00752	0.00846	0.00846	0.00846	0.00752	0.00470	0.01128	0.01128	0.01503	0.02443	0.05074	0.02819	0.72751	0.03946	0.00752	0.00752	0.01128	0.00470	0.00470
75	0.01244	0.00845	0.00950	0.00912	0.00960	0.00858	0.00546	0.05292	0.01337	0.01792	0.05236	0.04898	0.02918	0.65013	0.03610	0.00696	0.00741	0.01112	0.00506	0.00536
76	0.01014	0.00789	0.00920	0.00888	0.01107	0.00696	0.00666	0.01301	0.01997	0.02640	0.39922	0.06564	0.35192	0.01760	0.00915	0.00252	0.00378	0.01511	0.00792	0.00696
77	0.01445	0.00723	0.00723	0.00723	0.00903	0.00723	0.00542	0.01807	0.01626	0.02891	0.02529	0.02891	0.01987	0.00903	0.00542	0.00181	0.00361	0.00723	0.77055	0.00723
78	0.01128	0.00752	0.00846	0.00846	0.00846	0.00752	0.00470	0.01128	0.01128	0.01503	0.02443	0.05074	0.02819	0.72751	0.03946	0.00752	0.00752	0.01128	0.00470	0.00470
79	0.03479	0.01320	0.01799	0.01380	0.01979	0.01140	0.01140	0.03779	0.02219	0.68451	0.03059	0.02639	0.01919	0.00960	0.00780	0.00240	0.00660	0.00780	0.00960	0.01320
80	0.01608	0.01378	0.01608	0.01148	0.01837	0.01034	0.00919	0.01952	0.01608	0.02527	0.01378	0.01608	0.01148	0.00574	0.00574	0.00115	0.00574	0.00459	0.00459	0.77491
