[name]
unknown

[dist]
# distance from previous block
# <min> <max>
5	72

[block]
# block no. 0 follows, 22 sequences, length 94
# corresponding to MSA columns:
# 76-169
name=unknown_A
#
# <colnr> <probs for GDERKNQSTAVLIFYWHMCP>
#	G	D	E	R	K	N	Q	S	T	A	V	L	I	F	Y	W	H	M	C	P
0	0.06553	0.02701	0.02422	0.08743	0.12709	0.28363	0.01735	0.15811	0.02426	0.02926	0.01565	0.01887	0.01254	0.01266	0.05798	0.00319	0.01263	0.00655	0.00513	0.01093
1	0.14666	0.06903	0.08967	0.02612	0.03335	0.04932	0.33434	0.02565	0.01788	0.02717	0.01471	0.01904	0.01147	0.00781	0.00964	0.00265	0.06367	0.00767	0.00425	0.03990
2	0.14091	0.45298	0.09612	0.01449	0.02134	0.05491	0.01448	0.02433	0.01694	0.02331	0.01740	0.01885	0.05871	0.00839	0.00598	0.00208	0.00873	0.00564	0.00415	0.01023
3	0.06828	0.07917	0.02428	0.01849	0.02400	0.23736	0.01487	0.31536	0.02995	0.03733	0.05850	0.02028	0.01674	0.00964	0.00775	0.00234	0.01055	0.00690	0.00652	0.01170
4	0.05029	0.01233	0.01589	0.04235	0.01878	0.01221	0.01110	0.02533	0.05157	0.21696	0.18479	0.07326	0.06449	0.04179	0.01155	0.00292	0.05779	0.03878	0.00799	0.05984
5	0.01515	0.04226	0.01490	0.01296	0.01631	0.01353	0.01022	0.02568	0.24500	0.03006	0.21926	0.05564	0.17918	0.01595	0.00928	0.00281	0.00551	0.06840	0.00820	0.00968
6	0.01569	0.01477	0.02492	0.68808	0.05722	0.01846	0.02307	0.02123	0.01661	0.02123	0.01477	0.02215	0.01107	0.00831	0.00831	0.00277	0.01107	0.00738	0.00369	0.00923
7	0.01206	0.00814	0.00949	0.00949	0.00964	0.00829	0.00557	0.01236	0.01221	0.01643	0.02578	0.05217	0.02925	0.64287	0.10616	0.00859	0.00949	0.01176	0.00497	0.00527
8	0.02010	0.01927	0.03289	0.11120	0.59961	0.01962	0.02527	0.02509	0.01870	0.02658	0.01554	0.02071	0.01296	0.00749	0.00823	0.00250	0.00998	0.00740	0.00407	0.01279
9	0.02011	0.01928	0.03291	0.10945	0.60125	0.01962	0.02527	0.02510	0.01870	0.02660	0.01555	0.02071	0.01297	0.00748	0.00823	0.00249	0.00998	0.00740	0.00407	0.01280
10	0.01569	0.01477	0.02492	0.68808	0.05722	0.01846	0.02307	0.02123	0.01661	0.02123	0.01477	0.02215	0.01107	0.00831	0.00831	0.00277	0.01107	0.00738	0.00369	0.00923
11	0.02056	0.01974	0.03372	0.05099	0.65622	0.01974	0.02550	0.02550	0.01892	0.02714	0.01563	0.02056	0.01316	0.00740	0.00822	0.00247	0.00987	0.00740	0.00411	0.01316
12	0.03673	0.01500	0.01981	0.01519	0.02164	0.01349	0.01255	0.09606	0.02522	0.60436	0.03156	0.02749	0.01996	0.01025	0.00835	0.00256	0.00726	0.00827	0.01010	0.01414
13	0.01801	0.01852	0.02471	0.58722	0.05245	0.11773	0.02201	0.02303	0.01766	0.02109	0.01447	0.02106	0.01102	0.00834	0.00818	0.00267	0.01167	0.00708	0.00378	0.00929
14	0.01208	0.00805	0.00906	0.00906	0.00906	0.00805	0.00503	0.01208	0.01208	0.01611	0.02618	0.05436	0.03020	0.70804	0.04228	0.00805	0.00805	0.01208	0.00503	0.00503
15	0.02643	0.02071	0.02203	0.01807	0.02380	0.02336	0.01454	0.35296	0.32300	0.04405	0.02648	0.02516	0.01942	0.01058	0.00838	0.00265	0.00793	0.00838	0.00838	0.01367
16	0.01208	0.00805	0.00906	0.00906	0.00906	0.00805	0.00503	0.01208	0.01208	0.01611	0.02618	0.05436	0.03020	0.70804	0.04228	0.00805	0.00805	0.01208	0.00503	0.00503
17	0.03208	0.02363	0.02429	0.01888	0.02533	0.07332	0.01547	0.52814	0.03645	0.10756	0.02062	0.02036	0.01448	0.00990	0.00825	0.00247	0.00939	0.00740	0.00819	0.01379
18	0.01666	0.04297	0.66500	0.02368	0.03596	0.01929	0.03069	0.02631	0.01754	0.02631	0.01491	0.01754	0.01052	0.00789	0.00789	0.00263	0.01228	0.00614	0.00351	0.01228
19	0.01176	0.00849	0.01110	0.01045	0.01241	0.00784	0.00784	0.01568	0.02352	0.03331	0.65184	0.06206	0.07839	0.01698	0.00980	0.00261	0.00392	0.01502	0.00914	0.00784
20	0.01831	0.01858	0.02767	0.02306	0.02385	0.02503	0.07562	0.02062	0.01337	0.02062	0.01146	0.01858	0.01107	0.01383	0.02561	0.00356	0.62868	0.00751	0.00369	0.00929
21	0.01095	0.00917	0.01084	0.01223	0.06002	0.00807	0.00812	0.01348	0.01934	0.02432	0.16132	0.13162	0.46123	0.01987	0.00977	0.00280	0.00465	0.01697	0.00766	0.00758
22	0.01012	0.00723	0.00964	0.01157	0.01205	0.00675	0.00771	0.01157	0.01591	0.02121	0.04579	0.70262	0.05495	0.02603	0.01060	0.00337	0.00482	0.02362	0.00771	0.00675
23	0.01012	0.00723	0.00964	0.01157	0.01205	0.00675	0.00771	0.01157	0.01591	0.02121	0.04579	0.70262	0.05495	0.02603	0.01060	0.00337	0.00482	0.02362	0.00771	0.00675
24	0.02263	0.59897	0.08841	0.01561	0.02284	0.09251	0.01563	0.02577	0.01756	0.02013	0.01192	0.01380	0.01065	0.00730	0.00573	0.00188	0.00972	0.00466	0.00362	0.01069
25	0.01666	0.04297	0.66500	0.02368	0.03596	0.01929	0.03069	0.02631	0.01754	0.02631	0.01491	0.01754	0.01052	0.00789	0.00789	0.00263	0.01228	0.00614	0.00351	0.01228
26	0.01176	0.00849	0.01110	0.01045	0.01241	0.00784	0.00784	0.01568	0.02352	0.03331	0.65184	0.06206	0.07839	0.01698	0.00980	0.00261	0.00392	0.01502	0.00914	0.00784
27	0.01656	0.01565	0.02648	0.57470	0.16381	0.01869	0.02350	0.02199	0.01702	0.02228	0.01492	0.02187	0.01145	0.00814	0.00829	0.00271	0.01086	0.00739	0.00377	0.00993
28	0.02118	0.02123	0.03208	0.09716	0.55060	0.08154	0.02442	0.02589	0.01918	0.02604	0.01530	0.02016	0.01277	0.00758	0.00816	0.00246	0.01044	0.00721	0.00410	0.01252
29	0.02692	0.03274	0.02415	0.02153	0.02444	0.46692	0.01673	0.02896	0.02008	0.02022	0.01222	0.01600	0.01077	0.01047	0.01382	0.00262	0.23191	0.00596	0.00407	0.00946
30	0.01569	0.01477	0.02492	0.68808	0.05722	0.01846	0.02307	0.02123	0.01661	0.02123	0.01477	0.02215	0.01107	0.00831	0.00831	0.00277	0.01107	0.00738	0.00369	0.00923
31	0.01881	0.01549	0.02193	0.07075	0.05060	0.01926	0.01697	0.04502	0.01696	0.07394	0.02261	0.04028	0.02209	0.01557	0.01842	0.00344	0.34198	0.17094	0.00548	0.00947
32	0.01036	0.00844	0.00917	0.00899	0.01155	0.00724	0.00674	0.01297	0.02022	0.02549	0.24309	0.07494	0.49202	0.01990	0.00981	0.00275	0.00413	0.01683	0.00811	0.00724
33	0.01156	0.00839	0.01089	0.01046	0.01234	0.00772	0.00777	0.01522	0.02276	0.03198	0.58402	0.11096	0.09909	0.01782	0.00986	0.00268	0.00400	0.01577	0.00898	0.00772
34	0.01157	0.00848	0.01085	0.01026	0.01230	0.00776	0.00769	0.01532	0.02308	0.03229	0.59819	0.06375	0.13268	0.01737	0.00980	0.00263	0.00395	0.01526	0.00901	0.00776
35	0.76672	0.01607	0.01221	0.01092	0.01607	0.01864	0.00900	0.02442	0.01414	0.03727	0.01157	0.01350	0.00900	0.00771	0.00514	0.00257	0.00643	0.00450	0.00514	0.00900
36	0.02056	0.01974	0.03372	0.05099	0.65622	0.01974	0.02550	0.02550	0.01892	0.02714	0.01563	0.02056	0.01316	0.00740	0.00822	0.00247	0.00987	0.00740	0.00411	0.01316
37	0.01205	0.00816	0.00960	0.00960	0.00979	0.00835	0.00571	0.01243	0.01224	0.01651	0.02568	0.05163	0.02902	0.62693	0.12177	0.00872	0.00984	0.01168	0.00496	0.00533
38	0.03103	0.03959	0.02354	0.02140	0.02568	0.67469	0.01605	0.03317	0.02354	0.02033	0.01284	0.01498	0.01070	0.00856	0.00749	0.00214	0.01498	0.00535	0.00428	0.00963
39	0.01982	0.01560	0.02363	0.48028	0.04634	0.01845	0.02013	0.11444	0.02045	0.08460	0.01770	0.02307	0.01305	0.01233	0.05259	0.00341	0.01116	0.00759	0.00505	0.01030
40	0.76672	0.01607	0.01221	0.01092	0.01607	0.01864	0.00900	0.02442	0.01414	0.03727	0.01157	0.01350	0.00900	0.00771	0.00514	0.00257	0.00643	0.00450	0.00514	0.00900
41	0.01149	0.00848	0.01073	0.01017	0.01225	0.00772	0.00763	0.01515	0.02288	0.03180	0.57277	0.06455	0.15840	0.01755	0.00980	0.00264	0.00396	0.01537	0.00895	0.00772
42	0.01943	0.01554	0.01804	0.01305	0.02033	0.01251	0.01051	0.07917	0.01957	0.05635	0.01602	0.01795	0.01283	0.00669	0.00645	0.00141	0.00647	0.00531	0.00547	0.65691
43	0.02545	0.01943	0.02089	0.01751	0.02298	0.02182	0.01398	0.24116	0.39695	0.08235	0.02906	0.02708	0.02125	0.01077	0.00840	0.00269	0.00747	0.00868	0.00853	0.01355
44	0.02100	0.53278	0.16626	0.01629	0.02427	0.02934	0.01744	0.02644	0.05847	0.02191	0.01370	0.01534	0.01161	0.00754	0.00605	0.00202	0.00941	0.00511	0.00387	0.01115
45	0.01774	0.01104	0.01366	0.01228	0.01557	0.01052	0.00972	0.06726	0.04979	0.13634	0.33112	0.05772	0.14354	0.01629	0.00956	0.00275	0.00536	0.07140	0.00888	0.00944
46	0.02056	0.01974	0.03372	0.05099	0.65622	0.01974	0.02550	0.02550	0.01892	0.02714	0.01563	0.02056	0.01316	0.00740	0.00822	0.00247	0.00987	0.00740	0.00411	0.01316
47	0.01938	0.01853	0.03158	0.20583	0.51064	0.01943	0.02491	0.02446	0.01836	0.02570	0.01542	0.02095	0.01265	0.00762	0.00824	0.00254	0.01016	0.00740	0.00401	0.01220
48	0.01552	0.01437	0.02405	0.63745	0.05421	0.01779	0.02234	0.02092	0.01680	0.02150	0.01696	0.02753	0.01384	0.00941	0.00854	0.00285	0.01082	0.05200	0.00399	0.00911
49	0.02034	0.01709	0.02157	0.02437	0.17479	0.01863	0.01551	0.03624	0.39396	0.05947	0.09908	0.03185	0.02817	0.01093	0.00855	0.00270	0.00710	0.00950	0.00755	0.01259
50	0.01443	0.00722	0.01082	0.01082	0.01082	0.00722	0.00722	0.01082	0.01082	0.01443	0.01443	0.02525	0.01443	0.02886	0.03247	0.75830	0.00722	0.00722	0.00361	0.00361
51	0.03486	0.01507	0.01950	0.01527	0.02149	0.01398	0.01251	0.07056	0.10369	0.55089	0.03226	0.02820	0.02085	0.01039	0.00836	0.00260	0.00711	0.00844	0.00995	0.01401
52	0.01861	0.04025	0.60398	0.02284	0.03456	0.01862	0.02895	0.02765	0.01813	0.08638	0.01660	0.01855	0.01147	0.00812	0.00794	0.00263	0.01179	0.00635	0.00415	0.01245
53	0.00982	0.00842	0.00842	0.00842	0.01122	0.00701	0.00631	0.01192	0.01894	0.02244	0.08416	0.07995	0.65285	0.02104	0.00982	0.00281	0.00421	0.01753	0.00771	0.00701
54	0.02066	0.01785	0.01878	0.01691	0.02160	0.02066	0.01315	0.04414	0.64121	0.03475	0.03381	0.03099	0.02536	0.01127	0.00845	0.00282	0.00657	0.00939	0.00845	0.01315
55	0.03351	0.05091	0.05273	0.01607	0.02272	0.01387	0.04549	0.03723	0.02290	0.53886	0.05622	0.02813	0.02161	0.01012	0.00832	0.00255	0.00764	0.00841	0.00925	0.01345
56	0.01674	0.01583	0.02675	0.58322	0.05338	0.01925	0.06794	0.04638	0.01759	0.02285	0.01497	0.02191	0.01131	0.00854	0.00923	0.00280	0.04027	0.00756	0.00392	0.00957
57	0.01127	0.00847	0.01042	0.00994	0.01211	0.00763	0.00745	0.01473	0.02236	0.03056	0.50825	0.06658	0.22369	0.01801	0.00980	0.00266	0.00399	0.01566	0.00878	0.00763
58	0.03103	0.03959	0.02354	0.02140	0.02568	0.67469	0.01605	0.03317	0.02354	0.02033	0.01284	0.01498	0.01070	0.00856	0.00749	0.00214	0.01498	0.00535	0.00428	0.00963
59	0.01708	0.09401	0.61767	0.02296	0.03484	0.02033	0.02944	0.02620	0.01749	0.02579	0.01465	0.01722	0.01053	0.00783	0.00770	0.00257	0.01202	0.00601	0.00351	0.01215
60	0.00982	0.00842	0.00842	0.00842	0.01122	0.00701	0.00631	0.01192	0.01894	0.02244	0.08416	0.07995	0.65285	0.02104	0.00982	0.00281	0.00421	0.01753	0.00771	0.00701
61	0.69725	0.01675	0.01341	0.01170	0.01698	0.01931	0.00964	0.08151	0.01649	0.03870	0.01236	0.01410	0.00948	0.00793	0.00544	0.00256	0.00668	0.00478	0.00544	0.00948
62	0.01666	0.04297	0.66500	0.02368	0.03596	0.01929	0.03069	0.02631	0.01754	0.02631	0.01491	0.01754	0.01052	0.00789	0.00789	0.00263	0.01228	0.00614	0.00351	0.01228
63	0.01683	0.00904	0.00918	0.00869	0.01102	0.00925	0.00664	0.07019	0.01923	0.03276	0.02650	0.03005	0.02070	0.00970	0.00602	0.00198	0.00431	0.00772	0.69192	0.00828
64	0.01971	0.19059	0.08381	0.02607	0.03368	0.02317	0.33383	0.02513	0.01806	0.02442	0.01477	0.01907	0.01184	0.00757	0.00956	0.00246	0.06299	0.00761	0.00402	0.08164
65	0.01569	0.01477	0.02492	0.68808	0.05722	0.01846	0.02307	0.02123	0.01661	0.02123	0.01477	0.02215	0.01107	0.00831	0.00831	0.00277	0.01107	0.00738	0.00369	0.00923
66	0.01666	0.04297	0.66500	0.02368	0.03596	0.01929	0.03069	0.02631	0.01754	0.02631	0.01491	0.01754	0.01052	0.00789	0.00789	0.00263	0.01228	0.00614	0.00351	0.01228
67	0.01136	0.00848	0.01055	0.01003	0.01216	0.00767	0.00752	0.01490	0.02257	0.03106	0.53411	0.06577	0.19752	0.01782	0.00980	0.00265	0.00398	0.01554	0.00885	0.00767
68	0.12505	0.00977	0.01000	0.01008	0.01303	0.00925	0.00800	0.01495	0.01855	0.02581	0.10416	0.07101	0.41624	0.01907	0.00939	0.00293	0.00510	0.11273	0.00741	0.00747
69	0.01666	0.04297	0.66500	0.02368	0.03596	0.01929	0.03069	0.02631	0.01754	0.02631	0.01491	0.01754	0.01052	0.00789	0.00789	0.00263	0.01228	0.00614	0.00351	0.01228
70	0.01122	0.00847	0.01036	0.00989	0.01208	0.00761	0.00742	0.01464	0.02225	0.03031	0.49497	0.06700	0.23712	0.01810	0.00980	0.00267	0.00400	0.01572	0.00875	0.00761
71	0.00996	0.00842	0.00862	0.00857	0.01131	0.00708	0.00643	0.01220	0.01928	0.02326	0.12688	0.07860	0.60962	0.02073	0.00982	0.00279	0.00419	0.01734	0.00782	0.00708
72	0.02056	0.01974	0.03372	0.05099	0.65622	0.01974	0.02550	0.02550	0.01892	0.02714	0.01563	0.02056	0.01316	0.00740	0.00822	0.00247	0.00987	0.00740	0.00411	0.01316
73	0.02056	0.01974	0.03372	0.05099	0.65622	0.01974	0.02550	0.02550	0.01892	0.02714	0.01563	0.02056	0.01316	0.00740	0.00822	0.00247	0.00987	0.00740	0.00411	0.01316
74	0.01443	0.00722	0.01082	0.01082	0.01082	0.00722	0.00722	0.01082	0.01082	0.01443	0.01443	0.02525	0.01443	0.02886	0.03247	0.75830	0.00722	0.00722	0.00361	0.00361
75	0.03196	0.02266	0.02456	0.01883	0.02546	0.02486	0.01555	0.58947	0.03804	0.09284	0.02080	0.02050	0.01456	0.00999	0.00831	0.00250	0.00900	0.00754	0.00844	0.01413
76	0.02221	0.71304	0.04353	0.01421	0.02132	0.03287	0.01421	0.02488	0.01688	0.01955	0.01155	0.01333	0.01066	0.00711	0.00533	0.00178	0.00888	0.00444	0.00355	0.01066
77	0.01012	0.00723	0.00964	0.01157	0.01205	0.00675	0.00771	0.01157	0.01591	0.02121	0.04579	0.70262	0.05495	0.02603	0.01060	0.00337	0.00482	0.02362	0.00771	0.00675
78	0.02056	0.01974	0.03372	0.05099	0.65622	0.01974	0.02550	0.02550	0.01892	0.02714	0.01563	0.02056	0.01316	0.00740	0.00822	0.00247	0.00987	0.00740	0.00411	0.01316
79	0.01549	0.00774	0.00774	0.00774	0.00968	0.00774	0.00581	0.01936	0.01742	0.03097	0.02710	0.03097	0.02129	0.00968	0.00581	0.00194	0.00387	0.00774	0.75416	0.00774
80	0.02184	0.66854	0.08480	0.01484	0.02229	0.03197	0.01531	0.02497	0.01692	0.01999	0.01177	0.01361	0.01065	0.00716	0.00550	0.00183	0.00911	0.00455	0.00355	0.01077
81	0.02066	0.01785	0.01878	0.01691	0.02160	0.02066	0.01315	0.04414	0.64121	0.03475	0.03381	0.03099	0.02536	0.01127	0.00845	0.00282	0.00657	0.00939	0.00845	0.01315
82	0.02056	0.01974	0.03372	0.05099	0.65622	0.01974	0.02550	0.02550	0.01892	0.02714	0.01563	0.02056	0.01316	0.00740	0.00822	0.00247	0.00987	0.00740	0.00411	0.01316
83	0.01569	0.01477	0.02492	0.68808	0.05722	0.01846	0.02307	0.02123	0.01661	0.02123	0.01477	0.02215	0.01107	0.00831	0.00831	0.00277	0.01107	0.00738	0.00369	0.00923
84	0.02056	0.01974	0.03372	0.05099	0.65622	0.01974	0.02550	0.02550	0.01892	0.02714	0.01563	0.02056	0.01316	0.00740	0.00822	0.00247	0.00987	0.00740	0.00411	0.01316
85	0.01123	0.00836	0.01045	0.01016	0.01215	0.00758	0.00753	0.01457	0.02193	0.03009	0.48592	0.12431	0.18785	0.01860	0.00988	0.00272	0.00406	0.01630	0.00874	0.00758
86	0.06665	0.01422	0.01899	0.01463	0.02100	0.01247	0.01208	0.03984	0.02339	0.63682	0.03192	0.02768	0.02010	0.01018	0.00822	0.00257	0.00704	0.00820	0.01008	0.01393
87	0.03727	0.01414	0.01928	0.01478	0.02121	0.01221	0.01221	0.04049	0.02378	0.66198	0.03277	0.02828	0.02056	0.01028	0.00835	0.00257	0.00707	0.00835	0.01028	0.01414
88	0.01293	0.00964	0.01418	0.01518	0.01712	0.00944	0.04082	0.01645	0.01881	0.02479	0.08342	0.20750	0.04958	0.02240	0.01111	0.00361	0.00715	0.42062	0.00760	0.00765
89	0.01671	0.01655	0.02898	0.47922	0.04958	0.01994	0.12210	0.02193	0.01652	0.02193	0.01452	0.02159	0.01130	0.00903	0.01142	0.00291	0.11470	0.00777	0.00377	0.00953
90	0.02946	0.02109	0.02290	0.01817	0.02432	0.02324	0.01481	0.43063	0.18427	0.10568	0.02453	0.02342	0.01747	0.01032	0.00835	0.00258	0.00832	0.00803	0.00853	0.01389
91	0.76672	0.01607	0.01221	0.01092	0.01607	0.01864	0.00900	0.02442	0.01414	0.03727	0.01157	0.01350	0.00900	0.00771	0.00514	0.00257	0.00643	0.00450	0.00514	0.00900
92	0.09315	0.01820	0.01724	0.01530	0.01958	0.09911	0.01179	0.06211	0.26997	0.11093	0.06304	0.06156	0.05054	0.05803	0.01047	0.00302	0.00759	0.00964	0.00759	0.01113
93	0.01564	0.07804	0.01559	0.01239	0.01528	0.06617	0.00988	0.01895	0.02158	0.06155	0.34796	0.08592	0.11500	0.01653	0.00935	0.00269	0.00600	0.08516	0.00788	0.00844

[dist]
# distance from previous block
# <min> <max>
3	10

[block]
# block no. 1 follows, 22 sequences, length 20
# corresponding to MSA columns:
# 180-199
name=unknown_B
#
# <colnr> <probs for GDERKNQSTAVLIFYWHMCP>
#	G	D	E	R	K	N	Q	S	T	A	V	L	I	F	Y	W	H	M	C	P
0	0.02937	0.02303	0.02537	0.01994	0.02597	0.10836	0.07705	0.36995	0.03141	0.11752	0.02219	0.07184	0.01737	0.01073	0.00853	0.00255	0.00984	0.00875	0.00755	0.01268
1	0.01824	0.01460	0.02268	0.45597	0.08152	0.01676	0.01950	0.05413	0.01897	0.08875	0.02614	0.03024	0.09754	0.01023	0.00851	0.00272	0.00958	0.00884	0.00517	0.00993
2	0.02091	0.55570	0.18946	0.01644	0.02476	0.02968	0.01808	0.02521	0.01703	0.02113	0.01234	0.01432	0.01063	0.00729	0.00593	0.00198	0.00968	0.00484	0.00354	0.01104
3	0.01027	0.00729	0.00960	0.01138	0.01182	0.00685	0.00751	0.01161	0.01562	0.02082	0.04431	0.65392	0.05309	0.07727	0.01298	0.00373	0.00506	0.02275	0.00751	0.00662
4	0.03015	0.02797	0.02377	0.01961	0.02526	0.23680	0.01557	0.36749	0.10292	0.03990	0.01922	0.01959	0.01430	0.00966	0.00806	0.00242	0.01075	0.00700	0.00701	0.01255
5	0.01818	0.01785	0.02964	0.02142	0.02868	0.01576	0.24017	0.02298	0.01781	0.02642	0.01526	0.01922	0.01232	0.00704	0.00896	0.00198	0.05597	0.00690	0.00457	0.42887
6	0.01861	0.01560	0.01713	0.01591	0.01990	0.01762	0.01253	0.03709	0.48324	0.03326	0.11058	0.04311	0.03481	0.01352	0.00902	0.00293	0.00639	0.08854	0.00843	0.01177
7	0.01666	0.04297	0.66500	0.02368	0.03596	0.01929	0.03069	0.02631	0.01754	0.02631	0.01491	0.01754	0.01052	0.00789	0.00789	0.00263	0.01228	0.00614	0.00351	0.01228
8	0.02186	0.02297	0.02424	0.07532	0.26402	0.22443	0.01798	0.02571	0.02068	0.02579	0.10033	0.02547	0.02173	0.00934	0.00796	0.00235	0.01017	0.00780	0.08133	0.01051
9	0.01027	0.00847	0.00911	0.00947	0.01201	0.00731	0.00727	0.01254	0.01875	0.02265	0.07664	0.12415	0.53819	0.02161	0.01007	0.00297	0.00467	0.08906	0.00771	0.00707
10	0.01176	0.00849	0.01110	0.01045	0.01241	0.00784	0.00784	0.01568	0.02352	0.03331	0.65184	0.06206	0.07839	0.01698	0.00980	0.00261	0.00392	0.01502	0.00914	0.00784
11	0.05422	0.01800	0.16690	0.06630	0.02281	0.01322	0.01563	0.01912	0.01619	0.06116	0.02841	0.28641	0.02962	0.02219	0.09158	0.00430	0.05564	0.01348	0.00577	0.00903
12	0.02305	0.02266	0.04210	0.03044	0.03834	0.02237	0.45068	0.19958	0.02520	0.03401	0.01771	0.02170	0.01304	0.00786	0.00937	0.00271	0.01261	0.00914	0.00538	0.01204
13	0.00982	0.00842	0.00842	0.00842	0.01122	0.00701	0.00631	0.01192	0.01894	0.02244	0.08416	0.07995	0.65285	0.02104	0.00982	0.00281	0.00421	0.01753	0.00771	0.00701
14	0.01012	0.00723	0.00964	0.01157	0.01205	0.00675	0.00771	0.01157	0.01591	0.02121	0.04579	0.70262	0.05495	0.02603	0.01060	0.00337	0.00482	0.02362	0.00771	0.00675
15	0.01743	0.09025	0.54366	0.02436	0.03578	0.02051	0.10212	0.02624	0.01774	0.02584	0.01489	0.01782	0.01079	0.00773	0.00794	0.00259	0.01224	0.00646	0.00360	0.01203
16	0.01198	0.00856	0.01178	0.01370	0.01499	0.00835	0.01095	0.01479	0.01774	0.02329	0.04476	0.35538	0.05088	0.02427	0.01110	0.00363	0.00643	0.35248	0.00768	0.00726
17	0.02216	0.58669	0.03921	0.01427	0.02139	0.02979	0.01378	0.06040	0.01825	0.02242	0.01244	0.01420	0.01107	0.00716	0.00561	0.00175	0.00857	0.00468	0.00400	0.10216
18	0.09191	0.15120	0.15937	0.02678	0.20654	0.04307	0.01997	0.07045	0.01927	0.02821	0.01447	0.01731	0.01165	0.00756	0.00706	0.00222	0.00951	0.00596	0.00440	0.10307
19	0.02019	0.15612	0.17358	0.03191	0.29721	0.02082	0.02213	0.02553	0.01819	0.04787	0.01519	0.01838	0.01225	0.00740	0.00735	0.00222	0.00967	0.00629	0.00419	0.10351

[dist]
# distance from previous block
# <min> <max>
20	32

[block]
# block no. 2 follows, 22 sequences, length 11
# corresponding to MSA columns:
# 239-249
name=unknown_C
#
# <colnr> <probs for GDERKNQSTAVLIFYWHMCP>
#	G	D	E	R	K	N	Q	S	T	A	V	L	I	F	Y	W	H	M	C	P
0	0.01833	0.24433	0.47825	0.02083	0.03156	0.02337	0.02574	0.02588	0.01734	0.02428	0.01390	0.01627	0.01056	0.00766	0.00712	0.00237	0.01126	0.00563	0.00352	0.01179
1	0.01622	0.19075	0.22296	0.01710	0.02349	0.01799	0.01834	0.02137	0.01794	0.02373	0.02936	0.07530	0.06097	0.01444	0.00874	0.00288	0.00908	0.21420	0.00537	0.00975
2	0.01847	0.31599	0.34463	0.01848	0.02761	0.02377	0.02166	0.02468	0.01785	0.02420	0.07589	0.02016	0.01723	0.00846	0.00702	0.00228	0.01006	0.00631	0.00408	0.01118
3	0.01786	0.28760	0.35071	0.01822	0.02738	0.02278	0.02147	0.02395	0.01747	0.02330	0.02245	0.02390	0.09210	0.00927	0.00718	0.00234	0.00999	0.00695	0.00406	0.01101
4	0.14638	0.09841	0.31563	0.01772	0.02583	0.01795	0.02005	0.02445	0.01758	0.06637	0.02415	0.03157	0.06533	0.01086	0.00779	0.00269	0.00939	0.08212	0.00506	0.01067
5	0.19594	0.36479	0.02887	0.01290	0.01927	0.02361	0.01181	0.02469	0.01694	0.07453	0.01800	0.01905	0.05016	0.00822	0.00590	0.00202	0.00754	0.00561	0.00487	0.10528
6	0.10905	0.01060	0.01206	0.01231	0.01435	0.01110	0.00950	0.01886	0.07759	0.02533	0.08718	0.06196	0.05784	0.23237	0.01976	0.00474	0.00708	0.21404	0.00673	0.00754
7	0.01386	0.00915	0.01188	0.01257	0.01479	0.00853	0.01012	0.01683	0.01934	0.07841	0.11656	0.19632	0.17919	0.02142	0.01052	0.00329	0.00594	0.25533	0.00806	0.00791
8	0.64574	0.02041	0.11750	0.01298	0.01927	0.01874	0.01250	0.02472	0.01469	0.03550	0.01211	0.01415	0.00924	0.00774	0.00558	0.00258	0.00737	0.00476	0.00488	0.00953
9	0.01344	0.01071	0.01603	0.01563	0.01839	0.01010	0.07135	0.01693	0.01827	0.02414	0.04214	0.17259	0.09327	0.04344	0.01166	0.00351	0.00744	0.33810	0.00703	0.06584
10	0.20284	0.01856	0.02989	0.02332	0.02856	0.02004	0.25379	0.06315	0.01831	0.02957	0.01817	0.02839	0.01600	0.01067	0.01173	0.00300	0.12606	0.08287	0.00504	0.01004

[dist]
# distance from previous block
# <min> <max>
0	7

[block]
# block no. 3 follows, 22 sequences, length 9
# corresponding to MSA columns:
# 257-265
name=unknown_D
#
# <colnr> <probs for GDERKNQSTAVLIFYWHMCP>
#	G	D	E	R	K	N	Q	S	T	A	V	L	I	F	Y	W	H	M	C	P
0	0.14435	0.12716	0.02587	0.01858	0.04694	0.10957	0.01489	0.34466	0.02910	0.04002	0.01630	0.01733	0.01233	0.00891	0.00726	0.00235	0.00946	0.00628	0.00643	0.01219
1	0.02764	0.02434	0.10621	0.01911	0.02596	0.02335	0.01716	0.48809	0.03365	0.04561	0.01953	0.02093	0.01434	0.01506	0.07654	0.00362	0.01089	0.00745	0.00730	0.01320
2	0.11543	0.01590	0.01746	0.01290	0.01991	0.01372	0.01041	0.09042	0.01931	0.03126	0.01494	0.01705	0.01209	0.00679	0.00627	0.00155	0.00653	0.00516	0.00534	0.57758
3	0.08830	0.12043	0.02550	0.06041	0.02630	0.39896	0.01564	0.12213	0.02388	0.02657	0.01378	0.01585	0.01111	0.00851	0.00720	0.00222	0.01237	0.00562	0.00484	0.01038
4	0.40338	0.01844	0.08159	0.06848	0.02227	0.01793	0.01318	0.11262	0.01868	0.03464	0.01866	0.12106	0.01712	0.01092	0.00699	0.00270	0.00756	0.00827	0.00572	0.00977
5	0.56114	0.06895	0.01652	0.07098	0.02066	0.01898	0.01099	0.02600	0.01566	0.10551	0.01426	0.01592	0.01062	0.00801	0.00580	0.00253	0.00709	0.00519	0.00548	0.00973
6	0.03887	0.00931	0.01179	0.01200	0.01434	0.00868	0.00936	0.01752	0.01964	0.09824	0.18189	0.22194	0.15116	0.02014	0.01006	0.00310	0.00548	0.15009	0.00822	0.00815
7	0.17534	0.29993	0.19436	0.01641	0.02424	0.05879	0.01732	0.02696	0.01745	0.08129	0.01435	0.01585	0.01115	0.00779	0.00633	0.00225	0.00942	0.00528	0.00450	0.01099
8	0.10236	0.01477	0.01636	0.01481	0.01901	0.01598	0.01192	0.07700	0.25713	0.10083	0.11411	0.04396	0.05307	0.01367	0.00879	0.00288	0.00656	0.10751	0.00821	0.01107

[dist]
# distance from previous block
# <min> <max>
9	55

[block]
# block no. 4 follows, 22 sequences, length 10
# corresponding to MSA columns:
# 324-333
name=unknown_E
#
# <colnr> <probs for GDERKNQSTAVLIFYWHMCP>
#	G	D	E	R	K	N	Q	S	T	A	V	L	I	F	Y	W	H	M	C	P
0	0.27829	0.07744	0.02024	0.01421	0.02034	0.01703	0.05344	0.02717	0.06252	0.12200	0.04047	0.02016	0.01556	0.00819	0.00660	0.00221	0.00712	0.00626	0.00600	0.19476
1	0.10944	0.01620	0.01868	0.01458	0.02092	0.01552	0.01186	0.11264	0.10234	0.27170	0.02433	0.02311	0.01697	0.00905	0.00745	0.00225	0.00698	0.00708	0.00787	0.20102
2	0.01661	0.01201	0.01439	0.01283	0.01528	0.01277	0.00959	0.16118	0.02190	0.03014	0.19199	0.04321	0.03714	0.20692	0.17076	0.00648	0.01046	0.01104	0.00679	0.00851
3	0.01895	0.31906	0.40894	0.01978	0.02993	0.02489	0.02390	0.02572	0.01727	0.02352	0.01352	0.01580	0.01058	0.00757	0.00684	0.00228	0.01088	0.00544	0.00353	0.01161
4	0.01731	0.00988	0.01334	0.01303	0.01567	0.00925	0.01052	0.02071	0.02097	0.15387	0.24419	0.11081	0.05230	0.04966	0.01163	0.00333	0.00611	0.22002	0.00856	0.00882
5	0.02077	0.02219	0.04521	0.03536	0.10915	0.02129	0.50610	0.07975	0.02125	0.02895	0.01695	0.02199	0.01280	0.00731	0.00950	0.00274	0.01312	0.00933	0.00456	0.01168
6	0.01333	0.01086	0.01654	0.01484	0.01632	0.01218	0.06773	0.01556	0.01345	0.01898	0.02188	0.03749	0.02215	0.27001	0.33092	0.00955	0.08664	0.00989	0.00454	0.00715
7	0.01909	0.33670	0.39257	0.01953	0.02954	0.02525	0.02347	0.02568	0.01725	0.02334	0.01344	0.01569	0.01058	0.00755	0.00677	0.00226	0.01079	0.00539	0.00353	0.01157
8	0.06869	0.01272	0.01355	0.01209	0.01602	0.04963	0.00945	0.01997	0.01956	0.09299	0.14668	0.11076	0.16219	0.01514	0.00867	0.00251	0.00602	0.06407	0.00727	0.16203
9	0.02221	0.01532	0.01808	0.01379	0.02017	0.01330	0.01102	0.12637	0.02187	0.13498	0.02184	0.09100	0.01842	0.00955	0.00734	0.00189	0.00667	0.00787	0.00667	0.43161

[dist]
# distance from previous block
# <min> <max>
0	2

[block]
# block no. 5 follows, 22 sequences, length 6
# corresponding to MSA columns:
# 336-341
name=unknown_F
#
# <colnr> <probs for GDERKNQSTAVLIFYWHMCP>
#	G	D	E	R	K	N	Q	S	T	A	V	L	I	F	Y	W	H	M	C	P
0	0.10526	0.03487	0.47149	0.02074	0.03099	0.01855	0.02488	0.02897	0.06466	0.09719	0.01788	0.01925	0.01255	0.00838	0.00767	0.00263	0.01061	0.00644	0.00480	0.01217
1	0.02157	0.63587	0.11511	0.01530	0.02301	0.03131	0.01611	0.02504	0.01696	0.02032	0.01194	0.01381	0.01065	0.00720	0.00563	0.00188	0.00927	0.00464	0.00355	0.01085
2	0.02402	0.01969	0.02318	0.06155	0.02640	0.09309	0.08309	0.09123	0.18879	0.12681	0.06044	0.02612	0.02087	0.00967	0.00823	0.00244	0.00879	0.00824	0.00702	0.11031
3	0.01877	0.18243	0.39346	0.01968	0.02911	0.02157	0.02307	0.08362	0.02018	0.02818	0.08700	0.02192	0.01861	0.00896	0.00759	0.00243	0.01029	0.00691	0.00463	0.01160
4	0.02738	0.01893	0.02267	0.01783	0.02360	0.06533	0.07275	0.20956	0.07252	0.20379	0.09793	0.03016	0.05150	0.01090	0.00858	0.00252	0.00839	0.00913	0.00810	0.03842
5	0.08226	0.01942	0.09810	0.14279	0.03238	0.01742	0.10844	0.02828	0.01864	0.20978	0.01961	0.02196	0.01389	0.00915	0.01027	0.00268	0.08800	0.00747	0.00585	0.06360

[dist]
# distance from previous block
# <min> <max>
0	1

[block]
# block no. 6 follows, 22 sequences, length 7
# corresponding to MSA columns:
# 343-349
name=unknown_G
#
# <colnr> <probs for GDERKNQSTAVLIFYWHMCP>
#	G	D	E	R	K	N	Q	S	T	A	V	L	I	F	Y	W	H	M	C	P
0	0.38558	0.07354	0.01577	0.03535	0.01768	0.01623	0.01016	0.02357	0.01654	0.11020	0.04505	0.06266	0.05111	0.05391	0.00905	0.00298	0.00679	0.04846	0.00616	0.00921
1	0.02159	0.43559	0.15564	0.01950	0.02749	0.08377	0.10402	0.02609	0.01796	0.02184	0.01302	0.01552	0.01091	0.00736	0.00662	0.00211	0.01075	0.00559	0.00370	0.01094
2	0.03003	0.02250	0.02406	0.01880	0.02517	0.02504	0.01542	0.54576	0.12434	0.04986	0.02191	0.02151	0.01572	0.01016	0.00833	0.00254	0.00878	0.00775	0.00833	0.01399
3	0.02151	0.62850	0.12194	0.01541	0.02317	0.03116	0.01629	0.02506	0.01696	0.02040	0.01197	0.01386	0.01064	0.00721	0.00565	0.00188	0.00931	0.00466	0.00355	0.01086
4	0.02112	0.46493	0.23143	0.01741	0.02606	0.02828	0.01933	0.06402	0.01850	0.02371	0.01311	0.01503	0.01084	0.00753	0.00630	0.00208	0.00993	0.00515	0.00384	0.01138
5	0.01962	0.40024	0.33364	0.01863	0.02815	0.02653	0.02191	0.02554	0.01719	0.02270	0.01312	0.01529	0.01060	0.00747	0.00653	0.00218	0.01047	0.00523	0.00353	0.01142
6	0.01980	0.02178	0.03717	0.16149	0.07865	0.08565	0.31605	0.02510	0.01830	0.02394	0.01503	0.02086	0.01189	0.00860	0.01188	0.00284	0.11816	0.00835	0.00402	0.01045

[dist]
# distance from previous block
# <min> <max>
0	2

[block]
# block no. 7 follows, 22 sequences, length 7
# corresponding to MSA columns:
# 352-358
name=unknown_H
#
# <colnr> <probs for GDERKNQSTAVLIFYWHMCP>
#	G	D	E	R	K	N	Q	S	T	A	V	L	I	F	Y	W	H	M	C	P
0	0.01766	0.25181	0.14067	0.09742	0.02630	0.02069	0.01699	0.05380	0.01839	0.02407	0.05178	0.10053	0.02320	0.01481	0.04631	0.00317	0.00974	0.06773	0.00500	0.00992
1	0.01798	0.01276	0.01472	0.01324	0.01616	0.01326	0.01000	0.15509	0.08308	0.05706	0.16959	0.11864	0.06596	0.15898	0.01619	0.00390	0.00667	0.04971	0.00778	0.00927
2	0.01417	0.01187	0.01593	0.15395	0.02463	0.01096	0.01180	0.01739	0.01659	0.02359	0.02669	0.28167	0.02843	0.01424	0.00832	0.00238	0.00667	0.01262	0.00574	0.31237
3	0.02068	0.01673	0.01869	0.01412	0.02077	0.01529	0.01137	0.18224	0.06567	0.03391	0.02277	0.02371	0.06297	0.00866	0.00716	0.00179	0.00682	0.00687	0.00627	0.45349
4	0.02989	0.02075	0.02297	0.01746	0.02420	0.02168	0.01437	0.45645	0.03359	0.12205	0.02064	0.02050	0.01461	0.00938	0.00796	0.00229	0.00839	0.00716	0.00799	0.13767
5	0.02329	0.01858	0.01909	0.01604	0.02090	0.06360	0.01267	0.23769	0.17985	0.06286	0.10497	0.07317	0.06393	0.01247	0.00858	0.00257	0.00748	0.01018	0.00798	0.05411
6	0.01850	0.01757	0.02596	0.02179	0.04903	0.05712	0.16723	0.07270	0.01900	0.02567	0.02232	0.09136	0.02196	0.09661	0.01559	0.00345	0.10177	0.07279	0.00533	0.09425

[dist]
# distance from previous block
# <min> <max>
0	4

[block]
# block no. 8 follows, 22 sequences, length 9
# corresponding to MSA columns:
# 363-371
name=unknown_I
#
# <colnr> <probs for GDERKNQSTAVLIFYWHMCP>
#	G	D	E	R	K	N	Q	S	T	A	V	L	I	F	Y	W	H	M	C	P
0	0.02402	0.02057	0.01841	0.01563	0.02050	0.17236	0.01213	0.12815	0.05690	0.11194	0.03092	0.10601	0.10016	0.01236	0.00823	0.00237	0.00852	0.00989	0.00691	0.13402
1	0.02805	0.01787	0.02103	0.01741	0.04697	0.01791	0.01352	0.20965	0.14636	0.22013	0.02523	0.02402	0.01780	0.00951	0.00795	0.00234	0.00752	0.00763	0.00812	0.15097
2	0.01795	0.12991	0.19639	0.01901	0.04661	0.07587	0.05214	0.02286	0.01801	0.04259	0.09763	0.02777	0.02263	0.05573	0.13484	0.00475	0.01245	0.00808	0.00482	0.00997
3	0.02242	0.29307	0.15161	0.01600	0.02319	0.02260	0.01618	0.08262	0.04869	0.11487	0.06404	0.02584	0.06617	0.00985	0.00729	0.00230	0.00852	0.00750	0.00582	0.01143
4	0.08567	0.11312	0.18006	0.02182	0.06580	0.05591	0.01989	0.02357	0.01565	0.02375	0.01256	0.01695	0.01080	0.01030	0.01480	0.00282	0.27632	0.00621	0.00384	0.04015
5	0.01865	0.12651	0.17500	0.05185	0.03306	0.02123	0.21793	0.02445	0.01750	0.02462	0.01456	0.01873	0.01156	0.00797	0.01004	0.00246	0.08687	0.00708	0.00398	0.12594
6	0.19877	0.18377	0.05949	0.01436	0.01897	0.02093	0.01282	0.07546	0.01872	0.02964	0.13665	0.02641	0.02470	0.04809	0.01133	0.00281	0.09427	0.00763	0.00552	0.00962
7	0.20490	0.02739	0.01927	0.01730	0.02166	0.33490	0.01326	0.11799	0.02265	0.02933	0.01778	0.10260	0.01642	0.01079	0.00745	0.00245	0.01076	0.00778	0.00553	0.00979
8	0.09577	0.04651	0.01996	0.01711	0.02149	0.30851	0.01318	0.08267	0.05348	0.10068	0.02443	0.10806	0.05037	0.01174	0.00794	0.00247	0.01031	0.00891	0.00621	0.01021

[dist]
# distance from previous block
# <min> <max>
16	45

[block]
# block no. 9 follows, 22 sequences, length 90
# corresponding to MSA columns:
# 438-527
name=unknown_J
#
# <colnr> <probs for GDERKNQSTAVLIFYWHMCP>
#	G	D	E	R	K	N	Q	S	T	A	V	L	I	F	Y	W	H	M	C	P
0	0.02227	0.01563	0.01824	0.01436	0.02021	0.01451	0.01155	0.17121	0.04531	0.11297	0.07252	0.07451	0.02392	0.01073	0.00786	0.00213	0.00681	0.03339	0.00718	0.31468
1	0.42362	0.03796	0.01599	0.01291	0.01810	0.01798	0.01071	0.10433	0.01882	0.06192	0.02004	0.02430	0.04960	0.00987	0.00717	0.00252	0.02857	0.04326	0.00597	0.08636
2	0.02397	0.01571	0.02686	0.02005	0.02633	0.01399	0.20696	0.02859	0.02158	0.25272	0.15068	0.03186	0.02869	0.01008	0.00883	0.00249	0.00853	0.00974	0.00744	0.10489
3	0.07980	0.02351	0.18299	0.01632	0.02393	0.05602	0.01598	0.05962	0.01943	0.10777	0.01916	0.06665	0.01563	0.00900	0.00731	0.00214	0.00848	0.00712	0.00560	0.27354
4	0.07331	0.01733	0.01947	0.01493	0.02104	0.01702	0.01214	0.22101	0.02465	0.05777	0.06682	0.02183	0.01808	0.00898	0.00835	0.00203	0.04598	0.00678	0.00649	0.33600
5	0.07832	0.16197	0.06375	0.08047	0.03024	0.02074	0.19203	0.02417	0.01776	0.06435	0.02001	0.06969	0.01804	0.01066	0.00960	0.00273	0.05684	0.06346	0.00495	0.01022
6	0.02893	0.02763	0.02224	0.01864	0.02389	0.29217	0.01461	0.23970	0.05166	0.07365	0.06779	0.02198	0.01848	0.00979	0.00797	0.00230	0.01076	0.00717	0.00664	0.05399
7	0.02802	0.01702	0.02043	0.01790	0.06118	0.01732	0.01358	0.20145	0.12551	0.23469	0.02701	0.02775	0.01956	0.01031	0.00811	0.00249	0.00745	0.02962	0.06718	0.06341
8	0.07605	0.01554	0.02353	0.55473	0.04996	0.01902	0.02093	0.05738	0.05682	0.02510	0.01600	0.02190	0.01198	0.00854	0.00807	0.00274	0.01032	0.00729	0.00437	0.00973
9	0.02063	0.35382	0.24485	0.01777	0.02600	0.06238	0.01938	0.06292	0.01939	0.02497	0.06369	0.01907	0.01617	0.00841	0.00684	0.00219	0.00998	0.00608	0.00432	0.01113
10	0.02364	0.07519	0.02936	0.08334	0.03032	0.04603	0.14633	0.26180	0.07744	0.03559	0.02408	0.05249	0.05572	0.01036	0.00857	0.00260	0.00987	0.00910	0.00643	0.01178
11	0.01148	0.00821	0.01117	0.01289	0.01403	0.00790	0.00987	0.01402	0.01772	0.02354	0.09284	0.42201	0.05409	0.02415	0.01087	0.00348	0.00582	0.24092	0.00780	0.00717
12	0.07802	0.01018	0.01300	0.01264	0.01541	0.00953	0.00950	0.02169	0.01870	0.21259	0.07150	0.37684	0.04198	0.01926	0.00952	0.00306	0.00574	0.05328	0.00834	0.00922
13	0.01923	0.06408	0.03979	0.02874	0.03389	0.02342	0.35865	0.02401	0.01684	0.02367	0.01425	0.02024	0.01184	0.00985	0.01610	0.00305	0.26949	0.00851	0.00395	0.01037
14	0.03047	0.03146	0.02374	0.02034	0.02499	0.39762	0.01588	0.18341	0.02649	0.07895	0.01603	0.01758	0.01237	0.00961	0.00961	0.00240	0.07597	0.00631	0.00571	0.01107
15	0.03567	0.01378	0.01877	0.01451	0.02066	0.01194	0.01194	0.03893	0.02376	0.62259	0.07156	0.03039	0.02419	0.01070	0.00844	0.00257	0.00687	0.00877	0.01021	0.01374
16	0.02927	0.02208	0.02274	0.01807	0.02397	0.06844	0.01467	0.43917	0.09658	0.08854	0.07149	0.02460	0.02052	0.01058	0.00839	0.00252	0.00874	0.00818	0.00824	0.01322
17	0.01131	0.00891	0.01382	0.01417	0.01555	0.00838	0.06916	0.01350	0.01652	0.02203	0.04279	0.58756	0.05021	0.02391	0.01059	0.00335	0.00595	0.06767	0.00736	0.00726
18	0.03158	0.02327	0.02493	0.01911	0.02576	0.02576	0.01579	0.62852	0.03906	0.05236	0.01995	0.01995	0.01413	0.00997	0.00831	0.00249	0.00914	0.00748	0.00831	0.01413
19	0.01088	0.00788	0.01028	0.01090	0.01218	0.00727	0.00771	0.01352	0.01963	0.02697	0.33343	0.37297	0.09232	0.02154	0.01019	0.00299	0.00437	0.01929	0.00839	0.00727
20	0.01925	0.02268	0.07007	0.07552	0.04401	0.02079	0.56646	0.02626	0.01934	0.02626	0.01661	0.02221	0.01243	0.00712	0.00964	0.00279	0.01376	0.00952	0.00414	0.01112
21	0.01666	0.04297	0.66500	0.02368	0.03596	0.01929	0.03069	0.02631	0.01754	0.02631	0.01491	0.01754	0.01052	0.00789	0.00789	0.00263	0.01228	0.00614	0.00351	0.01228
22	0.01961	0.02241	0.04902	0.03501	0.04342	0.02101	0.62605	0.02661	0.01961	0.02661	0.01681	0.02241	0.01261	0.00700	0.00980	0.00280	0.01401	0.00980	0.00420	0.01120
23	0.01794	0.01786	0.02540	0.08382	0.02511	0.02479	0.01863	0.02011	0.01308	0.02011	0.01126	0.01855	0.01092	0.01396	0.02550	0.00355	0.62938	0.00728	0.00364	0.00910
24	0.03129	0.01638	0.01874	0.01552	0.02093	0.07460	0.01257	0.03725	0.10763	0.43566	0.06230	0.03422	0.02528	0.01158	0.00860	0.00267	0.00763	0.05516	0.00921	0.01276
25	0.02152	0.01827	0.01927	0.01708	0.02193	0.02106	0.01336	0.09017	0.59379	0.03614	0.03272	0.03012	0.02447	0.01117	0.00844	0.00279	0.00678	0.00924	0.00844	0.01323
26	0.03022	0.03788	0.02317	0.02105	0.02536	0.62318	0.01582	0.03404	0.07219	0.02147	0.01449	0.01624	0.01186	0.00877	0.00757	0.00219	0.01432	0.00567	0.00461	0.00991
27	0.02114	0.01198	0.01451	0.01304	0.01715	0.01133	0.01053	0.02737	0.12032	0.23327	0.07329	0.05689	0.22770	0.01614	0.00939	0.00289	0.00607	0.10784	0.00871	0.01045
28	0.01139	0.00759	0.01013	0.01166	0.01247	0.00704	0.00792	0.01302	0.01659	0.04995	0.07209	0.64453	0.05447	0.02493	0.01047	0.00330	0.00488	0.02256	0.00789	0.00712
29	0.01043	0.00745	0.00999	0.01191	0.01253	0.00701	0.00824	0.01209	0.01620	0.02155	0.04562	0.64595	0.05428	0.02574	0.01068	0.00342	0.00508	0.07729	0.00771	0.00683
30	0.08706	0.03641	0.49968	0.02136	0.03204	0.01901	0.02593	0.06975	0.01934	0.08993	0.01667	0.01837	0.01160	0.00825	0.00772	0.00261	0.01103	0.00630	0.00464	0.01229
31	0.02066	0.01785	0.01878	0.01691	0.02160	0.02066	0.01315	0.04414	0.64121	0.03475	0.03381	0.03099	0.02536	0.01127	0.00845	0.00282	0.00657	0.00939	0.00845	0.01315
32	0.01176	0.00849	0.01110	0.01045	0.01241	0.00784	0.00784	0.01568	0.02352	0.03331	0.65184	0.06206	0.07839	0.01698	0.00980	0.00261	0.00392	0.01502	0.00914	0.00784
33	0.03158	0.02327	0.02493	0.01911	0.02576	0.02576	0.01579	0.62852	0.03906	0.05236	0.01995	0.01995	0.01413	0.00997	0.00831	0.00249	0.00914	0.00748	0.00831	0.01413
34	0.01582	0.01495	0.02495	0.65250	0.05533	0.01883	0.02281	0.02116	0.01640	0.02116	0.01456	0.02194	0.01107	0.00864	0.00932	0.00281	0.04748	0.00738	0.00369	0.00922
35	0.03158	0.02327	0.02493	0.01911	0.02576	0.02576	0.01579	0.62852	0.03906	0.05236	0.01995	0.01995	0.01413	0.00997	0.00831	0.00249	0.00914	0.00748	0.00831	0.01413
36	0.01012	0.00723	0.00964	0.01157	0.01205	0.00675	0.00771	0.01157	0.01591	0.02121	0.04579	0.70262	0.05495	0.02603	0.01060	0.00337	0.00482	0.02362	0.00771	0.00675
37	0.01666	0.04297	0.66500	0.02368	0.03596	0.01929	0.03069	0.02631	0.01754	0.02631	0.01491	0.01754	0.01052	0.00789	0.00789	0.00263	0.01228	0.00614	0.00351	0.01228
38	0.01043	0.00745	0.00999	0.01191	0.01253	0.00701	0.00824	0.01209	0.01620	0.02155	0.04562	0.64595	0.05428	0.02574	0.01068	0.00342	0.00508	0.07729	0.00771	0.00683
39	0.01012	0.00723	0.00964	0.01157	0.01205	0.00675	0.00771	0.01157	0.01591	0.02121	0.04579	0.70262	0.05495	0.02603	0.01060	0.00337	0.00482	0.02362	0.00771	0.00675
40	0.03396	0.01945	0.02257	0.01730	0.02386	0.02009	0.01429	0.38248	0.03267	0.30743	0.02531	0.02343	0.01682	0.01010	0.00833	0.00253	0.00827	0.00785	0.00914	0.01413
41	0.01666	0.04297	0.66500	0.02368	0.03596	0.01929	0.03069	0.02631	0.01754	0.02631	0.01491	0.01754	0.01052	0.00789	0.00789	0.00263	0.01228	0.00614	0.00351	0.01228
42	0.03158	0.02327	0.02493	0.01911	0.02576	0.02576	0.01579	0.62852	0.03906	0.05236	0.01995	0.01995	0.01413	0.00997	0.00831	0.00249	0.00914	0.00748	0.00831	0.01413
43	0.01187	0.00857	0.01126	0.01079	0.01275	0.00796	0.00823	0.01578	0.02321	0.03272	0.60919	0.06428	0.07624	0.01740	0.00992	0.00270	0.00418	0.05609	0.00904	0.00783
44	0.01951	0.02211	0.04737	0.03409	0.04190	0.02132	0.58340	0.02615	0.01912	0.02615	0.01639	0.02211	0.01249	0.00753	0.01103	0.00286	0.06164	0.00963	0.00416	0.01106
45	0.01961	0.02241	0.04902	0.03501	0.04342	0.02101	0.62605	0.02661	0.01961	0.02661	0.01681	0.02241	0.01261	0.00700	0.00980	0.00280	0.01401	0.00980	0.00420	0.01120
46	0.01012	0.00723	0.00964	0.01157	0.01205	0.00675	0.00771	0.01157	0.01591	0.02121	0.04579	0.70262	0.05495	0.02603	0.01060	0.00337	0.00482	0.02362	0.00771	0.00675
47	0.03373	0.01387	0.01848	0.01453	0.02042	0.01240	0.01187	0.03843	0.06708	0.55945	0.09047	0.03161	0.02628	0.01098	0.00850	0.00259	0.00674	0.00905	0.01005	0.01348
48	0.01666	0.04297	0.66500	0.02368	0.03596	0.01929	0.03069	0.02631	0.01754	0.02631	0.01491	0.01754	0.01052	0.00789	0.00789	0.00263	0.01228	0.00614	0.00351	0.01228
49	0.02066	0.01785	0.01878	0.01691	0.02160	0.02066	0.01315	0.04414	0.64121	0.03475	0.03381	0.03099	0.02536	0.01127	0.00845	0.00282	0.00657	0.00939	0.00845	0.01315
50	0.01961	0.02241	0.04902	0.03501	0.04342	0.02101	0.62605	0.02661	0.01961	0.02661	0.01681	0.02241	0.01261	0.00700	0.00980	0.00280	0.01401	0.00980	0.00420	0.01120
51	0.01953	0.02217	0.04768	0.03426	0.04219	0.02126	0.59155	0.02624	0.01922	0.02624	0.01647	0.02217	0.01251	0.00743	0.01079	0.00285	0.05253	0.00966	0.00417	0.01108
52	0.01666	0.04297	0.66500	0.02368	0.03596	0.01929	0.03069	0.02631	0.01754	0.02631	0.01491	0.01754	0.01052	0.00789	0.00789	0.00263	0.01228	0.00614	0.00351	0.01228
53	0.01208	0.00805	0.00906	0.00906	0.00906	0.00805	0.00503	0.01208	0.01208	0.01611	0.02618	0.05436	0.03020	0.70804	0.04228	0.00805	0.00805	0.01208	0.00503	0.00503
54	0.01692	0.00963	0.01276	0.01133	0.01419	0.00872	0.00872	0.02070	0.02357	0.16051	0.52659	0.05522	0.06669	0.01563	0.00951	0.00260	0.00456	0.01367	0.00938	0.00911
55	0.01569	0.01477	0.02492	0.68808	0.05722	0.01846	0.02307	0.02123	0.01661	0.02123	0.01477	0.02215	0.01107	0.00831	0.00831	0.00277	0.01107	0.00738	0.00369	0.00923
56	0.01718	0.10534	0.60716	0.02280	0.03459	0.02056	0.02916	0.02618	0.01748	0.02568	0.01460	0.01715	0.01054	0.00782	0.00765	0.00255	0.01196	0.00598	0.00351	0.01213
