[name]
unknown

[dist]
# distance from previous block
# <min> <max>
0	35

[block]
# block no. 0 follows, 23 sequences, length 10
# corresponding to MSA columns:
# 35-44
name=unknown_A
#
# <colnr> <probs for GDERKNQSTAVLIFYWHMCP>
#	G	D	E	R	K	N	Q	S	T	A	V	L	I	F	Y	W	H	M	C	P
0	0.01308	0.00934	0.01308	0.01494	0.01681	0.00934	0.01308	0.01681	0.01868	0.02428	0.04296	0.09153	0.04670	0.02242	0.01121	0.00374	0.00747	0.60960	0.00747	0.00747
1	0.77215	0.01569	0.01193	0.01067	0.01569	0.01820	0.00879	0.02385	0.01381	0.03641	0.01130	0.01318	0.00879	0.00753	0.00502	0.00251	0.00628	0.00439	0.00502	0.00879
2	0.02858	0.01961	0.02166	0.01724	0.02299	0.02128	0.01400	0.43205	0.11138	0.12976	0.02488	0.07693	0.01920	0.01119	0.00832	0.00255	0.00800	0.00891	0.00835	0.01311
3	0.07653	0.02377	0.02281	0.01823	0.02416	0.10701	0.01478	0.46396	0.09471	0.04458	0.01942	0.01953	0.01414	0.00955	0.00783	0.00243	0.00923	0.00704	0.00744	0.01284
4	0.08086	0.03973	0.61632	0.02206	0.03346	0.01879	0.02817	0.02554	0.01685	0.02661	0.01428	0.01679	0.01015	0.00769	0.00748	0.00256	0.01150	0.00586	0.00356	0.01172
5	0.03085	0.02273	0.02435	0.01867	0.02516	0.02516	0.01542	0.63716	0.03815	0.05114	0.01948	0.01948	0.01380	0.00974	0.00812	0.00244	0.00893	0.00731	0.00812	0.01380
6	0.02008	0.01928	0.03294	0.04981	0.66422	0.01928	0.02490	0.02490	0.01848	0.02651	0.01526	0.02008	0.01285	0.00723	0.00803	0.00241	0.00964	0.00723	0.00402	0.01285
7	0.01325	0.01020	0.01270	0.01331	0.01582	0.01010	0.01097	0.01907	0.10175	0.02556	0.08919	0.11789	0.14980	0.01971	0.01015	0.00322	0.00626	0.32342	0.00758	0.04005
8	0.02814	0.01542	0.01918	0.06955	0.02359	0.01579	0.01315	0.10023	0.19763	0.34004	0.03029	0.06546	0.02188	0.01099	0.00830	0.00263	0.00717	0.00912	0.00869	0.01275
9	0.01736	0.01226	0.05204	0.01393	0.04610	0.01029	0.01083	0.02238	0.05376	0.15362	0.44122	0.04838	0.05638	0.01411	0.00906	0.00255	0.00529	0.01231	0.00856	0.00958

[dist]
# distance from previous block
# <min> <max>
3	10

[block]
# block no. 1 follows, 23 sequences, length 10
# corresponding to MSA columns:
# 56-65
name=unknown_B
#
# <colnr> <probs for GDERKNQSTAVLIFYWHMCP>
#	G	D	E	R	K	N	Q	S	T	A	V	L	I	F	Y	W	H	M	C	P
0	0.08575	0.01409	0.01605	0.01197	0.01855	0.01130	0.00953	0.02113	0.01678	0.05774	0.01671	0.05667	0.01450	0.00745	0.00627	0.00150	0.00600	0.00598	0.00523	0.61679
1	0.10183	0.03113	0.37085	0.01945	0.02816	0.04897	0.04272	0.11126	0.02018	0.03023	0.02030	0.02211	0.05678	0.00898	0.00753	0.00250	0.01008	0.00696	0.04886	0.01112
2	0.01743	0.01581	0.02550	0.08206	0.06522	0.01502	0.15552	0.02156	0.01709	0.04985	0.01893	0.10276	0.01725	0.00972	0.00965	0.00228	0.07248	0.00881	0.00491	0.28813
3	0.02324	0.01339	0.02036	0.18280	0.02896	0.01304	0.05699	0.02738	0.02070	0.28150	0.16005	0.03204	0.02879	0.01046	0.00839	0.00249	0.00762	0.00918	0.00742	0.06520
4	0.01186	0.00925	0.01170	0.07224	0.01625	0.00871	0.00875	0.01444	0.01757	0.02357	0.17954	0.16036	0.17353	0.12937	0.01440	0.00351	0.00574	0.04920	0.00679	0.08323
5	0.01919	0.01848	0.03099	0.14135	0.46168	0.01954	0.05458	0.02521	0.05916	0.02570	0.01609	0.02094	0.01317	0.00800	0.00923	0.00256	0.05049	0.00747	0.00421	0.01195
6	0.02373	0.02217	0.02522	0.05540	0.18808	0.16917	0.01819	0.02817	0.06248	0.10920	0.01683	0.02000	0.01342	0.01007	0.01300	0.00270	0.19919	0.00700	0.00501	0.01095
7	0.09081	0.04825	0.02148	0.16827	0.02921	0.08768	0.01525	0.16092	0.17186	0.05991	0.02149	0.05351	0.01692	0.00996	0.00777	0.00256	0.00880	0.00790	0.00632	0.01113
8	0.01597	0.01542	0.02541	0.46563	0.04506	0.01932	0.06088	0.02056	0.01583	0.02131	0.04182	0.02245	0.01374	0.00981	0.01257	0.00290	0.17074	0.00767	0.00386	0.00905
9	0.01105	0.00817	0.01021	0.01053	0.01203	0.00767	0.00749	0.01433	0.04291	0.02628	0.31754	0.29173	0.13085	0.05726	0.01150	0.00313	0.00449	0.01758	0.00803	0.00724

[dist]
# distance from previous block
# <min> <max>
0	2

[block]
# block no. 2 follows, 23 sequences, length 23
# corresponding to MSA columns:
# 68-90
name=unknown_C
#
# <colnr> <probs for GDERKNQSTAVLIFYWHMCP>
#	G	D	E	R	K	N	Q	S	T	A	V	L	I	F	Y	W	H	M	C	P
0	0.01041	0.00791	0.01161	0.01261	0.01352	0.00739	0.04333	0.01214	0.01574	0.02101	0.04311	0.67029	0.05131	0.02436	0.01031	0.00326	0.00522	0.02230	0.00734	0.00684
1	0.01588	0.01097	0.01208	0.01153	0.01450	0.04162	0.00895	0.01937	0.04567	0.12338	0.15412	0.12722	0.27958	0.01802	0.00946	0.00281	0.00555	0.08284	0.00800	0.00846
2	0.02169	0.71972	0.04252	0.01388	0.02083	0.03211	0.01388	0.02430	0.01649	0.01909	0.01128	0.01302	0.01041	0.00694	0.00521	0.00174	0.00868	0.00434	0.00347	0.01041
3	0.01683	0.01442	0.01683	0.01202	0.01923	0.01082	0.00961	0.02043	0.01683	0.02644	0.01442	0.01683	0.01202	0.00601	0.00601	0.00120	0.00601	0.00481	0.00481	0.76444
4	0.01532	0.01442	0.02434	0.69533	0.05589	0.01803	0.02253	0.02073	0.01622	0.02073	0.01442	0.02163	0.01082	0.00811	0.00811	0.00270	0.01082	0.00721	0.00361	0.00901
5	0.03085	0.02273	0.02435	0.01867	0.02516	0.02516	0.01542	0.63716	0.03815	0.05114	0.01948	0.01948	0.01380	0.00974	0.00812	0.00244	0.00893	0.00731	0.00812	0.01380
6	0.01683	0.01442	0.01683	0.01202	0.01923	0.01082	0.00961	0.02043	0.01683	0.02644	0.01442	0.01683	0.01202	0.00601	0.00601	0.00120	0.00601	0.00481	0.00481	0.76444
7	0.03005	0.02233	0.02390	0.01851	0.02486	0.02479	0.01523	0.59291	0.08369	0.04986	0.02049	0.02029	0.01462	0.00984	0.00813	0.00246	0.00874	0.00744	0.00813	0.01373
8	0.02299	0.01270	0.01477	0.01265	0.01660	0.03851	0.00995	0.02920	0.11106	0.26055	0.22223	0.03794	0.03771	0.01202	0.00819	0.00245	0.00573	0.01008	0.12402	0.01066
9	0.49290	0.05001	0.04537	0.01259	0.01809	0.01803	0.01091	0.05009	0.06081	0.12053	0.04178	0.01860	0.01444	0.00853	0.00610	0.00249	0.00675	0.00582	0.00605	0.01011
10	0.00973	0.00823	0.00842	0.00837	0.01105	0.00691	0.00628	0.01192	0.01883	0.02271	0.12523	0.07679	0.61740	0.02025	0.00959	0.00273	0.00409	0.01694	0.00764	0.00691
11	0.02225	0.62757	0.06915	0.01483	0.02185	0.06092	0.01476	0.05161	0.01776	0.02083	0.01185	0.01356	0.01056	0.00716	0.00554	0.00182	0.00911	0.00458	0.00371	0.01059
12	0.01532	0.01442	0.02434	0.69533	0.05589	0.01803	0.02253	0.02073	0.01622	0.02073	0.01442	0.02163	0.01082	0.00811	0.00811	0.00270	0.01082	0.00721	0.00361	0.00901
13	0.02075	0.01771	0.01867	0.01663	0.02132	0.02045	0.01298	0.07490	0.61684	0.03486	0.03230	0.02970	0.02418	0.01094	0.00825	0.00274	0.00656	0.00907	0.00825	0.01289
14	0.01683	0.01442	0.01683	0.01202	0.01923	0.01082	0.00961	0.02043	0.01683	0.02644	0.01442	0.01683	0.01202	0.00601	0.00601	0.00120	0.00601	0.00481	0.00481	0.76444
15	0.00959	0.00822	0.00822	0.00822	0.01096	0.00685	0.00617	0.01165	0.01850	0.02192	0.08220	0.07809	0.66092	0.02055	0.00959	0.00274	0.00411	0.01713	0.00754	0.00685
16	0.01915	0.02189	0.04788	0.03420	0.04241	0.02052	0.63475	0.02599	0.01915	0.02599	0.01642	0.02189	0.01231	0.00684	0.00958	0.00274	0.01368	0.00958	0.00410	0.01094
17	0.01304	0.04001	0.01253	0.01065	0.01305	0.00896	0.00828	0.01665	0.02217	0.06053	0.53142	0.05968	0.11147	0.01642	0.00939	0.00258	0.00438	0.04221	0.00857	0.00800
18	0.41604	0.01551	0.01316	0.01146	0.01601	0.05912	0.00920	0.05452	0.01733	0.09372	0.01724	0.01890	0.01302	0.00829	0.00581	0.00228	0.00645	0.00567	0.17362	0.04264
19	0.40125	0.12665	0.09977	0.01376	0.01981	0.01889	0.04021	0.02304	0.01613	0.03101	0.09134	0.02000	0.01781	0.00847	0.00619	0.00235	0.00737	0.00609	0.00501	0.04482
20	0.02224	0.04577	0.02253	0.01861	0.05597	0.04702	0.10295	0.05515	0.06378	0.18693	0.05770	0.14045	0.02621	0.06141	0.01084	0.00293	0.00806	0.01089	0.00694	0.05363
21	0.01943	0.01848	0.16714	0.01820	0.08332	0.01256	0.01564	0.02432	0.02028	0.18453	0.21944	0.03722	0.06427	0.01561	0.06015	0.00334	0.00841	0.01002	0.00704	0.01059
22	0.02948	0.02106	0.02476	0.02016	0.05264	0.02269	0.04443	0.49648	0.03408	0.10487	0.02147	0.02390	0.01588	0.01015	0.00834	0.00252	0.00892	0.03697	0.00790	0.01332

[dist]
# distance from previous block
# <min> <max>
4	10

[block]
# block no. 3 follows, 23 sequences, length 20
# corresponding to MSA columns:
# 101-120
name=unknown_D
#
# <colnr> <probs for GDERKNQSTAVLIFYWHMCP>
#	G	D	E	R	K	N	Q	S	T	A	V	L	I	F	Y	W	H	M	C	P
0	0.09630	0.01004	0.00948	0.00911	0.01138	0.03984	0.00685	0.01903	0.01798	0.03033	0.15615	0.03494	0.03100	0.03897	0.00792	0.00234	0.00472	0.00877	0.45716	0.00769
1	0.17542	0.01549	0.01785	0.01372	0.01990	0.01425	0.04535	0.09334	0.01874	0.03093	0.01694	0.07289	0.01495	0.00839	0.00661	0.00188	0.00674	0.00677	0.00542	0.41444
2	0.01405	0.01071	0.01292	0.01188	0.01488	0.00983	0.00882	0.08499	0.02021	0.02811	0.17794	0.30692	0.07646	0.01734	0.00898	0.00256	0.00523	0.01526	0.00735	0.16557
3	0.02177	0.01334	0.04856	0.01320	0.01764	0.01123	0.01093	0.08052	0.02236	0.24416	0.18842	0.14177	0.08056	0.01434	0.00879	0.00258	0.00602	0.01227	0.00841	0.05313
4	0.05466	0.04157	0.01282	0.01052	0.01313	0.01067	0.00767	0.01922	0.04635	0.09385	0.09895	0.04267	0.07703	0.26598	0.04875	0.00474	0.00701	0.01029	0.07565	0.05847
5	0.05994	0.01901	0.01740	0.01530	0.01934	0.12150	0.01183	0.13523	0.23972	0.03347	0.12608	0.03104	0.02808	0.04478	0.00954	0.00274	0.00761	0.00889	0.05781	0.01069
6	0.02169	0.71972	0.04252	0.01388	0.02083	0.03211	0.01388	0.02430	0.01649	0.01909	0.01128	0.01302	0.01041	0.00694	0.00521	0.00174	0.00868	0.00434	0.00347	0.01041
7	0.01683	0.01442	0.01683	0.01202	0.01923	0.01082	0.00961	0.02043	0.01683	0.02644	0.01442	0.01683	0.01202	0.00601	0.00601	0.00120	0.00601	0.00481	0.00481	0.76444
8	0.01532	0.01442	0.02434	0.69533	0.05589	0.01803	0.02253	0.02073	0.01622	0.02073	0.01442	0.02163	0.01082	0.00811	0.00811	0.00270	0.01082	0.00721	0.00361	0.00901
9	0.03085	0.02273	0.02435	0.01867	0.02516	0.02516	0.01542	0.63716	0.03815	0.05114	0.01948	0.01948	0.01380	0.00974	0.00812	0.00244	0.00893	0.00731	0.00812	0.01380
10	0.01683	0.01442	0.01683	0.01202	0.01923	0.01082	0.00961	0.02043	0.01683	0.02644	0.01442	0.01683	0.01202	0.00601	0.00601	0.00120	0.00601	0.00481	0.00481	0.76444
11	0.02455	0.01960	0.02081	0.01740	0.02276	0.02222	0.01390	0.28640	0.39916	0.04099	0.02748	0.02585	0.02028	0.01049	0.00820	0.00262	0.00745	0.00841	0.00820	0.01323
12	0.01409	0.01041	0.01299	0.01139	0.01444	0.00954	0.00870	0.01712	0.01933	0.06345	0.29374	0.10802	0.12130	0.04144	0.01115	0.00262	0.05145	0.01265	0.00731	0.16887
13	0.72810	0.05701	0.01372	0.01086	0.01599	0.01902	0.00909	0.02388	0.01397	0.03539	0.01130	0.01317	0.00888	0.00750	0.00503	0.00247	0.00642	0.00439	0.00493	0.00888
14	0.01008	0.00824	0.00890	0.00873	0.01126	0.00706	0.00655	0.01259	0.01965	0.02467	0.23175	0.07357	0.50965	0.01952	0.00958	0.00269	0.00404	0.01649	0.00790	0.00706
15	0.02394	0.01739	0.02025	0.01668	0.02185	0.01877	0.04020	0.20253	0.28594	0.12060	0.08537	0.03149	0.05538	0.01129	0.00844	0.00261	0.00716	0.00940	0.00829	0.01241
16	0.01532	0.01442	0.02434	0.69533	0.05589	0.01803	0.02253	0.02073	0.01622	0.02073	0.01442	0.02163	0.01082	0.00811	0.00811	0.00270	0.01082	0.00721	0.00361	0.00901
17	0.02018	0.01743	0.01835	0.01651	0.02110	0.02018	0.01284	0.04312	0.64956	0.03394	0.03303	0.03027	0.02477	0.01101	0.00826	0.00275	0.00642	0.00917	0.00826	0.01284
18	0.01683	0.01442	0.01683	0.01202	0.01923	0.01082	0.00961	0.02043	0.01683	0.02644	0.01442	0.01683	0.01202	0.00601	0.00601	0.00120	0.00601	0.00481	0.00481	0.76444
19	0.01266	0.00866	0.01146	0.01209	0.01397	0.00815	0.00958	0.01579	0.01961	0.05471	0.24227	0.19916	0.11264	0.02044	0.01024	0.00313	0.00544	0.22437	0.00807	0.00758

[dist]
# distance from previous block
# <min> <max>
0	4

[block]
# block no. 4 follows, 23 sequences, length 23
# corresponding to MSA columns:
# 125-147
name=unknown_E
#
# <colnr> <probs for GDERKNQSTAVLIFYWHMCP>
#	G	D	E	R	K	N	Q	S	T	A	V	L	I	F	Y	W	H	M	C	P
0	0.01778	0.01638	0.02637	0.44678	0.21700	0.01890	0.02228	0.06015	0.04893	0.02477	0.01586	0.02150	0.01223	0.00811	0.00810	0.00261	0.01017	0.00732	0.00422	0.01053
1	0.07117	0.01178	0.01519	0.01253	0.01707	0.01060	0.01003	0.02904	0.02208	0.38799	0.21914	0.06194	0.07061	0.01289	0.00853	0.00256	0.00574	0.01082	0.00920	0.01109
2	0.02127	0.01818	0.02060	0.02048	0.09383	0.02059	0.01446	0.10205	0.51583	0.03487	0.02964	0.02802	0.02230	0.01045	0.00822	0.00268	0.00704	0.00876	0.00777	0.01294
3	0.01148	0.00829	0.01085	0.01021	0.01212	0.00766	0.00766	0.01531	0.02297	0.03254	0.65994	0.06061	0.07656	0.01659	0.00957	0.00255	0.00383	0.01467	0.00893	0.00766
4	0.41895	0.05851	0.01825	0.01397	0.01952	0.02139	0.01158	0.21854	0.08688	0.03979	0.01610	0.01691	0.01210	0.00855	0.00634	0.00247	0.00726	0.00580	0.00624	0.01087
5	0.03085	0.02273	0.02435	0.01867	0.02516	0.02516	0.01542	0.63716	0.03815	0.05114	0.01948	0.01948	0.01380	0.00974	0.00812	0.00244	0.00893	0.00731	0.00812	0.01380
6	0.01101	0.00753	0.00908	0.00986	0.01005	0.00734	0.00600	0.01159	0.01334	0.01779	0.03347	0.32383	0.03947	0.43050	0.02854	0.00598	0.00656	0.01645	0.00600	0.00561
7	0.03641	0.01381	0.01883	0.01444	0.02071	0.01193	0.01193	0.03954	0.02322	0.66984	0.03201	0.02762	0.02009	0.01004	0.00816	0.00251	0.00690	0.00816	0.01004	0.01381
8	0.01532	0.01442	0.02434	0.69533	0.05589	0.01803	0.02253	0.02073	0.01622	0.02073	0.01442	0.02163	0.01082	0.00811	0.00811	0.00270	0.01082	0.00721	0.00361	0.00901
9	0.01588	0.01499	0.02533	0.62053	0.12638	0.01817	0.02281	0.02122	0.01649	0.02140	0.01452	0.02145	0.01105	0.00801	0.00810	0.00267	0.01068	0.00721	0.00365	0.00946
10	0.00989	0.00706	0.00942	0.01130	0.01177	0.00659	0.00753	0.01130	0.01554	0.02071	0.04472	0.70954	0.05367	0.02542	0.01036	0.00330	0.00471	0.02307	0.00753	0.00659
11	0.50789	0.01820	0.01636	0.01352	0.01907	0.02068	0.01115	0.24249	0.02249	0.04166	0.01422	0.01543	0.01057	0.00832	0.00613	0.00248	0.00722	0.00543	0.00613	0.01057
12	0.01478	0.01252	0.01365	0.01413	0.01681	0.05296	0.01155	0.02197	0.15015	0.02537	0.04684	0.10221	0.16171	0.01894	0.00999	0.00321	0.00690	0.30032	0.00745	0.00854
13	0.01081	0.00759	0.00931	0.01032	0.01083	0.00727	0.00670	0.01183	0.01441	0.01900	0.03945	0.37126	0.08390	0.30051	0.02272	0.00511	0.00608	0.05044	0.00648	0.00599
14	0.01146	0.00772	0.00895	0.00928	0.00937	0.00764	0.00538	0.01171	0.01246	0.01661	0.02895	0.16898	0.03377	0.59314	0.03584	0.00706	0.00731	0.01379	0.00538	0.00521
15	0.01664	0.01596	0.01886	0.01738	0.01828	0.07992	0.01361	0.04853	0.01587	0.02158	0.02405	0.27696	0.02692	0.01764	0.01778	0.00326	0.34018	0.01292	0.00533	0.00832
16	0.02963	0.02907	0.02313	0.01946	0.02467	0.31593	0.01541	0.33462	0.03035	0.03578	0.01769	0.02129	0.01412	0.00983	0.00793	0.00235	0.01138	0.03952	0.00633	0.01150
17	0.01872	0.34739	0.38876	0.01896	0.02868	0.02482	0.02273	0.02507	0.01684	0.02272	0.01308	0.01528	0.01034	0.00736	0.00658	0.00219	0.01050	0.00525	0.00345	0.01128
18	0.05452	0.01272	0.01492	0.01281	0.01698	0.01255	0.01013	0.08845	0.09889	0.21109	0.12783	0.07239	0.16788	0.01642	0.04229	0.00315	0.00664	0.01156	0.00831	0.01046
19	0.06228	0.02680	0.31166	0.02215	0.09250	0.01644	0.04218	0.06178	0.01960	0.09676	0.07882	0.06014	0.02187	0.01043	0.00821	0.00264	0.00942	0.03956	0.00550	0.01127
20	0.32965	0.02044	0.10472	0.01466	0.02047	0.04723	0.01334	0.10826	0.08442	0.07502	0.08937	0.02260	0.01969	0.00942	0.00694	0.00252	0.00755	0.00692	0.00626	0.01052
21	0.13641	0.09489	0.06333	0.08649	0.27590	0.01945	0.01850	0.02625	0.07885	0.06159	0.02006	0.02250	0.04552	0.00853	0.00735	0.00244	0.00852	0.00714	0.00495	0.01133
22	0.01828	0.20562	0.06272	0.01448	0.01915	0.03765	0.04223	0.02329	0.06712	0.07982	0.20891	0.06022	0.03601	0.05240	0.00991	0.00272	0.00732	0.03613	0.00644	0.00959

[dist]
# distance from previous block
# <min> <max>
5	23

[block]
# block no. 5 follows, 23 sequences, length 12
# corresponding to MSA columns:
# 175-186
name=unknown_F
#
# <colnr> <probs for GDERKNQSTAVLIFYWHMCP>
#	G	D	E	R	K	N	Q	S	T	A	V	L	I	F	Y	W	H	M	C	P
0	0.14832	0.11709	0.35782	0.01948	0.02815	0.15087	0.02165	0.02654	0.01764	0.02559	0.01322	0.01548	0.01008	0.00772	0.00688	0.00237	0.01115	0.00538	0.00385	0.01075
1	0.01943	0.10918	0.47437	0.02058	0.03074	0.01962	0.02473	0.02864	0.07452	0.09686	0.01780	0.01903	0.01268	0.00818	0.00754	0.00249	0.01058	0.00634	0.00460	0.01210
2	0.01405	0.00935	0.01278	0.01273	0.01455	0.00891	0.03794	0.01734	0.06128	0.09097	0.04117	0.46804	0.07148	0.08355	0.01268	0.00353	0.00575	0.01856	0.00745	0.00788
3	0.26097	0.06667	0.01850	0.01400	0.01939	0.04410	0.01147	0.07990	0.14704	0.18049	0.04504	0.02234	0.01777	0.00927	0.00694	0.00245	0.00706	0.00687	0.00707	0.03269
4	0.02576	0.01883	0.02077	0.01622	0.02212	0.01960	0.01309	0.39549	0.05856	0.07163	0.02169	0.06986	0.01759	0.03329	0.00896	0.00245	0.00781	0.00820	0.00742	0.16068
5	0.02415	0.01747	0.02250	0.09500	0.14011	0.01891	0.01621	0.11738	0.26811	0.15342	0.02584	0.02557	0.01878	0.00967	0.00816	0.00260	0.00790	0.00817	0.00732	0.01275
6	0.01848	0.13785	0.42576	0.02152	0.03104	0.09122	0.06738	0.02559	0.01817	0.02454	0.05364	0.01927	0.01453	0.00815	0.00754	0.00241	0.01140	0.00646	0.00390	0.01114
7	0.01683	0.01442	0.01683	0.01202	0.01923	0.01082	0.00961	0.02043	0.01683	0.02644	0.01442	0.01683	0.01202	0.00601	0.00601	0.00120	0.00601	0.00481	0.00481	0.76444
8	0.00989	0.00706	0.00942	0.01130	0.01177	0.00659	0.00753	0.01130	0.01554	0.02071	0.04472	0.70954	0.05367	0.02542	0.01036	0.00330	0.00471	0.02307	0.00753	0.00659
9	0.01049	0.00787	0.01106	0.08683	0.01664	0.00785	0.00919	0.01234	0.01561	0.02072	0.04138	0.63358	0.04894	0.02351	0.01011	0.00323	0.00538	0.02132	0.00710	0.00686
10	0.04551	0.01801	0.02021	0.01830	0.07890	0.04598	0.01327	0.12639	0.19420	0.10342	0.02214	0.02220	0.01659	0.00866	0.00740	0.00215	0.00739	0.00699	0.00676	0.23552
11	0.01903	0.01393	0.01731	0.01389	0.01870	0.01296	0.01102	0.05179	0.01787	0.11145	0.02186	0.14177	0.02039	0.01138	0.01017	0.00215	0.10688	0.00896	0.00597	0.38251

[dist]
# distance from previous block
# <min> <max>
15	32

[block]
# block no. 6 follows, 23 sequences, length 7
# corresponding to MSA columns:
# 221-227
name=unknown_G
#
# <colnr> <probs for GDERKNQSTAVLIFYWHMCP>
#	G	D	E	R	K	N	Q	S	T	A	V	L	I	F	Y	W	H	M	C	P
0	0.02523	0.01977	0.02395	0.01895	0.02420	0.04227	0.08596	0.37214	0.05411	0.05811	0.02279	0.10124	0.01933	0.03441	0.01021	0.00278	0.03404	0.00957	0.02915	0.01180
1	0.19699	0.02077	0.02113	0.01672	0.02275	0.02325	0.01375	0.45735	0.07563	0.04661	0.01859	0.01882	0.01344	0.00933	0.00743	0.00247	0.00816	0.00678	0.00743	0.01260
2	0.01644	0.01288	0.01474	0.01102	0.01703	0.01008	0.00873	0.02009	0.01687	0.02730	0.01713	0.01985	0.01400	0.00678	0.00593	0.00136	0.00551	0.00543	0.17480	0.59404
3	0.01122	0.00769	0.00929	0.00985	0.01008	0.00764	0.00603	0.01183	0.01298	0.01740	0.03094	0.24436	0.03598	0.46921	0.07466	0.00687	0.00786	0.01490	0.00565	0.00556
4	0.01610	0.01337	0.05005	0.01309	0.01651	0.01223	0.01086	0.15575	0.02551	0.03541	0.42278	0.08166	0.05635	0.01525	0.00925	0.00262	0.00563	0.04004	0.00831	0.00922
5	0.01355	0.01167	0.01683	0.02073	0.16014	0.01181	0.01256	0.01609	0.01658	0.02289	0.06129	0.33415	0.10586	0.01787	0.01120	0.00289	0.08209	0.01550	0.00617	0.06014
6	0.01645	0.00924	0.01205	0.01158	0.01412	0.00821	0.00853	0.01887	0.01899	0.16948	0.16170	0.34951	0.09740	0.01900	0.00945	0.00284	0.00504	0.01680	0.00824	0.04249

[dist]
# distance from previous block
# <min> <max>
19	26

[block]
# block no. 7 follows, 23 sequences, length 17
# corresponding to MSA columns:
# 303-319
name=unknown_H
#
# <colnr> <probs for GDERKNQSTAVLIFYWHMCP>
#	G	D	E	R	K	N	Q	S	T	A	V	L	I	F	Y	W	H	M	C	P
0	0.02621	0.01978	0.02143	0.01716	0.02279	0.02158	0.01385	0.44713	0.12196	0.04390	0.02380	0.09445	0.01951	0.01136	0.00825	0.00250	0.00794	0.00910	0.00787	0.05943
1	0.01817	0.01522	0.01755	0.01266	0.01980	0.01219	0.01017	0.07960	0.01887	0.02881	0.01491	0.01708	0.01219	0.00637	0.00621	0.00132	0.00629	0.00505	0.00512	0.69242
2	0.00994	0.00718	0.00942	0.01109	0.01174	0.00665	0.00747	0.01149	0.01602	0.02130	0.07401	0.64861	0.08551	0.02478	0.01028	0.00323	0.00464	0.02239	0.00759	0.00665
3	0.02009	0.02169	0.02617	0.11432	0.06769	0.15127	0.05182	0.02288	0.01573	0.02054	0.01212	0.01804	0.01086	0.01142	0.01831	0.00304	0.39403	0.00689	0.00374	0.00936
4	0.01869	0.01822	0.02779	0.20260	0.40159	0.06262	0.02186	0.02336	0.01871	0.02528	0.08362	0.02442	0.01898	0.00852	0.00817	0.00248	0.00965	0.00788	0.00445	0.01112
5	0.09664	0.02444	0.24426	0.34578	0.04357	0.01851	0.06897	0.02314	0.01649	0.02447	0.01428	0.01923	0.01053	0.00782	0.00775	0.00264	0.01094	0.00667	0.00373	0.01014
6	0.00989	0.00706	0.00942	0.01130	0.01177	0.00659	0.00753	0.01130	0.01554	0.02071	0.04472	0.70954	0.05367	0.02542	0.01036	0.00330	0.00471	0.02307	0.00753	0.00659
7	0.03085	0.02273	0.02435	0.01867	0.02516	0.02516	0.01542	0.63716	0.03815	0.05114	0.01948	0.01948	0.01380	0.00974	0.00812	0.00244	0.00893	0.00731	0.00812	0.01380
8	0.01356	0.00976	0.01266	0.01373	0.01547	0.00981	0.01087	0.08053	0.01937	0.02557	0.04124	0.35717	0.04627	0.02239	0.01050	0.00340	0.00640	0.28597	0.00757	0.00776
9	0.03085	0.02273	0.02435	0.01867	0.02516	0.02516	0.01542	0.63716	0.03815	0.05114	0.01948	0.01948	0.01380	0.00974	0.00812	0.00244	0.00893	0.00731	0.00812	0.01380
10	0.01017	0.00726	0.00974	0.01162	0.01221	0.00683	0.00802	0.01178	0.01581	0.02103	0.04457	0.65519	0.05305	0.02516	0.01043	0.00333	0.00495	0.07465	0.00753	0.00667
11	0.00972	0.00770	0.00875	0.00959	0.01132	0.00673	0.00677	0.01149	0.01718	0.02138	0.06552	0.35917	0.39061	0.02272	0.00993	0.00299	0.00438	0.01977	0.00753	0.00673
12	0.09020	0.01641	0.01790	0.01550	0.02053	0.01803	0.01227	0.04057	0.44376	0.18634	0.03087	0.02814	0.02224	0.01047	0.00795	0.00267	0.00652	0.00851	0.00840	0.01272
13	0.01513	0.00756	0.00756	0.00756	0.00945	0.00756	0.00567	0.01891	0.01702	0.03025	0.02647	0.03025	0.02080	0.00945	0.00567	0.00189	0.00378	0.00756	0.75988	0.00756
14	0.01699	0.01671	0.02469	0.23156	0.03209	0.02272	0.01924	0.01990	0.01361	0.01990	0.01183	0.01896	0.01070	0.01230	0.02085	0.00329	0.48501	0.00714	0.00357	0.00892
15	0.01908	0.14714	0.43318	0.02426	0.09883	0.09348	0.02531	0.02612	0.01781	0.02409	0.01389	0.01652	0.01059	0.00761	0.00730	0.00237	0.01150	0.00578	0.00358	0.01155
16	0.71762	0.01555	0.01244	0.01095	0.01606	0.01774	0.00902	0.02502	0.01451	0.08336	0.01283	0.01425	0.00963	0.00772	0.00525	0.00251	0.00632	0.00467	0.00539	0.00916

[dist]
# distance from previous block
# <min> <max>
18	29

[block]
# block no. 8 follows, 23 sequences, length 21
# corresponding to MSA columns:
# 350-370
name=unknown_I
#
# <colnr> <probs for GDERKNQSTAVLIFYWHMCP>
#	G	D	E	R	K	N	Q	S	T	A	V	L	I	F	Y	W	H	M	C	P
0	0.04809	0.23963	0.10680	0.07105	0.02558	0.04704	0.04488	0.04858	0.01841	0.10093	0.04348	0.02317	0.05651	0.00969	0.00919	0.00241	0.08193	0.00713	0.00503	0.01046
1	0.34335	0.08095	0.08467	0.01888	0.08615	0.09970	0.01503	0.02529	0.01614	0.05458	0.01293	0.01560	0.01038	0.00852	0.00876	0.00252	0.09661	0.00543	0.00455	0.00994
2	0.01660	0.02046	0.16001	0.04678	0.02194	0.08296	0.01472	0.04848	0.02159	0.04528	0.32584	0.03836	0.04278	0.01209	0.00848	0.00241	0.00757	0.01017	0.00665	0.06683
3	0.02025	0.59413	0.08586	0.01404	0.02063	0.02856	0.01414	0.02308	0.01604	0.01923	0.01303	0.01755	0.01242	0.08174	0.00920	0.00244	0.00884	0.00525	0.00362	0.00995
4	0.01689	0.01675	0.02310	0.01992	0.02021	0.02295	0.01653	0.01870	0.01307	0.01978	0.01821	0.02412	0.07931	0.01487	0.02483	0.00346	0.62651	0.00816	0.00397	0.00866
5	0.02623	0.01823	0.02008	0.01613	0.02152	0.01957	0.01302	0.36426	0.11948	0.10402	0.04722	0.06288	0.02090	0.01089	0.00805	0.00245	0.00745	0.00871	0.06273	0.04618
6	0.01258	0.01260	0.08299	0.01422	0.01674	0.01166	0.01238	0.01616	0.01365	0.02020	0.02068	0.02953	0.01878	0.05019	0.54271	0.01087	0.05346	0.00827	0.04450	0.00784
7	0.03513	0.01353	0.01842	0.01422	0.02027	0.01171	0.01171	0.03830	0.02321	0.63714	0.06423	0.02931	0.02298	0.01038	0.00823	0.00251	0.00675	0.00849	0.00999	0.01349
8	0.01425	0.00963	0.01244	0.04323	0.01581	0.00954	0.00935	0.08009	0.01928	0.06744	0.10825	0.48897	0.04787	0.02100	0.00979	0.00304	0.00548	0.01878	0.00773	0.00805
9	0.01753	0.01388	0.01660	0.04703	0.02013	0.01136	0.01002	0.04083	0.01720	0.05571	0.01675	0.02201	0.01449	0.09136	0.01052	0.00218	0.00662	0.00601	0.00511	0.57466
10	0.02507	0.04123	0.02097	0.01607	0.02137	0.01820	0.04018	0.29391	0.06950	0.12973	0.05550	0.08487	0.04502	0.01151	0.00816	0.00246	0.00746	0.00950	0.05677	0.04254
11	0.01293	0.01014	0.03990	0.01043	0.01338	0.00810	0.00840	0.01601	0.02025	0.08179	0.28701	0.11892	0.30643	0.01801	0.00944	0.00269	0.00465	0.01545	0.00809	0.00796
12	0.08897	0.01648	0.01765	0.01483	0.01996	0.01758	0.01175	0.12480	0.30516	0.05955	0.09209	0.02798	0.02485	0.01023	0.00771	0.00240	0.00647	0.00828	0.00751	0.13574
13	0.05075	0.01095	0.01380	0.01334	0.05754	0.00980	0.00939	0.01921	0.02020	0.08676	0.31017	0.06684	0.09676	0.01325	0.00830	0.00229	0.00507	0.01141	0.04168	0.15249
14	0.01855	0.08981	0.40142	0.02622	0.07578	0.02073	0.15856	0.06626	0.01900	0.02697	0.01507	0.01818	0.01113	0.00756	0.00796	0.00252	0.01173	0.00681	0.00393	0.01181
15	0.02032	0.01555	0.01798	0.01330	0.02018	0.01323	0.01071	0.09650	0.06195	0.08299	0.01771	0.01893	0.01374	0.00712	0.00659	0.00156	0.00646	0.00567	0.00586	0.56366
16	0.01778	0.04890	0.28186	0.01877	0.04652	0.01724	0.01910	0.10428	0.09595	0.03033	0.10417	0.05816	0.05219	0.01072	0.00809	0.00249	0.00863	0.00882	0.00579	0.06020
17	0.02050	0.02267	0.14730	0.01867	0.02517	0.06078	0.09194	0.16682	0.02304	0.05469	0.06452	0.08036	0.05267	0.03442	0.00938	0.00261	0.00912	0.00930	0.00601	0.10005
18	0.01996	0.04149	0.01785	0.03878	0.02007	0.01316	0.01080	0.08439	0.04156	0.10906	0.08382	0.05931	0.02240	0.00934	0.00718	0.00188	0.00635	0.00771	0.03420	0.37068
19	0.04902	0.05578	0.13782	0.01874	0.04806	0.01801	0.05603	0.16724	0.08096	0.08866	0.11997	0.07520	0.02667	0.01117	0.00827	0.00256	0.00822	0.00945	0.00678	0.01137
20	0.03919	0.02322	0.16111	0.08979	0.02911	0.01903	0.04165	0.17896	0.13121	0.03333	0.01892	0.02048	0.01409	0.00845	0.00762	0.00232	0.00890	0.00686	0.00578	0.15997

[dist]
# distance from previous block
# <min> <max>
18	64

[block]
# block no. 9 follows, 23 sequences, length 43
# corresponding to MSA columns:
# 446-457,463-493
name=unknown_J
#
# <colnr> <probs for GDERKNQSTAVLIFYWHMCP>
#	G	D	E	R	K	N	Q	S	T	A	V	L	I	F	Y	W	H	M	C	P
0	0.04986	0.02116	0.17303	0.01644	0.02332	0.01509	0.03726	0.09911	0.05656	0.09647	0.09147	0.07438	0.02342	0.01024	0.00781	0.00231	0.00784	0.00856	0.00626	0.17940
1	0.01914	0.04006	0.02677	0.02175	0.07900	0.05679	0.16559	0.07361	0.05377	0.02904	0.11522	0.02573	0.02273	0.00868	0.00795	0.00214	0.00874	0.00814	0.00557	0.22957
2	0.01626	0.01309	0.04353	0.08714	0.02250	0.01144	0.05916	0.02073	0.04167	0.09506	0.16449	0.19111	0.03695	0.01382	0.00868	0.00252	0.00668	0.01242	0.00679	0.14597
3	0.04089	0.01606	0.04778	0.01622	0.02138	0.01500	0.09469	0.10952	0.04601	0.05304	0.02084	0.05726	0.01714	0.01128	0.03291	0.00260	0.04712	0.00791	0.16477	0.17758
4	0.02253	0.02083	0.01993	0.01794	0.04321	0.12041	0.01354	0.11730	0.37020	0.03311	0.04857	0.02597	0.02143	0.01005	0.00793	0.00245	0.00798	0.00806	0.00718	0.08138
5	0.60416	0.01593	0.01412	0.01241	0.01691	0.01875	0.01020	0.02534	0.05299	0.06646	0.01360	0.01547	0.01055	0.00862	0.00781	0.00264	0.08424	0.00518	0.00531	0.00930
6	0.01112	0.00854	0.00883	0.00857	0.01152	0.00714	0.00649	0.01324	0.01876	0.05888	0.07934	0.07521	0.62437	0.01995	0.00951	0.00273	0.00427	0.01661	0.00768	0.00725
7	0.01539	0.01435	0.02373	0.56863	0.08135	0.01766	0.02138	0.02032	0.01619	0.02109	0.01665	0.05317	0.01413	0.00971	0.00938	0.00280	0.04968	0.03143	0.00394	0.00904
8	0.01429	0.00802	0.00881	0.04713	0.01245	0.00807	0.00685	0.01793	0.01733	0.02876	0.06315	0.06242	0.07649	0.01128	0.00652	0.00210	0.00425	0.00930	0.58728	0.00755
9	0.01578	0.01331	0.01571	0.01191	0.01810	0.01018	0.00930	0.01905	0.01663	0.02558	0.01899	0.12127	0.01830	0.00894	0.00666	0.00152	0.00581	0.00756	0.00522	0.65017
10	0.02085	0.01796	0.02191	0.10487	0.11872	0.02038	0.01608	0.10867	0.40772	0.03330	0.02656	0.02645	0.02003	0.00996	0.00819	0.00266	0.00772	0.00843	0.00706	0.01249
11	0.01146	0.00784	0.00898	0.00911	0.00945	0.00767	0.00540	0.01196	0.01325	0.01761	0.06974	0.11452	0.07541	0.56491	0.03451	0.00680	0.00709	0.01334	0.00557	0.00536
12	0.02169	0.71972	0.04252	0.01388	0.02083	0.03211	0.01388	0.02430	0.01649	0.01909	0.01128	0.01302	0.01041	0.00694	0.00521	0.00174	0.00868	0.00434	0.00347	0.01041
13	0.02120	0.01730	0.01863	0.01535	0.02082	0.01824	0.01220	0.18486	0.30375	0.03559	0.03000	0.02893	0.07588	0.01047	0.00786	0.00234	0.00676	0.00847	0.00742	0.17395
14	0.01820	0.01758	0.03059	0.29673	0.39098	0.01888	0.06283	0.02337	0.01765	0.02426	0.01501	0.02079	0.01204	0.00754	0.00816	0.00254	0.01035	0.00737	0.00386	0.01126
15	0.03085	0.02273	0.02435	0.01867	0.02516	0.02516	0.01542	0.63716	0.03815	0.05114	0.01948	0.01948	0.01380	0.00974	0.00812	0.00244	0.00893	0.00731	0.00812	0.01380
16	0.01683	0.01442	0.01683	0.01202	0.01923	0.01082	0.00961	0.02043	0.01683	0.02644	0.01442	0.01683	0.01202	0.00601	0.00601	0.00120	0.00601	0.00481	0.00481	0.76444
17	0.03085	0.02273	0.02435	0.01867	0.02516	0.02516	0.01542	0.63716	0.03815	0.05114	0.01948	0.01948	0.01380	0.00974	0.00812	0.00244	0.00893	0.00731	0.00812	0.01380
18	0.01915	0.02189	0.04788	0.03420	0.04241	0.02052	0.63475	0.02599	0.01915	0.02599	0.01642	0.02189	0.01231	0.00684	0.00958	0.00274	0.01368	0.00958	0.00410	0.01094
19	0.01811	0.01037	0.01317	0.01193	0.01501	0.00975	0.00911	0.02320	0.08503	0.18670	0.30639	0.15431	0.09159	0.01608	0.00922	0.00269	0.00501	0.01402	0.00882	0.00947
20	0.01207	0.01367	0.11643	0.01209	0.01569	0.00937	0.01109	0.01663	0.02162	0.03045	0.50260	0.05530	0.12074	0.01554	0.00927	0.00257	0.00516	0.01352	0.00792	0.00827
21	0.01180	0.00787	0.00885	0.00885	0.00885	0.00787	0.00492	0.01180	0.01180	0.01573	0.02557	0.05310	0.02950	0.71483	0.04130	0.00787	0.00787	0.01180	0.00492	0.00492
22	0.02008	0.01928	0.03294	0.04981	0.66422	0.01928	0.02490	0.02490	0.01848	0.02651	0.01526	0.02008	0.01285	0.00723	0.00803	0.00241	0.00964	0.00723	0.00402	0.01285
23	0.01683	0.01442	0.01683	0.01202	0.01923	0.01082	0.00961	0.02043	0.01683	0.02644	0.01442	0.01683	0.01202	0.00601	0.00601	0.00120	0.00601	0.00481	0.00481	0.76444
24	0.01915	0.02189	0.04788	0.03420	0.04241	0.02052	0.63475	0.02599	0.01915	0.02599	0.01642	0.02189	0.01231	0.00684	0.00958	0.00274	0.01368	0.00958	0.00410	0.01094
25	0.01409	0.00705	0.01057	0.01057	0.01057	0.00705	0.00705	0.01057	0.01057	0.01409	0.01409	0.02467	0.01409	0.02819	0.03171	0.76392	0.00705	0.00705	0.00352	0.00352
26	0.00989	0.00706	0.00942	0.01130	0.01177	0.00659	0.00753	0.01130	0.01554	0.02071	0.04472	0.70954	0.05367	0.02542	0.01036	0.00330	0.00471	0.02307	0.00753	0.00659
27	0.77215	0.01569	0.01193	0.01067	0.01569	0.01820	0.00879	0.02385	0.01381	0.03641	0.01130	0.01318	0.00879	0.00753	0.00502	0.00251	0.00628	0.00439	0.00502	0.00879
28	0.01774	0.01665	0.02523	0.03563	0.42149	0.04903	0.01887	0.02196	0.01973	0.02745	0.18821	0.06966	0.03198	0.01081	0.00854	0.00248	0.00807	0.01001	0.00553	0.01094
29	0.72628	0.05872	0.01380	0.01087	0.01601	0.01905	0.00910	0.02388	0.01397	0.03535	0.01130	0.01317	0.00889	0.00750	0.00503	0.00246	0.00642	0.00439	0.00493	0.00889
30	0.01180	0.00787	0.00885	0.00885	0.00885	0.00787	0.00492	0.01180	0.01180	0.01573	0.02557	0.05310	0.02950	0.71483	0.04130	0.00787	0.00787	0.01180	0.00492	0.00492
31	0.73384	0.01563	0.01255	0.04533	0.01773	0.01819	0.00948	0.02369	0.01393	0.03561	0.01146	0.01361	0.00889	0.00756	0.00518	0.00252	0.00651	0.00454	0.00495	0.00880
32	0.07916	0.01349	0.01730	0.01367	0.01930	0.01219	0.01114	0.03483	0.05511	0.48617	0.10547	0.03025	0.02599	0.01052	0.00802	0.00246	0.00642	0.00858	0.00923	0.05069
33	0.02307	0.01778	0.01922	0.01655	0.02143	0.01995	0.01305	0.17988	0.42557	0.07827	0.03054	0.07083	0.02374	0.01157	0.00835	0.00270	0.00693	0.00956	0.00829	0.01273
34	0.67905	0.01725	0.05443	0.01169	0.01724	0.01786	0.01033	0.02493	0.01460	0.07444	0.01277	0.01432	0.00957	0.00770	0.00538	0.00251	0.00668	0.00473	0.00523	0.00930
35	0.01165	0.00922	0.01391	0.07798	0.01813	0.00901	0.04960	0.01476	0.01880	0.02578	0.28557	0.34000	0.05602	0.01903	0.00978	0.00291	0.00552	0.01732	0.00749	0.00753
36	0.01559	0.01470	0.02482	0.65875	0.09036	0.01810	0.02267	0.02097	0.01635	0.02106	0.01447	0.02155	0.01093	0.00806	0.00811	0.00269	0.01075	0.00721	0.00363	0.00923
37	0.02871	0.01349	0.01737	0.01382	0.01914	0.01234	0.01118	0.07155	0.06364	0.42055	0.16140	0.03355	0.03132	0.01122	0.00834	0.00246	0.00631	0.00934	0.00928	0.05500
38	0.01575	0.01485	0.02510	0.63794	0.10997	0.01814	0.02275	0.02110	0.01643	0.02125	0.01450	0.02150	0.01100	0.00803	0.00811	0.00268	0.01071	0.00721	0.00364	0.00936
39	0.56072	0.01561	0.01445	0.04766	0.01918	0.01736	0.01041	0.05581	0.01684	0.15374	0.01569	0.01660	0.01123	0.00813	0.00591	0.00252	0.00676	0.00538	0.00603	0.00997
40	0.03689	0.01000	0.01441	0.06438	0.01775	0.00966	0.04946	0.01662	0.02130	0.03048	0.49336	0.08903	0.06192	0.01519	0.00925	0.00258	0.00520	0.01362	0.00788	0.03103
41	0.12541	0.02055	0.04024	0.02944	0.03628	0.02067	0.47761	0.02497	0.01765	0.02674	0.01505	0.02020	0.01163	0.00776	0.01083	0.00279	0.08903	0.00857	0.00417	0.01041
42	0.58717	0.01642	0.01440	0.01218	0.01755	0.01841	0.01004	0.10802	0.01817	0.11195	0.01480	0.01570	0.01077	0.00812	0.00580	0.00250	0.00671	0.00522	0.00602	0.01004

[dist]
# distance from previous block
# <min> <max>
2	5

[block]
# block no. 10 follows, 23 sequences, length 12
# corresponding to MSA columns:
# 499-502,508-515
name=unknown_K
#
# <colnr> <probs for GDERKNQSTAVLIFYWHMCP>
#	G	D	E	R	K	N	Q	S	T	A	V	L	I	F	Y	W	H	M	C	P
0	0.32414	0.01506	0.01515	0.01298	0.01783	0.01611	0.01055	0.09719	0.08846	0.11265	0.10070	0.02856	0.02354	0.01043	0.00713	0.00252	0.00643	0.04452	0.00697	0.05907
1	0.03059	0.02203	0.02449	0.02009	0.05893	0.02409	0.01573	0.57041	0.03625	0.08519	0.01997	0.01998	0.01411	0.00962	0.00812	0.00244	0.00885	0.00735	0.00801	0.01375
2	0.03085	0.02273	0.02435	0.01867	0.02516	0.02516	0.01542	0.63716	0.03815	0.05114	0.01948	0.01948	0.01380	0.00974	0.00812	0.00244	0.00893	0.00731	0.00812	0.01380
3	0.01683	0.01442	0.01683	0.01202	0.01923	0.01082	0.00961	0.02043	0.01683	0.02644	0.01442	0.01683	0.01202	0.00601	0.00601	0.00120	0.00601	0.00481	0.00481	0.76444
4	0.01057	0.00799	0.01129	0.09717	0.01731	0.00803	0.00942	0.01248	0.01562	0.02072	0.04092	0.62318	0.04829	0.02325	0.01008	0.00322	0.00547	0.02108	0.00704	0.00689
5	0.03357	0.02026	0.02141	0.01683	0.02292	0.10101	0.01370	0.26160	0.02876	0.35742	0.02489	0.02295	0.01653	0.00972	0.00804	0.00243	0.00863	0.00747	0.00859	0.01325
6	0.01524	0.01163	0.01342	0.01215	0.01513	0.01181	0.00931	0.11696	0.10337	0.03298	0.33451	0.11199	0.14693	0.01620	0.00925	0.00266	0.00509	0.01394	0.00838	0.00907
7	0.01793	0.01648	0.02562	0.36752	0.15980	0.04035	0.06067	0.05724	0.01827	0.02488	0.01613	0.02181	0.01256	0.00834	0.00860	0.00256	0.03610	0.00734	0.08783	0.00998
8	0.06910	0.01664	0.01750	0.06280	0.12146	0.13736	0.01290	0.02086	0.02104	0.02836	0.33050	0.04031	0.06414	0.01251	0.00850	0.00246	0.00741	0.01060	0.00660	0.00895
9	0.13947	0.01508	0.01722	0.01381	0.01971	0.01456	0.01115	0.03373	0.16672	0.28139	0.02518	0.02364	0.01767	0.00899	0.00723	0.00227	0.00650	0.00708	0.00769	0.18093
10	0.02143	0.01421	0.01742	0.01437	0.01860	0.06942	0.05321	0.02589	0.04805	0.21187	0.31443	0.04056	0.04414	0.01245	0.00870	0.00244	0.00657	0.01080	0.00821	0.05724
11	0.01932	0.01963	0.05413	0.07966	0.31217	0.06391	0.01957	0.02856	0.17772	0.02710	0.02467	0.02973	0.05125	0.00999	0.00831	0.00260	0.00894	0.04564	0.00544	0.01165

[dist]
# distance from previous block
# <min> <max>
0	4

[block]
# block no. 11 follows, 23 sequences, length 13
# corresponding to MSA columns:
# 520-532
name=unknown_L
#
# <colnr> <probs for GDERKNQSTAVLIFYWHMCP>
#	G	D	E	R	K	N	Q	S	T	A	V	L	I	F	Y	W	H	M	C	P
0	0.02939	0.07037	0.02417	0.02038	0.02472	0.56503	0.01566	0.08346	0.02352	0.02250	0.01300	0.01510	0.01075	0.00866	0.00811	0.00217	0.04333	0.00544	0.00446	0.00981
1	0.01857	0.04143	0.56668	0.02276	0.03348	0.12718	0.02764	0.02679	0.01809	0.02474	0.01423	0.01672	0.01031	0.00782	0.00764	0.00249	0.01242	0.00587	0.00355	0.01157
2	0.03031	0.03867	0.02299	0.02090	0.02508	0.68226	0.01568	0.03240	0.02299	0.01986	0.01254	0.01463	0.01045	0.00836	0.00732	0.00209	0.01463	0.00523	0.00418	0.00941
3	0.01845	0.01709	0.02833	0.08792	0.48541	0.01717	0.02209	0.02308	0.01827	0.02573	0.01969	0.03171	0.01820	0.00971	0.00846	0.00259	0.00920	0.10548	0.00459	0.04682
4	0.47290	0.01383	0.01312	0.06615	0.01833	0.01556	0.00985	0.04527	0.01748	0.03465	0.19018	0.02715	0.02778	0.01016	0.00664	0.00253	0.00607	0.00756	0.00610	0.00869
5	0.01705	0.01775	0.03196	0.02501	0.05077	0.04921	0.32960	0.02213	0.01977	0.02693	0.19406	0.06427	0.03176	0.01085	0.01023	0.00266	0.04609	0.01104	0.00559	0.03328
6	0.02355	0.01829	0.02122	0.12772	0.02767	0.02050	0.01514	0.34754	0.12790	0.03902	0.02619	0.07413	0.04715	0.01173	0.00848	0.00265	0.00828	0.03370	0.00731	0.01182
7	0.46283	0.01624	0.01364	0.01211	0.01665	0.06926	0.00968	0.02580	0.06317	0.09111	0.10476	0.02445	0.04236	0.00974	0.00649	0.00251	0.00661	0.00697	0.00626	0.00937
8	0.02008	0.01928	0.03294	0.04981	0.66422	0.01928	0.02490	0.02490	0.01848	0.02651	0.01526	0.02008	0.01285	0.00723	0.00803	0.00241	0.00964	0.00723	0.00402	0.01285
9	0.01627	0.01471	0.02694	0.04617	0.02724	0.01349	0.25924	0.02042	0.01762	0.05955	0.02715	0.27016	0.02760	0.01366	0.00920	0.00270	0.00883	0.01359	0.00576	0.11969
10	0.01940	0.01859	0.03171	0.14186	0.57746	0.01910	0.02456	0.02431	0.01816	0.02569	0.01514	0.02030	0.01256	0.00736	0.00804	0.00245	0.00981	0.00723	0.00396	0.01231
11	0.01930	0.01988	0.03770	0.02912	0.08594	0.01828	0.39673	0.05832	0.01957	0.02753	0.01600	0.02036	0.01237	0.00683	0.00849	0.00231	0.01119	0.00808	0.00449	0.19751
12	0.01861	0.01850	0.02798	0.35888	0.31914	0.07222	0.02302	0.02350	0.01776	0.02319	0.01464	0.02039	0.01168	0.00775	0.00801	0.00253	0.01061	0.00706	0.00383	0.01072

[dist]
# distance from previous block
# <min> <max>
0	9

[block]
# block no. 12 follows, 23 sequences, length 9
# corresponding to MSA columns:
# 542-550
name=unknown_M
#
# <colnr> <probs for GDERKNQSTAVLIFYWHMCP>
#	G	D	E	R	K	N	Q	S	T	A	V	L	I	F	Y	W	H	M	C	P
0	0.01749	0.15788	0.50293	0.02259	0.03334	0.02131	0.08551	0.02548	0.01721	0.02458	0.01417	0.01687	0.01050	0.00749	0.00745	0.00244	0.01158	0.00605	0.00350	0.01162
1	0.66376	0.01453	0.01130	0.01023	0.01480	0.01668	0.00834	0.02314	0.01427	0.03552	0.01347	0.01563	0.01051	0.00781	0.00511	0.00242	0.00592	0.00485	0.11310	0.00861
2	0.01532	0.01442	0.02434	0.69533	0.05589	0.01803	0.02253	0.02073	0.01622	0.02073	0.01442	0.02163	0.01082	0.00811	0.00811	0.00270	0.01082	0.00721	0.00361	0.00901
3	0.03085	0.02273	0.02435	0.01867	0.02516	0.02516	0.01542	0.63716	0.03815	0.05114	0.01948	0.01948	0.01380	0.00974	0.00812	0.00244	0.00893	0.00731	0.00812	0.01380
4	0.01683	0.01442	0.01683	0.01202	0.01923	0.01082	0.00961	0.02043	0.01683	0.02644	0.01442	0.01683	0.01202	0.00601	0.00601	0.00120	0.00601	0.00481	0.00481	0.76444
5	0.00989	0.00706	0.00942	0.01130	0.01177	0.00659	0.00753	0.01130	0.01554	0.02071	0.04472	0.70954	0.05367	0.02542	0.01036	0.00330	0.00471	0.02307	0.00753	0.00659
6	0.01915	0.02189	0.04788	0.03420	0.04241	0.02052	0.63475	0.02599	0.01915	0.02599	0.01642	0.02189	0.01231	0.00684	0.00958	0.00274	0.01368	0.00958	0.00410	0.01094
7	0.01008	0.00819	0.00898	0.00919	0.01155	0.00708	0.00692	0.01241	0.01880	0.02333	0.15155	0.13753	0.48843	0.02062	0.00976	0.00283	0.00434	0.05373	0.00771	0.00697
8	0.00989	0.00706	0.00942	0.01130	0.01177	0.00659	0.00753	0.01130	0.01554	0.02071	0.04472	0.70954	0.05367	0.02542	0.01036	0.00330	0.00471	0.02307	0.00753	0.00659

[dist]
# distance from previous block
# <min> <max>
7	13

[block]
# block no. 13 follows, 23 sequences, length 11
# corresponding to MSA columns:
# 564-574
name=unknown_N
#
# <colnr> <probs for GDERKNQSTAVLIFYWHMCP>
#	G	D	E	R	K	N	Q	S	T	A	V	L	I	F	Y	W	H	M	C	P
0	0.01859	0.02067	0.04384	0.03145	0.03925	0.01919	0.55978	0.02505	0.01920	0.02637	0.05062	0.02362	0.01572	0.00730	0.00934	0.00262	0.01264	0.00953	0.00441	0.06081
1	0.01339	0.00980	0.01317	0.01443	0.01650	0.00992	0.01233	0.01857	0.06619	0.02611	0.12497	0.08283	0.04907	0.02079	0.01077	0.00350	0.00690	0.48514	0.00773	0.00790
2	0.02080	0.02048	0.03118	0.04536	0.57279	0.06508	0.02338	0.02676	0.06524	0.02660	0.01638	0.02046	0.01356	0.00759	0.00800	0.00241	0.00975	0.00723	0.00434	0.01261
