[name]
unknown

[dist]
# distance from previous block
# <min> <max>
0	24

[block]
# block no. 0 follows, 25 sequences, length 65
# corresponding to MSA columns:
# 24-88
name=unknown_A
#
# <colnr> <probs for GDERKNQSTAVLIFYWHMCP>
#	G	D	E	R	K	N	Q	S	T	A	V	L	I	F	Y	W	H	M	C	P
0	0.05602	0.01076	0.01368	0.01178	0.01554	0.00985	0.00941	0.02367	0.04187	0.23522	0.31182	0.04417	0.04410	0.01298	0.00834	0.00243	0.00524	0.06442	0.00823	0.07045
1	0.02056	0.01796	0.03029	0.04463	0.62133	0.01781	0.02271	0.02502	0.01805	0.08313	0.01599	0.01982	0.01289	0.00714	0.00769	0.00231	0.00898	0.00699	0.00434	0.01236
2	0.15865	0.01883	0.02286	0.11103	0.16133	0.02084	0.01635	0.33084	0.02578	0.03780	0.01578	0.01793	0.01179	0.00824	0.00722	0.00237	0.00845	0.00646	0.00587	0.01157
3	0.01038	0.00758	0.00976	0.00989	0.01139	0.00696	0.00716	0.01323	0.01954	0.02698	0.44241	0.25092	0.11772	0.01860	0.00936	0.00266	0.00392	0.01653	0.00804	0.00696
4	0.01249	0.00893	0.01110	0.01186	0.01398	0.00858	0.00949	0.01643	0.06359	0.05404	0.05062	0.20869	0.21840	0.02018	0.00977	0.00310	0.00560	0.25835	0.00734	0.00746
5	0.01136	0.00863	0.01054	0.00993	0.01211	0.00817	0.00749	0.01624	0.07426	0.02951	0.52245	0.05832	0.16969	0.01604	0.00904	0.00248	0.00391	0.01398	0.00826	0.00760
6	0.02858	0.01458	0.01781	0.01459	0.01994	0.01456	0.01175	0.03915	0.27967	0.42338	0.03098	0.02741	0.02099	0.00997	0.00783	0.00249	0.00641	0.00819	0.00891	0.01283
7	0.01108	0.00831	0.01246	0.01246	0.01385	0.00969	0.00969	0.01385	0.01246	0.01800	0.02077	0.03046	0.01938	0.05815	0.69678	0.01246	0.02077	0.00831	0.00415	0.00692
8	0.03100	0.01291	0.01708	0.01348	0.01884	0.01163	0.01094	0.03550	0.07505	0.56090	0.07379	0.02965	0.02354	0.03755	0.00911	0.00262	0.00640	0.00843	0.00920	0.01240
9	0.00945	0.00675	0.00900	0.01080	0.01125	0.00630	0.00720	0.01080	0.01484	0.01979	0.04274	0.72245	0.05128	0.02429	0.00990	0.00315	0.00450	0.02204	0.00720	0.00630
10	0.01347	0.00673	0.01010	0.01010	0.01010	0.00673	0.00673	0.01010	0.01010	0.01347	0.01347	0.02357	0.01347	0.02694	0.03030	0.77441	0.00673	0.00673	0.00337	0.00337
11	0.03283	0.01276	0.01737	0.01346	0.01912	0.01106	0.01106	0.03588	0.02217	0.63069	0.08367	0.02899	0.02364	0.01011	0.00791	0.00240	0.00636	0.00831	0.00951	0.01271
12	0.01079	0.00797	0.01022	0.01051	0.01228	0.00739	0.00814	0.01386	0.01948	0.02634	0.36486	0.15322	0.16273	0.01871	0.00957	0.00279	0.00453	0.14174	0.00786	0.00702
13	0.78228	0.01499	0.01140	0.01020	0.01499	0.01739	0.00840	0.02279	0.01320	0.03479	0.01080	0.01260	0.00840	0.00720	0.00480	0.00240	0.00600	0.00420	0.00480	0.00840
14	0.78228	0.01499	0.01140	0.01020	0.01499	0.01739	0.00840	0.02279	0.01320	0.03479	0.01080	0.01260	0.00840	0.00720	0.00480	0.00240	0.00600	0.00420	0.00480	0.00840
15	0.01534	0.01298	0.01528	0.01136	0.01753	0.00989	0.00895	0.01863	0.01623	0.02508	0.04407	0.07313	0.01721	0.00762	0.00621	0.00136	0.00556	0.00636	0.00496	0.68223
16	0.00995	0.00698	0.00924	0.01072	0.01126	0.00659	0.00727	0.01127	0.01490	0.01993	0.07012	0.58295	0.04894	0.07886	0.01288	0.02838	0.00490	0.05176	0.00694	0.00617
17	0.78228	0.01499	0.01140	0.01020	0.01499	0.01739	0.00840	0.02279	0.01320	0.03479	0.01080	0.01260	0.00840	0.00720	0.00480	0.00240	0.00600	0.00420	0.00480	0.00840
18	0.00945	0.00675	0.00900	0.01080	0.01125	0.00630	0.00720	0.01080	0.01484	0.01979	0.04274	0.72245	0.05128	0.02429	0.00990	0.00315	0.00450	0.02204	0.00720	0.00630
19	0.01696	0.01696	0.02375	0.02036	0.02036	0.02375	0.01696	0.01866	0.01187	0.01866	0.01018	0.01696	0.01018	0.01357	0.02545	0.00339	0.71332	0.00679	0.00339	0.00848
20	0.01696	0.01696	0.02375	0.02036	0.02036	0.02375	0.01696	0.01866	0.01187	0.01866	0.01018	0.01696	0.01018	0.01357	0.02545	0.00339	0.71332	0.00679	0.00339	0.00848
21	0.00959	0.00703	0.00881	0.01009	0.01091	0.00647	0.00679	0.01102	0.01527	0.01999	0.06830	0.53942	0.15471	0.07827	0.01206	0.00338	0.00461	0.01998	0.00705	0.00625
22	0.01108	0.00831	0.01246	0.01246	0.01385	0.00969	0.00969	0.01385	0.01246	0.01800	0.02077	0.03046	0.01938	0.05815	0.69678	0.01246	0.02077	0.00831	0.00415	0.00692
23	0.00945	0.00675	0.00900	0.01080	0.01125	0.00630	0.00720	0.01080	0.01484	0.01979	0.04274	0.72245	0.05128	0.02429	0.00990	0.00315	0.00450	0.02204	0.00720	0.00630
24	0.58915	0.01598	0.03989	0.13081	0.02336	0.01749	0.03989	0.02244	0.01393	0.03141	0.01164	0.01448	0.00893	0.00727	0.00559	0.00244	0.00725	0.00493	0.00447	0.00864
25	0.01464	0.01378	0.02326	0.70887	0.05340	0.01723	0.02153	0.01981	0.01550	0.01981	0.01378	0.02067	0.01034	0.00775	0.00775	0.00258	0.01034	0.00689	0.00345	0.00861
26	0.02073	0.73217	0.04063	0.01327	0.01990	0.03068	0.01327	0.02322	0.01575	0.01824	0.01078	0.01244	0.00995	0.00663	0.00498	0.00166	0.00829	0.00415	0.00332	0.00995
27	0.02904	0.02210	0.02299	0.01784	0.02388	0.04980	0.01465	0.60447	0.06137	0.04705	0.01888	0.01885	0.01349	0.00931	0.00773	0.00233	0.00865	0.00698	0.00762	0.01299
28	0.01707	0.01727	0.02547	0.02132	0.02193	0.02342	0.06658	0.01914	0.01238	0.01914	0.01061	0.01727	0.01030	0.01302	0.02417	0.00333	0.65851	0.00697	0.00343	0.00864
29	0.03357	0.01347	0.01796	0.01395	0.01982	0.01201	0.01146	0.03805	0.07251	0.63348	0.03067	0.02659	0.01954	0.00967	0.00780	0.00242	0.00656	0.00787	0.00946	0.01312
30	0.00945	0.00675	0.00900	0.01080	0.01125	0.00630	0.00720	0.01080	0.01484	0.01979	0.04274	0.72245	0.05128	0.02429	0.00990	0.00315	0.00450	0.02204	0.00720	0.00630
31	0.00945	0.00675	0.00900	0.01080	0.01125	0.00630	0.00720	0.01080	0.01484	0.01979	0.04274	0.72245	0.05128	0.02429	0.00990	0.00315	0.00450	0.02204	0.00720	0.00630
32	0.01347	0.00673	0.01010	0.01010	0.01010	0.00673	0.00673	0.01010	0.01010	0.01347	0.01347	0.02357	0.01347	0.02694	0.03030	0.77441	0.00673	0.00673	0.00337	0.00337
33	0.01140	0.00841	0.01107	0.01249	0.01427	0.00808	0.01042	0.01434	0.01741	0.02228	0.04898	0.17026	0.17524	0.02144	0.01028	0.00332	0.00612	0.42011	0.00716	0.00690
34	0.00950	0.00685	0.00900	0.01061	0.01122	0.00635	0.00714	0.01098	0.01529	0.02035	0.07247	0.66240	0.08174	0.02370	0.00983	0.00309	0.00443	0.02142	0.00726	0.00635
35	0.01929	0.01666	0.01753	0.01578	0.02016	0.01929	0.01227	0.04120	0.66513	0.03243	0.03156	0.02893	0.02367	0.01052	0.00789	0.00263	0.00614	0.00877	0.00789	0.01227
36	0.00982	0.00687	0.00883	0.01033	0.01089	0.00645	0.00686	0.01119	0.01473	0.01989	0.04181	0.61089	0.07183	0.07964	0.01202	0.00341	0.00468	0.02026	0.04338	0.00622
37	0.78228	0.01499	0.01140	0.01020	0.01499	0.01739	0.00840	0.02279	0.01320	0.03479	0.01080	0.01260	0.00840	0.00720	0.00480	0.00240	0.00600	0.00420	0.00480	0.00840
38	0.78228	0.01499	0.01140	0.01020	0.01499	0.01739	0.00840	0.02279	0.01320	0.03479	0.01080	0.01260	0.00840	0.00720	0.00480	0.00240	0.00600	0.00420	0.00480	0.00840
39	0.01128	0.00752	0.00846	0.00846	0.00846	0.00752	0.00470	0.01128	0.01128	0.01503	0.02443	0.05074	0.02819	0.72751	0.03946	0.00752	0.00752	0.01128	0.00470	0.00470
40	0.78228	0.01499	0.01140	0.01020	0.01499	0.01739	0.00840	0.02279	0.01320	0.03479	0.01080	0.01260	0.00840	0.00720	0.00480	0.00240	0.00600	0.00420	0.00480	0.00840
41	0.01054	0.00761	0.00906	0.00910	0.01026	0.00710	0.00614	0.01231	0.01653	0.02217	0.25554	0.14854	0.16650	0.26196	0.01966	0.00431	0.00515	0.01460	0.00679	0.00614
42	0.78228	0.01499	0.01140	0.01020	0.01499	0.01739	0.00840	0.02279	0.01320	0.03479	0.01080	0.01260	0.00840	0.00720	0.00480	0.00240	0.00600	0.00420	0.00480	0.00840
43	0.01347	0.00673	0.01010	0.01010	0.01010	0.00673	0.00673	0.01010	0.01010	0.01347	0.01347	0.02357	0.01347	0.02694	0.03030	0.77441	0.00673	0.00673	0.00337	0.00337
44	0.02047	0.01039	0.01349	0.01183	0.01539	0.00941	0.00943	0.04401	0.02109	0.27772	0.22735	0.09669	0.12196	0.01486	0.00879	0.00260	0.00537	0.07107	0.00852	0.00956
45	0.01464	0.01378	0.02326	0.70887	0.05340	0.01723	0.02153	0.01981	0.01550	0.01981	0.01378	0.02067	0.01034	0.00775	0.00775	0.00258	0.01034	0.00689	0.00345	0.00861
46	0.01618	0.12360	0.60932	0.02103	0.03191	0.01954	0.02679	0.02439	0.01630	0.02379	0.01354	0.01590	0.00984	0.00728	0.00708	0.00236	0.01108	0.00554	0.00328	0.01128
47	0.01087	0.00759	0.00896	0.00894	0.00968	0.00729	0.00569	0.01212	0.01494	0.02019	0.20400	0.10724	0.09678	0.42277	0.02650	0.00541	0.00595	0.01328	0.00613	0.00568
48	0.01056	0.00790	0.00857	0.00866	0.00988	0.00743	0.00563	0.01220	0.03636	0.01835	0.04758	0.11339	0.28654	0.36618	0.02401	0.00506	0.00581	0.01407	0.00600	0.00582
49	0.01463	0.01327	0.02200	0.65396	0.04993	0.01644	0.02027	0.01967	0.01556	0.02052	0.01468	0.02132	0.01108	0.00785	0.00757	0.00252	0.00981	0.00692	0.06348	0.00850
50	0.00920	0.00770	0.00801	0.00826	0.01058	0.00651	0.00607	0.01108	0.01728	0.02079	0.07357	0.16458	0.58925	0.02028	0.00927	0.00269	0.00401	0.01715	0.00720	0.00651
51	0.01608	0.01378	0.01608	0.01148	0.01837	0.01034	0.00919	0.01952	0.01608	0.02527	0.01378	0.01608	0.01148	0.00574	0.00574	0.00115	0.00574	0.00459	0.00459	0.77491
52	0.03272	0.01483	0.01880	0.01460	0.02050	0.01404	0.01200	0.13657	0.07479	0.53173	0.02875	0.02534	0.01858	0.00962	0.00780	0.00241	0.00687	0.00774	0.00917	0.01312
53	0.01108	0.00831	0.01246	0.01246	0.01385	0.00969	0.00969	0.01385	0.01246	0.01800	0.02077	0.03046	0.01938	0.05815	0.69678	0.01246	0.02077	0.00831	0.00415	0.00692
54	0.01097	0.00793	0.01036	0.00975	0.01158	0.00732	0.00732	0.01463	0.02195	0.03109	0.67505	0.05792	0.07316	0.01585	0.00914	0.00244	0.00366	0.01402	0.00854	0.00732
55	0.20452	0.05433	0.05223	0.04341	0.04420	0.07931	0.01407	0.22635	0.09449	0.06369	0.01693	0.01791	0.01264	0.00864	0.00751	0.00238	0.03429	0.00618	0.00595	0.01097
56	0.01641	0.03825	0.63407	0.02223	0.03333	0.01782	0.05471	0.02508	0.01668	0.04992	0.01463	0.01695	0.01027	0.00742	0.00746	0.00246	0.01134	0.00596	0.00354	0.01148
57	0.03283	0.01276	0.01737	0.01346	0.01912	0.01106	0.01106	0.03588	0.02217	0.63080	0.08356	0.02898	0.02363	0.01011	0.00791	0.00240	0.00636	0.00831	0.00951	0.01271
58	0.02846	0.03599	0.02247	0.02141	0.05802	0.66115	0.01544	0.03059	0.02175	0.01931	0.01212	0.01425	0.01011	0.00793	0.00703	0.00201	0.01373	0.00509	0.00399	0.00916
59	0.01807	0.01883	0.03666	0.17966	0.14551	0.01927	0.35862	0.04994	0.01808	0.02458	0.01498	0.02031	0.01153	0.00728	0.00927	0.00258	0.04238	0.00810	0.00394	0.01039
60	0.05540	0.33436	0.29108	0.01863	0.05930	0.02336	0.01966	0.02424	0.01613	0.05112	0.01306	0.01510	0.01036	0.00732	0.00684	0.00213	0.03240	0.00516	0.00368	0.01068
61	0.05883	0.01348	0.01697	0.01345	0.01895	0.01234	0.01099	0.06209	0.07050	0.42662	0.07193	0.02891	0.02255	0.00997	0.00763	0.00231	0.00634	0.03162	0.00840	0.10611
62	0.02018	0.15092	0.41556	0.02008	0.04918	0.04702	0.02252	0.05329	0.01816	0.11027	0.01571	0.01711	0.01129	0.00763	0.00703	0.00229	0.01020	0.00579	0.00434	0.01143
63	0.14310	0.02006	0.08012	0.17272	0.28199	0.07192	0.01962	0.02480	0.06739	0.02571	0.01486	0.01853	0.01174	0.00754	0.00716	0.00239	0.00925	0.00636	0.00419	0.01055
64	0.10767	0.10004	0.18344	0.05430	0.15230	0.01682	0.01784	0.02360	0.01730	0.10328	0.07523	0.05500	0.01993	0.00947	0.00732	0.00240	0.00825	0.03028	0.00510	0.01042

[dist]
# distance from previous block
# <min> <max>
2	11

[block]
# block no. 1 follows, 25 sequences, length 100
# corresponding to MSA columns:
# 100-199
name=unknown_B
#
# <colnr> <probs for GDERKNQSTAVLIFYWHMCP>
#	G	D	E	R	K	N	Q	S	T	A	V	L	I	F	Y	W	H	M	C	P
0	0.01445	0.01153	0.01485	0.08221	0.01962	0.01035	0.01020	0.01733	0.01589	0.04767	0.04801	0.23543	0.02614	0.01253	0.00835	0.00211	0.03913	0.01076	0.00556	0.36788
1	0.01608	0.01378	0.01608	0.01148	0.01837	0.01034	0.00919	0.01952	0.01608	0.02527	0.01378	0.01608	0.01148	0.00574	0.00574	0.00115	0.00574	0.00459	0.00459	0.77491
2	0.01704	0.01435	0.01659	0.01194	0.01878	0.01132	0.00959	0.06504	0.01754	0.02696	0.01413	0.01626	0.01161	0.00600	0.00589	0.00123	0.00594	0.00477	0.00482	0.72020
3	0.01542	0.00938	0.01194	0.01057	0.01348	0.00852	0.00815	0.01950	0.04576	0.14250	0.46157	0.05132	0.11358	0.01453	0.00874	0.00241	0.00436	0.01261	0.00843	0.03726
4	0.37889	0.02006	0.01763	0.01450	0.01984	0.08541	0.01182	0.30094	0.02427	0.03947	0.01435	0.01538	0.01066	0.00820	0.00631	0.00233	0.00788	0.00550	0.00602	0.01056
5	0.01487	0.01170	0.01409	0.01133	0.01631	0.00921	0.00868	0.01776	0.01621	0.04943	0.04629	0.20325	0.02448	0.01113	0.00704	0.00177	0.00537	0.00964	0.00561	0.51585
6	0.01393	0.00892	0.01093	0.01008	0.01243	0.00829	0.00749	0.01765	0.05338	0.10559	0.35803	0.07482	0.16824	0.10085	0.01257	0.00311	0.00468	0.01334	0.00789	0.00780
7	0.01464	0.01378	0.02326	0.70887	0.05340	0.01723	0.02153	0.01981	0.01550	0.01981	0.01378	0.02067	0.01034	0.00775	0.00775	0.00258	0.01034	0.00689	0.00345	0.00861
8	0.01128	0.00752	0.00846	0.00846	0.00846	0.00752	0.00470	0.01128	0.01128	0.01503	0.02443	0.05074	0.02819	0.72751	0.03946	0.00752	0.00752	0.01128	0.00470	0.00470
9	0.02995	0.01249	0.01669	0.01322	0.01843	0.01113	0.01076	0.03407	0.05664	0.53960	0.13907	0.03183	0.02851	0.01070	0.00803	0.00242	0.00608	0.00890	0.00933	0.01216
10	0.78228	0.01499	0.01140	0.01020	0.01499	0.01739	0.00840	0.02279	0.01320	0.03479	0.01080	0.01260	0.00840	0.00720	0.00480	0.00240	0.00600	0.00420	0.00480	0.00840
11	0.01830	0.02092	0.04575	0.03268	0.04052	0.01961	0.65098	0.02484	0.01830	0.02484	0.01569	0.02092	0.01176	0.00654	0.00915	0.00261	0.01307	0.00915	0.00392	0.01046
12	0.01045	0.00791	0.00964	0.00921	0.01126	0.00709	0.00690	0.01362	0.02071	0.02816	0.50283	0.06274	0.24720	0.01694	0.00915	0.00249	0.00374	0.01470	0.00815	0.00709
13	0.01545	0.00833	0.00849	0.00808	0.01014	0.00850	0.00609	0.06554	0.01756	0.02981	0.02475	0.02907	0.01973	0.03999	0.00706	0.00209	0.00415	0.00738	0.68022	0.00757
14	0.01097	0.00793	0.01036	0.00975	0.01158	0.00732	0.00732	0.01463	0.02195	0.03109	0.67505	0.05792	0.07316	0.01585	0.00914	0.00244	0.00366	0.01402	0.00854	0.00732
15	0.78228	0.01499	0.01140	0.01020	0.01499	0.01739	0.00840	0.02279	0.01320	0.03479	0.01080	0.01260	0.00840	0.00720	0.00480	0.00240	0.00600	0.00420	0.00480	0.00840
16	0.00940	0.00786	0.00819	0.00811	0.01062	0.00665	0.00608	0.01159	0.01824	0.02228	0.15723	0.07242	0.59647	0.01914	0.00916	0.00259	0.00389	0.01606	0.00738	0.00665
17	0.01108	0.00831	0.01246	0.01246	0.01385	0.00969	0.00969	0.01385	0.01246	0.01800	0.02077	0.03046	0.01938	0.05815	0.69678	0.01246	0.02077	0.00831	0.00415	0.00692
18	0.01128	0.00752	0.00846	0.00846	0.00846	0.00752	0.00470	0.01128	0.01128	0.01503	0.02443	0.05074	0.02819	0.72751	0.03946	0.00752	0.00752	0.01128	0.00470	0.00470
19	0.78228	0.01499	0.01140	0.01020	0.01499	0.01739	0.00840	0.02279	0.01320	0.03479	0.01080	0.01260	0.00840	0.00720	0.00480	0.00240	0.00600	0.00420	0.00480	0.00840
20	0.02035	0.01588	0.01731	0.01501	0.01935	0.01762	0.01188	0.16634	0.37740	0.05952	0.11552	0.03401	0.05298	0.01161	0.00816	0.00256	0.00629	0.02877	0.00796	0.01147
21	0.01097	0.00798	0.01036	0.00991	0.01177	0.00737	0.00753	0.01455	0.02153	0.03021	0.61404	0.06026	0.09891	0.01632	0.00923	0.00251	0.00386	0.04701	0.00840	0.00727
22	0.03479	0.01320	0.01799	0.01380	0.01979	0.01140	0.01140	0.03779	0.02219	0.68451	0.03059	0.02639	0.01919	0.00960	0.00780	0.00240	0.00660	0.00780	0.00960	0.01320
23	0.00973	0.00695	0.00930	0.01101	0.01161	0.00653	0.00759	0.01133	0.01533	0.02047	0.06640	0.65090	0.05162	0.02376	0.00993	0.00315	0.00466	0.06608	0.00724	0.00640
24	0.00927	0.00780	0.00804	0.00811	0.01057	0.00657	0.00603	0.01128	0.01773	0.02138	0.10569	0.10855	0.61311	0.01970	0.00920	0.00264	0.00394	0.01655	0.00727	0.00657
25	0.51462	0.01633	0.01462	0.01223	0.01730	0.01843	0.01006	0.19079	0.01989	0.06440	0.01438	0.01555	0.01066	0.00794	0.00574	0.00235	0.00658	0.00523	0.04309	0.00981
26	0.00945	0.00675	0.00900	0.01080	0.01125	0.00630	0.00720	0.01080	0.01484	0.01979	0.04274	0.72245	0.05128	0.02429	0.00990	0.00315	0.00450	0.02204	0.00720	0.00630
27	0.02829	0.03278	0.02347	0.02110	0.04943	0.51844	0.03913	0.14788	0.02440	0.02508	0.01347	0.01531	0.01074	0.00814	0.00724	0.00209	0.01274	0.00560	0.00470	0.00996
28	0.02813	0.02105	0.02251	0.01757	0.02353	0.02342	0.01441	0.57250	0.11943	0.04670	0.02032	0.01998	0.01457	0.00947	0.00777	0.00237	0.00822	0.00722	0.00777	0.01307
29	0.00970	0.00686	0.00892	0.01047	0.01085	0.00647	0.00685	0.01086	0.01434	0.01912	0.04016	0.62784	0.04803	0.12333	0.01406	0.00376	0.00492	0.02053	0.00685	0.00607
30	0.02747	0.02299	0.02307	0.10801	0.02785	0.12477	0.01566	0.47687	0.03154	0.04057	0.01698	0.01818	0.01233	0.00891	0.00764	0.00231	0.00959	0.00667	0.00663	0.01196
31	0.01127	0.00754	0.00859	0.00859	0.00864	0.00759	0.00487	0.01136	0.01132	0.01514	0.02430	0.05004	0.02789	0.70443	0.06213	0.00769	0.00797	0.01117	0.00468	0.00477
32	0.01128	0.00752	0.00846	0.00846	0.00846	0.00752	0.00470	0.01128	0.01128	0.01503	0.02443	0.05074	0.02819	0.72751	0.03946	0.00752	0.00752	0.01128	0.00470	0.00470
33	0.01153	0.04243	0.01379	0.01250	0.01413	0.01068	0.00986	0.01429	0.01262	0.01801	0.02030	0.02961	0.01894	0.05572	0.66417	0.01195	0.02018	0.00811	0.00411	0.00707
34	0.00977	0.00694	0.00908	0.01047	0.01101	0.00651	0.00697	0.01122	0.01519	0.02044	0.10269	0.59273	0.05119	0.09135	0.01268	0.00350	0.00471	0.02022	0.00709	0.00624
35	0.00926	0.00749	0.00823	0.00882	0.01073	0.00646	0.00632	0.01102	0.01674	0.02057	0.06675	0.28803	0.47019	0.02117	0.00941	0.00279	0.00412	0.01823	0.00720	0.00646
36	0.01097	0.00793	0.01036	0.00975	0.01158	0.00732	0.00732	0.01463	0.02195	0.03109	0.67505	0.05792	0.07316	0.01585	0.00914	0.00244	0.00366	0.01402	0.00854	0.00732
37	0.00945	0.00675	0.00900	0.01080	0.01125	0.00630	0.00720	0.01080	0.01484	0.01979	0.04274	0.72245	0.05128	0.02429	0.00990	0.00315	0.00450	0.02204	0.00720	0.00630
38	0.01608	0.01378	0.01608	0.01148	0.01837	0.01034	0.00919	0.01952	0.01608	0.02527	0.01378	0.01608	0.01148	0.00574	0.00574	0.00115	0.00574	0.00459	0.00459	0.77491
39	0.00945	0.00675	0.00900	0.01080	0.01125	0.00630	0.00720	0.01080	0.01484	0.01979	0.04274	0.72245	0.05128	0.02429	0.00990	0.00315	0.00450	0.02204	0.00720	0.00630
40	0.02287	0.01534	0.01621	0.01317	0.01744	0.01665	0.01064	0.37389	0.02757	0.04009	0.02155	0.02314	0.01613	0.00919	0.00673	0.00210	0.00637	0.00709	0.34327	0.01056
41	0.01094	0.00795	0.01032	0.00982	0.01168	0.00733	0.00742	0.01452	0.02163	0.03039	0.62827	0.05961	0.09885	0.01620	0.00920	0.00248	0.00378	0.03389	0.00843	0.00728
42	0.63575	0.01464	0.01269	0.01090	0.01594	0.01622	0.00898	0.02573	0.01496	0.16215	0.01468	0.01530	0.01051	0.00767	0.00539	0.00240	0.00612	0.00490	0.00574	0.00934
43	0.03406	0.01336	0.01797	0.01389	0.01981	0.01177	0.01144	0.03795	0.05252	0.65375	0.03063	0.02651	0.01940	0.00964	0.00780	0.00241	0.00658	0.00784	0.00952	0.01315
44	0.78228	0.01499	0.01140	0.01020	0.01499	0.01739	0.00840	0.02279	0.01320	0.03479	0.01080	0.01260	0.00840	0.00720	0.00480	0.00240	0.00600	0.00420	0.00480	0.00840
45	0.01075	0.00792	0.01006	0.00952	0.01145	0.00722	0.00714	0.01420	0.02142	0.02985	0.60193	0.05997	0.14705	0.01632	0.00915	0.00246	0.00369	0.01431	0.00837	0.00722
46	0.01696	0.01696	0.02375	0.02036	0.02036	0.02375	0.01696	0.01866	0.01187	0.01866	0.01018	0.01696	0.01018	0.01357	0.02545	0.00339	0.71332	0.00679	0.00339	0.00848
47	0.00945	0.00675	0.00900	0.01080	0.01125	0.00630	0.00720	0.01080	0.01484	0.01979	0.04274	0.72245	0.05128	0.02429	0.00990	0.00315	0.00450	0.02204	0.00720	0.00630
48	0.01097	0.00793	0.01036	0.00975	0.01158	0.00732	0.00732	0.01463	0.02195	0.03109	0.67505	0.05792	0.07316	0.01585	0.00914	0.00244	0.00366	0.01402	0.00854	0.00732
49	0.02997	0.02093	0.02278	0.01746	0.02365	0.02287	0.01443	0.59612	0.03513	0.10790	0.01973	0.01934	0.01374	0.00933	0.00776	0.00233	0.00835	0.00706	0.00793	0.01319
50	0.02437	0.01948	0.01840	0.01524	0.01984	0.10715	0.01216	0.33508	0.11288	0.03789	0.02110	0.02190	0.01580	0.00923	0.00710	0.00220	0.00772	0.00702	0.19439	0.01105
51	0.01370	0.00857	0.01102	0.01003	0.01247	0.00773	0.00765	0.01708	0.02149	0.11040	0.52716	0.05595	0.13576	0.01552	0.00898	0.00245	0.00405	0.01352	0.00851	0.00795
52	0.78228	0.01499	0.01140	0.01020	0.01499	0.01739	0.00840	0.02279	0.01320	0.03479	0.01080	0.01260	0.00840	0.00720	0.00480	0.00240	0.00600	0.00420	0.00480	0.00840
53	0.01851	0.04982	0.11304	0.05581	0.03670	0.02016	0.43834	0.05796	0.05005	0.02570	0.01590	0.02016	0.01200	0.00734	0.00933	0.00258	0.04354	0.00824	0.00418	0.01062
54	0.01793	0.02349	0.13172	0.03126	0.03959	0.01939	0.56759	0.02480	0.01804	0.02480	0.01545	0.02031	0.01150	0.00665	0.00891	0.00259	0.01286	0.00869	0.00383	0.01059
55	0.01975	0.01688	0.01779	0.01587	0.02034	0.01950	0.01238	0.06890	0.63668	0.03318	0.03097	0.02846	0.02319	0.01046	0.00788	0.00262	0.00624	0.00869	0.00788	0.01231
56	0.02903	0.02083	0.02252	0.01744	0.02350	0.02293	0.01435	0.57033	0.08288	0.08576	0.02031	0.01986	0.01433	0.00942	0.00777	0.00235	0.00824	0.00716	0.00788	0.01312
57	0.02106	0.60643	0.03747	0.01450	0.02028	0.08585	0.01376	0.02344	0.01591	0.01834	0.01082	0.01299	0.00997	0.00740	0.00707	0.00185	0.07526	0.00447	0.00338	0.00973
58	0.00968	0.00689	0.00913	0.01083	0.01131	0.00648	0.00730	0.01106	0.01479	0.01969	0.04168	0.65768	0.04974	0.06188	0.01152	0.00340	0.00478	0.04884	0.00706	0.00625
59	0.01802	0.01879	0.03306	0.05657	0.09093	0.04790	0.32186	0.02309	0.03763	0.02334	0.01480	0.01972	0.01191	0.00866	0.01151	0.04287	0.09836	0.00764	0.00402	0.10933
60	0.01919	0.01842	0.03147	0.04759	0.67914	0.01842	0.02380	0.02380	0.01765	0.02533	0.01458	0.01919	0.01228	0.00691	0.00768	0.00230	0.00921	0.00691	0.00384	0.01228
61	0.01879	0.01623	0.01706	0.01539	0.01969	0.01866	0.01196	0.03974	0.63358	0.03187	0.03385	0.03115	0.05545	0.01096	0.00795	0.00263	0.00603	0.00914	0.00786	0.01199
62	0.00945	0.00675	0.00900	0.01080	0.01125	0.00630	0.00720	0.01080	0.01484	0.01979	0.04274	0.72245	0.05128	0.02429	0.00990	0.00315	0.00450	0.02204	0.00720	0.00630
63	0.01647	0.01415	0.01495	0.01358	0.01755	0.01546	0.01048	0.03214	0.46075	0.02899	0.04161	0.06522	0.17055	0.01285	0.00814	0.00257	0.00556	0.01076	0.00754	0.05068
64	0.06879	0.01492	0.01785	0.01448	0.01993	0.01497	0.01173	0.07839	0.22108	0.40759	0.02907	0.02594	0.01962	0.00974	0.00767	0.00247	0.00655	0.00785	0.00870	0.01266
65	0.01516	0.00791	0.00798	0.00773	0.00974	0.00802	0.00586	0.04801	0.01721	0.02985	0.02498	0.02842	0.01956	0.00905	0.00553	0.00183	0.00385	0.00722	0.73460	0.00751
66	0.00972	0.00729	0.00903	0.00983	0.01113	0.00659	0.00690	0.01175	0.01716	0.02265	0.19537	0.41145	0.21043	0.02122	0.00954	0.00286	0.00417	0.01882	0.00750	0.00659
67	0.01098	0.00807	0.00942	0.00951	0.01165	0.00719	0.00721	0.01337	0.01818	0.04645	0.19353	0.12734	0.36172	0.05616	0.01094	0.00299	0.00457	0.08641	0.00743	0.00690
68	0.01929	0.01666	0.01753	0.01578	0.02016	0.01929	0.01227	0.04120	0.66513	0.03243	0.03156	0.02893	0.02367	0.01052	0.00789	0.00263	0.00614	0.00877	0.00789	0.01227
69	0.02947	0.02172	0.02327	0.01784	0.02404	0.02404	0.01474	0.65329	0.03646	0.04887	0.01862	0.01862	0.01319	0.00931	0.00776	0.00233	0.00853	0.00698	0.00776	0.01319
70	0.01804	0.01476	0.01680	0.01288	0.01886	0.01309	0.01022	0.12733	0.07743	0.02940	0.01873	0.07965	0.01635	0.00840	0.00664	0.00165	0.00614	0.00690	0.00565	0.51111
71	0.00933	0.00778	0.00815	0.00823	0.01062	0.00659	0.00611	0.01139	0.01781	0.02169	0.12456	0.12228	0.57949	0.01968	0.00922	0.00264	0.00395	0.01660	0.00731	0.00659
72	0.01128	0.00752	0.00846	0.00846	0.00846	0.00752	0.00470	0.01128	0.01128	0.01503	0.02443	0.05074	0.02819	0.72751	0.03946	0.00752	0.00752	0.01128	0.00470	0.00470
73	0.01108	0.00831	0.01246	0.01246	0.01385	0.00969	0.00969	0.01385	0.01246	0.01800	0.02077	0.03046	0.01938	0.05815	0.69678	0.01246	0.02077	0.00831	0.00415	0.00692
74	0.78228	0.01499	0.01140	0.01020	0.01499	0.01739	0.00840	0.02279	0.01320	0.03479	0.01080	0.01260	0.00840	0.00720	0.00480	0.00240	0.00600	0.00420	0.00480	0.00840
75	0.02881	0.02136	0.02327	0.04894	0.02537	0.02374	0.01504	0.62478	0.03551	0.04756	0.01840	0.01871	0.01306	0.00924	0.00776	0.00234	0.00861	0.00698	0.00756	0.01298
76	0.02310	0.02005	0.02040	0.07946	0.04700	0.10660	0.01435	0.17512	0.33216	0.06239	0.02393	0.02351	0.01778	0.00951	0.00772	0.00245	0.00818	0.00761	0.00690	0.01177
77	0.00965	0.00698	0.00879	0.01014	0.01079	0.00649	0.00671	0.01090	0.01472	0.01931	0.04465	0.55692	0.12336	0.11549	0.01367	0.00366	0.00482	0.01995	0.00687	0.00612
78	0.02947	0.02172	0.02327	0.01784	0.02404	0.02404	0.01474	0.65329	0.03646	0.04887	0.01862	0.01862	0.01319	0.00931	0.00776	0.00233	0.00853	0.00698	0.00776	0.01319
79	0.01567	0.01332	0.01555	0.01162	0.01786	0.01040	0.00916	0.01977	0.04519	0.02513	0.01701	0.07582	0.01537	0.00751	0.00619	0.00138	0.00566	0.00624	0.00496	0.67620
80	0.00953	0.00681	0.00907	0.01074	0.01126	0.00635	0.00720	0.01100	0.01523	0.02040	0.07665	0.68680	0.05246	0.02384	0.00986	0.00311	0.00445	0.02161	0.00727	0.00635
81	0.01608	0.01378	0.01608	0.01148	0.01837	0.01034	0.00919	0.01952	0.01608	0.02527	0.01378	0.01608	0.01148	0.00574	0.00574	0.00115	0.00574	0.00459	0.00459	0.77491
82	0.00916	0.00785	0.00785	0.00785	0.01047	0.00655	0.00589	0.01113	0.01767	0.02095	0.07855	0.07462	0.67599	0.01964	0.00916	0.00262	0.00393	0.01636	0.00720	0.00655
83	0.02947	0.02172	0.02327	0.01784	0.02404	0.02404	0.01474	0.65329	0.03646	0.04887	0.01862	0.01862	0.01319	0.00931	0.00776	0.00233	0.00853	0.00698	0.00776	0.01319
84	0.00958	0.00724	0.00886	0.00980	0.01107	0.00652	0.00684	0.01144	0.01668	0.02175	0.14406	0.43980	0.23479	0.02173	0.00958	0.00289	0.00421	0.01925	0.00739	0.00652
85	0.03189	0.01255	0.01707	0.01330	0.01879	0.01090	0.01090	0.03497	0.02216	0.60499	0.10902	0.03023	0.02576	0.01036	0.00796	0.00240	0.00624	0.00855	0.00947	0.01248
86	0.10695	0.01337	0.01736	0.01345	0.01933	0.01198	0.01111	0.03634	0.02132	0.62179	0.02868	0.02506	0.01815	0.00937	0.00751	0.00240	0.00654	0.00745	0.00913	0.01273
87	0.02894	0.02145	0.02297	0.01773	0.02384	0.02380	0.01461	0.62124	0.06937	0.04801	0.01929	0.01916	0.01373	0.00937	0.00776	0.00234	0.00841	0.00707	0.00776	0.01314
88	0.01073	0.00790	0.00995	0.00944	0.01133	0.00721	0.00703	0.01403	0.02100	0.02915	0.57004	0.06005	0.15704	0.03893	0.01011	0.00262	0.00382	0.01427	0.00822	0.00712
89	0.01987	0.01653	0.01755	0.01570	0.02015	0.01899	0.01224	0.04107	0.64100	0.05691	0.03152	0.02883	0.02350	0.01048	0.00789	0.00262	0.00615	0.00873	0.00795	0.01231
90	0.03453	0.01362	0.01825	0.01399	0.02000	0.01202	0.01156	0.06817	0.02290	0.65313	0.03000	0.02601	0.01890	0.00958	0.00780	0.00240	0.00669	0.00776	0.00951	0.01319
91	0.02891	0.01533	0.01850	0.01474	0.02016	0.01535	0.01198	0.17925	0.13607	0.37051	0.08160	0.02765	0.02306	0.01021	0.00792	0.00243	0.00672	0.00829	0.00879	0.01255
92	0.01882	0.02013	0.04084	0.06244	0.17630	0.01945	0.46471	0.05147	0.01883	0.02577	0.01550	0.02044	0.01188	0.00678	0.00872	0.00253	0.01194	0.00849	0.00405	0.01089
93	0.01995	0.02194	0.02331	0.02026	0.02126	0.19105	0.01647	0.02172	0.01439	0.01874	0.01063	0.01622	0.01013	0.01218	0.02086	0.00305	0.53938	0.00634	0.00354	0.00861
94	0.01509	0.01465	0.02247	0.64180	0.04992	0.05025	0.02047	0.01995	0.01593	0.01982	0.01675	0.02289	0.04172	0.00832	0.00778	0.00256	0.01021	0.00724	0.00365	0.00853
95	0.01665	0.01558	0.02501	0.41529	0.24028	0.01786	0.02100	0.02385	0.10188	0.02316	0.01637	0.02131	0.01269	0.00786	0.00775	0.00250	0.00944	0.00714	0.00415	0.01022
96	0.01130	0.00803	0.01008	0.01010	0.01046	0.00860	0.00660	0.01213	0.01191	0.01632	0.02471	0.10823	0.02759	0.47773	0.18581	0.00805	0.04064	0.01142	0.00475	0.00552
97	0.01899	0.01822	0.03112	0.07606	0.65220	0.01837	0.02370	0.02362	0.01756	0.02509	0.01455	0.01925	0.01220	0.00694	0.00768	0.00231	0.00926	0.00691	0.00382	0.01212
98	0.01715	0.01686	0.07843	0.05201	0.05389	0.01289	0.04145	0.02274	0.06529	0.05017	0.01588	0.01806	0.01253	0.00659	0.00648	0.00162	0.00705	0.00556	0.00479	0.51057
99	0.01537	0.01337	0.01650	0.03913	0.04359	0.01188	0.01062	0.01946	0.04972	0.02414	0.02071	0.08844	0.05149	0.00929	0.00821	0.00178	0.06432	0.00748	0.00499	0.49949

[dist]
# distance from previous block
# <min> <max>
1	6

[block]
# block no. 2 follows, 25 sequences, length 75
# corresponding to MSA columns:
# 206-280
name=unknown_C
#
# <colnr> <probs for GDERKNQSTAVLIFYWHMCP>
#	G	D	E	R	K	N	Q	S	T	A	V	L	I	F	Y	W	H	M	C	P
0	0.01822	0.01651	0.02539	0.06025	0.12622	0.01528	0.14492	0.04591	0.08423	0.04372	0.01673	0.01948	0.01311	0.00691	0.00719	0.00193	0.00819	0.00661	0.00486	0.33436
1	0.04945	0.02476	0.19577	0.10695	0.13979	0.04332	0.27874	0.02418	0.01733	0.02448	0.01453	0.01890	0.01101	0.00702	0.00806	0.00249	0.01150	0.00735	0.00374	0.01065
2	0.01777	0.05698	0.14015	0.02584	0.20776	0.04082	0.07941	0.02270	0.01698	0.02454	0.01400	0.01721	0.01132	0.00655	0.00690	0.00189	0.00883	0.00587	0.00401	0.29046
3	0.00959	0.00685	0.00917	0.01097	0.01148	0.00643	0.00746	0.01105	0.01499	0.01996	0.04265	0.69156	0.05096	0.02415	0.00994	0.00317	0.00463	0.05147	0.00719	0.00634
4	0.68954	0.01411	0.01114	0.01004	0.01448	0.01618	0.00819	0.02195	0.01401	0.03425	0.06383	0.01685	0.01398	0.00796	0.00517	0.00238	0.00571	0.00510	0.03687	0.00826
5	0.01567	0.01332	0.01563	0.01135	0.01784	0.01010	0.00904	0.01914	0.01654	0.02573	0.06612	0.01939	0.01637	0.00654	0.00601	0.00125	0.00558	0.00534	0.00491	0.71416
6	0.01464	0.01378	0.02326	0.70887	0.05340	0.01723	0.02153	0.01981	0.01550	0.01981	0.01378	0.02067	0.01034	0.00775	0.00775	0.00258	0.01034	0.00689	0.00345	0.00861
7	0.00950	0.00683	0.00901	0.01065	0.01123	0.00635	0.00716	0.01096	0.01522	0.02028	0.06902	0.67372	0.07375	0.02380	0.00984	0.00310	0.00445	0.02153	0.00725	0.00635
8	0.01113	0.00811	0.01171	0.01181	0.01303	0.00922	0.00894	0.01361	0.01263	0.01824	0.02247	0.07009	0.02194	0.11477	0.57371	0.01110	0.01803	0.00929	0.03346	0.00670
9	0.01444	0.01287	0.02087	0.49003	0.06442	0.01581	0.01839	0.01844	0.01484	0.01984	0.01598	0.06166	0.01375	0.01275	0.04479	0.04537	0.06565	0.00783	0.03410	0.00817
10	0.00942	0.00686	0.00888	0.01050	0.01117	0.00632	0.00707	0.01083	0.01513	0.01991	0.04632	0.65751	0.11390	0.02382	0.00982	0.00310	0.00444	0.02147	0.00720	0.00632
11	0.44193	0.01722	0.01616	0.01328	0.01863	0.01931	0.01093	0.23955	0.04759	0.08597	0.01570	0.01628	0.01141	0.00822	0.00614	0.00238	0.00691	0.00559	0.00627	0.01053
12	0.00945	0.00675	0.00900	0.01080	0.01125	0.00630	0.00720	0.01080	0.01484	0.01979	0.04274	0.72245	0.05128	0.02429	0.00990	0.00315	0.00450	0.02204	0.00720	0.00630
13	0.15572	0.01288	0.01601	0.01273	0.01804	0.01191	0.01042	0.03259	0.02067	0.50032	0.10291	0.02781	0.02374	0.00993	0.00746	0.00240	0.00615	0.00793	0.00868	0.01171
14	0.01257	0.00695	0.00990	0.01004	0.01046	0.00679	0.00685	0.01119	0.01285	0.01767	0.12497	0.12109	0.02832	0.02420	0.02337	0.52230	0.00584	0.00994	0.03020	0.00452
15	0.00945	0.00675	0.00900	0.01080	0.01125	0.00630	0.00720	0.01080	0.01484	0.01979	0.04274	0.72245	0.05128	0.02429	0.00990	0.00315	0.00450	0.02204	0.00720	0.00630
16	0.03479	0.01320	0.01799	0.01380	0.01979	0.01140	0.01140	0.03779	0.02219	0.68451	0.03059	0.02639	0.01919	0.00960	0.00780	0.00240	0.00660	0.00780	0.00960	0.01320
17	0.01128	0.00752	0.00846	0.00846	0.00846	0.00752	0.00470	0.01128	0.01128	0.01503	0.02443	0.05074	0.02819	0.72751	0.03946	0.00752	0.00752	0.01128	0.00470	0.00470
18	0.02867	0.02132	0.02282	0.01768	0.02374	0.02367	0.01454	0.60485	0.08621	0.04757	0.01964	0.01943	0.01402	0.00940	0.00777	0.00235	0.00834	0.00712	0.00777	0.01311
19	0.03479	0.01320	0.01799	0.01380	0.01979	0.01140	0.01140	0.03779	0.02219	0.68451	0.03059	0.02639	0.01919	0.00960	0.00780	0.00240	0.00660	0.00780	0.00960	0.01320
20	0.01608	0.01378	0.01608	0.01148	0.01837	0.01034	0.00919	0.01952	0.01608	0.02527	0.01378	0.01608	0.01148	0.00574	0.00574	0.00115	0.00574	0.00459	0.00459	0.77491
21	0.00957	0.00689	0.00907	0.01060	0.01125	0.00639	0.00716	0.01113	0.01555	0.02079	0.09774	0.64303	0.07526	0.02341	0.00981	0.00307	0.00441	0.02116	0.00731	0.00639
22	0.69878	0.01479	0.01213	0.01060	0.01553	0.01672	0.00873	0.02447	0.01420	0.10737	0.01301	0.01414	0.00960	0.00747	0.00513	0.00240	0.00606	0.00460	0.00533	0.00893
23	0.01108	0.00831	0.01246	0.01246	0.01385	0.00969	0.00969	0.01385	0.01246	0.01800	0.02077	0.03046	0.01938	0.05815	0.69678	0.01246	0.02077	0.00831	0.00415	0.00692
24	0.05574	0.01002	0.01036	0.00930	0.01200	0.01039	0.00717	0.11102	0.01904	0.06319	0.02381	0.02773	0.01878	0.05033	0.00780	0.00227	0.00482	0.00730	0.54064	0.00829
25	0.01092	0.00805	0.00922	0.00884	0.01110	0.00708	0.00656	0.01344	0.01905	0.04836	0.30214	0.06489	0.37818	0.06461	0.01111	0.00287	0.00416	0.01482	0.00763	0.00696
26	0.01128	0.00752	0.00846	0.00846	0.00846	0.00752	0.00470	0.01128	0.01128	0.01503	0.02443	0.05074	0.02819	0.72751	0.03946	0.00752	0.00752	0.01128	0.00470	0.00470
27	0.01560	0.01499	0.02113	0.01855	0.01882	0.02052	0.01526	0.01748	0.01210	0.01859	0.01338	0.04736	0.01347	0.02205	0.14611	0.00502	0.56011	0.00767	0.00368	0.00811
28	0.02896	0.03695	0.02197	0.01998	0.02397	0.69638	0.01498	0.03096	0.02197	0.01898	0.01199	0.01398	0.00999	0.00799	0.00699	0.00200	0.01398	0.00499	0.00400	0.00899
29	0.01929	0.01666	0.01753	0.01578	0.02016	0.01929	0.01227	0.04120	0.66513	0.03243	0.03156	0.02893	0.02367	0.01052	0.00789	0.00263	0.00614	0.00877	0.00789	0.01227
30	0.01929	0.01666	0.01753	0.01578	0.02016	0.01929	0.01227	0.04120	0.66513	0.03243	0.03156	0.02893	0.02367	0.01052	0.00789	0.00263	0.00614	0.00877	0.00789	0.01227
31	0.03348	0.01291	0.01758	0.01357	0.01934	0.01117	0.01117	0.03652	0.02218	0.64876	0.06585	0.02812	0.02215	0.00994	0.00787	0.00240	0.00644	0.00814	0.00954	0.01287
32	0.01929	0.01666	0.01753	0.01578	0.02016	0.01929	0.01227	0.04120	0.66513	0.03243	0.03156	0.02893	0.02367	0.01052	0.00789	0.00263	0.00614	0.00877	0.00789	0.01227
33	0.00943	0.00681	0.00893	0.01063	0.01120	0.00631	0.00712	0.01082	0.01501	0.01986	0.04479	0.68519	0.08721	0.02402	0.00985	0.00312	0.00447	0.02172	0.00720	0.00631
34	0.04927	0.00964	0.01304	0.01255	0.01440	0.01107	0.00974	0.06473	0.01433	0.02107	0.02033	0.02984	0.01888	0.09036	0.57149	0.01090	0.01833	0.00818	0.00450	0.00736
35	0.01109	0.00827	0.01226	0.01226	0.01358	0.00958	0.00944	0.01372	0.01240	0.01785	0.02095	0.03147	0.01982	0.09154	0.66399	0.01221	0.02011	0.00846	0.00418	0.00681
36	0.00937	0.00705	0.00868	0.00999	0.01103	0.00637	0.00684	0.01089	0.01562	0.02011	0.05255	0.54485	0.22254	0.02302	0.00970	0.00300	0.00434	0.02049	0.00720	0.00637
37	0.02713	0.01997	0.02163	0.01681	0.02247	0.02192	0.01380	0.57233	0.03462	0.04661	0.10183	0.02360	0.02079	0.01014	0.00793	0.00234	0.00791	0.00787	0.00786	0.01244
38	0.02032	0.67740	0.09181	0.01397	0.02098	0.02968	0.01448	0.02332	0.01580	0.01874	0.01103	0.01275	0.00994	0.00669	0.00516	0.00172	0.00854	0.00427	0.00331	0.01007
39	0.01712	0.00996	0.01025	0.00928	0.01191	0.01043	0.00720	0.12493	0.04096	0.03236	0.02438	0.02719	0.01888	0.00913	0.00589	0.00192	0.00452	0.00724	0.61807	0.00839
40	0.01033	0.00780	0.00950	0.00954	0.01137	0.00705	0.00709	0.01308	0.01921	0.02568	0.35995	0.14919	0.24825	0.03921	0.01022	0.00280	0.00416	0.05092	0.00777	0.00687
41	0.03311	0.01480	0.01955	0.01627	0.05653	0.01374	0.01259	0.13244	0.02416	0.54990	0.02786	0.02479	0.01788	0.00940	0.00778	0.00238	0.00704	0.00762	0.00900	0.01314
42	0.03415	0.01422	0.01863	0.01428	0.02031	0.01292	0.01180	0.11204	0.02391	0.60783	0.02914	0.02545	0.01847	0.00956	0.00779	0.00239	0.00683	0.00770	0.00937	0.01319
43	0.00948	0.00701	0.00887	0.01021	0.01113	0.00640	0.00697	0.01108	0.01576	0.02065	0.08546	0.56931	0.16336	0.02298	0.00972	0.00301	0.00435	0.02057	0.00727	0.00640
44	0.00944	0.00679	0.00895	0.01068	0.01122	0.00631	0.00715	0.01081	0.01495	0.01984	0.04409	0.69794	0.07491	0.02412	0.00987	0.00313	0.00448	0.02183	0.00720	0.00631
45	0.02048	0.69851	0.07209	0.01370	0.02056	0.03006	0.01402	0.02328	0.01578	0.01855	0.01093	0.01263	0.00994	0.00667	0.00509	0.00170	0.00845	0.00422	0.00331	0.01002
46	0.01343	0.00859	0.01058	0.01060	0.01283	0.00787	0.00832	0.01541	0.01715	0.09065	0.08209	0.06579	0.28176	0.09247	0.01425	0.06444	0.00568	0.18414	0.00694	0.00701
47	0.01094	0.00738	0.00856	0.00889	0.00897	0.00729	0.00516	0.01119	0.01193	0.01591	0.02780	0.17452	0.03244	0.59792	0.03402	0.00671	0.00696	0.01326	0.00516	0.00499
48	0.01347	0.00673	0.01010	0.01010	0.01010	0.00673	0.00673	0.01010	0.01010	0.01347	0.01347	0.02357	0.01347	0.02694	0.03030	0.77441	0.00673	0.00673	0.00337	0.00337
49	0.01128	0.00752	0.00846	0.00846	0.00846	0.00752	0.00470	0.01128	0.01128	0.01503	0.02443	0.05074	0.02819	0.72751	0.03946	0.00752	0.00752	0.01128	0.00470	0.00470
50	0.01021	0.00718	0.00878	0.00963	0.01013	0.00684	0.00615	0.01120	0.01402	0.01860	0.06976	0.38386	0.08790	0.29506	0.02122	0.00476	0.00558	0.01708	0.00630	0.00575
51	0.01608	0.01378	0.01608	0.01148	0.01837	0.01034	0.00919	0.01952	0.01608	0.02527	0.01378	0.01608	0.01148	0.00574	0.00574	0.00115	0.00574	0.00459	0.00459	0.77491
52	0.04186	0.00816	0.01297	0.01189	0.01269	0.00814	0.05778	0.01173	0.01086	0.01514	0.01355	0.02296	0.01315	0.02460	0.02770	0.68521	0.00721	0.00683	0.00346	0.00411
53	0.00945	0.00675	0.00900	0.01080	0.01125	0.00630	0.00720	0.01080	0.01484	0.01979	0.04274	0.72245	0.05128	0.02429	0.00990	0.00315	0.00450	0.02204	0.00720	0.00630
54	0.01565	0.01544	0.02801	0.53542	0.09725	0.01775	0.13770	0.02103	0.01618	0.02114	0.01419	0.02061	0.01074	0.00747	0.00800	0.00257	0.01076	0.00731	0.00356	0.00922
55	0.31412	0.04039	0.01984	0.07031	0.02338	0.11458	0.03519	0.23697	0.02272	0.03535	0.01401	0.01575	0.01055	0.00803	0.00650	0.00232	0.00862	0.00564	0.00551	0.01023
56	0.01274	0.00817	0.01078	0.01028	0.01222	0.00749	0.00764	0.01594	0.02074	0.08473	0.51103	0.16999	0.06479	0.01678	0.00916	0.00256	0.00405	0.01488	0.00839	0.00764
57	0.00991	0.00706	0.00931	0.01063	0.01131	0.00663	0.00727	0.01161	0.01581	0.02133	0.13669	0.55451	0.05284	0.06765	0.01170	0.00334	0.00467	0.04412	0.00724	0.00638
58	0.07623	0.03812	0.63384	0.02116	0.03209	0.01796	0.02704	0.02442	0.01612	0.02536	0.01367	0.01607	0.00971	0.00735	0.00716	0.00245	0.01103	0.00561	0.00339	0.01122
59	0.01111	0.00819	0.01184	0.01184	0.01302	0.00936	0.00892	0.01345	0.01228	0.01754	0.02133	0.03358	0.02074	0.16119	0.59559	0.01170	0.01873	0.00876	0.00424	0.00658
60	0.01058	0.00763	0.00870	0.00888	0.00984	0.00719	0.00580	0.01171	0.01456	0.01889	0.10476	0.12060	0.20170	0.38318	0.02485	0.00520	0.00592	0.03828	0.00604	0.00567
61	0.00943	0.00681	0.00893	0.01064	0.01120	0.00631	0.00713	0.01081	0.01500	0.01986	0.04469	0.68700	0.08546	0.02404	0.00986	0.00312	0.00447	0.02173	0.00720	0.00631
62	0.00945	0.00675	0.00900	0.01080	0.01125	0.00630	0.00720	0.01080	0.01484	0.01979	0.04274	0.72245	0.05128	0.02429	0.00990	0.00315	0.00450	0.02204	0.00720	0.00630
63	0.01086	0.00799	0.01043	0.01192	0.01321	0.00772	0.00915	0.01378	0.03843	0.02158	0.04551	0.40081	0.11357	0.02229	0.01005	0.00323	0.00545	0.24000	0.00720	0.00683
64	0.01608	0.01378	0.01608	0.01148	0.01837	0.01034	0.00919	0.01952	0.01608	0.02527	0.01378	0.01608	0.01148	0.00574	0.00574	0.00115	0.00574	0.00459	0.00459	0.77491
65	0.01108	0.00831	0.01246	0.01246	0.01385	0.00969	0.00969	0.01385	0.01246	0.01800	0.02077	0.03046	0.01938	0.05815	0.69678	0.01246	0.02077	0.00831	0.00415	0.00692
66	0.01544	0.01506	0.02645	0.55628	0.07981	0.01793	0.09905	0.02056	0.01575	0.02063	0.01386	0.02043	0.01060	0.00788	0.00889	0.00262	0.04909	0.00716	0.00352	0.00901
67	0.00958	0.00773	0.00842	0.00851	0.01067	0.00668	0.00622	0.01168	0.01783	0.02228	0.17185	0.14119	0.48336	0.04638	0.01039	0.00283	0.00408	0.01640	0.00733	0.00658
68	0.00963	0.00686	0.00911	0.01084	0.01132	0.00645	0.00730	0.01102	0.01482	0.01973	0.04194	0.67168	0.05011	0.05210	0.01110	0.00334	0.00472	0.04457	0.00710	0.00627
69	0.04220	0.00782	0.00814	0.04075	0.01136	0.00807	0.00629	0.01832	0.01611	0.02869	0.02422	0.02793	0.01900	0.00891	0.00551	0.00187	0.00402	0.00710	0.70636	0.00734
70	0.02307	0.01079	0.01430	0.01227	0.01604	0.00978	0.00964	0.02671	0.04614	0.35462	0.20216	0.11972	0.03877	0.04199	0.00978	0.00276	0.00562	0.03697	0.00867	0.01021
71	0.00962	0.00697	0.00880	0.01018	0.01083	0.00647	0.00675	0.01089	0.01477	0.01938	0.04487	0.56810	0.12269	0.10491	0.01322	0.00359	0.00478	0.02013	0.00691	0.00614
72	0.01929	0.01666	0.01753	0.01578	0.02016	0.01929	0.01227	0.04120	0.66513	0.03243	0.03156	0.02893	0.02367	0.01052	0.00789	0.00263	0.00614	0.00877	0.00789	0.01227
73	0.78228	0.01499	0.01140	0.01020	0.01499	0.01739	0.00840	0.02279	0.01320	0.03479	0.01080	0.01260	0.00840	0.00720	0.00480	0.00240	0.00600	0.00420	0.00480	0.00840
74	0.64546	0.01418	0.01199	0.01057	0.01513	0.01596	0.00859	0.02341	0.01391	0.10148	0.01308	0.01488	0.00992	0.00894	0.00705	0.06086	0.00612	0.00477	0.00519	0.00852

[dist]
# distance from previous block
# <min> <max>
0	3

[block]
# block no. 3 follows, 25 sequences, length 59
