[name]
unknown

[dist]
# distance from previous block
# <min> <max>
8	54

[block]
# block no. 0 follows, 23 sequences, length 37
# corresponding to MSA columns:
# 73-109
name=unknown_A
#
# <colnr> <probs for GDERKNQSTAVLIFYWHMCP>
#	G	D	E	R	K	N	Q	S	T	A	V	L	I	F	Y	W	H	M	C	P
0	0.01791	0.02812	0.27845	0.02693	0.03573	0.01886	0.31009	0.06170	0.01921	0.02692	0.01856	0.08457	0.01552	0.00909	0.00886	0.00271	0.01191	0.00936	0.00441	0.01110
1	0.01532	0.01442	0.02434	0.69533	0.05589	0.01803	0.02253	0.02073	0.01622	0.02073	0.01442	0.02163	0.01082	0.00811	0.00811	0.00270	0.01082	0.00721	0.00361	0.00901
2	0.06493	0.01072	0.01367	0.01227	0.01588	0.00982	0.00973	0.02409	0.02058	0.26730	0.17658	0.14104	0.10468	0.01587	0.00907	0.00278	0.00566	0.07693	0.00862	0.00977
3	0.01513	0.00756	0.00756	0.00756	0.00945	0.00756	0.00567	0.01891	0.01702	0.03025	0.02647	0.03025	0.02080	0.00945	0.00567	0.00189	0.00378	0.00756	0.75988	0.00756
4	0.01513	0.00756	0.00756	0.00756	0.00945	0.00756	0.00567	0.01891	0.01702	0.03025	0.02647	0.03025	0.02080	0.00945	0.00567	0.00189	0.00378	0.00756	0.75988	0.00756
5	0.01733	0.01647	0.02795	0.42382	0.31175	0.01855	0.02353	0.02249	0.01717	0.02316	0.01478	0.02098	0.01167	0.00774	0.00808	0.00258	0.01032	0.00722	0.00378	0.01063
6	0.01532	0.01442	0.02434	0.69533	0.05589	0.01803	0.02253	0.02073	0.01622	0.02073	0.01442	0.02163	0.01082	0.00811	0.00811	0.00270	0.01082	0.00721	0.00361	0.00901
7	0.01915	0.02189	0.04788	0.03420	0.04241	0.02052	0.63475	0.02599	0.01915	0.02599	0.01642	0.02189	0.01231	0.00684	0.00958	0.00274	0.01368	0.00958	0.00410	0.01094
8	0.03022	0.02242	0.02400	0.01854	0.02492	0.02487	0.01527	0.60215	0.07418	0.05013	0.02028	0.02012	0.01445	0.00982	0.00813	0.00245	0.00878	0.00742	0.00813	0.01374
9	0.01775	0.01775	0.02485	0.02130	0.02130	0.02485	0.01775	0.01953	0.01243	0.01953	0.01065	0.01775	0.01065	0.01420	0.02663	0.00355	0.69998	0.00710	0.00355	0.00888
10	0.01137	0.00786	0.00903	0.00916	0.00964	0.00762	0.00555	0.01206	0.01384	0.01837	0.09152	0.12113	0.09583	0.51646	0.03231	0.00644	0.00683	0.01368	0.00579	0.00552
11	0.01086	0.00820	0.01003	0.00971	0.01178	0.00737	0.00723	0.01406	0.02129	0.02889	0.46285	0.10166	0.23999	0.01820	0.00962	0.00265	0.00396	0.01583	0.00846	0.00737
12	0.01215	0.00913	0.01336	0.01317	0.01456	0.01080	0.01029	0.01504	0.01325	0.01957	0.02141	0.03099	0.01978	0.05513	0.60496	0.01183	0.05840	0.00854	0.05028	0.00735
13	0.00990	0.00823	0.00865	0.00855	0.01115	0.00698	0.00641	0.01225	0.01923	0.02366	0.17690	0.07523	0.56514	0.01990	0.00959	0.00271	0.00406	0.01672	0.00776	0.00698
14	0.77215	0.01569	0.01193	0.01067	0.01569	0.01820	0.00879	0.02385	0.01381	0.03641	0.01130	0.01318	0.00879	0.00753	0.00502	0.00251	0.00628	0.00439	0.00502	0.00879
15	0.01907	0.02155	0.06606	0.07423	0.20338	0.02000	0.42103	0.02541	0.01874	0.02582	0.01594	0.02123	0.01229	0.00704	0.00903	0.00264	0.01242	0.00871	0.00403	0.01137
16	0.02169	0.71972	0.04252	0.01388	0.02083	0.03211	0.01388	0.02430	0.01649	0.01909	0.01128	0.01302	0.01041	0.00694	0.00521	0.00174	0.00868	0.00434	0.00347	0.01041
17	0.00970	0.00822	0.00837	0.00834	0.01103	0.00690	0.00625	0.01186	0.01876	0.02254	0.11591	0.07707	0.62683	0.02032	0.00959	0.00273	0.00409	0.01698	0.00762	0.00690
18	0.03017	0.02145	0.02331	0.01807	0.02426	0.02350	0.01484	0.57202	0.03619	0.08615	0.02143	0.05295	0.01608	0.01051	0.00823	0.00248	0.00861	0.00811	0.00820	0.01346
19	0.77215	0.01569	0.01193	0.01067	0.01569	0.01820	0.00879	0.02385	0.01381	0.03641	0.01130	0.01318	0.00879	0.00753	0.00502	0.00251	0.00628	0.00439	0.00502	0.00879
20	0.10169	0.02085	0.02257	0.05877	0.02569	0.02319	0.01491	0.48084	0.06746	0.07425	0.01968	0.01995	0.01401	0.00951	0.00783	0.00248	0.00856	0.00716	0.00763	0.01297
21	0.01806	0.01452	0.01728	0.01255	0.01941	0.01147	0.01009	0.02156	0.01703	0.06531	0.01534	0.01752	0.01245	0.00660	0.00700	0.00138	0.03496	0.00511	0.00507	0.68729
22	0.01123	0.00824	0.01052	0.01005	0.01199	0.00753	0.00750	0.01478	0.02221	0.03098	0.57619	0.08843	0.13539	0.01735	0.00960	0.00260	0.00389	0.01526	0.00873	0.00753
23	0.03064	0.02880	0.02384	0.01952	0.02513	0.27530	0.01552	0.40695	0.03238	0.03923	0.01684	0.01764	0.01253	0.00922	0.00781	0.00230	0.01110	0.00651	0.00662	0.01213
24	0.01126	0.00822	0.01058	0.01013	0.01202	0.00754	0.00754	0.01482	0.02223	0.03111	0.58384	0.09932	0.11627	0.01738	0.00962	0.00261	0.00390	0.01533	0.00875	0.00754
25	0.02169	0.71972	0.04252	0.01388	0.02083	0.03211	0.01388	0.02430	0.01649	0.01909	0.01128	0.01302	0.01041	0.00694	0.00521	0.00174	0.00868	0.00434	0.00347	0.01041
26	0.01148	0.00829	0.01085	0.01021	0.01212	0.00766	0.00766	0.01531	0.02297	0.03254	0.65994	0.06061	0.07656	0.01659	0.00957	0.00255	0.00383	0.01467	0.00893	0.00766
27	0.77215	0.01569	0.01193	0.01067	0.01569	0.01820	0.00879	0.02385	0.01381	0.03641	0.01130	0.01318	0.00879	0.00753	0.00502	0.00251	0.00628	0.00439	0.00502	0.00879
28	0.01262	0.00948	0.01300	0.01519	0.05058	0.00935	0.01138	0.01659	0.04617	0.02470	0.11121	0.24762	0.07031	0.02117	0.01044	0.00333	0.00628	0.30532	0.00750	0.00777
29	0.01513	0.00756	0.00756	0.00756	0.00945	0.00756	0.00567	0.01891	0.01702	0.03025	0.02647	0.03025	0.02080	0.00945	0.00567	0.00189	0.00378	0.00756	0.75988	0.00756
30	0.01578	0.01489	0.02516	0.63322	0.11442	0.01815	0.02276	0.02113	0.01644	0.02129	0.01450	0.02148	0.01101	0.00803	0.00810	0.00268	0.01070	0.00721	0.00365	0.00938
31	0.02536	0.01988	0.02129	0.01722	0.02302	0.02191	0.01388	0.34596	0.28007	0.04211	0.02444	0.02355	0.01802	0.00992	0.00799	0.00245	0.00767	0.00783	0.00788	0.07954
32	0.01881	0.01954	0.02466	0.04758	0.02300	0.08488	0.01775	0.02076	0.01354	0.01961	0.01097	0.01762	0.01064	0.01343	0.02413	0.00338	0.61023	0.00693	0.00361	0.00893
33	0.01513	0.00756	0.00756	0.00756	0.00945	0.00756	0.00567	0.01891	0.01702	0.03025	0.02647	0.03025	0.02080	0.00945	0.00567	0.00189	0.00378	0.00756	0.75988	0.00756
34	0.69618	0.01586	0.01392	0.01193	0.01717	0.01794	0.03679	0.02485	0.01459	0.07253	0.01272	0.01440	0.00960	0.00765	0.00541	0.00252	0.00664	0.00484	0.00527	0.00917
35	0.30620	0.01576	0.02027	0.05405	0.02334	0.01675	0.11174	0.07398	0.04522	0.09214	0.09567	0.02873	0.02233	0.01012	0.00758	0.00265	0.00779	0.04946	0.00628	0.00995
36	0.02587	0.01665	0.04280	0.01593	0.02190	0.01542	0.04026	0.13555	0.10923	0.25230	0.06242	0.02651	0.02107	0.01263	0.04732	0.00296	0.00821	0.00804	0.00778	0.12712

[dist]
# distance from previous block
# <min> <max>
8	15

[block]
# block no. 1 follows, 23 sequences, length 19
# corresponding to MSA columns:
# 125-143
name=unknown_B
#
# <colnr> <probs for GDERKNQSTAVLIFYWHMCP>
#	G	D	E	R	K	N	Q	S	T	A	V	L	I	F	Y	W	H	M	C	P
0	0.06931	0.01768	0.02899	0.19333	0.41297	0.01839	0.04479	0.02360	0.01755	0.02581	0.01479	0.01982	0.01203	0.00736	0.00777	0.00241	0.00959	0.00696	0.00405	0.06280
1	0.01705	0.01575	0.02177	0.01899	0.01981	0.02108	0.01563	0.06028	0.01434	0.02150	0.01411	0.02152	0.01335	0.02594	0.19468	0.00592	0.47788	0.00753	0.00407	0.00879
2	0.05555	0.01899	0.02136	0.06266	0.02482	0.02025	0.01405	0.37196	0.07113	0.09630	0.05350	0.02260	0.01771	0.00954	0.00782	0.00234	0.00799	0.00745	0.00749	0.10650
3	0.03085	0.02273	0.02435	0.01867	0.02516	0.02516	0.01542	0.63716	0.03815	0.05114	0.01948	0.01948	0.01380	0.00974	0.00812	0.00244	0.00893	0.00731	0.00812	0.01380
4	0.01256	0.00898	0.01246	0.01420	0.01588	0.00888	0.01204	0.01599	0.01849	0.02426	0.07680	0.17250	0.04926	0.02250	0.01100	0.00361	0.00690	0.49875	0.00756	0.00736
5	0.00989	0.00706	0.00942	0.01130	0.01177	0.00659	0.00753	0.01130	0.01554	0.02071	0.04472	0.70954	0.05367	0.02542	0.01036	0.00330	0.00471	0.02307	0.00753	0.00659
6	0.01833	0.29919	0.43359	0.01962	0.02969	0.02388	0.02387	0.02517	0.01689	0.02319	0.01332	0.01557	0.01033	0.00742	0.00676	0.00225	0.01073	0.00537	0.00344	0.01139
7	0.01176	0.00801	0.00957	0.00957	0.00982	0.00826	0.00581	0.01226	0.01201	0.01627	0.02491	0.04946	0.02792	0.60259	0.15138	0.00875	0.01025	0.01127	0.00482	0.00532
8	0.00987	0.00714	0.00933	0.01108	0.01171	0.00661	0.00744	0.01132	0.01574	0.02080	0.04735	0.66519	0.09631	0.02508	0.01030	0.00326	0.00467	0.02265	0.00753	0.00661
9	0.01579	0.01489	0.02517	0.63259	0.11501	0.01815	0.02276	0.02114	0.01644	0.02129	0.01450	0.02148	0.01101	0.00803	0.00810	0.00268	0.01070	0.00721	0.00365	0.00939
10	0.02780	0.09530	0.06281	0.01888	0.02491	0.08129	0.01633	0.43008	0.03102	0.04077	0.01694	0.01812	0.01267	0.00965	0.00950	0.00245	0.07562	0.00673	0.00661	0.01251
11	0.02008	0.01928	0.03294	0.04981	0.66422	0.01928	0.02490	0.02490	0.01848	0.02651	0.01526	0.02008	0.01285	0.00723	0.00803	0.00241	0.00964	0.00723	0.00402	0.01285
12	0.01981	0.01916	0.03321	0.08047	0.60565	0.01928	0.05321	0.02475	0.01840	0.02620	0.01528	0.02024	0.01273	0.00725	0.00811	0.00244	0.00989	0.00734	0.00400	0.01258
13	0.04215	0.01004	0.01348	0.10370	0.01993	0.01045	0.01156	0.01761	0.05117	0.02676	0.22718	0.14087	0.07451	0.01786	0.00974	0.00305	0.00624	0.19843	0.00735	0.00793
14	0.04396	0.01639	0.06651	0.49936	0.12561	0.01747	0.02179	0.02106	0.01643	0.02236	0.01646	0.06710	0.01384	0.00912	0.00811	0.00269	0.01017	0.00809	0.00396	0.00951
15	0.06054	0.01622	0.01853	0.08582	0.02347	0.06091	0.01372	0.04571	0.17521	0.13298	0.07069	0.03486	0.02500	0.01208	0.01011	0.00276	0.07379	0.08485	0.00696	0.04579
16	0.01500	0.01332	0.02053	0.28612	0.03329	0.01539	0.05620	0.02012	0.05850	0.02279	0.02320	0.18071	0.02248	0.01291	0.01061	0.00281	0.08891	0.01104	0.05802	0.04806
17	0.27946	0.10250	0.04250	0.13249	0.04876	0.01842	0.01371	0.02571	0.06056	0.09783	0.01620	0.01853	0.01234	0.00889	0.00760	0.03612	0.00777	0.00592	0.00519	0.05949
18	0.06105	0.01596	0.01807	0.01379	0.02031	0.01460	0.01111	0.11087	0.10741	0.11379	0.01976	0.02023	0.01488	0.00780	0.00683	0.00182	0.00660	0.00616	0.00642	0.42254

[dist]
# distance from previous block
# <min> <max>
4	12

[block]
# block no. 2 follows, 23 sequences, length 126
# corresponding to MSA columns:
# 156-281
name=unknown_C
#
# <colnr> <probs for GDERKNQSTAVLIFYWHMCP>
#	G	D	E	R	K	N	Q	S	T	A	V	L	I	F	Y	W	H	M	C	P
0	0.31833	0.04480	0.02059	0.01873	0.08147	0.09855	0.04326	0.10121	0.06692	0.03230	0.01856	0.02029	0.04714	0.00916	0.00786	0.00251	0.04611	0.00658	0.00541	0.01023
1	0.15271	0.01814	0.02952	0.06991	0.06664	0.04399	0.26906	0.02388	0.04502	0.02696	0.01946	0.11056	0.01751	0.00971	0.00828	0.00262	0.00995	0.00961	0.00491	0.06154
2	0.01629	0.05025	0.01427	0.01235	0.01482	0.01080	0.00926	0.07949	0.02036	0.10661	0.16591	0.38163	0.04776	0.01906	0.00940	0.00287	0.00545	0.01683	0.00796	0.00865
3	0.02116	0.01530	0.01789	0.01333	0.02011	0.01302	0.01073	0.07727	0.07561	0.12289	0.01906	0.01981	0.01447	0.00735	0.00670	0.00163	0.00642	0.00589	0.00615	0.52519
4	0.02996	0.02206	0.02372	0.01836	0.02460	0.02438	0.01509	0.61062	0.03719	0.04985	0.02055	0.04875	0.01549	0.01041	0.00821	0.00247	0.00875	0.00797	0.00809	0.01349
5	0.01513	0.00756	0.00756	0.00756	0.00945	0.00756	0.00567	0.01891	0.01702	0.03025	0.02647	0.03025	0.02080	0.00945	0.00567	0.00189	0.00378	0.00756	0.75988	0.00756
6	0.64464	0.01612	0.01404	0.07486	0.02016	0.01872	0.01058	0.07092	0.01591	0.03609	0.01222	0.01445	0.00936	0.00776	0.00555	0.00252	0.00690	0.00488	0.00513	0.00920
7	0.01969	0.01078	0.01422	0.01316	0.01653	0.00987	0.01050	0.04418	0.02059	0.21056	0.14099	0.19213	0.04205	0.01697	0.00941	0.00287	0.00606	0.14997	0.00831	0.06115
8	0.11341	0.11378	0.02449	0.01825	0.02353	0.33961	0.01461	0.20432	0.02553	0.03063	0.01424	0.01567	0.01122	0.00849	0.00703	0.00219	0.01133	0.00562	0.00532	0.01072
9	0.02280	0.01811	0.03127	0.02386	0.02947	0.01842	0.26814	0.10951	0.02139	0.14922	0.02274	0.06672	0.01884	0.01109	0.01150	0.00287	0.09972	0.05710	0.00616	0.01108
10	0.02212	0.06360	0.01826	0.01450	0.01867	0.07202	0.01163	0.06261	0.16155	0.16568	0.19055	0.05973	0.03669	0.01292	0.00855	0.00259	0.00688	0.05269	0.00804	0.01073
11	0.01513	0.00756	0.00756	0.00756	0.00945	0.00756	0.00567	0.01891	0.01702	0.03025	0.02647	0.03025	0.02080	0.00945	0.00567	0.00189	0.00378	0.00756	0.75988	0.00756
12	0.01773	0.03336	0.48330	0.02086	0.03064	0.01659	0.05134	0.02559	0.01868	0.09150	0.11039	0.02473	0.02101	0.00920	0.00811	0.00257	0.01036	0.00763	0.00492	0.01150
13	0.01925	0.01502	0.01754	0.01270	0.01979	0.01200	0.01022	0.06936	0.01891	0.07237	0.01602	0.01777	0.01271	0.00657	0.00632	0.00139	0.00630	0.00523	0.00542	0.65512
14	0.02627	0.01637	0.01875	0.01587	0.02112	0.01749	0.01262	0.06514	0.40655	0.25702	0.03214	0.02892	0.02270	0.01062	0.00822	0.00266	0.00669	0.00875	0.00888	0.01322
15	0.64915	0.01650	0.01377	0.01183	0.01708	0.01882	0.00975	0.10133	0.01724	0.06420	0.01317	0.01456	0.00988	0.00791	0.00554	0.00250	0.00663	0.00491	0.00562	0.00962
16	0.01279	0.00953	0.01223	0.01258	0.01459	0.00952	0.00994	0.01852	0.09511	0.02848	0.30755	0.15795	0.05792	0.01897	0.01003	0.00305	0.00539	0.19959	0.00820	0.00807
17	0.01532	0.01442	0.02434	0.69533	0.05589	0.01803	0.02253	0.02073	0.01622	0.02073	0.01442	0.02163	0.01082	0.00811	0.00811	0.00270	0.01082	0.00721	0.00361	0.00901
18	0.01148	0.00829	0.01085	0.01021	0.01212	0.00766	0.00766	0.01531	0.02297	0.03254	0.65994	0.06061	0.07656	0.01659	0.00957	0.00255	0.00383	0.01467	0.00893	0.00766
19	0.01909	0.42012	0.28918	0.01748	0.02616	0.02587	0.02005	0.02439	0.01658	0.02168	0.01306	0.01551	0.01082	0.00974	0.03753	0.00259	0.01059	0.00519	0.00349	0.01089
20	0.01639	0.01557	0.02637	0.51863	0.15984	0.01795	0.04668	0.02166	0.01677	0.02226	0.01465	0.02111	0.01130	0.00779	0.00804	0.00257	0.01046	0.00718	0.00376	0.05101
21	0.01144	0.00824	0.01087	0.01071	0.01246	0.00768	0.00808	0.01500	0.02181	0.03059	0.54324	0.13357	0.07166	0.01802	0.00979	0.00273	0.00422	0.06370	0.00866	0.00753
22	0.01052	0.00751	0.01014	0.01202	0.01277	0.00713	0.00863	0.01239	0.01616	0.02142	0.04437	0.58720	0.05229	0.02483	0.01053	0.00338	0.00525	0.13918	0.00752	0.00677
23	0.00989	0.00706	0.00942	0.01130	0.01177	0.00659	0.00753	0.01130	0.01554	0.02071	0.04472	0.70954	0.05367	0.02542	0.01036	0.00330	0.00471	0.02307	0.00753	0.00659
24	0.01443	0.01040	0.01252	0.01224	0.01318	0.00982	0.02801	0.01443	0.01506	0.02025	0.03497	0.15926	0.08623	0.45791	0.06731	0.00708	0.00885	0.01439	0.00640	0.00723
25	0.02078	0.23978	0.41641	0.02311	0.05730	0.02399	0.04210	0.02673	0.01861	0.02604	0.01638	0.01996	0.01315	0.00927	0.00817	0.00282	0.01163	0.00653	0.00446	0.01277
26	0.73987	0.01745	0.01389	0.01257	0.01765	0.01942	0.00996	0.02540	0.01552	0.03815	0.01415	0.01715	0.01153	0.00937	0.00628	0.00301	0.00720	0.00534	0.00593	0.01017
27	0.01610	0.01198	0.01475	0.01218	0.01681	0.00996	0.00934	0.01902	0.01731	0.07666	0.07391	0.21223	0.02909	0.01278	0.00834	0.00207	0.02863	0.01095	0.00626	0.41163
28	0.01532	0.01442	0.02434	0.69533	0.05589	0.01803	0.02253	0.02073	0.01622	0.02073	0.01442	0.02163	0.01082	0.00811	0.00811	0.00270	0.01082	0.00721	0.00361	0.00901
29	0.01627	0.04197	0.67279	0.02313	0.03512	0.01884	0.02998	0.02570	0.01713	0.02570	0.01456	0.01713	0.01028	0.00771	0.00771	0.00257	0.01199	0.00600	0.00343	0.01199
30	0.01132	0.00824	0.01064	0.01014	0.01204	0.00757	0.00757	0.01495	0.02242	0.03148	0.60335	0.08797	0.10754	0.01716	0.00960	0.00259	0.00388	0.01515	0.00880	0.00757
31	0.01650	0.06955	0.64714	0.02275	0.03454	0.01938	0.02932	0.02564	0.01711	0.02543	0.01443	0.01696	0.01028	0.00768	0.00761	0.00254	0.01186	0.00593	0.00343	0.01193
32	0.01109	0.00829	0.01034	0.01008	0.01212	0.00753	0.00763	0.01443	0.02144	0.02926	0.47328	0.09233	0.20222	0.01814	0.00970	0.00269	0.00413	0.04937	0.00849	0.00743
33	0.01061	0.00894	0.00928	0.00907	0.01187	0.00797	0.00684	0.01447	0.06770	0.02399	0.14056	0.07252	0.54893	0.01939	0.00948	0.00272	0.00426	0.01625	0.00774	0.00740
34	0.01744	0.06679	0.44552	0.02622	0.03677	0.01999	0.22112	0.02573	0.01774	0.02549	0.01500	0.01845	0.01093	0.00740	0.00819	0.00258	0.01237	0.00706	0.00364	0.01159
35	0.01819	0.28099	0.45052	0.01987	0.03008	0.02352	0.02430	0.02520	0.01690	0.02337	0.01340	0.01568	0.01033	0.00744	0.00683	0.00228	0.01082	0.00541	0.00344	0.01144
36	0.01513	0.00756	0.00756	0.00756	0.00945	0.00756	0.00567	0.01891	0.01702	0.03025	0.02647	0.03025	0.02080	0.00945	0.00567	0.00189	0.00378	0.00756	0.75988	0.00756
37	0.01810	0.01879	0.03063	0.02454	0.02659	0.02377	0.17242	0.02115	0.01411	0.02115	0.01210	0.01879	0.01107	0.01236	0.02235	0.00335	0.52794	0.00772	0.00369	0.00939
38	0.01513	0.00756	0.00756	0.00756	0.00945	0.00756	0.00567	0.01891	0.01702	0.03025	0.02647	0.03025	0.02080	0.00945	0.00567	0.00189	0.00378	0.00756	0.75988	0.00756
39	0.01627	0.04197	0.67279	0.02313	0.03512	0.01884	0.02998	0.02570	0.01713	0.02570	0.01456	0.01713	0.01028	0.00771	0.00771	0.00257	0.01199	0.00600	0.00343	0.01199
40	0.01895	0.01294	0.01403	0.01228	0.01614	0.06687	0.00955	0.02193	0.02053	0.16692	0.18989	0.09952	0.15070	0.01461	0.00870	0.00246	0.00605	0.04107	0.00773	0.11913
41	0.02052	0.01966	0.03113	0.15023	0.46304	0.04657	0.05006	0.07185	0.01984	0.02718	0.01539	0.02014	0.01247	0.00760	0.00809	0.00246	0.01016	0.00725	0.00428	0.01208
42	0.01119	0.00838	0.01071	0.01116	0.01293	0.00747	0.00799	0.01352	0.01755	0.02411	0.17168	0.42701	0.08626	0.02082	0.00966	0.00288	0.00478	0.04591	0.00749	0.09850
43	0.02424	0.01907	0.02016	0.01688	0.02221	0.04267	0.01357	0.24793	0.29383	0.06605	0.02676	0.02898	0.02074	0.01082	0.00820	0.00256	0.00764	0.04909	0.00783	0.07077
44	0.01811	0.02135	0.08961	0.08781	0.03908	0.01942	0.44394	0.02387	0.01761	0.02414	0.01552	0.02143	0.01205	0.00919	0.01220	0.06212	0.05975	0.00873	0.00393	0.01014
45	0.01513	0.00756	0.00756	0.00756	0.00945	0.00756	0.00567	0.01891	0.01702	0.03025	0.02647	0.03025	0.02080	0.00945	0.00567	0.00189	0.00378	0.00756	0.75988	0.00756
46	0.01142	0.00847	0.01078	0.01114	0.01292	0.00799	0.00845	0.01509	0.04089	0.02727	0.33030	0.21230	0.14095	0.01980	0.00996	0.00293	0.00471	0.10898	0.00819	0.00746
47	0.01532	0.01442	0.02434	0.69533	0.05589	0.01803	0.02253	0.02073	0.01622	0.02073	0.01442	0.02163	0.01082	0.00811	0.00811	0.00270	0.01082	0.00721	0.00361	0.00901
48	0.01701	0.00954	0.01272	0.01154	0.01435	0.00869	0.00901	0.02060	0.02244	0.17111	0.45378	0.07788	0.06110	0.01591	0.00941	0.00266	0.00481	0.05947	0.00902	0.00895
49	0.01683	0.01442	0.01683	0.01202	0.01923	0.01082	0.00961	0.02043	0.01683	0.02644	0.01442	0.01683	0.01202	0.00601	0.00601	0.00120	0.00601	0.00481	0.00481	0.76444
50	0.03498	0.01610	0.02025	0.01552	0.02186	0.01533	0.01282	0.19304	0.02706	0.51093	0.02879	0.02553	0.01847	0.00997	0.00815	0.00249	0.00742	0.00794	0.00955	0.01381
51	0.00989	0.00706	0.00942	0.01130	0.01177	0.00659	0.00753	0.01130	0.01554	0.02071	0.04472	0.70954	0.05367	0.02542	0.01036	0.00330	0.00471	0.02307	0.00753	0.00659
52	0.01853	0.01769	0.03013	0.26064	0.46553	0.01887	0.02413	0.02354	0.01774	0.02462	0.01499	0.02059	0.01219	0.00752	0.00806	0.00251	0.01002	0.00722	0.00388	0.01160
53	0.01958	0.01691	0.01777	0.01604	0.02052	0.01942	0.01246	0.04133	0.61368	0.03326	0.03582	0.03299	0.06093	0.01155	0.00833	0.00275	0.00629	0.00963	0.00822	0.01250
54	0.01161	0.00861	0.01262	0.01262	0.01392	0.00991	0.00962	0.01422	0.01292	0.01852	0.02212	0.03401	0.02121	0.12661	0.61819	0.01252	0.02034	0.00901	0.00440	0.00701
55	0.01581	0.01502	0.01512	0.01431	0.01566	0.13331	0.01061	0.01760	0.01442	0.01823	0.01978	0.03298	0.01991	0.22959	0.29892	0.00843	0.09999	0.00874	0.00438	0.00718
56	0.02259	0.01470	0.01717	0.01424	0.01771	0.01564	0.01088	0.22771	0.02285	0.13171	0.02362	0.05429	0.02130	0.24800	0.04763	0.00475	0.05583	0.00941	0.00677	0.03322
57	0.05471	0.13003	0.49551	0.02223	0.05683	0.05682	0.02582	0.02575	0.01726	0.02505	0.01388	0.01637	0.01034	0.00761	0.00724	0.00242	0.01132	0.00570	0.00357	0.01152
58	0.02055	0.01761	0.01855	0.01659	0.02124	0.02035	0.01293	0.06336	0.62873	0.03453	0.03256	0.02991	0.02440	0.01097	0.00825	0.00274	0.00651	0.00911	0.00825	0.01288
59	0.01683	0.01442	0.01683	0.01202	0.01923	0.01082	0.00961	0.02043	0.01683	0.02644	0.01442	0.01683	0.01202	0.00601	0.00601	0.00120	0.00601	0.00481	0.00481	0.76444
60	0.01193	0.00919	0.01369	0.01349	0.01486	0.01095	0.01056	0.01476	0.01301	0.01887	0.02113	0.03111	0.01976	0.05831	0.64687	0.01252	0.05875	0.00861	0.00430	0.00733
61	0.01647	0.04060	0.63003	0.02388	0.03562	0.01896	0.07136	0.02572	0.01727	0.02572	0.01469	0.01746	0.01042	0.00765	0.00784	0.00258	0.01211	0.00624	0.00347	0.01192
62	0.02411	0.01849	0.01926	0.01653	0.02156	0.04996	0.01306	0.13527	0.42337	0.11789	0.03133	0.02898	0.04144	0.01086	0.00822	0.00264	0.00719	0.00881	0.00826	0.01278
63	0.01177	0.00868	0.01104	0.01038	0.01245	0.00815	0.00781	0.01632	0.04933	0.03211	0.60663	0.06013	0.10140	0.01654	0.00952	0.00257	0.00395	0.01455	0.00884	0.00784
64	0.00989	0.00794	0.00884	0.00924	0.01131	0.00688	0.00669	0.01200	0.01829	0.02290	0.14256	0.23595	0.43643	0.02131	0.00978	0.00286	0.00423	0.01833	0.00770	0.00688
65	0.02169	0.71972	0.04252	0.01388	0.02083	0.03211	0.01388	0.02430	0.01649	0.01909	0.01128	0.01302	0.01041	0.00694	0.00521	0.00174	0.00868	0.00434	0.00347	0.01041
66	0.01264	0.00855	0.01122	0.01040	0.01252	0.00785	0.00785	0.01643	0.02298	0.06202	0.63089	0.05909	0.07395	0.01629	0.00951	0.00255	0.00397	0.01437	0.00898	0.00794
67	0.77215	0.01569	0.01193	0.01067	0.01569	0.01820	0.00879	0.02385	0.01381	0.03641	0.01130	0.01318	0.00879	0.00753	0.00502	0.00251	0.00628	0.00439	0.00502	0.00879
68	0.35457	0.01775	0.02245	0.06118	0.29185	0.01925	0.01682	0.07684	0.01799	0.03274	0.01382	0.01704	0.01103	0.00762	0.00671	0.00247	0.00814	0.00598	0.00479	0.01094
69	0.01513	0.00756	0.00756	0.00756	0.00945	0.00756	0.00567	0.01891	0.01702	0.03025	0.02647	0.03025	0.02080	0.00945	0.00567	0.00189	0.00378	0.00756	0.75988	0.00756
70	0.02718	0.01865	0.02083	0.01638	0.02185	0.01997	0.01336	0.43946	0.03329	0.11071	0.16107	0.02933	0.02820	0.01127	0.00844	0.00247	0.00760	0.00901	0.00849	0.01245
71	0.25597	0.01612	0.02265	0.18379	0.07977	0.01786	0.10584	0.05170	0.06010	0.02888	0.01694	0.05706	0.01414	0.00987	0.00863	0.03970	0.00881	0.00767	0.00489	0.00961
72	0.02918	0.02076	0.02271	0.01753	0.02378	0.02230	0.01437	0.51985	0.03444	0.09017	0.02111	0.05159	0.01593	0.01019	0.00806	0.00238	0.00837	0.00790	0.00797	0.07143
73	0.01946	0.01869	0.03179	0.09034	0.54418	0.01860	0.05162	0.02432	0.01823	0.02608	0.01519	0.02002	0.01262	0.00718	0.00795	0.00235	0.00963	0.00715	0.00405	0.07053
74	0.63545	0.01553	0.01313	0.01139	0.01648	0.01748	0.00935	0.05327	0.01622	0.09888	0.03981	0.01679	0.01285	0.00824	0.00565	0.00251	0.00636	0.00531	0.00581	0.00946
75	0.08414	0.06195	0.09948	0.01735	0.02416	0.02142	0.01566	0.31438	0.09669	0.15177	0.02149	0.02097	0.01511	0.00937	0.00769	0.00246	0.00845	0.00712	0.00742	0.01291
76	0.01786	0.01516	0.02106	0.01574	0.02223	0.01276	0.10231	0.04419	0.04397	0.05218	0.01950	0.09067	0.01729	0.00865	0.00724	0.00181	0.00717	0.00781	0.00545	0.48696
77	0.01734	0.17508	0.54901	0.02131	0.03231	0.02145	0.02682	0.02542	0.01700	0.02440	0.01392	0.01632	0.01031	0.00756	0.00722	0.00241	0.01134	0.00567	0.00344	0.01168
78	0.74115	0.01564	0.01243	0.03872	0.01734	0.01820	0.00935	0.02372	0.01391	0.03576	0.01143	0.01353	0.00887	0.00756	0.00515	0.00252	0.00646	0.00451	0.00496	0.00880
79	0.01163	0.00789	0.00880	0.00880	0.00901	0.00779	0.00501	0.01179	0.01232	0.01621	0.02994	0.05503	0.07825	0.66123	0.03885	0.00747	0.00758	0.01221	0.00512	0.00507
80	0.03085	0.02273	0.02435	0.01867	0.02516	0.02516	0.01542	0.63716	0.03815	0.05114	0.01948	0.01948	0.01380	0.00974	0.00812	0.00244	0.00893	0.00731	0.00812	0.01380
81	0.01513	0.00756	0.00756	0.00756	0.00945	0.00756	0.00567	0.01891	0.01702	0.03025	0.02647	0.03025	0.02080	0.00945	0.00567	0.00189	0.00378	0.00756	0.75988	0.00756
82	0.01133	0.00818	0.01071	0.01031	0.01209	0.00756	0.00764	0.01494	0.02227	0.03143	0.60226	0.12144	0.07442	0.01742	0.00964	0.00262	0.00391	0.01546	0.00880	0.00756
83	0.01817	0.01438	0.01696	0.01218	0.01933	0.01089	0.00977	0.02174	0.01726	0.07047	0.01563	0.01756	0.01257	0.00629	0.00616	0.00129	0.00607	0.00504	0.00517	0.71308
84	0.01952	0.01664	0.01749	0.01566	0.02013	0.01889	0.01220	0.07185	0.54229	0.03347	0.03805	0.03528	0.09867	0.01206	0.00841	0.00273	0.00629	0.01000	0.00816	0.01219
85	0.02029	0.02004	0.03244	0.08315	0.58080	0.05152	0.04307	0.02507	0.01859	0.02585	0.01512	0.01996	0.01261	0.00732	0.00805	0.00242	0.01007	0.00720	0.00400	0.01242
86	0.01180	0.00787	0.00885	0.00885	0.00885	0.00787	0.00492	0.01180	0.01180	0.01573	0.02557	0.05310	0.02950	0.71483	0.04130	0.00787	0.00787	0.01180	0.00492	0.00492
87	0.02278	0.63614	0.04026	0.01456	0.02135	0.05998	0.01408	0.07197	0.01844	0.02160	0.01197	0.01359	0.01068	0.00722	0.00552	0.00181	0.00896	0.00461	0.00386	0.01063
88	0.03116	0.02222	0.02404	0.01843	0.02491	0.02441	0.01522	0.60319	0.03730	0.08631	0.02019	0.01994	0.01416	0.00976	0.00812	0.00244	0.00881	0.00735	0.00823	0.01380
89	0.03295	0.01598	0.04569	0.01533	0.02161	0.01414	0.01299	0.07347	0.11356	0.51735	0.03073	0.02711	0.02000	0.01007	0.00815	0.00254	0.00716	0.00817	0.00941	0.01360
90	0.00999	0.00711	0.00938	0.01116	0.01161	0.00666	0.00739	0.01133	0.01533	0.02044	0.04368	0.67369	0.05235	0.06307	0.01205	0.00354	0.00488	0.02245	0.00739	0.00650
91	0.01095	0.00803	0.01028	0.01024	0.01193	0.00735	0.00748	0.01409	0.02094	0.02896	0.47118	0.20001	0.13064	0.01886	0.00974	0.00273	0.00404	0.01670	0.00849	0.00735
92	0.01709	0.12104	0.56884	0.02326	0.06238	0.02043	0.02784	0.02549	0.01712	0.02495	0.01421	0.01678	0.01041	0.00760	0.00743	0.00246	0.01149	0.00586	0.00346	0.01184
93	0.02070	0.01769	0.01864	0.01662	0.02130	0.02043	0.01297	0.07203	0.61979	0.03478	0.03237	0.02975	0.02424	0.01095	0.00825	0.00274	0.00654	0.00908	0.00825	0.01289
94	0.01683	0.01442	0.01683	0.01202	0.01923	0.01082	0.00961	0.02043	0.01683	0.02644	0.01442	0.01683	0.01202	0.00601	0.00601	0.00120	0.00601	0.00481	0.00481	0.76444
95	0.03039	0.03635	0.02319	0.02058	0.02510	0.58656	0.01564	0.12048	0.02520	0.02441	0.01355	0.01534	0.01094	0.00856	0.00743	0.00214	0.01380	0.00553	0.00475	0.01005
96	0.01972	0.01905	0.03296	0.09334	0.59712	0.01924	0.04972	0.02466	0.01835	0.02609	0.01525	0.02026	0.01269	0.00727	0.00810	0.00244	0.00989	0.00732	0.00399	0.01251
97	0.03975	0.00921	0.01159	0.01092	0.01312	0.00885	0.00842	0.04009	0.02290	0.03277	0.56386	0.05968	0.06936	0.01644	0.00948	0.00264	0.00440	0.05995	0.00865	0.00792
98	0.01892	0.34724	0.34487	0.01970	0.02915	0.02496	0.06408	0.02508	0.01698	0.02273	0.01320	0.01559	0.01048	0.00730	0.00670	0.00220	0.01061	0.00549	0.00349	0.01121
99	0.01018	0.00728	0.00972	0.01135	0.01202	0.00682	0.00779	0.01194	0.01641	0.02204	0.10531	0.61854	0.05562	0.02442	0.01032	0.00324	0.00474	0.04787	0.00767	0.00673
100	0.01007	0.00824	0.00888	0.00872	0.01125	0.00705	0.00654	0.01257	0.01962	0.02459	0.22758	0.07369	0.51388	0.01955	0.00959	0.00269	0.00404	0.01651	0.00789	0.00705
101	0.01862	0.02085	0.04460	0.12627	0.04428	0.02017	0.54949	0.02526	0.01874	0.02526	0.01614	0.02185	0.01210	0.00702	0.00937	0.00273	0.01328	0.00925	0.00403	0.01068
102	0.02018	0.01743	0.01835	0.01651	0.02110	0.02018	0.01284	0.04312	0.64956	0.03394	0.03303	0.03027	0.02477	0.01101	0.00826	0.00275	0.00642	0.00917	0.00826	0.01284
103	0.01341	0.00872	0.01146	0.01053	0.01279	0.00799	0.00799	0.01718	0.02299	0.08175	0.61145	0.05806	0.07220	0.01608	0.00946	0.00255	0.00407	0.01417	0.00902	0.00813
104	0.02441	0.01772	0.10206	0.01607	0.02191	0.01444	0.04229	0.09151	0.09705	0.26346	0.18369	0.03370	0.03240	0.01130	0.00852	0.00256	0.00725	0.00960	0.00825	0.01181
105	0.14164	0.05381	0.02155	0.01584	0.02158	0.01601	0.07425	0.08580	0.05792	0.30861	0.09689	0.02724	0.02322	0.00994	0.00783	0.00250	0.00739	0.00825	0.00792	0.01181
106	0.01513	0.00756	0.00756	0.00756	0.00945	0.00756	0.00567	0.01891	0.01702	0.03025	0.02647	0.03025	0.02080	0.00945	0.00567	0.00189	0.00378	0.00756	0.75988	0.00756
107	0.01820	0.23221	0.42922	0.02319	0.09451	0.02266	0.02490	0.02522	0.01708	0.02390	0.01370	0.01626	0.01058	0.00744	0.00703	0.00232	0.01081	0.00565	0.00350	0.01163
108	0.01033	0.00738	0.00993	0.01181	0.01247	0.00697	0.00831	0.01207	0.01597	0.02121	0.04448	0.62332	0.05270	0.02500	0.01048	0.00336	0.00509	0.10489	0.00752	0.00671
109	0.01875	0.01747	0.02876	0.16193	0.46260	0.01815	0.02252	0.04748	0.01886	0.02609	0.02021	0.02681	0.04947	0.00892	0.00828	0.00254	0.00942	0.03563	0.00446	0.01162
110	0.01657	0.03794	0.56794	0.07164	0.09600	0.01883	0.02899	0.02528	0.01720	0.02543	0.01462	0.01772	0.01056	0.00769	0.00777	0.00256	0.01169	0.00620	0.00349	0.01187
111	0.23443	0.02156	0.02031	0.01645	0.02220	0.07355	0.01339	0.37045	0.08254	0.04319	0.01785	0.01829	0.01310	0.00913	0.00721	0.00246	0.00842	0.00650	0.00697	0.01200
112	0.01513	0.00756	0.00756	0.00756	0.00945	0.00756	0.00567	0.01891	0.01702	0.03025	0.02647	0.03025	0.02080	0.00945	0.00567	0.00189	0.00378	0.00756	0.75988	0.00756
113	0.01160	0.00865	0.01281	0.01281	0.01418	0.01002	0.00986	0.01434	0.01297	0.01867	0.02194	0.03304	0.02079	0.09655	0.64767	0.01276	0.02098	0.00886	0.00438	0.00712
114	0.01532	0.01442	0.02434	0.69533	0.05589	0.01803	0.02253	0.02073	0.01622	0.02073	0.01442	0.02163	0.01082	0.00811	0.00811	0.00270	0.01082	0.00721	0.00361	0.00901
115	0.01277	0.00910	0.01108	0.01050	0.01298	0.00843	0.00805	0.01714	0.05578	0.06042	0.41098	0.06359	0.22157	0.01732	0.00952	0.00267	0.00439	0.04718	0.00851	0.00802
116	0.01791	0.01506	0.01741	0.01253	0.01969	0.01192	0.01006	0.06805	0.01847	0.02835	0.01481	0.01703	0.01216	0.00630	0.00617	0.00130	0.00623	0.00500	0.00506	0.70648
117	0.01224	0.00955	0.01363	0.01330	0.01436	0.01131	0.01016	0.01460	0.01328	0.01909	0.04339	0.07081	0.02399	0.13298	0.46727	0.01041	0.09797	0.00988	0.00465	0.00713
118	0.01221	0.00935	0.01264	0.01395	0.06327	0.00878	0.00988	0.01585	0.02113	0.02892	0.40455	0.06620	0.14645	0.01760	0.00979	0.00281	0.00506	0.13559	0.00806	0.00791
119	0.01627	0.04197	0.67279	0.02313	0.03512	0.01884	0.02998	0.02570	0.01713	0.02570	0.01456	0.01713	0.01028	0.00771	0.00771	0.00257	0.01199	0.00600	0.00343	0.01199
120	0.01223	0.00963	0.01426	0.01389	0.01519	0.01166	0.01093	0.01501	0.01298	0.01891	0.02059	0.03042	0.01929	0.05604	0.61494	0.01206	0.09177	0.00853	0.00426	0.00741
121	0.01418	0.01250	0.01800	0.01651	0.01735	0.01632	0.01334	0.01660	0.01278	0.01913	0.01708	0.02595	0.01624	0.04127	0.40723	0.00906	0.30651	0.00803	0.00401	0.00793
122	0.01159	0.00869	0.01304	0.01304	0.01449	0.01014	0.01014	0.01449	0.01304	0.01884	0.02173	0.03188	0.02029	0.06086	0.68268	0.01304	0.02173	0.00869	0.00435	0.00724
123	0.01627	0.04197	0.67279	0.02313	0.03512	0.01884	0.02998	0.02570	0.01713	0.02570	0.01456	0.01713	0.01028	0.00771	0.00771	0.00257	0.01199	0.00600	0.00343	0.01199
124	0.01247	0.01020	0.01127	0.01091	0.01363	0.01004	0.00818	0.01962	0.16273	0.02699	0.20108	0.13351	0.31280	0.01800	0.00937	0.00276	0.00464	0.01541	0.00802	0.00837
125	0.01500	0.04604	0.01482	0.01245	0.01538	0.01318	0.00953	0.02505	0.23755	0.03107	0.36351	0.04727	0.05187	0.06811	0.01136	0.00299	0.00527	0.01206	0.00812	0.00937

[dist]
# distance from previous block
# <min> <max>
0	1

[block]
# block no. 3 follows, 23 sequences, length 80
# corresponding to MSA columns:
# 283-362
name=unknown_D
#
# <colnr> <probs for GDERKNQSTAVLIFYWHMCP>
#	G	D	E	R	K	N	Q	S	T	A	V	L	I	F	Y	W	H	M	C	P
0	0.02240	0.08526	0.02604	0.02013	0.02254	0.13687	0.01667	0.12429	0.01884	0.02477	0.01249	0.01708	0.01112	0.01182	0.01837	0.00296	0.40746	0.00657	0.00441	0.00992
1	0.05356	0.13852	0.15268	0.01703	0.02453	0.04796	0.03940	0.06998	0.04433	0.22084	0.02014	0.02015	0.01426	0.00834	0.00724	0.00224	0.00879	0.00649	0.00619	0.09733
2	0.07072	0.47962	0.07548	0.01512	0.02151	0.12986	0.01446	0.02504	0.01778	0.02161	0.05320	0.01659	0.01454	0.00787	0.00596	0.00195	0.00935	0.00525	0.00403	0.01007
3	0.77215	0.01569	0.01193	0.01067	0.01569	0.01820	0.00879	0.02385	0.01381	0.03641	0.01130	0.01318	0.00879	0.00753	0.00502	0.00251	0.00628	0.00439	0.00502	0.00879
4	0.01191	0.05365	0.01267	0.01060	0.01263	0.00907	0.00804	0.01531	0.02149	0.02998	0.53021	0.15061	0.06905	0.01724	0.00940	0.00261	0.00426	0.01522	0.00838	0.00768
5	0.02002	0.01946	0.03396	0.04874	0.62177	0.01936	0.06654	0.02498	0.01852	0.02647	0.01534	0.02021	0.01282	0.00720	0.00814	0.00243	0.00992	0.00739	0.00402	0.01272
6	0.01636	0.03751	0.57168	0.02142	0.03215	0.01793	0.02683	0.05444	0.01847	0.02694	0.04267	0.02297	0.05726	0.00901	0.00792	0.00257	0.01101	0.00713	0.00414	0.01157
7	0.01627	0.04197	0.67279	0.02313	0.03512	0.01884	0.02998	0.02570	0.01713	0.02570	0.01456	0.01713	0.01028	0.00771	0.00771	0.00257	0.01199	0.00600	0.00343	0.01199
8	0.01917	0.01756	0.02837	0.32235	0.33767	0.01936	0.02290	0.08697	0.01957	0.02661	0.01534	0.02068	0.01208	0.00787	0.00808	0.00254	0.01007	0.00723	0.00427	0.01131
9	0.00989	0.00706	0.00942	0.01130	0.01177	0.00659	0.00753	0.01130	0.01554	0.02071	0.04472	0.70954	0.05367	0.02542	0.01036	0.00330	0.00471	0.02307	0.00753	0.00659
10	0.01948	0.01867	0.03185	0.13126	0.58745	0.01912	0.02460	0.02438	0.01819	0.02578	0.01516	0.02028	0.01260	0.00734	0.00804	0.00245	0.00979	0.00723	0.00396	0.01237
11	0.01627	0.04197	0.67279	0.02313	0.03512	0.01884	0.02998	0.02570	0.01713	0.02570	0.01456	0.01713	0.01028	0.00771	0.00771	0.00257	0.01199	0.00600	0.00343	0.01199
12	0.00988	0.00823	0.00862	0.00853	0.01114	0.00697	0.00639	0.01221	0.01918	0.02356	0.17125	0.07540	0.57086	0.01994	0.00959	0.00271	0.00407	0.01675	0.00775	0.00697
13	0.02169	0.71972	0.04252	0.01388	0.02083	0.03211	0.01388	0.02430	0.01649	0.01909	0.01128	0.01302	0.01041	0.00694	0.00521	0.00174	0.00868	0.00434	0.00347	0.01041
14	0.01148	0.00829	0.01085	0.01021	0.01212	0.00766	0.00766	0.01531	0.02297	0.03254	0.65994	0.06061	0.07656	0.01659	0.00957	0.00255	0.00383	0.01467	0.00893	0.00766
15	0.77215	0.01569	0.01193	0.01067	0.01569	0.01820	0.00879	0.02385	0.01381	0.03641	0.01130	0.01318	0.00879	0.00753	0.00502	0.00251	0.00628	0.00439	0.00502	0.00879
16	0.01532	0.01442	0.02434	0.69533	0.05589	0.01803	0.02253	0.02073	0.01622	0.02073	0.01442	0.02163	0.01082	0.00811	0.00811	0.00270	0.01082	0.00721	0.00361	0.00901
17	0.01513	0.00756	0.00756	0.00756	0.00945	0.00756	0.00567	0.01891	0.01702	0.03025	0.02647	0.03025	0.02080	0.00945	0.00567	0.00189	0.00378	0.00756	0.75988	0.00756
18	0.01108	0.00795	0.01037	0.01176	0.01267	0.00762	0.00822	0.03847	0.01717	0.02299	0.08345	0.60025	0.05303	0.02400	0.01026	0.00324	0.00500	0.05782	0.00764	0.00702
19	0.77215	0.01569	0.01193	0.01067	0.01569	0.01820	0.00879	0.02385	0.01381	0.03641	0.01130	0.01318	0.00879	0.00753	0.00502	0.00251	0.00628	0.00439	0.00502	0.00879
20	0.39203	0.01925	0.01818	0.10028	0.02440	0.06291	0.01309	0.22020	0.02249	0.03808	0.01439	0.01636	0.01075	0.00837	0.00655	0.00248	0.00823	0.00573	0.00578	0.01046
21	0.01513	0.00756	0.00756	0.00756	0.00945	0.00756	0.00567	0.01891	0.01702	0.03025	0.02647	0.03025	0.02080	0.00945	0.00567	0.00189	0.00378	0.00756	0.75988	0.00756
22	0.02305	0.01932	0.01947	0.01698	0.02188	0.06282	0.01332	0.12164	0.49694	0.06662	0.02986	0.02770	0.02216	0.01062	0.00817	0.00266	0.00731	0.00862	0.00806	0.01280
23	0.02440	0.01881	0.02019	0.01704	0.02230	0.02118	0.01357	0.22221	0.42661	0.07812	0.02888	0.02685	0.02117	0.01057	0.00821	0.00264	0.00721	0.00855	0.00832	0.01319
24	0.77215	0.01569	0.01193	0.01067	0.01569	0.01820	0.00879	0.02385	0.01381	0.03641	0.01130	0.01318	0.00879	0.00753	0.00502	0.00251	0.00628	0.00439	0.00502	0.00879
25	0.02965	0.03251	0.02353	0.02111	0.04790	0.44278	0.01581	0.20407	0.05491	0.02959	0.01552	0.01690	0.01212	0.00883	0.00761	0.00223	0.01247	0.00606	0.00547	0.01093
26	0.01590	0.01473	0.02434	0.66999	0.05474	0.01829	0.02227	0.04382	0.01705	0.02187	0.01461	0.02155	0.01093	0.00817	0.00811	0.00269	0.01075	0.00721	0.00377	0.00919
27	0.01513	0.00756	0.00756	0.00756	0.00945	0.00756	0.00567	0.01891	0.01702	0.03025	0.02647	0.03025	0.02080	0.00945	0.00567	0.00189	0.00378	0.00756	0.75988	0.00756
28	0.00989	0.00706	0.00942	0.01130	0.01177	0.00659	0.00753	0.01130	0.01554	0.02071	0.04472	0.70954	0.05367	0.02542	0.01036	0.00330	0.00471	0.02307	0.00753	0.00659
29	0.00996	0.00709	0.00939	0.01121	0.01166	0.00664	0.00743	0.01132	0.01539	0.02053	0.04400	0.68471	0.05275	0.05150	0.01153	0.00347	0.00483	0.02264	0.00743	0.00653
30	0.01588	0.01472	0.02434	0.67098	0.05478	0.01828	0.02228	0.04291	0.01701	0.02183	0.01460	0.02156	0.01092	0.00817	0.00811	0.00269	0.01075	0.00721	0.00377	0.00919
31	0.02919	0.06935	0.02541	0.06246	0.02686	0.08737	0.01581	0.49977	0.03387	0.04411	0.01796	0.01874	0.01307	0.00932	0.00785	0.00237	0.00958	0.00691	0.00715	0.01285
32	0.02206	0.01543	0.01947	0.01457	0.02090	0.01367	0.03871	0.10371	0.02112	0.14951	0.06235	0.02243	0.01811	0.00834	0.00792	0.00186	0.03504	0.00673	0.00641	0.41164
33	0.02880	0.04804	0.02343	0.01771	0.02367	0.05641	0.01454	0.47511	0.07536	0.07646	0.06133	0.02274	0.01856	0.01010	0.00807	0.00242	0.00861	0.00773	0.00790	0.01299
34	0.02180	0.64002	0.03988	0.01411	0.02093	0.06269	0.01369	0.02444	0.01683	0.01961	0.01155	0.01335	0.01052	0.00695	0.00536	0.00172	0.00880	0.00441	0.00359	0.05975
35	0.01939	0.01525	0.01919	0.01465	0.02076	0.01339	0.05138	0.12807	0.02083	0.06228	0.02077	0.11982	0.01887	0.00977	0.00736	0.00189	0.00688	0.00840	0.00600	0.43505
36	0.13156	0.07418	0.33250	0.02169	0.06960	0.01854	0.06694	0.02775	0.01791	0.14054	0.01713	0.01867	0.01211	0.00795	0.00739	0.00250	0.01001	0.00638	0.00492	0.01172
37	0.01945	0.05656	0.15370	0.01706	0.02295	0.09353	0.05582	0.06374	0.04467	0.08879	0.08752	0.04031	0.14889	0.01264	0.00856	0.00260	0.00874	0.05806	0.00629	0.01012
38	0.01513	0.00756	0.00756	0.00756	0.00945	0.00756	0.00567	0.01891	0.01702	0.03025	0.02647	0.03025	0.02080	0.00945	0.00567	0.00189	0.00378	0.00756	0.75988	0.00756
39	0.01488	0.01298	0.01794	0.08279	0.02075	0.01609	0.01356	0.05612	0.01577	0.02216	0.02606	0.30330	0.02895	0.01983	0.04366	0.00368	0.27400	0.01376	0.00552	0.00820
40	0.00999	0.00714	0.00951	0.01123	0.01179	0.00666	0.00754	0.01156	0.01602	0.02149	0.08501	0.66704	0.05517	0.02484	0.01031	0.00325	0.00465	0.02252	0.00762	0.00666
41	0.01442	0.00800	0.01296	0.01208	0.01261	0.00791	0.04722	0.01156	0.01112	0.01486	0.01424	0.02449	0.01398	0.02682	0.03030	0.71520	0.00747	0.00721	0.00356	0.00400
42	0.03488	0.01626	0.02035	0.01560	0.02194	0.01556	0.01289	0.20367	0.02732	0.49992	0.02857	0.02538	0.01836	0.00996	0.00815	0.00249	0.00746	0.00793	0.00951	0.01381
43	0.01724	0.15698	0.52221	0.02082	0.03164	0.02062	0.02590	0.02512	0.01700	0.02461	0.01399	0.01640	0.01041	0.00747	0.00717	0.00234	0.01104	0.00563	0.00352	0.05988
44	0.28617	0.01651	0.02018	0.23579	0.09867	0.01870	0.01590	0.09935	0.03752	0.03144	0.01459	0.01816	0.01118	0.00797	0.00688	0.00248	0.00840	0.00613	0.00493	0.05905
45	0.01781	0.02046	0.08513	0.02520	0.03279	0.01709	0.35117	0.02357	0.01826	0.02619	0.04788	0.02184	0.01524	0.00743	0.00904	0.00230	0.03664	0.00808	0.00448	0.22940
46	0.21651	0.01845	0.01881	0.01527	0.02083	0.02028	0.01236	0.28319	0.13606	0.08231	0.02057	0.02144	0.01536	0.03589	0.00851	0.00266	0.00750	0.00699	0.00719	0.04982
47	0.05632	0.02485	0.02378	0.06516	0.07016	0.16837	0.01617	0.36012	0.07078	0.03891	0.01790	0.01906	0.01332	0.00916	0.00783	0.00240	0.01009	0.00685	0.00657	0.01220
48	0.03029	0.01916	0.02165	0.01700	0.02295	0.02034	0.01388	0.40873	0.07210	0.20557	0.02508	0.06455	0.01855	0.01086	0.00827	0.00253	0.00799	0.00861	0.00858	0.01330
49	0.01513	0.00756	0.00756	0.00756	0.00945	0.00756	0.00567	0.01891	0.01702	0.03025	0.02647	0.03025	0.02080	0.00945	0.00567	0.00189	0.00378	0.00756	0.75988	0.00756
50	0.01305	0.00861	0.01132	0.01052	0.01267	0.00790	0.00793	0.01675	0.02274	0.07349	0.59898	0.07980	0.07215	0.01645	0.00950	0.00257	0.00406	0.01453	0.00896	0.00802
51	0.01683	0.01442	0.01683	0.01202	0.01923	0.01082	0.00961	0.02043	0.01683	0.02644	0.01442	0.01683	0.01202	0.00601	0.00601	0.00120	0.00601	0.00481	0.00481	0.76444
52	0.01799	0.02348	0.13473	0.10202	0.04168	0.01951	0.45935	0.02486	0.01842	0.02520	0.01695	0.04588	0.01334	0.00777	0.00918	0.00273	0.01281	0.00929	0.00408	0.01073
53	0.64536	0.08764	0.01588	0.01154	0.01686	0.02009	0.00976	0.06577	0.01574	0.03565	0.01186	0.01359	0.00929	0.00762	0.00525	0.00243	0.00670	0.00459	0.00508	0.00929
54	0.01225	0.00951	0.01369	0.01333	0.01443	0.01135	0.01023	0.01465	0.01281	0.01849	0.02111	0.03327	0.02053	0.14354	0.52953	0.01137	0.08952	0.00895	0.00434	0.00710
55	0.04570	0.13376	0.51542	0.02268	0.05351	0.02074	0.04965	0.02542	0.01704	0.02522	0.01408	0.01669	0.01040	0.00755	0.00734	0.00245	0.01130	0.00588	0.00354	0.01164
56	0.02939	0.02279	0.02402	0.06017	0.02686	0.05759	0.01576	0.54258	0.06315	0.04694	0.01942	0.01985	0.01393	0.00963	0.00808	0.00245	0.00922	0.00728	0.00765	0.01324
