[name]
unknown

[dist]
# distance from previous block
# <min> <max>
8	19

[block]
# block no. 0 follows, 25 sequences, length 8
# corresponding to MSA columns:
# 19-26
name=unknown_A
#
# <colnr> <probs for GDERKNQSTAVLIFYWHMCP>
#	G	D	E	R	K	N	Q	S	T	A	V	L	I	F	Y	W	H	M	C	P
0	0.01476	0.01021	0.01284	0.06826	0.01619	0.01155	0.00957	0.07803	0.01637	0.02490	0.02240	0.06965	0.02023	0.09364	0.16557	0.00508	0.06647	0.00866	0.27796	0.00764
1	0.01124	0.00812	0.01014	0.04583	0.01265	0.00786	0.00690	0.01257	0.01411	0.01926	0.10606	0.23535	0.03791	0.35727	0.02354	0.00498	0.00623	0.01391	0.00578	0.06029
2	0.09440	0.01507	0.01813	0.23168	0.05318	0.05468	0.01427	0.08918	0.05479	0.02639	0.02185	0.09096	0.05058	0.01043	0.00808	0.00244	0.03521	0.00847	0.06345	0.05676
3	0.15320	0.01274	0.01520	0.12348	0.02209	0.01376	0.01154	0.02608	0.14688	0.14027	0.06280	0.11250	0.02440	0.01144	0.00751	0.00254	0.00639	0.02690	0.05169	0.02859
4	0.01594	0.01095	0.01307	0.01183	0.01459	0.01098	0.00898	0.11930	0.07143	0.07855	0.30573	0.16436	0.08516	0.04108	0.00995	0.00275	0.00514	0.01349	0.00799	0.00874
5	0.07152	0.00921	0.01076	0.01049	0.01249	0.00900	0.00748	0.01683	0.06246	0.06434	0.18070	0.23931	0.07697	0.14725	0.01429	0.00354	0.00524	0.01408	0.00696	0.03708
6	0.01077	0.00763	0.00960	0.01042	0.01166	0.00707	0.00737	0.01270	0.01570	0.02158	0.09134	0.40879	0.08450	0.09252	0.01233	0.00334	0.00497	0.07678	0.06104	0.04991
7	0.01518	0.00992	0.01236	0.01192	0.01421	0.00954	0.00874	0.10123	0.01960	0.09038	0.13153	0.42524	0.04432	0.01866	0.00909	0.00276	0.00518	0.01656	0.00758	0.04601

[dist]
# distance from previous block
# <min> <max>
14	25

[block]
# block no. 1 follows, 25 sequences, length 22
# corresponding to MSA columns:
# 55-76
name=unknown_B
#
# <colnr> <probs for GDERKNQSTAVLIFYWHMCP>
#	G	D	E	R	K	N	Q	S	T	A	V	L	I	F	Y	W	H	M	C	P
0	0.08054	0.01442	0.05336	0.01340	0.01724	0.04809	0.03185	0.08264	0.01881	0.06857	0.07973	0.27308	0.06348	0.01475	0.00818	0.00250	0.00643	0.01274	0.00648	0.10371
1	0.11975	0.25680	0.10618	0.01614	0.06018	0.02062	0.01435	0.06069	0.03877	0.11046	0.01547	0.01653	0.01191	0.00734	0.00612	0.00198	0.00780	0.00535	0.00492	0.11863
2	0.06601	0.35202	0.09803	0.01426	0.02036	0.02273	0.01375	0.12391	0.01937	0.06255	0.02009	0.08995	0.04805	0.00978	0.00653	0.00213	0.00783	0.00740	0.00506	0.01018
3	0.01589	0.04787	0.01602	0.01307	0.01619	0.01355	0.03214	0.10102	0.15200	0.02759	0.13629	0.15320	0.03433	0.14112	0.01383	0.00338	0.00632	0.01166	0.00671	0.05781
4	0.01673	0.01461	0.06027	0.01374	0.01769	0.01353	0.01134	0.08857	0.20307	0.04222	0.03018	0.11906	0.06636	0.05681	0.01190	0.06756	0.00658	0.05784	0.00647	0.09545
5	0.01697	0.07258	0.01804	0.01424	0.01751	0.07188	0.01139	0.04700	0.08979	0.04501	0.04333	0.06467	0.01989	0.02608	0.23346	0.00558	0.08020	0.00804	0.00514	0.10919
6	0.01763	0.01448	0.02129	0.01656	0.02134	0.01424	0.10435	0.04630	0.01637	0.07859	0.01651	0.02077	0.01363	0.01804	0.14836	0.00413	0.11725	0.00670	0.00477	0.29870
7	0.01428	0.01322	0.01653	0.01538	0.01658	0.07135	0.01224	0.01668	0.01309	0.01827	0.01696	0.02517	0.01593	0.04102	0.44436	0.00896	0.22093	0.00759	0.00392	0.00755
8	0.55865	0.03942	0.01533	0.03556	0.01828	0.01897	0.01043	0.12841	0.01746	0.05442	0.01276	0.01441	0.00969	0.00783	0.00617	0.00240	0.03017	0.00494	0.00529	0.00940
9	0.02749	0.02471	0.02253	0.01842	0.02341	0.19091	0.01479	0.39682	0.08053	0.03760	0.01728	0.01814	0.01297	0.00943	0.00906	0.00236	0.06880	0.00661	0.00647	0.01168
10	0.00959	0.00831	0.00905	0.06213	0.01380	0.00737	0.00710	0.01180	0.01751	0.02086	0.07353	0.07044	0.62446	0.01872	0.00905	0.00262	0.00442	0.01563	0.00691	0.00671
11	0.01003	0.00699	0.00883	0.01006	0.01036	0.00668	0.00641	0.01095	0.01372	0.01829	0.03694	0.50990	0.04397	0.24681	0.01925	0.00453	0.00545	0.01864	0.00641	0.00579
12	0.02868	0.02129	0.02327	0.05490	0.02562	0.02368	0.01510	0.61931	0.03533	0.04731	0.01836	0.01873	0.01303	0.00922	0.00776	0.00234	0.00863	0.00698	0.00753	0.01294
13	0.01650	0.01417	0.01786	0.01317	0.01958	0.01143	0.05044	0.05692	0.01734	0.02622	0.01643	0.07123	0.01468	0.00744	0.00640	0.00147	0.00628	0.00638	0.00494	0.62112
14	0.01082	0.00840	0.01218	0.01600	0.10571	0.00801	0.00954	0.01263	0.01524	0.02058	0.03875	0.62299	0.04577	0.02183	0.00958	0.00303	0.00516	0.01990	0.00672	0.00714
15	0.00962	0.00690	0.00886	0.01035	0.01090	0.00644	0.00685	0.01087	0.01466	0.01937	0.04325	0.60813	0.09132	0.09756	0.01294	0.00357	0.00478	0.02053	0.00694	0.00615
16	0.01875	0.01798	0.03068	0.11100	0.61914	0.01831	0.02358	0.02341	0.01745	0.02480	0.01451	0.01933	0.01210	0.00699	0.00768	0.00233	0.00932	0.00691	0.00380	0.01193
17	0.03455	0.01358	0.01823	0.01398	0.01999	0.01197	0.01155	0.06569	0.02284	0.65569	0.03005	0.02604	0.01892	0.00958	0.00780	0.00240	0.00669	0.00776	0.00951	0.01319
18	0.00945	0.00675	0.00900	0.01080	0.01125	0.00630	0.00720	0.01080	0.01484	0.01979	0.04274	0.72245	0.05128	0.02429	0.00990	0.00315	0.00450	0.02204	0.00720	0.00630
19	0.02823	0.02105	0.02327	0.07579	0.02651	0.02347	0.01531	0.60016	0.03470	0.04643	0.01821	0.01879	0.01295	0.00918	0.00776	0.00235	0.00868	0.00697	0.00739	0.01280
20	0.01574	0.03880	0.64373	0.02282	0.03403	0.01812	0.07094	0.02457	0.01650	0.02457	0.01403	0.01668	0.00995	0.00731	0.00749	0.00247	0.01157	0.00596	0.00332	0.01139
21	0.01850	0.01940	0.03085	0.02565	0.06606	0.05546	0.21150	0.04200	0.01548	0.02194	0.01249	0.01821	0.01088	0.01060	0.01791	0.00299	0.39939	0.00744	0.00375	0.00949

[dist]
# distance from previous block
# <min> <max>
0	1

[block]
# block no. 2 follows, 25 sequences, length 10
# corresponding to MSA columns:
# 78-87
name=unknown_C
#
# <colnr> <probs for GDERKNQSTAVLIFYWHMCP>
#	G	D	E	R	K	N	Q	S	T	A	V	L	I	F	Y	W	H	M	C	P
0	0.28047	0.07680	0.15561	0.03962	0.02293	0.08107	0.01540	0.12595	0.01896	0.03079	0.03821	0.01670	0.01236	0.00830	0.00740	0.00237	0.04668	0.00564	0.00480	0.00994
1	0.02046	0.06968	0.01947	0.01356	0.01941	0.01643	0.01115	0.25573	0.02428	0.03367	0.07364	0.02495	0.07196	0.00910	0.00699	0.00185	0.00666	0.00718	0.00621	0.30761
2	0.13883	0.01099	0.01567	0.29894	0.02888	0.01277	0.01316	0.01623	0.01319	0.02003	0.01534	0.07258	0.01416	0.01560	0.01531	0.27237	0.00794	0.00752	0.00392	0.00657
3	0.18319	0.01287	0.06850	0.10471	0.01957	0.01168	0.01102	0.01618	0.01304	0.02138	0.01786	0.02344	0.06118	0.01627	0.01634	0.32139	0.00716	0.00668	0.00406	0.06349
4	0.02422	0.27350	0.11728	0.01700	0.02333	0.20692	0.01578	0.10199	0.05857	0.07115	0.01508	0.01608	0.01179	0.00786	0.00654	0.00205	0.01004	0.00545	0.00473	0.01064
5	0.01860	0.05489	0.01725	0.01293	0.01759	0.01247	0.03018	0.06101	0.06642	0.12452	0.02442	0.15879	0.02282	0.07597	0.01026	0.00256	0.00638	0.00965	0.00621	0.26707
6	0.19927	0.06599	0.06329	0.06904	0.02127	0.01711	0.01241	0.07368	0.15994	0.10232	0.02500	0.02644	0.07011	0.05170	0.00885	0.00273	0.00708	0.00755	0.00611	0.01010
7	0.01548	0.01320	0.01705	0.01338	0.01845	0.01145	0.04792	0.05248	0.01707	0.02530	0.04398	0.15853	0.02170	0.01047	0.00807	0.00187	0.04428	0.00893	0.00532	0.46507
8	0.04878	0.01510	0.02393	0.53394	0.13650	0.01750	0.02081	0.02109	0.01689	0.02311	0.05126	0.02401	0.01532	0.00899	0.00827	0.00278	0.01001	0.00760	0.00434	0.00976
9	0.06879	0.01477	0.02196	0.06868	0.20886	0.01526	0.06288	0.02577	0.13646	0.09896	0.02528	0.13976	0.02282	0.01153	0.00818	0.00263	0.00763	0.04329	0.00599	0.01050

[dist]
# distance from previous block
# <min> <max>
0	2

[block]
# block no. 3 follows, 25 sequences, length 13
# corresponding to MSA columns:
# 90-102
name=unknown_D
#
# <colnr> <probs for GDERKNQSTAVLIFYWHMCP>
#	G	D	E	R	K	N	Q	S	T	A	V	L	I	F	Y	W	H	M	C	P
0	0.01798	0.01717	0.02872	0.21633	0.42969	0.01824	0.04963	0.02435	0.07463	0.02450	0.01593	0.02052	0.01276	0.00743	0.00778	0.00242	0.00940	0.00717	0.00410	0.01125
1	0.01608	0.01378	0.01608	0.01148	0.01837	0.01034	0.00919	0.01952	0.01608	0.02527	0.01378	0.01608	0.01148	0.00574	0.00574	0.00115	0.00574	0.00459	0.00459	0.77491
2	0.01731	0.27474	0.46808	0.01910	0.02893	0.02230	0.02343	0.02410	0.01616	0.02241	0.01285	0.01504	0.00987	0.00712	0.00656	0.00219	0.01039	0.00519	0.00329	0.01095
3	0.02168	0.02141	0.08602	0.02154	0.02611	0.02269	0.11824	0.25505	0.02240	0.03135	0.01451	0.01815	0.01151	0.01032	0.01470	0.00279	0.27851	0.00714	0.00508	0.01080
4	0.05059	0.01560	0.02462	0.46538	0.19252	0.01811	0.02087	0.07712	0.01776	0.02431	0.01426	0.01980	0.01095	0.00767	0.00761	0.00249	0.00973	0.00678	0.00398	0.00985
5	0.01108	0.00831	0.01246	0.01246	0.01385	0.00969	0.00969	0.01385	0.01246	0.01800	0.02077	0.03046	0.01938	0.05815	0.69678	0.01246	0.02077	0.00831	0.00415	0.00692
6	0.01094	0.00818	0.01032	0.01051	0.01252	0.00756	0.00837	0.01416	0.01979	0.02646	0.35664	0.07003	0.21370	0.01829	0.00957	0.00279	0.00467	0.18059	0.00783	0.00708
7	0.01797	0.01655	0.02597	0.29885	0.31299	0.01837	0.02089	0.05755	0.10483	0.02537	0.01676	0.02104	0.01310	0.00785	0.00774	0.00246	0.00920	0.00715	0.00444	0.01090
8	0.01112	0.00813	0.01154	0.01154	0.01261	0.00919	0.00855	0.01326	0.01219	0.01732	0.02161	0.03511	0.02140	0.21157	0.54612	0.01133	0.01773	0.00899	0.00428	0.00641
9	0.01057	0.00755	0.01029	0.01209	0.01303	0.00727	0.00916	0.01275	0.01596	0.02106	0.04211	0.48743	0.04882	0.02323	0.01020	0.00330	0.00548	0.24593	0.00718	0.00661
10	0.01975	0.01744	0.02270	0.05921	0.23451	0.01924	0.01660	0.07742	0.38138	0.03069	0.02433	0.02467	0.01863	0.00914	0.00780	0.00250	0.00750	0.00795	0.00636	0.01217
11	0.01577	0.08159	0.31737	0.30640	0.04120	0.01878	0.06807	0.02251	0.01610	0.02212	0.01374	0.01816	0.01018	0.00741	0.00747	0.00246	0.01086	0.00633	0.00339	0.01009
12	0.01105	0.00817	0.01041	0.01061	0.01212	0.00787	0.00766	0.01527	0.06925	0.02701	0.39107	0.30162	0.06122	0.01856	0.00933	0.00272	0.00416	0.01658	0.00799	0.00732

[dist]
# distance from previous block
# <min> <max>
0	1

[block]
# block no. 4 follows, 25 sequences, length 11
# corresponding to MSA columns:
# 104-114
name=unknown_E
#
# <colnr> <probs for GDERKNQSTAVLIFYWHMCP>
#	G	D	E	R	K	N	Q	S	T	A	V	L	I	F	Y	W	H	M	C	P
0	0.01112	0.00814	0.01164	0.01164	0.01274	0.00924	0.00866	0.01332	0.01222	0.01739	0.02152	0.03464	0.02120	0.19603	0.56138	0.01144	0.01804	0.00892	0.00427	0.00646
1	0.01864	0.01748	0.02908	0.20412	0.49561	0.01843	0.02279	0.05547	0.01812	0.02523	0.01460	0.01951	0.01186	0.00723	0.00770	0.00237	0.00944	0.00691	0.00395	0.01145
2	0.01507	0.01348	0.02189	0.14903	0.25107	0.01397	0.04574	0.01954	0.03378	0.02312	0.02793	0.12289	0.05994	0.01330	0.00882	0.00279	0.00817	0.15491	0.00523	0.00932
3	0.02575	0.01921	0.02102	0.01691	0.02240	0.02099	0.01399	0.49001	0.08208	0.04302	0.02250	0.02878	0.01825	0.01091	0.00808	0.00247	0.00803	0.09230	0.00754	0.04573
4	0.02612	0.01837	0.02026	0.01621	0.02154	0.01982	0.01309	0.43906	0.09216	0.10167	0.02375	0.10606	0.01934	0.01116	0.00797	0.00243	0.00754	0.00899	0.00777	0.03672
5	0.06949	0.01595	0.02464	0.32547	0.27351	0.01796	0.02018	0.02440	0.10549	0.02458	0.01631	0.02072	0.01274	0.00779	0.00754	0.00248	0.00905	0.00697	0.00429	0.01043
6	0.01780	0.01341	0.01942	0.04616	0.02079	0.01400	0.07433	0.04005	0.04457	0.11650	0.18148	0.06779	0.03097	0.01209	0.01151	0.00253	0.14007	0.02646	0.00634	0.11374
7	0.16331	0.10051	0.10365	0.05691	0.03204	0.01970	0.33229	0.02350	0.01644	0.02541	0.01416	0.01832	0.01099	0.00914	0.03856	0.00289	0.01123	0.00714	0.00394	0.00987
8	0.01561	0.11260	0.02498	0.54880	0.04556	0.01844	0.01926	0.02025	0.01559	0.02010	0.01337	0.01912	0.01039	0.00741	0.00718	0.00232	0.00963	0.00630	0.00353	0.07954
9	0.13004	0.05119	0.02216	0.11723	0.02673	0.02223	0.01468	0.41943	0.05660	0.04061	0.01705	0.01826	0.01242	0.00872	0.00723	0.00236	0.00833	0.00654	0.00653	0.01168
10	0.08527	0.01188	0.01402	0.01245	0.01496	0.01271	0.00949	0.06063	0.04831	0.02602	0.15349	0.14272	0.03279	0.11180	0.01482	0.00321	0.11091	0.01086	0.00603	0.11763

[dist]
# distance from previous block
# <min> <max>
2	5

[block]
# block no. 5 follows, 25 sequences, length 18
# corresponding to MSA columns:
# 120-137
name=unknown_F
#
# <colnr> <probs for GDERKNQSTAVLIFYWHMCP>
#	G	D	E	R	K	N	Q	S	T	A	V	L	I	F	Y	W	H	M	C	P
0	0.04036	0.01937	0.09171	0.08146	0.20711	0.01951	0.08354	0.02320	0.01580	0.08226	0.01444	0.01893	0.01166	0.00944	0.01363	0.00274	0.24325	0.00698	0.00416	0.01045
1	0.01105	0.00879	0.01180	0.12692	0.01850	0.00894	0.00951	0.01443	0.04222	0.02291	0.18642	0.29293	0.15916	0.03834	0.01000	0.00290	0.00533	0.01586	0.00683	0.00715
2	0.01205	0.00916	0.01305	0.01253	0.01420	0.01049	0.00982	0.01486	0.01294	0.01935	0.01996	0.02851	0.01830	0.04801	0.55411	0.01031	0.06525	0.00788	0.06321	0.05599
3	0.02833	0.09055	0.02341	0.01946	0.02366	0.64506	0.01485	0.03036	0.02149	0.01892	0.01189	0.01386	0.00998	0.00789	0.00684	0.00197	0.01354	0.00493	0.00394	0.00906
4	0.01854	0.01587	0.01689	0.01524	0.01939	0.01821	0.01183	0.03881	0.60714	0.03231	0.08958	0.03154	0.02813	0.01100	0.00800	0.00261	0.00591	0.00924	0.00795	0.01183
5	0.01333	0.00846	0.01063	0.00990	0.01230	0.00756	0.00749	0.01637	0.02053	0.10664	0.42132	0.10591	0.19688	0.01654	0.00904	0.00252	0.00413	0.01437	0.00827	0.00778
6	0.01464	0.01378	0.02326	0.70887	0.05340	0.01723	0.02153	0.01981	0.01550	0.01981	0.01378	0.02067	0.01034	0.00775	0.00775	0.00258	0.01034	0.00689	0.00345	0.00861
7	0.00945	0.00675	0.00900	0.01080	0.01125	0.00630	0.00720	0.01080	0.01484	0.01979	0.04274	0.72245	0.05128	0.02429	0.00990	0.00315	0.00450	0.02204	0.00720	0.00630
8	0.00928	0.00784	0.00789	0.00789	0.01037	0.00660	0.00583	0.01114	0.01734	0.02063	0.07569	0.07336	0.64178	0.05702	0.01076	0.00288	0.00412	0.01610	0.00707	0.00645
9	0.01949	0.01733	0.02579	0.08043	0.39371	0.01837	0.01936	0.02982	0.23260	0.05175	0.02076	0.02279	0.01619	0.00826	0.00776	0.00243	0.00817	0.00756	0.00537	0.01206
10	0.01819	0.01372	0.01629	0.01175	0.01853	0.01046	0.00944	0.02158	0.01677	0.09965	0.01568	0.01724	0.01235	0.00618	0.00597	0.00129	0.00584	0.00496	0.00516	0.68896
11	0.01674	0.01778	0.03558	0.25569	0.06776	0.01841	0.37161	0.02238	0.01699	0.02278	0.01585	0.04741	0.01277	0.00788	0.00923	0.00264	0.03621	0.00873	0.00387	0.00969
12	0.01910	0.46301	0.20368	0.01809	0.02610	0.02601	0.10268	0.02377	0.01625	0.02071	0.01222	0.01456	0.01016	0.00680	0.00614	0.00199	0.00973	0.00521	0.00339	0.01040
13	0.05667	0.03536	0.55188	0.02191	0.03235	0.01770	0.08261	0.02533	0.01675	0.06717	0.01498	0.01722	0.01052	0.00742	0.00742	0.00246	0.01101	0.00609	0.00381	0.01132
14	0.01445	0.00723	0.00723	0.00723	0.00903	0.00723	0.00542	0.01807	0.01626	0.02891	0.02529	0.02891	0.01987	0.00903	0.00542	0.00181	0.00361	0.00723	0.77055	0.00723
15	0.01073	0.00810	0.01105	0.01135	0.01263	0.00742	0.03294	0.01226	0.01450	0.01971	0.03588	0.51588	0.04211	0.13946	0.01442	0.00367	0.00547	0.01809	0.00640	0.07792
16	0.06615	0.05115	0.12152	0.01781	0.07661	0.01530	0.01506	0.09577	0.02127	0.33826	0.04122	0.02237	0.01667	0.00868	0.00734	0.00228	0.00766	0.00695	0.00708	0.06083
17	0.01725	0.01849	0.03713	0.17129	0.09840	0.01887	0.40042	0.02283	0.01711	0.02326	0.01569	0.04319	0.01269	0.00788	0.00988	0.00265	0.06036	0.00874	0.00389	0.00997

[dist]
# distance from previous block
# <min> <max>
0	4

[block]
# block no. 6 follows, 25 sequences, length 33
# corresponding to MSA columns:
# 142-174
name=unknown_G
#
# <colnr> <probs for GDERKNQSTAVLIFYWHMCP>
#	G	D	E	R	K	N	Q	S	T	A	V	L	I	F	Y	W	H	M	C	P
0	0.03981	0.02099	0.10178	0.09517	0.37427	0.06188	0.04357	0.02512	0.07687	0.02488	0.01607	0.01999	0.01295	0.00994	0.04135	0.00287	0.01020	0.00689	0.00417	0.01122
1	0.10115	0.03539	0.57168	0.02004	0.03018	0.01731	0.02512	0.02377	0.01634	0.02609	0.05259	0.01840	0.01340	0.00785	0.00718	0.00245	0.01039	0.00605	0.00376	0.01087
2	0.10137	0.01703	0.01780	0.01478	0.01876	0.04555	0.01162	0.31529	0.02435	0.03437	0.01984	0.08536	0.01813	0.11916	0.03829	0.00355	0.05398	0.00851	0.00623	0.04604
3	0.01188	0.00810	0.00942	0.00924	0.00961	0.00834	0.00561	0.03369	0.01228	0.01654	0.02381	0.04731	0.02667	0.62624	0.11352	0.00790	0.00907	0.01079	0.00474	0.00524
4	0.01454	0.01139	0.01452	0.01590	0.04404	0.01211	0.01264	0.02322	0.20020	0.02573	0.03738	0.09813	0.03771	0.01789	0.00975	0.00323	0.00682	0.39883	0.00722	0.00876
5	0.06440	0.01962	0.04124	0.02987	0.03704	0.01860	0.56943	0.02379	0.01776	0.02511	0.01716	0.06649	0.01415	0.00774	0.00893	0.00264	0.01208	0.00969	0.00419	0.01006
6	0.01960	0.63436	0.08603	0.01357	0.02029	0.02818	0.01392	0.02253	0.01592	0.01888	0.01540	0.01676	0.05312	0.00753	0.00542	0.00178	0.00824	0.00505	0.00357	0.00984
7	0.00948	0.00704	0.00897	0.01033	0.01124	0.00653	0.00709	0.01102	0.01525	0.01991	0.04826	0.56314	0.16682	0.02526	0.04718	0.00356	0.00528	0.02023	0.00703	0.00638
8	0.02947	0.02172	0.02327	0.01784	0.02404	0.02404	0.01474	0.65329	0.03646	0.04887	0.01862	0.01862	0.01319	0.00931	0.00776	0.00233	0.00853	0.00698	0.00776	0.01319
9	0.01110	0.00822	0.01204	0.01204	0.01327	0.00946	0.00916	0.01357	0.01234	0.01768	0.02116	0.03261	0.02032	0.12923	0.62698	0.01194	0.01936	0.00862	0.00421	0.00669
10	0.02866	0.02402	0.02304	0.05207	0.02547	0.14264	0.01511	0.51217	0.03287	0.04216	0.01721	0.01790	0.01248	0.00900	0.00762	0.00228	0.00958	0.00662	0.00688	0.01222
11	0.00945	0.00675	0.00900	0.01080	0.01125	0.00630	0.00720	0.01080	0.01484	0.01979	0.04274	0.72245	0.05128	0.02429	0.00990	0.00315	0.00450	0.02204	0.00720	0.00630
12	0.06419	0.51959	0.05544	0.01461	0.02065	0.12178	0.01381	0.02466	0.01658	0.04304	0.01173	0.01346	0.01020	0.00726	0.00623	0.00187	0.03683	0.00455	0.00372	0.00983
13	0.01701	0.01833	0.03708	0.25662	0.04370	0.01904	0.40736	0.02283	0.01702	0.02283	0.01475	0.02062	0.01120	0.00732	0.00957	0.00265	0.05031	0.00827	0.00373	0.00974
14	0.01088	0.00785	0.01028	0.00982	0.01156	0.00725	0.00731	0.01440	0.02151	0.03040	0.63641	0.09852	0.07182	0.01637	0.00919	0.00248	0.00371	0.01451	0.00845	0.00725
15	0.05647	0.01385	0.02261	0.67081	0.05131	0.01724	0.02082	0.01997	0.01538	0.02063	0.01362	0.02023	0.01023	0.00772	0.00759	0.00257	0.01010	0.00674	0.00352	0.00860
16	0.02138	0.07316	0.02533	0.36256	0.07050	0.01769	0.05946	0.07248	0.01894	0.17652	0.01796	0.02112	0.01276	0.00808	0.00763	0.00243	0.00929	0.00703	0.00524	0.01043
17	0.01845	0.02013	0.07206	0.08062	0.41001	0.01869	0.21651	0.02392	0.01765	0.02481	0.01484	0.01965	0.01187	0.00687	0.00812	0.00242	0.01059	0.00753	0.00381	0.01146
18	0.01555	0.04011	0.68733	0.02210	0.03356	0.01801	0.02865	0.02455	0.01637	0.02455	0.01391	0.01637	0.00982	0.00737	0.00737	0.00246	0.01146	0.00573	0.00327	0.01146
19	0.01713	0.01877	0.03863	0.05666	0.03579	0.01870	0.48723	0.02253	0.01709	0.02341	0.01761	0.08918	0.01539	0.00916	0.01109	0.00276	0.09495	0.01004	0.00416	0.00974
20	0.00993	0.00741	0.00995	0.01142	0.01184	0.00743	0.00783	0.01131	0.01465	0.01972	0.04062	0.67672	0.04862	0.02360	0.01090	0.00316	0.05045	0.02105	0.00695	0.00644
21	0.01009	0.00740	0.00956	0.01112	0.01183	0.00715	0.00753	0.01279	0.05756	0.02062	0.04200	0.67689	0.04947	0.02339	0.00976	0.00311	0.00461	0.02117	0.00724	0.00669
22	0.01903	0.01859	0.03010	0.12635	0.57772	0.04504	0.02317	0.02360	0.01757	0.02441	0.01438	0.01916	0.01196	0.00705	0.00766	0.00232	0.00954	0.00683	0.00380	0.01171
23	0.02999	0.02089	0.02276	0.01745	0.02363	0.02282	0.01441	0.59355	0.03507	0.11055	0.01978	0.01937	0.01377	0.00934	0.00776	0.00233	0.00834	0.00706	0.00794	0.01319
24	0.02316	0.01270	0.01552	0.01299	0.01733	0.01244	0.01034	0.06939	0.15770	0.28977	0.20247	0.03807	0.07976	0.01211	0.00826	0.00247	0.00567	0.01018	0.00868	0.01099
25	0.00945	0.00675	0.00900	0.01080	0.01125	0.00630	0.00720	0.01080	0.01484	0.01979	0.04274	0.72245	0.05128	0.02429	0.00990	0.00315	0.00450	0.02204	0.00720	0.00630
26	0.00953	0.00681	0.00907	0.01074	0.01126	0.00635	0.00720	0.01101	0.01524	0.02042	0.07771	0.68569	0.05249	0.02382	0.00985	0.00311	0.00445	0.02160	0.00727	0.00635
27	0.01109	0.00826	0.01224	0.01224	0.01354	0.00957	0.00941	0.01370	0.01239	0.01783	0.02097	0.03159	0.01988	0.09559	0.66002	0.01218	0.02003	0.00847	0.00418	0.00680
28	0.02688	0.02152	0.02237	0.05637	0.02461	0.08622	0.01478	0.48220	0.03085	0.04047	0.01691	0.01850	0.01256	0.01042	0.01011	0.04955	0.05064	0.00676	0.00663	0.01166
29	0.01221	0.00858	0.01008	0.01022	0.01113	0.00856	0.00670	0.07106	0.01556	0.02074	0.05617	0.29706	0.06084	0.34890	0.02337	0.00506	0.00622	0.01514	0.00614	0.00624
30	0.06032	0.43057	0.04932	0.01421	0.02015	0.10916	0.01311	0.04865	0.01837	0.10190	0.05676	0.01761	0.01521	0.00791	0.00600	0.00192	0.00848	0.00549	0.00474	0.01014
31	0.01675	0.05845	0.02637	0.12226	0.11248	0.02039	0.07418	0.01992	0.01428	0.02056	0.01343	0.04073	0.01234	0.01254	0.04296	0.00320	0.33147	0.00731	0.00371	0.04668
32	0.10294	0.34770	0.09467	0.01472	0.02054	0.16850	0.01384	0.02371	0.01735	0.02171	0.05255	0.01978	0.05702	0.00842	0.00614	0.00200	0.00905	0.00584	0.00416	0.00936

[dist]
# distance from previous block
# <min> <max>
1	6

[block]
# block no. 7 follows, 25 sequences, length 9
# corresponding to MSA columns:
# 181-189
name=unknown_H
#
# <colnr> <probs for GDERKNQSTAVLIFYWHMCP>
#	G	D	E	R	K	N	Q	S	T	A	V	L	I	F	Y	W	H	M	C	P
0	0.02693	0.01919	0.02142	0.05513	0.02420	0.02111	0.01416	0.45897	0.10851	0.10019	0.02213	0.05484	0.01667	0.01012	0.00788	0.00242	0.00798	0.00799	0.00767	0.01249
1	0.01393	0.00944	0.01305	0.01192	0.01422	0.00904	0.03839	0.01671	0.01884	0.10510	0.28133	0.20885	0.15058	0.01710	0.01016	0.00270	0.04830	0.01485	0.00760	0.00789
2	0.01445	0.00723	0.00723	0.00723	0.00903	0.00723	0.00542	0.01807	0.01626	0.02891	0.02529	0.02891	0.01987	0.00903	0.00542	0.00181	0.00361	0.00723	0.77055	0.00723
3	0.01375	0.01134	0.01462	0.01381	0.01546	0.04176	0.01082	0.06005	0.01446	0.02017	0.01931	0.02832	0.01794	0.07335	0.52568	0.01019	0.08908	0.00803	0.00434	0.00753
4	0.00965	0.00700	0.00916	0.01080	0.01153	0.00651	0.00747	0.01121	0.01530	0.02014	0.04565	0.62110	0.10373	0.02369	0.00989	0.00313	0.00464	0.06581	0.00719	0.00638
5	0.02426	0.19296	0.02639	0.01644	0.02176	0.02435	0.01405	0.35356	0.08107	0.03550	0.01720	0.01857	0.01341	0.01213	0.05096	0.00291	0.07036	0.00651	0.00609	0.01153
6	0.01015	0.00787	0.00933	0.00969	0.01167	0.00705	0.00739	0.01269	0.01839	0.02372	0.22199	0.16562	0.34013	0.01959	0.00949	0.00278	0.00440	0.10374	0.00754	0.00679
7	0.01793	0.02029	0.10346	0.14768	0.37060	0.01841	0.11100	0.02461	0.06289	0.02478	0.01573	0.02005	0.01243	0.00730	0.00788	0.00243	0.00997	0.00722	0.00401	0.01134
8	0.01576	0.03677	0.59504	0.06936	0.08252	0.01799	0.02782	0.02419	0.01641	0.02430	0.01396	0.01686	0.01004	0.00736	0.00741	0.00245	0.01122	0.00589	0.00333	0.01133

[dist]
# distance from previous block
# <min> <max>
5	7

[block]
# block no. 8 follows, 25 sequences, length 7
# corresponding to MSA columns:
# 197-203
name=unknown_I
#
# <colnr> <probs for GDERKNQSTAVLIFYWHMCP>
#	G	D	E	R	K	N	Q	S	T	A	V	L	I	F	Y	W	H	M	C	P
0	0.01731	0.01796	0.03294	0.10208	0.07419	0.01842	0.30816	0.02210	0.01634	0.02321	0.01402	0.01917	0.01129	0.00789	0.01140	0.00248	0.14439	0.00750	0.00388	0.14526
1	0.01222	0.00824	0.01090	0.01161	0.01272	0.00825	0.00861	0.01431	0.01607	0.05366	0.10341	0.36403	0.04483	0.08919	0.01337	0.00349	0.04358	0.13200	0.04260	0.00690
2	0.01445	0.00723	0.00723	0.00723	0.00903	0.00723	0.00542	0.01807	0.01626	0.02891	0.02529	0.02891	0.01987	0.00903	0.00542	0.00181	0.00361	0.00723	0.77055	0.00723
3	0.02161	0.01576	0.02027	0.01574	0.02122	0.01520	0.07326	0.23225	0.02384	0.10457	0.04996	0.12546	0.02148	0.01062	0.00773	0.00217	0.00721	0.00918	0.00669	0.21577
4	0.16875	0.01715	0.01808	0.05438	0.02118	0.05657	0.01255	0.15249	0.12423	0.08886	0.07871	0.02294	0.01921	0.00987	0.00916	0.00247	0.08505	0.00720	0.00636	0.04481
5	0.01677	0.04325	0.01703	0.08072	0.02018	0.01460	0.01172	0.12185	0.05572	0.05295	0.15141	0.04159	0.15613	0.01332	0.01004	0.00253	0.07820	0.04877	0.00658	0.05666
6	0.01821	0.01840	0.02533	0.07262	0.02606	0.08485	0.12900	0.05916	0.01645	0.02251	0.01478	0.05829	0.01347	0.01246	0.04034	0.00306	0.27752	0.00773	0.00420	0.09555

[dist]
# distance from previous block
# <min> <max>
1	7

[block]
# block no. 9 follows, 25 sequences, length 6
# corresponding to MSA columns:
# 211-216
name=unknown_J
#
# <colnr> <probs for GDERKNQSTAVLIFYWHMCP>
#	G	D	E	R	K	N	Q	S	T	A	V	L	I	F	Y	W	H	M	C	P
0	0.02524	0.01601	0.04408	0.01488	0.02006	0.01530	0.01229	0.19686	0.11794	0.25057	0.02797	0.13722	0.02270	0.01176	0.00802	0.00247	0.00685	0.00979	0.00795	0.05203
1	0.04364	0.00836	0.01045	0.01017	0.01211	0.00778	0.00744	0.01562	0.01895	0.08495	0.35262	0.21801	0.10535	0.05615	0.01069	0.00290	0.00445	0.01508	0.00784	0.00743
2	0.02889	0.02907	0.02186	0.01860	0.02348	0.38573	0.01450	0.23866	0.06780	0.07278	0.01664	0.01728	0.01252	0.00869	0.00735	0.00217	0.01120	0.00608	0.00585	0.01086
3	0.01100	0.00745	0.00869	0.00888	0.00910	0.00733	0.00526	0.01149	0.01265	0.01703	0.08140	0.14274	0.03510	0.57223	0.03290	0.00650	0.00678	0.01297	0.00536	0.00514
4	0.01750	0.01497	0.01794	0.08024	0.02213	0.01706	0.01288	0.07639	0.29587	0.02785	0.02438	0.08334	0.02059	0.01487	0.06404	0.00333	0.09006	0.00881	0.00619	0.10154
5	0.05244	0.04894	0.01510	0.03700	0.01640	0.01204	0.00950	0.07447	0.04434	0.16902	0.26717	0.04117	0.07284	0.09196	0.01161	0.00296	0.00582	0.01052	0.00755	0.00915

[dist]
# distance from previous block
# <min> <max>
0	8

[block]
# block no. 10 follows, 25 sequences, length 17
# corresponding to MSA columns:
# 225-241
name=unknown_K
#
# <colnr> <probs for GDERKNQSTAVLIFYWHMCP>
#	G	D	E	R	K	N	Q	S	T	A	V	L	I	F	Y	W	H	M	C	P
0	0.06206	0.01474	0.02125	0.40025	0.03806	0.01810	0.01782	0.09463	0.03774	0.02428	0.01601	0.04318	0.01344	0.01036	0.01095	0.02635	0.10930	0.02811	0.00440	0.00896
1	0.11216	0.01402	0.02125	0.42309	0.10658	0.01683	0.01825	0.01980	0.01549	0.02286	0.05364	0.05271	0.01583	0.00928	0.00898	0.00261	0.06608	0.00764	0.00412	0.00878
2	0.02393	0.02577	0.02405	0.06692	0.21800	0.30619	0.01728	0.12126	0.02222	0.02557	0.01857	0.02090	0.05824	0.00868	0.00751	0.00222	0.01083	0.00677	0.00471	0.01040
3	0.01347	0.00673	0.01010	0.01010	0.01010	0.00673	0.00673	0.01010	0.01010	0.01347	0.01347	0.02357	0.01347	0.02694	0.03030	0.77441	0.00673	0.00673	0.00337	0.00337
4	0.01279	0.00832	0.01085	0.01018	0.01231	0.00760	0.00772	0.01619	0.02127	0.08291	0.54279	0.09154	0.09575	0.01612	0.00912	0.00251	0.00405	0.03182	0.00845	0.00770
5	0.01555	0.04011	0.68733	0.02210	0.03356	0.01801	0.02865	0.02455	0.01637	0.02455	0.01391	0.01637	0.00982	0.00737	0.00737	0.00246	0.01146	0.00573	0.00327	0.01146
6	0.01058	0.00781	0.00988	0.00958	0.01139	0.00712	0.00710	0.01379	0.02070	0.02863	0.53340	0.11968	0.15726	0.01715	0.00921	0.00253	0.00377	0.01507	0.00823	0.00712
7	0.02158	0.65999	0.03869	0.01396	0.02032	0.09979	0.01344	0.02402	0.01640	0.01832	0.01090	0.01260	0.00995	0.00677	0.00518	0.00169	0.00888	0.00423	0.00339	0.00985
8	0.01068	0.00791	0.00996	0.00945	0.01141	0.00719	0.00709	0.01407	0.02126	0.02947	0.57966	0.06059	0.16956	0.01646	0.00915	0.00247	0.00370	0.01440	0.00832	0.00719
9	0.02073	0.01737	0.01834	0.01607	0.02071	0.01996	0.01262	0.12769	0.57630	0.03476	0.02973	0.02747	0.02219	0.01035	0.00787	0.00259	0.00647	0.00851	0.00787	0.01240
10	0.02560	0.01791	0.02001	0.01556	0.02122	0.01863	0.01262	0.39869	0.05587	0.10150	0.01993	0.04236	0.01515	0.01034	0.00887	0.04968	0.00752	0.00719	0.00710	0.14426
11	0.01084	0.00747	0.00857	0.00877	0.00916	0.00726	0.00526	0.01138	0.01286	0.01701	0.06550	0.13979	0.09139	0.53660	0.03137	0.00625	0.00661	0.01326	0.00544	0.00521
12	0.00983	0.00706	0.00891	0.01008	0.01076	0.00659	0.00669	0.01120	0.01507	0.02000	0.09137	0.50673	0.10509	0.13527	0.01448	0.00374	0.00486	0.01921	0.00690	0.00614
13	0.01694	0.01749	0.03302	0.05031	0.08675	0.01807	0.33757	0.04383	0.01725	0.02373	0.02070	0.11071	0.04390	0.01068	0.01179	0.00278	0.13003	0.01033	0.00449	0.00963
14	0.01634	0.01430	0.01705	0.01274	0.01869	0.01235	0.01025	0.02046	0.04674	0.02483	0.01421	0.01680	0.01191	0.00690	0.00817	0.00148	0.08934	0.00505	0.00461	0.64777
15	0.01042	0.00778	0.01002	0.02936	0.01274	0.00716	0.00750	0.01239	0.01617	0.02194	0.15111	0.44769	0.09584	0.06397	0.01117	0.00310	0.00475	0.01789	0.00699	0.06200
16	0.05995	0.01135	0.01343	0.01257	0.01512	0.04824	0.06206	0.03927	0.01718	0.02252	0.04582	0.23364	0.24112	0.07352	0.01142	0.00317	0.00629	0.06968	0.00641	0.00723

[dist]
# distance from previous block
# <min> <max>
0	4

[block]
# block no. 11 follows, 25 sequences, length 16
# corresponding to MSA columns:
# 246-261
name=unknown_L
#
# <colnr> <probs for GDERKNQSTAVLIFYWHMCP>
#	G	D	E	R	K	N	Q	S	T	A	V	L	I	F	Y	W	H	M	C	P
0	0.01828	0.01746	0.02762	0.09845	0.51263	0.04857	0.02112	0.02215	0.01707	0.02353	0.01624	0.06705	0.01472	0.00931	0.00905	0.04490	0.00907	0.00784	0.00401	0.01092
1	0.02632	0.18013	0.06952	0.01790	0.02341	0.34388	0.01520	0.13006	0.04730	0.05595	0.01456	0.01572	0.01144	0.00805	0.00678	0.00205	0.01108	0.00546	0.00482	0.01036
2	0.00961	0.00774	0.00856	0.00863	0.01081	0.00669	0.00637	0.01188	0.01832	0.02312	0.20981	0.14596	0.46669	0.01932	0.00924	0.00264	0.00393	0.01649	0.00750	0.00669
3	0.01809	0.01870	0.02545	0.02361	0.08658	0.07009	0.04804	0.02032	0.01346	0.01964	0.01100	0.01716	0.01045	0.01218	0.02162	0.00315	0.56118	0.00679	0.00350	0.00899
4	0.00945	0.00675	0.00900	0.01080	0.01125	0.00630	0.00720	0.01080	0.01484	0.01979	0.04274	0.72245	0.05128	0.02429	0.00990	0.00315	0.00450	0.02204	0.00720	0.00630
5	0.01052	0.00822	0.01084	0.01164	0.01227	0.00863	0.00826	0.01206	0.01498	0.02024	0.07710	0.52223	0.09592	0.04439	0.01271	0.00324	0.09456	0.01885	0.00671	0.00660
6	0.01104	0.00794	0.00916	0.00917	0.01138	0.00692	0.00675	0.01326	0.01817	0.06071	0.18309	0.20352	0.39230	0.01930	0.00923	0.00268	0.00415	0.01660	0.00759	0.00702
7	0.02808	0.03332	0.02229	0.01972	0.02369	0.55265	0.01510	0.11386	0.02313	0.02298	0.01274	0.01484	0.01043	0.00861	0.00855	0.00215	0.06849	0.00540	0.00445	0.00951
8	0.01168	0.00782	0.00993	0.01010	0.01182	0.00707	0.00730	0.01412	0.01852	0.06875	0.28903	0.31264	0.16350	0.01930	0.00935	0.00274	0.00422	0.01707	0.00787	0.00719
9	0.02163	0.01879	0.01850	0.01603	0.02067	0.07296	0.01260	0.17449	0.43055	0.03425	0.03032	0.02856	0.06454	0.01067	0.00788	0.00251	0.00714	0.00859	0.00751	0.01183
10	0.01447	0.00764	0.00824	0.05163	0.01184	0.00786	0.00644	0.01818	0.01621	0.02833	0.02457	0.02839	0.01927	0.00895	0.00557	0.00186	0.00404	0.00721	0.72201	0.00731
11	0.01637	0.01372	0.04626	0.01254	0.01742	0.01147	0.01034	0.05510	0.06171	0.07014	0.12250	0.10575	0.06456	0.01124	0.00807	0.00204	0.03072	0.00937	0.00624	0.32444
12	0.08484	0.21968	0.35596	0.02216	0.08041	0.02225	0.05199	0.02501	0.01719	0.02536	0.01477	0.01798	0.01181	0.00831	0.00738	0.00257	0.01050	0.00602	0.00415	0.01165
13	0.16223	0.15530	0.30871	0.05796	0.05991	0.04475	0.06257	0.02393	0.01601	0.02495	0.01284	0.01554	0.00986	0.00717	0.00659	0.00230	0.00989	0.00548	0.00368	0.01034
14	0.21306	0.01890	0.07293	0.09628	0.08754	0.01822	0.20613	0.06799	0.01752	0.02834	0.01517	0.02094	0.01223	0.00800	0.00800	0.00252	0.03127	0.03545	0.00447	0.03502
15	0.25485	0.03820	0.04346	0.12542	0.07942	0.07019	0.05680	0.02221	0.04108	0.02666	0.05041	0.05642	0.04714	0.00951	0.00702	0.00243	0.00807	0.02321	0.00486	0.03262

[dist]
# distance from previous block
# <min> <max>
0	12

[block]
# block no. 12 follows, 25 sequences, length 27
# corresponding to MSA columns:
# 274-300
name=unknown_M
#
# <colnr> <probs for GDERKNQSTAVLIFYWHMCP>
#	G	D	E	R	K	N	Q	S	T	A	V	L	I	F	Y	W	H	M	C	P
0	0.01543	0.01216	0.01494	0.01232	0.01681	0.01067	0.00970	0.01905	0.03902	0.05561	0.07155	0.14106	0.02556	0.01149	0.00859	0.00200	0.05607	0.04931	0.00575	0.42293
1	0.04360	0.00840	0.01116	0.01325	0.06198	0.00820	0.00850	0.01319	0.01573	0.02206	0.12824	0.40280	0.06880	0.09198	0.04422	0.00381	0.00591	0.03463	0.00664	0.00689
2	0.06839	0.03549	0.51560	0.02436	0.11265	0.06296	0.02577	0.02477	0.01669	0.02497	0.01366	0.01631	0.01005	0.00734	0.00721	0.00240	0.01098	0.00573	0.00349	0.01119
3	0.01160	0.00824	0.00970	0.00992	0.01088	0.00806	0.00654	0.05331	0.01559	0.02069	0.08489	0.28517	0.10098	0.31392	0.02189	0.00480	0.00590	0.01544	0.00630	0.00619
4	0.02187	0.01676	0.01825	0.01543	0.02000	0.01864	0.01218	0.19228	0.36062	0.07712	0.02822	0.02835	0.04293	0.05524	0.01030	0.00282	0.02702	0.00848	0.00751	0.03598
5	0.01075	0.00835	0.01111	0.01181	0.01267	0.00851	0.00839	0.01242	0.01510	0.02078	0.08271	0.55811	0.04611	0.02148	0.01131	0.00301	0.08220	0.01882	0.00673	0.04964
6	0.13208	0.01553	0.02118	0.39548	0.12246	0.06143	0.01821	0.02105	0.01628	0.02341	0.04057	0.02500	0.01512	0.00886	0.00751	0.00255	0.00929	0.05086	0.00420	0.00893
7	0.02805	0.01960	0.02161	0.01644	0.02273	0.02061	0.01354	0.49094	0.03184	0.11500	0.01920	0.01909	0.01359	0.00881	0.00746	0.00216	0.00790	0.00671	0.00748	0.12723
8	0.01608	0.01378	0.01608	0.01148	0.01837	0.01034	0.00919	0.01952	0.01608	0.02527	0.01378	0.01608	0.01148	0.00574	0.00574	0.00115	0.00574	0.00459	0.00459	0.77491
9	0.02002	0.01577	0.01780	0.01363	0.01956	0.01468	0.01090	0.24025	0.02307	0.03290	0.01873	0.09656	0.01656	0.00908	0.00691	0.00179	0.00658	0.00739	0.00599	0.42183
10	0.00945	0.00675	0.00900	0.01080	0.01125	0.00630	0.00720	0.01080	0.01484	0.01979	0.04274	0.72245	0.05128	0.02429	0.00990	0.00315	0.00450	0.02204	0.00720	0.00630
11	0.00940	0.00694	0.00879	0.01027	0.01111	0.00634	0.00697	0.01086	0.01535	0.02000	0.04910	0.60729	0.16233	0.02346	0.00977	0.00305	0.00440	0.02103	0.00720	0.00634
12	0.00945	0.00675	0.00900	0.01080	0.01125	0.00630	0.00720	0.01080	0.01484	0.01979	0.04274	0.72245	0.05128	0.02429	0.00990	0.00315	0.00450	0.02204	0.00720	0.00630
13	0.01108	0.00831	0.01246	0.01246	0.01385	0.00969	0.00969	0.01385	0.01246	0.01800	0.02077	0.03046	0.01938	0.05815	0.69678	0.01246	0.02077	0.00831	0.00415	0.00692
14	0.00945	0.00675	0.00900	0.01080	0.01125	0.00630	0.00720	0.01080	0.01484	0.01979	0.04274	0.72245	0.05128	0.02429	0.00990	0.00315	0.00450	0.02204	0.00720	0.00630
15	0.02503	0.02844	0.02282	0.02329	0.12213	0.40553	0.01596	0.08629	0.05172	0.02327	0.01437	0.01721	0.01192	0.01179	0.05423	0.00290	0.06278	0.00599	0.00447	0.00986
16	0.02073	0.73217	0.04063	0.01327	0.01990	0.03068	0.01327	0.02322	0.01575	0.01824	0.01078	0.01244	0.00995	0.00663	0.00498	0.00166	0.00829	0.00415	0.00332	0.00995
17	0.01959	0.06702	0.01882	0.01539	0.01982	0.01895	0.01232	0.03785	0.53984	0.06100	0.03075	0.03207	0.02407	0.01103	0.00789	0.00262	0.00639	0.05524	0.00759	0.01176
18	0.02877	0.02254	0.02280	0.01787	0.02379	0.07469	0.01459	0.56612	0.07645	0.04553	0.01896	0.01894	0.01363	0.00929	0.00771	0.00232	0.00879	0.00695	0.00748	0.01281
19	0.01932	0.02663	0.20877	0.03521	0.37967	0.11580	0.02337	0.02471	0.01794	0.02411	0.01515	0.02057	0.01265	0.00781	0.00762	0.00235	0.01043	0.03268	0.00385	0.01136
20	0.01231	0.00944	0.01103	0.01048	0.01284	0.00914	0.00786	0.06357	0.06960	0.02825	0.32909	0.15307	0.21956	0.01716	0.00906	0.00259	0.00441	0.01486	0.00788	0.00779
21	0.06251	0.06105	0.01800	0.01331	0.01842	0.01412	0.01092	0.07625	0.10575	0.36448	0.10128	0.03119	0.06706	0.01073	0.00771	0.00239	0.00626	0.00869	0.00833	0.01155
22	0.01633	0.01629	0.02218	0.01903	0.02019	0.06423	0.06272	0.01857	0.01313	0.01885	0.01364	0.02146	0.01307	0.05279	0.17054	0.00540	0.43236	0.00737	0.00369	0.00816
23	0.01761	0.01947	0.04046	0.14079	0.04107	0.01954	0.50143	0.02356	0.01736	0.02356	0.01496	0.02058	0.01141	0.00727	0.01016	0.00267	0.06570	0.00861	0.00380	0.01001
24	0.01460	0.01343	0.02194	0.60646	0.04808	0.01611	0.01995	0.01952	0.01571	0.02047	0.01573	0.02509	0.01287	0.00858	0.00781	0.00255	0.00976	0.05101	0.00380	0.06653
25	0.07138	0.01132	0.01386	0.06941	0.01775	0.01191	0.01000	0.13760	0.01866	0.07571	0.02768	0.29497	0.02889	0.06464	0.01329	0.09912	0.00650	0.01294	0.00636	0.00801
26	0.07172	0.01526	0.02172	0.01672	0.02235	0.01435	0.12816	0.12692	0.02074	0.16935	0.02278	0.12830	0.01939	0.01025	0.00772	0.00227	0.00755	0.00917	0.00647	0.17881

[dist]
# distance from previous block
# <min> <max>
15	30

[block]
# block no. 13 follows, 25 sequences, length 8
# corresponding to MSA columns:
# 334-341
name=unknown_N
#
# <colnr> <probs for GDERKNQSTAVLIFYWHMCP>
#	G	D	E	R	K	N	Q	S	T	A	V	L	I	F	Y	W	H	M	C	P
0	0.07958	0.01933	0.10512	0.11949	0.22021	0.01813	0.07870	0.02401	0.05205	0.06312	0.01652	0.04508	0.01355	0.00893	0.00998	0.00259	0.10118	0.00745	0.00443	0.01055
1	0.01887	0.01596	0.02406	0.16030	0.22740	0.01645	0.05512	0.12738	0.02031	0.05447	0.02301	0.07217	0.07017	0.00972	0.00792	0.00238	0.00840	0.00872	0.00523	0.07197
2	0.03944	0.01667	0.02254	0.22606	0.05555	0.07367	0.07716	0.02489	0.12573	0.05036	0.02073	0.06302	0.01794	0.01078	0.01015	0.00272	0.09024	0.05777	0.00508	0.00950
3	0.01377	0.01225	0.01859	0.33218	0.06682	0.01432	0.01591	0.01861	0.05485	0.02179	0.07000	0.14842	0.06398	0.01314	0.00988	0.00278	0.06445	0.04481	0.00514	0.00833
4	0.12907	0.00962	0.01216	0.05166	0.01452	0.01037	0.00851	0.06610	0.01307	0.01995	0.01352	0.02136	0.01251	0.02141	0.02332	0.55028	0.00699	0.00639	0.00395	0.00524
5	0.01655	0.08532	0.13305	0.35970	0.21324	0.01891	0.02251	0.02194	0.01624	0.02189	0.01374	0.01883	0.01073	0.00736	0.00741	0.00240	0.01003	0.00646	0.00351	0.01016
6	0.01690	0.13441	0.02556	0.43620	0.07917	0.01934	0.01856	0.07822	0.01755	0.02255	0.01598	0.07262	0.01378	0.00892	0.00745	0.00243	0.00932	0.00760	0.00413	0.00930
7	0.01943	0.04867	0.10698	0.31558	0.03653	0.01846	0.01867	0.08686	0.12764	0.09585	0.01881	0.02147	0.01371	0.00863	0.00812	0.00252	0.02920	0.00705	0.00523	0.01057

[dist]
# distance from previous block
# <min> <max>
10	24

[block]
# block no. 14 follows, 25 sequences, length 96
# corresponding to MSA columns:
# 366-461
name=unknown_O
#
# <colnr> <probs for GDERKNQSTAVLIFYWHMCP>
#	G	D	E	R	K	N	Q	S	T	A	V	L	I	F	Y	W	H	M	C	P
0	0.01798	0.01658	0.04541	0.01315	0.01943	0.04123	0.01085	0.08667	0.07619	0.02745	0.01641	0.01940	0.01357	0.04814	0.00820	0.00186	0.00675	0.00566	0.00514	0.51994
1	0.05727	0.07916	0.35468	0.06083	0.09000	0.01777	0.02170	0.02518	0.07148	0.05565	0.04593	0.02329	0.01611	0.00872	0.00742	0.00246	0.00944	0.03755	0.00452	0.01086
2	0.01219	0.04084	0.01342	0.01272	0.01386	0.03880	0.00932	0.01378	0.01481	0.01981	0.03379	0.52205	0.03968	0.02031	0.01163	0.00297	0.10921	0.01741	0.00620	0.04719
3	0.01269	0.00971	0.01326	0.08712	0.05386	0.00998	0.01040	0.07004	0.01758	0.02362	0.09446	0.41820	0.04187	0.05971	0.01102	0.00317	0.00594	0.04319	0.00664	0.00752
4	0.01935	0.01609	0.01946	0.01429	0.02099	0.01429	0.04740	0.16397	0.04392	0.03084	0.01562	0.01739	0.01232	0.00676	0.00647	0.00155	0.00681	0.00554	0.00539	0.53155
5	0.02392	0.01872	0.02289	0.08340	0.12389	0.02036	0.01614	0.38403	0.06214	0.03849	0.02017	0.02581	0.01624	0.00987	0.00795	0.00243	0.00842	0.06540	0.00660	0.04313
6	0.02180	0.01639	0.01897	0.01569	0.01983	0.01844	0.01274	0.37976	0.02643	0.03584	0.02204	0.02532	0.04981	0.02596	0.23290	0.00569	0.04759	0.00789	0.00634	0.01056
7	0.01640	0.17167	0.54208	0.02002	0.03025	0.02010	0.02503	0.02399	0.01643	0.02355	0.03417	0.01693	0.01184	0.00749	0.00696	0.00230	0.01061	0.00569	0.00345	0.01104
8	0.01147	0.00801	0.00946	0.00937	0.00945	0.00840	0.00568	0.01175	0.01154	0.01559	0.02444	0.08176	0.02803	0.62626	0.06531	0.00729	0.04494	0.01145	0.00473	0.00507
9	0.01737	0.01444	0.01658	0.01237	0.01873	0.01211	0.00986	0.08843	0.05467	0.02793	0.01675	0.05247	0.01435	0.00732	0.00629	0.00146	0.00600	0.00596	0.00525	0.61166
10	0.01866	0.01594	0.01706	0.01564	0.01978	0.01832	0.01229	0.03887	0.60506	0.03158	0.03244	0.03436	0.02561	0.01153	0.00815	0.00272	0.00623	0.06613	0.00782	0.01180
11	0.02350	0.32520	0.03022	0.01696	0.04838	0.04563	0.01422	0.23574	0.11190	0.03072	0.01641	0.01722	0.01301	0.00833	0.00712	0.00211	0.03054	0.00595	0.00547	0.01137
12	0.01967	0.60005	0.10274	0.01448	0.02105	0.02830	0.01485	0.02277	0.01549	0.01888	0.01142	0.01372	0.01029	0.00895	0.03155	0.00222	0.04570	0.00459	0.00335	0.00991
13	0.01445	0.00723	0.00723	0.00723	0.00903	0.00723	0.00542	0.01807	0.01626	0.02891	0.02529	0.02891	0.01987	0.00903	0.00542	0.00181	0.00361	0.00723	0.77055	0.00723
14	0.02836	0.18375	0.12619	0.01512	0.02212	0.01741	0.01462	0.05914	0.02043	0.40170	0.02293	0.02129	0.01536	0.00856	0.00708	0.00223	0.00782	0.00660	0.00710	0.01218
15	0.00945	0.00675	0.00900	0.01080	0.01125	0.00630	0.00720	0.01080	0.01484	0.01979	0.04274	0.72245	0.05128	0.02429	0.00990	0.00315	0.00450	0.02204	0.00720	0.00630
16	0.01141	0.00880	0.01311	0.01291	0.01422	0.01050	0.01011	0.01412	0.01243	0.01804	0.02016	0.02969	0.01886	0.05559	0.65823	0.01194	0.06053	0.00822	0.00411	0.00701
