[name]
unknown

[dist]
# distance from previous block
# <min> <max>
0	3

[block]
# block no. 0 follows, 25 sequences, length 67
# corresponding to MSA columns:
# 3-69
name=unknown_A
#
# <colnr> <probs for GDERKNQSTAVLIFYWHMCP>
#	G	D	E	R	K	N	Q	S	T	A	V	L	I	F	Y	W	H	M	C	P
0	0.11814	0.03094	0.46616	0.01874	0.02773	0.01625	0.02248	0.02413	0.01674	0.07279	0.04864	0.02401	0.01601	0.00898	0.00740	0.00253	0.00968	0.05353	0.00447	0.01065
1	0.04737	0.13033	0.31698	0.01915	0.05276	0.01847	0.04167	0.02658	0.09341	0.09399	0.02114	0.04266	0.04480	0.00890	0.00726	0.00238	0.00906	0.00717	0.00489	0.01102
2	0.04674	0.03786	0.06451	0.01295	0.03936	0.01083	0.01052	0.02060	0.04280	0.12288	0.38222	0.04362	0.07860	0.01293	0.00827	0.00236	0.00530	0.01107	0.00755	0.03902
3	0.01675	0.07094	0.62408	0.02128	0.03224	0.01827	0.02708	0.02515	0.01663	0.05699	0.01460	0.01668	0.01029	0.00744	0.00728	0.00242	0.01107	0.00576	0.00359	0.01147
4	0.02156	0.01806	0.01876	0.01707	0.04529	0.05557	0.01290	0.13589	0.44885	0.05969	0.03004	0.02822	0.05221	0.01046	0.00787	0.00253	0.00697	0.00854	0.00754	0.01200
5	0.02332	0.01373	0.01723	0.01285	0.01903	0.01147	0.01046	0.02650	0.01820	0.27832	0.02005	0.02009	0.01438	0.00765	0.00759	0.00175	0.04421	0.00594	0.00645	0.44079
6	0.01555	0.04011	0.68733	0.02210	0.03356	0.01801	0.02865	0.02455	0.01637	0.02455	0.01391	0.01637	0.00982	0.00737	0.00737	0.00246	0.01146	0.00573	0.00327	0.01146
7	0.01593	0.09009	0.64062	0.02146	0.03257	0.01892	0.02754	0.02446	0.01633	0.02410	0.01369	0.01609	0.00983	0.00731	0.00719	0.00240	0.01123	0.00562	0.00328	0.01135
8	0.01106	0.00926	0.01526	0.01451	0.01634	0.00866	0.11491	0.01341	0.01567	0.02084	0.03945	0.55099	0.06719	0.02102	0.00978	0.00306	0.00604	0.04886	0.00665	0.00704
9	0.00949	0.00689	0.00896	0.01051	0.01119	0.00636	0.00709	0.01098	0.01537	0.02035	0.07152	0.64088	0.10471	0.02356	0.00980	0.00308	0.00442	0.02124	0.00725	0.00636
10	0.02441	0.01174	0.01517	0.01292	0.01706	0.01094	0.01030	0.05200	0.06952	0.36399	0.11426	0.10850	0.05233	0.04131	0.00969	0.00279	0.00605	0.05778	0.00857	0.01068
11	0.01897	0.01820	0.03108	0.07949	0.64896	0.01836	0.02369	0.02360	0.01755	0.02506	0.01455	0.01926	0.01219	0.00695	0.00768	0.00232	0.00927	0.00691	0.00382	0.01210
12	0.01809	0.02135	0.07065	0.05732	0.06552	0.01941	0.57832	0.02460	0.01810	0.02466	0.01550	0.02065	0.01165	0.00663	0.00897	0.00259	0.01276	0.00884	0.00387	0.01050
13	0.01714	0.01747	0.02658	0.02194	0.02295	0.02322	0.09845	0.01945	0.01270	0.01945	0.01089	0.01747	0.01038	0.01267	0.02335	0.00329	0.62331	0.00709	0.00346	0.00874
14	0.01464	0.01378	0.02326	0.70887	0.05340	0.01723	0.02153	0.01981	0.01550	0.01981	0.01378	0.02067	0.01034	0.00775	0.00775	0.00258	0.01034	0.00689	0.00345	0.00861
15	0.01876	0.01799	0.03070	0.10943	0.62062	0.01831	0.02358	0.02342	0.01745	0.02481	0.01451	0.01933	0.01210	0.00699	0.00768	0.00233	0.00932	0.00691	0.00380	0.01194
16	0.01555	0.04011	0.68733	0.02210	0.03356	0.01801	0.02865	0.02455	0.01637	0.02455	0.01391	0.01637	0.00982	0.00737	0.00737	0.00246	0.01146	0.00573	0.00327	0.01146
17	0.01919	0.01842	0.03147	0.04759	0.67914	0.01842	0.02380	0.02380	0.01765	0.02533	0.01458	0.01919	0.01228	0.00691	0.00768	0.00230	0.00921	0.00691	0.00384	0.01228
18	0.01919	0.01842	0.03147	0.04759	0.67914	0.01842	0.02380	0.02380	0.01765	0.02533	0.01458	0.01919	0.01228	0.00691	0.00768	0.00230	0.00921	0.00691	0.00384	0.01228
19	0.01959	0.58006	0.18277	0.01521	0.02290	0.02789	0.01665	0.02351	0.01589	0.01963	0.01147	0.01330	0.00992	0.00679	0.00550	0.00183	0.00899	0.00449	0.00331	0.01028
20	0.00962	0.00687	0.00920	0.01099	0.01152	0.00645	0.00750	0.01110	0.01502	0.01999	0.04264	0.68639	0.05090	0.02413	0.00994	0.00317	0.00465	0.05639	0.00719	0.00635
21	0.01830	0.02092	0.04575	0.03268	0.04052	0.01961	0.65098	0.02484	0.01830	0.02484	0.01569	0.02092	0.01176	0.00654	0.00915	0.00261	0.01307	0.00915	0.00392	0.01046
22	0.07508	0.01329	0.01764	0.01360	0.01953	0.01172	0.01123	0.03698	0.02171	0.64949	0.02952	0.02565	0.01861	0.00947	0.00764	0.00240	0.00657	0.00760	0.00934	0.01294
23	0.01945	0.02076	0.06899	0.04389	0.57361	0.05411	0.05741	0.02427	0.01784	0.02493	0.01447	0.01885	0.01199	0.00697	0.00770	0.00231	0.00980	0.00686	0.00382	0.01196
24	0.00916	0.00785	0.00785	0.00785	0.01047	0.00655	0.00589	0.01113	0.01767	0.02095	0.07855	0.07462	0.67599	0.01964	0.00916	0.00262	0.00393	0.01636	0.00720	0.00655
25	0.01830	0.02092	0.04575	0.03268	0.04052	0.01961	0.65098	0.02484	0.01830	0.02484	0.01569	0.02092	0.01176	0.00654	0.00915	0.00261	0.01307	0.00915	0.00392	0.01046
26	0.13446	0.02032	0.02160	0.05601	0.02444	0.02272	0.01423	0.52868	0.03200	0.04524	0.01724	0.01789	0.01235	0.00892	0.00734	0.00235	0.00828	0.00658	0.00710	0.01225
27	0.01235	0.00882	0.01233	0.01411	0.01583	0.00880	0.01224	0.01581	0.01770	0.02304	0.04113	0.11818	0.04495	0.02156	0.01067	0.00355	0.00701	0.59769	0.00714	0.00710
28	0.01919	0.01842	0.03147	0.04759	0.67914	0.01842	0.02380	0.02380	0.01765	0.02533	0.01458	0.01919	0.01228	0.00691	0.00768	0.00230	0.00921	0.00691	0.00384	0.01228
29	0.02896	0.03695	0.02197	0.01998	0.02397	0.69638	0.01498	0.03096	0.02197	0.01898	0.01199	0.01398	0.00999	0.00799	0.00699	0.00200	0.01398	0.00499	0.00400	0.00899
30	0.06336	0.01402	0.01821	0.01401	0.01998	0.01275	0.01158	0.09186	0.02311	0.60281	0.02876	0.02516	0.01824	0.00948	0.00768	0.00239	0.00675	0.00758	0.00925	0.01301
31	0.01321	0.00954	0.01192	0.01123	0.01322	0.00863	0.00826	0.01614	0.02297	0.03261	0.65379	0.05937	0.07298	0.01696	0.00996	0.00282	0.00446	0.01441	0.00910	0.00843
32	0.01608	0.01378	0.01608	0.01148	0.01837	0.01034	0.00919	0.01952	0.01608	0.02527	0.01378	0.01608	0.01148	0.00574	0.00574	0.00115	0.00574	0.00459	0.00459	0.77491
33	0.01919	0.01842	0.03147	0.04759	0.67914	0.01842	0.02380	0.02380	0.01765	0.02533	0.01458	0.01919	0.01228	0.00691	0.00768	0.00230	0.00921	0.00691	0.00384	0.01228
34	0.02896	0.03695	0.02197	0.01998	0.02397	0.69638	0.01498	0.03096	0.02197	0.01898	0.01199	0.01398	0.00999	0.00799	0.00699	0.00200	0.01398	0.00499	0.00400	0.00899
35	0.02073	0.73217	0.04063	0.01327	0.01990	0.03068	0.01327	0.02322	0.01575	0.01824	0.01078	0.01244	0.00995	0.00663	0.00498	0.00166	0.00829	0.00415	0.00332	0.00995
36	0.01919	0.01842	0.03147	0.04759	0.67914	0.01842	0.02380	0.02380	0.01765	0.02533	0.01458	0.01919	0.01228	0.00691	0.00768	0.00230	0.00921	0.00691	0.00384	0.01228
37	0.01919	0.01842	0.03147	0.04759	0.67914	0.01842	0.02380	0.02380	0.01765	0.02533	0.01458	0.01919	0.01228	0.00691	0.00768	0.00230	0.00921	0.00691	0.00384	0.01228
38	0.01490	0.01404	0.02372	0.67132	0.08894	0.01729	0.02166	0.02004	0.01563	0.02012	0.01383	0.02059	0.01045	0.00770	0.00775	0.00257	0.01027	0.00689	0.00347	0.00882
39	0.01464	0.01378	0.02326	0.70887	0.05340	0.01723	0.02153	0.01981	0.01550	0.01981	0.01378	0.02067	0.01034	0.00775	0.00775	0.00258	0.01034	0.00689	0.00345	0.00861
40	0.01919	0.01842	0.03147	0.04759	0.67914	0.01842	0.02380	0.02380	0.01765	0.02533	0.01458	0.01919	0.01228	0.00691	0.00768	0.00230	0.00921	0.00691	0.00384	0.01228
41	0.01830	0.02092	0.04575	0.03268	0.04052	0.01961	0.65098	0.02484	0.01830	0.02484	0.01569	0.02092	0.01176	0.00654	0.00915	0.00261	0.01307	0.00915	0.00392	0.01046
42	0.01005	0.00718	0.00969	0.01149	0.01220	0.00682	0.00825	0.01184	0.01544	0.02047	0.04240	0.59683	0.04996	0.02372	0.01006	0.00323	0.00502	0.14171	0.00719	0.00646
43	0.01960	0.01549	0.01686	0.01529	0.01946	0.01749	0.01194	0.03809	0.55006	0.08070	0.03255	0.06895	0.02583	0.01172	0.00813	0.00269	0.00613	0.03931	0.00795	0.01177
44	0.01599	0.09887	0.63242	0.02135	0.03240	0.01908	0.02734	0.02444	0.01632	0.02402	0.01365	0.01604	0.00983	0.00730	0.00716	0.00239	0.01119	0.00560	0.00328	0.01133
45	0.01814	0.38642	0.36372	0.01768	0.02672	0.02435	0.02095	0.02389	0.01606	0.02140	0.01235	0.01440	0.00989	0.00700	0.00617	0.00206	0.00987	0.00494	0.00330	0.01070
46	0.00933	0.00786	0.00808	0.00802	0.01057	0.00661	0.00602	0.01144	0.01805	0.02185	0.13172	0.07313	0.62226	0.01930	0.00916	0.00260	0.00390	0.01616	0.00732	0.00661
47	0.06204	0.01412	0.01782	0.01411	0.01980	0.01336	0.01153	0.05736	0.12997	0.52896	0.02958	0.02601	0.01932	0.00965	0.00769	0.00244	0.00656	0.00779	0.00906	0.01285
48	0.01876	0.01798	0.03069	0.11019	0.61990	0.01831	0.02358	0.02342	0.01745	0.02481	0.01451	0.01933	0.01210	0.00699	0.00768	0.00233	0.00932	0.00691	0.00380	0.01193
49	0.00961	0.00686	0.00918	0.01098	0.01150	0.00644	0.00748	0.01107	0.01500	0.01997	0.04265	0.68906	0.05093	0.02414	0.00994	0.00317	0.00464	0.05385	0.00719	0.00634
50	0.01555	0.04011	0.68733	0.02210	0.03356	0.01801	0.02865	0.02455	0.01637	0.02455	0.01391	0.01637	0.00982	0.00737	0.00737	0.00246	0.01146	0.00573	0.00327	0.01146
51	0.03162	0.01342	0.01762	0.01383	0.01935	0.01219	0.01129	0.08011	0.04645	0.55491	0.06677	0.05157	0.02309	0.01047	0.00795	0.00243	0.00648	0.00862	0.00926	0.01259
52	0.01812	0.38386	0.36611	0.01771	0.02677	0.02430	0.02101	0.02389	0.01606	0.02142	0.01236	0.01442	0.00989	0.00700	0.00618	0.00206	0.00989	0.00494	0.00330	0.01071
53	0.00943	0.00680	0.00894	0.01065	0.01121	0.00631	0.00713	0.01081	0.01499	0.01985	0.04451	0.69032	0.08227	0.02406	0.00986	0.00312	0.00447	0.02176	0.00720	0.00631
54	0.02806	0.06532	0.02321	0.01838	0.02352	0.31564	0.01459	0.30626	0.07428	0.03311	0.01626	0.01702	0.01238	0.00868	0.00729	0.00217	0.01071	0.00610	0.00590	0.01113
55	0.01840	0.02271	0.09261	0.05773	0.03862	0.05317	0.51223	0.02459	0.01788	0.02400	0.01500	0.02000	0.01138	0.00709	0.00970	0.00261	0.04970	0.00846	0.00383	0.01028
56	0.01883	0.01805	0.03081	0.10057	0.62901	0.01833	0.02361	0.02348	0.01748	0.02489	0.01452	0.01931	0.01213	0.00698	0.00768	0.00233	0.00930	0.00691	0.00381	0.01199
57	0.01703	0.01715	0.02477	0.02093	0.02129	0.02356	0.04643	0.01895	0.01217	0.01895	0.01043	0.01715	0.01025	0.01324	0.02469	0.00336	0.68077	0.00690	0.00342	0.00857
58	0.01638	0.06484	0.63198	0.02168	0.03260	0.05119	0.02744	0.02482	0.01662	0.02406	0.01371	0.01611	0.00983	0.00737	0.00726	0.00240	0.01147	0.00564	0.00331	0.01129
59	0.01806	0.03952	0.56302	0.02170	0.03177	0.14475	0.02609	0.02575	0.01742	0.02351	0.01355	0.01592	0.00985	0.00748	0.00730	0.00237	0.01193	0.00559	0.00341	0.01100
60	0.01555	0.04011	0.68733	0.02210	0.03356	0.01801	0.02865	0.02455	0.01637	0.02455	0.01391	0.01637	0.00982	0.00737	0.00737	0.00246	0.01146	0.00573	0.00327	0.01146
61	0.00993	0.00732	0.00948	0.04391	0.01280	0.00703	0.00739	0.01134	0.01467	0.01924	0.04263	0.52122	0.11442	0.12381	0.01395	0.00369	0.00515	0.01914	0.00666	0.00621
62	0.06737	0.01727	0.04949	0.30892	0.31857	0.01810	0.04148	0.04441	0.01714	0.02452	0.01417	0.01929	0.01118	0.00736	0.00756	0.00244	0.00963	0.00676	0.00386	0.01050
63	0.01723	0.01902	0.03717	0.06683	0.03546	0.04908	0.46894	0.02254	0.01759	0.02332	0.01925	0.12485	0.01743	0.00955	0.00962	0.00269	0.03480	0.01067	0.00437	0.00960
64	0.00977	0.00726	0.01032	0.01158	0.01230	0.00678	0.03040	0.01130	0.01497	0.01997	0.04176	0.69717	0.04986	0.02365	0.00987	0.00313	0.00481	0.02158	0.00708	0.00645
65	0.02108	0.05537	0.02851	0.05744	0.25149	0.14255	0.11120	0.02683	0.08056	0.05981	0.05111	0.02150	0.01618	0.00826	0.00836	0.00235	0.03445	0.00735	0.00477	0.01081
66	0.02830	0.04926	0.02276	0.01744	0.02316	0.10959	0.01421	0.43918	0.10313	0.08513	0.01972	0.01947	0.01423	0.00919	0.00757	0.00230	0.00883	0.00687	0.00724	0.01242

[dist]
# distance from previous block
# <min> <max>
1	6

[block]
# block no. 1 follows, 25 sequences, length 15
# corresponding to MSA columns:
# 76-90
name=unknown_B
#
# <colnr> <probs for GDERKNQSTAVLIFYWHMCP>
#	G	D	E	R	K	N	Q	S	T	A	V	L	I	F	Y	W	H	M	C	P
0	0.01834	0.04762	0.06105	0.03469	0.39615	0.01776	0.06471	0.05462	0.06933	0.02688	0.07087	0.04914	0.02008	0.00901	0.00795	0.00241	0.00862	0.02456	0.00489	0.01131
1	0.01548	0.01440	0.08737	0.01238	0.01590	0.06443	0.01074	0.01952	0.02136	0.09923	0.47927	0.04639	0.05526	0.01361	0.00863	0.00240	0.00567	0.01171	0.00770	0.00854
2	0.01678	0.24383	0.40467	0.01963	0.06116	0.02090	0.02195	0.02303	0.01636	0.02241	0.01821	0.02003	0.06363	0.00811	0.00681	0.00222	0.00979	0.00617	0.00363	0.01065
3	0.04862	0.07587	0.41275	0.02071	0.02975	0.01835	0.10344	0.07390	0.01845	0.02680	0.05611	0.02171	0.04284	0.00840	0.00755	0.00242	0.01022	0.00706	0.00427	0.01079
4	0.01372	0.00843	0.01101	0.01032	0.01253	0.00765	0.00775	0.01687	0.02073	0.11281	0.46995	0.14995	0.09523	0.01646	0.00908	0.00254	0.00417	0.01450	0.00841	0.00788
5	0.01858	0.01175	0.01400	0.01231	0.01573	0.01167	0.00954	0.11723	0.09419	0.14992	0.22253	0.14368	0.11697	0.01483	0.00866	0.00256	0.00536	0.01271	0.00818	0.00958
6	0.02731	0.17826	0.02588	0.01846	0.02314	0.51496	0.01461	0.07115	0.02167	0.02083	0.01218	0.01398	0.01019	0.00780	0.00663	0.00195	0.01245	0.00495	0.00411	0.00947
7	0.53687	0.05735	0.05022	0.01159	0.01699	0.01680	0.01023	0.02555	0.01527	0.15344	0.01504	0.01581	0.01089	0.00767	0.00552	0.00234	0.00646	0.00503	0.02743	0.00951
8	0.01158	0.00799	0.01037	0.00992	0.01179	0.00732	0.00738	0.01488	0.02098	0.05312	0.55358	0.12941	0.09886	0.01672	0.00918	0.00252	0.00387	0.01478	0.00836	0.00738
9	0.01750	0.13448	0.48379	0.02113	0.03090	0.06547	0.06452	0.02550	0.04353	0.02364	0.01419	0.01647	0.01055	0.00738	0.00714	0.00233	0.01107	0.00580	0.00356	0.01105
10	0.07738	0.02024	0.01855	0.01569	0.02032	0.13314	0.01234	0.22474	0.19799	0.07837	0.02196	0.02313	0.01678	0.05001	0.00912	0.00263	0.00816	0.00725	0.05112	0.01107
11	0.01022	0.00753	0.00966	0.01101	0.01220	0.00704	0.00817	0.01225	0.01619	0.02102	0.06677	0.41553	0.16199	0.04182	0.01075	0.00325	0.00509	0.16584	0.00715	0.00653
12	0.06047	0.06591	0.02649	0.02779	0.24495	0.12655	0.06775	0.07976	0.07288	0.08254	0.05598	0.02138	0.01672	0.00830	0.00749	0.00229	0.00921	0.00713	0.00530	0.01113
13	0.01040	0.00753	0.00988	0.01057	0.01186	0.00702	0.00774	0.01298	0.01830	0.02497	0.31033	0.34204	0.09225	0.02020	0.00963	0.00287	0.00440	0.08246	0.00775	0.00683
14	0.05142	0.24578	0.32148	0.01706	0.02540	0.02110	0.01938	0.06700	0.01788	0.07978	0.01519	0.01672	0.01139	0.00755	0.00648	0.00216	0.00921	0.00552	0.04865	0.01088

[dist]
# distance from previous block
# <min> <max>
1	10

[block]
# block no. 2 follows, 25 sequences, length 11
# corresponding to MSA columns:
# 101-111
name=unknown_C
#
# <colnr> <probs for GDERKNQSTAVLIFYWHMCP>
#	G	D	E	R	K	N	Q	S	T	A	V	L	I	F	Y	W	H	M	C	P
0	0.11990	0.01946	0.03800	0.03003	0.10229	0.01866	0.46348	0.02415	0.01743	0.02624	0.01481	0.01935	0.01135	0.00662	0.00822	0.00247	0.01131	0.00800	0.00407	0.05418
1	0.09295	0.01524	0.01877	0.06229	0.02231	0.01491	0.04671	0.08152	0.09696	0.05471	0.01782	0.04580	0.01454	0.00823	0.00763	0.00198	0.04128	0.00660	0.00543	0.34432
2	0.11703	0.01421	0.02216	0.57748	0.08467	0.01732	0.01992	0.02044	0.01532	0.02212	0.01343	0.01951	0.01019	0.00763	0.00735	0.00254	0.00969	0.00653	0.00365	0.00880
3	0.01395	0.01087	0.01302	0.01137	0.01466	0.01033	0.00872	0.05224	0.10846	0.03053	0.39719	0.07757	0.05061	0.01331	0.00830	0.00225	0.00468	0.01157	0.00760	0.15278
4	0.02438	0.01919	0.02040	0.01681	0.02210	0.02166	0.01350	0.34712	0.35092	0.04065	0.02509	0.02377	0.01843	0.00991	0.00782	0.00248	0.00733	0.00787	0.00782	0.01273
5	0.01919	0.01842	0.03147	0.04759	0.67914	0.01842	0.02380	0.02380	0.01765	0.02533	0.01458	0.01919	0.01228	0.00691	0.00768	0.00230	0.00921	0.00691	0.00384	0.01228
6	0.03479	0.01320	0.01799	0.01380	0.01979	0.01140	0.01140	0.03779	0.02219	0.68451	0.03059	0.02639	0.01919	0.00960	0.00780	0.00240	0.00660	0.00780	0.00960	0.01320
7	0.01830	0.02092	0.04575	0.03268	0.04052	0.01961	0.65098	0.02484	0.01830	0.02484	0.01569	0.02092	0.01176	0.00654	0.00915	0.00261	0.01307	0.00915	0.00392	0.01046
8	0.01919	0.01842	0.03147	0.04759	0.67914	0.01842	0.02380	0.02380	0.01765	0.02533	0.01458	0.01919	0.01228	0.00691	0.00768	0.00230	0.00921	0.00691	0.00384	0.01228
9	0.01464	0.01378	0.02326	0.70887	0.05340	0.01723	0.02153	0.01981	0.01550	0.01981	0.01378	0.02067	0.01034	0.00775	0.00775	0.00258	0.01034	0.00689	0.00345	0.00861
10	0.01464	0.01378	0.02326	0.70887	0.05340	0.01723	0.02153	0.01981	0.01550	0.01981	0.01378	0.02067	0.01034	0.00775	0.00775	0.00258	0.01034	0.00689	0.00345	0.00861

[dist]
# distance from previous block
# <min> <max>
0	26

[block]
# block no. 3 follows, 25 sequences, length 65
# corresponding to MSA columns:
# 138-202
name=unknown_D
#
# <colnr> <probs for GDERKNQSTAVLIFYWHMCP>
#	G	D	E	R	K	N	Q	S	T	A	V	L	I	F	Y	W	H	M	C	P
0	0.02064	0.59607	0.12154	0.01485	0.02192	0.07516	0.01534	0.02392	0.01626	0.01910	0.01126	0.01304	0.00994	0.00682	0.00542	0.00178	0.00909	0.00441	0.00336	0.01008
1	0.01919	0.01842	0.03147	0.04759	0.67914	0.01842	0.02380	0.02380	0.01765	0.02533	0.01458	0.01919	0.01228	0.00691	0.00768	0.00230	0.00921	0.00691	0.00384	0.01228
2	0.01919	0.01842	0.03147	0.04759	0.67914	0.01842	0.02380	0.02380	0.01765	0.02533	0.01458	0.01919	0.01228	0.00691	0.00768	0.00230	0.00921	0.00691	0.00384	0.01228
3	0.03325	0.01328	0.01781	0.01375	0.01953	0.01172	0.01132	0.06335	0.02280	0.62101	0.06538	0.02778	0.02189	0.00993	0.00787	0.00240	0.00652	0.00810	0.00946	0.01287
4	0.03479	0.01320	0.01799	0.01380	0.01979	0.01140	0.01140	0.03779	0.02219	0.68451	0.03059	0.02639	0.01919	0.00960	0.00780	0.00240	0.00660	0.00780	0.00960	0.01320
5	0.01708	0.01626	0.03287	0.02483	0.03037	0.01522	0.41156	0.02187	0.01755	0.07105	0.02397	0.16699	0.02277	0.04351	0.01065	0.00298	0.01031	0.04558	0.00520	0.00938
6	0.01555	0.04011	0.68733	0.02210	0.03356	0.01801	0.02865	0.02455	0.01637	0.02455	0.01391	0.01637	0.00982	0.00737	0.00737	0.00246	0.01146	0.00573	0.00327	0.01146
7	0.01888	0.01810	0.03090	0.09338	0.63582	0.01834	0.02364	0.02352	0.01751	0.02495	0.01453	0.01929	0.01215	0.00697	0.00768	0.00232	0.00929	0.00691	0.00381	0.01203
8	0.01555	0.04011	0.68733	0.02210	0.03356	0.01801	0.02865	0.02455	0.01637	0.02455	0.01391	0.01637	0.00982	0.00737	0.00737	0.00246	0.01146	0.00573	0.00327	0.01146
9	0.01441	0.01347	0.02262	0.67752	0.05151	0.01674	0.02089	0.01941	0.01547	0.01981	0.01508	0.05219	0.01217	0.00849	0.00785	0.00261	0.01007	0.00757	0.00361	0.00851
10	0.01555	0.04011	0.68733	0.02210	0.03356	0.01801	0.02865	0.02455	0.01637	0.02455	0.01391	0.01637	0.00982	0.00737	0.00737	0.00246	0.01146	0.00573	0.00327	0.01146
11	0.02584	0.04963	0.02133	0.04248	0.02308	0.17439	0.01387	0.31627	0.06528	0.07036	0.02373	0.02580	0.06689	0.01027	0.00772	0.00233	0.00916	0.03384	0.00661	0.01110
12	0.01464	0.01378	0.02326	0.70887	0.05340	0.01723	0.02153	0.01981	0.01550	0.01981	0.01378	0.02067	0.01034	0.00775	0.00775	0.00258	0.01034	0.00689	0.00345	0.00861
13	0.00916	0.00785	0.00785	0.00785	0.01047	0.00655	0.00589	0.01113	0.01767	0.02095	0.07855	0.07462	0.67599	0.01964	0.00916	0.00262	0.00393	0.01636	0.00720	0.00655
14	0.03371	0.01343	0.01796	0.01393	0.01982	0.01194	0.01146	0.03802	0.06671	0.63936	0.03066	0.02657	0.01950	0.00966	0.00780	0.00242	0.00657	0.00786	0.00948	0.01313
15	0.01578	0.07056	0.65888	0.02171	0.03296	0.01856	0.02797	0.02450	0.01634	0.02428	0.01378	0.01620	0.00983	0.00733	0.00726	0.00242	0.01132	0.00566	0.00328	0.01139
16	0.03479	0.01320	0.01799	0.01380	0.01979	0.01140	0.01140	0.03779	0.02219	0.68451	0.03059	0.02639	0.01919	0.00960	0.00780	0.00240	0.00660	0.00780	0.00960	0.01320
17	0.01555	0.04011	0.68733	0.02210	0.03356	0.01801	0.02865	0.02455	0.01637	0.02455	0.01391	0.01637	0.00982	0.00737	0.00737	0.00246	0.01146	0.00573	0.00327	0.01146
18	0.01097	0.00910	0.03623	0.01038	0.01250	0.00765	0.00823	0.01453	0.02072	0.02898	0.53664	0.11582	0.10302	0.01668	0.00920	0.00255	0.00418	0.03720	0.00809	0.00734
19	0.01597	0.03140	0.42930	0.02465	0.03410	0.01763	0.22730	0.02360	0.01688	0.02428	0.01667	0.07149	0.01360	0.00839	0.00813	0.00256	0.01145	0.00807	0.00378	0.01074
20	0.02896	0.03695	0.02197	0.01998	0.02397	0.69638	0.01498	0.03096	0.02197	0.01898	0.01199	0.01398	0.00999	0.00799	0.00699	0.00200	0.01398	0.00499	0.00400	0.00899
21	0.00945	0.00675	0.00900	0.01080	0.01125	0.00630	0.00720	0.01080	0.01484	0.01979	0.04274	0.72245	0.05128	0.02429	0.00990	0.00315	0.00450	0.02204	0.00720	0.00630
22	0.01974	0.01914	0.03445	0.02564	0.03201	0.01905	0.38924	0.15477	0.08256	0.02997	0.02073	0.09757	0.01748	0.00942	0.00882	0.00261	0.01055	0.01007	0.00544	0.01074
23	0.78228	0.01499	0.01140	0.01020	0.01499	0.01739	0.00840	0.02279	0.01320	0.03479	0.01080	0.01260	0.00840	0.00720	0.00480	0.00240	0.00600	0.00420	0.00480	0.00840
24	0.02023	0.01827	0.11040	0.01538	0.02042	0.01588	0.01389	0.27809	0.02629	0.06479	0.19220	0.08501	0.03368	0.01275	0.00844	0.00253	0.00719	0.05677	0.00733	0.01047
25	0.01464	0.01378	0.02326	0.70887	0.05340	0.01723	0.02153	0.01981	0.01550	0.01981	0.01378	0.02067	0.01034	0.00775	0.00775	0.00258	0.01034	0.00689	0.00345	0.00861
26	0.01696	0.01696	0.02375	0.02036	0.02036	0.02375	0.01696	0.01866	0.01187	0.01866	0.01018	0.01696	0.01018	0.01357	0.02545	0.00339	0.71332	0.00679	0.00339	0.00848
27	0.01629	0.01770	0.03741	0.02771	0.03388	0.01659	0.50485	0.02165	0.01752	0.02369	0.02183	0.18015	0.02073	0.01057	0.00932	0.00274	0.01113	0.01208	0.00467	0.00951
28	0.01555	0.04011	0.68733	0.02210	0.03356	0.01801	0.02865	0.02455	0.01637	0.02455	0.01391	0.01637	0.00982	0.00737	0.00737	0.00246	0.01146	0.00573	0.00327	0.01146
29	0.67499	0.01638	0.01415	0.01212	0.01710	0.05132	0.04639	0.02382	0.01423	0.05506	0.01180	0.01361	0.00903	0.00728	0.00526	0.00239	0.00683	0.00465	0.00487	0.00871
30	0.01095	0.00906	0.01489	0.01418	0.01589	0.00847	0.10876	0.01328	0.01588	0.02137	0.08225	0.56577	0.04656	0.02091	0.00973	0.00302	0.00579	0.01945	0.00677	0.00702
31	0.01832	0.01742	0.02939	0.06900	0.60071	0.01749	0.02248	0.02279	0.01758	0.02485	0.01840	0.02435	0.04268	0.00807	0.00786	0.00238	0.00894	0.03151	0.00410	0.01169
32	0.00945	0.00675	0.00900	0.01080	0.01125	0.00630	0.00720	0.01080	0.01484	0.01979	0.04274	0.72245	0.05128	0.02429	0.00990	0.00315	0.00450	0.02204	0.00720	0.00630
33	0.02955	0.01583	0.02188	0.10473	0.05067	0.01573	0.04894	0.17456	0.02422	0.39510	0.02433	0.02333	0.01604	0.00903	0.00785	0.00241	0.00796	0.00754	0.00788	0.01243
34	0.01786	0.02257	0.11569	0.06564	0.07771	0.01924	0.51361	0.02450	0.01791	0.02459	0.01533	0.02029	0.01151	0.00671	0.00880	0.00258	0.01253	0.00852	0.00382	0.01059
35	0.01779	0.01699	0.02702	0.03971	0.53230	0.03716	0.02057	0.02188	0.01766	0.02438	0.02270	0.06219	0.07066	0.00969	0.00806	0.00244	0.00857	0.04462	0.00448	0.01111
36	0.00945	0.00675	0.00900	0.01080	0.01125	0.00630	0.00720	0.01080	0.01484	0.01979	0.04274	0.72245	0.05128	0.02429	0.00990	0.00315	0.00450	0.02204	0.00720	0.00630
37	0.06822	0.01334	0.01695	0.01338	0.01879	0.01232	0.01094	0.07673	0.04643	0.50171	0.08243	0.02994	0.05221	0.01044	0.00782	0.00242	0.00633	0.00848	0.00897	0.01215
38	0.05633	0.02638	0.27175	0.02441	0.03274	0.01801	0.27988	0.06772	0.01872	0.05021	0.03839	0.04748	0.01482	0.00817	0.00817	0.00253	0.01094	0.00813	0.00448	0.01074
39	0.01707	0.01730	0.03225	0.30137	0.22289	0.01848	0.20914	0.02238	0.01682	0.02281	0.01446	0.02021	0.01130	0.00734	0.00872	0.00254	0.03350	0.00756	0.00369	0.01018
40	0.07131	0.01931	0.03674	0.06816	0.12254	0.01982	0.38769	0.04377	0.01749	0.02532	0.01450	0.01953	0.01137	0.00767	0.01056	0.00264	0.09924	0.00802	0.00400	0.01030
41	0.00945	0.00675	0.00900	0.01080	0.01125	0.00630	0.00720	0.01080	0.01484	0.01979	0.04274	0.72245	0.05128	0.02429	0.00990	0.00315	0.00450	0.02204	0.00720	0.00630
42	0.01830	0.02092	0.04575	0.03268	0.04052	0.01961	0.65098	0.02484	0.01830	0.02484	0.01569	0.02092	0.01176	0.00654	0.00915	0.00261	0.01307	0.00915	0.00392	0.01046
43	0.00916	0.00785	0.00785	0.00785	0.01047	0.00655	0.00589	0.01113	0.01767	0.02095	0.07855	0.07462	0.67599	0.01964	0.00916	0.00262	0.00393	0.01636	0.00720	0.00655
44	0.01792	0.01712	0.02917	0.23279	0.50390	0.01809	0.02316	0.02268	0.01705	0.02378	0.01436	0.01961	0.01174	0.00714	0.00770	0.00238	0.00953	0.00690	0.00373	0.01125
45	0.01563	0.03875	0.64854	0.02200	0.03279	0.01834	0.02796	0.02421	0.01611	0.02421	0.01370	0.01640	0.00984	0.00773	0.00842	0.00251	0.05249	0.00579	0.00328	0.01128
46	0.00936	0.00790	0.00813	0.00817	0.01073	0.00667	0.00620	0.01145	0.01784	0.02142	0.09989	0.07448	0.62867	0.01956	0.00922	0.00265	0.00404	0.03977	0.00725	0.00660
47	0.02604	0.01967	0.02262	0.01742	0.02341	0.02097	0.04856	0.49627	0.03162	0.04302	0.01929	0.02228	0.01474	0.00937	0.00768	0.00226	0.00824	0.03790	0.03412	0.09454
48	0.02947	0.02172	0.02327	0.01784	0.02404	0.02404	0.01474	0.65329	0.03646	0.04887	0.01862	0.01862	0.01319	0.00931	0.00776	0.00233	0.00853	0.00698	0.00776	0.01319
49	0.02073	0.73217	0.04063	0.01327	0.01990	0.03068	0.01327	0.02322	0.01575	0.01824	0.01078	0.01244	0.00995	0.00663	0.00498	0.00166	0.00829	0.00415	0.00332	0.00995
50	0.78228	0.01499	0.01140	0.01020	0.01499	0.01739	0.00840	0.02279	0.01320	0.03479	0.01080	0.01260	0.00840	0.00720	0.00480	0.00240	0.00600	0.00420	0.00480	0.00840
51	0.01696	0.01696	0.02375	0.02036	0.02036	0.02375	0.01696	0.01866	0.01187	0.01866	0.01018	0.01696	0.01018	0.01357	0.02545	0.00339	0.71332	0.00679	0.00339	0.00848
52	0.01445	0.00723	0.00723	0.00723	0.00903	0.00723	0.00542	0.01807	0.01626	0.02891	0.02529	0.02891	0.01987	0.00903	0.00542	0.00181	0.00361	0.00723	0.77055	0.00723
53	0.01206	0.00861	0.01199	0.01378	0.01537	0.00855	0.01174	0.01531	0.01742	0.02272	0.04129	0.17845	0.04558	0.02183	0.01059	0.00351	0.00676	0.54027	0.00715	0.00702
54	0.01108	0.00831	0.01246	0.01246	0.01385	0.00969	0.00969	0.01385	0.01246	0.01800	0.02077	0.03046	0.01938	0.05815	0.69678	0.01246	0.02077	0.00831	0.00415	0.00692
55	0.01464	0.01378	0.02326	0.70887	0.05340	0.01723	0.02153	0.01981	0.01550	0.01981	0.01378	0.02067	0.01034	0.00775	0.00775	0.00258	0.01034	0.00689	0.00345	0.00861
56	0.03479	0.01320	0.01799	0.01380	0.01979	0.01140	0.01140	0.03779	0.02219	0.68451	0.03059	0.02639	0.01919	0.00960	0.00780	0.00240	0.00660	0.00780	0.00960	0.01320
57	0.01019	0.00789	0.00927	0.00893	0.01110	0.00698	0.00670	0.01311	0.02009	0.02667	0.41519	0.06519	0.33578	0.01750	0.00915	0.00252	0.00378	0.01504	0.00795	0.00698
58	0.01603	0.07669	0.60748	0.02235	0.03329	0.01881	0.07089	0.02450	0.01647	0.02423	0.01387	0.01647	0.00996	0.00727	0.00736	0.00242	0.01140	0.00588	0.00332	0.01131
59	0.02057	0.70156	0.03991	0.01357	0.01992	0.03038	0.01343	0.02302	0.01559	0.01826	0.01075	0.01263	0.00996	0.00693	0.00585	0.00173	0.03847	0.00426	0.00332	0.00989
60	0.01830	0.02092	0.04575	0.03268	0.04052	0.01961	0.65098	0.02484	0.01830	0.02484	0.01569	0.02092	0.01176	0.00654	0.00915	0.00261	0.01307	0.00915	0.00392	0.01046
61	0.00967	0.00705	0.00962	0.04122	0.01308	0.00677	0.00782	0.01119	0.01487	0.01979	0.04147	0.69186	0.04950	0.02357	0.00980	0.00312	0.00475	0.02138	0.00703	0.00640
62	0.11485	0.01341	0.01719	0.01410	0.01889	0.01319	0.04779	0.03117	0.13865	0.32112	0.12156	0.06433	0.02773	0.01095	0.00784	0.00250	0.00629	0.00924	0.00811	0.01110
63	0.04289	0.02331	0.17942	0.15882	0.06360	0.01888	0.27958	0.05552	0.05347	0.02575	0.01574	0.01984	0.01169	0.00735	0.00815	0.00254	0.01120	0.00758	0.00412	0.01056
64	0.01512	0.01446	0.02443	0.60557	0.07100	0.01788	0.04528	0.02004	0.01539	0.02009	0.01359	0.02033	0.01044	0.00815	0.00923	0.00264	0.06710	0.00697	0.00347	0.00879

[dist]
# distance from previous block
# <min> <max>
4	7

[block]
# block no. 4 follows, 25 sequences, length 115
# corresponding to MSA columns:
# 210-324
name=unknown_E
#
# <colnr> <probs for GDERKNQSTAVLIFYWHMCP>
#	G	D	E	R	K	N	Q	S	T	A	V	L	I	F	Y	W	H	M	C	P
0	0.24694	0.02074	0.01919	0.01564	0.02107	0.08442	0.01270	0.35767	0.08445	0.04053	0.01688	0.01736	0.01243	0.00868	0.00684	0.00234	0.00809	0.00615	0.00656	0.01132
1	0.01029	0.00752	0.00957	0.00983	0.01122	0.00691	0.00701	0.01287	0.01873	0.02565	0.37788	0.27487	0.12975	0.04886	0.01066	0.00290	0.00412	0.01676	0.00780	0.00679
2	0.01955	0.01841	0.06114	0.03928	0.49099	0.01699	0.07007	0.02418	0.01804	0.08235	0.02085	0.02399	0.06269	0.00809	0.00790	0.00237	0.00899	0.00781	0.00457	0.01175
3	0.01622	0.09896	0.57951	0.02218	0.03292	0.01924	0.07715	0.02446	0.01647	0.02403	0.01378	0.01639	0.00999	0.00724	0.00730	0.00240	0.01131	0.00587	0.00333	0.01125
4	0.00945	0.00675	0.00900	0.01080	0.01125	0.00630	0.00720	0.01080	0.01484	0.01979	0.04274	0.72245	0.05128	0.02429	0.00990	0.00315	0.00450	0.02204	0.00720	0.00630
5	0.01464	0.01378	0.02326	0.70887	0.05340	0.01723	0.02153	0.01981	0.01550	0.01981	0.01378	0.02067	0.01034	0.00775	0.00775	0.00258	0.01034	0.00689	0.00345	0.00861
6	0.06318	0.04329	0.01963	0.01494	0.02027	0.01863	0.01226	0.32649	0.09243	0.17175	0.05099	0.02339	0.01835	0.00955	0.00738	0.00231	0.00710	0.00742	0.07871	0.01194
7	0.01682	0.01700	0.03210	0.39598	0.07688	0.01845	0.25806	0.04706	0.01749	0.02312	0.01473	0.02061	0.01108	0.00732	0.00827	0.00257	0.01124	0.00774	0.00381	0.00966
8	0.01929	0.01666	0.01753	0.01578	0.02016	0.01929	0.01227	0.04120	0.66513	0.03243	0.03156	0.02893	0.02367	0.01052	0.00789	0.00263	0.00614	0.00877	0.00789	0.01227
9	0.03479	0.01320	0.01799	0.01380	0.01979	0.01140	0.01140	0.03779	0.02219	0.68451	0.03059	0.02639	0.01919	0.00960	0.00780	0.00240	0.00660	0.00780	0.00960	0.01320
10	0.01781	0.07091	0.30631	0.02608	0.07082	0.01855	0.25886	0.02460	0.01736	0.05752	0.01653	0.04936	0.01299	0.00784	0.00804	0.00249	0.01119	0.00780	0.00404	0.01090
11	0.01476	0.01372	0.01952	0.01740	0.01792	0.01848	0.01424	0.01686	0.01209	0.01841	0.01415	0.02202	0.01363	0.03027	0.27697	0.00679	0.45384	0.00736	0.00368	0.00790
12	0.01249	0.00892	0.01249	0.01428	0.01606	0.00892	0.01249	0.01606	0.01785	0.02320	0.04105	0.08746	0.04462	0.02142	0.01071	0.00357	0.00714	0.62695	0.00714	0.00714
13	0.01485	0.01391	0.02301	0.67858	0.05195	0.01732	0.02113	0.02075	0.04390	0.02036	0.01456	0.02103	0.01092	0.00787	0.00776	0.00259	0.01015	0.00697	0.00364	0.00877
14	0.09282	0.02459	0.04898	0.01724	0.02278	0.17701	0.01430	0.39264	0.02911	0.03860	0.01660	0.01753	0.01228	0.00872	0.00717	0.00223	0.00941	0.00624	0.05034	0.01139
15	0.01940	0.02102	0.02339	0.02028	0.02109	0.16035	0.01656	0.02116	0.01393	0.01872	0.01055	0.01636	0.01014	0.01244	0.02170	0.00311	0.57129	0.00642	0.00352	0.00858
16	0.02743	0.01462	0.04636	0.01392	0.01953	0.01261	0.01185	0.09788	0.04639	0.40471	0.07870	0.03171	0.05443	0.01067	0.00791	0.00237	0.00661	0.03445	0.00838	0.06946
17	0.07520	0.65017	0.06702	0.01344	0.02015	0.02917	0.01359	0.02325	0.01560	0.01971	0.01092	0.01262	0.00983	0.00671	0.00507	0.00175	0.00827	0.00422	0.00342	0.00991
18	0.02085	0.67252	0.06833	0.01394	0.02067	0.05805	0.01402	0.02360	0.01604	0.01855	0.01097	0.01268	0.00995	0.00672	0.00517	0.00171	0.00867	0.00425	0.00334	0.00998
19	0.01128	0.00752	0.00846	0.00846	0.00846	0.00752	0.00470	0.01128	0.01128	0.01503	0.02443	0.05074	0.02819	0.72751	0.03946	0.00752	0.00752	0.01128	0.00470	0.00470
20	0.00973	0.00683	0.00917	0.01089	0.01137	0.00641	0.00737	0.01096	0.01475	0.01965	0.04144	0.66961	0.04944	0.02430	0.01079	0.03575	0.00469	0.04360	0.00703	0.00620
21	0.01608	0.01378	0.01608	0.01148	0.01837	0.01034	0.00919	0.01952	0.01608	0.02527	0.01378	0.01608	0.01148	0.00574	0.00574	0.00115	0.00574	0.00459	0.00459	0.77491
22	0.01128	0.00752	0.00846	0.00846	0.00846	0.00752	0.00470	0.01128	0.01128	0.01503	0.02443	0.05074	0.02819	0.72751	0.03946	0.00752	0.00752	0.01128	0.00470	0.00470
23	0.00945	0.00675	0.00900	0.01080	0.01125	0.00630	0.00720	0.01080	0.01484	0.01979	0.04274	0.72245	0.05128	0.02429	0.00990	0.00315	0.00450	0.02204	0.00720	0.00630
24	0.01979	0.01675	0.01765	0.01563	0.02010	0.01918	0.01223	0.09657	0.57905	0.03346	0.03238	0.02994	0.05079	0.01080	0.00793	0.00260	0.00626	0.00893	0.00785	0.01211
25	0.02827	0.06299	0.02316	0.02071	0.05011	0.60845	0.01525	0.06214	0.02229	0.02073	0.01238	0.01437	0.01024	0.00796	0.00698	0.00201	0.01329	0.00514	0.00415	0.00937
26	0.01767	0.01483	0.01691	0.01253	0.01910	0.01256	0.01003	0.08145	0.08593	0.02824	0.01610	0.01766	0.01292	0.00658	0.00616	0.00141	0.00605	0.00526	0.00524	0.62338
27	0.02678	0.14967	0.02444	0.01797	0.02264	0.44758	0.01419	0.05335	0.09558	0.05545	0.01522	0.01624	0.01214	0.00818	0.00682	0.00205	0.01155	0.00550	0.00475	0.00989
28	0.02058	0.01730	0.01826	0.01604	0.02066	0.01989	0.01259	0.11918	0.58504	0.03453	0.02991	0.02761	0.02233	0.01037	0.00787	0.00259	0.00644	0.00854	0.00787	0.01239
29	0.78228	0.01499	0.01140	0.01020	0.01499	0.01739	0.00840	0.02279	0.01320	0.03479	0.01080	0.01260	0.00840	0.00720	0.00480	0.00240	0.00600	0.00420	0.00480	0.00840
30	0.02087	0.67319	0.06696	0.01393	0.02065	0.05882	0.01399	0.02361	0.01605	0.01854	0.01096	0.01267	0.00995	0.00672	0.00516	0.00171	0.00867	0.00425	0.00334	0.00997
31	0.01156	0.00837	0.01132	0.01274	0.01437	0.00814	0.01058	0.01463	0.01770	0.02317	0.10318	0.19167	0.09978	0.02125	0.01030	0.00332	0.00611	0.41755	0.00728	0.00696
32	0.01099	0.00798	0.01117	0.01132	0.01228	0.00886	0.00823	0.01294	0.01237	0.01741	0.02354	0.09391	0.02428	0.22293	0.47422	0.01044	0.01608	0.01021	0.00455	0.00631
33	0.01981	0.01691	0.01783	0.01588	0.02036	0.01953	0.01240	0.07245	0.63303	0.03327	0.03090	0.02840	0.02313	0.01046	0.00788	0.00261	0.00626	0.00868	0.00788	0.01232
34	0.02628	0.01549	0.04052	0.04229	0.02168	0.01425	0.01241	0.06593	0.17780	0.33848	0.02627	0.02438	0.01806	0.00904	0.00747	0.00226	0.00676	0.00737	0.00782	0.13543
35	0.01929	0.53917	0.22098	0.01573	0.02371	0.02715	0.01756	0.02359	0.01593	0.02000	0.01165	0.01353	0.00991	0.00684	0.00564	0.00188	0.00918	0.00459	0.00330	0.01037
36	0.05436	0.03884	0.65312	0.02150	0.03262	0.01798	0.02762	0.02447	0.01621	0.02507	0.01376	0.01618	0.00975	0.00736	0.00724	0.00245	0.01118	0.00565	0.00335	0.01130
37	0.01128	0.00752	0.00846	0.00846	0.00846	0.00752	0.00470	0.01128	0.01128	0.01503	0.02443	0.05074	0.02819	0.72751	0.03946	0.00752	0.00752	0.01128	0.00470	0.00470
38	0.01580	0.07272	0.65686	0.02168	0.03291	0.01860	0.02792	0.02449	0.01634	0.02426	0.01377	0.01618	0.00983	0.00733	0.00725	0.00242	0.01131	0.00565	0.00328	0.01139
39	0.01957	0.01925	0.03071	0.04517	0.62121	0.05122	0.02310	0.02393	0.01763	0.02476	0.01428	0.01885	0.01209	0.00723	0.00836	0.00233	0.03770	0.00681	0.00383	0.01197
40	0.01108	0.00831	0.01246	0.01246	0.01385	0.00969	0.00969	0.01385	0.01246	0.01800	0.02077	0.03046	0.01938	0.05815	0.69678	0.01246	0.02077	0.00831	0.00415	0.00692
41	0.01445	0.00723	0.00723	0.00723	0.00903	0.00723	0.00542	0.01807	0.01626	0.02891	0.02529	0.02891	0.01987	0.00903	0.00542	0.00181	0.00361	0.00723	0.77055	0.00723
42	0.02936	0.02505	0.02299	0.01831	0.02403	0.17090	0.01479	0.51736	0.03329	0.04234	0.01717	0.01760	0.01249	0.00902	0.00759	0.00225	0.00972	0.00655	0.00693	0.01227
43	0.01952	0.57018	0.19201	0.01533	0.02310	0.02771	0.01687	0.02353	0.01590	0.01972	0.01151	0.01336	0.00992	0.00681	0.00553	0.00184	0.00903	0.00452	0.00331	0.01030
44	0.01097	0.00793	0.01036	0.00975	0.01158	0.00732	0.00732	0.01463	0.02195	0.03109	0.67505	0.05792	0.07316	0.01585	0.00914	0.00244	0.00366	0.01402	0.00854	0.00732
45	0.02262	0.03022	0.44140	0.01905	0.02850	0.01558	0.02231	0.02942	0.01851	0.26704	0.02004	0.02005	0.01327	0.00819	0.00752	0.00243	0.00967	0.00649	0.00560	0.01210
46	0.01904	0.24955	0.10198	0.01871	0.02269	0.07992	0.04037	0.02199	0.01466	0.01942	0.01113	0.01536	0.01011	0.00997	0.01484	0.00259	0.32909	0.00577	0.00342	0.00939
47	0.01929	0.01666	0.01753	0.01578	0.02016	0.01929	0.01227	0.04120	0.66513	0.03243	0.03156	0.02893	0.02367	0.01052	0.00789	0.00263	0.00614	0.00877	0.00789	0.01227
48	0.03437	0.01386	0.01840	0.01411	0.02012	0.01238	0.01166	0.08571	0.02330	0.63502	0.02966	0.02579	0.01873	0.00957	0.00779	0.00239	0.00675	0.00773	0.00945	0.01319
49	0.03479	0.01320	0.01799	0.01380	0.01979	0.01140	0.01140	0.03779	0.02219	0.68451	0.03059	0.02639	0.01919	0.00960	0.00780	0.00240	0.00660	0.00780	0.00960	0.01320
50	0.01347	0.00673	0.01010	0.01010	0.01010	0.00673	0.00673	0.01010	0.01010	0.01347	0.01347	0.02357	0.01347	0.02694	0.03030	0.77441	0.00673	0.00673	0.00337	0.00337
51	0.78228	0.01499	0.01140	0.01020	0.01499	0.01739	0.00840	0.02279	0.01320	0.03479	0.01080	0.01260	0.00840	0.00720	0.00480	0.00240	0.00600	0.00420	0.00480	0.00840
52	0.78228	0.01499	0.01140	0.01020	0.01499	0.01739	0.00840	0.02279	0.01320	0.03479	0.01080	0.01260	0.00840	0.00720	0.00480	0.00240	0.00600	0.00420	0.00480	0.00840
53	0.01830	0.02092	0.04575	0.03268	0.04052	0.01961	0.65098	0.02484	0.01830	0.02484	0.01569	0.02092	0.01176	0.00654	0.00915	0.00261	0.01307	0.00915	0.00392	0.01046
54	0.00945	0.00675	0.00900	0.01080	0.01125	0.00630	0.00720	0.01080	0.01484	0.01979	0.04274	0.72245	0.05128	0.02429	0.00990	0.00315	0.00450	0.02204	0.00720	0.00630
55	0.01555	0.04011	0.68733	0.02210	0.03356	0.01801	0.02865	0.02455	0.01637	0.02455	0.01391	0.01637	0.00982	0.00737	0.00737	0.00246	0.01146	0.00573	0.00327	0.01146
56	0.00945	0.00675	0.00900	0.01080	0.01125	0.00630	0.00720	0.01080	0.01484	0.01979	0.04274	0.72245	0.05128	0.02429	0.00990	0.00315	0.00450	0.02204	0.00720	0.00630
57	0.01532	0.01478	0.02592	0.59701	0.10001	0.01753	0.07883	0.02057	0.01592	0.02069	0.01402	0.02058	0.01061	0.00758	0.00787	0.00257	0.01050	0.00710	0.00352	0.00906
58	0.03479	0.01320	0.01799	0.01380	0.01979	0.01140	0.01140	0.03779	0.02219	0.68451	0.03059	0.02639	0.01919	0.00960	0.00780	0.00240	0.00660	0.00780	0.00960	0.01320
59	0.00945	0.00675	0.00900	0.01080	0.01125	0.00630	0.00720	0.01080	0.01484	0.01979	0.04274	0.72245	0.05128	0.02429	0.00990	0.00315	0.00450	0.02204	0.00720	0.00630
60	0.02058	0.01730	0.01826	0.01604	0.02066	0.01989	0.01259	0.11892	0.58530	0.03452	0.02991	0.02762	0.02234	0.01037	0.00787	0.00259	0.00644	0.00854	0.00787	0.01239
61	0.01759	0.02070	0.07683	0.08917	0.03770	0.02004	0.44843	0.02329	0.01681	0.02329	0.01445	0.01994	0.01125	0.00793	0.01179	0.00274	0.13596	0.00834	0.00375	0.01001
62	0.01204	0.00822	0.01037	0.00966	0.01187	0.00742	0.00731	0.01537	0.02123	0.06696	0.53611	0.05896	0.17299	0.01614	0.00907	0.00247	0.00387	0.01406	0.00837	0.00752
63	0.00945	0.00675	0.00900	0.01080	0.01125	0.00630	0.00720	0.01080	0.01484	0.01979	0.04274	0.72245	0.05128	0.02429	0.00990	0.00315	0.00450	0.02204	0.00720	0.00630
64	0.01816	0.01963	0.03380	0.14152	0.09263	0.06558	0.29411	0.02281	0.01645	0.02214	0.01368	0.01929	0.01107	0.00859	0.01264	0.00273	0.18399	0.00772	0.00371	0.00973
65	0.01167	0.00870	0.01141	0.04529	0.03650	0.00871	0.00907	0.04065	0.04423	0.02242	0.03955	0.51228	0.07087	0.02059	0.00933	0.00297	0.00523	0.04769	0.04560	0.00725
66	0.01676	0.01419	0.01645	0.01181	0.01866	0.01104	0.00947	0.05188	0.01712	0.02647	0.01403	0.01621	0.01157	0.00592	0.00585	0.00121	0.00588	0.00472	0.00476	0.73602
67	0.00929	0.00786	0.00803	0.00799	0.01055	0.00660	0.00599	0.01138	0.01798	0.02167	0.12103	0.07343	0.63306	0.01937	0.00916	0.00261	0.00391	0.01620	0.00730	0.00660
68	0.01575	0.06658	0.66259	0.02176	0.03304	0.01849	0.02806	0.02450	0.01635	0.02431	0.01379	0.01622	0.00983	0.00734	0.00727	0.00242	0.01134	0.00567	0.00328	0.01140
69	0.01087	0.00792	0.01022	0.00965	0.01152	0.00727	0.00723	0.01443	0.02170	0.03051	0.64072	0.05888	0.10785	0.01607	0.00915	0.00245	0.00367	0.01416	0.00846	0.00727
70	0.00950	0.00779	0.00823	0.00824	0.01052	0.00668	0.00604	0.01151	0.01765	0.02169	0.14088	0.10189	0.54143	0.06016	0.01094	0.00290	0.00413	0.01608	0.00721	0.00651
71	0.01830	0.02092	0.04575	0.03268	0.04052	0.01961	0.65098	0.02484	0.01830	0.02484	0.01569	0.02092	0.01176	0.00654	0.00915	0.00261	0.01307	0.00915	0.00392	0.01046
72	0.03436	0.01388	0.01842	0.01412	0.02013	0.01241	0.01166	0.08725	0.02334	0.63343	0.02963	0.02577	0.01871	0.00957	0.00779	0.00239	0.00675	0.00773	0.00945	0.01319
73	0.02074	0.58892	0.12161	0.01484	0.02196	0.05553	0.01535	0.04780	0.01687	0.02025	0.01153	0.01324	0.01006	0.00688	0.00547	0.00180	0.00893	0.00449	0.00351	0.01023
74	0.02933	0.02101	0.02272	0.01752	0.02363	0.02311	0.01444	0.59112	0.06311	0.08473	0.01987	0.01951	0.01399	0.00938	0.00776	0.00234	0.00832	0.00711	0.00787	0.01315
75	0.01726	0.01398	0.01628	0.01199	0.01851	0.01118	0.00956	0.04630	0.04451	0.05156	0.01628	0.03940	0.01362	0.00682	0.00612	0.00137	0.00586	0.00554	0.00513	0.65873
76	0.02510	0.05064	0.01801	0.01388	0.01884	0.01476	0.01120	0.07662	0.20027	0.29814	0.05963	0.06698	0.02362	0.01061	0.00767	0.00238	0.00628	0.00876	0.03617	0.05043
77	0.00939	0.00786	0.00816	0.00809	0.01061	0.00664	0.00607	0.01156	0.01820	0.02220	0.15209	0.07256	0.60167	0.01917	0.00916	0.00260	0.00389	0.01608	0.00736	0.00664
78	0.01578	0.01381	0.02031	0.12019	0.24241	0.01436	0.01570	0.05285	0.08021	0.02689	0.15837	0.03871	0.11605	0.01167	0.00835	0.00250	0.00712	0.03900	0.00591	0.00981
