[name]
unknown

[dist]
# distance from previous block
# <min> <max>
0	18

[block]
# block no. 0 follows, 26 sequences, length 157
# corresponding to MSA columns:
# 23-179
name=unknown_A
#
# <colnr> <probs for GDERKNQSTAVLIFYWHMCP>
#	G	D	E	R	K	N	Q	S	T	A	V	L	I	F	Y	W	H	M	C	P
0	0.01846	0.01392	0.04199	0.01499	0.04380	0.01349	0.01183	0.19858	0.05313	0.08341	0.19251	0.13197	0.03751	0.01417	0.00859	0.00260	0.00633	0.09566	0.00745	0.00962
1	0.02359	0.02952	0.04808	0.01895	0.02300	0.47292	0.06367	0.02684	0.03812	0.02083	0.08226	0.02179	0.04685	0.00928	0.00816	0.00217	0.04385	0.00679	0.00454	0.00879
2	0.01744	0.01990	0.11259	0.09403	0.06218	0.01805	0.25193	0.02442	0.08421	0.05034	0.04155	0.02145	0.01470	0.00842	0.01041	0.00255	0.10855	0.00778	0.00446	0.04504
3	0.02130	0.01750	0.01852	0.01593	0.02065	0.02000	0.01259	0.19160	0.51717	0.03565	0.02779	0.02584	0.02065	0.01000	0.00769	0.00250	0.00657	0.00815	0.00769	0.01222
4	0.04496	0.68564	0.03816	0.01316	0.01933	0.02932	0.01297	0.02252	0.01518	0.01839	0.01052	0.01235	0.00969	0.00678	0.00566	0.00171	0.03656	0.00416	0.00329	0.00963
5	0.01414	0.00707	0.00707	0.00707	0.00884	0.00707	0.00530	0.01767	0.01591	0.02828	0.02474	0.02828	0.01944	0.00884	0.00530	0.00177	0.00353	0.00707	0.77554	0.00707
6	0.01799	0.01506	0.02235	0.04232	0.08241	0.01309	0.11354	0.02188	0.01657	0.08455	0.01519	0.01785	0.01194	0.00655	0.00732	0.00170	0.03550	0.00584	0.00468	0.46365
7	0.01491	0.07673	0.56164	0.01945	0.02910	0.01693	0.02428	0.02262	0.01672	0.02452	0.10466	0.02133	0.01807	0.00830	0.00730	0.00235	0.00998	0.00662	0.00391	0.01057
8	0.01060	0.00770	0.00998	0.00952	0.01127	0.00708	0.00710	0.01401	0.02099	0.02952	0.62896	0.08823	0.09450	0.01603	0.00898	0.00242	0.00363	0.01417	0.00824	0.00708
9	0.01911	0.01857	0.02830	0.05577	0.28370	0.07380	0.14310	0.02554	0.09741	0.05089	0.06557	0.02281	0.01752	0.00839	0.00899	0.00242	0.05483	0.00779	0.00478	0.01071
10	0.01038	0.00774	0.00965	0.00917	0.01111	0.00701	0.00688	0.01362	0.02063	0.02842	0.56044	0.05994	0.19449	0.01625	0.00895	0.00242	0.00363	0.01418	0.00809	0.00701
11	0.01573	0.01348	0.01573	0.01123	0.01798	0.01011	0.00899	0.01910	0.01573	0.02472	0.01348	0.01573	0.01123	0.00562	0.00562	0.00112	0.00562	0.00449	0.00449	0.77980
12	0.05056	0.01463	0.01317	0.01211	0.01437	0.13501	0.00894	0.07337	0.01826	0.02342	0.14738	0.06568	0.13456	0.17195	0.05027	0.00396	0.03867	0.01056	0.00581	0.00732
13	0.01738	0.02065	0.17274	0.01830	0.02507	0.01510	0.13007	0.08174	0.03596	0.05225	0.04604	0.07135	0.01707	0.00879	0.00816	0.00215	0.03920	0.00772	0.00496	0.22531
14	0.00997	0.00756	0.00919	0.00914	0.01095	0.00678	0.00672	0.01270	0.01914	0.02572	0.40088	0.16473	0.25310	0.01789	0.00906	0.00255	0.00378	0.01561	0.00775	0.00678
15	0.01103	0.00735	0.00827	0.00827	0.00827	0.00735	0.00460	0.01103	0.01103	0.01471	0.02390	0.04964	0.02758	0.73343	0.03861	0.00735	0.00735	0.01103	0.00460	0.00460
16	0.01096	0.00756	0.00889	0.00930	0.00963	0.00756	0.00576	0.01218	0.03563	0.01673	0.02893	0.20382	0.03325	0.51514	0.02970	0.00604	0.00662	0.04161	0.00537	0.00532
17	0.01900	0.01246	0.01450	0.01273	0.01651	0.01290	0.00995	0.02987	0.29668	0.17103	0.21931	0.03939	0.08852	0.01229	0.00815	0.00247	0.00524	0.01043	0.00820	0.01037
18	0.00931	0.00760	0.00824	0.00829	0.01051	0.00652	0.00614	0.01148	0.01779	0.02220	0.18403	0.13131	0.51227	0.01896	0.00903	0.00258	0.00385	0.01611	0.00728	0.00652
19	0.62514	0.01445	0.01251	0.01082	0.01569	0.01612	0.00888	0.02559	0.04492	0.14418	0.01475	0.01533	0.01068	0.00759	0.00533	0.00236	0.00597	0.00490	0.00562	0.00918
20	0.01406	0.00850	0.01104	0.01057	0.01267	0.00787	0.00809	0.01686	0.01894	0.11855	0.33536	0.09916	0.09110	0.10267	0.01261	0.00320	0.00503	0.10853	0.00767	0.00752
21	0.01333	0.00825	0.01079	0.01014	0.01221	0.00756	0.00761	0.01639	0.02005	0.10587	0.47117	0.12340	0.07829	0.04897	0.01028	0.00272	0.00429	0.03301	0.00808	0.00759
22	0.05847	0.02057	0.02205	0.01696	0.02297	0.02265	0.01401	0.60477	0.03408	0.07957	0.01850	0.01836	0.01301	0.00904	0.00748	0.00228	0.00816	0.00676	0.00757	0.01272
23	0.00939	0.00667	0.00876	0.01037	0.01077	0.00626	0.00683	0.01060	0.01422	0.01896	0.04027	0.67040	0.04823	0.08448	0.01216	0.00345	0.00465	0.02066	0.00683	0.00603
24	0.12569	0.01501	0.01740	0.01408	0.01930	0.01526	0.01153	0.18924	0.07386	0.33555	0.02558	0.05558	0.01880	0.01024	0.00747	0.00243	0.00675	0.03654	0.00800	0.01167
25	0.01510	0.03805	0.66771	0.02132	0.03217	0.01727	0.02741	0.02370	0.01607	0.02397	0.01464	0.01871	0.01093	0.00774	0.00733	0.00244	0.01105	0.02999	0.00335	0.01105
26	0.02833	0.03615	0.02149	0.01954	0.02345	0.70298	0.01466	0.03029	0.02149	0.01856	0.01172	0.01368	0.00977	0.00782	0.00684	0.00195	0.01368	0.00489	0.00391	0.00879
27	0.01010	0.00723	0.00915	0.01030	0.01100	0.00688	0.00689	0.03003	0.01512	0.02013	0.06790	0.56119	0.07575	0.11446	0.01329	0.00356	0.00484	0.01918	0.00680	0.00621
28	0.00924	0.00660	0.00880	0.01056	0.01100	0.00616	0.00704	0.01056	0.01452	0.01936	0.04181	0.72848	0.05017	0.02376	0.00968	0.00308	0.00440	0.02156	0.00704	0.00616
29	0.01074	0.00775	0.01014	0.00954	0.01133	0.00716	0.00716	0.01431	0.02147	0.03042	0.68211	0.05666	0.07157	0.01551	0.00895	0.00239	0.00358	0.01372	0.00835	0.00716
30	0.01044	0.00770	0.00976	0.00933	0.01117	0.00702	0.00697	0.01370	0.02063	0.02865	0.57543	0.08578	0.15255	0.01633	0.00898	0.00244	0.00365	0.01434	0.00812	0.00702
31	0.04395	0.00783	0.00974	0.00960	0.01133	0.00734	0.00707	0.01368	0.01947	0.02771	0.48498	0.18178	0.11351	0.01698	0.00890	0.00253	0.00385	0.01495	0.00784	0.00696
32	0.03384	0.01321	0.01779	0.01364	0.01951	0.01159	0.01127	0.05939	0.02221	0.66823	0.02950	0.02554	0.01856	0.00938	0.00763	0.00234	0.00652	0.00760	0.00932	0.01291
33	0.01066	0.00775	0.01003	0.00946	0.01128	0.00712	0.00710	0.01417	0.02129	0.02999	0.65589	0.05737	0.09806	0.01567	0.00895	0.00239	0.00359	0.01382	0.00829	0.00712
34	0.01011	0.00827	0.00875	0.00859	0.01113	0.00728	0.00652	0.03951	0.01838	0.02263	0.12845	0.09307	0.55336	0.01865	0.00898	0.00258	0.00413	0.03565	0.00719	0.00677
35	0.03621	0.01289	0.02009	0.36819	0.12481	0.01502	0.01693	0.04393	0.01551	0.02160	0.01643	0.06719	0.01431	0.01268	0.04199	0.06669	0.03609	0.00771	0.05337	0.00835
36	0.02778	0.03337	0.02134	0.01907	0.02322	0.59052	0.01446	0.09462	0.06463	0.02236	0.01361	0.01507	0.01094	0.00811	0.00697	0.00203	0.01265	0.00532	0.00452	0.00941
37	0.01642	0.01528	0.02500	0.42071	0.26191	0.01705	0.02080	0.04348	0.01664	0.02255	0.01391	0.01938	0.01092	0.00723	0.00743	0.00234	0.00939	0.00661	0.00372	0.05922
38	0.02772	0.03499	0.02209	0.02127	0.06591	0.65909	0.01521	0.02984	0.02122	0.01896	0.01189	0.01400	0.00991	0.00775	0.00688	0.00197	0.01338	0.00501	0.00390	0.00900
39	0.00924	0.00660	0.00880	0.01056	0.01100	0.00616	0.00704	0.01056	0.01452	0.01936	0.04181	0.72848	0.05017	0.02376	0.00968	0.00308	0.00440	0.02156	0.00704	0.00616
40	0.01659	0.01659	0.02323	0.01991	0.01991	0.02323	0.01659	0.01825	0.01162	0.01825	0.00996	0.01659	0.00996	0.01328	0.02489	0.00332	0.71955	0.00664	0.00332	0.00830
41	0.02883	0.02125	0.02276	0.01745	0.02352	0.02352	0.01442	0.66082	0.03566	0.04780	0.01821	0.01821	0.01290	0.00911	0.00759	0.00228	0.00835	0.00683	0.00759	0.01290
42	0.01567	0.01348	0.01600	0.03877	0.01932	0.01037	0.00946	0.01911	0.01571	0.02451	0.01348	0.01590	0.01119	0.00569	0.00569	0.00118	0.00579	0.00458	0.00445	0.74963
43	0.01222	0.00873	0.01222	0.01397	0.01572	0.00873	0.01222	0.01572	0.01746	0.02270	0.04016	0.08556	0.04365	0.02095	0.01048	0.00349	0.00698	0.63506	0.00698	0.00698
44	0.01084	0.00810	0.01205	0.01205	0.01336	0.00940	0.00931	0.01345	0.01215	0.01750	0.02045	0.03051	0.01927	0.08121	0.67947	0.01202	0.01985	0.00823	0.00408	0.00669
45	0.04923	0.00754	0.00785	0.00807	0.00989	0.00762	0.00619	0.01725	0.01583	0.02745	0.02663	0.07777	0.02316	0.01084	0.00604	0.00204	0.00402	0.06658	0.61894	0.00706
46	0.01103	0.00735	0.00827	0.00827	0.00827	0.00735	0.00460	0.01103	0.01103	0.01471	0.02390	0.04964	0.02758	0.73343	0.03861	0.00735	0.00735	0.01103	0.00460	0.00460
47	0.00932	0.00780	0.00817	0.00836	0.01084	0.00665	0.00646	0.01141	0.01731	0.02073	0.07288	0.07435	0.61403	0.01940	0.00913	0.00266	0.00418	0.08283	0.00704	0.00647
48	0.04763	0.00740	0.00725	0.00720	0.00909	0.00750	0.00543	0.01787	0.01578	0.02853	0.02413	0.02759	0.01896	0.00876	0.00528	0.00179	0.00364	0.00694	0.74214	0.00712
49	0.02874	0.02413	0.02252	0.01786	0.02351	0.15513	0.01446	0.53870	0.03292	0.04214	0.01695	0.01733	0.01229	0.00886	0.00744	0.00221	0.00938	0.00645	0.00688	0.01210
50	0.00924	0.00660	0.00880	0.01056	0.01100	0.00616	0.00704	0.01056	0.01452	0.01936	0.04181	0.72848	0.05017	0.02376	0.00968	0.00308	0.00440	0.02156	0.00704	0.00616
51	0.03403	0.01291	0.01760	0.01350	0.01936	0.01115	0.01115	0.03697	0.02171	0.69137	0.02992	0.02582	0.01878	0.00939	0.00763	0.00235	0.00645	0.00763	0.00939	0.01291
52	0.06149	0.01179	0.01522	0.01260	0.01710	0.01086	0.01005	0.03034	0.06874	0.44340	0.11510	0.11618	0.02934	0.01192	0.00792	0.00246	0.00577	0.01005	0.00862	0.01105
53	0.01103	0.00735	0.00827	0.00827	0.00827	0.00735	0.00460	0.01103	0.01103	0.01471	0.02390	0.04964	0.02758	0.73343	0.03861	0.00735	0.00735	0.01103	0.00460	0.00460
54	0.02792	0.03546	0.02156	0.01955	0.02332	0.67893	0.01472	0.02986	0.02115	0.01855	0.01166	0.01378	0.00978	0.00801	0.00748	0.00200	0.03865	0.00495	0.00389	0.00878
55	0.01849	0.01590	0.01683	0.01516	0.01934	0.01832	0.01178	0.03910	0.64227	0.03167	0.06103	0.02961	0.02540	0.01053	0.00777	0.00256	0.00589	0.00881	0.00775	0.01178
56	0.00953	0.00766	0.00855	0.00878	0.01092	0.00667	0.00662	0.01177	0.01767	0.02213	0.16761	0.14368	0.46614	0.01925	0.00916	0.00266	0.00410	0.06333	0.00725	0.00654
57	0.03149	0.01698	0.02012	0.01543	0.02139	0.01719	0.01274	0.34155	0.02852	0.37717	0.02421	0.02210	0.01591	0.00925	0.00761	0.00231	0.00738	0.00724	0.00851	0.01290
58	0.02883	0.02125	0.02276	0.01745	0.02352	0.02352	0.01442	0.66082	0.03566	0.04780	0.01821	0.01821	0.01290	0.00911	0.00759	0.00228	0.00835	0.00683	0.00759	0.01290
59	0.00959	0.00684	0.00902	0.01028	0.01094	0.00639	0.00695	0.01125	0.01560	0.02113	0.15528	0.57790	0.05297	0.05435	0.01086	0.00315	0.00439	0.01969	0.00716	0.00627
60	0.02180	0.01606	0.01715	0.01444	0.01895	0.01779	0.01151	0.24374	0.30318	0.06653	0.02743	0.02653	0.04451	0.00998	0.00735	0.00234	0.00635	0.00800	0.12499	0.01138
61	0.01835	0.01743	0.02960	0.04447	0.64316	0.01743	0.02257	0.02279	0.01728	0.02465	0.01593	0.02305	0.01404	0.00767	0.00770	0.00233	0.00888	0.04702	0.00396	0.01169
62	0.02206	0.01552	0.01728	0.01507	0.01965	0.01711	0.01194	0.06356	0.49079	0.16454	0.03053	0.02961	0.02266	0.01047	0.00780	0.00255	0.00623	0.03259	0.00802	0.01203
63	0.01250	0.00666	0.00942	0.00972	0.00994	0.00658	0.00649	0.01065	0.01119	0.01548	0.01940	0.14588	0.02055	0.04967	0.02461	0.55711	0.00600	0.00936	0.06466	0.00413
64	0.01521	0.03923	0.69413	0.02162	0.03283	0.01762	0.02802	0.02402	0.01601	0.02402	0.01361	0.01601	0.00961	0.00721	0.00721	0.00240	0.01121	0.00560	0.00320	0.01121
65	0.02701	0.03166	0.02100	0.01872	0.02291	0.53049	0.01424	0.09924	0.11793	0.02361	0.01521	0.01630	0.01206	0.00832	0.00705	0.00208	0.01199	0.00563	0.00486	0.00970
66	0.00978	0.00755	0.00889	0.00962	0.01107	0.00696	0.00675	0.01239	0.04642	0.02110	0.10716	0.38671	0.27043	0.04596	0.01030	0.00297	0.00431	0.01799	0.00710	0.00655
67	0.01182	0.00844	0.01176	0.01350	0.01507	0.00838	0.01152	0.01501	0.01706	0.02224	0.04039	0.17335	0.04454	0.02134	0.01037	0.00344	0.00663	0.55129	0.00699	0.00687
68	0.00933	0.00723	0.00855	0.00954	0.01100	0.00645	0.00685	0.01107	0.01594	0.02009	0.05701	0.39634	0.32646	0.02157	0.00942	0.00288	0.00434	0.06255	0.00704	0.00633
69	0.01462	0.00880	0.01146	0.01056	0.01294	0.00817	0.00799	0.01858	0.04881	0.13487	0.46584	0.13823	0.05822	0.01538	0.00878	0.00248	0.00425	0.01354	0.00832	0.00816
70	0.01047	0.00715	0.00840	0.00889	0.00909	0.00699	0.00531	0.01090	0.01219	0.01618	0.03052	0.23899	0.05417	0.51411	0.02965	0.00602	0.00642	0.01411	0.00535	0.00509
71	0.02654	0.01481	0.02020	0.10753	0.11045	0.01485	0.01426	0.11591	0.07441	0.35074	0.02631	0.02539	0.04490	0.00927	0.00767	0.00238	0.00736	0.00773	0.00741	0.01187
72	0.02111	0.55757	0.11635	0.01452	0.02136	0.07455	0.01480	0.02432	0.01632	0.06180	0.01224	0.01361	0.01030	0.00686	0.00547	0.00179	0.00877	0.00453	0.00368	0.01005
73	0.02264	0.01209	0.01488	0.01275	0.01668	0.03311	0.01027	0.04954	0.06968	0.31146	0.24106	0.04180	0.03838	0.01263	0.00834	0.00249	0.00585	0.07773	0.00843	0.01020
74	0.78701	0.01467	0.01115	0.00997	0.01467	0.01702	0.00821	0.02230	0.01291	0.03403	0.01056	0.01232	0.00821	0.00704	0.00469	0.00235	0.00587	0.00411	0.00469	0.00821
75	0.01684	0.01740	0.02912	0.08681	0.02850	0.02134	0.20034	0.02087	0.03724	0.02056	0.01256	0.01845	0.01088	0.01068	0.01814	0.00300	0.42725	0.00738	0.00363	0.00899
76	0.00924	0.00660	0.00880	0.01056	0.01100	0.00616	0.00704	0.01056	0.01452	0.01936	0.04181	0.72848	0.05017	0.02376	0.00968	0.00308	0.00440	0.02156	0.00704	0.00616
77	0.02079	0.17703	0.22969	0.05108	0.04889	0.23940	0.08463	0.02556	0.01784	0.02087	0.01257	0.01521	0.00998	0.00717	0.00682	0.00212	0.01141	0.00549	0.00353	0.00994
78	0.02095	0.01757	0.02453	0.10613	0.29097	0.01886	0.01812	0.23725	0.06508	0.03203	0.01893	0.05429	0.01590	0.00924	0.00778	0.00240	0.00842	0.03456	0.00554	0.01143
79	0.01490	0.01378	0.02183	0.42994	0.10765	0.01595	0.04334	0.02177	0.10385	0.02232	0.04914	0.05727	0.04757	0.00943	0.00787	0.00253	0.00872	0.00848	0.00456	0.00910
80	0.71882	0.07900	0.01369	0.01024	0.01510	0.01817	0.00864	0.02233	0.01313	0.03259	0.01056	0.01231	0.00835	0.00699	0.00471	0.00228	0.00607	0.00410	0.00457	0.00835
81	0.02071	0.10866	0.04965	0.01558	0.05021	0.01746	0.01245	0.18659	0.10695	0.08083	0.02106	0.08176	0.01806	0.06058	0.00929	0.00248	0.00716	0.00788	0.00606	0.13657
82	0.02253	0.01686	0.01865	0.01490	0.01931	0.01822	0.01179	0.40876	0.02679	0.03638	0.01983	0.06891	0.01755	0.13707	0.01384	0.00316	0.04334	0.00827	0.00650	0.08735
83	0.01410	0.03138	0.52342	0.01861	0.02746	0.01501	0.02282	0.02160	0.01738	0.02562	0.18046	0.02616	0.02507	0.00928	0.00764	0.00240	0.00931	0.00763	0.00449	0.01020
84	0.01517	0.01303	0.01680	0.18269	0.05192	0.01486	0.01341	0.02641	0.30351	0.02513	0.02908	0.20045	0.02698	0.01320	0.00826	0.00271	0.00675	0.03379	0.00633	0.00953
85	0.01893	0.06310	0.02776	0.17231	0.37742	0.07474	0.02040	0.04307	0.04046	0.02331	0.01411	0.01842	0.01160	0.00761	0.00843	0.00232	0.05495	0.00649	0.00389	0.01068
86	0.01096	0.00774	0.00957	0.01014	0.01167	0.00719	0.00720	0.01379	0.04706	0.05117	0.15737	0.41515	0.18228	0.02016	0.00923	0.00280	0.00431	0.01787	0.00740	0.00694
87	0.02028	0.73799	0.03975	0.01298	0.01947	0.03001	0.01298	0.02271	0.01541	0.01785	0.01055	0.01217	0.00973	0.00649	0.00487	0.00162	0.00811	0.00406	0.00324	0.00973
88	0.02066	0.65527	0.03767	0.04125	0.02107	0.08135	0.01343	0.02316	0.01587	0.01796	0.01075	0.01260	0.00975	0.00663	0.00513	0.00168	0.00862	0.00423	0.00330	0.00961
89	0.01132	0.00791	0.01010	0.00962	0.01160	0.00721	0.00727	0.01457	0.02055	0.05187	0.53808	0.08542	0.14511	0.01625	0.00898	0.00247	0.00385	0.03248	0.00813	0.00722
90	0.01211	0.00926	0.01161	0.01248	0.01469	0.00921	0.01048	0.01717	0.08770	0.02349	0.07548	0.07527	0.19074	0.01917	0.00976	0.00313	0.00600	0.39772	0.00714	0.00739
91	0.02028	0.73799	0.03975	0.01298	0.01947	0.03001	0.01298	0.02271	0.01541	0.01785	0.01055	0.01217	0.00973	0.00649	0.00487	0.00162	0.00811	0.00406	0.00324	0.00973
92	0.02650	0.01941	0.02088	0.01654	0.02210	0.02151	0.01349	0.48255	0.17016	0.07168	0.02161	0.02099	0.01553	0.00936	0.00755	0.00233	0.00762	0.00724	0.03041	0.01254
93	0.00924	0.00660	0.00880	0.01056	0.01100	0.00616	0.00704	0.01056	0.01452	0.01936	0.04181	0.72848	0.05017	0.02376	0.00968	0.00308	0.00440	0.02156	0.00704	0.00616
94	0.00924	0.00660	0.00880	0.01056	0.01100	0.00616	0.00704	0.01056	0.01452	0.01936	0.04181	0.72848	0.05017	0.02376	0.00968	0.00308	0.00440	0.02156	0.00704	0.00616
95	0.01414	0.00707	0.00707	0.00707	0.00884	0.00707	0.00530	0.01767	0.01591	0.02828	0.02474	0.02828	0.01944	0.00884	0.00530	0.00177	0.00353	0.00707	0.77554	0.00707
96	0.01265	0.00922	0.01254	0.01406	0.01597	0.00938	0.01221	0.01729	0.05943	0.02328	0.03957	0.08189	0.04234	0.02027	0.01030	0.00343	0.00692	0.59492	0.00703	0.00731
97	0.02750	0.01996	0.02134	0.01651	0.02219	0.02203	0.01359	0.60261	0.03387	0.04604	0.01880	0.01912	0.01349	0.00908	0.00738	0.00223	0.00791	0.00685	0.07709	0.01237
98	0.01094	0.00732	0.00830	0.00839	0.00841	0.00729	0.00472	0.01101	0.01121	0.01494	0.02480	0.08371	0.02871	0.69781	0.03715	0.00714	0.00721	0.01156	0.00472	0.00467
99	0.01069	0.00835	0.01106	0.01080	0.01271	0.00781	0.03303	0.01424	0.04854	0.02487	0.30115	0.24596	0.18094	0.01816	0.00916	0.00267	0.00447	0.04085	0.00746	0.00707
100	0.75275	0.01497	0.01167	0.01031	0.01507	0.01731	0.00849	0.05115	0.01394	0.03465	0.01091	0.01259	0.00843	0.00713	0.00482	0.00234	0.00598	0.00423	0.00482	0.00843
101	0.02777	0.02042	0.02184	0.01692	0.02272	0.02261	0.01392	0.60630	0.06217	0.04627	0.01904	0.01908	0.01362	0.00914	0.00749	0.00227	0.00804	0.00691	0.04086	0.01261
102	0.00938	0.00763	0.00788	0.00785	0.00995	0.00659	0.00562	0.01104	0.01639	0.01989	0.09086	0.06843	0.54894	0.13990	0.01398	0.00337	0.00443	0.01508	0.00668	0.00613
103	0.01390	0.00916	0.01002	0.00931	0.01040	0.00947	0.00602	0.09877	0.01509	0.02126	0.02327	0.04208	0.02434	0.52262	0.02922	0.00580	0.00688	0.00985	0.12648	0.00609
104	0.02883	0.02125	0.02276	0.01745	0.02352	0.02352	0.01442	0.66082	0.03566	0.04780	0.01821	0.01821	0.01290	0.00911	0.00759	0.00228	0.00835	0.00683	0.00759	0.01290
105	0.01069	0.00736	0.00822	0.00830	0.00865	0.00718	0.00486	0.01099	0.01198	0.01565	0.03139	0.08401	0.11113	0.61066	0.03354	0.00655	0.00677	0.01214	0.00502	0.00490
106	0.01025	0.00735	0.00956	0.01099	0.01173	0.00705	0.00755	0.04084	0.01560	0.02079	0.04066	0.67467	0.04823	0.02299	0.00961	0.00306	0.00467	0.04084	0.00706	0.00650
107	0.03185	0.01273	0.01710	0.01333	0.01886	0.01124	0.01093	0.03567	0.05119	0.61912	0.07176	0.02791	0.02236	0.00982	0.00772	0.00236	0.00625	0.00806	0.00925	0.01250
108	0.00896	0.00768	0.00768	0.00768	0.01025	0.00640	0.00576	0.01089	0.01729	0.02049	0.07684	0.07300	0.68304	0.01921	0.00896	0.00256	0.00384	0.01601	0.00704	0.00640
109	0.03403	0.01291	0.01760	0.01350	0.01936	0.01115	0.01115	0.03697	0.02171	0.69137	0.02992	0.02582	0.01878	0.00939	0.00763	0.00235	0.00645	0.00763	0.00939	0.01291
110	0.01253	0.00815	0.01071	0.00985	0.01195	0.00746	0.00746	0.01606	0.02149	0.08135	0.63185	0.05428	0.06750	0.01504	0.00884	0.00238	0.00380	0.01325	0.00843	0.00760
111	0.02028	0.73799	0.03975	0.01298	0.01947	0.03001	0.01298	0.02271	0.01541	0.01785	0.01055	0.01217	0.00973	0.00649	0.00487	0.00162	0.00811	0.00406	0.00324	0.00973
112	0.01432	0.01348	0.02275	0.71520	0.05224	0.01685	0.02107	0.01938	0.01517	0.01938	0.01348	0.02022	0.01011	0.00758	0.00758	0.00253	0.01011	0.00674	0.00337	0.00843
113	0.01084	0.00813	0.01219	0.01219	0.01354	0.00948	0.00948	0.01354	0.01219	0.01761	0.02032	0.02980	0.01896	0.05689	0.70337	0.01219	0.02032	0.00813	0.00406	0.00677
114	0.00935	0.00770	0.00822	0.00809	0.01048	0.00657	0.00607	0.01163	0.01820	0.02264	0.20805	0.06946	0.55048	0.01841	0.00896	0.00252	0.00378	0.01551	0.00733	0.00657
115	0.02023	0.01697	0.01792	0.01571	0.02024	0.01950	0.01234	0.12504	0.58547	0.03392	0.02914	0.02692	0.02175	0.01013	0.00770	0.00253	0.00632	0.00834	0.00770	0.01213
116	0.00905	0.00769	0.00780	0.00777	0.01030	0.00644	0.00583	0.01104	0.01748	0.02095	0.10471	0.07225	0.65489	0.01904	0.00896	0.00255	0.00383	0.01590	0.00710	0.00644
117	0.01103	0.00735	0.00827	0.00827	0.00827	0.00735	0.00460	0.01103	0.01103	0.01471	0.02390	0.04964	0.02758	0.73343	0.03861	0.00735	0.00735	0.01103	0.00460	0.00460
118	0.01659	0.01659	0.02323	0.01991	0.01991	0.02323	0.01659	0.01825	0.01162	0.01825	0.00996	0.01659	0.00996	0.01328	0.02489	0.00332	0.71955	0.00664	0.00332	0.00830
119	0.03403	0.01291	0.01760	0.01350	0.01936	0.01115	0.01115	0.03697	0.02171	0.69137	0.02992	0.02582	0.01878	0.00939	0.00763	0.00235	0.00645	0.00763	0.00939	0.01291
120	0.00924	0.00660	0.00880	0.01056	0.01100	0.00616	0.00704	0.01056	0.01452	0.01936	0.04181	0.72848	0.05017	0.02376	0.00968	0.00308	0.00440	0.02156	0.00704	0.00616
121	0.01465	0.01407	0.02426	0.64241	0.05016	0.01725	0.06419	0.01967	0.01522	0.01967	0.01347	0.02010	0.01020	0.00772	0.00833	0.00256	0.03722	0.00689	0.00340	0.00854
122	0.01084	0.00813	0.01219	0.01219	0.01354	0.00948	0.00948	0.01354	0.01219	0.01761	0.02032	0.02980	0.01896	0.05689	0.70337	0.01219	0.02032	0.00813	0.00406	0.00677
123	0.01659	0.01659	0.02323	0.01991	0.01991	0.02323	0.01659	0.01825	0.01162	0.01825	0.00996	0.01659	0.00996	0.01328	0.02489	0.00332	0.71955	0.00664	0.00332	0.00830
124	0.02494	0.02994	0.02016	0.01916	0.04701	0.51622	0.01406	0.02958	0.10184	0.02138	0.05843	0.02169	0.01701	0.00917	0.00727	0.00214	0.01160	0.03445	0.00480	0.00913
125	0.00902	0.00746	0.00792	0.00828	0.01040	0.00635	0.00603	0.01082	0.01672	0.02026	0.06958	0.20875	0.55197	0.02015	0.00911	0.00267	0.00396	0.01716	0.00704	0.00635
126	0.01205	0.00862	0.01198	0.01346	0.01521	0.00855	0.01164	0.01555	0.01792	0.02358	0.11351	0.08226	0.04684	0.02033	0.01030	0.00337	0.00660	0.56407	0.00714	0.00700
127	0.01887	0.01629	0.01715	0.01544	0.01972	0.01887	0.01201	0.04031	0.67241	0.03173	0.03087	0.02830	0.02315	0.01029	0.00772	0.00257	0.00600	0.00858	0.00772	0.01201
128	0.01261	0.00896	0.01205	0.01341	0.01529	0.00906	0.01155	0.01701	0.05041	0.02384	0.06652	0.07776	0.04228	0.01941	0.00994	0.00329	0.00657	0.53646	0.05632	0.00725
129	0.01577	0.01550	0.02844	0.43475	0.13476	0.01718	0.17103	0.02101	0.01613	0.02163	0.01447	0.02039	0.01106	0.00724	0.00781	0.00247	0.01034	0.00728	0.03345	0.00929
130	0.01432	0.01348	0.02275	0.71520	0.05224	0.01685	0.02107	0.01938	0.01517	0.01938	0.01348	0.02022	0.01011	0.00758	0.00758	0.00253	0.01011	0.00674	0.00337	0.00843
131	0.02222	0.01413	0.01632	0.01406	0.01847	0.01499	0.01109	0.03576	0.39153	0.22601	0.11969	0.03145	0.02849	0.01074	0.00786	0.00248	0.00580	0.00900	0.00830	0.01161
132	0.25082	0.01265	0.01503	0.05909	0.09033	0.01316	0.01103	0.02322	0.04987	0.15838	0.10876	0.08965	0.06660	0.01100	0.00717	0.00244	0.00605	0.00901	0.00641	0.00932
133	0.04630	0.01189	0.01479	0.01224	0.01658	0.01122	0.00979	0.05350	0.09265	0.34710	0.19907	0.03739	0.09070	0.01183	0.00800	0.00240	0.00550	0.00988	0.00852	0.01063
134	0.01182	0.00898	0.00980	0.00929	0.01208	0.00817	0.00716	0.04399	0.04865	0.05290	0.15913	0.06450	0.47441	0.01743	0.00885	0.00255	0.00436	0.04114	0.00739	0.00738
135	0.00924	0.00660	0.00880	0.01056	0.01100	0.00616	0.00704	0.01056	0.01452	0.01936	0.04181	0.72848	0.05017	0.02376	0.00968	0.00308	0.00440	0.02156	0.00704	0.00616
136	0.39415	0.01374	0.01354	0.01144	0.01602	0.01464	0.00924	0.07588	0.04258	0.19421	0.06603	0.02383	0.04364	0.04178	0.00775	0.00259	0.00604	0.00680	0.00653	0.00957
137	0.08884	0.01169	0.01312	0.01210	0.01535	0.01215	0.00938	0.05343	0.18208	0.11238	0.11817	0.14089	0.10942	0.03555	0.00909	0.00276	0.00547	0.05158	0.00741	0.00915
138	0.00960	0.00824	0.00829	0.00818	0.01085	0.00720	0.00616	0.01277	0.05927	0.02121	0.07389	0.07013	0.64076	0.01864	0.00888	0.00256	0.00398	0.01553	0.00709	0.00676
139	0.01318	0.00659	0.00988	0.00988	0.00988	0.00659	0.00659	0.00988	0.00988	0.01318	0.01318	0.02306	0.01318	0.02635	0.02964	0.77931	0.00659	0.00659	0.00329	0.00329
140	0.02174	0.01378	0.01594	0.01368	0.01800	0.01438	0.01087	0.08180	0.29290	0.20987	0.11707	0.03565	0.07820	0.01163	0.00802	0.00249	0.00586	0.02882	0.00817	0.01112
141	0.01488	0.01094	0.01258	0.01210	0.01445	0.01151	0.00883	0.06011	0.21434	0.05882	0.08423	0.27527	0.06619	0.10495	0.01235	0.00329	0.00550	0.01392	0.00719	0.00855
142	0.03599	0.00789	0.00786	0.00760	0.00963	0.00805	0.00577	0.04544	0.01667	0.02928	0.02407	0.02741	0.01885	0.00880	0.00538	0.00181	0.00381	0.00698	0.72138	0.00735
143	0.64711	0.01499	0.01274	0.01093	0.01586	0.01688	0.00901	0.07309	0.01561	0.10622	0.01325	0.01424	0.00972	0.00745	0.00523	0.00234	0.00612	0.00470	0.00542	0.00908
144	0.11437	0.00986	0.01107	0.01046	0.01284	0.01019	0.00787	0.01907	0.11982	0.02953	0.39406	0.09794	0.05052	0.04239	0.00930	0.00264	0.00447	0.01194	0.03380	0.00786
145	0.02413	0.01731	0.01910	0.01561	0.02029	0.01887	0.01247	0.44144	0.08413	0.06800	0.02393	0.14929	0.02084	0.01246	0.00870	0.02773	0.00729	0.00969	0.00744	0.01128
146	0.39832	0.01409	0.01468	0.01195	0.01726	0.01448	0.00986	0.05453	0.01800	0.34773	0.02009	0.01898	0.01343	0.00824	0.00621	0.00234	0.00625	0.00589	0.00704	0.01064
147	0.01716	0.00922	0.01203	0.01084	0.01373	0.00830	0.00848	0.02015	0.02005	0.21285	0.32651	0.07899	0.11640	0.04308	0.00990	0.00271	0.00490	0.06799	0.00818	0.00853
148	0.00959	0.00686	0.00887	0.01009	0.01075	0.00641	0.00677	0.01109	0.01517	0.02033	0.12092	0.55176	0.07784	0.09083	0.01234	0.00338	0.00456	0.01934	0.00697	0.00614
149	0.01225	0.00889	0.01215	0.01372	0.01557	0.00890	0.01192	0.01616	0.03511	0.02284	0.04160	0.08344	0.07254	0.02059	0.01033	0.00342	0.00681	0.58967	0.00701	0.00709
150	0.01012	0.00773	0.00929	0.00890	0.01095	0.00689	0.00667	0.01312	0.02002	0.02696	0.47162	0.06234	0.28422	0.01679	0.00895	0.00245	0.00367	0.01451	0.00790	0.00689
151	0.11775	0.01363	0.01952	0.23740	0.10869	0.01477	0.03591	0.05158	0.03540	0.11417	0.07274	0.05274	0.05040	0.01000	0.00761	0.00249	0.00772	0.03248	0.00554	0.00946
152	0.01094	0.00732	0.00830	0.00839	0.00841	0.00729	0.00472	0.01101	0.01121	0.01494	0.02480	0.08371	0.02871	0.69781	0.03715	0.00714	0.00721	0.01156	0.00472	0.00467
153	0.01283	0.00864	0.00958	0.00908	0.00972	0.00885	0.00555	0.07213	0.01355	0.01839	0.02340	0.04577	0.02585	0.63426	0.03426	0.00664	0.00728	0.01047	0.03827	0.00548
154	0.01844	0.27490	0.22241	0.05100	0.02674	0.04497	0.07387	0.02303	0.01555	0.04224	0.01254	0.01559	0.01020	0.00802	0.00954	0.00229	0.12955	0.00562	0.00352	0.00997
155	0.02423	0.01422	0.01616	0.01335	0.01733	0.03727	0.01030	0.16259	0.09119	0.25859	0.02496	0.03036	0.01996	0.19828	0.04350	0.00403	0.00785	0.00836	0.00719	0.01028
156	0.02383	0.01610	0.02271	0.02621	0.25983	0.04470	0.03637	0.03000	0.11451	0.25433	0.04526	0.02495	0.01851	0.03765	0.00889	0.00254	0.00777	0.00772	0.00647	0.01166

[dist]
# distance from previous block
# <min> <max>
0	1

[block]
# block no. 1 follows, 26 sequences, length 42
# corresponding to MSA columns:
# 181-222
name=unknown_B
#
# <colnr> <probs for GDERKNQSTAVLIFYWHMCP>
#	G	D	E	R	K	N	Q	S	T	A	V	L	I	F	Y	W	H	M	C	P
0	0.01409	0.00919	0.01106	0.01045	0.01208	0.00932	0.00727	0.01833	0.10603	0.08482	0.15633	0.09577	0.03592	0.32288	0.06915	0.00525	0.00701	0.01149	0.00637	0.00718
1	0.01111	0.00804	0.00906	0.00862	0.01116	0.00694	0.00653	0.01360	0.01883	0.06670	0.25594	0.06504	0.45625	0.01746	0.00887	0.00249	0.00393	0.01478	0.00759	0.00705
2	0.01433	0.01175	0.01792	0.04878	0.20476	0.01195	0.01547	0.01882	0.04134	0.02374	0.05264	0.06142	0.03373	0.01592	0.00939	0.00304	0.00752	0.39283	0.00602	0.00863
3	0.01105	0.00912	0.00964	0.00932	0.01209	0.00846	0.00720	0.04386	0.07453	0.02349	0.10683	0.06641	0.51495	0.01785	0.00889	0.00260	0.00442	0.05480	0.00721	0.00727
4	0.01307	0.00776	0.00841	0.00843	0.00974	0.00796	0.00584	0.01655	0.05654	0.02351	0.02587	0.08271	0.02411	0.22014	0.04678	0.00398	0.00561	0.00935	0.41704	0.00660
5	0.01096	0.00732	0.00829	0.00836	0.00838	0.00731	0.00469	0.01101	0.01117	0.01489	0.02461	0.07642	0.02847	0.70543	0.03747	0.00719	0.00724	0.01145	0.00469	0.00466
6	0.00993	0.00765	0.00908	0.00888	0.01088	0.00679	0.00660	0.01270	0.01934	0.02573	0.39858	0.10940	0.31197	0.01754	0.00900	0.00250	0.00374	0.01516	0.00774	0.00679
7	0.01398	0.00884	0.01096	0.01000	0.01250	0.00829	0.00765	0.01846	0.06301	0.10483	0.45273	0.05103	0.12486	0.01439	0.00846	0.00237	0.00409	0.01246	0.06305	0.00804
8	0.01024	0.00713	0.00896	0.00984	0.01033	0.00686	0.00649	0.01143	0.01410	0.01893	0.09703	0.37235	0.04351	0.28386	0.02030	0.00461	0.00557	0.05646	0.00626	0.00573
9	0.01089	0.00738	0.00823	0.00823	0.00841	0.00729	0.00468	0.01102	0.01146	0.01511	0.02755	0.05125	0.07272	0.68424	0.03656	0.00702	0.00711	0.01137	0.00476	0.00472
10	0.01007	0.00734	0.00885	0.00930	0.01040	0.00682	0.00637	0.01174	0.01581	0.02092	0.18231	0.25389	0.17820	0.20097	0.01674	0.00392	0.00495	0.03862	0.00670	0.00606
11	0.01338	0.00960	0.01128	0.01063	0.01314	0.00942	0.00798	0.01964	0.14486	0.07239	0.29274	0.12588	0.18452	0.03826	0.00963	0.00269	0.00451	0.01357	0.00776	0.00814
12	0.02872	0.01739	0.01969	0.01528	0.02079	0.01826	0.01251	0.41433	0.02944	0.23091	0.02224	0.02212	0.01553	0.03225	0.00842	0.00242	0.00743	0.00721	0.06283	0.01222
13	0.00937	0.00665	0.00876	0.01040	0.01081	0.00625	0.00687	0.01059	0.01427	0.01903	0.04053	0.68002	0.04855	0.07443	0.01175	0.00339	0.00461	0.02081	0.00687	0.00605
14	0.03859	0.00954	0.01212	0.01104	0.01372	0.00887	0.00827	0.04324	0.01896	0.21092	0.21324	0.22048	0.06294	0.07900	0.01122	0.00300	0.00517	0.01339	0.00780	0.00849
15	0.01168	0.00791	0.00966	0.01000	0.01162	0.00731	0.00713	0.01417	0.03839	0.06794	0.13407	0.32802	0.19619	0.08742	0.01197	0.00321	0.00471	0.03452	0.00717	0.00689
16	0.00951	0.00816	0.00821	0.00811	0.01077	0.00709	0.00611	0.01251	0.05339	0.02111	0.07431	0.07053	0.64667	0.01872	0.00890	0.00256	0.00396	0.01560	0.00708	0.00671
17	0.01170	0.00690	0.00811	0.00893	0.01006	0.00676	0.00630	0.01417	0.01509	0.02363	0.03249	0.35463	0.03374	0.01800	0.03948	0.00286	0.00471	0.01387	0.38192	0.00663
18	0.01131	0.00805	0.00922	0.00912	0.01007	0.00768	0.00576	0.03067	0.01336	0.01781	0.03180	0.17958	0.09593	0.45710	0.02703	0.00550	0.00635	0.01301	0.00539	0.05527
19	0.00924	0.00660	0.00880	0.01056	0.01100	0.00616	0.00704	0.01056	0.01452	0.01936	0.04181	0.72848	0.05017	0.02376	0.00968	0.00308	0.00440	0.02156	0.00704	0.00616
20	0.01084	0.00813	0.01219	0.01219	0.01354	0.00948	0.00948	0.01354	0.01219	0.01761	0.02032	0.02980	0.01896	0.05689	0.70337	0.01219	0.02032	0.00813	0.00406	0.00677
21	0.11572	0.00903	0.01067	0.00990	0.01232	0.00876	0.00761	0.01665	0.01970	0.07255	0.47989	0.05037	0.08494	0.03510	0.00921	0.00257	0.00432	0.03541	0.00771	0.00756
22	0.01353	0.01204	0.01716	0.01561	0.01627	0.01579	0.01258	0.01563	0.01187	0.01778	0.01565	0.02454	0.01515	0.06706	0.35725	0.00784	0.34557	0.00756	0.00374	0.00738
23	0.01190	0.00863	0.01177	0.01335	0.01517	0.00850	0.01158	0.01524	0.01744	0.02248	0.04379	0.08432	0.10692	0.02078	0.01033	0.00340	0.00667	0.57381	0.00699	0.00693
24	0.01103	0.00735	0.00827	0.00827	0.00827	0.00735	0.00460	0.01103	0.01103	0.01471	0.02390	0.04964	0.02758	0.73343	0.03861	0.00735	0.00735	0.01103	0.00460	0.00460
25	0.01107	0.00838	0.01226	0.01315	0.01468	0.00806	0.04447	0.01369	0.01619	0.02122	0.04123	0.36392	0.07421	0.02132	0.00998	0.00322	0.00602	0.30332	0.00684	0.00677
26	0.00944	0.00674	0.00903	0.01079	0.01131	0.00633	0.00738	0.01090	0.01472	0.01958	0.04170	0.68588	0.04974	0.02358	0.00973	0.00311	0.00457	0.06221	0.00704	0.00622
27	0.03403	0.01291	0.01760	0.01350	0.01936	0.01115	0.01115	0.03697	0.02171	0.69137	0.02992	0.02582	0.01878	0.00939	0.00763	0.00235	0.00645	0.00763	0.00939	0.01291
28	0.01452	0.01387	0.02396	0.67755	0.05155	0.01698	0.05620	0.01965	0.01532	0.01965	0.01358	0.02024	0.01019	0.00752	0.00766	0.00253	0.01026	0.00686	0.00340	0.00853
29	0.01532	0.01380	0.01531	0.01496	0.05865	0.06237	0.01092	0.09643	0.05396	0.02442	0.07043	0.04249	0.27424	0.01935	0.09297	0.00370	0.10565	0.01076	0.00591	0.00838
30	0.01659	0.01659	0.02323	0.01991	0.01991	0.02323	0.01659	0.01825	0.01162	0.01825	0.00996	0.01659	0.00996	0.01328	0.02489	0.00332	0.71955	0.00664	0.00332	0.00830
31	0.08464	0.01275	0.01676	0.01304	0.01861	0.01134	0.01073	0.03473	0.02109	0.61048	0.06373	0.02655	0.02089	0.00956	0.00750	0.00235	0.00626	0.00771	0.00901	0.01228
32	0.06764	0.01676	0.02330	0.36684	0.14164	0.06817	0.04198	0.09669	0.01807	0.02433	0.01390	0.01892	0.01081	0.00858	0.00857	0.04425	0.00963	0.00652	0.00407	0.00933
33	0.01893	0.01842	0.04780	0.21434	0.35224	0.04165	0.02103	0.10154	0.01875	0.02558	0.01417	0.01868	0.01134	0.00774	0.00863	0.00239	0.05522	0.00666	0.00409	0.01081
34	0.00896	0.00768	0.00768	0.00768	0.01025	0.00640	0.00576	0.01089	0.01729	0.02049	0.07684	0.07300	0.68304	0.01921	0.00896	0.00256	0.00384	0.01601	0.00704	0.00640
35	0.03011	0.01457	0.06364	0.01390	0.01974	0.01180	0.01208	0.03467	0.06272	0.55623	0.07542	0.02750	0.02219	0.00973	0.00770	0.00237	0.00655	0.00798	0.00878	0.01232
36	0.03126	0.01736	0.02036	0.01561	0.02158	0.01776	0.01289	0.37015	0.02916	0.34766	0.02367	0.02175	0.01564	0.00924	0.00761	0.00231	0.00746	0.00720	0.00843	0.01290
37	0.00992	0.00709	0.00956	0.01114	0.01193	0.00673	0.00805	0.01182	0.01558	0.02079	0.08720	0.55672	0.05044	0.02263	0.00978	0.00311	0.00484	0.13914	0.00712	0.00639
38	0.01663	0.01510	0.01614	0.01183	0.01837	0.05957	0.00939	0.01990	0.01614	0.02428	0.01336	0.01558	0.01113	0.00577	0.00570	0.00118	0.00619	0.00452	0.00445	0.72476
39	0.43086	0.03579	0.01586	0.01290	0.01785	0.07680	0.01050	0.16054	0.05450	0.05665	0.03397	0.01640	0.01249	0.00800	0.00591	0.00226	0.00707	0.00541	0.00563	0.03062
40	0.35802	0.01748	0.01573	0.01329	0.01807	0.07704	0.01071	0.18033	0.05683	0.10154	0.04327	0.04478	0.01546	0.00899	0.00640	0.00234	0.00707	0.00647	0.00620	0.00997
41	0.22424	0.04002	0.01967	0.08094	0.04380	0.01786	0.03625	0.14635	0.08285	0.18047	0.01881	0.01937	0.01342	0.00850	0.00746	0.00239	0.03411	0.00643	0.00629	0.01077

[dist]
# distance from previous block
# <min> <max>
3	12

[block]
# block no. 2 follows, 26 sequences, length 81
# corresponding to MSA columns:
# 235-315
name=unknown_C
#
# <colnr> <probs for GDERKNQSTAVLIFYWHMCP>
#	G	D	E	R	K	N	Q	S	T	A	V	L	I	F	Y	W	H	M	C	P
0	0.22262	0.05898	0.02014	0.01607	0.02103	0.26392	0.01284	0.24240	0.02382	0.03244	0.01358	0.01480	0.01043	0.00799	0.00645	0.00215	0.00960	0.00531	0.00533	0.01009
1	0.01087	0.00786	0.01061	0.01223	0.01355	0.00760	0.00981	0.01343	0.01635	0.02129	0.04348	0.32467	0.09329	0.02187	0.01007	0.00327	0.00579	0.36031	0.00701	0.00663
2	0.01515	0.01457	0.02539	0.57995	0.13198	0.01717	0.06816	0.02024	0.01564	0.02043	0.01372	0.02006	0.01046	0.00739	0.00767	0.00249	0.01017	0.00691	0.00345	0.00902
3	0.69588	0.01446	0.01193	0.01040	0.01524	0.01631	0.00857	0.02407	0.01397	0.11359	0.01290	0.01396	0.00949	0.00733	0.00505	0.00235	0.00594	0.00453	0.00526	0.00878
4	0.03186	0.01244	0.01682	0.01305	0.01859	0.01075	0.01072	0.03477	0.02148	0.63183	0.05861	0.02937	0.05338	0.01012	0.00775	0.00236	0.00621	0.00828	0.00923	0.01236
5	0.00982	0.00752	0.01063	0.01123	0.01238	0.00694	0.03899	0.01171	0.01576	0.02101	0.11931	0.55483	0.10821	0.02152	0.00949	0.00293	0.00467	0.01951	0.00704	0.00650
6	0.01887	0.01629	0.01715	0.01544	0.01972	0.01887	0.01201	0.04031	0.67241	0.03173	0.03087	0.02830	0.02315	0.01029	0.00772	0.00257	0.00600	0.00858	0.00772	0.01201
7	0.00937	0.00670	0.00892	0.01047	0.01103	0.00625	0.00705	0.01088	0.01512	0.02031	0.09677	0.67082	0.05200	0.02305	0.00962	0.00302	0.00433	0.02089	0.00715	0.00625
8	0.01960	0.01666	0.01756	0.01558	0.02000	0.01921	0.01218	0.08587	0.62566	0.03291	0.02994	0.02756	0.02240	0.01020	0.00771	0.00255	0.00618	0.00845	0.00771	0.01207
9	0.00915	0.00773	0.00795	0.00800	0.01051	0.00652	0.00607	0.01119	0.01742	0.02089	0.09384	0.07302	0.63776	0.01917	0.00903	0.00259	0.00396	0.04166	0.00708	0.00645
10	0.00980	0.00727	0.01008	0.01266	0.05040	0.00685	0.00799	0.01130	0.01468	0.01968	0.04020	0.68707	0.04794	0.02277	0.00955	0.00303	0.00467	0.02070	0.00685	0.00650
11	0.01174	0.00835	0.01015	0.01110	0.04881	0.00830	0.00642	0.03227	0.01314	0.01760	0.04796	0.13130	0.05284	0.53382	0.03031	0.00605	0.00688	0.01220	0.00514	0.00563
12	0.78701	0.01467	0.01115	0.00997	0.01467	0.01702	0.00821	0.02230	0.01291	0.03403	0.01056	0.01232	0.00821	0.00704	0.00469	0.00235	0.00587	0.00411	0.00469	0.00821
13	0.02007	0.01036	0.01349	0.01149	0.01500	0.00959	0.00904	0.02485	0.07414	0.27670	0.38659	0.04288	0.04799	0.01281	0.00836	0.00239	0.00485	0.01103	0.00869	0.00969
14	0.01088	0.00729	0.00832	0.00847	0.00851	0.00725	0.00481	0.01099	0.01133	0.01511	0.02544	0.10791	0.02952	0.67252	0.03612	0.00699	0.00710	0.01193	0.00481	0.00473
15	0.01074	0.00789	0.01018	0.01022	0.01205	0.00733	0.00798	0.01400	0.01986	0.02716	0.45091	0.09168	0.14382	0.01740	0.00928	0.00266	0.00432	0.13767	0.00786	0.00699
16	0.01460	0.00859	0.01125	0.01017	0.01265	0.00777	0.00777	0.01789	0.02102	0.14331	0.51340	0.08016	0.09156	0.01498	0.00875	0.00242	0.00412	0.01311	0.00841	0.00807
17	0.01469	0.00760	0.00766	0.00746	0.00939	0.00769	0.00565	0.04187	0.01665	0.02901	0.02450	0.02790	0.01920	0.00885	0.00539	0.00179	0.00372	0.00706	0.74665	0.00729
18	0.01325	0.00662	0.00967	0.00967	0.00980	0.00662	0.00649	0.01048	0.01034	0.01433	0.01406	0.02345	0.01365	0.02502	0.02779	0.72007	0.00635	0.00662	0.06214	0.00358
19	0.03194	0.01433	0.01828	0.01414	0.01987	0.01346	0.01163	0.14732	0.04349	0.53712	0.04782	0.02548	0.01948	0.00955	0.00766	0.00234	0.00669	0.00770	0.00899	0.01270
20	0.01573	0.01348	0.01573	0.01123	0.01798	0.01011	0.00899	0.01910	0.01573	0.02472	0.01348	0.01573	0.01123	0.00562	0.00562	0.00112	0.00562	0.00449	0.00449	0.77980
21	0.01096	0.00732	0.00829	0.00837	0.00838	0.00731	0.00470	0.01101	0.01117	0.01490	0.02463	0.07720	0.02849	0.70461	0.03743	0.00718	0.00723	0.01146	0.00470	0.00466
22	0.01352	0.00919	0.01016	0.00945	0.01033	0.00950	0.00593	0.09785	0.01450	0.01963	0.02317	0.04465	0.02531	0.60967	0.03322	0.00647	0.00734	0.01032	0.03400	0.00580
23	0.00994	0.00712	0.00908	0.01029	0.01088	0.00684	0.00682	0.01187	0.03636	0.01974	0.07966	0.55383	0.04704	0.13588	0.01418	0.00370	0.00487	0.01895	0.00676	0.00617
24	0.01659	0.01659	0.02323	0.01991	0.01991	0.02323	0.01659	0.01825	0.01162	0.01825	0.00996	0.01659	0.00996	0.01328	0.02489	0.00332	0.71955	0.00664	0.00332	0.00830
25	0.00923	0.00665	0.00875	0.01044	0.01097	0.00617	0.00699	0.01058	0.01464	0.01941	0.04327	0.70115	0.07656	0.02357	0.00965	0.00306	0.00438	0.02133	0.00704	0.00617
26	0.01013	0.00786	0.00913	0.00966	0.01135	0.00724	0.00690	0.03231	0.03493	0.02197	0.10815	0.36439	0.30759	0.02039	0.00921	0.00277	0.00427	0.01783	0.00719	0.00671
27	0.00912	0.00746	0.00792	0.00826	0.01029	0.00640	0.00595	0.01083	0.01646	0.01999	0.06762	0.19597	0.53117	0.05498	0.01055	0.00289	0.00412	0.01682	0.00692	0.00627
28	0.00978	0.00764	0.00900	0.00976	0.01161	0.00686	0.00747	0.01196	0.01684	0.02112	0.08782	0.23385	0.37030	0.02051	0.00945	0.00287	0.00461	0.14497	0.00709	0.00650
29	0.01403	0.00993	0.01311	0.01415	0.01641	0.01020	0.01215	0.01993	0.10635	0.05181	0.03848	0.07531	0.03984	0.01903	0.00998	0.00332	0.00683	0.52404	0.00718	0.00791
30	0.01146	0.00791	0.00999	0.00949	0.01152	0.00715	0.00711	0.01456	0.02026	0.06022	0.50040	0.10726	0.17129	0.01644	0.00894	0.00246	0.00382	0.01439	0.00808	0.00724
31	0.01414	0.00707	0.00707	0.00707	0.00884	0.00707	0.00530	0.01767	0.01591	0.02828	0.02474	0.02828	0.01944	0.00884	0.00530	0.00177	0.00353	0.00707	0.77554	0.00707
32	0.01523	0.01294	0.01519	0.01113	0.01739	0.00981	0.00882	0.01852	0.01591	0.02471	0.04253	0.04928	0.01548	0.00684	0.00594	0.00126	0.00548	0.00564	0.00477	0.71312
33	0.01462	0.05040	0.16391	0.01904	0.04732	0.01418	0.11404	0.02108	0.08199	0.02330	0.02705	0.11852	0.02684	0.04271	0.00996	0.00301	0.00853	0.19910	0.00540	0.00900
34	0.02741	0.11695	0.02360	0.01879	0.02299	0.62550	0.01446	0.02942	0.02079	0.01848	0.01159	0.01350	0.00977	0.00766	0.00661	0.00192	0.01304	0.00479	0.00383	0.00890
35	0.01667	0.01386	0.01751	0.01255	0.01930	0.01069	0.04699	0.02020	0.01612	0.05448	0.01433	0.01646	0.01159	0.00583	0.00590	0.00126	0.00607	0.00489	0.00467	0.70063
36	0.01084	0.00813	0.01219	0.01219	0.01354	0.00948	0.00948	0.01354	0.01219	0.01761	0.02032	0.02980	0.01896	0.05689	0.70337	0.01219	0.02032	0.00813	0.00406	0.00677
37	0.01414	0.00707	0.00707	0.00707	0.00884	0.00707	0.00530	0.01767	0.01591	0.02828	0.02474	0.02828	0.01944	0.00884	0.00530	0.00177	0.00353	0.00707	0.77554	0.00707
38	0.01521	0.03923	0.69413	0.02162	0.03283	0.01762	0.02802	0.02402	0.01601	0.02402	0.01361	0.01601	0.00961	0.00721	0.00721	0.00240	0.01121	0.00560	0.00320	0.01121
39	0.01414	0.00707	0.00707	0.00707	0.00884	0.00707	0.00530	0.01767	0.01591	0.02828	0.02474	0.02828	0.01944	0.00884	0.00530	0.00177	0.00353	0.00707	0.77554	0.00707
40	0.01084	0.00813	0.01219	0.01219	0.01354	0.00948	0.00948	0.01354	0.01219	0.01761	0.02032	0.02980	0.01896	0.05689	0.70337	0.01219	0.02032	0.00813	0.00406	0.00677
