[name]
unknown

[dist]
# distance from previous block
# <min> <max>
0	29

[block]
# block no. 0 follows, 21 sequences, length 50
# corresponding to MSA columns:
# 44-93
name=unknown_A
#
# <colnr> <probs for GDERKNQSTAVLIFYWHMCP>
#	G	D	E	R	K	N	Q	S	T	A	V	L	I	F	Y	W	H	M	C	P
0	0.02120	0.01976	0.03406	0.13424	0.16886	0.02065	0.20944	0.12872	0.02224	0.03022	0.01826	0.02575	0.01492	0.01016	0.01106	0.03638	0.03939	0.03815	0.00507	0.01149
1	0.04851	0.02027	0.02554	0.35887	0.09821	0.12077	0.04324	0.02818	0.09293	0.05519	0.01810	0.02247	0.01369	0.00886	0.00833	0.00270	0.01105	0.00752	0.00490	0.01068
2	0.14161	0.04384	0.07464	0.04552	0.08202	0.01705	0.01575	0.05669	0.08032	0.25070	0.02616	0.03070	0.01986	0.01081	0.00820	0.00276	0.00819	0.06538	0.00748	0.01232
3	0.14736	0.07444	0.05178	0.24401	0.03277	0.01796	0.01607	0.04362	0.04632	0.08993	0.05789	0.03040	0.09302	0.01071	0.00795	0.00268	0.00849	0.00859	0.00584	0.01018
4	0.26036	0.36609	0.05361	0.01463	0.02129	0.05387	0.01369	0.08477	0.01896	0.02946	0.01287	0.01461	0.01072	0.00786	0.00589	0.00220	0.00870	0.00498	0.00467	0.01074
5	0.01071	0.00744	0.00975	0.01160	0.01219	0.00698	0.00778	0.01235	0.01639	0.02235	0.04570	0.65355	0.05411	0.02561	0.01055	0.00336	0.00488	0.02317	0.05455	0.00698
6	0.01370	0.01355	0.07704	0.01463	0.03678	0.01106	0.01181	0.02031	0.09691	0.03060	0.34419	0.17958	0.05855	0.01750	0.00985	0.00290	0.00573	0.03802	0.00819	0.00910
7	0.07755	0.05574	0.18240	0.13590	0.03451	0.09579	0.07979	0.09904	0.04103	0.06626	0.04043	0.02156	0.01511	0.00895	0.00816	0.00262	0.01107	0.00733	0.00529	0.01149
8	0.02326	0.01287	0.01862	0.02047	0.13320	0.01189	0.01339	0.02675	0.02167	0.26114	0.14654	0.13719	0.06170	0.01500	0.00944	0.00285	0.00678	0.05753	0.00847	0.01123
9	0.01216	0.00912	0.01368	0.01368	0.01520	0.01064	0.01064	0.01520	0.01368	0.01976	0.02279	0.03343	0.02127	0.06382	0.66720	0.01368	0.02279	0.00912	0.00456	0.00760
10	0.02251	0.31664	0.07136	0.05266	0.02825	0.06491	0.10341	0.05240	0.01861	0.04671	0.01410	0.01755	0.01180	0.00911	0.01092	0.00250	0.13487	0.00646	0.00427	0.01095
11	0.02157	0.04027	0.02205	0.10468	0.02534	0.01721	0.03787	0.02463	0.01832	0.18422	0.05866	0.10238	0.07559	0.01431	0.01465	0.00307	0.20749	0.01082	0.00657	0.01030
12	0.02784	0.02271	0.02151	0.01752	0.02278	0.12744	0.01392	0.35821	0.03201	0.07096	0.08288	0.03062	0.06803	0.05184	0.01066	0.00287	0.00932	0.00910	0.00777	0.01203
13	0.01037	0.00741	0.00987	0.01185	0.01234	0.00691	0.00790	0.01185	0.01629	0.02172	0.04690	0.69537	0.05629	0.02666	0.01086	0.00346	0.00494	0.02419	0.00790	0.00691
14	0.01757	0.04086	0.57123	0.02725	0.08893	0.01990	0.06281	0.02690	0.01820	0.02704	0.01544	0.01850	0.01112	0.00799	0.00822	0.00269	0.01246	0.00660	0.00368	0.01259
15	0.01825	0.01890	0.03702	0.24164	0.08064	0.01975	0.31580	0.02422	0.01848	0.02516	0.01770	0.04788	0.01432	0.00883	0.01019	0.00287	0.04503	0.00942	0.03338	0.01053
16	0.01868	0.01953	0.03992	0.19219	0.04453	0.01953	0.40977	0.02516	0.01911	0.02634	0.01775	0.02376	0.01341	0.00778	0.00926	0.00277	0.01257	0.00922	0.07810	0.01063
17	0.01018	0.00850	0.00888	0.00904	0.01164	0.00720	0.00668	0.01236	0.01932	0.02340	0.10923	0.14198	0.55867	0.02186	0.01014	0.00292	0.00436	0.01846	0.00797	0.00720
18	0.01454	0.01687	0.10715	0.01932	0.02416	0.01292	0.16738	0.01971	0.02076	0.02899	0.27707	0.15712	0.04861	0.01533	0.00998	0.00290	0.00809	0.03278	0.00700	0.00932
19	0.26326	0.06305	0.11364	0.02719	0.14305	0.02121	0.16593	0.05643	0.01870	0.03182	0.01483	0.01829	0.01149	0.00777	0.00758	0.00263	0.01023	0.00687	0.00468	0.01137
20	0.36397	0.01710	0.02373	0.25691	0.03652	0.01945	0.11966	0.02422	0.01637	0.03036	0.01396	0.01860	0.01062	0.00799	0.00726	0.00275	0.00965	0.00662	0.00456	0.00969
21	0.44256	0.16985	0.12465	0.01462	0.02145	0.05751	0.01436	0.02592	0.01617	0.03153	0.01247	0.01454	0.00993	0.00784	0.00590	0.00245	0.00857	0.00492	0.00460	0.01016
22	0.02480	0.08649	0.02484	0.01766	0.02272	0.02088	0.06409	0.31943	0.02754	0.03722	0.01876	0.02239	0.01483	0.01567	0.03842	0.15706	0.00948	0.00757	0.05924	0.01092
23	0.02899	0.06672	0.02285	0.01738	0.02265	0.16047	0.01389	0.29123	0.02920	0.09890	0.02084	0.02378	0.01622	0.06815	0.01085	0.00287	0.00983	0.00751	0.07582	0.01186
24	0.01095	0.00796	0.01077	0.04594	0.01464	0.00775	0.00869	0.01261	0.01612	0.02142	0.04351	0.58462	0.05157	0.08265	0.01352	0.00385	0.00565	0.04339	0.00745	0.00693
25	0.02276	0.01186	0.01525	0.01249	0.01716	0.01016	0.00990	0.02627	0.02279	0.27133	0.26086	0.04533	0.10361	0.01354	0.00892	0.00247	0.00562	0.01150	0.00904	0.11913
26	0.01567	0.00791	0.00800	0.00807	0.01000	0.00790	0.00602	0.01955	0.01779	0.03137	0.02844	0.05513	0.02303	0.01051	0.00612	0.00203	0.00400	0.00851	0.72206	0.00790
27	0.04511	0.01577	0.02663	0.59779	0.07879	0.01910	0.05349	0.02232	0.01717	0.02289	0.01514	0.02230	0.01142	0.00838	0.00846	0.00282	0.01127	0.00758	0.00388	0.00970
28	0.02324	0.61775	0.07246	0.01565	0.02294	0.08655	0.01554	0.02627	0.01790	0.02042	0.01211	0.01400	0.01092	0.00745	0.00577	0.00189	0.00980	0.00471	0.00370	0.01091
29	0.01688	0.06445	0.55085	0.02291	0.03412	0.01917	0.04691	0.02582	0.01862	0.02742	0.07763	0.02250	0.01776	0.00895	0.00824	0.00267	0.01165	0.00725	0.00419	0.01203
30	0.01936	0.10683	0.31129	0.02510	0.13233	0.01982	0.02314	0.02802	0.08064	0.06205	0.08961	0.02518	0.02126	0.00945	0.00815	0.00258	0.00992	0.00780	0.00525	0.01221
31	0.01037	0.00741	0.00987	0.01185	0.01234	0.00691	0.00790	0.01185	0.01629	0.02172	0.04690	0.69537	0.05629	0.02666	0.01086	0.00346	0.00494	0.02419	0.00790	0.00691
32	0.01484	0.00851	0.01115	0.07188	0.01520	0.00887	0.00837	0.01579	0.01485	0.02272	0.02428	0.03231	0.04889	0.05155	0.05418	0.28316	0.00716	0.00845	0.29153	0.00631
33	0.02233	0.02416	0.11832	0.11146	0.35018	0.05800	0.02401	0.08005	0.04676	0.05722	0.01759	0.02122	0.01366	0.00836	0.00837	0.00259	0.01057	0.00741	0.00493	0.01282
34	0.01821	0.03076	0.30911	0.04935	0.06172	0.02052	0.23548	0.02577	0.01850	0.02658	0.04147	0.02194	0.01456	0.00882	0.01086	0.00286	0.07958	0.00820	0.00413	0.01161
35	0.01321	0.00896	0.01175	0.01090	0.01312	0.00823	0.00823	0.01720	0.02410	0.06187	0.61605	0.06202	0.07765	0.01709	0.00997	0.00267	0.00416	0.01508	0.00942	0.00832
36	0.01789	0.10846	0.54427	0.02427	0.03598	0.02130	0.07928	0.02683	0.01808	0.02628	0.01509	0.01796	0.01097	0.00793	0.00799	0.00262	0.01238	0.00643	0.00366	0.01232
37	0.38261	0.07727	0.10804	0.01436	0.02048	0.01962	0.01351	0.07565	0.05764	0.03566	0.10154	0.02294	0.02088	0.00961	0.00683	0.00259	0.00753	0.00690	0.00595	0.01038
38	0.01173	0.00890	0.01220	0.05462	0.01638	0.00890	0.00987	0.01402	0.01731	0.02342	0.10164	0.49203	0.05210	0.02323	0.01121	0.00332	0.03155	0.06878	0.00753	0.03129
39	0.01062	0.00759	0.01017	0.01214	0.01275	0.00713	0.00834	0.01229	0.01654	0.02201	0.04676	0.64961	0.05573	0.02642	0.01093	0.00349	0.00516	0.06743	0.00789	0.00698
40	0.02148	0.01833	0.05274	0.29580	0.20025	0.01901	0.02182	0.08715	0.04308	0.09412	0.02001	0.02639	0.01558	0.00948	0.00864	0.00275	0.01010	0.03607	0.00546	0.01174
41	0.05950	0.23322	0.11674	0.02070	0.08292	0.07834	0.01762	0.06488	0.11254	0.07313	0.01993	0.02330	0.01611	0.00941	0.00747	0.00244	0.00955	0.03472	0.00557	0.01192
42	0.37128	0.05070	0.05461	0.08511	0.02326	0.01800	0.01297	0.05717	0.01858	0.13495	0.04151	0.02084	0.01532	0.00898	0.00672	0.00258	0.00755	0.00644	0.05292	0.01052
43	0.02454	0.32277	0.09237	0.01678	0.02341	0.16878	0.01562	0.06486	0.02066	0.04954	0.01547	0.01732	0.01261	0.00819	0.00661	0.00205	0.01016	0.00561	0.07138	0.05126
44	0.09205	0.01517	0.01832	0.01439	0.02049	0.01403	0.01159	0.05883	0.08265	0.36109	0.02745	0.02705	0.01927	0.04992	0.00990	0.00273	0.00711	0.00786	0.00848	0.15164
45	0.01893	0.02005	0.03943	0.17768	0.07334	0.02062	0.36621	0.02625	0.05489	0.02642	0.03992	0.02454	0.01568	0.00853	0.01051	0.00289	0.04911	0.00940	0.00459	0.01100
46	0.01890	0.27019	0.32577	0.02188	0.08087	0.02350	0.02276	0.02528	0.01846	0.02531	0.07655	0.02125	0.01797	0.00869	0.00739	0.00237	0.01030	0.00669	0.00424	0.01162
47	0.01579	0.01194	0.01336	0.01278	0.01586	0.01223	0.00962	0.02510	0.21820	0.06430	0.09970	0.15225	0.21288	0.06098	0.01179	0.00331	0.00572	0.03636	0.00824	0.00957
48	0.01780	0.01750	0.02446	0.02130	0.02135	0.02416	0.01755	0.01962	0.01336	0.02060	0.01472	0.08588	0.01565	0.01606	0.02623	0.00370	0.61772	0.00911	0.00414	0.00907
49	0.09525	0.01573	0.01450	0.01247	0.01647	0.06932	0.00982	0.16249	0.02324	0.03634	0.02243	0.02502	0.01734	0.00946	0.00665	0.00215	0.00660	0.00715	0.39085	0.05671

[dist]
# distance from previous block
# <min> <max>
0	6

[block]
# block no. 1 follows, 21 sequences, length 17
# corresponding to MSA columns:
# 100-116
name=unknown_B
#
# <colnr> <probs for GDERKNQSTAVLIFYWHMCP>
#	G	D	E	R	K	N	Q	S	T	A	V	L	I	F	Y	W	H	M	C	P
0	0.01213	0.00988	0.01494	0.01479	0.01593	0.01006	0.06370	0.01406	0.01607	0.02175	0.03958	0.52861	0.04651	0.07115	0.01461	0.00376	0.06748	0.02057	0.00701	0.00742
1	0.57507	0.04793	0.01538	0.01251	0.01786	0.01978	0.01030	0.02905	0.11426	0.06567	0.01652	0.01740	0.01254	0.00858	0.00597	0.00264	0.00675	0.00559	0.00598	0.01022
2	0.01052	0.00752	0.01001	0.01175	0.01238	0.00701	0.00791	0.01223	0.01700	0.02285	0.10110	0.63796	0.05847	0.02582	0.01079	0.00339	0.00485	0.02339	0.00803	0.00701
3	0.02222	0.64348	0.10245	0.01548	0.02326	0.03236	0.01616	0.02562	0.01736	0.02068	0.01216	0.01406	0.01091	0.00736	0.00571	0.00190	0.00943	0.00471	0.00364	0.01108
4	0.01814	0.01540	0.01767	0.01401	0.02041	0.01356	0.01123	0.02680	0.16552	0.02942	0.02252	0.02811	0.01910	0.00912	0.00736	0.00189	0.00654	0.05904	0.00616	0.50798
5	0.01037	0.00741	0.00987	0.01185	0.01234	0.00691	0.00790	0.01185	0.01629	0.02172	0.04690	0.69537	0.05629	0.02666	0.01086	0.00346	0.00494	0.02419	0.00790	0.00691
6	0.06570	0.01859	0.02532	0.22580	0.09427	0.02066	0.04732	0.21148	0.06464	0.07870	0.02077	0.05287	0.01614	0.01002	0.00851	0.00273	0.00961	0.00850	0.00638	0.01198
7	0.01368	0.01173	0.06329	0.01205	0.01506	0.00908	0.01007	0.01779	0.02265	0.06700	0.47528	0.11854	0.09622	0.01734	0.00988	0.00276	0.00499	0.01523	0.00876	0.00861
8	0.01338	0.00969	0.01325	0.01504	0.01708	0.00956	0.01306	0.01714	0.01957	0.02524	0.04878	0.09472	0.10276	0.02333	0.01160	0.00382	0.00752	0.53884	0.00784	0.00778
9	0.01707	0.04402	0.65683	0.02426	0.03683	0.01976	0.03144	0.02695	0.01797	0.02695	0.01527	0.01797	0.01078	0.00809	0.00809	0.00270	0.01258	0.00629	0.00359	0.01258
10	0.02066	0.09395	0.44596	0.02143	0.03184	0.02024	0.02541	0.03090	0.09596	0.10436	0.01966	0.02068	0.01397	0.00875	0.00799	0.00264	0.01089	0.00684	0.00509	0.01278
11	0.03104	0.02142	0.02359	0.01827	0.02461	0.02320	0.01502	0.50164	0.03686	0.11491	0.08068	0.02541	0.02139	0.01093	0.00866	0.00257	0.00864	0.00849	0.00881	0.01386
12	0.01037	0.00741	0.00987	0.01185	0.01234	0.00691	0.00790	0.01185	0.01629	0.02172	0.04690	0.69537	0.05629	0.02666	0.01086	0.00346	0.00494	0.02419	0.00790	0.00691
13	0.01891	0.02261	0.11719	0.09398	0.20795	0.01939	0.23449	0.02612	0.04635	0.02746	0.04800	0.02818	0.01841	0.00912	0.00924	0.00280	0.01149	0.04182	0.00477	0.01171
14	0.03478	0.01764	0.02027	0.01627	0.02234	0.07323	0.01325	0.08074	0.07742	0.47694	0.03135	0.02999	0.02120	0.01094	0.00861	0.00266	0.00810	0.03098	0.00957	0.01372
15	0.06176	0.01637	0.04935	0.07789	0.02426	0.01506	0.01359	0.10964	0.05059	0.25135	0.05560	0.07372	0.02351	0.05957	0.01083	0.00298	0.00780	0.00942	0.00784	0.07886
16	0.08967	0.01495	0.01974	0.07811	0.02415	0.01478	0.03711	0.02749	0.04818	0.19490	0.07650	0.05651	0.02282	0.01073	0.00977	0.00249	0.06847	0.00858	0.00693	0.18813

[dist]
# distance from previous block
# <min> <max>
0	16

[block]
# block no. 2 follows, 21 sequences, length 65
# corresponding to MSA columns:
# 134-198
name=unknown_C
#
# <colnr> <probs for GDERKNQSTAVLIFYWHMCP>
#	G	D	E	R	K	N	Q	S	T	A	V	L	I	F	Y	W	H	M	C	P
0	0.31398	0.01686	0.01700	0.04804	0.05966	0.05203	0.01222	0.02873	0.10997	0.09879	0.10572	0.02612	0.02343	0.01002	0.00731	0.00259	0.00723	0.00766	0.00670	0.04593
1	0.67708	0.01683	0.01399	0.04803	0.01934	0.01952	0.01041	0.06033	0.01614	0.03821	0.01254	0.01470	0.00965	0.00807	0.00564	0.00264	0.00701	0.00495	0.00538	0.00954
2	0.01037	0.00741	0.00987	0.01185	0.01234	0.00691	0.00790	0.01185	0.01629	0.02172	0.04690	0.69537	0.05629	0.02666	0.01086	0.00346	0.00494	0.02419	0.00790	0.00691
3	0.01843	0.02529	0.19554	0.18012	0.19591	0.01956	0.15906	0.02498	0.01830	0.02556	0.01584	0.02126	0.01223	0.00875	0.00977	0.03432	0.01186	0.00779	0.00396	0.01148
4	0.52985	0.01856	0.05473	0.10568	0.06349	0.01957	0.01393	0.05703	0.01673	0.03547	0.01322	0.01608	0.01015	0.00810	0.00625	0.00265	0.00796	0.00546	0.00508	0.01000
5	0.01047	0.00748	0.00996	0.01178	0.01237	0.00698	0.00791	0.01210	0.01676	0.02246	0.08252	0.65764	0.05772	0.02611	0.01081	0.00341	0.00488	0.02367	0.00799	0.00698
6	0.03201	0.01711	0.08610	0.01561	0.02208	0.01322	0.01386	0.03693	0.05509	0.48105	0.06437	0.03150	0.02407	0.05397	0.01077	0.00301	0.00767	0.00898	0.00930	0.01329
7	0.01960	0.01895	0.03293	0.22841	0.44576	0.01993	0.06060	0.02495	0.01875	0.02606	0.01583	0.02163	0.01284	0.00782	0.00854	0.00263	0.01071	0.00772	0.00410	0.01223
8	0.03480	0.01455	0.01920	0.01511	0.02123	0.01317	0.01234	0.04036	0.08958	0.55052	0.07000	0.03133	0.02512	0.01105	0.00866	0.00266	0.00699	0.00908	0.01026	0.01399
9	0.01238	0.00825	0.00928	0.00928	0.00928	0.00825	0.00516	0.01238	0.01238	0.01650	0.02681	0.05569	0.03094	0.70092	0.04331	0.00825	0.00825	0.01238	0.00516	0.00516
10	0.01707	0.04402	0.65683	0.02426	0.03683	0.01976	0.03144	0.02695	0.01797	0.02695	0.01527	0.01797	0.01078	0.00809	0.00809	0.00270	0.01258	0.00629	0.00359	0.01258
11	0.01206	0.00867	0.01125	0.01062	0.01251	0.00804	0.00786	0.01584	0.02339	0.03308	0.60663	0.06310	0.07736	0.05810	0.01202	0.00301	0.00427	0.01521	0.00912	0.00786
12	0.01061	0.00758	0.01013	0.01199	0.01262	0.00710	0.00819	0.01232	0.01680	0.02246	0.07314	0.63789	0.05698	0.02610	0.01087	0.00344	0.00504	0.05177	0.00796	0.00701
13	0.01707	0.04402	0.65683	0.02426	0.03683	0.01976	0.03144	0.02695	0.01797	0.02695	0.01527	0.01797	0.01078	0.00809	0.00809	0.00270	0.01258	0.00629	0.00359	0.01258
14	0.01667	0.01749	0.03602	0.02742	0.03317	0.01638	0.40269	0.02184	0.01875	0.02531	0.02766	0.25949	0.02817	0.01403	0.01033	0.00308	0.01104	0.01502	0.00557	0.00987
15	0.03818	0.01448	0.01975	0.01514	0.02172	0.01251	0.01251	0.04147	0.02436	0.65373	0.03357	0.02897	0.02107	0.01053	0.00856	0.00263	0.00724	0.00856	0.01053	0.01448
16	0.03709	0.01624	0.02083	0.01597	0.02260	0.01511	0.01320	0.14985	0.02729	0.54120	0.03111	0.02737	0.01983	0.01047	0.00855	0.00262	0.00764	0.00839	0.01015	0.01448
17	0.01037	0.00741	0.00987	0.01185	0.01234	0.00691	0.00790	0.01185	0.01629	0.02172	0.04690	0.69537	0.05629	0.02666	0.01086	0.00346	0.00494	0.02419	0.00790	0.00691
18	0.03179	0.04056	0.02412	0.02192	0.02631	0.66676	0.01644	0.03398	0.02412	0.02083	0.01315	0.01535	0.01096	0.00877	0.00767	0.00219	0.01535	0.00548	0.00438	0.00987
19	0.01037	0.00741	0.00987	0.01185	0.01234	0.00691	0.00790	0.01185	0.01629	0.02172	0.04690	0.69537	0.05629	0.02666	0.01086	0.00346	0.00494	0.02419	0.00790	0.00691
20	0.01280	0.01006	0.01490	0.01454	0.01590	0.01217	0.01143	0.01572	0.01361	0.01983	0.02164	0.03196	0.02027	0.05897	0.60383	0.01269	0.08848	0.00895	0.00448	0.00777
21	0.01051	0.00760	0.00998	0.01183	0.01255	0.00707	0.00809	0.01215	0.01665	0.02199	0.04928	0.62777	0.09279	0.02619	0.01086	0.00344	0.00504	0.05135	0.00790	0.00697
22	0.46423	0.01314	0.01105	0.01025	0.01418	0.01482	0.00821	0.02266	0.01556	0.03486	0.01787	0.02106	0.01420	0.01208	0.04698	0.00311	0.00672	0.00601	0.25433	0.00868
23	0.01769	0.01528	0.01803	0.01304	0.02027	0.01201	0.01047	0.02139	0.01744	0.02740	0.01495	0.01769	0.01254	0.00669	0.00728	0.00137	0.03684	0.00515	0.00498	0.71950
24	0.01478	0.00739	0.01109	0.01109	0.01109	0.00739	0.00739	0.01109	0.01109	0.01478	0.01478	0.02587	0.01478	0.02956	0.03326	0.75240	0.00739	0.00739	0.00370	0.00370
25	0.01607	0.01513	0.02552	0.68047	0.05861	0.01891	0.02363	0.02174	0.01702	0.02174	0.01513	0.02269	0.01134	0.00851	0.00851	0.00284	0.01134	0.00756	0.00378	0.00945
26	0.01994	0.05611	0.25559	0.10613	0.31278	0.02012	0.02667	0.02661	0.01876	0.05468	0.01627	0.02018	0.01252	0.00798	0.00820	0.00260	0.01095	0.00704	0.00421	0.01267
27	0.01707	0.04402	0.65683	0.02426	0.03683	0.01976	0.03144	0.02695	0.01797	0.02695	0.01527	0.01797	0.01078	0.00809	0.00809	0.00270	0.01258	0.00629	0.00359	0.01258
28	0.01216	0.00912	0.01368	0.01368	0.01520	0.01064	0.01064	0.01520	0.01368	0.01976	0.02279	0.03343	0.02127	0.06382	0.66720	0.01368	0.02279	0.00912	0.00456	0.00760
29	0.02004	0.01927	0.02969	0.31812	0.33253	0.05352	0.02406	0.05395	0.01963	0.02612	0.01570	0.02143	0.01248	0.00817	0.00843	0.00264	0.01087	0.00747	0.00425	0.01162
30	0.01321	0.00923	0.01212	0.01137	0.01328	0.00890	0.00851	0.01677	0.02263	0.05509	0.52938	0.09964	0.07149	0.04778	0.01226	0.00301	0.03309	0.01522	0.00890	0.00813
31	0.01128	0.00867	0.01031	0.00990	0.01224	0.00770	0.00743	0.01457	0.02228	0.02982	0.42817	0.07065	0.29816	0.01900	0.01005	0.00275	0.00413	0.01638	0.00880	0.00770
32	0.02101	0.02036	0.03536	0.05139	0.61652	0.02029	0.05679	0.02618	0.01941	0.02777	0.01607	0.02116	0.01345	0.00756	0.00851	0.00255	0.01033	0.00771	0.00422	0.01338
33	0.01410	0.01023	0.01400	0.01576	0.01786	0.01038	0.01370	0.01905	0.05113	0.02599	0.04452	0.09269	0.04779	0.02289	0.01160	0.00387	0.00778	0.56067	0.00788	0.00813
34	0.01223	0.00881	0.01213	0.01213	0.01312	0.00980	0.00871	0.01420	0.01322	0.01861	0.02421	0.04126	0.02467	0.28794	0.44773	0.01177	0.01768	0.01026	0.00477	0.00674
35	0.03235	0.02384	0.02554	0.01958	0.02639	0.02639	0.01618	0.61946	0.04001	0.05363	0.02043	0.02043	0.01447	0.01022	0.00851	0.00255	0.00936	0.00766	0.00851	0.01447
36	0.76103	0.01646	0.01251	0.01119	0.01646	0.01909	0.00922	0.02502	0.01448	0.03818	0.01185	0.01382	0.00922	0.00790	0.00527	0.00263	0.00658	0.00461	0.00527	0.00922
37	0.01562	0.01254	0.01532	0.05451	0.02015	0.01356	0.01256	0.02613	0.22969	0.02880	0.09208	0.14856	0.07397	0.01833	0.01014	0.00328	0.00676	0.20024	0.00802	0.00972
38	0.01238	0.00825	0.00928	0.00928	0.00928	0.00825	0.00516	0.01238	0.01238	0.01650	0.02681	0.05569	0.03094	0.70092	0.04331	0.00825	0.00825	0.01238	0.00516	0.00516
39	0.02117	0.01828	0.01924	0.01732	0.02213	0.02117	0.01347	0.04522	0.63246	0.03560	0.03464	0.03175	0.02598	0.01155	0.00866	0.00289	0.00673	0.00962	0.00866	0.01347
40	0.01862	0.01862	0.02607	0.02234	0.02234	0.02607	0.01862	0.02048	0.01303	0.02048	0.01117	0.01862	0.01117	0.01489	0.02793	0.00372	0.68535	0.00745	0.00372	0.00931
41	0.01468	0.01142	0.01668	0.01520	0.01690	0.01314	0.04685	0.03897	0.01529	0.02236	0.02276	0.07328	0.02195	0.10121	0.31939	0.04390	0.10865	0.00993	0.07952	0.00790
42	0.01077	0.00865	0.00960	0.00936	0.01193	0.00749	0.00702	0.01358	0.02107	0.02696	0.28489	0.07536	0.44322	0.02007	0.01005	0.00280	0.00421	0.01704	0.00843	0.00749
43	0.02544	0.01908	0.02881	0.06635	0.37161	0.01941	0.02106	0.09546	0.08016	0.15412	0.02166	0.02363	0.01616	0.00886	0.00849	0.00260	0.00920	0.00797	0.00632	0.01360
44	0.01943	0.01552	0.01814	0.01308	0.02056	0.01215	0.01051	0.05199	0.01910	0.06122	0.01634	0.01837	0.01313	0.00671	0.00653	0.00139	0.00650	0.00535	0.00550	0.67849
45	0.05292	0.01077	0.01355	0.01218	0.01535	0.01027	0.00950	0.02301	0.06161	0.14680	0.43664	0.05442	0.06130	0.01561	0.00953	0.00274	0.00507	0.03986	0.00927	0.00959
46	0.01047	0.00745	0.00984	0.01171	0.01218	0.00698	0.00775	0.01188	0.01609	0.02145	0.04584	0.66152	0.05494	0.06234	0.01258	0.00371	0.00511	0.02357	0.00775	0.00682
47	0.02850	0.02178	0.02341	0.01840	0.02486	0.02378	0.01499	0.43748	0.16395	0.04721	0.02293	0.02256	0.01674	0.01011	0.00832	0.00250	0.00850	0.00782	0.00820	0.08797
48	0.01728	0.01205	0.01579	0.01680	0.05525	0.01180	0.01249	0.02357	0.11035	0.09038	0.03830	0.21891	0.03906	0.01866	0.01004	0.00319	0.00687	0.21301	0.00777	0.07842
49	0.02127	0.01841	0.03024	0.02194	0.02939	0.01646	0.22785	0.05187	0.01996	0.09113	0.01777	0.02085	0.01358	0.00762	0.00899	0.00215	0.04156	0.00741	0.00542	0.34614
50	0.01962	0.02220	0.04826	0.03471	0.04292	0.02081	0.58748	0.02651	0.01990	0.02699	0.01865	0.05547	0.01501	0.00812	0.01008	0.00290	0.01389	0.01073	0.00448	0.01126
51	0.01643	0.01116	0.01243	0.01133	0.01499	0.01046	0.00875	0.02270	0.12489	0.12185	0.13432	0.06324	0.37934	0.01770	0.00959	0.00282	0.00513	0.01482	0.00860	0.00946
52	0.01988	0.03474	0.42264	0.03115	0.19193	0.01938	0.05265	0.02790	0.01892	0.07676	0.01699	0.01983	0.01237	0.00811	0.00829	0.00265	0.01160	0.00695	0.00433	0.01291
53	0.01962	0.08315	0.25981	0.06163	0.19239	0.05388	0.05482	0.05471	0.01948	0.02681	0.01742	0.05540	0.01467	0.01134	0.03601	0.00307	0.01170	0.00783	0.00436	0.01192
54	0.01045	0.00747	0.00995	0.01180	0.01236	0.00697	0.00791	0.01205	0.01666	0.02231	0.07528	0.66532	0.05743	0.02622	0.01082	0.00342	0.00489	0.02377	0.00797	0.00697
55	0.01238	0.00825	0.00928	0.00928	0.00928	0.00825	0.00516	0.01238	0.01238	0.01650	0.02681	0.05569	0.03094	0.70092	0.04331	0.00825	0.00825	0.01238	0.00516	0.00516
56	0.64770	0.01754	0.01414	0.04451	0.01931	0.05235	0.01047	0.02622	0.01564	0.06990	0.01326	0.01516	0.01005	0.00812	0.00573	0.00262	0.00731	0.00501	0.00543	0.00955
57	0.01037	0.00741	0.00987	0.01185	0.01234	0.00691	0.00790	0.01185	0.01629	0.02172	0.04690	0.69537	0.05629	0.02666	0.01086	0.00346	0.00494	0.02419	0.00790	0.00691
58	0.01037	0.00741	0.00987	0.01185	0.01234	0.00691	0.00790	0.01185	0.01629	0.02172	0.04690	0.69537	0.05629	0.02666	0.01086	0.00346	0.00494	0.02419	0.00790	0.00691
59	0.76103	0.01646	0.01251	0.01119	0.01646	0.01909	0.00922	0.02502	0.01448	0.03818	0.01185	0.01382	0.00922	0.00790	0.00527	0.00263	0.00658	0.00461	0.00527	0.00922
60	0.01216	0.00912	0.01368	0.01368	0.01520	0.01064	0.01064	0.01520	0.01368	0.01976	0.02279	0.03343	0.02127	0.06382	0.66720	0.01368	0.02279	0.00912	0.00456	0.00760
61	0.01880	0.02493	0.15018	0.16371	0.07386	0.02063	0.36883	0.02605	0.01907	0.02613	0.01640	0.02195	0.01225	0.00762	0.00932	0.00282	0.01324	0.00878	0.00407	0.01136
62	0.01964	0.01400	0.01745	0.01418	0.01913	0.01282	0.01118	0.05270	0.01879	0.11364	0.02407	0.14921	0.02256	0.01522	0.04905	0.00291	0.07300	0.00978	0.00637	0.35432
63	0.21615	0.02060	0.01946	0.01610	0.02151	0.07893	0.01310	0.28995	0.02819	0.07224	0.05697	0.02545	0.01908	0.01055	0.00772	0.00259	0.00841	0.03481	0.04657	0.01167
64	0.05883	0.05254	0.07061	0.01552	0.02221	0.01748	0.01358	0.18104	0.04994	0.10469	0.02161	0.05756	0.01716	0.00961	0.00751	0.00219	0.00765	0.00759	0.05327	0.22942

[dist]
# distance from previous block
# <min> <max>
9	13

[block]
# block no. 3 follows, 21 sequences, length 28
# corresponding to MSA columns:
# 214-241
name=unknown_D
#
# <colnr> <probs for GDERKNQSTAVLIFYWHMCP>
#	G	D	E	R	K	N	Q	S	T	A	V	L	I	F	Y	W	H	M	C	P
0	0.12774	0.02036	0.02402	0.04636	0.17761	0.06503	0.01687	0.18260	0.02400	0.06749	0.01873	0.05826	0.01556	0.00998	0.00901	0.00256	0.04642	0.00783	0.00608	0.07350
1	0.02355	0.01525	0.01841	0.01363	0.02062	0.01252	0.01102	0.06778	0.02121	0.18717	0.05109	0.02295	0.01820	0.00818	0.00721	0.00177	0.00664	0.00662	0.00688	0.47930
2	0.11243	0.01440	0.04088	0.01401	0.01856	0.01336	0.01146	0.05949	0.08462	0.22750	0.16053	0.14117	0.03757	0.01425	0.00883	0.00280	0.00638	0.01201	0.00866	0.01109
3	0.02609	0.01939	0.02281	0.04558	0.02473	0.02091	0.01483	0.29967	0.02763	0.09113	0.01897	0.02169	0.01460	0.03597	0.01238	0.00269	0.11408	0.00731	0.00686	0.17266
4	0.02071	0.01213	0.01525	0.01365	0.01732	0.01133	0.01046	0.09526	0.02235	0.17701	0.11176	0.28478	0.04112	0.01749	0.00950	0.00285	0.00616	0.03668	0.00849	0.08572
5	0.02219	0.46490	0.05964	0.05170	0.07322	0.08754	0.01669	0.02541	0.01769	0.02104	0.01305	0.01619	0.01165	0.01064	0.03901	0.00266	0.04676	0.00545	0.00381	0.01076
6	0.02122	0.21488	0.12250	0.01800	0.02405	0.07673	0.04917	0.08711	0.08430	0.02690	0.05173	0.02600	0.01933	0.10149	0.01311	0.00320	0.03648	0.00778	0.00527	0.01076
7	0.01058	0.00750	0.00981	0.01157	0.01201	0.00706	0.00760	0.01191	0.01587	0.02116	0.04474	0.62641	0.05355	0.09935	0.01436	0.00397	0.00529	0.02292	0.00760	0.00672
8	0.01047	0.00748	0.00997	0.01178	0.01237	0.00698	0.00791	0.01211	0.01677	0.02248	0.08314	0.65699	0.05774	0.02610	0.01081	0.00341	0.00488	0.02366	0.00799	0.00698
9	0.01864	0.01601	0.02627	0.40111	0.07759	0.01852	0.08146	0.05591	0.01888	0.05040	0.01767	0.02358	0.01340	0.00903	0.00948	0.00275	0.04915	0.00790	0.09209	0.01016
10	0.01053	0.00747	0.00983	0.01165	0.01210	0.00702	0.00769	0.01189	0.01599	0.02132	0.04533	0.64537	0.05430	0.07936	0.01340	0.00383	0.00520	0.02327	0.00769	0.00677
11	0.03432	0.02067	0.02358	0.01808	0.02481	0.02169	0.01493	0.42378	0.03471	0.25680	0.02488	0.02332	0.01670	0.01032	0.00853	0.00258	0.00865	0.00797	0.00920	0.01448
12	0.01586	0.00793	0.00793	0.00793	0.00991	0.00793	0.00595	0.01983	0.01785	0.03173	0.02776	0.03173	0.02181	0.00991	0.00595	0.00198	0.00397	0.00793	0.74817	0.00793
13	0.07578	0.01404	0.01858	0.01467	0.02070	0.01243	0.01197	0.03825	0.02318	0.57046	0.03342	0.08022	0.02317	0.01165	0.00856	0.00270	0.00703	0.00956	0.01004	0.01360
14	0.01225	0.00820	0.00932	0.00944	0.00947	0.00817	0.00532	0.01234	0.01261	0.01682	0.02803	0.09455	0.03248	0.65996	0.04134	0.00796	0.00805	0.01309	0.00532	0.00526
15	0.01236	0.00830	0.00953	0.00953	0.00962	0.00839	0.00547	0.01254	0.01245	0.01669	0.02658	0.05441	0.03038	0.66434	0.07914	0.00856	0.00909	0.01219	0.00512	0.00530
16	0.01478	0.01012	0.01251	0.01275	0.01493	0.00996	0.00938	0.02053	0.11480	0.07854	0.14118	0.35552	0.09800	0.02093	0.01018	0.00316	0.00537	0.05008	0.00847	0.00881
17	0.03818	0.01448	0.01975	0.01514	0.02172	0.01251	0.01251	0.04147	0.02436	0.65373	0.03357	0.02897	0.02107	0.01053	0.00856	0.00263	0.00724	0.00856	0.01053	0.01448
18	0.01607	0.01513	0.02552	0.68047	0.05861	0.01891	0.02363	0.02174	0.01702	0.02174	0.01513	0.02269	0.01134	0.00851	0.00851	0.00284	0.01134	0.00756	0.00378	0.00945
19	0.01502	0.00820	0.00862	0.00882	0.01090	0.00805	0.00682	0.01879	0.01819	0.03014	0.03575	0.04381	0.09030	0.01258	0.00700	0.00228	0.00441	0.07058	0.59188	0.00784
20	0.01707	0.04402	0.65683	0.02426	0.03683	0.01976	0.03144	0.02695	0.01797	0.02695	0.01527	0.01797	0.01078	0.00809	0.00809	0.00270	0.01258	0.00629	0.00359	0.01258
21	0.01586	0.00793	0.00793	0.00793	0.00991	0.00793	0.00595	0.01983	0.01785	0.03173	0.02776	0.03173	0.02181	0.00991	0.00595	0.00198	0.00397	0.00793	0.74817	0.00793
22	0.01746	0.01714	0.02952	0.36257	0.04461	0.02065	0.13467	0.02239	0.01666	0.02296	0.01515	0.02217	0.01210	0.00990	0.01348	0.00302	0.17830	0.00802	0.03950	0.00973
23	0.01051	0.00746	0.00983	0.01167	0.01213	0.00701	0.00771	0.01189	0.01602	0.02136	0.04551	0.65089	0.05452	0.07354	0.01312	0.00379	0.00517	0.02337	0.00771	0.00679
24	0.01037	0.00741	0.00987	0.01185	0.01234	0.00691	0.00790	0.01185	0.01629	0.02172	0.04690	0.69537	0.05629	0.02666	0.01086	0.00346	0.00494	0.02419	0.00790	0.00691
25	0.05047	0.01157	0.04729	0.01433	0.01652	0.01035	0.04475	0.01673	0.05886	0.02358	0.03725	0.45174	0.04188	0.02563	0.06277	0.04554	0.00762	0.01833	0.00689	0.00792
26	0.02751	0.04844	0.05518	0.03989	0.02443	0.01982	0.01482	0.23191	0.14682	0.18485	0.03094	0.05075	0.06300	0.01158	0.00859	0.00268	0.00808	0.00931	0.00833	0.01310
27	0.03255	0.01315	0.01770	0.01401	0.01957	0.01150	0.01140	0.03600	0.02397	0.51546	0.13753	0.03503	0.03123	0.01167	0.00868	0.00261	0.00652	0.00969	0.04867	0.01304

[dist]
# distance from previous block
# <min> <max>
4	5

[block]
# block no. 4 follows, 21 sequences, length 8
# corresponding to MSA columns:
# 250-257
name=unknown_E
#
# <colnr> <probs for GDERKNQSTAVLIFYWHMCP>
#	G	D	E	R	K	N	Q	S	T	A	V	L	I	F	Y	W	H	M	C	P
0	0.52331	0.01741	0.01671	0.12197	0.02493	0.02022	0.01268	0.11903	0.01896	0.03795	0.01375	0.01632	0.01040	0.00837	0.00631	0.00265	0.00780	0.00558	0.00554	0.01009
1	0.16874	0.19807	0.15658	0.11670	0.03023	0.02432	0.01862	0.14064	0.02125	0.03183	0.01470	0.01724	0.01131	0.00832	0.00701	0.00245	0.00970	0.00597	0.00492	0.01139
2	0.07183	0.01313	0.01889	0.01592	0.02027	0.01249	0.08186	0.02580	0.05743	0.17643	0.20790	0.08736	0.04224	0.01456	0.00942	0.00286	0.00697	0.08822	0.00826	0.03817
3	0.02135	0.02483	0.17575	0.05815	0.07043	0.01904	0.24565	0.03017	0.09179	0.11045	0.02215	0.05366	0.01695	0.00930	0.00912	0.00281	0.01131	0.00933	0.00561	0.01217
4	0.01441	0.00746	0.01053	0.01076	0.01108	0.00741	0.00726	0.01233	0.01259	0.01784	0.02027	0.10533	0.02059	0.02663	0.02702	0.56526	0.00665	0.00944	0.10253	0.00463
5	0.01606	0.03694	0.52743	0.02154	0.03200	0.01741	0.02675	0.02477	0.01919	0.02839	0.14119	0.02711	0.02472	0.00995	0.00848	0.00269	0.01086	0.00811	0.00475	0.01167
6	0.01037	0.00741	0.00987	0.01185	0.01234	0.00691	0.00790	0.01185	0.01629	0.02172	0.04690	0.69537	0.05629	0.02666	0.01086	0.00346	0.00494	0.02419	0.00790	0.00691
7	0.11504	0.02282	0.03143	0.02490	0.05510	0.08300	0.20729	0.18847	0.02536	0.10844	0.01869	0.02092	0.01362	0.00895	0.00930	0.00268	0.03758	0.00794	0.00627	0.01221

[dist]
# distance from previous block
# <min> <max>
0	6

[block]
# block no. 5 follows, 21 sequences, length 24
# corresponding to MSA columns:
# 264-287
name=unknown_F
#
# <colnr> <probs for GDERKNQSTAVLIFYWHMCP>
#	G	D	E	R	K	N	Q	S	T	A	V	L	I	F	Y	W	H	M	C	P
0	0.01242	0.00836	0.01107	0.01214	0.01351	0.00778	0.00884	0.01483	0.01876	0.05425	0.16438	0.43526	0.08451	0.02346	0.01067	0.00330	0.00521	0.09533	0.00830	0.00762
1	0.01156	0.00868	0.01071	0.01020	0.01242	0.00783	0.00765	0.01513	0.02295	0.03143	0.50864	0.06800	0.21669	0.01840	0.01004	0.00272	0.00409	0.01601	0.00901	0.00783
2	0.01720	0.01657	0.02888	0.38851	0.08558	0.01942	0.11571	0.02206	0.01697	0.02270	0.01637	0.02565	0.01362	0.01074	0.01261	0.03663	0.10183	0.03520	0.00407	0.00968
3	0.01707	0.04402	0.65683	0.02426	0.03683	0.01976	0.03144	0.02695	0.01797	0.02695	0.01527	0.01797	0.01078	0.00809	0.00809	0.00270	0.01258	0.00629	0.00359	0.01258
4	0.01607	0.01513	0.02552	0.68047	0.05861	0.01891	0.02363	0.02174	0.01702	0.02174	0.01513	0.02269	0.01134	0.00851	0.00851	0.00284	0.01134	0.00756	0.00378	0.00945
5	0.01983	0.02164	0.04482	0.10726	0.15283	0.02101	0.44926	0.02647	0.01963	0.02677	0.01678	0.02259	0.01285	0.00739	0.00959	0.00281	0.01328	0.00934	0.00423	0.01162
6	0.01620	0.01514	0.02561	0.39885	0.10110	0.01719	0.07906	0.02224	0.04813	0.02433	0.06100	0.11007	0.02252	0.01129	0.00905	0.00288	0.01002	0.01050	0.00499	0.00981
7	0.76103	0.01646	0.01251	0.01119	0.01646	0.01909	0.00922	0.02502	0.01448	0.03818	0.01185	0.01382	0.00922	0.00790	0.00527	0.00263	0.00658	0.00461	0.00527	0.00922
8	0.05566	0.02228	0.02329	0.03979	0.02376	0.19354	0.07580	0.02445	0.01795	0.02414	0.01739	0.05901	0.01563	0.01175	0.01423	0.00283	0.22788	0.00809	0.13323	0.00930
9	0.10112	0.02257	0.02333	0.09106	0.02836	0.07559	0.01592	0.37109	0.08057	0.07670	0.02027	0.02099	0.01461	0.00981	0.00814	0.00259	0.00947	0.00738	0.00746	0.01295
10	0.01062	0.00754	0.00990	0.01158	0.01212	0.00708	0.00769	0.01211	0.01637	0.02194	0.07566	0.61168	0.05547	0.08048	0.01343	0.00380	0.00516	0.02279	0.00775	0.00683
11	0.01985	0.02477	0.10568	0.03560	0.07340	0.02129	0.53364	0.02717	0.01985	0.02726	0.01698	0.02240	0.01274	0.00728	0.00978	0.00284	0.01398	0.00957	0.00423	0.01168
12	0.01521	0.01067	0.01487	0.07635	0.06877	0.01025	0.01114	0.01898	0.02196	0.08786	0.36607	0.09642	0.13556	0.01629	0.00968	0.00275	0.00558	0.01431	0.00826	0.00902
13	0.03818	0.01448	0.01975	0.01514	0.02172	0.01251	0.01251	0.04147	0.02436	0.65373	0.03357	0.02897	0.02107	0.01053	0.00856	0.00263	0.00724	0.00856	0.01053	0.01448
14	0.01190	0.00955	0.01456	0.04812	0.01759	0.00913	0.06499	0.01448	0.01788	0.02399	0.13602	0.43952	0.08347	0.05247	0.01195	0.00343	0.00611	0.01980	0.00746	0.00758
15	0.02062	0.42303	0.24828	0.01975	0.02891	0.02793	0.07601	0.02613	0.01777	0.02299	0.01347	0.01595	0.01106	0.00754	0.00676	0.00221	0.01074	0.00564	0.00369	0.01152
16	0.03093	0.03282	0.02294	0.01994	0.02480	0.43376	0.01535	0.17002	0.02734	0.05867	0.01698	0.01848	0.01312	0.00928	0.00777	0.00228	0.01266	0.00633	0.06553	0.01100
17	0.02321	0.01610	0.01820	0.01595	0.02056	0.01742	0.01246	0.08802	0.35449	0.14518	0.09645	0.09505	0.03247	0.01325	0.00897	0.00284	0.00661	0.01120	0.00898	0.01257
18	0.06172	0.02132	0.08923	0.06224	0.36016	0.01914	0.13622	0.02505	0.01887	0.02758	0.01885	0.06029	0.01669	0.00933	0.00880	0.00274	0.01060	0.03456	0.00458	0.01203
19	0.01899	0.01711	0.02732	0.28658	0.28552	0.01874	0.02203	0.07797	0.02051	0.02792	0.05843	0.06290	0.01952	0.00991	0.00871	0.00271	0.00983	0.00904	0.00499	0.01129
20	0.01889	0.01786	0.02755	0.07632	0.28499	0.04002	0.08032	0.02643	0.11304	0.02727	0.02574	0.12012	0.02424	0.01233	0.00925	0.00288	0.00938	0.06618	0.00572	0.01147
21	0.01238	0.00886	0.01141	0.01276	0.01385	0.00866	0.00913	0.05202	0.01809	0.02405	0.04385	0.53090	0.05117	0.06131	0.01258	0.00372	0.00582	0.10422	0.00778	0.00744
22	0.01985	0.11393	0.36724	0.02416	0.07910	0.02051	0.06730	0.05780	0.02020	0.06404	0.07022	0.02272	0.01790	0.00894	0.00816	0.00258	0.01089	0.00743	0.00485	0.01219
23	0.01934	0.01281	0.01515	0.01342	0.01709	0.03509	0.01055	0.05442	0.06343	0.13703	0.31296	0.07940	0.05142	0.01526	0.00943	0.00270	0.00601	0.06599	0.00873	0.06979

[dist]
# distance from previous block
# <min> <max>
1	14

[block]
# block no. 6 follows, 21 sequences, length 13
# corresponding to MSA columns:
# 306-318
name=unknown_G
#
# <colnr> <probs for GDERKNQSTAVLIFYWHMCP>
#	G	D	E	R	K	N	Q	S	T	A	V	L	I	F	Y	W	H	M	C	P
0	0.19577	0.05073	0.10137	0.04539	0.02316	0.01707	0.01454	0.10067	0.02127	0.16341	0.04780	0.09830	0.02205	0.01164	0.00792	0.00269	0.00793	0.02719	0.00694	0.03417
1	0.01959	0.30505	0.37298	0.01996	0.02994	0.02537	0.02359	0.02754	0.05714	0.02476	0.01515	0.01714	0.01181	0.00799	0.00708	0.00236	0.01082	0.00581	0.00394	0.01198
2	0.01206	0.01097	0.05522	0.01253	0.01497	0.00877	0.01039	0.01566	0.02055	0.02805	0.29905	0.22097	0.12137	0.02045	0.01039	0.00310	0.00550	0.11382	0.00821	0.00795
3	0.02275	0.70604	0.04459	0.01456	0.02184	0.03367	0.01456	0.02548	0.01729	0.02002	0.01183	0.01365	0.01092	0.00728	0.00546	0.00182	0.00910	0.00455	0.00364	0.01092
4	0.01034	0.00753	0.00975	0.01152	0.01226	0.00694	0.00776	0.01189	0.01661	0.02185	0.05087	0.63347	0.11562	0.02615	0.01078	0.00340	0.00487	0.02356	0.00790	0.00694
5	0.01216	0.00912	0.01368	0.01368	0.01520	0.01064	0.01064	0.01520	0.01368	0.01976	0.02279	0.03343	0.02127	0.06382	0.66720	0.01368	0.02279	0.00912	0.00456	0.00760
6	0.14634	0.01811	0.02082	0.11147	0.02765	0.02086	0.04164	0.07635	0.37290	0.03491	0.02627	0.02627	0.01970	0.01021	0.00812	0.00281	0.00789	0.00837	0.00719	0.01216
7	0.06278	0.37568	0.12415	0.01596	0.02371	0.02480	0.01614	0.03032	0.01930	0.20598	0.01864	0.01873	0.01376	0.00837	0.00673	0.00222	0.00894	0.00597	0.00572	0.01211
8	0.01894	0.25660	0.33690	0.02070	0.03037	0.02338	0.07038	0.02549	0.01782	0.02453	0.01560	0.04509	0.01301	0.00840	0.00737	0.00236	0.01084	0.00668	0.00394	0.06159
9	0.01948	0.07428	0.07285	0.01991	0.02384	0.06025	0.10176	0.05134	0.01827	0.05322	0.06143	0.09995	0.02246	0.01653	0.03870	0.07895	0.16208	0.00992	0.00526	0.00954
10	0.01812	0.02000	0.14329	0.01636	0.02141	0.05714	0.04145	0.05070	0.05222	0.08015	0.26119	0.08579	0.04362	0.05695	0.01138	0.00306	0.00791	0.01190	0.00731	0.01003
11	0.06012	0.06312	0.16365	0.02478	0.11192	0.25461	0.02016	0.07835	0.02269	0.09834	0.01679	0.01850	0.01261	0.00867	0.00783	0.00243	0.01196	0.00639	0.00522	0.01186
12	0.40128	0.02030	0.11651	0.01471	0.02089	0.01775	0.01395	0.02382	0.01583	0.03227	0.01518	0.02115	0.01294	0.00927	0.00815	0.00258	0.06194	0.04521	0.00501	0.14126

[dist]
# distance from previous block
# <min> <max>
12	189

[block]
# block no. 7 follows, 21 sequences, length 15
# corresponding to MSA columns:
# 544,545,560-572
name=unknown_H
#
# <colnr> <probs for GDERKNQSTAVLIFYWHMCP>
#	G	D	E	R	K	N	Q	S	T	A	V	L	I	F	Y	W	H	M	C	P
0	0.07597	0.06531	0.09391	0.06670	0.20175	0.01742	0.01828	0.02480	0.01878	0.08729	0.06750	0.06498	0.02094	0.01000	0.00863	0.00248	0.03150	0.00840	0.00549	0.10989
1	0.06558	0.01880	0.07532	0.01788	0.05272	0.01714	0.01475	0.17411	0.02544	0.16960	0.12577	0.03221	0.06445	0.01180	0.00983	0.00263	0.05312	0.00929	0.00772	0.05183
2	0.08609	0.02334	0.18115	0.05875	0.06650	0.01759	0.07610	0.10618	0.02159	0.08473	0.04022	0.02342	0.01649	0.00898	0.00783	0.00251	0.00926	0.00754	0.11955	0.04217
3	0.06573	0.04798	0.05138	0.13454	0.16415	0.01899	0.06356	0.07492	0.06264	0.12821	0.01980	0.02220	0.01466	0.00854	0.00806	0.00250	0.00935	0.00745	0.00588	0.08945
4	0.11810	0.14400	0.16094	0.09420	0.07523	0.06511	0.01855	0.02595	0.01817	0.07400	0.01763	0.06356	0.01487	0.00927	0.00738	0.00244	0.00964	0.00723	0.00488	0.06886
5	0.06091	0.05507	0.02325	0.01939	0.06595	0.07083	0.05879	0.11936	0.02380	0.18584	0.07655	0.11108	0.02588	0.01196	0.00854	0.00258	0.00844	0.01016	0.00743	0.05418
6	0.01968	0.12625	0.04724	0.03969	0.05983	0.08018	0.01466	0.09612	0.02038	0.02677	0.02488	0.16980	0.02509	0.01640	0.03805	0.00323	0.07046	0.04965	0.06175	0.00986
7	0.02038	0.05749	0.02683	0.10532	0.08492	0.04712	0.08960	0.09340	0.06348	0.04902	0.05642	0.11988	0.02359	0.01269	0.01174	0.00290	0.10800	0.01058	0.00590	0.01074
8	0.07508	0.01449	0.01886	0.05503	0.06489	0.01585	0.04529	0.06062	0.15589	0.02848	0.03046	0.18725	0.03023	0.08689	0.01366	0.00363	0.03811	0.05868	0.00675	0.00986
9	0.07455	0.01089	0.01217	0.01127	0.01309	0.01269	0.00892	0.02037	0.01655	0.02982	0.02297	0.02752	0.01855	0.01082	0.01060	0.00241	0.15014	0.00757	0.53077	0.00833
10	0.09672	0.02172	0.02393	0.05562	0.02659	0.07101	0.05691	0.31778	0.07008	0.04025	0.02401	0.04712	0.05438	0.01116	0.00939	0.00270	0.04277	0.00869	0.00705	0.01211
11	0.01586	0.00793	0.00793	0.00793	0.00991	0.00793	0.00595	0.01983	0.01785	0.03173	0.02776	0.03173	0.02181	0.00991	0.00595	0.00198	0.00397	0.00793	0.74817	0.00793
12	0.01307	0.00999	0.01245	0.01278	0.01450	0.01008	0.00959	0.05946	0.01982	0.02631	0.12705	0.34395	0.15814	0.02222	0.01159	0.00325	0.04741	0.08255	0.00787	0.00793
13	0.07904	0.07093	0.07626	0.10648	0.11300	0.07633	0.20302	0.05482	0.02056	0.09315	0.01741	0.02087	0.01299	0.00813	0.00842	0.00262	0.01151	0.00774	0.00506	0.01166
14	0.02882	0.02254	0.02381	0.05190	0.10222	0.12276	0.01622	0.27507	0.02955	0.12689	0.06254	0.02445	0.01936	0.01010	0.00836	0.00250	0.00958	0.00796	0.04271	0.01265

[dist]
# distance from previous block
# <min> <max>
8	11

[block]
# block no. 8 follows, 21 sequences, length 18
# corresponding to MSA columns:
# 584-601
name=unknown_I
#
# <colnr> <probs for GDERKNQSTAVLIFYWHMCP>
#	G	D	E	R	K	N	Q	S	T	A	V	L	I	F	Y	W	H	M	C	P
0	0.01803	0.01002	0.01024	0.00946	0.01208	0.01036	0.00729	0.09857	0.02076	0.03460	0.02680	0.03024	0.02085	0.00995	0.00629	0.00206	0.00467	0.00790	0.65104	0.00879
1	0.05637	0.07722	0.03028	0.07804	0.05618	0.23949	0.11281	0.10563	0.02237	0.02714	0.01461	0.01832	0.01182	0.00933	0.01076	0.00261	0.10453	0.00691	0.00475	0.01082
2	0.02337	0.01579	0.01875	0.10254	0.02481	0.04528	0.01351	0.10717	0.11833	0.17457	0.08958	0.06849	0.07362	0.01711	0.06465	0.00367	0.00903	0.01053	0.00786	0.01133
3	0.01129	0.00857	0.01083	0.01147	0.01256	0.00848	0.00805	0.01313	0.01697	0.02260	0.11902	0.35504	0.15836	0.10821	0.05624	0.00449	0.04154	0.01878	0.00732	0.00705
4	0.01897	0.10862	0.02846	0.07098	0.02501	0.02652	0.01846	0.02123	0.01389	0.02052	0.01156	0.01827	0.01115	0.01341	0.02351	0.00341	0.54569	0.00708	0.00372	0.00953
5	0.02671	0.35554	0.03419	0.01816	0.02394	0.25042	0.01565	0.09650	0.02199	0.02420	0.01324	0.01532	0.01136	0.00860	0.00797	0.00215	0.05331	0.00541	0.00446	0.01087
6	0.01456	0.04167	0.04041	0.01277	0.01551	0.01157	0.01041	0.04767	0.01982	0.04634	0.15508	0.13628	0.18189	0.10058	0.01486	0.00365	0.04097	0.09032	0.00737	0.00826
7	0.09625	0.05123	0.05620	0.01883	0.02502	0.07152	0.04278	0.22242	0.23442	0.05931	0.02356	0.02326	0.01743	0.00998	0.00812	0.00264	0.00897	0.00781	0.00736	0.01290
8	0.01803	0.01002	0.01024	0.00946	0.01208	0.01036	0.00729	0.09857	0.02076	0.03460	0.02680	0.03024	0.02085	0.00995	0.00629	0.00206	0.00467	0.00790	0.65104	0.00879
9	0.02447	0.11869	0.05544	0.01599	0.02109	0.04473	0.01386	0.05855	0.04731	0.19562	0.08758	0.06135	0.02459	0.01167	0.01060	0.00257	0.09661	0.00882	0.03310	0.06737
10	0.08875	0.06608	0.05106	0.01798	0.08237	0.04878	0.01305	0.05606	0.01862	0.02624	0.05616	0.19460	0.07647	0.07143	0.03906	0.00375	0.03668	0.03762	0.00612	0.00912
