[name]
unknown

[dist]
# distance from previous block
# <min> <max>
0	10

[block]
# block no. 0 follows, 25 sequences, length 17
# corresponding to MSA columns:
# 10-26
name=unknown_A
#
# <colnr> <probs for GDERKNQSTAVLIFYWHMCP>
#	G	D	E	R	K	N	Q	S	T	A	V	L	I	F	Y	W	H	M	C	P
0	0.01326	0.00855	0.01082	0.01066	0.01222	0.00827	0.00759	0.01654	0.06306	0.07515	0.25070	0.21772	0.04784	0.14582	0.01580	0.04622	0.00523	0.03015	0.00722	0.00718
1	0.00990	0.00710	0.00889	0.00997	0.01065	0.00664	0.00659	0.01123	0.01499	0.01988	0.09348	0.47523	0.10890	0.16049	0.01554	0.00389	0.00497	0.01875	0.00682	0.00609
2	0.01390	0.00839	0.01038	0.01004	0.01146	0.00780	0.00670	0.01518	0.01489	0.10074	0.09246	0.22984	0.03681	0.33870	0.02271	0.00485	0.00611	0.01368	0.00635	0.04899
3	0.43967	0.01368	0.01324	0.01162	0.01615	0.01472	0.00931	0.02655	0.07050	0.19212	0.02133	0.10461	0.01760	0.01017	0.00642	0.00251	0.00597	0.00766	0.00653	0.00964
4	0.00958	0.00680	0.00896	0.01063	0.01105	0.00638	0.00702	0.01083	0.01459	0.01946	0.04144	0.67487	0.04965	0.07410	0.01199	0.00346	0.00471	0.02128	0.00702	0.00618
5	0.00960	0.00681	0.00895	0.01060	0.01101	0.00640	0.00699	0.01084	0.01455	0.01940	0.04121	0.66658	0.04936	0.08278	0.01236	0.00351	0.00475	0.02115	0.00699	0.00616
6	0.01058	0.00726	0.00913	0.01020	0.01114	0.00674	0.00688	0.01221	0.01479	0.02082	0.03747	0.54230	0.04330	0.07988	0.01158	0.00324	0.00471	0.01836	0.10068	0.04874
7	0.01081	0.00738	0.00853	0.00889	0.00911	0.00723	0.00525	0.01117	0.01229	0.01626	0.03065	0.18507	0.06378	0.55418	0.03215	0.00642	0.00675	0.01365	0.00531	0.00510
8	0.02341	0.01167	0.01500	0.01278	0.01666	0.01094	0.01000	0.10247	0.02218	0.31920	0.16251	0.19391	0.03686	0.01425	0.00855	0.00257	0.00575	0.01228	0.00860	0.01040
9	0.01657	0.01306	0.01496	0.01378	0.01737	0.01365	0.01108	0.11718	0.20155	0.02998	0.08903	0.09632	0.09164	0.01483	0.00874	0.00271	0.00618	0.16001	0.00735	0.07402
10	0.01693	0.01788	0.03709	0.02744	0.03320	0.01742	0.47780	0.02158	0.01662	0.02270	0.01730	0.07996	0.01515	0.01078	0.01277	0.08612	0.06617	0.00979	0.00410	0.00919
11	0.02533	0.01934	0.02103	0.01609	0.02233	0.02025	0.01316	0.44727	0.08030	0.04169	0.01841	0.01878	0.01358	0.00851	0.00726	0.00206	0.00765	0.00652	0.00698	0.20347
12	0.01772	0.01476	0.01696	0.01227	0.01907	0.01202	0.00987	0.09743	0.01858	0.02817	0.01438	0.01639	0.01169	0.00618	0.00599	0.00129	0.00609	0.00489	0.00498	0.68127
13	0.01752	0.01386	0.01613	0.01281	0.01789	0.01285	0.01014	0.15598	0.04088	0.03029	0.09951	0.07836	0.02357	0.01376	0.06517	0.00272	0.00727	0.00807	0.00603	0.36717
14	0.01009	0.00751	0.00939	0.00973	0.01124	0.00681	0.00699	0.01262	0.01866	0.02519	0.33882	0.28794	0.18755	0.01950	0.00941	0.00272	0.00400	0.01723	0.00781	0.00681
15	0.01953	0.01435	0.01678	0.01257	0.01864	0.01239	0.01011	0.12799	0.02084	0.09368	0.09751	0.02265	0.02010	0.00796	0.00670	0.00163	0.00604	0.00647	0.00610	0.47798
16	0.02849	0.02123	0.02271	0.01764	0.02367	0.02359	0.01450	0.59414	0.09721	0.04728	0.01987	0.01961	0.01420	0.00942	0.00777	0.00236	0.00830	0.00715	0.00777	0.01310

[dist]
# distance from previous block
# <min> <max>
0	88

[block]
# block no. 1 follows, 25 sequences, length 135
# corresponding to MSA columns:
# 115-249
name=unknown_B
#
# <colnr> <probs for GDERKNQSTAVLIFYWHMCP>
#	G	D	E	R	K	N	Q	S	T	A	V	L	I	F	Y	W	H	M	C	P
0	0.08481	0.01628	0.01800	0.01459	0.01985	0.01707	0.01171	0.20165	0.19841	0.17081	0.04542	0.02472	0.01923	0.03475	0.00853	0.00250	0.00680	0.00755	0.00753	0.08978
1	0.09325	0.08542	0.02226	0.05507	0.02285	0.03992	0.06119	0.25045	0.06587	0.06014	0.05157	0.07836	0.01932	0.01013	0.00742	0.00236	0.00783	0.00828	0.04771	0.01061
2	0.01795	0.01809	0.02350	0.02114	0.05685	0.07255	0.04745	0.02193	0.06708	0.02114	0.01454	0.02195	0.01348	0.01214	0.01878	0.00300	0.44575	0.04180	0.00414	0.05672
3	0.01733	0.01553	0.01647	0.01240	0.01867	0.06312	0.00978	0.05031	0.01744	0.02561	0.01551	0.05591	0.01370	0.00713	0.00617	0.00138	0.00643	0.00572	0.00485	0.63653
4	0.08452	0.03001	0.02288	0.07717	0.06177	0.47180	0.05117	0.02912	0.02035	0.06232	0.01355	0.01587	0.01069	0.00787	0.00709	0.00215	0.01231	0.00560	0.00435	0.00944
5	0.53307	0.01890	0.01529	0.01503	0.06762	0.13424	0.01095	0.02550	0.01578	0.08426	0.01290	0.01446	0.00985	0.00751	0.00564	0.00232	0.00767	0.00484	0.00498	0.00919
6	0.06428	0.01770	0.01744	0.01549	0.01983	0.07328	0.01206	0.09223	0.42939	0.07255	0.02841	0.07862	0.02257	0.01101	0.00778	0.00256	0.00689	0.00899	0.00744	0.01147
7	0.01721	0.01058	0.01356	0.07195	0.01781	0.01063	0.00987	0.07476	0.05468	0.14950	0.03507	0.33021	0.06440	0.08805	0.01193	0.00327	0.00612	0.01460	0.00717	0.00861
8	0.01717	0.01846	0.03706	0.22878	0.06413	0.01919	0.39862	0.02287	0.01698	0.02292	0.01468	0.02048	0.01125	0.00744	0.00994	0.00265	0.06559	0.00824	0.00374	0.00983
9	0.01715	0.01839	0.03573	0.18948	0.03924	0.01993	0.36675	0.02233	0.01626	0.02233	0.01406	0.02001	0.01109	0.00833	0.01231	0.00277	0.16243	0.00811	0.00370	0.00960
10	0.00951	0.00677	0.00898	0.01072	0.01115	0.00634	0.00712	0.01081	0.01473	0.01964	0.04213	0.70037	0.05052	0.04741	0.01087	0.00329	0.00460	0.02169	0.00712	0.00625
11	0.01608	0.01378	0.01608	0.01148	0.01837	0.01034	0.00919	0.01952	0.01608	0.02527	0.01378	0.01608	0.01148	0.00574	0.00574	0.00115	0.00574	0.00459	0.00459	0.77491
12	0.04951	0.25501	0.03897	0.06909	0.03165	0.02345	0.30893	0.04568	0.01729	0.02316	0.01349	0.01743	0.01088	0.00723	0.00852	0.00233	0.05658	0.00692	0.00383	0.01005
13	0.01022	0.00872	0.00890	0.00870	0.01146	0.00782	0.00657	0.01420	0.08096	0.02247	0.09766	0.06950	0.58846	0.01860	0.00904	0.00261	0.00413	0.01553	0.00732	0.00713
14	0.00919	0.00775	0.00797	0.00814	0.01055	0.00652	0.00602	0.01110	0.01740	0.02083	0.07507	0.13750	0.61536	0.02009	0.00923	0.00267	0.00398	0.01692	0.00720	0.00652
15	0.00916	0.00785	0.00785	0.00785	0.01047	0.00655	0.00589	0.01113	0.01767	0.02095	0.07855	0.07462	0.67599	0.01964	0.00916	0.00262	0.00393	0.01636	0.00720	0.00655
16	0.00916	0.00785	0.00785	0.00785	0.01047	0.00655	0.00589	0.01113	0.01767	0.02095	0.07855	0.07462	0.67599	0.01964	0.00916	0.00262	0.00393	0.01636	0.00720	0.00655
17	0.78228	0.01499	0.01140	0.01020	0.01499	0.01739	0.00840	0.02279	0.01320	0.03479	0.01080	0.01260	0.00840	0.00720	0.00480	0.00240	0.00600	0.00420	0.00480	0.00840
18	0.01097	0.00793	0.01036	0.00975	0.01158	0.00732	0.00732	0.01463	0.02195	0.03109	0.67505	0.05792	0.07316	0.01585	0.00914	0.00244	0.00366	0.01402	0.00854	0.00732
19	0.01464	0.01378	0.02326	0.70887	0.05340	0.01723	0.02153	0.01981	0.01550	0.01981	0.01378	0.02067	0.01034	0.00775	0.00775	0.00258	0.01034	0.00689	0.00345	0.00861
20	0.01919	0.01842	0.03147	0.04759	0.67914	0.01842	0.02380	0.02380	0.01765	0.02533	0.01458	0.01919	0.01228	0.00691	0.00768	0.00230	0.00921	0.00691	0.00384	0.01228
21	0.72139	0.01485	0.01193	0.01049	0.01539	0.01691	0.00864	0.02401	0.01393	0.08771	0.01241	0.01372	0.00928	0.00739	0.00504	0.00240	0.00605	0.00449	0.00519	0.00879
22	0.78228	0.01499	0.01140	0.01020	0.01499	0.01739	0.00840	0.02279	0.01320	0.03479	0.01080	0.01260	0.00840	0.00720	0.00480	0.00240	0.00600	0.00420	0.00480	0.00840
23	0.01929	0.01666	0.01753	0.01578	0.02016	0.01929	0.01227	0.04120	0.66513	0.03243	0.03156	0.02893	0.02367	0.01052	0.00789	0.00263	0.00614	0.00877	0.00789	0.01227
24	0.01464	0.01378	0.02326	0.70887	0.05340	0.01723	0.02153	0.01981	0.01550	0.01981	0.01378	0.02067	0.01034	0.00775	0.00775	0.00258	0.01034	0.00689	0.00345	0.00861
25	0.03479	0.01320	0.01799	0.01380	0.01979	0.01140	0.01140	0.03779	0.02219	0.68451	0.03059	0.02639	0.01919	0.00960	0.00780	0.00240	0.00660	0.00780	0.00960	0.01320
26	0.00945	0.00675	0.00900	0.01080	0.01125	0.00630	0.00720	0.01080	0.01484	0.01979	0.04274	0.72245	0.05128	0.02429	0.00990	0.00315	0.00450	0.02204	0.00720	0.00630
27	0.00919	0.00777	0.00794	0.00808	0.01053	0.00653	0.00599	0.01110	0.01746	0.02086	0.07581	0.12406	0.62832	0.01999	0.00922	0.00266	0.00397	0.01680	0.00720	0.00653
28	0.01578	0.03854	0.63508	0.02296	0.03413	0.01814	0.07934	0.02458	0.01653	0.02458	0.01406	0.01674	0.00998	0.00730	0.00751	0.00247	0.01159	0.00601	0.00333	0.01138
29	0.01249	0.00892	0.01249	0.01428	0.01606	0.00892	0.01249	0.01606	0.01785	0.02320	0.04105	0.08746	0.04462	0.02142	0.01071	0.00357	0.00714	0.62695	0.00714	0.00714
30	0.00945	0.00675	0.00900	0.01080	0.01125	0.00630	0.00720	0.01080	0.01484	0.01979	0.04274	0.72245	0.05128	0.02429	0.00990	0.00315	0.00450	0.02204	0.00720	0.00630
31	0.02827	0.02107	0.02327	0.07412	0.02644	0.02349	0.01529	0.60169	0.03475	0.04650	0.01822	0.01878	0.01295	0.00918	0.00776	0.00235	0.00868	0.00697	0.00741	0.01281
32	0.00945	0.00675	0.00900	0.01080	0.01125	0.00630	0.00720	0.01080	0.01484	0.01979	0.04274	0.72245	0.05128	0.02429	0.00990	0.00315	0.00450	0.02204	0.00720	0.00630
33	0.01761	0.01804	0.02365	0.02034	0.02055	0.06010	0.01686	0.01932	0.01242	0.01868	0.01028	0.01680	0.01017	0.01327	0.02445	0.00332	0.67552	0.00669	0.00343	0.00851
34	0.11423	0.11276	0.02334	0.01588	0.02187	0.02309	0.01334	0.41772	0.08129	0.04077	0.01751	0.01783	0.01298	0.00864	0.00696	0.00222	0.00788	0.00632	0.00669	0.04868
35	0.06943	0.13132	0.04329	0.01495	0.02103	0.01885	0.01295	0.18043	0.09260	0.30217	0.02310	0.02153	0.01590	0.00895	0.00717	0.00229	0.00740	0.00687	0.00752	0.01226
36	0.01050	0.00791	0.00971	0.00926	0.01129	0.00711	0.00694	0.01371	0.02083	0.02843	0.51866	0.06230	0.23121	0.01684	0.00915	0.00249	0.00373	0.01464	0.00819	0.00711
37	0.02987	0.01283	0.01689	0.01344	0.01869	0.01165	0.01092	0.03494	0.08929	0.52592	0.11995	0.03102	0.02714	0.01056	0.00799	0.00243	0.00614	0.00876	0.00927	0.01228
38	0.03330	0.01394	0.01826	0.01417	0.02006	0.01271	0.01165	0.07279	0.07206	0.59887	0.02999	0.02615	0.01920	0.00965	0.00780	0.00241	0.00667	0.00783	0.00936	0.01312
39	0.03479	0.01320	0.01799	0.01380	0.01979	0.01140	0.01140	0.03779	0.02219	0.68451	0.03059	0.02639	0.01919	0.00960	0.00780	0.00240	0.00660	0.00780	0.00960	0.01320
40	0.01795	0.08552	0.13385	0.06298	0.03838	0.02024	0.47701	0.02441	0.01767	0.02397	0.01491	0.01953	0.01126	0.00672	0.00847	0.00251	0.01229	0.00812	0.00375	0.01046
41	0.02906	0.03402	0.02222	0.01956	0.02398	0.56692	0.01493	0.15079	0.02476	0.02473	0.01326	0.01487	0.01060	0.00824	0.00714	0.00206	0.01293	0.00538	0.00472	0.00980
42	0.01555	0.04011	0.68733	0.02210	0.03356	0.01801	0.02865	0.02455	0.01637	0.02455	0.01391	0.01637	0.00982	0.00737	0.00737	0.00246	0.01146	0.00573	0.00327	0.01146
43	0.01097	0.00793	0.01036	0.00975	0.01158	0.00732	0.00732	0.01463	0.02195	0.03109	0.67505	0.05792	0.07316	0.01585	0.00914	0.00244	0.00366	0.01402	0.00854	0.00732
44	0.01696	0.01696	0.02375	0.02036	0.02036	0.02375	0.01696	0.01866	0.01187	0.01866	0.01018	0.01696	0.01018	0.01357	0.02545	0.00339	0.71332	0.00679	0.00339	0.00848
45	0.01128	0.00752	0.00846	0.00846	0.00846	0.00752	0.00470	0.01128	0.01128	0.01503	0.02443	0.05074	0.02819	0.72751	0.03946	0.00752	0.00752	0.01128	0.00470	0.00470
46	0.01128	0.00752	0.00846	0.00846	0.00846	0.00752	0.00470	0.01128	0.01128	0.01503	0.02443	0.05074	0.02819	0.72751	0.03946	0.00752	0.00752	0.01128	0.00470	0.00470
47	0.02073	0.73217	0.04063	0.01327	0.01990	0.03068	0.01327	0.02322	0.01575	0.01824	0.01078	0.01244	0.00995	0.00663	0.00498	0.00166	0.00829	0.00415	0.00332	0.00995
48	0.01469	0.00788	0.01111	0.01069	0.01117	0.00806	0.00734	0.05919	0.01211	0.01617	0.01386	0.02319	0.01345	0.02559	0.02858	0.71549	0.00687	0.00675	0.00370	0.00412
49	0.01669	0.19233	0.54509	0.02016	0.03055	0.02079	0.02526	0.02426	0.01623	0.02317	0.01322	0.01551	0.00985	0.00721	0.00684	0.00228	0.01076	0.00538	0.00328	0.01113
50	0.05469	0.05492	0.02330	0.01706	0.02322	0.02318	0.01420	0.55496	0.03359	0.09543	0.01889	0.01871	0.01333	0.00913	0.00753	0.00230	0.00829	0.00681	0.00758	0.01287
51	0.01813	0.01891	0.02358	0.02032	0.02071	0.08932	0.01677	0.01986	0.01286	0.01869	0.01035	0.01667	0.01016	0.01303	0.02365	0.00326	0.64514	0.00661	0.00345	0.00853
52	0.01121	0.00776	0.00970	0.00970	0.01013	0.00819	0.00625	0.01207	0.01164	0.01595	0.02330	0.04445	0.02546	0.52006	0.24318	0.00905	0.01162	0.01036	0.00453	0.00539
53	0.01776	0.02287	0.12769	0.07406	0.07105	0.01919	0.50024	0.02444	0.01784	0.02451	0.01528	0.02022	0.01145	0.00674	0.00876	0.00258	0.01251	0.00845	0.00380	0.01056
54	0.01736	0.01700	0.03027	0.29522	0.35816	0.01813	0.10621	0.02243	0.01693	0.02318	0.01443	0.01998	0.01148	0.00718	0.00790	0.00245	0.01015	0.00720	0.00370	0.01065
55	0.78228	0.01499	0.01140	0.01020	0.01499	0.01739	0.00840	0.02279	0.01320	0.03479	0.01080	0.01260	0.00840	0.00720	0.00480	0.00240	0.00600	0.00420	0.00480	0.00840
56	0.01119	0.00737	0.00951	0.01055	0.01156	0.00684	0.00721	0.01264	0.01524	0.06083	0.04354	0.53914	0.11044	0.07853	0.03340	0.00368	0.00531	0.01931	0.00706	0.00665
57	0.02010	0.12152	0.07496	0.01596	0.02294	0.01820	0.06499	0.16533	0.05748	0.02991	0.01561	0.01727	0.01223	0.00713	0.00661	0.00179	0.00779	0.00576	0.00516	0.32927
58	0.01347	0.00673	0.01010	0.01010	0.01010	0.00673	0.00673	0.01010	0.01010	0.01347	0.01347	0.02357	0.01347	0.02694	0.03030	0.77441	0.00673	0.00673	0.00337	0.00337
59	0.01108	0.00831	0.01246	0.01246	0.01385	0.00969	0.00969	0.01385	0.01246	0.01800	0.02077	0.03046	0.01938	0.05815	0.69678	0.01246	0.02077	0.00831	0.00415	0.00692
60	0.01354	0.00873	0.01144	0.03436	0.01435	0.00846	0.00855	0.01732	0.06702	0.09693	0.19205	0.40915	0.04955	0.01903	0.00926	0.00284	0.00485	0.01702	0.00771	0.00784
61	0.02876	0.07959	0.02468	0.01747	0.02371	0.02459	0.01462	0.60197	0.03477	0.04637	0.01798	0.01811	0.01292	0.00909	0.00753	0.00227	0.00851	0.00675	0.00739	0.01292
62	0.01830	0.02092	0.04575	0.03268	0.04052	0.01961	0.65098	0.02484	0.01830	0.02484	0.01569	0.02092	0.01176	0.00654	0.00915	0.00261	0.01307	0.00915	0.00392	0.01046
63	0.01249	0.00892	0.01249	0.01428	0.01606	0.00892	0.01249	0.01606	0.01785	0.02320	0.04105	0.08746	0.04462	0.02142	0.01071	0.00357	0.00714	0.62695	0.00714	0.00714
64	0.01608	0.01378	0.01608	0.01148	0.01837	0.01034	0.00919	0.01952	0.01608	0.02527	0.01378	0.01608	0.01148	0.00574	0.00574	0.00115	0.00574	0.00459	0.00459	0.77491
65	0.01239	0.01115	0.06635	0.01219	0.01426	0.01000	0.00987	0.04998	0.01456	0.02064	0.02516	0.16251	0.02595	0.16917	0.31057	0.00781	0.01282	0.01111	0.04638	0.00712
66	0.03331	0.01557	0.01947	0.01492	0.02098	0.01492	0.01233	0.20950	0.02617	0.50718	0.02725	0.02422	0.01752	0.00952	0.00779	0.00238	0.00714	0.00757	0.00908	0.01319
67	0.01284	0.01048	0.01644	0.10412	0.02006	0.01107	0.09728	0.01513	0.01368	0.01887	0.02328	0.12066	0.02443	0.31361	0.08817	0.00564	0.03425	0.01104	0.05227	0.00670
68	0.01731	0.01456	0.01717	0.04980	0.02082	0.01205	0.01040	0.08134	0.01803	0.02727	0.01425	0.01657	0.01159	0.00620	0.00605	0.00134	0.00626	0.00495	0.00484	0.65921
69	0.25152	0.32522	0.13158	0.01451	0.02085	0.06823	0.01450	0.02359	0.01530	0.02433	0.01133	0.01342	0.00947	0.00734	0.00641	0.00211	0.04229	0.00459	0.00381	0.00958
70	0.01800	0.02033	0.04392	0.08776	0.04157	0.01941	0.59971	0.02443	0.01807	0.02443	0.01553	0.02090	0.01165	0.00663	0.00904	0.00261	0.01285	0.00897	0.00388	0.01031
71	0.00981	0.00723	0.00924	0.01076	0.01154	0.00683	0.00729	0.01203	0.04090	0.02039	0.04519	0.64238	0.10083	0.02337	0.00976	0.00309	0.00452	0.02105	0.00723	0.00656
72	0.01929	0.01666	0.01753	0.01578	0.02016	0.01929	0.01227	0.04120	0.66513	0.03243	0.03156	0.02893	0.02367	0.01052	0.00789	0.00263	0.00614	0.00877	0.00789	0.01227
73	0.01097	0.00793	0.01036	0.00975	0.01158	0.00732	0.00732	0.01463	0.02195	0.03109	0.67505	0.05792	0.07316	0.01585	0.00914	0.00244	0.00366	0.01402	0.00854	0.00732
74	0.01555	0.04011	0.68733	0.02210	0.03356	0.01801	0.02865	0.02455	0.01637	0.02455	0.01391	0.01637	0.00982	0.00737	0.00737	0.00246	0.01146	0.00573	0.00327	0.01146
75	0.01919	0.01842	0.03147	0.04759	0.67914	0.01842	0.02380	0.02380	0.01765	0.02533	0.01458	0.01919	0.01228	0.00691	0.00768	0.00230	0.00921	0.00691	0.00384	0.01228
76	0.01929	0.01666	0.01753	0.01578	0.02016	0.01929	0.01227	0.04120	0.66513	0.03243	0.03156	0.02893	0.02367	0.01052	0.00789	0.00263	0.00614	0.00877	0.00789	0.01227
77	0.01608	0.01378	0.01608	0.01148	0.01837	0.01034	0.00919	0.01952	0.01608	0.02527	0.01378	0.01608	0.01148	0.00574	0.00574	0.00115	0.00574	0.00459	0.00459	0.77491
78	0.03479	0.01320	0.01799	0.01380	0.01979	0.01140	0.01140	0.03779	0.02219	0.68451	0.03059	0.02639	0.01919	0.00960	0.00780	0.00240	0.00660	0.00780	0.00960	0.01320
79	0.01108	0.00831	0.01246	0.01246	0.01385	0.00969	0.00969	0.01385	0.01246	0.01800	0.02077	0.03046	0.01938	0.05815	0.69678	0.01246	0.02077	0.00831	0.00415	0.00692
80	0.01128	0.00752	0.00846	0.00846	0.00846	0.00752	0.00470	0.01128	0.01128	0.01503	0.02443	0.05074	0.02819	0.72751	0.03946	0.00752	0.00752	0.01128	0.00470	0.00470
81	0.01929	0.01666	0.01753	0.01578	0.02016	0.01929	0.01227	0.04120	0.66513	0.03243	0.03156	0.02893	0.02367	0.01052	0.00789	0.00263	0.00614	0.00877	0.00789	0.01227
82	0.02742	0.01973	0.02107	0.01638	0.02199	0.02174	0.01346	0.56621	0.03369	0.04613	0.01953	0.02003	0.01410	0.00927	0.00744	0.00226	0.00786	0.00701	0.11232	0.01237
83	0.04955	0.01746	0.02024	0.07211	0.02390	0.01864	0.01351	0.34696	0.06842	0.17744	0.07128	0.02381	0.01926	0.00965	0.00773	0.00236	0.00759	0.00764	0.00768	0.03478
84	0.01896	0.13072	0.03286	0.10315	0.48512	0.02030	0.05298	0.02338	0.01719	0.02367	0.01396	0.01835	0.01171	0.00693	0.00733	0.00224	0.00936	0.00658	0.00372	0.01148
85	0.01363	0.00851	0.01122	0.01021	0.01250	0.00777	0.00777	0.01722	0.02198	0.10404	0.60310	0.05440	0.06713	0.01515	0.00899	0.00243	0.00399	0.01333	0.00865	0.00797
86	0.01608	0.01378	0.01608	0.01148	0.01837	0.01034	0.00919	0.01952	0.01608	0.02527	0.01378	0.01608	0.01148	0.00574	0.00574	0.00115	0.00574	0.00459	0.00459	0.77491
87	0.01801	0.06418	0.24120	0.03572	0.35576	0.01911	0.10690	0.02414	0.01723	0.02464	0.01431	0.01816	0.01131	0.00699	0.00763	0.00236	0.01038	0.00668	0.00364	0.01166
88	0.01479	0.01398	0.02329	0.66605	0.05135	0.01763	0.02125	0.01974	0.01528	0.01974	0.01356	0.02044	0.01033	0.00811	0.00885	0.00263	0.05406	0.00688	0.00344	0.00861
89	0.00962	0.00785	0.00852	0.00855	0.01089	0.00675	0.00642	0.01192	0.01834	0.02285	0.18702	0.10397	0.51319	0.01921	0.00924	0.00264	0.00400	0.03487	0.00745	0.00670
90	0.01449	0.01320	0.01900	0.11599	0.02206	0.01726	0.01438	0.01647	0.01275	0.01848	0.01714	0.11325	0.01781	0.06030	0.10216	0.03519	0.36919	0.00922	0.00406	0.00761
91	0.01713	0.08893	0.07648	0.14716	0.03374	0.01998	0.24387	0.04370	0.01662	0.02259	0.01605	0.07608	0.01418	0.00964	0.01133	0.00268	0.13770	0.00857	0.00404	0.00954
92	0.01431	0.00927	0.01294	0.01424	0.01637	0.00913	0.01240	0.01783	0.01820	0.07707	0.04020	0.08249	0.04255	0.02046	0.01047	0.00347	0.00710	0.57652	0.00734	0.00763
93	0.02776	0.06987	0.02367	0.02189	0.07713	0.60820	0.01561	0.02999	0.02131	0.01946	0.01214	0.01433	0.01017	0.00783	0.00695	0.00201	0.01331	0.00511	0.00395	0.00930
94	0.01618	0.01387	0.01613	0.01162	0.01843	0.01063	0.00929	0.02023	0.03711	0.02550	0.01436	0.01649	0.01188	0.00590	0.00581	0.00120	0.00575	0.00473	0.00470	0.75019
95	0.04925	0.45911	0.03319	0.01527	0.02119	0.17914	0.01368	0.10708	0.01977	0.02295	0.01207	0.01360	0.01033	0.00731	0.00579	0.00185	0.00953	0.00471	0.00410	0.01010
96	0.01339	0.00868	0.01006	0.00939	0.01227	0.00751	0.00725	0.01595	0.01932	0.11871	0.20917	0.06427	0.41823	0.01738	0.00902	0.00258	0.00437	0.03689	0.00785	0.00770
97	0.01769	0.01689	0.02876	0.26611	0.47236	0.01803	0.02305	0.02248	0.01694	0.02351	0.01432	0.01968	0.01164	0.00719	0.00770	0.00240	0.00958	0.00690	0.00371	0.01107
98	0.00945	0.00675	0.00900	0.01080	0.01125	0.00630	0.00720	0.01080	0.01484	0.01979	0.04274	0.72245	0.05128	0.02429	0.00990	0.00315	0.00450	0.02204	0.00720	0.00630
99	0.00945	0.00675	0.00900	0.01080	0.01125	0.00630	0.00720	0.01080	0.01484	0.01979	0.04274	0.72245	0.05128	0.02429	0.00990	0.00315	0.00450	0.02204	0.00720	0.00630
100	0.00945	0.00675	0.00900	0.01080	0.01125	0.00630	0.00720	0.01080	0.01484	0.01979	0.04274	0.72245	0.05128	0.02429	0.00990	0.00315	0.00450	0.02204	0.00720	0.00630
101	0.00916	0.00785	0.00785	0.00785	0.01047	0.00655	0.00589	0.01113	0.01767	0.02095	0.07855	0.07462	0.67599	0.01964	0.00916	0.00262	0.00393	0.01636	0.00720	0.00655
102	0.00995	0.00714	0.00945	0.01045	0.01136	0.00663	0.00724	0.01206	0.01719	0.02353	0.25169	0.50285	0.05851	0.02150	0.00965	0.00291	0.00422	0.01939	0.00764	0.00663
103	0.01464	0.01378	0.02326	0.70887	0.05340	0.01723	0.02153	0.01981	0.01550	0.01981	0.01378	0.02067	0.01034	0.00775	0.00775	0.00258	0.01034	0.00689	0.00345	0.00861
104	0.01999	0.63276	0.13353	0.01454	0.02186	0.02886	0.01548	0.02341	0.01584	0.01915	0.01123	0.01300	0.00993	0.00674	0.00532	0.00177	0.00875	0.00437	0.00331	0.01017
105	0.01608	0.01378	0.01608	0.01148	0.01837	0.01034	0.00919	0.01952	0.01608	0.02527	0.01378	0.01608	0.01148	0.00574	0.00574	0.00115	0.00574	0.00459	0.00459	0.77491
106	0.01773	0.01502	0.01619	0.01465	0.01856	0.01705	0.01135	0.03624	0.54498	0.03218	0.15177	0.03434	0.03291	0.01152	0.00812	0.00259	0.00567	0.00975	0.00801	0.01135
107	0.01624	0.13199	0.60148	0.02093	0.03175	0.01969	0.02661	0.02438	0.01629	0.02372	0.01350	0.01585	0.00984	0.00727	0.00705	0.00235	0.01104	0.00552	0.00328	0.01126
108	0.01464	0.01378	0.02326	0.70887	0.05340	0.01723	0.02153	0.01981	0.01550	0.01981	0.01378	0.02067	0.01034	0.00775	0.00775	0.00258	0.01034	0.00689	0.00345	0.00861
109	0.01075	0.00776	0.01017	0.00990	0.01154	0.00717	0.00730	0.01408	0.02093	0.02947	0.58422	0.15337	0.07002	0.01706	0.00925	0.00254	0.00378	0.01517	0.00834	0.00717
110	0.00945	0.00675	0.00900	0.01080	0.01125	0.00630	0.00720	0.01080	0.01484	0.01979	0.04274	0.72245	0.05128	0.02429	0.00990	0.00315	0.00450	0.02204	0.00720	0.00630
111	0.02947	0.02172	0.02327	0.01784	0.02404	0.02404	0.01474	0.65329	0.03646	0.04887	0.01862	0.01862	0.01319	0.00931	0.00776	0.00233	0.00853	0.00698	0.00776	0.01319
112	0.02073	0.73217	0.04063	0.01327	0.01990	0.03068	0.01327	0.02322	0.01575	0.01824	0.01078	0.01244	0.00995	0.00663	0.00498	0.00166	0.00829	0.00415	0.00332	0.00995
113	0.01108	0.00831	0.01246	0.01246	0.01385	0.00969	0.00969	0.01385	0.01246	0.01800	0.02077	0.03046	0.01938	0.05815	0.69678	0.01246	0.02077	0.00831	0.00415	0.00692
114	0.01929	0.01666	0.01753	0.01578	0.02016	0.01929	0.01227	0.04120	0.66513	0.03243	0.03156	0.02893	0.02367	0.01052	0.00789	0.00263	0.00614	0.00877	0.00789	0.01227
115	0.01830	0.02092	0.04575	0.03268	0.04052	0.01961	0.65098	0.02484	0.01830	0.02484	0.01569	0.02092	0.01176	0.00654	0.00915	0.00261	0.01307	0.00915	0.00392	0.01046
116	0.01097	0.00793	0.01036	0.00975	0.01158	0.00732	0.00732	0.01463	0.02195	0.03109	0.67505	0.05792	0.07316	0.01585	0.00914	0.00244	0.00366	0.01402	0.00854	0.00732
117	0.01111	0.00755	0.00898	0.00912	0.00932	0.00769	0.00549	0.01155	0.01169	0.01576	0.02538	0.09954	0.02888	0.59273	0.11686	0.00778	0.00889	0.01174	0.00482	0.00509
118	0.01269	0.01068	0.01555	0.01462	0.01563	0.01354	0.01168	0.01516	0.01230	0.01818	0.01787	0.02676	0.01686	0.04594	0.51283	0.00998	0.21053	0.00789	0.00395	0.00735
119	0.02896	0.03695	0.02197	0.01998	0.02397	0.69638	0.01498	0.03096	0.02197	0.01898	0.01199	0.01398	0.00999	0.00799	0.00699	0.00200	0.01398	0.00499	0.00400	0.00899
120	0.01518	0.01468	0.02503	0.58119	0.04877	0.01813	0.06906	0.02007	0.01532	0.02007	0.01353	0.02028	0.01043	0.00830	0.00981	0.00268	0.08822	0.00705	0.00348	0.00874
121	0.00945	0.00675	0.00900	0.01080	0.01125	0.00630	0.00720	0.01080	0.01484	0.01979	0.04274	0.72245	0.05128	0.02429	0.00990	0.00315	0.00450	0.02204	0.00720	0.00630
122	0.01791	0.02367	0.13791	0.03116	0.03952	0.01938	0.56159	0.02480	0.01802	0.02480	0.01543	0.02026	0.01149	0.00666	0.00889	0.00259	0.01284	0.00866	0.00383	0.01060
123	0.01919	0.01842	0.03147	0.04759	0.67914	0.01842	0.02380	0.02380	0.01765	0.02533	0.01458	0.01919	0.01228	0.00691	0.00768	0.00230	0.00921	0.00691	0.00384	0.01228
124	0.01650	0.01633	0.02365	0.15812	0.02697	0.02244	0.01788	0.01889	0.01260	0.01889	0.01090	0.01771	0.01021	0.01241	0.02190	0.00323	0.57266	0.00681	0.00340	0.00851
125	0.01919	0.01842	0.03147	0.04759	0.67914	0.01842	0.02380	0.02380	0.01765	0.02533	0.01458	0.01919	0.01228	0.00691	0.00768	0.00230	0.00921	0.00691	0.00384	0.01228
126	0.01640	0.01644	0.02834	0.39050	0.04301	0.04001	0.18983	0.04010	0.01739	0.02281	0.06464	0.02309	0.01558	0.00843	0.00921	0.00260	0.05038	0.00798	0.00411	0.00915
127	0.01280	0.01050	0.01536	0.01339	0.01662	0.01035	0.04934	0.01593	0.01389	0.02045	0.01945	0.05350	0.01806	0.03954	0.44135	0.00844	0.01561	0.00791	0.00438	0.21314
128	0.01823	0.02072	0.04466	0.03207	0.03952	0.01981	0.61959	0.02453	0.01798	0.02453	0.01541	0.02072	0.01169	0.00688	0.00996	0.00265	0.04774	0.00903	0.00390	0.01036
129	0.01681	0.01434	0.01706	0.06528	0.02143	0.01208	0.01059	0.05130	0.05738	0.02643	0.01512	0.01735	0.01224	0.00636	0.00613	0.00141	0.00625	0.00514	0.00486	0.63245
130	0.00927	0.00770	0.00811	0.00835	0.01062	0.00654	0.00613	0.01121	0.01742	0.02115	0.09519	0.16707	0.56424	0.02017	0.00927	0.00269	0.00400	0.01709	0.00725	0.00654
131	0.01555	0.04011	0.68733	0.02210	0.03356	0.01801	0.02865	0.02455	0.01637	0.02455	0.01391	0.01637	0.00982	0.00737	0.00737	0.00246	0.01146	0.00573	0.00327	0.01146
132	0.02588	0.11428	0.02389	0.01650	0.02223	0.02304	0.01376	0.40472	0.15667	0.06373	0.02064	0.02052	0.01526	0.01084	0.03051	0.00264	0.00837	0.00703	0.00714	0.01237
133	0.01037	0.00749	0.00982	0.01025	0.01156	0.00694	0.00739	0.01307	0.01891	0.02611	0.38947	0.32011	0.08155	0.01945	0.00949	0.00276	0.00410	0.03635	0.00793	0.00689
134	0.00945	0.00675	0.00900	0.01080	0.01125	0.00630	0.00720	0.01080	0.01484	0.01979	0.04274	0.72245	0.05128	0.02429	0.00990	0.00315	0.00450	0.02204	0.00720	0.00630

[dist]
# distance from previous block
# <min> <max>
0	1

[block]
# block no. 2 follows, 25 sequences, length 83
# corresponding to MSA columns:
# 251-333
name=unknown_C
#
# <colnr> <probs for GDERKNQSTAVLIFYWHMCP>
#	G	D	E	R	K	N	Q	S	T	A	V	L	I	F	Y	W	H	M	C	P
0	0.01098	0.00837	0.01197	0.01154	0.01334	0.00778	0.04291	0.01408	0.01932	0.02666	0.39589	0.24486	0.08466	0.01823	0.00946	0.00273	0.00466	0.05763	0.00776	0.00716
1	0.01830	0.05660	0.03020	0.18814	0.50817	0.01884	0.02273	0.02291	0.01709	0.02375	0.01420	0.01914	0.01173	0.00708	0.00754	0.00233	0.00940	0.00675	0.00372	0.01136
2	0.02169	0.65120	0.03846	0.01405	0.02037	0.10822	0.01347	0.02412	0.01648	0.01833	0.01092	0.01262	0.00995	0.00679	0.00521	0.00170	0.00895	0.00424	0.00340	0.00984
3	0.73026	0.01491	0.01220	0.05754	0.01760	0.01738	0.00929	0.02259	0.01335	0.03377	0.01100	0.01314	0.00853	0.00724	0.00500	0.00241	0.00629	0.00438	0.00471	0.00841
4	0.01594	0.05944	0.57363	0.06094	0.05677	0.01847	0.06022	0.02424	0.01645	0.02413	0.01392	0.01681	0.01004	0.00730	0.00741	0.00244	0.01130	0.00596	0.00334	0.01123
5	0.00953	0.00754	0.00861	0.00921	0.01103	0.00662	0.00669	0.01150	0.01712	0.02149	0.11447	0.28281	0.40040	0.02090	0.00946	0.00281	0.00421	0.04173	0.00731	0.00655
6	0.02896	0.03695	0.02197	0.01998	0.02397	0.69638	0.01498	0.03096	0.02197	0.01898	0.01199	0.01398	0.00999	0.00799	0.00699	0.00200	0.01398	0.00499	0.00400	0.00899
7	0.00945	0.00675	0.00900	0.01080	0.01125	0.00630	0.00720	0.01080	0.01484	0.01979	0.04274	0.72245	0.05128	0.02429	0.00990	0.00315	0.00450	0.02204	0.00720	0.00630
8	0.39758	0.18103	0.06909	0.03488	0.02002	0.06749	0.01234	0.05889	0.01643	0.06357	0.01266	0.01424	0.00985	0.00740	0.00559	0.00221	0.00777	0.00478	0.00467	0.00953
9	0.01108	0.00831	0.01246	0.01246	0.01385	0.00969	0.00969	0.01385	0.01246	0.01800	0.02077	0.03046	0.01938	0.05815	0.69678	0.01246	0.02077	0.00831	0.00415	0.00692
10	0.01900	0.01823	0.03113	0.07502	0.65318	0.01837	0.02370	0.02363	0.01757	0.02510	0.01455	0.01925	0.01220	0.00694	0.00768	0.00231	0.00926	0.00691	0.00382	0.01213
11	0.03332	0.01324	0.01784	0.01361	0.01968	0.01131	0.01122	0.03635	0.02171	0.63281	0.02927	0.02558	0.01859	0.00929	0.00764	0.00230	0.00653	0.00755	0.00920	0.07293
12	0.00955	0.00683	0.00909	0.01072	0.01127	0.00637	0.00721	0.01106	0.01534	0.02058	0.08650	0.67645	0.05280	0.02371	0.00984	0.00310	0.00444	0.02149	0.00729	0.00637
13	0.02896	0.03695	0.02197	0.01998	0.02397	0.69638	0.01498	0.03096	0.02197	0.01898	0.01199	0.01398	0.00999	0.00799	0.00699	0.00200	0.01398	0.00499	0.00400	0.00899
14	0.01464	0.01378	0.02326	0.70887	0.05340	0.01723	0.02153	0.01981	0.01550	0.01981	0.01378	0.02067	0.01034	0.00775	0.00775	0.00258	0.01034	0.00689	0.00345	0.00861
15	0.02947	0.02172	0.02327	0.01784	0.02404	0.02404	0.01474	0.65329	0.03646	0.04887	0.01862	0.01862	0.01319	0.00931	0.00776	0.00233	0.00853	0.00698	0.00776	0.01319
16	0.00976	0.00698	0.00933	0.01096	0.01159	0.00655	0.00756	0.01142	0.01554	0.02081	0.08638	0.63364	0.05235	0.02351	0.00990	0.00313	0.00462	0.06227	0.00729	0.00643
17	0.01108	0.00831	0.01246	0.01246	0.01385	0.00969	0.00969	0.01385	0.01246	0.01800	0.02077	0.03046	0.01938	0.05815	0.69678	0.01246	0.02077	0.00831	0.00415	0.00692
18	0.01353	0.01191	0.01716	0.01575	0.01656	0.01555	0.01272	0.01585	0.01222	0.01827	0.01636	0.02484	0.01555	0.03958	0.41707	0.00868	0.30932	0.00767	0.00384	0.00757
19	0.01286	0.01006	0.01244	0.03340	0.01535	0.01005	0.00931	0.01953	0.13915	0.02769	0.30499	0.15225	0.07152	0.01591	0.00892	0.00263	0.00499	0.08017	0.00759	0.06120
20	0.01696	0.01696	0.02375	0.02036	0.02036	0.02375	0.01696	0.01866	0.01187	0.01866	0.01018	0.01696	0.01018	0.01357	0.02545	0.00339	0.71332	0.00679	0.00339	0.00848
21	0.01227	0.00876	0.01224	0.01402	0.01571	0.00873	0.01210	0.01568	0.01763	0.02295	0.04118	0.13421	0.04511	0.02163	0.01065	0.00354	0.00695	0.58242	0.00714	0.00708
22	0.01797	0.02115	0.07037	0.07855	0.06220	0.01934	0.56179	0.02445	0.01801	0.02450	0.01545	0.02065	0.01160	0.00667	0.00893	0.00260	0.01269	0.00878	0.00386	0.01043
23	0.02426	0.05313	0.02419	0.20662	0.03266	0.45503	0.05004	0.02737	0.01982	0.01948	0.01262	0.01610	0.01017	0.00780	0.00724	0.00218	0.01276	0.00570	0.00382	0.00900
24	0.01347	0.00673	0.01010	0.01010	0.01010	0.00673	0.00673	0.01010	0.01010	0.01347	0.01347	0.02357	0.01347	0.02694	0.03030	0.77441	0.00673	0.00673	0.00337	0.00337
25	0.00945	0.00675	0.00900	0.01080	0.01125	0.00630	0.00720	0.01080	0.01484	0.01979	0.04274	0.72245	0.05128	0.02429	0.00990	0.00315	0.00450	0.02204	0.00720	0.00630
26	0.01784	0.10582	0.03573	0.18227	0.10666	0.02054	0.29245	0.02388	0.05081	0.02297	0.01504	0.01982	0.01180	0.00750	0.00909	0.00251	0.05359	0.00763	0.00391	0.01015
27	0.01413	0.00886	0.01254	0.01190	0.01398	0.00936	0.00924	0.01692	0.01529	0.10871	0.11484	0.03663	0.06142	0.06475	0.45418	0.00908	0.01524	0.00954	0.00566	0.00772
28	0.01128	0.00752	0.00846	0.00846	0.00846	0.00752	0.00470	0.01128	0.01128	0.01503	0.02443	0.05074	0.02819	0.72751	0.03946	0.00752	0.00752	0.01128	0.00470	0.00470
29	0.01608	0.01378	0.01608	0.01148	0.01837	0.01034	0.00919	0.01952	0.01608	0.02527	0.01378	0.01608	0.01148	0.00574	0.00574	0.00115	0.00574	0.00459	0.00459	0.77491
30	0.01166	0.00981	0.01453	0.15816	0.02204	0.01049	0.03315	0.01421	0.01526	0.02028	0.03525	0.40697	0.08592	0.01838	0.01032	0.00293	0.05516	0.03603	0.00595	0.03349
31	0.07507	0.18017	0.26058	0.01997	0.04880	0.02159	0.08025	0.11738	0.05338	0.05047	0.01539	0.01711	0.01155	0.00763	0.00695	0.00228	0.00959	0.00606	0.00459	0.01120
32	0.02748	0.02085	0.02218	0.01738	0.02274	0.04390	0.01428	0.54198	0.03274	0.04426	0.01821	0.01904	0.01331	0.00958	0.00893	0.00236	0.06258	0.00692	0.05899	0.01229
33	0.00982	0.00777	0.00818	0.00814	0.01003	0.00685	0.00568	0.01140	0.01633	0.02013	0.10517	0.06740	0.46998	0.19985	0.01689	0.00386	0.00482	0.01491	0.00665	0.00613
34	0.01672	0.01663	0.02327	0.02004	0.02006	0.02318	0.01664	0.01840	0.01197	0.01870	0.01124	0.04008	0.01152	0.01392	0.02494	0.00338	0.69009	0.00729	0.00352	0.00841
35	0.01037	0.00774	0.00964	0.00951	0.01130	0.00701	0.00700	0.01334	0.02001	0.02731	0.45740	0.15857	0.19650	0.01788	0.00926	0.00258	0.00384	0.01569	0.00806	0.00701
36	0.01097	0.00793	0.01036	0.00975	0.01158	0.00732	0.00732	0.01463	0.02195	0.03109	0.67505	0.05792	0.07316	0.01585	0.00914	0.00244	0.00366	0.01402	0.00854	0.00732
37	0.02073	0.73217	0.04063	0.01327	0.01990	0.03068	0.01327	0.02322	0.01575	0.01824	0.01078	0.01244	0.00995	0.00663	0.00498	0.00166	0.00829	0.00415	0.00332	0.00995
38	0.78228	0.01499	0.01140	0.01020	0.01499	0.01739	0.00840	0.02279	0.01320	0.03479	0.01080	0.01260	0.00840	0.00720	0.00480	0.00240	0.00600	0.00420	0.00480	0.00840
39	0.02073	0.73217	0.04063	0.01327	0.01990	0.03068	0.01327	0.02322	0.01575	0.01824	0.01078	0.01244	0.00995	0.00663	0.00498	0.00166	0.00829	0.00415	0.00332	0.00995
40	0.02090	0.02218	0.20935	0.11925	0.10183	0.01589	0.11775	0.02662	0.01826	0.19123	0.02035	0.02543	0.01524	0.00878	0.00807	0.00254	0.00978	0.05007	0.00533	0.01114
41	0.00945	0.00675	0.00900	0.01080	0.01125	0.00630	0.00720	0.01080	0.01484	0.01979	0.04274	0.72245	0.05128	0.02429	0.00990	0.00315	0.00450	0.02204	0.00720	0.00630
42	0.00931	0.00786	0.00805	0.00800	0.01056	0.00661	0.00600	0.01140	0.01801	0.02174	0.12532	0.07331	0.62872	0.01934	0.00916	0.00260	0.00391	0.01618	0.00730	0.00661
43	0.01565	0.01579	0.05082	0.54122	0.18602	0.01751	0.02229	0.02084	0.01600	0.02117	0.01396	0.02019	0.01073	0.00756	0.00772	0.00252	0.01014	0.00685	0.00352	0.00951
44	0.02033	0.55652	0.15949	0.01536	0.02271	0.07344	0.01624	0.02399	0.01629	0.01946	0.01144	0.01327	0.00993	0.00686	0.00556	0.00183	0.00927	0.00450	0.00335	0.01017
45	0.01608	0.01378	0.01608	0.01148	0.01837	0.01034	0.00919	0.01952	0.01608	0.02527	0.01378	0.01608	0.01148	0.00574	0.00574	0.00115	0.00574	0.00459	0.00459	0.77491
46	0.01011	0.00703	0.00880	0.00995	0.01023	0.00674	0.00629	0.01097	0.01355	0.01806	0.03608	0.47806	0.04288	0.28015	0.02065	0.00474	0.00560	0.01812	0.00629	0.00572
47	0.01886	0.05268	0.05452	0.01278	0.01933	0.01231	0.01100	0.02237	0.01679	0.12177	0.01696	0.04110	0.01374	0.00734	0.00691	0.00158	0.03055	0.00576	0.00524	0.52842
48	0.01555	0.04011	0.68733	0.02210	0.03356	0.01801	0.02865	0.02455	0.01637	0.02455	0.01391	0.01637	0.00982	0.00737	0.00737	0.00246	0.01146	0.00573	0.00327	0.01146
49	0.01236	0.00888	0.01230	0.01401	0.01583	0.00883	0.01222	0.01586	0.01784	0.02311	0.04261	0.08693	0.07085	0.02134	0.01065	0.00353	0.00701	0.60159	0.00714	0.00711
50	0.01848	0.01893	0.05417	0.11603	0.51838	0.01841	0.09441	0.02351	0.01745	0.02466	0.01460	0.01945	0.01193	0.00697	0.00784	0.00237	0.00984	0.00712	0.00379	0.01165
51	0.01867	0.01803	0.03119	0.11719	0.58620	0.01834	0.04957	0.02342	0.01745	0.02472	0.01454	0.01942	0.01205	0.00698	0.00775	0.00235	0.00949	0.00700	0.00380	0.01182
52	0.01097	0.00793	0.01036	0.00975	0.01158	0.00732	0.00732	0.01463	0.02195	0.03109	0.67505	0.05792	0.07316	0.01585	0.00914	0.00244	0.00366	0.01402	0.00854	0.00732
53	0.01555	0.04011	0.68733	0.02210	0.03356	0.01801	0.02865	0.02455	0.01637	0.02455	0.01391	0.01637	0.00982	0.00737	0.00737	0.00246	0.01146	0.00573	0.00327	0.01146
54	0.01892	0.01923	0.06949	0.34491	0.13299	0.09048	0.04130	0.02411	0.03848	0.07347	0.01544	0.01992	0.01172	0.00823	0.00891	0.00252	0.05895	0.00681	0.00419	0.00991
55	0.01128	0.00752	0.00846	0.00846	0.00846	0.00752	0.00470	0.01128	0.01128	0.01503	0.02443	0.05074	0.02819	0.72751	0.03946	0.00752	0.00752	0.01128	0.00470	0.00470
56	0.00945	0.00675	0.00900	0.01080	0.01125	0.00630	0.00720	0.01080	0.01484	0.01979	0.04274	0.72245	0.05128	0.02429	0.00990	0.00315	0.00450	0.02204	0.00720	0.00630
57	0.08942	0.02133	0.07536	0.05971	0.32302	0.09031	0.02005	0.04951	0.01719	0.02495	0.01321	0.01744	0.01106	0.00849	0.01073	0.00251	0.14470	0.00635	0.00396	0.01068
58	0.00951	0.00680	0.00905	0.01075	0.01126	0.00634	0.00720	0.01095	0.01513	0.02025	0.06834	0.69554	0.05217	0.02395	0.00987	0.00312	0.00446	0.02172	0.00725	0.00634
59	0.01905	0.03517	0.49525	0.02190	0.03179	0.06511	0.07428	0.07427	0.01884	0.07007	0.01539	0.01740	0.01087	0.00764	0.00754	0.00242	0.01121	0.00618	0.00414	0.01146
60	0.01608	0.01378	0.01608	0.01148	0.01837	0.01034	0.00919	0.01952	0.01608	0.02527	0.01378	0.01608	0.01148	0.00574	0.00574	0.00115	0.00574	0.00459	0.00459	0.77491
61	0.01830	0.02092	0.04575	0.03268	0.04052	0.01961	0.65098	0.02484	0.01830	0.02484	0.01569	0.02092	0.01176	0.00654	0.00915	0.00261	0.01307	0.00915	0.00392	0.01046
62	0.00919	0.00774	0.00797	0.00815	0.01055	0.00652	0.00602	0.01109	0.01739	0.02083	0.07493	0.14002	0.61293	0.02011	0.00924	0.00267	0.00398	0.01694	0.00720	0.00652
63	0.02836	0.03352	0.02184	0.01940	0.02372	0.55988	0.01476	0.11464	0.06842	0.02389	0.01422	0.01563	0.01136	0.00834	0.00716	0.00209	0.01271	0.00552	0.00477	0.00978
64	0.05588	0.01596	0.06625	0.01587	0.02224	0.01324	0.06271	0.03559	0.06572	0.52038	0.02768	0.02499	0.01791	0.00919	0.00778	0.00244	0.00739	0.00771	0.00844	0.01264
65	0.02629	0.02565	0.13991	0.01852	0.02528	0.07510	0.01695	0.47156	0.03104	0.04124	0.01809	0.04188	0.01364	0.00937	0.00770	0.00235	0.00934	0.00712	0.00665	0.01232
66	0.02896	0.03695	0.02197	0.01998	0.02397	0.69638	0.01498	0.03096	0.02197	0.01898	0.01199	0.01398	0.00999	0.00799	0.00699	0.00200	0.01398	0.00499	0.00400	0.00899
67	0.01128	0.00752	0.00846	0.00846	0.00846	0.00752	0.00470	0.01128	0.01128	0.01503	0.02443	0.05074	0.02819	0.72751	0.03946	0.00752	0.00752	0.01128	0.00470	0.00470
68	0.01108	0.00831	0.01246	0.01246	0.01385	0.00969	0.00969	0.01385	0.01246	0.01800	0.02077	0.03046	0.01938	0.05815	0.69678	0.01246	0.02077	0.00831	0.00415	0.00692
69	0.01128	0.00752	0.00846	0.00846	0.00846	0.00752	0.00470	0.01128	0.01128	0.01503	0.02443	0.05074	0.02819	0.72751	0.03946	0.00752	0.00752	0.01128	0.00470	0.00470
70	0.02896	0.03695	0.02197	0.01998	0.02397	0.69638	0.01498	0.03096	0.02197	0.01898	0.01199	0.01398	0.00999	0.00799	0.00699	0.00200	0.01398	0.00499	0.00400	0.00899
71	0.01826	0.01797	0.03211	0.16215	0.47532	0.01838	0.11508	0.02324	0.01737	0.02428	0.01460	0.01970	0.01186	0.00700	0.00790	0.00240	0.00997	0.00723	0.00378	0.01137
72	0.01929	0.01666	0.01753	0.01578	0.02016	0.01929	0.01227	0.04120	0.66513	0.03243	0.03156	0.02893	0.02367	0.01052	0.00789	0.00263	0.00614	0.00877	0.00789	0.01227
73	0.01883	0.01806	0.03083	0.09945	0.63007	0.01833	0.02362	0.02348	0.01749	0.02490	0.01452	0.01931	0.01213	0.00697	0.00768	0.00232	0.00930	0.00691	0.00381	0.01199
74	0.78228	0.01499	0.01140	0.01020	0.01499	0.01739	0.00840	0.02279	0.01320	0.03479	0.01080	0.01260	0.00840	0.00720	0.00480	0.00240	0.00600	0.00420	0.00480	0.00840
75	0.01128	0.00752	0.00846	0.00846	0.00846	0.00752	0.00470	0.01128	0.01128	0.01503	0.02443	0.05074	0.02819	0.72751	0.03946	0.00752	0.00752	0.01128	0.00470	0.00470
76	0.01111	0.00819	0.01188	0.01188	0.01306	0.00937	0.00896	0.01347	0.01229	0.01757	0.02130	0.03342	0.02067	0.15600	0.60069	0.01174	0.01883	0.00874	0.00423	0.00660
77	0.01445	0.00723	0.00723	0.00723	0.00903	0.00723	0.00542	0.01807	0.01626	0.02891	0.02529	0.02891	0.01987	0.00903	0.00542	0.00181	0.00361	0.00723	0.77055	0.00723
78	0.00945	0.00675	0.00900	0.01080	0.01125	0.00630	0.00720	0.01080	0.01484	0.01979	0.04274	0.72245	0.05128	0.02429	0.00990	0.00315	0.00450	0.02204	0.00720	0.00630
79	0.01511	0.01432	0.02386	0.61645	0.09447	0.01775	0.02138	0.02001	0.01541	0.02011	0.01359	0.02032	0.01046	0.00809	0.00895	0.00262	0.05789	0.00688	0.00347	0.00886
80	0.01998	0.63263	0.13365	0.01454	0.02186	0.02886	0.01548	0.02341	0.01584	0.01915	0.01123	0.01300	0.00993	0.00674	0.00532	0.00177	0.00875	0.00437	0.00331	0.01017
81	0.07682	0.04549	0.02490	0.14067	0.02710	0.02210	0.06082	0.01980	0.01322	0.02054	0.01126	0.01736	0.01017	0.01128	0.01877	0.00305	0.45775	0.00666	0.00355	0.00869
82	0.58793	0.01646	0.05045	0.11419	0.02298	0.01752	0.04665	0.02256	0.01398	0.03152	0.01166	0.01443	0.00894	0.00725	0.00560	0.00244	0.00731	0.00494	0.00447	0.00870

[dist]
# distance from previous block
# <min> <max>
0	1

[block]
# block no. 3 follows, 25 sequences, length 46
# corresponding to MSA columns:
# 335-380
name=unknown_D
#
# <colnr> <probs for GDERKNQSTAVLIFYWHMCP>
#	G	D	E	R	K	N	Q	S	T	A	V	L	I	F	Y	W	H	M	C	P
0	0.01629	0.01561	0.02639	0.48415	0.07723	0.01864	0.09570	0.05149	0.01656	0.02197	0.01387	0.02011	0.01072	0.00830	0.00992	0.00265	0.09030	0.00715	0.00373	0.00922
1	0.01572	0.03895	0.64856	0.02274	0.03398	0.01810	0.06626	0.02457	0.01649	0.02457	0.01402	0.01664	0.00994	0.00732	0.00747	0.00247	0.01156	0.00594	0.00331	0.01140
2	0.01464	0.01378	0.02326	0.70887	0.05340	0.01723	0.02153	0.01981	0.01550	0.01981	0.01378	0.02067	0.01034	0.00775	0.00775	0.00258	0.01034	0.00689	0.00345	0.00861
