[name]
unknown

[dist]
# distance from previous block
# <min> <max>
0	42

[block]
# block no. 0 follows, 24 sequences, length 12
# corresponding to MSA columns:
# 42-53
name=unknown_A
#
# <colnr> <probs for GDERKNQSTAVLIFYWHMCP>
#	G	D	E	R	K	N	Q	S	T	A	V	L	I	F	Y	W	H	M	C	P
0	0.01278	0.00913	0.01278	0.01460	0.01643	0.00913	0.01278	0.01643	0.01825	0.02373	0.04199	0.08945	0.04564	0.02191	0.01095	0.00365	0.00730	0.61847	0.00730	0.00730
1	0.01289	0.00847	0.01113	0.01026	0.01242	0.00777	0.00777	0.01658	0.02246	0.07595	0.62414	0.05703	0.07105	0.01577	0.00926	0.00249	0.00395	0.01391	0.00880	0.00789
2	0.01600	0.01396	0.02104	0.45933	0.04124	0.01710	0.01824	0.05173	0.06429	0.02353	0.01795	0.05412	0.01463	0.00961	0.00927	0.00265	0.06608	0.00793	0.08225	0.00905
3	0.00966	0.00690	0.00920	0.01104	0.01150	0.00644	0.00736	0.01104	0.01518	0.02024	0.04371	0.71614	0.05245	0.02484	0.01012	0.00322	0.00460	0.02254	0.00736	0.00644
4	0.02162	0.01981	0.01888	0.01679	0.02136	0.09756	0.01305	0.08440	0.53935	0.03279	0.02901	0.02706	0.02182	0.01037	0.00795	0.00259	0.00738	0.00839	0.00760	0.01223
5	0.01313	0.00949	0.01152	0.01100	0.01343	0.00919	0.00838	0.01887	0.10608	0.05857	0.37496	0.11081	0.15910	0.01681	0.00927	0.00267	0.00452	0.04571	0.00828	0.00822
6	0.02036	0.60341	0.11094	0.01505	0.02193	0.02948	0.01556	0.02359	0.01592	0.01940	0.01134	0.01347	0.01018	0.00734	0.00675	0.00190	0.05517	0.00460	0.00339	0.01025
7	0.00979	0.00700	0.00931	0.01096	0.01153	0.00652	0.00737	0.01136	0.01576	0.02117	0.09374	0.66346	0.05424	0.02415	0.01006	0.00316	0.00453	0.02189	0.00747	0.00652
8	0.00949	0.00804	0.00820	0.00816	0.01079	0.00675	0.00612	0.01162	0.01836	0.02210	0.11892	0.07519	0.62962	0.01983	0.00937	0.00267	0.00400	0.01658	0.00745	0.00675
9	0.11264	0.01477	0.04267	0.01393	0.01984	0.01290	0.01186	0.06437	0.02217	0.50469	0.07511	0.02708	0.02187	0.00992	0.00773	0.00246	0.00675	0.00793	0.00887	0.01245
10	0.01986	0.02015	0.03050	0.15195	0.47382	0.08815	0.05248	0.02448	0.01819	0.02429	0.01456	0.01941	0.01197	0.00730	0.00786	0.00239	0.01030	0.00697	0.00388	0.01151
11	0.02728	0.02028	0.02197	0.01740	0.02302	0.02245	0.01417	0.53465	0.07954	0.04553	0.02172	0.06653	0.01710	0.01262	0.03529	0.00287	0.00877	0.00835	0.00776	0.01270

[dist]
# distance from previous block
# <min> <max>
8	9

[block]
# block no. 1 follows, 24 sequences, length 23
# corresponding to MSA columns:
# 63-85
name=unknown_B
#
# <colnr> <probs for GDERKNQSTAVLIFYWHMCP>
#	G	D	E	R	K	N	Q	S	T	A	V	L	I	F	Y	W	H	M	C	P
0	0.01281	0.01367	0.10013	0.01284	0.01574	0.03328	0.01090	0.03360	0.01677	0.02308	0.06606	0.36341	0.05934	0.05355	0.03405	0.00337	0.00678	0.03762	0.05606	0.04695
1	0.03055	0.02155	0.02339	0.01793	0.02426	0.02361	0.01481	0.59958	0.03618	0.09736	0.01996	0.01964	0.01395	0.00954	0.00794	0.00239	0.00858	0.00720	0.00807	0.01349
2	0.01196	0.00870	0.01055	0.01081	0.01146	0.00898	0.00718	0.04449	0.01471	0.01967	0.03416	0.32163	0.06746	0.32364	0.02395	0.00509	0.04745	0.01580	0.00606	0.00624
3	0.01820	0.01653	0.05049	0.01717	0.02377	0.01359	0.14099	0.07209	0.01915	0.06028	0.05153	0.07091	0.01845	0.00850	0.00742	0.00192	0.00774	0.00785	0.00542	0.38800
4	0.01743	0.06426	0.22254	0.02615	0.06653	0.02009	0.23946	0.02406	0.03870	0.02383	0.01524	0.01979	0.01208	0.01167	0.05599	0.00334	0.11688	0.00750	0.00386	0.01059
5	0.01254	0.01043	0.01339	0.01325	0.01485	0.05487	0.01027	0.01532	0.01339	0.01847	0.02065	0.03004	0.01919	0.05608	0.64472	0.01204	0.02078	0.00827	0.00424	0.00722
6	0.00966	0.00690	0.00920	0.01104	0.01150	0.00644	0.00736	0.01104	0.01518	0.02024	0.04371	0.71614	0.05245	0.02484	0.01012	0.00322	0.00460	0.02254	0.00736	0.00644
7	0.01841	0.01777	0.03081	0.21237	0.48489	0.01859	0.05481	0.02336	0.01754	0.02446	0.01477	0.02010	0.01203	0.00726	0.00795	0.00244	0.00991	0.00718	0.00383	0.01152
8	0.01915	0.01726	0.02288	0.02818	0.26943	0.01871	0.01673	0.03373	0.37970	0.02978	0.02811	0.02818	0.05301	0.00983	0.00805	0.00256	0.00736	0.00864	0.00645	0.01225
9	0.00976	0.00705	0.00923	0.01079	0.01148	0.00653	0.00729	0.01134	0.01588	0.02114	0.09081	0.63115	0.09033	0.02394	0.01002	0.00314	0.00450	0.02161	0.00746	0.00653
10	0.01972	0.01703	0.01793	0.01614	0.02062	0.01972	0.01255	0.04214	0.65752	0.03317	0.03228	0.02959	0.02421	0.01076	0.00807	0.00269	0.00628	0.00897	0.00807	0.01255
11	0.01735	0.01735	0.02429	0.02082	0.02082	0.02429	0.01735	0.01908	0.01214	0.01908	0.01041	0.01735	0.01041	0.01388	0.02602	0.00347	0.70680	0.00694	0.00347	0.00867
12	0.00966	0.00690	0.00920	0.01104	0.01150	0.00644	0.00736	0.01104	0.01518	0.02024	0.04371	0.71614	0.05245	0.02484	0.01012	0.00322	0.00460	0.02254	0.00736	0.00644
13	0.02171	0.02469	0.02313	0.05061	0.02348	0.27810	0.01649	0.02376	0.01629	0.01923	0.01170	0.01688	0.01070	0.01318	0.04353	0.00324	0.38440	0.00630	0.00374	0.00882
14	0.01144	0.00765	0.00868	0.00876	0.00878	0.00763	0.00493	0.01151	0.01170	0.01561	0.02587	0.08335	0.02995	0.68834	0.03893	0.00748	0.00754	0.01205	0.00493	0.00488
15	0.02914	0.02143	0.02298	0.01773	0.02373	0.02368	0.01452	0.61128	0.03590	0.04811	0.01936	0.02081	0.01431	0.04784	0.00968	0.00267	0.00867	0.00738	0.00776	0.01302
16	0.13408	0.05993	0.02190	0.01845	0.02307	0.47673	0.01427	0.11550	0.02302	0.02589	0.01298	0.01470	0.01044	0.00819	0.00686	0.00213	0.01215	0.00524	0.00471	0.00974
17	0.01855	0.01799	0.03089	0.16919	0.47760	0.01904	0.05762	0.02328	0.01729	0.02436	0.01453	0.01986	0.01201	0.00766	0.00915	0.00250	0.05599	0.00718	0.00382	0.01149
18	0.02911	0.03682	0.02297	0.02188	0.05782	0.65497	0.01579	0.03129	0.02224	0.01974	0.01239	0.01457	0.01034	0.00811	0.00719	0.00206	0.01405	0.00521	0.00408	0.00937
19	0.00937	0.00803	0.00803	0.00803	0.01071	0.00669	0.00602	0.01138	0.01807	0.02142	0.08033	0.07632	0.66863	0.02008	0.00937	0.00268	0.00402	0.01674	0.00736	0.00669
20	0.01760	0.23713	0.45903	0.02064	0.03072	0.02224	0.06090	0.02474	0.01668	0.02327	0.01341	0.01586	0.01020	0.00727	0.00694	0.00229	0.01088	0.00560	0.00340	0.01121
21	0.02007	0.50856	0.12809	0.01544	0.02214	0.02755	0.01586	0.05075	0.01714	0.02162	0.04342	0.01617	0.01344	0.00802	0.00739	0.00202	0.06289	0.00529	0.00385	0.01029
22	0.00955	0.00804	0.00827	0.00822	0.01082	0.00677	0.00616	0.01172	0.01849	0.02240	0.13553	0.07471	0.61282	0.01972	0.00937	0.00266	0.00399	0.01651	0.00749	0.00677

[dist]
# distance from previous block
# <min> <max>
0	8

[block]
# block no. 2 follows, 24 sequences, length 140
# corresponding to MSA columns:
# 94-233
name=unknown_C
#
# <colnr> <probs for GDERKNQSTAVLIFYWHMCP>
#	G	D	E	R	K	N	Q	S	T	A	V	L	I	F	Y	W	H	M	C	P
0	0.50890	0.24182	0.04617	0.01188	0.01764	0.02212	0.01094	0.02352	0.01445	0.02982	0.01116	0.01298	0.00915	0.00718	0.00506	0.00222	0.00709	0.00434	0.00437	0.00921
1	0.02120	0.72609	0.04155	0.01357	0.02035	0.03138	0.01357	0.02374	0.01611	0.01866	0.01102	0.01272	0.01018	0.00678	0.00509	0.00170	0.00848	0.00424	0.00339	0.01018
2	0.00969	0.00717	0.00905	0.01043	0.01137	0.00654	0.00712	0.01130	0.01608	0.02104	0.08159	0.56453	0.16805	0.02353	0.00994	0.00308	0.00445	0.02106	0.00743	0.00654
3	0.03014	0.02221	0.02380	0.01825	0.02459	0.02459	0.01507	0.64541	0.03728	0.04998	0.01904	0.01904	0.01349	0.00952	0.00793	0.00238	0.00873	0.00714	0.00793	0.01349
4	0.01325	0.00913	0.01212	0.01296	0.01504	0.00887	0.01076	0.01716	0.03945	0.05574	0.15165	0.12996	0.10491	0.02008	0.01024	0.00324	0.00612	0.36395	0.00770	0.00767
5	0.01478	0.00739	0.00739	0.00739	0.00924	0.00739	0.00554	0.01848	0.01663	0.02956	0.02587	0.02956	0.02033	0.00924	0.00554	0.00185	0.00370	0.00739	0.76534	0.00739
6	0.09328	0.01499	0.02315	0.48927	0.06875	0.01767	0.04870	0.02279	0.06963	0.02359	0.01543	0.02077	0.01171	0.00793	0.00761	0.00256	0.00965	0.00694	0.00413	0.04146
7	0.02962	0.03779	0.02247	0.02043	0.02451	0.68948	0.01532	0.03166	0.02247	0.01941	0.01226	0.01430	0.01021	0.00817	0.00715	0.00204	0.01430	0.00511	0.00409	0.00919
8	0.00966	0.00690	0.00920	0.01104	0.01150	0.00644	0.00736	0.01104	0.01518	0.02024	0.04371	0.71614	0.05245	0.02484	0.01012	0.00322	0.00460	0.02254	0.00736	0.00644
9	0.02066	0.01757	0.01899	0.01754	0.04534	0.02013	0.01322	0.09568	0.57786	0.03441	0.03044	0.02827	0.02281	0.01051	0.00805	0.00265	0.00661	0.00873	0.00790	0.01264
10	0.01122	0.00811	0.01060	0.00998	0.01185	0.00748	0.00748	0.01496	0.02245	0.03180	0.66766	0.05923	0.07482	0.01621	0.00935	0.00249	0.00374	0.01434	0.00873	0.00748
11	0.00966	0.00690	0.00920	0.01104	0.01150	0.00644	0.00736	0.01104	0.01518	0.02024	0.04371	0.71614	0.05245	0.02484	0.01012	0.00322	0.00460	0.02254	0.00736	0.00644
12	0.01134	0.00846	0.01257	0.01257	0.01393	0.00982	0.00970	0.01405	0.01269	0.01828	0.02140	0.03203	0.02021	0.08758	0.66230	0.01253	0.02066	0.00863	0.00427	0.00698
13	0.00966	0.00690	0.00920	0.01104	0.01150	0.00644	0.00736	0.01104	0.01518	0.02024	0.04371	0.71614	0.05245	0.02484	0.01012	0.00322	0.00460	0.02254	0.00736	0.00644
14	0.01134	0.00845	0.01250	0.01250	0.01383	0.00978	0.00961	0.01400	0.01267	0.01823	0.02146	0.03238	0.02036	0.09864	0.65145	0.01245	0.02044	0.00868	0.00428	0.00695
15	0.02167	0.62148	0.07757	0.01474	0.02157	0.09187	0.01466	0.02456	0.01674	0.01911	0.01133	0.01311	0.01017	0.00696	0.00542	0.00178	0.00921	0.00442	0.00345	0.01018
16	0.02962	0.03779	0.02247	0.02043	0.02451	0.68948	0.01532	0.03166	0.02247	0.01941	0.01226	0.01430	0.01021	0.00817	0.00715	0.00204	0.01430	0.00511	0.00409	0.00919
17	0.01891	0.02059	0.03730	0.10869	0.09670	0.07042	0.38707	0.02436	0.01799	0.02410	0.01544	0.02072	0.01204	0.00766	0.01002	0.00262	0.06705	0.00827	0.03981	0.01022
18	0.00942	0.00785	0.00822	0.00852	0.01084	0.00665	0.00624	0.01133	0.01761	0.02123	0.07443	0.17943	0.56932	0.02085	0.00949	0.00277	0.00411	0.01767	0.00736	0.00665
19	0.02342	0.01929	0.02027	0.01797	0.02277	0.02142	0.01381	0.11635	0.55493	0.03704	0.03247	0.03138	0.02485	0.01224	0.00912	0.00312	0.00746	0.00945	0.00879	0.01383
20	0.01912	0.05119	0.03354	0.05636	0.09404	0.08541	0.24875	0.02322	0.01649	0.02213	0.01366	0.01920	0.01152	0.01100	0.03717	0.00313	0.23280	0.00761	0.00380	0.00987
21	0.00937	0.00803	0.00803	0.00803	0.01071	0.00669	0.00602	0.01138	0.01807	0.02142	0.08033	0.07632	0.66863	0.02008	0.00937	0.00268	0.00402	0.01674	0.00736	0.00669
22	0.04207	0.01013	0.01198	0.03603	0.01455	0.01038	0.03746	0.07007	0.01810	0.03024	0.02318	0.02692	0.01821	0.01105	0.03562	0.00242	0.00576	0.00727	0.54651	0.04204
23	0.02968	0.03616	0.02261	0.02020	0.02452	0.61960	0.01530	0.09617	0.02403	0.02262	0.01297	0.01480	0.01056	0.00831	0.00723	0.00208	0.01371	0.00532	0.00449	0.00964
24	0.00966	0.00690	0.00920	0.01104	0.01150	0.00644	0.00736	0.01104	0.01518	0.02024	0.04371	0.71614	0.05245	0.02484	0.01012	0.00322	0.00460	0.02254	0.00736	0.00644
25	0.28044	0.34304	0.02749	0.01331	0.01927	0.04960	0.01201	0.09447	0.01818	0.06169	0.01301	0.01427	0.01049	0.00749	0.00557	0.00208	0.00784	0.00481	0.00477	0.01014
26	0.01170	0.00767	0.00858	0.00858	0.00868	0.00767	0.00484	0.01189	0.01179	0.01610	0.02503	0.05075	0.02839	0.68485	0.03858	0.00739	0.00748	0.01132	0.04375	0.00494
27	0.03558	0.01350	0.01840	0.01411	0.02024	0.01166	0.01166	0.03865	0.02270	0.67734	0.03128	0.02699	0.01963	0.00981	0.00797	0.00245	0.00675	0.00797	0.00981	0.01350
28	0.02664	0.01877	0.02038	0.01607	0.02129	0.02055	0.01303	0.48798	0.03179	0.06607	0.02068	0.02322	0.01575	0.06122	0.03946	0.00315	0.00861	0.00756	0.08580	0.01198
29	0.02918	0.03524	0.02309	0.02161	0.05677	0.58729	0.01575	0.09479	0.02378	0.02289	0.01309	0.01506	0.01067	0.00826	0.00727	0.00209	0.01348	0.00542	0.00448	0.00980
30	0.00966	0.00690	0.00920	0.01104	0.01150	0.00644	0.00736	0.01104	0.01518	0.02024	0.04371	0.71614	0.05245	0.02484	0.01012	0.00322	0.00460	0.02254	0.00736	0.00644
31	0.02016	0.01725	0.01818	0.01623	0.02079	0.01993	0.01266	0.06761	0.63133	0.03388	0.03172	0.02914	0.02375	0.01071	0.00806	0.00268	0.00638	0.00889	0.00806	0.01259
32	0.01735	0.01735	0.02429	0.02082	0.02082	0.02429	0.01735	0.01908	0.01214	0.01908	0.01041	0.01735	0.01041	0.01388	0.02602	0.00347	0.70680	0.00694	0.00347	0.00867
33	0.00966	0.00690	0.00920	0.01104	0.01150	0.00644	0.00736	0.01104	0.01518	0.02024	0.04371	0.71614	0.05245	0.02484	0.01012	0.00322	0.00460	0.02254	0.00736	0.00644
34	0.01135	0.00842	0.01235	0.01235	0.01362	0.00970	0.00942	0.01390	0.01263	0.01811	0.02160	0.03317	0.02070	0.12381	0.62675	0.01225	0.01992	0.00879	0.00430	0.00686
35	0.01164	0.00837	0.01143	0.01318	0.01461	0.00817	0.01076	0.01449	0.01727	0.02252	0.04424	0.28799	0.07551	0.02276	0.01062	0.00347	0.00630	0.40236	0.00732	0.00700
36	0.01872	0.02139	0.04679	0.03342	0.04144	0.02005	0.64305	0.02540	0.01872	0.02540	0.01604	0.02139	0.01203	0.00668	0.00936	0.00267	0.01337	0.00936	0.00401	0.01070
37	0.02878	0.07128	0.02384	0.02129	0.05180	0.62821	0.01562	0.03096	0.02197	0.01965	0.01231	0.01445	0.01031	0.00806	0.00708	0.00204	0.01380	0.00515	0.00404	0.00939
38	0.02962	0.03779	0.02247	0.02043	0.02451	0.68948	0.01532	0.03166	0.02247	0.01941	0.01226	0.01430	0.01021	0.00817	0.00715	0.00204	0.01430	0.00511	0.00409	0.00919
39	0.02722	0.08211	0.04619	0.02081	0.04870	0.49593	0.03755	0.07367	0.02235	0.02262	0.01354	0.01572	0.01103	0.00810	0.00711	0.00208	0.01274	0.00554	0.03723	0.00975
40	0.00940	0.00793	0.00814	0.00832	0.01079	0.00667	0.00615	0.01135	0.01780	0.02131	0.07687	0.13677	0.61041	0.02053	0.00944	0.00273	0.00407	0.01728	0.00736	0.00667
41	0.02081	0.01745	0.01928	0.01818	0.05747	0.01981	0.01357	0.12338	0.50302	0.03461	0.02997	0.03063	0.02317	0.01095	0.00819	0.00268	0.00684	0.03982	0.00778	0.01241
42	0.01715	0.01610	0.02349	0.11536	0.05325	0.02076	0.04454	0.05029	0.01476	0.02174	0.01445	0.04793	0.01366	0.04249	0.02012	0.00331	0.42447	0.00791	0.03936	0.00888
43	0.01000	0.00814	0.00894	0.00926	0.01165	0.00708	0.00716	0.01232	0.01824	0.02236	0.11079	0.10898	0.50978	0.02033	0.00964	0.00283	0.00450	0.10372	0.00744	0.00682
44	0.05640	0.37191	0.33724	0.01762	0.02660	0.02467	0.02064	0.02436	0.01628	0.02250	0.01252	0.01460	0.01004	0.00716	0.00622	0.00211	0.00987	0.00500	0.00345	0.01082
45	0.02827	0.03509	0.02267	0.05861	0.02604	0.60246	0.01578	0.04871	0.02208	0.02035	0.01248	0.01496	0.01034	0.00845	0.00806	0.00215	0.04473	0.00536	0.00414	0.00928
46	0.00975	0.00700	0.00911	0.01075	0.01130	0.00652	0.00715	0.01109	0.01513	0.02003	0.04453	0.64613	0.08268	0.06365	0.01178	0.00344	0.00474	0.02163	0.00722	0.00636
47	0.02701	0.02010	0.02360	0.01837	0.02362	0.02247	0.04574	0.46378	0.03089	0.07249	0.01889	0.02106	0.01420	0.04060	0.01152	0.00274	0.09309	0.00746	0.03017	0.01221
48	0.09148	0.02398	0.01950	0.01680	0.02084	0.26494	0.01315	0.14460	0.04998	0.08767	0.01756	0.01991	0.01376	0.03424	0.01002	0.00252	0.07576	0.00646	0.07670	0.01011
49	0.00966	0.00690	0.00920	0.01104	0.01150	0.00644	0.00736	0.01104	0.01518	0.02024	0.04371	0.71614	0.05245	0.02484	0.01012	0.00322	0.00460	0.02254	0.00736	0.00644
50	0.01840	0.01974	0.03901	0.09804	0.12503	0.02003	0.40845	0.02503	0.05045	0.02478	0.01601	0.02117	0.01243	0.00774	0.01051	0.00270	0.07713	0.00858	0.00411	0.01067
51	0.01954	0.01827	0.02839	0.15543	0.44598	0.04122	0.02208	0.07362	0.01940	0.02651	0.01688	0.02447	0.01449	0.00847	0.00806	0.00249	0.00958	0.04917	0.00442	0.01151
52	0.00966	0.00690	0.00920	0.01104	0.01150	0.00644	0.00736	0.01104	0.01518	0.02024	0.04371	0.71614	0.05245	0.02484	0.01012	0.00322	0.00460	0.02254	0.00736	0.00644
53	0.02885	0.02093	0.02259	0.01769	0.02374	0.02312	0.01449	0.51868	0.13178	0.08257	0.02176	0.02111	0.01548	0.00973	0.00796	0.00243	0.00824	0.00747	0.00806	0.01334
54	0.02055	0.02059	0.03129	0.04607	0.61211	0.08073	0.02350	0.02501	0.01846	0.02531	0.01467	0.01913	0.01234	0.00717	0.00779	0.00233	0.00987	0.00688	0.00394	0.01225
55	0.00966	0.00690	0.00920	0.01104	0.01150	0.00644	0.00736	0.01104	0.01518	0.02024	0.04371	0.71614	0.05245	0.02484	0.01012	0.00322	0.00460	0.02254	0.00736	0.00644
56	0.01138	0.00830	0.01177	0.01177	0.01286	0.00939	0.00870	0.01354	0.01246	0.01769	0.02213	0.03606	0.02196	0.21617	0.53611	0.01155	0.01803	0.00921	0.00438	0.00654
57	0.00966	0.00690	0.00920	0.01104	0.01150	0.00644	0.00736	0.01104	0.01518	0.02024	0.04371	0.71614	0.05245	0.02484	0.01012	0.00322	0.00460	0.02254	0.00736	0.00644
58	0.70090	0.01604	0.01290	0.01123	0.01628	0.01849	0.00925	0.08694	0.01593	0.03705	0.01186	0.01351	0.00909	0.00758	0.00522	0.00245	0.00640	0.00459	0.00522	0.00909
59	0.73222	0.01526	0.01237	0.05137	0.01766	0.01778	0.00938	0.02313	0.01363	0.03467	0.01122	0.01337	0.00871	0.00739	0.00509	0.00246	0.00640	0.00446	0.00483	0.00860
60	0.02962	0.03779	0.02247	0.02043	0.02451	0.68948	0.01532	0.03166	0.02247	0.01941	0.01226	0.01430	0.01021	0.00817	0.00715	0.00204	0.01430	0.00511	0.00409	0.00919
61	0.02042	0.01759	0.02321	0.36128	0.09706	0.05655	0.01866	0.19477	0.02244	0.02969	0.01635	0.02068	0.01229	0.00841	0.00770	0.00245	0.00963	0.00699	0.06347	0.01036
62	0.00937	0.00803	0.00803	0.00803	0.01071	0.00669	0.00602	0.01138	0.01807	0.02142	0.08033	0.07632	0.66863	0.02008	0.00937	0.00268	0.00402	0.01674	0.00736	0.00669
63	0.02534	0.01783	0.05274	0.01619	0.02171	0.01782	0.01358	0.13731	0.32453	0.21324	0.02929	0.02874	0.02128	0.01055	0.00810	0.00260	0.00712	0.03105	0.00826	0.01273
64	0.01108	0.00799	0.01051	0.01033	0.01201	0.00742	0.00771	0.01450	0.02128	0.02988	0.55508	0.14890	0.07048	0.01763	0.00953	0.00264	0.00402	0.04319	0.00848	0.00733
65	0.01100	0.00794	0.01040	0.01013	0.01180	0.00734	0.00747	0.01441	0.02143	0.03017	0.57994	0.15159	0.07168	0.01743	0.00946	0.00260	0.00386	0.01549	0.00854	0.00734
66	0.01590	0.04102	0.68023	0.02260	0.03432	0.01842	0.02930	0.02511	0.01674	0.02511	0.01423	0.01674	0.01005	0.00753	0.00753	0.00251	0.01172	0.00586	0.00335	0.01172
67	0.77733	0.01534	0.01166	0.01043	0.01534	0.01779	0.00859	0.02331	0.01350	0.03558	0.01104	0.01288	0.00859	0.00736	0.00491	0.00245	0.00613	0.00429	0.00491	0.00859
68	0.00966	0.00690	0.00920	0.01104	0.01150	0.00644	0.00736	0.01104	0.01518	0.02024	0.04371	0.71614	0.05245	0.02484	0.01012	0.00322	0.00460	0.02254	0.00736	0.00644
69	0.01677	0.07596	0.61905	0.02205	0.03318	0.04813	0.02789	0.02533	0.01696	0.02454	0.01398	0.01643	0.01006	0.00752	0.00739	0.00245	0.01167	0.00574	0.00338	0.01153
70	0.05759	0.02867	0.27188	0.02846	0.09310	0.04594	0.27701	0.05458	0.01870	0.02679	0.01502	0.01871	0.01118	0.00725	0.00818	0.00254	0.01186	0.00735	0.00400	0.01120
71	0.00966	0.00690	0.00920	0.01104	0.01150	0.00644	0.00736	0.01104	0.01518	0.02024	0.04371	0.71614	0.05245	0.02484	0.01012	0.00322	0.00460	0.02254	0.00736	0.00644
72	0.13888	0.01599	0.02086	0.14146	0.13725	0.01873	0.01594	0.04647	0.15470	0.02815	0.04536	0.02269	0.01674	0.00970	0.01029	0.00266	0.11857	0.00733	0.03799	0.01024
73	0.06249	0.03626	0.53158	0.02231	0.03284	0.01907	0.07369	0.08234	0.01860	0.02805	0.01462	0.01708	0.01043	0.00764	0.00755	0.00251	0.01124	0.00615	0.00391	0.01162
74	0.00965	0.00695	0.00915	0.01090	0.01147	0.00645	0.00730	0.01106	0.01532	0.02030	0.04539	0.68676	0.08075	0.02462	0.01009	0.00320	0.00457	0.02228	0.00736	0.00645
75	0.01822	0.01966	0.08737	0.19074	0.39837	0.01864	0.04159	0.02511	0.07462	0.02519	0.01625	0.02065	0.01291	0.00762	0.00790	0.00247	0.00972	0.00719	0.00416	0.01158
76	0.01590	0.04102	0.68023	0.02260	0.03432	0.01842	0.02930	0.02511	0.01674	0.02511	0.01423	0.01674	0.01005	0.00753	0.00753	0.00251	0.01172	0.00586	0.00335	0.01172
77	0.00966	0.00690	0.00920	0.01104	0.01150	0.00644	0.00736	0.01104	0.01518	0.02024	0.04371	0.71614	0.05245	0.02484	0.01012	0.00322	0.00460	0.02254	0.00736	0.00644
78	0.01735	0.01735	0.02429	0.02082	0.02082	0.02429	0.01735	0.01908	0.01214	0.01908	0.01041	0.01735	0.01041	0.01388	0.02602	0.00347	0.70680	0.00694	0.00347	0.00867
79	0.01011	0.00750	0.00949	0.01056	0.01179	0.00688	0.00755	0.01218	0.01719	0.02266	0.15390	0.43216	0.17667	0.02225	0.00991	0.00303	0.00456	0.06730	0.00758	0.00673
80	0.01604	0.04009	0.65021	0.02311	0.03466	0.01849	0.05838	0.02513	0.01684	0.02513	0.01432	0.01696	0.01014	0.00749	0.00762	0.00252	0.01180	0.00603	0.00338	0.01167
81	0.31197	0.06036	0.01996	0.01722	0.04964	0.27135	0.01305	0.12117	0.02081	0.03043	0.01289	0.01464	0.01020	0.00795	0.00635	0.00225	0.00985	0.00515	0.00494	0.00982
82	0.01872	0.02139	0.04679	0.03342	0.04144	0.02005	0.64305	0.02540	0.01872	0.02540	0.01604	0.02139	0.01203	0.00668	0.00936	0.00267	0.01337	0.00936	0.00401	0.01070
83	0.01591	0.01525	0.02643	0.56300	0.14797	0.01795	0.05912	0.02119	0.01636	0.02143	0.01434	0.02093	0.01096	0.00772	0.00800	0.00260	0.01056	0.00719	0.00361	0.00949
84	0.00966	0.00690	0.00920	0.01104	0.01150	0.00644	0.00736	0.01104	0.01518	0.02024	0.04371	0.71614	0.05245	0.02484	0.01012	0.00322	0.00460	0.02254	0.00736	0.00644
85	0.02330	0.01650	0.08663	0.01402	0.02067	0.01218	0.01242	0.02840	0.06169	0.26693	0.02335	0.06049	0.01760	0.00890	0.00721	0.00200	0.00677	0.00732	0.00682	0.31681
86	0.01717	0.01427	0.01806	0.06326	0.02192	0.01228	0.04281	0.07105	0.01819	0.02751	0.01675	0.04461	0.01410	0.00737	0.00650	0.00159	0.00659	0.00621	0.07241	0.51732
87	0.77733	0.01534	0.01166	0.01043	0.01534	0.01779	0.00859	0.02331	0.01350	0.03558	0.01104	0.01288	0.00859	0.00736	0.00491	0.00245	0.00613	0.00429	0.00491	0.00859
88	0.01622	0.08156	0.64243	0.02207	0.03349	0.01918	0.02837	0.02503	0.01670	0.02473	0.01404	0.01650	0.01005	0.00749	0.00739	0.00246	0.01153	0.00576	0.00335	0.01163
89	0.01932	0.01890	0.03335	0.07614	0.57814	0.01891	0.08926	0.02427	0.01803	0.02560	0.01500	0.01988	0.01242	0.00706	0.00801	0.00240	0.00989	0.00731	0.00392	0.01220
90	0.00966	0.00690	0.00920	0.01104	0.01150	0.00644	0.00736	0.01104	0.01518	0.02024	0.04371	0.71614	0.05245	0.02484	0.01012	0.00322	0.00460	0.02254	0.00736	0.00644
91	0.01127	0.00778	0.01020	0.01131	0.01215	0.00755	0.00780	0.01273	0.01544	0.05060	0.04334	0.58070	0.09011	0.05336	0.01198	0.00335	0.03603	0.02030	0.00719	0.00681
92	0.01145	0.00765	0.00867	0.00875	0.00877	0.00763	0.00492	0.01151	0.01169	0.01559	0.02579	0.08053	0.02985	0.69129	0.03906	0.00750	0.00755	0.01201	0.00492	0.00488
93	0.02073	0.68589	0.03994	0.01363	0.02013	0.03013	0.01352	0.02333	0.01623	0.01894	0.01276	0.01702	0.01216	0.00763	0.00542	0.00181	0.00841	0.03868	0.00361	0.01002
94	0.01765	0.01481	0.01709	0.01232	0.01931	0.01181	0.00990	0.07525	0.01829	0.02797	0.01453	0.01667	0.01190	0.00620	0.00605	0.00128	0.00612	0.00491	0.00498	0.70294
95	0.01660	0.01449	0.02185	0.47547	0.04297	0.01756	0.01913	0.08066	0.05595	0.02446	0.01852	0.02801	0.01530	0.00989	0.00898	0.00273	0.04195	0.06495	0.03126	0.00928
96	0.02141	0.01787	0.01888	0.01648	0.02126	0.02051	0.01296	0.13970	0.55722	0.03589	0.03013	0.02788	0.02247	0.01056	0.00805	0.00264	0.00667	0.00867	0.00805	0.01270
97	0.00994	0.00726	0.00939	0.01078	0.01170	0.00671	0.00750	0.01174	0.01637	0.02167	0.10809	0.54717	0.12497	0.02331	0.01000	0.00311	0.00459	0.05160	0.00749	0.00661
98	0.01283	0.03449	0.01488	0.10323	0.01919	0.01204	0.01105	0.04340	0.01617	0.02173	0.05712	0.40865	0.05857	0.04253	0.01261	0.00319	0.09838	0.01625	0.00620	0.00749
99	0.03145	0.01846	0.02117	0.01630	0.02238	0.01922	0.01344	0.40103	0.03117	0.27442	0.02372	0.02234	0.01598	0.00961	0.00785	0.00238	0.00780	0.00745	0.04059	0.01323
100	0.00975	0.00697	0.00928	0.01098	0.01152	0.00650	0.00737	0.01126	0.01559	0.02089	0.07869	0.67931	0.05370	0.02436	0.01008	0.00318	0.00455	0.02208	0.00744	0.00650
101	0.03403	0.01598	0.01994	0.01529	0.02148	0.01535	0.01263	0.21172	0.02686	0.49839	0.02779	0.02472	0.01788	0.00973	0.00796	0.00243	0.00731	0.00774	0.00928	0.01349
102	0.06968	0.14680	0.42065	0.02188	0.08452	0.01987	0.02351	0.02483	0.01682	0.04918	0.01539	0.01960	0.01208	0.00807	0.00715	0.00241	0.01023	0.03219	0.00392	0.01120
103	0.02857	0.02113	0.02258	0.01760	0.02359	0.02343	0.01445	0.56528	0.09158	0.04762	0.02050	0.02042	0.01473	0.00962	0.00784	0.00238	0.00830	0.00731	0.03993	0.01315
104	0.00966	0.00690	0.00920	0.01104	0.01150	0.00644	0.00736	0.01104	0.01518	0.02024	0.04371	0.71614	0.05245	0.02484	0.01012	0.00322	0.00460	0.02254	0.00736	0.00644
105	0.04299	0.01297	0.01305	0.04374	0.01596	0.05056	0.00935	0.12464	0.04712	0.03184	0.02254	0.02550	0.01752	0.00937	0.00711	0.00211	0.03595	0.00715	0.47164	0.00888
106	0.01114	0.00810	0.01048	0.00989	0.01179	0.00745	0.00741	0.01480	0.02224	0.03132	0.64037	0.06003	0.10242	0.01639	0.00935	0.00250	0.00375	0.01445	0.00867	0.00745
107	0.00984	0.00701	0.00930	0.01106	0.01155	0.00658	0.00744	0.01124	0.01514	0.02017	0.04291	0.66914	0.05129	0.05231	0.01135	0.00341	0.00481	0.04180	0.00726	0.00640
108	0.02872	0.03647	0.02183	0.01988	0.02390	0.65911	0.01491	0.03076	0.02228	0.01950	0.01529	0.01706	0.03950	0.00870	0.00725	0.00207	0.01384	0.00562	0.00423	0.00908
109	0.00946	0.00804	0.00815	0.00813	0.01076	0.00673	0.00609	0.01155	0.01828	0.02191	0.10816	0.07551	0.64049	0.01990	0.00937	0.00267	0.00400	0.01662	0.00743	0.00673
110	0.02978	0.03301	0.02288	0.01976	0.02454	0.48527	0.01525	0.22017	0.02702	0.02880	0.01434	0.01576	0.01122	0.00859	0.00739	0.00215	0.01259	0.00573	0.00527	0.01051
111	0.02684	0.03287	0.02405	0.08376	0.12501	0.52987	0.01727	0.02957	0.02123	0.02046	0.01282	0.01570	0.01060	0.00798	0.00732	0.00214	0.01324	0.00557	0.00401	0.00967
112	0.02915	0.03681	0.02226	0.02023	0.02433	0.65774	0.01519	0.03216	0.05256	0.02006	0.01321	0.01502	0.01088	0.00829	0.00719	0.00207	0.01392	0.00529	0.00427	0.00935
113	0.02914	0.03698	0.02254	0.02044	0.02437	0.66315	0.01540	0.03117	0.02206	0.01939	0.01218	0.01442	0.01022	0.00840	0.00790	0.00210	0.04171	0.00518	0.00406	0.00917
114	0.00955	0.00804	0.00828	0.00822	0.01082	0.00677	0.00616	0.01172	0.01849	0.02240	0.13571	0.07470	0.61264	0.01972	0.00937	0.00266	0.00399	0.01651	0.00749	0.00677
115	0.02064	0.65408	0.10868	0.01452	0.02182	0.03002	0.01522	0.02389	0.01618	0.01934	0.01136	0.01314	0.01016	0.00686	0.00535	0.00178	0.00882	0.00441	0.00339	0.01034
116	0.01856	0.40620	0.31240	0.01738	0.02606	0.02502	0.02012	0.02395	0.01625	0.02140	0.01279	0.01516	0.01050	0.00917	0.03300	0.00248	0.01036	0.00510	0.00341	0.01071
117	0.00969	0.00795	0.00857	0.00884	0.01115	0.00683	0.00660	0.01181	0.01801	0.02206	0.11242	0.15439	0.52476	0.02050	0.00954	0.00278	0.00423	0.04567	0.00745	0.00674
118	0.04568	0.01516	0.02456	0.34998	0.15927	0.01734	0.05431	0.02234	0.04338	0.05334	0.01667	0.04708	0.01366	0.00984	0.01028	0.03828	0.05713	0.00777	0.00430	0.00964
119	0.05441	0.57089	0.09289	0.01457	0.02153	0.06159	0.01470	0.02490	0.01666	0.04927	0.01226	0.01378	0.01052	0.00708	0.00552	0.00185	0.00887	0.00459	0.00377	0.01034
120	0.00966	0.00690	0.00920	0.01104	0.01150	0.00644	0.00736	0.01104	0.01518	0.02024	0.04371	0.71614	0.05245	0.02484	0.01012	0.00322	0.00460	0.02254	0.00736	0.00644
121	0.03106	0.01577	0.01971	0.04791	0.02281	0.01567	0.01309	0.18400	0.08058	0.41434	0.02799	0.02735	0.01908	0.01019	0.00808	0.00251	0.00739	0.03067	0.00882	0.01296
122	0.01505	0.01095	0.04383	0.01122	0.01464	0.00882	0.00920	0.01889	0.02148	0.11428	0.47146	0.04941	0.07751	0.01409	0.00875	0.00237	0.00473	0.01225	0.00818	0.08290
123	0.00966	0.00690	0.00920	0.01104	0.01150	0.00644	0.00736	0.01104	0.01518	0.02024	0.04371	0.71614	0.05245	0.02484	0.01012	0.00322	0.00460	0.02254	0.00736	0.00644
124	0.01945	0.01920	0.02749	0.10174	0.45225	0.08846	0.02090	0.02418	0.04563	0.02420	0.01861	0.02275	0.04628	0.00906	0.00896	0.03855	0.00951	0.00743	0.00424	0.01112
125	0.01957	0.03210	0.32120	0.06829	0.22912	0.14450	0.02474	0.02583	0.01817	0.02401	0.01406	0.01741	0.01088	0.00753	0.00758	0.00238	0.01143	0.00615	0.00367	0.01134
126	0.00979	0.00706	0.00931	0.01107	0.01169	0.00658	0.00755	0.01131	0.01546	0.02046	0.04535	0.65684	0.08119	0.02448	0.01012	0.00321	0.00470	0.04996	0.00736	0.00649
127	0.01837	0.01961	0.06929	0.14081	0.12273	0.01928	0.21868	0.02969	0.22073	0.02706	0.02061	0.02343	0.01561	0.00829	0.00840	0.00262	0.01002	0.00833	0.00517	0.01129
128	0.01715	0.01737	0.02667	0.04463	0.02431	0.02280	0.10038	0.01965	0.01326	0.02001	0.01259	0.04543	0.01228	0.01316	0.02258	0.00333	0.56396	0.00788	0.00370	0.00886
129	0.01111	0.00751	0.00877	0.00919	0.00929	0.00741	0.00538	0.01142	0.01236	0.01648	0.02922	0.20214	0.03417	0.56378	0.03352	0.00668	0.00699	0.01402	0.00538	0.00517
130	0.02147	0.04384	0.01857	0.01458	0.01852	0.01780	0.01149	0.34226	0.02559	0.03431	0.02281	0.03034	0.04353	0.17171	0.14210	0.00544	0.01064	0.00860	0.00637	0.01003
131	0.03558	0.01350	0.01840	0.01411	0.02024	0.01166	0.01166	0.03865	0.02270	0.67734	0.03128	0.02699	0.01963	0.00981	0.00797	0.00245	0.00675	0.00797	0.00981	0.01350
132	0.03260	0.01485	0.01940	0.01622	0.04962	0.01395	0.01260	0.08752	0.09703	0.52315	0.02968	0.02632	0.01935	0.00978	0.00798	0.00247	0.00697	0.00798	0.00920	0.01334
133	0.02066	0.55351	0.06468	0.04783	0.06080	0.06535	0.01498	0.02360	0.01640	0.01933	0.01219	0.01544	0.01112	0.03731	0.00710	0.00209	0.00906	0.00496	0.00353	0.01004
134	0.02962	0.03779	0.02247	0.02043	0.02451	0.68948	0.01532	0.03166	0.02247	0.01941	0.01226	0.01430	0.01021	0.00817	0.00715	0.00204	0.01430	0.00511	0.00409	0.00919
135	0.01887	0.01950	0.03749	0.09634	0.36193	0.01924	0.27832	0.02444	0.01815	0.02523	0.01531	0.02048	0.01218	0.00698	0.00848	0.00251	0.01114	0.00801	0.00393	0.01148
136	0.00974	0.00693	0.00918	0.01094	0.01138	0.00649	0.00725	0.01106	0.01502	0.02003	0.04290	0.68750	0.05143	0.05487	0.01143	0.00341	0.00473	0.02207	0.00725	0.00637
137	0.01673	0.04840	0.05545	0.09152	0.05626	0.01909	0.24247	0.02110	0.01595	0.02241	0.01751	0.09333	0.01611	0.01226	0.03372	0.00314	0.18573	0.00937	0.03001	0.00942
138	0.02324	0.28903	0.03031	0.04662	0.02377	0.14743	0.04410	0.15452	0.02128	0.02563	0.01425	0.01780	0.01217	0.04264	0.03202	0.00274	0.05163	0.00601	0.00461	0.01022
139	0.01091	0.00854	0.01014	0.01046	0.01285	0.00764	0.00835	0.01367	0.01860	0.02376	0.15377	0.10229	0.35076	0.01966	0.00971	0.00289	0.00500	0.18662	0.00745	0.03692

[dist]
# distance from previous block
# <min> <max>
0	20

[block]
# block no. 3 follows, 24 sequences, length 64
# corresponding to MSA columns:
# 254-317
name=unknown_D
#
# <colnr> <probs for GDERKNQSTAVLIFYWHMCP>
#	G	D	E	R	K	N	Q	S	T	A	V	L	I	F	Y	W	H	M	C	P
0	0.05685	0.06794	0.31215	0.02468	0.08069	0.01839	0.17244	0.02587	0.01797	0.09133	0.04481	0.02056	0.01446	0.00785	0.00785	0.00248	0.01063	0.00721	0.00452	0.01129
1	0.01685	0.16279	0.56671	0.02100	0.03184	0.02072	0.02650	0.02487	0.01663	0.02397	0.01366	0.01603	0.01007	0.00740	0.00710	0.00237	0.01114	0.00557	0.00336	0.01145
2	0.00980	0.00719	0.00923	0.01081	0.01167	0.00663	0.00747	0.01140	0.01578	0.02061	0.04892	0.58787	0.14136	0.02399	0.01006	0.00317	0.00467	0.05550	0.00736	0.00653
3	0.01590	0.04102	0.68023	0.02260	0.03432	0.01842	0.02930	0.02511	0.01674	0.02511	0.01423	0.01674	0.01005	0.00753	0.00753	0.00251	0.01172	0.00586	0.00335	0.01172
4	0.11458	0.29276	0.07822	0.01380	0.01941	0.02133	0.01285	0.05909	0.08934	0.05825	0.04601	0.08944	0.05443	0.01048	0.00677	0.00227	0.00733	0.00808	0.00547	0.01007
5	0.01122	0.00811	0.01060	0.00998	0.01185	0.00748	0.00748	0.01496	0.02245	0.03180	0.66766	0.05923	0.07482	0.01621	0.00935	0.00249	0.00374	0.01434	0.00873	0.00748
6	0.01241	0.00826	0.00951	0.00970	0.01037	0.00827	0.00614	0.04752	0.01448	0.02010	0.02978	0.22652	0.03344	0.41995	0.02679	0.00558	0.00650	0.01382	0.08486	0.00600
7	0.13719	0.02265	0.08108	0.01700	0.02323	0.04958	0.01488	0.41333	0.06163	0.04256	0.01812	0.01873	0.01316	0.00901	0.00732	0.00238	0.00850	0.00662	0.04092	0.01211
8	0.01732	0.01754	0.02864	0.02285	0.02632	0.04795	0.23530	0.05499	0.01702	0.02332	0.02061	0.17927	0.02080	0.01337	0.01466	0.00301	0.23174	0.01131	0.00483	0.00916
9	0.01377	0.00689	0.01033	0.01033	0.01033	0.00689	0.00689	0.01033	0.01033	0.01377	0.01377	0.02410	0.01377	0.02755	0.03099	0.76928	0.00689	0.00689	0.00344	0.00344
10	0.01716	0.01478	0.01838	0.01345	0.01991	0.01229	0.04168	0.05531	0.01735	0.02646	0.01479	0.01840	0.01254	0.03721	0.00848	0.00169	0.03555	0.00546	0.00480	0.62431
11	0.01827	0.02527	0.19284	0.05754	0.15771	0.04802	0.29029	0.02437	0.01770	0.02432	0.01502	0.01976	0.01161	0.00824	0.00969	0.04536	0.01179	0.00766	0.00379	0.01075
12	0.00966	0.00690	0.00920	0.01104	0.01150	0.00644	0.00736	0.01104	0.01518	0.02024	0.04371	0.71614	0.05245	0.02484	0.01012	0.00322	0.00460	0.02254	0.00736	0.00644
13	0.01361	0.01120	0.01392	0.06915	0.01736	0.03061	0.01048	0.03881	0.04314	0.02295	0.09673	0.26812	0.09282	0.04496	0.01374	0.03379	0.11253	0.01413	0.04437	0.00755
14	0.01633	0.01717	0.06293	0.25054	0.03896	0.01674	0.25535	0.02153	0.01715	0.04542	0.02237	0.10149	0.05339	0.01027	0.00939	0.00274	0.03406	0.01017	0.00456	0.00945
15	0.01197	0.00855	0.01185	0.01368	0.01515	0.00843	0.01138	0.01503	0.01746	0.02283	0.04243	0.25176	0.04740	0.02267	0.01074	0.00354	0.00660	0.46413	0.00732	0.00708
16	0.02140	0.67208	0.06224	0.01418	0.02101	0.06048	0.01418	0.02415	0.01642	0.01891	0.01119	0.01293	0.01017	0.00687	0.00526	0.00174	0.00885	0.00433	0.00342	0.01018
17	0.00966	0.00690	0.00920	0.01104	0.01150	0.00644	0.00736	0.01104	0.01518	0.02024	0.04371	0.71614	0.05245	0.02484	0.01012	0.00322	0.00460	0.02254	0.00736	0.00644
18	0.05114	0.04403	0.02393	0.20670	0.03223	0.05575	0.01683	0.37162	0.02796	0.03731	0.01640	0.01888	0.01210	0.00904	0.00850	0.00246	0.04075	0.00681	0.00607	0.01148
19	0.74456	0.01528	0.01218	0.04017	0.01702	0.01778	0.00917	0.02318	0.01360	0.03492	0.01117	0.01324	0.00867	0.00739	0.00504	0.00246	0.00632	0.00441	0.00485	0.00860
20	0.02962	0.03779	0.02247	0.02043	0.02451	0.68948	0.01532	0.03166	0.02247	0.01941	0.01226	0.01430	0.01021	0.00817	0.00715	0.00204	0.01430	0.00511	0.00409	0.00919
21	0.01644	0.01409	0.01644	0.01175	0.01879	0.01057	0.00940	0.01997	0.01644	0.02584	0.01409	0.01644	0.01175	0.00587	0.00587	0.00117	0.00587	0.00470	0.00470	0.76979
22	0.01201	0.00833	0.01082	0.01021	0.01227	0.00765	0.00778	0.01563	0.02203	0.05270	0.58674	0.06040	0.10394	0.01646	0.00938	0.00255	0.00401	0.04080	0.00863	0.00763
23	0.01478	0.00739	0.00739	0.00739	0.00924	0.00739	0.00554	0.01848	0.01663	0.02956	0.02587	0.02956	0.02033	0.00924	0.00554	0.00185	0.00370	0.00739	0.76534	0.00739
24	0.01811	0.01736	0.02853	0.07464	0.38396	0.01920	0.05458	0.02202	0.01630	0.02374	0.01552	0.05089	0.01397	0.00968	0.01251	0.00269	0.18412	0.00786	0.03353	0.01080
25	0.01870	0.02086	0.08947	0.07061	0.36753	0.04401	0.11181	0.02546	0.07605	0.02558	0.01944	0.04117	0.03633	0.00839	0.00815	0.00248	0.00985	0.00813	0.00446	0.01153
26	0.01878	0.01455	0.01881	0.05316	0.02199	0.01305	0.04292	0.06189	0.04384	0.08994	0.01936	0.08043	0.01660	0.00887	0.00785	0.00188	0.03749	0.00738	0.00562	0.43561
27	0.01963	0.01884	0.03219	0.04867	0.67185	0.01884	0.02434	0.02434	0.01806	0.02591	0.01492	0.01963	0.01256	0.00707	0.00785	0.00236	0.00942	0.00707	0.00393	0.01256
28	0.01134	0.00846	0.01258	0.01258	0.01394	0.00982	0.00971	0.01406	0.01270	0.01829	0.02139	0.03198	0.02019	0.08598	0.66387	0.01254	0.02070	0.00862	0.00427	0.00699
29	0.01491	0.01373	0.02311	0.66749	0.05239	0.01708	0.02126	0.01976	0.01558	0.01993	0.01408	0.02129	0.01073	0.00891	0.00909	0.04116	0.01039	0.00704	0.00352	0.00854
30	0.02093	0.69156	0.07374	0.01402	0.02106	0.03072	0.01436	0.02381	0.01614	0.01898	0.01119	0.01292	0.01017	0.00682	0.00521	0.00174	0.00864	0.00432	0.00339	0.01025
31	0.01565	0.01471	0.02205	0.53781	0.04571	0.04323	0.01959	0.02120	0.04813	0.02119	0.01670	0.05645	0.01375	0.00933	0.00897	0.00267	0.05062	0.00786	0.03555	0.00883
32	0.00982	0.00703	0.00935	0.01093	0.01154	0.00655	0.00737	0.01145	0.01594	0.02145	0.10896	0.64744	0.05479	0.02394	0.01004	0.00314	0.00451	0.02169	0.00750	0.00655
33	0.00989	0.00848	0.00853	0.00844	0.01120	0.00734	0.00635	0.01291	0.04991	0.02201	0.07794	0.07399	0.63655	0.01962	0.00931	0.00268	0.00413	0.01635	0.00740	0.00699
34	0.01785	0.01518	0.01631	0.01477	0.01882	0.01700	0.01141	0.03587	0.51367	0.03174	0.10188	0.06184	0.05861	0.01214	0.00827	0.00264	0.00583	0.01027	0.00796	0.03795
35	0.02011	0.01152	0.03364	0.01204	0.01583	0.00998	0.00981	0.05419	0.02297	0.24040	0.39428	0.04605	0.06863	0.01367	0.00878	0.00248	0.00520	0.01174	0.00884	0.00982
36	0.01478	0.00739	0.00739	0.00739	0.00924	0.00739	0.00554	0.01848	0.01663	0.02956	0.02587	0.02956	0.02033	0.00924	0.00554	0.00185	0.00370	0.00739	0.76534	0.00739
37	0.01804	0.01713	0.02840	0.20594	0.38220	0.01822	0.05685	0.02489	0.09013	0.02507	0.01787	0.04830	0.01491	0.00837	0.00807	0.00252	0.00939	0.00801	0.00443	0.01128
38	0.05219	0.01982	0.02235	0.10529	0.17988	0.12785	0.01644	0.15598	0.02230	0.06572	0.01873	0.02487	0.01545	0.03971	0.00905	0.00261	0.00932	0.04014	0.06165	0.01065
39	0.00966	0.00690	0.00920	0.01104	0.01150	0.00644	0.00736	0.01104	0.01518	0.02024	0.04371	0.71614	0.05245	0.02484	0.01012	0.00322	0.00460	0.02254	0.00736	0.00644
40	0.05927	0.09095	0.47769	0.01935	0.02869	0.03742	0.02339	0.02368	0.01747	0.02594	0.10471	0.02204	0.01900	0.00869	0.00743	0.00243	0.01010	0.00680	0.00421	0.01075
41	0.01652	0.12354	0.15041	0.01447	0.01975	0.01534	0.01412	0.02364	0.10950	0.07125	0.20766	0.04137	0.08086	0.01266	0.00822	0.00252	0.00695	0.06484	0.00661	0.00978
42	0.00983	0.00697	0.00915	0.01082	0.01124	0.00655	0.00713	0.01109	0.01485	0.01980	0.04201	0.65597	0.05031	0.08793	0.01286	0.00363	0.00488	0.02155	0.00713	0.00629
43	0.02155	0.69755	0.04076	0.01385	0.02053	0.05867	0.01364	0.02407	0.01638	0.01869	0.01108	0.01279	0.01018	0.00684	0.00517	0.00171	0.00872	0.00428	0.00342	0.01014
44	0.70254	0.01686	0.04233	0.01140	0.01669	0.01819	0.00987	0.05720	0.01493	0.03589	0.01162	0.01339	0.00892	0.00749	0.00519	0.00245	0.00653	0.00452	0.00500	0.00899
45	0.01761	0.01678	0.02855	0.33183	0.40444	0.01831	0.02333	0.02257	0.01710	0.02346	0.01456	0.02028	0.01170	0.00744	0.00788	0.00248	0.00992	0.00706	0.00375	0.01094
46	0.01803	0.11378	0.48644	0.02395	0.09004	0.01962	0.05250	0.02564	0.01720	0.05991	0.01494	0.01731	0.01089	0.00749	0.00739	0.00241	0.01095	0.00605	0.00379	0.01167
47	0.00954	0.00804	0.00827	0.00821	0.01081	0.00677	0.00616	0.01171	0.01847	0.02236	0.13353	0.07477	0.61484	0.01973	0.00937	0.00266	0.00399	0.01652	0.00749	0.00677
48	0.02685	0.03034	0.02346	0.02293	0.10060	0.42276	0.01609	0.11640	0.04786	0.02529	0.01428	0.01646	0.01158	0.00855	0.00838	0.00219	0.05092	0.00586	0.00476	0.04444
49	0.01659	0.12938	0.59785	0.02144	0.03252	0.02009	0.02727	0.02494	0.01666	0.02428	0.01382	0.01622	0.01006	0.00744	0.00722	0.00241	0.01130	0.00565	0.00335	0.01152
50	0.01258	0.00797	0.01045	0.01115	0.01256	0.00737	0.00800	0.01463	0.01722	0.08167	0.14094	0.43116	0.08618	0.05662	0.01135	0.00327	0.00500	0.06699	0.00766	0.00724
51	0.02310	0.01852	0.01966	0.01661	0.02158	0.02100	0.01316	0.25358	0.41542	0.03844	0.02735	0.02668	0.02060	0.03624	0.00920	0.00276	0.00719	0.00842	0.00790	0.01260
52	0.01498	0.01409	0.02378	0.70226	0.05462	0.01762	0.02202	0.02026	0.01586	0.02026	0.01409	0.02114	0.01057	0.00793	0.00793	0.00264	0.01057	0.00705	0.00352	0.00881
53	0.01811	0.02258	0.10441	0.09298	0.04197	0.01968	0.52895	0.02491	0.01827	0.02491	0.01570	0.02093	0.01171	0.00688	0.00906	0.00266	0.01296	0.00882	0.00390	0.01062
54	0.01153	0.00769	0.00865	0.00865	0.00865	0.00769	0.00480	0.01153	0.01153	0.01538	0.02499	0.05189	0.02883	0.72131	0.04036	0.00769	0.00769	0.01153	0.00480	0.00480
55	0.00966	0.00690	0.00920	0.01104	0.01150	0.00644	0.00736	0.01104	0.01518	0.02024	0.04371	0.71614	0.05245	0.02484	0.01012	0.00322	0.00460	0.02254	0.00736	0.00644
56	0.01113	0.00996	0.01036	0.01118	0.04481	0.04136	0.00769	0.01341	0.01852	0.02261	0.13645	0.12641	0.48024	0.01883	0.00925	0.00266	0.00482	0.01593	0.00718	0.00718
57	0.02723	0.03318	0.02230	0.02222	0.08531	0.56334	0.01542	0.02903	0.02095	0.01952	0.01265	0.01570	0.01076	0.00982	0.00938	0.07157	0.01316	0.00546	0.00401	0.00900
58	0.01430	0.00797	0.01231	0.01380	0.07025	0.00797	0.00847	0.01160	0.01103	0.01487	0.01388	0.02370	0.01366	0.02569	0.02890	0.69982	0.00712	0.00690	0.00349	0.00427
59	0.01942	0.02008	0.06838	0.04722	0.63624	0.01882	0.02461	0.02438	0.01798	0.02586	0.01488	0.01947	0.01242	0.00709	0.00783	0.00236	0.00955	0.00700	0.00389	0.01251
60	0.03375	0.01458	0.01885	0.01465	0.02067	0.01351	0.01204	0.09390	0.07747	0.56627	0.03026	0.02649	0.01946	0.00987	0.00798	0.00247	0.00689	0.00798	0.00950	0.01341
61	0.02808	0.01905	0.02080	0.01628	0.02182	0.02066	0.01325	0.47409	0.05103	0.11270	0.02166	0.02281	0.01585	0.04544	0.00936	0.00262	0.00793	0.00753	0.07658	0.01247
62	0.01886	0.01806	0.03081	0.15584	0.57064	0.01864	0.02396	0.02367	0.01770	0.02498	0.01478	0.01987	0.01223	0.00721	0.00786	0.00240	0.00961	0.00706	0.00386	0.01195
63	0.01818	0.17659	0.45507	0.02014	0.02949	0.02121	0.02406	0.02502	0.01652	0.05870	0.01416	0.01654	0.01063	0.00808	0.00874	0.00243	0.07375	0.00574	0.00372	0.01123

