[name]
unknown

[dist]
# distance from previous block
# <min> <max>
0	41

[block]
# block no. 0 follows, 23 sequences, length 7
# corresponding to MSA columns:
# 41-47
name=unknown_A
#
# <colnr> <probs for GDERKNQSTAVLIFYWHMCP>
#	G	D	E	R	K	N	Q	S	T	A	V	L	I	F	Y	W	H	M	C	P
0	0.01308	0.00934	0.01308	0.01494	0.01681	0.00934	0.01308	0.01681	0.01868	0.02428	0.04296	0.09153	0.04670	0.02242	0.01121	0.00374	0.00747	0.60960	0.00747	0.00747
1	0.77215	0.01569	0.01193	0.01067	0.01569	0.01820	0.00879	0.02385	0.01381	0.03641	0.01130	0.01318	0.00879	0.00753	0.00502	0.00251	0.00628	0.00439	0.00502	0.00879
2	0.77215	0.01569	0.01193	0.01067	0.01569	0.01820	0.00879	0.02385	0.01381	0.03641	0.01130	0.01318	0.00879	0.00753	0.00502	0.00251	0.00628	0.00439	0.00502	0.00879
3	0.01915	0.02189	0.04788	0.03420	0.04241	0.02052	0.63475	0.02599	0.01915	0.02599	0.01642	0.02189	0.01231	0.00684	0.00958	0.00274	0.01368	0.00958	0.00410	0.01094
4	0.08779	0.01481	0.01868	0.01460	0.02069	0.01386	0.01200	0.07978	0.06667	0.53798	0.02973	0.02620	0.01916	0.00991	0.00794	0.00252	0.00697	0.00790	0.00943	0.01338
5	0.02008	0.01928	0.03294	0.04981	0.66422	0.01928	0.02490	0.02490	0.01848	0.02651	0.01526	0.02008	0.01285	0.00723	0.00803	0.00241	0.00964	0.00723	0.00402	0.01285
6	0.33803	0.01909	0.01882	0.05362	0.07712	0.07611	0.01332	0.14130	0.05462	0.11124	0.01705	0.01815	0.01251	0.00850	0.00676	0.00248	0.00810	0.00610	0.00613	0.01095

[dist]
# distance from previous block
# <min> <max>
0	1

[block]
# block no. 1 follows, 23 sequences, length 6
# corresponding to MSA columns:
# 49-54
name=unknown_B
#
# <colnr> <probs for GDERKNQSTAVLIFYWHMCP>
#	G	D	E	R	K	N	Q	S	T	A	V	L	I	F	Y	W	H	M	C	P
0	0.02008	0.01928	0.03294	0.04981	0.66422	0.01928	0.02490	0.02490	0.01848	0.02651	0.01526	0.02008	0.01285	0.00723	0.00803	0.00241	0.00964	0.00723	0.00402	0.01285
1	0.02092	0.01957	0.03269	0.09920	0.46859	0.02003	0.08680	0.10072	0.02080	0.02902	0.01584	0.02033	0.01274	0.00758	0.00821	0.00247	0.01007	0.00748	0.00450	0.01245
2	0.02042	0.01995	0.03033	0.08279	0.52378	0.05847	0.02297	0.02699	0.08409	0.02655	0.01690	0.02091	0.01383	0.00774	0.00802	0.00244	0.00967	0.00731	0.00444	0.01242
3	0.09246	0.02742	0.02066	0.01776	0.02268	0.33309	0.01384	0.15713	0.05356	0.10927	0.02167	0.02189	0.05436	0.00968	0.00758	0.00232	0.01074	0.00689	0.00620	0.01080
4	0.01956	0.01874	0.03199	0.12113	0.59700	0.01914	0.02464	0.02444	0.01823	0.02587	0.01517	0.02025	0.01263	0.00733	0.00804	0.00244	0.00977	0.00723	0.00397	0.01243
5	0.02122	0.01583	0.01931	0.09834	0.02499	0.01438	0.01250	0.13196	0.02122	0.09882	0.01720	0.01905	0.01305	0.00736	0.00687	0.00175	0.00722	0.00591	0.00580	0.45722

[dist]
# distance from previous block
# <min> <max>
5	10

[block]
# block no. 2 follows, 23 sequences, length 137
# corresponding to MSA columns:
# 65-201
name=unknown_C
#
# <colnr> <probs for GDERKNQSTAVLIFYWHMCP>
#	G	D	E	R	K	N	Q	S	T	A	V	L	I	F	Y	W	H	M	C	P
0	0.17984	0.39965	0.05979	0.04921	0.02212	0.02479	0.01357	0.02529	0.01659	0.08439	0.01371	0.01526	0.01108	0.00740	0.00575	0.00203	0.00812	0.00496	0.00449	0.05196
1	0.15690	0.05282	0.02094	0.01534	0.02132	0.01724	0.04611	0.17482	0.02368	0.23036	0.04691	0.04593	0.01827	0.00958	0.00745	0.00236	0.00746	0.00762	0.00739	0.08750
2	0.58903	0.04301	0.04695	0.01318	0.01882	0.01864	0.04486	0.02592	0.04811	0.06826	0.01397	0.01550	0.01055	0.00780	0.00574	0.00251	0.00708	0.00520	0.00528	0.00960
3	0.05286	0.08703	0.01486	0.01170	0.01364	0.04393	0.00878	0.01562	0.01554	0.02061	0.05789	0.15777	0.14632	0.21297	0.01929	0.00423	0.06438	0.03969	0.00579	0.00709
4	0.01882	0.01180	0.01446	0.01262	0.01610	0.01171	0.00983	0.05923	0.13833	0.15357	0.39210	0.04660	0.05303	0.01396	0.00899	0.00257	0.00516	0.01204	0.00897	0.01010
5	0.31706	0.09283	0.04737	0.08632	0.02199	0.06324	0.01238	0.02399	0.01670	0.09810	0.03923	0.11134	0.01880	0.01057	0.00686	0.00253	0.00764	0.00808	0.00558	0.00939
6	0.01049	0.00892	0.04109	0.01220	0.01334	0.00743	0.00911	0.01249	0.01590	0.02128	0.04313	0.61902	0.05097	0.02430	0.01031	0.00330	0.00531	0.07713	0.00733	0.00693
7	0.02790	0.02126	0.02269	0.01807	0.02404	0.02379	0.01471	0.47289	0.20722	0.04638	0.02323	0.02247	0.01683	0.01009	0.00816	0.00252	0.00824	0.00782	0.00816	0.01353
8	0.01965	0.01399	0.01682	0.01230	0.01907	0.01082	0.00987	0.02319	0.01818	0.12911	0.05281	0.02096	0.01686	0.00723	0.00655	0.00148	0.00603	0.00588	0.00587	0.60333
9	0.01900	0.02294	0.08056	0.03362	0.04203	0.02043	0.60312	0.02598	0.01905	0.02598	0.01632	0.02164	0.01221	0.00689	0.00948	0.00273	0.01359	0.00939	0.00407	0.01100
10	0.01712	0.14789	0.57429	0.02168	0.03289	0.02092	0.02746	0.02548	0.01703	0.02466	0.01405	0.01649	0.01030	0.00759	0.00732	0.00244	0.01147	0.00574	0.00343	0.01175
11	0.01552	0.01462	0.02469	0.66866	0.08102	0.01808	0.02263	0.02090	0.01632	0.02097	0.01446	0.02157	0.01090	0.00808	0.00811	0.00269	0.01077	0.00721	0.00362	0.00917
12	0.01280	0.00916	0.01270	0.01414	0.01601	0.00905	0.01215	0.01656	0.01941	0.02569	0.14827	0.08625	0.05180	0.02142	0.01093	0.00353	0.00685	0.50806	0.00772	0.00750
13	0.02000	0.01950	0.03421	0.04847	0.61115	0.01939	0.07694	0.02500	0.01853	0.02647	0.01536	0.02024	0.01281	0.00720	0.00816	0.00244	0.00998	0.00743	0.00402	0.01269
14	0.01539	0.00886	0.01170	0.01130	0.01352	0.00803	0.00834	0.01817	0.02022	0.14402	0.30697	0.28570	0.07849	0.01867	0.00959	0.00282	0.00471	0.01655	0.00859	0.00837
15	0.01695	0.01608	0.02728	0.47477	0.26374	0.01846	0.02334	0.02216	0.01699	0.02271	0.01471	0.02110	0.01151	0.00781	0.00809	0.00260	0.01041	0.00722	0.00375	0.01033
16	0.01289	0.00928	0.01282	0.01459	0.01650	0.00921	0.01271	0.01654	0.01867	0.02416	0.04505	0.09081	0.07937	0.02232	0.01112	0.00368	0.00729	0.57809	0.00748	0.00744
17	0.01823	0.01903	0.03263	0.05157	0.06295	0.02292	0.21589	0.02192	0.01504	0.02201	0.01288	0.01934	0.01130	0.01126	0.01952	0.00320	0.41889	0.00790	0.00375	0.00975
18	0.01632	0.07754	0.60283	0.02193	0.03311	0.01898	0.02791	0.02507	0.01741	0.02570	0.04871	0.01922	0.01381	0.00814	0.00767	0.00252	0.01137	0.00637	0.00372	0.01167
19	0.01940	0.01858	0.03170	0.14263	0.57674	0.01910	0.02456	0.02430	0.01815	0.02568	0.01514	0.02031	0.01256	0.00736	0.00804	0.00245	0.00981	0.00723	0.00396	0.01230
20	0.03641	0.01381	0.01883	0.01444	0.02071	0.01193	0.01193	0.03954	0.02322	0.66984	0.03201	0.02762	0.02009	0.01004	0.00816	0.00251	0.00690	0.00816	0.01004	0.01381
21	0.01979	0.01898	0.03240	0.08975	0.62657	0.01920	0.02476	0.02464	0.01834	0.02615	0.01521	0.02018	0.01273	0.00728	0.00804	0.00243	0.00971	0.00723	0.00399	0.01262
22	0.02008	0.01928	0.03294	0.04981	0.66422	0.01928	0.02490	0.02490	0.01848	0.02651	0.01526	0.02008	0.01285	0.00723	0.00803	0.00241	0.00964	0.00723	0.00402	0.01285
23	0.02008	0.01928	0.03294	0.04981	0.66422	0.01928	0.02490	0.02490	0.01848	0.02651	0.01526	0.02008	0.01285	0.00723	0.00803	0.00241	0.00964	0.00723	0.00402	0.01285
24	0.02018	0.01743	0.01835	0.01651	0.02110	0.02018	0.01284	0.04312	0.64956	0.03394	0.03303	0.03027	0.02477	0.01101	0.00826	0.00275	0.00642	0.00917	0.00826	0.01284
25	0.03566	0.01500	0.01957	0.01500	0.02131	0.01369	0.01239	0.11925	0.02522	0.58732	0.03034	0.02653	0.01925	0.01000	0.00815	0.00250	0.00717	0.00805	0.00979	0.01381
26	0.01944	0.03940	0.56859	0.02467	0.03589	0.01957	0.08089	0.02745	0.01875	0.05635	0.01754	0.02086	0.01290	0.00912	0.00874	0.00295	0.01240	0.00706	0.00452	0.01292
27	0.01961	0.01880	0.03208	0.11417	0.60357	0.01915	0.02467	0.02449	0.01825	0.02593	0.01518	0.02024	0.01265	0.00732	0.00804	0.00244	0.00976	0.00723	0.00398	0.01247
28	0.01159	0.00869	0.01304	0.01304	0.01449	0.01014	0.01014	0.01449	0.01304	0.01884	0.02173	0.03188	0.02029	0.06086	0.68268	0.01304	0.02173	0.00869	0.00435	0.00724
29	0.02654	0.02059	0.02193	0.01780	0.02352	0.02315	0.01438	0.39743	0.28489	0.04420	0.02495	0.02384	0.01823	0.01025	0.00817	0.00256	0.00792	0.00806	0.00817	0.01341
30	0.01441	0.00943	0.01191	0.01077	0.01336	0.00875	0.00824	0.04503	0.02323	0.08964	0.51722	0.05754	0.12683	0.01609	0.00938	0.00256	0.00436	0.01400	0.00886	0.00841
31	0.05758	0.14378	0.24428	0.02608	0.03512	0.02179	0.30661	0.02551	0.01779	0.02529	0.01471	0.01845	0.01117	0.00717	0.00802	0.00251	0.01193	0.00730	0.00383	0.01108
32	0.01909	0.02170	0.04685	0.03362	0.04147	0.02071	0.60725	0.02570	0.01885	0.02570	0.01616	0.02170	0.01224	0.00717	0.01034	0.00277	0.04427	0.00947	0.00408	0.01085
33	0.00989	0.00706	0.00942	0.01130	0.01177	0.00659	0.00753	0.01130	0.01554	0.02071	0.04472	0.70954	0.05367	0.02542	0.01036	0.00330	0.00471	0.02307	0.00753	0.00659
34	0.00989	0.00706	0.00942	0.01130	0.01177	0.00659	0.00753	0.01130	0.01554	0.02071	0.04472	0.70954	0.05367	0.02542	0.01036	0.00330	0.00471	0.02307	0.00753	0.00659
35	0.01664	0.03942	0.59353	0.02453	0.03604	0.01906	0.10668	0.02573	0.01739	0.02573	0.01480	0.01773	0.01054	0.00760	0.00795	0.00259	0.01221	0.00645	0.00351	0.01186
36	0.02008	0.01928	0.03294	0.04981	0.66422	0.01928	0.02490	0.02490	0.01848	0.02651	0.01526	0.02008	0.01285	0.00723	0.00803	0.00241	0.00964	0.00723	0.00402	0.01285
37	0.02018	0.01743	0.01835	0.01651	0.02110	0.02018	0.01284	0.04312	0.64956	0.03394	0.03303	0.03027	0.02477	0.01101	0.00826	0.00275	0.00642	0.00917	0.00826	0.01284
38	0.01686	0.03792	0.54663	0.02536	0.03659	0.01918	0.15208	0.02576	0.01754	0.02576	0.01494	0.01809	0.01069	0.00753	0.00809	0.00260	0.01233	0.00672	0.00356	0.01178
39	0.01627	0.04197	0.67279	0.02313	0.03512	0.01884	0.02998	0.02570	0.01713	0.02570	0.01456	0.01713	0.01028	0.00771	0.00771	0.00257	0.01199	0.00600	0.00343	0.01199
40	0.01762	0.01070	0.01172	0.01061	0.01333	0.01141	0.00829	0.13865	0.02049	0.03248	0.02434	0.02842	0.01935	0.01780	0.11534	0.00380	0.00768	0.00770	0.49155	0.00873
41	0.01283	0.00923	0.01274	0.01439	0.01630	0.00914	0.01248	0.01650	0.01889	0.02460	0.07664	0.08932	0.07619	0.02203	0.01105	0.00363	0.00713	0.55189	0.00755	0.00745
42	0.02208	0.68912	0.04164	0.01420	0.02102	0.06131	0.01396	0.02466	0.01678	0.01913	0.01134	0.01309	0.01041	0.00701	0.00530	0.00175	0.00895	0.00438	0.00350	0.01037
43	0.03015	0.02881	0.02354	0.01946	0.02495	0.28533	0.01541	0.37048	0.05997	0.03796	0.01735	0.01805	0.01297	0.00925	0.00781	0.00231	0.01108	0.00657	0.00656	0.01202
44	0.01169	0.00782	0.00888	0.00900	0.00902	0.00779	0.00507	0.01177	0.01202	0.01603	0.02671	0.09221	0.03094	0.67376	0.03946	0.00759	0.00768	0.01247	0.00507	0.00502
45	0.02182	0.64372	0.07905	0.01480	0.02190	0.06532	0.01494	0.02480	0.01687	0.01952	0.01154	0.01335	0.01041	0.00706	0.00547	0.00180	0.00919	0.00448	0.00351	0.01045
46	0.01172	0.00783	0.00887	0.00895	0.00897	0.00782	0.00502	0.01178	0.01195	0.01593	0.02634	0.07963	0.03048	0.68697	0.04005	0.00768	0.00774	0.01226	0.00502	0.00498
47	0.01801	0.14559	0.42007	0.01917	0.02921	0.01920	0.02278	0.02497	0.01719	0.04873	0.01465	0.01680	0.01100	0.00734	0.00699	0.00217	0.01011	0.00558	0.00395	0.15649
48	0.01339	0.00970	0.01331	0.01501	0.01700	0.00982	0.01307	0.01798	0.04680	0.02471	0.04252	0.08880	0.04572	0.02191	0.01108	0.00369	0.00742	0.58284	0.00751	0.00771
49	0.03641	0.01381	0.01883	0.01444	0.02071	0.01193	0.01193	0.03954	0.02322	0.66984	0.03201	0.02762	0.02009	0.01004	0.00816	0.00251	0.00690	0.00816	0.01004	0.01381
50	0.31993	0.01738	0.02213	0.13477	0.11095	0.01926	0.07500	0.12499	0.01950	0.03365	0.01481	0.01809	0.01132	0.00797	0.00692	0.00251	0.00854	0.00635	0.03558	0.01035
51	0.01094	0.00802	0.01114	0.05288	0.01555	0.00790	0.00969	0.01312	0.01629	0.02153	0.04252	0.52791	0.04953	0.02371	0.01042	0.00336	0.00570	0.15560	0.00728	0.00694
52	0.01178	0.00795	0.00925	0.00925	0.00939	0.00809	0.00542	0.01206	0.01192	0.01603	0.02520	0.05105	0.02861	0.65165	0.10327	0.00837	0.00921	0.01150	0.00486	0.00514
53	0.01513	0.00756	0.00756	0.00756	0.00945	0.00756	0.00567	0.01891	0.01702	0.03025	0.02647	0.03025	0.02080	0.00945	0.00567	0.00189	0.00378	0.00756	0.75988	0.00756
54	0.01915	0.02189	0.04788	0.03420	0.04241	0.02052	0.63475	0.02599	0.01915	0.02599	0.01642	0.02189	0.01231	0.00684	0.00958	0.00274	0.01368	0.00958	0.00410	0.01094
55	0.01532	0.01442	0.02434	0.69533	0.05589	0.01803	0.02253	0.02073	0.01622	0.02073	0.01442	0.02163	0.01082	0.00811	0.00811	0.00270	0.01082	0.00721	0.00361	0.00901
56	0.03641	0.01381	0.01883	0.01444	0.02071	0.01193	0.01193	0.03954	0.02322	0.66984	0.03201	0.02762	0.02009	0.01004	0.00816	0.00251	0.00690	0.00816	0.01004	0.01381
57	0.00996	0.00712	0.00948	0.01125	0.01179	0.00664	0.00754	0.01148	0.01587	0.02124	0.07236	0.68039	0.05470	0.02502	0.01032	0.00326	0.00467	0.02269	0.00760	0.00664
58	0.02137	0.67933	0.08007	0.01443	0.02168	0.03132	0.01484	0.02438	0.01653	0.01948	0.01148	0.01326	0.01041	0.00699	0.00536	0.00179	0.00888	0.00444	0.00347	0.01051
59	0.01084	0.00820	0.01003	0.00993	0.01194	0.00739	0.00743	0.01391	0.02075	0.02792	0.40441	0.13067	0.24439	0.01886	0.00972	0.00273	0.00415	0.04111	0.00832	0.00731
60	0.01920	0.16369	0.48493	0.02081	0.03113	0.05554	0.02522	0.02662	0.01768	0.06257	0.01490	0.01688	0.01090	0.00774	0.00726	0.00239	0.01122	0.00578	0.00387	0.01168
61	0.02326	0.01759	0.01983	0.01471	0.02159	0.01640	0.01197	0.25871	0.02537	0.07017	0.01730	0.01842	0.01313	0.00766	0.00693	0.00175	0.00718	0.00595	0.00636	0.43573
62	0.02271	0.09039	0.02178	0.01729	0.02201	0.17706	0.01361	0.03878	0.44092	0.02919	0.02610	0.02492	0.02001	0.00999	0.00774	0.00250	0.00857	0.00778	0.00683	0.01180
63	0.03031	0.03867	0.02299	0.02090	0.02508	0.68226	0.01568	0.03240	0.02299	0.01986	0.01254	0.01463	0.01045	0.00836	0.00732	0.00209	0.01463	0.00523	0.00418	0.00941
64	0.01069	0.00812	0.01143	0.01227	0.01347	0.00742	0.03301	0.01246	0.01576	0.02128	0.04170	0.63888	0.04942	0.02347	0.01006	0.00314	0.00515	0.02139	0.00723	0.05366
65	0.01972	0.02220	0.07558	0.02939	0.09522	0.05623	0.33383	0.05312	0.10796	0.02733	0.01994	0.06293	0.01636	0.00906	0.00953	0.00271	0.03328	0.00946	0.00499	0.01117
66	0.02484	0.01216	0.01519	0.01263	0.01729	0.01110	0.01009	0.03008	0.09392	0.35767	0.12818	0.04433	0.18034	0.01353	0.00870	0.00260	0.00577	0.01128	0.00909	0.01122
67	0.00989	0.00706	0.00942	0.01130	0.01177	0.00659	0.00753	0.01130	0.01554	0.02071	0.04472	0.70954	0.05367	0.02542	0.01036	0.00330	0.00471	0.02307	0.00753	0.00659
68	0.02172	0.64928	0.08071	0.01475	0.02189	0.05849	0.01496	0.02472	0.01680	0.01953	0.01154	0.01334	0.01041	0.00705	0.00545	0.00180	0.00913	0.00448	0.00350	0.01047
69	0.01289	0.00920	0.01286	0.01473	0.01651	0.00918	0.01275	0.01648	0.01849	0.02407	0.04307	0.12835	0.04711	0.02259	0.01116	0.00371	0.00731	0.57465	0.00748	0.00742
70	0.01058	0.00785	0.01120	0.01253	0.01343	0.00740	0.03047	0.01245	0.01602	0.02131	0.04352	0.61489	0.05140	0.02442	0.01043	0.00333	0.00534	0.08920	0.00740	0.00685
71	0.77215	0.01569	0.01193	0.01067	0.01569	0.01820	0.00879	0.02385	0.01381	0.03641	0.01130	0.01318	0.00879	0.00753	0.00502	0.00251	0.00628	0.00439	0.00502	0.00879
72	0.02332	0.02615	0.02410	0.02101	0.02297	0.28070	0.01682	0.05647	0.01787	0.02129	0.01184	0.01663	0.01074	0.01170	0.01816	0.00292	0.39755	0.00638	0.00403	0.00934
73	0.00959	0.00822	0.00822	0.00822	0.01096	0.00685	0.00617	0.01165	0.01850	0.02192	0.08220	0.07809	0.66092	0.02055	0.00959	0.00274	0.00411	0.01713	0.00754	0.00685
74	0.01762	0.01157	0.01336	0.01197	0.01442	0.01300	0.00948	0.13009	0.01966	0.03091	0.02273	0.02729	0.01838	0.01903	0.12723	0.00412	0.08038	0.00767	0.41232	0.00877
75	0.03214	0.01906	0.02179	0.01677	0.02301	0.01991	0.01383	0.40686	0.03217	0.26351	0.02407	0.02271	0.01624	0.00983	0.00804	0.00244	0.00803	0.00761	0.03841	0.01356
76	0.01627	0.04197	0.67279	0.02313	0.03512	0.01884	0.02998	0.02570	0.01713	0.02570	0.01456	0.01713	0.01028	0.00771	0.00771	0.00257	0.01199	0.00600	0.00343	0.01199
77	0.01006	0.00718	0.00961	0.01149	0.01204	0.00674	0.00783	0.01159	0.01570	0.02090	0.04463	0.67666	0.05330	0.02526	0.01040	0.00332	0.00485	0.05427	0.00753	0.00664
78	0.77215	0.01569	0.01193	0.01067	0.01569	0.01820	0.00879	0.02385	0.01381	0.03641	0.01130	0.01318	0.00879	0.00753	0.00502	0.00251	0.00628	0.00439	0.00502	0.00879
79	0.02198	0.58856	0.07906	0.01538	0.02211	0.08976	0.01519	0.02493	0.01696	0.01959	0.01157	0.01360	0.01042	0.00740	0.00640	0.00189	0.03667	0.00463	0.00354	0.01036
80	0.01602	0.01300	0.01490	0.01422	0.01747	0.01414	0.01128	0.02916	0.33005	0.03112	0.20171	0.05278	0.06661	0.01520	0.00927	0.00290	0.00587	0.13591	0.00824	0.01014
81	0.01882	0.19452	0.13760	0.02645	0.06137	0.02250	0.30232	0.02441	0.01766	0.02371	0.01607	0.05530	0.01369	0.00834	0.00897	0.00252	0.04277	0.00825	0.00400	0.01073
82	0.01950	0.01869	0.03189	0.12821	0.59033	0.01913	0.02461	0.02440	0.01820	0.02581	0.01516	0.02027	0.01261	0.00734	0.00804	0.00245	0.00978	0.00723	0.00397	0.01239
83	0.03641	0.01381	0.01883	0.01444	0.02071	0.01193	0.01193	0.03954	0.02322	0.66984	0.03201	0.02762	0.02009	0.01004	0.00816	0.00251	0.00690	0.00816	0.01004	0.01381
84	0.01981	0.02080	0.07320	0.04745	0.59735	0.01931	0.05261	0.02500	0.01842	0.02644	0.01527	0.01998	0.01267	0.00724	0.00808	0.00243	0.00997	0.00726	0.00398	0.01271
85	0.13491	0.02961	0.30887	0.02469	0.03391	0.01978	0.23368	0.06986	0.01884	0.02930	0.01505	0.01833	0.01100	0.00753	0.00797	0.00261	0.01147	0.00708	0.00425	0.01127
86	0.01319	0.00874	0.01131	0.01059	0.01288	0.00798	0.00812	0.01681	0.02237	0.07695	0.53193	0.06139	0.12216	0.01677	0.00956	0.00263	0.00426	0.04553	0.00881	0.00802
87	0.01171	0.00788	0.00909	0.00916	0.00926	0.00793	0.00529	0.01192	0.01201	0.01609	0.02612	0.07788	0.02998	0.65385	0.07324	0.00795	0.00846	0.01208	0.00499	0.00510
88	0.01037	0.00789	0.01142	0.01241	0.01337	0.00734	0.04085	0.01209	0.01583	0.02104	0.04454	0.65065	0.07292	0.02426	0.01029	0.00325	0.00516	0.02214	0.00735	0.00683
89	0.01723	0.01656	0.02834	0.41497	0.26124	0.01888	0.05041	0.02233	0.01695	0.02288	0.01463	0.02094	0.01157	0.00803	0.00899	0.00264	0.04190	0.00732	0.00377	0.01040
90	0.03641	0.01381	0.01883	0.01444	0.02071	0.01193	0.01193	0.03954	0.02322	0.66984	0.03201	0.02762	0.02009	0.01004	0.00816	0.00251	0.00690	0.00816	0.01004	0.01381
91	0.01148	0.00833	0.01084	0.01031	0.01226	0.00769	0.00781	0.01524	0.02265	0.03186	0.61657	0.06238	0.09610	0.01695	0.00963	0.00260	0.00397	0.03689	0.00883	0.00762
92	0.01814	0.11934	0.50286	0.02278	0.03352	0.02028	0.09023	0.02619	0.01754	0.05425	0.01516	0.01761	0.01095	0.00763	0.00763	0.00248	0.01154	0.00627	0.00380	0.01178
93	0.00989	0.00706	0.00942	0.01130	0.01177	0.00659	0.00753	0.01130	0.01554	0.02071	0.04472	0.70954	0.05367	0.02542	0.01036	0.00330	0.00471	0.02307	0.00753	0.00659
94	0.03085	0.02273	0.02435	0.01867	0.02516	0.02516	0.01542	0.63716	0.03815	0.05114	0.01948	0.01948	0.01380	0.00974	0.00812	0.00244	0.00893	0.00731	0.00812	0.01380
95	0.01683	0.01442	0.01683	0.01202	0.01923	0.01082	0.00961	0.02043	0.01683	0.02644	0.01442	0.01683	0.01202	0.00601	0.00601	0.00120	0.00601	0.00481	0.00481	0.76444
96	0.02032	0.45384	0.25505	0.01739	0.02590	0.06220	0.01943	0.02520	0.01705	0.02137	0.01246	0.01450	0.01037	0.00728	0.00617	0.00204	0.01012	0.00495	0.00349	0.01089
97	0.01405	0.02496	0.32400	0.01760	0.02471	0.01364	0.05683	0.02055	0.01962	0.02803	0.26860	0.03924	0.09020	0.01214	0.00870	0.00259	0.00830	0.01048	0.00593	0.00983
98	0.77215	0.01569	0.01193	0.01067	0.01569	0.01820	0.00879	0.02385	0.01381	0.03641	0.01130	0.01318	0.00879	0.00753	0.00502	0.00251	0.00628	0.00439	0.00502	0.00879
99	0.01775	0.01775	0.02485	0.02130	0.02130	0.02485	0.01775	0.01953	0.01243	0.01953	0.01065	0.01775	0.01065	0.01420	0.02663	0.00355	0.69998	0.00710	0.00355	0.00888
100	0.06065	0.02200	0.02384	0.05433	0.02641	0.02450	0.01553	0.57903	0.03598	0.04891	0.01887	0.01934	0.01343	0.00956	0.00799	0.00245	0.00892	0.00718	0.00775	0.01334
101	0.02008	0.01928	0.03294	0.04981	0.66422	0.01928	0.02490	0.02490	0.01848	0.02651	0.01526	0.02008	0.01285	0.00723	0.00803	0.00241	0.00964	0.00723	0.00402	0.01285
102	0.01159	0.00869	0.01304	0.01304	0.01449	0.01014	0.01014	0.01449	0.01304	0.01884	0.02173	0.03188	0.02029	0.06086	0.68268	0.01304	0.02173	0.00869	0.00435	0.00724
103	0.01308	0.00934	0.01308	0.01494	0.01681	0.00934	0.01308	0.01681	0.01868	0.02428	0.04296	0.09153	0.04670	0.02242	0.01121	0.00374	0.00747	0.60960	0.00747	0.00747
104	0.01450	0.01146	0.01471	0.01399	0.01611	0.03833	0.01096	0.08542	0.01626	0.02252	0.02112	0.02980	0.01917	0.05302	0.57998	0.01141	0.02001	0.00840	0.00477	0.00807
105	0.00989	0.00706	0.00942	0.01130	0.01177	0.00659	0.00753	0.01130	0.01554	0.02071	0.04472	0.70954	0.05367	0.02542	0.01036	0.00330	0.00471	0.02307	0.00753	0.00659
106	0.77215	0.01569	0.01193	0.01067	0.01569	0.01820	0.00879	0.02385	0.01381	0.03641	0.01130	0.01318	0.00879	0.00753	0.00502	0.00251	0.00628	0.00439	0.00502	0.00879
107	0.01915	0.02189	0.04788	0.03420	0.04241	0.02052	0.63475	0.02599	0.01915	0.02599	0.01642	0.02189	0.01231	0.00684	0.00958	0.00274	0.01368	0.00958	0.00410	0.01094
108	0.01019	0.00835	0.00908	0.00948	0.01197	0.00725	0.00738	0.01249	0.01839	0.02226	0.07396	0.10870	0.53106	0.02108	0.00989	0.00293	0.00470	0.11634	0.00752	0.00694
109	0.01810	0.01849	0.02548	0.02161	0.02231	0.05322	0.05131	0.02022	0.01330	0.01987	0.01158	0.01851	0.01119	0.01574	0.05582	0.00389	0.59956	0.00723	0.00365	0.00894
110	0.02271	0.01782	0.01913	0.01663	0.02158	0.02020	0.01310	0.11698	0.52717	0.08289	0.03126	0.02873	0.02306	0.01078	0.00823	0.00269	0.00677	0.00887	0.00837	0.01303
111	0.72628	0.01613	0.01269	0.01117	0.01628	0.01863	0.00920	0.06180	0.01532	0.03732	0.01180	0.01357	0.00910	0.00767	0.00521	0.00251	0.00644	0.00457	0.00521	0.00910
112	0.01894	0.01813	0.03490	0.04834	0.06860	0.01759	0.36357	0.04685	0.05264	0.05708	0.02383	0.06050	0.02109	0.01086	0.00958	0.00290	0.01105	0.11755	0.00546	0.01054
113	0.01647	0.06675	0.64974	0.02279	0.03460	0.01933	0.02939	0.02565	0.01711	0.02546	0.01444	0.01698	0.01028	0.00768	0.00762	0.00254	0.01187	0.00594	0.00343	0.01193
114	0.03621	0.01412	0.01902	0.01458	0.02087	0.01238	0.01205	0.06024	0.02374	0.64841	0.03158	0.02734	0.01987	0.01003	0.00816	0.00251	0.00697	0.00813	0.00998	0.01381
115	0.01207	0.00848	0.01069	0.01003	0.01224	0.00768	0.00756	0.01558	0.02222	0.05405	0.53916	0.06236	0.17343	0.01702	0.00952	0.00258	0.00399	0.01485	0.00874	0.00774
116	0.07845	0.29728	0.06024	0.02268	0.02985	0.09528	0.25881	0.02584	0.01805	0.02342	0.01354	0.01683	0.01104	0.00712	0.00722	0.00225	0.01121	0.00655	0.00391	0.01044
117	0.01195	0.00911	0.01328	0.01308	0.01431	0.01073	0.01005	0.01450	0.01288	0.01857	0.02150	0.03319	0.02066	0.12283	0.58321	0.01201	0.05776	0.00891	0.00436	0.00710
118	0.01167	0.00837	0.01138	0.01138	0.01225	0.00924	0.00807	0.01342	0.01255	0.01761	0.02325	0.04029	0.02394	0.32001	0.42851	0.01099	0.01624	0.00992	0.00457	0.00632
119	0.02406	0.01993	0.02085	0.05933	0.02456	0.05777	0.01433	0.27163	0.30313	0.03837	0.02607	0.06079	0.02037	0.01095	0.00825	0.00262	0.00804	0.00884	0.00765	0.01246
120	0.01847	0.01763	0.03001	0.26915	0.45751	0.01885	0.02410	0.02349	0.01771	0.02455	0.01498	0.02061	0.01216	0.00753	0.00806	0.00251	0.01004	0.00722	0.00388	0.01155
121	0.77215	0.01569	0.01193	0.01067	0.01569	0.01820	0.00879	0.02385	0.01381	0.03641	0.01130	0.01318	0.00879	0.00753	0.00502	0.00251	0.00628	0.00439	0.00502	0.00879
122	0.00972	0.00818	0.00843	0.00847	0.01106	0.00689	0.00631	0.01185	0.01864	0.02250	0.11507	0.10314	0.60101	0.02052	0.00962	0.00275	0.00412	0.01722	0.00762	0.00689
123	0.01787	0.03046	0.32153	0.02947	0.06439	0.01990	0.31860	0.02556	0.01797	0.02563	0.01532	0.01955	0.01137	0.00753	0.00936	0.00268	0.03982	0.00780	0.00378	0.01140
124	0.01197	0.00850	0.01045	0.00984	0.01215	0.00761	0.00742	0.01529	0.02176	0.05539	0.47674	0.06405	0.23391	0.01741	0.00952	0.00260	0.00403	0.01508	0.00860	0.00768
125	0.01149	0.00821	0.01124	0.01303	0.01423	0.00796	0.01023	0.01412	0.01732	0.02286	0.06528	0.38674	0.05108	0.02365	0.01074	0.00348	0.00602	0.30770	0.00755	0.00706
126	0.01019	0.00765	0.01067	0.01190	0.01278	0.00709	0.02917	0.01183	0.01584	0.02097	0.04606	0.64665	0.08981	0.02448	0.01028	0.00324	0.00498	0.02223	0.00741	0.00676
127	0.02712	0.02429	0.02328	0.02142	0.08884	0.17423	0.01561	0.34007	0.02923	0.03730	0.02000	0.02140	0.03992	0.00983	0.00881	0.00239	0.04595	0.00723	0.05132	0.01177
128	0.02704	0.01531	0.05416	0.01670	0.05394	0.01345	0.01331	0.03418	0.13437	0.37016	0.07971	0.06406	0.02743	0.01187	0.00853	0.00266	0.00694	0.04518	0.00869	0.01231
129	0.01011	0.00732	0.00947	0.01110	0.01183	0.00681	0.00758	0.01164	0.01579	0.02078	0.04711	0.59188	0.10632	0.05577	0.01172	0.00347	0.00494	0.05235	0.00741	0.00658
130	0.01918	0.32524	0.37966	0.01916	0.02869	0.05458	0.02260	0.02542	0.01713	0.02267	0.01310	0.01530	0.01034	0.00742	0.00664	0.00220	0.01073	0.00527	0.00348	0.01121
131	0.01985	0.02047	0.06618	0.04564	0.56322	0.01937	0.05217	0.02612	0.05749	0.02690	0.01638	0.02064	0.01343	0.00747	0.00810	0.00245	0.00975	0.00739	0.00425	0.01272
132	0.01891	0.02220	0.07247	0.03301	0.06911	0.02087	0.51033	0.02521	0.01828	0.02528	0.01564	0.02113	0.01206	0.00772	0.01132	0.00280	0.08978	0.00903	0.00401	0.01085
133	0.08434	0.02466	0.22359	0.01752	0.02460	0.05752	0.01763	0.03203	0.15224	0.18154	0.05399	0.02736	0.02034	0.01007	0.00793	0.00261	0.00871	0.03488	0.00664	0.01177
134	0.02005	0.02037	0.03336	0.02875	0.11454	0.05387	0.29110	0.05193	0.19741	0.02859	0.02242	0.06146	0.01813	0.00927	0.00888	0.00268	0.01049	0.00959	0.00560	0.01151
135	0.01916	0.02103	0.16007	0.01820	0.04567	0.01710	0.01639	0.06928	0.28133	0.06942	0.08799	0.06399	0.02801	0.01202	0.00855	0.00274	0.00768	0.05262	0.00713	0.01162
136	0.02870	0.01555	0.02046	0.01748	0.05025	0.01536	0.04104	0.05944	0.20917	0.37109	0.06007	0.02908	0.02324	0.01036	0.00831	0.00259	0.00712	0.00876	0.00885	0.01306

[dist]
# distance from previous block
# <min> <max>
5	12

[block]
# block no. 3 follows, 23 sequences, length 89
# corresponding to MSA columns:
# 214-302
name=unknown_D
#
# <colnr> <probs for GDERKNQSTAVLIFYWHMCP>
#	G	D	E	R	K	N	Q	S	T	A	V	L	I	F	Y	W	H	M	C	P
0	0.07010	0.01424	0.01780	0.01395	0.01959	0.01282	0.04632	0.02632	0.10351	0.14139	0.06207	0.05092	0.02147	0.04604	0.00907	0.00233	0.00660	0.00790	0.00654	0.32103
1	0.01764	0.28966	0.14557	0.01591	0.02211	0.02069	0.04493	0.05350	0.01913	0.02506	0.12183	0.06174	0.05736	0.01151	0.00765	0.00239	0.00828	0.05987	0.00531	0.00988
2	0.01885	0.10614	0.37857	0.01945	0.02887	0.05980	0.02206	0.06151	0.05170	0.02668	0.01532	0.01731	0.01157	0.00766	0.00717	0.00221	0.01028	0.00581	0.00425	0.14478
3	0.11674	0.27412	0.02930	0.09685	0.02572	0.08693	0.01512	0.15495	0.02099	0.02839	0.01347	0.01601	0.01101	0.00853	0.00824	0.00229	0.07042	0.00565	0.00474	0.01054
4	0.05944	0.11441	0.17673	0.01762	0.02505	0.02007	0.04027	0.11976	0.06683	0.02974	0.01588	0.01788	0.01238	0.00814	0.00826	0.00218	0.05480	0.00605	0.00498	0.19956
5	0.05474	0.08183	0.35472	0.01844	0.02790	0.01831	0.02089	0.08570	0.01896	0.02848	0.01462	0.01679	0.01103	0.00740	0.00698	0.00213	0.00957	0.00561	0.00435	0.21153
6	0.01414	0.05477	0.08928	0.04103	0.01857	0.01205	0.01186	0.06901	0.01903	0.02598	0.11835	0.31628	0.07570	0.01705	0.00893	0.00270	0.00634	0.01491	0.00666	0.07738
7	0.01419	0.01154	0.01388	0.01121	0.01594	0.00926	0.00865	0.01760	0.01873	0.02766	0.22470	0.09540	0.06545	0.01175	0.00769	0.00189	0.00512	0.01012	0.00648	0.42275
8	0.02150	0.01785	0.01885	0.01642	0.02125	0.02031	0.01292	0.14887	0.50212	0.03636	0.03343	0.03110	0.05979	0.01133	0.00831	0.00269	0.00674	0.00930	0.00819	0.01267
9	0.07555	0.01682	0.08926	0.03810	0.05294	0.01358	0.01424	0.06144	0.02158	0.31680	0.10444	0.03202	0.02552	0.01076	0.00813	0.00252	0.00738	0.04582	0.00779	0.05531
10	0.01962	0.01881	0.03211	0.11213	0.60549	0.01916	0.02467	0.02450	0.01826	0.02595	0.01518	0.02023	0.01266	0.00732	0.00804	0.00244	0.00975	0.00723	0.00398	0.01248
11	0.02136	0.67830	0.08103	0.01445	0.02170	0.03130	0.01487	0.02438	0.01653	0.01949	0.01148	0.01327	0.01040	0.00699	0.00536	0.00179	0.00888	0.00444	0.00347	0.01051
12	0.01131	0.00828	0.01065	0.01038	0.01228	0.00762	0.00784	0.01483	0.02186	0.03036	0.53267	0.10187	0.12780	0.01783	0.00972	0.00269	0.00413	0.05174	0.00863	0.00751
13	0.02827	0.02024	0.02160	0.01685	0.02259	0.02228	0.01382	0.53585	0.03469	0.04772	0.02063	0.02125	0.01495	0.00969	0.00772	0.00235	0.00809	0.00735	0.13131	0.01278
14	0.01251	0.00856	0.01128	0.01066	0.01273	0.00792	0.00815	0.01630	0.02271	0.05564	0.59804	0.06132	0.07260	0.01671	0.00962	0.00262	0.00417	0.05168	0.00888	0.00787
15	0.03641	0.01381	0.01883	0.01444	0.02071	0.01193	0.01193	0.03954	0.02322	0.66984	0.03201	0.02762	0.02009	0.01004	0.00816	0.00251	0.00690	0.00816	0.01004	0.01381
16	0.01168	0.00835	0.01130	0.01130	0.01215	0.00920	0.00798	0.01338	0.01253	0.01755	0.02332	0.04067	0.02410	0.33178	0.41698	0.01090	0.01599	0.00998	0.00458	0.00628
17	0.01513	0.00756	0.00756	0.00756	0.00945	0.00756	0.00567	0.01891	0.01702	0.03025	0.02647	0.03025	0.02080	0.00945	0.00567	0.00189	0.00378	0.00756	0.75988	0.00756
18	0.03085	0.02273	0.02435	0.01867	0.02516	0.02516	0.01542	0.63716	0.03815	0.05114	0.01948	0.01948	0.01380	0.00974	0.00812	0.00244	0.00893	0.00731	0.00812	0.01380
19	0.01022	0.00808	0.00923	0.00947	0.01159	0.00709	0.00701	0.01264	0.01905	0.02432	0.21171	0.18445	0.39400	0.02052	0.00978	0.00283	0.00427	0.03888	0.00786	0.00702
20	0.03641	0.01381	0.01883	0.01444	0.02071	0.01193	0.01193	0.03954	0.02322	0.66984	0.03201	0.02762	0.02009	0.01004	0.00816	0.00251	0.00690	0.00816	0.01004	0.01381
21	0.01627	0.04197	0.67279	0.02313	0.03512	0.01884	0.02998	0.02570	0.01713	0.02570	0.01456	0.01713	0.01028	0.00771	0.00771	0.00257	0.01199	0.00600	0.00343	0.01199
22	0.00961	0.00815	0.00829	0.00841	0.01101	0.00683	0.00625	0.01162	0.01831	0.02184	0.07985	0.11762	0.62291	0.02086	0.00964	0.00277	0.00415	0.01750	0.00753	0.00683
23	0.01167	0.00840	0.01156	0.01156	0.01250	0.00934	0.00830	0.01354	0.01260	0.01774	0.02309	0.03937	0.02354	0.29182	0.45617	0.01121	0.01684	0.00979	0.00455	0.00642
24	0.01079	0.00744	0.00915	0.01014	0.01039	0.00719	0.00630	0.01154	0.01377	0.01836	0.03567	0.39941	0.04225	0.35112	0.02498	0.00545	0.00620	0.01774	0.00630	0.00580
25	0.02135	0.01754	0.01865	0.01653	0.02128	0.02008	0.01293	0.07142	0.59476	0.06067	0.03234	0.02965	0.02405	0.01091	0.00825	0.00273	0.00656	0.00904	0.00832	0.01293
26	0.02169	0.71972	0.04252	0.01388	0.02083	0.03211	0.01388	0.02430	0.01649	0.01909	0.01128	0.01302	0.01041	0.00694	0.00521	0.00174	0.00868	0.00434	0.00347	0.01041
27	0.00989	0.00706	0.00942	0.01130	0.01177	0.00659	0.00753	0.01130	0.01554	0.02071	0.04472	0.70954	0.05367	0.02542	0.01036	0.00330	0.00471	0.02307	0.00753	0.00659
28	0.01513	0.00756	0.00756	0.00756	0.00945	0.00756	0.00567	0.01891	0.01702	0.03025	0.02647	0.03025	0.02080	0.00945	0.00567	0.00189	0.00378	0.00756	0.75988	0.00756
29	0.01308	0.00934	0.01308	0.01494	0.01681	0.00934	0.01308	0.01681	0.01868	0.02428	0.04296	0.09153	0.04670	0.02242	0.01121	0.00374	0.00747	0.60960	0.00747	0.00747
30	0.01644	0.04081	0.63667	0.02377	0.03554	0.01894	0.06494	0.02571	0.01725	0.02571	0.01467	0.01741	0.01040	0.00766	0.00782	0.00258	0.01209	0.00620	0.00347	0.01193
31	0.01659	0.08115	0.63636	0.02259	0.03429	0.01961	0.02905	0.02562	0.01709	0.02532	0.01437	0.01689	0.01029	0.00766	0.00756	0.00252	0.01180	0.00590	0.00343	0.01190
32	0.69265	0.01553	0.01298	0.05068	0.01827	0.01789	0.00974	0.02443	0.01440	0.06604	0.01248	0.01437	0.00945	0.00769	0.00535	0.00252	0.00657	0.00474	0.00518	0.00904
33	0.03641	0.01381	0.01883	0.01444	0.02071	0.01193	0.01193	0.03954	0.02322	0.66984	0.03201	0.02762	0.02009	0.01004	0.00816	0.00251	0.00690	0.00816	0.01004	0.01381
34	0.07902	0.01421	0.01861	0.01436	0.02057	0.01272	0.01186	0.05813	0.02316	0.61280	0.03040	0.02651	0.01922	0.00989	0.00798	0.00251	0.00693	0.00791	0.00969	0.01352
35	0.02106	0.53002	0.17806	0.01633	0.02419	0.06993	0.01749	0.02511	0.01703	0.02057	0.01207	0.01401	0.01039	0.00720	0.00588	0.00194	0.00977	0.00475	0.00351	0.01069
36	0.01874	0.01832	0.03244	0.21520	0.43454	0.01910	0.09502	0.02395	0.01797	0.02495	0.01518	0.02069	0.01226	0.00741	0.00823	0.00252	0.01041	0.00750	0.00392	0.01164
37	0.01513	0.00756	0.00756	0.00756	0.00945	0.00756	0.00567	0.01891	0.01702	0.03025	0.02647	0.03025	0.02080	0.00945	0.00567	0.00189	0.00378	0.00756	0.75988	0.00756
38	0.01833	0.01702	0.02801	0.37701	0.31402	0.01901	0.02310	0.06111	0.01856	0.02511	0.01510	0.02084	0.01187	0.00784	0.00808	0.00256	0.01020	0.00723	0.00406	0.01095
39	0.01671	0.08265	0.61133	0.02297	0.03451	0.01972	0.05121	0.02562	0.01717	0.02530	0.01443	0.01705	0.01036	0.00763	0.00762	0.00252	0.01185	0.00603	0.00345	0.01186
40	0.02492	0.01184	0.01478	0.01226	0.01574	0.01114	0.00905	0.07407	0.01927	0.32754	0.02813	0.03842	0.02382	0.32643	0.02303	0.00491	0.00750	0.00973	0.00759	0.00982
41	0.00959	0.00822	0.00822	0.00822	0.01096	0.00685	0.00617	0.01165	0.01850	0.02192	0.08220	0.07809	0.66092	0.02055	0.00959	0.00274	0.00411	0.01713	0.00754	0.00685
42	0.01815	0.15397	0.52446	0.02129	0.03207	0.02148	0.02632	0.06600	0.01842	0.02628	0.01434	0.01660	0.01053	0.00772	0.00732	0.00242	0.01123	0.00581	0.00374	0.01185
43	0.01897	0.01668	0.02798	0.29711	0.36403	0.01797	0.02274	0.02387	0.01790	0.06349	0.01701	0.02385	0.01379	0.00832	0.00819	0.00258	0.00985	0.03010	0.00436	0.01122
44	0.03641	0.01381	0.01883	0.01444	0.02071	0.01193	0.01193	0.03954	0.02322	0.66984	0.03201	0.02762	0.02009	0.01004	0.00816	0.00251	0.00690	0.00816	0.01004	0.01381
45	0.00989	0.00706	0.00942	0.01130	0.01177	0.00659	0.00753	0.01130	0.01554	0.02071	0.04472	0.70954	0.05367	0.02542	0.01036	0.00330	0.00471	0.02307	0.00753	0.00659
46	0.01827	0.02097	0.07913	0.05363	0.08145	0.02055	0.33301	0.02478	0.05384	0.02459	0.01621	0.02160	0.01297	0.01154	0.04792	0.00341	0.15288	0.00851	0.00418	0.01058
47	0.01189	0.00913	0.01361	0.01344	0.01482	0.01085	0.01051	0.01473	0.01301	0.01887	0.02120	0.03120	0.01982	0.05862	0.65126	0.01259	0.05422	0.00862	0.00431	0.00732
48	0.01860	0.22997	0.06532	0.01976	0.02327	0.02543	0.06968	0.02152	0.01451	0.02023	0.01223	0.01753	0.01131	0.01397	0.05880	0.00348	0.35468	0.00652	0.00362	0.00958
49	0.01791	0.01813	0.05568	0.01926	0.02385	0.01839	0.09428	0.05035	0.01635	0.02462	0.01381	0.01858	0.01188	0.01169	0.04198	0.00289	0.26923	0.00662	0.00432	0.28020
50	0.06925	0.43596	0.11102	0.01609	0.02263	0.08724	0.01587	0.02556	0.01699	0.05513	0.01282	0.01483	0.01083	0.00798	0.00767	0.00211	0.06852	0.00506	0.00398	0.01045
51	0.02982	0.07923	0.02428	0.02033	0.02483	0.59897	0.01555	0.07200	0.02360	0.02189	0.01293	0.01486	0.01067	0.00837	0.00724	0.00209	0.01389	0.00531	0.00440	0.00976
52	0.01812	0.01438	0.01696	0.01218	0.01933	0.01089	0.00977	0.02170	0.01725	0.06910	0.01559	0.01754	0.01255	0.00628	0.00615	0.00129	0.00607	0.00503	0.00515	0.71467
53	0.01627	0.04197	0.67279	0.02313	0.03512	0.01884	0.02998	0.02570	0.01713	0.02570	0.01456	0.01713	0.01028	0.00771	0.00771	0.00257	0.01199	0.00600	0.00343	0.01199
54	0.08247	0.01393	0.01840	0.01420	0.02040	0.01232	0.01173	0.03856	0.02263	0.63018	0.03072	0.02671	0.01938	0.00989	0.00796	0.00251	0.00687	0.00792	0.00973	0.01349
55	0.00989	0.00706	0.00942	0.01130	0.01177	0.00659	0.00753	0.01130	0.01554	0.02071	0.04472	0.70954	0.05367	0.02542	0.01036	0.00330	0.00471	0.02307	0.00753	0.00659
56	0.01915	0.02189	0.04788	0.03420	0.04241	0.02052	0.63475	0.02599	0.01915	0.02599	0.01642	0.02189	0.01231	0.00684	0.00958	0.00274	0.01368	0.00958	0.00410	0.01094
57	0.00989	0.00706	0.00942	0.01130	0.01177	0.00659	0.00753	0.01130	0.01554	0.02071	0.04472	0.70954	0.05367	0.02542	0.01036	0.00330	0.00471	0.02307	0.00753	0.00659
58	0.01351	0.00996	0.01432	0.01713	0.05734	0.00996	0.01382	0.01732	0.01867	0.02442	0.04123	0.08706	0.04458	0.02146	0.01101	0.00365	0.00761	0.57189	0.00726	0.00781
59	0.03641	0.01381	0.01883	0.01444	0.02071	0.01193	0.01193	0.03954	0.02322	0.66984	0.03201	0.02762	0.02009	0.01004	0.00816	0.00251	0.00690	0.00816	0.01004	0.01381
60	0.03085	0.02273	0.02435	0.01867	0.02516	0.02516	0.01542	0.63716	0.03815	0.05114	0.01948	0.01948	0.01380	0.00974	0.00812	0.00244	0.00893	0.00731	0.00812	0.01380
61	0.01159	0.00869	0.01304	0.01304	0.01449	0.01014	0.01014	0.01449	0.01304	0.01884	0.02173	0.03188	0.02029	0.06086	0.68268	0.01304	0.02173	0.00869	0.00435	0.00724
62	0.00989	0.00706	0.00942	0.01130	0.01177	0.00659	0.00753	0.01130	0.01554	0.02071	0.04472	0.70954	0.05367	0.02542	0.01036	0.00330	0.00471	0.02307	0.00753	0.00659
63	0.01180	0.00787	0.00885	0.00885	0.00885	0.00787	0.00492	0.01180	0.01180	0.01573	0.02557	0.05310	0.02950	0.71483	0.04130	0.00787	0.00787	0.01180	0.00492	0.00492
64	0.03085	0.02273	0.02435	0.01867	0.02516	0.02516	0.01542	0.63716	0.03815	0.05114	0.01948	0.01948	0.01380	0.00974	0.00812	0.00244	0.00893	0.00731	0.00812	0.01380
65	0.01930	0.01479	0.01621	0.01436	0.01853	0.01607	0.01121	0.07351	0.37542	0.08172	0.13867	0.04071	0.11861	0.01304	0.00863	0.00268	0.00590	0.01093	0.00839	0.01134
66	0.01692	0.09721	0.57875	0.02309	0.03441	0.02006	0.06873	0.02560	0.01721	0.02517	0.01441	0.01710	0.01042	0.00759	0.00762	0.00251	0.01183	0.00609	0.00347	0.01179
67	0.01933	0.01950	0.02840	0.30371	0.35071	0.09263	0.02293	0.02408	0.01808	0.02347	0.01462	0.02009	0.01177	0.00771	0.00798	0.00249	0.01066	0.00700	0.00387	0.01094
68	0.02367	0.02652	0.01931	0.01716	0.02156	0.36026	0.01318	0.05260	0.08053	0.02463	0.05911	0.02862	0.06174	0.01052	0.00777	0.00221	0.01049	0.04702	0.00553	0.12758
69	0.01845	0.02677	0.19974	0.03151	0.04064	0.02011	0.48779	0.02592	0.01866	0.02592	0.01597	0.02073	0.01182	0.00705	0.00912	0.00270	0.01327	0.00871	0.00394	0.01120
70	0.01627	0.04197	0.67279	0.02313	0.03512	0.01884	0.02998	0.02570	0.01713	0.02570	0.01456	0.01713	0.01028	0.00771	0.00771	0.00257	0.01199	0.00600	0.00343	0.01199
71	0.77215	0.01569	0.01193	0.01067	0.01569	0.01820	0.00879	0.02385	0.01381	0.03641	0.01130	0.01318	0.00879	0.00753	0.00502	0.00251	0.00628	0.00439	0.00502	0.00879
72	0.01893	0.01810	0.03085	0.20634	0.51670	0.01898	0.02433	0.02389	0.01793	0.02511	0.01506	0.02046	0.01236	0.00744	0.00805	0.00248	0.00993	0.00723	0.00392	0.01192
73	0.06768	0.18788	0.46841	0.02068	0.03097	0.02177	0.04691	0.02528	0.01684	0.02497	0.01369	0.01614	0.01028	0.00750	0.00705	0.00239	0.01095	0.00566	0.00357	0.01140
74	0.01162	0.00860	0.01257	0.01257	0.01385	0.00988	0.00955	0.01418	0.01290	0.01848	0.02217	0.03428	0.02133	0.13505	0.60991	0.01245	0.02016	0.00905	0.00441	0.00698
75	0.00989	0.00706	0.00942	0.01130	0.01177	0.00659	0.00753	0.01130	0.01554	0.02071	0.04472	0.70954	0.05367	0.02542	0.01036	0.00330	0.00471	0.02307	0.00753	0.00659
76	0.01175	0.00913	0.01280	0.01615	0.08754	0.00871	0.01062	0.01417	0.01697	0.02235	0.04576	0.40766	0.12542	0.02202	0.01019	0.00322	0.00583	0.15506	0.00712	0.00754
77	0.01850	0.01766	0.03007	0.26463	0.46177	0.01886	0.02411	0.02351	0.01773	0.02459	0.01498	0.02060	0.01218	0.00752	0.00806	0.00251	0.01003	0.00722	0.00388	0.01158
78	0.03085	0.02273	0.02435	0.01867	0.02516	0.02516	0.01542	0.63716	0.03815	0.05114	0.01948	0.01948	0.01380	0.00974	0.00812	0.00244	0.00893	0.00731	0.00812	0.01380
79	0.01148	0.00829	0.01085	0.01021	0.01212	0.00766	0.00766	0.01531	0.02297	0.03254	0.65994	0.06061	0.07656	0.01659	0.00957	0.00255	0.00383	0.01467	0.00893	0.00766
80	0.33252	0.05944	0.05128	0.05754	0.02330	0.01986	0.03214	0.17520	0.02175	0.13125	0.01687	0.01783	0.01208	0.00843	0.00671	0.00247	0.00794	0.00607	0.00624	0.01108
81	0.04861	0.01313	0.01548	0.01415	0.01755	0.01358	0.01111	0.17048	0.06644	0.10666	0.10186	0.23748	0.03796	0.01680	0.00924	0.00291	0.00643	0.09217	0.00806	0.00992
82	0.01409	0.00705	0.01057	0.01057	0.01057	0.00705	0.00705	0.01057	0.01057	0.01409	0.01409	0.02467	0.01409	0.02819	0.03171	0.76392	0.00705	0.00705	0.00352	0.00352
83	0.00989	0.00706	0.00942	0.01130	0.01177	0.00659	0.00753	0.01130	0.01554	0.02071	0.04472	0.70954	0.05367	0.02542	0.01036	0.00330	0.00471	0.02307	0.00753	0.00659
84	0.01683	0.01442	0.01683	0.01202	0.01923	0.01082	0.00961	0.02043	0.01683	0.02644	0.01442	0.01683	0.01202	0.00601	0.00601	0.00120	0.00601	0.00481	0.00481	0.76444
85	0.05723	0.01645	0.02033	0.09627	0.02536	0.01695	0.01378	0.23401	0.02660	0.30866	0.05481	0.02615	0.01951	0.03527	0.00928	0.00270	0.00791	0.00807	0.00821	0.01244
86	0.01539	0.01562	0.03024	0.05276	0.02947	0.01563	0.31369	0.01964	0.01702	0.02316	0.02635	0.27847	0.02754	0.01456	0.01147	0.00302	0.07734	0.01427	0.00531	0.00903
87	0.02045	0.02079	0.03453	0.11402	0.38092	0.06363	0.16867	0.05014	0.01949	0.02631	0.01544	0.02030	0.01238	0.00741	0.00836	0.00250	0.01103	0.00766	0.00417	0.01179
