[name]
unknown

[dist]
# distance from previous block
# <min> <max>
0	13

[block]
# block no. 0 follows, 25 sequences, length 65
# corresponding to MSA columns:
# 13-77
name=unknown_A
#
# <colnr> <probs for GDERKNQSTAVLIFYWHMCP>
#	G	D	E	R	K	N	Q	S	T	A	V	L	I	F	Y	W	H	M	C	P
0	0.01379	0.00917	0.01281	0.01425	0.01628	0.00907	0.01243	0.01732	0.01810	0.06152	0.04045	0.08392	0.04315	0.02073	0.01054	0.00350	0.00711	0.59108	0.00728	0.00749
1	0.01146	0.00750	0.00839	0.00839	0.00849	0.00750	0.00474	0.01167	0.01156	0.01584	0.02448	0.04948	0.02771	0.68588	0.03749	0.00719	0.00729	0.01104	0.04907	0.00484
2	0.00987	0.00788	0.00888	0.00886	0.01111	0.00688	0.00669	0.01239	0.01882	0.02402	0.25238	0.10017	0.43765	0.01881	0.00927	0.00264	0.00403	0.04528	0.00759	0.00679
3	0.02705	0.01850	0.02070	0.01615	0.02207	0.01939	0.01330	0.41823	0.06111	0.13437	0.02164	0.02389	0.01616	0.00966	0.00768	0.00227	0.00770	0.04280	0.00759	0.10974
4	0.02552	0.01780	0.01953	0.01560	0.02090	0.01915	0.01267	0.39082	0.12361	0.11746	0.06465	0.02892	0.08610	0.01093	0.00800	0.00242	0.00722	0.00868	0.00798	0.01205
5	0.14188	0.08548	0.23721	0.02280	0.03074	0.01892	0.26098	0.02346	0.01645	0.02552	0.01549	0.05807	0.01275	0.00794	0.00757	0.00248	0.01051	0.00760	0.00400	0.01015
6	0.02299	0.12527	0.09394	0.02015	0.08737	0.31456	0.01571	0.06946	0.02016	0.02315	0.01577	0.05730	0.01373	0.00876	0.00690	0.00210	0.01056	0.00648	0.07595	0.00968
7	0.02656	0.01836	0.02062	0.04955	0.02331	0.01995	0.01363	0.41199	0.10702	0.12928	0.02501	0.05465	0.04311	0.01050	0.00793	0.00243	0.00771	0.00835	0.00777	0.01229
8	0.01947	0.01378	0.01633	0.01240	0.01847	0.01157	0.00989	0.05286	0.06980	0.13153	0.04021	0.05172	0.01748	0.00805	0.00663	0.00165	0.00592	0.00662	0.00604	0.49959
9	0.01746	0.01371	0.01584	0.01211	0.01799	0.01162	0.00962	0.06971	0.06821	0.06230	0.05078	0.04970	0.05571	0.00854	0.00668	0.00164	0.00579	0.00703	0.00578	0.50978
10	0.02544	0.06786	0.02014	0.01460	0.01966	0.01875	0.01201	0.37143	0.02838	0.12320	0.06934	0.02468	0.01964	0.03617	0.00852	0.00242	0.00720	0.00760	0.11157	0.01140
11	0.01114	0.00746	0.00850	0.00862	0.00866	0.00743	0.00488	0.01124	0.01153	0.01537	0.02574	0.09873	0.02984	0.67726	0.03735	0.00720	0.00730	0.01204	0.00488	0.00481
12	0.01884	0.01813	0.03089	0.09141	0.57443	0.01844	0.05203	0.02440	0.04866	0.02527	0.01540	0.01984	0.01267	0.00712	0.00776	0.00235	0.00932	0.00710	0.00401	0.01194
13	0.34397	0.29009	0.08646	0.04411	0.02082	0.02288	0.01308	0.05948	0.01591	0.02770	0.01167	0.01360	0.00948	0.00715	0.00541	0.00213	0.00772	0.00460	0.00420	0.00956
14	0.01118	0.00753	0.00871	0.00880	0.00890	0.00758	0.00511	0.01140	0.01152	0.01544	0.02510	0.08201	0.02879	0.65479	0.07609	0.00759	0.00814	0.01162	0.00479	0.00490
15	0.01890	0.01632	0.01717	0.01548	0.01980	0.01881	0.01203	0.04007	0.64072	0.03200	0.03333	0.03065	0.04826	0.01086	0.00794	0.00263	0.00605	0.00905	0.00786	0.01206
16	0.00945	0.00675	0.00900	0.01080	0.01125	0.00630	0.00720	0.01080	0.01484	0.01979	0.04274	0.72245	0.05128	0.02429	0.00990	0.00315	0.00450	0.02204	0.00720	0.00630
17	0.01008	0.00783	0.00917	0.00897	0.01107	0.00691	0.00667	0.01285	0.01963	0.02592	0.37254	0.10383	0.34062	0.01803	0.00920	0.00256	0.00383	0.01553	0.00786	0.00691
18	0.01231	0.00893	0.01215	0.01376	0.01545	0.00898	0.01159	0.01638	0.04845	0.02307	0.04088	0.19197	0.04474	0.02138	0.01044	0.00345	0.00665	0.49500	0.00719	0.00724
19	0.01608	0.01378	0.01608	0.01148	0.01837	0.01034	0.00919	0.01952	0.01608	0.02527	0.01378	0.01608	0.01148	0.00574	0.00574	0.00115	0.00574	0.00459	0.00459	0.77491
20	0.03309	0.01282	0.01745	0.01351	0.01921	0.01110	0.01110	0.03613	0.02217	0.63783	0.07663	0.02864	0.02305	0.01004	0.00789	0.00240	0.00639	0.00824	0.00952	0.01278
21	0.01090	0.00792	0.01027	0.00968	0.01154	0.00729	0.00726	0.01450	0.02178	0.03070	0.65221	0.05856	0.09625	0.01600	0.00915	0.00245	0.00367	0.01411	0.00848	0.00729
22	0.03249	0.01688	0.02027	0.01554	0.02163	0.01686	0.01284	0.30382	0.02836	0.40977	0.02541	0.02303	0.01660	0.00947	0.00778	0.00237	0.00743	0.00744	0.00880	0.01319
23	0.01097	0.00793	0.01036	0.00975	0.01158	0.00732	0.00732	0.01463	0.02195	0.03109	0.67505	0.05792	0.07316	0.01585	0.00914	0.00244	0.00366	0.01402	0.00854	0.00732
24	0.74799	0.01465	0.01121	0.01006	0.01473	0.01694	0.00826	0.02258	0.01333	0.03453	0.01144	0.01332	0.00891	0.00728	0.00483	0.00237	0.00589	0.00433	0.03899	0.00834
25	0.02896	0.03695	0.02197	0.01998	0.02397	0.69638	0.01498	0.03096	0.02197	0.01898	0.01199	0.01398	0.00999	0.00799	0.00699	0.00200	0.01398	0.00499	0.00400	0.00899
26	0.01097	0.00793	0.01036	0.00975	0.01158	0.00732	0.00732	0.01463	0.02195	0.03109	0.67505	0.05792	0.07316	0.01585	0.00914	0.00244	0.00366	0.01402	0.00854	0.00732
27	0.72013	0.01485	0.01194	0.01050	0.01539	0.01690	0.00865	0.02404	0.01394	0.08881	0.01244	0.01374	0.00929	0.00740	0.00505	0.00240	0.00605	0.00450	0.00520	0.00880
28	0.01830	0.02092	0.04575	0.03268	0.04052	0.01961	0.65098	0.02484	0.01830	0.02484	0.01569	0.02092	0.01176	0.00654	0.00915	0.00261	0.01307	0.00915	0.00392	0.01046
29	0.00955	0.00679	0.00897	0.01067	0.01109	0.00637	0.00706	0.01082	0.01465	0.01953	0.04171	0.68495	0.04999	0.06355	0.01155	0.00339	0.00467	0.02144	0.00706	0.00621
30	0.03460	0.01350	0.01818	0.01394	0.01994	0.01184	0.01151	0.05948	0.02269	0.66211	0.03017	0.02612	0.01898	0.00959	0.00780	0.00240	0.00667	0.00777	0.00953	0.01320
31	0.01484	0.00974	0.01223	0.01105	0.01371	0.00945	0.00847	0.02097	0.11147	0.10568	0.51213	0.05029	0.06013	0.01440	0.00882	0.00246	0.00434	0.01258	0.00857	0.00868
32	0.02073	0.73217	0.04063	0.01327	0.01990	0.03068	0.01327	0.02322	0.01575	0.01824	0.01078	0.01244	0.00995	0.00663	0.00498	0.00166	0.00829	0.00415	0.00332	0.00995
33	0.00945	0.00675	0.00900	0.01080	0.01125	0.00630	0.00720	0.01080	0.01484	0.01979	0.04274	0.72245	0.05128	0.02429	0.00990	0.00315	0.00450	0.02204	0.00720	0.00630
34	0.00948	0.00777	0.00838	0.00862	0.01088	0.00667	0.00643	0.01157	0.01768	0.02173	0.12195	0.15371	0.52468	0.01997	0.00931	0.00271	0.00410	0.04047	0.00731	0.00660
35	0.01003	0.00789	0.00906	0.00877	0.01101	0.00691	0.00657	0.01281	0.01972	0.02581	0.36449	0.06661	0.38701	0.01782	0.00915	0.00253	0.00380	0.01524	0.00784	0.00691
36	0.02947	0.02172	0.02327	0.01784	0.02404	0.02404	0.01474	0.65329	0.03646	0.04887	0.01862	0.01862	0.01319	0.00931	0.00776	0.00233	0.00853	0.00698	0.00776	0.01319
37	0.01973	0.01688	0.01778	0.01587	0.02033	0.01949	0.01238	0.06792	0.63769	0.03315	0.03099	0.02848	0.02321	0.01047	0.00788	0.00262	0.00624	0.00869	0.00788	0.01231
38	0.00958	0.00680	0.00896	0.01063	0.01105	0.00638	0.00702	0.01083	0.01459	0.01945	0.04143	0.67446	0.04963	0.07453	0.01201	0.00346	0.00471	0.02127	0.00702	0.00618
39	0.08903	0.11458	0.02530	0.02029	0.05373	0.41975	0.05155	0.05804	0.02022	0.02226	0.01230	0.01471	0.01022	0.00800	0.00779	0.00213	0.05114	0.00535	0.00412	0.00947
40	0.01203	0.00860	0.01197	0.01375	0.01534	0.00853	0.01170	0.01527	0.01740	0.02269	0.04131	0.18325	0.04563	0.02185	0.01059	0.00351	0.00674	0.53570	0.00715	0.00701
41	0.02162	0.01616	0.01785	0.01480	0.04335	0.03369	0.01137	0.24007	0.04899	0.06312	0.05034	0.02186	0.01707	0.00840	0.00683	0.00189	0.00670	0.00666	0.11911	0.25012
42	0.01510	0.01424	0.02407	0.64301	0.11572	0.01735	0.02176	0.02021	0.01572	0.02036	0.01386	0.02052	0.01053	0.00767	0.00774	0.00256	0.01022	0.00689	0.00348	0.00898
43	0.01327	0.00843	0.01110	0.01014	0.01238	0.00771	0.00771	0.01687	0.02197	0.09420	0.61281	0.05487	0.06795	0.01525	0.00901	0.00243	0.00394	0.01342	0.00864	0.00788
44	0.78228	0.01499	0.01140	0.01020	0.01499	0.01739	0.00840	0.02279	0.01320	0.03479	0.01080	0.01260	0.00840	0.00720	0.00480	0.00240	0.00600	0.00420	0.00480	0.00840
45	0.01292	0.01097	0.01580	0.01474	0.01563	0.01398	0.01173	0.01523	0.01222	0.01807	0.01763	0.02719	0.01692	0.07514	0.45705	0.00940	0.23617	0.00797	0.00394	0.00731
46	0.01035	0.00772	0.00884	0.00925	0.01060	0.00713	0.00649	0.01185	0.01543	0.01957	0.07801	0.15222	0.28515	0.25091	0.01931	0.00438	0.00553	0.08483	0.00644	0.00601
47	0.01696	0.01696	0.02375	0.02036	0.02036	0.02375	0.01696	0.01866	0.01187	0.01866	0.01018	0.01696	0.01018	0.01357	0.02545	0.00339	0.71332	0.00679	0.00339	0.00848
48	0.01985	0.01694	0.01785	0.01589	0.02038	0.01955	0.01241	0.07537	0.63003	0.03335	0.03084	0.02835	0.02308	0.01045	0.00788	0.00261	0.00627	0.00867	0.00788	0.01232
49	0.02073	0.73217	0.04063	0.01327	0.01990	0.03068	0.01327	0.02322	0.01575	0.01824	0.01078	0.01244	0.00995	0.00663	0.00498	0.00166	0.00829	0.00415	0.00332	0.00995
50	0.01532	0.00807	0.00816	0.00784	0.00990	0.00820	0.00596	0.05484	0.01743	0.03006	0.02491	0.02831	0.01949	0.00905	0.00556	0.00184	0.00390	0.00721	0.72639	0.00757
51	0.00952	0.00680	0.00906	0.01075	0.01126	0.00635	0.00720	0.01098	0.01519	0.02034	0.07328	0.69035	0.05234	0.02388	0.00986	0.00311	0.00446	0.02165	0.00726	0.00635
52	0.00953	0.00787	0.00836	0.00824	0.01070	0.00670	0.00618	0.01184	0.01854	0.02300	0.19915	0.07124	0.55411	0.01887	0.00916	0.00258	0.00387	0.01589	0.00747	0.00670
53	0.01608	0.01378	0.01608	0.01148	0.01837	0.01034	0.00919	0.01952	0.01608	0.02527	0.01378	0.01608	0.01148	0.00574	0.00574	0.00115	0.00574	0.00459	0.00459	0.77491
54	0.01226	0.00885	0.01216	0.01382	0.01566	0.00875	0.01202	0.01571	0.01784	0.02304	0.04373	0.08654	0.08973	0.02129	0.01060	0.00350	0.00691	0.58333	0.00714	0.00710
55	0.02966	0.01298	0.01698	0.01348	0.01871	0.01187	0.01096	0.05824	0.07342	0.50695	0.13037	0.03119	0.02770	0.01063	0.00801	0.00242	0.00618	0.00881	0.00923	0.01221
56	0.78228	0.01499	0.01140	0.01020	0.01499	0.01739	0.00840	0.02279	0.01320	0.03479	0.01080	0.01260	0.00840	0.00720	0.00480	0.00240	0.00600	0.00420	0.00480	0.00840
57	0.02827	0.03550	0.02166	0.01968	0.02370	0.64800	0.01479	0.03169	0.06792	0.01994	0.01338	0.01505	0.01096	0.00817	0.00706	0.00204	0.01342	0.00526	0.00427	0.00922
58	0.05981	0.08444	0.02283	0.01910	0.02331	0.62172	0.01459	0.03008	0.02117	0.01958	0.01185	0.01382	0.00992	0.00786	0.00676	0.00199	0.01325	0.00490	0.00398	0.00903
59	0.01608	0.01378	0.01608	0.01148	0.01837	0.01034	0.00919	0.01952	0.01608	0.02527	0.01378	0.01608	0.01148	0.00574	0.00574	0.00115	0.00574	0.00459	0.00459	0.77491
60	0.01108	0.00831	0.01246	0.01246	0.01385	0.00969	0.00969	0.01385	0.01246	0.01800	0.02077	0.03046	0.01938	0.05815	0.69678	0.01246	0.02077	0.00831	0.00415	0.00692
61	0.02994	0.01550	0.01886	0.01472	0.02044	0.01518	0.01205	0.20191	0.07924	0.39495	0.06411	0.02592	0.02077	0.00980	0.00779	0.00235	0.00688	0.00789	0.00870	0.04299
62	0.05089	0.01792	0.01880	0.01611	0.02098	0.02046	0.01277	0.20090	0.47567	0.03683	0.02738	0.02561	0.02034	0.01008	0.00774	0.00254	0.00676	0.00813	0.00774	0.01236
63	0.12241	0.01371	0.01457	0.06160	0.01823	0.01506	0.01022	0.23654	0.02248	0.03499	0.02092	0.05235	0.01698	0.03694	0.00780	0.00240	0.00629	0.00748	0.28963	0.00940
64	0.05055	0.01952	0.08538	0.05747	0.31704	0.04060	0.04971	0.02745	0.06338	0.14358	0.01831	0.02044	0.01372	0.00768	0.00752	0.00231	0.00881	0.00690	0.00517	0.05445

[dist]
# distance from previous block
# <min> <max>
7	11

[block]
# block no. 1 follows, 25 sequences, length 76
# corresponding to MSA columns:
# 90-165
name=unknown_B
#
# <colnr> <probs for GDERKNQSTAVLIFYWHMCP>
#	G	D	E	R	K	N	Q	S	T	A	V	L	I	F	Y	W	H	M	C	P
0	0.06921	0.02192	0.01848	0.01490	0.02059	0.23273	0.01168	0.07853	0.02011	0.08952	0.01506	0.01641	0.01171	0.00723	0.00646	0.00172	0.00873	0.00521	0.00516	0.34466
1	0.03338	0.01522	0.05847	0.01449	0.02082	0.01239	0.01259	0.06610	0.02252	0.61479	0.02902	0.02542	0.01835	0.00945	0.00777	0.00240	0.00698	0.00763	0.00913	0.01309
2	0.01908	0.04092	0.64929	0.02388	0.03503	0.01960	0.02897	0.02653	0.01844	0.02754	0.01747	0.02133	0.01332	0.00977	0.00886	0.00310	0.01235	0.00688	0.00456	0.01310
3	0.01087	0.00792	0.01021	0.00964	0.01152	0.00727	0.00723	0.01442	0.02169	0.03048	0.63920	0.05892	0.10939	0.01608	0.00915	0.00245	0.00367	0.01416	0.00846	0.00727
4	0.01219	0.00908	0.01296	0.01264	0.01426	0.01047	0.00981	0.05218	0.01386	0.01974	0.02077	0.03050	0.01934	0.07995	0.63109	0.01167	0.01954	0.00834	0.00439	0.00722
5	0.02342	0.01614	0.01769	0.01480	0.01949	0.01753	0.01193	0.25782	0.22117	0.11148	0.02794	0.02932	0.04185	0.01062	0.00768	0.00243	0.00669	0.03857	0.11186	0.01158
6	0.02643	0.01441	0.01993	0.05258	0.02225	0.01455	0.05076	0.12981	0.02188	0.34683	0.02693	0.13000	0.02142	0.01186	0.00974	0.00261	0.06918	0.00979	0.00772	0.01132
7	0.06488	0.01499	0.01881	0.08246	0.04822	0.01405	0.01245	0.11891	0.02095	0.24734	0.01994	0.02025	0.01405	0.00786	0.00694	0.00199	0.00703	0.00630	0.00659	0.26600
8	0.01829	0.29365	0.40947	0.01859	0.02796	0.02303	0.02215	0.06185	0.01735	0.02369	0.01304	0.01506	0.01007	0.00721	0.00651	0.00215	0.01012	0.00522	0.00356	0.01101
9	0.01021	0.00780	0.01121	0.03747	0.01422	0.00743	0.03423	0.01215	0.01561	0.02073	0.07052	0.57629	0.07814	0.02222	0.00976	0.00307	0.00513	0.05019	0.00698	0.00665
10	0.02188	0.02010	0.03258	0.12942	0.52998	0.01991	0.05741	0.02537	0.01941	0.02755	0.01805	0.02426	0.01536	0.00943	0.00923	0.00301	0.01058	0.00811	0.00504	0.01332
11	0.01334	0.00957	0.01172	0.01325	0.01405	0.00860	0.00881	0.01360	0.01700	0.02306	0.04455	0.68497	0.05229	0.02568	0.01123	0.00375	0.00580	0.02222	0.00825	0.00825
12	0.03716	0.01563	0.02018	0.01607	0.02209	0.01339	0.01276	0.03896	0.02391	0.64783	0.03314	0.03075	0.02213	0.01187	0.00926	0.00305	0.00778	0.00883	0.01050	0.01473
13	0.01471	0.01067	0.01292	0.01221	0.01433	0.00953	0.00887	0.01708	0.02354	0.03334	0.61885	0.06094	0.09308	0.01787	0.01053	0.00309	0.00502	0.01476	0.00946	0.00918
14	0.00945	0.00675	0.00900	0.01080	0.01125	0.00630	0.00720	0.01080	0.01484	0.01979	0.04274	0.72245	0.05128	0.02429	0.00990	0.00315	0.00450	0.02204	0.00720	0.00630
15	0.01830	0.02092	0.04575	0.03268	0.04052	0.01961	0.65098	0.02484	0.01830	0.02484	0.01569	0.02092	0.01176	0.00654	0.00915	0.00261	0.01307	0.00915	0.00392	0.01046
16	0.00916	0.00785	0.00785	0.00785	0.01047	0.00655	0.00589	0.01113	0.01767	0.02095	0.07855	0.07462	0.67599	0.01964	0.00916	0.00262	0.00393	0.01636	0.00720	0.00655
17	0.01464	0.01378	0.02326	0.70887	0.05340	0.01723	0.02153	0.01981	0.01550	0.01981	0.01378	0.02067	0.01034	0.00775	0.00775	0.00258	0.01034	0.00689	0.00345	0.00861
18	0.03026	0.01523	0.01865	0.01476	0.02037	0.01502	0.01204	0.15622	0.13357	0.42759	0.05225	0.02648	0.02078	0.00993	0.00785	0.00243	0.00678	0.00803	0.00891	0.01282
19	0.01608	0.01378	0.01608	0.01148	0.01837	0.01034	0.00919	0.01952	0.01608	0.02527	0.01378	0.01608	0.01148	0.00574	0.00574	0.00115	0.00574	0.00459	0.00459	0.77491
20	0.00976	0.00786	0.00858	0.00841	0.01069	0.00680	0.00623	0.01210	0.01857	0.02349	0.24130	0.06892	0.48000	0.05034	0.01052	0.00279	0.00401	0.01549	0.00746	0.00668
21	0.00984	0.00791	0.00881	0.00903	0.01112	0.00702	0.00660	0.01257	0.03783	0.02275	0.16901	0.20504	0.42559	0.01969	0.00927	0.00270	0.00407	0.01692	0.00744	0.00680
22	0.01813	0.01987	0.04075	0.03164	0.09779	0.01890	0.50498	0.02397	0.01773	0.02462	0.01515	0.02014	0.01171	0.00685	0.00952	0.00250	0.04664	0.00843	0.00395	0.07675
23	0.02188	0.01862	0.02068	0.05126	0.10315	0.06021	0.01461	0.13360	0.39295	0.05941	0.02543	0.02474	0.01902	0.00957	0.00778	0.00249	0.00757	0.00791	0.00701	0.01209
24	0.01849	0.01771	0.03021	0.14876	0.58341	0.01824	0.02345	0.02319	0.01733	0.02449	0.01446	0.01942	0.01198	0.00704	0.00769	0.00235	0.00938	0.00691	0.00378	0.01172
25	0.07038	0.01835	0.01972	0.01580	0.02096	0.02025	0.01286	0.44702	0.08171	0.04220	0.07919	0.02539	0.04475	0.01322	0.04976	0.00299	0.00833	0.00801	0.00742	0.01167
26	0.01794	0.01714	0.02921	0.22965	0.50687	0.01809	0.02317	0.02270	0.01706	0.02381	0.01436	0.01960	0.01175	0.00714	0.00770	0.00238	0.00952	0.00690	0.00373	0.01127
27	0.01916	0.01754	0.02845	0.13212	0.36165	0.01803	0.08272	0.11096	0.01981	0.02747	0.01680	0.06160	0.01439	0.00832	0.00788	0.00237	0.00920	0.00793	0.00458	0.04900
28	0.01128	0.00752	0.00846	0.00846	0.00846	0.00752	0.00470	0.01128	0.01128	0.01503	0.02443	0.05074	0.02819	0.72751	0.03946	0.00752	0.00752	0.01128	0.00470	0.00470
29	0.01464	0.01353	0.02265	0.68223	0.05172	0.01685	0.02092	0.01974	0.01553	0.02016	0.01422	0.02098	0.01070	0.00780	0.00766	0.00255	0.01008	0.00690	0.03258	0.00856
30	0.01872	0.01975	0.03910	0.03963	0.33813	0.01906	0.35870	0.02435	0.01800	0.02507	0.01517	0.02011	0.01201	0.00671	0.00846	0.00247	0.01127	0.00811	0.00388	0.01131
31	0.01294	0.01078	0.01439	0.01393	0.01587	0.03587	0.06763	0.05401	0.05172	0.02335	0.06816	0.49485	0.04311	0.01987	0.00947	0.00296	0.00604	0.04053	0.00691	0.00760
32	0.00984	0.00731	0.00924	0.01036	0.01155	0.00670	0.00740	0.01180	0.01658	0.02175	0.12994	0.45162	0.18082	0.02203	0.00972	0.00299	0.00450	0.07193	0.00736	0.00655
33	0.01121	0.00850	0.01098	0.01144	0.03650	0.00802	0.00800	0.01517	0.05025	0.02786	0.44507	0.17994	0.12328	0.01720	0.00917	0.00259	0.00416	0.01523	0.00795	0.00747
34	0.02872	0.02134	0.02285	0.01769	0.02376	0.02369	0.01456	0.60807	0.08290	0.04765	0.01957	0.01938	0.01396	0.00940	0.00777	0.00235	0.00836	0.00711	0.00777	0.01312
35	0.01347	0.00673	0.01010	0.01010	0.01010	0.00673	0.00673	0.01010	0.01010	0.01347	0.01347	0.02357	0.01347	0.02694	0.03030	0.77441	0.00673	0.00673	0.00337	0.00337
36	0.00928	0.00789	0.00802	0.00809	0.01067	0.00663	0.00613	0.01131	0.01768	0.02103	0.07719	0.07508	0.65319	0.01970	0.00922	0.00265	0.00404	0.03841	0.00720	0.00657
37	0.01919	0.01842	0.03147	0.04759	0.67914	0.01842	0.02380	0.02380	0.01765	0.02533	0.01458	0.01919	0.01228	0.00691	0.00768	0.00230	0.00921	0.00691	0.00384	0.01228
38	0.02959	0.01731	0.02003	0.01582	0.02158	0.01805	0.01292	0.28665	0.15465	0.29970	0.02595	0.02376	0.01765	0.00966	0.00780	0.00242	0.00729	0.00766	0.00852	0.01301
39	0.02874	0.02197	0.02244	0.01747	0.02334	0.06423	0.01431	0.58554	0.03462	0.04611	0.01852	0.01882	0.01331	0.00921	0.00760	0.00228	0.00863	0.00687	0.04334	0.01265
40	0.73555	0.01653	0.05259	0.01092	0.01613	0.01743	0.00963	0.02290	0.01339	0.03416	0.01099	0.01283	0.00848	0.00721	0.00495	0.00240	0.00633	0.00429	0.00471	0.00858
41	0.01128	0.00752	0.00846	0.00846	0.00846	0.00752	0.00470	0.01128	0.01128	0.01503	0.02443	0.05074	0.02819	0.72751	0.03946	0.00752	0.00752	0.01128	0.00470	0.00470
42	0.02698	0.08566	0.02358	0.01670	0.02242	0.02314	0.01384	0.53875	0.03250	0.04330	0.01929	0.05318	0.01532	0.03863	0.00888	0.00251	0.00828	0.00762	0.00720	0.01222
43	0.01543	0.01459	0.02468	0.59403	0.16207	0.01743	0.02193	0.02050	0.01588	0.02077	0.01392	0.02041	0.01067	0.00761	0.00774	0.00254	0.01014	0.00689	0.00351	0.00925
44	0.01945	0.01597	0.01712	0.01533	0.01962	0.01822	0.01193	0.03943	0.59819	0.06049	0.07073	0.03059	0.02649	0.01080	0.00796	0.00261	0.00601	0.00904	0.00800	0.01201
45	0.01074	0.00786	0.01007	0.00963	0.01147	0.00720	0.00718	0.01413	0.02123	0.02964	0.59134	0.09085	0.12651	0.01659	0.00918	0.00249	0.00372	0.01461	0.00835	0.00720
46	0.01025	0.00757	0.00958	0.00978	0.01132	0.00690	0.00707	0.01297	0.01920	0.02622	0.39826	0.25673	0.15766	0.01892	0.00937	0.00268	0.00395	0.01674	0.00794	0.00690
47	0.00945	0.00675	0.00900	0.01080	0.01125	0.00630	0.00720	0.01080	0.01484	0.01979	0.04274	0.72245	0.05128	0.02429	0.00990	0.00315	0.00450	0.02204	0.00720	0.00630
48	0.02947	0.02172	0.02327	0.01784	0.02404	0.02404	0.01474	0.65329	0.03646	0.04887	0.01862	0.01862	0.01319	0.00931	0.00776	0.00233	0.00853	0.00698	0.00776	0.01319
49	0.02888	0.02140	0.02327	0.04560	0.02522	0.02377	0.01501	0.62784	0.03561	0.04770	0.01842	0.01870	0.01307	0.00925	0.00776	0.00234	0.00860	0.00698	0.00758	0.01300
50	0.02802	0.01966	0.02119	0.01644	0.02213	0.02152	0.01351	0.55127	0.03347	0.07716	0.01995	0.02016	0.01424	0.00929	0.00749	0.00227	0.00788	0.00705	0.09480	0.01251
51	0.01702	0.01713	0.02470	0.02089	0.02123	0.02357	0.04432	0.01893	0.01215	0.01893	0.01042	0.01713	0.01025	0.01327	0.02474	0.00336	0.68310	0.00689	0.00342	0.00857
52	0.03479	0.01320	0.01799	0.01380	0.01979	0.01140	0.01140	0.03779	0.02219	0.68451	0.03059	0.02639	0.01919	0.00960	0.00780	0.00240	0.00660	0.00780	0.00960	0.01320
53	0.01198	0.00964	0.01420	0.01367	0.01485	0.01185	0.01081	0.01459	0.01237	0.01810	0.01914	0.02839	0.01797	0.05130	0.59364	0.01107	0.12717	0.00807	0.00404	0.00716
54	0.01810	0.02031	0.04237	0.03079	0.03742	0.02024	0.55357	0.02389	0.01731	0.02389	0.01484	0.02031	0.01152	0.00762	0.01165	0.00273	0.12066	0.00879	0.00384	0.01015
55	0.01464	0.01378	0.02326	0.70887	0.05340	0.01723	0.02153	0.01981	0.01550	0.01981	0.01378	0.02067	0.01034	0.00775	0.00775	0.00258	0.01034	0.00689	0.00345	0.00861
56	0.02073	0.73217	0.04063	0.01327	0.01990	0.03068	0.01327	0.02322	0.01575	0.01824	0.01078	0.01244	0.00995	0.00663	0.00498	0.00166	0.00829	0.00415	0.00332	0.00995
57	0.02073	0.73217	0.04063	0.01327	0.01990	0.03068	0.01327	0.02322	0.01575	0.01824	0.01078	0.01244	0.00995	0.00663	0.00498	0.00166	0.00829	0.00415	0.00332	0.00995
58	0.01778	0.01990	0.04255	0.12887	0.04236	0.01927	0.56144	0.02412	0.01790	0.02412	0.01542	0.02088	0.01156	0.00671	0.00895	0.00261	0.01268	0.00883	0.00385	0.01020
59	0.01830	0.02092	0.04575	0.03268	0.04052	0.01961	0.65098	0.02484	0.01830	0.02484	0.01569	0.02092	0.01176	0.00654	0.00915	0.00261	0.01307	0.00915	0.00392	0.01046
60	0.00958	0.00684	0.00915	0.01095	0.01145	0.00641	0.00743	0.01102	0.01497	0.01994	0.04266	0.69505	0.05099	0.02417	0.00993	0.00317	0.00461	0.04814	0.00719	0.00633
61	0.01551	0.01641	0.05029	0.05860	0.11368	0.01608	0.26011	0.01975	0.01625	0.02247	0.02228	0.21640	0.02257	0.01252	0.01107	0.00281	0.09729	0.01195	0.00472	0.00923
62	0.66517	0.01577	0.01293	0.01127	0.01619	0.01817	0.00925	0.08795	0.05015	0.03610	0.01269	0.01407	0.00969	0.00759	0.00526	0.00240	0.00626	0.00472	0.00526	0.00909
63	0.02080	0.01602	0.01739	0.01481	0.01968	0.01731	0.01169	0.11532	0.41194	0.08880	0.03179	0.02975	0.07298	0.01054	0.00775	0.00242	0.00627	0.00864	0.00763	0.08848
64	0.01887	0.01427	0.01676	0.01215	0.01891	0.01139	0.00979	0.06503	0.01809	0.09265	0.01579	0.01728	0.01237	0.00637	0.00609	0.00135	0.00602	0.00508	0.00531	0.64643
65	0.00960	0.00683	0.00903	0.01064	0.01113	0.00640	0.00708	0.01098	0.01497	0.02003	0.06770	0.66354	0.05108	0.05720	0.01126	0.00333	0.00461	0.02121	0.00713	0.00626
66	0.01464	0.01378	0.02326	0.70887	0.05340	0.01723	0.02153	0.01981	0.01550	0.01981	0.01378	0.02067	0.01034	0.00775	0.00775	0.00258	0.01034	0.00689	0.00345	0.00861
67	0.01108	0.00831	0.01246	0.01246	0.01385	0.00969	0.00969	0.01385	0.01246	0.01800	0.02077	0.03046	0.01938	0.05815	0.69678	0.01246	0.02077	0.00831	0.00415	0.00692
68	0.00959	0.00685	0.00917	0.01096	0.01148	0.00642	0.00745	0.01105	0.01499	0.01996	0.04265	0.69191	0.05096	0.02415	0.00994	0.00317	0.00463	0.05113	0.00719	0.00634
69	0.01290	0.00841	0.01165	0.01150	0.01329	0.00773	0.03208	0.01521	0.01751	0.09012	0.18976	0.36833	0.09348	0.05444	0.01092	0.00308	0.00505	0.03968	0.00750	0.00736
70	0.02173	0.01787	0.01891	0.01627	0.02109	0.02043	0.01286	0.18788	0.51448	0.03637	0.02846	0.02646	0.02116	0.01023	0.00786	0.00256	0.00671	0.00834	0.00786	0.01249
71	0.01608	0.01378	0.01608	0.01148	0.01837	0.01034	0.00919	0.01952	0.01608	0.02527	0.01378	0.01608	0.01148	0.00574	0.00574	0.00115	0.00574	0.00459	0.00459	0.77491
72	0.02982	0.01831	0.02089	0.01607	0.02204	0.01909	0.01323	0.42101	0.03091	0.23739	0.05149	0.02262	0.01762	0.00958	0.00777	0.00232	0.00765	0.00747	0.00824	0.03649
73	0.00994	0.00710	0.00956	0.01136	0.01202	0.00672	0.00805	0.01164	0.01533	0.02034	0.04247	0.62057	0.05021	0.02383	0.01003	0.00322	0.00492	0.11909	0.00719	0.00643
74	0.01384	0.01691	0.11766	0.02066	0.02532	0.01338	0.24061	0.01821	0.01631	0.02236	0.02788	0.32347	0.02971	0.01511	0.00983	0.00289	0.03253	0.03935	0.00535	0.00861
75	0.08106	0.08926	0.02993	0.06625	0.37115	0.01975	0.07734	0.06342	0.05453	0.05128	0.01575	0.01899	0.01255	0.00736	0.00734	0.00231	0.00896	0.00676	0.00453	0.01149

[dist]
# distance from previous block
# <min> <max>
0	1

[block]
# block no. 2 follows, 25 sequences, length 24
# corresponding to MSA columns:
# 167-190
name=unknown_C
#
# <colnr> <probs for GDERKNQSTAVLIFYWHMCP>
#	G	D	E	R	K	N	Q	S	T	A	V	L	I	F	Y	W	H	M	C	P
0	0.02531	0.01849	0.05725	0.01585	0.02138	0.01832	0.01347	0.33739	0.10757	0.14757	0.12846	0.02741	0.02501	0.01046	0.00798	0.00240	0.00729	0.00841	0.00795	0.01203
1	0.38772	0.02024	0.17150	0.05330	0.02238	0.01604	0.01445	0.02580	0.01612	0.16142	0.03471	0.01800	0.01286	0.00800	0.00629	0.00242	0.00757	0.00571	0.00543	0.01005
2	0.04941	0.46945	0.05950	0.01692	0.05011	0.02552	0.08040	0.02417	0.06462	0.02208	0.05979	0.01819	0.01563	0.00762	0.00612	0.00197	0.00837	0.00589	0.00417	0.01008
3	0.05965	0.01499	0.02115	0.11736	0.02609	0.01586	0.06093	0.05760	0.09396	0.31547	0.04008	0.02424	0.01750	0.00969	0.00978	0.00258	0.08695	0.00773	0.00706	0.01132
4	0.00978	0.00694	0.00884	0.01022	0.01069	0.00654	0.00667	0.01090	0.01431	0.01896	0.04103	0.56566	0.07698	0.15562	0.01539	0.00394	0.00504	0.01976	0.00673	0.00601
5	0.01938	0.02114	0.06946	0.07322	0.47995	0.06878	0.10637	0.02432	0.01789	0.02449	0.01446	0.01894	0.01181	0.00700	0.00781	0.00234	0.01026	0.00700	0.00381	0.01158
6	0.01596	0.03635	0.58200	0.04982	0.06241	0.01809	0.02693	0.02557	0.06451	0.02499	0.01525	0.01760	0.01098	0.00759	0.00743	0.00247	0.01092	0.00605	0.00365	0.01144
7	0.00970	0.00693	0.00929	0.01109	0.01165	0.00652	0.00764	0.01123	0.01509	0.02008	0.04260	0.66971	0.05073	0.02405	0.00996	0.00318	0.00472	0.07229	0.00719	0.00637
8	0.49152	0.08373	0.17246	0.01370	0.02030	0.01910	0.01393	0.06129	0.01556	0.03181	0.01199	0.01383	0.00915	0.00732	0.00559	0.00234	0.00763	0.00472	0.00449	0.00954
9	0.01347	0.00673	0.01010	0.01010	0.01010	0.00673	0.00673	0.01010	0.01010	0.01347	0.01347	0.02357	0.01347	0.02694	0.03030	0.77441	0.00673	0.00673	0.00337	0.00337
10	0.01714	0.01518	0.02468	0.44985	0.21114	0.01743	0.02090	0.02339	0.06809	0.05350	0.01619	0.02121	0.01232	0.00784	0.00775	0.00251	0.00953	0.00709	0.00419	0.01007
11	0.01574	0.03876	0.64225	0.02284	0.03405	0.01812	0.07238	0.02457	0.01651	0.02457	0.01404	0.01669	0.00996	0.00731	0.00749	0.00247	0.01157	0.00597	0.00332	0.01139
12	0.01163	0.00840	0.01144	0.01310	0.01467	0.00821	0.01093	0.01463	0.01723	0.02234	0.04418	0.21540	0.09280	0.02187	0.01043	0.00341	0.00637	0.45888	0.00716	0.00692
13	0.01555	0.04011	0.68733	0.02210	0.03356	0.01801	0.02865	0.02455	0.01637	0.02455	0.01391	0.01637	0.00982	0.00737	0.00737	0.00246	0.01146	0.00573	0.00327	0.01146
14	0.01633	0.01556	0.02618	0.41131	0.21015	0.01758	0.06764	0.02274	0.07021	0.02266	0.01640	0.04015	0.01317	0.00813	0.00791	0.00253	0.00974	0.00763	0.00405	0.00994
15	0.01162	0.00822	0.01048	0.01008	0.01204	0.00762	0.00758	0.01535	0.03666	0.04814	0.50892	0.11739	0.12377	0.01681	0.00919	0.00256	0.00401	0.03387	0.00826	0.00744
16	0.02331	0.01698	0.01964	0.01488	0.02086	0.01680	0.03502	0.31701	0.02606	0.07448	0.01838	0.01949	0.01368	0.00803	0.00689	0.00190	0.00712	0.00636	0.09305	0.26005
17	0.02809	0.01225	0.01617	0.01318	0.01801	0.01112	0.01058	0.03271	0.07875	0.48318	0.11522	0.09211	0.02941	0.01179	0.00817	0.00249	0.00599	0.00995	0.00910	0.01174
18	0.01154	0.00754	0.00859	0.00859	0.00884	0.00763	0.00507	0.01203	0.01179	0.01644	0.02428	0.04757	0.02691	0.62298	0.07687	0.00732	0.00799	0.01074	0.07223	0.00506
19	0.01549	0.01316	0.01545	0.01142	0.01775	0.00998	0.00901	0.01875	0.01597	0.02478	0.01634	0.07839	0.01500	0.00738	0.00611	0.00132	0.00563	0.00613	0.00482	0.70710
20	0.75077	0.01492	0.01167	0.01035	0.01520	0.01714	0.00852	0.02342	0.01357	0.06218	0.01163	0.01318	0.00885	0.00730	0.00492	0.00240	0.00602	0.00435	0.00500	0.00860
21	0.01025	0.00815	0.01022	0.07094	0.01477	0.00766	0.00800	0.01287	0.01811	0.02362	0.24296	0.21301	0.29420	0.01852	0.00920	0.00268	0.00454	0.01613	0.00727	0.00690
22	0.02175	0.09650	0.02243	0.01830	0.06058	0.13094	0.03210	0.14984	0.23325	0.02972	0.02467	0.08458	0.04055	0.01063	0.00765	0.00239	0.00829	0.00863	0.00629	0.01089
23	0.07476	0.65546	0.03775	0.01307	0.01955	0.02904	0.01286	0.02372	0.01581	0.04379	0.01151	0.01296	0.01018	0.00678	0.00507	0.00174	0.00807	0.00428	0.00365	0.00996

[dist]
# distance from previous block
# <min> <max>
2	5

[block]
# block no. 3 follows, 25 sequences, length 19
# corresponding to MSA columns:
# 196-214
name=unknown_D
#
# <colnr> <probs for GDERKNQSTAVLIFYWHMCP>
#	G	D	E	R	K	N	Q	S	T	A	V	L	I	F	Y	W	H	M	C	P
0	0.01765	0.01672	0.02673	0.06756	0.11130	0.01527	0.18238	0.04668	0.05188	0.02608	0.01551	0.01883	0.01229	0.00662	0.00721	0.00190	0.00855	0.00656	0.00454	0.35574
1	0.01514	0.01405	0.02332	0.58909	0.10610	0.01718	0.02084	0.02004	0.01557	0.02065	0.01420	0.02074	0.01092	0.00799	0.00841	0.00256	0.04055	0.00690	0.03688	0.00888
2	0.00992	0.00740	0.00993	0.01140	0.01182	0.00740	0.00782	0.01130	0.01466	0.01972	0.04067	0.67769	0.04867	0.02361	0.01088	0.00316	0.04947	0.02107	0.00696	0.00644
3	0.01417	0.00884	0.01166	0.01120	0.01317	0.00968	0.00872	0.04495	0.01519	0.05786	0.02255	0.02925	0.01924	0.03863	0.42161	0.00827	0.01431	0.00790	0.23517	0.00763
4	0.00926	0.00786	0.00798	0.00795	0.01053	0.00659	0.00596	0.01131	0.01789	0.02147	0.10942	0.07376	0.64479	0.01944	0.00916	0.00261	0.00391	0.01624	0.00727	0.00659
5	0.01608	0.01378	0.01608	0.01148	0.01837	0.01034	0.00919	0.01952	0.01608	0.02527	0.01378	0.01608	0.01148	0.00574	0.00574	0.00115	0.00574	0.00459	0.00459	0.77491
6	0.78228	0.01499	0.01140	0.01020	0.01499	0.01739	0.00840	0.02279	0.01320	0.03479	0.01080	0.01260	0.00840	0.00720	0.00480	0.00240	0.00600	0.00420	0.00480	0.00840
7	0.78228	0.01499	0.01140	0.01020	0.01499	0.01739	0.00840	0.02279	0.01320	0.03479	0.01080	0.01260	0.00840	0.00720	0.00480	0.00240	0.00600	0.00420	0.00480	0.00840
8	0.78228	0.01499	0.01140	0.01020	0.01499	0.01739	0.00840	0.02279	0.01320	0.03479	0.01080	0.01260	0.00840	0.00720	0.00480	0.00240	0.00600	0.00420	0.00480	0.00840
9	0.01148	0.00823	0.00942	0.00893	0.01148	0.00714	0.00676	0.01413	0.01951	0.06778	0.29068	0.06545	0.41572	0.01762	0.00907	0.00254	0.00400	0.01496	0.00784	0.00726
10	0.01929	0.01666	0.01753	0.01578	0.02016	0.01929	0.01227	0.04120	0.66513	0.03243	0.03156	0.02893	0.02367	0.01052	0.00789	0.00263	0.00614	0.00877	0.00789	0.01227
11	0.01919	0.01842	0.03147	0.04759	0.67914	0.01842	0.02380	0.02380	0.01765	0.02533	0.01458	0.01919	0.01228	0.00691	0.00768	0.00230	0.00921	0.00691	0.00384	0.01228
12	0.61533	0.01456	0.01273	0.05603	0.01781	0.01666	0.00951	0.02427	0.04457	0.07686	0.01388	0.01547	0.01043	0.00762	0.00536	0.00240	0.00623	0.00495	0.03647	0.00887
13	0.00945	0.00675	0.00900	0.01080	0.01125	0.00630	0.00720	0.01080	0.01484	0.01979	0.04274	0.72245	0.05128	0.02429	0.00990	0.00315	0.00450	0.02204	0.00720	0.00630
14	0.01112	0.00812	0.01153	0.01153	0.01260	0.00919	0.00854	0.01325	0.01219	0.01731	0.02162	0.03515	0.02142	0.21303	0.54469	0.01132	0.01770	0.00899	0.00428	0.00641
15	0.02243	0.01802	0.01833	0.01600	0.02068	0.06402	0.01255	0.08768	0.50247	0.10469	0.02914	0.02685	0.02145	0.01015	0.00781	0.00254	0.00690	0.00827	0.00781	0.01223
16	0.02175	0.62497	0.06373	0.01394	0.02071	0.02886	0.01388	0.06602	0.01745	0.05082	0.01233	0.01364	0.01058	0.00698	0.00538	0.00177	0.00835	0.00456	0.00390	0.01037
17	0.15459	0.01738	0.01771	0.01420	0.01920	0.01921	0.01160	0.40587	0.02804	0.04207	0.01875	0.01985	0.01384	0.00889	0.00674	0.00222	0.00702	0.00656	0.17520	0.01106
18	0.01445	0.00723	0.00723	0.00723	0.00903	0.00723	0.00542	0.01807	0.01626	0.02891	0.02529	0.02891	0.01987	0.00903	0.00542	0.00181	0.00361	0.00723	0.77055	0.00723

[dist]
# distance from previous block
# <min> <max>
0	1

[block]
# block no. 4 follows, 25 sequences, length 40
# corresponding to MSA columns:
# 216-255
name=unknown_E
#
# <colnr> <probs for GDERKNQSTAVLIFYWHMCP>
#	G	D	E	R	K	N	Q	S	T	A	V	L	I	F	Y	W	H	M	C	P
0	0.02814	0.05366	0.04617	0.06423	0.04958	0.01733	0.01423	0.18323	0.10508	0.31983	0.02442	0.02308	0.01661	0.00918	0.00763	0.00238	0.00763	0.00736	0.00774	0.01250
1	0.01555	0.04011	0.68733	0.02210	0.03356	0.01801	0.02865	0.02455	0.01637	0.02455	0.01391	0.01637	0.00982	0.00737	0.00737	0.00246	0.01146	0.00573	0.00327	0.01146
2	0.12823	0.52732	0.03309	0.01306	0.01904	0.05884	0.01233	0.05316	0.01670	0.02261	0.01196	0.01368	0.01040	0.00703	0.00520	0.00182	0.00801	0.00449	0.04334	0.00970
3	0.00994	0.00749	0.00923	0.00984	0.01135	0.00678	0.00712	0.01221	0.01777	0.02345	0.23009	0.32421	0.23233	0.02048	0.00952	0.00282	0.00423	0.04687	0.00757	0.00669
4	0.01670	0.01434	0.01770	0.07796	0.04830	0.01195	0.01118	0.04976	0.01705	0.02588	0.01404	0.01675	0.01149	0.00614	0.00610	0.00138	0.00644	0.00501	0.00461	0.63720
5	0.01012	0.00723	0.00977	0.01157	0.01232	0.00688	0.00837	0.01197	0.01551	0.02055	0.04236	0.58148	0.04980	0.02365	0.01008	0.00324	0.00508	0.15633	0.00718	0.00648
6	0.03479	0.01320	0.01799	0.01380	0.01979	0.01140	0.01140	0.03779	0.02219	0.68451	0.03059	0.02639	0.01919	0.00960	0.00780	0.00240	0.00660	0.00780	0.00960	0.01320
7	0.01088	0.00792	0.01024	0.00966	0.01153	0.00728	0.00724	0.01445	0.02173	0.03058	0.64485	0.05876	0.10368	0.01604	0.00915	0.00245	0.00367	0.01414	0.00847	0.00728
8	0.00988	0.00708	0.00938	0.01050	0.01134	0.00658	0.00723	0.01187	0.01684	0.02297	0.22030	0.53583	0.05743	0.02192	0.00969	0.00295	0.00426	0.01979	0.00757	0.00658
9	0.00944	0.00679	0.00895	0.01068	0.01122	0.00631	0.00715	0.01081	0.01496	0.01984	0.04414	0.69707	0.07575	0.02411	0.00987	0.00313	0.00448	0.02182	0.00720	0.00631
10	0.00948	0.00720	0.00874	0.00976	0.01102	0.00646	0.00679	0.01122	0.01634	0.02109	0.10616	0.45912	0.25443	0.02210	0.00960	0.00292	0.00425	0.01955	0.00731	0.00646
11	0.01128	0.00752	0.00846	0.00846	0.00846	0.00752	0.00470	0.01128	0.01128	0.01503	0.02443	0.05074	0.02819	0.72751	0.03946	0.00752	0.00752	0.01128	0.00470	0.00470
12	0.01445	0.00723	0.00723	0.00723	0.00903	0.00723	0.00542	0.01807	0.01626	0.02891	0.02529	0.02891	0.01987	0.00903	0.00542	0.00181	0.00361	0.00723	0.77055	0.00723
13	0.02947	0.02172	0.02327	0.01784	0.02404	0.02404	0.01474	0.65329	0.03646	0.04887	0.01862	0.01862	0.01319	0.00931	0.00776	0.00233	0.00853	0.00698	0.00776	0.01319
14	0.01555	0.04011	0.68733	0.02210	0.03356	0.01801	0.02865	0.02455	0.01637	0.02455	0.01391	0.01637	0.00982	0.00737	0.00737	0.00246	0.01146	0.00573	0.00327	0.01146
15	0.78228	0.01499	0.01140	0.01020	0.01499	0.01739	0.00840	0.02279	0.01320	0.03479	0.01080	0.01260	0.00840	0.00720	0.00480	0.00240	0.00600	0.00420	0.00480	0.00840
16	0.02105	0.70530	0.03991	0.01353	0.02006	0.05641	0.01333	0.02352	0.01599	0.01827	0.01083	0.01250	0.00995	0.00669	0.00505	0.00167	0.00851	0.00418	0.00334	0.00991
17	0.02896	0.03695	0.02197	0.01998	0.02397	0.69638	0.01498	0.03096	0.02197	0.01898	0.01199	0.01398	0.00999	0.00799	0.00699	0.00200	0.01398	0.00499	0.00400	0.00899
18	0.00966	0.00793	0.00855	0.00855	0.01099	0.00681	0.00652	0.01200	0.01840	0.02278	0.17627	0.07258	0.53786	0.01911	0.00925	0.00264	0.00407	0.05190	0.00742	0.00671
19	0.01608	0.01378	0.01608	0.01148	0.01837	0.01034	0.00919	0.01952	0.01608	0.02527	0.01378	0.01608	0.01148	0.00574	0.00574	0.00115	0.00574	0.00459	0.00459	0.77491
20	0.02051	0.69009	0.03964	0.01368	0.01993	0.03027	0.01348	0.02295	0.01553	0.01827	0.01074	0.01270	0.00996	0.00704	0.00618	0.00176	0.04977	0.00430	0.00332	0.00986
21	0.03379	0.01369	0.01817	0.01405	0.01997	0.01227	0.01157	0.06088	0.05588	0.62721	0.03019	0.02623	0.01920	0.00963	0.00780	0.00241	0.00665	0.00782	0.00944	0.01315
22	0.01108	0.00744	0.00851	0.00870	0.00875	0.00739	0.00496	0.01122	0.01165	0.01554	0.02637	0.12201	0.03064	0.65290	0.03633	0.00705	0.00720	0.01242	0.00496	0.00487
23	0.02539	0.01563	0.01791	0.01497	0.02005	0.01651	0.01197	0.10618	0.34378	0.26131	0.03180	0.02886	0.04886	0.01045	0.00790	0.00252	0.00647	0.00856	0.00844	0.01245
24	0.00945	0.00675	0.00900	0.01080	0.01125	0.00630	0.00720	0.01080	0.01484	0.01979	0.04274	0.72245	0.05128	0.02429	0.00990	0.00315	0.00450	0.02204	0.00720	0.00630
25	0.05179	0.00920	0.01104	0.01051	0.01279	0.00898	0.00789	0.01779	0.08392	0.05474	0.41903	0.13969	0.11097	0.01606	0.00885	0.00256	0.00427	0.01400	0.00803	0.00789
26	0.03015	0.03634	0.02289	0.02064	0.02484	0.63375	0.01545	0.07425	0.02370	0.02243	0.01399	0.01646	0.01168	0.00908	0.00768	0.00231	0.01392	0.00564	0.00478	0.01003
27	0.01578	0.01505	0.02172	0.01876	0.01939	0.02021	0.03894	0.01794	0.01241	0.01919	0.01305	0.02020	0.01241	0.02166	0.15263	0.00503	0.52459	0.00718	0.03564	0.00820
28	0.00945	0.00675	0.00900	0.01080	0.01125	0.00630	0.00720	0.01080	0.01484	0.01979	0.04274	0.72245	0.05128	0.02429	0.00990	0.00315	0.00450	0.02204	0.00720	0.00630
29	0.02840	0.08456	0.02325	0.01952	0.02369	0.65079	0.01486	0.03043	0.02155	0.01893	0.01190	0.01388	0.00998	0.00790	0.00685	0.00197	0.01359	0.00494	0.00395	0.00905
30	0.02021	0.56311	0.07455	0.01417	0.02062	0.02764	0.01398	0.05140	0.07423	0.02117	0.01362	0.01525	0.01175	0.00958	0.03833	0.00233	0.00889	0.00497	0.00395	0.01024
31	0.01347	0.00673	0.01010	0.01010	0.01010	0.00673	0.00673	0.01010	0.01010	0.01347	0.01347	0.02357	0.01347	0.02694	0.03030	0.77441	0.00673	0.00673	0.00337	0.00337
32	0.00945	0.00675	0.00900	0.01080	0.01125	0.00630	0.00720	0.01080	0.01484	0.01979	0.04274	0.72245	0.05128	0.02429	0.00990	0.00315	0.00450	0.02204	0.00720	0.00630
33	0.01696	0.01696	0.02375	0.02036	0.02036	0.02375	0.01696	0.01866	0.01187	0.01866	0.01018	0.01696	0.01018	0.01357	0.02545	0.00339	0.71332	0.00679	0.00339	0.00848
34	0.00945	0.00675	0.00900	0.01080	0.01125	0.00630	0.00720	0.01080	0.01484	0.01979	0.04274	0.72245	0.05128	0.02429	0.00990	0.00315	0.00450	0.02204	0.00720	0.00630
35	0.00980	0.00702	0.00931	0.01056	0.01132	0.00653	0.00722	0.01168	0.01647	0.02239	0.18779	0.57000	0.05630	0.02236	0.00972	0.00299	0.00431	0.02020	0.00750	0.00653
36	0.05834	0.52229	0.20102	0.01532	0.02307	0.02683	0.01687	0.02353	0.01578	0.02067	0.01157	0.01343	0.00984	0.00685	0.00556	0.00190	0.00897	0.00455	0.00338	0.01025
37	0.06526	0.12699	0.02700	0.02803	0.27108	0.17316	0.01715	0.04736	0.09654	0.02500	0.01536	0.01768	0.01257	0.00760	0.00692	0.00214	0.00945	0.00605	0.00449	0.04017
38	0.01907	0.01632	0.01941	0.01459	0.02094	0.06112	0.06592	0.05298	0.05151	0.07125	0.01701	0.03976	0.01387	0.00723	0.00660	0.00162	0.00714	0.00611	0.00524	0.50232
39	0.12546	0.03885	0.01916	0.01464	0.02018	0.01880	0.01200	0.31904	0.08034	0.09690	0.05317	0.02363	0.05010	0.00955	0.00723	0.00225	0.00708	0.00732	0.00710	0.08720

[dist]
# distance from previous block
# <min> <max>
2	4

[block]
# block no. 5 follows, 25 sequences, length 22
# corresponding to MSA columns:
# 260-281
name=unknown_F
#
# <colnr> <probs for GDERKNQSTAVLIFYWHMCP>
#	G	D	E	R	K	N	Q	S	T	A	V	L	I	F	Y	W	H	M	C	P
0	0.02300	0.02308	0.01859	0.03917	0.02142	0.28490	0.01254	0.08686	0.09735	0.05895	0.10194	0.02344	0.02102	0.00919	0.00728	0.00207	0.00919	0.00700	0.02999	0.12302
1	0.01871	0.01805	0.03108	0.09517	0.38715	0.01775	0.14030	0.05266	0.01827	0.02586	0.01481	0.01921	0.01196	0.00687	0.00771	0.00224	0.00955	0.00703	0.00410	0.11152
2	0.01347	0.00673	0.01010	0.01010	0.01010	0.00673	0.00673	0.01010	0.01010	0.01347	0.01347	0.02357	0.01347	0.02694	0.03030	0.77441	0.00673	0.00673	0.00337	0.00337
3	0.01869	0.01850	0.02872	0.21502	0.47407	0.06453	0.02261	0.02327	0.01740	0.02348	0.01420	0.01921	0.01163	0.00720	0.00765	0.00235	0.00983	0.00677	0.00375	0.01112
4	0.01035	0.00836	0.00929	0.00917	0.01160	0.00751	0.00702	0.01381	0.04923	0.02433	0.23170	0.06893	0.44252	0.01833	0.00920	0.00264	0.00418	0.05719	0.00758	0.00706
5	0.01608	0.01378	0.01608	0.01148	0.01837	0.01034	0.00919	0.01952	0.01608	0.02527	0.01378	0.01608	0.01148	0.00574	0.00574	0.00115	0.00574	0.00459	0.00459	0.77491
6	0.05456	0.01818	0.01835	0.01515	0.02039	0.07255	0.01203	0.16516	0.25643	0.08543	0.04811	0.02341	0.01903	0.00918	0.00731	0.00221	0.00715	0.00725	0.00697	0.15115
7	0.02947	0.02172	0.02327	0.01784	0.02404	0.02404	0.01474	0.65329	0.03646	0.04887	0.01862	0.01862	0.01319	0.00931	0.00776	0.00233	0.00853	0.00698	0.00776	0.01319
8	0.01347	0.00673	0.01010	0.01010	0.01010	0.00673	0.00673	0.01010	0.01010	0.01347	0.01347	0.02357	0.01347	0.02694	0.03030	0.77441	0.00673	0.00673	0.00337	0.00337
9	0.02150	0.01992	0.02396	0.28021	0.13823	0.11108	0.01855	0.18854	0.07005	0.02907	0.01624	0.01961	0.01232	0.00826	0.00765	0.00240	0.00987	0.00680	0.00503	0.01070
10	0.00945	0.00675	0.00900	0.01080	0.01125	0.00630	0.00720	0.01080	0.01484	0.01979	0.04274	0.72245	0.05128	0.02429	0.00990	0.00315	0.00450	0.02204	0.00720	0.00630
11	0.00967	0.00691	0.00925	0.01105	0.01160	0.00649	0.00759	0.01118	0.01507	0.02004	0.04261	0.67565	0.05079	0.02408	0.00996	0.00318	0.00469	0.06662	0.00719	0.00636
