[name]
unknown

[dist]
# distance from previous block
# <min> <max>
29	56

[block]
# block no. 0 follows, 25 sequences, length 31
# corresponding to MSA columns:
# 65-95
name=unknown_A
#
# <colnr> <probs for GDERKNQSTAVLIFYWHMCP>
#	G	D	E	R	K	N	Q	S	T	A	V	L	I	F	Y	W	H	M	C	P
0	0.01882	0.01438	0.01667	0.01271	0.01869	0.01246	0.01011	0.12318	0.03853	0.06988	0.01916	0.09139	0.01676	0.00864	0.00669	0.00167	0.00613	0.00713	0.00579	0.50120
1	0.02296	0.01786	0.01977	0.01475	0.02129	0.01738	0.01204	0.34507	0.02655	0.03739	0.01626	0.01738	0.01236	0.00757	0.00678	0.00175	0.00718	0.00582	0.00622	0.38363
2	0.01140	0.00758	0.01022	0.03332	0.01318	0.00721	0.00801	0.01322	0.01591	0.05758	0.10150	0.53284	0.04881	0.05862	0.01122	0.00327	0.00500	0.04709	0.00721	0.00681
3	0.01376	0.01204	0.01775	0.06701	0.06485	0.01368	0.04925	0.01601	0.01452	0.02050	0.09584	0.13944	0.02844	0.18868	0.02049	0.00400	0.18551	0.01115	0.00499	0.03207
4	0.02334	0.01937	0.02142	0.15478	0.02868	0.05623	0.01534	0.30547	0.22606	0.03644	0.02131	0.02197	0.01570	0.00930	0.00776	0.00245	0.00843	0.00741	0.00674	0.01178
5	0.01510	0.01425	0.02408	0.64252	0.11619	0.01735	0.02176	0.02021	0.01572	0.02036	0.01386	0.02052	0.01053	0.00767	0.00774	0.00256	0.01022	0.00689	0.00348	0.00898
6	0.01376	0.00840	0.01055	0.01069	0.01224	0.00799	0.00759	0.03887	0.01701	0.09217	0.11344	0.34502	0.06410	0.13290	0.01398	0.00357	0.00529	0.04031	0.05487	0.00725
7	0.00968	0.00688	0.00906	0.01056	0.01108	0.00645	0.00704	0.01110	0.01510	0.02026	0.08594	0.63022	0.05125	0.07135	0.01185	0.00339	0.00464	0.02075	0.00712	0.00626
8	0.01092	0.03485	0.01121	0.03607	0.01330	0.00854	0.00795	0.01361	0.05127	0.02070	0.08225	0.50959	0.04566	0.10077	0.01280	0.00349	0.00522	0.01831	0.00677	0.00674
9	0.01321	0.01076	0.01586	0.05402	0.08029	0.01102	0.07013	0.01603	0.04725	0.01866	0.02459	0.04142	0.05273	0.42298	0.08379	0.00621	0.00924	0.01026	0.00471	0.00687
10	0.00956	0.00680	0.00896	0.01065	0.01107	0.00637	0.00704	0.01083	0.01462	0.01950	0.04159	0.68052	0.04984	0.06818	0.01174	0.00342	0.00469	0.02137	0.00704	0.00620
11	0.02527	0.05654	0.02069	0.05443	0.02294	0.11875	0.01338	0.16265	0.22189	0.15696	0.04942	0.02395	0.01915	0.00958	0.00760	0.00237	0.00812	0.00752	0.00716	0.01163
12	0.01886	0.02091	0.03936	0.03267	0.13561	0.05771	0.43615	0.02421	0.01757	0.02378	0.01459	0.01975	0.01154	0.00759	0.01092	0.00263	0.10363	0.00826	0.00384	0.01040
13	0.01469	0.01386	0.02279	0.42508	0.03984	0.01733	0.05352	0.01887	0.01447	0.01957	0.01438	0.02162	0.01190	0.01722	0.12650	0.00439	0.14476	0.00723	0.00358	0.00841
14	0.01124	0.00764	0.00909	0.00909	0.00931	0.00786	0.00549	0.01168	0.01146	0.01551	0.02385	0.04751	0.02679	0.62098	0.14408	0.00830	0.00963	0.01080	0.00461	0.00505
15	0.01381	0.01192	0.01482	0.01412	0.01567	0.06016	0.01105	0.04469	0.01431	0.01968	0.02020	0.07395	0.01944	0.04445	0.48525	0.00948	0.10631	0.00875	0.00442	0.00751
16	0.02011	0.64923	0.11814	0.01433	0.02154	0.02916	0.01511	0.02338	0.01583	0.01900	0.01116	0.01291	0.00993	0.00672	0.00526	0.00175	0.00867	0.00434	0.00331	0.01013
17	0.01076	0.00786	0.00999	0.00954	0.01132	0.00722	0.00705	0.01401	0.02080	0.02899	0.56571	0.08149	0.12940	0.04904	0.01056	0.00271	0.00389	0.01439	0.00818	0.00709
18	0.01555	0.04011	0.68733	0.02210	0.03356	0.01801	0.02865	0.02455	0.01637	0.02455	0.01391	0.01637	0.00982	0.00737	0.00737	0.00246	0.01146	0.00573	0.00327	0.01146
19	0.01755	0.01308	0.01759	0.01579	0.01861	0.04356	0.06763	0.05345	0.05597	0.09574	0.05698	0.06940	0.02849	0.05841	0.06032	0.05809	0.06501	0.18964	0.00622	0.00846
20	0.00967	0.00701	0.00891	0.01020	0.01094	0.00650	0.00684	0.01111	0.01529	0.02021	0.08458	0.54992	0.12007	0.08505	0.01237	0.00343	0.00465	0.01996	0.00706	0.00625
21	0.00989	0.00730	0.00931	0.01046	0.01160	0.00672	0.00747	0.01187	0.01661	0.02190	0.13863	0.46076	0.15966	0.02204	0.00974	0.00300	0.00452	0.07456	0.00738	0.00656
22	0.04881	0.05499	0.06794	0.12432	0.02699	0.16879	0.01557	0.19937	0.05874	0.02927	0.02033	0.02378	0.05036	0.01200	0.04315	0.00287	0.01032	0.02680	0.00541	0.01017
23	0.01299	0.00762	0.01159	0.09829	0.01574	0.00799	0.00867	0.01143	0.01151	0.01524	0.01803	0.13115	0.01891	0.02411	0.02431	0.55799	0.00684	0.00912	0.00397	0.00448
24	0.07323	0.01949	0.02482	0.10443	0.24659	0.07374	0.04017	0.17231	0.08816	0.03091	0.01886	0.02124	0.03488	0.00845	0.00758	0.00238	0.00899	0.00717	0.00532	0.01130
25	0.05191	0.05547	0.09392	0.01730	0.02369	0.06725	0.01533	0.41604	0.02937	0.07573	0.01840	0.04291	0.01393	0.00925	0.00745	0.00228	0.00878	0.00699	0.00670	0.03730
26	0.01797	0.01532	0.04603	0.07935	0.12245	0.04819	0.12765	0.02084	0.05107	0.06669	0.01620	0.02195	0.01339	0.01490	0.01643	0.29282	0.00903	0.00727	0.00426	0.00816
27	0.01166	0.00813	0.01129	0.03598	0.01360	0.00793	0.03085	0.01287	0.01421	0.03382	0.03425	0.32753	0.06098	0.21456	0.01953	0.06666	0.00632	0.07771	0.00600	0.00611
28	0.10406	0.01793	0.06726	0.23662	0.34093	0.01822	0.02130	0.02226	0.01611	0.02434	0.01363	0.01858	0.01099	0.00759	0.00834	0.00247	0.04859	0.00652	0.00377	0.01049
29	0.02197	0.02267	0.02360	0.27985	0.11682	0.22317	0.01835	0.11895	0.05444	0.02522	0.01498	0.01859	0.01159	0.00809	0.00752	0.00234	0.01081	0.00643	0.00453	0.01005
30	0.01816	0.08818	0.02520	0.27810	0.14411	0.08019	0.04630	0.04981	0.03984	0.02158	0.01434	0.01961	0.01171	0.01037	0.01068	0.11257	0.00966	0.00660	0.00391	0.00907

[dist]
# distance from previous block
# <min> <max>
0	2

[block]
# block no. 1 follows, 25 sequences, length 7
# corresponding to MSA columns:
# 98-104
name=unknown_B
#
# <colnr> <probs for GDERKNQSTAVLIFYWHMCP>
#	G	D	E	R	K	N	Q	S	T	A	V	L	I	F	Y	W	H	M	C	P
0	0.01523	0.01795	0.11242	0.18895	0.11557	0.01604	0.12870	0.02018	0.01656	0.02245	0.02416	0.05587	0.07588	0.01118	0.00990	0.00275	0.06479	0.08764	0.00448	0.00932
1	0.01568	0.01404	0.02483	0.22962	0.18025	0.01483	0.12625	0.01880	0.01499	0.02022	0.01559	0.02471	0.01385	0.10226	0.01597	0.13864	0.00956	0.00782	0.00376	0.00835
2	0.01872	0.01838	0.03264	0.09757	0.54884	0.01848	0.10339	0.02362	0.01757	0.02484	0.01466	0.01953	0.01206	0.00693	0.00787	0.00236	0.00979	0.00719	0.00382	0.01176
3	0.02712	0.03389	0.02057	0.01878	0.02236	0.62470	0.01391	0.02891	0.02086	0.01857	0.01328	0.01781	0.01188	0.08286	0.01037	0.00257	0.01331	0.00565	0.00407	0.00854
4	0.02005	0.01334	0.01760	0.07910	0.10392	0.01349	0.01260	0.13052	0.04229	0.15620	0.11821	0.08848	0.11736	0.04003	0.00952	0.00269	0.00670	0.01072	0.00710	0.01009
5	0.09397	0.00873	0.01125	0.01128	0.01268	0.00979	0.00835	0.01403	0.01252	0.01938	0.02237	0.09428	0.02278	0.18108	0.43193	0.00958	0.01512	0.00967	0.00460	0.00659
6	0.01288	0.01065	0.01252	0.01189	0.01371	0.05587	0.00878	0.01500	0.01321	0.01813	0.02031	0.03271	0.02003	0.21154	0.41604	0.00933	0.01547	0.00840	0.00432	0.08918

[dist]
# distance from previous block
# <min> <max>
0	3

[block]
# block no. 2 follows, 25 sequences, length 32
# corresponding to MSA columns:
# 108-139
name=unknown_C
#
# <colnr> <probs for GDERKNQSTAVLIFYWHMCP>
#	G	D	E	R	K	N	Q	S	T	A	V	L	I	F	Y	W	H	M	C	P
0	0.01650	0.02245	0.16678	0.12194	0.03743	0.01823	0.35022	0.02264	0.01685	0.02331	0.01673	0.07197	0.01402	0.00865	0.00971	0.00267	0.05704	0.00896	0.00394	0.00996
1	0.09940	0.01905	0.06592	0.16591	0.20972	0.01939	0.09160	0.11871	0.04275	0.02853	0.01507	0.01896	0.01170	0.00799	0.00863	0.00250	0.05196	0.00688	0.00455	0.01079
2	0.01593	0.01463	0.01869	0.11625	0.08721	0.08253	0.06050	0.06474	0.01692	0.02170	0.02380	0.20331	0.02518	0.17548	0.01602	0.00377	0.02854	0.01169	0.00513	0.00802
3	0.01165	0.00864	0.01228	0.01213	0.01301	0.00999	0.00904	0.01332	0.01219	0.01733	0.02141	0.07667	0.02174	0.16261	0.43977	0.06716	0.07093	0.00945	0.00432	0.00637
4	0.72501	0.01490	0.01228	0.06232	0.01786	0.01738	0.00938	0.02257	0.01337	0.03367	0.01102	0.01320	0.00854	0.00724	0.00502	0.00241	0.00632	0.00440	0.00470	0.00841
5	0.02001	0.12279	0.02133	0.05722	0.05491	0.03917	0.01255	0.11030	0.05393	0.08886	0.12104	0.02894	0.02446	0.00980	0.00732	0.00211	0.00711	0.04701	0.00612	0.16501
6	0.02362	0.19735	0.07749	0.02057	0.06354	0.35507	0.04853	0.02666	0.01880	0.01985	0.01247	0.01527	0.01059	0.00979	0.03583	0.00249	0.04337	0.00539	0.00375	0.00957
7	0.01112	0.00867	0.00992	0.00955	0.01200	0.00790	0.00736	0.04568	0.02023	0.02631	0.29408	0.06651	0.37128	0.01784	0.00920	0.00261	0.00430	0.06050	0.00772	0.00722
8	0.06995	0.01315	0.01687	0.01332	0.01888	0.01193	0.01090	0.03529	0.06936	0.55320	0.03322	0.02947	0.06790	0.01029	0.00775	0.00243	0.00633	0.00832	0.00905	0.01239
9	0.03153	0.01472	0.01853	0.01453	0.02017	0.01403	0.01187	0.16798	0.04542	0.48483	0.02884	0.06944	0.02011	0.01051	0.00793	0.00244	0.00686	0.00857	0.00899	0.01272
10	0.03215	0.01444	0.02028	0.01555	0.02157	0.01320	0.05933	0.06662	0.07048	0.55621	0.02897	0.02580	0.01868	0.00942	0.00790	0.00243	0.00714	0.00793	0.00896	0.01292
11	0.01172	0.00897	0.01252	0.01218	0.01306	0.01052	0.00909	0.01364	0.01209	0.01727	0.02068	0.03452	0.02081	0.23257	0.45370	0.01023	0.08677	0.00895	0.00422	0.00648
12	0.01205	0.00884	0.01225	0.01197	0.01334	0.01001	0.00900	0.04575	0.01345	0.01900	0.02136	0.03371	0.02074	0.18285	0.53699	0.01101	0.01763	0.00880	0.00444	0.00682
13	0.00958	0.00787	0.00843	0.00829	0.01073	0.00672	0.00622	0.01193	0.01865	0.02327	0.21542	0.07079	0.53767	0.01877	0.00916	0.00258	0.00387	0.01583	0.00751	0.00672
14	0.00954	0.00682	0.00908	0.01073	0.01127	0.00636	0.00720	0.01103	0.01527	0.02048	0.08090	0.68234	0.05260	0.02378	0.00985	0.00311	0.00445	0.02156	0.00728	0.00636
15	0.08015	0.02021	0.02108	0.16621	0.07813	0.13719	0.01550	0.20153	0.06428	0.06473	0.01742	0.01958	0.01301	0.00848	0.00725	0.00232	0.00915	0.00657	0.05661	0.01060
16	0.01074	0.00783	0.00997	0.01123	0.01230	0.00749	0.00798	0.04425	0.01651	0.02172	0.04464	0.56446	0.10628	0.02281	0.00980	0.00310	0.00491	0.08001	0.00722	0.00676
17	0.25890	0.01621	0.02313	0.19738	0.31664	0.01781	0.01838	0.02251	0.01572	0.02697	0.01319	0.01747	0.01058	0.00721	0.00679	0.00240	0.00847	0.00605	0.00405	0.01016
18	0.78228	0.01499	0.01140	0.01020	0.01499	0.01739	0.00840	0.02279	0.01320	0.03479	0.01080	0.01260	0.00840	0.00720	0.00480	0.00240	0.00600	0.00420	0.00480	0.00840
19	0.54440	0.01669	0.01488	0.01241	0.01764	0.01886	0.01023	0.19107	0.01983	0.07144	0.01388	0.01489	0.01022	0.00788	0.00574	0.00238	0.00670	0.00512	0.00583	0.00991
20	0.01125	0.00755	0.00860	0.00855	0.00869	0.00750	0.00489	0.01153	0.01207	0.01623	0.07290	0.05127	0.03154	0.67450	0.03721	0.00714	0.00723	0.01148	0.00498	0.00489
21	0.01464	0.01378	0.02326	0.70887	0.05340	0.01723	0.02153	0.01981	0.01550	0.01981	0.01378	0.02067	0.01034	0.00775	0.00775	0.00258	0.01034	0.00689	0.00345	0.00861
22	0.01114	0.00771	0.00962	0.00970	0.01011	0.00809	0.00623	0.01199	0.01176	0.01608	0.02415	0.07306	0.02664	0.50711	0.22576	0.00874	0.01117	0.01088	0.00465	0.00540
23	0.02293	0.01112	0.01495	0.04288	0.01771	0.01023	0.01011	0.04718	0.02226	0.33781	0.32130	0.04015	0.04304	0.01234	0.00840	0.00242	0.00550	0.01055	0.00878	0.01033
24	0.71445	0.07887	0.01400	0.01047	0.01543	0.01858	0.00883	0.02283	0.01342	0.03331	0.01079	0.01258	0.00854	0.00715	0.00481	0.00233	0.00620	0.00419	0.00467	0.00854
25	0.01795	0.01988	0.03996	0.02944	0.03522	0.02070	0.48414	0.02321	0.01661	0.02321	0.01424	0.01988	0.01135	0.00839	0.01344	0.00282	0.19734	0.00853	0.00378	0.00994
26	0.02565	0.06560	0.02256	0.01671	0.02251	0.02259	0.01374	0.42529	0.19558	0.04155	0.02120	0.02075	0.01559	0.00928	0.00752	0.00231	0.00777	0.00714	0.00735	0.04931
27	0.01752	0.28344	0.42622	0.01952	0.02909	0.02256	0.05505	0.02410	0.01625	0.02234	0.01290	0.01521	0.00997	0.00707	0.00661	0.00218	0.01042	0.00535	0.00332	0.01088
28	0.01347	0.00673	0.01010	0.01010	0.01010	0.00673	0.00673	0.01010	0.01010	0.01347	0.01347	0.02357	0.01347	0.02694	0.03030	0.77441	0.00673	0.00673	0.00337	0.00337
29	0.01125	0.00756	0.00863	0.00858	0.00875	0.00750	0.00494	0.01159	0.01227	0.01653	0.08497	0.05141	0.03237	0.66128	0.03664	0.00704	0.00716	0.01153	0.00506	0.00494
30	0.04461	0.01432	0.02266	0.55570	0.04611	0.01749	0.03743	0.05816	0.01664	0.02268	0.01444	0.02050	0.01095	0.00811	0.00835	0.00256	0.04093	0.00687	0.04263	0.00886
31	0.02406	0.01521	0.01972	0.01506	0.02105	0.01411	0.05870	0.11986	0.09055	0.23607	0.06418	0.02408	0.01942	0.00868	0.00738	0.00206	0.00687	0.00733	0.00717	0.23842

[dist]
# distance from previous block
# <min> <max>
6	9

[block]
# block no. 3 follows, 25 sequences, length 30
# corresponding to MSA columns:
# 149-178
name=unknown_D
#
# <colnr> <probs for GDERKNQSTAVLIFYWHMCP>
#	G	D	E	R	K	N	Q	S	T	A	V	L	I	F	Y	W	H	M	C	P
0	0.01141	0.00767	0.00890	0.00909	0.00929	0.00767	0.00555	0.01180	0.01200	0.01593	0.02625	0.05476	0.02999	0.65022	0.03632	0.00708	0.00748	0.07867	0.00497	0.00497
1	0.01013	0.00735	0.00969	0.01115	0.01213	0.00690	0.00812	0.01215	0.01623	0.02147	0.09744	0.49590	0.10029	0.02268	0.00993	0.00313	0.00489	0.13656	0.00730	0.00656
2	0.02602	0.03123	0.02479	0.06285	0.14106	0.48823	0.04476	0.04984	0.02119	0.02140	0.01292	0.01572	0.01059	0.00777	0.00727	0.00212	0.01272	0.00568	0.00406	0.00975
3	0.01637	0.01455	0.01942	0.01705	0.01852	0.01814	0.03591	0.05494	0.10568	0.02231	0.02000	0.03284	0.01945	0.13837	0.04237	0.00420	0.33058	0.07587	0.00494	0.00849
4	0.01764	0.01611	0.02522	0.07651	0.35195	0.01549	0.04522	0.04800	0.01842	0.02655	0.08685	0.02284	0.01864	0.00775	0.00745	0.00208	0.00799	0.00723	0.00467	0.19338
5	0.04886	0.37567	0.15184	0.01655	0.02303	0.15535	0.01638	0.02548	0.04515	0.02078	0.01246	0.01443	0.01049	0.00760	0.00704	0.00203	0.04822	0.00495	0.00370	0.01000
6	0.06274	0.01512	0.01676	0.01464	0.01866	0.01674	0.01150	0.14298	0.28158	0.11094	0.02845	0.13041	0.02383	0.01216	0.00863	0.00261	0.03696	0.00993	0.04433	0.01102
7	0.01742	0.01530	0.02043	0.01579	0.02158	0.01419	0.09424	0.06915	0.12898	0.02759	0.01998	0.05788	0.01715	0.00877	0.00770	0.00195	0.02737	0.03423	0.00551	0.39479
8	0.00956	0.00750	0.00865	0.00915	0.01091	0.00659	0.00656	0.01159	0.01743	0.02223	0.16468	0.28876	0.36768	0.02057	0.00941	0.00277	0.00407	0.01788	0.00742	0.00659
9	0.01612	0.11586	0.61654	0.02113	0.03206	0.01939	0.02696	0.02441	0.01630	0.02386	0.01357	0.01594	0.00984	0.00729	0.00710	0.00237	0.01111	0.00556	0.00328	0.01129
10	0.09948	0.03736	0.61334	0.02080	0.03153	0.01794	0.02643	0.02436	0.01602	0.02568	0.01357	0.01596	0.00967	0.00735	0.00709	0.00245	0.01086	0.00556	0.00344	0.01112
11	0.01146	0.00808	0.01022	0.00959	0.01168	0.00733	0.00723	0.01484	0.02129	0.05060	0.56196	0.05948	0.16469	0.01624	0.00910	0.00247	0.00379	0.01418	0.00836	0.00739
12	0.02149	0.66763	0.03890	0.01389	0.02028	0.09248	0.01343	0.02394	0.01633	0.01831	0.01089	0.01258	0.00995	0.00676	0.00516	0.00169	0.00882	0.00422	0.00338	0.00986
13	0.01526	0.00872	0.01188	0.01237	0.01438	0.00815	0.00965	0.01778	0.01769	0.14603	0.08657	0.34400	0.04480	0.02002	0.00970	0.00309	0.00566	0.20859	0.00773	0.00793
14	0.02945	0.02249	0.02320	0.01795	0.02404	0.05797	0.01475	0.62189	0.03572	0.04736	0.01828	0.01838	0.01302	0.00924	0.00772	0.00231	0.00881	0.00688	0.00757	0.01297
15	0.26671	0.01593	0.01716	0.10889	0.02208	0.07908	0.01311	0.02030	0.01384	0.02398	0.01321	0.01854	0.01149	0.01935	0.15253	0.00469	0.18074	0.00610	0.00407	0.00820
16	0.01979	0.01691	0.01782	0.01588	0.02035	0.01952	0.01239	0.07138	0.63413	0.03324	0.03092	0.02842	0.02315	0.01046	0.00788	0.00261	0.00625	0.00868	0.00788	0.01232
17	0.01045	0.03391	0.01060	0.01027	0.01184	0.00762	0.00735	0.01253	0.01691	0.02266	0.18626	0.42638	0.14088	0.02030	0.00926	0.00277	0.00442	0.01804	0.00724	0.04029
18	0.00964	0.00820	0.00834	0.00825	0.01090	0.00708	0.00620	0.01245	0.04308	0.02184	0.10287	0.07211	0.62415	0.01912	0.00911	0.00261	0.00400	0.01597	0.00729	0.00680
19	0.02808	0.11241	0.02407	0.01915	0.02353	0.59502	0.01478	0.05649	0.02191	0.02016	0.01213	0.01401	0.01012	0.00790	0.00680	0.00197	0.01313	0.00499	0.00408	0.00927
20	0.01266	0.01037	0.01535	0.04430	0.01676	0.01238	0.03570	0.01510	0.01286	0.01866	0.02021	0.06747	0.01991	0.12765	0.36661	0.00840	0.14192	0.00909	0.03750	0.00711
21	0.02075	0.16130	0.02314	0.11467	0.02473	0.07960	0.01383	0.07208	0.22676	0.07406	0.06418	0.02656	0.02084	0.00977	0.00739	0.00236	0.00794	0.03335	0.00611	0.01058
22	0.78228	0.01499	0.01140	0.01020	0.01499	0.01739	0.00840	0.02279	0.01320	0.03479	0.01080	0.01260	0.00840	0.00720	0.00480	0.00240	0.00600	0.00420	0.00480	0.00840
23	0.00945	0.00675	0.00900	0.01080	0.01125	0.00630	0.00720	0.01080	0.01484	0.01979	0.04274	0.72245	0.05128	0.02429	0.00990	0.00315	0.00450	0.02204	0.00720	0.00630
24	0.09838	0.17861	0.15906	0.07226	0.02678	0.05010	0.06639	0.12395	0.04749	0.02725	0.01474	0.01799	0.01177	0.03592	0.00878	0.00250	0.03701	0.00614	0.00451	0.01034
25	0.02703	0.03307	0.02100	0.01905	0.02287	0.58806	0.01439	0.05977	0.02165	0.02034	0.01327	0.01601	0.01117	0.01355	0.08254	0.00316	0.01446	0.00545	0.00420	0.00897
26	0.00952	0.00686	0.00889	0.01049	0.01106	0.00637	0.00699	0.01084	0.01486	0.01964	0.04427	0.64646	0.09226	0.05784	0.01127	0.00332	0.00461	0.02114	0.00708	0.00624
27	0.01564	0.05449	0.24484	0.01483	0.02069	0.01263	0.01567	0.02090	0.01923	0.09867	0.26635	0.04112	0.07324	0.01243	0.00830	0.00250	0.00715	0.05546	0.00642	0.00945
28	0.17024	0.01953	0.05325	0.07971	0.09007	0.02065	0.01551	0.29925	0.07196	0.05315	0.01697	0.01846	0.01256	0.00869	0.00786	0.00243	0.03564	0.00651	0.00609	0.01144
29	0.01830	0.02092	0.04575	0.03268	0.04052	0.01961	0.65098	0.02484	0.01830	0.02484	0.01569	0.02092	0.01176	0.00654	0.00915	0.00261	0.01307	0.00915	0.00392	0.01046

[dist]
# distance from previous block
# <min> <max>
0	1

[block]
# block no. 4 follows, 25 sequences, length 50
# corresponding to MSA columns:
# 180-229
name=unknown_E
#
# <colnr> <probs for GDERKNQSTAVLIFYWHMCP>
#	G	D	E	R	K	N	Q	S	T	A	V	L	I	F	Y	W	H	M	C	P
0	0.11107	0.01901	0.04901	0.05701	0.13280	0.04695	0.04275	0.18128	0.04530	0.03128	0.01592	0.01898	0.01252	0.00904	0.01007	0.00249	0.12275	0.00666	0.07457	0.01055
1	0.00953	0.00681	0.00907	0.01074	0.01126	0.00635	0.00720	0.01101	0.01523	0.02041	0.07744	0.68597	0.05248	0.02383	0.00986	0.00311	0.00445	0.02160	0.00727	0.00635
2	0.01523	0.01453	0.02499	0.61706	0.11301	0.01744	0.04804	0.02040	0.01583	0.02055	0.01394	0.02054	0.01058	0.00762	0.00780	0.00256	0.01034	0.00699	0.00350	0.00904
3	0.01954	0.01652	0.01813	0.04953	0.02161	0.01926	0.01286	0.08687	0.52184	0.03228	0.02831	0.02710	0.02134	0.01038	0.00865	0.00261	0.04209	0.00836	0.04098	0.01175
4	0.00945	0.00675	0.00900	0.01080	0.01125	0.00630	0.00720	0.01080	0.01484	0.01979	0.04274	0.72245	0.05128	0.02429	0.00990	0.00315	0.00450	0.02204	0.00720	0.00630
5	0.02604	0.02002	0.02488	0.08821	0.16755	0.02183	0.01722	0.44107	0.03005	0.05976	0.01765	0.01916	0.01290	0.00866	0.00774	0.00235	0.00879	0.00698	0.00657	0.01257
6	0.00963	0.00689	0.00916	0.01067	0.01129	0.00642	0.00721	0.01127	0.01572	0.02118	0.12027	0.64097	0.05396	0.02326	0.00980	0.00306	0.00440	0.02106	0.00736	0.00642
7	0.01768	0.01676	0.02949	0.37365	0.08072	0.01841	0.19753	0.09619	0.01892	0.02530	0.01535	0.02071	0.01153	0.00759	0.00806	0.00252	0.01059	0.00755	0.03162	0.00983
8	0.72125	0.01485	0.01193	0.01049	0.01539	0.01690	0.00864	0.02402	0.01393	0.08783	0.01241	0.01372	0.00928	0.00739	0.00504	0.00240	0.00605	0.00449	0.00519	0.00879
9	0.01445	0.00723	0.00723	0.00723	0.00903	0.00723	0.00542	0.01807	0.01626	0.02891	0.02529	0.02891	0.01987	0.00903	0.00542	0.00181	0.00361	0.00723	0.77055	0.00723
10	0.01809	0.01430	0.01695	0.04032	0.02016	0.01188	0.01027	0.08119	0.01854	0.06154	0.03883	0.01854	0.01421	0.00673	0.00624	0.00143	0.00617	0.00542	0.00525	0.60394
11	0.01574	0.03671	0.59293	0.02385	0.07601	0.01779	0.05239	0.02411	0.01639	0.02437	0.01429	0.01727	0.01042	0.00920	0.03327	0.00283	0.01172	0.00604	0.00337	0.01130
12	0.01090	0.00792	0.01026	0.00967	0.01154	0.00728	0.00726	0.01448	0.02177	0.03066	0.64981	0.05862	0.09867	0.01601	0.00915	0.00245	0.00367	0.01412	0.00848	0.00728
13	0.02118	0.69401	0.03961	0.01364	0.02012	0.06722	0.01336	0.02364	0.01610	0.01828	0.01085	0.01252	0.00995	0.00671	0.00509	0.00168	0.00860	0.00419	0.00335	0.00990
14	0.10842	0.64960	0.03726	0.01291	0.01934	0.02915	0.01271	0.02317	0.01546	0.02015	0.01078	0.01246	0.00977	0.00670	0.00495	0.00174	0.00803	0.00415	0.00349	0.00977
15	0.01347	0.00673	0.01010	0.01010	0.01010	0.00673	0.00673	0.01010	0.01010	0.01347	0.01347	0.02357	0.01347	0.02694	0.03030	0.77441	0.00673	0.00673	0.00337	0.00337
16	0.01128	0.00752	0.00846	0.00846	0.00846	0.00752	0.00470	0.01128	0.01128	0.01503	0.02443	0.05074	0.02819	0.72751	0.03946	0.00752	0.00752	0.01128	0.00470	0.00470
17	0.00945	0.00675	0.00900	0.01080	0.01125	0.00630	0.00720	0.01080	0.01484	0.01979	0.04274	0.72245	0.05128	0.02429	0.00990	0.00315	0.00450	0.02204	0.00720	0.00630
18	0.03224	0.01624	0.01975	0.01526	0.02125	0.01605	0.01257	0.24586	0.05830	0.43807	0.02659	0.02389	0.01738	0.00954	0.00779	0.00239	0.00723	0.00757	0.00889	0.01315
19	0.10531	0.01416	0.02227	0.59309	0.08054	0.01731	0.02010	0.02036	0.01534	0.02185	0.01347	0.01965	0.01021	0.00764	0.00740	0.00255	0.00977	0.00657	0.00362	0.00877
20	0.00945	0.00675	0.00900	0.01080	0.01125	0.00630	0.00720	0.01080	0.01484	0.01979	0.04274	0.72245	0.05128	0.02429	0.00990	0.00315	0.00450	0.02204	0.00720	0.00630
21	0.01657	0.01639	0.02300	0.01983	0.01992	0.02281	0.01648	0.01834	0.01191	0.01862	0.01088	0.01786	0.01079	0.01653	0.07007	0.00400	0.66728	0.00689	0.00344	0.00838
22	0.01087	0.00843	0.01072	0.03461	0.03219	0.00786	0.00826	0.01383	0.01913	0.02549	0.33221	0.09681	0.24674	0.04435	0.01040	0.00284	0.00466	0.07603	0.00747	0.00710
23	0.01118	0.00748	0.00848	0.00858	0.00860	0.00746	0.00482	0.01125	0.01146	0.01527	0.02536	0.08473	0.02936	0.69192	0.03797	0.00730	0.00736	0.01182	0.00482	0.00478
24	0.11942	0.02096	0.07772	0.13839	0.06541	0.05189	0.33824	0.04911	0.01792	0.02601	0.01450	0.01897	0.01095	0.00707	0.00800	0.00252	0.01128	0.00751	0.00407	0.01007
25	0.01996	0.55749	0.17727	0.01541	0.02296	0.05449	0.01660	0.02381	0.01613	0.01961	0.01149	0.01333	0.00992	0.00684	0.00556	0.00184	0.00919	0.00452	0.00333	0.01023
26	0.02710	0.02027	0.02165	0.01708	0.02279	0.02257	0.01395	0.52063	0.14753	0.04520	0.02117	0.02084	0.01530	0.00951	0.00769	0.00236	0.00792	0.00731	0.03634	0.01280
27	0.00970	0.00693	0.00929	0.01109	0.01165	0.00652	0.00765	0.01124	0.01510	0.02008	0.04259	0.66873	0.05072	0.02405	0.00997	0.00318	0.00472	0.07321	0.00719	0.00637
28	0.01539	0.03590	0.57992	0.02192	0.03229	0.01725	0.07656	0.02375	0.01699	0.02512	0.06893	0.02018	0.01523	0.00800	0.00766	0.00247	0.01094	0.00669	0.00376	0.01104
29	0.01604	0.03599	0.59745	0.02064	0.03091	0.01673	0.02595	0.02402	0.01665	0.05202	0.04871	0.01922	0.01363	0.00868	0.00839	0.03322	0.01067	0.00628	0.00381	0.01100
30	0.00945	0.00675	0.00900	0.01080	0.01125	0.00630	0.00720	0.01080	0.01484	0.01979	0.04274	0.72245	0.05128	0.02429	0.00990	0.00315	0.00450	0.02204	0.00720	0.00630
31	0.02227	0.60242	0.03715	0.01452	0.02066	0.15493	0.01359	0.02466	0.01692	0.01838	0.01100	0.01273	0.00996	0.00689	0.00535	0.00172	0.00935	0.00430	0.00344	0.00977
32	0.00927	0.00745	0.00827	0.00893	0.01075	0.00646	0.00637	0.01101	0.01664	0.02053	0.06551	0.31050	0.44853	0.02133	0.00943	0.00281	0.00414	0.01843	0.00720	0.00646
33	0.02947	0.02172	0.02327	0.01784	0.02404	0.02404	0.01474	0.65329	0.03646	0.04887	0.01862	0.01862	0.01319	0.00931	0.00776	0.00233	0.00853	0.00698	0.00776	0.01319
34	0.13333	0.07783	0.07811	0.01937	0.02239	0.05726	0.06772	0.02126	0.01379	0.02205	0.01116	0.01606	0.00998	0.01069	0.01695	0.00289	0.40028	0.00620	0.00366	0.00901
35	0.01445	0.00723	0.00723	0.00723	0.00903	0.00723	0.00542	0.01807	0.01626	0.02891	0.02529	0.02891	0.01987	0.00903	0.00542	0.00181	0.00361	0.00723	0.77055	0.00723
36	0.01783	0.01476	0.01690	0.01251	0.01900	0.01245	0.01001	0.10646	0.04558	0.02861	0.01606	0.03872	0.01344	0.00700	0.00623	0.00143	0.00610	0.00563	0.00524	0.61604
37	0.01576	0.01587	0.02495	0.43613	0.04246	0.06209	0.10995	0.02023	0.01597	0.02038	0.01670	0.09400	0.01483	0.00981	0.00956	0.00267	0.06736	0.00868	0.00394	0.00865
38	0.00951	0.00787	0.00833	0.00821	0.01068	0.00669	0.00616	0.01179	0.01848	0.02287	0.19157	0.07145	0.56177	0.01892	0.00916	0.00258	0.00388	0.01592	0.00745	0.00669
39	0.02067	0.01734	0.01831	0.01606	0.02069	0.01993	0.01261	0.12443	0.57965	0.03467	0.02980	0.02753	0.02224	0.01035	0.00787	0.00259	0.00646	0.00852	0.00787	0.01240
40	0.01580	0.01290	0.05793	0.01240	0.01612	0.01140	0.01033	0.02407	0.17715	0.09740	0.35557	0.04450	0.08258	0.01325	0.00848	0.00245	0.00516	0.01139	0.00794	0.03318
41	0.78228	0.01499	0.01140	0.01020	0.01499	0.01739	0.00840	0.02279	0.01320	0.03479	0.01080	0.01260	0.00840	0.00720	0.00480	0.00240	0.00600	0.00420	0.00480	0.00840
42	0.69621	0.01479	0.01216	0.01061	0.01555	0.01670	0.00874	0.02452	0.01423	0.10960	0.01308	0.01418	0.00964	0.00747	0.00514	0.00240	0.00607	0.00461	0.00535	0.00895
43	0.00945	0.00675	0.00900	0.01080	0.01125	0.00630	0.00720	0.01080	0.01484	0.01979	0.04274	0.72245	0.05128	0.02429	0.00990	0.00315	0.00450	0.02204	0.00720	0.00630
44	0.02942	0.01289	0.01671	0.01293	0.01850	0.01128	0.01056	0.05986	0.02152	0.48884	0.05478	0.02633	0.02032	0.00932	0.00739	0.00219	0.00619	0.00758	0.07662	0.10679
45	0.03326	0.01456	0.01871	0.01446	0.02041	0.01357	0.01191	0.12421	0.05673	0.56244	0.02896	0.02543	0.01858	0.00960	0.00780	0.00240	0.00685	0.00773	0.00925	0.01315
46	0.00945	0.00675	0.00900	0.01080	0.01125	0.00630	0.00720	0.01080	0.01484	0.01979	0.04274	0.72245	0.05128	0.02429	0.00990	0.00315	0.00450	0.02204	0.00720	0.00630
47	0.01654	0.01691	0.03111	0.33454	0.09969	0.01906	0.21840	0.02157	0.01602	0.02170	0.01391	0.02006	0.01093	0.00817	0.01085	0.00269	0.11713	0.00758	0.00362	0.00950
48	0.02450	0.02941	0.02305	0.02153	0.05659	0.43957	0.01609	0.02653	0.01842	0.01920	0.01152	0.01523	0.01017	0.00977	0.01311	0.00247	0.24437	0.00568	0.00379	0.00899
49	0.00945	0.00675	0.00900	0.01080	0.01125	0.00630	0.00720	0.01080	0.01484	0.01979	0.04274	0.72245	0.05128	0.02429	0.00990	0.00315	0.00450	0.02204	0.00720	0.00630

[dist]
# distance from previous block
# <min> <max>
0	8

[block]
# block no. 5 follows, 25 sequences, length 8
# corresponding to MSA columns:
# 238-245
name=unknown_F
#
# <colnr> <probs for GDERKNQSTAVLIFYWHMCP>
#	G	D	E	R	K	N	Q	S	T	A	V	L	I	F	Y	W	H	M	C	P
0	0.01741	0.01599	0.02594	0.43308	0.25503	0.01821	0.02168	0.07613	0.01803	0.02414	0.01446	0.02001	0.01122	0.00761	0.00773	0.00247	0.00981	0.00690	0.00395	0.01021
1	0.26722	0.01828	0.02335	0.09185	0.21076	0.07498	0.06941	0.02391	0.01610	0.05392	0.01343	0.01701	0.01070	0.00783	0.00837	0.00246	0.07005	0.00608	0.00433	0.00995
2	0.00945	0.00675	0.00900	0.01080	0.01125	0.00630	0.00720	0.01080	0.01484	0.01979	0.04274	0.72245	0.05128	0.02429	0.00990	0.00315	0.00450	0.02204	0.00720	0.00630
3	0.01671	0.01748	0.06052	0.34169	0.25949	0.01838	0.07514	0.02172	0.01622	0.02223	0.01394	0.01969	0.01107	0.00780	0.00921	0.00255	0.06538	0.00702	0.00361	0.01013
4	0.01526	0.01466	0.02471	0.42963	0.09161	0.01769	0.07265	0.01967	0.01517	0.02040	0.01510	0.05316	0.01289	0.01152	0.04150	0.00316	0.12081	0.00784	0.00371	0.00885
5	0.00945	0.00675	0.00900	0.01080	0.01125	0.00630	0.00720	0.01080	0.01484	0.01979	0.04274	0.72245	0.05128	0.02429	0.00990	0.00315	0.00450	0.02204	0.00720	0.00630
6	0.02333	0.41832	0.08788	0.01648	0.02254	0.27468	0.01519	0.02618	0.01810	0.01904	0.01149	0.01334	0.00995	0.00719	0.00592	0.00185	0.01065	0.00459	0.00356	0.00972
7	0.01026	0.00776	0.00952	0.00974	0.01154	0.00702	0.00727	0.01297	0.01900	0.02529	0.32644	0.19130	0.24761	0.01902	0.00942	0.00272	0.00417	0.06432	0.00777	0.00688

[dist]
# distance from previous block
# <min> <max>
0	1

[block]
# block no. 6 follows, 25 sequences, length 42
# corresponding to MSA columns:
# 247-288
name=unknown_G
#
# <colnr> <probs for GDERKNQSTAVLIFYWHMCP>
#	G	D	E	R	K	N	Q	S	T	A	V	L	I	F	Y	W	H	M	C	P
0	0.09155	0.02116	0.02229	0.01721	0.02330	0.02350	0.01421	0.60130	0.03454	0.04770	0.01797	0.01812	0.01279	0.00913	0.00751	0.00233	0.00832	0.00675	0.00751	0.01279
1	0.00943	0.00682	0.00893	0.01062	0.01120	0.00631	0.00712	0.01082	0.01502	0.01986	0.04492	0.68298	0.08934	0.02401	0.00985	0.00312	0.00446	0.02170	0.00720	0.00631
2	0.01608	0.01378	0.01608	0.01148	0.01837	0.01034	0.00919	0.01952	0.01608	0.02527	0.01378	0.01608	0.01148	0.00574	0.00574	0.00115	0.00574	0.00459	0.00459	0.77491
3	0.11844	0.01472	0.02251	0.44042	0.07294	0.01712	0.05294	0.05978	0.01685	0.05778	0.01467	0.01983	0.01101	0.00856	0.00837	0.03454	0.00941	0.00670	0.00424	0.00916
4	0.01068	0.00813	0.00961	0.00993	0.01170	0.00750	0.00716	0.04449	0.01837	0.02398	0.18294	0.32773	0.26894	0.02020	0.00938	0.00278	0.00434	0.01768	0.00750	0.00694
5	0.02396	0.02138	0.06317	0.02540	0.05708	0.02058	0.29526	0.27395	0.02567	0.08765	0.01792	0.02018	0.01286	0.00793	0.00835	0.00246	0.01053	0.00794	0.00586	0.01187
6	0.02609	0.06389	0.02132	0.01776	0.02210	0.42831	0.01374	0.12569	0.08994	0.02546	0.01858	0.01958	0.04254	0.00896	0.00713	0.00212	0.01113	0.00626	0.03956	0.00983
7	0.01693	0.01375	0.01616	0.01159	0.01844	0.01038	0.00929	0.02035	0.01636	0.05516	0.01454	0.01655	0.01183	0.00592	0.00584	0.00121	0.00578	0.00474	0.00482	0.74036
8	0.74261	0.01490	0.01175	0.01039	0.01525	0.01708	0.00856	0.02359	0.01367	0.06927	0.01185	0.01333	0.00897	0.00732	0.00496	0.00240	0.00603	0.00439	0.00505	0.00865
9	0.00945	0.00675	0.00900	0.01080	0.01125	0.00630	0.00720	0.01080	0.01484	0.01979	0.04274	0.72245	0.05128	0.02429	0.00990	0.00315	0.00450	0.02204	0.00720	0.00630
10	0.01089	0.00797	0.01026	0.00983	0.01172	0.00733	0.00746	0.01440	0.02135	0.02978	0.58873	0.06096	0.12488	0.01648	0.00923	0.00251	0.00387	0.04675	0.00834	0.00724
11	0.01450	0.01091	0.01563	0.25009	0.02684	0.01185	0.01269	0.01797	0.01780	0.08764	0.18756	0.04324	0.17611	0.04297	0.01070	0.00279	0.04544	0.01098	0.00615	0.00812
12	0.00916	0.00785	0.00785	0.00785	0.01047	0.00655	0.00589	0.01113	0.01767	0.02095	0.07855	0.07462	0.67599	0.01964	0.00916	0.00262	0.00393	0.01636	0.00720	0.00655
13	0.00945	0.00675	0.00900	0.01080	0.01125	0.00630	0.00720	0.01080	0.01484	0.01979	0.04274	0.72245	0.05128	0.02429	0.00990	0.00315	0.00450	0.02204	0.00720	0.00630
14	0.00972	0.00694	0.00929	0.01095	0.01156	0.00651	0.00753	0.01133	0.01542	0.02062	0.07737	0.64726	0.05208	0.02365	0.00990	0.00314	0.00461	0.05845	0.00727	0.00641
15	0.01555	0.04011	0.68733	0.02210	0.03356	0.01801	0.02865	0.02455	0.01637	0.02455	0.01391	0.01637	0.00982	0.00737	0.00737	0.00246	0.01146	0.00573	0.00327	0.01146
16	0.01555	0.04011	0.68733	0.02210	0.03356	0.01801	0.02865	0.02455	0.01637	0.02455	0.01391	0.01637	0.00982	0.00737	0.00737	0.00246	0.01146	0.00573	0.00327	0.01146
17	0.01230	0.00880	0.01222	0.01370	0.01549	0.00872	0.01183	0.01588	0.01837	0.02421	0.12208	0.08369	0.04827	0.02071	0.01051	0.00343	0.00669	0.54862	0.00732	0.00716
18	0.00945	0.00675	0.00900	0.01080	0.01125	0.00630	0.00720	0.01080	0.01484	0.01979	0.04274	0.72245	0.05128	0.02429	0.00990	0.00315	0.00450	0.02204	0.00720	0.00630
19	0.01608	0.01378	0.01608	0.01148	0.01837	0.01034	0.00919	0.01952	0.01608	0.02527	0.01378	0.01608	0.01148	0.00574	0.00574	0.00115	0.00574	0.00459	0.00459	0.77491
20	0.01755	0.05484	0.03355	0.02585	0.05407	0.02161	0.27956	0.02140	0.01506	0.02150	0.01373	0.04153	0.01225	0.01039	0.01644	0.00293	0.33641	0.00813	0.00375	0.00945
21	0.01445	0.00723	0.00723	0.00723	0.00903	0.00723	0.00542	0.01807	0.01626	0.02891	0.02529	0.02891	0.01987	0.00903	0.00542	0.00181	0.00361	0.00723	0.77055	0.00723
22	0.01714	0.02070	0.10114	0.02749	0.06721	0.01978	0.32868	0.02209	0.01598	0.02272	0.01548	0.06194	0.01354	0.00978	0.01371	0.00284	0.21729	0.00877	0.00390	0.00983
23	0.00998	0.00789	0.00898	0.00871	0.01097	0.00689	0.00653	0.01270	0.01959	0.02549	0.34591	0.06713	0.40579	0.01794	0.00916	0.00254	0.00381	0.01531	0.00780	0.00689
24	0.01666	0.01327	0.01451	0.03264	0.01779	0.01425	0.01046	0.05219	0.34298	0.06204	0.06798	0.04558	0.22536	0.01377	0.00842	0.00263	0.00564	0.03609	0.00763	0.01011
25	0.33128	0.01369	0.01505	0.01219	0.01754	0.01361	0.01003	0.03085	0.01860	0.39858	0.04968	0.02222	0.01716	0.00890	0.00666	0.00240	0.00624	0.00663	0.00764	0.01104
26	0.02121	0.15535	0.04068	0.01331	0.01791	0.05706	0.01127	0.04507	0.11417	0.17592	0.16238	0.03302	0.06232	0.04594	0.00910	0.00253	0.00681	0.00888	0.00695	0.01013
27	0.43753	0.07590	0.23449	0.01482	0.02188	0.05458	0.01570	0.02383	0.01488	0.02942	0.01187	0.01389	0.00906	0.00725	0.00576	0.00234	0.00837	0.00474	0.00415	0.00954
28	0.01279	0.01028	0.01322	0.01288	0.01454	0.04394	0.00993	0.04332	0.01395	0.01929	0.02042	0.03011	0.01907	0.08625	0.59976	0.01125	0.01924	0.00823	0.00433	0.00720
29	0.04788	0.31817	0.13369	0.01790	0.02461	0.16806	0.06651	0.06445	0.05042	0.02302	0.01341	0.01524	0.01090	0.00740	0.00641	0.00204	0.01020	0.00537	0.00405	0.01028
30	0.01464	0.01614	0.07603	0.02043	0.02401	0.01541	0.21746	0.01823	0.01484	0.02080	0.02133	0.16451	0.02188	0.11121	0.06148	0.00417	0.15340	0.01121	0.00454	0.00830
31	0.32721	0.08086	0.04743	0.03832	0.02148	0.08412	0.01292	0.24360	0.02256	0.03590	0.01387	0.01524	0.01047	0.00799	0.00626	0.00228	0.00819	0.00539	0.00552	0.01039
32	0.01073	0.00781	0.01006	0.01129	0.01237	0.00738	0.00796	0.03816	0.01611	0.02149	0.04183	0.59807	0.06831	0.02268	0.00971	0.00307	0.00490	0.06917	0.00713	0.03175
33	0.05843	0.01560	0.02248	0.19223	0.07049	0.01660	0.09829	0.14494	0.05191	0.02827	0.02471	0.05467	0.09069	0.03518	0.00901	0.00262	0.00846	0.00884	0.00537	0.06121
34	0.04019	0.01664	0.05453	0.02083	0.02632	0.01520	0.26113	0.04676	0.03549	0.04876	0.02359	0.12344	0.05462	0.01296	0.04294	0.00298	0.04559	0.01017	0.00512	0.11277
35	0.05264	0.04510	0.15177	0.01756	0.04830	0.01591	0.05004	0.08210	0.07338	0.14457	0.05478	0.04254	0.01850	0.03519	0.00915	0.00248	0.03101	0.00756	0.00592	0.11150
36	0.13038	0.19914	0.20285	0.04597	0.02536	0.02122	0.06082	0.05061	0.07464	0.02522	0.01438	0.01695	0.01139	0.00875	0.00861	0.04021	0.04346	0.00583	0.00417	0.01005
37	0.14324	0.08115	0.10870	0.06753	0.07228	0.03884	0.01456	0.04770	0.08877	0.05418	0.08731	0.05676	0.02075	0.00938	0.00703	0.00229	0.00754	0.00753	0.00541	0.07905
38	0.05426	0.03024	0.38681	0.02067	0.02943	0.05414	0.10585	0.02477	0.05665	0.02577	0.05905	0.02017	0.01524	0.00790	0.00747	0.00234	0.01020	0.00671	0.00422	0.07813
39	0.08899	0.06983	0.20666	0.05880	0.09812	0.01850	0.05672	0.05764	0.14873	0.02810	0.01839	0.02033	0.01396	0.00810	0.00709	0.00237	0.00863	0.00669	0.07152	0.01083
40	0.08087	0.11258	0.21994	0.01768	0.04520	0.01811	0.04073	0.07017	0.09092	0.08420	0.04099	0.02245	0.01626	0.00862	0.00705	0.00230	0.00835	0.02552	0.04283	0.04523
41	0.01765	0.02092	0.19652	0.06718	0.06922	0.01548	0.01706	0.04835	0.12901	0.08094	0.11284	0.02804	0.04916	0.00993	0.00844	0.00240	0.03528	0.00815	0.00580	0.07763

[dist]
# distance from previous block
# <min> <max>
0	29

# created by:
# /st0/software/busco_prod/Augustus/scripts/msa2prfl.pl ./align_prep/97601.fa
