[name]
unknown

[dist]
# distance from previous block
# <min> <max>
0	49

[block]
# block no. 0 follows, 24 sequences, length 60
# corresponding to MSA columns:
# 49-108
name=unknown_A
#
# <colnr> <probs for GDERKNQSTAVLIFYWHMCP>
#	G	D	E	R	K	N	Q	S	T	A	V	L	I	F	Y	W	H	M	C	P
0	0.05461	0.01922	0.09768	0.01630	0.02260	0.01693	0.01461	0.16936	0.14415	0.28986	0.02649	0.02669	0.01873	0.01009	0.00795	0.00254	0.00769	0.03382	0.00802	0.01266
1	0.01971	0.02298	0.12843	0.03540	0.29309	0.04065	0.21089	0.02604	0.03919	0.05364	0.01631	0.02009	0.01261	0.00725	0.00818	0.00243	0.01076	0.00753	0.00429	0.04054
2	0.01963	0.01884	0.03219	0.04867	0.67185	0.01884	0.02434	0.02434	0.01806	0.02591	0.01492	0.01963	0.01256	0.00707	0.00785	0.00236	0.00942	0.00707	0.00393	0.01256
3	0.01117	0.00915	0.01468	0.01533	0.04344	0.00860	0.08406	0.01333	0.01573	0.02110	0.03916	0.60320	0.04590	0.02191	0.00993	0.00312	0.00586	0.02030	0.00681	0.00721
4	0.01077	0.00779	0.01027	0.01098	0.01233	0.00729	0.00815	0.01352	0.01886	0.02576	0.31265	0.31750	0.08585	0.02052	0.00988	0.00295	0.00460	0.10536	0.00794	0.00702
5	0.00968	0.00792	0.00855	0.00865	0.01097	0.00679	0.00639	0.01189	0.01843	0.02287	0.16523	0.14212	0.51297	0.02001	0.00945	0.00271	0.00404	0.01699	0.00757	0.00679
6	0.00957	0.00804	0.00830	0.00824	0.01083	0.00678	0.00618	0.01176	0.01854	0.02252	0.14235	0.07451	0.60593	0.01967	0.00937	0.00266	0.00399	0.01648	0.00751	0.00678
7	0.02120	0.72609	0.04155	0.01357	0.02035	0.03138	0.01357	0.02374	0.01611	0.01866	0.01102	0.01272	0.01018	0.00678	0.00509	0.00170	0.00848	0.00424	0.00339	0.01018
8	0.02059	0.01684	0.01796	0.01603	0.02060	0.01929	0.01250	0.04195	0.62304	0.06817	0.03222	0.02944	0.02396	0.01071	0.00806	0.00268	0.00630	0.00891	0.00816	0.01260
9	0.02120	0.72609	0.04155	0.01357	0.02035	0.03138	0.01357	0.02374	0.01611	0.01866	0.01102	0.01272	0.01018	0.00678	0.00509	0.00170	0.00848	0.00424	0.00339	0.01018
10	0.01685	0.00885	0.00917	0.00855	0.01093	0.00898	0.00657	0.07121	0.01857	0.05609	0.02551	0.02859	0.01973	0.00928	0.00583	0.00192	0.00423	0.00739	0.67360	0.00813
11	0.77733	0.01534	0.01166	0.01043	0.01534	0.01779	0.00859	0.02331	0.01350	0.03558	0.01104	0.01288	0.00859	0.00736	0.00491	0.00245	0.00613	0.00429	0.00491	0.00859
12	0.00947	0.00804	0.00817	0.00814	0.01077	0.00674	0.00610	0.01157	0.01831	0.02197	0.11160	0.07541	0.63702	0.01988	0.00937	0.00267	0.00400	0.01661	0.00744	0.00674
13	0.02120	0.72609	0.04155	0.01357	0.02035	0.03138	0.01357	0.02374	0.01611	0.01866	0.01102	0.01272	0.01018	0.00678	0.00509	0.00170	0.00848	0.00424	0.00339	0.01018
14	0.02120	0.72609	0.04155	0.01357	0.02035	0.03138	0.01357	0.02374	0.01611	0.01866	0.01102	0.01272	0.01018	0.00678	0.00509	0.00170	0.00848	0.00424	0.00339	0.01018
15	0.03558	0.01350	0.01840	0.01411	0.02024	0.01166	0.01166	0.03865	0.02270	0.67734	0.03128	0.02699	0.01963	0.00981	0.00797	0.00245	0.00675	0.00797	0.00981	0.01350
16	0.01787	0.02003	0.04327	0.03132	0.03864	0.01878	0.58344	0.02405	0.01839	0.02492	0.01864	0.08653	0.01582	0.00839	0.00943	0.00273	0.01255	0.01059	0.00432	0.01030
17	0.03558	0.01350	0.01840	0.01411	0.02024	0.01166	0.01166	0.03865	0.02270	0.67734	0.03128	0.02699	0.01963	0.00981	0.00797	0.00245	0.00675	0.00797	0.00981	0.01350
18	0.00948	0.00799	0.00822	0.00827	0.01081	0.00672	0.00616	0.01155	0.01817	0.02191	0.10956	0.10416	0.60974	0.02009	0.00940	0.00269	0.00403	0.01687	0.00744	0.00672
19	0.01202	0.00871	0.01183	0.01349	0.01520	0.00852	0.01138	0.01520	0.01781	0.02302	0.04582	0.17648	0.10501	0.02215	0.01069	0.00350	0.00661	0.47812	0.00732	0.00712
20	0.01199	0.00859	0.01180	0.01313	0.01476	0.00839	0.01089	0.01532	0.01864	0.02484	0.16867	0.17780	0.05256	0.02120	0.01050	0.00335	0.00618	0.40659	0.00760	0.00721
21	0.03558	0.01350	0.01840	0.01411	0.02024	0.01166	0.01166	0.03865	0.02270	0.67734	0.03128	0.02699	0.01963	0.00981	0.00797	0.00245	0.00675	0.00797	0.00981	0.01350
22	0.00966	0.00690	0.00920	0.01104	0.01150	0.00644	0.00736	0.01104	0.01518	0.02024	0.04371	0.71614	0.05245	0.02484	0.01012	0.00322	0.00460	0.02254	0.00736	0.00644
23	0.03428	0.01321	0.01799	0.01389	0.01980	0.01143	0.01143	0.03738	0.02268	0.64298	0.06516	0.02871	0.02257	0.01016	0.00805	0.00246	0.00659	0.00831	0.00976	0.01318
24	0.03390	0.01439	0.02010	0.01536	0.02155	0.01291	0.04501	0.06253	0.04594	0.59459	0.03003	0.02647	0.01915	0.00967	0.00805	0.00247	0.00716	0.00805	0.00937	0.01331
25	0.01693	0.01442	0.01705	0.04119	0.02054	0.01143	0.01016	0.04518	0.01726	0.02658	0.01429	0.01675	0.01177	0.00611	0.00604	0.00129	0.00619	0.00490	0.00478	0.70715
26	0.15108	0.08872	0.05151	0.01846	0.02320	0.28517	0.04687	0.07322	0.01976	0.06055	0.01352	0.01583	0.01081	0.00874	0.00926	0.00236	0.10078	0.00569	0.00464	0.00985
27	0.01072	0.00787	0.01005	0.00996	0.01165	0.00720	0.00730	0.01382	0.02057	0.02844	0.48305	0.18673	0.13659	0.01829	0.00950	0.00265	0.00394	0.01618	0.00832	0.00720
28	0.01712	0.02299	0.17791	0.21840	0.15964	0.01910	0.17194	0.02325	0.01688	0.02354	0.01447	0.01965	0.01116	0.00782	0.00950	0.00263	0.06241	0.00733	0.00367	0.01060
29	0.01032	0.00793	0.00944	0.00936	0.01137	0.00705	0.00690	0.01310	0.01986	0.02637	0.36397	0.14669	0.30147	0.01877	0.00945	0.00265	0.00395	0.01628	0.00803	0.00705
30	0.00973	0.00696	0.00926	0.01099	0.01152	0.00649	0.00737	0.01122	0.01551	0.02077	0.07205	0.68629	0.05346	0.02445	0.01009	0.00319	0.00456	0.02217	0.00742	0.00649
31	0.60172	0.01490	0.01325	0.01130	0.01650	0.01634	0.00931	0.02694	0.01567	0.18751	0.01583	0.01622	0.01120	0.00794	0.00563	0.00245	0.00628	0.00517	0.00607	0.00975
32	0.01155	0.00834	0.00948	0.00904	0.01151	0.00728	0.00675	0.01408	0.01943	0.06106	0.26741	0.06671	0.40489	0.05420	0.01088	0.00286	0.00427	0.01520	0.00782	0.00723
33	0.01972	0.01703	0.01793	0.01614	0.02062	0.01972	0.01255	0.04214	0.65752	0.03317	0.03228	0.02959	0.02421	0.01076	0.00807	0.00269	0.00628	0.00897	0.00807	0.01255
34	0.01478	0.00739	0.00739	0.00739	0.00924	0.00739	0.00554	0.01848	0.01663	0.02956	0.02587	0.02956	0.02033	0.00924	0.00554	0.00185	0.00370	0.00739	0.76534	0.00739
35	0.01295	0.00776	0.00905	0.00872	0.01058	0.00744	0.00654	0.01667	0.01963	0.03072	0.35670	0.04486	0.04842	0.01283	0.00751	0.00218	0.00372	0.01097	0.37533	0.00744
36	0.01153	0.00769	0.00865	0.00865	0.00865	0.00769	0.00480	0.01153	0.01153	0.01538	0.02499	0.05189	0.02883	0.72131	0.04036	0.00769	0.00769	0.01153	0.00480	0.00480
37	0.77733	0.01534	0.01166	0.01043	0.01534	0.01779	0.00859	0.02331	0.01350	0.03558	0.01104	0.01288	0.00859	0.00736	0.00491	0.00245	0.00613	0.00429	0.00491	0.00859
38	0.02962	0.03779	0.02247	0.02043	0.02451	0.68948	0.01532	0.03166	0.02247	0.01941	0.01226	0.01430	0.01021	0.00817	0.00715	0.00204	0.01430	0.00511	0.00409	0.00919
39	0.02455	0.01596	0.01807	0.01552	0.02051	0.01727	0.01228	0.04108	0.46441	0.22913	0.03197	0.02880	0.02281	0.01047	0.00804	0.00262	0.00642	0.00866	0.00860	0.01284
40	0.08165	0.19236	0.02480	0.01482	0.02095	0.05308	0.01270	0.15631	0.04758	0.24906	0.02053	0.01976	0.01455	0.00858	0.00689	0.00217	0.00784	0.00634	0.00687	0.05316
41	0.01355	0.00859	0.01131	0.01042	0.01266	0.00785	0.00789	0.01714	0.02219	0.09471	0.58109	0.08146	0.06854	0.01592	0.00925	0.00252	0.00407	0.01403	0.00878	0.00803
42	0.01963	0.31579	0.35930	0.01847	0.02755	0.05775	0.02145	0.02551	0.01705	0.05151	0.01360	0.01546	0.01054	0.00737	0.00655	0.00216	0.01032	0.00526	0.00369	0.01105
43	0.02795	0.07414	0.02371	0.02008	0.02392	0.58762	0.01542	0.02999	0.02111	0.01933	0.01201	0.01451	0.01023	0.00865	0.00888	0.00216	0.08184	0.00524	0.00399	0.00920
44	0.01122	0.00811	0.01060	0.00998	0.01185	0.00748	0.00748	0.01496	0.02245	0.03180	0.66766	0.05923	0.07482	0.01621	0.00935	0.00249	0.00374	0.01434	0.00873	0.00748
45	0.01478	0.00739	0.00739	0.00739	0.00924	0.00739	0.00554	0.01848	0.01663	0.02956	0.02587	0.02956	0.02033	0.00924	0.00554	0.00185	0.00370	0.00739	0.76534	0.00739
46	0.01786	0.01970	0.04168	0.13270	0.04219	0.01915	0.51910	0.02419	0.01827	0.02455	0.01702	0.02469	0.01346	0.00762	0.00922	0.00272	0.01265	0.03888	0.00410	0.01025
47	0.02962	0.03779	0.02247	0.02043	0.02451	0.68948	0.01532	0.03166	0.02247	0.01941	0.01226	0.01430	0.01021	0.00817	0.00715	0.00204	0.01430	0.00511	0.00409	0.00919
48	0.01195	0.00896	0.01118	0.01047	0.01264	0.00862	0.00790	0.01741	0.08356	0.03140	0.57618	0.05725	0.10038	0.01588	0.00923	0.00252	0.00400	0.01394	0.00860	0.00793
49	0.01004	0.00717	0.00961	0.01132	0.01198	0.00675	0.00788	0.01175	0.01585	0.02118	0.07634	0.62285	0.05299	0.02411	0.01016	0.00322	0.00481	0.07799	0.00743	0.00658
50	0.01589	0.01395	0.02364	0.56366	0.07561	0.01661	0.04404	0.02057	0.01606	0.04684	0.01602	0.04810	0.01283	0.00945	0.00910	0.03693	0.01008	0.00776	0.00396	0.00890
51	0.01122	0.00811	0.01060	0.00998	0.01185	0.00748	0.00748	0.01496	0.02245	0.03180	0.66766	0.05923	0.07482	0.01621	0.00935	0.00249	0.00374	0.01434	0.00873	0.00748
52	0.00966	0.00690	0.00920	0.01104	0.01150	0.00644	0.00736	0.01104	0.01518	0.02024	0.04371	0.71614	0.05245	0.02484	0.01012	0.00322	0.00460	0.02254	0.00736	0.00644
53	0.02939	0.02058	0.02244	0.01752	0.02360	0.02254	0.01437	0.50049	0.11602	0.11684	0.02210	0.02128	0.01555	0.00971	0.00795	0.00243	0.00819	0.00747	0.00816	0.01337
54	0.01122	0.00811	0.01060	0.00998	0.01185	0.00748	0.00748	0.01496	0.02245	0.03180	0.66766	0.05923	0.07482	0.01621	0.00935	0.00249	0.00374	0.01434	0.00873	0.00748
55	0.05727	0.00783	0.00763	0.00756	0.00958	0.00797	0.00571	0.01875	0.01646	0.02990	0.02504	0.02863	0.01967	0.00913	0.00551	0.00188	0.00383	0.00722	0.72296	0.00746
56	0.09683	0.16454	0.29796	0.02284	0.03179	0.02134	0.20794	0.02475	0.01687	0.02504	0.01382	0.01696	0.01051	0.00712	0.00734	0.00240	0.01101	0.00643	0.00372	0.01079
57	0.01574	0.01560	0.02852	0.56468	0.05191	0.01812	0.14977	0.02132	0.01644	0.02132	0.01450	0.02119	0.01087	0.00767	0.00822	0.00265	0.01115	0.00752	0.00362	0.00920
58	0.04448	0.02564	0.19296	0.02200	0.05695	0.07678	0.11029	0.03298	0.29427	0.02853	0.02205	0.02277	0.01654	0.00883	0.00793	0.00256	0.00954	0.00765	0.00563	0.01165
59	0.26640	0.02728	0.24884	0.02302	0.03120	0.01971	0.20682	0.02586	0.01759	0.03050	0.01601	0.02006	0.01241	0.00876	0.00818	0.00296	0.01096	0.00714	0.00488	0.01144

[dist]
# distance from previous block
# <min> <max>
0	1

[block]
# block no. 1 follows, 24 sequences, length 15
# corresponding to MSA columns:
# 110-124
name=unknown_B
#
# <colnr> <probs for GDERKNQSTAVLIFYWHMCP>
#	G	D	E	R	K	N	Q	S	T	A	V	L	I	F	Y	W	H	M	C	P
0	0.00966	0.00804	0.00844	0.00834	0.01089	0.00682	0.00626	0.01195	0.01877	0.02306	0.17316	0.07362	0.57478	0.01947	0.00937	0.00265	0.00397	0.01636	0.00758	0.00682
1	0.01767	0.01406	0.01657	0.01190	0.01889	0.01064	0.00954	0.02117	0.01685	0.06774	0.01520	0.01712	0.01225	0.00613	0.00601	0.00126	0.00593	0.00491	0.00503	0.72115
2	0.01122	0.00811	0.01060	0.00998	0.01185	0.00748	0.00748	0.01496	0.02245	0.03180	0.66766	0.05923	0.07482	0.01621	0.00935	0.00249	0.00374	0.01434	0.00873	0.00748
3	0.01153	0.00769	0.00865	0.00865	0.00865	0.00769	0.00480	0.01153	0.01153	0.01538	0.02499	0.05189	0.02883	0.72131	0.04036	0.00769	0.00769	0.01153	0.00480	0.00480
4	0.01663	0.01602	0.02920	0.36770	0.14965	0.01746	0.17065	0.02201	0.01698	0.02330	0.01580	0.02174	0.01216	0.00761	0.00804	0.00253	0.01041	0.00764	0.07472	0.00975
5	0.77733	0.01534	0.01166	0.01043	0.01534	0.01779	0.00859	0.02331	0.01350	0.03558	0.01104	0.01288	0.00859	0.00736	0.00491	0.00245	0.00613	0.00429	0.00491	0.00859
6	0.02918	0.01655	0.01914	0.01508	0.02051	0.01701	0.01230	0.32267	0.02850	0.26747	0.02534	0.05464	0.01828	0.01028	0.00774	0.00238	0.00720	0.00816	0.10515	0.01239
7	0.18433	0.01412	0.01698	0.01366	0.01925	0.01355	0.01133	0.07261	0.02144	0.46089	0.02715	0.02802	0.01883	0.01015	0.00756	0.00253	0.00679	0.05024	0.00852	0.01206
8	0.42663	0.01653	0.01548	0.01286	0.01795	0.01843	0.01054	0.21365	0.02198	0.07411	0.05778	0.01924	0.01548	0.00881	0.00631	0.00241	0.00670	0.00615	0.03874	0.01023
9	0.01779	0.01440	0.01635	0.01223	0.01853	0.01221	0.00977	0.07969	0.06362	0.02897	0.01699	0.01890	0.01363	0.00689	0.00619	0.00146	0.00595	0.00549	0.07975	0.57119
10	0.00966	0.00690	0.00920	0.01104	0.01150	0.00644	0.00736	0.01104	0.01518	0.02024	0.04371	0.71614	0.05245	0.02484	0.01012	0.00322	0.00460	0.02254	0.00736	0.00644
11	0.01083	0.00798	0.01013	0.00982	0.01166	0.00728	0.00728	0.01413	0.02120	0.02936	0.53232	0.12228	0.15120	0.01752	0.00943	0.00259	0.00386	0.01542	0.00842	0.00728
12	0.56295	0.01647	0.04166	0.05872	0.06105	0.01752	0.01169	0.02516	0.04314	0.07871	0.01398	0.01574	0.01050	0.00771	0.00575	0.00247	0.00691	0.00518	0.00518	0.00950
13	0.05597	0.04102	0.07905	0.01411	0.01994	0.01428	0.01243	0.05450	0.13059	0.22055	0.10341	0.02935	0.05148	0.01012	0.00761	0.00228	0.00663	0.00824	0.00735	0.13109
14	0.09228	0.04061	0.05656	0.06024	0.02399	0.03761	0.07150	0.12086	0.08508	0.05529	0.05969	0.04193	0.01889	0.04107	0.00886	0.00247	0.00799	0.00764	0.00582	0.16162

[dist]
# distance from previous block
# <min> <max>
0	2

[block]
# block no. 2 follows, 24 sequences, length 18
# corresponding to MSA columns:
# 127-144
name=unknown_C
#
# <colnr> <probs for GDERKNQSTAVLIFYWHMCP>
#	G	D	E	R	K	N	Q	S	T	A	V	L	I	F	Y	W	H	M	C	P
0	0.02393	0.08122	0.07077	0.02275	0.12302	0.30265	0.01644	0.08987	0.06552	0.02526	0.01736	0.06236	0.01499	0.00928	0.00739	0.00224	0.01074	0.00708	0.03676	0.01038
1	0.04584	0.01281	0.01477	0.01243	0.01689	0.01187	0.00960	0.08817	0.07428	0.06924	0.07132	0.18538	0.02779	0.01231	0.00760	0.00217	0.00573	0.01050	0.04255	0.27874
2	0.01653	0.01066	0.01240	0.01090	0.01356	0.01007	0.00774	0.08288	0.01757	0.09525	0.05181	0.11574	0.07488	0.29515	0.02089	0.00444	0.00657	0.01132	0.03249	0.10915
3	0.02127	0.01894	0.04202	0.02205	0.13908	0.07009	0.05500	0.20691	0.06932	0.03221	0.02530	0.02851	0.07692	0.06064	0.01013	0.00274	0.00843	0.00844	0.09126	0.01074
4	0.02115	0.64112	0.03824	0.01334	0.01974	0.02932	0.01305	0.05225	0.01713	0.02090	0.01248	0.01424	0.01107	0.00709	0.00525	0.00174	0.00814	0.00460	0.05901	0.01013
5	0.01728	0.01712	0.02373	0.02017	0.02067	0.02331	0.01678	0.01915	0.01245	0.01957	0.01067	0.01728	0.01050	0.01331	0.02458	0.00331	0.65671	0.00678	0.00356	0.06307
6	0.01153	0.00769	0.00865	0.00865	0.00865	0.00769	0.00480	0.01153	0.01153	0.01538	0.02499	0.05189	0.02883	0.72131	0.04036	0.00769	0.00769	0.01153	0.00480	0.00480
7	0.77733	0.01534	0.01166	0.01043	0.01534	0.01779	0.00859	0.02331	0.01350	0.03558	0.01104	0.01288	0.00859	0.00736	0.00491	0.00245	0.00613	0.00429	0.00491	0.00859
8	0.21342	0.01651	0.01633	0.01455	0.01913	0.01900	0.01147	0.06484	0.43972	0.03453	0.05018	0.02594	0.02162	0.01004	0.00730	0.00261	0.00626	0.00789	0.00728	0.01139
9	0.02120	0.72609	0.04155	0.01357	0.02035	0.03138	0.01357	0.02374	0.01611	0.01866	0.01102	0.01272	0.01018	0.00678	0.00509	0.00170	0.00848	0.00424	0.00339	0.01018
10	0.77733	0.01534	0.01166	0.01043	0.01534	0.01779	0.00859	0.02331	0.01350	0.03558	0.01104	0.01288	0.00859	0.00736	0.00491	0.00245	0.00613	0.00429	0.00491	0.00859
11	0.00966	0.00690	0.00920	0.01104	0.01150	0.00644	0.00736	0.01104	0.01518	0.02024	0.04371	0.71614	0.05245	0.02484	0.01012	0.00322	0.00460	0.02254	0.00736	0.00644
12	0.77733	0.01534	0.01166	0.01043	0.01534	0.01779	0.00859	0.02331	0.01350	0.03558	0.01104	0.01288	0.00859	0.00736	0.00491	0.00245	0.00613	0.00429	0.00491	0.00859
13	0.06970	0.68050	0.03964	0.01337	0.02003	0.03051	0.01325	0.02372	0.01594	0.01974	0.01103	0.01273	0.01007	0.00682	0.00508	0.00174	0.00833	0.00424	0.00349	0.01007
14	0.01110	0.00810	0.01043	0.00985	0.01177	0.00743	0.00739	0.01473	0.02216	0.03113	0.62967	0.06034	0.11323	0.01646	0.00935	0.00251	0.00376	0.01450	0.00864	0.00743
15	0.01045	0.00792	0.00967	0.01046	0.01200	0.00709	0.00741	0.01221	0.01595	0.02085	0.04902	0.41599	0.19736	0.07121	0.01182	0.00329	0.00497	0.06338	0.00698	0.06196
16	0.01796	0.08435	0.41898	0.02624	0.14278	0.05081	0.04595	0.02649	0.06602	0.02514	0.01546	0.01797	0.01164	0.00764	0.00750	0.00242	0.01085	0.00627	0.00387	0.01166
17	0.02119	0.45084	0.10553	0.01560	0.02182	0.09381	0.01529	0.02444	0.01696	0.05054	0.03462	0.01653	0.01313	0.00991	0.03310	0.00242	0.05484	0.00535	0.00397	0.01010

[dist]
# distance from previous block
# <min> <max>
2	4

[block]
# block no. 3 follows, 24 sequences, length 132
# corresponding to MSA columns:
# 149-280
name=unknown_D
#
# <colnr> <probs for GDERKNQSTAVLIFYWHMCP>
#	G	D	E	R	K	N	Q	S	T	A	V	L	I	F	Y	W	H	M	C	P
0	0.04645	0.01594	0.06141	0.09281	0.05845	0.01467	0.17882	0.02231	0.04385	0.09528	0.03086	0.14813	0.10651	0.01256	0.00937	0.00274	0.03286	0.01160	0.00575	0.00962
1	0.01351	0.00689	0.01026	0.01038	0.01041	0.00686	0.00692	0.01038	0.01064	0.01419	0.01571	0.06890	0.01628	0.02737	0.02964	0.71969	0.00674	0.00790	0.00370	0.00364
2	0.01889	0.02604	0.24151	0.06745	0.39554	0.01902	0.02524	0.06461	0.01878	0.02696	0.01492	0.01872	0.01172	0.00741	0.00776	0.00242	0.01017	0.00668	0.00398	0.01218
3	0.08583	0.08217	0.27809	0.02259	0.09963	0.01935	0.05583	0.05326	0.07301	0.10199	0.01744	0.01908	0.01280	0.00823	0.00810	0.00247	0.03710	0.00653	0.00493	0.01159
4	0.01910	0.01963	0.03742	0.06802	0.40833	0.01926	0.25957	0.02458	0.01822	0.02550	0.01531	0.02036	0.01228	0.00695	0.00843	0.00249	0.01097	0.00794	0.00394	0.01171
5	0.01021	0.00832	0.00908	0.00902	0.01142	0.00737	0.00671	0.01336	0.04451	0.02402	0.20105	0.12307	0.46531	0.01927	0.00938	0.00268	0.00410	0.01639	0.00768	0.00708
6	0.01849	0.02157	0.06772	0.06752	0.08265	0.01979	0.54957	0.02506	0.01846	0.02517	0.01581	0.02109	0.01192	0.00680	0.00912	0.00265	0.01291	0.00897	0.00396	0.01076
7	0.05179	0.01866	0.07585	0.21690	0.24855	0.01836	0.04630	0.02656	0.14080	0.02610	0.01784	0.02141	0.01384	0.00801	0.00775	0.00249	0.00920	0.00722	0.00465	0.03771
8	0.01590	0.04102	0.68023	0.02260	0.03432	0.01842	0.02930	0.02511	0.01674	0.02511	0.01423	0.01674	0.01005	0.00753	0.00753	0.00251	0.01172	0.00586	0.00335	0.01172
9	0.01853	0.01931	0.02411	0.02078	0.02117	0.08817	0.01715	0.02029	0.01314	0.01912	0.01059	0.01706	0.01039	0.01333	0.02421	0.00333	0.64030	0.00676	0.00353	0.00872
10	0.03558	0.01350	0.01840	0.01411	0.02024	0.01166	0.01166	0.03865	0.02270	0.67734	0.03128	0.02699	0.01963	0.00981	0.00797	0.00245	0.00675	0.00797	0.00981	0.01350
11	0.01114	0.00804	0.01053	0.01003	0.01183	0.00743	0.00748	0.01476	0.02207	0.03120	0.63552	0.09308	0.07367	0.01666	0.00939	0.00253	0.00379	0.01476	0.00866	0.00743
12	0.02766	0.06063	0.02352	0.01963	0.02381	0.44591	0.01532	0.13988	0.04817	0.02533	0.01399	0.01600	0.01136	0.00907	0.00928	0.00227	0.08751	0.00578	0.00483	0.01007
13	0.03536	0.01385	0.01862	0.01428	0.02042	0.01219	0.01180	0.06360	0.02330	0.65154	0.03078	0.02666	0.01938	0.00980	0.00797	0.00245	0.00683	0.00794	0.00974	0.01349
14	0.01178	0.00849	0.01158	0.01331	0.01483	0.00829	0.01099	0.01475	0.01745	0.02270	0.04460	0.25114	0.08256	0.02256	0.01065	0.00348	0.00642	0.43007	0.00732	0.00704
15	0.00965	0.00798	0.00846	0.00847	0.01091	0.00679	0.00630	0.01186	0.01852	0.02281	0.16049	0.11003	0.55073	0.01981	0.00941	0.00268	0.00401	0.01673	0.00755	0.00679
16	0.01513	0.01439	0.02471	0.67534	0.05409	0.01772	0.04702	0.02047	0.01597	0.02047	0.01417	0.02115	0.01063	0.00788	0.00799	0.00264	0.01068	0.00714	0.00354	0.00888
17	0.00978	0.00707	0.00929	0.01101	0.01167	0.00658	0.00752	0.01130	0.01551	0.02048	0.04600	0.64672	0.09203	0.02440	0.01011	0.00320	0.00468	0.04880	0.00736	0.00650
18	0.01309	0.00852	0.01120	0.01029	0.01249	0.00780	0.00780	0.01678	0.02247	0.08124	0.61892	0.05676	0.07060	0.01572	0.00925	0.00249	0.00397	0.01385	0.00881	0.00794
19	0.02978	0.02323	0.02208	0.01778	0.02347	0.14729	0.01432	0.37038	0.09843	0.14066	0.02109	0.02052	0.01498	0.00944	0.00781	0.00236	0.00920	0.00708	0.00752	0.01258
20	0.01678	0.11213	0.55842	0.02380	0.08576	0.01983	0.02721	0.02490	0.01678	0.02449	0.01395	0.01655	0.01027	0.00742	0.00730	0.00241	0.01118	0.00579	0.00340	0.01162
21	0.02358	0.02781	0.02241	0.01999	0.02232	0.38571	0.01567	0.02556	0.01782	0.01921	0.01225	0.01674	0.01102	0.01426	0.06658	0.00340	0.27688	0.00606	0.00387	0.00884
22	0.01774	0.02223	0.15344	0.02217	0.03043	0.01616	0.25048	0.04810	0.01819	0.02651	0.01505	0.01846	0.01160	0.00664	0.00757	0.00204	0.00990	0.00676	0.00432	0.31222
23	0.34009	0.02177	0.02032	0.02204	0.15431	0.19034	0.03692	0.02630	0.01754	0.06083	0.01431	0.01804	0.01166	0.00806	0.00660	0.00237	0.00924	0.02461	0.00478	0.00985
24	0.01864	0.02221	0.07831	0.03403	0.08911	0.01988	0.56428	0.02531	0.01856	0.02542	0.01586	0.02102	0.01197	0.00676	0.00915	0.00264	0.01298	0.00900	0.00397	0.01089
25	0.01122	0.00811	0.01060	0.00998	0.01185	0.00748	0.00748	0.01496	0.02245	0.03180	0.66766	0.05923	0.07482	0.01621	0.00935	0.00249	0.00374	0.01434	0.00873	0.00748
26	0.02962	0.02195	0.02350	0.01814	0.02439	0.02435	0.01495	0.61519	0.06835	0.04913	0.01970	0.01957	0.01402	0.00958	0.00794	0.00240	0.00860	0.00723	0.00794	0.01344
27	0.00966	0.00690	0.00920	0.01104	0.01150	0.00644	0.00736	0.01104	0.01518	0.02024	0.04371	0.71614	0.05245	0.02484	0.01012	0.00322	0.00460	0.02254	0.00736	0.00644
28	0.01102	0.00810	0.01032	0.00977	0.01172	0.00740	0.00732	0.01458	0.02197	0.03068	0.60427	0.06108	0.13892	0.01663	0.00935	0.00251	0.00377	0.01460	0.00858	0.00740
29	0.03558	0.01350	0.01840	0.01411	0.02024	0.01166	0.01166	0.03865	0.02270	0.67734	0.03128	0.02699	0.01963	0.00981	0.00797	0.00245	0.00675	0.00797	0.00981	0.01350
30	0.00966	0.00690	0.00920	0.01104	0.01150	0.00644	0.00736	0.01104	0.01518	0.02024	0.04371	0.71614	0.05245	0.02484	0.01012	0.00322	0.00460	0.02254	0.00736	0.00644
31	0.77733	0.01534	0.01166	0.01043	0.01534	0.01779	0.00859	0.02331	0.01350	0.03558	0.01104	0.01288	0.00859	0.00736	0.00491	0.00245	0.00613	0.00429	0.00491	0.00859
32	0.01644	0.01409	0.01644	0.01175	0.01879	0.01057	0.00940	0.01997	0.01644	0.02584	0.01409	0.01644	0.01175	0.00587	0.00587	0.00117	0.00587	0.00470	0.00470	0.76979
33	0.00966	0.00690	0.00920	0.01104	0.01150	0.00644	0.00736	0.01104	0.01518	0.02024	0.04371	0.71614	0.05245	0.02484	0.01012	0.00322	0.00460	0.02254	0.00736	0.00644
34	0.02011	0.01723	0.01815	0.01622	0.02077	0.01991	0.01265	0.06465	0.63437	0.03380	0.03178	0.02919	0.02381	0.01071	0.00806	0.00268	0.00637	0.00890	0.00806	0.01259
35	0.02962	0.03779	0.02247	0.02043	0.02451	0.68948	0.01532	0.03166	0.02247	0.01941	0.01226	0.01430	0.01021	0.00817	0.00715	0.00204	0.01430	0.00511	0.00409	0.00919
36	0.00966	0.00690	0.00920	0.01104	0.01150	0.00644	0.00736	0.01104	0.01518	0.02024	0.04371	0.71614	0.05245	0.02484	0.01012	0.00322	0.00460	0.02254	0.00736	0.00644
37	0.03558	0.01350	0.01840	0.01411	0.02024	0.01166	0.01166	0.03865	0.02270	0.67734	0.03128	0.02699	0.01963	0.00981	0.00797	0.00245	0.00675	0.00797	0.00981	0.01350
38	0.00978	0.00699	0.00934	0.01118	0.01170	0.00655	0.00757	0.01125	0.01530	0.02038	0.04364	0.69140	0.05218	0.02473	0.01015	0.00324	0.00471	0.04607	0.00736	0.00647
39	0.03558	0.01350	0.01840	0.01411	0.02024	0.01166	0.01166	0.03865	0.02270	0.67734	0.03128	0.02699	0.01963	0.00981	0.00797	0.00245	0.00675	0.00797	0.00981	0.01350
40	0.01212	0.00832	0.01057	0.00994	0.01209	0.00754	0.00748	0.01549	0.02156	0.06221	0.52796	0.08398	0.15732	0.01677	0.00931	0.00255	0.00396	0.01467	0.00854	0.00763
41	0.01517	0.01429	0.02413	0.67517	0.08019	0.01767	0.02212	0.02043	0.01595	0.02049	0.01413	0.02108	0.01065	0.00789	0.00792	0.00263	0.01052	0.00705	0.00354	0.00896
42	0.00986	0.00705	0.00943	0.01127	0.01182	0.00661	0.00771	0.01139	0.01538	0.02047	0.04359	0.67557	0.05201	0.02465	0.01018	0.00325	0.00478	0.06112	0.00736	0.00650
43	0.02089	0.68587	0.07905	0.01410	0.02117	0.03062	0.01449	0.02383	0.01615	0.01904	0.01121	0.01296	0.01017	0.00683	0.00523	0.00174	0.00867	0.00434	0.00339	0.01027
44	0.01642	0.01530	0.04610	0.01223	0.01949	0.01092	0.01029	0.02020	0.01646	0.02581	0.01410	0.01646	0.01167	0.00595	0.00595	0.00123	0.00613	0.00475	0.00464	0.73592
45	0.06400	0.04681	0.07718	0.06871	0.02407	0.01928	0.03715	0.21380	0.14746	0.03474	0.02086	0.02233	0.01569	0.00923	0.00788	0.00240	0.03100	0.00722	0.13913	0.01106
46	0.01107	0.00760	0.00868	0.00896	0.00925	0.00742	0.00529	0.01144	0.01262	0.01661	0.03235	0.15526	0.08449	0.55796	0.03322	0.00660	0.00692	0.01364	0.00540	0.00521
47	0.01768	0.01441	0.01801	0.01292	0.01996	0.01109	0.03980	0.02132	0.01692	0.06407	0.01520	0.01730	0.01222	0.00614	0.00616	0.00132	0.00628	0.00511	0.00497	0.68912
48	0.05619	0.01949	0.03743	0.03142	0.13478	0.03902	0.41620	0.02381	0.01850	0.02591	0.05930	0.06370	0.01832	0.00851	0.00887	0.00261	0.01128	0.00971	0.00455	0.01038
49	0.02100	0.02145	0.03085	0.04478	0.58272	0.11118	0.02310	0.02535	0.01866	0.02501	0.01455	0.01889	0.01224	0.00722	0.00775	0.00231	0.01009	0.00680	0.00395	0.01210
50	0.00966	0.00690	0.00920	0.01104	0.01150	0.00644	0.00736	0.01104	0.01518	0.02024	0.04371	0.71614	0.05245	0.02484	0.01012	0.00322	0.00460	0.02254	0.00736	0.00644
51	0.05032	0.01786	0.02985	0.16232	0.53572	0.01858	0.02327	0.02358	0.01748	0.02531	0.01461	0.01961	0.01204	0.00723	0.00774	0.00241	0.00949	0.00695	0.00390	0.01173
52	0.02154	0.43553	0.15587	0.01799	0.05603	0.09627	0.01725	0.02537	0.01715	0.04974	0.01283	0.01477	0.01071	0.00746	0.00674	0.00201	0.03337	0.00503	0.00377	0.01058
53	0.00966	0.00690	0.00920	0.01104	0.01150	0.00644	0.00736	0.01104	0.01518	0.02024	0.04371	0.71614	0.05245	0.02484	0.01012	0.00322	0.00460	0.02254	0.00736	0.00644
54	0.01155	0.00856	0.01159	0.01145	0.01239	0.00958	0.00829	0.01333	0.01256	0.01755	0.02490	0.03980	0.05350	0.28062	0.40998	0.01017	0.04340	0.00986	0.00455	0.00635
55	0.00963	0.00804	0.00839	0.00830	0.01087	0.00680	0.00623	0.01188	0.01868	0.02286	0.16195	0.07394	0.58611	0.01954	0.00937	0.00265	0.00398	0.01640	0.00755	0.00680
56	0.01278	0.00913	0.01278	0.01460	0.01643	0.00913	0.01278	0.01643	0.01825	0.02373	0.04199	0.08945	0.04564	0.02191	0.01095	0.00365	0.00730	0.61847	0.00730	0.00730
57	0.77733	0.01534	0.01166	0.01043	0.01534	0.01779	0.00859	0.02331	0.01350	0.03558	0.01104	0.01288	0.00859	0.00736	0.00491	0.00245	0.00613	0.00429	0.00491	0.00859
58	0.77733	0.01534	0.01166	0.01043	0.01534	0.01779	0.00859	0.02331	0.01350	0.03558	0.01104	0.01288	0.00859	0.00736	0.00491	0.00245	0.00613	0.00429	0.00491	0.00859
59	0.02962	0.03779	0.02247	0.02043	0.02451	0.68948	0.01532	0.03166	0.02247	0.01941	0.01226	0.01430	0.01021	0.00817	0.00715	0.00204	0.01430	0.00511	0.00409	0.00919
60	0.01299	0.00947	0.01346	0.01576	0.04212	0.00944	0.01302	0.01668	0.01842	0.02414	0.06626	0.08547	0.04551	0.02109	0.01077	0.00355	0.00724	0.56987	0.00723	0.00752
61	0.01590	0.04102	0.68023	0.02260	0.03432	0.01842	0.02930	0.02511	0.01674	0.02511	0.01423	0.01674	0.01005	0.00753	0.00753	0.00251	0.01172	0.00586	0.00335	0.01172
62	0.77733	0.01534	0.01166	0.01043	0.01534	0.01779	0.00859	0.02331	0.01350	0.03558	0.01104	0.01288	0.00859	0.00736	0.00491	0.00245	0.00613	0.00429	0.00491	0.00859
63	0.01887	0.01804	0.03041	0.04568	0.62313	0.01795	0.02299	0.02338	0.01806	0.02558	0.01974	0.02380	0.06090	0.00802	0.00796	0.00238	0.00902	0.00778	0.00418	0.01213
64	0.77733	0.01534	0.01166	0.01043	0.01534	0.01779	0.00859	0.02331	0.01350	0.03558	0.01104	0.01288	0.00859	0.00736	0.00491	0.00245	0.00613	0.00429	0.00491	0.00859
65	0.02962	0.03779	0.02247	0.02043	0.02451	0.68948	0.01532	0.03166	0.02247	0.01941	0.01226	0.01430	0.01021	0.00817	0.00715	0.00204	0.01430	0.00511	0.00409	0.00919
66	0.01192	0.00914	0.01296	0.08788	0.04424	0.00908	0.01023	0.01557	0.02025	0.02811	0.43401	0.13929	0.05976	0.01653	0.00938	0.00270	0.00515	0.06846	0.00766	0.00769
67	0.02086	0.01742	0.01852	0.01636	0.02099	0.01995	0.01290	0.12334	0.54667	0.03508	0.03087	0.03061	0.02363	0.01105	0.00817	0.00269	0.00665	0.03378	0.00802	0.01246
68	0.01322	0.00929	0.01171	0.01104	0.01378	0.00796	0.00807	0.01574	0.01765	0.06660	0.17203	0.34099	0.07333	0.01745	0.00881	0.00252	0.00482	0.01548	0.00720	0.18231
69	0.01706	0.00959	0.00982	0.00900	0.01151	0.00994	0.00695	0.11134	0.01969	0.03259	0.02486	0.02800	0.01931	0.00928	0.00590	0.00193	0.00444	0.00735	0.65315	0.00829
70	0.20668	0.01441	0.01715	0.01349	0.01935	0.01380	0.01114	0.06934	0.02139	0.49364	0.02592	0.02328	0.01673	0.00923	0.00726	0.00245	0.00672	0.00708	0.00857	0.01236
71	0.01590	0.04102	0.68023	0.02260	0.03432	0.01842	0.02930	0.02511	0.01674	0.02511	0.01423	0.01674	0.01005	0.00753	0.00753	0.00251	0.01172	0.00586	0.00335	0.01172
72	0.01153	0.00769	0.00865	0.00865	0.00865	0.00769	0.00480	0.01153	0.01153	0.01538	0.02499	0.05189	0.02883	0.72131	0.04036	0.00769	0.00769	0.01153	0.00480	0.00480
73	0.02962	0.03779	0.02247	0.02043	0.02451	0.68948	0.01532	0.03166	0.02247	0.01941	0.01226	0.01430	0.01021	0.00817	0.00715	0.00204	0.01430	0.00511	0.00409	0.00919
74	0.01153	0.00769	0.00865	0.00865	0.00865	0.00769	0.00480	0.01153	0.01153	0.01538	0.02499	0.05189	0.02883	0.72131	0.04036	0.00769	0.00769	0.01153	0.00480	0.00480
75	0.07267	0.01218	0.01556	0.07828	0.02024	0.01172	0.01090	0.05851	0.02134	0.31147	0.15414	0.03734	0.10731	0.01190	0.00810	0.00248	0.00615	0.00986	0.03936	0.01051
76	0.01368	0.00938	0.01286	0.01431	0.01628	0.00935	0.01222	0.01775	0.04053	0.05092	0.04136	0.14282	0.04444	0.02129	0.01065	0.00353	0.00699	0.51653	0.00744	0.00766
77	0.02120	0.72609	0.04155	0.01357	0.02035	0.03138	0.01357	0.02374	0.01611	0.01866	0.01102	0.01272	0.01018	0.00678	0.00509	0.00170	0.00848	0.00424	0.00339	0.01018
78	0.01851	0.01403	0.01665	0.01200	0.01895	0.01069	0.00964	0.02198	0.01712	0.09616	0.01595	0.01758	0.01260	0.00630	0.00610	0.00131	0.00597	0.00505	0.00525	0.68815
79	0.01590	0.04102	0.68023	0.02260	0.03432	0.01842	0.02930	0.02511	0.01674	0.02511	0.01423	0.01674	0.01005	0.00753	0.00753	0.00251	0.01172	0.00586	0.00335	0.01172
80	0.03077	0.02121	0.02318	0.01777	0.02409	0.02311	0.01468	0.57573	0.03561	0.12202	0.02044	0.01995	0.01419	0.00955	0.00794	0.00239	0.00850	0.00724	0.00815	0.01349
81	0.03536	0.01385	0.01862	0.01428	0.02042	0.01219	0.01180	0.06360	0.02330	0.65154	0.03078	0.02666	0.01938	0.00980	0.00797	0.00245	0.00683	0.00794	0.00974	0.01349
82	0.01218	0.00965	0.01399	0.01351	0.01460	0.01171	0.01050	0.01461	0.01256	0.01824	0.02007	0.03103	0.01930	0.11026	0.54214	0.01103	0.11479	0.00854	0.00419	0.00710
83	0.01013	0.00806	0.00908	0.00882	0.01117	0.00702	0.00662	0.01284	0.01986	0.02565	0.31955	0.06936	0.42678	0.01851	0.00936	0.00260	0.00390	0.01576	0.00792	0.00702
84	0.01122	0.00811	0.01060	0.00998	0.01185	0.00748	0.00748	0.01496	0.02245	0.03180	0.66766	0.05923	0.07482	0.01621	0.00935	0.00249	0.00374	0.01434	0.00873	0.00748
85	0.00966	0.00690	0.00920	0.01104	0.01150	0.00644	0.00736	0.01104	0.01518	0.02024	0.04371	0.71614	0.05245	0.02484	0.01012	0.00322	0.00460	0.02254	0.00736	0.00644
86	0.01615	0.03958	0.63828	0.02429	0.07559	0.01844	0.02898	0.02506	0.01683	0.02516	0.01428	0.01693	0.01021	0.00750	0.00755	0.00250	0.01157	0.00594	0.00339	0.01177
87	0.01608	0.06428	0.65854	0.02230	0.03385	0.01886	0.02876	0.02507	0.01672	0.02489	0.01412	0.01661	0.01005	0.00751	0.00745	0.00248	0.01161	0.00580	0.00335	0.01167
88	0.01145	0.00803	0.01037	0.01037	0.01096	0.00862	0.00695	0.01263	0.01204	0.01665	0.02342	0.04320	0.02506	0.44391	0.31260	0.00981	0.01337	0.01026	0.00457	0.00576
89	0.01268	0.00982	0.01269	0.01273	0.01457	0.00981	0.03398	0.05646	0.08657	0.02427	0.06755	0.44418	0.08972	0.04899	0.01090	0.00321	0.00555	0.04127	0.00729	0.00776
90	0.01478	0.00739	0.00739	0.00739	0.00924	0.00739	0.00554	0.01848	0.01663	0.02956	0.02587	0.02956	0.02033	0.00924	0.00554	0.00185	0.00370	0.00739	0.76534	0.00739
91	0.01736	0.01488	0.01794	0.01301	0.01995	0.01198	0.03184	0.05325	0.04290	0.02736	0.01513	0.01727	0.01234	0.00628	0.00619	0.00135	0.00630	0.00515	0.00497	0.67455
92	0.01972	0.01703	0.01793	0.01614	0.02062	0.01972	0.01255	0.04214	0.65752	0.03317	0.03228	0.02959	0.02421	0.01076	0.00807	0.00269	0.00628	0.00897	0.00807	0.01255
93	0.01487	0.01327	0.01989	0.05004	0.02052	0.01666	0.05056	0.04226	0.01401	0.02042	0.01659	0.02462	0.01527	0.03542	0.34998	0.00790	0.26758	0.00786	0.00407	0.00821
94	0.00979	0.00788	0.00876	0.00914	0.01127	0.00685	0.00677	0.01193	0.01797	0.02237	0.13130	0.19844	0.45816	0.02070	0.00959	0.00281	0.00427	0.04775	0.00750	0.00676
95	0.03494	0.01364	0.01838	0.01419	0.02026	0.01198	0.01169	0.03879	0.04841	0.65125	0.03132	0.02710	0.01981	0.00985	0.00798	0.00246	0.00673	0.00801	0.00974	0.01346
96	0.02458	0.01945	0.02067	0.01712	0.02247	0.02199	0.01373	0.32348	0.36826	0.04101	0.02610	0.02467	0.01921	0.01018	0.00801	0.00255	0.00742	0.00811	0.00801	0.01299
97	0.01363	0.00698	0.01047	0.01047	0.01056	0.00706	0.00706	0.01056	0.01047	0.01405	0.01421	0.02452	0.01413	0.02942	0.06967	0.72487	0.00773	0.00698	0.00349	0.00366
98	0.01590	0.04102	0.68023	0.02260	0.03432	0.01842	0.02930	0.02511	0.01674	0.02511	0.01423	0.01674	0.01005	0.00753	0.00753	0.00251	0.01172	0.00586	0.00335	0.01172
99	0.01218	0.00869	0.01133	0.01111	0.01208	0.00950	0.00780	0.03853	0.01319	0.01831	0.02285	0.04007	0.02365	0.35765	0.36765	0.01003	0.01459	0.00982	0.00465	0.00631
100	0.02555	0.01621	0.01819	0.01513	0.02017	0.01737	0.01212	0.16867	0.29107	0.20342	0.02848	0.02664	0.02030	0.01009	0.00775	0.00247	0.00665	0.00815	0.08913	0.01245
101	0.04704	0.00863	0.00911	0.04869	0.01269	0.00903	0.00697	0.04073	0.01718	0.02998	0.02432	0.02801	0.01903	0.00909	0.00574	0.00194	0.00438	0.00723	0.66248	0.00774
102	0.05440	0.01437	0.02319	0.62250	0.05040	0.01806	0.02103	0.02034	0.01549	0.02097	0.01370	0.02047	0.01046	0.00828	0.00894	0.00269	0.05541	0.00690	0.00359	0.00879
103	0.02883	0.03647	0.02259	0.02045	0.02428	0.64642	0.01545	0.03085	0.02180	0.01939	0.01214	0.01450	0.01023	0.00854	0.00837	0.00214	0.05913	0.00523	0.00405	0.00916
104	0.07067	0.01732	0.02694	0.03276	0.34736	0.01709	0.05899	0.07614	0.02054	0.19858	0.02029	0.02363	0.01535	0.00848	0.00791	0.00245	0.00865	0.02854	0.00596	0.01233
105	0.00966	0.00690	0.00920	0.01104	0.01150	0.00644	0.00736	0.01104	0.01518	0.02024	0.04371	0.71614	0.05245	0.02484	0.01012	0.00322	0.00460	0.02254	0.00736	0.00644
106	0.02346	0.01961	0.05154	0.01667	0.02249	0.02017	0.01389	0.25538	0.31511	0.05946	0.02470	0.02370	0.01821	0.00961	0.00776	0.00240	0.00739	0.00768	0.00749	0.09328
107	0.01377	0.00689	0.01033	0.01033	0.01033	0.00689	0.00689	0.01033	0.01033	0.01377	0.01377	0.02410	0.01377	0.02755	0.03099	0.76928	0.00689	0.00689	0.00344	0.00344
108	0.01730	0.22144	0.51202	0.02022	0.03064	0.02183	0.02516	0.02475	0.01658	0.02341	0.01339	0.01568	0.01008	0.00734	0.00689	0.00230	0.01087	0.00543	0.00336	0.01131
109	0.01169	0.00772	0.00882	0.00882	0.00899	0.00780	0.00513	0.01204	0.01186	0.01628	0.02482	0.04957	0.02788	0.64729	0.07522	0.00767	0.00825	0.01115	0.04395	0.00507
110	0.01147	0.00766	0.00867	0.00873	0.00874	0.00765	0.00489	0.01152	0.01165	0.01554	0.02561	0.07398	0.02962	0.69815	0.03936	0.00754	0.00759	0.01190	0.00489	0.00486
111	0.01801	0.28235	0.41433	0.02100	0.06837	0.02303	0.02342	0.02458	0.01660	0.02287	0.01314	0.01549	0.01025	0.00724	0.00669	0.00221	0.01043	0.00536	0.00340	0.01122
112	0.01957	0.03350	0.45366	0.02562	0.12484	0.04469	0.04812	0.02697	0.01798	0.10693	0.01646	0.01852	0.01169	0.00775	0.00769	0.00247	0.01093	0.00640	0.00430	0.01193
113	0.00993	0.00690	0.00927	0.01100	0.01143	0.00647	0.00733	0.01100	0.01487	0.01982	0.04177	0.67134	0.04994	0.02502	0.01147	0.05281	0.00475	0.02153	0.00711	0.00625
114	0.01102	0.00865	0.01010	0.01002	0.01237	0.00796	0.00777	0.01491	0.05176	0.02618	0.29180	0.06932	0.33410	0.01841	0.00951	0.00274	0.00445	0.09367	0.00790	0.00736
115	0.11434	0.05929	0.02201	0.01856	0.02302	0.47538	0.01437	0.08847	0.02229	0.05116	0.01344	0.01514	0.01073	0.00840	0.00751	0.00217	0.03391	0.00535	0.00473	0.00973
116	0.01805	0.02148	0.07485	0.03159	0.03935	0.01918	0.57641	0.02454	0.01841	0.02508	0.01758	0.06196	0.01431	0.00779	0.00932	0.00270	0.01278	0.00997	0.00418	0.01049
117	0.06550	0.64445	0.03927	0.01536	0.05682	0.02987	0.01388	0.02375	0.01607	0.02006	0.01125	0.01312	0.01022	0.00683	0.00523	0.00178	0.00840	0.00440	0.00351	0.01022
118	0.02405	0.01676	0.04288	0.01576	0.02069	0.01727	0.01289	0.06260	0.37767	0.21422	0.02965	0.02841	0.02162	0.03999	0.01005	0.00284	0.03373	0.00852	0.00807	0.01235
119	0.02330	0.01491	0.01783	0.01325	0.01988	0.01270	0.01074	0.09338	0.04270	0.20777	0.01998	0.02008	0.01453	0.00752	0.00675	0.00171	0.00644	0.00601	0.00657	0.45396
120	0.03344	0.01322	0.01788	0.01378	0.01971	0.01138	0.01133	0.03656	0.02243	0.61474	0.06650	0.02839	0.02243	0.01002	0.00797	0.00240	0.00654	0.00820	0.00955	0.04355
121	0.07074	0.01402	0.01835	0.01414	0.02023	0.01260	0.01168	0.06831	0.02299	0.61525	0.02970	0.02592	0.01879	0.00968	0.00783	0.00245	0.00682	0.00776	0.00949	0.01326
122	0.01744	0.01386	0.02302	0.50637	0.04520	0.01603	0.05429	0.02222	0.01693	0.10730	0.02064	0.02555	0.05084	0.01080	0.03434	0.00301	0.01025	0.00792	0.00464	0.00934
123	0.01153	0.00769	0.00865	0.00865	0.00865	0.00769	0.00480	0.01153	0.01153	0.01538	0.02499	0.05189	0.02883	0.72131	0.04036	0.00769	0.00769	0.01153	0.00480	0.00480
124	0.01243	0.00895	0.01233	0.01405	0.01585	0.00885	0.01212	0.01587	0.01809	0.02342	0.04424	0.12099	0.08114	0.02195	0.01082	0.00357	0.00698	0.55382	0.00731	0.00722
125	0.01943	0.01864	0.03184	0.07575	0.64627	0.01879	0.02424	0.02417	0.01797	0.02567	0.01488	0.01969	0.01248	0.00710	0.00785	0.00237	0.00947	0.00706	0.00391	0.01241
126	0.01795	0.01579	0.02172	0.05401	0.23743	0.01702	0.01669	0.02979	0.28272	0.02855	0.05303	0.03751	0.02554	0.01157	0.00854	0.00274	0.00757	0.11417	0.00640	0.01129
127	0.01100	0.00828	0.00901	0.00875	0.01140	0.00706	0.00659	0.01333	0.01894	0.05595	0.17338	0.09100	0.51918	0.01908	0.00932	0.00265	0.00413	0.01608	0.00771	0.00716
128	0.01972	0.01703	0.01793	0.01614	0.02062	0.01972	0.01255	0.04214	0.65752	0.03317	0.03228	0.02959	0.02421	0.01076	0.00807	0.00269	0.00628	0.00897	0.00807	0.01255
129	0.03036	0.02186	0.02358	0.01808	0.02442	0.02407	0.01493	0.62083	0.03669	0.07539	0.01953	0.01936	0.01373	0.00953	0.00793	0.00238	0.00865	0.00717	0.00801	0.01349
130	0.01909	0.02084	0.07793	0.12583	0.45800	0.04577	0.08851	0.02429	0.01794	0.02483	0.01478	0.01958	0.01199	0.00721	0.00797	0.00242	0.01033	0.00714	0.00385	0.01170
131	0.01553	0.00831	0.00859	0.00827	0.01036	0.00851	0.00630	0.05509	0.01767	0.03026	0.02526	0.02902	0.01990	0.01150	0.03626	0.00237	0.00477	0.00743	0.68686	0.00773

[dist]
# distance from previous block
# <min> <max>
0	2

[block]
# block no. 4 follows, 24 sequences, length 6
# corresponding to MSA columns:
# 283-288
name=unknown_E
#
# <colnr> <probs for GDERKNQSTAVLIFYWHMCP>
#	G	D	E	R	K	N	Q	S	T	A	V	L	I	F	Y	W	H	M	C	P
0	0.01141	0.00818	0.01112	0.01112	0.01198	0.00903	0.00789	0.01312	0.01226	0.01721	0.02272	0.03937	0.02339	0.32159	0.43265	0.01074	0.01587	0.00970	0.00447	0.00618
1	0.02845	0.02058	0.02199	0.01705	0.02290	0.02270	0.01402	0.57640	0.03501	0.04773	0.01979	0.02020	0.01424	0.00949	0.00767	0.00232	0.00817	0.00717	0.09130	0.01281
2	0.01667	0.01738	0.06271	0.36812	0.20123	0.01741	0.07705	0.02196	0.01677	0.02299	0.01448	0.02003	0.01129	0.00736	0.00779	0.00241	0.01008	0.00694	0.00379	0.09355
3	0.01828	0.23425	0.34842	0.02226	0.10175	0.02236	0.02234	0.02650	0.08701	0.02422	0.01536	0.01732	0.01192	0.00762	0.00692	0.00228	0.00992	0.00587	0.00394	0.01146
4	0.02535	0.01728	0.09318	0.01480	0.02082	0.01402	0.01304	0.07238	0.12257	0.30096	0.02567	0.02678	0.01870	0.08135	0.01093	0.00285	0.00735	0.00774	0.00746	0.11678
5	0.14468	0.01137	0.01250	0.04488	0.01620	0.04954	0.01012	0.01709	0.01741	0.02589	0.18665	0.11434	0.03984	0.01746	0.01136	0.09062	0.00646	0.16991	0.00644	0.00722

[dist]
# distance from previous block
# <min> <max>
0	6

[block]
# block no. 5 follows, 24 sequences, length 53
# corresponding to MSA columns:
# 295-347
name=unknown_F
#
# <colnr> <probs for GDERKNQSTAVLIFYWHMCP>
#	G	D	E	R	K	N	Q	S	T	A	V	L	I	F	Y	W	H	M	C	P
0	0.04398	0.01133	0.05899	0.01150	0.01466	0.00908	0.00958	0.01871	0.02073	0.11963	0.41196	0.12429	0.08347	0.01550	0.00895	0.00258	0.00493	0.01349	0.00814	0.00851
1	0.01120	0.00836	0.01156	0.01192	0.01271	0.00925	0.00861	0.01300	0.01323	0.01845	0.02818	0.24338	0.03092	0.16877	0.32454	0.00838	0.05247	0.01326	0.00526	0.00655
2	0.01153	0.00769	0.00865	0.00865	0.00865	0.00769	0.00480	0.01153	0.01153	0.01538	0.02499	0.05189	0.02883	0.72131	0.04036	0.00769	0.00769	0.01153	0.00480	0.00480
3	0.72757	0.01554	0.01246	0.03235	0.01689	0.01802	0.00923	0.04478	0.01439	0.03560	0.01141	0.01335	0.00882	0.00745	0.00511	0.00246	0.00636	0.00448	0.00497	0.00876
