[name]
unknown

[dist]
# distance from previous block
# <min> <max>
0	24

[block]
# block no. 0 follows, 25 sequences, length 153
# corresponding to MSA columns:
# 24-176
name=unknown_A
#
# <colnr> <probs for GDERKNQSTAVLIFYWHMCP>
#	G	D	E	R	K	N	Q	S	T	A	V	L	I	F	Y	W	H	M	C	P
0	0.02260	0.01086	0.01499	0.01406	0.01776	0.01005	0.01200	0.02591	0.01982	0.32308	0.03631	0.05977	0.03309	0.01606	0.00939	0.00304	0.00689	0.34619	0.00825	0.00989
1	0.03453	0.01360	0.01825	0.01399	0.02000	0.01200	0.01156	0.06713	0.02287	0.65421	0.03002	0.02602	0.01891	0.00958	0.00780	0.00240	0.00669	0.00776	0.00951	0.01319
2	0.02947	0.04151	0.01956	0.01487	0.02048	0.04897	0.01213	0.16500	0.08182	0.37469	0.02628	0.05452	0.01861	0.00991	0.00765	0.00233	0.00725	0.00793	0.00821	0.04879
3	0.09448	0.01471	0.01778	0.01392	0.01940	0.01401	0.04197	0.13273	0.04787	0.10497	0.05232	0.04980	0.01821	0.01234	0.05816	0.00274	0.00769	0.00720	0.00611	0.28360
4	0.01357	0.04656	0.04740	0.04440	0.01608	0.01063	0.00986	0.04175	0.04444	0.05253	0.46085	0.04943	0.10402	0.01421	0.00864	0.00242	0.00500	0.01228	0.00765	0.00827
5	0.08720	0.44783	0.11463	0.04908	0.02398	0.06000	0.04683	0.02345	0.01586	0.02093	0.01158	0.01403	0.00992	0.00720	0.00661	0.00201	0.04063	0.00488	0.00352	0.00984
6	0.02825	0.03490	0.02127	0.01925	0.02322	0.63722	0.01449	0.05271	0.02220	0.02056	0.01290	0.01491	0.01060	0.00809	0.00694	0.00200	0.01326	0.00518	0.04301	0.00905
7	0.05838	0.62934	0.06659	0.01333	0.01985	0.02829	0.01342	0.02283	0.01596	0.01999	0.04370	0.01487	0.01299	0.00715	0.00528	0.00177	0.00809	0.00471	0.00365	0.00981
8	0.01141	0.00727	0.00946	0.01046	0.01151	0.00678	0.00725	0.01337	0.01629	0.05565	0.12352	0.53253	0.04948	0.02096	0.00926	0.00289	0.00441	0.01883	0.08181	0.00687
9	0.00996	0.00792	0.00896	0.00880	0.01109	0.00692	0.00667	0.01262	0.01928	0.02483	0.30066	0.06883	0.42714	0.01828	0.00921	0.00259	0.00394	0.03774	0.00770	0.00686
10	0.05490	0.26766	0.34713	0.05099	0.02821	0.02170	0.04621	0.02315	0.01597	0.02250	0.01415	0.04891	0.01187	0.00790	0.00665	0.00223	0.00981	0.00609	0.00358	0.01038
11	0.04979	0.12000	0.02503	0.20616	0.03099	0.02265	0.01605	0.33726	0.05885	0.03523	0.01656	0.01862	0.01231	0.00849	0.00726	0.00232	0.00878	0.00655	0.00585	0.01126
12	0.02073	0.73217	0.04063	0.01327	0.01990	0.03068	0.01327	0.02322	0.01575	0.01824	0.01078	0.01244	0.00995	0.00663	0.00498	0.00166	0.00829	0.00415	0.00332	0.00995
13	0.06698	0.00746	0.00929	0.01066	0.01155	0.00721	0.00730	0.01202	0.01534	0.02189	0.09526	0.61203	0.05000	0.02229	0.00945	0.00303	0.00454	0.02002	0.00714	0.00654
14	0.01608	0.01378	0.01608	0.01148	0.01837	0.01034	0.00919	0.01952	0.01608	0.02527	0.01378	0.01608	0.01148	0.00574	0.00574	0.00115	0.00574	0.00459	0.00459	0.77491
15	0.06098	0.01932	0.02632	0.05812	0.39908	0.07629	0.01936	0.08122	0.06694	0.09155	0.01728	0.01982	0.01340	0.00778	0.00751	0.00233	0.00896	0.00683	0.00508	0.01184
16	0.03355	0.01332	0.01789	0.01379	0.01962	0.01174	0.01136	0.06221	0.02277	0.63035	0.05763	0.02742	0.02125	0.00985	0.00785	0.00240	0.00655	0.00803	0.00948	0.01294
17	0.01097	0.00793	0.01036	0.00975	0.01158	0.00732	0.00732	0.01463	0.02195	0.03109	0.67505	0.05792	0.07316	0.01585	0.00914	0.00244	0.00366	0.01402	0.00854	0.00732
18	0.01855	0.04910	0.10850	0.13829	0.07007	0.04441	0.33827	0.05660	0.05137	0.02515	0.01576	0.02001	0.01189	0.00724	0.00828	0.00250	0.01154	0.00783	0.00414	0.01052
19	0.00945	0.00675	0.00900	0.01080	0.01125	0.00630	0.00720	0.01080	0.01484	0.01979	0.04274	0.72245	0.05128	0.02429	0.00990	0.00315	0.00450	0.02204	0.00720	0.00630
20	0.00945	0.00675	0.00900	0.01080	0.01125	0.00630	0.00720	0.01080	0.01484	0.01979	0.04274	0.72245	0.05128	0.02429	0.00990	0.00315	0.00450	0.02204	0.00720	0.00630
21	0.02798	0.03456	0.02213	0.06826	0.02604	0.61480	0.01543	0.06153	0.02225	0.02054	0.01245	0.01469	0.01017	0.00804	0.00708	0.00206	0.01345	0.00523	0.00415	0.00917
22	0.02568	0.05920	0.02185	0.01887	0.05365	0.28716	0.01415	0.15738	0.17337	0.05620	0.01917	0.01961	0.01465	0.00883	0.00727	0.00222	0.00989	0.00652	0.03344	0.01091
23	0.00945	0.00675	0.00900	0.01080	0.01125	0.00630	0.00720	0.01080	0.01484	0.01979	0.04274	0.72245	0.05128	0.02429	0.00990	0.00315	0.00450	0.02204	0.00720	0.00630
24	0.01985	0.01653	0.01755	0.01571	0.02015	0.01900	0.01224	0.04108	0.64158	0.05632	0.03152	0.02884	0.02350	0.01049	0.00789	0.00262	0.00615	0.00873	0.00795	0.01231
25	0.01581	0.03828	0.62631	0.02311	0.03422	0.01816	0.08784	0.02458	0.01655	0.02458	0.01408	0.01680	0.01001	0.00729	0.00754	0.00247	0.01161	0.00605	0.00334	0.01136
26	0.01830	0.02092	0.04575	0.03268	0.04052	0.01961	0.65098	0.02484	0.01830	0.02484	0.01569	0.02092	0.01176	0.00654	0.00915	0.00261	0.01307	0.00915	0.00392	0.01046
27	0.01077	0.00788	0.01011	0.00963	0.01148	0.00722	0.00720	0.01422	0.02136	0.02988	0.60491	0.08175	0.12170	0.01645	0.00917	0.00248	0.00371	0.01448	0.00838	0.00722
28	0.02560	0.01152	0.01530	0.01242	0.01685	0.01032	0.00998	0.05159	0.02262	0.41435	0.27364	0.03802	0.03936	0.01195	0.00830	0.00241	0.00556	0.01012	0.00913	0.01097
29	0.02965	0.01950	0.02163	0.01667	0.02256	0.02096	0.01367	0.51045	0.03268	0.16520	0.02110	0.02149	0.01497	0.04149	0.00918	0.00257	0.00813	0.00732	0.00796	0.01281
30	0.01097	0.00793	0.01036	0.00975	0.01158	0.00732	0.00732	0.01463	0.02195	0.03109	0.67505	0.05792	0.07316	0.01585	0.00914	0.00244	0.00366	0.01402	0.00854	0.00732
31	0.01929	0.01666	0.01753	0.01578	0.02016	0.01929	0.01227	0.04120	0.66513	0.03243	0.03156	0.02893	0.02367	0.01052	0.00789	0.00263	0.00614	0.00877	0.00789	0.01227
32	0.07943	0.02136	0.02215	0.01819	0.04773	0.05479	0.01434	0.53359	0.03279	0.04458	0.01980	0.02005	0.03683	0.00939	0.00757	0.00233	0.00848	0.00704	0.00721	0.01238
33	0.01679	0.01678	0.02415	0.02052	0.02088	0.02304	0.04095	0.01871	0.01214	0.01887	0.01080	0.01764	0.01060	0.01503	0.05087	0.00371	0.65964	0.00694	0.00344	0.00850
34	0.01097	0.00793	0.01036	0.00975	0.01158	0.00732	0.00732	0.01463	0.02195	0.03109	0.67505	0.05792	0.07316	0.01585	0.00914	0.00244	0.00366	0.01402	0.00854	0.00732
35	0.05183	0.01517	0.02732	0.48256	0.04642	0.01728	0.16791	0.02065	0.01578	0.02139	0.01407	0.02049	0.01073	0.00839	0.00905	0.04067	0.01059	0.00729	0.00362	0.00878
36	0.12680	0.26079	0.31515	0.01722	0.02554	0.05580	0.01941	0.05586	0.01701	0.02489	0.01260	0.01455	0.00984	0.00723	0.00623	0.00216	0.00963	0.00502	0.00376	0.01050
37	0.00945	0.00675	0.00900	0.01080	0.01125	0.00630	0.00720	0.01080	0.01484	0.01979	0.04274	0.72245	0.05128	0.02429	0.00990	0.00315	0.00450	0.02204	0.00720	0.00630
38	0.00975	0.00762	0.00890	0.00983	0.01132	0.00695	0.00689	0.01223	0.04377	0.02080	0.05665	0.43242	0.30121	0.02183	0.00952	0.00291	0.00434	0.01919	0.00723	0.00665
39	0.02045	0.01879	0.02407	0.03006	0.31498	0.07200	0.01746	0.03145	0.26944	0.05253	0.02153	0.02268	0.01674	0.00844	0.00762	0.00235	0.00813	0.00740	0.00568	0.04820
40	0.01814	0.01750	0.03024	0.19363	0.51401	0.01821	0.04919	0.02295	0.01720	0.02409	0.01445	0.01959	0.01183	0.00708	0.00775	0.00238	0.00962	0.00700	0.00375	0.01139
41	0.01081	0.00786	0.01018	0.00972	0.01151	0.00723	0.00724	0.01427	0.02139	0.03004	0.61492	0.09219	0.10063	0.01646	0.00918	0.00248	0.00371	0.01454	0.00840	0.00723
42	0.01838	0.01851	0.03428	0.12701	0.42804	0.01859	0.19257	0.02357	0.01756	0.02450	0.01478	0.01984	0.01190	0.00691	0.00808	0.00242	0.01039	0.00751	0.00381	0.01133
43	0.08770	0.55102	0.09279	0.01433	0.02100	0.08402	0.01432	0.02394	0.01610	0.02030	0.01115	0.01292	0.00981	0.00686	0.00534	0.00182	0.00884	0.00436	0.00350	0.00987
44	0.58238	0.01669	0.03791	0.01845	0.13709	0.01771	0.04353	0.02313	0.01435	0.03226	0.01182	0.01432	0.00931	0.00712	0.00561	0.00239	0.00710	0.00498	0.00453	0.00930
45	0.05641	0.01302	0.01658	0.04320	0.04447	0.01286	0.01157	0.04996	0.12720	0.30629	0.14224	0.03572	0.05241	0.01150	0.00811	0.00251	0.00624	0.04049	0.00818	0.01105
46	0.01184	0.00913	0.01052	0.01066	0.01137	0.04207	0.00719	0.01303	0.01267	0.01685	0.02507	0.13240	0.02749	0.37683	0.25069	0.00829	0.01180	0.01143	0.00482	0.00586
47	0.01854	0.01897	0.03263	0.06695	0.30411	0.04411	0.21583	0.02339	0.01746	0.02438	0.01449	0.01906	0.01174	0.00698	0.00857	0.00228	0.03922	0.00719	0.00394	0.12014
48	0.01895	0.01627	0.01728	0.01571	0.01996	0.01877	0.01228	0.03996	0.63319	0.03198	0.03203	0.03182	0.02470	0.01106	0.00803	0.00268	0.00619	0.03927	0.00785	0.01202
49	0.02813	0.05825	0.05471	0.01741	0.02364	0.05469	0.01487	0.46536	0.07522	0.10031	0.01963	0.01937	0.01396	0.00913	0.00757	0.00231	0.00858	0.00688	0.00731	0.01268
50	0.01904	0.01884	0.03385	0.04511	0.57275	0.01862	0.12828	0.02397	0.01776	0.02525	0.01477	0.01948	0.01220	0.00685	0.00792	0.00235	0.00985	0.00728	0.00385	0.01198
51	0.75202	0.01665	0.01323	0.01197	0.01683	0.01855	0.00949	0.02427	0.01480	0.03647	0.01345	0.01628	0.01094	0.00891	0.00597	0.00286	0.00686	0.00508	0.00565	0.00969
52	0.00945	0.00675	0.00900	0.01080	0.01125	0.00630	0.00720	0.01080	0.01484	0.01979	0.04274	0.72245	0.05128	0.02429	0.00990	0.00315	0.00450	0.02204	0.00720	0.00630
53	0.02947	0.02172	0.02327	0.01784	0.02404	0.02404	0.01474	0.65329	0.03646	0.04887	0.01862	0.01862	0.01319	0.00931	0.00776	0.00233	0.00853	0.00698	0.00776	0.01319
54	0.01127	0.00756	0.00865	0.00865	0.00872	0.00762	0.00494	0.01140	0.01133	0.01518	0.02425	0.04974	0.02775	0.69451	0.07187	0.00776	0.00817	0.01113	0.00467	0.00481
55	0.00945	0.00675	0.00900	0.01080	0.01125	0.00630	0.00720	0.01080	0.01484	0.01979	0.04274	0.72245	0.05128	0.02429	0.00990	0.00315	0.00450	0.02204	0.00720	0.00630
56	0.02073	0.73217	0.04063	0.01327	0.01990	0.03068	0.01327	0.02322	0.01575	0.01824	0.01078	0.01244	0.00995	0.00663	0.00498	0.00166	0.00829	0.00415	0.00332	0.00995
57	0.00945	0.00675	0.00900	0.01080	0.01125	0.00630	0.00720	0.01080	0.01484	0.01979	0.04274	0.72245	0.05128	0.02429	0.00990	0.00315	0.00450	0.02204	0.00720	0.00630
58	0.01509	0.01423	0.02406	0.64452	0.11429	0.01734	0.02175	0.02020	0.01571	0.02035	0.01386	0.02053	0.01053	0.00767	0.00774	0.00256	0.01023	0.00689	0.00348	0.00897
59	0.01108	0.00831	0.01246	0.01246	0.01385	0.00969	0.00969	0.01385	0.01246	0.01800	0.02077	0.03046	0.01938	0.05815	0.69678	0.01246	0.02077	0.00831	0.00415	0.00692
60	0.01798	0.02028	0.06097	0.02301	0.02549	0.06794	0.15066	0.02108	0.01413	0.02027	0.01164	0.01756	0.01048	0.01141	0.01988	0.00309	0.48439	0.00711	0.00354	0.00908
61	0.00945	0.00675	0.00900	0.01080	0.01125	0.00630	0.00720	0.01080	0.01484	0.01979	0.04274	0.72245	0.05128	0.02429	0.00990	0.00315	0.00450	0.02204	0.00720	0.00630
62	0.00956	0.00683	0.00913	0.01093	0.01143	0.00640	0.00740	0.01100	0.01496	0.01992	0.04267	0.69841	0.05103	0.02418	0.00993	0.00316	0.00460	0.04494	0.00720	0.00633
63	0.00950	0.00679	0.00904	0.01076	0.01126	0.00633	0.00720	0.01093	0.01508	0.02018	0.06411	0.69998	0.05202	0.02401	0.00987	0.00312	0.00447	0.02177	0.00724	0.00633
64	0.01128	0.00752	0.00846	0.00846	0.00846	0.00752	0.00470	0.01128	0.01128	0.01503	0.02443	0.05074	0.02819	0.72751	0.03946	0.00752	0.00752	0.01128	0.00470	0.00470
65	0.01108	0.00831	0.01246	0.01246	0.01385	0.00969	0.00969	0.01385	0.01246	0.01800	0.02077	0.03046	0.01938	0.05815	0.69678	0.01246	0.02077	0.00831	0.00415	0.00692
66	0.00945	0.00675	0.00900	0.01080	0.01125	0.00630	0.00720	0.01080	0.01484	0.01979	0.04274	0.72245	0.05128	0.02429	0.00990	0.00315	0.00450	0.02204	0.00720	0.00630
67	0.01830	0.02092	0.04575	0.03268	0.04052	0.01961	0.65098	0.02484	0.01830	0.02484	0.01569	0.02092	0.01176	0.00654	0.00915	0.00261	0.01307	0.00915	0.00392	0.01046
68	0.02073	0.73217	0.04063	0.01327	0.01990	0.03068	0.01327	0.02322	0.01575	0.01824	0.01078	0.01244	0.00995	0.00663	0.00498	0.00166	0.00829	0.00415	0.00332	0.00995
69	0.00999	0.00722	0.00945	0.01030	0.01134	0.00668	0.00719	0.01221	0.01755	0.02396	0.27498	0.45456	0.08365	0.02103	0.00959	0.00287	0.00417	0.01889	0.00769	0.00668
70	0.01998	0.01650	0.01755	0.01569	0.02015	0.01893	0.01223	0.04105	0.63637	0.06160	0.03151	0.02881	0.02347	0.01048	0.00789	0.00262	0.00616	0.00872	0.00797	0.01231
71	0.01739	0.01767	0.02369	0.02034	0.02048	0.04741	0.01689	0.01909	0.01223	0.01867	0.01024	0.01686	0.01017	0.01337	0.02480	0.00334	0.68871	0.00672	0.00341	0.00850
72	0.00945	0.00675	0.00900	0.01080	0.01125	0.00630	0.00720	0.01080	0.01484	0.01979	0.04274	0.72245	0.05128	0.02429	0.00990	0.00315	0.00450	0.02204	0.00720	0.00630
73	0.00981	0.00800	0.00875	0.00892	0.01134	0.00695	0.00693	0.01217	0.01817	0.02237	0.13967	0.07448	0.52519	0.01945	0.00937	0.00272	0.00432	0.09734	0.00734	0.00671
74	0.02754	0.02102	0.02109	0.01673	0.02213	0.08542	0.01360	0.48920	0.03179	0.06616	0.01910	0.01985	0.01395	0.01114	0.03525	0.00266	0.00903	0.00690	0.07543	0.01200
75	0.01175	0.00863	0.00967	0.00942	0.01190	0.00773	0.00703	0.04542	0.01891	0.05621	0.14534	0.18189	0.42003	0.01894	0.00915	0.00266	0.00436	0.01616	0.00752	0.00727
76	0.01919	0.01842	0.03147	0.04759	0.67914	0.01842	0.02380	0.02380	0.01765	0.02533	0.01458	0.01919	0.01228	0.00691	0.00768	0.00230	0.00921	0.00691	0.00384	0.01228
77	0.02295	0.01731	0.01881	0.01606	0.02094	0.01936	0.01282	0.19342	0.42401	0.09434	0.02861	0.02847	0.02148	0.01057	0.00796	0.00257	0.00682	0.03315	0.00798	0.01238
78	0.01767	0.12260	0.52529	0.02103	0.03119	0.05193	0.05054	0.02521	0.01686	0.04851	0.01414	0.01634	0.01028	0.00736	0.00714	0.00234	0.01107	0.00572	0.00358	0.01118
79	0.78228	0.01499	0.01140	0.01020	0.01499	0.01739	0.00840	0.02279	0.01320	0.03479	0.01080	0.01260	0.00840	0.00720	0.00480	0.00240	0.00600	0.00420	0.00480	0.00840
80	0.49772	0.01731	0.04517	0.05184	0.05455	0.01841	0.09747	0.05459	0.01545	0.03174	0.01227	0.01511	0.00952	0.00755	0.00694	0.00248	0.04257	0.00546	0.00459	0.00924
81	0.02401	0.02104	0.05334	0.03100	0.28791	0.02124	0.06540	0.33149	0.02684	0.03677	0.01661	0.01893	0.01259	0.00807	0.00781	0.00234	0.00925	0.00706	0.00574	0.01256
82	0.00954	0.00755	0.00861	0.00920	0.01103	0.00663	0.00668	0.01152	0.01715	0.02154	0.11700	0.27913	0.40157	0.02086	0.00945	0.00281	0.00421	0.04166	0.00731	0.00656
83	0.01809	0.01728	0.02922	0.13578	0.56179	0.01769	0.02263	0.02264	0.01736	0.02437	0.01755	0.02205	0.04388	0.00763	0.00776	0.00236	0.00911	0.00736	0.00395	0.01151
84	0.05268	0.53832	0.16022	0.01512	0.02245	0.05928	0.01604	0.02382	0.01606	0.02017	0.01143	0.01326	0.00986	0.00686	0.00551	0.00186	0.00906	0.00449	0.00340	0.01012
85	0.02936	0.02507	0.02298	0.01831	0.02403	0.17181	0.01479	0.51652	0.03327	0.04230	0.01716	0.01760	0.01248	0.00902	0.00759	0.00225	0.00973	0.00654	0.00693	0.01226
86	0.11725	0.21230	0.22840	0.01688	0.02465	0.02071	0.04347	0.08275	0.01872	0.14275	0.01613	0.01702	0.01171	0.00769	0.00660	0.00222	0.00889	0.00574	0.00502	0.01110
87	0.03479	0.01320	0.01799	0.01380	0.01979	0.01140	0.01140	0.03779	0.02219	0.68451	0.03059	0.02639	0.01919	0.00960	0.00780	0.00240	0.00660	0.00780	0.00960	0.01320
88	0.00945	0.00710	0.00876	0.00996	0.01106	0.00641	0.00686	0.01107	0.01595	0.02066	0.08345	0.51760	0.21828	0.02264	0.00966	0.00297	0.00431	0.02014	0.00726	0.00641
89	0.02145	0.06690	0.07116	0.01984	0.02343	0.15444	0.04691	0.11365	0.07002	0.02477	0.01398	0.01744	0.01167	0.01044	0.01466	0.00270	0.29557	0.00650	0.00450	0.00994
90	0.01464	0.01378	0.02326	0.70887	0.05340	0.01723	0.02153	0.01981	0.01550	0.01981	0.01378	0.02067	0.01034	0.00775	0.00775	0.00258	0.01034	0.00689	0.00345	0.00861
91	0.01003	0.00734	0.00942	0.01005	0.01130	0.00673	0.00710	0.01237	0.01801	0.02446	0.30076	0.38357	0.12939	0.02038	0.00951	0.00280	0.00410	0.01819	0.00774	0.00673
92	0.01090	0.00787	0.01029	0.00981	0.01157	0.00726	0.00731	0.01444	0.02159	0.03052	0.64298	0.09162	0.07205	0.01628	0.00918	0.00247	0.00370	0.01443	0.00847	0.00726
93	0.02167	0.01639	0.01780	0.01560	0.02026	0.01844	0.01225	0.06306	0.55882	0.11762	0.03096	0.02822	0.02271	0.01036	0.00787	0.00259	0.00628	0.00858	0.00811	0.01243
94	0.01004	0.00789	0.00907	0.00878	0.01101	0.00692	0.00658	0.01283	0.01975	0.02588	0.36834	0.06651	0.38313	0.01780	0.00915	0.00253	0.00380	0.01523	0.00785	0.00692
95	0.01464	0.01378	0.02326	0.70887	0.05340	0.01723	0.02153	0.01981	0.01550	0.01981	0.01378	0.02067	0.01034	0.00775	0.00775	0.00258	0.01034	0.00689	0.00345	0.00861
96	0.01929	0.01666	0.01753	0.01578	0.02016	0.01929	0.01227	0.04120	0.66513	0.03243	0.03156	0.02893	0.02367	0.01052	0.00789	0.00263	0.00614	0.00877	0.00789	0.01227
97	0.01083	0.00792	0.01017	0.00960	0.01150	0.00726	0.00720	0.01436	0.02161	0.03029	0.62798	0.05924	0.12073	0.01615	0.00915	0.00245	0.00368	0.01421	0.00843	0.00726
98	0.00952	0.00681	0.00906	0.01074	0.01126	0.00635	0.00720	0.01099	0.01520	0.02035	0.07391	0.68968	0.05236	0.02388	0.00986	0.00311	0.00446	0.02165	0.00726	0.00635
99	0.01580	0.07291	0.65668	0.02168	0.03291	0.01861	0.02792	0.02449	0.01634	0.02426	0.01377	0.01618	0.00983	0.00733	0.00725	0.00242	0.01131	0.00565	0.00328	0.01139
100	0.01919	0.01842	0.03147	0.04759	0.67914	0.01842	0.02380	0.02380	0.01765	0.02533	0.01458	0.01919	0.01228	0.00691	0.00768	0.00230	0.00921	0.00691	0.00384	0.01228
101	0.01249	0.00892	0.01249	0.01428	0.01606	0.00892	0.01249	0.01606	0.01785	0.02320	0.04105	0.08746	0.04462	0.02142	0.01071	0.00357	0.00714	0.62695	0.00714	0.00714
102	0.01464	0.01378	0.02326	0.70887	0.05340	0.01723	0.02153	0.01981	0.01550	0.01981	0.01378	0.02067	0.01034	0.00775	0.00775	0.00258	0.01034	0.00689	0.00345	0.00861
103	0.01608	0.01378	0.01608	0.01148	0.01837	0.01034	0.00919	0.01952	0.01608	0.02527	0.01378	0.01608	0.01148	0.00574	0.00574	0.00115	0.00574	0.00459	0.00459	0.77491
104	0.00942	0.00685	0.00889	0.01053	0.01117	0.00632	0.00708	0.01083	0.01511	0.01990	0.04603	0.66284	0.10876	0.02386	0.00983	0.00310	0.00445	0.02152	0.00720	0.00632
105	0.02073	0.73217	0.04063	0.01327	0.01990	0.03068	0.01327	0.02322	0.01575	0.01824	0.01078	0.01244	0.00995	0.00663	0.00498	0.00166	0.00829	0.00415	0.00332	0.00995
106	0.01757	0.01876	0.03373	0.02594	0.02950	0.02187	0.30446	0.02146	0.01479	0.02146	0.01268	0.01876	0.01090	0.01038	0.01806	0.00304	0.39579	0.00786	0.00363	0.00938
107	0.01919	0.01842	0.03147	0.04759	0.67914	0.01842	0.02380	0.02380	0.01765	0.02533	0.01458	0.01919	0.01228	0.00691	0.00768	0.00230	0.00921	0.00691	0.00384	0.01228
108	0.00974	0.00696	0.00934	0.01114	0.01172	0.00655	0.00772	0.01131	0.01514	0.02013	0.04257	0.66036	0.05063	0.02401	0.00998	0.00319	0.00476	0.08119	0.00719	0.00638
109	0.01818	0.01739	0.02964	0.19509	0.53957	0.01816	0.02329	0.02291	0.01718	0.02410	0.01441	0.01952	0.01185	0.00710	0.00769	0.00237	0.00946	0.00690	0.00375	0.01146
110	0.01108	0.00831	0.01246	0.01246	0.01385	0.00969	0.00969	0.01385	0.01246	0.01800	0.02077	0.03046	0.01938	0.05815	0.69678	0.01246	0.02077	0.00831	0.00415	0.00692
111	0.01794	0.02034	0.04427	0.03180	0.03934	0.01907	0.62503	0.02427	0.01816	0.02463	0.01678	0.04919	0.01336	0.00725	0.00918	0.00264	0.01273	0.00967	0.00405	0.01029
112	0.00934	0.00786	0.00810	0.00804	0.01058	0.00662	0.00603	0.01147	0.01809	0.02194	0.13703	0.07298	0.61689	0.01927	0.00916	0.00260	0.00390	0.01613	0.00733	0.00662
113	0.02073	0.73217	0.04063	0.01327	0.01990	0.03068	0.01327	0.02322	0.01575	0.01824	0.01078	0.01244	0.00995	0.00663	0.00498	0.00166	0.00829	0.00415	0.00332	0.00995
114	0.01919	0.01842	0.03147	0.04759	0.67914	0.01842	0.02380	0.02380	0.01765	0.02533	0.01458	0.01919	0.01228	0.00691	0.00768	0.00230	0.00921	0.00691	0.00384	0.01228
115	0.00945	0.00675	0.00900	0.01080	0.01125	0.00630	0.00720	0.01080	0.01484	0.01979	0.04274	0.72245	0.05128	0.02429	0.00990	0.00315	0.00450	0.02204	0.00720	0.00630
116	0.01080	0.00779	0.01021	0.00987	0.01154	0.00720	0.00730	0.01419	0.02114	0.02980	0.60273	0.13392	0.07066	0.01682	0.00923	0.00252	0.00375	0.01494	0.00838	0.00720
117	0.01464	0.01378	0.02326	0.70887	0.05340	0.01723	0.02153	0.01981	0.01550	0.01981	0.01378	0.02067	0.01034	0.00775	0.00775	0.00258	0.01034	0.00689	0.00345	0.00861
118	0.01929	0.01666	0.01753	0.01578	0.02016	0.01929	0.01227	0.04120	0.66513	0.03243	0.03156	0.02893	0.02367	0.01052	0.00789	0.00263	0.00614	0.00877	0.00789	0.01227
119	0.03479	0.01320	0.01799	0.01380	0.01979	0.01140	0.01140	0.03779	0.02219	0.68451	0.03059	0.02639	0.01919	0.00960	0.00780	0.00240	0.00660	0.00780	0.00960	0.01320
120	0.01192	0.00809	0.01063	0.00998	0.01192	0.00744	0.00748	0.01544	0.02162	0.05847	0.61737	0.08825	0.06981	0.01599	0.00912	0.00247	0.00382	0.01414	0.00852	0.00752
121	0.01929	0.01666	0.01753	0.01578	0.02016	0.01929	0.01227	0.04120	0.66513	0.03243	0.03156	0.02893	0.02367	0.01052	0.00789	0.00263	0.00614	0.00877	0.00789	0.01227
122	0.78228	0.01499	0.01140	0.01020	0.01499	0.01739	0.00840	0.02279	0.01320	0.03479	0.01080	0.01260	0.00840	0.00720	0.00480	0.00240	0.00600	0.00420	0.00480	0.00840
123	0.02947	0.02172	0.02327	0.01784	0.02404	0.02404	0.01474	0.65329	0.03646	0.04887	0.01862	0.01862	0.01319	0.00931	0.00776	0.00233	0.00853	0.00698	0.00776	0.01319
124	0.00943	0.00679	0.00895	0.01067	0.01121	0.00631	0.00714	0.01081	0.01497	0.01984	0.04427	0.69477	0.07797	0.02409	0.00987	0.00313	0.00447	0.02180	0.00720	0.00631
125	0.12776	0.01416	0.01763	0.01370	0.01956	0.01325	0.01131	0.08948	0.02231	0.54798	0.02707	0.02399	0.01732	0.00927	0.00742	0.00239	0.00669	0.00728	0.00884	0.01259
126	0.01785	0.06321	0.56315	0.02219	0.06349	0.01786	0.02609	0.02579	0.01699	0.09016	0.01549	0.01736	0.01088	0.00754	0.00733	0.00241	0.01074	0.00593	0.00393	0.01161
127	0.02896	0.03695	0.02197	0.01998	0.02397	0.69638	0.01498	0.03096	0.02197	0.01898	0.01199	0.01398	0.00999	0.00799	0.00699	0.00200	0.01398	0.00499	0.00400	0.00899
128	0.02073	0.73217	0.04063	0.01327	0.01990	0.03068	0.01327	0.02322	0.01575	0.01824	0.01078	0.01244	0.00995	0.00663	0.00498	0.00166	0.00829	0.00415	0.00332	0.00995
129	0.01584	0.01370	0.01679	0.01220	0.01882	0.01047	0.03167	0.01930	0.01610	0.02499	0.01522	0.04973	0.01338	0.00665	0.00606	0.00129	0.00594	0.00558	0.00469	0.71158
130	0.00945	0.00675	0.00900	0.01080	0.01125	0.00630	0.00720	0.01080	0.01484	0.01979	0.04274	0.72245	0.05128	0.02429	0.00990	0.00315	0.00450	0.02204	0.00720	0.00630
131	0.01793	0.01982	0.03963	0.02925	0.03491	0.02076	0.47467	0.02312	0.01651	0.02312	0.01415	0.01982	0.01132	0.00849	0.01368	0.00283	0.20779	0.00849	0.00377	0.00991
132	0.01018	0.00706	0.00878	0.00985	0.01012	0.00679	0.00619	0.01099	0.01341	0.01788	0.03536	0.45193	0.04198	0.30750	0.02180	0.00491	0.00571	0.01771	0.00619	0.00565
133	0.01464	0.01378	0.02326	0.70887	0.05340	0.01723	0.02153	0.01981	0.01550	0.01981	0.01378	0.02067	0.01034	0.00775	0.00775	0.00258	0.01034	0.00689	0.00345	0.00861
134	0.01608	0.01378	0.01608	0.01148	0.01837	0.01034	0.00919	0.01952	0.01608	0.02527	0.01378	0.01608	0.01148	0.00574	0.00574	0.00115	0.00574	0.00459	0.00459	0.77491
135	0.02824	0.03578	0.02204	0.05492	0.02546	0.66193	0.01531	0.03040	0.02164	0.01902	0.01208	0.01432	0.01001	0.00798	0.00703	0.00203	0.01380	0.00509	0.00397	0.00897
136	0.01608	0.01378	0.01608	0.01148	0.01837	0.01034	0.00919	0.01952	0.01608	0.02527	0.01378	0.01608	0.01148	0.00574	0.00574	0.00115	0.00574	0.00459	0.00459	0.77491
137	0.10535	0.15478	0.47343	0.01962	0.02934	0.02017	0.04796	0.02413	0.01597	0.02467	0.01309	0.01544	0.00975	0.00719	0.00673	0.00232	0.01035	0.00541	0.00348	0.01081
138	0.02896	0.03695	0.02197	0.01998	0.02397	0.69638	0.01498	0.03096	0.02197	0.01898	0.01199	0.01398	0.00999	0.00799	0.00699	0.00200	0.01398	0.00499	0.00400	0.00899
139	0.00952	0.00678	0.00898	0.01071	0.01114	0.00635	0.00710	0.01081	0.01471	0.01961	0.04202	0.69638	0.05039	0.05158	0.01104	0.00332	0.00462	0.02162	0.00710	0.00624
140	0.01133	0.00839	0.00980	0.00934	0.01168	0.00760	0.00708	0.01392	0.01912	0.05719	0.28523	0.09120	0.38164	0.01779	0.00964	0.00259	0.02656	0.01504	0.00767	0.00720
141	0.02943	0.02305	0.02316	0.01803	0.02404	0.08301	0.01476	0.59871	0.03519	0.04624	0.01803	0.01821	0.01291	0.00919	0.00769	0.00230	0.00901	0.00681	0.00743	0.01282
142	0.01919	0.01842	0.03147	0.04759	0.67914	0.01842	0.02380	0.02380	0.01765	0.02533	0.01458	0.01919	0.01228	0.00691	0.00768	0.00230	0.00921	0.00691	0.00384	0.01228
143	0.00953	0.00678	0.00897	0.01068	0.01111	0.00636	0.00708	0.01082	0.01467	0.01956	0.04186	0.69020	0.05017	0.05805	0.01132	0.00336	0.00464	0.02153	0.00708	0.00622
144	0.12232	0.07903	0.02306	0.01672	0.02258	0.08434	0.01385	0.46846	0.03060	0.04197	0.01642	0.01696	0.01204	0.00871	0.00710	0.00225	0.00869	0.00623	0.00669	0.01195
145	0.01585	0.06328	0.63618	0.02227	0.03340	0.01852	0.05595	0.02452	0.01643	0.02435	0.01388	0.01644	0.00991	0.00730	0.00736	0.00243	0.01142	0.00583	0.00330	0.01136
146	0.02914	0.02107	0.02303	0.01776	0.02366	0.02341	0.01468	0.59245	0.03457	0.07878	0.01880	0.01892	0.01334	0.00953	0.00861	0.00238	0.04227	0.00701	0.00764	0.01296
147	0.04217	0.03923	0.66387	0.02169	0.03291	0.01799	0.02794	0.02449	0.01626	0.02491	0.01381	0.01624	0.00977	0.00736	0.00728	0.00245	0.01127	0.00568	0.00333	0.01135
148	0.08586	0.19263	0.32486	0.01763	0.02596	0.02143	0.01974	0.13722	0.01986	0.02872	0.04730	0.01765	0.01355	0.00796	0.00675	0.00224	0.00933	0.00588	0.00449	0.01095
149	0.02603	0.05982	0.16845	0.01855	0.02591	0.02305	0.01769	0.48637	0.03110	0.04211	0.01722	0.01783	0.01230	0.00876	0.00754	0.00232	0.00916	0.00657	0.00657	0.01266
150	0.06894	0.31839	0.38050	0.01773	0.02679	0.02309	0.02107	0.02390	0.01591	0.02269	0.01244	0.01453	0.00978	0.00706	0.00623	0.00213	0.00981	0.00499	0.00339	0.01064
151	0.07559	0.43968	0.18481	0.01544	0.02284	0.05001	0.01641	0.02505	0.04298	0.04579	0.01313	0.01460	0.01071	0.00716	0.00581	0.00198	0.00891	0.00487	0.00386	0.01036
152	0.05475	0.24208	0.37095	0.01857	0.02748	0.02163	0.04420	0.02563	0.05588	0.05025	0.01464	0.01635	0.01109	0.00739	0.00665	0.00223	0.00979	0.00558	0.00392	0.01095

[dist]
# distance from previous block
# <min> <max>
7	17

[block]
# block no. 1 follows, 25 sequences, length 29
# corresponding to MSA columns:
# 194-222
name=unknown_B
#
# <colnr> <probs for GDERKNQSTAVLIFYWHMCP>
#	G	D	E	R	K	N	Q	S	T	A	V	L	I	F	Y	W	H	M	C	P
0	0.04864	0.01641	0.02093	0.01691	0.02080	0.01837	0.04441	0.13802	0.06871	0.06965	0.01768	0.06129	0.01511	0.01073	0.01309	0.00251	0.23295	0.00752	0.00549	0.17078
1	0.22781	0.01821	0.01863	0.01472	0.02050	0.01967	0.01207	0.33963	0.06511	0.07891	0.01747	0.01781	0.01271	0.00843	0.00675	0.00223	0.00728	0.00612	0.00672	0.09922
2	0.08518	0.01833	0.01917	0.01635	0.04394	0.05931	0.01261	0.33337	0.05913	0.06197	0.11094	0.05683	0.02335	0.01044	0.00765	0.00231	0.00746	0.00830	0.00712	0.05625
3	0.50250	0.09688	0.01705	0.01212	0.01736	0.04840	0.01019	0.08345	0.01712	0.11321	0.01400	0.01489	0.01041	0.00766	0.00556	0.00229	0.00691	0.00493	0.00546	0.00963
4	0.01694	0.01612	0.02740	0.37514	0.36920	0.01783	0.02268	0.02182	0.01659	0.02260	0.01419	0.01992	0.01132	0.00733	0.00771	0.00244	0.00977	0.00690	0.00364	0.01046
5	0.01885	0.01808	0.03086	0.09679	0.63259	0.01833	0.02363	0.02350	0.01749	0.02492	0.01452	0.01930	0.01214	0.00697	0.00768	0.00232	0.00929	0.00691	0.00381	0.01201
6	0.01108	0.00831	0.01246	0.01246	0.01385	0.00969	0.00969	0.01385	0.01246	0.01800	0.02077	0.03046	0.01938	0.05815	0.69678	0.01246	0.02077	0.00831	0.00415	0.00692
7	0.01058	0.00826	0.01029	0.05139	0.01373	0.00765	0.00769	0.01375	0.02010	0.02694	0.43102	0.06138	0.27556	0.01666	0.00907	0.00251	0.00415	0.01439	0.00777	0.00713
8	0.01608	0.01378	0.01608	0.01148	0.01837	0.01034	0.00919	0.01952	0.01608	0.02527	0.01378	0.01608	0.01148	0.00574	0.00574	0.00115	0.00574	0.00459	0.00459	0.77491
9	0.01608	0.01378	0.01608	0.01148	0.01837	0.01034	0.00919	0.01952	0.01608	0.02527	0.01378	0.01608	0.01148	0.00574	0.00574	0.00115	0.00574	0.00459	0.00459	0.77491
10	0.01832	0.01754	0.02991	0.17341	0.56008	0.01819	0.02337	0.02304	0.01725	0.02428	0.01443	0.01947	0.01191	0.00707	0.00769	0.00236	0.00943	0.00691	0.00376	0.01158
11	0.00916	0.00785	0.00785	0.00785	0.01047	0.00655	0.00589	0.01113	0.01767	0.02095	0.07855	0.07462	0.67599	0.01964	0.00916	0.00262	0.00393	0.01636	0.00720	0.00655
12	0.03365	0.01294	0.01763	0.01360	0.01940	0.01120	0.01120	0.03668	0.02218	0.65338	0.06129	0.02789	0.02176	0.00989	0.00786	0.00240	0.00646	0.00809	0.00955	0.01292
13	0.01762	0.01373	0.01624	0.01168	0.01849	0.01042	0.00937	0.02103	0.01658	0.07974	0.01517	0.01693	0.01212	0.00606	0.00591	0.00125	0.00581	0.00486	0.00501	0.71197
14	0.01168	0.00839	0.01135	0.01185	0.01365	0.00806	0.00971	0.01529	0.02005	0.02745	0.38209	0.07157	0.05997	0.01842	0.00987	0.00296	0.00527	0.29724	0.00789	0.00723
15	0.01666	0.01652	0.02316	0.01995	0.02002	0.02302	0.01659	0.01841	0.01190	0.01863	0.01073	0.01766	0.01065	0.01588	0.06022	0.00386	0.67744	0.00686	0.00343	0.00840
16	0.01108	0.00831	0.01246	0.01246	0.01385	0.00969	0.00969	0.01385	0.01246	0.01800	0.02077	0.03046	0.01938	0.05815	0.69678	0.01246	0.02077	0.00831	0.00415	0.00692
17	0.16256	0.44607	0.13575	0.01412	0.02113	0.02504	0.01467	0.02423	0.01576	0.06261	0.01247	0.01393	0.01020	0.00703	0.00549	0.00197	0.00826	0.00463	0.00397	0.01010
18	0.67579	0.01547	0.01420	0.01541	0.10767	0.01754	0.01055	0.02293	0.01382	0.03347	0.01132	0.01352	0.00894	0.00716	0.00520	0.00239	0.00645	0.00458	0.00466	0.00894
19	0.01985	0.63101	0.03597	0.01242	0.01838	0.02741	0.01217	0.02250	0.01583	0.01973	0.01280	0.01474	0.01133	0.00697	0.00504	0.00168	0.00764	0.00458	0.11038	0.00957
20	0.01100	0.00798	0.01064	0.01181	0.01326	0.00762	0.00933	0.01378	0.01774	0.02355	0.17065	0.27404	0.10242	0.02105	0.01003	0.00314	0.00539	0.27228	0.00744	0.00687
21	0.01777	0.01492	0.01597	0.01467	0.01829	0.01703	0.01123	0.03554	0.53572	0.02946	0.03112	0.03542	0.02554	0.11121	0.01246	0.00337	0.00639	0.04557	0.00740	0.01091
22	0.01510	0.09445	0.53753	0.01936	0.02918	0.01749	0.02416	0.02257	0.01650	0.02351	0.02267	0.02416	0.10279	0.00902	0.00741	0.00241	0.01014	0.00708	0.00383	0.01065
23	0.05718	0.04409	0.01748	0.01335	0.01839	0.01247	0.01084	0.06096	0.04137	0.46875	0.04938	0.12305	0.02433	0.01163	0.00790	0.00248	0.00634	0.00967	0.00864	0.01171
24	0.01937	0.63111	0.03641	0.01278	0.01874	0.02742	0.01244	0.02202	0.01662	0.02004	0.10347	0.01878	0.01877	0.00792	0.00556	0.00177	0.00765	0.00552	0.00404	0.00958
25	0.01545	0.01436	0.02403	0.38860	0.25840	0.01610	0.02030	0.01990	0.01614	0.02167	0.01809	0.11810	0.01671	0.00978	0.00803	0.00257	0.00914	0.00901	0.00410	0.00953
26	0.01873	0.11834	0.03625	0.09810	0.34070	0.02038	0.20865	0.02366	0.01739	0.02370	0.01431	0.01889	0.01163	0.00684	0.00774	0.00233	0.01033	0.00719	0.00375	0.01108
27	0.01972	0.01964	0.03161	0.04523	0.60917	0.05846	0.05405	0.02427	0.01794	0.02493	0.01449	0.01897	0.01212	0.00695	0.00771	0.00230	0.00968	0.00691	0.00385	0.01200
28	0.02403	0.05607	0.27038	0.01599	0.02350	0.01421	0.01717	0.02936	0.01886	0.31266	0.02263	0.02231	0.01532	0.00854	0.00717	0.00230	0.00810	0.00677	0.11310	0.01156

[dist]
# distance from previous block
# <min> <max>
0	6

[block]
# block no. 2 follows, 25 sequences, length 9
# corresponding to MSA columns:
# 229-237
name=unknown_C
#
# <colnr> <probs for GDERKNQSTAVLIFYWHMCP>
#	G	D	E	R	K	N	Q	S	T	A	V	L	I	F	Y	W	H	M	C	P
0	0.02022	0.01436	0.02498	0.06421	0.08163	0.01390	0.18937	0.02394	0.01787	0.19872	0.02697	0.15383	0.04742	0.04180	0.01072	0.00287	0.04000	0.01108	0.00613	0.00999
1	0.01693	0.01106	0.04008	0.01267	0.01570	0.01013	0.01038	0.04147	0.03754	0.16212	0.18771	0.11486	0.03731	0.02641	0.19227	0.00526	0.00970	0.05248	0.00709	0.00882
2	0.02029	0.17226	0.38217	0.01921	0.02832	0.02213	0.02189	0.19195	0.02160	0.02979	0.01455	0.01619	0.01074	0.00774	0.00700	0.00226	0.01005	0.00575	0.00448	0.01162
3	0.02148	0.01491	0.02363	0.25887	0.22297	0.01603	0.01855	0.02562	0.01772	0.19897	0.01874	0.02186	0.01364	0.00842	0.00877	0.00247	0.05316	0.00714	0.03621	0.01084
4	0.01720	0.01779	0.03412	0.13226	0.20887	0.01818	0.29431	0.02225	0.01698	0.02338	0.01688	0.07640	0.01475	0.00875	0.00980	0.00263	0.06212	0.00909	0.00405	0.01020
5	0.02092	0.01455	0.02348	0.39231	0.16860	0.01591	0.01928	0.02539	0.01771	0.19816	0.01842	0.02190	0.01308	0.00808	0.00775	0.00248	0.00912	0.00714	0.00516	0.01056
6	0.01677	0.01635	0.02893	0.38246	0.28737	0.01795	0.09461	0.02189	0.01663	0.02246	0.01430	0.02014	0.01123	0.00730	0.00788	0.00248	0.01023	0.00716	0.00365	0.01021
7	0.02980	0.01335	0.01748	0.01318	0.01941	0.01111	0.01081	0.03292	0.02056	0.50871	0.02611	0.02364	0.01714	0.00857	0.00725	0.00207	0.00637	0.00694	0.00826	0.21632
8	0.02980	0.01335	0.01748	0.01318	0.01941	0.01111	0.01081	0.03292	0.02056	0.50871	0.02611	0.02364	0.01714	0.00857	0.00725	0.00207	0.00637	0.00694	0.00826	0.21632

[dist]
# distance from previous block
# <min> <max>
0	31

[block]
# block no. 3 follows, 25 sequences, length 16
# corresponding to MSA columns:
# 269-284
name=unknown_D
#
# <colnr> <probs for GDERKNQSTAVLIFYWHMCP>
#	G	D	E	R	K	N	Q	S	T	A	V	L	I	F	Y	W	H	M	C	P
0	0.01106	0.00679	0.00937	0.01039	0.01065	0.00654	0.00687	0.01057	0.01286	0.01714	0.03070	0.42029	0.03576	0.06937	0.01934	0.29040	0.00552	0.01567	0.00562	0.00511
1	0.01647	0.01499	0.02115	0.42154	0.03962	0.01827	0.01789	0.02772	0.25706	0.02446	0.02024	0.02359	0.01529	0.00903	0.00856	0.00264	0.03884	0.00758	0.00510	0.00997
2	0.02622	0.28607	0.02973	0.01614	0.02250	0.02651	0.01419	0.41885	0.02875	0.03747	0.01570	0.01632	0.01198	0.00831	0.00672	0.00208	0.00844	0.00593	0.00610	0.01198
3	0.30958	0.01922	0.01885	0.01500	0.02068	0.02157	0.01238	0.41869	0.02780	0.04363	0.01571	0.01638	0.01140	0.00852	0.00666	0.00235	0.00759	0.00595	0.00666	0.01140
4	0.01786	0.01306	0.01517	0.01276	0.01622	0.01354	0.01008	0.25226	0.02735	0.03771	0.43080	0.04329	0.05084	0.01342	0.00863	0.00240	0.00547	0.01140	0.00825	0.00950
5	0.00916	0.00785	0.00785	0.00785	0.01047	0.00655	0.00589	0.01113	0.01767	0.02095	0.07855	0.07462	0.67599	0.01964	0.00916	0.00262	0.00393	0.01636	0.00720	0.00655
6	0.06518	0.02768	0.28232	0.02733	0.03633	0.01887	0.37913	0.02460	0.01726	0.02536	0.01472	0.01870	0.01083	0.00689	0.00821	0.00254	0.01203	0.00757	0.00374	0.01070
7	0.01441	0.02850	0.43624	0.01919	0.02705	0.01463	0.02264	0.02140	0.01692	0.02405	0.02401	0.04282	0.02277	0.01260	0.00861	0.00287	0.00985	0.23688	0.00471	0.00985
8	0.00945	0.00675	0.00900	0.01080	0.01125	0.00630	0.00720	0.01080	0.01484	0.01979	0.04274	0.72245	0.05128	0.02429	0.00990	0.00315	0.00450	0.02204	0.00720	0.00630
9	0.01464	0.01378	0.02326	0.70887	0.05340	0.01723	0.02153	0.01981	0.01550	0.01981	0.01378	0.02067	0.01034	0.00775	0.00775	0.00258	0.01034	0.00689	0.00345	0.00861
10	0.30241	0.01841	0.03201	0.05323	0.03158	0.01868	0.38496	0.02386	0.01628	0.02832	0.01379	0.01781	0.01045	0.00683	0.00747	0.00253	0.01032	0.00721	0.00423	0.00961
11	0.01687	0.01582	0.03142	0.02321	0.02881	0.01500	0.41078	0.02232	0.01754	0.02635	0.01926	0.02389	0.01478	0.00747	0.00776	0.00231	0.00955	0.00843	0.28917	0.00926
12	0.01115	0.00801	0.01097	0.01097	0.01184	0.00888	0.00783	0.01289	0.01202	0.01690	0.02213	0.03801	0.02266	0.30721	0.45220	0.01062	0.01584	0.00941	0.00436	0.00610
13	0.02202	0.01615	0.01796	0.01522	0.01928	0.01744	0.01193	0.41423	0.02841	0.03805	0.02759	0.28050	0.02736	0.01488	0.00855	0.00263	0.00703	0.01258	0.00755	0.01062
14	0.01839	0.46243	0.02820	0.01102	0.01586	0.02195	0.01035	0.02130	0.01594	0.02221	0.01618	0.01857	0.01364	0.00753	0.00514	0.00171	0.00655	0.00529	0.28879	0.00894
15	0.02902	0.01448	0.01782	0.01453	0.01993	0.01433	0.01172	0.03906	0.26142	0.44188	0.03095	0.02733	0.02086	0.00994	0.00783	0.00248	0.00643	0.00816	0.00896	0.01285

[dist]
# distance from previous block
# <min> <max>
0	83

[block]
# block no. 4 follows, 25 sequences, length 14
# corresponding to MSA columns:
# 368-381
name=unknown_E
#
# <colnr> <probs for GDERKNQSTAVLIFYWHMCP>
#	G	D	E	R	K	N	Q	S	T	A	V	L	I	F	Y	W	H	M	C	P
0	0.01630	0.01456	0.01796	0.01366	0.01886	0.01363	0.01110	0.01931	0.01505	0.02364	0.01290	0.01630	0.01116	0.00766	0.01058	0.00170	0.17933	0.00513	0.00430	0.58688
1	0.01604	0.03343	0.49104	0.02222	0.03068	0.01950	0.05827	0.02312	0.01537	0.02312	0.01309	0.01675	0.01001	0.00885	0.01189	0.00269	0.18373	0.00617	0.00334	0.01068
2	0.01644	0.03479	0.52643	0.02835	0.19194	0.01811	0.02746	0.02437	0.01669	0.02475	0.01408	0.01706	0.01043	0.00725	0.00744	0.00242	0.01091	0.00602	0.00341	0.01166
3	0.01073	0.01577	0.17455	0.01135	0.01614	0.00936	0.01147	0.01442	0.01735	0.02183	0.06269	0.06033	0.51256	0.01663	0.00872	0.00258	0.00578	0.01375	0.00624	0.00775
4	0.04491	0.01410	0.02026	0.46022	0.04060	0.01695	0.01760	0.02453	0.17495	0.02357	0.02281	0.02637	0.06265	0.00929	0.00778	0.00259	0.00867	0.00795	0.00486	0.00935
5	0.01748	0.39009	0.18759	0.01562	0.02221	0.02233	0.01674	0.02178	0.01641	0.02096	0.01895	0.03178	0.01843	0.01044	0.00695	0.00232	0.00876	0.15732	0.00424	0.00962
6	0.01697	0.02091	0.18650	0.36207	0.09268	0.01778	0.02222	0.02250	0.01599	0.07034	0.01473	0.01952	0.01100	0.00835	0.00956	0.00260	0.08579	0.00666	0.00388	0.00993
7	0.01528	0.01503	0.02719	0.59066	0.05115	0.01764	0.13157	0.02069	0.01599	0.02069	0.01411	0.02071	0.01059	0.00754	0.00800	0.00259	0.01081	0.00729	0.00353	0.00894
8	0.02073	0.73217	0.04063	0.01327	0.01990	0.03068	0.01327	0.02322	0.01575	0.01824	0.01078	0.01244	0.00995	0.00663	0.00498	0.00166	0.00829	0.00415	0.00332	0.00995
9	0.01128	0.00752	0.00846	0.00846	0.00846	0.00752	0.00470	0.01128	0.01128	0.01503	0.02443	0.05074	0.02819	0.72751	0.03946	0.00752	0.00752	0.01128	0.00470	0.00470
10	0.01769	0.02544	0.20208	0.03120	0.08674	0.01913	0.45124	0.02469	0.01778	0.02480	0.01517	0.01967	0.01133	0.00677	0.00860	0.00255	0.01239	0.00814	0.00376	0.01084
11	0.02203	0.01798	0.01970	0.06755	0.02379	0.02058	0.01370	0.22532	0.42646	0.03649	0.02632	0.02519	0.01950	0.00995	0.00784	0.00253	0.00717	0.00809	0.00752	0.01228
12	0.01802	0.17450	0.50963	0.01974	0.02983	0.02001	0.02432	0.02528	0.01669	0.07283	0.01455	0.01635	0.01055	0.00739	0.00693	0.00229	0.01047	0.00557	0.00376	0.01129
13	0.01370	0.01239	0.02035	0.48966	0.08843	0.01463	0.01818	0.01789	0.01550	0.02021	0.02094	0.19273	0.02052	0.01175	0.00827	0.00270	0.00882	0.01061	0.00439	0.00831

[dist]
# distance from previous block
# <min> <max>
0	18

[block]
# block no. 5 follows, 25 sequences, length 7
# corresponding to MSA columns:
# 400-406
name=unknown_F
#
# <colnr> <probs for GDERKNQSTAVLIFYWHMCP>
#	G	D	E	R	K	N	Q	S	T	A	V	L	I	F	Y	W	H	M	C	P
0	0.01738	0.10677	0.32107	0.02601	0.03528	0.02013	0.31380	0.02454	0.01719	0.02400	0.01439	0.01804	0.01073	0.00690	0.00793	0.00244	0.01186	0.00713	0.00358	0.01083
1	0.02083	0.01550	0.01693	0.01426	0.01841	0.01648	0.01126	0.37761	0.02771	0.03661	0.03572	0.19855	0.14731	0.01486	0.00854	0.00258	0.00669	0.01237	0.00752	0.01028
2	0.01536	0.01450	0.02379	0.47313	0.04368	0.01581	0.08178	0.02025	0.01592	0.02163	0.01397	0.01959	0.01076	0.00715	0.00741	0.00224	0.00951	0.00656	0.00377	0.19320
3	0.01602	0.12999	0.43229	0.01727	0.02573	0.01720	0.02088	0.02280	0.01626	0.02471	0.01621	0.01883	0.01226	0.00766	0.00656	0.00219	0.00912	0.00587	0.18792	0.01023
4	0.01528	0.17642	0.34651	0.01750	0.02559	0.01801	0.06021	0.02106	0.01668	0.02238	0.02892	0.02986	0.17029	0.01011	0.00741	0.00234	0.00909	0.00818	0.00427	0.00989
5	0.01632	0.01331	0.01880	0.08544	0.02264	0.01388	0.09119	0.16932	0.04316	0.02805	0.03252	0.30732	0.07236	0.01593	0.00898	0.00279	0.00724	0.03523	0.00657	0.00896
6	0.01588	0.01585	0.02182	0.01899	0.01992	0.05405	0.06385	0.01789	0.01361	0.01943	0.01854	0.18689	0.02018	0.01531	0.01948	0.00320	0.45204	0.01055	0.00438	0.00814

[dist]
# distance from previous block
# <min> <max>
0	10

[block]
# block no. 6 follows, 25 sequences, length 19
# corresponding to MSA columns:
# 417-435
name=unknown_G
#
# <colnr> <probs for GDERKNQSTAVLIFYWHMCP>
#	G	D	E	R	K	N	Q	S	T	A	V	L	I	F	Y	W	H	M	C	P
0	0.01464	0.01378	0.02326	0.70887	0.05340	0.01723	0.02153	0.01981	0.01550	0.01981	0.01378	0.02067	0.01034	0.00775	0.00775	0.00258	0.01034	0.00689	0.00345	0.00861
1	0.01882	0.01805	0.03081	0.10087	0.62873	0.01833	0.02361	0.02347	0.01748	0.02489	0.01452	0.01931	0.01212	0.00698	0.00768	0.00233	0.00930	0.00691	0.00381	0.01199
2	0.02463	0.03297	0.10380	0.02051	0.02502	0.47363	0.04627	0.02769	0.01953	0.01985	0.01261	0.01572	0.01052	0.01086	0.04199	0.00274	0.09300	0.00564	0.00384	0.00920
3	0.01110	0.00820	0.01190	0.01190	0.01310	0.00939	0.00900	0.01349	0.01230	0.01759	0.02128	0.03328	0.02061	0.15129	0.60532	0.01177	0.01892	0.00872	0.00423	0.00661
4	0.01555	0.04011	0.68733	0.02210	0.03356	0.01801	0.02865	0.02455	0.01637	0.02455	0.01391	0.01637	0.00982	0.00737	0.00737	0.00246	0.01146	0.00573	0.00327	0.01146
5	0.01555	0.04011	0.68733	0.02210	0.03356	0.01801	0.02865	0.02455	0.01637	0.02455	0.01391	0.01637	0.00982	0.00737	0.00737	0.00246	0.01146	0.00573	0.00327	0.01146
