[name]
unknown

[dist]
# distance from previous block
# <min> <max>
31	106

[block]
# block no. 0 follows, 24 sequences, length 19
# corresponding to MSA columns:
# 120-138
name=unknown_A
#
# <colnr> <probs for GDERKNQSTAVLIFYWHMCP>
#	G	D	E	R	K	N	Q	S	T	A	V	L	I	F	Y	W	H	M	C	P
0	0.09744	0.01388	0.01698	0.01357	0.01899	0.01316	0.01102	0.06478	0.08803	0.40669	0.10279	0.02875	0.02482	0.01020	0.00774	0.00241	0.00634	0.00826	0.00867	0.05547
1	0.16701	0.06183	0.39759	0.01938	0.02834	0.01896	0.05148	0.08229	0.01803	0.02901	0.01537	0.04879	0.01216	0.00842	0.00715	0.00249	0.00995	0.00654	0.00431	0.01091
2	0.01954	0.05108	0.09919	0.08114	0.30753	0.01609	0.01927	0.02417	0.01876	0.11782	0.10691	0.06112	0.02350	0.00971	0.00803	0.00244	0.00833	0.00870	0.00547	0.01120
3	0.01663	0.01752	0.03478	0.09005	0.03485	0.01695	0.39612	0.02182	0.01737	0.02384	0.01989	0.13287	0.01832	0.00998	0.00978	0.00266	0.04221	0.01074	0.00454	0.07907
4	0.01124	0.00769	0.00862	0.00870	0.00897	0.00754	0.00503	0.01150	0.01231	0.01616	0.03105	0.08408	0.09021	0.62386	0.03608	0.00701	0.00720	0.01252	0.00516	0.00506
5	0.02619	0.01937	0.02095	0.07899	0.02457	0.05052	0.01393	0.42790	0.03003	0.07313	0.01991	0.02354	0.01541	0.08651	0.01129	0.00294	0.00867	0.00757	0.04697	0.01160
6	0.01650	0.01622	0.02321	0.49780	0.04437	0.06798	0.02006	0.02081	0.01566	0.02030	0.01367	0.02021	0.01086	0.00913	0.01123	0.00273	0.14324	0.00690	0.03036	0.00876
7	0.01622	0.00878	0.00893	0.00841	0.01068	0.00901	0.00644	0.07733	0.01857	0.03148	0.02523	0.02858	0.01968	0.00927	0.00577	0.00190	0.00417	0.00737	0.69424	0.00796
8	0.02716	0.01335	0.01679	0.01368	0.01817	0.01301	0.01077	0.11424	0.05889	0.36904	0.02753	0.03093	0.02072	0.14207	0.08276	0.00443	0.00862	0.00861	0.00800	0.01124
9	0.02949	0.02031	0.05879	0.01634	0.02239	0.08059	0.01391	0.25928	0.04509	0.27924	0.02761	0.02596	0.06381	0.01020	0.00796	0.00241	0.00827	0.00794	0.00797	0.01246
10	0.01857	0.01776	0.03028	0.19703	0.53175	0.01856	0.02381	0.02341	0.01756	0.02463	0.01473	0.01997	0.01211	0.00726	0.00787	0.00242	0.00968	0.00706	0.00383	0.01171
11	0.00973	0.00702	0.00922	0.01084	0.01148	0.00651	0.00730	0.01126	0.01571	0.02091	0.07836	0.64968	0.08434	0.02415	0.01004	0.00316	0.00453	0.02182	0.00743	0.00651
12	0.01442	0.01260	0.02025	0.53884	0.04422	0.01519	0.01834	0.01927	0.01663	0.02239	0.07893	0.02747	0.03963	0.00925	0.00785	0.00254	0.00897	0.00809	0.08664	0.00846
13	0.15627	0.01649	0.01879	0.01483	0.02055	0.01700	0.01221	0.24186	0.02556	0.31721	0.02313	0.02216	0.01570	0.01221	0.04741	0.00303	0.00817	0.00710	0.00803	0.01230
14	0.00989	0.00706	0.00946	0.01130	0.01186	0.00664	0.00776	0.01144	0.01541	0.02050	0.04358	0.67001	0.05195	0.02463	0.01018	0.00325	0.00480	0.06640	0.00736	0.00650
15	0.01736	0.01539	0.02345	0.56791	0.04850	0.01871	0.02051	0.10845	0.05551	0.02513	0.01582	0.02133	0.01176	0.00831	0.00794	0.00261	0.01007	0.00717	0.00440	0.00967
16	0.07779	0.01366	0.01657	0.01275	0.01874	0.01182	0.01031	0.02881	0.05574	0.29660	0.07012	0.02445	0.02013	0.00865	0.00705	0.00198	0.00612	0.00698	0.00732	0.30441
17	0.12895	0.31909	0.06453	0.01608	0.02276	0.02599	0.04191	0.23741	0.02317	0.03240	0.01417	0.01550	0.01117	0.00784	0.00635	0.00212	0.00862	0.00555	0.00519	0.01120
18	0.09400	0.25334	0.02734	0.01525	0.02133	0.05466	0.01326	0.29513	0.02545	0.03479	0.01544	0.01655	0.01204	0.00816	0.00647	0.00206	0.00828	0.00572	0.04157	0.04916

[dist]
# distance from previous block
# <min> <max>
0	1

[block]
# block no. 1 follows, 24 sequences, length 19
# corresponding to MSA columns:
# 140-158
name=unknown_B
#
# <colnr> <probs for GDERKNQSTAVLIFYWHMCP>
#	G	D	E	R	K	N	Q	S	T	A	V	L	I	F	Y	W	H	M	C	P
0	0.15202	0.04255	0.07960	0.01466	0.02054	0.03930	0.01301	0.17425	0.02329	0.19953	0.08174	0.02366	0.01978	0.00940	0.00722	0.00233	0.00743	0.00719	0.04223	0.04026
1	0.05137	0.02090	0.03242	0.06019	0.08311	0.06766	0.27080	0.13414	0.07799	0.06961	0.01808	0.02093	0.01347	0.00819	0.00898	0.00256	0.03494	0.00798	0.00539	0.01131
2	0.01028	0.00756	0.01004	0.01126	0.01185	0.00745	0.00773	0.01190	0.01574	0.02135	0.11535	0.57707	0.05213	0.05351	0.01208	0.00334	0.03716	0.02037	0.00723	0.00660
3	0.01710	0.01626	0.02762	0.40359	0.33667	0.01818	0.02308	0.02212	0.01686	0.02284	0.01447	0.02045	0.01148	0.00753	0.00789	0.00251	0.01005	0.00706	0.00371	0.01052
4	0.01835	0.15155	0.30515	0.01845	0.02643	0.02121	0.01989	0.03164	0.27123	0.02718	0.02084	0.02114	0.01569	0.00868	0.00732	0.00244	0.00899	0.00681	0.00523	0.01178
5	0.01627	0.03762	0.57740	0.02354	0.03416	0.01895	0.08801	0.02476	0.01664	0.02476	0.01416	0.01723	0.01026	0.00785	0.00888	0.00259	0.05580	0.00627	0.00342	0.01143
6	0.00976	0.00698	0.00929	0.01098	0.01152	0.00651	0.00737	0.01129	0.01564	0.02097	0.08271	0.67508	0.05385	0.02430	0.01007	0.00318	0.00455	0.02203	0.00745	0.00651
7	0.02962	0.03779	0.02247	0.02043	0.02451	0.68948	0.01532	0.03166	0.02247	0.01941	0.01226	0.01430	0.01021	0.00817	0.00715	0.00204	0.01430	0.00511	0.00409	0.00919
8	0.01102	0.00918	0.01482	0.01422	0.01599	0.00853	0.10376	0.01325	0.01593	0.02111	0.04212	0.56496	0.09034	0.02175	0.00995	0.00310	0.00589	0.02013	0.00685	0.00710
9	0.00983	0.00702	0.00940	0.01123	0.01177	0.00659	0.00765	0.01133	0.01535	0.02043	0.04361	0.68214	0.05208	0.02468	0.01017	0.00324	0.00475	0.05488	0.00736	0.00649
10	0.01125	0.00757	0.00873	0.00901	0.00908	0.00750	0.00519	0.01146	0.01209	0.01612	0.02784	0.15324	0.03243	0.61506	0.03575	0.00701	0.00722	0.01321	0.00519	0.00505
11	0.02120	0.72609	0.04155	0.01357	0.02035	0.03138	0.01357	0.02374	0.01611	0.01866	0.01102	0.01272	0.01018	0.00678	0.00509	0.00170	0.00848	0.00424	0.00339	0.01018
12	0.01822	0.02510	0.17083	0.03225	0.07988	0.01965	0.48287	0.02528	0.01829	0.02538	0.01561	0.02036	0.01167	0.00688	0.00890	0.00262	0.01279	0.00852	0.00387	0.01102
13	0.00966	0.00690	0.00920	0.01104	0.01150	0.00644	0.00736	0.01104	0.01518	0.02024	0.04371	0.71614	0.05245	0.02484	0.01012	0.00322	0.00460	0.02254	0.00736	0.00644
14	0.00956	0.00731	0.00878	0.00996	0.01122	0.00653	0.00688	0.01116	0.01622	0.02066	0.05682	0.48710	0.27302	0.02314	0.00985	0.00303	0.00439	0.02046	0.00736	0.00653
15	0.03014	0.02221	0.02380	0.01825	0.02459	0.02459	0.01507	0.64541	0.03728	0.04998	0.01904	0.01904	0.01349	0.00952	0.00793	0.00238	0.00873	0.00714	0.00793	0.01349
16	0.01608	0.03821	0.60244	0.02239	0.03272	0.01911	0.02788	0.02440	0.01620	0.02440	0.01378	0.01681	0.01009	0.00829	0.00973	0.00262	0.09415	0.00599	0.00336	0.01136
17	0.02860	0.03514	0.02206	0.01963	0.02407	0.60278	0.01484	0.06111	0.02273	0.02143	0.01274	0.01470	0.01050	0.00806	0.00709	0.00199	0.01336	0.00518	0.00432	0.06967
18	0.01134	0.00843	0.01242	0.01242	0.01372	0.00974	0.00951	0.01395	0.01265	0.01817	0.02154	0.03280	0.02054	0.11191	0.63843	0.01234	0.02017	0.00874	0.00429	0.00690

[dist]
# distance from previous block
# <min> <max>
2	6

[block]
# block no. 2 follows, 24 sequences, length 48
# corresponding to MSA columns:
# 165-212
name=unknown_C
#
# <colnr> <probs for GDERKNQSTAVLIFYWHMCP>
#	G	D	E	R	K	N	Q	S	T	A	V	L	I	F	Y	W	H	M	C	P
0	0.06906	0.09135	0.02267	0.01724	0.02159	0.23360	0.01389	0.13167	0.05916	0.05268	0.05239	0.01938	0.01566	0.00956	0.00977	0.00232	0.10902	0.00642	0.00539	0.05717
1	0.01395	0.11300	0.01881	0.06030	0.05218	0.01523	0.01158	0.01648	0.01640	0.02154	0.11809	0.04346	0.22283	0.06229	0.04661	0.00346	0.13938	0.01090	0.00548	0.00801
2	0.02723	0.07952	0.02324	0.01931	0.02356	0.50124	0.01489	0.05575	0.11036	0.02243	0.01514	0.01662	0.01229	0.00871	0.00790	0.00218	0.03933	0.00573	0.00472	0.00987
3	0.00988	0.00837	0.00857	0.00847	0.01116	0.00723	0.00637	0.01277	0.04226	0.02255	0.11778	0.07343	0.60487	0.01948	0.00932	0.00267	0.00408	0.01629	0.00748	0.00697
4	0.01628	0.01610	0.02880	0.33031	0.04164	0.01698	0.21118	0.02256	0.05464	0.02329	0.01753	0.06240	0.01446	0.00847	0.00826	0.00251	0.01026	0.00851	0.00431	0.10153
5	0.02014	0.01458	0.01721	0.01263	0.01940	0.01188	0.01017	0.05925	0.04285	0.12257	0.01757	0.01863	0.01347	0.00684	0.00638	0.00149	0.00618	0.00548	0.00576	0.58753
6	0.01628	0.03837	0.59472	0.02406	0.03528	0.01864	0.11215	0.02515	0.01701	0.02515	0.01448	0.01737	0.01031	0.00742	0.00778	0.00253	0.01194	0.00633	0.00344	0.01158
7	0.04224	0.48455	0.13757	0.01489	0.02174	0.06132	0.01537	0.02345	0.01714	0.02160	0.08053	0.01833	0.01690	0.00798	0.00603	0.00195	0.00873	0.00560	0.00403	0.01004
8	0.01122	0.00811	0.01060	0.00998	0.01185	0.00748	0.00748	0.01496	0.02245	0.03180	0.66766	0.05923	0.07482	0.01621	0.00935	0.00249	0.00374	0.01434	0.00873	0.00748
9	0.01478	0.00739	0.00739	0.00739	0.00924	0.00739	0.00554	0.01848	0.01663	0.02956	0.02587	0.02956	0.02033	0.00924	0.00554	0.00185	0.00370	0.00739	0.76534	0.00739
10	0.02163	0.01900	0.08653	0.01529	0.02029	0.07034	0.01321	0.16390	0.11174	0.12052	0.12448	0.08126	0.09251	0.01252	0.00836	0.00252	0.00740	0.01030	0.00743	0.01077
11	0.01001	0.00721	0.00942	0.01088	0.01163	0.00673	0.00748	0.01169	0.01597	0.02128	0.09778	0.56875	0.08611	0.05011	0.01121	0.00332	0.00475	0.05176	0.00738	0.00653
12	0.00964	0.00697	0.00913	0.01086	0.01145	0.00646	0.00728	0.01106	0.01535	0.02031	0.04587	0.67838	0.08881	0.02456	0.01008	0.00319	0.00457	0.02220	0.00736	0.00646
13	0.01532	0.01340	0.02094	0.02679	0.27763	0.01318	0.03726	0.02049	0.05389	0.02854	0.29859	0.04258	0.06263	0.01234	0.00877	0.00252	0.00668	0.04211	0.00649	0.00986
14	0.01824	0.01883	0.02707	0.02221	0.02392	0.06571	0.12215	0.02093	0.01416	0.02073	0.01230	0.01848	0.01120	0.01205	0.02090	0.00316	0.50772	0.00725	0.04402	0.00898
15	0.02792	0.01252	0.01642	0.01329	0.01820	0.01144	0.01071	0.03312	0.08712	0.45158	0.18944	0.03526	0.03380	0.01150	0.00833	0.00249	0.00595	0.00966	0.00937	0.01191
16	0.02678	0.02011	0.02176	0.04149	0.02404	0.02245	0.01430	0.47434	0.15163	0.04461	0.02173	0.02169	0.01578	0.00968	0.00782	0.00242	0.00804	0.00749	0.05105	0.01280
17	0.06252	0.01369	0.01916	0.39212	0.03703	0.01609	0.01629	0.08059	0.05474	0.04714	0.01840	0.02287	0.01381	0.00854	0.00726	0.00244	0.00834	0.00710	0.16256	0.00930
18	0.00966	0.00690	0.00920	0.01104	0.01150	0.00644	0.00736	0.01104	0.01518	0.02024	0.04371	0.71614	0.05245	0.02484	0.01012	0.00322	0.00460	0.02254	0.00736	0.00644
19	0.01111	0.00810	0.01045	0.00986	0.01178	0.00744	0.00740	0.01475	0.02219	0.03119	0.63301	0.06024	0.10986	0.01644	0.00935	0.00250	0.00376	0.01448	0.00865	0.00744
20	0.01675	0.01481	0.01923	0.01498	0.05185	0.01160	0.05246	0.02054	0.01667	0.02581	0.01426	0.01693	0.01180	0.00598	0.00620	0.00133	0.00655	0.00512	0.00461	0.68249
21	0.01157	0.00916	0.01239	0.01296	0.01343	0.01026	0.00947	0.01310	0.01434	0.01970	0.03446	0.44765	0.04027	0.09079	0.04889	0.00418	0.13792	0.05643	0.00623	0.00679
22	0.02805	0.02423	0.02215	0.01805	0.02351	0.16146	0.01445	0.41118	0.12240	0.04056	0.01975	0.01991	0.01456	0.00941	0.00771	0.00234	0.00937	0.00699	0.03168	0.01226
23	0.01872	0.02139	0.04679	0.03342	0.04144	0.02005	0.64305	0.02540	0.01872	0.02540	0.01604	0.02139	0.01203	0.00668	0.00936	0.00267	0.01337	0.00936	0.00401	0.01070
24	0.01626	0.08680	0.63755	0.02200	0.03339	0.01928	0.02825	0.02502	0.01670	0.02468	0.01402	0.01647	0.01005	0.00748	0.00737	0.00246	0.01150	0.00575	0.00335	0.01162
25	0.01735	0.01735	0.02429	0.02082	0.02082	0.02429	0.01735	0.01908	0.01214	0.01908	0.01041	0.01735	0.01041	0.01388	0.02602	0.00347	0.70680	0.00694	0.00347	0.00867
26	0.00983	0.00702	0.00939	0.01123	0.01176	0.00658	0.00765	0.01133	0.01535	0.02043	0.04362	0.68289	0.05209	0.02469	0.01017	0.00324	0.00474	0.05416	0.00736	0.00649
27	0.01103	0.00810	0.01033	0.00977	0.01173	0.00740	0.00733	0.01459	0.02199	0.03071	0.60600	0.06103	0.13716	0.01662	0.00935	0.00251	0.00377	0.01459	0.00859	0.00740
28	0.01164	0.00838	0.00970	0.00919	0.01173	0.00731	0.00696	0.01444	0.02017	0.06322	0.32355	0.06634	0.38284	0.01788	0.00928	0.00259	0.00406	0.01523	0.00808	0.00741
29	0.01963	0.01884	0.03219	0.04867	0.67185	0.01884	0.02434	0.02434	0.01806	0.02591	0.01492	0.01963	0.01256	0.00707	0.00785	0.00236	0.00942	0.00707	0.00393	0.01256
30	0.01028	0.00716	0.00902	0.01025	0.01056	0.00685	0.00651	0.01120	0.01397	0.01863	0.03750	0.49587	0.04462	0.25579	0.02015	0.00470	0.00562	0.01889	0.00651	0.00590
31	0.01557	0.00815	0.00823	0.00795	0.01003	0.00828	0.00603	0.05071	0.01769	0.03061	0.02552	0.02902	0.01997	0.00925	0.00567	0.00188	0.00395	0.00738	0.72639	0.00770
32	0.01878	0.02123	0.04585	0.03441	0.08223	0.01998	0.60302	0.02533	0.01867	0.02543	0.01597	0.02128	0.01207	0.00671	0.00926	0.00265	0.01311	0.00921	0.00401	0.01082
33	0.00989	0.00707	0.00945	0.01119	0.01178	0.00662	0.00766	0.01148	0.01563	0.02088	0.06766	0.65726	0.05294	0.02435	0.01014	0.00322	0.00471	0.05415	0.00741	0.00653
34	0.01221	0.00986	0.01088	0.01033	0.01313	0.00947	0.00793	0.03937	0.10945	0.02711	0.23636	0.06341	0.36343	0.01738	0.00919	0.00265	0.00455	0.03745	0.00787	0.00800
35	0.01735	0.01735	0.02429	0.02082	0.02082	0.02429	0.01735	0.01908	0.01214	0.01908	0.01041	0.01735	0.01041	0.01388	0.02602	0.00347	0.70680	0.00694	0.00347	0.00867
36	0.01759	0.01820	0.02967	0.04800	0.02697	0.02304	0.16767	0.02064	0.01385	0.02064	0.01189	0.01845	0.01080	0.01194	0.02138	0.00325	0.51571	0.00752	0.00360	0.00916
37	0.00966	0.00690	0.00920	0.01104	0.01150	0.00644	0.00736	0.01104	0.01518	0.02024	0.04371	0.71614	0.05245	0.02484	0.01012	0.00322	0.00460	0.02254	0.00736	0.00644
38	0.00966	0.00690	0.00920	0.01104	0.01150	0.00644	0.00736	0.01104	0.01518	0.02024	0.04371	0.71614	0.05245	0.02484	0.01012	0.00322	0.00460	0.02254	0.00736	0.00644
39	0.02883	0.03647	0.02259	0.02045	0.02428	0.64644	0.01545	0.03085	0.02180	0.01939	0.01214	0.01450	0.01023	0.00854	0.00837	0.00214	0.05910	0.00523	0.00405	0.00916
40	0.01829	0.02055	0.04414	0.11043	0.04296	0.01977	0.57155	0.02481	0.01839	0.02481	0.01582	0.02136	0.01186	0.00683	0.00919	0.00267	0.01305	0.00909	0.00395	0.01048
41	0.00966	0.00690	0.00920	0.01104	0.01150	0.00644	0.00736	0.01104	0.01518	0.02024	0.04371	0.71614	0.05245	0.02484	0.01012	0.00322	0.00460	0.02254	0.00736	0.00644
42	0.01922	0.01998	0.03871	0.04186	0.39026	0.01938	0.30071	0.02481	0.01835	0.02568	0.01542	0.02041	0.01232	0.00690	0.00852	0.00250	0.01118	0.00809	0.00396	0.01173
43	0.01103	0.00803	0.01038	0.00993	0.01177	0.00738	0.00740	0.01455	0.02180	0.03058	0.60058	0.09766	0.10535	0.01691	0.00940	0.00255	0.00380	0.01494	0.00858	0.00738
44	0.00948	0.00804	0.00819	0.00815	0.01078	0.00674	0.00611	0.01159	0.01833	0.02204	0.11520	0.07530	0.63338	0.01985	0.00937	0.00267	0.00400	0.01659	0.00744	0.00674
45	0.01174	0.00843	0.01141	0.01214	0.01384	0.00810	0.00982	0.01518	0.01979	0.02695	0.32166	0.14498	0.05942	0.01969	0.01015	0.00309	0.00541	0.28298	0.00795	0.00729
46	0.06608	0.68390	0.03978	0.01338	0.02005	0.03057	0.01327	0.02372	0.01596	0.01966	0.01103	0.01273	0.01008	0.00682	0.00508	0.00174	0.00834	0.00424	0.00348	0.01008
47	0.01609	0.03799	0.59934	0.06463	0.07677	0.01840	0.02855	0.02477	0.01677	0.02488	0.01427	0.01719	0.01024	0.00753	0.00758	0.00251	0.01150	0.00601	0.00340	0.01160

[dist]
# distance from previous block
# <min> <max>
0	1

[block]
# block no. 3 follows, 24 sequences, length 140
# corresponding to MSA columns:
# 214-353
name=unknown_D
#
# <colnr> <probs for GDERKNQSTAVLIFYWHMCP>
#	G	D	E	R	K	N	Q	S	T	A	V	L	I	F	Y	W	H	M	C	P
0	0.01729	0.01822	0.03440	0.08998	0.03407	0.01904	0.34519	0.02211	0.01654	0.02323	0.01610	0.06237	0.01397	0.00945	0.01268	0.00274	0.16746	0.00896	0.00411	0.08209
1	0.02278	0.01728	0.01871	0.01617	0.02107	0.01943	0.01277	0.11667	0.51013	0.10666	0.03052	0.02799	0.02237	0.01050	0.00804	0.00262	0.00663	0.00863	0.00825	0.01277
2	0.00976	0.00694	0.00917	0.01091	0.01135	0.00651	0.00722	0.01107	0.01499	0.01998	0.04270	0.68055	0.05118	0.06216	0.01174	0.00346	0.00477	0.02195	0.00722	0.00635
3	0.02202	0.50806	0.07479	0.01533	0.02168	0.13202	0.01465	0.05018	0.01783	0.02044	0.01231	0.01450	0.01085	0.01010	0.04385	0.00244	0.01031	0.00483	0.00373	0.01008
4	0.01358	0.00952	0.01186	0.04744	0.01511	0.00932	0.00864	0.01893	0.08233	0.06535	0.40971	0.05282	0.14173	0.01493	0.00881	0.00250	0.00455	0.01292	0.06168	0.00826
5	0.01019	0.00695	0.00901	0.01067	0.01127	0.00654	0.00717	0.01181	0.01533	0.02120	0.04187	0.64533	0.04913	0.02323	0.00965	0.00308	0.00451	0.02098	0.08553	0.00654
6	0.01119	0.00806	0.01066	0.01069	0.01235	0.00753	0.00811	0.01458	0.02090	0.02916	0.50225	0.15717	0.06807	0.01814	0.00966	0.00274	0.00430	0.08877	0.00836	0.00731
7	0.02636	0.04528	0.02365	0.02278	0.13240	0.21833	0.01569	0.27630	0.02691	0.03386	0.01681	0.01864	0.01297	0.00860	0.00736	0.00220	0.00996	0.00647	0.08410	0.01134
8	0.01133	0.00850	0.01274	0.01274	0.01416	0.00991	0.00991	0.01416	0.01274	0.01841	0.02124	0.03115	0.01982	0.05947	0.68989	0.01274	0.02124	0.00850	0.00425	0.00708
9	0.01782	0.01257	0.01389	0.01262	0.01594	0.01355	0.00972	0.06176	0.28099	0.06803	0.14740	0.07593	0.03346	0.01213	0.00782	0.00246	0.00525	0.01025	0.18829	0.01013
10	0.02112	0.01414	0.01620	0.01416	0.01842	0.01488	0.01125	0.08189	0.29014	0.16153	0.12783	0.04049	0.09126	0.01280	0.00852	0.00265	0.00605	0.04706	0.00839	0.01122
11	0.07484	0.01824	0.02374	0.23916	0.03387	0.08483	0.09518	0.09333	0.07796	0.06691	0.04293	0.02242	0.01554	0.00893	0.00860	0.00254	0.04044	0.00748	0.03294	0.01010
12	0.03558	0.01350	0.01840	0.01411	0.02024	0.01166	0.01166	0.03865	0.02270	0.67734	0.03128	0.02699	0.01963	0.00981	0.00797	0.00245	0.00675	0.00797	0.00981	0.01350
13	0.00966	0.00690	0.00920	0.01104	0.01150	0.00644	0.00736	0.01104	0.01518	0.02024	0.04371	0.71614	0.05245	0.02484	0.01012	0.00322	0.00460	0.02254	0.00736	0.00644
14	0.06302	0.01824	0.06570	0.12887	0.33460	0.01778	0.02032	0.05416	0.01826	0.10677	0.01648	0.02023	0.01276	0.00890	0.00964	0.03368	0.04756	0.00694	0.00476	0.01133
15	0.01756	0.04389	0.06219	0.01586	0.04269	0.01382	0.05046	0.02621	0.17296	0.10405	0.29370	0.04071	0.04263	0.01244	0.00858	0.00254	0.00630	0.02565	0.00762	0.01015
16	0.01478	0.00739	0.00739	0.00739	0.00924	0.00739	0.00554	0.01848	0.01663	0.02956	0.02587	0.02956	0.02033	0.00924	0.00554	0.00185	0.00370	0.00739	0.76534	0.00739
17	0.03012	0.02308	0.02372	0.01837	0.02459	0.06159	0.01509	0.61125	0.03646	0.04828	0.01866	0.01877	0.01330	0.00944	0.00789	0.00236	0.00904	0.00703	0.00772	0.01325
18	0.02138	0.01649	0.01786	0.01516	0.02000	0.01791	0.01196	0.16312	0.35530	0.06161	0.02756	0.05843	0.02147	0.01049	0.00772	0.00242	0.00650	0.00861	0.06118	0.09484
19	0.01377	0.00689	0.01033	0.01033	0.01033	0.00689	0.00689	0.01033	0.01033	0.01377	0.01377	0.02410	0.01377	0.02755	0.03099	0.76928	0.00689	0.00689	0.00344	0.00344
20	0.01972	0.01703	0.01793	0.01614	0.02062	0.01972	0.01255	0.04214	0.65752	0.03317	0.03228	0.02959	0.02421	0.01076	0.00807	0.00269	0.00628	0.00897	0.00807	0.01255
21	0.01769	0.01797	0.02418	0.06892	0.02336	0.05152	0.01759	0.01969	0.01284	0.01918	0.01075	0.01749	0.01041	0.01322	0.02396	0.00335	0.62879	0.00687	0.00350	0.00871
22	0.02663	0.01890	0.02087	0.01638	0.02225	0.01999	0.01330	0.40899	0.09433	0.10316	0.02240	0.06278	0.01729	0.01014	0.00782	0.00232	0.00768	0.00803	0.00768	0.10906
23	0.06494	0.41277	0.29168	0.01694	0.02556	0.02544	0.01947	0.02426	0.01620	0.02223	0.01229	0.01432	0.01003	0.00711	0.00604	0.00206	0.00962	0.00488	0.00347	0.01069
24	0.01062	0.00808	0.00976	0.00934	0.01148	0.00723	0.00701	0.01380	0.02102	0.02842	0.47620	0.06480	0.26840	0.01747	0.00936	0.00255	0.00383	0.01512	0.00828	0.00723
25	0.00966	0.00690	0.00920	0.01104	0.01150	0.00644	0.00736	0.01104	0.01518	0.02024	0.04371	0.71614	0.05245	0.02484	0.01012	0.00322	0.00460	0.02254	0.00736	0.00644
26	0.01176	0.01027	0.01793	0.01624	0.01846	0.00960	0.15502	0.01438	0.01600	0.02144	0.03728	0.55476	0.04306	0.02063	0.00994	0.00309	0.00664	0.01948	0.00658	0.00743
27	0.03558	0.01350	0.01840	0.01411	0.02024	0.01166	0.01166	0.03865	0.02270	0.67734	0.03128	0.02699	0.01963	0.00981	0.00797	0.00245	0.00675	0.00797	0.00981	0.01350
28	0.00980	0.00704	0.00922	0.01079	0.01140	0.00655	0.00723	0.01129	0.01558	0.02077	0.07931	0.63281	0.07696	0.04699	0.01104	0.00331	0.00463	0.02150	0.00735	0.00646
29	0.03115	0.02060	0.02280	0.01748	0.02379	0.02220	0.01444	0.53328	0.03459	0.16591	0.02130	0.02051	0.01462	0.00957	0.00794	0.00239	0.00836	0.00729	0.00828	0.01349
30	0.02496	0.01765	0.01941	0.01629	0.02150	0.01948	0.01299	0.18496	0.39965	0.14920	0.02896	0.02663	0.02086	0.01030	0.00802	0.00257	0.00694	0.00836	0.00834	0.01294
31	0.01101	0.00775	0.00990	0.01027	0.01179	0.00707	0.00735	0.01353	0.01890	0.04341	0.31702	0.32986	0.14242	0.02008	0.00963	0.00281	0.00421	0.01784	0.00802	0.00712
32	0.01083	0.00795	0.01015	0.00990	0.01168	0.00727	0.00731	0.01408	0.02106	0.02922	0.52568	0.14372	0.13619	0.01772	0.00945	0.00261	0.00388	0.01563	0.00841	0.00727
33	0.01133	0.00850	0.01274	0.01274	0.01416	0.00991	0.00991	0.01416	0.01274	0.01841	0.02124	0.03115	0.01982	0.05947	0.68989	0.01274	0.02124	0.00850	0.00425	0.00708
34	0.69830	0.01489	0.01208	0.01075	0.01555	0.01706	0.00882	0.02370	0.01397	0.07015	0.01267	0.01457	0.00976	0.01009	0.03914	0.00297	0.00692	0.00471	0.00515	0.00878
35	0.02913	0.03685	0.02296	0.02183	0.05670	0.65613	0.01577	0.03130	0.02225	0.01973	0.01239	0.01457	0.01033	0.00812	0.00718	0.00206	0.01406	0.00520	0.00408	0.00936
36	0.77733	0.01534	0.01166	0.01043	0.01534	0.01779	0.00859	0.02331	0.01350	0.03558	0.01104	0.01288	0.00859	0.00736	0.00491	0.00245	0.00613	0.00429	0.00491	0.00859
37	0.01815	0.01525	0.01897	0.01406	0.02030	0.01333	0.04859	0.11177	0.01966	0.02909	0.05133	0.02090	0.01613	0.03517	0.00851	0.00184	0.02718	0.00620	0.00532	0.51826
38	0.01737	0.01782	0.03318	0.15915	0.17819	0.01902	0.24969	0.02223	0.01679	0.02322	0.01651	0.06899	0.01446	0.00937	0.01134	0.00276	0.11674	0.00897	0.00405	0.01015
39	0.01478	0.00739	0.00739	0.00739	0.00924	0.00739	0.00554	0.01848	0.01663	0.02956	0.02587	0.02956	0.02033	0.00924	0.00554	0.00185	0.00370	0.00739	0.76534	0.00739
40	0.01771	0.01885	0.03446	0.02644	0.03032	0.02159	0.31494	0.02186	0.01530	0.02206	0.01361	0.01993	0.01163	0.01262	0.04961	0.00353	0.34405	0.00817	0.00376	0.00956
41	0.01794	0.01934	0.03951	0.19427	0.12287	0.01932	0.41862	0.02405	0.01795	0.02424	0.01544	0.02111	0.01175	0.00703	0.00883	0.00263	0.01221	0.00852	0.00388	0.01048
42	0.01520	0.01447	0.02196	0.01893	0.02005	0.01835	0.07798	0.01750	0.01331	0.01963	0.01796	0.11816	0.01868	0.04983	0.13295	0.00506	0.39779	0.00978	0.00425	0.00816
43	0.00993	0.00710	0.00944	0.01086	0.01156	0.00662	0.00738	0.01170	0.01641	0.02220	0.14916	0.60512	0.05623	0.02338	0.00999	0.00310	0.00446	0.02116	0.00759	0.00662
44	0.12691	0.08072	0.04490	0.03696	0.02217	0.01872	0.01273	0.23505	0.02313	0.03461	0.01510	0.01668	0.01167	0.00754	0.00650	0.00191	0.00748	0.00556	0.00563	0.28604
45	0.02255	0.38654	0.18322	0.01691	0.02442	0.11074	0.01742	0.07417	0.01908	0.05932	0.01367	0.01513	0.01093	0.00751	0.00629	0.00202	0.00989	0.00516	0.00418	0.01085
46	0.00966	0.00690	0.00920	0.01104	0.01150	0.00644	0.00736	0.01104	0.01518	0.02024	0.04371	0.71614	0.05245	0.02484	0.01012	0.00322	0.00460	0.02254	0.00736	0.00644
47	0.00965	0.00696	0.00914	0.01087	0.01146	0.00646	0.00729	0.01106	0.01534	0.02031	0.04575	0.68047	0.08680	0.02458	0.01008	0.00319	0.00457	0.02222	0.00736	0.00646
48	0.53244	0.01555	0.01468	0.05510	0.05113	0.01759	0.01079	0.08897	0.01696	0.06201	0.01410	0.01608	0.01067	0.00784	0.00573	0.00241	0.00670	0.00526	0.05653	0.00944
49	0.07015	0.12079	0.35795	0.09336	0.03113	0.01875	0.04704	0.02317	0.01632	0.02435	0.01494	0.04753	0.01214	0.00804	0.00710	0.00232	0.00996	0.00643	0.00382	0.08473
50	0.25132	0.28448	0.04614	0.01476	0.02051	0.16624	0.01304	0.07889	0.01852	0.02680	0.01208	0.01377	0.00999	0.00751	0.00579	0.00208	0.00913	0.00474	0.00439	0.00982
51	0.77733	0.01534	0.01166	0.01043	0.01534	0.01779	0.00859	0.02331	0.01350	0.03558	0.01104	0.01288	0.00859	0.00736	0.00491	0.00245	0.00613	0.00429	0.00491	0.00859
52	0.01155	0.00824	0.00994	0.00949	0.01170	0.00735	0.00707	0.01447	0.02034	0.05419	0.39632	0.09058	0.27222	0.03879	0.01026	0.00274	0.00411	0.01514	0.00814	0.00734
53	0.00972	0.00703	0.00920	0.01081	0.01147	0.00651	0.00729	0.01125	0.01570	0.02086	0.07557	0.64584	0.09117	0.02414	0.01004	0.00315	0.00452	0.02180	0.00743	0.00651
54	0.01064	0.00797	0.01113	0.08227	0.01622	0.00791	0.00912	0.01298	0.01680	0.02264	0.16220	0.49032	0.05221	0.02129	0.00978	0.00304	0.00516	0.04417	0.00723	0.00692
55	0.01617	0.01646	0.02658	0.10994	0.12760	0.07168	0.19733	0.02015	0.01735	0.02254	0.02491	0.26172	0.02581	0.01333	0.00903	0.00276	0.00945	0.01294	0.00511	0.00914
56	0.01133	0.00850	0.01274	0.01274	0.01416	0.00991	0.00991	0.01416	0.01274	0.01841	0.02124	0.03115	0.01982	0.05947	0.68989	0.01274	0.02124	0.00850	0.00425	0.00708
57	0.29024	0.01982	0.01957	0.01552	0.02137	0.02222	0.01282	0.42886	0.02900	0.04496	0.01625	0.01690	0.01178	0.00877	0.00688	0.00241	0.00782	0.00615	0.00688	0.01178
58	0.02715	0.31075	0.03042	0.01580	0.02230	0.02574	0.01402	0.31260	0.02672	0.11669	0.01729	0.01745	0.01290	0.00843	0.00677	0.00211	0.00837	0.00605	0.00630	0.01213
59	0.01550	0.01309	0.01543	0.01165	0.01778	0.01000	0.00911	0.01872	0.01627	0.02506	0.01822	0.11392	0.01742	0.00852	0.00646	0.00146	0.00570	0.00718	0.00507	0.66345
60	0.06972	0.02203	0.02321	0.02052	0.08668	0.06993	0.01526	0.48263	0.03224	0.04388	0.01798	0.01883	0.01316	0.00905	0.00761	0.00234	0.00885	0.00684	0.03665	0.01258
61	0.01864	0.02117	0.04554	0.03272	0.04030	0.02029	0.60823	0.02505	0.01835	0.02505	0.01573	0.02117	0.01194	0.00708	0.01029	0.00272	0.05196	0.00922	0.00398	0.01058
62	0.01895	0.01592	0.01897	0.01405	0.02079	0.01398	0.03671	0.11851	0.08002	0.03022	0.01664	0.01828	0.01320	0.00693	0.00654	0.00156	0.00666	0.00567	0.00548	0.55092
63	0.02495	0.42295	0.03334	0.01633	0.02218	0.24608	0.01431	0.09505	0.02053	0.02236	0.01231	0.01394	0.01055	0.00754	0.00608	0.00189	0.01041	0.00484	0.00412	0.01022
64	0.01136	0.04395	0.01178	0.01127	0.01343	0.00881	0.00912	0.01402	0.01794	0.02277	0.10610	0.17912	0.26765	0.02051	0.00984	0.00304	0.00547	0.22946	0.00726	0.00711
65	0.01623	0.08254	0.64152	0.02205	0.03347	0.01920	0.02835	0.02503	0.01670	0.02472	0.01404	0.01650	0.01005	0.00749	0.00739	0.00246	0.01152	0.00576	0.00335	0.01163
66	0.00994	0.00735	0.00995	0.04906	0.01385	0.00707	0.00811	0.01157	0.01535	0.02030	0.04369	0.64947	0.07740	0.02370	0.00997	0.00316	0.00490	0.02143	0.00715	0.00658
67	0.01512	0.01386	0.02383	0.59028	0.04932	0.01672	0.06022	0.01984	0.01567	0.02040	0.01454	0.02161	0.01118	0.00927	0.00958	0.05676	0.01029	0.00719	0.02581	0.00851
68	0.01548	0.01479	0.02389	0.55731	0.04743	0.01904	0.02103	0.02001	0.01507	0.02001	0.01331	0.02033	0.01054	0.00919	0.01178	0.00282	0.15867	0.00702	0.00351	0.00878
69	0.05711	0.01329	0.01564	0.01307	0.01708	0.01348	0.01039	0.17114	0.05962	0.15701	0.32930	0.03986	0.04407	0.01271	0.00848	0.00247	0.00574	0.01067	0.00853	0.01036
70	0.03420	0.01480	0.01910	0.01474	0.02084	0.01371	0.01215	0.11937	0.05107	0.56719	0.02970	0.02604	0.01900	0.00981	0.00797	0.00245	0.00699	0.00790	0.00949	0.01345
71	0.01016	0.00729	0.00965	0.01070	0.01161	0.00678	0.00740	0.01230	0.01752	0.02396	0.24417	0.50509	0.05964	0.02207	0.00987	0.00299	0.00432	0.01991	0.00780	0.00678
72	0.01991	0.01934	0.02071	0.01829	0.02110	0.09211	0.01458	0.03269	0.35686	0.02662	0.02225	0.02354	0.01774	0.01161	0.01447	0.00290	0.26068	0.00782	0.00598	0.01079
73	0.01478	0.00739	0.00739	0.00739	0.00924	0.00739	0.00554	0.01848	0.01663	0.02956	0.02587	0.02956	0.02033	0.00924	0.00554	0.00185	0.00370	0.00739	0.76534	0.00739
74	0.01185	0.00852	0.01168	0.01343	0.01495	0.00835	0.01114	0.01487	0.01748	0.02276	0.04402	0.24611	0.07345	0.02257	0.01068	0.00350	0.00649	0.44376	0.00732	0.00706
75	0.08796	0.01363	0.01793	0.01385	0.01990	0.01209	0.01144	0.03756	0.02205	0.63202	0.02986	0.02599	0.01885	0.00964	0.00776	0.00245	0.00670	0.00771	0.00947	0.01315
76	0.02965	0.03702	0.02254	0.02032	0.02452	0.65642	0.01531	0.06218	0.02321	0.02093	0.01259	0.01454	0.01038	0.00824	0.00719	0.00206	0.01402	0.00521	0.00428	0.00941
77	0.00951	0.00751	0.00858	0.00943	0.01108	0.00658	0.00665	0.01122	0.01673	0.02087	0.06330	0.37389	0.38205	0.02230	0.00972	0.00293	0.00429	0.01944	0.00736	0.00658
78	0.01466	0.00740	0.00744	0.00744	0.00922	0.00740	0.00551	0.01821	0.01643	0.02902	0.02583	0.03042	0.02065	0.03649	0.00688	0.00207	0.00385	0.00755	0.73623	0.00729
79	0.00981	0.00707	0.00920	0.01072	0.01137	0.00657	0.00720	0.01132	0.01564	0.02082	0.08283	0.61559	0.08691	0.05071	0.01119	0.00332	0.00463	0.02130	0.00735	0.00646
80	0.22150	0.01521	0.01963	0.38144	0.03732	0.01809	0.01653	0.10962	0.01830	0.02909	0.01463	0.01909	0.01099	0.00807	0.00699	0.00251	0.00874	0.00634	0.04657	0.00933
81	0.01226	0.00840	0.01017	0.00986	0.01212	0.00751	0.00742	0.01500	0.01971	0.07178	0.31071	0.11852	0.27276	0.04509	0.01059	0.00287	0.00445	0.04534	0.00800	0.00743
82	0.01812	0.01456	0.01698	0.01224	0.01921	0.01147	0.00984	0.05870	0.01798	0.05613	0.01515	0.01707	0.01220	0.00627	0.00609	0.00130	0.00608	0.00499	0.00512	0.69049
83	0.74602	0.01562	0.01216	0.01076	0.01572	0.01807	0.00886	0.04938	0.01449	0.03618	0.01138	0.01314	0.00879	0.00745	0.00503	0.00245	0.00624	0.00441	0.00503	0.00879
84	0.01919	0.02191	0.04328	0.03149	0.03852	0.05741	0.54807	0.02514	0.01829	0.02446	0.01529	0.02061	0.01178	0.00746	0.01084	0.00272	0.08028	0.00889	0.00396	0.01042
85	0.01947	0.01489	0.01835	0.01329	0.02024	0.01204	0.03475	0.06627	0.01865	0.09472	0.01629	0.01791	0.01269	0.00657	0.00637	0.00145	0.00646	0.00539	0.00543	0.60878
86	0.01599	0.01301	0.01597	0.01307	0.01739	0.01240	0.01028	0.08198	0.01706	0.02515	0.01861	0.06883	0.01739	0.06022	0.17122	0.00469	0.05931	0.00757	0.00502	0.36485
87	0.00966	0.00690	0.00920	0.01104	0.01150	0.00644	0.00736	0.01104	0.01518	0.02024	0.04371	0.71614	0.05245	0.02484	0.01012	0.00322	0.00460	0.02254	0.00736	0.00644
88	0.01879	0.41378	0.33271	0.01769	0.02672	0.02547	0.02074	0.02437	0.01640	0.02160	0.01249	0.01455	0.01012	0.00713	0.00620	0.00207	0.00996	0.00498	0.00337	0.01088
89	0.01880	0.41507	0.33150	0.01767	0.02669	0.02549	0.02071	0.02437	0.01640	0.02159	0.01248	0.01455	0.01012	0.00712	0.00620	0.00207	0.00995	0.00498	0.00337	0.01088
90	0.06542	0.01820	0.02871	0.04786	0.02883	0.01790	0.22959	0.11579	0.01976	0.02907	0.01499	0.01859	0.01175	0.00760	0.00924	0.00222	0.07285	0.00694	0.00480	0.24991
91	0.01199	0.00947	0.01402	0.01364	0.01489	0.01150	0.01073	0.01470	0.01268	0.01848	0.02005	0.02963	0.01879	0.05444	0.61664	0.01172	0.09688	0.00832	0.00416	0.00726
92	0.01617	0.01532	0.02595	0.53383	0.21367	0.01793	0.02262	0.02131	0.01642	0.02172	0.01431	0.02075	0.01108	0.00771	0.00791	0.00257	0.01027	0.00705	0.00363	0.00978
93	0.17423	0.01894	0.02007	0.04838	0.02300	0.02104	0.01341	0.41615	0.02912	0.06591	0.02014	0.02102	0.03800	0.01192	0.04131	0.00294	0.00868	0.00704	0.00699	0.01173
94	0.01592	0.00946	0.01214	0.01084	0.01367	0.00869	0.00835	0.02017	0.04834	0.15020	0.47703	0.05342	0.11000	0.01512	0.00905	0.00251	0.00442	0.01314	0.00879	0.00874
95	0.01631	0.00829	0.00872	0.00829	0.01051	0.00833	0.00633	0.04335	0.01761	0.06225	0.02575	0.02908	0.02001	0.01068	0.02489	0.00220	0.00453	0.00744	0.67750	0.00792
96	0.01148	0.00788	0.00962	0.00962	0.00996	0.00822	0.00602	0.01216	0.01182	0.01610	0.02410	0.04696	0.02669	0.56395	0.19479	0.00889	0.01091	0.01081	0.00467	0.00535
97	0.15080	0.01692	0.02706	0.32897	0.09478	0.01887	0.14577	0.07756	0.01811	0.02710	0.01447	0.01943	0.01095	0.00764	0.00769	0.00257	0.01010	0.00705	0.00429	0.00989
98	0.01230	0.00915	0.01089	0.01059	0.01286	0.00876	0.00787	0.01753	0.09904	0.04691	0.32302	0.17127	0.20423	0.01774	0.00929	0.00269	0.00436	0.01546	0.00812	0.00793
99	0.01137	0.00762	0.00870	0.00885	0.00889	0.00758	0.00503	0.01149	0.01185	0.01580	0.02660	0.10911	0.03086	0.66132	0.03776	0.00730	0.00742	0.01248	0.00503	0.00495
100	0.00988	0.00706	0.00945	0.01129	0.01185	0.00663	0.00774	0.01142	0.01540	0.02049	0.04358	0.67189	0.05197	0.02464	0.01018	0.00325	0.00479	0.06462	0.00736	0.00650
101	0.01850	0.01915	0.03657	0.12970	0.29422	0.01947	0.27633	0.02392	0.01770	0.02455	0.01501	0.02043	0.01195	0.00741	0.00949	0.00259	0.05007	0.00799	0.00388	0.01107
102	0.01923	0.01715	0.01729	0.01583	0.02001	0.05561	0.01237	0.03809	0.54272	0.03111	0.03442	0.03546	0.05947	0.01190	0.00829	0.00272	0.00667	0.05221	0.00775	0.01168
103	0.00966	0.00690	0.00920	0.01104	0.01150	0.00644	0.00736	0.01104	0.01518	0.02024	0.04371	0.71614	0.05245	0.02484	0.01012	0.00322	0.00460	0.02254	0.00736	0.00644
104	0.01830	0.02053	0.04356	0.03148	0.03863	0.01986	0.56848	0.02448	0.01836	0.02518	0.04249	0.02264	0.01450	0.00763	0.01065	0.00273	0.06656	0.00938	0.00416	0.01041
105	0.02724	0.01956	0.02152	0.01699	0.02257	0.02149	0.01389	0.48840	0.07675	0.07910	0.06008	0.02349	0.01872	0.01355	0.05619	0.00314	0.00903	0.00784	0.00783	0.01261
106	0.01629	0.01377	0.01628	0.05014	0.02022	0.01162	0.01019	0.02187	0.08700	0.02616	0.01818	0.05763	0.01564	0.00770	0.00645	0.00156	0.00603	0.00639	0.03283	0.57404
107	0.01858	0.01797	0.03120	0.18770	0.50467	0.01865	0.05827	0.02352	0.01762	0.02467	0.01480	0.02005	0.01211	0.00723	0.00795	0.00243	0.00989	0.00719	0.00384	0.01165
108	0.01644	0.01409	0.01644	0.01175	0.01879	0.01057	0.00940	0.01997	0.01644	0.02584	0.01409	0.01644	0.01175	0.00587	0.00587	0.00117	0.00587	0.00470	0.00470	0.76979
109	0.02073	0.05795	0.01895	0.01281	0.01965	0.01334	0.01051	0.08311	0.01931	0.11878	0.01679	0.01794	0.01292	0.00683	0.00632	0.00150	0.00643	0.00536	0.00565	0.54513
110	0.06696	0.35987	0.03098	0.01647	0.02205	0.29022	0.01410	0.07536	0.02013	0.02233	0.01214	0.01385	0.01036	0.00758	0.00612	0.00193	0.01067	0.00481	0.00410	0.00996
111	0.06478	0.01321	0.01496	0.01328	0.01707	0.01405	0.01035	0.03067	0.30005	0.12269	0.26083	0.03894	0.04094	0.01239	0.00833	0.00257	0.00542	0.01049	0.00836	0.01061
112	0.01991	0.55938	0.19697	0.01577	0.02375	0.02822	0.01740	0.02408	0.01627	0.02023	0.01180	0.01370	0.01014	0.00697	0.00568	0.00189	0.00927	0.00463	0.00338	0.01055
113	0.01815	0.32662	0.37563	0.01821	0.02760	0.02341	0.02160	0.02425	0.01646	0.02245	0.01288	0.01504	0.01019	0.00713	0.00642	0.00210	0.01004	0.00512	0.00344	0.05326
114	0.01166	0.00768	0.00991	0.01092	0.01223	0.00701	0.00770	0.01348	0.01665	0.06759	0.08266	0.51597	0.13720	0.02252	0.00986	0.00307	0.00473	0.04448	0.00761	0.00707
115	0.01109	0.00778	0.00935	0.00936	0.01019	0.00750	0.00609	0.01255	0.01559	0.02118	0.21795	0.12364	0.08957	0.37467	0.04553	0.00551	0.00637	0.01376	0.00638	0.00596
116	0.01158	0.00812	0.01085	0.01085	0.01172	0.00890	0.00766	0.01333	0.01245	0.01776	0.02296	0.03934	0.02344	0.32061	0.39713	0.01019	0.01497	0.00965	0.04232	0.00619
117	0.01478	0.00739	0.00739	0.00739	0.00924	0.00739	0.00554	0.01848	0.01663	0.02956	0.02587	0.02956	0.02033	0.00924	0.00554	0.00185	0.00370	0.00739	0.76534	0.00739
118	0.01475	0.01173	0.01394	0.01419	0.01701	0.01251	0.01164	0.02485	0.24581	0.02709	0.06831	0.08276	0.10311	0.01760	0.00968	0.00315	0.00638	0.29876	0.00764	0.00909
119	0.01073	0.00775	0.01020	0.01069	0.01208	0.00722	0.00784	0.01355	0.01931	0.02659	0.36898	0.30015	0.08367	0.01995	0.00977	0.00286	0.00437	0.06915	0.00807	0.00706
120	0.00972	0.00747	0.00890	0.00976	0.01123	0.00666	0.00686	0.01161	0.01711	0.02199	0.12733	0.39471	0.29412	0.02204	0.00975	0.00293	0.00428	0.01938	0.00751	0.00666
121	0.01872	0.02139	0.04679	0.03342	0.04144	0.02005	0.64305	0.02540	0.01872	0.02540	0.01604	0.02139	0.01203	0.00668	0.00936	0.00267	0.01337	0.00936	0.00401	0.01070
122	0.10880	0.10457	0.02206	0.01480	0.02094	0.01828	0.01251	0.20156	0.02493	0.35736	0.02332	0.02158	0.01563	0.00910	0.00729	0.00234	0.00744	0.00690	0.00800	0.01257
123	0.03528	0.01398	0.01870	0.01434	0.02049	0.01238	0.01185	0.07247	0.02351	0.64237	0.03060	0.02655	0.01929	0.00980	0.00797	0.00245	0.00686	0.00793	0.00971	0.01349
124	0.01020	0.00763	0.01091	0.01186	0.01278	0.00712	0.03385	0.01204	0.01608	0.02165	0.10690	0.61946	0.05307	0.02320	0.01001	0.00312	0.00488	0.02115	0.00736	0.00673
125	0.01963	0.01884	0.03219	0.04867	0.67185	0.01884	0.02434	0.02434	0.01806	0.02591	0.01492	0.01963	0.01256	0.00707	0.00785	0.00236	0.00942	0.00707	0.00393	0.01256
126	0.77733	0.01534	0.01166	0.01043	0.01534	0.01779	0.00859	0.02331	0.01350	0.03558	0.01104	0.01288	0.00859	0.00736	0.00491	0.00245	0.00613	0.00429	0.00491	0.00859
127	0.01088	0.00797	0.01044	0.01203	0.01314	0.00771	0.00894	0.01376	0.04229	0.02176	0.04483	0.48614	0.08384	0.02323	0.01022	0.00328	0.00535	0.17991	0.00737	0.00693
128	0.01863	0.02115	0.04543	0.03266	0.04019	0.02031	0.60512	0.02502	0.01832	0.02502	0.01570	0.02115	0.01193	0.00712	0.01037	0.00272	0.05540	0.00921	0.00398	0.01057
129	0.01629	0.01145	0.01321	0.01229	0.01440	0.04499	0.00951	0.04893	0.04068	0.06043	0.02254	0.02926	0.01924	0.07194	0.26565	0.00650	0.06119	0.00799	0.23538	0.00812
130	0.01518	0.00907	0.00976	0.00919	0.01090	0.00939	0.00653	0.08076	0.01698	0.02670	0.02464	0.03545	0.02222	0.23155	0.05319	0.00429	0.00639	0.00870	0.41192	0.00721
131	0.01005	0.00699	0.00907	0.01067	0.01116	0.00659	0.00706	0.01141	0.01493	0.02024	0.04130	0.62856	0.04899	0.08413	0.01252	0.00354	0.00483	0.02092	0.04068	0.00634
132	0.02798	0.02622	0.02165	0.01808	0.02304	0.26333	0.01424	0.35504	0.02960	0.03614	0.01840	0.06008	0.01499	0.00995	0.00767	0.00228	0.01025	0.00735	0.04247	0.01122
133	0.59366	0.01472	0.01262	0.01108	0.01563	0.01662	0.00899	0.06647	0.01606	0.06013	0.06383	0.01811	0.01482	0.00941	0.00703	0.04478	0.00620	0.00557	0.00553	0.00875
134	0.61131	0.01665	0.05956	0.01167	0.01707	0.01674	0.01034	0.02477	0.01509	0.10485	0.04019	0.01658	0.01259	0.00800	0.00561	0.00246	0.00650	0.00522	0.00549	0.00930
135	0.01963	0.01884	0.03219	0.04867	0.67185	0.01884	0.02434	0.02434	0.01806	0.02591	0.01492	0.01963	0.01256	0.00707	0.00785	0.00236	0.00942	0.00707	0.00393	0.01256
136	0.10860	0.00794	0.01050	0.01034	0.01095	0.00824	0.00710	0.01194	0.01072	0.01648	0.01343	0.02271	0.01313	0.02504	0.02775	0.67405	0.00679	0.00657	0.00363	0.00408
137	0.01915	0.01828	0.03076	0.11481	0.58279	0.01875	0.02364	0.02461	0.04277	0.02561	0.01551	0.02017	0.01281	0.00730	0.00787	0.00240	0.00942	0.00714	0.00405	0.01217
138	0.01671	0.00949	0.01151	0.01065	0.01223	0.00929	0.00715	0.05185	0.01550	0.13852	0.02797	0.12716	0.02886	0.43807	0.05596	0.00610	0.00776	0.01188	0.00619	0.00717
139	0.43727	0.01509	0.01445	0.04641	0.01867	0.01693	0.01039	0.08490	0.08806	0.08078	0.09740	0.02247	0.01988	0.00924	0.00646	0.00249	0.00636	0.00672	0.00630	0.00971

[dist]
# distance from previous block
# <min> <max>
1	2

[block]
# block no. 4 follows, 24 sequences, length 42
# corresponding to MSA columns:
# 356-397
name=unknown_E
#
# <colnr> <probs for GDERKNQSTAVLIFYWHMCP>
#	G	D	E	R	K	N	Q	S	T	A	V	L	I	F	Y	W	H	M	C	P
0	0.01703	0.11572	0.49107	0.02355	0.03403	0.02020	0.14005	0.02501	0.01703	0.02443	0.01420	0.01713	0.01042	0.00729	0.00759	0.00245	0.01165	0.00632	0.00347	0.01136
1	0.01706	0.18050	0.36635	0.02118	0.05286	0.02068	0.06405	0.02345	0.01689	0.02373	0.05417	0.02175	0.01564	0.00881	0.00863	0.00245	0.05697	0.03021	0.00391	0.01072
2	0.00976	0.00697	0.00929	0.01098	0.01152	0.00650	0.00737	0.01128	0.01562	0.02094	0.08157	0.67627	0.05381	0.02432	0.01007	0.00318	0.00455	0.02205	0.00744	0.00650
3	0.77733	0.01534	0.01166	0.01043	0.01534	0.01779	0.00859	0.02331	0.01350	0.03558	0.01104	0.01288	0.00859	0.00736	0.00491	0.00245	0.00613	0.00429	0.00491	0.00859
4	0.02819	0.01986	0.02167	0.01722	0.02307	0.02180	0.01403	0.42053	0.19108	0.12183	0.02384	0.02265	0.01692	0.00987	0.00797	0.00247	0.00787	0.00770	0.00820	0.01325
5	0.01196	0.00823	0.01065	0.01099	0.01251	0.00781	0.00787	0.01554	0.05296	0.05368	0.30669	0.37210	0.05902	0.01980	0.00960	0.00285	0.00442	0.01773	0.00808	0.00751
6	0.00966	0.00690	0.00920	0.01104	0.01150	0.00644	0.00736	0.01104	0.01518	0.02024	0.04371	0.71614	0.05245	0.02484	0.01012	0.00322	0.00460	0.02254	0.00736	0.00644
7	0.03558	0.01350	0.01840	0.01411	0.02024	0.01166	0.01166	0.03865	0.02270	0.67734	0.03128	0.02699	0.01963	0.00981	0.00797	0.00245	0.00675	0.00797	0.00981	0.01350
8	0.02149	0.01133	0.01441	0.01237	0.01612	0.01063	0.00969	0.05869	0.06637	0.26741	0.26549	0.11050	0.07336	0.01419	0.00876	0.00257	0.00538	0.01220	0.00884	0.01021
9	0.00990	0.00709	0.00926	0.01091	0.01148	0.00664	0.00736	0.01130	0.01517	0.02010	0.04377	0.62227	0.07385	0.07115	0.01215	0.00352	0.00489	0.04562	0.00719	0.00638
10	0.01963	0.01884	0.03219	0.04867	0.67185	0.01884	0.02434	0.02434	0.01806	0.02591	0.01492	0.01963	0.01256	0.00707	0.00785	0.00236	0.00942	0.00707	0.00393	0.01256
