[name]
unknown

[dist]
# distance from previous block
# <min> <max>
0	6

[block]
# block no. 0 follows, 25 sequences, length 10
# corresponding to MSA columns:
# 6-15
name=unknown_A
#
# <colnr> <probs for GDERKNQSTAVLIFYWHMCP>
#	G	D	E	R	K	N	Q	S	T	A	V	L	I	F	Y	W	H	M	C	P
0	0.01555	0.01306	0.01555	0.01190	0.01803	0.01013	0.00968	0.01901	0.01634	0.02496	0.01782	0.02665	0.01639	0.00806	0.00648	0.00151	0.00595	0.09677	0.00497	0.66119
1	0.02158	0.01614	0.01760	0.01549	0.02011	0.01812	0.01214	0.04070	0.56991	0.12902	0.03141	0.02855	0.02301	0.01038	0.00788	0.00260	0.00620	0.00862	0.00814	0.01241
2	0.01039	0.00765	0.01013	0.07473	0.01439	0.00764	0.00782	0.01177	0.01409	0.01860	0.03677	0.45515	0.06754	0.20602	0.01738	0.00421	0.00580	0.01759	0.00620	0.00611
3	0.02724	0.02002	0.02166	0.01702	0.02256	0.02213	0.01386	0.55958	0.06754	0.04489	0.02004	0.04904	0.01536	0.01094	0.00905	0.04338	0.00814	0.00770	0.00751	0.01233
4	0.02342	0.01294	0.01593	0.01348	0.01780	0.01284	0.01079	0.06909	0.17484	0.28646	0.19983	0.03787	0.03534	0.01204	0.00832	0.00252	0.00586	0.04085	0.00868	0.01113
5	0.01535	0.01429	0.02068	0.23043	0.02938	0.01733	0.01593	0.01860	0.01391	0.02026	0.01330	0.01957	0.01161	0.01561	0.09754	0.00379	0.26954	0.00656	0.00374	0.16256
6	0.14838	0.00889	0.01048	0.01018	0.01196	0.00897	0.00747	0.01451	0.01478	0.02368	0.17321	0.10301	0.03188	0.01855	0.01569	0.27646	0.00547	0.03337	0.04413	0.03893
7	0.02076	0.01610	0.01822	0.01359	0.02010	0.01468	0.01099	0.19506	0.06165	0.06121	0.01693	0.01801	0.01304	0.00718	0.00652	0.00162	0.00657	0.00564	0.00588	0.48626
8	0.05001	0.01764	0.01927	0.04354	0.02176	0.01913	0.01277	0.43371	0.02969	0.06399	0.03013	0.02998	0.14000	0.01321	0.03691	0.00282	0.00808	0.00876	0.00729	0.01130
9	0.01464	0.01378	0.02326	0.70887	0.05340	0.01723	0.02153	0.01981	0.01550	0.01981	0.01378	0.02067	0.01034	0.00775	0.00775	0.00258	0.01034	0.00689	0.00345	0.00861

[dist]
# distance from previous block
# <min> <max>
0	4

[block]
# block no. 1 follows, 25 sequences, length 8
# corresponding to MSA columns:
# 20-27
name=unknown_B
#
# <colnr> <probs for GDERKNQSTAVLIFYWHMCP>
#	G	D	E	R	K	N	Q	S	T	A	V	L	I	F	Y	W	H	M	C	P
0	0.02060	0.01404	0.01666	0.04523	0.01965	0.01487	0.01168	0.17767	0.15592	0.12330	0.19406	0.06844	0.03537	0.01274	0.00845	0.00256	0.00633	0.05392	0.00797	0.01055
1	0.01399	0.00793	0.01069	0.01111	0.01259	0.00727	0.00786	0.01557	0.01656	0.12825	0.11378	0.48542	0.04621	0.02109	0.01080	0.05336	0.00488	0.01779	0.00749	0.00734
2	0.19941	0.02465	0.29093	0.01637	0.02433	0.01549	0.01778	0.02890	0.01773	0.26395	0.01918	0.01910	0.01286	0.00813	0.00693	0.00242	0.00845	0.00612	0.00590	0.01138
3	0.10338	0.11637	0.15079	0.11712	0.05068	0.01809	0.09821	0.04557	0.01781	0.13152	0.02070	0.02243	0.05770	0.00845	0.00727	0.00237	0.00901	0.00710	0.00501	0.01041
4	0.01808	0.02028	0.04219	0.03069	0.03726	0.02028	0.54842	0.02384	0.01726	0.02384	0.01480	0.02028	0.01151	0.00767	0.01179	0.00274	0.12635	0.00877	0.00384	0.01014
5	0.01193	0.00924	0.01336	0.01705	0.10550	0.00898	0.01142	0.01459	0.01651	0.02190	0.04002	0.35367	0.07512	0.02057	0.00986	0.00316	0.00611	0.24684	0.00671	0.00746
6	0.02466	0.01213	0.01498	0.01250	0.01661	0.04300	0.00989	0.02775	0.02169	0.38357	0.25900	0.07544	0.03967	0.01255	0.00835	0.00244	0.00580	0.01066	0.00881	0.01052
7	0.01464	0.01268	0.02186	0.49817	0.04247	0.01498	0.06413	0.01794	0.01446	0.01871	0.01385	0.02136	0.01116	0.01209	0.01306	0.18072	0.00970	0.00702	0.00346	0.00754

[dist]
# distance from previous block
# <min> <max>
0	3

[block]
# block no. 2 follows, 25 sequences, length 40
# corresponding to MSA columns:
# 31-70
name=unknown_C
#
# <colnr> <probs for GDERKNQSTAVLIFYWHMCP>
#	G	D	E	R	K	N	Q	S	T	A	V	L	I	F	Y	W	H	M	C	P
0	0.01781	0.01933	0.03982	0.15021	0.13658	0.01903	0.45144	0.02383	0.01773	0.02405	0.01520	0.02062	0.01160	0.00680	0.00870	0.00256	0.01204	0.00844	0.00383	0.01041
1	0.01464	0.01378	0.02326	0.70887	0.05340	0.01723	0.02153	0.01981	0.01550	0.01981	0.01378	0.02067	0.01034	0.00775	0.00775	0.00258	0.01034	0.00689	0.00345	0.00861
2	0.01602	0.10213	0.62937	0.02131	0.03233	0.01914	0.02727	0.02444	0.01631	0.02399	0.01363	0.01602	0.00983	0.00730	0.00715	0.00238	0.01118	0.00559	0.00328	0.01132
3	0.01729	0.01895	0.03955	0.21901	0.04407	0.01895	0.47753	0.02345	0.01753	0.02345	0.01516	0.02085	0.01137	0.00687	0.00876	0.00261	0.01232	0.00853	0.00379	0.00995
4	0.01592	0.03750	0.60021	0.02354	0.03450	0.01822	0.11316	0.02459	0.01663	0.02459	0.01416	0.01699	0.01009	0.00725	0.00761	0.00248	0.01168	0.00619	0.00336	0.01132
5	0.03211	0.01375	0.04465	0.01353	0.01936	0.01128	0.01155	0.03541	0.02140	0.59638	0.02941	0.02621	0.01887	0.00945	0.00756	0.00235	0.00652	0.00766	0.07998	0.01257
6	0.01516	0.01602	0.06549	0.47291	0.04447	0.01736	0.09508	0.02023	0.01558	0.02098	0.01513	0.04334	0.01220	0.00870	0.00944	0.00264	0.07279	0.00759	0.03606	0.00886
7	0.01386	0.00951	0.01539	0.11996	0.01966	0.01028	0.05916	0.01351	0.01222	0.01654	0.01638	0.07459	0.01617	0.04795	0.02313	0.44778	0.04581	0.00825	0.02448	0.00537
8	0.01436	0.01340	0.02248	0.67108	0.05112	0.01663	0.02076	0.01932	0.01547	0.01981	0.01535	0.05867	0.01255	0.00865	0.00787	0.00261	0.01002	0.00771	0.00365	0.00849
9	0.01773	0.02174	0.10121	0.08060	0.07398	0.01954	0.46457	0.02391	0.01739	0.02400	0.01490	0.02008	0.01139	0.00726	0.01006	0.00264	0.06650	0.00836	0.00378	0.01036
10	0.01830	0.02092	0.04575	0.03268	0.04052	0.01961	0.65098	0.02484	0.01830	0.02484	0.01569	0.02092	0.01176	0.00654	0.00915	0.00261	0.01307	0.00915	0.00392	0.01046
11	0.01397	0.00755	0.01071	0.01059	0.01097	0.00763	0.00721	0.04514	0.01197	0.01598	0.01646	0.08818	0.01696	0.02573	0.02718	0.66083	0.00662	0.00817	0.00396	0.00417
12	0.01851	0.03461	0.53595	0.02187	0.03223	0.01722	0.08142	0.02645	0.01736	0.11772	0.01642	0.01819	0.01132	0.00761	0.00759	0.00246	0.01092	0.00632	0.00422	0.01162
13	0.01234	0.00945	0.01237	0.01291	0.01454	0.00956	0.02899	0.04681	0.09868	0.02340	0.03909	0.49529	0.04384	0.02089	0.00962	0.00308	0.00552	0.09879	0.00720	0.00763
14	0.01889	0.02017	0.02346	0.02030	0.02094	0.13149	0.01665	0.02063	0.01349	0.01871	0.01047	0.01649	0.01015	0.01268	0.02249	0.00317	0.60129	0.00650	0.00349	0.00856
15	0.03236	0.01709	0.02041	0.01565	0.02174	0.01718	0.01292	0.31936	0.02872	0.39372	0.02511	0.02283	0.01645	0.00946	0.00778	0.00237	0.00748	0.00742	0.00875	0.01319
16	0.01717	0.01761	0.03366	0.28849	0.21111	0.01841	0.25364	0.02269	0.01709	0.02309	0.01469	0.02038	0.01137	0.00709	0.00825	0.00252	0.01105	0.00773	0.00372	0.01024
17	0.01108	0.00831	0.01246	0.01246	0.01385	0.00969	0.00969	0.01385	0.01246	0.01800	0.02077	0.03046	0.01938	0.05815	0.69678	0.01246	0.02077	0.00831	0.00415	0.00692
18	0.01094	0.00745	0.00886	0.00917	0.00936	0.00748	0.00552	0.01139	0.01199	0.01609	0.02731	0.16530	0.03149	0.55367	0.08566	0.00715	0.00803	0.01291	0.00509	0.00515
19	0.01633	0.01550	0.02630	0.46355	0.28554	0.01767	0.02237	0.02129	0.01630	0.02186	0.01408	0.02012	0.01106	0.00744	0.00772	0.00248	0.00992	0.00690	0.00359	0.00997
20	0.01682	0.13831	0.47483	0.02274	0.03283	0.02016	0.14032	0.02441	0.01663	0.02368	0.01378	0.01662	0.01020	0.00711	0.00734	0.00237	0.01129	0.00612	0.00340	0.01105
21	0.01871	0.02153	0.04484	0.03219	0.03989	0.04564	0.62652	0.02507	0.01844	0.02461	0.01554	0.02065	0.01170	0.00659	0.00907	0.00259	0.01311	0.00899	0.00392	0.01040
22	0.05183	0.10271	0.09588	0.02038	0.06065	0.18164	0.05073	0.26057	0.04836	0.03232	0.01553	0.01694	0.01181	0.00819	0.00721	0.00222	0.01021	0.00616	0.00540	0.01127
23	0.01177	0.00814	0.01041	0.00972	0.01180	0.00740	0.00733	0.01521	0.02149	0.05712	0.58322	0.05843	0.13667	0.01600	0.00909	0.00246	0.00381	0.01402	0.00843	0.00748
24	0.06220	0.01472	0.02149	0.53548	0.04431	0.04967	0.01902	0.02006	0.01595	0.02150	0.06490	0.02253	0.01509	0.00872	0.00874	0.00258	0.05339	0.00718	0.00395	0.00851
25	0.06697	0.01892	0.01991	0.01586	0.02125	0.02094	0.01293	0.46103	0.11283	0.04312	0.02325	0.02310	0.04679	0.00983	0.00750	0.00234	0.00749	0.00753	0.06639	0.01203
26	0.02227	0.02155	0.06200	0.02503	0.03143	0.02175	0.30270	0.26310	0.02432	0.03319	0.01603	0.01935	0.01202	0.00851	0.01059	0.00260	0.09912	0.00788	0.00529	0.01129
27	0.01720	0.01639	0.02829	0.21592	0.40384	0.01719	0.06978	0.02167	0.01655	0.02289	0.01537	0.02264	0.01321	0.07399	0.01076	0.00288	0.00965	0.00748	0.00382	0.01048
28	0.01788	0.01990	0.04114	0.07227	0.03834	0.02007	0.51910	0.02362	0.01718	0.02362	0.01476	0.02032	0.01144	0.00765	0.01146	0.00273	0.11599	0.00866	0.00381	0.01005
29	0.03099	0.01547	0.01826	0.01467	0.02022	0.05070	0.01187	0.05559	0.16072	0.49021	0.02945	0.02604	0.01948	0.00970	0.00777	0.00242	0.00695	0.00783	0.00887	0.01277
30	0.02116	0.01636	0.08377	0.01784	0.02257	0.01463	0.11746	0.02509	0.01848	0.23438	0.12012	0.03058	0.06363	0.01288	0.03609	0.00300	0.13615	0.00910	0.00646	0.01024
31	0.01347	0.00673	0.01010	0.01010	0.01010	0.00673	0.00673	0.01010	0.01010	0.01347	0.01347	0.02357	0.01347	0.02694	0.03030	0.77441	0.00673	0.00673	0.00337	0.00337
32	0.08756	0.02072	0.02181	0.01705	0.02297	0.02308	0.01401	0.54703	0.09299	0.04624	0.01920	0.01910	0.01378	0.00925	0.00754	0.00236	0.00811	0.00693	0.00754	0.01273
33	0.02832	0.02060	0.02203	0.01702	0.02289	0.02275	0.01402	0.60431	0.03490	0.04733	0.01913	0.01941	0.01370	0.00929	0.00758	0.00229	0.00815	0.00700	0.06656	0.01273
34	0.04167	0.01432	0.02460	0.56026	0.04788	0.01686	0.09568	0.01999	0.01589	0.02101	0.01787	0.02372	0.05120	0.00831	0.00790	0.00258	0.01012	0.00765	0.00378	0.00870
35	0.04244	0.02168	0.12970	0.10271	0.03390	0.02035	0.26733	0.04562	0.01641	0.02372	0.01363	0.01876	0.01082	0.00888	0.01307	0.00279	0.20704	0.00749	0.00380	0.00988
36	0.02832	0.02060	0.02203	0.01702	0.02289	0.02275	0.01402	0.60431	0.03490	0.04733	0.01913	0.01941	0.01370	0.00929	0.00758	0.00229	0.00815	0.00700	0.06656	0.01273
37	0.01144	0.00823	0.01069	0.01054	0.01109	0.00907	0.00719	0.01260	0.01177	0.01636	0.02238	0.04130	0.02395	0.43326	0.29770	0.00929	0.04306	0.00991	0.00443	0.00574
38	0.01793	0.02299	0.12085	0.05175	0.03523	0.06075	0.40117	0.02361	0.01720	0.02325	0.01557	0.04852	0.01279	0.00843	0.01090	0.00268	0.10388	0.00861	0.00389	0.01000
39	0.01745	0.01999	0.06706	0.14254	0.09794	0.01872	0.45115	0.02357	0.01762	0.02393	0.01589	0.03818	0.01249	0.00725	0.00874	0.00259	0.01200	0.00877	0.00389	0.01026

[dist]
# distance from previous block
# <min> <max>
0	6

[block]
# block no. 3 follows, 25 sequences, length 45
# corresponding to MSA columns:
# 77-121
name=unknown_D
#
# <colnr> <probs for GDERKNQSTAVLIFYWHMCP>
#	G	D	E	R	K	N	Q	S	T	A	V	L	I	F	Y	W	H	M	C	P
0	0.01779	0.01857	0.04790	0.27076	0.29909	0.05620	0.07409	0.02249	0.01668	0.02244	0.01387	0.01929	0.01119	0.00780	0.00926	0.00250	0.06914	0.00694	0.00366	0.01034
1	0.01797	0.10428	0.23612	0.02426	0.03233	0.01917	0.28981	0.05057	0.01803	0.04478	0.01744	0.07733	0.01456	0.00850	0.00810	0.00249	0.01094	0.00850	0.00427	0.01056
2	0.01626	0.01728	0.08052	0.37547	0.16152	0.01728	0.06135	0.05294	0.03123	0.02326	0.01775	0.02285	0.03993	0.01029	0.03744	0.00294	0.01039	0.00745	0.00404	0.00980
3	0.01059	0.01006	0.06638	0.01215	0.01396	0.00783	0.00989	0.01315	0.01610	0.02158	0.08179	0.47467	0.07939	0.02159	0.00975	0.00310	0.00547	0.12865	0.00694	0.00696
4	0.01773	0.02566	0.24808	0.05844	0.34986	0.01842	0.10456	0.02446	0.03256	0.02500	0.01488	0.01876	0.01161	0.00712	0.00777	0.00241	0.01040	0.00685	0.00375	0.01166
5	0.01625	0.11466	0.58452	0.02167	0.03242	0.01947	0.05824	0.02442	0.01640	0.02388	0.01366	0.01617	0.00993	0.00724	0.00720	0.00238	0.01119	0.00573	0.00331	0.01124
6	0.01635	0.11402	0.56311	0.02202	0.03265	0.01952	0.07901	0.02443	0.01646	0.02389	0.01372	0.01632	0.01000	0.00722	0.00725	0.00238	0.01125	0.00584	0.00333	0.01121
7	0.01905	0.01970	0.04992	0.09945	0.51513	0.04836	0.08713	0.02391	0.01770	0.02452	0.01450	0.01918	0.01190	0.00700	0.00779	0.00235	0.00997	0.00702	0.00381	0.01162
8	0.01970	0.01911	0.08990	0.12103	0.36895	0.01730	0.06905	0.02560	0.05046	0.09697	0.03479	0.02156	0.01472	0.00774	0.00783	0.00241	0.00927	0.00735	0.00470	0.01157
9	0.02371	0.01519	0.01907	0.25049	0.03045	0.08751	0.01462	0.02743	0.01985	0.28716	0.11993	0.02784	0.02330	0.00974	0.00790	0.00242	0.00823	0.00812	0.00673	0.01029
10	0.02484	0.01996	0.02254	0.04720	0.10143	0.05861	0.01516	0.40380	0.02822	0.03779	0.01765	0.02135	0.01401	0.06924	0.01154	0.00281	0.05848	0.00721	0.02669	0.01147
11	0.00958	0.00685	0.00911	0.01071	0.01127	0.00638	0.00721	0.01112	0.01544	0.02074	0.09597	0.66650	0.05312	0.02358	0.00983	0.00309	0.00443	0.02137	0.00731	0.00638
12	0.01556	0.03623	0.59774	0.02238	0.06404	0.01709	0.02657	0.02331	0.01591	0.02367	0.01391	0.01711	0.01025	0.00898	0.00930	0.06701	0.01095	0.00587	0.00331	0.01082
13	0.01704	0.05278	0.23721	0.10557	0.07438	0.01965	0.25686	0.02338	0.01655	0.02328	0.01407	0.01863	0.01079	0.00772	0.00997	0.00259	0.08827	0.00726	0.00358	0.01043
14	0.01484	0.01405	0.02330	0.65129	0.05064	0.01777	0.02115	0.01971	0.01520	0.01971	0.01348	0.02036	0.01032	0.00824	0.00923	0.00265	0.06913	0.00688	0.00344	0.00860
15	0.01464	0.01378	0.02326	0.70887	0.05340	0.01723	0.02153	0.01981	0.01550	0.01981	0.01378	0.02067	0.01034	0.00775	0.00775	0.00258	0.01034	0.00689	0.00345	0.00861
16	0.08433	0.04683	0.28014	0.04514	0.02664	0.17369	0.01944	0.02577	0.01791	0.08377	0.01750	0.02426	0.01443	0.00942	0.00798	0.00248	0.03215	0.07345	0.00458	0.01008
17	0.04806	0.01433	0.02345	0.60064	0.10298	0.01755	0.02101	0.02023	0.01546	0.02088	0.01360	0.02008	0.01041	0.00785	0.00821	0.00258	0.03347	0.00677	0.00353	0.00891
18	0.00945	0.00675	0.00900	0.01080	0.01125	0.00630	0.00720	0.01080	0.01484	0.01979	0.04274	0.72245	0.05128	0.02429	0.00990	0.00315	0.00450	0.02204	0.00720	0.00630
19	0.01514	0.01429	0.02415	0.63671	0.12169	0.01736	0.02178	0.02025	0.01574	0.02041	0.01387	0.02051	0.01055	0.00766	0.00774	0.00255	0.01021	0.00689	0.00349	0.00901
20	0.02241	0.05182	0.05196	0.01553	0.03904	0.05000	0.01262	0.02846	0.12223	0.24016	0.08986	0.05443	0.08644	0.01178	0.00985	0.00254	0.08384	0.00925	0.00714	0.01063
21	0.01188	0.00847	0.01170	0.01343	0.01490	0.00838	0.01124	0.01491	0.01707	0.02229	0.04083	0.20642	0.04535	0.04501	0.01149	0.00362	0.00665	0.49239	0.00707	0.00690
22	0.00945	0.00675	0.00900	0.01080	0.01125	0.00630	0.00720	0.01080	0.01484	0.01979	0.04274	0.72245	0.05128	0.02429	0.00990	0.00315	0.00450	0.02204	0.00720	0.00630
23	0.01844	0.09955	0.08226	0.03060	0.06605	0.02067	0.51714	0.02460	0.01788	0.02412	0.01500	0.01965	0.01148	0.00661	0.00852	0.00249	0.01229	0.00830	0.00381	0.01054
24	0.01672	0.03700	0.56485	0.02545	0.12073	0.05215	0.02730	0.02477	0.01683	0.02438	0.01391	0.01663	0.01016	0.00734	0.00739	0.00241	0.01128	0.00585	0.00339	0.01145
25	0.01555	0.04011	0.68733	0.02210	0.03356	0.01801	0.02865	0.02455	0.01637	0.02455	0.01391	0.01637	0.00982	0.00737	0.00737	0.00246	0.01146	0.00573	0.00327	0.01146
26	0.01760	0.01895	0.03229	0.35438	0.06669	0.08255	0.26940	0.02299	0.01729	0.02190	0.01439	0.02008	0.01093	0.00727	0.00823	0.00253	0.01172	0.00760	0.00370	0.00950
27	0.02225	0.47555	0.03486	0.05288	0.09413	0.08822	0.01498	0.06159	0.01807	0.05548	0.01294	0.01482	0.01090	0.00715	0.00590	0.00188	0.00894	0.00502	0.00403	0.01041
28	0.01743	0.01901	0.03963	0.16618	0.06948	0.01874	0.47935	0.02352	0.01771	0.02381	0.01608	0.02295	0.01257	0.00727	0.00886	0.00263	0.01218	0.02861	0.00393	0.01006
29	0.00945	0.00675	0.00900	0.01080	0.01125	0.00630	0.00720	0.01080	0.01484	0.01979	0.04274	0.72245	0.05128	0.02429	0.00990	0.00315	0.00450	0.02204	0.00720	0.00630
30	0.01612	0.11563	0.61676	0.02114	0.03207	0.01939	0.02697	0.02441	0.01630	0.02387	0.01357	0.01594	0.00984	0.00729	0.00711	0.00237	0.01111	0.00556	0.00328	0.01129
31	0.03197	0.01348	0.01907	0.01735	0.09137	0.01194	0.01256	0.03507	0.02137	0.58324	0.02938	0.05633	0.01986	0.00995	0.00788	0.00242	0.00679	0.00833	0.00886	0.01279
32	0.01555	0.04011	0.68733	0.02210	0.03356	0.01801	0.02865	0.02455	0.01637	0.02455	0.01391	0.01637	0.00982	0.00737	0.00737	0.00246	0.01146	0.00573	0.00327	0.01146
33	0.00945	0.00675	0.00900	0.01080	0.01125	0.00630	0.00720	0.01080	0.01484	0.01979	0.04274	0.72245	0.05128	0.02429	0.00990	0.00315	0.00450	0.02204	0.00720	0.00630
34	0.01564	0.09215	0.02484	0.54099	0.09516	0.01820	0.01986	0.02039	0.01574	0.02060	0.01419	0.02014	0.01100	0.00764	0.00731	0.00242	0.00963	0.00661	0.04853	0.00896
35	0.02070	0.08676	0.23464	0.02153	0.06561	0.06211	0.11922	0.04250	0.01848	0.14226	0.02010	0.09567	0.01659	0.00948	0.00780	0.00243	0.00977	0.00834	0.00514	0.01085
36	0.01239	0.00903	0.01120	0.01139	0.01312	0.00884	0.00840	0.08688	0.01968	0.02655	0.21332	0.37381	0.09219	0.01976	0.00946	0.00286	0.00489	0.06116	0.00762	0.00745
37	0.01366	0.00964	0.01271	0.03467	0.01471	0.00983	0.00912	0.04895	0.02060	0.06729	0.43006	0.15560	0.05654	0.01605	0.01030	0.00262	0.05814	0.01378	0.00779	0.00793
38	0.01626	0.01453	0.01633	0.04800	0.02005	0.04493	0.01000	0.01960	0.01627	0.02435	0.01539	0.05771	0.01369	0.00705	0.00615	0.00138	0.00632	0.00576	0.00466	0.65155
39	0.02017	0.58700	0.03653	0.01428	0.01981	0.05720	0.01356	0.02256	0.01543	0.01831	0.01128	0.01393	0.01047	0.01012	0.04314	0.00242	0.08612	0.00469	0.00340	0.00959
40	0.01695	0.01740	0.05128	0.49609	0.10070	0.05208	0.07325	0.05852	0.01750	0.02253	0.01420	0.01995	0.01075	0.00767	0.00781	0.00251	0.01059	0.00694	0.00379	0.00947
41	0.14019	0.04243	0.04119	0.09465	0.02429	0.06967	0.01368	0.19201	0.12313	0.10778	0.02290	0.02313	0.05340	0.00939	0.00725	0.00240	0.00798	0.00719	0.00643	0.01091
42	0.02123	0.01543	0.03786	0.01662	0.04898	0.01558	0.03684	0.03433	0.34843	0.17509	0.13202	0.03188	0.02920	0.01076	0.00809	0.00253	0.00640	0.00923	0.00790	0.01159
43	0.01369	0.01101	0.01623	0.07221	0.01983	0.01102	0.08493	0.04926	0.07110	0.04642	0.09073	0.33962	0.10791	0.01723	0.00914	0.00281	0.00627	0.01564	0.00678	0.00816
44	0.02261	0.01306	0.01607	0.04332	0.01925	0.01306	0.01127	0.12535	0.09702	0.24499	0.08842	0.09469	0.09925	0.01337	0.00847	0.00261	0.00635	0.06213	0.00810	0.01061

[dist]
# distance from previous block
# <min> <max>
0	5

[block]
# block no. 4 follows, 25 sequences, length 62
# corresponding to MSA columns:
# 127-188
name=unknown_E
#
# <colnr> <probs for GDERKNQSTAVLIFYWHMCP>
#	G	D	E	R	K	N	Q	S	T	A	V	L	I	F	Y	W	H	M	C	P
0	0.01835	0.01756	0.02995	0.16993	0.56337	0.01820	0.02338	0.02306	0.01726	0.02431	0.01444	0.01946	0.01192	0.00706	0.00769	0.00235	0.00942	0.00691	0.00377	0.01160
1	0.02220	0.01588	0.01943	0.04757	0.09755	0.01723	0.01389	0.05502	0.38897	0.16130	0.02868	0.02912	0.02148	0.01023	0.00796	0.00257	0.00687	0.03438	0.00754	0.01212
2	0.01812	0.08318	0.56682	0.02055	0.03106	0.01809	0.02563	0.02599	0.01700	0.10040	0.01563	0.01727	0.01091	0.00758	0.00726	0.00240	0.01069	0.00586	0.00401	0.01156
3	0.05212	0.15365	0.40636	0.01921	0.02848	0.01951	0.04789	0.04574	0.01765	0.11672	0.01579	0.01718	0.01128	0.00757	0.00699	0.00231	0.00998	0.00586	0.00439	0.01132
4	0.01238	0.00749	0.01004	0.01114	0.01223	0.00689	0.00768	0.01392	0.01569	0.09661	0.04133	0.64201	0.04757	0.02259	0.00965	0.00306	0.00474	0.02040	0.00747	0.00709
5	0.01517	0.01475	0.02588	0.59997	0.05044	0.01779	0.09407	0.02034	0.01566	0.02034	0.01384	0.02053	0.01049	0.00787	0.00870	0.00262	0.04206	0.00715	0.00350	0.00882
6	0.02169	0.01774	0.02100	0.02003	0.09252	0.02017	0.01447	0.25102	0.23463	0.03471	0.02370	0.08830	0.01976	0.01135	0.01004	0.00262	0.08889	0.00895	0.00682	0.01160
7	0.05549	0.01287	0.01697	0.01350	0.01883	0.01153	0.01096	0.06023	0.02166	0.56007	0.03085	0.10606	0.02230	0.01121	0.00794	0.00248	0.00642	0.00929	0.00909	0.01224
8	0.01481	0.01395	0.02356	0.68438	0.07658	0.01727	0.02162	0.01996	0.01558	0.02001	0.01381	0.02062	0.01041	0.00772	0.00775	0.00257	0.01029	0.00689	0.00346	0.00875
9	0.01615	0.12008	0.61260	0.02108	0.03198	0.01947	0.02687	0.02440	0.01630	0.02383	0.01355	0.01592	0.00984	0.00728	0.00709	0.00236	0.01109	0.00555	0.00328	0.01128
10	0.01555	0.04011	0.68733	0.02210	0.03356	0.01801	0.02865	0.02455	0.01637	0.02455	0.01391	0.01637	0.00982	0.00737	0.00737	0.00246	0.01146	0.00573	0.00327	0.01146
11	0.01485	0.01391	0.02300	0.67790	0.05192	0.01732	0.02112	0.02077	0.04453	0.02037	0.01458	0.02104	0.01093	0.00788	0.00776	0.00259	0.01015	0.00697	0.00364	0.00878
12	0.01517	0.01465	0.02577	0.61788	0.07530	0.01751	0.08353	0.02045	0.01586	0.02051	0.01400	0.02064	0.01055	0.00760	0.00789	0.00258	0.01056	0.00711	0.00351	0.00893
13	0.01858	0.01780	0.03037	0.13668	0.59484	0.01826	0.02349	0.02326	0.01737	0.02459	0.01448	0.01939	0.01202	0.00702	0.00769	0.00234	0.00936	0.00691	0.00379	0.01179
14	0.01944	0.01921	0.03027	0.04335	0.57572	0.06318	0.04463	0.02388	0.01798	0.02477	0.01594	0.02274	0.01393	0.00778	0.00785	0.00236	0.00955	0.04168	0.00404	0.01171
15	0.00985	0.00712	0.00932	0.01038	0.01130	0.00659	0.00717	0.01186	0.01692	0.02294	0.21748	0.51154	0.08518	0.02177	0.00966	0.00293	0.00424	0.01959	0.00756	0.00659
16	0.03479	0.01320	0.01799	0.01380	0.01979	0.01140	0.01140	0.03779	0.02219	0.68451	0.03059	0.02639	0.01919	0.00960	0.00780	0.00240	0.00660	0.00780	0.00960	0.01320
17	0.01791	0.06198	0.16719	0.02965	0.03812	0.01989	0.49937	0.02470	0.01780	0.02444	0.01509	0.01961	0.01130	0.00670	0.00859	0.00253	0.01251	0.00824	0.00377	0.01062
18	0.01576	0.03889	0.65050	0.02353	0.06981	0.01803	0.02837	0.02451	0.01644	0.02460	0.01395	0.01653	0.00996	0.00734	0.00738	0.00245	0.01133	0.00580	0.00331	0.01151
19	0.00945	0.00675	0.00900	0.01080	0.01125	0.00630	0.00720	0.01080	0.01484	0.01979	0.04274	0.72245	0.05128	0.02429	0.00990	0.00315	0.00450	0.02204	0.00720	0.00630
20	0.00945	0.00675	0.00900	0.01080	0.01125	0.00630	0.00720	0.01080	0.01484	0.01979	0.04274	0.72245	0.05128	0.02429	0.00990	0.00315	0.00450	0.02204	0.00720	0.00630
21	0.01714	0.01667	0.02933	0.33136	0.34636	0.01802	0.08457	0.02218	0.01679	0.02290	0.01435	0.02000	0.01139	0.00724	0.00785	0.00245	0.01008	0.00712	0.00368	0.01052
22	0.01609	0.03791	0.63729	0.02133	0.03223	0.01736	0.02721	0.02467	0.01679	0.04906	0.03937	0.01830	0.01255	0.00777	0.00745	0.00245	0.01099	0.00612	0.00370	0.01137
23	0.01683	0.01678	0.02372	0.05986	0.02225	0.02337	0.01723	0.01873	0.01208	0.01873	0.01038	0.01718	0.01019	0.01324	0.02443	0.00335	0.67298	0.00679	0.00340	0.00849
24	0.01365	0.00784	0.01216	0.11960	0.01689	0.00838	0.00905	0.01162	0.01095	0.01446	0.01352	0.02312	0.01298	0.02393	0.02677	0.65347	0.00730	0.00676	0.00338	0.00419
25	0.01860	0.01782	0.03040	0.13406	0.59732	0.01827	0.02350	0.02327	0.01737	0.02461	0.01448	0.01938	0.01203	0.00702	0.00769	0.00234	0.00936	0.00691	0.00379	0.01180
26	0.01751	0.01804	0.04916	0.27949	0.29830	0.03747	0.07999	0.02297	0.03801	0.02296	0.01462	0.01984	0.01165	0.00771	0.00882	0.00250	0.04961	0.00707	0.00380	0.01046
27	0.02896	0.03695	0.02197	0.01998	0.02397	0.69638	0.01498	0.03096	0.02197	0.01898	0.01199	0.01398	0.00999	0.00799	0.00699	0.00200	0.01398	0.00499	0.00400	0.00899
28	0.02772	0.07416	0.02305	0.01928	0.02347	0.55582	0.01484	0.07859	0.04616	0.02173	0.01309	0.01492	0.01075	0.00832	0.00766	0.00208	0.03923	0.00531	0.00437	0.00947
29	0.01853	0.01513	0.01889	0.01379	0.02037	0.01289	0.04617	0.08949	0.01854	0.05702	0.01503	0.01712	0.01198	0.00663	0.00697	0.00150	0.03251	0.00533	0.00508	0.58703
30	0.04252	0.12553	0.47401	0.02108	0.05202	0.01937	0.04561	0.02568	0.04048	0.06226	0.01509	0.01702	0.01099	0.00747	0.00709	0.00235	0.01037	0.00586	0.00390	0.01129
31	0.00951	0.00682	0.00893	0.01059	0.01110	0.00636	0.00704	0.01083	0.01480	0.01963	0.04329	0.67010	0.07344	0.05380	0.01112	0.00331	0.00460	0.02138	0.00709	0.00624
32	0.01531	0.01509	0.02739	0.58464	0.05104	0.01766	0.13718	0.02073	0.01602	0.02073	0.01413	0.02072	0.01060	0.00753	0.00801	0.00259	0.01084	0.00731	0.00353	0.00895
33	0.01762	0.02600	0.24638	0.05491	0.26301	0.01860	0.21154	0.02423	0.01737	0.02477	0.01467	0.01884	0.01128	0.00697	0.00802	0.00245	0.01111	0.00719	0.00367	0.01136
34	0.01599	0.00940	0.01225	0.01122	0.01388	0.00879	0.00867	0.02037	0.05808	0.15543	0.42627	0.10686	0.05653	0.01535	0.00896	0.00256	0.00463	0.04761	0.00851	0.00864
35	0.01564	0.03946	0.66559	0.02246	0.03379	0.01806	0.04974	0.02456	0.01644	0.02456	0.01397	0.01652	0.00989	0.00734	0.00743	0.00246	0.01151	0.00585	0.00330	0.01143
36	0.02745	0.02071	0.02213	0.01743	0.02327	0.02310	0.01425	0.53154	0.16151	0.04560	0.02119	0.02067	0.01527	0.00955	0.00778	0.00239	0.00806	0.00734	0.00778	0.01300
37	0.02700	0.01987	0.17253	0.01611	0.02294	0.01415	0.01566	0.05362	0.09956	0.39401	0.02707	0.02764	0.01884	0.00986	0.00787	0.00251	0.00776	0.04294	0.00773	0.01233
38	0.01176	0.00848	0.01065	0.01161	0.01273	0.00835	0.00807	0.08504	0.01734	0.02315	0.03995	0.64111	0.04688	0.02256	0.00965	0.00305	0.00496	0.02030	0.00726	0.00709
39	0.01712	0.01742	0.02629	0.02178	0.02269	0.02327	0.09023	0.01937	0.01262	0.01937	0.01081	0.01742	0.01036	0.01276	0.02356	0.00330	0.63239	0.00706	0.00345	0.00871
40	0.01899	0.01893	0.03427	0.04310	0.51050	0.01872	0.16709	0.02462	0.03975	0.02546	0.01541	0.01992	0.01255	0.00695	0.00802	0.00239	0.00999	0.00749	0.00399	0.01186
41	0.02014	0.61933	0.03797	0.01439	0.01997	0.02959	0.01385	0.02250	0.01514	0.01831	0.01068	0.01315	0.00999	0.00773	0.00820	0.00193	0.11953	0.00456	0.00333	0.00972
42	0.01690	0.01710	0.02587	0.02149	0.02245	0.02275	0.08996	0.01920	0.01264	0.01935	0.01121	0.01792	0.01070	0.01441	0.04841	0.00364	0.60676	0.00712	0.00348	0.00865
43	0.01070	0.00791	0.00999	0.00947	0.01142	0.00720	0.00710	0.01411	0.02131	0.02957	0.58563	0.06042	0.16353	0.01642	0.00915	0.00247	0.00370	0.01437	0.00834	0.00720
44	0.01136	0.00842	0.01064	0.01000	0.01202	0.00796	0.00753	0.01597	0.05863	0.03064	0.60675	0.05713	0.10204	0.01574	0.00907	0.00246	0.00381	0.01384	0.00843	0.00756
45	0.04736	0.04622	0.02371	0.01962	0.05792	0.15356	0.01518	0.42760	0.03001	0.03880	0.01619	0.01731	0.01212	0.00903	0.00846	0.00230	0.04998	0.00642	0.00636	0.01183
46	0.01780	0.01840	0.03521	0.10018	0.03531	0.01845	0.38856	0.04905	0.01750	0.02426	0.01470	0.01990	0.01153	0.00822	0.01112	0.03110	0.08852	0.00794	0.00403	0.09824
47	0.01300	0.00674	0.00997	0.01018	0.01023	0.00668	0.00679	0.01018	0.01065	0.01420	0.01685	0.10433	0.01784	0.02663	0.02794	0.68528	0.00648	0.00850	0.00381	0.00371
48	0.01810	0.02235	0.10826	0.03339	0.13547	0.01942	0.46894	0.02442	0.01776	0.02465	0.01513	0.02004	0.01158	0.00694	0.00936	0.00258	0.03864	0.00837	0.00382	0.01076
49	0.06645	0.02105	0.25850	0.01638	0.04785	0.01308	0.01618	0.02059	0.06301	0.02751	0.24330	0.11284	0.03714	0.01240	0.00814	0.00253	0.00716	0.01059	0.00597	0.00933
50	0.01728	0.01928	0.04150	0.03015	0.03714	0.01807	0.57658	0.02321	0.01790	0.02425	0.01881	0.10199	0.01633	0.00859	0.00924	0.00268	0.01208	0.01064	0.00430	0.00998
51	0.01299	0.01416	0.07254	0.01570	0.04058	0.01196	0.10643	0.01868	0.09006	0.02373	0.07931	0.05273	0.35199	0.01493	0.00941	0.00265	0.02944	0.03794	0.00628	0.00849
52	0.02411	0.02112	0.04739	0.04983	0.02796	0.04953	0.14885	0.37134	0.06208	0.03767	0.01972	0.06838	0.01572	0.00965	0.00816	0.00246	0.00948	0.00845	0.00644	0.01166
53	0.01613	0.10304	0.54888	0.02178	0.03216	0.01901	0.08037	0.02414	0.01666	0.02419	0.03487	0.01772	0.01202	0.00750	0.00735	0.00239	0.01105	0.00614	0.00350	0.01110
54	0.01878	0.01801	0.03074	0.10672	0.62319	0.01832	0.02359	0.02344	0.01746	0.02484	0.01451	0.01932	0.01211	0.00698	0.00768	0.00233	0.00931	0.00691	0.00380	0.01195
55	0.01868	0.01837	0.03274	0.10209	0.53746	0.01848	0.11019	0.02360	0.01756	0.02479	0.01467	0.01956	0.01204	0.00693	0.00789	0.00237	0.00984	0.00722	0.00382	0.01172
56	0.01813	0.02240	0.10090	0.03298	0.09235	0.01937	0.54485	0.02473	0.01808	0.02485	0.01544	0.02037	0.01164	0.00664	0.00887	0.00257	0.01261	0.00867	0.00386	0.01070
57	0.01963	0.01856	0.03299	0.06855	0.16840	0.04316	0.27811	0.02437	0.01787	0.08655	0.05443	0.02244	0.01581	0.00850	0.01072	0.00260	0.10394	0.00824	0.00462	0.01050
58	0.04477	0.07730	0.40225	0.02355	0.10840	0.01776	0.06537	0.02466	0.01691	0.08011	0.01686	0.05798	0.01338	0.00836	0.00746	0.00243	0.01008	0.00705	0.00420	0.01113
59	0.01591	0.06230	0.28116	0.01554	0.02197	0.01391	0.01674	0.02262	0.05670	0.08522	0.28213	0.03447	0.03693	0.01112	0.00802	0.00241	0.00741	0.00933	0.00622	0.00991
60	0.02478	0.01908	0.14228	0.06461	0.06953	0.01485	0.03395	0.05699	0.09673	0.30725	0.02474	0.04651	0.01757	0.00936	0.00774	0.00245	0.00795	0.00787	0.03388	0.01189
61	0.02253	0.06871	0.29524	0.01746	0.02531	0.01669	0.01873	0.06491	0.09001	0.22385	0.04229	0.02238	0.01665	0.01025	0.02828	0.00270	0.00910	0.00700	0.00612	0.01180

[dist]
# distance from previous block
# <min> <max>
0	1

[block]
# block no. 5 follows, 25 sequences, length 135
# corresponding to MSA columns:
# 190-324
name=unknown_F
#
# <colnr> <probs for GDERKNQSTAVLIFYWHMCP>
#	G	D	E	R	K	N	Q	S	T	A	V	L	I	F	Y	W	H	M	C	P
0	0.01651	0.03667	0.57933	0.02329	0.03409	0.01802	0.11311	0.02500	0.01681	0.04469	0.01466	0.01730	0.01037	0.00732	0.00762	0.00248	0.01153	0.00626	0.00356	0.01138
1	0.01555	0.04011	0.68733	0.02210	0.03356	0.01801	0.02865	0.02455	0.01637	0.02455	0.01391	0.01637	0.00982	0.00737	0.00737	0.00246	0.01146	0.00573	0.00327	0.01146
2	0.01754	0.01930	0.09173	0.11788	0.33896	0.01760	0.12159	0.02391	0.05762	0.02475	0.01811	0.02632	0.01544	0.00857	0.00818	0.00254	0.00979	0.06486	0.00431	0.01099
3	0.01534	0.01404	0.02373	0.49097	0.08771	0.01636	0.07516	0.02096	0.03827	0.02202	0.01666	0.02403	0.01316	0.00829	0.00776	0.00253	0.00962	0.02937	0.07505	0.00897
4	0.01429	0.01331	0.02214	0.63500	0.04917	0.01653	0.02027	0.01906	0.01535	0.01978	0.01598	0.07631	0.01358	0.00922	0.00840	0.00265	0.02869	0.00809	0.00374	0.00843
5	0.01126	0.00759	0.00882	0.00882	0.00895	0.00772	0.00515	0.01151	0.01138	0.01530	0.02410	0.04889	0.02739	0.66642	0.09945	0.00797	0.00873	0.01100	0.00465	0.00490
6	0.01581	0.03832	0.62774	0.02308	0.03421	0.01816	0.08645	0.02458	0.01655	0.02458	0.01408	0.01679	0.01000	0.00729	0.00753	0.00247	0.01161	0.00605	0.00333	0.01137
7	0.02896	0.03695	0.02197	0.01998	0.02397	0.69638	0.01498	0.03096	0.02197	0.01898	0.01199	0.01398	0.00999	0.00799	0.00699	0.00200	0.01398	0.00499	0.00400	0.00899
8	0.01555	0.04011	0.68733	0.02210	0.03356	0.01801	0.02865	0.02455	0.01637	0.02455	0.01391	0.01637	0.00982	0.00737	0.00737	0.00246	0.01146	0.00573	0.00327	0.01146
9	0.01276	0.01030	0.01342	0.04248	0.01577	0.04328	0.01031	0.01550	0.01332	0.01907	0.01997	0.02905	0.01837	0.07095	0.50587	0.00983	0.05936	0.00801	0.07527	0.00713
10	0.01555	0.04011	0.68733	0.02210	0.03356	0.01801	0.02865	0.02455	0.01637	0.02455	0.01391	0.01637	0.00982	0.00737	0.00737	0.00246	0.01146	0.00573	0.00327	0.01146
11	0.01498	0.01406	0.02337	0.65926	0.07640	0.01734	0.02130	0.02071	0.03816	0.02046	0.01443	0.02090	0.01087	0.00782	0.00775	0.00257	0.01015	0.00696	0.00361	0.00888
12	0.02524	0.01901	0.01990	0.01650	0.02172	0.04914	0.01320	0.26720	0.33132	0.11229	0.02581	0.02418	0.01869	0.00986	0.00779	0.00246	0.00741	0.00783	0.00787	0.01258
13	0.01488	0.01420	0.02424	0.65464	0.05164	0.01757	0.04831	0.01998	0.01549	0.01998	0.01373	0.02055	0.01039	0.00791	0.00846	0.00261	0.03627	0.00698	0.00346	0.00869
14	0.01605	0.01531	0.02658	0.39744	0.23940	0.01703	0.07170	0.02096	0.01648	0.02206	0.01644	0.04456	0.01401	0.00859	0.00806	0.00257	0.00988	0.03924	0.00390	0.00973
15	0.01612	0.06825	0.59823	0.02408	0.09293	0.01860	0.02753	0.02443	0.01646	0.02435	0.01384	0.01646	0.01006	0.00729	0.00729	0.00241	0.01111	0.00577	0.00333	0.01147
16	0.03348	0.07998	0.02010	0.01375	0.01980	0.01319	0.01157	0.03643	0.02159	0.62263	0.02875	0.02509	0.01833	0.00932	0.00754	0.00233	0.00676	0.00746	0.00901	0.01289
17	0.00998	0.00760	0.01120	0.01211	0.01300	0.00709	0.04572	0.01164	0.01505	0.02009	0.04112	0.68047	0.04892	0.02323	0.00985	0.00312	0.00501	0.02127	0.00700	0.00655
18	0.01574	0.03879	0.64338	0.02282	0.03404	0.01812	0.07128	0.02457	0.01650	0.02457	0.01404	0.01668	0.00996	0.00731	0.00749	0.00247	0.01157	0.00596	0.00332	0.01139
19	0.01506	0.01421	0.02402	0.64745	0.11152	0.01734	0.02174	0.02018	0.01570	0.02032	0.01386	0.02053	0.01052	0.00767	0.00774	0.00256	0.01023	0.00689	0.00348	0.00895
20	0.01169	0.00886	0.01120	0.01222	0.01436	0.00854	0.01029	0.01548	0.04306	0.02312	0.07226	0.08031	0.23886	0.02027	0.01008	0.00320	0.00600	0.39581	0.00723	0.00716
21	0.01847	0.01798	0.02923	0.20084	0.51066	0.04150	0.02296	0.02311	0.01730	0.02382	0.01431	0.01936	0.01175	0.00714	0.00767	0.00236	0.00964	0.00684	0.00375	0.01131
22	0.01764	0.02598	0.22345	0.03153	0.11607	0.01902	0.40082	0.02463	0.01768	0.02482	0.01506	0.01943	0.01128	0.00681	0.00847	0.00253	0.01215	0.00792	0.00373	0.01096
23	0.02814	0.05019	0.17097	0.01561	0.02264	0.01408	0.01531	0.06212	0.02126	0.43662	0.06383	0.02503	0.01960	0.00932	0.00766	0.00238	0.00769	0.00750	0.00774	0.01231
24	0.01581	0.10285	0.59499	0.02069	0.03124	0.01867	0.02620	0.02396	0.01658	0.02428	0.04514	0.01799	0.01285	0.00770	0.00723	0.00238	0.01079	0.00598	0.00353	0.01112
25	0.01557	0.03703	0.60140	0.02264	0.03334	0.01770	0.08562	0.02405	0.01649	0.02440	0.01520	0.04421	0.01161	0.00795	0.00763	0.00250	0.01134	0.00668	0.00349	0.01117
26	0.05128	0.01901	0.02702	0.30243	0.27889	0.10618	0.06003	0.02318	0.01722	0.02270	0.01384	0.01892	0.01102	0.00737	0.00759	0.00240	0.01038	0.00668	0.00375	0.01013
27	0.08822	0.01612	0.02471	0.43603	0.15590	0.04701	0.05777	0.02214	0.01633	0.04353	0.01421	0.01957	0.01085	0.00755	0.00752	0.00249	0.00994	0.00673	0.00389	0.00951
28	0.01928	0.01784	0.02914	0.17114	0.49877	0.01872	0.02252	0.08150	0.01899	0.02646	0.01481	0.01942	0.01199	0.00729	0.00770	0.00236	0.00936	0.00691	0.00413	0.01167
29	0.04700	0.02494	0.32780	0.01750	0.02517	0.01410	0.04053	0.02598	0.01771	0.21728	0.02423	0.08772	0.04560	0.01082	0.00863	0.03124	0.00875	0.00842	0.00574	0.01083
30	0.01614	0.07327	0.57972	0.02288	0.03367	0.01884	0.10017	0.02452	0.01656	0.02426	0.01396	0.01670	0.01005	0.00723	0.00745	0.00243	0.01148	0.00605	0.00335	0.01127
31	0.01760	0.10739	0.56922	0.02055	0.03109	0.01875	0.02573	0.02547	0.01677	0.07642	0.01493	0.01677	0.01058	0.00747	0.00716	0.00237	0.01075	0.00574	0.00378	0.01145
32	0.01562	0.01515	0.02685	0.49478	0.14771	0.01731	0.10089	0.02074	0.01617	0.02130	0.01521	0.04624	0.01232	0.00807	0.00800	0.00256	0.01029	0.00774	0.00370	0.00933
33	0.01775	0.02627	0.25886	0.09880	0.28597	0.04166	0.07543	0.02490	0.05031	0.02463	0.01514	0.01881	0.01170	0.00734	0.00768	0.00241	0.01042	0.00671	0.00382	0.01138
34	0.01567	0.01442	0.02346	0.57605	0.10809	0.01735	0.02089	0.04339	0.03718	0.02188	0.01556	0.02309	0.01226	0.00830	0.00785	0.00259	0.00992	0.02896	0.00391	0.00918
35	0.05348	0.01280	0.01720	0.01354	0.01911	0.01126	0.01119	0.03525	0.02171	0.60407	0.05866	0.03050	0.02254	0.01041	0.00792	0.00246	0.00648	0.03963	0.00929	0.01250
36	0.01606	0.03666	0.57436	0.02447	0.05697	0.01825	0.11595	0.02457	0.01669	0.02462	0.01419	0.01711	0.01018	0.00723	0.00763	0.00247	0.01161	0.00625	0.00338	0.01135
37	0.01796	0.15454	0.39604	0.02262	0.08973	0.01952	0.06968	0.02448	0.01665	0.06262	0.01502	0.01838	0.01158	0.03873	0.00854	0.00253	0.01035	0.00618	0.00382	0.01101
38	0.00945	0.00675	0.00900	0.01080	0.01125	0.00630	0.00720	0.01080	0.01484	0.01979	0.04274	0.72245	0.05128	0.02429	0.00990	0.00315	0.00450	0.02204	0.00720	0.00630
39	0.01495	0.01382	0.02308	0.43692	0.06896	0.01669	0.06191	0.01907	0.01495	0.02016	0.01525	0.04713	0.01289	0.01228	0.04390	0.03829	0.09662	0.00767	0.02702	0.00844
40	0.01846	0.01891	0.03563	0.09046	0.38249	0.01895	0.24528	0.02368	0.01751	0.02450	0.01475	0.01983	0.01188	0.00708	0.00886	0.00247	0.03652	0.00770	0.00382	0.01122
41	0.01838	0.02068	0.04443	0.03406	0.09984	0.01950	0.59273	0.02474	0.01824	0.02488	0.01558	0.02075	0.01181	0.00657	0.00901	0.00259	0.01271	0.00894	0.00391	0.01063
42	0.01234	0.00887	0.01227	0.01397	0.01580	0.00881	0.01218	0.01583	0.01784	0.02310	0.04284	0.08685	0.07472	0.02133	0.01064	0.00352	0.00699	0.59784	0.00714	0.00711
43	0.01581	0.03843	0.63434	0.02360	0.06147	0.01809	0.05260	0.02453	0.01650	0.02460	0.01401	0.01667	0.01000	0.00731	0.00745	0.00246	0.01143	0.00591	0.00332	0.01146
44	0.01555	0.04011	0.68733	0.02210	0.03356	0.01801	0.02865	0.02455	0.01637	0.02455	0.01391	0.01637	0.00982	0.00737	0.00737	0.00246	0.01146	0.00573	0.00327	0.01146
45	0.00945	0.00675	0.00900	0.01080	0.01125	0.00630	0.00720	0.01080	0.01484	0.01979	0.04274	0.72245	0.05128	0.02429	0.00990	0.00315	0.00450	0.02204	0.00720	0.00630
46	0.01800	0.01715	0.02919	0.18132	0.53040	0.01790	0.02289	0.02267	0.01705	0.02397	0.01462	0.01985	0.01211	0.00871	0.02959	0.00268	0.00981	0.00695	0.00377	0.01136
47	0.00984	0.00703	0.00945	0.01125	0.01187	0.00664	0.00789	0.01148	0.01523	0.02024	0.04252	0.64001	0.05042	0.02392	0.01000	0.00320	0.00484	0.10058	0.00719	0.00641
48	0.01444	0.01333	0.02226	0.64436	0.04993	0.01646	0.02069	0.01946	0.01572	0.02013	0.01631	0.02688	0.01352	0.00902	0.00803	0.00268	0.01004	0.06448	0.00379	0.00848
49	0.01639	0.15202	0.58276	0.02067	0.03135	0.02006	0.02616	0.02434	0.01627	0.02353	0.01341	0.01573	0.00984	0.00725	0.00698	0.00233	0.01095	0.00547	0.00328	0.01122
50	0.01604	0.06593	0.55023	0.02362	0.07237	0.01832	0.07156	0.02413	0.01675	0.02458	0.03657	0.01812	0.01228	0.00754	0.00747	0.00242	0.01103	0.00626	0.00354	0.01123
51	0.01555	0.04011	0.68733	0.02210	0.03356	0.01801	0.02865	0.02455	0.01637	0.02455	0.01391	0.01637	0.00982	0.00737	0.00737	0.00246	0.01146	0.00573	0.00327	0.01146
52	0.03131	0.01455	0.01832	0.01451	0.02020	0.01396	0.01183	0.08719	0.15029	0.50541	0.02983	0.02628	0.01960	0.00976	0.00781	0.00244	0.00666	0.00792	0.00911	0.01301
53	0.02107	0.01961	0.06918	0.12671	0.05779	0.04818	0.03854	0.13146	0.30513	0.06468	0.02325	0.02361	0.01719	0.00921	0.00780	0.00251	0.00830	0.00769	0.00644	0.01163
54	0.01507	0.01425	0.02343	0.50857	0.04409	0.01783	0.04974	0.01952	0.01500	0.02016	0.01449	0.04121	0.01193	0.00927	0.01096	0.00272	0.13552	0.00744	0.03023	0.00856
55	0.00945	0.00675	0.00900	0.01080	0.01125	0.00630	0.00720	0.01080	0.01484	0.01979	0.04274	0.72245	0.05128	0.02429	0.00990	0.00315	0.00450	0.02204	0.00720	0.00630
56	0.01891	0.01854	0.03284	0.07135	0.57963	0.01852	0.09772	0.02376	0.01765	0.02506	0.01468	0.01945	0.01215	0.00690	0.00785	0.00235	0.00971	0.00717	0.00383	0.01192
57	0.01836	0.01917	0.06540	0.06713	0.51908	0.01799	0.09556	0.02339	0.01778	0.02529	0.04472	0.02106	0.01480	0.00733	0.00790	0.00236	0.00956	0.00743	0.00402	0.01167
58	0.01572	0.06208	0.66680	0.02182	0.03312	0.01841	0.02816	0.02451	0.01635	0.02435	0.01381	0.01625	0.00983	0.00734	0.00729	0.00243	0.01136	0.00568	0.00328	0.01141
59	0.01772	0.02496	0.18105	0.03045	0.03905	0.01927	0.51974	0.02478	0.01789	0.02478	0.01531	0.01996	0.01136	0.00671	0.00877	0.00258	0.01273	0.00843	0.00379	0.01067
60	0.01655	0.15089	0.54435	0.02130	0.03177	0.02015	0.06340	0.02436	0.01639	0.02355	0.01351	0.01601	0.00996	0.00720	0.00709	0.00234	0.01104	0.00568	0.00332	0.01116
61	0.03279	0.01301	0.01752	0.01363	0.01932	0.01145	0.01118	0.03653	0.04610	0.62114	0.06919	0.02837	0.02259	0.01001	0.00788	0.00241	0.00640	0.00821	0.00947	0.01281
62	0.00962	0.00682	0.00895	0.01058	0.01099	0.00641	0.00697	0.01084	0.01451	0.01935	0.04103	0.66006	0.04914	0.08961	0.01264	0.00355	0.00478	0.02104	0.00697	0.00615
63	0.01116	0.00909	0.01457	0.01427	0.01604	0.00857	0.09597	0.01362	0.01593	0.02111	0.04007	0.49469	0.06769	0.02121	0.00991	0.00313	0.00610	0.12311	0.00674	0.00702
64	0.02012	0.01276	0.01523	0.01300	0.01672	0.01281	0.01035	0.20326	0.02512	0.14176	0.25332	0.09694	0.08094	0.01416	0.00867	0.00254	0.00585	0.04842	0.00821	0.00985
65	0.01839	0.01991	0.04080	0.06637	0.21861	0.01917	0.44914	0.02433	0.01800	0.02475	0.01530	0.02042	0.01185	0.00669	0.00868	0.00253	0.01188	0.00843	0.00388	0.01088
66	0.01593	0.01652	0.03219	0.30500	0.04212	0.01759	0.30641	0.02121	0.01655	0.02204	0.01717	0.08580	0.01478	0.00900	0.00939	0.00269	0.04305	0.00932	0.00401	0.00923
67	0.01314	0.00681	0.01007	0.01011	0.01024	0.00675	0.00679	0.01040	0.01102	0.01480	0.05434	0.05616	0.01869	0.02616	0.02815	0.69452	0.00645	0.00784	0.00384	0.00373
68	0.01582	0.03821	0.62394	0.02314	0.03425	0.01817	0.09014	0.02458	0.01656	0.02458	0.01409	0.01682	0.01001	0.00728	0.00754	0.00247	0.01162	0.00607	0.00334	0.01136
69	0.01012	0.00726	0.00960	0.01034	0.01139	0.00674	0.00725	0.01248	0.01796	0.02475	0.32038	0.43065	0.06089	0.02059	0.00957	0.00284	0.00413	0.01852	0.00778	0.00674
70	0.01634	0.14580	0.58857	0.02075	0.03147	0.01994	0.02630	0.02435	0.01628	0.02359	0.01344	0.01577	0.00984	0.00725	0.00700	0.00233	0.01098	0.00549	0.00328	0.01123
