[name]
unknown

[dist]
# distance from previous block
# <min> <max>
0	75

[block]
# block no. 0 follows, 24 sequences, length 15
# corresponding to MSA columns:
# 75-89
name=unknown_A
#
# <colnr> <probs for GDERKNQSTAVLIFYWHMCP>
#	G	D	E	R	K	N	Q	S	T	A	V	L	I	F	Y	W	H	M	C	P
0	0.01278	0.00913	0.01278	0.01460	0.01643	0.00913	0.01278	0.01643	0.01825	0.02373	0.04199	0.08945	0.04564	0.02191	0.01095	0.00365	0.00730	0.61847	0.00730	0.00730
1	0.01636	0.10051	0.62476	0.02182	0.03311	0.01954	0.02793	0.02499	0.01669	0.02455	0.01395	0.01639	0.01006	0.00747	0.00732	0.00244	0.01144	0.00572	0.00335	0.01159
2	0.01590	0.04102	0.68023	0.02260	0.03432	0.01842	0.02930	0.02511	0.01674	0.02511	0.01423	0.01674	0.01005	0.00753	0.00753	0.00251	0.01172	0.00586	0.00335	0.01172
3	0.09522	0.02030	0.08168	0.27033	0.12204	0.04366	0.04694	0.17224	0.02150	0.03027	0.01512	0.01900	0.01134	0.00806	0.00762	0.00249	0.00989	0.00673	0.00480	0.01076
4	0.01553	0.03837	0.62633	0.02159	0.03251	0.01754	0.02754	0.02430	0.01720	0.02565	0.06683	0.02016	0.01526	0.00823	0.00768	0.00251	0.01108	0.00654	0.00378	0.01138
5	0.01542	0.01476	0.02556	0.63134	0.08273	0.01782	0.05955	0.02076	0.01613	0.02083	0.01425	0.02109	0.01075	0.00781	0.00801	0.00263	0.01069	0.00719	0.00357	0.00910
6	0.01925	0.05899	0.12442	0.09912	0.40732	0.04399	0.02283	0.05263	0.01879	0.02601	0.04151	0.02039	0.01441	0.00773	0.00771	0.00237	0.00973	0.00697	0.00417	0.01168
7	0.15590	0.01614	0.04814	0.07757	0.06119	0.01620	0.01355	0.18124	0.02225	0.08108	0.08052	0.06208	0.04292	0.04338	0.00935	0.00283	0.00752	0.06151	0.00652	0.01008
8	0.05288	0.07914	0.12200	0.08195	0.02485	0.01604	0.06521	0.07524	0.05240	0.07496	0.19599	0.03408	0.05592	0.01109	0.00812	0.00249	0.00777	0.02363	0.00628	0.00995
9	0.11645	0.10026	0.08760	0.06911	0.22234	0.07385	0.06916	0.11954	0.02036	0.02903	0.01440	0.01748	0.01137	0.00760	0.00723	0.00233	0.00978	0.00634	0.00455	0.01122
10	0.02175	0.05561	0.14860	0.05528	0.08992	0.12994	0.04558	0.11747	0.02136	0.06564	0.03952	0.04570	0.01587	0.00884	0.00751	0.00226	0.00970	0.00718	0.03646	0.07581
11	0.08288	0.14469	0.02574	0.12484	0.07442	0.01850	0.09278	0.06681	0.01790	0.02537	0.02248	0.08365	0.06960	0.01018	0.00795	0.00238	0.02921	0.00864	0.04280	0.04920
12	0.09188	0.01864	0.05345	0.06688	0.05189	0.04817	0.01390	0.28965	0.02533	0.03614	0.05661	0.02239	0.01696	0.01087	0.00941	0.06895	0.00802	0.00715	0.09327	0.01044
13	0.02049	0.01950	0.08680	0.07762	0.13897	0.04693	0.04540	0.12849	0.07704	0.06301	0.07112	0.02419	0.01914	0.00890	0.00766	0.00230	0.00837	0.00759	0.06973	0.07675
14	0.09339	0.05262	0.26244	0.04272	0.13887	0.01751	0.02034	0.02640	0.04944	0.11129	0.04203	0.02045	0.01490	0.00834	0.00793	0.00242	0.03167	0.00663	0.00496	0.04564

[dist]
# distance from previous block
# <min> <max>
2	29

[block]
# block no. 1 follows, 24 sequences, length 35
# corresponding to MSA columns:
# 119-153
name=unknown_B
#
# <colnr> <probs for GDERKNQSTAVLIFYWHMCP>
#	G	D	E	R	K	N	Q	S	T	A	V	L	I	F	Y	W	H	M	C	P
0	0.06628	0.07916	0.10712	0.02077	0.08369	0.01945	0.07477	0.11188	0.06605	0.05776	0.01677	0.01913	0.01301	0.00850	0.00925	0.00233	0.08666	0.00659	0.03597	0.11486
1	0.06138	0.10455	0.21981	0.09275	0.05943	0.01910	0.06609	0.07508	0.04503	0.12667	0.01756	0.01928	0.01268	0.00796	0.00736	0.00237	0.00950	0.00654	0.00512	0.04172
2	0.12552	0.04581	0.05718	0.10095	0.02674	0.01680	0.07271	0.09885	0.04939	0.12004	0.01757	0.01926	0.01292	0.00774	0.00702	0.00216	0.00809	0.00636	0.00564	0.19926
3	0.12459	0.05414	0.23221	0.04606	0.04642	0.04377	0.06314	0.02423	0.04899	0.05675	0.10795	0.02480	0.02107	0.03283	0.00854	0.00259	0.00891	0.00747	0.00506	0.04049
4	0.06282	0.02030	0.07826	0.07397	0.08707	0.06900	0.08122	0.05994	0.11683	0.14679	0.02008	0.02139	0.01470	0.00864	0.00852	0.00243	0.04152	0.00717	0.00587	0.07349
5	0.08760	0.24022	0.07723	0.01392	0.01970	0.01985	0.01280	0.07875	0.07191	0.08778	0.05242	0.07969	0.01973	0.00978	0.00676	0.00218	0.00726	0.00759	0.03339	0.07144
6	0.15943	0.06014	0.18643	0.04399	0.02485	0.01827	0.01656	0.15836	0.02151	0.15352	0.01879	0.04446	0.01398	0.00891	0.00715	0.00240	0.00845	0.00679	0.00602	0.04001
7	0.05027	0.11870	0.17580	0.02262	0.13791	0.05017	0.01843	0.06201	0.12435	0.10963	0.04102	0.02140	0.01635	0.00859	0.00737	0.00237	0.00884	0.00689	0.00556	0.01174
8	0.02294	0.23974	0.09187	0.01625	0.02288	0.02128	0.04757	0.13117	0.06964	0.12314	0.01978	0.06083	0.01596	0.00907	0.00705	0.00218	0.00821	0.00721	0.00583	0.07739
9	0.19648	0.02540	0.26548	0.11324	0.06831	0.04423	0.01971	0.02545	0.01708	0.10340	0.03977	0.01931	0.01347	0.00814	0.00710	0.00248	0.00934	0.00626	0.00476	0.01059
10	0.07943	0.51276	0.10094	0.01460	0.02139	0.02708	0.01478	0.02489	0.01635	0.07560	0.01301	0.01453	0.01084	0.00746	0.00646	0.00198	0.03859	0.00484	0.00404	0.01042
11	0.04421	0.54614	0.03808	0.01558	0.02199	0.02916	0.05182	0.09473	0.01841	0.02317	0.01221	0.01421	0.01063	0.00747	0.00672	0.00195	0.04404	0.00502	0.00400	0.01046
12	0.09577	0.14542	0.11101	0.05535	0.02129	0.04167	0.01345	0.02281	0.07610	0.05470	0.07655	0.09306	0.09956	0.01153	0.00741	0.00238	0.00735	0.00928	0.00563	0.04970
13	0.02670	0.20907	0.10682	0.01681	0.05650	0.01846	0.01492	0.03152	0.05352	0.32702	0.04609	0.02280	0.01778	0.00885	0.00719	0.00227	0.00784	0.00694	0.00684	0.01206
14	0.02206	0.25713	0.05932	0.01986	0.09774	0.05212	0.04015	0.13939	0.06824	0.05875	0.07132	0.04355	0.01931	0.00920	0.00717	0.00221	0.00848	0.00736	0.00555	0.01109
15	0.01868	0.02233	0.14148	0.08142	0.46603	0.01879	0.05111	0.02518	0.05036	0.02578	0.01568	0.01981	0.01259	0.00737	0.00788	0.00243	0.00989	0.00706	0.00402	0.01211
16	0.01181	0.00923	0.01097	0.01179	0.01347	0.00930	0.00848	0.01765	0.14548	0.02321	0.04692	0.44752	0.14079	0.02112	0.00963	0.00305	0.00499	0.04932	0.00750	0.00776
17	0.02315	0.56684	0.03714	0.01516	0.02132	0.18364	0.01397	0.02558	0.01758	0.01883	0.01131	0.01309	0.01019	0.00711	0.00557	0.00178	0.00983	0.00444	0.00355	0.00995
18	0.01094	0.00809	0.01021	0.00968	0.01167	0.00736	0.00726	0.01442	0.02178	0.03022	0.57825	0.06183	0.16522	0.01680	0.00936	0.00252	0.00378	0.01471	0.00852	0.00736
19	0.02048	0.01338	0.01437	0.03976	0.01706	0.01449	0.00992	0.24232	0.05380	0.03661	0.02326	0.02549	0.01768	0.00936	0.00661	0.00211	0.00588	0.00736	0.43022	0.00985
20	0.03014	0.02221	0.02380	0.01825	0.02459	0.02459	0.01507	0.64541	0.03728	0.04998	0.01904	0.01904	0.01349	0.00952	0.00793	0.00238	0.00873	0.00714	0.00793	0.01349
21	0.01899	0.43954	0.30870	0.01735	0.02620	0.02596	0.02015	0.02432	0.01638	0.02136	0.01237	0.01440	0.01012	0.00710	0.00611	0.00204	0.00984	0.00492	0.00337	0.01082
22	0.01918	0.01950	0.03239	0.07386	0.40798	0.05452	0.13622	0.02376	0.01767	0.02437	0.01559	0.04489	0.01350	0.00835	0.00980	0.00254	0.07265	0.00793	0.00401	0.01128
23	0.01153	0.00769	0.00865	0.00865	0.00865	0.00769	0.00480	0.01153	0.01153	0.01538	0.02499	0.05189	0.02883	0.72131	0.04036	0.00769	0.00769	0.01153	0.00480	0.00480
24	0.02163	0.69128	0.04059	0.01392	0.02056	0.06465	0.01366	0.02415	0.01643	0.01869	0.01109	0.01280	0.01018	0.00685	0.00519	0.00171	0.00877	0.00428	0.00343	0.01013
25	0.01644	0.01409	0.01644	0.01175	0.01879	0.01057	0.00940	0.01997	0.01644	0.02584	0.01409	0.01644	0.01175	0.00587	0.00587	0.00117	0.00587	0.00470	0.00470	0.76979
26	0.01000	0.00714	0.00959	0.01143	0.01204	0.00674	0.00795	0.01163	0.01552	0.02062	0.04352	0.64750	0.05170	0.02452	0.01021	0.00327	0.00490	0.08781	0.00735	0.00654
27	0.01172	0.00856	0.01273	0.07336	0.01724	0.00838	0.03808	0.01386	0.01584	0.04713	0.03925	0.56826	0.04529	0.02179	0.00984	0.00313	0.00573	0.04568	0.00697	0.00717
28	0.03558	0.01350	0.01840	0.01411	0.02024	0.01166	0.01166	0.03865	0.02270	0.67734	0.03128	0.02699	0.01963	0.00981	0.00797	0.00245	0.00675	0.00797	0.00981	0.01350
29	0.00966	0.00690	0.00920	0.01104	0.01150	0.00644	0.00736	0.01104	0.01518	0.02024	0.04371	0.71614	0.05245	0.02484	0.01012	0.00322	0.00460	0.02254	0.00736	0.00644
30	0.01133	0.00850	0.01274	0.01274	0.01416	0.00991	0.00991	0.01416	0.01274	0.01841	0.02124	0.03115	0.01982	0.05947	0.68989	0.01274	0.02124	0.00850	0.00425	0.00708
31	0.02932	0.02142	0.02292	0.01767	0.02377	0.02367	0.01456	0.61195	0.03618	0.04889	0.01940	0.01960	0.01385	0.00950	0.00781	0.00235	0.00846	0.00715	0.04835	0.01316
32	0.01873	0.01497	0.01729	0.01266	0.01949	0.01236	0.01018	0.08055	0.04855	0.05719	0.01616	0.01777	0.01284	0.00662	0.00626	0.00141	0.00620	0.00527	0.00538	0.63011
33	0.02187	0.04978	0.08627	0.02031	0.05670	0.01858	0.10862	0.08108	0.26455	0.12482	0.06361	0.02654	0.02145	0.00959	0.00813	0.00254	0.00820	0.00848	0.00690	0.01200
34	0.01748	0.00950	0.01232	0.01082	0.01379	0.00852	0.00831	0.02070	0.02157	0.20003	0.41332	0.05199	0.11383	0.04951	0.01051	0.00276	0.00475	0.01275	0.00869	0.00886

[dist]
# distance from previous block
# <min> <max>
0	1

[block]
# block no. 2 follows, 24 sequences, length 26
# corresponding to MSA columns:
# 155-180
name=unknown_C
#
# <colnr> <probs for GDERKNQSTAVLIFYWHMCP>
#	G	D	E	R	K	N	Q	S	T	A	V	L	I	F	Y	W	H	M	C	P
0	0.02072	0.01736	0.02248	0.05000	0.10043	0.01634	0.05088	0.19558	0.02257	0.03232	0.01569	0.01805	0.01229	0.00717	0.00698	0.00181	0.00774	0.00604	0.00542	0.39015
1	0.00972	0.00702	0.00920	0.01083	0.01147	0.00650	0.00729	0.01124	0.01567	0.02083	0.07406	0.65173	0.08672	0.02419	0.01005	0.00316	0.00453	0.02186	0.00742	0.00650
2	0.01644	0.01409	0.01644	0.01175	0.01879	0.01057	0.00940	0.01997	0.01644	0.02584	0.01409	0.01644	0.01175	0.00587	0.00587	0.00117	0.00587	0.00470	0.00470	0.76979
3	0.01148	0.00789	0.00969	0.00969	0.01005	0.00825	0.00610	0.01220	0.01184	0.01615	0.02403	0.04662	0.02654	0.55313	0.20541	0.00897	0.01113	0.01076	0.00466	0.00538
4	0.01644	0.01409	0.01644	0.01175	0.01879	0.01057	0.00940	0.01997	0.01644	0.02584	0.01409	0.01644	0.01175	0.00587	0.00587	0.00117	0.00587	0.00470	0.00470	0.76979
5	0.02873	0.06691	0.02391	0.02155	0.05927	0.59553	0.01572	0.05705	0.02258	0.02103	0.01263	0.01472	0.01048	0.00811	0.00713	0.00206	0.01354	0.00526	0.00421	0.00960
6	0.01281	0.00869	0.00973	0.00911	0.01204	0.00742	0.00696	0.01526	0.01942	0.10075	0.18257	0.06735	0.48281	0.01816	0.00920	0.00262	0.00429	0.01526	0.00790	0.00764
7	0.01849	0.01768	0.03014	0.20811	0.52128	0.01854	0.02377	0.02334	0.01752	0.02453	0.01472	0.02000	0.01208	0.00728	0.00787	0.00243	0.00970	0.00706	0.00383	0.01165
8	0.01652	0.00835	0.00867	0.00821	0.01047	0.00835	0.00627	0.04645	0.01783	0.06417	0.02586	0.02898	0.02000	0.00928	0.00577	0.00190	0.00407	0.00741	0.69347	0.00797
9	0.01131	0.00760	0.00871	0.00893	0.00899	0.00754	0.00511	0.01147	0.01196	0.01595	0.02720	0.13029	0.03162	0.63911	0.03679	0.00716	0.00732	0.01283	0.00511	0.00500
10	0.02962	0.03779	0.02247	0.02043	0.02451	0.68948	0.01532	0.03166	0.02247	0.01941	0.01226	0.01430	0.01021	0.00817	0.00715	0.00204	0.01430	0.00511	0.00409	0.00919
11	0.02962	0.03779	0.02247	0.02043	0.02451	0.68948	0.01532	0.03166	0.02247	0.01941	0.01226	0.01430	0.01021	0.00817	0.00715	0.00204	0.01430	0.00511	0.00409	0.00919
12	0.01046	0.00797	0.00962	0.00943	0.01144	0.00712	0.00699	0.01341	0.02033	0.02729	0.41515	0.12528	0.27009	0.01829	0.00943	0.00262	0.00391	0.01589	0.00815	0.00712
13	0.03478	0.01477	0.01919	0.01471	0.02088	0.01355	0.01216	0.12753	0.02483	0.58544	0.02949	0.02583	0.01873	0.00977	0.00797	0.00244	0.00704	0.00785	0.00954	0.01349
14	0.02014	0.03413	0.50473	0.02151	0.03185	0.01712	0.06331	0.02792	0.01809	0.15979	0.01786	0.01914	0.01215	0.00795	0.00774	0.00251	0.01079	0.00651	0.00472	0.01202
15	0.01133	0.00850	0.01274	0.01274	0.01416	0.00991	0.00991	0.01416	0.01274	0.01841	0.02124	0.03115	0.01982	0.05947	0.68989	0.01274	0.02124	0.00850	0.00425	0.00708
16	0.01590	0.04102	0.68023	0.02260	0.03432	0.01842	0.02930	0.02511	0.01674	0.02511	0.01423	0.01674	0.01005	0.00753	0.00753	0.00251	0.01172	0.00586	0.00335	0.01172
17	0.08258	0.02173	0.02295	0.01770	0.02394	0.02411	0.01462	0.60175	0.03561	0.04897	0.01848	0.01861	0.01314	0.00937	0.00772	0.00239	0.00854	0.00694	0.00772	0.01314
18	0.01459	0.00875	0.01040	0.00976	0.01049	0.00880	0.00610	0.01502	0.01287	0.09365	0.02517	0.04762	0.02703	0.61004	0.03599	0.00691	0.03455	0.01093	0.00534	0.00598
19	0.01000	0.00726	0.00951	0.01119	0.01200	0.00677	0.00787	0.01169	0.01579	0.02075	0.04667	0.58835	0.10483	0.02409	0.01015	0.00322	0.00486	0.09106	0.00735	0.00656
20	0.01877	0.01796	0.03063	0.16955	0.55769	0.01862	0.02391	0.02358	0.01765	0.02486	0.01476	0.01991	0.01219	0.00723	0.00786	0.00241	0.00963	0.00706	0.00385	0.01187
21	0.77733	0.01534	0.01166	0.01043	0.01534	0.01779	0.00859	0.02331	0.01350	0.03558	0.01104	0.01288	0.00859	0.00736	0.00491	0.00245	0.00613	0.00429	0.00491	0.00859
22	0.68914	0.01615	0.01309	0.01135	0.01643	0.01859	0.00935	0.09673	0.01630	0.03728	0.01199	0.01361	0.00917	0.00762	0.00526	0.00244	0.00644	0.00463	0.00526	0.00917
23	0.01598	0.01459	0.02343	0.62720	0.05106	0.01771	0.02099	0.05860	0.01720	0.02235	0.01440	0.02079	0.01081	0.00793	0.00783	0.00256	0.01023	0.00694	0.00385	0.04557
24	0.68978	0.01512	0.01245	0.01086	0.01591	0.01707	0.00895	0.02512	0.01458	0.11132	0.01343	0.01455	0.00989	0.00765	0.00527	0.00245	0.00621	0.00473	0.00549	0.00917
25	0.01498	0.01409	0.02378	0.70226	0.05462	0.01762	0.02202	0.02026	0.01586	0.02026	0.01409	0.02114	0.01057	0.00793	0.00793	0.00264	0.01057	0.00705	0.00352	0.00881

[dist]
# distance from previous block
# <min> <max>
0	1

[block]
# block no. 3 follows, 24 sequences, length 16
# corresponding to MSA columns:
# 182-197
name=unknown_D
#
# <colnr> <probs for GDERKNQSTAVLIFYWHMCP>
#	G	D	E	R	K	N	Q	S	T	A	V	L	I	F	Y	W	H	M	C	P
0	0.03558	0.01350	0.01840	0.01411	0.02024	0.01166	0.01166	0.03865	0.02270	0.67734	0.03128	0.02699	0.01963	0.00981	0.00797	0.00245	0.00675	0.00797	0.00981	0.01350
1	0.01963	0.01884	0.03219	0.04867	0.67185	0.01884	0.02434	0.02434	0.01806	0.02591	0.01492	0.01963	0.01256	0.00707	0.00785	0.00236	0.00942	0.00707	0.00393	0.01256
2	0.01768	0.01406	0.01657	0.01190	0.01889	0.01064	0.00954	0.02117	0.01685	0.06789	0.01520	0.01712	0.01225	0.00613	0.00601	0.00126	0.00593	0.00491	0.00503	0.72097
3	0.12476	0.03544	0.52313	0.02192	0.03231	0.01849	0.08618	0.02488	0.01647	0.02663	0.01395	0.01664	0.01003	0.00743	0.00734	0.00252	0.01108	0.00598	0.00364	0.01117
4	0.02970	0.03557	0.02266	0.02012	0.02453	0.59466	0.01529	0.11919	0.02458	0.02377	0.01322	0.01498	0.01068	0.00836	0.00726	0.00209	0.01351	0.00540	0.00463	0.00981
5	0.01470	0.00887	0.01171	0.01057	0.01304	0.00808	0.00808	0.01834	0.02248	0.12386	0.57691	0.05464	0.06695	0.01530	0.00916	0.00249	0.00417	0.01343	0.00888	0.00834
6	0.01843	0.03748	0.59518	0.02151	0.03251	0.01755	0.02703	0.02685	0.01751	0.10893	0.01642	0.01806	0.01128	0.00783	0.00759	0.00250	0.01108	0.00613	0.00418	0.01195
7	0.01950	0.01920	0.03427	0.04650	0.58195	0.01901	0.11257	0.02449	0.01815	0.02583	0.01508	0.01988	0.01249	0.00701	0.00807	0.00240	0.00998	0.00739	0.00394	0.01229
8	0.01785	0.01703	0.02897	0.29875	0.43568	0.01837	0.02345	0.02278	0.01721	0.02375	0.01460	0.02021	0.01180	0.00740	0.00788	0.00247	0.00986	0.00706	0.00377	0.01113
9	0.01482	0.01446	0.02248	0.30834	0.05830	0.05609	0.10794	0.01882	0.01667	0.02121	0.02575	0.22407	0.05163	0.01315	0.00878	0.00277	0.00916	0.01217	0.00492	0.00847
10	0.01424	0.01312	0.02205	0.55194	0.04626	0.01576	0.04375	0.01883	0.01570	0.02027	0.01874	0.11956	0.01720	0.03833	0.00957	0.00292	0.00973	0.00948	0.00413	0.00839
11	0.02048	0.01970	0.06662	0.04496	0.59386	0.01834	0.02377	0.02533	0.01829	0.06906	0.01596	0.01996	0.01289	0.00727	0.00784	0.00237	0.00937	0.00706	0.00428	0.01258
12	0.03524	0.01404	0.01874	0.01437	0.02052	0.01247	0.01187	0.07686	0.02362	0.63783	0.03051	0.02649	0.01924	0.00980	0.00797	0.00245	0.00687	0.00792	0.00970	0.01349
13	0.01685	0.01442	0.02458	0.18286	0.09999	0.01506	0.13718	0.02276	0.05927	0.05973	0.02640	0.04573	0.02467	0.01276	0.00926	0.00296	0.00936	0.22100	0.00561	0.00954
14	0.01801	0.01719	0.02927	0.27575	0.45740	0.01842	0.02353	0.02292	0.01729	0.02395	0.01463	0.02015	0.01187	0.00737	0.00788	0.00246	0.00982	0.00706	0.00379	0.01126
15	0.77733	0.01534	0.01166	0.01043	0.01534	0.01779	0.00859	0.02331	0.01350	0.03558	0.01104	0.01288	0.00859	0.00736	0.00491	0.00245	0.00613	0.00429	0.00491	0.00859

[dist]
# distance from previous block
# <min> <max>
0	2

[block]
# block no. 4 follows, 24 sequences, length 22
# corresponding to MSA columns:
# 200-221
name=unknown_E
#
# <colnr> <probs for GDERKNQSTAVLIFYWHMCP>
#	G	D	E	R	K	N	Q	S	T	A	V	L	I	F	Y	W	H	M	C	P
0	0.01314	0.00945	0.01272	0.01272	0.05442	0.00860	0.00886	0.01690	0.02173	0.05730	0.55143	0.05221	0.06391	0.01460	0.00894	0.00238	0.00438	0.01290	0.00817	0.06524
1	0.03244	0.01304	0.01760	0.01362	0.01941	0.01122	0.01117	0.03559	0.02237	0.58708	0.08802	0.02939	0.02424	0.01020	0.00800	0.00239	0.00643	0.00839	0.00947	0.04993
2	0.02120	0.72609	0.04155	0.01357	0.02035	0.03138	0.01357	0.02374	0.01611	0.01866	0.01102	0.01272	0.01018	0.00678	0.00509	0.00170	0.00848	0.00424	0.00339	0.01018
3	0.01583	0.01344	0.01579	0.01168	0.01813	0.01020	0.00921	0.01916	0.01633	0.02533	0.01677	0.07975	0.01543	0.00759	0.00626	0.00136	0.00576	0.00631	0.00494	0.70073
4	0.01590	0.04102	0.68023	0.02260	0.03432	0.01842	0.02930	0.02511	0.01674	0.02511	0.01423	0.01674	0.01005	0.00753	0.00753	0.00251	0.01172	0.00586	0.00335	0.01172
5	0.01498	0.01409	0.02378	0.70226	0.05462	0.01762	0.02202	0.02026	0.01586	0.02026	0.01409	0.02114	0.01057	0.00793	0.00793	0.00264	0.01057	0.00705	0.00352	0.00881
6	0.00939	0.00795	0.00812	0.00826	0.01077	0.00668	0.00613	0.01135	0.01786	0.02133	0.07758	0.12431	0.62240	0.02044	0.00943	0.00272	0.00406	0.01717	0.00736	0.00668
7	0.01730	0.08872	0.60015	0.02151	0.03259	0.01900	0.02726	0.02572	0.01701	0.05843	0.01488	0.01698	0.01055	0.00760	0.00738	0.00245	0.01123	0.00585	0.00369	0.01170
8	0.01538	0.01451	0.02451	0.64546	0.10825	0.01772	0.02222	0.02061	0.01605	0.02075	0.01417	0.02101	0.01074	0.00785	0.00792	0.00262	0.01047	0.00705	0.00356	0.00914
9	0.00966	0.00690	0.00920	0.01104	0.01150	0.00644	0.00736	0.01104	0.01518	0.02024	0.04371	0.71614	0.05245	0.02484	0.01012	0.00322	0.00460	0.02254	0.00736	0.00644
10	0.01879	0.01799	0.03067	0.16651	0.56056	0.01862	0.02392	0.02360	0.01766	0.02489	0.01477	0.01990	0.01220	0.00722	0.00786	0.00241	0.00963	0.00706	0.00385	0.01188
11	0.01856	0.01935	0.06278	0.18546	0.45378	0.04530	0.02327	0.02348	0.01770	0.02430	0.01567	0.02236	0.01322	0.00791	0.00795	0.00246	0.00990	0.03122	0.00395	0.01136
12	0.00966	0.00690	0.00920	0.01104	0.01150	0.00644	0.00736	0.01104	0.01518	0.02024	0.04371	0.71614	0.05245	0.02484	0.01012	0.00322	0.00460	0.02254	0.00736	0.00644
13	0.01278	0.00913	0.01278	0.01460	0.01643	0.00913	0.01278	0.01643	0.01825	0.02373	0.04199	0.08945	0.04564	0.02191	0.01095	0.00365	0.00730	0.61847	0.00730	0.00730
14	0.01122	0.00811	0.01060	0.00998	0.01185	0.00748	0.00748	0.01496	0.02245	0.03180	0.66766	0.05923	0.07482	0.01621	0.00935	0.00249	0.00374	0.01434	0.00873	0.00748
15	0.02519	0.02998	0.02488	0.02532	0.13701	0.43632	0.06326	0.02931	0.05711	0.02265	0.06113	0.01984	0.01618	0.00859	0.00765	0.00221	0.01218	0.00664	0.00461	0.00996
16	0.02906	0.03135	0.02335	0.02319	0.10806	0.47481	0.01604	0.07555	0.02299	0.10001	0.01533	0.01683	0.01186	0.00832	0.00739	0.00216	0.01238	0.00585	0.00502	0.01045
17	0.01995	0.01426	0.01767	0.01423	0.05574	0.01122	0.01063	0.02346	0.01762	0.13914	0.01713	0.01846	0.01316	0.00663	0.00635	0.00146	0.00622	0.00540	0.00554	0.59572
18	0.01697	0.01376	0.06279	0.01248	0.01671	0.01165	0.01062	0.10000	0.05375	0.08716	0.30415	0.04294	0.10254	0.01297	0.00835	0.00235	0.00557	0.01098	0.04250	0.08176
19	0.05776	0.02414	0.20169	0.01826	0.04648	0.01795	0.01739	0.20891	0.04832	0.11103	0.01823	0.01900	0.01310	0.00817	0.00729	0.00221	0.00857	0.00635	0.00600	0.15915
20	0.05172	0.15278	0.48489	0.05252	0.03146	0.02022	0.02458	0.02437	0.01643	0.02430	0.01353	0.01609	0.01009	0.00735	0.00696	0.00233	0.01064	0.00553	0.00349	0.04073
21	0.23891	0.02842	0.32867	0.01751	0.02602	0.01858	0.01943	0.12275	0.01904	0.03216	0.01406	0.01596	0.01031	0.00767	0.00670	0.00237	0.00915	0.00552	0.00464	0.07213

[dist]
# distance from previous block
# <min> <max>
0	12

[block]
# block no. 5 follows, 24 sequences, length 111
# corresponding to MSA columns:
# 234-344
name=unknown_F
#
# <colnr> <probs for GDERKNQSTAVLIFYWHMCP>
#	G	D	E	R	K	N	Q	S	T	A	V	L	I	F	Y	W	H	M	C	P
0	0.05285	0.01561	0.02110	0.15627	0.07698	0.01650	0.04575	0.05351	0.19854	0.12392	0.05535	0.02525	0.01940	0.00910	0.00775	0.00241	0.00771	0.00783	0.00641	0.09777
1	0.04859	0.01515	0.02362	0.37044	0.12573	0.01606	0.04946	0.02112	0.01635	0.02339	0.01417	0.01937	0.01113	0.00719	0.00732	0.00221	0.00913	0.00643	0.00397	0.20916
2	0.01754	0.01603	0.02456	0.32431	0.06311	0.01708	0.09009	0.07106	0.07909	0.02586	0.01646	0.02068	0.01261	0.00767	0.00764	0.00229	0.00923	0.00697	0.00463	0.18309
3	0.11829	0.01535	0.02147	0.27866	0.08415	0.01629	0.04260	0.07283	0.01805	0.02727	0.04336	0.02034	0.01391	0.00774	0.00716	0.00222	0.00843	0.00655	0.00464	0.19070
4	0.01620	0.01424	0.02382	0.64258	0.07600	0.01736	0.02158	0.02135	0.01629	0.05406	0.01500	0.02138	0.01111	0.00799	0.00793	0.00262	0.01033	0.00710	0.00386	0.00919
5	0.01626	0.01548	0.02636	0.41426	0.20087	0.01741	0.06831	0.02188	0.03750	0.02265	0.01857	0.02602	0.03603	0.00876	0.00821	0.00262	0.00999	0.03486	0.00411	0.00985
6	0.01795	0.05503	0.06130	0.13681	0.06442	0.02026	0.32367	0.02423	0.04871	0.02383	0.01536	0.02034	0.01203	0.00804	0.01074	0.00264	0.10170	0.00798	0.00403	0.04094
7	0.01896	0.01816	0.03098	0.14223	0.58349	0.01867	0.02401	0.02375	0.01774	0.02510	0.01480	0.01984	0.01228	0.00719	0.00786	0.00240	0.00959	0.00706	0.00387	0.01202
8	0.02482	0.01350	0.01686	0.01279	0.01897	0.01117	0.01035	0.02884	0.04546	0.32244	0.04711	0.02563	0.04459	0.00878	0.00718	0.00192	0.00614	0.00717	0.00740	0.33889
9	0.01897	0.01521	0.02567	0.07725	0.02786	0.01369	0.20530	0.02348	0.01872	0.12394	0.09853	0.05511	0.02238	0.00897	0.00804	0.00220	0.00839	0.00877	0.00577	0.23175
10	0.01945	0.01866	0.03186	0.07411	0.64782	0.01879	0.02425	0.02418	0.01797	0.02569	0.01488	0.01969	0.01248	0.00710	0.00785	0.00237	0.00947	0.00706	0.00391	0.01241
11	0.02962	0.03779	0.02247	0.02043	0.02451	0.68948	0.01532	0.03166	0.02247	0.01941	0.01226	0.01430	0.01021	0.00817	0.00715	0.00204	0.01430	0.00511	0.00409	0.00919
12	0.01122	0.00811	0.01060	0.00998	0.01185	0.00748	0.00748	0.01496	0.02245	0.03180	0.66766	0.05923	0.07482	0.01621	0.00935	0.00249	0.00374	0.01434	0.00873	0.00748
13	0.00966	0.00690	0.00920	0.01104	0.01150	0.00644	0.00736	0.01104	0.01518	0.02024	0.04371	0.71614	0.05245	0.02484	0.01012	0.00322	0.00460	0.02254	0.00736	0.00644
14	0.01972	0.01703	0.01793	0.01614	0.02062	0.01972	0.01255	0.04214	0.65752	0.03317	0.03228	0.02959	0.02421	0.01076	0.00807	0.00269	0.00628	0.00897	0.00807	0.01255
15	0.01498	0.01409	0.02378	0.70226	0.05462	0.01762	0.02202	0.02026	0.01586	0.02026	0.01409	0.02114	0.01057	0.00793	0.00793	0.00264	0.01057	0.00705	0.00352	0.00881
16	0.01278	0.00913	0.01278	0.01460	0.01643	0.00913	0.01278	0.01643	0.01825	0.02373	0.04199	0.08945	0.04564	0.02191	0.01095	0.00365	0.00730	0.61847	0.00730	0.00730
17	0.01822	0.01496	0.01877	0.01364	0.02057	0.01215	0.04905	0.04736	0.04373	0.05934	0.01600	0.01791	0.01273	0.00646	0.00636	0.00144	0.00651	0.00542	0.00518	0.62418
18	0.00974	0.00696	0.00927	0.01099	0.01152	0.00649	0.00737	0.01124	0.01554	0.02082	0.07460	0.68361	0.05356	0.02442	0.01008	0.00318	0.00456	0.02214	0.00743	0.00649
19	0.01604	0.01185	0.01482	0.01334	0.01451	0.01470	0.01070	0.03858	0.01542	0.02552	0.02036	0.06025	0.01780	0.01193	0.01410	0.00259	0.28688	0.00799	0.39456	0.00805
20	0.02117	0.02232	0.13983	0.03178	0.27261	0.01869	0.10380	0.06723	0.11866	0.09468	0.01956	0.02163	0.01465	0.00810	0.00805	0.00249	0.00953	0.00756	0.00533	0.01232
21	0.77733	0.01534	0.01166	0.01043	0.01534	0.01779	0.00859	0.02331	0.01350	0.03558	0.01104	0.01288	0.00859	0.00736	0.00491	0.00245	0.00613	0.00429	0.00491	0.00859
22	0.03014	0.02221	0.02380	0.01825	0.02459	0.02459	0.01507	0.64541	0.03728	0.04998	0.01904	0.01904	0.01349	0.00952	0.00793	0.00238	0.00873	0.00714	0.00793	0.01349
23	0.01644	0.01409	0.01644	0.01175	0.01879	0.01057	0.00940	0.01997	0.01644	0.02584	0.01409	0.01644	0.01175	0.00587	0.00587	0.00117	0.00587	0.00470	0.00470	0.76979
24	0.00966	0.00690	0.00920	0.01104	0.01150	0.00644	0.00736	0.01104	0.01518	0.02024	0.04371	0.71614	0.05245	0.02484	0.01012	0.00322	0.00460	0.02254	0.00736	0.00644
25	0.77733	0.01534	0.01166	0.01043	0.01534	0.01779	0.00859	0.02331	0.01350	0.03558	0.01104	0.01288	0.00859	0.00736	0.00491	0.00245	0.00613	0.00429	0.00491	0.00859
26	0.01622	0.03897	0.61996	0.02270	0.03389	0.01855	0.05322	0.02602	0.05037	0.02555	0.01525	0.01760	0.01087	0.00767	0.00764	0.00253	0.01150	0.00616	0.00362	0.01172
27	0.00966	0.00690	0.00920	0.01104	0.01150	0.00644	0.00736	0.01104	0.01518	0.02024	0.04371	0.71614	0.05245	0.02484	0.01012	0.00322	0.00460	0.02254	0.00736	0.00644
28	0.01798	0.01885	0.01859	0.01701	0.01865	0.19366	0.01334	0.02014	0.01508	0.01874	0.01579	0.02349	0.01486	0.06173	0.28159	0.00691	0.22430	0.00727	0.00400	0.00801
29	0.01498	0.01409	0.02378	0.70226	0.05462	0.01762	0.02202	0.02026	0.01586	0.02026	0.01409	0.02114	0.01057	0.00793	0.00793	0.00264	0.01057	0.00705	0.00352	0.00881
30	0.01462	0.00741	0.00745	0.00745	0.00921	0.00741	0.00551	0.01813	0.01638	0.02886	0.02582	0.03068	0.02075	0.04480	0.00728	0.00214	0.00389	0.00760	0.72736	0.00726
31	0.01115	0.00810	0.01050	0.00990	0.01180	0.00745	0.00742	0.01482	0.02227	0.03138	0.64383	0.05993	0.09892	0.01637	0.00935	0.00250	0.00375	0.01444	0.00867	0.00745
32	0.01770	0.02874	0.28812	0.03023	0.07771	0.01935	0.37008	0.02523	0.01792	0.02532	0.01528	0.01950	0.01130	0.00703	0.00857	0.00259	0.01249	0.00788	0.00375	0.01120
33	0.01738	0.10794	0.55679	0.02190	0.03271	0.01953	0.05837	0.02554	0.01702	0.05079	0.01469	0.01699	0.01055	0.00751	0.00740	0.00244	0.01128	0.00596	0.00365	0.01158
34	0.01583	0.01501	0.02514	0.56339	0.15029	0.01816	0.02214	0.02084	0.01601	0.02109	0.01403	0.02070	0.01088	0.00810	0.00886	0.00264	0.04684	0.00704	0.00358	0.00939
35	0.00950	0.00798	0.00825	0.00831	0.01082	0.00673	0.00618	0.01158	0.01820	0.02200	0.11478	0.10796	0.60041	0.02009	0.00941	0.00269	0.00403	0.01688	0.00745	0.00673
36	0.01498	0.01409	0.02378	0.70226	0.05462	0.01762	0.02202	0.02026	0.01586	0.02026	0.01409	0.02114	0.01057	0.00793	0.00793	0.00264	0.01057	0.00705	0.00352	0.00881
37	0.01122	0.00811	0.01060	0.00998	0.01185	0.00748	0.00748	0.01496	0.02245	0.03180	0.66766	0.05923	0.07482	0.01621	0.00935	0.00249	0.00374	0.01434	0.00873	0.00748
38	0.01886	0.01805	0.03079	0.15700	0.56955	0.01864	0.02395	0.02366	0.01769	0.02497	0.01478	0.01988	0.01223	0.00721	0.00786	0.00240	0.00961	0.00706	0.00386	0.01194
39	0.01122	0.00811	0.01060	0.00998	0.01185	0.00748	0.00748	0.01496	0.02245	0.03180	0.66766	0.05923	0.07482	0.01621	0.00935	0.00249	0.00374	0.01434	0.00873	0.00748
40	0.01735	0.01735	0.02429	0.02082	0.02082	0.02429	0.01735	0.01908	0.01214	0.01908	0.01041	0.01735	0.01041	0.01388	0.02602	0.00347	0.70680	0.00694	0.00347	0.00867
41	0.00954	0.00804	0.00827	0.00821	0.01082	0.00677	0.00616	0.01171	0.01848	0.02238	0.13442	0.07474	0.61395	0.01973	0.00937	0.00266	0.00399	0.01652	0.00749	0.00677
42	0.01498	0.01409	0.02378	0.70226	0.05462	0.01762	0.02202	0.02026	0.01586	0.02026	0.01409	0.02114	0.01057	0.00793	0.00793	0.00264	0.01057	0.00705	0.00352	0.00881
43	0.02169	0.01801	0.01904	0.01654	0.02137	0.02064	0.01303	0.15587	0.54059	0.03634	0.02978	0.02760	0.02219	0.01052	0.00804	0.00263	0.00674	0.00862	0.00804	0.01273
44	0.01153	0.00769	0.00865	0.00865	0.00865	0.00769	0.00480	0.01153	0.01153	0.01538	0.02499	0.05189	0.02883	0.72131	0.04036	0.00769	0.00769	0.01153	0.00480	0.00480
45	0.01963	0.01884	0.03219	0.04867	0.67185	0.01884	0.02434	0.02434	0.01806	0.02591	0.01492	0.01963	0.01256	0.00707	0.00785	0.00236	0.00942	0.00707	0.00393	0.01256
46	0.77733	0.01534	0.01166	0.01043	0.01534	0.01779	0.00859	0.02331	0.01350	0.03558	0.01104	0.01288	0.00859	0.00736	0.00491	0.00245	0.00613	0.00429	0.00491	0.00859
47	0.00980	0.00700	0.00937	0.01120	0.01173	0.00656	0.00761	0.01129	0.01532	0.02040	0.04363	0.68741	0.05214	0.02471	0.01016	0.00324	0.00472	0.04986	0.00736	0.00648
48	0.01498	0.01409	0.02378	0.70226	0.05462	0.01762	0.02202	0.02026	0.01586	0.02026	0.01409	0.02114	0.01057	0.00793	0.00793	0.00264	0.01057	0.00705	0.00352	0.00881
49	0.77733	0.01534	0.01166	0.01043	0.01534	0.01779	0.00859	0.02331	0.01350	0.03558	0.01104	0.01288	0.00859	0.00736	0.00491	0.00245	0.00613	0.00429	0.00491	0.00859
50	0.01113	0.00810	0.01047	0.00988	0.01179	0.00744	0.00741	0.01479	0.02223	0.03128	0.63834	0.06009	0.10447	0.01640	0.00935	0.00250	0.00375	0.01446	0.00866	0.00744
51	0.01478	0.00739	0.00739	0.00739	0.00924	0.00739	0.00554	0.01848	0.01663	0.02956	0.02587	0.02956	0.02033	0.00924	0.00554	0.00185	0.00370	0.00739	0.76534	0.00739
52	0.02839	0.02064	0.02234	0.01745	0.02338	0.02273	0.01430	0.53180	0.09401	0.07238	0.05472	0.02245	0.01795	0.01000	0.00802	0.00242	0.00816	0.00772	0.00806	0.01308
53	0.77733	0.01534	0.01166	0.01043	0.01534	0.01779	0.00859	0.02331	0.01350	0.03558	0.01104	0.01288	0.00859	0.00736	0.00491	0.00245	0.00613	0.00429	0.00491	0.00859
54	0.01153	0.00769	0.00865	0.00865	0.00865	0.00769	0.00480	0.01153	0.01153	0.01538	0.02499	0.05189	0.02883	0.72131	0.04036	0.00769	0.00769	0.01153	0.00480	0.00480
55	0.01076	0.00793	0.01007	0.00987	0.01165	0.00723	0.00727	0.01394	0.02085	0.02881	0.50290	0.15422	0.14917	0.01794	0.00946	0.00262	0.00390	0.01581	0.00836	0.00723
56	0.01122	0.00811	0.01060	0.00998	0.01185	0.00748	0.00748	0.01496	0.02245	0.03180	0.66766	0.05923	0.07482	0.01621	0.00935	0.00249	0.00374	0.01434	0.00873	0.00748
57	0.03454	0.01326	0.01807	0.01393	0.01988	0.01148	0.01148	0.03763	0.02269	0.64974	0.05850	0.02837	0.02199	0.01009	0.00803	0.00246	0.00662	0.00825	0.00977	0.01324
58	0.01153	0.00769	0.00865	0.00865	0.00865	0.00769	0.00480	0.01153	0.01153	0.01538	0.02499	0.05189	0.02883	0.72131	0.04036	0.00769	0.00769	0.01153	0.00480	0.00480
59	0.02120	0.72609	0.04155	0.01357	0.02035	0.03138	0.01357	0.02374	0.01611	0.01866	0.01102	0.01272	0.01018	0.00678	0.00509	0.00170	0.00848	0.00424	0.00339	0.01018
60	0.01939	0.01860	0.03177	0.08131	0.64103	0.01878	0.02422	0.02413	0.01795	0.02562	0.01487	0.01970	0.01246	0.00711	0.00785	0.00237	0.00948	0.00706	0.00391	0.01237
61	0.01153	0.00769	0.00865	0.00865	0.00865	0.00769	0.00480	0.01153	0.01153	0.01538	0.02499	0.05189	0.02883	0.72131	0.04036	0.00769	0.00769	0.01153	0.00480	0.00480
62	0.01377	0.00689	0.01033	0.01033	0.01033	0.00689	0.00689	0.01033	0.01033	0.01377	0.01377	0.02410	0.01377	0.02755	0.03099	0.76928	0.00689	0.00689	0.00344	0.00344
63	0.02962	0.03779	0.02247	0.02043	0.02451	0.68948	0.01532	0.03166	0.02247	0.01941	0.01226	0.01430	0.01021	0.00817	0.00715	0.00204	0.01430	0.00511	0.00409	0.00919
64	0.01157	0.00826	0.01139	0.01322	0.01451	0.00808	0.01067	0.01433	0.01706	0.02237	0.04266	0.33324	0.04829	0.02305	0.01063	0.00348	0.00625	0.38665	0.00732	0.00697
65	0.03558	0.01350	0.01840	0.01411	0.02024	0.01166	0.01166	0.03865	0.02270	0.67734	0.03128	0.02699	0.01963	0.00981	0.00797	0.00245	0.00675	0.00797	0.00981	0.01350
66	0.01248	0.00892	0.01244	0.01426	0.01596	0.00887	0.01226	0.01592	0.01796	0.02340	0.04215	0.14921	0.04629	0.02219	0.01087	0.00361	0.00704	0.56165	0.00731	0.00722
67	0.01122	0.00811	0.01060	0.00998	0.01185	0.00748	0.00748	0.01496	0.02245	0.03180	0.66766	0.05923	0.07482	0.01621	0.00935	0.00249	0.00374	0.01434	0.00873	0.00748
68	0.02120	0.72609	0.04155	0.01357	0.02035	0.03138	0.01357	0.02374	0.01611	0.01866	0.01102	0.01272	0.01018	0.00678	0.00509	0.00170	0.00848	0.00424	0.00339	0.01018
69	0.01122	0.00811	0.01060	0.00998	0.01185	0.00748	0.00748	0.01496	0.02245	0.03180	0.66766	0.05923	0.07482	0.01621	0.00935	0.00249	0.00374	0.01434	0.00873	0.00748
70	0.02120	0.72609	0.04155	0.01357	0.02035	0.03138	0.01357	0.02374	0.01611	0.01866	0.01102	0.01272	0.01018	0.00678	0.00509	0.00170	0.00848	0.00424	0.00339	0.01018
71	0.01590	0.04102	0.68023	0.02260	0.03432	0.01842	0.02930	0.02511	0.01674	0.02511	0.01423	0.01674	0.01005	0.00753	0.00753	0.00251	0.01172	0.00586	0.00335	0.01172
72	0.01972	0.01703	0.01793	0.01614	0.02062	0.01972	0.01255	0.04214	0.65752	0.03317	0.03228	0.02959	0.02421	0.01076	0.00807	0.00269	0.00628	0.00897	0.00807	0.01255
73	0.01134	0.00846	0.01256	0.01256	0.01391	0.00981	0.00968	0.01404	0.01269	0.01827	0.02141	0.03210	0.02024	0.08982	0.66011	0.01251	0.02062	0.00864	0.00427	0.00698
74	0.01498	0.01409	0.02378	0.70226	0.05462	0.01762	0.02202	0.02026	0.01586	0.02026	0.01409	0.02114	0.01057	0.00793	0.00793	0.00264	0.01057	0.00705	0.00352	0.00881
75	0.01649	0.03756	0.57920	0.02667	0.13371	0.01848	0.02852	0.02499	0.01695	0.02524	0.01434	0.01719	0.01044	0.00746	0.00758	0.00249	0.01136	0.00605	0.00344	0.01185
76	0.01644	0.01409	0.01644	0.01175	0.01879	0.01057	0.00940	0.01997	0.01644	0.02584	0.01409	0.01644	0.01175	0.00587	0.00587	0.00117	0.00587	0.00470	0.00470	0.76979
77	0.00966	0.00690	0.00920	0.01104	0.01150	0.00644	0.00736	0.01104	0.01518	0.02024	0.04371	0.71614	0.05245	0.02484	0.01012	0.00322	0.00460	0.02254	0.00736	0.00644
78	0.00996	0.00708	0.00906	0.01052	0.01100	0.00666	0.00688	0.01114	0.01470	0.01949	0.04210	0.58054	0.07353	0.13963	0.01508	0.00394	0.00509	0.02049	0.00694	0.00618
79	0.77733	0.01534	0.01166	0.01043	0.01534	0.01779	0.00859	0.02331	0.01350	0.03558	0.01104	0.01288	0.00859	0.00736	0.00491	0.00245	0.00613	0.00429	0.00491	0.00859
80	0.01688	0.07899	0.50173	0.02503	0.06058	0.01953	0.13735	0.02505	0.01711	0.02480	0.01438	0.01744	0.01051	0.00732	0.00772	0.00248	0.01172	0.00643	0.00349	0.01148
81	0.03558	0.01350	0.01840	0.01411	0.02024	0.01166	0.01166	0.03865	0.02270	0.67734	0.03128	0.02699	0.01963	0.00981	0.00797	0.00245	0.00675	0.00797	0.00981	0.01350
82	0.01031	0.00733	0.00895	0.00989	0.01048	0.00692	0.00637	0.01139	0.01456	0.01920	0.06537	0.40231	0.11102	0.25522	0.02005	0.00462	0.00553	0.01795	0.00657	0.00596
83	0.01227	0.00993	0.01453	0.01404	0.01515	0.01219	0.01104	0.01482	0.01279	0.01864	0.02075	0.07112	0.02021	0.04943	0.53278	0.01055	0.13904	0.00910	0.00431	0.00732
84	0.01735	0.01735	0.02429	0.02082	0.02082	0.02429	0.01735	0.01908	0.01214	0.01908	0.01041	0.01735	0.01041	0.01388	0.02602	0.00347	0.70680	0.00694	0.00347	0.00867
85	0.01712	0.03932	0.63930	0.02208	0.03345	0.01800	0.02821	0.02595	0.01711	0.06545	0.01529	0.01738	0.01064	0.00767	0.00756	0.00251	0.01141	0.00599	0.00375	0.01183
86	0.01899	0.01810	0.03042	0.10786	0.57341	0.01821	0.02320	0.02368	0.01775	0.02537	0.01479	0.01957	0.01232	0.00707	0.00774	0.00231	0.00931	0.00692	0.00394	0.05904
87	0.03524	0.01403	0.01874	0.01436	0.02051	0.01246	0.01187	0.07617	0.02360	0.63854	0.03053	0.02650	0.01925	0.00980	0.00797	0.00245	0.00687	0.00792	0.00970	0.01349
88	0.00966	0.00690	0.00920	0.01104	0.01150	0.00644	0.00736	0.01104	0.01518	0.02024	0.04371	0.71614	0.05245	0.02484	0.01012	0.00322	0.00460	0.02254	0.00736	0.00644
89	0.01972	0.01703	0.01793	0.01614	0.02062	0.01972	0.01255	0.04214	0.65752	0.03317	0.03228	0.02959	0.02421	0.01076	0.00807	0.00269	0.00628	0.00897	0.00807	0.01255
90	0.01087	0.00843	0.00994	0.00950	0.01177	0.00768	0.00714	0.01472	0.04606	0.02801	0.42464	0.06439	0.29299	0.01743	0.00931	0.00257	0.00394	0.01502	0.00820	0.00739
91	0.02287	0.01836	0.01949	0.01651	0.02142	0.02082	0.01305	0.24490	0.41800	0.03804	0.02746	0.02704	0.02079	0.04292	0.00950	0.00281	0.00717	0.00847	0.00787	0.01251
92	0.01498	0.01409	0.02378	0.70226	0.05462	0.01762	0.02202	0.02026	0.01586	0.02026	0.01409	0.02114	0.01057	0.00793	0.00793	0.00264	0.01057	0.00705	0.00352	0.00881
93	0.00966	0.00690	0.00920	0.01104	0.01150	0.00644	0.00736	0.01104	0.01518	0.02024	0.04371	0.71614	0.05245	0.02484	0.01012	0.00322	0.00460	0.02254	0.00736	0.00644
94	0.01145	0.00770	0.00863	0.00863	0.00873	0.00765	0.00485	0.01153	0.01178	0.01560	0.02706	0.05281	0.05282	0.69503	0.03920	0.00750	0.00755	0.01173	0.00490	0.00488
95	0.01697	0.12658	0.51172	0.02291	0.03349	0.02031	0.11085	0.02498	0.01693	0.02432	0.01406	0.01686	0.01033	0.00732	0.00747	0.00243	0.01153	0.00613	0.00344	0.01138
96	0.01886	0.01821	0.03150	0.14991	0.54867	0.01870	0.05043	0.02375	0.01774	0.02500	0.01484	0.01994	0.01223	0.00718	0.00793	0.00241	0.00977	0.00716	0.00387	0.01190
97	0.00993	0.00693	0.00911	0.01085	0.01138	0.00649	0.00727	0.01143	0.01526	0.02073	0.04277	0.68019	0.05077	0.02403	0.00988	0.00315	0.00455	0.02175	0.04705	0.00649
98	0.02243	0.02235	0.03070	0.08409	0.33631	0.12458	0.10552	0.12550	0.02178	0.02830	0.01526	0.01905	0.01213	0.00764	0.00797	0.00237	0.01069	0.00708	0.00458	0.01166
99	0.00993	0.00710	0.00944	0.01086	0.01156	0.00662	0.00738	0.01171	0.01641	0.02220	0.14935	0.60492	0.05624	0.02338	0.00999	0.00310	0.00446	0.02115	0.00759	0.00662
100	0.01872	0.02139	0.04679	0.03342	0.04144	0.02005	0.64305	0.02540	0.01872	0.02540	0.01604	0.02139	0.01203	0.00668	0.00936	0.00267	0.01337	0.00936	0.00401	0.01070
101	0.01709	0.06622	0.59540	0.04792	0.03382	0.01856	0.02748	0.02556	0.01699	0.05800	0.01497	0.01727	0.01056	0.00764	0.00747	0.00248	0.01129	0.00595	0.00369	0.01164
102	0.05959	0.04963	0.02302	0.01908	0.05706	0.11240	0.01468	0.35344	0.12981	0.07219	0.01998	0.02000	0.01467	0.00922	0.00761	0.00236	0.00890	0.00696	0.00702	0.01238
103	0.02192	0.01789	0.05494	0.01706	0.04950	0.01624	0.03989	0.22574	0.04502	0.08311	0.07466	0.05243	0.02038	0.00938	0.00757	0.00210	0.00742	0.00782	0.00657	0.24036
104	0.38757	0.08546	0.14855	0.01387	0.02062	0.01773	0.01376	0.02639	0.01620	0.14979	0.01553	0.01638	0.01119	0.00773	0.00605	0.00234	0.00756	0.00530	0.00535	0.04263
105	0.10055	0.09521	0.01799	0.04172	0.05086	0.01475	0.01077	0.09194	0.01925	0.08529	0.10774	0.13371	0.02860	0.07874	0.01062	0.00287	0.00659	0.01014	0.03648	0.05618
106	0.17172	0.12200	0.08297	0.07062	0.02516	0.07086	0.04021	0.12186	0.04791	0.14832	0.01767	0.01853	0.01278	0.00829	0.00691	0.00234	0.00875	0.00621	0.00583	0.01105
107	0.05186	0.08260	0.30466	0.01944	0.02772	0.01769	0.07919	0.02891	0.07878	0.16832	0.02078	0.05132	0.01552	0.00896	0.00767	0.00250	0.00947	0.00750	0.00552	0.01161
108	0.05459	0.01587	0.05114	0.01488	0.04582	0.01379	0.01196	0.11716	0.04853	0.16923	0.06964	0.02400	0.01954	0.00873	0.00707	0.00202	0.00660	0.00704	0.07287	0.23953
109	0.09532	0.01900	0.13630	0.04605	0.02432	0.01512	0.06940	0.02970	0.12566	0.20654	0.12400	0.02855	0.02521	0.00998	0.00795	0.00254	0.00776	0.00848	0.00696	0.01116
110	0.02112	0.05282	0.17172	0.05997	0.30485	0.05235	0.04992	0.05323	0.04504	0.08817	0.01693	0.01967	0.01288	0.00775	0.00773	0.00240	0.00994	0.00686	0.00467	0.01201

[dist]
# distance from previous block
# <min> <max>
30	94

[block]
# block no. 6 follows, 24 sequences, length 29
# corresponding to MSA columns:
# 443-471
name=unknown_G
#
# <colnr> <probs for GDERKNQSTAVLIFYWHMCP>
#	G	D	E	R	K	N	Q	S	T	A	V	L	I	F	Y	W	H	M	C	P
0	0.04561	0.01816	0.02543	0.13464	0.21539	0.04507	0.05490	0.12628	0.04053	0.06927	0.01700	0.02025	0.01309	0.00825	0.00851	0.00238	0.04342	0.00699	0.03563	0.06923
1	0.01773	0.01579	0.02768	0.05263	0.13312	0.01552	0.21590	0.02482	0.09606	0.06954	0.20852	0.03345	0.03229	0.01026	0.00881	0.00256	0.00854	0.01021	0.00621	0.01039
2	0.01773	0.14452	0.11619	0.02422	0.19790	0.01862	0.01736	0.02538	0.12458	0.02643	0.10793	0.02815	0.02377	0.00957	0.00758	0.00232	0.00795	0.03592	0.00531	0.05858
3	0.01181	0.00879	0.01271	0.01242	0.01420	0.00983	0.00966	0.01473	0.01316	0.01942	0.02103	0.03017	0.01935	0.05368	0.61389	0.01149	0.01943	0.00821	0.04179	0.05423
4	0.64310	0.01641	0.01787	0.01450	0.01996	0.01819	0.12085	0.02368	0.01442	0.03378	0.01193	0.01439	0.00920	0.00724	0.00569	0.00249	0.00741	0.00519	0.00475	0.00896
5	0.01780	0.01670	0.02669	0.23412	0.34250	0.01851	0.02133	0.02443	0.08920	0.02450	0.01755	0.02420	0.01464	0.00887	0.00928	0.00261	0.05680	0.03492	0.00440	0.01095
6	0.01144	0.00806	0.01040	0.00982	0.01169	0.00748	0.00736	0.01518	0.02209	0.03166	0.62800	0.05740	0.07145	0.01578	0.00912	0.00245	0.00374	0.01391	0.05549	0.00748
7	0.01639	0.01575	0.02305	0.20404	0.02924	0.02129	0.01787	0.01920	0.01335	0.01981	0.01242	0.01936	0.01119	0.01369	0.04366	0.00351	0.46580	0.00704	0.03475	0.00860
8	0.02002	0.01714	0.01868	0.06298	0.02317	0.01987	0.01335	0.07642	0.57705	0.03329	0.03025	0.02839	0.02264	0.01049	0.00805	0.00267	0.00671	0.00873	0.00775	0.01235
