[name]
unknown

[dist]
# distance from previous block
# <min> <max>
5	34

[block]
# block no. 0 follows, 24 sequences, length 53
# corresponding to MSA columns:
# 34-86
name=unknown_A
#
# <colnr> <probs for GDERKNQSTAVLIFYWHMCP>
#	G	D	E	R	K	N	Q	S	T	A	V	L	I	F	Y	W	H	M	C	P
0	0.05249	0.01584	0.01834	0.07127	0.02285	0.01588	0.01224	0.13679	0.16356	0.09456	0.02194	0.05359	0.01726	0.00910	0.00726	0.00212	0.00689	0.00741	0.00655	0.26407
1	0.02257	0.02207	0.02463	0.20197	0.16450	0.18401	0.01859	0.09690	0.02049	0.05745	0.01495	0.01868	0.01172	0.00846	0.00905	0.00239	0.06529	0.00651	0.00462	0.04515
2	0.01323	0.00910	0.01163	0.01067	0.01291	0.00861	0.00809	0.05283	0.02305	0.05759	0.58033	0.08124	0.06819	0.01591	0.00925	0.00251	0.00419	0.01399	0.00867	0.00803
3	0.01700	0.01606	0.02715	0.33320	0.36220	0.01757	0.02232	0.02177	0.01692	0.02310	0.01625	0.06128	0.01403	0.00849	0.00802	0.00253	0.00964	0.00797	0.00395	0.01055
4	0.01261	0.01004	0.01249	0.01305	0.05202	0.00980	0.00929	0.01859	0.10854	0.02865	0.35795	0.05915	0.19475	0.01626	0.00922	0.00265	0.00478	0.06395	0.00793	0.00829
5	0.77733	0.01534	0.01166	0.01043	0.01534	0.01779	0.00859	0.02331	0.01350	0.03558	0.01104	0.01288	0.00859	0.00736	0.00491	0.00245	0.00613	0.00429	0.00491	0.00859
6	0.02962	0.03779	0.02247	0.02043	0.02451	0.68948	0.01532	0.03166	0.02247	0.01941	0.01226	0.01430	0.01021	0.00817	0.00715	0.00204	0.01430	0.00511	0.00409	0.00919
7	0.01377	0.00689	0.01033	0.01033	0.01033	0.00689	0.00689	0.01033	0.01033	0.01377	0.01377	0.02410	0.01377	0.02755	0.03099	0.76928	0.00689	0.00689	0.00344	0.00344
8	0.01901	0.01859	0.01803	0.12205	0.06853	0.18114	0.01339	0.06933	0.04884	0.02293	0.02256	0.03202	0.05055	0.14546	0.06862	0.00420	0.01059	0.03284	0.04273	0.00858
9	0.01606	0.03991	0.64463	0.02321	0.03472	0.01851	0.06379	0.02513	0.01685	0.02513	0.01433	0.01700	0.01016	0.00749	0.00764	0.00252	0.01181	0.00606	0.00339	0.01166
10	0.01996	0.56579	0.19100	0.01568	0.02362	0.02834	0.01725	0.02407	0.01626	0.02017	0.01177	0.01366	0.01015	0.00696	0.00566	0.00189	0.00924	0.00462	0.00338	0.01054
11	0.01255	0.01200	0.04874	0.12070	0.02337	0.01093	0.09608	0.01646	0.01843	0.02531	0.25739	0.24752	0.04657	0.01589	0.00928	0.00276	0.00673	0.01466	0.00662	0.00800
12	0.01518	0.01276	0.01689	0.16111	0.02436	0.01484	0.01306	0.04825	0.16003	0.02616	0.15211	0.09422	0.03196	0.05230	0.07140	0.00388	0.07562	0.01065	0.00622	0.00900
13	0.01005	0.00739	0.01001	0.04319	0.01372	0.00710	0.00826	0.01175	0.01549	0.02047	0.04376	0.62624	0.07568	0.02372	0.01003	0.00319	0.00499	0.05119	0.00718	0.00660
14	0.01728	0.13490	0.44190	0.05351	0.12097	0.02039	0.05508	0.02462	0.01689	0.02410	0.01394	0.01696	0.01053	0.00734	0.00733	0.00239	0.01097	0.00601	0.00347	0.01144
15	0.01623	0.03907	0.62336	0.02489	0.09026	0.01845	0.02886	0.02504	0.01686	0.02518	0.01429	0.01700	0.01027	0.00749	0.00756	0.00250	0.01152	0.00597	0.00340	0.01179
16	0.01925	0.48683	0.20369	0.01613	0.02367	0.02687	0.01759	0.02344	0.01611	0.02043	0.01398	0.01600	0.03070	0.00780	0.00705	0.00204	0.04932	0.00520	0.00351	0.01038
17	0.02489	0.01734	0.07605	0.01688	0.04164	0.01567	0.01429	0.14445	0.13632	0.24011	0.06534	0.03570	0.02517	0.01175	0.00845	0.00266	0.00745	0.09595	0.00799	0.01191
18	0.01262	0.01008	0.01437	0.09582	0.08716	0.01020	0.01182	0.03697	0.01769	0.02350	0.09245	0.32608	0.10246	0.01884	0.00954	0.00298	0.00622	0.10667	0.00668	0.00785
19	0.01986	0.01882	0.03180	0.09252	0.56107	0.01914	0.05291	0.05980	0.01904	0.02687	0.01515	0.01978	0.01245	0.00725	0.00793	0.00239	0.00965	0.00718	0.00413	0.01226
20	0.01927	0.28591	0.35349	0.02065	0.06505	0.08403	0.02209	0.02517	0.01711	0.02232	0.01294	0.01524	0.01025	0.00730	0.00664	0.00217	0.01066	0.00528	0.00346	0.01098
21	0.01213	0.00918	0.01226	0.01186	0.01247	0.01061	0.00849	0.01356	0.01213	0.01712	0.02165	0.03885	0.02276	0.35164	0.31957	0.00938	0.09601	0.00968	0.00441	0.00625
22	0.00991	0.00714	0.00930	0.01093	0.01160	0.00667	0.00746	0.01140	0.01539	0.02030	0.04529	0.60467	0.09392	0.05668	0.01152	0.00341	0.00486	0.05588	0.00724	0.00643
23	0.01640	0.09016	0.43791	0.05997	0.03123	0.04635	0.04724	0.02333	0.01649	0.02322	0.01612	0.06610	0.01353	0.01106	0.03596	0.00294	0.04044	0.00721	0.00374	0.01060
24	0.01852	0.01920	0.05922	0.16483	0.45742	0.01875	0.09832	0.02375	0.01768	0.02478	0.01487	0.01999	0.01203	0.00720	0.00803	0.00245	0.01020	0.00729	0.00384	0.01162
25	0.01875	0.01794	0.03060	0.17221	0.55518	0.01861	0.02390	0.02357	0.01764	0.02484	0.01476	0.01991	0.01218	0.00723	0.00787	0.00241	0.00964	0.00706	0.00385	0.01185
26	0.08720	0.16574	0.40790	0.01975	0.04766	0.05355	0.02235	0.02442	0.01697	0.02497	0.04998	0.01798	0.01366	0.00788	0.00692	0.00232	0.01020	0.00589	0.00386	0.01080
27	0.01650	0.01605	0.02525	0.55222	0.16501	0.04904	0.02213	0.02153	0.01656	0.02124	0.01416	0.02055	0.01091	0.00778	0.00788	0.00256	0.01054	0.00696	0.00362	0.00951
28	0.77733	0.01534	0.01166	0.01043	0.01534	0.01779	0.00859	0.02331	0.01350	0.03558	0.01104	0.01288	0.00859	0.00736	0.00491	0.00245	0.00613	0.00429	0.00491	0.00859
29	0.01636	0.10044	0.62483	0.02182	0.03311	0.01954	0.02793	0.02499	0.01669	0.02455	0.01395	0.01639	0.01006	0.00747	0.00732	0.00244	0.01144	0.00572	0.00335	0.01159
30	0.00966	0.00690	0.00920	0.01104	0.01150	0.00644	0.00736	0.01104	0.01518	0.02024	0.04371	0.71614	0.05245	0.02484	0.01012	0.00322	0.00460	0.02254	0.00736	0.00644
31	0.01788	0.01244	0.01438	0.01321	0.01655	0.01312	0.01006	0.02868	0.28720	0.12012	0.10935	0.13843	0.09053	0.04584	0.04221	0.00339	0.00638	0.01220	0.00791	0.01012
32	0.08285	0.01187	0.01386	0.01238	0.01579	0.01200	0.00967	0.08487	0.08157	0.14449	0.18144	0.10460	0.09057	0.04730	0.03814	0.00328	0.00639	0.04174	0.00779	0.00942
33	0.01872	0.02139	0.04679	0.03342	0.04144	0.02005	0.64305	0.02540	0.01872	0.02540	0.01604	0.02139	0.01203	0.00668	0.00936	0.00267	0.01337	0.00936	0.00401	0.01070
34	0.01871	0.01811	0.03149	0.16875	0.52051	0.01869	0.06032	0.02364	0.01769	0.02483	0.01483	0.02001	0.01216	0.00720	0.00795	0.00243	0.00987	0.00720	0.00386	0.01176
35	0.01546	0.01823	0.12521	0.01445	0.01888	0.06695	0.01310	0.02440	0.17780	0.02856	0.25794	0.04439	0.10801	0.01344	0.00863	0.00258	0.00674	0.03866	0.00708	0.00949
36	0.19715	0.47361	0.03299	0.01402	0.02020	0.05619	0.03699	0.02482	0.04264	0.02349	0.01216	0.01387	0.01047	0.00714	0.00543	0.00197	0.00829	0.00469	0.00399	0.00988
37	0.01366	0.03386	0.01175	0.01066	0.01196	0.00986	0.00719	0.05021	0.04778	0.04415	0.08057	0.22046	0.03657	0.35846	0.02422	0.00517	0.00655	0.01387	0.00625	0.00681
38	0.00980	0.00706	0.00928	0.01081	0.01150	0.00655	0.00732	0.01142	0.01599	0.02137	0.10367	0.62743	0.08076	0.02383	0.01002	0.00313	0.00450	0.02153	0.00749	0.00655
39	0.01809	0.01726	0.02920	0.20641	0.49559	0.01807	0.02306	0.02284	0.01752	0.02436	0.01727	0.02221	0.03767	0.00778	0.00793	0.00244	0.00949	0.00744	0.00396	0.01142
40	0.01778	0.05865	0.15065	0.06607	0.03688	0.01967	0.39767	0.02373	0.01721	0.02368	0.01491	0.02007	0.01152	0.00855	0.01098	0.04775	0.05216	0.00809	0.00377	0.01020
41	0.02776	0.03334	0.02389	0.02084	0.02505	0.52503	0.05062	0.07849	0.04835	0.02265	0.01367	0.01591	0.01115	0.00871	0.00874	0.00223	0.06357	0.00579	0.00450	0.00971
42	0.01007	0.00814	0.00907	0.00949	0.01181	0.00713	0.00736	0.01240	0.01810	0.02224	0.10008	0.12762	0.48416	0.02057	0.00970	0.00288	0.00461	0.12034	0.00742	0.00682
43	0.00982	0.00701	0.00938	0.01122	0.01175	0.00658	0.00763	0.01131	0.01534	0.02042	0.04362	0.68467	0.05211	0.02470	0.01016	0.00324	0.00474	0.05247	0.00736	0.00648
44	0.02007	0.02096	0.08931	0.14283	0.32572	0.01968	0.11187	0.12096	0.02069	0.02863	0.01553	0.01977	0.01209	0.00757	0.00806	0.00246	0.01027	0.00730	0.00445	0.01177
45	0.01773	0.01575	0.02150	0.01865	0.10339	0.01316	0.06794	0.05241	0.01790	0.02702	0.01462	0.01742	0.01196	0.00628	0.00654	0.00152	0.00713	0.00553	0.00470	0.56886
46	0.01115	0.00814	0.01049	0.01002	0.01195	0.00749	0.00759	0.01475	0.02194	0.03067	0.59674	0.06180	0.11892	0.01674	0.00942	0.00256	0.00391	0.03972	0.00857	0.00741
47	0.02441	0.16920	0.09833	0.02167	0.09648	0.22007	0.01728	0.15271	0.02243	0.02707	0.01389	0.01602	0.01118	0.00813	0.00777	0.00215	0.04031	0.00571	0.00463	0.04055
48	0.00975	0.00694	0.00918	0.01093	0.01137	0.00650	0.00724	0.01106	0.01502	0.02002	0.04285	0.68584	0.05137	0.05661	0.01150	0.00342	0.00474	0.02204	0.00724	0.00637
49	0.02813	0.02091	0.02249	0.01766	0.02351	0.02315	0.01442	0.56148	0.08389	0.04693	0.02151	0.06087	0.01661	0.01052	0.00807	0.00245	0.00829	0.00819	0.00791	0.01300
50	0.01327	0.00856	0.01125	0.01032	0.01255	0.00783	0.00783	0.01695	0.02247	0.08599	0.61424	0.05653	0.07019	0.01567	0.00924	0.00249	0.00399	0.01381	0.00882	0.00799
51	0.02344	0.01888	0.02002	0.01689	0.02204	0.02146	0.01345	0.25715	0.43646	0.03916	0.02756	0.02583	0.02039	0.01032	0.00802	0.00258	0.00715	0.00831	0.00802	0.01288
52	0.02086	0.02140	0.02326	0.10355	0.06561	0.17555	0.08535	0.05859	0.20980	0.02687	0.04811	0.05818	0.01976	0.00983	0.00804	0.00246	0.00957	0.00842	0.00574	0.03906

[dist]
# distance from previous block
# <min> <max>
0	1

[block]
# block no. 1 follows, 24 sequences, length 16
# corresponding to MSA columns:
# 88-103
name=unknown_B
#
# <colnr> <probs for GDERKNQSTAVLIFYWHMCP>
#	G	D	E	R	K	N	Q	S	T	A	V	L	I	F	Y	W	H	M	C	P
0	0.77733	0.01534	0.01166	0.01043	0.01534	0.01779	0.00859	0.02331	0.01350	0.03558	0.01104	0.01288	0.00859	0.00736	0.00491	0.00245	0.00613	0.00429	0.00491	0.00859
1	0.05556	0.04113	0.05100	0.12142	0.06637	0.01370	0.03178	0.04778	0.04476	0.05121	0.02344	0.13226	0.02318	0.13026	0.03570	0.06827	0.00837	0.04021	0.00528	0.00832
2	0.01006	0.00721	0.00956	0.01077	0.01159	0.00671	0.00739	0.01204	0.01703	0.02319	0.20265	0.54880	0.05815	0.02264	0.00993	0.00304	0.00438	0.02045	0.00771	0.00671
3	0.01661	0.01590	0.02303	0.18347	0.02815	0.02155	0.01767	0.01933	0.01334	0.02007	0.01234	0.01908	0.01112	0.01214	0.02030	0.00316	0.49229	0.00700	0.05484	0.00862
4	0.01153	0.00769	0.00865	0.00865	0.00865	0.00769	0.00480	0.01153	0.01153	0.01538	0.02499	0.05189	0.02883	0.72131	0.04036	0.00769	0.00769	0.01153	0.00480	0.00480
5	0.77733	0.01534	0.01166	0.01043	0.01534	0.01779	0.00859	0.02331	0.01350	0.03558	0.01104	0.01288	0.00859	0.00736	0.00491	0.00245	0.00613	0.00429	0.00491	0.00859
6	0.02120	0.72609	0.04155	0.01357	0.02035	0.03138	0.01357	0.02374	0.01611	0.01866	0.01102	0.01272	0.01018	0.00678	0.00509	0.00170	0.00848	0.00424	0.00339	0.01018
7	0.01468	0.01077	0.01285	0.01175	0.01458	0.01094	0.00899	0.02331	0.19219	0.06534	0.43822	0.05039	0.08496	0.01459	0.00894	0.00255	0.00459	0.01268	0.00855	0.00912
8	0.01099	0.00810	0.01028	0.00973	0.01170	0.00738	0.00730	0.01451	0.02190	0.03050	0.59398	0.06138	0.14931	0.01670	0.00936	0.00252	0.00378	0.01464	0.00856	0.00738
9	0.01299	0.00952	0.01279	0.01420	0.01623	0.00960	0.01223	0.01773	0.05775	0.02458	0.07182	0.08381	0.07252	0.02088	0.01063	0.00350	0.00693	0.52726	0.00742	0.00761
10	0.00966	0.00690	0.00920	0.01104	0.01150	0.00644	0.00736	0.01104	0.01518	0.02024	0.04371	0.71614	0.05245	0.02484	0.01012	0.00322	0.00460	0.02254	0.00736	0.00644
11	0.01121	0.00808	0.01066	0.01050	0.01223	0.00753	0.00795	0.01471	0.02135	0.02992	0.54904	0.12729	0.06996	0.01758	0.00957	0.00267	0.00415	0.06979	0.00846	0.00736
12	0.02962	0.03779	0.02247	0.02043	0.02451	0.68948	0.01532	0.03166	0.02247	0.01941	0.01226	0.01430	0.01021	0.00817	0.00715	0.00204	0.01430	0.00511	0.00409	0.00919
13	0.01561	0.01193	0.01491	0.01451	0.04914	0.01142	0.01087	0.09510	0.04179	0.02960	0.18051	0.11506	0.03927	0.01455	0.00865	0.00252	0.00600	0.14282	0.03672	0.15903
14	0.63473	0.06016	0.01408	0.04923	0.01759	0.01788	0.00957	0.02234	0.01391	0.03261	0.01341	0.06074	0.01176	0.00853	0.00544	0.00247	0.00643	0.00567	0.00490	0.00856
15	0.45025	0.07533	0.01775	0.04684	0.02000	0.01975	0.01126	0.13932	0.04530	0.08670	0.01513	0.01621	0.01123	0.00807	0.00600	0.00240	0.00708	0.00543	0.00579	0.01018

[dist]
# distance from previous block
# <min> <max>
17	31

[block]
# block no. 2 follows, 24 sequences, length 17
# corresponding to MSA columns:
# 137-153
name=unknown_C
#
# <colnr> <probs for GDERKNQSTAVLIFYWHMCP>
#	G	D	E	R	K	N	Q	S	T	A	V	L	I	F	Y	W	H	M	C	P
0	0.02075	0.01731	0.02431	0.05960	0.21333	0.03951	0.06636	0.09321	0.15584	0.08288	0.07439	0.07289	0.02317	0.01032	0.00829	0.00254	0.00821	0.00930	0.00632	0.01147
1	0.05788	0.02033	0.05180	0.06336	0.02398	0.14784	0.06344	0.06708	0.11466	0.12070	0.05219	0.03188	0.12894	0.01098	0.00805	0.00248	0.00872	0.00899	0.00642	0.01028
2	0.07210	0.05347	0.01909	0.01407	0.01995	0.01642	0.01157	0.20336	0.05394	0.03315	0.01946	0.04971	0.01688	0.00935	0.00705	0.00200	0.00695	0.05651	0.00607	0.32890
3	0.06177	0.04908	0.02124	0.07197	0.04780	0.09690	0.01397	0.24582	0.08398	0.09120	0.04822	0.05222	0.01870	0.03115	0.00865	0.00254	0.00851	0.00791	0.00666	0.03174
4	0.01857	0.01537	0.01869	0.01430	0.02036	0.01380	0.04377	0.13759	0.06094	0.03016	0.01962	0.09702	0.01747	0.00905	0.00706	0.00181	0.00668	0.00768	0.00578	0.45428
5	0.31114	0.01552	0.01601	0.01377	0.01750	0.01789	0.01104	0.17133	0.01954	0.05026	0.03539	0.07759	0.01754	0.06124	0.03995	0.00342	0.09778	0.00786	0.00585	0.00939
6	0.01067	0.00840	0.00972	0.01008	0.01200	0.00783	0.00729	0.01447	0.07031	0.02397	0.17610	0.28367	0.29612	0.02018	0.00951	0.00283	0.00434	0.01759	0.00768	0.00724
7	0.01626	0.01617	0.03091	0.09499	0.09588	0.01568	0.30563	0.02124	0.01733	0.02412	0.02211	0.09226	0.04557	0.01267	0.05178	0.00318	0.01080	0.01003	0.05632	0.05708
8	0.21546	0.01442	0.01595	0.01305	0.01831	0.01451	0.01059	0.07384	0.09674	0.29211	0.06678	0.02710	0.05149	0.01000	0.00727	0.00243	0.00631	0.00778	0.00781	0.04806
9	0.01730	0.01460	0.01690	0.01215	0.01915	0.01145	0.00975	0.05905	0.01775	0.02735	0.01440	0.01661	0.01185	0.00610	0.00600	0.00125	0.00605	0.00485	0.00490	0.72253
10	0.01412	0.00791	0.00898	0.06471	0.01313	0.00816	0.00701	0.01750	0.01611	0.02704	0.02649	0.09353	0.02302	0.05569	0.00837	0.00241	0.00459	0.00902	0.58494	0.00726
11	0.27425	0.02147	0.16642	0.01802	0.02518	0.01643	0.13841	0.02363	0.01616	0.05644	0.01577	0.05354	0.01284	0.00807	0.00691	0.00236	0.00869	0.00681	0.00470	0.12389
12	0.01101	0.00801	0.01037	0.00997	0.01177	0.00736	0.00740	0.01448	0.02166	0.03039	0.59014	0.11248	0.10106	0.01708	0.00942	0.00256	0.00382	0.01511	0.00856	0.00736
13	0.24235	0.01893	0.01848	0.01514	0.02053	0.04049	0.01231	0.30108	0.12892	0.06882	0.01948	0.01958	0.01424	0.00906	0.00698	0.00242	0.00748	0.00660	0.03555	0.01157
14	0.34777	0.01427	0.01556	0.01256	0.01818	0.01424	0.01036	0.03219	0.01882	0.40723	0.02276	0.02105	0.01498	0.00878	0.00668	0.00245	0.00649	0.00643	0.00775	0.01143
15	0.35849	0.01524	0.01539	0.01292	0.01808	0.01637	0.01050	0.07275	0.12229	0.22003	0.04889	0.02203	0.01744	0.00914	0.00669	0.00249	0.00641	0.00673	0.00720	0.01092
16	0.01847	0.01729	0.02563	0.40136	0.07025	0.04709	0.06942	0.10746	0.01910	0.02514	0.01455	0.01994	0.01120	0.00847	0.00957	0.00258	0.07455	0.00704	0.00426	0.04661

[dist]
# distance from previous block
# <min> <max>
0	1

[block]
# block no. 3 follows, 24 sequences, length 164
# corresponding to MSA columns:
# 155-318
name=unknown_D
#
# <colnr> <probs for GDERKNQSTAVLIFYWHMCP>
#	G	D	E	R	K	N	Q	S	T	A	V	L	I	F	Y	W	H	M	C	P
0	0.01086	0.00801	0.00948	0.00988	0.01187	0.00711	0.00734	0.01316	0.01822	0.04371	0.16591	0.24143	0.33490	0.02050	0.00965	0.00286	0.00447	0.06593	0.00767	0.00702
1	0.01869	0.05160	0.10744	0.02989	0.06127	0.02026	0.45059	0.02739	0.09946	0.02610	0.01767	0.02153	0.01332	0.00731	0.00877	0.00261	0.01195	0.00865	0.00443	0.01109
2	0.02122	0.01517	0.01779	0.01303	0.01984	0.01274	0.01054	0.11259	0.02036	0.12505	0.01733	0.01837	0.01315	0.00698	0.00648	0.00154	0.00641	0.00553	0.00591	0.54997
3	0.01579	0.00836	0.00846	0.00810	0.01024	0.00852	0.00617	0.05949	0.01798	0.03090	0.02542	0.02888	0.01988	0.00926	0.00570	0.00188	0.00402	0.00737	0.71579	0.00779
4	0.05565	0.01240	0.01453	0.01403	0.04674	0.01290	0.01017	0.02534	0.23549	0.03180	0.34543	0.04214	0.04721	0.01280	0.00839	0.00247	0.00513	0.01103	0.00782	0.05856
5	0.01498	0.01409	0.02378	0.70226	0.05462	0.01762	0.02202	0.02026	0.01586	0.02026	0.01409	0.02114	0.01057	0.00793	0.00793	0.00264	0.01057	0.00705	0.00352	0.00881
6	0.02426	0.02656	0.02001	0.01811	0.02241	0.32695	0.01382	0.03733	0.36622	0.02686	0.02309	0.02257	0.01779	0.00957	0.00765	0.00239	0.00996	0.00720	0.00624	0.01101
7	0.03432	0.01378	0.01837	0.01427	0.02027	0.01229	0.01173	0.03892	0.07292	0.62638	0.03136	0.02720	0.01999	0.00989	0.00798	0.00247	0.00671	0.00805	0.00968	0.01342
8	0.01145	0.00765	0.00867	0.00875	0.00877	0.00763	0.00492	0.01151	0.01169	0.01559	0.02581	0.08101	0.02986	0.69078	0.03904	0.00749	0.00755	0.01201	0.00492	0.00488
9	0.00992	0.00805	0.00880	0.00861	0.01105	0.00693	0.00646	0.01245	0.01938	0.02451	0.25520	0.07123	0.49184	0.01893	0.00937	0.00262	0.00393	0.01602	0.00777	0.00693
10	0.00983	0.00801	0.00869	0.00861	0.01101	0.00687	0.00643	0.01222	0.01901	0.02386	0.21943	0.09702	0.50269	0.01934	0.00940	0.00265	0.00397	0.01639	0.00769	0.00687
11	0.01987	0.05440	0.01905	0.01577	0.02039	0.02004	0.01246	0.06851	0.56802	0.03272	0.03249	0.03011	0.04934	0.01087	0.00796	0.00262	0.00642	0.00895	0.00779	0.01223
12	0.02956	0.02165	0.02317	0.01783	0.02401	0.02393	0.01471	0.62148	0.03650	0.04920	0.01930	0.01944	0.01375	0.00951	0.00784	0.00236	0.00853	0.00715	0.03684	0.01325
13	0.01122	0.00811	0.01060	0.00998	0.01185	0.00748	0.00748	0.01496	0.02245	0.03180	0.66766	0.05923	0.07482	0.01621	0.00935	0.00249	0.00374	0.01434	0.00873	0.00748
14	0.02120	0.72609	0.04155	0.01357	0.02035	0.03138	0.01357	0.02374	0.01611	0.01866	0.01102	0.01272	0.01018	0.00678	0.00509	0.00170	0.00848	0.00424	0.00339	0.01018
15	0.70502	0.01671	0.04924	0.03837	0.01794	0.01782	0.01027	0.02329	0.01377	0.03439	0.01134	0.01342	0.00875	0.00739	0.00517	0.00246	0.00662	0.00449	0.00477	0.00877
16	0.02617	0.02088	0.02152	0.01753	0.02308	0.04945	0.01413	0.39216	0.27172	0.04238	0.02378	0.02284	0.01742	0.00993	0.00795	0.00248	0.00802	0.00775	0.00783	0.01296
17	0.02028	0.01414	0.01680	0.01246	0.01881	0.01163	0.00997	0.07276	0.01926	0.13503	0.04870	0.02167	0.01678	0.03262	0.00777	0.00178	0.00621	0.00613	0.00600	0.52120
18	0.01719	0.23430	0.39947	0.02020	0.06191	0.02116	0.02247	0.02373	0.01716	0.02392	0.07418	0.01969	0.01625	0.00810	0.00701	0.00227	0.00992	0.00625	0.00389	0.01092
19	0.77733	0.01534	0.01166	0.01043	0.01534	0.01779	0.00859	0.02331	0.01350	0.03558	0.01104	0.01288	0.00859	0.00736	0.00491	0.00245	0.00613	0.00429	0.00491	0.00859
20	0.02407	0.09246	0.26997	0.01905	0.02736	0.02172	0.01989	0.28852	0.04850	0.08609	0.01793	0.01860	0.01276	0.00860	0.00753	0.00238	0.00958	0.00653	0.00596	0.01249
21	0.01832	0.01469	0.01598	0.01392	0.01819	0.03345	0.01095	0.07265	0.27968	0.06011	0.16004	0.03821	0.06825	0.01208	0.00821	0.00244	0.00605	0.04183	0.00761	0.11735
22	0.00981	0.00701	0.00933	0.01094	0.01153	0.00654	0.00737	0.01141	0.01587	0.02133	0.10250	0.65424	0.05456	0.02403	0.01005	0.00315	0.00452	0.02177	0.00749	0.00654
23	0.01601	0.01556	0.02236	0.27736	0.06707	0.04477	0.01800	0.01927	0.01490	0.02040	0.03500	0.09818	0.01716	0.01235	0.01525	0.00299	0.28170	0.00888	0.00413	0.00867
24	0.01141	0.00818	0.01116	0.01116	0.01203	0.00905	0.00794	0.01315	0.01228	0.01724	0.02269	0.03915	0.02330	0.31478	0.43933	0.01079	0.01601	0.00967	0.00446	0.00620
25	0.02068	0.31037	0.30039	0.01850	0.02690	0.12073	0.02036	0.05619	0.01834	0.02297	0.01292	0.01491	0.01029	0.00743	0.00653	0.00211	0.01066	0.00517	0.00370	0.01083
26	0.01874	0.02132	0.04637	0.03387	0.05983	0.02002	0.62500	0.02537	0.01870	0.02542	0.01601	0.02134	0.01205	0.00670	0.00931	0.00266	0.01325	0.00929	0.00401	0.01075
27	0.02781	0.02186	0.02407	0.04879	0.09632	0.05998	0.01605	0.49591	0.03276	0.04372	0.01825	0.01930	0.01333	0.00910	0.00780	0.00235	0.00901	0.00702	0.03384	0.01274
28	0.01153	0.00769	0.00865	0.00865	0.00865	0.00769	0.00480	0.01153	0.01153	0.01538	0.02499	0.05189	0.02883	0.72131	0.04036	0.00769	0.00769	0.01153	0.00480	0.00480
29	0.06256	0.01362	0.01780	0.01379	0.01966	0.01223	0.01136	0.06348	0.02266	0.59120	0.02969	0.02624	0.01898	0.00968	0.00773	0.00242	0.00665	0.00777	0.04949	0.01298
30	0.00976	0.00694	0.00917	0.01091	0.01135	0.00651	0.00722	0.01107	0.01499	0.01998	0.04271	0.68074	0.05119	0.06196	0.01173	0.00346	0.00477	0.02196	0.00722	0.00635
31	0.01676	0.01606	0.02771	0.44569	0.26876	0.01815	0.04994	0.02190	0.01675	0.02245	0.01447	0.02063	0.01133	0.00757	0.00796	0.00254	0.01029	0.00715	0.00368	0.01020
32	0.02022	0.01626	0.01750	0.01573	0.02011	0.01849	0.01222	0.04025	0.58177	0.07462	0.03282	0.06600	0.02541	0.01145	0.00817	0.00270	0.00622	0.00962	0.00815	0.01229
33	0.01931	0.01672	0.01834	0.01767	0.05496	0.01914	0.01297	0.03994	0.59765	0.03227	0.03181	0.05663	0.02472	0.01113	0.00814	0.00269	0.00638	0.00941	0.00782	0.01231
34	0.08508	0.05604	0.02296	0.01792	0.05070	0.01995	0.04457	0.33643	0.02794	0.16297	0.02145	0.05336	0.01611	0.00973	0.00764	0.00240	0.00801	0.00777	0.03677	0.01219
35	0.67021	0.04813	0.01370	0.01093	0.01604	0.01782	0.00912	0.02482	0.01451	0.09713	0.01301	0.01424	0.00973	0.00757	0.00521	0.00242	0.00630	0.00465	0.00531	0.00914
36	0.01152	0.00773	0.00887	0.00887	0.00894	0.00781	0.00507	0.01167	0.01160	0.01554	0.02479	0.05080	0.02835	0.68632	0.07471	0.00796	0.00840	0.01137	0.00478	0.00493
37	0.14027	0.01442	0.01764	0.01392	0.01976	0.01373	0.01144	0.06332	0.07145	0.50783	0.02793	0.02482	0.01814	0.00952	0.00754	0.00247	0.00671	0.00749	0.00889	0.01272
38	0.46575	0.01527	0.01740	0.23318	0.08844	0.01783	0.01430	0.02244	0.01466	0.02983	0.01237	0.01612	0.00958	0.00751	0.00614	0.00250	0.00784	0.00542	0.00438	0.00903
39	0.47805	0.02338	0.20822	0.01635	0.02355	0.01821	0.08115	0.02405	0.01498	0.03149	0.01249	0.01489	0.00937	0.00734	0.00613	0.00249	0.00850	0.00528	0.00436	0.00971
40	0.00993	0.00707	0.00938	0.01107	0.01161	0.00665	0.00750	0.01142	0.01537	0.02051	0.06030	0.63915	0.05171	0.05539	0.01148	0.00342	0.00484	0.04947	0.00728	0.00644
41	0.01146	0.00837	0.01210	0.01210	0.01337	0.00958	0.00919	0.01399	0.01272	0.01840	0.02182	0.03350	0.02088	0.13452	0.59354	0.01182	0.01913	0.00881	0.02786	0.00683
42	0.00980	0.00700	0.00936	0.01120	0.01172	0.00656	0.00760	0.01128	0.01532	0.02040	0.04363	0.68867	0.05215	0.02471	0.01016	0.00324	0.00472	0.04867	0.00736	0.00648
43	0.02486	0.01499	0.01754	0.01503	0.01989	0.01574	0.01198	0.03851	0.36793	0.26960	0.06371	0.03242	0.02586	0.01111	0.00821	0.00263	0.00636	0.03248	0.00871	0.01244
44	0.03014	0.02221	0.02380	0.01825	0.02459	0.02459	0.01507	0.64541	0.03728	0.04998	0.01904	0.01904	0.01349	0.00952	0.00793	0.00238	0.00873	0.00714	0.00793	0.01349
45	0.02214	0.67947	0.04004	0.01360	0.02035	0.03009	0.01344	0.02472	0.01654	0.06174	0.01235	0.01365	0.01079	0.00698	0.00528	0.00175	0.00837	0.00448	0.00381	0.01039
46	0.01367	0.01238	0.01797	0.01741	0.05107	0.01445	0.04579	0.01603	0.01560	0.02182	0.09472	0.23108	0.10331	0.01752	0.01554	0.00312	0.25694	0.03791	0.00574	0.00795
47	0.01814	0.01803	0.03292	0.24060	0.23578	0.01861	0.20959	0.04516	0.01818	0.02488	0.01511	0.02044	0.01178	0.00724	0.00823	0.00248	0.01076	0.00763	0.00401	0.05044
48	0.02461	0.02122	0.02101	0.05327	0.02437	0.09706	0.01433	0.27233	0.31329	0.03742	0.02397	0.02335	0.01778	0.00984	0.00791	0.00249	0.00835	0.00773	0.00733	0.01234
49	0.01153	0.00769	0.00865	0.00865	0.00865	0.00769	0.00480	0.01153	0.01153	0.01538	0.02499	0.05189	0.02883	0.72131	0.04036	0.00769	0.00769	0.01153	0.00480	0.00480
50	0.01677	0.01829	0.03836	0.05994	0.03619	0.01731	0.49060	0.02239	0.01805	0.02422	0.02324	0.12301	0.05201	0.01002	0.00940	0.00275	0.01150	0.01151	0.00464	0.00979
51	0.01940	0.01861	0.03177	0.08099	0.64133	0.01878	0.02422	0.02414	0.01795	0.02563	0.01488	0.01970	0.01246	0.00711	0.00785	0.00237	0.00948	0.00706	0.00391	0.01238
52	0.01458	0.00765	0.00805	0.03200	0.01080	0.00777	0.00608	0.01809	0.01627	0.02831	0.02540	0.03073	0.02054	0.05577	0.00790	0.00226	0.00420	0.00765	0.68870	0.00727
53	0.03539	0.01380	0.01859	0.01425	0.02040	0.01211	0.01178	0.06006	0.02321	0.65520	0.03085	0.02671	0.01941	0.00980	0.00797	0.00245	0.00682	0.00795	0.00975	0.01349
54	0.01896	0.02028	0.07240	0.07603	0.47209	0.05095	0.04998	0.02373	0.01788	0.02494	0.01604	0.05147	0.01396	0.00794	0.00787	0.00236	0.00964	0.00758	0.00408	0.05181
55	0.01902	0.01794	0.02803	0.13992	0.45349	0.04381	0.02195	0.05036	0.01876	0.02563	0.01788	0.02738	0.01589	0.00899	0.00818	0.00253	0.00952	0.07496	0.00442	0.01133
56	0.03014	0.02221	0.02380	0.01825	0.02459	0.02459	0.01507	0.64541	0.03728	0.04998	0.01904	0.01904	0.01349	0.00952	0.00793	0.00238	0.00873	0.00714	0.00793	0.01349
57	0.13187	0.01482	0.02323	0.53196	0.04652	0.01805	0.05425	0.02097	0.01550	0.02284	0.01359	0.01974	0.01034	0.00801	0.00827	0.00265	0.03801	0.00675	0.00376	0.00887
58	0.00966	0.00690	0.00920	0.01104	0.01150	0.00644	0.00736	0.01104	0.01518	0.02024	0.04371	0.71614	0.05245	0.02484	0.01012	0.00322	0.00460	0.02254	0.00736	0.00644
59	0.01872	0.02139	0.04679	0.03342	0.04144	0.02005	0.64305	0.02540	0.01872	0.02540	0.01604	0.02139	0.01203	0.00668	0.00936	0.00267	0.01337	0.00936	0.00401	0.01070
60	0.01761	0.07403	0.57225	0.02211	0.03302	0.01873	0.05767	0.02594	0.01720	0.06745	0.01527	0.01743	0.01078	0.00760	0.00753	0.00247	0.01131	0.00609	0.00381	0.01170
61	0.01110	0.00801	0.01049	0.01006	0.01182	0.00740	0.00747	0.01465	0.02186	0.03087	0.61753	0.11202	0.07302	0.01691	0.00941	0.00255	0.00381	0.01500	0.00862	0.00740
62	0.02398	0.02188	0.01966	0.01674	0.02102	0.19194	0.01322	0.28707	0.02639	0.03286	0.05121	0.02494	0.04557	0.02117	0.16101	0.00464	0.01254	0.00768	0.00612	0.01035
63	0.00981	0.00701	0.00937	0.01121	0.01174	0.00657	0.00762	0.01130	0.01533	0.02041	0.04362	0.68642	0.05212	0.02470	0.01016	0.00324	0.00473	0.05080	0.00736	0.00648
64	0.01784	0.21533	0.14516	0.01500	0.02067	0.06274	0.01458	0.05648	0.07957	0.02723	0.22946	0.03073	0.03284	0.01062	0.00750	0.00226	0.00771	0.00850	0.00586	0.00991
65	0.01998	0.31885	0.29964	0.01856	0.02728	0.02390	0.04980	0.05882	0.04061	0.05304	0.01465	0.01634	0.01130	0.00751	0.00667	0.00218	0.00989	0.00563	0.00410	0.01124
66	0.10865	0.06487	0.17676	0.05316	0.03017	0.02120	0.15612	0.16677	0.05464	0.03157	0.01591	0.01852	0.01189	0.00826	0.00861	0.00253	0.04727	0.00692	0.00498	0.01119
67	0.04534	0.05720	0.10653	0.01447	0.01878	0.04436	0.01304	0.06213	0.05207	0.08522	0.02446	0.10272	0.02253	0.06907	0.01147	0.00295	0.05318	0.06418	0.10775	0.04253
68	0.02641	0.17545	0.02568	0.01622	0.02192	0.09081	0.01369	0.37747	0.02885	0.03778	0.01739	0.01838	0.01321	0.00876	0.00696	0.00214	0.00866	0.00633	0.09227	0.01164
69	0.01257	0.00877	0.00980	0.00925	0.01013	0.00858	0.00562	0.04022	0.01334	0.01791	0.02690	0.04939	0.06045	0.60629	0.03505	0.00676	0.00742	0.01116	0.00507	0.05533
70	0.01011	0.00750	0.01061	0.01177	0.01249	0.00703	0.03149	0.01162	0.01512	0.02018	0.04165	0.65422	0.04965	0.06127	0.01170	0.00344	0.00510	0.02145	0.00710	0.00652
71	0.02413	0.01728	0.01831	0.01493	0.01973	0.01907	0.01204	0.36836	0.14202	0.04146	0.02324	0.02376	0.01724	0.00966	0.00731	0.00229	0.00693	0.00753	0.21302	0.01167
72	0.01412	0.00786	0.01150	0.04675	0.01310	0.00841	0.00811	0.01207	0.01130	0.01587	0.01474	0.02410	0.01404	0.02409	0.02715	0.61703	0.04379	0.00695	0.07465	0.00437
73	0.01377	0.00689	0.01033	0.01033	0.01033	0.00689	0.00689	0.01033	0.01033	0.01377	0.01377	0.02410	0.01377	0.02755	0.03099	0.76928	0.00689	0.00689	0.00344	0.00344
74	0.01855	0.01825	0.03262	0.17907	0.45431	0.01877	0.11445	0.02367	0.01771	0.02469	0.01491	0.02019	0.01208	0.00718	0.00809	0.00246	0.01023	0.00740	0.00386	0.01153
75	0.01128	0.00807	0.00969	0.00963	0.01172	0.00716	0.00709	0.01386	0.01936	0.05376	0.29373	0.19511	0.29229	0.01911	0.00945	0.00271	0.00415	0.01660	0.00799	0.00724
76	0.01371	0.01082	0.03849	0.01314	0.04858	0.00946	0.00973	0.04935	0.02197	0.05941	0.46742	0.11068	0.08480	0.01567	0.00914	0.00255	0.00483	0.01379	0.00810	0.00837
77	0.01448	0.01312	0.01878	0.01696	0.01764	0.01743	0.01380	0.01673	0.01243	0.01876	0.01558	0.02394	0.01490	0.03564	0.34291	0.00790	0.37956	0.00768	0.00384	0.00791
78	0.01188	0.00908	0.00950	0.00966	0.01027	0.03983	0.00602	0.01251	0.01333	0.01705	0.03289	0.14677	0.10027	0.48308	0.05946	0.00646	0.00775	0.01323	0.00539	0.00555
79	0.02120	0.72609	0.04155	0.01357	0.02035	0.03138	0.01357	0.02374	0.01611	0.01866	0.01102	0.01272	0.01018	0.00678	0.00509	0.00170	0.00848	0.00424	0.00339	0.01018
80	0.01644	0.01409	0.01644	0.01175	0.01879	0.01057	0.00940	0.01997	0.01644	0.02584	0.01409	0.01644	0.01175	0.00587	0.00587	0.00117	0.00587	0.00470	0.00470	0.76979
81	0.01800	0.02177	0.08569	0.06151	0.04036	0.01929	0.54980	0.02458	0.01832	0.02495	0.01695	0.04898	0.01346	0.00752	0.00921	0.00268	0.01278	0.00956	0.00408	0.01051
82	0.01637	0.10155	0.62380	0.02180	0.03309	0.01956	0.02791	0.02499	0.01669	0.02454	0.01395	0.01639	0.01006	0.00747	0.00732	0.00244	0.01143	0.00572	0.00335	0.01158
83	0.01498	0.01409	0.02378	0.70226	0.05462	0.01762	0.02202	0.02026	0.01586	0.02026	0.01409	0.02114	0.01057	0.00793	0.00793	0.00264	0.01057	0.00705	0.00352	0.00881
84	0.00991	0.00711	0.00931	0.01098	0.01158	0.00666	0.00746	0.01137	0.01528	0.02023	0.04424	0.62011	0.07775	0.06086	0.01171	0.00345	0.00488	0.05347	0.00722	0.00641
85	0.03946	0.04022	0.65955	0.02223	0.03373	0.01840	0.02866	0.02506	0.01664	0.02544	0.01413	0.01662	0.01000	0.00753	0.00745	0.00251	0.01155	0.00581	0.00340	0.01162
86	0.01938	0.02022	0.02031	0.01815	0.01996	0.19197	0.01446	0.05357	0.01631	0.02058	0.01460	0.02081	0.01336	0.02592	0.22038	0.00584	0.28455	0.00695	0.00410	0.00858
87	0.01615	0.03957	0.63784	0.02431	0.07602	0.01844	0.02897	0.02506	0.01683	0.02516	0.01428	0.01693	0.01021	0.00750	0.00755	0.00250	0.01157	0.00594	0.00339	0.01177
88	0.69017	0.06176	0.01421	0.04484	0.01761	0.01867	0.00958	0.02319	0.01378	0.03371	0.01119	0.01328	0.00879	0.00735	0.00507	0.00241	0.00651	0.00443	0.00474	0.00870
89	0.01298	0.01170	0.02115	0.01778	0.02063	0.01134	0.20121	0.01600	0.01531	0.02078	0.02878	0.29211	0.03124	0.13082	0.12486	0.00528	0.01045	0.01457	0.00545	0.00759
90	0.01639	0.01409	0.01673	0.03850	0.02018	0.01084	0.00989	0.01998	0.01642	0.02562	0.01409	0.01663	0.01170	0.00595	0.00595	0.00123	0.00605	0.00479	0.00465	0.74031
91	0.01122	0.00811	0.01060	0.00998	0.01185	0.00748	0.00748	0.01496	0.02245	0.03180	0.66766	0.05923	0.07482	0.01621	0.00935	0.00249	0.00374	0.01434	0.00873	0.00748
92	0.01842	0.01743	0.02402	0.01764	0.02443	0.04629	0.14837	0.05545	0.03837	0.02674	0.01515	0.01800	0.01218	0.00675	0.00749	0.00172	0.02975	0.00607	0.00476	0.48097
93	0.06256	0.01235	0.01633	0.01301	0.01812	0.01098	0.01057	0.03259	0.02224	0.50246	0.17506	0.03370	0.03169	0.01116	0.00815	0.00246	0.00604	0.00926	0.00935	0.01191
94	0.02907	0.08282	0.02372	0.01998	0.02424	0.64643	0.01521	0.03115	0.02206	0.01936	0.01218	0.01420	0.01021	0.00808	0.00702	0.00202	0.01392	0.00505	0.00404	0.00926
95	0.02028	0.02241	0.15052	0.02006	0.07789	0.07601	0.04086	0.14394	0.08241	0.05449	0.12984	0.03129	0.02628	0.01073	0.00819	0.00250	0.00862	0.04756	0.03528	0.01084
96	0.02004	0.02047	0.05704	0.07987	0.56230	0.05006	0.02369	0.04492	0.01872	0.02607	0.01486	0.01932	0.01228	0.00726	0.00781	0.00236	0.00978	0.00693	0.00402	0.01220
97	0.01114	0.00804	0.01052	0.01004	0.01183	0.00742	0.00748	0.01475	0.02204	0.03116	0.63303	0.09569	0.07358	0.01669	0.00940	0.00253	0.00379	0.01480	0.00865	0.00742
98	0.00978	0.00706	0.00926	0.01081	0.01149	0.00654	0.00731	0.01139	0.01594	0.02128	0.09856	0.62988	0.08357	0.02388	0.01002	0.00313	0.00450	0.02157	0.00748	0.00654
99	0.00973	0.00791	0.00863	0.00874	0.01101	0.00680	0.00644	0.01197	0.01849	0.02311	0.17935	0.15067	0.48954	0.01998	0.00946	0.00271	0.00404	0.01702	0.00760	0.00680
100	0.01740	0.01330	0.01539	0.01436	0.04162	0.01393	0.01051	0.18832	0.10557	0.03313	0.20807	0.12651	0.10138	0.06093	0.01087	0.00293	0.00603	0.01250	0.00768	0.00957
101	0.01735	0.01735	0.02429	0.02082	0.02082	0.02429	0.01735	0.01908	0.01214	0.01908	0.01041	0.01735	0.01041	0.01388	0.02602	0.00347	0.70680	0.00694	0.00347	0.00867
102	0.01478	0.00739	0.00739	0.00739	0.00924	0.00739	0.00554	0.01848	0.01663	0.02956	0.02587	0.02956	0.02033	0.00924	0.00554	0.00185	0.00370	0.00739	0.76534	0.00739
103	0.01889	0.01755	0.02974	0.04439	0.59434	0.01755	0.02259	0.02301	0.01756	0.02500	0.01626	0.02357	0.01437	0.00918	0.00953	0.05259	0.00914	0.03899	0.00407	0.01169
104	0.01972	0.01703	0.01793	0.01614	0.02062	0.01972	0.01255	0.04214	0.65752	0.03317	0.03228	0.02959	0.02421	0.01076	0.00807	0.00269	0.00628	0.00897	0.00807	0.01255
105	0.02962	0.03779	0.02247	0.02043	0.02451	0.68948	0.01532	0.03166	0.02247	0.01941	0.01226	0.01430	0.01021	0.00817	0.00715	0.00204	0.01430	0.00511	0.00409	0.00919
106	0.01881	0.02112	0.04527	0.03501	0.10710	0.01993	0.57861	0.02529	0.01865	0.02545	0.01593	0.02121	0.01209	0.00672	0.00920	0.00264	0.01296	0.00912	0.00400	0.01089
107	0.06565	0.01105	0.01346	0.01111	0.01540	0.01020	0.00895	0.02943	0.01969	0.37360	0.02797	0.02733	0.01934	0.00945	0.00680	0.00220	0.00544	0.00754	0.32472	0.01069
108	0.00966	0.00690	0.00920	0.01104	0.01150	0.00644	0.00736	0.01104	0.01518	0.02024	0.04371	0.71614	0.05245	0.02484	0.01012	0.00322	0.00460	0.02254	0.00736	0.00644
109	0.03529	0.01396	0.01869	0.01433	0.02047	0.01234	0.01184	0.07073	0.02347	0.64417	0.03064	0.02657	0.01930	0.00980	0.00797	0.00245	0.00685	0.00793	0.00972	0.01349
110	0.02039	0.01009	0.01349	0.01160	0.01502	0.00901	0.00906	0.02375	0.02216	0.27647	0.39287	0.08172	0.05267	0.01424	0.00887	0.00252	0.00493	0.01236	0.00907	0.00971
111	0.01017	0.00727	0.00979	0.01163	0.01231	0.00688	0.00825	0.01193	0.01569	0.02082	0.04342	0.61294	0.05133	0.02436	0.01026	0.00329	0.00505	0.12068	0.00735	0.00658
112	0.40983	0.01987	0.12481	0.07655	0.02350	0.01761	0.01412	0.08236	0.01738	0.08589	0.01442	0.01620	0.01055	0.00776	0.00620	0.00240	0.00774	0.00539	0.00520	0.05223
113	0.02377	0.32196	0.06609	0.01834	0.02376	0.28823	0.04527	0.02659	0.01841	0.01965	0.01186	0.01438	0.01029	0.00801	0.00813	0.00208	0.07456	0.00515	0.00370	0.00976
114	0.01700	0.01727	0.02925	0.02451	0.05947	0.02064	0.19418	0.02033	0.01435	0.02100	0.01397	0.02156	0.01275	0.04871	0.08537	0.00428	0.37447	0.00800	0.00378	0.00912
115	0.01344	0.01202	0.04296	0.01255	0.01594	0.01066	0.04234	0.04935	0.08689	0.02980	0.36091	0.07254	0.16257	0.01503	0.00898	0.00253	0.00525	0.01314	0.00771	0.03539
116	0.00983	0.00726	0.00924	0.01065	0.01162	0.00666	0.00740	0.01154	0.01615	0.02113	0.07731	0.54573	0.15962	0.02350	0.01000	0.00312	0.00460	0.05065	0.00742	0.00657
117	0.04919	0.00728	0.01039	0.01034	0.01056	0.00739	0.00697	0.01093	0.01048	0.01479	0.01365	0.02358	0.01353	0.02661	0.02978	0.73371	0.00685	0.00677	0.00351	0.00368
118	0.02048	0.01793	0.01832	0.01637	0.02091	0.04195	0.01275	0.06649	0.61125	0.03341	0.03108	0.02865	0.02331	0.01062	0.00803	0.00266	0.00664	0.00876	0.00793	0.01248
119	0.01947	0.01316	0.01647	0.01356	0.01857	0.01207	0.03609	0.02647	0.14230	0.16199	0.06991	0.03912	0.12095	0.01178	0.00804	0.00231	0.00617	0.06232	0.00723	0.21201
120	0.01141	0.00818	0.01112	0.01112	0.01197	0.00903	0.00788	0.01312	0.01226	0.01720	0.02273	0.03939	0.02340	0.32227	0.43199	0.01074	0.01586	0.00970	0.00447	0.00618
121	0.77733	0.01534	0.01166	0.01043	0.01534	0.01779	0.00859	0.02331	0.01350	0.03558	0.01104	0.01288	0.00859	0.00736	0.00491	0.00245	0.00613	0.00429	0.00491	0.00859
122	0.02031	0.02062	0.03082	0.10230	0.52555	0.09375	0.04260	0.02483	0.01838	0.02467	0.01458	0.01922	0.01211	0.00725	0.00783	0.00236	0.01019	0.00692	0.00391	0.01180
123	0.01590	0.04102	0.68023	0.02260	0.03432	0.01842	0.02930	0.02511	0.01674	0.02511	0.01423	0.01674	0.01005	0.00753	0.00753	0.00251	0.01172	0.00586	0.00335	0.01172
124	0.01286	0.00900	0.01325	0.01291	0.01450	0.01035	0.01005	0.01557	0.01324	0.05489	0.02161	0.03125	0.01986	0.07881	0.60969	0.01172	0.03995	0.00853	0.00455	0.00740
125	0.01590	0.04102	0.68023	0.02260	0.03432	0.01842	0.02930	0.02511	0.01674	0.02511	0.01423	0.01674	0.01005	0.00753	0.00753	0.00251	0.01172	0.00586	0.00335	0.01172
126	0.01065	0.00781	0.01002	0.01021	0.01178	0.00717	0.00747	0.01356	0.01987	0.02729	0.41492	0.23949	0.13218	0.01915	0.00962	0.00275	0.00412	0.03668	0.00816	0.00711
127	0.01886	0.01590	0.01707	0.01530	0.01947	0.01809	0.01189	0.06186	0.53821	0.03363	0.12666	0.03360	0.03134	0.01152	0.00826	0.00265	0.00599	0.00970	0.00816	0.01183
128	0.03558	0.01350	0.01840	0.01411	0.02024	0.01166	0.01166	0.03865	0.02270	0.67734	0.03128	0.02699	0.01963	0.00981	0.00797	0.00245	0.00675	0.00797	0.00981	0.01350
129	0.01742	0.01777	0.02763	0.06053	0.02578	0.02328	0.11135	0.02010	0.01334	0.02010	0.01146	0.01817	0.01066	0.01247	0.02252	0.00330	0.56426	0.00731	0.00355	0.00898
130	0.01972	0.01703	0.01793	0.01614	0.02062	0.01972	0.01255	0.04214	0.65752	0.03317	0.03228	0.02959	0.02421	0.01076	0.00807	0.00269	0.00628	0.00897	0.00807	0.01255
131	0.01161	0.00798	0.00948	0.04546	0.01124	0.00814	0.00586	0.01197	0.01196	0.01590	0.02545	0.08714	0.02917	0.64494	0.03697	0.00717	0.00767	0.01191	0.00488	0.00511
132	0.00974	0.00694	0.00918	0.01094	0.01138	0.00650	0.00725	0.01106	0.01502	0.02003	0.04288	0.68665	0.05140	0.05576	0.01146	0.00342	0.00474	0.02205	0.00725	0.00637
133	0.02120	0.72609	0.04155	0.01357	0.02035	0.03138	0.01357	0.02374	0.01611	0.01866	0.01102	0.01272	0.01018	0.00678	0.00509	0.00170	0.00848	0.00424	0.00339	0.01018
134	0.02850	0.02111	0.02256	0.01760	0.02358	0.02342	0.01444	0.56074	0.09762	0.04750	0.02062	0.02050	0.01482	0.00963	0.00785	0.00239	0.00828	0.00733	0.03836	0.01315
135	0.01735	0.01735	0.02429	0.02082	0.02082	0.02429	0.01735	0.01908	0.01214	0.01908	0.01041	0.01735	0.01041	0.01388	0.02602	0.00347	0.70680	0.00694	0.00347	0.00867
136	0.01904	0.01824	0.03112	0.13147	0.59366	0.01869	0.02404	0.02382	0.01778	0.02519	0.01481	0.01982	0.01231	0.00717	0.00786	0.00239	0.00957	0.00706	0.00387	0.01209
137	0.03294	0.01288	0.01752	0.01372	0.01934	0.01117	0.01121	0.03599	0.02238	0.60873	0.07341	0.05677	0.02456	0.01084	0.00815	0.00249	0.00646	0.00898	0.00965	0.01282
138	0.01590	0.04102	0.68023	0.02260	0.03432	0.01842	0.02930	0.02511	0.01674	0.02511	0.01423	0.01674	0.01005	0.00753	0.00753	0.00251	0.01172	0.00586	0.00335	0.01172
139	0.01754	0.02152	0.10998	0.20155	0.09763	0.01916	0.36633	0.02399	0.01772	0.02412	0.01526	0.02066	0.01149	0.00712	0.00867	0.00262	0.01215	0.00819	0.00381	0.01049
140	0.02056	0.46515	0.20159	0.01707	0.02501	0.05624	0.03991	0.05333	0.01762	0.02201	0.01244	0.01441	0.01036	0.00716	0.00608	0.00198	0.00974	0.00500	0.00364	0.01070
141	0.06277	0.02493	0.04731	0.01654	0.02053	0.31431	0.01335	0.09976	0.02277	0.02743	0.13397	0.03150	0.02626	0.01117	0.00784	0.00236	0.00989	0.07014	0.04797	0.00919
142	0.02962	0.03779	0.02247	0.02043	0.02451	0.68948	0.01532	0.03166	0.02247	0.01941	0.01226	0.01430	0.01021	0.00817	0.00715	0.00204	0.01430	0.00511	0.00409	0.00919
143	0.01697	0.01674	0.02346	0.04259	0.02129	0.02320	0.01685	0.01873	0.01223	0.01893	0.01129	0.01928	0.01138	0.05064	0.02618	0.00366	0.64739	0.00718	0.00354	0.00848
144	0.01377	0.00689	0.01033	0.01033	0.01033	0.00689	0.00689	0.01033	0.01033	0.01377	0.01377	0.02410	0.01377	0.02755	0.03099	0.76928	0.00689	0.00689	0.00344	0.00344
145	0.01123	0.00868	0.00996	0.01018	0.01227	0.00806	0.00754	0.04059	0.03937	0.02367	0.12220	0.23773	0.33807	0.02054	0.01031	0.02997	0.00471	0.05039	0.00741	0.00712
146	0.01040	0.00728	0.00902	0.01002	0.01045	0.00695	0.00639	0.01141	0.01428	0.01903	0.06589	0.42265	0.06665	0.27770	0.02106	0.00479	0.00567	0.01797	0.00649	0.00590
147	0.05530	0.01001	0.01100	0.01031	0.01281	0.01027	0.00798	0.10116	0.02053	0.03199	0.17322	0.09701	0.03544	0.01283	0.00740	0.00232	0.00479	0.04402	0.34343	0.00820
148	0.02033	0.01653	0.01775	0.01596	0.02043	0.01886	0.01251	0.04093	0.59709	0.06855	0.03260	0.03180	0.02480	0.01115	0.00818	0.00271	0.00634	0.03294	0.00814	0.01240
149	0.03079	0.05291	0.02269	0.01818	0.06471	0.01892	0.01406	0.29206	0.05830	0.30803	0.02411	0.02259	0.01634	0.00941	0.00781	0.00239	0.00782	0.00743	0.00824	0.01322
150	0.02011	0.55662	0.03578	0.01404	0.01959	0.05679	0.01325	0.02271	0.01680	0.02023	0.08645	0.01850	0.01762	0.00850	0.00735	0.00195	0.06430	0.00566	0.00404	0.00970
151	0.01722	0.01407	0.01689	0.04600	0.02063	0.01097	0.01012	0.02081	0.01669	0.05449	0.01486	0.01714	0.01204	0.00615	0.00607	0.00130	0.00614	0.00496	0.00487	0.69858
