[name]
unknown

[dist]
# distance from previous block
# <min> <max>
0	64

[block]
# block no. 0 follows, 22 sequences, length 14
# corresponding to MSA columns:
# 64-77
name=unknown_A
#
# <colnr> <probs for GDERKNQSTAVLIFYWHMCP>
#	G	D	E	R	K	N	Q	S	T	A	V	L	I	F	Y	W	H	M	C	P
0	0.01452	0.01147	0.01571	0.01628	0.01798	0.01288	0.01392	0.01894	0.04854	0.02495	0.07293	0.07510	0.04180	0.02051	0.01409	0.00367	0.13172	0.42975	0.00705	0.00819
1	0.01910	0.35429	0.22038	0.01668	0.02424	0.05560	0.01802	0.02403	0.01860	0.02408	0.12880	0.02349	0.02291	0.00920	0.00700	0.00220	0.00928	0.00691	0.00459	0.01058
2	0.46417	0.08972	0.01869	0.13462	0.02471	0.01935	0.01249	0.02581	0.01603	0.10706	0.01468	0.01681	0.01093	0.00806	0.00612	0.00252	0.00761	0.00548	0.00532	0.00983
3	0.08876	0.23522	0.06588	0.01650	0.02337	0.04761	0.01498	0.23035	0.02562	0.14899	0.01846	0.01858	0.01348	0.00879	0.00709	0.00229	0.00886	0.00631	0.00652	0.01238
4	0.01920	0.01330	0.01546	0.01350	0.01661	0.01391	0.01035	0.23214	0.02518	0.03444	0.17039	0.12332	0.06394	0.01760	0.01326	0.13977	0.00650	0.01175	0.05025	0.00912
5	0.01276	0.00971	0.01334	0.01599	0.08141	0.00942	0.01009	0.04913	0.01893	0.02582	0.15108	0.47475	0.05242	0.02149	0.01007	0.00309	0.00544	0.01941	0.00762	0.00805
6	0.02750	0.01988	0.02116	0.01682	0.02240	0.02195	0.01370	0.45583	0.09917	0.04660	0.02272	0.02312	0.01662	0.01006	0.00787	0.00243	0.00791	0.00773	0.14367	0.01287
7	0.01981	0.01295	0.01513	0.01368	0.01716	0.01296	0.01054	0.18854	0.02411	0.11524	0.04371	0.28494	0.14717	0.01842	0.00955	0.00294	0.00633	0.03873	0.00822	0.00988
8	0.02137	0.01626	0.02015	0.01631	0.02128	0.01640	0.06490	0.26632	0.02665	0.06102	0.03637	0.16303	0.13788	0.01449	0.00896	0.00264	0.00748	0.01243	0.00750	0.07857
9	0.02788	0.02189	0.02564	0.02002	0.02636	0.02411	0.07040	0.43391	0.18168	0.04580	0.02299	0.02282	0.01668	0.01002	0.00848	0.00260	0.00897	0.00815	0.00797	0.01363
10	0.02208	0.02271	0.14569	0.13972	0.03078	0.01980	0.01835	0.29009	0.02670	0.03619	0.02355	0.08312	0.04628	0.02823	0.00927	0.00278	0.00934	0.00919	0.02462	0.01153
11	0.02160	0.02304	0.17066	0.01711	0.02332	0.01832	0.01617	0.27887	0.02621	0.03609	0.07756	0.04713	0.02300	0.13706	0.01448	0.00352	0.00898	0.00900	0.00651	0.04138
12	0.02595	0.09864	0.12681	0.01926	0.02688	0.02375	0.04294	0.36327	0.05816	0.04062	0.01830	0.01923	0.01348	0.00893	0.00780	0.00235	0.00942	0.00690	0.00658	0.08071
13	0.01643	0.01672	0.10541	0.01578	0.01910	0.01448	0.01355	0.14229	0.02040	0.02798	0.03146	0.36111	0.03441	0.05293	0.01310	0.00335	0.08008	0.01554	0.00669	0.00921

[dist]
# distance from previous block
# <min> <max>
18	53

[block]
# block no. 1 follows, 22 sequences, length 130
# corresponding to MSA columns:
# 138-267
name=unknown_B
#
# <colnr> <probs for GDERKNQSTAVLIFYWHMCP>
#	G	D	E	R	K	N	Q	S	T	A	V	L	I	F	Y	W	H	M	C	P
0	0.09383	0.07963	0.23716	0.06623	0.02904	0.01807	0.07915	0.05551	0.02001	0.08937	0.12748	0.02651	0.02359	0.00967	0.00803	0.00257	0.00940	0.00812	0.00562	0.01100
1	0.04867	0.13051	0.24796	0.06231	0.02857	0.14557	0.01993	0.05233	0.01998	0.06360	0.05488	0.05452	0.01762	0.00962	0.00767	0.00245	0.01069	0.00736	0.00490	0.01086
2	0.02084	0.13461	0.04170	0.01327	0.01781	0.01462	0.01139	0.02575	0.06507	0.19092	0.23930	0.06669	0.07224	0.01361	0.00859	0.00256	0.00627	0.03632	0.00803	0.01039
3	0.20665	0.01946	0.06278	0.01545	0.02006	0.06504	0.01308	0.18508	0.02338	0.03573	0.11846	0.10811	0.02722	0.01250	0.00908	0.00269	0.04872	0.00964	0.00667	0.01021
4	0.05842	0.01731	0.06371	0.05428	0.02326	0.01385	0.01273	0.08163	0.01996	0.07851	0.04597	0.02053	0.01580	0.00767	0.00690	0.00178	0.00715	0.00611	0.00569	0.45874
5	0.02106	0.01447	0.02384	0.02065	0.06146	0.01373	0.15012	0.02692	0.06507	0.18116	0.18352	0.04534	0.03729	0.01309	0.00953	0.00284	0.00807	0.10334	0.00772	0.01077
6	0.47108	0.05509	0.08387	0.01342	0.01928	0.04157	0.01222	0.02681	0.04550	0.09304	0.05646	0.01931	0.01564	0.00874	0.00628	0.00253	0.00738	0.00597	0.00575	0.01005
7	0.05020	0.35214	0.24322	0.01790	0.02600	0.09343	0.01940	0.02559	0.01747	0.02254	0.01343	0.01605	0.01116	0.01085	0.04652	0.00282	0.01134	0.00537	0.00373	0.01083
8	0.01804	0.01495	0.02381	0.56234	0.05033	0.01794	0.02105	0.06164	0.01893	0.06903	0.04922	0.02450	0.01541	0.00900	0.00839	0.00273	0.01030	0.00785	0.00474	0.00982
9	0.01291	0.00858	0.01099	0.01201	0.01331	0.00813	0.00835	0.04713	0.01780	0.06136	0.04557	0.59270	0.08148	0.02395	0.01030	0.00325	0.00516	0.02150	0.00790	0.00761
10	0.01172	0.00846	0.01063	0.01182	0.01282	0.00817	0.00808	0.05510	0.01748	0.02320	0.04473	0.59226	0.07846	0.05983	0.01204	0.00353	0.00526	0.02160	0.00762	0.00719
11	0.08374	0.02221	0.02370	0.01828	0.02481	0.02445	0.01510	0.55071	0.03639	0.08781	0.02012	0.01999	0.01415	0.00983	0.00809	0.00250	0.00883	0.00732	0.00821	0.01377
12	0.31961	0.01899	0.05526	0.01506	0.02052	0.02010	0.01271	0.07304	0.31398	0.03639	0.02288	0.02247	0.01720	0.00956	0.00709	0.00269	0.00702	0.00712	0.00682	0.01150
13	0.01757	0.15315	0.56281	0.02212	0.03355	0.02153	0.02798	0.02607	0.01743	0.02520	0.01436	0.01685	0.01055	0.00776	0.00747	0.00249	0.01172	0.00586	0.00352	0.01201
14	0.01764	0.16046	0.55604	0.02202	0.03339	0.02167	0.02780	0.02606	0.01742	0.02512	0.01432	0.01680	0.01055	0.00775	0.00744	0.00248	0.01168	0.00584	0.00352	0.01199
15	0.01961	0.02241	0.04902	0.03501	0.04342	0.02101	0.62605	0.02661	0.01961	0.02661	0.01681	0.02241	0.01261	0.00700	0.00980	0.00280	0.01401	0.00980	0.00420	0.01120
16	0.04949	0.00903	0.01154	0.04761	0.01479	0.00881	0.00852	0.01560	0.02098	0.03009	0.45802	0.13633	0.08630	0.05293	0.01126	0.00300	0.00477	0.01507	0.00821	0.00766
17	0.02181	0.01841	0.01943	0.01714	0.02204	0.02120	0.01343	0.10541	0.57808	0.03660	0.03236	0.02984	0.02418	0.01113	0.00844	0.00278	0.00684	0.00919	0.00844	0.01325
18	0.01049	0.00749	0.01006	0.01199	0.01263	0.00707	0.00836	0.01221	0.01627	0.02162	0.04558	0.63357	0.05414	0.02568	0.01070	0.00342	0.00514	0.08901	0.00770	0.00685
19	0.00982	0.00842	0.00842	0.00842	0.01122	0.00701	0.00631	0.01192	0.01894	0.02244	0.08416	0.07995	0.65285	0.02104	0.00982	0.00281	0.00421	0.01753	0.00771	0.00701
20	0.02066	0.01785	0.01878	0.01691	0.02160	0.02066	0.01315	0.04414	0.64121	0.03475	0.03381	0.03099	0.02536	0.01127	0.00845	0.00282	0.00657	0.00939	0.00845	0.01315
21	0.01760	0.15663	0.55959	0.02207	0.03347	0.02160	0.02790	0.02607	0.01743	0.02516	0.01434	0.01682	0.01055	0.00776	0.00746	0.00249	0.01170	0.00585	0.00352	0.01200
22	0.03158	0.02327	0.02493	0.01911	0.02576	0.02576	0.01579	0.62852	0.03906	0.05236	0.01995	0.01995	0.01413	0.00997	0.00831	0.00249	0.00914	0.00748	0.00831	0.01413
23	0.01251	0.00894	0.01238	0.01430	0.01582	0.00881	0.01186	0.01569	0.01826	0.02388	0.04447	0.25740	0.04973	0.02378	0.01124	0.00370	0.00689	0.44528	0.00767	0.00741
24	0.02467	0.01950	0.02069	0.01720	0.02261	0.02182	0.01377	0.30367	0.31968	0.04163	0.03175	0.03008	0.07212	0.01149	0.00850	0.00267	0.00753	0.00921	0.00833	0.01308
25	0.01149	0.00848	0.01074	0.01017	0.01225	0.00773	0.00763	0.01516	0.02289	0.03183	0.57422	0.06450	0.15693	0.01754	0.00980	0.00264	0.00396	0.01537	0.00895	0.00773
26	0.02132	0.01817	0.01915	0.01704	0.02185	0.02097	0.01331	0.07914	0.60515	0.03581	0.03298	0.03033	0.02469	0.01119	0.00844	0.00280	0.00673	0.00928	0.00844	0.01321
27	0.03158	0.02327	0.02493	0.01911	0.02576	0.02576	0.01579	0.62852	0.03906	0.05236	0.01995	0.01995	0.01413	0.00997	0.00831	0.00249	0.00914	0.00748	0.00831	0.01413
28	0.02888	0.01601	0.01903	0.01585	0.02141	0.01648	0.01268	0.04233	0.33563	0.34518	0.03330	0.02965	0.02299	0.01078	0.00840	0.00270	0.00682	0.00888	0.00936	0.01364
29	0.02221	0.71304	0.04353	0.01421	0.02132	0.03287	0.01421	0.02488	0.01688	0.01955	0.01155	0.01333	0.01066	0.00711	0.00533	0.00178	0.00888	0.00444	0.00355	0.01066
30	0.01870	0.02876	0.23927	0.03151	0.04111	0.02048	0.44217	0.02652	0.01897	0.02652	0.01622	0.02090	0.01196	0.00728	0.00921	0.00275	0.01347	0.00867	0.00399	0.01154
31	0.01666	0.04297	0.66500	0.02368	0.03596	0.01929	0.03069	0.02631	0.01754	0.02631	0.01491	0.01754	0.01052	0.00789	0.00789	0.00263	0.01228	0.00614	0.00351	0.01228
32	0.02056	0.01974	0.03372	0.05099	0.65622	0.01974	0.02550	0.02550	0.01892	0.02714	0.01563	0.02056	0.01316	0.00740	0.00822	0.00247	0.00987	0.00740	0.00411	0.01316
33	0.01022	0.00731	0.00973	0.01150	0.01207	0.00681	0.00772	0.01181	0.01636	0.02193	0.08208	0.66426	0.05635	0.02549	0.01056	0.00333	0.00477	0.02310	0.00780	0.00681
34	0.01215	0.01048	0.01807	0.01658	0.01876	0.00980	0.14003	0.01479	0.01670	0.02236	0.03959	0.55706	0.04588	0.02196	0.01043	0.00325	0.00679	0.02066	0.00696	0.00770
35	0.01012	0.00723	0.00964	0.01157	0.01205	0.00675	0.00771	0.01157	0.01591	0.02121	0.04579	0.70262	0.05495	0.02603	0.01060	0.00337	0.00482	0.02362	0.00771	0.00675
36	0.01012	0.00723	0.00964	0.01157	0.01205	0.00675	0.00771	0.01157	0.01591	0.02121	0.04579	0.70262	0.05495	0.02603	0.01060	0.00337	0.00482	0.02362	0.00771	0.00675
37	0.03062	0.07092	0.02447	0.02107	0.02548	0.64483	0.01597	0.03279	0.02323	0.02030	0.01278	0.01490	0.01070	0.00849	0.00739	0.00212	0.01470	0.00531	0.00425	0.00968
38	0.01924	0.01839	0.03134	0.22312	0.49438	0.01939	0.02484	0.02434	0.01829	0.02554	0.01539	0.02099	0.01260	0.00765	0.00825	0.00255	0.01019	0.00740	0.00400	0.01210
39	0.03103	0.03959	0.02354	0.02140	0.02568	0.67469	0.01605	0.03317	0.02354	0.02033	0.01284	0.01498	0.01070	0.00856	0.00749	0.00214	0.01498	0.00535	0.00428	0.00963
40	0.02066	0.01785	0.01878	0.01691	0.02160	0.02066	0.01315	0.04414	0.64121	0.03475	0.03381	0.03099	0.02536	0.01127	0.00845	0.00282	0.00657	0.00939	0.00845	0.01315
41	0.01666	0.04297	0.66500	0.02368	0.03596	0.01929	0.03069	0.02631	0.01754	0.02631	0.01491	0.01754	0.01052	0.00789	0.00789	0.00263	0.01228	0.00614	0.00351	0.01228
42	0.01012	0.00723	0.00964	0.01157	0.01205	0.00675	0.00771	0.01157	0.01591	0.02121	0.04579	0.70262	0.05495	0.02603	0.01060	0.00337	0.00482	0.02362	0.00771	0.00675
43	0.01569	0.01477	0.02492	0.68808	0.05722	0.01846	0.02307	0.02123	0.01661	0.02123	0.01477	0.02215	0.01107	0.00831	0.00831	0.00277	0.01107	0.00738	0.00369	0.00923
44	0.01633	0.01542	0.02607	0.60427	0.13601	0.01863	0.02339	0.02179	0.01691	0.02200	0.01488	0.02194	0.01135	0.00819	0.00829	0.00273	0.01092	0.00739	0.00375	0.00975
45	0.01101	0.00819	0.01025	0.01030	0.01210	0.00743	0.00751	0.01402	0.02091	0.02847	0.40484	0.20950	0.18524	0.01981	0.00998	0.00282	0.00418	0.01744	0.00854	0.00743
46	0.03103	0.03959	0.02354	0.02140	0.02568	0.67469	0.01605	0.03317	0.02354	0.02033	0.01284	0.01498	0.01070	0.00856	0.00749	0.00214	0.01498	0.00535	0.00428	0.00963
47	0.02056	0.01974	0.03372	0.05099	0.65622	0.01974	0.02550	0.02550	0.01892	0.02714	0.01563	0.02056	0.01316	0.00740	0.00822	0.00247	0.00987	0.00740	0.00411	0.01316
48	0.01666	0.04297	0.66500	0.02368	0.03596	0.01929	0.03069	0.02631	0.01754	0.02631	0.01491	0.01754	0.01052	0.00789	0.00789	0.00263	0.01228	0.00614	0.00351	0.01228
49	0.01012	0.00723	0.00964	0.01157	0.01205	0.00675	0.00771	0.01157	0.01591	0.02121	0.04579	0.70262	0.05495	0.02603	0.01060	0.00337	0.00482	0.02362	0.00771	0.00675
50	0.01339	0.00956	0.01339	0.01530	0.01721	0.00956	0.01339	0.01721	0.01912	0.02486	0.04399	0.09371	0.04781	0.02295	0.01147	0.00382	0.00765	0.60031	0.00765	0.00765
51	0.02078	0.02172	0.05962	0.08607	0.55288	0.06207	0.02496	0.02577	0.01902	0.02631	0.01536	0.02016	0.01276	0.00755	0.00817	0.00247	0.01038	0.00721	0.00407	0.01266
52	0.01012	0.00723	0.00964	0.01157	0.01205	0.00675	0.00771	0.01157	0.01591	0.02121	0.04579	0.70262	0.05495	0.02603	0.01060	0.00337	0.00482	0.02362	0.00771	0.00675
53	0.03103	0.03959	0.02354	0.02140	0.02568	0.67469	0.01605	0.03317	0.02354	0.02033	0.01284	0.01498	0.01070	0.00856	0.00749	0.00214	0.01498	0.00535	0.00428	0.00963
54	0.01699	0.08310	0.62778	0.02311	0.03508	0.02011	0.02971	0.02622	0.01750	0.02590	0.01471	0.01729	0.01053	0.00785	0.00774	0.00258	0.01207	0.00604	0.00351	0.01218
55	0.02076	0.53776	0.20610	0.01669	0.02515	0.02932	0.01853	0.02525	0.01705	0.02131	0.01243	0.01443	0.01063	0.00731	0.00600	0.00200	0.00977	0.00489	0.00354	0.01108
56	0.01443	0.00722	0.01082	0.01082	0.01082	0.00722	0.00722	0.01082	0.01082	0.01443	0.01443	0.02525	0.01443	0.02886	0.03247	0.75830	0.00722	0.00722	0.00361	0.00361
57	0.02221	0.71304	0.04353	0.01421	0.02132	0.03287	0.01421	0.02488	0.01688	0.01955	0.01155	0.01333	0.01066	0.00711	0.00533	0.00178	0.00888	0.00444	0.00355	0.01066
58	0.01903	0.02069	0.03947	0.02966	0.03466	0.02281	0.37976	0.02393	0.01682	0.02393	0.01442	0.02069	0.01192	0.01006	0.01688	0.00314	0.28904	0.00878	0.00397	0.01035
59	0.01132	0.00855	0.01050	0.01021	0.01241	0.00773	0.00780	0.01472	0.02190	0.02962	0.44741	0.06938	0.23974	0.01856	0.00992	0.00275	0.00426	0.05699	0.00863	0.00759
60	0.01188	0.00886	0.01315	0.01315	0.01457	0.01028	0.01014	0.01471	0.01329	0.01914	0.02243	0.03365	0.02121	0.09235	0.64568	0.01310	0.02159	0.00905	0.00448	0.00731
61	0.01582	0.01494	0.02494	0.65372	0.05539	0.01882	0.02282	0.02116	0.01641	0.02116	0.01457	0.02194	0.01107	0.00863	0.00928	0.00281	0.04623	0.00738	0.00369	0.00922
62	0.08337	0.02374	0.02395	0.01867	0.02507	0.06413	0.01533	0.55028	0.03637	0.04937	0.01893	0.01919	0.01356	0.00973	0.00804	0.00248	0.00930	0.00714	0.00785	0.01350
63	0.02963	0.01584	0.01905	0.01576	0.02139	0.01610	0.01264	0.04217	0.30778	0.37347	0.03325	0.02953	0.02277	0.01074	0.00840	0.00268	0.00684	0.00883	0.00944	0.01368
64	0.02206	0.01854	0.01957	0.01719	0.02214	0.02132	0.01349	0.11899	0.56409	0.03701	0.03204	0.02958	0.02392	0.01110	0.00843	0.00278	0.00690	0.00915	0.00843	0.01327
65	0.01462	0.00907	0.01175	0.01226	0.01395	0.00865	0.00883	0.01794	0.05512	0.10191	0.10654	0.42654	0.04934	0.06621	0.01223	0.00350	0.00551	0.05988	0.00805	0.00811
66	0.56489	0.01711	0.01530	0.03577	0.01948	0.01939	0.01086	0.12791	0.01913	0.08332	0.01459	0.01593	0.01075	0.00830	0.00601	0.00256	0.00709	0.00537	0.00599	0.01024
67	0.01012	0.00723	0.00964	0.01157	0.01205	0.00675	0.00771	0.01157	0.01591	0.02121	0.04579	0.70262	0.05495	0.02603	0.01060	0.00337	0.00482	0.02362	0.00771	0.00675
68	0.01961	0.02241	0.04902	0.03501	0.04342	0.02101	0.62605	0.02661	0.01961	0.02661	0.01681	0.02241	0.01261	0.00700	0.00980	0.00280	0.01401	0.00980	0.00420	0.01120
69	0.01939	0.02074	0.04017	0.08776	0.03860	0.02207	0.39997	0.04838	0.01842	0.02554	0.01530	0.02125	0.01211	0.00909	0.01391	0.00299	0.18062	0.00888	0.00418	0.01063
70	0.01596	0.01504	0.02540	0.65316	0.09005	0.01853	0.02320	0.02146	0.01674	0.02155	0.01481	0.02206	0.01119	0.00826	0.00830	0.00275	0.01101	0.00738	0.00371	0.00944
71	0.01090	0.00793	0.01027	0.01080	0.01217	0.00730	0.00767	0.01360	0.01983	0.02720	0.34429	0.34608	0.10853	0.02126	0.01016	0.00296	0.00434	0.01899	0.00841	0.00730
72	0.05798	0.03416	0.41401	0.02130	0.03087	0.05797	0.04508	0.07045	0.04896	0.07774	0.05012	0.02126	0.01574	0.00885	0.00799	0.00260	0.01089	0.00701	0.00504	0.01200
73	0.03427	0.06459	0.02149	0.01534	0.02169	0.01568	0.01277	0.09628	0.07654	0.50543	0.03013	0.02665	0.01965	0.01011	0.00815	0.00253	0.00735	0.00808	0.00946	0.01381
74	0.01141	0.00819	0.01056	0.01202	0.01287	0.00789	0.00820	0.04851	0.01729	0.02307	0.04424	0.66174	0.05250	0.02507	0.01047	0.00332	0.00508	0.02265	0.00775	0.00719
75	0.01699	0.08310	0.62778	0.02311	0.03508	0.02011	0.02971	0.02622	0.01750	0.02590	0.01471	0.01729	0.01053	0.00785	0.00774	0.00258	0.01207	0.00604	0.00351	0.01218
76	0.01503	0.01736	0.09476	0.05068	0.02824	0.01465	0.22655	0.01978	0.01791	0.02453	0.06566	0.25469	0.03253	0.01545	0.01072	0.00307	0.04104	0.05235	0.00577	0.00922
77	0.01666	0.04297	0.66500	0.02368	0.03596	0.01929	0.03069	0.02631	0.01754	0.02631	0.01491	0.01754	0.01052	0.00789	0.00789	0.00263	0.01228	0.00614	0.00351	0.01228
78	0.07411	0.03289	0.02201	0.01938	0.02399	0.46707	0.01486	0.14297	0.02545	0.02808	0.01510	0.01695	0.01199	0.00885	0.00738	0.00222	0.01259	0.00587	0.05794	0.01030
79	0.05771	0.02271	0.02128	0.01767	0.02305	0.13534	0.01407	0.26927	0.16862	0.09866	0.06725	0.02507	0.02100	0.01045	0.00818	0.00252	0.00891	0.00803	0.00776	0.01247
80	0.03377	0.01492	0.01917	0.01523	0.02129	0.01399	0.01241	0.04126	0.15407	0.52962	0.03299	0.02885	0.02158	0.01049	0.00838	0.00262	0.00696	0.00857	0.00990	0.01393
81	0.01014	0.00799	0.00901	0.00964	0.01145	0.00702	0.00680	0.01200	0.01774	0.02221	0.09616	0.29218	0.38399	0.06021	0.01187	0.00328	0.00462	0.01920	0.00764	0.00685
82	0.02056	0.01974	0.03372	0.05099	0.65622	0.01974	0.02550	0.02550	0.01892	0.02714	0.01563	0.02056	0.01316	0.00740	0.00822	0.00247	0.00987	0.00740	0.00411	0.01316
83	0.01929	0.02118	0.04277	0.06503	0.03988	0.02144	0.47670	0.02661	0.05882	0.02600	0.01704	0.02240	0.01313	0.00833	0.01192	0.00291	0.10189	0.00932	0.00438	0.01095
84	0.01053	0.00778	0.01044	0.01208	0.01254	0.00769	0.00824	0.01199	0.01574	0.02115	0.04403	0.66813	0.05273	0.02545	0.01144	0.00339	0.03949	0.02279	0.00751	0.00687
85	0.03103	0.03959	0.02354	0.02140	0.02568	0.67469	0.01605	0.03317	0.02354	0.02033	0.01284	0.01498	0.01070	0.00856	0.00749	0.00214	0.01498	0.00535	0.00428	0.00963
86	0.16321	0.02544	0.02236	0.01813	0.02401	0.16223	0.01463	0.39388	0.03130	0.04286	0.01694	0.01774	0.01248	0.00927	0.00757	0.00243	0.00989	0.00649	0.00689	0.01225
87	0.01659	0.01590	0.02727	0.55660	0.09304	0.01887	0.07501	0.02312	0.04827	0.02275	0.01595	0.02251	0.01206	0.00828	0.00844	0.00275	0.01103	0.00769	0.00400	0.00985
88	0.01012	0.00723	0.00964	0.01157	0.01205	0.00675	0.00771	0.01157	0.01591	0.02121	0.04579	0.70262	0.05495	0.02603	0.01060	0.00337	0.00482	0.02362	0.00771	0.00675
89	0.01012	0.00723	0.00964	0.01157	0.01205	0.00675	0.00771	0.01157	0.01591	0.02121	0.04579	0.70262	0.05495	0.02603	0.01060	0.00337	0.00482	0.02362	0.00771	0.00675
90	0.01011	0.00728	0.00958	0.01142	0.01201	0.00676	0.00765	0.01158	0.01605	0.02126	0.04756	0.67381	0.08261	0.02580	0.01057	0.00335	0.00479	0.02334	0.00771	0.00676
91	0.02056	0.01974	0.03372	0.05099	0.65622	0.01974	0.02550	0.02550	0.01892	0.02714	0.01563	0.02056	0.01316	0.00740	0.00822	0.00247	0.00987	0.00740	0.00411	0.01316
92	0.01308	0.00917	0.01181	0.01147	0.01355	0.00877	0.00865	0.01788	0.06216	0.05302	0.46545	0.15419	0.06769	0.01806	0.00988	0.00281	0.00456	0.05074	0.00884	0.00823
93	0.01746	0.13979	0.57520	0.02231	0.03384	0.02126	0.02831	0.02610	0.01744	0.02533	0.01442	0.01693	0.01054	0.00778	0.00752	0.00251	0.01179	0.00589	0.00351	0.01204
94	0.01830	0.01854	0.02749	0.02296	0.02368	0.02506	0.07088	0.02057	0.01332	0.02057	0.01142	0.01854	0.01105	0.01389	0.02575	0.00356	0.63398	0.00749	0.00368	0.00927
95	0.01825	0.03187	0.33235	0.02980	0.03999	0.02022	0.35220	0.02647	0.01866	0.02647	0.01593	0.02017	0.01165	0.00741	0.00892	0.00272	0.01321	0.00812	0.00388	0.01170
96	0.01961	0.02241	0.04902	0.03501	0.04342	0.02101	0.62605	0.02661	0.01961	0.02661	0.01681	0.02241	0.01261	0.00700	0.00980	0.00280	0.01401	0.00980	0.00420	0.01120
97	0.03142	0.02791	0.02454	0.01976	0.02574	0.21024	0.01586	0.45927	0.03465	0.04325	0.01793	0.01853	0.01315	0.00957	0.00808	0.00239	0.01080	0.00687	0.00716	0.01285
98	0.02767	0.01677	0.02565	0.03136	0.31294	0.01602	0.01820	0.05934	0.02224	0.30089	0.06439	0.02653	0.02060	0.00938	0.00839	0.00252	0.00825	0.00831	0.00728	0.01328
99	0.02056	0.01879	0.03020	0.22373	0.41272	0.02012	0.02363	0.09835	0.02075	0.02860	0.01592	0.02093	0.01270	0.00797	0.00826	0.00255	0.01011	0.00741	0.00451	0.01219
100	0.01735	0.12650	0.58753	0.02250	0.03413	0.02099	0.02864	0.02613	0.01746	0.02547	0.01449	0.01701	0.01054	0.00779	0.00757	0.00252	0.01185	0.00593	0.00351	0.01208
101	0.01187	0.00890	0.01335	0.01335	0.01483	0.01038	0.01038	0.01483	0.01335	0.01928	0.02225	0.03264	0.02077	0.06231	0.67512	0.01335	0.02225	0.00890	0.00445	0.00742
102	0.01212	0.00882	0.01296	0.01296	0.01447	0.01020	0.01006	0.01515	0.01364	0.02011	0.02259	0.03252	0.02081	0.05860	0.62794	0.01255	0.02096	0.00882	0.05730	0.00744
103	0.01666	0.04297	0.66500	0.02368	0.03596	0.01929	0.03069	0.02631	0.01754	0.02631	0.01491	0.01754	0.01052	0.00789	0.00789	0.00263	0.01228	0.00614	0.00351	0.01228
104	0.01895	0.02075	0.04110	0.07756	0.03869	0.02200	0.42309	0.02448	0.01758	0.02448	0.01511	0.02127	0.01205	0.00908	0.01431	0.00302	0.19298	0.00896	0.00402	0.01051
105	0.02830	0.01633	0.01918	0.01593	0.02142	0.01696	0.01276	0.08539	0.30892	0.30538	0.05431	0.03010	0.02434	0.01095	0.00845	0.00268	0.00688	0.00900	0.00925	0.01346
106	0.01029	0.00735	0.00983	0.01176	0.01231	0.00689	0.00800	0.01185	0.01607	0.02139	0.04570	0.67194	0.05459	0.02587	0.01065	0.00340	0.00496	0.05267	0.00771	0.00679
107	0.01280	0.00914	0.01271	0.01462	0.01628	0.00905	0.01236	0.01619	0.01854	0.02420	0.04431	0.20379	0.04910	0.02351	0.01132	0.00374	0.00714	0.49605	0.00766	0.00749
108	0.01887	0.02012	0.04015	0.02979	0.03680	0.01950	0.46296	0.02790	0.11522	0.02743	0.02257	0.07111	0.01895	0.00964	0.00973	0.00289	0.01197	0.03811	0.00525	0.01105
109	0.01666	0.04297	0.66500	0.02368	0.03596	0.01929	0.03069	0.02631	0.01754	0.02631	0.01491	0.01754	0.01052	0.00789	0.00789	0.00263	0.01228	0.00614	0.00351	0.01228
110	0.01012	0.00723	0.00964	0.01157	0.01205	0.00675	0.00771	0.01157	0.01591	0.02121	0.04579	0.70262	0.05495	0.02603	0.01060	0.00337	0.00482	0.02362	0.00771	0.00675
111	0.01983	0.01899	0.03240	0.14650	0.56642	0.01955	0.02513	0.02486	0.01857	0.02625	0.01550	0.02080	0.01285	0.00754	0.00824	0.00251	0.01005	0.00740	0.00405	0.01257
112	0.02056	0.01974	0.03372	0.05099	0.65622	0.01974	0.02550	0.02550	0.01892	0.02714	0.01563	0.02056	0.01316	0.00740	0.00822	0.00247	0.00987	0.00740	0.00411	0.01316
113	0.03103	0.03959	0.02354	0.02140	0.02568	0.67469	0.01605	0.03317	0.02354	0.02033	0.01284	0.01498	0.01070	0.00856	0.00749	0.00214	0.01498	0.00535	0.00428	0.00963
114	0.01961	0.02241	0.04902	0.03501	0.04342	0.02101	0.62605	0.02661	0.01961	0.02661	0.01681	0.02241	0.01261	0.00700	0.00980	0.00280	0.01401	0.00980	0.00420	0.01120
115	0.01762	0.03045	0.33210	0.02421	0.03101	0.02201	0.09392	0.02375	0.01580	0.02375	0.01349	0.01836	0.01092	0.01052	0.01605	0.00306	0.29146	0.00702	0.00364	0.01085
116	0.01012	0.00723	0.00964	0.01157	0.01205	0.00675	0.00771	0.01157	0.01591	0.02121	0.04579	0.70262	0.05495	0.02603	0.01060	0.00337	0.00482	0.02362	0.00771	0.00675
117	0.01896	0.02120	0.04475	0.03254	0.03976	0.02062	0.53765	0.02519	0.01879	0.02572	0.01787	0.05931	0.01477	0.00872	0.01141	0.00291	0.07438	0.01033	0.00434	0.01077
118	0.01702	0.08638	0.62474	0.02306	0.03501	0.02017	0.02963	0.02622	0.01750	0.02587	0.01469	0.01727	0.01053	0.00784	0.00773	0.00258	0.01206	0.00603	0.00351	0.01217
119	0.01187	0.00890	0.01335	0.01335	0.01483	0.01038	0.01038	0.01483	0.01335	0.01928	0.02225	0.03264	0.02077	0.06231	0.67512	0.01335	0.02225	0.00890	0.00445	0.00742
120	0.01037	0.00844	0.00918	0.00900	0.01156	0.00725	0.00675	0.01300	0.02024	0.02555	0.24647	0.07483	0.48860	0.01988	0.00981	0.00275	0.00413	0.01682	0.00812	0.00725
121	0.01569	0.01477	0.02492	0.68808	0.05722	0.01846	0.02307	0.02123	0.01661	0.02123	0.01477	0.02215	0.01107	0.00831	0.00831	0.00277	0.01107	0.00738	0.00369	0.00923
122	0.01093	0.00815	0.01097	0.01239	0.01301	0.00819	0.00874	0.01268	0.01631	0.02201	0.07664	0.58671	0.05295	0.02460	0.01169	0.00338	0.04951	0.05662	0.00752	0.00701
123	0.01023	0.00731	0.00973	0.01150	0.01207	0.00682	0.00772	0.01183	0.01640	0.02199	0.08505	0.66113	0.05646	0.02544	0.01055	0.00332	0.00476	0.02306	0.00780	0.00682
124	0.01686	0.06734	0.64240	0.02333	0.03542	0.01979	0.03009	0.02626	0.01752	0.02606	0.01479	0.01739	0.01053	0.00786	0.00780	0.00260	0.01215	0.00608	0.00351	0.01222
125	0.06643	0.06174	0.02445	0.05912	0.02668	0.22896	0.01574	0.31240	0.06348	0.03706	0.01732	0.01847	0.01305	0.00924	0.00775	0.00238	0.01080	0.00661	0.00638	0.01194
126	0.01627	0.01536	0.02597	0.61199	0.12875	0.01861	0.02336	0.02174	0.01689	0.02193	0.01487	0.02196	0.01132	0.00820	0.00830	0.00273	0.01093	0.00739	0.00374	0.00970
127	0.01184	0.00885	0.01178	0.04177	0.01589	0.00883	0.01013	0.01543	0.05435	0.02303	0.04481	0.44790	0.07344	0.02337	0.01057	0.00341	0.00591	0.17362	0.00757	0.00749
128	0.01811	0.01790	0.02528	0.02111	0.02233	0.02349	0.03925	0.02035	0.01353	0.02112	0.01160	0.01821	0.01114	0.01322	0.02400	0.00330	0.58254	0.00707	0.00382	0.10263
129	0.01846	0.01745	0.02679	0.13302	0.03009	0.02094	0.09405	0.02190	0.01535	0.04461	0.01368	0.01957	0.01171	0.01105	0.01784	0.00296	0.35885	0.00727	0.00416	0.13026

[dist]
# distance from previous block
# <min> <max>
4	14

[block]
# block no. 2 follows, 22 sequences, length 6
# corresponding to MSA columns:
# 282-287
name=unknown_C
#
# <colnr> <probs for GDERKNQSTAVLIFYWHMCP>
#	G	D	E	R	K	N	Q	S	T	A	V	L	I	F	Y	W	H	M	C	P
0	0.01917	0.02212	0.09881	0.03132	0.11754	0.01902	0.35149	0.06681	0.02018	0.02791	0.01964	0.09293	0.01703	0.00931	0.00921	0.00270	0.01160	0.01019	0.00482	0.04820
1	0.27659	0.02201	0.04323	0.01492	0.01992	0.17888	0.01218	0.02936	0.09965	0.09961	0.02680	0.02667	0.09752	0.01043	0.00724	0.00253	0.00858	0.00755	0.00620	0.01014
2	0.14507	0.02200	0.02141	0.01844	0.05468	0.10130	0.01408	0.27429	0.08233	0.06337	0.01857	0.01929	0.01385	0.00894	0.00743	0.00233	0.00876	0.00661	0.00674	0.11051
3	0.01595	0.10292	0.01651	0.01229	0.01459	0.01374	0.00924	0.10189	0.01873	0.02472	0.07610	0.15793	0.03490	0.28314	0.02182	0.00483	0.00742	0.06914	0.00632	0.00782
4	0.11637	0.01872	0.08586	0.06270	0.02384	0.01725	0.01449	0.14441	0.12230	0.12323	0.03318	0.03480	0.11684	0.01194	0.00828	0.00271	0.00772	0.03672	0.00726	0.01137
5	0.13220	0.01528	0.01685	0.01428	0.01883	0.01617	0.01135	0.16466	0.12390	0.13747	0.17952	0.07499	0.03449	0.01262	0.00838	0.00265	0.00646	0.01034	0.00835	0.01122

[dist]
# distance from previous block
# <min> <max>
40	78

[block]
# block no. 3 follows, 22 sequences, length 20
# corresponding to MSA columns:
# 367-386
name=unknown_D
#
# <colnr> <probs for GDERKNQSTAVLIFYWHMCP>
#	G	D	E	R	K	N	Q	S	T	A	V	L	I	F	Y	W	H	M	C	P
0	0.34635	0.02015	0.04154	0.01466	0.02050	0.09374	0.01228	0.09235	0.05003	0.17322	0.01858	0.01874	0.01326	0.00871	0.00676	0.00246	0.00805	0.00607	0.00659	0.04597
1	0.02632	0.30731	0.06210	0.01772	0.02390	0.23607	0.01559	0.09189	0.06971	0.05441	0.01569	0.01679	0.01261	0.00837	0.00684	0.00213	0.01077	0.00569	0.00496	0.01112
2	0.02588	0.01893	0.02138	0.04777	0.02454	0.01959	0.01384	0.28887	0.13966	0.09988	0.02215	0.02217	0.01618	0.00922	0.00781	0.00226	0.00783	0.00727	0.00747	0.19729
3	0.01728	0.01929	0.07075	0.02757	0.07688	0.01765	0.32505	0.02346	0.04702	0.02600	0.07343	0.08191	0.05317	0.04405	0.01224	0.00310	0.05451	0.01120	0.00518	0.01025
4	0.07731	0.02002	0.03603	0.06793	0.29144	0.02038	0.24199	0.02640	0.05279	0.02754	0.01649	0.02123	0.01311	0.00787	0.00947	0.00268	0.04299	0.00816	0.00442	0.01176
5	0.01666	0.04297	0.66500	0.02368	0.03596	0.01929	0.03069	0.02631	0.01754	0.02631	0.01491	0.01754	0.01052	0.00789	0.00789	0.00263	0.01228	0.00614	0.00351	0.01228
6	0.01193	0.00867	0.01135	0.01117	0.01317	0.00809	0.00871	0.01573	0.02251	0.03126	0.51603	0.06848	0.10487	0.01823	0.01009	0.00283	0.00458	0.11573	0.00881	0.00776
7	0.01947	0.02138	0.04428	0.07475	0.13887	0.02084	0.47285	0.02586	0.01905	0.02611	0.01626	0.02193	0.01253	0.00745	0.01018	0.00278	0.04077	0.00919	0.00414	0.01131
8	0.02498	0.53598	0.03801	0.01557	0.02211	0.14877	0.01440	0.02760	0.01863	0.06913	0.01342	0.01478	0.01143	0.00762	0.00596	0.00190	0.00986	0.00491	0.00420	0.01074
9	0.01012	0.00723	0.00964	0.01157	0.01205	0.00675	0.00771	0.01157	0.01591	0.02121	0.04579	0.70262	0.05495	0.02603	0.01060	0.00337	0.00482	0.02362	0.00771	0.00675
10	0.02023	0.01940	0.03312	0.09411	0.61568	0.01965	0.02533	0.02521	0.01876	0.02674	0.01557	0.02067	0.01302	0.00746	0.00823	0.00249	0.00995	0.00740	0.00408	0.01289
11	0.01666	0.04297	0.66500	0.02368	0.03596	0.01929	0.03069	0.02631	0.01754	0.02631	0.01491	0.01754	0.01052	0.00789	0.00789	0.00263	0.01228	0.00614	0.00351	0.01228
12	0.01961	0.02241	0.04902	0.03501	0.04342	0.02101	0.62605	0.02661	0.01961	0.02661	0.01681	0.02241	0.01261	0.00700	0.00980	0.00280	0.01401	0.00980	0.00420	0.01120
13	0.01012	0.00723	0.00964	0.01157	0.01205	0.00675	0.00771	0.01157	0.01591	0.02121	0.04579	0.70262	0.05495	0.02603	0.01060	0.00337	0.00482	0.02362	0.00771	0.00675
14	0.05029	0.06763	0.56583	0.02355	0.03502	0.01994	0.07247	0.02619	0.01751	0.02654	0.01476	0.01754	0.01061	0.00779	0.00781	0.00261	0.01201	0.00626	0.00363	0.01199
15	0.03727	0.01414	0.01928	0.01478	0.02121	0.01221	0.01221	0.04049	0.02378	0.66198	0.03277	0.02828	0.02056	0.01028	0.00835	0.00257	0.00707	0.00835	0.01028	0.01414
16	0.01036	0.00740	0.00991	0.01184	0.01243	0.00695	0.00813	0.01198	0.01614	0.02147	0.04566	0.65822	0.05442	0.02580	0.01067	0.00341	0.00503	0.06567	0.00771	0.00681
17	0.01683	0.01648	0.02954	0.51722	0.12376	0.01899	0.11372	0.02252	0.01732	0.02271	0.01517	0.02201	0.01154	0.00801	0.00852	0.00274	0.01138	0.00775	0.00382	0.00997
18	0.01549	0.00774	0.00774	0.00774	0.00968	0.00774	0.00581	0.01936	0.01742	0.03097	0.02710	0.03097	0.02129	0.00968	0.00581	0.00194	0.00387	0.00774	0.75416	0.00774
19	0.01961	0.02241	0.04902	0.03501	0.04342	0.02101	0.62605	0.02661	0.01961	0.02661	0.01681	0.02241	0.01261	0.00700	0.00980	0.00280	0.01401	0.00980	0.00420	0.01120

[dist]
# distance from previous block
# <min> <max>
0	1

[block]
# block no. 4 follows, 22 sequences, length 70
# corresponding to MSA columns:
# 388-457
name=unknown_E
#
# <colnr> <probs for GDERKNQSTAVLIFYWHMCP>
#	G	D	E	R	K	N	Q	S	T	A	V	L	I	F	Y	W	H	M	C	P
0	0.02066	0.01785	0.01878	0.01691	0.02160	0.02066	0.01315	0.04414	0.64121	0.03475	0.03381	0.03099	0.02536	0.01127	0.00845	0.00282	0.00657	0.00939	0.00845	0.01315
1	0.01859	0.02856	0.25565	0.06571	0.15915	0.02005	0.27802	0.02603	0.01862	0.02635	0.01583	0.02038	0.01193	0.00745	0.00877	0.00268	0.01248	0.00797	0.00392	0.01185
2	0.00982	0.00842	0.00842	0.00842	0.01122	0.00701	0.00631	0.01192	0.01894	0.02244	0.08416	0.07995	0.65285	0.02104	0.00982	0.00281	0.00421	0.01753	0.00771	0.00701
3	0.01187	0.00890	0.01335	0.01335	0.01483	0.01038	0.01038	0.01483	0.01335	0.01928	0.02225	0.03264	0.02077	0.06231	0.67512	0.01335	0.02225	0.00890	0.00445	0.00742
4	0.01687	0.04173	0.63116	0.02514	0.06920	0.01932	0.03042	0.02627	0.01761	0.02635	0.01495	0.01770	0.01066	0.00787	0.00791	0.00262	0.01215	0.00621	0.00354	0.01232
5	0.03476	0.01771	0.08917	0.01596	0.02303	0.01367	0.01439	0.06917	0.02389	0.56214	0.03019	0.02669	0.01915	0.01001	0.00830	0.00257	0.00774	0.00807	0.00945	0.01394
6	0.01927	0.35771	0.37309	0.01923	0.02908	0.02567	0.02295	0.02564	0.01723	0.02313	0.01333	0.01556	0.01059	0.00752	0.00669	0.00223	0.01068	0.00534	0.00353	0.01152
7	0.01189	0.00882	0.01294	0.01294	0.01428	0.01016	0.00987	0.01457	0.01323	0.01898	0.02263	0.03471	0.02167	0.12407	0.61459	0.01284	0.02089	0.00920	0.00451	0.00719
8	0.01956	0.02146	0.06412	0.03989	0.28404	0.01985	0.33495	0.02568	0.01923	0.02672	0.01767	0.02516	0.01456	0.00801	0.00919	0.00272	0.01198	0.03906	0.00432	0.01183
9	0.02061	0.01762	0.01854	0.01658	0.02127	0.02021	0.01293	0.06832	0.58388	0.03492	0.03569	0.03293	0.05591	0.01170	0.00851	0.00280	0.00657	0.00971	0.00841	0.01289
10	0.01692	0.04144	0.62330	0.02548	0.07693	0.01932	0.03035	0.02626	0.01763	0.02636	0.01496	0.01774	0.01070	0.00786	0.00791	0.00262	0.01212	0.00622	0.00355	0.01234
11	0.01833	0.01862	0.02794	0.02321	0.02410	0.02497	0.08263	0.02069	0.01345	0.02069	0.01153	0.01862	0.01109	0.01374	0.02541	0.00355	0.62086	0.00754	0.00370	0.00931
12	0.02576	0.02928	0.02968	0.03503	0.29986	0.32475	0.06042	0.05070	0.02183	0.02484	0.01456	0.01807	0.01201	0.00801	0.00799	0.00234	0.01249	0.00661	0.00435	0.01142
13	0.02272	0.67537	0.04252	0.01448	0.02156	0.03248	0.01430	0.05784	0.01809	0.02134	0.01201	0.01369	0.01085	0.00726	0.00549	0.00182	0.00890	0.00461	0.00381	0.01085
14	0.01794	0.01785	0.02539	0.08548	0.02519	0.02478	0.01864	0.02011	0.01309	0.02011	0.01127	0.01855	0.01092	0.01394	0.02545	0.00355	0.62769	0.00728	0.00364	0.00910
15	0.01944	0.02642	0.21520	0.04314	0.47790	0.01961	0.02699	0.02573	0.01852	0.02690	0.01542	0.01969	0.01240	0.00754	0.00813	0.00251	0.01056	0.00704	0.00394	0.01291
16	0.01732	0.01715	0.02680	0.27816	0.03681	0.02247	0.06021	0.02090	0.01467	0.02090	0.01278	0.01998	0.01108	0.01165	0.01884	0.00325	0.38658	0.00748	0.00369	0.00928
17	0.01818	0.01501	0.01694	0.01636	0.02010	0.01687	0.01323	0.03494	0.42864	0.03137	0.03729	0.05242	0.03303	0.01526	0.00949	0.00316	0.00694	0.21131	0.00818	0.01127
18	0.01216	0.01032	0.01749	0.01621	0.01834	0.00967	0.12796	0.01488	0.01708	0.02294	0.06742	0.51939	0.04752	0.02181	0.01044	0.00324	0.00667	0.04168	0.00709	0.00770
19	0.01844	0.02221	0.08567	0.03186	0.03971	0.01943	0.52336	0.02505	0.01909	0.02604	0.01965	0.09179	0.01681	0.00901	0.00976	0.00285	0.01295	0.01098	0.00452	0.01082
20	0.01666	0.04297	0.66500	0.02368	0.03596	0.01929	0.03069	0.02631	0.01754	0.02631	0.01491	0.01754	0.01052	0.00789	0.00789	0.00263	0.01228	0.00614	0.00351	0.01228
21	0.03103	0.03959	0.02354	0.02140	0.02568	0.67469	0.01605	0.03317	0.02354	0.02033	0.01284	0.01498	0.01070	0.00856	0.00749	0.00214	0.01498	0.00535	0.00428	0.00963
22	0.01920	0.01755	0.02831	0.37417	0.28442	0.01970	0.02325	0.08534	0.01981	0.02670	0.01563	0.02131	0.01219	0.00813	0.00827	0.00262	0.01041	0.00740	0.00433	0.01124
23	0.01704	0.01615	0.02736	0.51135	0.22338	0.01881	0.02374	0.02241	0.01725	0.02287	0.01500	0.02171	0.01165	0.00805	0.00828	0.00268	0.01074	0.00739	0.00381	0.01032
24	0.01012	0.00723	0.00964	0.01157	0.01205	0.00675	0.00771	0.01157	0.01591	0.02121	0.04579	0.70262	0.05495	0.02603	0.01060	0.00337	0.00482	0.02362	0.00771	0.00675
25	0.01569	0.01477	0.02492	0.68808	0.05722	0.01846	0.02307	0.02123	0.01661	0.02123	0.01477	0.02215	0.01107	0.00831	0.00831	0.00277	0.01107	0.00738	0.00369	0.00923
26	0.01776	0.01859	0.07058	0.31496	0.33314	0.01856	0.02398	0.02310	0.01771	0.02432	0.01664	0.05329	0.01409	0.00869	0.00835	0.00265	0.01030	0.00808	0.00407	0.01115
27	0.01963	0.01871	0.03143	0.17191	0.51595	0.01953	0.02454	0.02542	0.04328	0.02631	0.01619	0.02128	0.01325	0.00773	0.00825	0.00254	0.00997	0.00748	0.00420	0.01240
28	0.01627	0.02466	0.24409	0.42831	0.08073	0.01881	0.02580	0.02318	0.01705	0.02327	0.01486	0.02049	0.01099	0.00812	0.00816	0.00271	0.01142	0.00696	0.00365	0.01047
29	0.19864	0.03401	0.44292	0.01992	0.02990	0.01906	0.02378	0.05511	0.01808	0.06464	0.01531	0.01726	0.01087	0.00808	0.00728	0.00261	0.01044	0.00593	0.00449	0.01168
30	0.01666	0.04297	0.66500	0.02368	0.03596	0.01929	0.03069	0.02631	0.01754	0.02631	0.01491	0.01754	0.01052	0.00789	0.00789	0.00263	0.01228	0.00614	0.00351	0.01228
31	0.01369	0.00991	0.01361	0.01537	0.01739	0.01003	0.01338	0.01834	0.04508	0.02527	0.04356	0.09109	0.04687	0.02246	0.01135	0.00378	0.00760	0.57565	0.00768	0.00788
32	0.01580	0.01492	0.02494	0.65870	0.05566	0.01877	0.02286	0.02117	0.01644	0.02117	0.01460	0.02197	0.01107	0.00858	0.00914	0.00281	0.04114	0.00738	0.00369	0.00922
33	0.01951	0.02213	0.04746	0.03414	0.04199	0.02130	0.58590	0.02617	0.01915	0.02617	0.01642	0.02213	0.01249	0.00750	0.01096	0.00286	0.05885	0.00964	0.00416	0.01106
34	0.01961	0.02241	0.04902	0.03501	0.04342	0.02101	0.62605	0.02661	0.01961	0.02661	0.01681	0.02241	0.01261	0.00700	0.00980	0.00280	0.01401	0.00980	0.00420	0.01120
35	0.01246	0.00896	0.01209	0.01255	0.01449	0.00858	0.01024	0.01634	0.02161	0.02965	0.38866	0.07576	0.06515	0.01957	0.01052	0.00314	0.00553	0.26843	0.00850	0.00776
36	0.03216	0.01422	0.01788	0.01435	0.01977	0.04254	0.01157	0.03531	0.02330	0.51447	0.11356	0.06892	0.02954	0.01194	0.00863	0.00260	0.00691	0.00992	0.00971	0.01270
37	0.01012	0.00723	0.00964	0.01157	0.01205	0.00675	0.00771	0.01157	0.01591	0.02121	0.04579	0.70262	0.05495	0.02603	0.01060	0.00337	0.00482	0.02362	0.00771	0.00675
38	0.01012	0.00723	0.00964	0.01157	0.01205	0.00675	0.00771	0.01157	0.01591	0.02121	0.04579	0.70262	0.05495	0.02603	0.01060	0.00337	0.00482	0.02362	0.00771	0.00675
39	0.01953	0.02218	0.04774	0.03430	0.04225	0.02125	0.59309	0.02625	0.01923	0.02625	0.01649	0.02218	0.01251	0.00741	0.01075	0.00285	0.05081	0.00967	0.00417	0.01109
40	0.01666	0.04297	0.66500	0.02368	0.03596	0.01929	0.03069	0.02631	0.01754	0.02631	0.01491	0.01754	0.01052	0.00789	0.00789	0.00263	0.01228	0.00614	0.00351	0.01228
41	0.01961	0.02241	0.04902	0.03501	0.04342	0.02101	0.62605	0.02661	0.01961	0.02661	0.01681	0.02241	0.01261	0.00700	0.00980	0.00280	0.01401	0.00980	0.00420	0.01120
42	0.01012	0.00723	0.00964	0.01157	0.01205	0.00675	0.00771	0.01157	0.01591	0.02121	0.04579	0.70262	0.05495	0.02603	0.01060	0.00337	0.00482	0.02362	0.00771	0.00675
43	0.02056	0.01974	0.03372	0.05099	0.65622	0.01974	0.02550	0.02550	0.01892	0.02714	0.01563	0.02056	0.01316	0.00740	0.00822	0.00247	0.00987	0.00740	0.00411	0.01316
44	0.01127	0.00847	0.01043	0.00994	0.01211	0.00763	0.00746	0.01474	0.02237	0.03059	0.50944	0.06654	0.22249	0.01800	0.00980	0.00266	0.00399	0.01565	0.00879	0.00763
45	0.01187	0.00890	0.01335	0.01335	0.01483	0.01038	0.01038	0.01483	0.01335	0.01928	0.02225	0.03264	0.02077	0.06231	0.67512	0.01335	0.02225	0.00890	0.00445	0.00742
46	0.01666	0.04297	0.66500	0.02368	0.03596	0.01929	0.03069	0.02631	0.01754	0.02631	0.01491	0.01754	0.01052	0.00789	0.00789	0.00263	0.01228	0.00614	0.00351	0.01228
47	0.02221	0.71304	0.04353	0.01421	0.02132	0.03287	0.01421	0.02488	0.01688	0.01955	0.01155	0.01333	0.01066	0.00711	0.00533	0.00178	0.00888	0.00444	0.00355	0.01066
48	0.02221	0.71304	0.04353	0.01421	0.02132	0.03287	0.01421	0.02488	0.01688	0.01955	0.01155	0.01333	0.01066	0.00711	0.00533	0.00178	0.00888	0.00444	0.00355	0.01066
49	0.01208	0.00805	0.00906	0.00906	0.00906	0.00805	0.00503	0.01208	0.01208	0.01611	0.02618	0.05436	0.03020	0.70804	0.04228	0.00805	0.00805	0.01208	0.00503	0.00503
50	0.01631	0.01583	0.02731	0.56149	0.05253	0.01937	0.08132	0.02163	0.01654	0.02163	0.01460	0.02180	0.01121	0.00877	0.01024	0.00285	0.07583	0.00761	0.00374	0.00941
51	0.01756	0.01687	0.02921	0.43609	0.26048	0.01903	0.05622	0.02297	0.01756	0.02353	0.01517	0.02162	0.01187	0.00793	0.00836	0.00267	0.01082	0.00752	0.00386	0.01067
52	0.01692	0.07453	0.63573	0.02323	0.03527	0.01993	0.02992	0.02624	0.01751	0.02599	0.01475	0.01734	0.01053	0.00786	0.00777	0.00259	0.01212	0.00606	0.00351	0.01220
53	0.01569	0.01477	0.02492	0.68808	0.05722	0.01846	0.02307	0.02123	0.01661	0.02123	0.01477	0.02215	0.01107	0.00831	0.00831	0.00277	0.01107	0.00738	0.00369	0.00923
54	0.03158	0.02327	0.02493	0.01911	0.02576	0.02576	0.01579	0.62852	0.03906	0.05236	0.01995	0.01995	0.01413	0.00997	0.00831	0.00249	0.00914	0.00748	0.00831	0.01413
55	0.02221	0.71304	0.04353	0.01421	0.02132	0.03287	0.01421	0.02488	0.01688	0.01955	0.01155	0.01333	0.01066	0.00711	0.00533	0.00178	0.00888	0.00444	0.00355	0.01066
56	0.02056	0.01974	0.03372	0.05099	0.65622	0.01974	0.02550	0.02550	0.01892	0.02714	0.01563	0.02056	0.01316	0.00740	0.00822	0.00247	0.00987	0.00740	0.00411	0.01316
57	0.01939	0.02199	0.04770	0.07070	0.04417	0.02087	0.59310	0.02632	0.01944	0.02632	0.01670	0.02239	0.01252	0.00707	0.00972	0.00280	0.01385	0.00967	0.00417	0.01110
58	0.01188	0.00873	0.01140	0.01224	0.01410	0.00825	0.00981	0.01514	0.01999	0.02657	0.23694	0.16683	0.15096	0.02125	0.01058	0.00323	0.00558	0.25088	0.00813	0.00748
59	0.01012	0.00723	0.00964	0.01157	0.01205	0.00675	0.00771	0.01157	0.01591	0.02121	0.04579	0.70262	0.05495	0.02603	0.01060	0.00337	0.00482	0.02362	0.00771	0.00675
60	0.01961	0.02241	0.04902	0.03501	0.04342	0.02101	0.62605	0.02661	0.01961	0.02661	0.01681	0.02241	0.01261	0.00700	0.00980	0.00280	0.01401	0.00980	0.00420	0.01120
61	0.01569	0.01477	0.02492	0.68808	0.05722	0.01846	0.02307	0.02123	0.01661	0.02123	0.01477	0.02215	0.01107	0.00831	0.00831	0.00277	0.01107	0.00738	0.00369	0.00923
62	0.01012	0.00723	0.00964	0.01157	0.01205	0.00675	0.00771	0.01157	0.01591	0.02121	0.04579	0.70262	0.05495	0.02603	0.01060	0.00337	0.00482	0.02362	0.00771	0.00675
63	0.01012	0.00723	0.00964	0.01157	0.01205	0.00675	0.00771	0.01157	0.01591	0.02121	0.04579	0.70262	0.05495	0.02603	0.01060	0.00337	0.00482	0.02362	0.00771	0.00675
64	0.01426	0.01055	0.01385	0.01553	0.05023	0.01058	0.01109	0.09161	0.02008	0.02684	0.06532	0.40491	0.04675	0.02187	0.01036	0.00329	0.00629	0.16065	0.00763	0.00829
65	0.02025	0.02018	0.03629	0.04628	0.50134	0.02029	0.14356	0.02542	0.01872	0.02665	0.01561	0.02080	0.01293	0.00771	0.00956	0.00260	0.04729	0.00787	0.00410	0.01256
66	0.02082	0.02035	0.03192	0.08221	0.55789	0.05212	0.02422	0.02666	0.05301	0.02690	0.01644	0.02094	0.01359	0.00772	0.00820	0.00249	0.01001	0.00741	0.00433	0.01277
