[name]
unknown

[dist]
# distance from previous block
# <min> <max>
10	103

[block]
# block no. 0 follows, 23 sequences, length 37
# corresponding to MSA columns:
# 109-145
name=unknown_A
#
# <colnr> <probs for GDERKNQSTAVLIFYWHMCP>
#	G	D	E	R	K	N	Q	S	T	A	V	L	I	F	Y	W	H	M	C	P
0	0.05359	0.06062	0.01512	0.01196	0.01525	0.01199	0.00941	0.02306	0.09940	0.12389	0.37083	0.09153	0.05238	0.01444	0.00873	0.00256	0.00512	0.01240	0.00834	0.00937
1	0.03064	0.02158	0.02353	0.01799	0.02451	0.02336	0.01485	0.55742	0.03587	0.10178	0.02029	0.02004	0.01424	0.00959	0.00802	0.00238	0.00862	0.00726	0.00812	0.04991
2	0.03085	0.02273	0.02435	0.01867	0.02516	0.02516	0.01542	0.63716	0.03815	0.05114	0.01948	0.01948	0.01380	0.00974	0.00812	0.00244	0.00893	0.00731	0.00812	0.01380
3	0.01246	0.00856	0.01083	0.01011	0.01238	0.00775	0.00764	0.01596	0.02226	0.06347	0.53505	0.06173	0.16747	0.01689	0.00950	0.00258	0.00403	0.01473	0.00876	0.00784
4	0.77215	0.01569	0.01193	0.01067	0.01569	0.01820	0.00879	0.02385	0.01381	0.03641	0.01130	0.01318	0.00879	0.00753	0.00502	0.00251	0.00628	0.00439	0.00502	0.00879
5	0.01665	0.08911	0.62895	0.02248	0.03413	0.01977	0.02886	0.02560	0.01709	0.02524	0.01433	0.01685	0.01029	0.00766	0.00754	0.00251	0.01176	0.00588	0.00343	0.01188
6	0.02026	0.54036	0.20931	0.01633	0.02461	0.02860	0.01814	0.02467	0.01666	0.02084	0.01215	0.01411	0.01038	0.00715	0.00587	0.00196	0.00955	0.00478	0.00346	0.01083
7	0.01565	0.01476	0.02494	0.65043	0.09820	0.01811	0.02270	0.02102	0.01638	0.02113	0.01448	0.02153	0.01096	0.00805	0.00811	0.00268	0.01073	0.00721	0.00363	0.00928
8	0.03563	0.01398	0.01881	0.01454	0.02073	0.01232	0.01197	0.03971	0.05300	0.63960	0.03206	0.02774	0.02031	0.01009	0.00816	0.00252	0.00688	0.00821	0.00996	0.01376
9	0.01039	0.00814	0.00943	0.00955	0.01169	0.00718	0.00712	0.01300	0.01955	0.02528	0.26192	0.15651	0.36652	0.01999	0.00975	0.00279	0.00424	0.04186	0.00798	0.00710
10	0.00987	0.00714	0.00933	0.01109	0.01171	0.00661	0.00744	0.01132	0.01574	0.02080	0.04728	0.66645	0.09511	0.02509	0.01030	0.00326	0.00467	0.02266	0.00753	0.00661
11	0.00989	0.00706	0.00942	0.01130	0.01177	0.00659	0.00753	0.01130	0.01554	0.02071	0.04472	0.70954	0.05367	0.02542	0.01036	0.00330	0.00471	0.02307	0.00753	0.00659
12	0.73324	0.01606	0.01258	0.01109	0.01619	0.01857	0.00914	0.05604	0.01509	0.03718	0.01173	0.01351	0.00905	0.00765	0.00518	0.00251	0.00642	0.00455	0.00518	0.00905
13	0.01195	0.00789	0.00896	0.00896	0.00911	0.00794	0.00517	0.01225	0.01210	0.01656	0.02545	0.05113	0.02870	0.65413	0.06565	0.00779	0.00823	0.01147	0.04141	0.00514
14	0.04983	0.01634	0.01795	0.01553	0.02031	0.01786	0.01224	0.11637	0.36926	0.14363	0.03313	0.07759	0.04985	0.01196	0.00831	0.00270	0.00661	0.00989	0.00835	0.01231
15	0.01308	0.00934	0.01308	0.01494	0.01681	0.00934	0.01308	0.01681	0.01868	0.02428	0.04296	0.09153	0.04670	0.02242	0.01121	0.00374	0.00747	0.60960	0.00747	0.00747
16	0.01238	0.00909	0.01211	0.01353	0.01556	0.00882	0.01160	0.01582	0.01883	0.02420	0.07583	0.08781	0.15868	0.02184	0.01085	0.00351	0.00671	0.47792	0.00754	0.00737
17	0.08413	0.01479	0.01851	0.01463	0.02060	0.01402	0.01198	0.06219	0.11085	0.51355	0.03025	0.02669	0.01973	0.01000	0.00796	0.00254	0.00687	0.00801	0.00938	0.01333
18	0.01272	0.00838	0.00931	0.00911	0.00948	0.00846	0.00535	0.03466	0.01311	0.01802	0.02541	0.05029	0.02833	0.63993	0.03760	0.00725	0.00762	0.01134	0.05821	0.00542
19	0.03112	0.02229	0.02408	0.01846	0.02495	0.02452	0.01525	0.60806	0.03742	0.08127	0.02009	0.01988	0.01411	0.00976	0.00812	0.00244	0.00883	0.00735	0.00821	0.01380
20	0.01097	0.00827	0.01013	0.00967	0.01181	0.00744	0.00725	0.01431	0.02175	0.02965	0.50266	0.06537	0.23564	0.01767	0.00958	0.00260	0.00390	0.01534	0.00855	0.00744
21	0.00989	0.00706	0.00942	0.01130	0.01177	0.00659	0.00753	0.01130	0.01554	0.02071	0.04472	0.70954	0.05367	0.02542	0.01036	0.00330	0.00471	0.02307	0.00753	0.00659
22	0.01308	0.00934	0.01308	0.01494	0.01681	0.00934	0.01308	0.01681	0.01868	0.02428	0.04296	0.09153	0.04670	0.02242	0.01121	0.00374	0.00747	0.60960	0.00747	0.00747
23	0.01152	0.00813	0.01067	0.01086	0.01151	0.00870	0.00738	0.01288	0.01269	0.01753	0.02586	0.10936	0.02802	0.37099	0.30830	0.00959	0.01339	0.01161	0.00494	0.00606
24	0.01255	0.00836	0.00941	0.00933	0.00970	0.00842	0.00554	0.03579	0.01332	0.01813	0.02673	0.09695	0.03018	0.60522	0.03613	0.00705	0.00749	0.01222	0.04198	0.00550
25	0.01128	0.00813	0.01072	0.01076	0.01238	0.00756	0.00801	0.01463	0.02120	0.02963	0.49530	0.19060	0.06995	0.01874	0.00984	0.00278	0.00426	0.05823	0.00855	0.00743
26	0.01134	0.00820	0.01053	0.01009	0.01183	0.00758	0.00740	0.01471	0.02164	0.03034	0.56101	0.09406	0.09658	0.06486	0.01178	0.00296	0.00416	0.01501	0.00853	0.00738
27	0.67060	0.01529	0.01215	0.01081	0.01552	0.01757	0.00876	0.05031	0.01491	0.03574	0.01299	0.01620	0.01055	0.04482	0.00709	0.00276	0.00638	0.00503	0.03374	0.00876
28	0.01019	0.00826	0.00877	0.00887	0.01119	0.00719	0.00659	0.01221	0.01794	0.02188	0.10055	0.07529	0.51484	0.10168	0.01341	0.00340	0.00478	0.05896	0.00729	0.00671
29	0.01944	0.01524	0.01676	0.01517	0.01923	0.01699	0.01172	0.03695	0.47848	0.07706	0.11668	0.08195	0.03333	0.01269	0.00857	0.00275	0.00599	0.01081	0.00842	0.01178
30	0.01344	0.01053	0.01259	0.01264	0.01516	0.01072	0.00999	0.02110	0.16265	0.02808	0.21683	0.11681	0.14800	0.01817	0.00976	0.00299	0.00547	0.16842	0.00807	0.00857
31	0.01131	0.00829	0.01060	0.01002	0.01201	0.00758	0.00752	0.01497	0.02255	0.03155	0.60629	0.06223	0.13082	0.01696	0.00957	0.00257	0.00385	0.01490	0.00880	0.00758
32	0.01971	0.01908	0.03313	0.09304	0.59007	0.01926	0.05675	0.02468	0.01836	0.02609	0.01527	0.02028	0.01269	0.00727	0.00812	0.00245	0.00993	0.00735	0.00399	0.01249
33	0.01683	0.01442	0.01683	0.01202	0.01923	0.01082	0.00961	0.02043	0.01683	0.02644	0.01442	0.01683	0.01202	0.00601	0.00601	0.00120	0.00601	0.00481	0.00481	0.76444
34	0.01449	0.01128	0.01517	0.01410	0.01532	0.01378	0.01107	0.04283	0.01461	0.02207	0.02090	0.05927	0.01984	0.08723	0.29993	0.00756	0.18864	0.00893	0.12522	0.00778
35	0.01057	0.00793	0.00971	0.01018	0.01179	0.00720	0.00737	0.01300	0.01875	0.02484	0.25305	0.26674	0.22618	0.05064	0.01126	0.00312	0.00454	0.04828	0.00787	0.00698
36	0.06063	0.06677	0.02583	0.02144	0.04303	0.32851	0.08470	0.05238	0.07219	0.02387	0.01631	0.05287	0.01419	0.00987	0.00991	0.00247	0.09311	0.00722	0.00475	0.00995

[dist]
# distance from previous block
# <min> <max>
4	19

[block]
# block no. 1 follows, 23 sequences, length 13
# corresponding to MSA columns:
# 166-178
name=unknown_B
#
# <colnr> <probs for GDERKNQSTAVLIFYWHMCP>
#	G	D	E	R	K	N	Q	S	T	A	V	L	I	F	Y	W	H	M	C	P
0	0.05354	0.06918	0.29377	0.02374	0.05638	0.08095	0.13530	0.07304	0.02011	0.09385	0.01660	0.01876	0.01199	0.00793	0.00786	0.00249	0.01128	0.00680	0.00475	0.01169
1	0.02586	0.04155	0.01832	0.01427	0.01919	0.01480	0.01153	0.10166	0.14867	0.29166	0.18432	0.03476	0.03380	0.01169	0.00841	0.00253	0.00635	0.00972	0.00894	0.01197
2	0.07987	0.06914	0.02379	0.04699	0.02498	0.22536	0.01520	0.26541	0.07173	0.03413	0.01650	0.01792	0.01268	0.00928	0.00861	0.00239	0.05235	0.00640	0.00595	0.01133
3	0.01513	0.00756	0.00756	0.00756	0.00945	0.00756	0.00567	0.01891	0.01702	0.03025	0.02647	0.03025	0.02080	0.00945	0.00567	0.00189	0.00378	0.00756	0.75988	0.00756
4	0.01785	0.01374	0.01651	0.01584	0.06304	0.01428	0.01137	0.17713	0.09675	0.03597	0.32475	0.06923	0.08168	0.01410	0.00897	0.00257	0.00588	0.01210	0.00817	0.01009
5	0.01009	0.00722	0.00959	0.01116	0.01181	0.00672	0.00755	0.01180	0.01647	0.02220	0.12188	0.62816	0.05654	0.02431	0.01026	0.00320	0.00460	0.02201	0.00771	0.00672
6	0.01256	0.01079	0.01659	0.05533	0.01943	0.01007	0.09731	0.01620	0.01953	0.02623	0.25256	0.13466	0.18554	0.01655	0.00953	0.00274	0.00618	0.05715	0.00715	0.04389
7	0.04798	0.01995	0.03918	0.11066	0.07080	0.02077	0.40655	0.02418	0.01747	0.02475	0.01498	0.02075	0.01175	0.00823	0.01191	0.00284	0.12427	0.00857	0.00399	0.01039
8	0.02171	0.01372	0.01613	0.01409	0.01833	0.01412	0.01119	0.06235	0.24722	0.19072	0.16569	0.04278	0.08239	0.01329	0.00878	0.00270	0.00603	0.04876	0.00873	0.01127
9	0.01895	0.26255	0.31142	0.01950	0.02776	0.02311	0.05151	0.02468	0.01664	0.04974	0.01435	0.01730	0.01142	0.01101	0.04600	0.00296	0.07037	0.00595	0.00382	0.01096
10	0.01007	0.00787	0.00899	0.00946	0.01125	0.00694	0.00672	0.01207	0.01788	0.02273	0.15014	0.26248	0.36168	0.05992	0.01157	0.00316	0.00446	0.01825	0.00759	0.00678
11	0.01178	0.00859	0.01089	0.01188	0.01313	0.00818	0.00822	0.05823	0.01728	0.02325	0.04137	0.62442	0.04867	0.02331	0.00998	0.00313	0.00508	0.02100	0.00744	0.04417
12	0.02064	0.23927	0.27047	0.04636	0.04617	0.10065	0.02077	0.06977	0.03878	0.02488	0.01546	0.01954	0.01265	0.00842	0.00713	0.00231	0.01062	0.03083	0.00421	0.01109

[dist]
# distance from previous block
# <min> <max>
0	14

[block]
# block no. 2 follows, 23 sequences, length 11
# corresponding to MSA columns:
# 193-203
name=unknown_C
#
# <colnr> <probs for GDERKNQSTAVLIFYWHMCP>
#	G	D	E	R	K	N	Q	S	T	A	V	L	I	F	Y	W	H	M	C	P
0	0.56303	0.06315	0.01560	0.06050	0.01930	0.01904	0.01045	0.07175	0.01628	0.03490	0.01308	0.01530	0.01016	0.00782	0.00554	0.00243	0.00682	0.00501	0.05060	0.00923
1	0.06753	0.01055	0.01545	0.01350	0.01644	0.00994	0.08917	0.01702	0.01985	0.05273	0.31804	0.18056	0.12422	0.01662	0.00935	0.00274	0.00561	0.01496	0.00763	0.00810
2	0.02703	0.01982	0.02078	0.01661	0.02199	0.05182	0.01346	0.41079	0.08156	0.08339	0.09549	0.02609	0.02262	0.01057	0.00810	0.00243	0.00794	0.00828	0.05886	0.01239
3	0.02395	0.07162	0.02371	0.07993	0.06592	0.09867	0.01557	0.20030	0.26822	0.03432	0.02262	0.02286	0.01709	0.00957	0.00786	0.00249	0.00881	0.00756	0.00672	0.01219
4	0.01367	0.01034	0.01189	0.01141	0.01304	0.04913	0.00831	0.01621	0.01800	0.04712	0.28638	0.05016	0.04621	0.20090	0.15322	0.00602	0.00936	0.03473	0.00669	0.00720
5	0.01720	0.01498	0.01869	0.01639	0.09377	0.01179	0.01138	0.02095	0.01702	0.02645	0.01452	0.01720	0.01211	0.00615	0.00624	0.00134	0.00643	0.00509	0.00472	0.67758
6	0.01513	0.00756	0.00756	0.00756	0.00945	0.00756	0.00567	0.01891	0.01702	0.03025	0.02647	0.03025	0.02080	0.00945	0.00567	0.00189	0.00378	0.00756	0.75988	0.00756
7	0.01003	0.00717	0.00954	0.01120	0.01180	0.00669	0.00754	0.01166	0.01620	0.02177	0.09949	0.65177	0.05571	0.02464	0.01029	0.00323	0.00463	0.02232	0.00766	0.00669
8	0.01858	0.01804	0.03331	0.28025	0.13973	0.01906	0.23908	0.02580	0.07110	0.04819	0.01746	0.02243	0.01317	0.00784	0.00863	0.00267	0.01114	0.00825	0.00447	0.01078
9	0.01690	0.00942	0.01251	0.01123	0.01401	0.00852	0.00860	0.02038	0.02244	0.17334	0.47176	0.10447	0.06220	0.01583	0.00932	0.00260	0.00458	0.01389	0.00907	0.00894
10	0.01419	0.01105	0.01263	0.01272	0.01460	0.01187	0.00906	0.02295	0.23758	0.02429	0.03554	0.26308	0.03682	0.19882	0.01769	0.00432	0.00630	0.05098	0.00711	0.00841

[dist]
# distance from previous block
# <min> <max>
6	12

[block]
# block no. 3 follows, 23 sequences, length 14
# corresponding to MSA columns:
# 218-231
name=unknown_D
#
# <colnr> <probs for GDERKNQSTAVLIFYWHMCP>
#	G	D	E	R	K	N	Q	S	T	A	V	L	I	F	Y	W	H	M	C	P
0	0.05478	0.05053	0.11648	0.19146	0.10318	0.02030	0.24538	0.07196	0.01923	0.02690	0.01537	0.02008	0.01162	0.00756	0.00832	0.00260	0.01144	0.00768	0.00422	0.01090
1	0.07834	0.02349	0.14799	0.10016	0.17248	0.02047	0.06757	0.16114	0.09126	0.03267	0.01770	0.02030	0.01331	0.00838	0.00791	0.00255	0.00975	0.00719	0.00531	0.01203
2	0.06364	0.01242	0.01615	0.01331	0.01805	0.01129	0.01062	0.05223	0.02220	0.42835	0.13043	0.12627	0.03280	0.01307	0.00853	0.00262	0.00616	0.01103	0.00921	0.01161
3	0.01288	0.01059	0.01601	0.12512	0.02130	0.01126	0.05878	0.01562	0.01661	0.02270	0.18357	0.16794	0.04018	0.19848	0.01881	0.00418	0.04923	0.01341	0.00604	0.00729
4	0.00989	0.00706	0.00942	0.01130	0.01177	0.00659	0.00753	0.01130	0.01554	0.02071	0.04472	0.70954	0.05367	0.02542	0.01036	0.00330	0.00471	0.02307	0.00753	0.00659
5	0.01701	0.01684	0.02541	0.12088	0.02730	0.02241	0.05953	0.01975	0.01349	0.02009	0.01246	0.01970	0.01154	0.01644	0.07381	0.00411	0.49927	0.00741	0.00366	0.00891
6	0.01184	0.00894	0.01241	0.01244	0.01329	0.01018	0.00912	0.01376	0.01310	0.01847	0.02535	0.14104	0.02685	0.20104	0.38218	0.00963	0.06720	0.01152	0.00491	0.00674
7	0.02337	0.51513	0.03756	0.01848	0.07750	0.16833	0.01522	0.02606	0.01803	0.01990	0.01189	0.01397	0.01063	0.00727	0.00590	0.00187	0.01002	0.00478	0.00367	0.01041
8	0.01679	0.10627	0.61300	0.02225	0.03376	0.02010	0.02845	0.02556	0.01707	0.02507	0.01425	0.01674	0.01029	0.00764	0.00747	0.00249	0.01168	0.00584	0.00343	0.01184
9	0.07754	0.21943	0.30720	0.01746	0.02600	0.02063	0.01974	0.02649	0.01801	0.12012	0.06113	0.02029	0.01628	0.00845	0.00702	0.00233	0.00933	0.00635	0.00492	0.01128
10	0.02699	0.01651	0.01930	0.01558	0.02072	0.01719	0.01259	0.28482	0.07593	0.21305	0.11093	0.06246	0.02701	0.01411	0.04154	0.00306	0.00793	0.00951	0.00855	0.01223
11	0.01113	0.00820	0.01017	0.00979	0.01163	0.00750	0.00716	0.01423	0.02095	0.02882	0.48276	0.08794	0.17122	0.07813	0.01235	0.00307	0.00426	0.01517	0.00829	0.00724
12	0.01724	0.13087	0.02132	0.01574	0.01876	0.15314	0.06965	0.01943	0.01728	0.02034	0.02777	0.29634	0.03089	0.09160	0.01219	0.00325	0.00870	0.03186	0.00556	0.00806
13	0.01272	0.01013	0.01488	0.04734	0.01774	0.00998	0.06822	0.06190	0.01768	0.02346	0.03973	0.50201	0.07346	0.04643	0.01109	0.00329	0.00627	0.01908	0.00697	0.00764

[dist]
# distance from previous block
# <min> <max>
0	14

[block]
# block no. 4 follows, 23 sequences, length 22
# corresponding to MSA columns:
# 246-263,265-268
name=unknown_E
#
# <colnr> <probs for GDERKNQSTAVLIFYWHMCP>
#	G	D	E	R	K	N	Q	S	T	A	V	L	I	F	Y	W	H	M	C	P
0	0.02103	0.01945	0.03114	0.04471	0.56245	0.01986	0.02321	0.07974	0.06522	0.02919	0.01690	0.02076	0.01379	0.00772	0.00806	0.00244	0.00935	0.00738	0.00468	0.01294
1	0.01910	0.01249	0.01176	0.01054	0.01346	0.05552	0.00818	0.13665	0.02141	0.03351	0.02423	0.02718	0.01879	0.00944	0.00624	0.00201	0.00547	0.00736	0.56781	0.00886
2	0.01722	0.01987	0.08125	0.09200	0.03594	0.01833	0.36168	0.02393	0.04987	0.02563	0.07479	0.07318	0.02105	0.00987	0.01042	0.00280	0.05683	0.01030	0.00484	0.01020
3	0.01430	0.01259	0.02153	0.15440	0.02870	0.01303	0.13468	0.01912	0.03580	0.02385	0.05400	0.16874	0.03447	0.01651	0.00998	0.00319	0.00871	0.23181	0.00613	0.00846
4	0.05475	0.31737	0.13575	0.01776	0.02458	0.22273	0.01695	0.08052	0.02032	0.02390	0.01291	0.01474	0.01063	0.00776	0.00649	0.00207	0.01091	0.00513	0.00414	0.01060
5	0.07112	0.01777	0.05173	0.24859	0.26581	0.01867	0.05198	0.02329	0.01707	0.05034	0.01702	0.02191	0.03128	0.00866	0.00959	0.00265	0.07017	0.00742	0.00424	0.01071
6	0.02395	0.09241	0.12935	0.02511	0.17522	0.02048	0.01878	0.15498	0.10139	0.11890	0.02007	0.02095	0.01483	0.00860	0.00768	0.00238	0.00885	0.00703	0.00609	0.04294
7	0.07095	0.16906	0.34966	0.01797	0.02669	0.01941	0.02069	0.02589	0.01815	0.10547	0.08479	0.02198	0.01850	0.00878	0.00728	0.00239	0.00944	0.00675	0.00495	0.01122
8	0.01140	0.00905	0.01396	0.05687	0.01749	0.00878	0.06070	0.01396	0.01697	0.02280	0.11365	0.49067	0.04979	0.02153	0.01011	0.00315	0.00592	0.05874	0.00716	0.00729
9	0.01487	0.02004	0.16778	0.02077	0.02624	0.01495	0.18053	0.02005	0.01802	0.02508	0.11607	0.14122	0.07076	0.01384	0.01088	0.00290	0.06952	0.05156	0.00556	0.00936
10	0.06002	0.32791	0.17177	0.01846	0.05098	0.02442	0.04098	0.07002	0.04727	0.09425	0.01610	0.01732	0.01239	0.00785	0.00667	0.00220	0.00923	0.00585	0.00483	0.01150
11	0.01642	0.08628	0.55910	0.02196	0.03274	0.01903	0.04890	0.02487	0.01758	0.02573	0.06044	0.02012	0.01509	0.00826	0.00773	0.00252	0.01124	0.00663	0.00385	0.01153
12	0.02188	0.01094	0.01440	0.01220	0.01599	0.00996	0.00961	0.02634	0.05304	0.28776	0.37855	0.04595	0.05147	0.01370	0.00894	0.00255	0.00518	0.01180	0.00934	0.01037
13	0.01794	0.02116	0.09059	0.10258	0.13870	0.01884	0.37715	0.02410	0.01829	0.02509	0.01810	0.07509	0.01532	0.00856	0.00909	0.00271	0.01191	0.00973	0.00425	0.01079
14	0.02046	0.02334	0.07540	0.17411	0.27359	0.13195	0.09040	0.02664	0.05895	0.02453	0.01583	0.02012	0.01254	0.00784	0.00809	0.00249	0.01115	0.00718	0.00420	0.01119
15	0.01068	0.00830	0.00973	0.00948	0.01178	0.00735	0.00719	0.01368	0.02074	0.02732	0.36903	0.06991	0.34443	0.01865	0.00965	0.00269	0.00410	0.03980	0.00823	0.00728
16	0.01902	0.02101	0.08758	0.08356	0.45011	0.04210	0.07447	0.02411	0.01823	0.02538	0.01721	0.06813	0.01522	0.00861	0.00828	0.00252	0.01009	0.00835	0.00420	0.01181
17	0.02283	0.09529	0.02972	0.16804	0.14881	0.13814	0.08312	0.13268	0.05362	0.02795	0.01593	0.01931	0.01245	0.00817	0.00782	0.00240	0.01080	0.00693	0.00484	0.01115
18	0.02186	0.01775	0.02082	0.03863	0.05400	0.07498	0.05714	0.18721	0.10333	0.05926	0.04021	0.02847	0.04437	0.06890	0.05649	0.09200	0.00963	0.00855	0.00623	0.01017
19	0.00996	0.00712	0.00948	0.01125	0.01179	0.00664	0.00754	0.01149	0.01588	0.02126	0.07337	0.67932	0.05473	0.02501	0.01032	0.00326	0.00467	0.02268	0.00760	0.00664
20	0.01959	0.36079	0.07134	0.01431	0.01961	0.02278	0.01339	0.02431	0.07206	0.06392	0.02260	0.09781	0.04695	0.01089	0.00813	0.00229	0.05599	0.00818	0.05499	0.01007
21	0.12392	0.07156	0.08783	0.04040	0.09676	0.06204	0.01601	0.14714	0.10100	0.07797	0.03523	0.02058	0.01546	0.00872	0.00730	0.00235	0.00857	0.00674	0.00599	0.06442

[dist]
# distance from previous block
# <min> <max>
0	1

[block]
# block no. 5 follows, 23 sequences, length 11
# corresponding to MSA columns:
# 270-278,294,295
name=unknown_F
#
# <colnr> <probs for GDERKNQSTAVLIFYWHMCP>
#	G	D	E	R	K	N	Q	S	T	A	V	L	I	F	Y	W	H	M	C	P
0	0.01512	0.01607	0.07874	0.08554	0.02668	0.01483	0.14749	0.05235	0.01763	0.02405	0.02808	0.28841	0.02982	0.01602	0.01135	0.00306	0.08006	0.05011	0.00568	0.00891
1	0.50520	0.07838	0.01776	0.04721	0.06597	0.08755	0.01171	0.02430	0.01587	0.03157	0.04208	0.01643	0.01265	0.00799	0.00585	0.00240	0.00769	0.00529	0.00484	0.00924
2	0.10831	0.02659	0.15793	0.05584	0.02883	0.12452	0.09193	0.17491	0.02362	0.06236	0.05512	0.02079	0.01573	0.00885	0.00782	0.00248	0.01043	0.00713	0.00560	0.01120
3	0.02434	0.01953	0.03899	0.01581	0.02088	0.11113	0.01278	0.15242	0.12850	0.14524	0.06795	0.08617	0.05198	0.01168	0.00819	0.00244	0.00791	0.00947	0.00746	0.07714
4	0.01877	0.01376	0.01549	0.01380	0.01689	0.01457	0.01048	0.24663	0.05037	0.03263	0.06809	0.18888	0.06742	0.14852	0.01526	0.00377	0.00704	0.05091	0.00736	0.00935
5	0.02383	0.01889	0.02543	0.13719	0.07129	0.02042	0.08029	0.29335	0.07500	0.06323	0.02118	0.04890	0.01676	0.01002	0.00840	0.00258	0.00921	0.03007	0.00660	0.03736
6	0.01513	0.00756	0.00756	0.00756	0.00945	0.00756	0.00567	0.01891	0.01702	0.03025	0.02647	0.03025	0.02080	0.00945	0.00567	0.00189	0.00378	0.00756	0.75988	0.00756
7	0.01249	0.01009	0.01381	0.08298	0.01747	0.01165	0.01036	0.01428	0.01386	0.01894	0.02935	0.19774	0.06691	0.21383	0.13510	0.00613	0.11985	0.01304	0.00525	0.00688
8	0.02058	0.01496	0.01690	0.01433	0.01852	0.01561	0.01107	0.18870	0.15672	0.07110	0.04394	0.10062	0.04169	0.08730	0.03999	0.03317	0.00756	0.01007	0.00715	0.10002
9	0.10091	0.32297	0.08483	0.07426	0.02578	0.02630	0.01590	0.20616	0.02268	0.03109	0.01426	0.01604	0.01127	0.00800	0.00651	0.00218	0.00896	0.00561	0.00502	0.01126
10	0.05169	0.05452	0.02295	0.07415	0.02483	0.01521	0.10165	0.02241	0.01792	0.09184	0.07547	0.04937	0.02317	0.01096	0.00978	0.00246	0.07231	0.07932	0.00570	0.19429

[dist]
# distance from previous block
# <min> <max>
0	1

[block]
# block no. 6 follows, 23 sequences, length 54
# corresponding to MSA columns:
# 297-311,316-326,329-356
name=unknown_G
#
# <colnr> <probs for GDERKNQSTAVLIFYWHMCP>
#	G	D	E	R	K	N	Q	S	T	A	V	L	I	F	Y	W	H	M	C	P
0	0.09234	0.08025	0.05655	0.24490	0.16370	0.04287	0.04766	0.07362	0.01887	0.04246	0.01489	0.01902	0.01157	0.00777	0.00745	0.00240	0.00975	0.00657	0.00444	0.05290
1	0.01646	0.01742	0.05361	0.02044	0.02265	0.04649	0.09439	0.01959	0.01412	0.02043	0.01509	0.02252	0.01384	0.02725	0.22703	0.00630	0.34189	0.00778	0.00389	0.00880
2	0.01719	0.01445	0.01681	0.01233	0.01913	0.01135	0.00981	0.05287	0.01789	0.02744	0.01639	0.05573	0.01444	0.00729	0.00637	0.00138	0.00609	0.00596	0.00514	0.68193
3	0.07719	0.08589	0.21050	0.15234	0.13782	0.09571	0.02193	0.05915	0.01856	0.02571	0.01405	0.01769	0.01093	0.00802	0.00801	0.00246	0.03290	0.00619	0.00403	0.01090
4	0.02030	0.41606	0.12599	0.01728	0.02314	0.02810	0.01720	0.04848	0.01643	0.02145	0.01192	0.01507	0.01059	0.00902	0.01116	0.00235	0.18599	0.00540	0.00368	0.01038
5	0.06058	0.01211	0.01564	0.01286	0.01743	0.01110	0.01030	0.03035	0.05365	0.38172	0.25530	0.03886	0.03996	0.01231	0.00852	0.00254	0.00575	0.01036	0.00933	0.01133
6	0.00986	0.00823	0.00860	0.00850	0.01113	0.00697	0.00638	0.01217	0.01914	0.02344	0.16500	0.07559	0.57717	0.01998	0.00959	0.00271	0.00407	0.01677	0.00774	0.00697
7	0.01053	0.00726	0.00961	0.01120	0.01186	0.00684	0.00769	0.01212	0.01598	0.02176	0.07553	0.58839	0.05154	0.02411	0.01086	0.02973	0.00482	0.04843	0.04510	0.00663
8	0.04520	0.02172	0.05310	0.09541	0.14066	0.12211	0.01741	0.13316	0.07100	0.02817	0.01728	0.02255	0.01448	0.06828	0.03426	0.00335	0.08879	0.00734	0.00509	0.01064
9	0.01635	0.01547	0.02619	0.55625	0.18696	0.01830	0.02304	0.02163	0.01671	0.02198	0.01460	0.02130	0.01126	0.00792	0.00810	0.00264	0.01056	0.00722	0.00369	0.00984
10	0.01894	0.01811	0.03087	0.20481	0.51814	0.01898	0.02433	0.02390	0.01794	0.02512	0.01506	0.02046	0.01236	0.00744	0.00805	0.00248	0.00992	0.00723	0.00392	0.01193
11	0.01192	0.00917	0.01367	0.01348	0.01485	0.01092	0.01055	0.01476	0.01301	0.01887	0.02115	0.03113	0.01977	0.05838	0.64787	0.01254	0.05771	0.00861	0.00430	0.00733
12	0.02197	0.13828	0.02318	0.01662	0.02165	0.09067	0.01343	0.06619	0.45008	0.03078	0.02662	0.02525	0.02037	0.00999	0.00764	0.00250	0.00776	0.00787	0.00702	0.01212
13	0.07915	0.01016	0.01279	0.06583	0.01705	0.01088	0.00992	0.06434	0.01693	0.02423	0.03453	0.47829	0.03952	0.02082	0.01117	0.03441	0.03825	0.01751	0.00670	0.00754
14	0.07990	0.01692	0.05545	0.26884	0.05219	0.01723	0.06592	0.11349	0.01954	0.07952	0.01650	0.02102	0.01244	0.01062	0.01068	0.09342	0.00944	0.00707	0.00500	0.04480
15	0.01366	0.01279	0.04766	0.17640	0.10460	0.01240	0.01490	0.01832	0.04668	0.02420	0.11585	0.24001	0.05879	0.01604	0.00926	0.00291	0.00725	0.06336	0.00621	0.00869
16	0.02891	0.01327	0.01719	0.01384	0.01897	0.01229	0.01118	0.06155	0.08083	0.43640	0.17671	0.03512	0.03328	0.01163	0.00849	0.00254	0.00624	0.00972	0.00954	0.01230
17	0.01113	0.00738	0.00986	0.01145	0.01219	0.00684	0.00774	0.01262	0.01589	0.05104	0.04413	0.67768	0.05210	0.02470	0.01025	0.00326	0.00481	0.02237	0.00765	0.00693
18	0.01572	0.01321	0.02148	0.01764	0.02035	0.01374	0.15910	0.07014	0.01631	0.02224	0.02227	0.11188	0.02281	0.21362	0.07946	0.09002	0.06631	0.01102	0.00499	0.00770
19	0.17233	0.01259	0.01379	0.01178	0.01596	0.01296	0.00946	0.07538	0.04140	0.21416	0.02432	0.02540	0.01775	0.01353	0.06207	0.00318	0.00714	0.00723	0.24934	0.01023
20	0.01046	0.00747	0.01007	0.01195	0.01267	0.00708	0.00853	0.01229	0.01610	0.02135	0.04441	0.59873	0.05242	0.02488	0.01051	0.00337	0.00520	0.12823	0.00752	0.00675
21	0.01050	0.00723	0.00940	0.01086	0.01160	0.00678	0.00738	0.01236	0.01640	0.02272	0.10424	0.58573	0.05307	0.02315	0.00987	0.00310	0.00454	0.02088	0.07340	0.00678
22	0.01409	0.00705	0.01057	0.01057	0.01057	0.00705	0.00705	0.01057	0.01057	0.01409	0.01409	0.02467	0.01409	0.02819	0.03171	0.76392	0.00705	0.00705	0.00352	0.00352
23	0.01805	0.01515	0.01748	0.01260	0.01975	0.01207	0.01012	0.07431	0.01869	0.02860	0.01486	0.01706	0.01217	0.00634	0.00619	0.00131	0.00626	0.00503	0.00510	0.69886
24	0.08376	0.01565	0.01622	0.01349	0.01785	0.01711	0.01083	0.28747	0.08136	0.04016	0.04885	0.02548	0.01945	0.00985	0.00706	0.00228	0.00643	0.00763	0.27825	0.01081
25	0.01003	0.00721	0.00956	0.01138	0.01199	0.00674	0.00776	0.01158	0.01579	0.02093	0.04587	0.65814	0.07338	0.02511	0.01037	0.00330	0.00482	0.05186	0.00753	0.00664
26	0.01239	0.00892	0.01225	0.01402	0.01571	0.00877	0.01184	0.01567	0.01816	0.02359	0.04518	0.19036	0.07817	0.02281	0.01099	0.00362	0.00686	0.48589	0.00748	0.00730
27	0.00989	0.00706	0.00942	0.01130	0.01177	0.00659	0.00753	0.01130	0.01554	0.02071	0.04472	0.70954	0.05367	0.02542	0.01036	0.00330	0.00471	0.02307	0.00753	0.00659
28	0.30287	0.01289	0.01296	0.01147	0.01526	0.01358	0.00891	0.07353	0.01867	0.12041	0.11193	0.09064	0.05664	0.08470	0.01079	0.00313	0.00611	0.00964	0.02684	0.00904
29	0.71237	0.01554	0.01249	0.01098	0.01610	0.01769	0.00904	0.02513	0.01457	0.08787	0.01298	0.01435	0.00971	0.00774	0.00528	0.00251	0.00633	0.00470	0.00543	0.00920
30	0.77215	0.01569	0.01193	0.01067	0.01569	0.01820	0.00879	0.02385	0.01381	0.03641	0.01130	0.01318	0.00879	0.00753	0.00502	0.00251	0.00628	0.00439	0.00502	0.00879
31	0.06892	0.01298	0.01643	0.01317	0.01829	0.01192	0.01069	0.06921	0.02308	0.43040	0.13625	0.03445	0.06053	0.01147	0.00818	0.00250	0.00620	0.00940	0.04405	0.01189
32	0.01328	0.00887	0.01132	0.01206	0.01346	0.00857	0.00847	0.06776	0.01831	0.06028	0.07259	0.57863	0.04945	0.02275	0.01000	0.00314	0.00516	0.02044	0.00779	0.00768
33	0.00999	0.00726	0.00943	0.01094	0.01173	0.00670	0.00742	0.01165	0.01640	0.02178	0.09798	0.60164	0.10858	0.02428	0.01023	0.00319	0.00458	0.02187	0.00765	0.00670
34	0.01148	0.00829	0.01085	0.01021	0.01212	0.00766	0.00766	0.01531	0.02297	0.03254	0.65994	0.06061	0.07656	0.01659	0.00957	0.00255	0.00383	0.01467	0.00893	0.00766
35	0.54019	0.01474	0.01299	0.01125	0.01609	0.01633	0.00919	0.05533	0.01692	0.11704	0.04597	0.01904	0.01469	0.00855	0.00584	0.00245	0.00616	0.00577	0.07194	0.00951
36	0.01015	0.00725	0.00971	0.01159	0.01218	0.00681	0.00798	0.01175	0.01579	0.02100	0.04458	0.65932	0.05310	0.02518	0.01043	0.00333	0.00493	0.07072	0.00753	0.00666
37	0.01148	0.00829	0.01085	0.01021	0.01212	0.00766	0.00766	0.01531	0.02297	0.03254	0.65994	0.06061	0.07656	0.01659	0.00957	0.00255	0.00383	0.01467	0.00893	0.00766
38	0.01912	0.01800	0.03043	0.07556	0.56751	0.01816	0.02354	0.02385	0.01840	0.02601	0.01817	0.02776	0.01636	0.00889	0.00837	0.00256	0.00946	0.07137	0.00437	0.01210
39	0.01020	0.00729	0.00976	0.01155	0.01219	0.00685	0.00798	0.01188	0.01605	0.02142	0.06612	0.63705	0.05391	0.02487	0.01040	0.00330	0.00490	0.07000	0.00758	0.00670
40	0.02182	0.02086	0.01910	0.01722	0.02174	0.12713	0.01330	0.04139	0.54835	0.03167	0.02972	0.02775	0.02246	0.01058	0.00810	0.00265	0.00775	0.00854	0.00760	0.01229
41	0.01915	0.02189	0.04788	0.03420	0.04241	0.02052	0.63475	0.02599	0.01915	0.02599	0.01642	0.02189	0.01231	0.00684	0.00958	0.00274	0.01368	0.00958	0.00410	0.01094
42	0.06393	0.01074	0.01398	0.12669	0.02002	0.01265	0.01100	0.01813	0.01485	0.02429	0.01994	0.02719	0.01702	0.05596	0.11087	0.04687	0.09955	0.00760	0.29109	0.00765
43	0.00989	0.00706	0.00942	0.01130	0.01177	0.00659	0.00753	0.01130	0.01554	0.02071	0.04472	0.70954	0.05367	0.02542	0.01036	0.00330	0.00471	0.02307	0.00753	0.00659
44	0.07687	0.01505	0.01915	0.01476	0.02100	0.01396	0.01220	0.11474	0.02460	0.55564	0.02926	0.02577	0.01865	0.00986	0.00798	0.00250	0.00713	0.00784	0.00952	0.01353
45	0.01673	0.01659	0.02619	0.18702	0.03146	0.02123	0.08983	0.02003	0.01462	0.02104	0.03425	0.05513	0.01510	0.01249	0.01876	0.00320	0.39486	0.00845	0.00400	0.00900
46	0.01032	0.00744	0.00987	0.01165	0.01243	0.00699	0.00824	0.01209	0.01613	0.02128	0.04648	0.58902	0.08513	0.02474	0.01044	0.00333	0.00506	0.10511	0.00752	0.00673
47	0.02498	0.01591	0.01716	0.01386	0.01849	0.01702	0.01122	0.34028	0.02845	0.09302	0.02331	0.02447	0.01712	0.00965	0.00714	0.00222	0.00670	0.00748	0.31022	0.01130
48	0.02662	0.01809	0.01978	0.01656	0.02149	0.05336	0.01330	0.22595	0.16734	0.18674	0.02820	0.08736	0.02258	0.01216	0.00904	0.00268	0.02936	0.03895	0.00817	0.01226
49	0.10431	0.05666	0.46382	0.11766	0.03509	0.03869	0.02552	0.02492	0.01677	0.02584	0.01400	0.01711	0.01019	0.00774	0.00736	0.00254	0.01113	0.00591	0.00366	0.01107
50	0.01412	0.00914	0.01154	0.01149	0.01375	0.00847	0.00876	0.03772	0.02005	0.09227	0.21404	0.24482	0.16626	0.01964	0.00981	0.00294	0.00509	0.09387	0.00818	0.00803
51	0.15551	0.07151	0.07374	0.03470	0.01920	0.01635	0.01181	0.11771	0.05357	0.03221	0.02418	0.02574	0.07008	0.00952	0.00666	0.00222	0.00671	0.00723	0.19024	0.07113
52	0.09280	0.01995	0.02140	0.05179	0.04320	0.11136	0.04645	0.18695	0.05386	0.17530	0.04526	0.02565	0.03992	0.03878	0.00929	0.00269	0.00891	0.00793	0.00704	0.01146
53	0.05393	0.09532	0.26107	0.08752	0.05875	0.01760	0.04569	0.02472	0.01776	0.09941	0.04172	0.02746	0.01774	0.01275	0.04952	0.00324	0.01056	0.05953	0.00495	0.01075

[dist]
# distance from previous block
# <min> <max>
0	17

[block]
# block no. 7 follows, 23 sequences, length 16
# corresponding to MSA columns:
# 374-389
name=unknown_H
#
# <colnr> <probs for GDERKNQSTAVLIFYWHMCP>
#	G	D	E	R	K	N	Q	S	T	A	V	L	I	F	Y	W	H	M	C	P
0	0.01858	0.02779	0.22182	0.10089	0.04075	0.05867	0.36079	0.02572	0.01849	0.02499	0.01545	0.02008	0.01146	0.00731	0.00876	0.00265	0.01295	0.00805	0.00386	0.01095
1	0.52212	0.01772	0.01573	0.01322	0.01862	0.02023	0.01086	0.19256	0.06069	0.04027	0.01491	0.01598	0.01117	0.00836	0.00607	0.00251	0.00701	0.00549	0.00607	0.01041
2	0.01968	0.02181	0.12191	0.10754	0.49251	0.01883	0.02491	0.02515	0.01824	0.04954	0.01570	0.02009	0.01256	0.00749	0.00800	0.00246	0.00999	0.00709	0.00412	0.01239
3	0.01137	0.01284	0.10467	0.01363	0.01626	0.00910	0.03714	0.01419	0.01603	0.02154	0.04124	0.46726	0.09660	0.06532	0.01187	0.00342	0.00635	0.03704	0.00664	0.00748
4	0.01251	0.01013	0.01536	0.10992	0.02071	0.01222	0.01234	0.01558	0.01360	0.01928	0.02126	0.07224	0.02028	0.04739	0.49172	0.01020	0.07403	0.00927	0.00438	0.00759
5	0.01776	0.01791	0.03278	0.30781	0.15806	0.01941	0.21072	0.02448	0.05747	0.02419	0.01623	0.02184	0.01252	0.00797	0.00923	0.00269	0.03622	0.00806	0.00413	0.01054
6	0.01135	0.00961	0.03200	0.10810	0.01895	0.00889	0.01031	0.01369	0.01580	0.02130	0.05728	0.50130	0.04370	0.05628	0.01129	0.00329	0.00599	0.01853	0.00663	0.04571
7	0.01054	0.00748	0.00993	0.01158	0.01225	0.00711	0.00811	0.01223	0.01589	0.02116	0.06091	0.55016	0.05140	0.08056	0.01296	0.00371	0.00533	0.10471	0.00735	0.00661
8	0.05058	0.01687	0.02815	0.28082	0.08019	0.01748	0.16353	0.05831	0.01823	0.02576	0.01510	0.02025	0.01170	0.00789	0.00846	0.02009	0.01010	0.00719	0.00431	0.15499
9	0.13959	0.01249	0.01701	0.22094	0.06774	0.01372	0.01360	0.02227	0.01624	0.11593	0.01856	0.02303	0.01421	0.01155	0.01080	0.11912	0.00763	0.00693	0.13983	0.00880
10	0.02669	0.01882	0.02357	0.23348	0.03432	0.02102	0.01719	0.35656	0.02906	0.12880	0.01964	0.02132	0.01374	0.00927	0.00812	0.00253	0.00924	0.00740	0.00695	0.01228
11	0.14508	0.01850	0.01968	0.01540	0.02143	0.01933	0.01255	0.34459	0.02784	0.08140	0.01947	0.05903	0.01540	0.00960	0.00735	0.00226	0.00756	0.00734	0.00707	0.15913
12	0.13875	0.01334	0.01567	0.08684	0.02105	0.01446	0.01169	0.07453	0.12879	0.09250	0.15501	0.07832	0.03266	0.01361	0.00949	0.04150	0.00658	0.04834	0.00720	0.00968
13	0.13368	0.01783	0.06610	0.01965	0.02506	0.01650	0.18442	0.12979	0.02045	0.03055	0.02405	0.21588	0.02370	0.01279	0.00857	0.00273	0.00871	0.01180	0.00592	0.04184
14	0.12996	0.01866	0.02160	0.07149	0.02552	0.01973	0.04517	0.27642	0.08521	0.05272	0.01831	0.01956	0.01360	0.00853	0.00735	0.00227	0.00808	0.00670	0.00650	0.16262
15	0.02369	0.02071	0.02259	0.01756	0.02363	0.11117	0.06322	0.16683	0.07006	0.07274	0.01780	0.01928	0.01363	0.00831	0.00832	0.00205	0.04401	0.00648	0.00595	0.28197

[dist]
# distance from previous block
# <min> <max>
0	9

# created by:
# /st0/software/busco_prod/Augustus/scripts/msa2prfl.pl ./align_prep/99836.fa
